name	taxonomy_id	taxonomy_lvl	kraken_assigned_reads	added_reads	new_est_reads	fraction_total_reads
Paenibacillus larvae	1464	S	8	1218	1226	0.0169827264
Oscillatoria nigro-viridis	482564	S	913	62	975	0.0135058387
Klebsiella pneumoniae	573	S	345	593	938	0.0129933094
Xanthomonas euvesicatoria	456327	S	13	791	804	0.0111371224
Aliarcobacter cryaerophilus	28198	S	639	58	697	0.0096549431
Pseudomonas sp. CMR12a	658629	S	450	113	563	0.0077987561
Streptomyces lividans	1916	S	23	520	543	0.0075217132
Candidatus Planktophila sulfonica	1884904	S	448	36	484	0.0067044368
Phocaeicola vulgatus	821	S	344	135	479	0.0066351761
Stenotrophomonas maltophilia	40324	S	356	114	470	0.0065105068
Lacunisphaera limnophila	1838286	S	335	23	358	0.0049590669
Cutibacterium acnes	1747	S	324	30	354	0.0049036584
Polynucleobacter necessarius	576610	S	322	13	335	0.0046404676
Duganella sp. AF9R3	2728021	S	256	44	300	0.0041556427
Variovorax paradoxus	34073	S	215	76	291	0.0040309734
Acinetobacter baumannii	470	S	60	219	279	0.0038647477
Acidovorax sp. T1	1858609	S	88	187	275	0.0038093391
Sphaerotilus natans	34103	S	213	55	268	0.0037123741
Lactococcus lactis	1358	S	44	219	263	0.0036431134
Limnohabitans sp. 103DPR2	1678129	S	240	15	255	0.0035322963
Pseudomonas oryzihabitans	47885	S	231	23	254	0.0035184441
Acidovorax carolinensis	553814	S	143	96	239	0.0033106620
Pseudomonas aeruginosa	287	S	62	176	238	0.0032968099
Limnohabitans sp. 63ED37-2	1678128	S	216	18	234	0.0032414013
Acidovorax sp. JS42	232721	S	11	219	230	0.0031859927
Curvibacter sp. AEP1-3	1844971	S	219	9	228	0.0031582884
Escherichia coli	562	S	48	165	213	0.0029505063
Polaromonas naphthalenivorans	216465	S	185	20	205	0.0028396892
Burkholderia pseudomallei	28450	S	22	183	205	0.0028396892
Rhodoferax sediminis	2509614	S	180	19	199	0.0027565763
Faecalibacterium prausnitzii	853	S	161	38	199	0.0027565763
Acidovorax sp. KKS102	358220	S	134	58	192	0.0026596113
Acinetobacter johnsonii	40214	S	128	63	191	0.0026457592
Flavobacterium sangjuense	2518177	S	181	9	190	0.0026319070
Bacteroides uniformis	820	S	121	68	189	0.0026180549
Ralstonia solanacearum	305	S	123	65	188	0.0026042027
Leptothrix cholodnii	34029	S	151	35	186	0.0025764985
Comamonas testosteroni	285	S	91	91	182	0.0025210899
Diaphorobacter sp. JS3051	2792224	S	9	172	181	0.0025072377
Pseudomonas fluorescens	294	S	128	51	179	0.0024795335
Rhodoferax saidenbachensis	1484693	S	156	18	174	0.0024102727
Flavobacterium johnsoniae	986	S	125	45	170	0.0023548642
Prevotella copri	165179	S	139	30	169	0.0023410120
Blautia sp. SC05B48	2479767	S	102	58	160	0.0022163428
Ramlibacter tataouinensis	94132	S	139	17	156	0.0021609342
Acidovorax sp. 1608163	2478662	S	136	18	154	0.0021332299
Halomonas sp. JS92-SW72	2306583	S	125	28	153	0.0021193778
Flavobacterium sp. MDT1-60	1979344	S	130	22	152	0.0021055256
Phocaeicola dorei	357276	S	118	34	152	0.0021055256
Rhizobacter sp. AJA081-3	2753607	S	127	24	151	0.0020916735
Flavobacterium nackdongense	2547394	S	143	8	151	0.0020916735
Polynucleobacter duraquae	1835254	S	140	10	150	0.0020778213
Acinetobacter lwoffii	28090	S	65	83	148	0.0020501171
Sphingomonas sp. PAMC26645	2565555	S	127	19	146	0.0020224128
Rhodoferax sp. AJA081-3	2752316	S	134	11	145	0.0020085606
Limnoglobus roseus	2598579	S	136	5	141	0.0019531521
Rhizobacter gummiphilus	946333	S	122	18	140	0.0019392999
Flavobacterium sp. M31R6	2739062	S	125	15	140	0.0019392999
Delftia sp. KV29	1170710	S	2	137	139	0.0019254478
Acidovorax avenae	80867	S	91	47	138	0.0019115956
Janthinobacterium agaricidamnosum	55508	S	99	39	138	0.0019115956
Hydrogenophaga sp. PBL-H3	434010	S	78	59	137	0.0018977435
Aquaspirillum sp. LM1	1938604	S	122	7	129	0.0017869263
Flavobacterium sp. KBS0721	1179672	S	98	30	128	0.0017730742
Bacteroides thetaiotaomicron	818	S	90	37	127	0.0017592221
Aeromonas media	651	S	85	40	125	0.0017315178
Sorangium cellulosum	56	S	119	6	125	0.0017315178
Bradyrhizobium diazoefficiens	1355477	S	54	70	124	0.0017176656
Rubrivivax gelatinosus	28068	S	101	22	123	0.0017038135
Vitreoscilla filiformis	63	S	108	14	122	0.0016899614
Candidatus Planktophila dulcis	1884914	S	113	9	122	0.0016899614
Anaerobutyricum hallii	39488	S	94	28	122	0.0016899614
Kinneretia sp. DAIF2	2714952	S	102	19	121	0.0016761092
Flavobacterium psychrophilum	96345	S	102	18	120	0.0016622571
Alicycliphilus denitrificans	179636	S	54	65	119	0.0016484049
Acidovorax sp. JMULE5	2518343	S	100	17	117	0.0016207006
Paucibacter sp. KCTC 42545	1768242	S	98	15	113	0.0015652921
Pseudomonas putida	303	S	71	42	113	0.0015652921
Bacteroides ovatus	28116	S	72	41	113	0.0015652921
Variovorax sp. WDL1	207745	S	53	58	111	0.0015375878
Sphingomonas melonis	152682	S	29	81	110	0.0015237356
Achromobacter xylosoxidans	85698	S	55	54	109	0.0015098835
Anaerostipes hadrus	649756	S	87	22	109	0.0015098835
Rhodoferax koreense	1842727	S	74	33	107	0.0014821792
Flavobacterium sp. SLB02	2665645	S	88	19	107	0.0014821792
Parabacteroides distasonis	823	S	46	61	107	0.0014821792
Diaphorobacter sp. JS3050	2735554	S	5	101	106	0.0014683271
Flavobacterium sp. Sr18	935222	S	95	10	105	0.0014544749
Opitutus sp. GAS368	1882749	S	99	6	105	0.0014544749
Rhodoferax ferrireducens	192843	S	97	6	103	0.0014267707
Polaromonas sp. JS666	296591	S	97	6	103	0.0014267707
Rhodoferax sp. BAB1	2741720	S	84	17	101	0.0013990664
Simplicispira suum	2109915	S	82	19	101	0.0013990664
Acidovorax sp. RAC01	1842533	S	73	27	100	0.0013852142
Delftia acidovorans	80866	S	34	66	100	0.0013852142
Roseburia intestinalis	166486	S	75	25	100	0.0013852142
Fluviibacter phosphoraccumulans	1751046	S	88	11	99	0.0013713621
Rhodopseudomonas palustris	1076	S	84	15	99	0.0013713621
Candidatus Planktophila lacus	1884913	S	96	3	99	0.0013713621
Urbifossiella limnaea	2528023	S	92	7	99	0.0013713621
Sphingobium sp. YG1	2082188	S	73	25	98	0.0013575099
Pseudomonas stutzeri	316	S	77	20	97	0.0013436578
Bacteroides xylanisolvens	371601	S	59	38	97	0.0013436578
Flavobacterium sp. CLA17	2724135	S	83	12	95	0.0013159535
[Ruminococcus] torques	33039	S	67	27	94	0.0013021014
Flavobacterium sp. 140616W15	2478552	S	79	13	92	0.0012743971
Polaromonas sp. E5S	1840267	S	1	89	90	0.0012466928
Sphingomonas sp. HMP9	1517554	S	74	15	89	0.0012328407
Clostridium botulinum	1491	S	77	12	89	0.0012328407
Aquabacterium olei	1296669	S	72	15	87	0.0012051364
Blautia obeum	40520	S	62	25	87	0.0012051364
Diaphorobacter aerolatus	1288495	S	43	43	86	0.0011912842
Lysobacter enzymogenes	69	S	74	12	86	0.0011912842
Megamonas funiformis	437897	S	85	1	86	0.0011912842
Blattabacterium cuenoti	1653831	S	76	10	86	0.0011912842
Hydrogenophaga sp. BPS33	2651974	S	60	25	85	0.0011774321
Pseudomonas syringae	317	S	39	46	85	0.0011774321
Bacteroides fragilis	817	S	52	33	85	0.0011774321
Acidovorax antarcticus	2743470	S	61	23	84	0.0011635799
Rhodoferax sp. PAMC29310	2822760	S	73	11	84	0.0011635799
Sphingorhabdus lacus	392610	S	84	0	84	0.0011635799
Flavobacterium commune	1306519	S	77	7	84	0.0011635799
Hydrogenophaga sp. RAC07	1842537	S	64	18	82	0.0011358757
Bradyrhizobium erythrophlei	1437360	S	78	4	82	0.0011358757
Comamonas aquatica	225991	S	63	18	81	0.0011220235
Massilia violaceinigra	2045208	S	63	18	81	0.0011220235
Flavobacterium sp. HYN0086	2249356	S	63	18	81	0.0011220235
Flavobacterium anhuiense	459526	S	57	24	81	0.0011220235
Actinoplanes derwentensis	113562	S	72	6	78	0.0010804671
Rhodoferax antarcticus	81479	S	72	5	77	0.0010666150
Massilia sp. LPB0304	2769491	S	42	35	77	0.0010666150
Polynucleobacter asymbioticus	576611	S	71	5	76	0.0010527628
Rhodococcus erythropolis	1833	S	20	56	76	0.0010527628
Staphylococcus sp. T93	2799681	S	1	75	76	0.0010527628
Flavobacterium crocinum	2183896	S	58	18	76	0.0010527628
Pedobacter sp. KBS0701	2578106	S	66	10	76	0.0010527628
Massilia sp. CCM 8941	2765360	S	54	21	75	0.0010389107
Acidovorax monticola	1926868	S	61	13	74	0.0010250585
Acidovorax ebreus	721785	S	6	68	74	0.0010250585
Dermacoccus nishinomiyaensis	1274	S	57	17	74	0.0010250585
Flavobacterium branchiophilum	55197	S	71	3	74	0.0010250585
Cupriavidus basilensis	68895	S	51	22	73	0.0010112064
Elizabethkingia bruuniana	1756149	S	23	50	73	0.0010112064
Hydrogenophaga sp. NH-16	2184519	S	30	42	72	0.0009973542
Ottowia oryzae	2109914	S	64	8	72	0.0009973542
Comamonas kerstersii	225992	S	58	13	71	0.0009835021
Massilia armeniaca	2072590	S	47	24	71	0.0009835021
Methylibium petroleiphilum	105560	S	40	31	71	0.0009835021
Xylophilus rhododendri	2697032	S	58	13	71	0.0009835021
Frigoriglobus tundricola	2774151	S	63	8	71	0.0009835021
Diaphorobacter sp. HDW4A	2714924	S	44	26	70	0.0009696500
Schlegelella thermodepolymerans	215580	S	56	13	69	0.0009557978
Rhodoluna lacicola	529884	S	66	3	69	0.0009557978
Flavobacterium sp. BB8	2816357	S	58	11	69	0.0009557978
Candidatus Planktophila versatilis	1884905	S	65	3	68	0.0009419457
Diaphorobacter polyhydroxybutyrativorans	1546149	S	8	59	67	0.0009280935
Cupriavidus taiwanensis	164546	S	43	24	67	0.0009280935
Arcobacter suis	1278212	S	58	9	67	0.0009280935
Comamonas koreensis	160825	S	57	9	66	0.0009142414
Hylemonella gracilis	80880	S	62	4	66	0.0009142414
Roseateles depolymerans	76731	S	57	8	65	0.0009003892
Aeromonas caviae	648	S	20	45	65	0.0009003892
Acidovorax sp. HDW3	2714923	S	52	12	64	0.0008865371
Massilia sp. WG5	1707785	S	37	27	64	0.0008865371
Buchnera aphidicola	9	S	65	-1	64	0.0008865371
Bacillus thuringiensis	1428	S	21	43	64	0.0008865371
Anabaena sp. YBS01	2490939	S	3	61	64	0.0008865371
Flavobacterium faecale	1355330	S	59	5	64	0.0008865371
Variovorax sp. PMC12	2126319	S	1	62	63	0.0008726850
Novosphingobium sp. P6W	1609758	S	60	3	63	0.0008726850
Flavobacterium columnare	996	S	53	10	63	0.0008726850
Caulobacter henricii	69395	S	55	7	62	0.0008588328
Pseudomonas veronii	76761	S	21	40	61	0.0008449807
Collinsella aerofaciens	74426	S	53	8	61	0.0008449807
Microcystis aeruginosa	1126	S	51	10	61	0.0008449807
Mucilaginibacter rubeus	2027860	S	23	38	61	0.0008449807
Variovorax sp. SRS16	282217	S	17	43	60	0.0008311285
Rhizobium leguminosarum	384	S	37	23	60	0.0008311285
Bifidobacterium adolescentis	1680	S	54	6	60	0.0008311285
Sphingobacterium sp. UDSM-2020	2795738	S	53	7	60	0.0008311285
Coprococcus comes	410072	S	43	16	59	0.0008172764
Ottowia sp. 27C	2816950	S	53	5	58	0.0008034242
Methylibium sp. Pch-M	2082386	S	31	27	58	0.0008034242
Mitsuaria sp. 7	1658665	S	50	8	58	0.0008034242
Pasteurella multocida	747	S	44	14	58	0.0008034242
Sphingomonas koreensis	93064	S	36	22	58	0.0008034242
Bacteriovorax stolpii	960	S	58	0	58	0.0008034242
Staphylococcus aureus	1280	S	35	23	58	0.0008034242
Flavobacterium sp. I3-2	2748319	S	32	26	58	0.0008034242
Variovorax sp. PAMC 28711	1795631	S	53	4	57	0.0007895721
Flavobacterium indicum	312277	S	54	3	57	0.0007895721
Lacipirellula limnantheis	2528024	S	50	7	57	0.0007895721
Roseimicrobium sp. ORNL1	2711231	S	56	1	57	0.0007895721
Variovorax sp. HW608	1034889	S	52	4	56	0.0007757200
Vibrio anguillarum	55601	S	51	5	56	0.0007757200
[Ruminococcus] gnavus	33038	S	39	17	56	0.0007757200
Flavobacterium haoranii	683124	S	46	10	56	0.0007757200
Variovorax sp. PBL-H6	434009	S	23	32	55	0.0007618678
Hydrogenophaga pseudoflava	47421	S	28	27	55	0.0007618678
Melaminivora sp. SC2-9	2109913	S	39	16	55	0.0007618678
Pedobacter sp. SW-16	2766984	S	49	6	55	0.0007618678
Hydrogenophaga sp. BA0156	2716225	S	38	16	54	0.0007480157
Massilia sp. YMA4	1593482	S	31	23	54	0.0007480157
Massilia putida	1141883	S	40	14	54	0.0007480157
Rhodococcus qingshengii	334542	S	11	43	54	0.0007480157
Flavobacterium gilvum	1492737	S	49	5	54	0.0007480157
Mucilaginibacter ginsenosidivorax	862126	S	54	0	54	0.0007480157
Methanothrix soehngenii	2223	S	54	0	54	0.0007480157
Hydrogenophaga sp. PAMC20947	2565558	S	52	1	53	0.0007341635
Hydrogenophaga crassostreae	1763535	S	52	1	53	0.0007341635
Polaromonas vacuolata	37448	S	46	7	53	0.0007341635
Dolichospermum flos-aquae	1166	S	4	49	53	0.0007341635
Bacteroides caccae	47678	S	52	1	53	0.0007341635
Variovorax boronicumulans	436515	S	28	24	52	0.0007203114
Massilia sp. NR 4-1	1678028	S	41	11	52	0.0007203114
Tabrizicola piscis	2494374	S	49	3	52	0.0007203114
Caulobacter segnis	88688	S	41	11	52	0.0007203114
Luteolibacter luteus	2728835	S	52	0	52	0.0007203114
Variovorax sp. RKNM96	2681552	S	38	13	51	0.0007064593
Undibacterium sp. YM2	2058625	S	40	11	51	0.0007064593
Moraxella osloensis	34062	S	49	2	51	0.0007064593
Brevundimonas sp. LVF2	2774190	S	48	3	51	0.0007064593
Caulobacter vibrioides	155892	S	39	12	51	0.0007064593
Variovorax sp. PBL-E5	434014	S	12	38	50	0.0006926071
Hydrogenophaga sp. PBC	795665	S	34	16	50	0.0006926071
Cupriavidus necator	106590	S	40	10	50	0.0006926071
Candidatus Methylopumilus rimovensis	2588535	S	48	2	50	0.0006926071
Nibricoccus aquaticus	2576891	S	49	1	50	0.0006926071
Sphingobium hydrophobicum	1673076	S	27	22	49	0.0006787550
Sphingobium yanoikuyae	13690	S	24	25	49	0.0006787550
Brevundimonas mediterranea	74329	S	42	7	49	0.0006787550
Nostoc carneum	374162	S	13	36	49	0.0006787550
Pedobacter roseus	336820	S	42	7	49	0.0006787550
Aquirufa nivalisilvae	2516557	S	43	6	49	0.0006787550
Delftia tsuruhatensis	180282	S	9	39	48	0.0006649028
Massilia albidiflava	321983	S	35	13	48	0.0006649028
Janthinobacterium svalbardensis	368607	S	32	16	48	0.0006649028
Inhella inkyongensis	392593	S	43	5	48	0.0006649028
Sulfuritalea hydrogenivorans	748811	S	45	3	48	0.0006649028
Pseudomonas chlororaphis	587753	S	35	13	48	0.0006649028
Sphingobium sp. KCTC 72723	2733867	S	46	2	48	0.0006649028
Caulobacter soli	2708539	S	38	10	48	0.0006649028
Flavobacterium sp. LPB0248	2614441	S	30	18	48	0.0006649028
Verrucomicrobium spinosum	2736	S	45	3	48	0.0006649028
Sphingopyxis terrae	33052	S	39	8	47	0.0006510507
Gemmobacter sp. HYN0069	2169400	S	42	5	47	0.0006510507
Bifidobacterium longum	216816	S	39	8	47	0.0006510507
Bacillus cereus	1396	S	25	22	47	0.0006510507
Comamonas sp. NLF-7-7	2597701	S	35	11	46	0.0006371985
Acinetobacter sp. CS-2	2798861	S	35	11	46	0.0006371985
Acinetobacter junii	40215	S	40	6	46	0.0006371985
Acinetobacter indicus	756892	S	37	9	46	0.0006371985
Novosphingobium sp. ABRDHK2	2571749	S	34	12	46	0.0006371985
Hydrogenophaga sp. YM1	2806262	S	34	11	45	0.0006233464
Burkholderia cenocepacia	95486	S	21	24	45	0.0006233464
Clostridium perfringens	1502	S	43	2	45	0.0006233464
Epilithonimonas vandammei	2487072	S	24	21	45	0.0006233464
Acinetobacter sp. TTH0-4	1646498	S	40	4	44	0.0006094943
Citrobacter freundii	546	S	15	29	44	0.0006094943
Bacillus subtilis	1423	S	8	36	44	0.0006094943
Diaphorobacter sp. HDW4B	2714925	S	41	2	43	0.0005956421
Massilia oculi	945844	S	36	7	43	0.0005956421
Methylotenera versatilis	1055487	S	41	2	43	0.0005956421
Novosphingobium resinovorum	158500	S	28	15	43	0.0005956421
Caulobacter mirabilis	69666	S	39	4	43	0.0005956421
Anabaena sp. WA102	1647413	S	13	30	43	0.0005956421
Sphingobacterium multivorum	28454	S	19	24	43	0.0005956421
Pulveribacter suum	2116657	S	35	7	42	0.0005817900
Sphingomonas sp. AAP5	1523415	S	36	6	42	0.0005817900
Sphingopyxis macrogoltabida	33050	S	32	10	42	0.0005817900
Porphyrobacter sp. LM 6	1896196	S	32	10	42	0.0005817900
Clavibacter michiganensis	28447	S	36	6	42	0.0005817900
Spirosoma pollinicola	2057025	S	42	0	42	0.0005817900
Variovorax sp. PAMC28562	2762323	S	40	1	41	0.0005679378
Comamonas piscis	1562974	S	37	4	41	0.0005679378
Janthinobacterium sp. PLB02	2808899	S	13	28	41	0.0005679378
Undibacterium sp. KW1	2058624	S	32	9	41	0.0005679378
Azoarcus communis	41977	S	33	8	41	0.0005679378
Rahnella aquatilis	34038	S	17	24	41	0.0005679378
Sphingopyxis sp. 113P3	292913	S	29	12	41	0.0005679378
Caulobacter sp. K31	366602	S	35	6	41	0.0005679378
Aurantimicrobium sp. MWH-Mo1	1987356	S	39	2	41	0.0005679378
Flavobacterium nitrogenifigens	1617283	S	26	15	41	0.0005679378
Serpentinomonas raichei	1458425	S	33	7	40	0.0005540857
Duganella sp. GN2-R2	2728020	S	30	10	40	0.0005540857
Azospira restricta	404405	S	31	9	40	0.0005540857
Dechloromonas sp. TW-R-39-2	2654218	S	36	4	40	0.0005540857
Dechloromonas aromatica	259537	S	36	4	40	0.0005540857
Bradyrhizobium ottawaense	931866	S	5	35	40	0.0005540857
Rhodoplanes sp. Z2-YC6860	674703	S	38	2	40	0.0005540857
Caulobacter flavus	1679497	S	34	6	40	0.0005540857
Archangium violaceum	83451	S	31	9	40	0.0005540857
Flavobacterium sediminis	2201181	S	25	15	40	0.0005540857
Bacteroides sp. A1C1	2528203	S	11	29	40	0.0005540857
Haliscomenobacter hydrossis	2350	S	40	0	40	0.0005540857
Verminephrobacter eiseniae	364317	S	38	1	39	0.0005402335
Cupriavidus metallidurans	119219	S	23	16	39	0.0005402335
Massilia lutea	321985	S	31	8	39	0.0005402335
Collimonas fungivorans	158899	S	33	6	39	0.0005402335
Pseudomonas sp. bs2935	1761895	S	1	38	39	0.0005402335
Novosphingobium sp. THN1	1016987	S	33	6	39	0.0005402335
Cereibacter sphaeroides	1063	S	36	3	39	0.0005402335
Skermanella sp. TT6	2775420	S	21	18	39	0.0005402335
Sandaracinus amylolyticus	927083	S	39	0	39	0.0005402335
Clostridioides difficile	1496	S	35	4	39	0.0005402335
Anabaena sp. 90	46234	S	3	36	39	0.0005402335
Prochlorococcus marinus	1219	S	32	7	39	0.0005402335
Flavobacterium sp. CJ74	2294119	S	38	1	39	0.0005402335
Acidovorax citrulli	80869	S	20	18	38	0.0005263814
Serpentinomonas mccroryi	1458426	S	32	6	38	0.0005263814
Thauera sp. K11	2005884	S	28	10	38	0.0005263814
Dechloromonas sp. HYN0024	2231055	S	34	4	38	0.0005263814
Bibersteinia trehalosi	47735	S	2	36	38	0.0005263814
Aliarcobacter skirrowii	28200	S	33	5	38	0.0005263814
Streptomyces venezuelae	54571	S	34	4	38	0.0005263814
Variovorax sp. PAMC26660	2762322	S	32	5	37	0.0005125293
Collimonas arenae	279058	S	33	4	37	0.0005125293
Thauera sp. MZ1T	85643	S	21	16	37	0.0005125293
Nitrosomonas sp. Is79A3	261292	S	37	0	37	0.0005125293
Bradyrhizobium lablabi	722472	S	15	22	37	0.0005125293
Bosea sp. RAC05	1842539	S	32	5	37	0.0005125293
Sphingopyxis fribergensis	1515612	S	31	6	37	0.0005125293
Microbacterium foliorum	104336	S	30	7	37	0.0005125293
Flavobacterium crassostreae	1763534	S	32	5	37	0.0005125293
Variovorax sp. RA8	662548	S	22	14	36	0.0004986771
Comamonas serinivorans	1082851	S	32	4	36	0.0004986771
Comamonas thiooxydans	363952	S	18	18	36	0.0004986771
Acinetobacter sp. NEB 394	2743575	S	17	19	36	0.0004986771
Cellvibrio sp. KY-YJ-3	454662	S	32	4	36	0.0004986771
Bradyrhizobium sp.	376	S	12	24	36	0.0004986771
Agrobacterium tumefaciens	358	S	19	17	36	0.0004986771
Sinorhizobium fredii	380	S	19	17	36	0.0004986771
Methylorubrum populi	223967	S	27	9	36	0.0004986771
Sphingomonas sp. FARSPH	2219696	S	24	12	36	0.0004986771
Sphingomonas wittichii	160791	S	24	12	36	0.0004986771
Sphingopyxis sp. MG	1866325	S	8	28	36	0.0004986771
Rhodoluna limnophila	232537	S	34	2	36	0.0004986771
Chryseobacterium indoltheticum	254	S	31	5	36	0.0004986771
Singulisphaera acidiphila	466153	S	28	8	36	0.0004986771
Variovorax sp. PBS-H4	434008	S	25	10	35	0.0004848250
Collimonas pratensis	279113	S	29	6	35	0.0004848250
Thiomonas sp. X19	1050370	S	31	4	35	0.0004848250
Brevundimonas diminuta	293	S	15	20	35	0.0004848250
Ottowia sp. oral taxon 894	1658672	S	32	2	34	0.0004709728
Massilia umbonata	864828	S	25	9	34	0.0004709728
Janthinobacterium sp. LM6	1938606	S	22	12	34	0.0004709728
Janthinobacterium tructae	2590869	S	22	12	34	0.0004709728
Janthinobacterium lividum	29581	S	14	20	34	0.0004709728
Bordetella bronchiseptica	518	S	5	29	34	0.0004709728
Proteus vulgaris	585	S	19	15	34	0.0004709728
Afipia sp. GAS231	1882747	S	21	13	34	0.0004709728
Methylorubrum extorquens	408	S	15	19	34	0.0004709728
Sphingopyxis granuli	267128	S	8	26	34	0.0004709728
Pedobacter sp. HDW13	2714940	S	32	2	34	0.0004709728
Spirosoma sp. KUDC1026	2745947	S	33	1	34	0.0004709728
Aquisphaera giovannonii	406548	S	29	5	34	0.0004709728
Delftia lacustris	558537	S	5	28	33	0.0004571207
Caballeronia sp. SBC1	2705548	S	4	29	33	0.0004571207
Stenotrophomonas rhizophila	216778	S	32	1	33	0.0004571207
Thermomonas carbonis	1463158	S	32	1	33	0.0004571207
Aeromonas veronii	654	S	26	7	33	0.0004571207
Sphingomonas alpina	653931	S	33	0	33	0.0004571207
Rhodobacter capsulatus	1061	S	31	2	33	0.0004571207
Labilithrix luteola	1391654	S	33	0	33	0.0004571207
Minicystis rosea	888845	S	32	1	33	0.0004571207
Bacteroides cellulosilyticus	246787	S	31	2	33	0.0004571207
Anatilimnocola aggregata	2528021	S	28	5	33	0.0004571207
Janthinobacterium sp. 1_2014MBL_MicDiv	1644131	S	25	7	32	0.0004432686
Thiomonas intermedia	926	S	19	13	32	0.0004432686
Achromobacter spanius	217203	S	26	6	32	0.0004432686
Achromobacter denitrificans	32002	S	20	12	32	0.0004432686
Pigmentiphaga sp. H8	2488560	S	30	2	32	0.0004432686
Methylotenera mobilis	359408	S	31	1	32	0.0004432686
Bradyrhizobium japonicum	375	S	19	13	32	0.0004432686
Sphingomonas sp. IC081	304378	S	8	24	32	0.0004432686
Sphingobium amiense	135719	S	12	20	32	0.0004432686
Novosphingobium aromaticivorans	48935	S	24	8	32	0.0004432686
Paracoccus yeei	147645	S	11	21	32	0.0004432686
Haliangium ochraceum	80816	S	32	0	32	0.0004432686
Microbacterium sp. PM5	2014534	S	28	4	32	0.0004432686
Rhodococcus aetherivorans	191292	S	3	29	32	0.0004432686
Flavobacterium kingsejongi	1678728	S	30	2	32	0.0004432686
Gemmata obscuriglobus	114	S	30	2	32	0.0004432686
Lacipirellula parvula	2650471	S	30	2	32	0.0004432686
Acidovorax cattleyae	80868	S	19	12	31	0.0004294164
Cupriavidus gilardii	82541	S	7	24	31	0.0004294164
Massilia plicata	321984	S	26	5	31	0.0004294164
Alcaligenes faecalis	511	S	25	6	31	0.0004294164
Candidatus Methylopumilus universalis	2588536	S	28	3	31	0.0004294164
Salmonella enterica	28901	S	18	13	31	0.0004294164
Novosphingobium ginsenosidimutans	1176536	S	30	1	31	0.0004294164
Rhizorhabdus dicambivorans	1850238	S	15	16	31	0.0004294164
Rhodobacter blasticus	1075	S	29	2	31	0.0004294164
Brevundimonas sp. M20	2591463	S	29	2	31	0.0004294164
Arcobacter venerupis	1054033	S	28	3	31	0.0004294164
Microbacterium hominis	162426	S	24	7	31	0.0004294164
Coprococcus catus	116085	S	25	6	31	0.0004294164
Priestia megaterium	1404	S	20	11	31	0.0004294164
Flavobacterium album	2175091	S	30	1	31	0.0004294164
Gemmata sp. SH-PL17	1630693	S	24	7	31	0.0004294164
Diaphorobacter ruginosibacter	1715720	S	28	2	30	0.0004155643
Polynucleobacter wuianus	1743168	S	27	3	30	0.0004155643
Oryzomicrobium terrae	1735038	S	27	3	30	0.0004155643
Pseudomonas tolaasii	29442	S	27	3	30	0.0004155643
Acinetobacter sp. WCHA45	2004644	S	17	13	30	0.0004155643
Acinetobacter schindleri	108981	S	23	7	30	0.0004155643
Xanthomonas campestris	339	S	30	0	30	0.0004155643
Pannonibacter phragmitetus	121719	S	15	15	30	0.0004155643
Sphingomonas panacisoli	1813879	S	29	1	30	0.0004155643
Sphingobium sp. CAP-1	2676077	S	18	12	30	0.0004155643
Caulobacter rhizosphaerae	2010972	S	25	5	30	0.0004155643
Azospirillum brasilense	192	S	20	10	30	0.0004155643
Candidatus Planktophila limnetica	573600	S	30	0	30	0.0004155643
Clostridium beijerinckii	1520	S	21	9	30	0.0004155643
Faecalibacillus intestinalis	1982626	S	11	19	30	0.0004155643
Chryseobacterium shandongense	1493872	S	21	9	30	0.0004155643
Herbaspirillum seropedicae	964	S	20	9	29	0.0004017121
Bordetella avium	521	S	20	9	29	0.0004017121
Candidatus Accumulibacter phosphatis	327160	S	28	1	29	0.0004017121
Tardiphaga sp. vice304	2592817	S	2	27	29	0.0004017121
Pseudolabrys taiwanensis	331696	S	26	3	29	0.0004017121
Sphingomonas panacis	1560345	S	28	1	29	0.0004017121
Novosphingobium pentaromativorans	205844	S	12	17	29	0.0004017121
Blastomonas sp. RAC04	1842535	S	15	14	29	0.0004017121
Porphyrobacter sp. YT40	2547601	S	17	12	29	0.0004017121
Brevundimonas sp. LM2	1938605	S	28	1	29	0.0004017121
Brevundimonas sp. SGAir0440	2579977	S	23	6	29	0.0004017121
Roseomonas sp. 546	2768162	S	28	1	29	0.0004017121
Aliarcobacter butzleri	28197	S	26	3	29	0.0004017121
Kocuria rhizophila	72000	S	21	8	29	0.0004017121
Planktothrix agardhii	1160	S	18	11	29	0.0004017121
Calothrix parasitica	1973486	S	28	1	29	0.0004017121
Pedobacter sp. G11	2482728	S	27	2	29	0.0004017121
Mucilaginibacter xinganensis	1234841	S	29	0	29	0.0004017121
Planctomyces sp. SH-PL62	1636152	S	20	9	29	0.0004017121
Variovorax sp. 38R	2774875	S	13	15	28	0.0003878600
Undibacterium parvum	401471	S	25	3	28	0.0003878600
Azoarcus olearius	418699	S	19	9	28	0.0003878600
Sterolibacterium denitrificans	157592	S	24	4	28	0.0003878600
Methylobacterium sp. WL1	2603276	S	26	2	28	0.0003878600
Pyruvatibacter mobilis	1712261	S	26	2	28	0.0003878600
Sphingobium sp. TKS	1315974	S	12	16	28	0.0003878600
Novosphingobium sp. ES2-1	2780074	S	21	7	28	0.0003878600
Sphingopyxis sp. EG6	1874061	S	22	6	28	0.0003878600
Cnuibacter physcomitrellae	1619308	S	7	21	28	0.0003878600
Actinoplanes sp. OR16	946334	S	15	13	28	0.0003878600
Ruminococcus bicirculans	1160721	S	27	1	28	0.0003878600
Streptococcus lutetiensis	150055	S	10	18	28	0.0003878600
Planktothrix rubescens	59512	S	20	8	28	0.0003878600
Cyanobacterium aponinum	379064	S	23	5	28	0.0003878600
Pedobacter sp. CJ43	2605747	S	28	0	28	0.0003878600
Lacibacter sp. S13-6-6	2760713	S	28	0	28	0.0003878600
Gemmata massiliana	1210884	S	22	6	28	0.0003878600
Symmachiella dynata	2527995	S	27	1	28	0.0003878600
Humisphaera borealis	2807512	S	28	0	28	0.0003878600
Burkholderia gladioli	28095	S	22	5	27	0.0003740078
Herbaspirillum robiniae	2014887	S	21	6	27	0.0003740078
Herbaspirillum rubrisubalbicans	80842	S	20	7	27	0.0003740078
Casimicrobium huifangae	2591109	S	23	4	27	0.0003740078
Citrobacter sp. RHBSTW-00678	2742661	S	1	26	27	0.0003740078
Serratia marcescens	615	S	11	16	27	0.0003740078
Bradyrhizobium sp. CCBAU 051011	858422	S	24	3	27	0.0003740078
Hyphomicrobium denitrificans	53399	S	25	2	27	0.0003740078
Sphingomonas hengshuiensis	1609977	S	27	0	27	0.0003740078
Novosphingobium sp. PP1Y	702113	S	16	11	27	0.0003740078
Porphyrobacter sp. CACIAM 03H1	2003315	S	23	4	27	0.0003740078
Brevundimonas subvibrioides	74313	S	25	2	27	0.0003740078
Microbacterium oxydans	82380	S	19	8	27	0.0003740078
Micrococcus luteus	1270	S	9	18	27	0.0003740078
Flavobacterium sp. P2-65	2748320	S	25	2	27	0.0003740078
Flavobacterium pallidum	2172098	S	26	1	27	0.0003740078
Winogradskyella schleiferi	2686078	S	16	11	27	0.0003740078
Muricauda sp. 501str8	2698672	S	18	9	27	0.0003740078
Cytophaga hutchinsonii	985	S	26	1	27	0.0003740078
Opitutus terrae	107709	S	27	0	27	0.0003740078
Cupriavidus pauculus	82633	S	22	4	26	0.0003601557
Cupriavidus campinensis	151783	S	20	6	26	0.0003601557
Massilia flava	871742	S	22	4	26	0.0003601557
Herbaspirillum hiltneri	341045	S	23	3	26	0.0003601557
Thauera humireducens	1134435	S	21	5	26	0.0003601557
Laribacter hongkongensis	168471	S	22	4	26	0.0003601557
Candidatus Methylopumilus turicensis	1581680	S	25	1	26	0.0003601557
Acinetobacter haemolyticus	29430	S	21	5	26	0.0003601557
Rheinheimera sp. LHK132	2498451	S	26	0	26	0.0003601557
Cellvibrio sp. KY-GH-1	2303332	S	24	2	26	0.0003601557
Sulfitobacter pseudonitzschiae	1402135	S	19	7	26	0.0003601557
Brevundimonas sp. LVF1	2774189	S	22	4	26	0.0003601557
Brevundimonas sp. 'scallop'	2562582	S	14	12	26	0.0003601557
Brevundimonas naejangsanensis	588932	S	23	3	26	0.0003601557
Aliarcobacter cibarius	255507	S	24	2	26	0.0003601557
Rathayibacter festucae	110937	S	20	6	26	0.0003601557
Candidatus Planktophila vernalis	1884907	S	26	0	26	0.0003601557
Catenulispora acidiphila	304895	S	24	2	26	0.0003601557
Brevibacillus laterosporus	1465	S	6	20	26	0.0003601557
Flavobacterium arcticum	1784713	S	25	1	26	0.0003601557
Polaribacter sp. BM10	1529069	S	14	12	26	0.0003601557
Cloacibacterium normanense	237258	S	24	2	26	0.0003601557
Mucilaginibacter gotjawali	1550579	S	26	0	26	0.0003601557
Gemmatimonas sp. TET16	2732249	S	26	0	26	0.0003601557
Paramecium bursaria Chlorella virus A1	381899	S	26	0	26	0.0003601557
Polynucleobacter paneuropaeus	2527775	S	24	1	25	0.0003463036
Burkholderia multivorans	87883	S	19	6	25	0.0003463036
Janthinobacterium sp. Marseille	375286	S	20	5	25	0.0003463036
Janthinobacterium sp. HH102	1537274	S	8	17	25	0.0003463036
Pseudomonas azotoformans	47878	S	19	6	25	0.0003463036
Stenotrophomonas sp. CW117	2775920	S	3	22	25	0.0003463036
Methylovulum psychrotolerans	1704499	S	25	0	25	0.0003463036
Bradyrhizobium arachidis	858423	S	20	5	25	0.0003463036
Pseudorhodoplanes sinuspersici	1235591	S	24	1	25	0.0003463036
Sphingomonas sp. NIC1	1961362	S	11	14	25	0.0003463036
Caulobacter sp. FWC26	69665	S	18	7	25	0.0003463036
Stella humosa	94	S	24	1	25	0.0003463036
Bdellovibrio bacteriovorus	959	S	22	3	25	0.0003463036
Actinoplanes sp. N902-109	649831	S	17	8	25	0.0003463036
Streptococcus thermophilus	1308	S	24	1	25	0.0003463036
Longibaculum sp. KGMB06250	2584943	S	9	16	25	0.0003463036
Moorea producens	1155739	S	25	0	25	0.0003463036
Cellulophaga baltica	76594	S	21	4	25	0.0003463036
Chryseobacterium sp. G0201	2487065	S	21	4	25	0.0003463036
Chryseobacterium balustinum	246	S	20	5	25	0.0003463036
Prevotella sp. WR041	2801997	S	25	0	25	0.0003463036
Mucilaginibacter mallensis	652787	S	25	0	25	0.0003463036
Filimonas lacunae	477680	S	23	2	25	0.0003463036
Luteitalea pratensis	1855912	S	25	0	25	0.0003463036
Paraburkholderia sp. SOS3	1926494	S	23	1	24	0.0003324514
Azospira sp. I09	1765049	S	8	16	24	0.0003324514
Pseudomonas orientalis	76758	S	21	3	24	0.0003324514
Acinetobacter sp. WCHAc010034	1879049	S	20	4	24	0.0003324514
Acinetobacter wanghuae	2662362	S	24	0	24	0.0003324514
Acinetobacter wuhouensis	1879050	S	19	5	24	0.0003324514
Providencia rettgeri	587	S	8	16	24	0.0003324514
Arenimonas daejeonensis	370777	S	24	0	24	0.0003324514
Aeromonas salmonicida	645	S	14	10	24	0.0003324514
Bradyrhizobium icense	1274631	S	22	2	24	0.0003324514
Bradyrhizobium guangxiense	1325115	S	15	9	24	0.0003324514
Rhizobium pusense	648995	S	5	19	24	0.0003324514
Sinorhizobium meliloti	382	S	18	6	24	0.0003324514
Methylobacterium sp. XJLW	739141	S	2	22	24	0.0003324514
Devosia sp. S02	2657486	S	22	2	24	0.0003324514
Sphingomonas sp. CL5.1	2653203	S	20	4	24	0.0003324514
Sphingomonas sp. NBWT7	2596913	S	20	4	24	0.0003324514
Novosphingobium sp. KA1	164608	S	7	17	24	0.0003324514
Brevundimonas vesicularis	41276	S	9	15	24	0.0003324514
Pseudoarcobacter acticola	1849015	S	23	1	24	0.0003324514
Myxococcus xanthus	34	S	20	4	24	0.0003324514
Humibacter sp. BT305	2282656	S	5	19	24	0.0003324514
Actinomarinicola tropica	2789776	S	23	1	24	0.0003324514
Clostridium saccharobutylicum	169679	S	24	0	24	0.0003324514
Niastella koreensis	354356	S	22	2	24	0.0003324514
Verrucomicrobium sp. GAS474	1882831	S	23	1	24	0.0003324514
Cupriavidus sp. USMAHM13	1389192	S	3	20	23	0.0003185993
Paraburkholderia caribensis	75105	S	17	6	23	0.0003185993
Pandoraea pnomenusa	93220	S	17	6	23	0.0003185993
Castellaniella defragrans	75697	S	17	6	23	0.0003185993
Pseudomonas sp. C27(2019)	2604941	S	22	1	23	0.0003185993
Acinetobacter towneri	202956	S	12	11	23	0.0003185993
Proteus mirabilis	584	S	18	5	23	0.0003185993
Photobacterium damselae	38293	S	20	3	23	0.0003185993
Candidatus Thiodictyon syntrophicum	1166950	S	23	0	23	0.0003185993
Bradyrhizobium genosp. B	83627	S	21	2	23	0.0003185993
Bosea sp. F3-2	2599640	S	20	3	23	0.0003185993
Tardiphaga robiniae	943830	S	22	1	23	0.0003185993
Methylocystis rosea	173366	S	20	3	23	0.0003185993
Sphingopyxis lindanitolerans	2054227	S	19	4	23	0.0003185993
Brevundimonas sp. GRTSA-9	2800818	S	22	1	23	0.0003185993
Brevundimonas sp. DS20	1532555	S	11	12	23	0.0003185993
Rathayibacter sp. VKM Ac-2759	2609252	S	20	3	23	0.0003185993
Brevibacterium sp. JNUCC-42	2777985	S	2	21	23	0.0003185993
Streptomyces sp. S1D4-14	2594461	S	1	22	23	0.0003185993
Nocardioides aromaticivorans	200618	S	18	5	23	0.0003185993
Actinoplanes teichomyceticus	1867	S	19	4	23	0.0003185993
Clostridium saccharoperbutylacetonicum	36745	S	23	0	23	0.0003185993
Dolichospermum compactum	136073	S	9	14	23	0.0003185993
Tolypothrix sp. PCC 7910	2099387	S	11	12	23	0.0003185993
Phocaeicola coprophilus	387090	S	19	4	23	0.0003185993
Paludibacter propionicigenes	185300	S	23	0	23	0.0003185993
Pedobacter cryoconitis	188932	S	23	0	23	0.0003185993
Pirellulimonas nuda	2528009	S	22	1	23	0.0003185993
Planctomyces sp. SH-PL14	1632864	S	23	0	23	0.0003185993
Delftia sp. Cs1-4	742013	S	6	16	22	0.0003047471
Polynucleobacter sp. MWH-UH21B	1743174	S	21	1	22	0.0003047471
Polynucleobacter difficilis	556054	S	22	0	22	0.0003047471
Paraburkholderia aromaticivorans	2026199	S	17	5	22	0.0003047471
Ralstonia pickettii	329	S	16	6	22	0.0003047471
Ralstonia mannitolilytica	105219	S	14	8	22	0.0003047471
Pseudomonas sp. LTGT-11-2Z	2479393	S	1	21	22	0.0003047471
Pseudomonas palleroniana	191390	S	21	1	22	0.0003047471
Acinetobacter pittii	48296	S	11	11	22	0.0003047471
Tolumonas auensis	43948	S	20	2	22	0.0003047471
Candidatus Rickettsiella viridis	676208	S	21	1	22	0.0003047471
Bradyrhizobium guangzhouense	1325095	S	14	8	22	0.0003047471
Mesorhizobium loti	381	S	9	13	22	0.0003047471
Sphingomonas sp. LK11	1390395	S	19	3	22	0.0003047471
Novosphingobium sp. Gsoil 351	2675225	S	22	0	22	0.0003047471
Qipengyuania flava	192812	S	14	8	22	0.0003047471
Brevundimonas sp. Bb-A	2560058	S	11	11	22	0.0003047471
Azospirillum thermophilum	2202148	S	20	2	22	0.0003047471
Nocardia brasiliensis	37326	S	20	2	22	0.0003047471
Clostridium pasteurianum	1501	S	22	0	22	0.0003047471
Bacillus velezensis	492670	S	7	15	22	0.0003047471
Streptococcus agalactiae	1311	S	5	17	22	0.0003047471
Jeotgalibaca porci	1868793	S	20	2	22	0.0003047471
Chondrocystis sp. NIES-4102	2005460	S	18	4	22	0.0003047471
Anabaenopsis circularis	109266	S	13	9	22	0.0003047471
Chryseobacterium sp. NEB161	2724619	S	14	8	22	0.0003047471
Runella sp. HYN0085	2259595	S	20	2	22	0.0003047471
Aquiflexum balticum	280473	S	21	1	22	0.0003047471
Pirellula sp. SH-Sr6A	1632865	S	22	0	22	0.0003047471
Caulifigura coniformis	2527983	S	22	0	22	0.0003047471
Tautonia plasticadhaerens	2527974	S	21	1	22	0.0003047471
Ereboglobus luteus	1796921	S	22	0	22	0.0003047471
Burkholderia lata	482957	S	15	6	21	0.0002908950
Burkholderia vietnamiensis	60552	S	7	14	21	0.0002908950
Herbaspirillum sp. meg3	2025949	S	20	1	21	0.0002908950
Pigmentiphaga aceris	1940612	S	21	0	21	0.0002908950
Aeromonas hydrophila	644	S	13	8	21	0.0002908950
Solimonas sp. K1W22B-7	2303331	S	21	0	21	0.0002908950
Bradyrhizobium paxllaeri	190148	S	19	2	21	0.0002908950
Neorhizobium galegae	399	S	21	0	21	0.0002908950
Methylobacterium sp. C1	1479019	S	4	17	21	0.0002908950
Microvirga ossetica	1882682	S	19	2	21	0.0002908950
Sphingomonas sp. Cra20	1327635	S	20	1	21	0.0002908950
Sphingomonas sp. HMP6	1517551	S	20	1	21	0.0002908950
Sphingomonas sanxanigenens	397260	S	15	6	21	0.0002908950
Anaeromyxobacter dehalogenans	161493	S	14	7	21	0.0002908950
Mycolicibacterium litorale	758802	S	18	3	21	0.0002908950
Rhodococcus sp. NJ-530	2490853	S	4	17	21	0.0002908950
Rhodococcus fascians	1828	S	19	2	21	0.0002908950
Corynebacterium tuberculostearicum	38304	S	15	6	21	0.0002908950
Tsukamurella paurometabola	2061	S	18	3	21	0.0002908950
Pseudonocardia sp. HH130630-07	1690815	S	10	11	21	0.0002908950
Blautia producta	33035	S	10	11	21	0.0002908950
Clostridium bornimense	1216932	S	19	2	21	0.0002908950
Staphylococcus epidermidis	1282	S	19	2	21	0.0002908950
Flavobacterium alkalisoli	2602769	S	20	1	21	0.0002908950
Urechidicola croceus	1850246	S	13	8	21	0.0002908950
Bacteroides eggerthii	28111	S	19	2	21	0.0002908950
Alistipes onderdonkii	328813	S	19	2	21	0.0002908950
Olivibacter sp. LS-1	2592345	S	3	18	21	0.0002908950
Pseudocnuella soli	2502779	S	19	2	21	0.0002908950
Bordetella hinzii	103855	S	16	4	20	0.0002770428
Azoarcus sp. DN11	356837	S	15	5	20	0.0002770428
Azoarcus sp. DD4	2027405	S	12	8	20	0.0002770428
Aromatoleum aromaticum	551760	S	17	3	20	0.0002770428
Chitinolyticbacter meiyuanensis	682798	S	20	0	20	0.0002770428
Pseudomonas protegens	380021	S	19	1	20	0.0002770428
Pseudomonas lurida	244566	S	18	2	20	0.0002770428
Acinetobacter sp. MYb10	1827285	S	18	2	20	0.0002770428
Acinetobacter sp. YH12138	2601122	S	17	3	20	0.0002770428
Erwinia billingiae	182337	S	9	11	20	0.0002770428
Thermomonas sp. XSG	2771436	S	17	3	20	0.0002770428
Bradyrhizobium sp. BTAi1	288000	S	18	2	20	0.0002770428
Methylobacterium brachiatum	269660	S	16	4	20	0.0002770428
Pseudolabrys sp. FHR47	2562284	S	18	2	20	0.0002770428
Sphingomonas taxi	1549858	S	19	1	20	0.0002770428
Sphingobium sp. RAC03	1843368	S	18	2	20	0.0002770428
Sphingopyxis sp. FD7	1914525	S	16	4	20	0.0002770428
Croceicoccus naphthovorans	1348774	S	8	12	20	0.0002770428
Paracoccus pantotrophus	82367	S	15	5	20	0.0002770428
Rhodobacter sp. LPB0142	1850250	S	13	7	20	0.0002770428
Haematobacter massiliensis	195105	S	12	8	20	0.0002770428
Aliarcobacter faecis	1564138	S	19	1	20	0.0002770428
Melittangium boletus	83453	S	16	4	20	0.0002770428
Curtobacterium flaccumfaciens	2035	S	17	3	20	0.0002770428
Ilumatobacter coccineus	467094	S	20	0	20	0.0002770428
Calothrix sp. NIES-2100	1954172	S	9	11	20	0.0002770428
Cellulophaga lytica	979	S	16	4	20	0.0002770428
Aquimarina sp. AD1	1714848	S	19	1	20	0.0002770428
Lacinutrix sp. 5H-3-7-4	983544	S	15	5	20	0.0002770428
Olleya sp. Bg11-27	2058135	S	9	11	20	0.0002770428
Chryseobacterium sp. 3008163	2478663	S	18	2	20	0.0002770428
Mucilaginibacter sp. 14171R-50	2703789	S	20	0	20	0.0002770428
Candidatus Cloacimonas acidaminovorans	456827	S	20	0	20	0.0002770428
Lignipirellula cremea	2528010	S	17	3	20	0.0002770428
Maioricimonas rarisocia	2528026	S	19	1	20	0.0002770428
Akkermansia muciniphila	239935	S	20	0	20	0.0002770428
Candidatus Saccharimonas aalborgensis	1332188	S	18	2	20	0.0002770428
Cupriavidus pinatubonensis	248026	S	14	5	19	0.0002631907
Ralstonia insidiosa	190721	S	15	4	19	0.0002631907
Thauera chlorobenzoica	96773	S	12	7	19	0.0002631907
Pseudomonas viridiflava	33069	S	19	0	19	0.0002631907
Psychrobacter sp. G	571800	S	9	10	19	0.0002631907
Raoultella ornithinolytica	54291	S	5	14	19	0.0002631907
Bradyrhizobium symbiodeficiens	1404367	S	15	4	19	0.0002631907
Ensifer sp. PDNC004	2811423	S	14	5	19	0.0002631907
Ancylobacter sp. TS-1	1850374	S	14	5	19	0.0002631907
Breoghania sp. L-A4	2304600	S	18	1	19	0.0002631907
Sphingomonas sp. LM7	1938607	S	18	1	19	0.0002631907
Sphingomonas sp. MM-1	745310	S	9	10	19	0.0002631907
Sphingomonas lacunae	2698828	S	19	0	19	0.0002631907
Sphingobium cloacae	120107	S	7	12	19	0.0002631907
Erythrobacter litoralis	39960	S	15	4	19	0.0002631907
Paracoccus zhejiangensis	1077935	S	15	4	19	0.0002631907
Marinovum algicola	42444	S	13	6	19	0.0002631907
Brevundimonas sp. MF30-B	2561924	S	18	1	19	0.0002631907
Azospirillum thiophilum	528244	S	16	3	19	0.0002631907
Microbacterium sp. No. 7	1714373	S	14	5	19	0.0002631907
Plantibacter sp. PA-3-X8	2480625	S	13	6	19	0.0002631907
Herbiconiux sp. SALV-R1	2735133	S	18	1	19	0.0002631907
Streptomyces sp. CdTB01	1725411	S	17	2	19	0.0002631907
Propionibacterium sp. oral taxon 193	671223	S	16	3	19	0.0002631907
Phytohabitans suffuscus	624315	S	18	1	19	0.0002631907
Bifidobacterium catenulatum	1686	S	15	4	19	0.0002631907
Actinomyces oris	544580	S	9	10	19	0.0002631907
Nostoc sp. NIES-4103	2005458	S	17	2	19	0.0002631907
Sphaerospermopsis kisseleviana	289435	S	17	2	19	0.0002631907
Flavobacterium sp. xlx-214	2654325	S	18	1	19	0.0002631907
Bacteroides intestinalis	329854	S	19	0	19	0.0002631907
Pedobacter sp. JBR3-12	2789740	S	19	0	19	0.0002631907
Mucilaginibacter paludis	423351	S	19	0	19	0.0002631907
Runella slithyformis	106	S	18	1	19	0.0002631907
Gemmatimonas phototrophica	1379270	S	19	0	19	0.0002631907
Candidatus Nitrosotalea okcheonensis	1903276	S	19	0	19	0.0002631907
Polynucleobacter sp. LimPoW16	1743162	S	18	0	18	0.0002493386
Burkholderia cepacia	292	S	11	7	18	0.0002493386
Paraburkholderia sp. 7MH5	2547399	S	17	1	18	0.0002493386
Herbaspirillum huttiense	863372	S	12	6	18	0.0002493386
Noviherbaspirillum sp. UKPF54	2601898	S	17	1	18	0.0002493386
Bordetella trematum	123899	S	15	3	18	0.0002493386
Bordetella genomosp. 13	463040	S	13	5	18	0.0002493386
Niveibacterium sp. HC41	2811415	S	17	1	18	0.0002493386
Pseudogulbenkiania sp. NH8B	748280	S	16	2	18	0.0002493386
Acinetobacter sp. ACNIH2	1758189	S	14	4	18	0.0002493386
Acinetobacter sp. ACNIH1	1636603	S	6	12	18	0.0002493386
Enterobacter cloacae	550	S	9	9	18	0.0002493386
Pseudoxanthomonas suwonensis	314722	S	18	0	18	0.0002493386
Vibrio neocaledonicus	1208308	S	4	14	18	0.0002493386
Bradyrhizobium sp. CCBAU 51753	1325100	S	16	2	18	0.0002493386
Bradyrhizobium sp. 1(2017)	1404888	S	15	3	18	0.0002493386
Devosia sp. A16	1736675	S	17	1	18	0.0002493386
Hyphomicrobium sp. MC1	717785	S	18	0	18	0.0002493386
Starkeya sp. ORNL1	2709380	S	16	2	18	0.0002493386
Azorhizobium caulinodans	7	S	16	2	18	0.0002493386
Martelella mediterranea	293089	S	13	5	18	0.0002493386
Sphingomonas sp. XS-10	2599297	S	18	0	18	0.0002493386
Sphingobium sp. SCG-1	2072936	S	18	0	18	0.0002493386
Sphingobium sp. MI1205	407020	S	7	11	18	0.0002493386
Sphingobium sp. LF-16	2185111	S	2	16	18	0.0002493386
Sphingobium baderi	1332080	S	7	11	18	0.0002493386
Erythrobacter sp. HL-111	1798193	S	17	1	18	0.0002493386
Porphyrobacter sp. HT-58-2	2023229	S	16	2	18	0.0002493386
Roseovarius indicus	540747	S	9	9	18	0.0002493386
Yoonia vestfoldensis	245188	S	13	5	18	0.0002493386
Terricaulis silvestris	2686094	S	18	0	18	0.0002493386
Magnetospirillum gryphiswaldense	55518	S	17	1	18	0.0002493386
Hypericibacter adhaerens	2602016	S	17	1	18	0.0002493386
Tistrella mobilis	171437	S	14	4	18	0.0002493386
Komagataeibacter xylinus	28448	S	8	10	18	0.0002493386
Arcobacter ellisii	913109	S	15	3	18	0.0002493386
Arcobacter cloacae	1054034	S	13	5	18	0.0002493386
Bdellovibrio exovorus	453816	S	18	0	18	0.0002493386
Microbacterium sp. TPU 3598	1938334	S	14	4	18	0.0002493386
Microbacterium sp. Y-01	2048898	S	12	6	18	0.0002493386
Microbacterium lemovicicum	1072463	S	16	2	18	0.0002493386
Agromyces aureus	453304	S	15	3	18	0.0002493386
Leifsonia xyli	1575	S	17	1	18	0.0002493386
Mycolicibacterium rutilum	370526	S	15	3	18	0.0002493386
Cutibacterium granulosum	33011	S	16	2	18	0.0002493386
Nocardioides sp. HDW12B	2714939	S	15	3	18	0.0002493386
Nocardioides sp. S-1144	2582905	S	15	3	18	0.0002493386
Nocardioides sp. CF8	110319	S	14	4	18	0.0002493386
Nocardioides sp. S5	2017486	S	13	5	18	0.0002493386
Actinoplanes friuliensis	196914	S	17	1	18	0.0002493386
Amycolatopsis sp. YIM 10	2653857	S	15	3	18	0.0002493386
Pseudonocardia sp. CGMCC 4.1532	2761535	S	15	3	18	0.0002493386
Conexibacter sp. SYSU D00693	2812560	S	15	3	18	0.0002493386
Clostridium butyricum	1492	S	18	0	18	0.0002493386
Paenibacillus polymyxa	1406	S	5	13	18	0.0002493386
Staphylococcus capitis	29388	S	16	2	18	0.0002493386
Enterococcus gilvus	160453	S	18	0	18	0.0002493386
Calothrix parietina	32054	S	17	1	18	0.0002493386
Tenacibaculum jejuense	584609	S	18	0	18	0.0002493386
Tenacibaculum todarodis	1850252	S	15	3	18	0.0002493386
Algibacter sp. L1A34	2686365	S	14	4	18	0.0002493386
Flavivirga eckloniae	1803846	S	18	0	18	0.0002493386
Gillisia sp. Hel1_33_143	1336796	S	14	4	18	0.0002493386
Chryseobacterium indologenes	253	S	14	4	18	0.0002493386
Elizabethkingia anophelis	1117645	S	10	8	18	0.0002493386
Empedobacter falsenii	343874	S	12	6	18	0.0002493386
Parabacteroides goldsteinii	328812	S	18	0	18	0.0002493386
Spirosoma sp. PL0136	2710596	S	18	0	18	0.0002493386
Adhaeribacter radiodurans	2745197	S	17	1	18	0.0002493386
Flavihumibacter sp. SB-02	2676868	S	17	1	18	0.0002493386
Gemmatirosa kalamazoonesis	861299	S	18	0	18	0.0002493386
Stieleria neptunia	2527979	S	16	2	18	0.0002493386
Rosistilla oblonga	2527990	S	13	5	18	0.0002493386
Paludisphaera borealis	1387353	S	14	4	18	0.0002493386
Candidatus Symbiobacter mobilis	1436290	S	17	0	17	0.0002354864
Cupriavidus oxalaticus	96344	S	13	4	17	0.0002354864
Paraburkholderia tropica	92647	S	15	2	17	0.0002354864
Paraburkholderia phytofirmans	261302	S	13	4	17	0.0002354864
Paraburkholderia xenovorans	36873	S	10	7	17	0.0002354864
Herminiimonas arsenitoxidans	1809410	S	14	3	17	0.0002354864
Bordetella bronchialis	463025	S	16	1	17	0.0002354864
Achromobacter sp. AONIH1	1758194	S	10	7	17	0.0002354864
Thauera hydrothermalis	2184083	S	15	2	17	0.0002354864
Aromatoleum petrolei	76116	S	13	4	17	0.0002354864
Denitratisoma sp. DHT3	1981880	S	11	6	17	0.0002354864
Pseudomonas psychrophila	122355	S	17	0	17	0.0002354864
Pseudomonas psychrotolerans	237610	S	16	1	17	0.0002354864
Pseudomonas brassicacearum	930166	S	7	10	17	0.0002354864
Acinetobacter lanii	2715163	S	17	0	17	0.0002354864
Psychrobacter sp. P11F6	1699621	S	16	1	17	0.0002354864
Rhodanobacter glycinis	582702	S	16	1	17	0.0002354864
Hahella sp. KA22	1628392	S	16	1	17	0.0002354864
Legionella pneumophila	446	S	14	3	17	0.0002354864
Haemophilus influenzae	727	S	15	2	17	0.0002354864
Bosea sp. Tri-49	1867715	S	16	1	17	0.0002354864
Bosea sp. AS-1	2015316	S	15	2	17	0.0002354864
Methylobacterium sp. 4-46	426117	S	16	1	17	0.0002354864
Ochrobactrum sp. MT180101	2726427	S	4	13	17	0.0002354864
Croceicoccus marinus	450378	S	12	5	17	0.0002354864
Rhodovulum sulfidophilum	35806	S	14	3	17	0.0002354864
Phenylobacterium zucineum	284016	S	15	2	17	0.0002354864
Azospirillum baldaniorum	1064539	S	8	9	17	0.0002354864
Corallococcus coralloides	184914	S	16	1	17	0.0002354864
Microbacterium sp. YJN-G	2763257	S	14	3	17	0.0002354864
Plantibacter sp. M259	2583822	S	12	5	17	0.0002354864
Nocardia terpenica	455432	S	16	1	17	0.0002354864
Corynebacterium glutamicum	1718	S	2	15	17	0.0002354864
Streptomyces sp. RLB1-33	2721243	S	15	2	17	0.0002354864
Streptomyces sp. CRPJ-33	2768068	S	15	2	17	0.0002354864
Streptomyces sp. LBUM 1475	2609807	S	1	16	17	0.0002354864
Streptacidiphilus bronchialis	2126346	S	15	2	17	0.0002354864
Propioniciclava sp. HDW11	2714937	S	13	4	17	0.0002354864
Nocardioides sp. HDW12A	2714938	S	13	4	17	0.0002354864
Nocardioides sp. zg-579	2663857	S	13	4	17	0.0002354864
Kibdelosporangium phytohabitans	860235	S	16	1	17	0.0002354864
Enterococcus faecium	1352	S	9	8	17	0.0002354864
[Phormidium] sp. ETS-05	222819	S	17	0	17	0.0002354864
Fischerella sp. NIES-4106	2005456	S	14	3	17	0.0002354864
Polaribacter sp. L3A8	2686361	S	15	2	17	0.0002354864
Myroides odoratus	256	S	16	1	17	0.0002354864
Myroides fluvii	2572594	S	16	1	17	0.0002354864
Wenyingzhuangia fucanilytica	1790137	S	16	1	17	0.0002354864
Zunongwangia profunda	398743	S	9	8	17	0.0002354864
Chryseobacterium gleum	250	S	9	8	17	0.0002354864
Chryseobacterium bernardetii	1241978	S	8	9	17	0.0002354864
Pedobacter sp. PACM 27299	1727164	S	16	1	17	0.0002354864
Sphingobacterium sp. ML3W	1538644	S	16	1	17	0.0002354864
Stieleria maiorica	2795974	S	13	4	17	0.0002354864
Planctopirus limnophila	120	S	13	4	17	0.0002354864
uncultured crAssphage	1211417	S	17	0	17	0.0002354864
Burkholderia ubonensis	101571	S	7	9	16	0.0002216343
Burkholderia sp. DHOD12	2571746	S	16	0	16	0.0002216343
Thiomonas arsenitoxydans	426114	S	6	10	16	0.0002216343
Bordetella genomosp. 8	1416806	S	15	1	16	0.0002216343
Candidatus Methylopumilus planktonicus	1581557	S	14	2	16	0.0002216343
Methyloversatilis sp. RAC08	1842540	S	16	0	16	0.0002216343
Pseudomonas mendocina	300	S	14	2	16	0.0002216343
Acinetobacter sp. NEB149	2725684	S	6	10	16	0.0002216343
Acinetobacter calcoaceticus	471	S	15	1	16	0.0002216343
Acinetobacter venetianus	52133	S	14	2	16	0.0002216343
Pantoea agglomerans	549	S	15	1	16	0.0002216343
Morganella morganii	582	S	14	2	16	0.0002216343
Edwardsiella tarda	636	S	4	12	16	0.0002216343
Stenotrophomonas acidaminiphila	128780	S	10	6	16	0.0002216343
Xanthomonas hortorum	56454	S	15	1	16	0.0002216343
Rhodanobacter sp. FDAARGOS 1247	2778082	S	14	2	16	0.0002216343
Luteibacter rhizovicinus	242606	S	16	0	16	0.0002216343
Alteromonas macleodii	28108	S	11	5	16	0.0002216343
Halomonas titanicae	664683	S	3	13	16	0.0002216343
Methylomonas koyamae	702114	S	7	9	16	0.0002216343
Bradyrhizobium sp. PSBB068	2715960	S	13	3	16	0.0002216343
Bradyrhizobium oligotrophicum	44255	S	15	1	16	0.0002216343
Bosea vaviloviae	1526658	S	15	1	16	0.0002216343
Variibacter gotjawalensis	1333996	S	16	0	16	0.0002216343
Agrobacterium rubi	28099	S	13	3	16	0.0002216343
Georhizobium profundi	2341112	S	13	3	16	0.0002216343
Mesorhizobium sp. N3	675281	S	14	2	16	0.0002216343
Methylobacterium aquaticum	270351	S	13	3	16	0.0002216343
Devosia sp. G19	2801335	S	15	1	16	0.0002216343
Devosia sp. D6-9	2664417	S	8	8	16	0.0002216343
Aquabacter sp. L1I39	2820278	S	15	1	16	0.0002216343
Xanthobacter sp. YN2	2528964	S	12	4	16	0.0002216343
Stappia indica	538381	S	14	2	16	0.0002216343
Parvibaculum lavamentivorans	256618	S	11	5	16	0.0002216343
Sphingomonas sp. MK52	2711156	S	16	0	16	0.0002216343
Sphingomonas paucimobilis	13689	S	12	4	16	0.0002216343
Sphingopyxis sp. OPL5	2486273	S	15	1	16	0.0002216343
Erythrobacter neustonensis	1112	S	15	1	16	0.0002216343
Altererythrobacter atlanticus	1267766	S	12	4	16	0.0002216343
Celeribacter indicus	1208324	S	9	7	16	0.0002216343
Epibacterium mobile	379347	S	11	5	16	0.0002216343
Brevundimonas sp. AJA228-03	2752515	S	16	0	16	0.0002216343
Azospirillum lipoferum	193	S	13	3	16	0.0002216343
[Arcobacter] porcinus	1935204	S	14	2	16	0.0002216343
Arcobacter defluvii	873191	S	14	2	16	0.0002216343
Helicobacter pylori	210	S	15	1	16	0.0002216343
Microbacterium sp. Se63.02b	2709304	S	12	4	16	0.0002216343
Cellulomonas sp. Y8	2591145	S	13	3	16	0.0002216343
Mycolicibacter sinensis	875328	S	2	14	16	0.0002216343
Rhodococcus sp. 008	1723645	S	3	13	16	0.0002216343
Streptomyces sp. GS7	2692234	S	15	1	16	0.0002216343
Streptomyces lydicus	47763	S	13	3	16	0.0002216343
Nocardioides sp. JS614	196162	S	14	2	16	0.0002216343
Candidatus Nanopelagicus limnes	1884634	S	16	0	16	0.0002216343
Micromonospora sp. B006	2201999	S	10	6	16	0.0002216343
Saccharothrix espanaensis	103731	S	14	2	16	0.0002216343
Nonomuraea sp. ATCC 55076	1909395	S	14	2	16	0.0002216343
Baekduia soli	496014	S	15	1	16	0.0002216343
[Clostridium] scindens	29347	S	14	2	16	0.0002216343
Lachnoclostridium sp. YL32	1834196	S	7	9	16	0.0002216343
Desulfitobacterium hafniense	49338	S	16	0	16	0.0002216343
Nostoc piscinale	224012	S	14	2	16	0.0002216343
Rivularia sp. PCC 7116	373994	S	16	0	16	0.0002216343
Capnocytophaga sp. oral taxon 323	1705617	S	3	13	16	0.0002216343
Tenacibaculum sp. SZ-18	754423	S	16	0	16	0.0002216343
Formosa agariphila	320324	S	15	1	16	0.0002216343
Lacinutrix sp. WUR7	2653681	S	14	2	16	0.0002216343
Lutibacter profundi	1622118	S	16	0	16	0.0002216343
Empedobacter brevis	247	S	13	3	16	0.0002216343
Pedobacter sp. eg	2201271	S	16	0	16	0.0002216343
Pedobacter ginsengisoli	363852	S	16	0	16	0.0002216343
Mucilaginibacter ginsenosidivorans	398053	S	16	0	16	0.0002216343
Sphingobacterium spiritivorum	258	S	12	4	16	0.0002216343
Arcticibacterium luteifluviistationis	1784714	S	15	1	16	0.0002216343
Bernardetia litoralis	999	S	16	0	16	0.0002216343
Panacibacter ginsenosidivorans	1813871	S	16	0	16	0.0002216343
Candidatus Solibacter usitatus	332163	S	16	0	16	0.0002216343
Paludibaculum fermentans	1473598	S	16	0	16	0.0002216343
Methanosarcina barkeri	2208	S	16	0	16	0.0002216343
Flavobacterium phage vB_FspS_snork6-1	2686270	S	2	14	16	0.0002216343
Burkholderia anthina	179879	S	10	5	15	0.0002077821
Cupriavidus malaysiensis	367825	S	2	13	15	0.0002077821
Paraburkholderia acidisoli	2571748	S	14	1	15	0.0002077821
Bordetella sp. H567	1697043	S	14	1	15	0.0002077821
Achromobacter sp. MFA1 R4	1881016	S	13	2	15	0.0002077821
Achromobacter pestifer	1353889	S	9	6	15	0.0002077821
Nitrosomonas ureae	44577	S	13	2	15	0.0002077821
Sulfurimicrobium lacus	2715678	S	15	0	15	0.0002077821
Pseudomonas sp. URMO17WK12:I11	1283291	S	10	5	15	0.0002077821
Pseudomonas alcaligenes	43263	S	12	3	15	0.0002077821
Pseudomonas rhizosphaerae	216142	S	15	0	15	0.0002077821
Pseudomonas entomophila	312306	S	14	1	15	0.0002077821
Pseudomonas koreensis	198620	S	13	2	15	0.0002077821
Serratia fonticola	47917	S	12	3	15	0.0002077821
Rhodanobacter denitrificans	666685	S	14	1	15	0.0002077821
Shewanella baltica	62322	S	9	6	15	0.0002077821
Cellvibrio sp. PSBB023	1945512	S	14	1	15	0.0002077821
Bradyrhizobium sp. CCBAU 51765	1325102	S	12	3	15	0.0002077821
Bradyrhizobium canariense	255045	S	15	0	15	0.0002077821
Bradyrhizobium cosmicum	1404864	S	13	2	15	0.0002077821
Rhizobium sp. NIBRBAC000502774	2590777	S	6	9	15	0.0002077821
Agrobacterium vitis	373	S	14	1	15	0.0002077821
Ensifer adhaerens	106592	S	12	3	15	0.0002077821
Methylobacterium sp. DM1	2067957	S	5	10	15	0.0002077821
Methylobacterium currus	2051553	S	12	3	15	0.0002077821
Devosia ginsengisoli	400770	S	13	2	15	0.0002077821
Starkeya novella	921	S	11	4	15	0.0002077821
Aureimonas populi	1701758	S	14	1	15	0.0002077821
Nordella sp. HKS 07	2712222	S	15	0	15	0.0002077821
Chelatococcus daeguensis	444444	S	10	5	15	0.0002077821
Sphingomonas sp. AP4-R1	2735134	S	15	0	15	0.0002077821
Sphingobium sp. EP60837	1855519	S	13	2	15	0.0002077821
Sphingobium sp. YBL2	484429	S	3	12	15	0.0002077821
Sphingopyxis alaskensis	117207	S	14	1	15	0.0002077821
Erythrobacter mangrovi	2739433	S	12	3	15	0.0002077821
Paracoccus sp. Arc7-R13	2500532	S	13	2	15	0.0002077821
Paracoccus liaowanqingii	2560053	S	15	0	15	0.0002077821
Brevundimonas sp. GW460-12-10-14-LB2	1827469	S	9	6	15	0.0002077821
Hypericibacter terrae	2602015	S	15	0	15	0.0002077821
Campylobacter concisus	199	S	15	0	15	0.0002077821
Candidatus Rhodoluna planktonica	535712	S	15	0	15	0.0002077821
Curtobacterium sp. 24E2	2804758	S	13	2	15	0.0002077821
Protaetiibacter intestinalis	2419774	S	13	2	15	0.0002077821
Agreia sp. COWG	2773266	S	15	0	15	0.0002077821
Kocuria palustris	71999	S	12	3	15	0.0002077821
Glutamicibacter nicotianae	37929	S	5	10	15	0.0002077821
Janibacter indicus	857417	S	9	6	15	0.0002077821
Mycolicibacterium boenickei	146017	S	4	11	15	0.0002077821
Mycobacterium gordonae	1778	S	15	0	15	0.0002077821
Streptomyces sp. LBUM 1482	2609809	S	1	14	15	0.0002077821
Kitasatospora sp. NA04385	2742135	S	12	3	15	0.0002077821
Nocardioides sp. dk884	2662361	S	9	6	15	0.0002077821
Nocardioides sp. ZJ1313	2685869	S	9	6	15	0.0002077821
Saccharothrix sp. 6-C	2781735	S	13	2	15	0.0002077821
Actinomadura sp. NAK00032	2742128	S	13	2	15	0.0002077821
Actinomadura verrucosospora	46165	S	13	2	15	0.0002077821
Nocardiopsis dassonvillei	2014	S	14	1	15	0.0002077821
Lacrimispora saccharolytica	84030	S	13	2	15	0.0002077821
Fischerella sp. NIES-3754	1752063	S	8	7	15	0.0002077821
Myroides odoratimimus	76832	S	5	10	15	0.0002077821
Formosa sp. Hel1_31_208	1798225	S	14	1	15	0.0002077821
Chryseobacterium glaciei	1685010	S	13	2	15	0.0002077821
Chryseobacterium manosquense	2754694	S	6	9	15	0.0002077821
Kaistella jeonii	266749	S	15	0	15	0.0002077821
Bacteroides sp. HF-162	2785531	S	4	11	15	0.0002077821
Petrimonas mucosa	1642646	S	15	0	15	0.0002077821
Pedobacter heparinus	984	S	15	0	15	0.0002077821
Pedobacter steynii	430522	S	15	0	15	0.0002077821
Sphingobacterium sp. 21	743722	S	2	13	15	0.0002077821
Arachidicoccus soli	2341117	S	15	0	15	0.0002077821
Methanosarcina mazei	2209	S	15	0	15	0.0002077821
Paraburkholderia terricola	169427	S	12	2	14	0.0001939300
Bordetella sp. N	1746199	S	13	1	14	0.0001939300
Bordetella flabilis	463014	S	14	0	14	0.0001939300
Azoarcus sp. KH32C	748247	S	13	1	14	0.0001939300
Azoarcus sp. CIB	198107	S	10	4	14	0.0001939300
Chromobacterium phragmitis	2202141	S	12	2	14	0.0001939300
Crenobacter cavernae	2290923	S	13	1	14	0.0001939300
Methylophilus medardicus	2588534	S	12	2	14	0.0001939300
Sulfuriferula plumbiphila	171865	S	13	1	14	0.0001939300
Pseudomonas sp. S1-A32-2	2731681	S	14	0	14	0.0001939300
Pseudomonas synxantha	47883	S	10	4	14	0.0001939300
Pseudomonas extremaustralis	359110	S	13	1	14	0.0001939300
Pseudomonas knackmussii	65741	S	10	4	14	0.0001939300
Enterobacter hormaechei	158836	S	4	10	14	0.0001939300
Lelliottia amnigena	61646	S	14	0	14	0.0001939300
Yersinia enterocolitica	630	S	13	1	14	0.0001939300
Candidatus Erwinia haradaeae	1922217	S	14	0	14	0.0001939300
Dickeya paradisiaca	69223	S	8	6	14	0.0001939300
Thermomonas brevis	215691	S	12	2	14	0.0001939300
Dyella thiooxydans	445710	S	13	1	14	0.0001939300
Dokdonella koreensis	323415	S	14	0	14	0.0001939300
Sinimarinibacterium sp. NLF-5-8	2698684	S	12	2	14	0.0001939300
Bradyrhizobium sp. ORS 278	114615	S	12	2	14	0.0001939300
Bradyrhizobium genosp. L	83637	S	13	1	14	0.0001939300
Bradyrhizobium betae	244734	S	9	5	14	0.0001939300
Rhizobium etli	29449	S	10	4	14	0.0001939300
Rhizobium oryzihabitans	2267833	S	7	7	14	0.0001939300
Rhizobium phaseoli	396	S	5	9	14	0.0001939300
Methylobacterium durans	2202825	S	13	1	14	0.0001939300
Microvirga sp. VF16	2807101	S	13	1	14	0.0001939300
Hyphomicrobium nitrativorans	1427356	S	14	0	14	0.0001939300
Lichenihabitans psoromatis	2528642	S	14	0	14	0.0001939300
Sphingomonas sp. C8-2	2492837	S	8	6	14	0.0001939300
Sphingobium japonicum	332056	S	10	4	14	0.0001939300
Roseovarius faecimaris	2494550	S	13	1	14	0.0001939300
Dinoroseobacter shibae	215813	S	8	6	14	0.0001939300
Confluentimicrobium sp. EMB200-NS6	1609966	S	7	7	14	0.0001939300
Asticcacaulis excentricus	78587	S	14	0	14	0.0001939300
Magnetospirillum magneticum	84159	S	11	3	14	0.0001939300
Nitrospirillum amazonense	28077	S	13	1	14	0.0001939300
Granulibacter bethesdensis	364410	S	14	0	14	0.0001939300
Lichenicola cladoniae	1484109	S	14	0	14	0.0001939300
Hyphomonas sp. CACIAM 19H1	1873716	S	13	1	14	0.0001939300
Anaeromyxobacter sp. Fw109-5	404589	S	14	0	14	0.0001939300
Plantibacter flavus	150123	S	10	4	14	0.0001939300
Protaetiibacter sp. SSC-01	2759943	S	12	2	14	0.0001939300
Glutamicibacter arilaitensis	256701	S	11	3	14	0.0001939300
Arsenicicoccus sp. oral taxon 190	1658671	S	11	3	14	0.0001939300
Brevibacterium linens	1703	S	9	5	14	0.0001939300
Mycolicibacterium arabiense	1286181	S	13	1	14	0.0001939300
Mycolicibacterium sediminis	1286180	S	13	1	14	0.0001939300
Dietzia sp. oral taxon 368	712270	S	6	8	14	0.0001939300
Streptomyces sp. SN-593	659352	S	13	1	14	0.0001939300
Streptomyces paludis	2282738	S	13	1	14	0.0001939300
Nocardioides sambongensis	2589074	S	12	2	14	0.0001939300
Candidatus Nanopelagicus abundans	1884916	S	14	0	14	0.0001939300
Micromonospora krabiensis	307121	S	12	2	14	0.0001939300
Amycolatopsis albispora	1804986	S	11	3	14	0.0001939300
Schaalia sp. JY-X169	2758572	S	14	0	14	0.0001939300
Actinomadura sp. WMMB 499	1219491	S	13	1	14	0.0001939300
Actinomadura sp. WMMA1423	2591108	S	12	2	14	0.0001939300
Frankia sp. EAN1pec	298653	S	14	0	14	0.0001939300
Lachnospira eligens	39485	S	14	0	14	0.0001939300
Clostridium kluyveri	1534	S	14	0	14	0.0001939300
Dysosmobacter welbionis	2093857	S	5	9	14	0.0001939300
Streptococcus salivarius	1304	S	10	4	14	0.0001939300
Pelosinus sp. UFO1	484770	S	9	5	14	0.0001939300
Faecalitalea cylindroides	39483	S	9	5	14	0.0001939300
Geminocystis sp. NIES-3708	1615909	S	11	3	14	0.0001939300
Nostoc sp. CENA543	1869241	S	13	1	14	0.0001939300
Nostoc edaphicum	264686	S	11	3	14	0.0001939300
Calothrix sp. NIES-2098	1954171	S	6	8	14	0.0001939300
Calothrix brevissima	938406	S	9	5	14	0.0001939300
Pseudanabaena sp. ABRG5-3	685565	S	14	0	14	0.0001939300
Flavobacterium magnum	2162713	S	13	1	14	0.0001939300
Polaribacter sp. L12M9	2738844	S	8	6	14	0.0001939300
Polaribacter vadi	1774273	S	13	1	14	0.0001939300
Winogradskyella sp. PG-2	754409	S	12	2	14	0.0001939300
Aquimarina sp. AD10	1714849	S	14	0	14	0.0001939300
Dokdonia sp. PRO95	1239415	S	11	3	14	0.0001939300
Amniculibacterium sp. G2-70	2767188	S	9	5	14	0.0001939300
Psychroserpens sp. NJDZ02	2570561	S	6	8	14	0.0001939300
Chryseobacterium sp. IHB B 17019	1721091	S	13	1	14	0.0001939300
Chryseobacterium sp. cx-624	2758037	S	13	1	14	0.0001939300
Chryseobacterium arthrosphaerae	651561	S	10	4	14	0.0001939300
Fluviicola taffensis	191579	S	14	0	14	0.0001939300
Bacteroides sp. HF-5287	2650157	S	13	1	14	0.0001939300
Labilibaculum antarcticum	1717717	S	14	0	14	0.0001939300
Runella sp. SP2	2268026	S	14	0	14	0.0001939300
Hymenobacter sp. HDW8	2714932	S	4	10	14	0.0001939300
Chryseolinea soli	2321403	S	14	0	14	0.0001939300
Roseivirga pacifica	1267423	S	14	0	14	0.0001939300
Chitinophaga pinensis	79329	S	12	2	14	0.0001939300
Chitinophaga agri	2703787	S	11	3	14	0.0001939300
Flavisolibacter ginsenosidimutans	661481	S	14	0	14	0.0001939300
Flavisolibacter tropicus	1492898	S	13	1	14	0.0001939300
Tuwongella immobilis	692036	S	14	0	14	0.0001939300
Treponema denticola	158	S	9	5	14	0.0001939300
Flavobacterium phage vB_FspS_filifjonk9-1	2686245	S	6	8	14	0.0001939300
Paraburkholderia sp. PGU16	2735433	S	10	3	13	0.0001800778
Paraburkholderia caffeinilytica	1761016	S	11	2	13	0.0001800778
Chitinimonas arctica	2594795	S	13	0	13	0.0001800778
Janthinobacterium sp. 17J80-10	2497863	S	12	1	13	0.0001800778
Bordetella petrii	94624	S	7	6	13	0.0001800778
Achromobacter insolitus	217204	S	11	2	13	0.0001800778
Chromobacterium violaceum	536	S	10	3	13	0.0001800778
Chromobacterium rhizoryzae	1778675	S	3	10	13	0.0001800778
Vogesella sp. LIG4	1192162	S	12	1	13	0.0001800778
Denitratisoma oestradiolicum	311182	S	12	1	13	0.0001800778
Pseudomonas sp. K2W31S-8	2320867	S	13	0	13	0.0001800778
Pseudomonas sp. 13159349	2662034	S	2	11	13	0.0001800778
Pseudomonas cichorii	36746	S	13	0	13	0.0001800778
Pseudomonas asturiensis	1190415	S	13	0	13	0.0001800778
Pseudomonas lundensis	86185	S	13	0	13	0.0001800778
Pseudomonas fragi	296	S	8	5	13	0.0001800778
Pseudomonas frederiksbergensis	104087	S	11	2	13	0.0001800778
Acinetobacter bereziniae	106648	S	12	1	13	0.0001800778
Acinetobacter piscicola	2006115	S	11	2	13	0.0001800778
Acinetobacter ursingii	108980	S	11	2	13	0.0001800778
Pantoea ananatis	553	S	12	1	13	0.0001800778
Xanthomonas citri	346	S	10	3	13	0.0001800778
Haemophilus parainfluenzae	729	S	13	0	13	0.0001800778
Methylomicrobium album	39775	S	13	0	13	0.0001800778
Beggiatoa leptomitoformis	288004	S	13	0	13	0.0001800778
Bradyrhizobium sp. 6(2017)	1197460	S	11	2	13	0.0001800778
Bradyrhizobium sp. CCBAU 53338	1325111	S	8	5	13	0.0001800778
Bosea sp. ANAM02	2020412	S	11	2	13	0.0001800778
Nitrobacter hamburgensis	912	S	12	1	13	0.0001800778
Rhizobium sp. S41	1869170	S	1	12	13	0.0001800778
Sinorhizobium sp. RAC02	1842534	S	12	1	13	0.0001800778
Shinella sp. HZN7	879274	S	8	5	13	0.0001800778
Mesorhizobium sp. M7D.F.Ca.US.005.01.1.1	2493678	S	10	3	13	0.0001800778
Mesorhizobium sp. 131-2-1	2744518	S	9	4	13	0.0001800778
Labrys sp. KNU-23	2789216	S	13	0	13	0.0001800778
Sphingomonas sp. C33	2698679	S	13	0	13	0.0001800778
Sphingomonas sp. SH	849864	S	1	12	13	0.0001800778
Sphingomonas insulae	424800	S	12	1	13	0.0001800778
Sphingosinithalassobacter sp. CS137	2762748	S	12	1	13	0.0001800778
Citromicrobium sp. JL477	1634516	S	10	3	13	0.0001800778
Tardibacter chloracetimidivorans	1921510	S	7	6	13	0.0001800778
Erythrobacter sp. A30-3	2785907	S	8	5	13	0.0001800778
Altererythrobacter sp. B11	2060312	S	11	2	13	0.0001800778
Altererythrobacter epoxidivorans	361183	S	12	1	13	0.0001800778
Tsuneonella dongtanensis	692370	S	12	1	13	0.0001800778
Tsuneonella mangrovi	1982042	S	12	1	13	0.0001800778
Tsuneonella amylolytica	2338327	S	11	2	13	0.0001800778
Aurantiacibacter gangjinensis	502682	S	13	0	13	0.0001800778
Leisingera aquaemixtae	1396826	S	11	2	13	0.0001800778
Celeribacter manganoxidans	1411902	S	10	3	13	0.0001800778
Salipiger profundus	1229727	S	8	5	13	0.0001800778
Pseudorhodobacter turbinis	2500533	S	13	0	13	0.0001800778
Defluviimonas alba	1335048	S	10	3	13	0.0001800778
Acidibrevibacterium fodinaquatile	1969806	S	13	0	13	0.0001800778
Candidatus Pelagibacter ubique	198252	S	8	5	13	0.0001800778
Chondromyces crocatus	52	S	13	0	13	0.0001800778
Geobacter sulfurreducens	35554	S	11	2	13	0.0001800778
Humibacter sp. WJ7-1	2599293	S	12	1	13	0.0001800778
Glaciihabitans sp. INWT7	2596912	S	13	0	13	0.0001800778
Microterricola viridarii	412690	S	12	1	13	0.0001800778
Arthrobacter alpinus	656366	S	8	5	13	0.0001800778
Brevibacterium aurantiacum	273384	S	8	5	13	0.0001800778
Ornithinimicrobium flavum	1288636	S	11	2	13	0.0001800778
Mycolicibacterium gilvum	1804	S	8	5	13	0.0001800778
Rhodococcus biphenylivorans	1500843	S	2	11	13	0.0001800778
Nocardia sp. CS682	1047172	S	12	1	13	0.0001800778
Streptomyces antibioticus	1890	S	12	1	13	0.0001800778
Streptomyces bingchenggensis	379067	S	12	1	13	0.0001800778
Kitasatospora setae	2066	S	10	3	13	0.0001800778
Microlunatus phosphovorus	29405	S	12	1	13	0.0001800778
Brevilactibacter sp. MC1595	2819349	S	10	3	13	0.0001800778
Nocardioides seonyuensis	2518371	S	11	2	13	0.0001800778
Nocardioides daphniae	402297	S	10	3	13	0.0001800778
Micromonospora rifamycinica	291594	S	10	3	13	0.0001800778
Amycolatopsis sp. AA4	1896961	S	12	1	13	0.0001800778
Actinosynnema pretiosum	42197	S	3	10	13	0.0001800778
Frankia inefficax	298654	S	13	0	13	0.0001800778
Euzebya sp. DY32-46	1608957	S	13	0	13	0.0001800778
Clostridium sp. DL-VIII	641107	S	13	0	13	0.0001800778
Flavonifractor plautii	292800	S	13	0	13	0.0001800778
Anaerococcus mediterraneensis	1870984	S	7	6	13	0.0001800778
Trichodesmium erythraeum	1206	S	13	0	13	0.0001800778
Nostoc sp. UHCC 0702	2814655	S	12	1	13	0.0001800778
Acaryochloris marina	155978	S	13	0	13	0.0001800778
Meiothermus silvanus	52022	S	13	0	13	0.0001800778
Polaribacter sp. ALD11	2058137	S	11	2	13	0.0001800778
Polaribacter sejongensis	985043	S	12	1	13	0.0001800778
Capnocytophaga gingivalis	1017	S	12	1	13	0.0001800778
Winogradskyella sediminis	1382466	S	10	3	13	0.0001800778
Algibacter sp. L3A6	2686366	S	10	3	13	0.0001800778
Algibacter alginicilyticus	1736674	S	11	2	13	0.0001800778
Kordia sp. SMS9	2282170	S	13	0	13	0.0001800778
Kordia antarctica	1218801	S	12	1	13	0.0001800778
Tamlana sp. s12	1630406	S	11	2	13	0.0001800778
Chryseobacterium sp. T16E-39	2015076	S	13	0	13	0.0001800778
Chryseobacterium sp. NBC 122	2547600	S	13	0	13	0.0001800778
Chryseobacterium sp. POL2	2713414	S	11	2	13	0.0001800778
Chryseobacterium gallinarum	1324352	S	11	2	13	0.0001800778
Candidatus Sulcia muelleri	336810	S	13	0	13	0.0001800778
Butyricimonas virosa	544645	S	12	1	13	0.0001800778
Mucilaginibacter sp. F39-2	2728022	S	13	0	13	0.0001800778
Mucilaginibacter celer	2305508	S	13	0	13	0.0001800778
Hymenobacter russus	2724192	S	13	0	13	0.0001800778
Flammeovirga sp. MY04	1191459	S	13	0	13	0.0001800778
Chitinophaga sp. 1303	2725414	S	3	10	13	0.0001800778
Arachidicoccus sp. B3-10	2545455	S	13	0	13	0.0001800778
Arachidicoccus ginsenosidivorans	496057	S	13	0	13	0.0001800778
Pirellula staleyi	125	S	13	0	13	0.0001800778
Pandoraea norimbergensis	93219	S	11	1	12	0.0001662257
Pandoraea apista	93218	S	9	3	12	0.0001662257
Caballeronia sp. M1242	2814653	S	11	1	12	0.0001662257
Achromobacter deleyi	1353891	S	5	7	12	0.0001662257
Alcaligenes aquatilis	323284	S	5	7	12	0.0001662257
Orrella dioscoreae	1851544	S	10	2	12	0.0001662257
Rugosibacter aromaticivorans	1565605	S	11	1	12	0.0001662257
Methylophilus sp. TWE2	1662285	S	11	1	12	0.0001662257
Methylobacillus flagellatus	405	S	11	1	12	0.0001662257
Usitatibacter palustris	2732487	S	12	0	12	0.0001662257
Thiobacillus denitrificans	36861	S	12	0	12	0.0001662257
Pseudomonas trivialis	200450	S	10	2	12	0.0001662257
Pseudomonas parafulva	157782	S	11	1	12	0.0001662257
Acinetobacter sp. TGL-Y2	1407071	S	12	0	12	0.0001662257
Acinetobacter guillouiae	106649	S	11	1	12	0.0001662257
Psychrobacter urativorans	45610	S	12	0	12	0.0001662257
Escherichia marmotae	1499973	S	11	1	12	0.0001662257
Yersinia intermedia	631	S	4	8	12	0.0001662257
Lysobacter antibioticus	84531	S	11	1	12	0.0001662257
Pseudoxanthomonas mexicana	128785	S	11	1	12	0.0001662257
Luteibacter pinisoli	2589080	S	12	0	12	0.0001662257
Halomonas sp. THAF12	2587849	S	11	1	12	0.0001662257
Vibrio parahaemolyticus	670	S	11	1	12	0.0001662257
Vibrio vulnificus	672	S	12	0	12	0.0001662257
Thioalkalivibrio sulfidiphilus	1033854	S	9	3	12	0.0001662257
Cellvibrio japonicus	155077	S	12	0	12	0.0001662257
Thiothrix sp.	1032	S	10	2	12	0.0001662257
Rhizobium sp. BG4	2613770	S	11	1	12	0.0001662257
Agrobacterium rhizogenes	359	S	4	8	12	0.0001662257
Mesorhizobium sp. Pch-S	2082387	S	11	1	12	0.0001662257
Mesorhizobium sp. M4B.F.Ca.ET.058.02.1.1	2493675	S	9	3	12	0.0001662257
Mesorhizobium sp. M9A.F.Ca.ET.002.03.1.2	2493668	S	9	3	12	0.0001662257
Mesorhizobium sp. L-8-3	2744522	S	3	9	12	0.0001662257
Aminobacter sp. MDW-2	2666139	S	1	11	12	0.0001662257
Methylobacterium sp. 17Sr1-43	2202828	S	11	1	12	0.0001662257
Methylobacterium nodulans	114616	S	12	0	12	0.0001662257
Aureimonas sp. OT7	2816454	S	6	6	12	0.0001662257
Methylocella tundrae	227605	S	12	0	12	0.0001662257
Sphingobium sp. PAMC28499	2565554	S	7	5	12	0.0001662257
Sphingobium chlorophenolicum	46429	S	8	4	12	0.0001662257
Sphingopyxis sp. QXT-31	1357916	S	10	2	12	0.0001662257
Paracoccus sanguinis	1545044	S	10	2	12	0.0001662257
Sulfitobacter mediterraneus	83219	S	10	2	12	0.0001662257
Roseicitreum antarcticum	564137	S	12	0	12	0.0001662257
Brevundimonas sp. CS1	2813778	S	9	3	12	0.0001662257
Brevundimonas vancanneytii	1325724	S	4	8	12	0.0001662257
Azospirillum sp. TSH58	664962	S	7	5	12	0.0001662257
Niveispirillum cyanobacteriorum	1612173	S	11	1	12	0.0001662257
Acidiphilium multivorum	62140	S	3	9	12	0.0001662257
Roseococcus sp. NIBR12	2771361	S	12	0	12	0.0001662257
Wolbachia pipientis	955	S	4	8	12	0.0001662257
Aliarcobacter trophiarum	708186	S	12	0	12	0.0001662257
Poseidonibacter lekithochrous	1904463	S	12	0	12	0.0001662257
Geobacter sp. M18	443143	S	9	3	12	0.0001662257
Desulfobulbus propionicus	894	S	12	0	12	0.0001662257
Desulfarculus baarsii	453230	S	9	3	12	0.0001662257
Acidithiobacillus ferrivorans	160808	S	12	0	12	0.0001662257
Microbacterium sp. SGAir0570	2070348	S	1	11	12	0.0001662257
Rathayibacter sp. VKM Ac-2804	2609257	S	10	2	12	0.0001662257
Agromyces flavus	589382	S	10	2	12	0.0001662257
Agrococcus carbonis	684552	S	10	2	12	0.0001662257
Mycetocola zhujimingii	2079792	S	11	1	12	0.0001662257
Arthrobacter sp. NEB 688	904039	S	10	2	12	0.0001662257
Janibacter melonis	262209	S	10	2	12	0.0001662257
Brevibacterium casei	33889	S	10	2	12	0.0001662257
Mycobacterium intracellulare	1767	S	3	9	12	0.0001662257
Rhodococcus ruber	1830	S	10	2	12	0.0001662257
Corynebacterium casei	160386	S	5	7	12	0.0001662257
Gordonia polyisoprenivorans	84595	S	12	0	12	0.0001662257
Streptomyces sp. SAT1	1849967	S	11	1	12	0.0001662257
Streptomyces sp. CB01881	2078691	S	11	1	12	0.0001662257
Streptomyces sp. HM190	2695266	S	11	1	12	0.0001662257
Streptomyces buecherae	2763006	S	11	1	12	0.0001662257
Streptomyces niveus	193462	S	11	1	12	0.0001662257
Tessaracoccus defluvii	1285901	S	8	4	12	0.0001662257
Nocardioides sp. zg-1228	2763008	S	10	2	12	0.0001662257
Nocardioides sp. MC1495	2736757	S	10	2	12	0.0001662257
Micromonospora terminaliae	1914461	S	9	3	12	0.0001662257
Amycolatopsis sp. Hca4	2742131	S	10	2	12	0.0001662257
Amycolatopsis keratiniphila	129921	S	7	5	12	0.0001662257
Pseudonocardia autotrophica	2074	S	10	2	12	0.0001662257
Bifidobacterium pseudocatenulatum	28026	S	8	4	12	0.0001662257
Nonomuraea nitratireducens	2656914	S	11	1	12	0.0001662257
Nakamurella sp. PAMC28650	2762325	S	10	2	12	0.0001662257
Kineococcus radiotolerans	131568	S	11	1	12	0.0001662257
Conexibacter woesei	191495	S	11	1	12	0.0001662257
Blautia hansenii	1322	S	9	3	12	0.0001662257
Roseburia hominis	301301	S	9	3	12	0.0001662257
Butyrivibrio fibrisolvens	831	S	11	1	12	0.0001662257
Oscillibacter sp. PEA192	2109687	S	4	8	12	0.0001662257
Paeniclostridium sordellii	1505	S	12	0	12	0.0001662257
Lysinibacillus sphaericus	1421	S	9	3	12	0.0001662257
Lactococcus cremoris	1359	S	12	0	12	0.0001662257
Loigolactobacillus coryniformis	1610	S	10	2	12	0.0001662257
Enterococcus mundtii	53346	S	12	0	12	0.0001662257
Carnobacterium maltaromaticum	2751	S	12	0	12	0.0001662257
Oscillatoria acuminata	118323	S	11	1	12	0.0001662257
Nostoc sp. NIES-2111	1973475	S	3	9	12	0.0001662257
Trichormus azollae	1164	S	11	1	12	0.0001662257
Calothrix sp. NIES-3974	2005462	S	12	0	12	0.0001662257
Deinococcus soli Cha et al. 2016	1309411	S	6	6	12	0.0001662257
Tepidiforma bonchosmolovskayae	2601677	S	12	0	12	0.0001662257
Capnocytophaga canimorsus	28188	S	10	2	12	0.0001662257
Maribacter cobaltidurans	1178778	S	7	5	12	0.0001662257
Olleya aquimaris	639310	S	9	3	12	0.0001662257
Oceanihabitans sp. IOP_32	2529032	S	9	3	12	0.0001662257
Chryseobacterium sp. SNU WT5	2594269	S	11	1	12	0.0001662257
Chryseobacterium joostei	112234	S	9	3	12	0.0001662257
Chryseobacterium taklimakanense	536441	S	10	2	12	0.0001662257
Elizabethkingia miricola	172045	S	8	4	12	0.0001662257
Riemerella anatipestifer	34085	S	12	0	12	0.0001662257
Ornithobacterium rhinotracheale	28251	S	10	2	12	0.0001662257
Bacteroides coprosuis	151276	S	12	0	12	0.0001662257
Alistipes communis	2585118	S	11	1	12	0.0001662257
Odoribacter splanchnicus	28118	S	12	0	12	0.0001662257
Pedobacter suwonensis	332999	S	11	1	12	0.0001662257
Mucilaginibacter ginkgonis	2682091	S	12	0	12	0.0001662257
Spirosoma sp. KCTC 42546	2520506	S	12	0	12	0.0001662257
Dyadobacter fermentans	94254	S	9	3	12	0.0001662257
Rhodocytophaga rosea	2704465	S	12	0	12	0.0001662257
Flammeovirga pectinis	2494373	S	12	0	12	0.0001662257
Marivirga tractuosa	1006	S	10	2	12	0.0001662257
Roseimaritima ulvae	980254	S	12	0	12	0.0001662257
Bremerella volcania	2527984	S	11	1	12	0.0001662257
Rubinisphaera brasiliensis	119	S	12	0	12	0.0001662257
Turneriella parva	29510	S	12	0	12	0.0001662257
Brachyspira hyodysenteriae	159	S	11	1	12	0.0001662257
Terriglobus roseus	392734	S	11	1	12	0.0001662257
Natrialba magadii	13769	S	12	0	12	0.0001662257
Burkholderia sp. Bp7605	1740163	S	11	0	11	0.0001523736
Burkholderia glumae	337	S	10	1	11	0.0001523736
Pandoraea thiooxydans	445709	S	11	0	11	0.0001523736
Pandoraea faecigallinarum	656179	S	10	1	11	0.0001523736
Pandoraea vervacti	656178	S	9	2	11	0.0001523736
Bordetella parapertussis	519	S	1	10	11	0.0001523736
Oligella ureolytica	90244	S	10	1	11	0.0001523736
Kerstersia gyiorum	206506	S	10	1	11	0.0001523736
Thauera aromatica	59405	S	6	5	11	0.0001523736
Aromatoleum bremense	76115	S	9	2	11	0.0001523736
Iodobacter fluviatilis	537	S	9	2	11	0.0001523736
Chitinibacter sp. 2T18	2739434	S	8	3	11	0.0001523736
Microvirgula aerodenitrificans	57480	S	11	0	11	0.0001523736
Pseudomonas sp. IB20	1702250	S	10	1	11	0.0001523736
Pseudomonas sp. phDV1	253237	S	4	7	11	0.0001523736
Pseudomonas sp. Y39-6	2749807	S	3	8	11	0.0001523736
Pseudomonas rhodesiae	76760	S	9	2	11	0.0001523736
Pseudomonas mandelii	75612	S	4	7	11	0.0001523736
Pseudomonas monteilii	76759	S	7	4	11	0.0001523736
Pseudomonas avellanae	46257	S	1	10	11	0.0001523736
Pseudomonas balearica	74829	S	7	4	11	0.0001523736
Pseudomonas litoralis	797277	S	11	0	11	0.0001523736
Pseudomonas yamanorum	515393	S	10	1	11	0.0001523736
Azotobacter chroococcum	353	S	10	1	11	0.0001523736
Acinetobacter sp. NCu2D-2	1608473	S	11	0	11	0.0001523736
Acinetobacter sp. WCHA55	2004646	S	7	4	11	0.0001523736
Acinetobacter nosocomialis	106654	S	9	2	11	0.0001523736
Acinetobacter shaoyimingii	2715164	S	11	0	11	0.0001523736
Acinetobacter radioresistens	40216	S	11	0	11	0.0001523736
Psychrobacter sp. YP14	2203895	S	6	5	11	0.0001523736
Enterobacter ludwigii	299767	S	5	6	11	0.0001523736
Yersinia massiliensis	419257	S	5	6	11	0.0001523736
Yersinia kristensenii	28152	S	4	7	11	0.0001523736
Pectobacterium parmentieri	1905730	S	10	1	11	0.0001523736
Stenotrophomonas sp. 169	2770322	S	11	0	11	0.0001523736
Xanthomonas translucens	343	S	11	0	11	0.0001523736
Lysobacter oculi	2698682	S	11	0	11	0.0001523736
Lysobacter solisilvae	2763317	S	11	0	11	0.0001523736
Marinobacter sp. NP-4(2019)	2488665	S	9	2	11	0.0001523736
Pseudoalteromonas sp. SM9913	234831	S	2	9	11	0.0001523736
Aliivibrio fischeri	668	S	10	1	11	0.0001523736
Halioglobus maricola	2601894	S	11	0	11	0.0001523736
Mannheimia varigena	85404	S	8	3	11	0.0001523736
Sulfuricaulis limicola	1620215	S	11	0	11	0.0001523736
Bradyrhizobium sp. CCBAU 53340	1325112	S	7	4	11	0.0001523736
Bradyrhizobium amphicarpaeae	1404768	S	9	2	11	0.0001523736
Bosea sp. PAMC 26642	1792307	S	10	1	11	0.0001523736
Rhizobium sp. 007	2785056	S	5	6	11	0.0001523736
Rhizobium flavum	1335061	S	7	4	11	0.0001523736
Sinorhizobium sp. M14	430451	S	2	9	11	0.0001523736
Kaistia sp. 32K	2795690	S	10	1	11	0.0001523736
Methylobacterium terrae	2202827	S	9	2	11	0.0001523736
Rhodomicrobium vannielii	1069	S	11	0	11	0.0001523736
Aureimonas sp. AU20	1349819	S	10	1	11	0.0001523736
Sphingomonas ginsengisoli An et al. 2013	363835	S	11	0	11	0.0001523736
Sphingobium sp. SYK-6	627192	S	9	2	11	0.0001523736
Sphingopyxis sp. PAMC25046	2565556	S	9	2	11	0.0001523736
Croceicoccus sp. YJ47	2798724	S	9	2	11	0.0001523736
Paracoccus contaminans	1945662	S	10	1	11	0.0001523736
Sulfitobacter sp. AM1-D1	1917485	S	5	6	11	0.0001523736
Oceanicola sp. D3	2587163	S	11	0	11	0.0001523736
Paraoceanicella profunda	2579971	S	9	2	11	0.0001523736
Ketogulonicigenium vulgare	92945	S	4	7	11	0.0001523736
Phenylobacterium parvum	2201350	S	11	0	11	0.0001523736
Skermanella pratensis	2233999	S	10	1	11	0.0001523736
Ferrovibrio terrae	2594003	S	11	0	11	0.0001523736
Roseomonas sp. 1318	2768161	S	11	0	11	0.0001523736
Roseomonas sp. FDAARGOS_362	2018065	S	1	10	11	0.0001523736
Phreatobacter cathodiphilus	1868589	S	10	1	11	0.0001523736
Phreatobacter sp. NMCR1094	2570229	S	10	1	11	0.0001523736
Campylobacter jejuni	197	S	2	9	11	0.0001523736
Stigmatella aurantiaca	41	S	10	1	11	0.0001523736
Desulfovibrio desulfuricans	876	S	11	0	11	0.0001523736
Desulfovibrio vulgaris	881	S	11	0	11	0.0001523736
Persicimonas caeni	2292766	S	11	0	11	0.0001523736
Bdellovibrio sp. NC01	2220073	S	9	2	11	0.0001523736
Silvanigrella aquatica	1915309	S	11	0	11	0.0001523736
Microbacterium sp. BH-3-3-3	1906742	S	10	1	11	0.0001523736
Microbacterium sp. XT11	367477	S	10	1	11	0.0001523736
Microbacterium oleivorans	273677	S	10	1	11	0.0001523736
Microbacterium aurum	36805	S	9	2	11	0.0001523736
Microbacterium wangchenii	2541726	S	9	2	11	0.0001523736
Rathayibacter sp. VKM Ac-2762	2609254	S	4	7	11	0.0001523736
Rathayibacter iranicus	59737	S	11	0	11	0.0001523736
Leucobacter triazinivorans	1784719	S	9	2	11	0.0001523736
Agrococcus jejuensis	399736	S	10	1	11	0.0001523736
Frigoribacterium sp. NBH87	2596916	S	10	1	11	0.0001523736
Arthrobacter sp. TES	2774874	S	1	10	11	0.0001523736
Arthrobacter agilis	37921	S	11	0	11	0.0001523736
Pseudactinotalea sp. HY158	2654547	S	11	0	11	0.0001523736
Cellulosimicrobium cellulans	1710	S	6	5	11	0.0001523736
Mycolicibacterium phlei	1771	S	9	2	11	0.0001523736
Mycolicibacterium smegmatis	1772	S	9	2	11	0.0001523736
Rhodococcus opacus	37919	S	8	3	11	0.0001523736
Corynebacterium variabile	1727	S	8	3	11	0.0001523736
Corynebacterium amycolatum	43765	S	2	9	11	0.0001523736
Gordonia sp. 1D	1737359	S	5	6	11	0.0001523736
Tsukamurella tyrosinosolvens	57704	S	8	3	11	0.0001523736
Streptomyces sp. So13.3	2136173	S	11	0	11	0.0001523736
Streptomyces sp. S1D4-20	2594462	S	1	10	11	0.0001523736
Streptomyces albus	1888	S	10	1	11	0.0001523736
Streptomyces ficellus	1977088	S	10	1	11	0.0001523736
Streptomyces chartreusis	1969	S	10	1	11	0.0001523736
Streptacidiphilus sp. P02-A3a	2704468	S	9	2	11	0.0001523736
Nocardioides sp. JQ2195	2592334	S	10	1	11	0.0001523736
Nocardioides ungokensis	1643322	S	9	2	11	0.0001523736
Kribbella flavida	182640	S	9	2	11	0.0001523736
Micromonospora coriariae	285665	S	9	2	11	0.0001523736
Micromonospora zamorensis	709883	S	9	2	11	0.0001523736
Phytohabitans flavus	1076124	S	11	0	11	0.0001523736
Pseudonocardia sp. AL041005-10	445576	S	7	4	11	0.0001523736
Frankia alni	1859	S	10	1	11	0.0001523736
Modestobacter marinus	477641	S	10	1	11	0.0001523736
Blautia argi	1912897	S	9	2	11	0.0001523736
Anaerocolumna sedimenticola	2696063	S	11	0	11	0.0001523736
Enterocloster bolteae	208479	S	10	1	11	0.0001523736
Enterocloster clostridioformis	1531	S	4	7	11	0.0001523736
Clostridium sporogenes	1509	S	4	7	11	0.0001523736
Ruminococcus sp. JE7A12	2564099	S	11	0	11	0.0001523736
Ruminiclostridium herbifermentans	2488810	S	10	1	11	0.0001523736
Peribacillus simplex	1478	S	6	5	11	0.0001523736
Streptococcus mitis	28037	S	9	2	11	0.0001523736
Lactiplantibacillus plantarum	1590	S	3	8	11	0.0001523736
Megasphaera elsdenii	907	S	9	2	11	0.0001523736
Gloeothece citriformis	2546356	S	11	0	11	0.0001523736
Nostoc linckia	92942	S	8	3	11	0.0001523736
Calothrix sp. PCC 7507	99598	S	9	2	11	0.0001523736
Scytonema sp. HK-05	1137095	S	5	6	11	0.0001523736
Cyanobium gracile	59930	S	10	1	11	0.0001523736
Deinococcus actinosclerus	1768108	S	7	4	11	0.0001523736
Flavobacterium sp. CS20	2775246	S	9	2	11	0.0001523736
Polaribacter sp. KT25b	1855336	S	10	1	11	0.0001523736
Polaribacter haliotis	1888915	S	6	5	11	0.0001523736
Tenacibaculum sp. DSM 106434	2358479	S	9	2	11	0.0001523736
Winogradskyella helgolandensis	2697010	S	10	1	11	0.0001523736
Maribacter sp. T28	1836467	S	11	0	11	0.0001523736
Aequorivita sp. KX20305	2803865	S	10	1	11	0.0001523736
Salegentibacter salegens	143223	S	10	1	11	0.0001523736
Salegentibacter sp. T436	1729720	S	6	5	11	0.0001523736
Mariniflexile sp. TRM1-10	2027857	S	11	0	11	0.0001523736
Galbibacter sp. BG1	1170699	S	11	0	11	0.0001523736
Siansivirga zeaxanthinifaciens	762954	S	10	1	11	0.0001523736
Chryseobacterium haifense	421525	S	5	6	11	0.0001523736
Alistipes finegoldii	214856	S	9	2	11	0.0001523736
Mucilaginibacter mali	2740462	S	11	0	11	0.0001523736
Sphingobacterium lactis	797291	S	8	3	11	0.0001523736
Spirosoma montaniterrae	1178516	S	11	0	11	0.0001523736
Spirosoma endbachense	2666025	S	10	1	11	0.0001523736
Spirosoma aureum	2692134	S	10	1	11	0.0001523736
Fibrella sp. ES10-3-2-2	1834519	S	10	1	11	0.0001523736
Hymenobacter sedentarius	1411621	S	11	0	11	0.0001523736
Adhaeribacter swui	2086471	S	11	0	11	0.0001523736
Algoriphagus sp. Y33	2772483	S	11	0	11	0.0001523736
Chitinophaga sp. MD30	2033437	S	11	0	11	0.0001523736
Pseudobacter ginsenosidimutans	661488	S	11	0	11	0.0001523736
Aureliella helgolandensis	2527968	S	11	0	11	0.0001523736
Gimesia chilikensis	2605989	S	8	3	11	0.0001523736
Gimesia benthica	2608982	S	5	6	11	0.0001523736
Fuerstia marisgermanicae	1891926	S	11	0	11	0.0001523736
Calycomorphotria hydatis	2528027	S	11	0	11	0.0001523736
Terriglobus saanensis	870903	S	10	1	11	0.0001523736
Burkholderia latens	488446	S	4	6	10	0.0001385214
Burkholderia sp. CCGE1003	640512	S	9	1	10	0.0001385214
Cupriavidus neocaledonicus	1040979	S	5	5	10	0.0001385214
Paraburkholderia sp. PGU19	2735434	S	7	3	10	0.0001385214
Lautropia mirabilis	47671	S	10	0	10	0.0001385214
Azoarcus sp. M9-3-2	2016596	S	10	0	10	0.0001385214
Chromobacterium sp. ATCC 53434	2059672	S	9	1	10	0.0001385214
Aquitalea aquatilis	1537400	S	9	1	10	0.0001385214
Vitreoscilla sp. C1	96942	S	10	0	10	0.0001385214
Neisseria subflava	28449	S	6	4	10	0.0001385214
Sulfuricella denitrificans	649841	S	10	0	10	0.0001385214
Sideroxydans lithotrophicus	63745	S	10	0	10	0.0001385214
Usitatibacter rugosus	2732067	S	10	0	10	0.0001385214
Pseudomonas sp. 02C 26	2054914	S	10	0	10	0.0001385214
Pseudomonas sp. R84	1573712	S	10	0	10	0.0001385214
Pseudomonas sp. 15A4	2804761	S	9	1	10	0.0001385214
Pseudomonas sp. LH1G9	2083055	S	3	7	10	0.0001385214
Pseudomonas sp. Lz4W	1206777	S	4	6	10	0.0001385214
Pseudomonas citronellolis	53408	S	6	4	10	0.0001385214
Pseudomonas pohangensis	364197	S	10	0	10	0.0001385214
Pseudomonas eucalypticola	2599595	S	10	0	10	0.0001385214
Pseudomonas taetrolens	47884	S	10	0	10	0.0001385214
Pseudomonas graminis	158627	S	9	1	10	0.0001385214
Acinetobacter sp. 10FS3-1	2563897	S	8	2	10	0.0001385214
Acinetobacter sp. SWBY1	2079596	S	5	5	10	0.0001385214
Acinetobacter cumulans	2136182	S	9	1	10	0.0001385214
Klebsiella oxytoca	571	S	8	2	10	0.0001385214
Enterobacter roggenkampii	1812935	S	4	6	10	0.0001385214
Rahnella sp. ERMR1:05	1805933	S	10	0	10	0.0001385214
Mixta theicola	1458355	S	9	1	10	0.0001385214
Dickeya dadantii	204038	S	7	3	10	0.0001385214
Stenotrophomonas sp. LM091	1904944	S	10	0	10	0.0001385214
Xanthomonas arboricola	56448	S	7	3	10	0.0001385214
Lysobacter sp. TY2-98	2290922	S	10	0	10	0.0001385214
Thermomonas sp. SY21	2202149	S	10	0	10	0.0001385214
Luteimonas sp. MC1750	2799326	S	10	0	10	0.0001385214
Aerosticca soli	2010829	S	7	3	10	0.0001385214
Alcanivorax xenomutans	1094342	S	5	5	10	0.0001385214
Thiocystis violascens	73141	S	10	0	10	0.0001385214
Kineobactrum salinum	2708301	S	10	0	10	0.0001385214
Legionella oakridgensis	29423	S	10	0	10	0.0001385214
Methylococcus sp. EFPC2	2812648	S	10	0	10	0.0001385214
Salinisphaera sp. LB1	2183911	S	10	0	10	0.0001385214
Bradyrhizobium sp. CCBAU 53351	1325114	S	6	4	10	0.0001385214
Bradyrhizobium sp. SG09	2599805	S	1	9	10	0.0001385214
Rhizobium sp. TAL182	2020313	S	3	7	10	0.0001385214
Rhizobium sp. N324	1703969	S	1	9	10	0.0001385214
Rhizobium tropici	398	S	7	3	10	0.0001385214
Neorhizobium sp. NCHU2750	1825976	S	9	1	10	0.0001385214
Neorhizobium sp. SOG26	2060726	S	9	1	10	0.0001385214
Mesorhizobium sp. 8	2584466	S	9	1	10	0.0001385214
Mesorhizobium sp. M2A.F.Ca.ET.046.03.2.1	2493674	S	3	7	10	0.0001385214
Mesorhizobium sp. 131-2-5	2744519	S	1	9	10	0.0001385214
Mesorhizobium ciceri	39645	S	4	6	10	0.0001385214
Methylobacterium mesophilicum	39956	S	10	0	10	0.0001385214
Caenibius tardaugens	169176	S	4	6	10	0.0001385214
Methylocystis bryophila	655015	S	10	0	10	0.0001385214
Martelella lutilitoris	2583532	S	6	4	10	0.0001385214
Chelatococcus sp. CO-6	1702325	S	7	3	10	0.0001385214
Sphingomonas sp. HDW15A	2714942	S	10	0	10	0.0001385214
Sphingomonas sp. DH-S5	2759526	S	10	0	10	0.0001385214
Sphingorhabdus sp. YGSMI21	2077182	S	10	0	10	0.0001385214
Blastomonas fulva	1550728	S	4	6	10	0.0001385214
Allosphingosinicella indica	941907	S	10	0	10	0.0001385214
Novosphingopyxis sp. PB63	2762729	S	8	2	10	0.0001385214
Altererythrobacter sp. TH136	2067415	S	10	0	10	0.0001385214
Altererythrobacter sp. ZODW24	2185142	S	10	0	10	0.0001385214
Altererythrobacter sp. BO-6	2604537	S	10	0	10	0.0001385214
Qipengyuania seohaensis	266951	S	9	1	10	0.0001385214
Sandaracinobacter sp. M6	2759707	S	10	0	10	0.0001385214
Paracoccus sp. AK26	2589076	S	10	0	10	0.0001385214
Paracoccus aminophilus	34003	S	10	0	10	0.0001385214
Rhodobacter sp. CZR27	2033869	S	9	1	10	0.0001385214
Sulfitobacter sp. JL08	2070369	S	10	0	10	0.0001385214
Leisingera methylohalidivorans	133924	S	8	2	10	0.0001385214
Rhodovulum sp. P5	1564506	S	10	0	10	0.0001385214
Phaeobacter piscinae	1580596	S	5	5	10	0.0001385214
Mameliella alba	561184	S	8	2	10	0.0001385214
Azospirillum humicireducens	1226968	S	8	2	10	0.0001385214
Pararhodospirillum photometricum	1084	S	10	0	10	0.0001385214
Defluviicoccus vanus	111831	S	9	1	10	0.0001385214
Ehrlichia ruminantium	779	S	9	1	10	0.0001385214
Orientia tsutsugamushi	784	S	10	0	10	0.0001385214
Hyphomonas sp. KY3	2016196	S	8	2	10	0.0001385214
Glycocaulis alkaliphilus	1434191	S	10	0	10	0.0001385214
Hyphobacterium sp. CCMP332	2749086	S	10	0	10	0.0001385214
Malaciobacter canalis	1912871	S	8	2	10	0.0001385214
Corallococcus macrosporus	35	S	7	3	10	0.0001385214
Pyxidicoccus sp. SCPEA002	2813578	S	10	0	10	0.0001385214
Geobacter bremensis	60035	S	8	2	10	0.0001385214
Desulfovibrio alaskensis	58180	S	6	4	10	0.0001385214
Bdellovibrio sp. ZAP7	2231053	S	5	5	10	0.0001385214
Microbacterium sp. ABRD_28	2268461	S	10	0	10	0.0001385214
Microbacterium sp. WY121	2782168	S	9	1	10	0.0001385214
Microbacterium oryzae	743009	S	9	1	10	0.0001385214
Curtobacterium sp. YC1	2795488	S	8	2	10	0.0001385214
Agromyces protaetiae	2509455	S	8	2	10	0.0001385214
Leifsonia sp. 21MFCrub1.1	1798223	S	5	5	10	0.0001385214
Cryobacterium sp. LW097	1978566	S	9	1	10	0.0001385214
Gryllotalpicola protaetiae	2419771	S	10	0	10	0.0001385214
Zhihengliuella sp. ISTPL4	2058657	S	3	7	10	0.0001385214
Cellulomonas gilvus	11	S	8	2	10	0.0001385214
Brevibacterium sp. CS2	2575923	S	8	2	10	0.0001385214
Cellulosimicrobium sp. BI34T	2587808	S	7	3	10	0.0001385214
Brachybacterium saurashtrense	556288	S	8	2	10	0.0001385214
Georgenia sp. Z443	2589797	S	9	1	10	0.0001385214
Mycolicibacterium helvum	1534349	S	10	0	10	0.0001385214
Mycolicibacterium mucogenicum	56689	S	8	2	10	0.0001385214
Mycolicibacterium nivoides	2487344	S	1	9	10	0.0001385214
Mycobacterium sp. KMS	189918	S	2	8	10	0.0001385214
Mycobacterium florentinum	292462	S	9	1	10	0.0001385214
Mycobacterium marinum	1781	S	3	7	10	0.0001385214
Mycobacteroides abscessus	36809	S	8	2	10	0.0001385214
Rhodococcus sp. R79	2811421	S	9	1	10	0.0001385214
Rhodococcus jostii	132919	S	8	2	10	0.0001385214
Nocardia farcinica	37329	S	9	1	10	0.0001385214
Nocardia cyriacigeorgica	135487	S	9	1	10	0.0001385214
Corynebacterium xerosis	1725	S	8	2	10	0.0001385214
Streptomyces sp. NA02950	2742137	S	10	0	10	0.0001385214
Streptomyces sp. RTd22	1841249	S	9	1	10	0.0001385214
Streptomyces sp. Go-475	2072505	S	9	1	10	0.0001385214
Streptomyces sp. 3214.6	1882757	S	9	1	10	0.0001385214
Streptomyces griseus	1911	S	8	2	10	0.0001385214
Streptomyces galilaeus	33899	S	9	1	10	0.0001385214
Streptomyces ferrugineus	1413221	S	9	1	10	0.0001385214
Microlunatus sp. KUDC0627	2596828	S	10	0	10	0.0001385214
Acidipropionibacterium acidipropionici	1748	S	5	5	10	0.0001385214
Nocardioides anomalus	2712223	S	9	1	10	0.0001385214
Nocardioides marinisabuli	419476	S	7	3	10	0.0001385214
Nocardioides dokdonensis	450734	S	7	3	10	0.0001385214
Marmoricola scoriae	642780	S	8	2	10	0.0001385214
Actinoplanes missouriensis	1866	S	9	1	10	0.0001385214
Micromonospora aurantiaca	47850	S	1	9	10	0.0001385214
Verrucosispora sp. NA02020	2742132	S	7	3	10	0.0001385214
Amycolatopsis sp. FDAARGOS 1241	2778070	S	10	0	10	0.0001385214
Amycolatopsis sp. BJA-103	1911175	S	8	2	10	0.0001385214
Pseudonocardia dioxanivorans	240495	S	9	1	10	0.0001385214
Saccharopolyspora erythraea	1836	S	9	1	10	0.0001385214
Bifidobacterium choerinum	35760	S	9	1	10	0.0001385214
Thermomonospora curvata	2020	S	9	1	10	0.0001385214
Streptosporangium roseum	2001	S	8	2	10	0.0001385214
Geodermatophilus obscurus	1861	S	9	1	10	0.0001385214
Clostridium argentinense	29341	S	10	0	10	0.0001385214
Acetobacterium sp. KB-1	2184575	S	10	0	10	0.0001385214
Bacillus mycoides	1405	S	9	1	10	0.0001385214
Lactococcus garvieae	1363	S	9	1	10	0.0001385214
Amedibacterium intestinale	2583452	S	7	3	10	0.0001385214
Nostoc sp. TCL26-01	2576904	S	10	0	10	0.0001385214
Nostoc sp. 'Lobaria pulmonaria (5183) cyanobiont'	1618022	S	9	1	10	0.0001385214
Nostoc sp. TCL240-02	2572090	S	6	4	10	0.0001385214
Dactylococcopsis salina	292566	S	8	2	10	0.0001385214
Stanieria cyanosphaera	102116	S	8	2	10	0.0001385214
Acholeplasma laidlawii	2148	S	10	0	10	0.0001385214
Brevefilum fermentans	1986204	S	10	0	10	0.0001385214
Aquimarina sp. BL5	1714860	S	10	0	10	0.0001385214
Gramella salexigens	1913577	S	9	1	10	0.0001385214
Gramella fulva	2126553	S	9	1	10	0.0001385214
Gramella forsetii	411153	S	8	2	10	0.0001385214
Muricauda ruestringensis	111501	S	10	0	10	0.0001385214
Psychroflexus sp. ALD_RP9	2777186	S	10	0	10	0.0001385214
Sediminicola sp. YIK13	1453352	S	10	0	10	0.0001385214
Changchengzhania lutea	2049305	S	10	0	10	0.0001385214
Seonamhaeicola sp. S2-3	1936081	S	9	1	10	0.0001385214
Mesoflavibacter profundi	2708110	S	2	8	10	0.0001385214
Kaistella flava (ex Peng et al. 2021)	2038776	S	10	0	10	0.0001385214
Bacteroides sp. HF-5141	2650158	S	9	1	10	0.0001385214
Bacteroides caecimuris	1796613	S	8	2	10	0.0001385214
Prevotella intermedia	28131	S	10	0	10	0.0001385214
Coprobacter sp. 2CBH44	2751153	S	9	1	10	0.0001385214
Alkalitalea saponilacus	889453	S	10	0	10	0.0001385214
Mucilaginibacter gossypii	551996	S	7	3	10	0.0001385214
Sphingobacterium sp. B29	1933220	S	4	6	10	0.0001385214
Sphingobacterium daejeonense	371142	S	9	1	10	0.0001385214
Solitalea canadensis	995	S	10	0	10	0.0001385214
Fibrella aestuarina	651143	S	9	1	10	0.0001385214
Leadbetterella byssophila	316068	S	7	3	10	0.0001385214
Hymenobacter qilianensis	1385715	S	10	0	10	0.0001385214
Pontibacter russatus	2694929	S	10	0	10	0.0001385214
Niabella ginsenosidivorans	1176587	S	9	1	10	0.0001385214
Rhodothermus marinus	29549	S	10	0	10	0.0001385214
Gemmatimonas aurantiaca	173480	S	10	0	10	0.0001385214
Gimesia panareensis	2527978	S	10	0	10	0.0001385214
Planctopirus ephydatiae	2528019	S	8	2	10	0.0001385214
Phycisphaera mikurensis	547188	S	10	0	10	0.0001385214
Sedimentisphaera cyanobacteriorum	1940790	S	3	7	10	0.0001385214
Candidatus Protochlamydia naegleriophila	389348	S	7	3	10	0.0001385214
Granulicella mallensis	940614	S	10	0	10	0.0001385214
Fusobacterium varium	856	S	10	0	10	0.0001385214
Fusobacterium nucleatum	851	S	8	2	10	0.0001385214
Candidatus Nanosynbacter lyticus	2093824	S	9	1	10	0.0001385214
Burkholderia contaminans	488447	S	7	2	9	0.0001246693
Burkholderia ambifaria	152480	S	6	3	9	0.0001246693
Burkholderia thailandensis	57975	S	8	1	9	0.0001246693
Paraburkholderia megapolitana	420953	S	9	0	9	0.0001246693
Paraburkholderia fungorum	134537	S	8	1	9	0.0001246693
Paraburkholderia phenoliruptrix	252970	S	7	2	9	0.0001246693
Pandoraea fibrosis	1891094	S	8	1	9	0.0001246693
Pandoraea sp. XY-2	2518599	S	8	1	9	0.0001246693
Pandoraea oxalativorans	573737	S	7	2	9	0.0001246693
Herbaspirillum frisingense	92645	S	7	2	9	0.0001246693
Advenella mimigardefordensis	302406	S	9	0	9	0.0001246693
Azoarcus pumilus	2067960	S	8	1	9	0.0001246693
Chromobacterium vaccinii	1108595	S	8	1	9	0.0001246693
Neisseria brasiliensis	2666100	S	7	2	9	0.0001246693
Neisseria meningitidis	487	S	3	6	9	0.0001246693
Pseudomonas sp. LBUM920	2126069	S	7	2	9	0.0001246693
Pseudomonas sp. TKP	1415630	S	2	7	9	0.0001246693
Pseudomonas extremorientalis	169669	S	7	2	9	0.0001246693
Pseudomonas marincola	437900	S	9	0	9	0.0001246693
Acinetobacter sp. LoGeW2-3	1808001	S	9	0	9	0.0001246693
Acinetobacter larvae	1789224	S	9	0	9	0.0001246693
Acinetobacter dispersus	70348	S	9	0	9	0.0001246693
Acinetobacter defluvii	1871111	S	7	2	9	0.0001246693
Raoultella terrigena	577	S	6	3	9	0.0001246693
Cronobacter muytjensii	413501	S	3	6	9	0.0001246693
Serratia proteamaculans	28151	S	5	4	9	0.0001246693
Serratia rubidaea	61652	S	4	5	9	0.0001246693
Ewingella americana	41202	S	9	0	9	0.0001246693
Lysobacter lycopersici	1324796	S	9	0	9	0.0001246693
Lysobacter capsici	435897	S	8	1	9	0.0001246693
Luteimonas sp. YGD11-2	2508168	S	8	1	9	0.0001246693
Pseudoxanthomonas spadix	415229	S	9	0	9	0.0001246693
Pseudolysobacter antarcticus	2511995	S	9	0	9	0.0001246693
Shewanella sp. FJAT-53726	2814295	S	2	7	9	0.0001246693
Halomonas meridiana	29570	S	7	2	9	0.0001246693
Aeromonas sp. ASNIH2	1636607	S	2	7	9	0.0001246693
Aeromonas jandaei	650	S	7	2	9	0.0001246693
Paraphotobacterium marinum	1755811	S	9	0	9	0.0001246693
Marichromatium purpuratum	37487	S	9	0	9	0.0001246693
Alkalilimnicola ehrlichii	351052	S	8	1	9	0.0001246693
Methylomonas sp. EFPC1	2812647	S	6	3	9	0.0001246693
Methylomonas rhizoryzae	2608981	S	9	0	9	0.0001246693
Methylotuvimicrobium buryatense	95641	S	5	4	9	0.0001246693
Bradyrhizobium sp. CCGE-LA001	1223566	S	8	1	9	0.0001246693
Bradyrhizobium sp. ORS 285	115808	S	8	1	9	0.0001246693
Bradyrhizobium vignae	1549949	S	8	1	9	0.0001246693
Nitrobacter winogradskyi	913	S	8	1	9	0.0001246693
Rhizobium daejeonense	240521	S	6	3	9	0.0001246693
Mesorhizobium sp. J8	2777475	S	8	1	9	0.0001246693
Mesorhizobium sp. DCY119	2108445	S	8	1	9	0.0001246693
Mesorhizobium sp. M2A.F.Ca.ET.043.02.1.1	2493670	S	3	6	9	0.0001246693
Aminobacter sp. MSH1	374606	S	6	3	9	0.0001246693
Methylobacterium indicum	1775910	S	7	2	9	0.0001246693
Devosia sp. I507	2083786	S	8	1	9	0.0001246693
Blastochloris tepida	2233851	S	8	1	9	0.0001246693
Methyloceanibacter caenitepidi	1384459	S	7	2	9	0.0001246693
Methylocystis sp. SC2	187303	S	7	2	9	0.0001246693
Methylosinus trichosporium	426	S	8	1	9	0.0001246693
Hartmannibacter diazotrophicus	1482074	S	8	1	9	0.0001246693
Methylocella silvestris	199596	S	9	0	9	0.0001246693
Sphingomonas sp. KC8	1030157	S	7	2	9	0.0001246693
Sphingomonas sediminicola	386874	S	9	0	9	0.0001246693
Sphingomonas lutea	1045317	S	9	0	9	0.0001246693
Sphingomonas rhizophila	2071607	S	9	0	9	0.0001246693
Sphingobium sp. Cam5-1	2789327	S	7	2	9	0.0001246693
Erythrobacter sp. THAF29	2587851	S	8	1	9	0.0001246693
Sphingosinicella sp. BN140058	1892855	S	9	0	9	0.0001246693
Paracoccus jeotgali	2065379	S	8	1	9	0.0001246693
Paracoccus denitrificans	266	S	7	2	9	0.0001246693
Roseovarius sp. THAF27	2587850	S	4	5	9	0.0001246693
Phaeobacter inhibens	221822	S	6	3	9	0.0001246693
Phaeobacter gallaeciensis	60890	S	5	4	9	0.0001246693
Ruegeria pomeroyi	89184	S	9	0	9	0.0001246693
Pseudooceanicola algae	1537215	S	9	0	9	0.0001246693
Silicimonas algicola	1826607	S	9	0	9	0.0001246693
Azospirillum sp. TSA2s	709810	S	6	3	9	0.0001246693
Azospirillum oryzae	286727	S	6	3	9	0.0001246693
Acetobacter aceti	435	S	8	1	9	0.0001246693
Gluconacetobacter diazotrophicus	33996	S	9	0	9	0.0001246693
Entomobacter blattae	2762277	S	9	0	9	0.0001246693
Archangium gephyra	48	S	7	2	9	0.0001246693
Vulgatibacter incomptus	1391653	S	9	0	9	0.0001246693
Geobacter lovleyi	313985	S	9	0	9	0.0001246693
Pelobacter propionicus	29543	S	8	1	9	0.0001246693
Desulfonema magnum	45655	S	9	0	9	0.0001246693
Microbacterium sp. A18JL200	2782167	S	6	3	9	0.0001246693
Microbacterium chocolatum	84292	S	8	1	9	0.0001246693
Curtobacterium sp. BH-2-1-1	1905847	S	8	1	9	0.0001246693
Salinibacterium sp. UTAS2018	2508880	S	9	0	9	0.0001246693
Kocuria flava	446860	S	8	1	9	0.0001246693
Glutamicibacter mishrai	1775880	S	8	1	9	0.0001246693
Cellulomonas sp. PSBB021	2003551	S	6	3	9	0.0001246693
Intrasporangium calvum	53358	S	8	1	9	0.0001246693
Brevibacterium sp. PAMC23299	2762330	S	1	8	9	0.0001246693
Miniimonas sp. S16	2171623	S	6	3	9	0.0001246693
Mycolicibacterium fluoranthenivorans	258505	S	9	0	9	0.0001246693
Mycolicibacterium madagascariense	212765	S	9	0	9	0.0001246693
Mycolicibacterium vaccae	1810	S	8	1	9	0.0001246693
Mycolicibacterium vanbaalenii	110539	S	1	8	9	0.0001246693
Mycobacterium colombiense	339268	S	9	0	9	0.0001246693
Mycobacterium cookii	1775	S	9	0	9	0.0001246693
Mycobacterium novum	2492438	S	1	8	9	0.0001246693
Mycobacteroides immunogenum	83262	S	8	1	9	0.0001246693
Rhodococcus sp. P1Y	1302308	S	9	0	9	0.0001246693
Rhodococcus sp. X156	2499145	S	8	1	9	0.0001246693
Rhodococcus sp. YL-1	1045808	S	2	7	9	0.0001246693
Nocardia yunnanensis	2382165	S	9	0	9	0.0001246693
Corynebacterium efficiens	152794	S	9	0	9	0.0001246693
Corynebacterium kefirresidentii	1979527	S	6	3	9	0.0001246693
Gordonia bronchialis	2054	S	8	1	9	0.0001246693
Gordonia phthalatica	1136941	S	7	2	9	0.0001246693
Streptomyces sp. HSG2	2797167	S	9	0	9	0.0001246693
Streptomyces griseoviridis	45398	S	8	1	9	0.0001246693
Streptomyces pratensis	1169025	S	8	1	9	0.0001246693
Streptomyces nojiriensis	66374	S	8	1	9	0.0001246693
Streptomyces hundungensis	1077946	S	8	1	9	0.0001246693
Streptomyces rectiverticillatus	173860	S	8	1	9	0.0001246693
Streptomyces vietnamensis	362257	S	8	1	9	0.0001246693
Streptomyces formicae	1616117	S	8	1	9	0.0001246693
Cutibacterium avidum	33010	S	8	1	9	0.0001246693
Tessaracoccus sp. MC1865	2760310	S	8	1	9	0.0001246693
Tessaracoccus aquimaris	1332264	S	7	2	9	0.0001246693
Propionibacterium freudenreichii	1744	S	7	2	9	0.0001246693
Micromonospora siamensis	299152	S	7	2	9	0.0001246693
Micromonospora carbonacea	47853	S	7	2	9	0.0001246693
Plantactinospora sp. KBS50	2024580	S	8	1	9	0.0001246693
Pseudonocardia broussonetiae	2736640	S	8	1	9	0.0001246693
Saccharomonospora cyanea	40989	S	7	2	9	0.0001246693
Actinoalloteichus fjordicus	1612552	S	1	8	9	0.0001246693
Parolsenella catena	2003188	S	6	3	9	0.0001246693
Adlercreutzia equolifaciens	446660	S	8	1	9	0.0001246693
Coprococcus sp. ART55/1	751585	S	8	1	9	0.0001246693
Clostridium estertheticum	238834	S	9	0	9	0.0001246693
Bacillus paranthracis	2026186	S	3	6	9	0.0001246693
Lactococcus raffinolactis	1366	S	9	0	9	0.0001246693
Erysipelatoclostridium ramosum	1547	S	9	0	9	0.0001246693
Nostoc sp. 'Peltigera membranacea cyanobiont' N6	1261031	S	7	2	9	0.0001246693
Nostoc sp. ATCC 53789	76335	S	3	6	9	0.0001246693
Prochlorococcus sp. MIT 0604	1501268	S	3	6	9	0.0001246693
Pseudanabaena sp. PCC 7367	82654	S	9	0	9	0.0001246693
Mesoplasma coleopterae	324078	S	7	2	9	0.0001246693
Truepera radiovictrix	332249	S	9	0	9	0.0001246693
Ktedonosporobacter rubrisoli	2509675	S	9	0	9	0.0001246693
Candidatus Promineofilum breve	1806508	S	9	0	9	0.0001246693
Fimbriimonas ginsengisoli	1005039	S	9	0	9	0.0001246693
Polaribacter sp. SA4-10	754397	S	9	0	9	0.0001246693
Polaribacter sp. SA4-12	1312072	S	8	1	9	0.0001246693
Polaribacter reichenbachii	996801	S	9	0	9	0.0001246693
Capnocytophaga cynodegmi	28189	S	7	2	9	0.0001246693
Cellulophaga algicola	59600	S	8	1	9	0.0001246693
Nonlabens sp. Ci31	2608253	S	6	3	9	0.0001246693
Psychroflexus torquis	57029	S	9	0	9	0.0001246693
Chryseobacterium sp.	1871047	S	8	1	9	0.0001246693
Chryseobacterium sp. JV274	1932669	S	8	1	9	0.0001246693
Kaistella carnis	1241979	S	8	1	9	0.0001246693
Prevotella melaninogenica	28132	S	8	1	9	0.0001246693
Paraprevotella xylaniphila	454155	S	8	1	9	0.0001246693
Proteiniphilum saccharofermentans	1642647	S	9	0	9	0.0001246693
Spirosoma radiotolerans	1379870	S	9	0	9	0.0001246693
Dyadobacter sp. Q3-56	2747268	S	7	2	9	0.0001246693
Hymenobacter nivis	1850093	S	9	0	9	0.0001246693
Pontibacter korlensis	400092	S	9	0	9	0.0001246693
Rufibacter tibetensis	512763	S	9	0	9	0.0001246693
Gimesia alba	2527973	S	8	1	9	0.0001246693
Thalassoglobus polymorphus	2527994	S	9	0	9	0.0001246693
Acidobacterium sp. 4Y35	2763107	S	8	1	9	0.0001246693
Burkholderia sp. MSMB0856	1637869	S	6	2	8	0.0001108171
Burkholderia sp. RPE67	758796	S	4	4	8	0.0001108171
Burkholderia sp. YI23	1097668	S	4	4	8	0.0001108171
Burkholderia sp. MBR-1	2732364	S	2	6	8	0.0001108171
Burkholderia sp. BDU8	1385592	S	8	0	8	0.0001108171
Burkholderia plantarii	41899	S	8	0	8	0.0001108171
Cupriavidus nantongensis	1796606	S	3	5	8	0.0001108171
Paraburkholderia acidiphila	2571747	S	8	0	8	0.0001108171
Paraburkholderia atlantica	2654982	S	7	1	8	0.0001108171
Paraburkholderia dokdonella	2211211	S	7	1	8	0.0001108171
Paraburkholderia terrae	311230	S	4	4	8	0.0001108171
Bordetella genomosp. 9	1416803	S	7	1	8	0.0001108171
Achromobacter sp. B7	2282475	S	7	1	8	0.0001108171
Iodobacter sp. H11R3	2496266	S	7	1	8	0.0001108171
Chitinibacter fontanus	1737446	S	8	0	8	0.0001108171
Deefgea sp. D17	2739061	S	8	0	8	0.0001108171
Neisseria weaveri	28091	S	7	1	8	0.0001108171
Candidatus Nitrotoga sp. AM1P	2559597	S	8	0	8	0.0001108171
Sulfuritortus calidifontis	1914471	S	7	1	8	0.0001108171
Pseudomonas sp. ADAK13	2730847	S	8	0	8	0.0001108171
Pseudomonas sp. SK	2729423	S	8	0	8	0.0001108171
Pseudomonas sp. S35	1573719	S	8	0	8	0.0001108171
Pseudomonas sp. LPB0260	2614442	S	8	0	8	0.0001108171
Pseudomonas sp. BIGb0427	2724470	S	8	0	8	0.0001108171
Pseudomonas sp. FGI182	1259844	S	5	3	8	0.0001108171
Pseudomonas sp. MRSN12121	1611770	S	4	4	8	0.0001108171
Pseudomonas fulva	47880	S	8	0	8	0.0001108171
Pseudomonas nitroreducens	46680	S	6	2	8	0.0001108171
Pseudomonas resinovorans	53412	S	7	1	8	0.0001108171
Pseudomonas otitidis	319939	S	8	0	8	0.0001108171
Pseudomonas prosekii	1148509	S	8	0	8	0.0001108171
Pseudomonas antarctica	219572	S	7	1	8	0.0001108171
Pseudomonas moraviensis	321662	S	6	2	8	0.0001108171
Pseudomonas granadensis	1421430	S	6	2	8	0.0001108171
Entomomonas sp. F2A	2785331	S	8	0	8	0.0001108171
Acinetobacter tandoii	202954	S	8	0	8	0.0001108171
Psychrobacter cryohalolentis	330922	S	4	4	8	0.0001108171
Klebsiella aerogenes	548	S	7	1	8	0.0001108171
Leclercia adecarboxylata	83655	S	5	3	8	0.0001108171
Shigella boydii	621	S	2	6	8	0.0001108171
Serratia symbiotica	138074	S	8	0	8	0.0001108171
Dickeya zeae	204042	S	7	1	8	0.0001108171
Xanthomonas theicola	56464	S	8	0	8	0.0001108171
Lysobacter maris	1605891	S	8	0	8	0.0001108171
Dyella caseinilytica	1849581	S	8	0	8	0.0001108171
Ahniella affigens	2021234	S	8	0	8	0.0001108171
Marinobacter sp. LQ44	1749259	S	3	5	8	0.0001108171
Glaciecola amylolytica	2489595	S	8	0	8	0.0001108171
Colwellia sp. PAMC 21821	1816219	S	7	1	8	0.0001108171
Halomonas sp. 1513	1883416	S	8	0	8	0.0001108171
Halomonas hydrothermalis	115561	S	5	3	8	0.0001108171
Cobetia sp. cqz5-12	2609415	S	3	5	8	0.0001108171
Alcanivorax pacificus	1306787	S	8	0	8	0.0001108171
Aeromonas schubertii	652	S	8	0	8	0.0001108171
Vibrio campbellii	680	S	8	0	8	0.0001108171
Thioalkalivibrio versutus	106634	S	7	1	8	0.0001108171
Thioalkalivibrio paradoxus	108010	S	5	3	8	0.0001108171
Thioalkalivibrio nitratireducens	186931	S	5	3	8	0.0001108171
Halothiobacillus neapolitanus	927	S	8	0	8	0.0001108171
Teredinibacter purpureus	2731756	S	8	0	8	0.0001108171
Simiduia agarivorans	447471	S	8	0	8	0.0001108171
Microbulbifer hydrolyticus	48074	S	7	1	8	0.0001108171
Legionella sp. TUM19329	2708020	S	8	0	8	0.0001108171
Methylomonas sp. LL1	2785785	S	8	0	8	0.0001108171
Bradyrhizobium sp. CCBAU 53421	1325120	S	7	1	8	0.0001108171
Bradyrhizobium sp. SK17	2057741	S	6	2	8	0.0001108171
Bradyrhizobium sp. WSM471	319017	S	2	6	8	0.0001108171
Bradyrhizobium guangdongense	1325090	S	5	3	8	0.0001108171
Rhizobium rosettiformans	1368430	S	5	3	8	0.0001108171
Ensifer mexicanus	375549	S	8	0	8	0.0001108171
Ensifer sojae	716925	S	6	2	8	0.0001108171
Mesorhizobium sp. NZP2077	2483404	S	7	1	8	0.0001108171
Mesorhizobium sp. 113-3-9	2744517	S	5	3	8	0.0001108171
Aminobacter aminovorans	83263	S	1	7	8	0.0001108171
Nitratireductor sp. SY7	2599600	S	7	1	8	0.0001108171
Hoeflea sp. IMCC20628	1620421	S	8	0	8	0.0001108171
Chelativorans sp. BNC1	266779	S	7	1	8	0.0001108171
Methylobacterium sp. AMS5	925818	S	6	2	8	0.0001108171
Microvirga thermotolerans	2651334	S	7	1	8	0.0001108171
Blastochloris viridis	1079	S	7	1	8	0.0001108171
Youhaiella tibetensis	1447062	S	8	0	8	0.0001108171
Methylocystis parvus	134	S	8	0	8	0.0001108171
Methylocystis heyeri	391905	S	8	0	8	0.0001108171
Martelella sp. AD-3	686597	S	2	6	8	0.0001108171
Brucella anthropi	529	S	2	6	8	0.0001108171
Beijerinckia indica	533	S	8	0	8	0.0001108171
Methylovirgula ligni	569860	S	8	0	8	0.0001108171
Sphingorhabdus sp. JK6	2725558	S	8	0	8	0.0001108171
Paraurantiacibacter namhicola	645517	S	8	0	8	0.0001108171
Sulfitobacter sp. THAF37	2587855	S	5	3	8	0.0001108171
Salipiger pacificus	311180	S	7	1	8	0.0001108171
Roseobacter denitrificans	2434	S	6	2	8	0.0001108171
Thioclava nitratireducens	1915078	S	6	2	8	0.0001108171
Jannaschia sp. CCS1	290400	S	8	0	8	0.0001108171
Cognatishimia activa	1715691	S	8	0	8	0.0001108171
Pseudopuniceibacterium antarcticum	2613965	S	8	0	8	0.0001108171
Antarctobacter heliothermus	74033	S	8	0	8	0.0001108171
Brevirhabdus pacifica	1267768	S	5	3	8	0.0001108171
Magnetospirillum sp. ME-1	1639348	S	5	3	8	0.0001108171
Thalassospira xiamenensis	220697	S	4	4	8	0.0001108171
Indioceanicola profundi	2220096	S	8	0	8	0.0001108171
Acetobacter oryzoeni	2500548	S	5	3	8	0.0001108171
Acidiphilium cryptum	524	S	2	6	8	0.0001108171
Campylobacter fetus	196	S	8	0	8	0.0001108171
Cystobacter fuscus	43	S	6	2	8	0.0001108171
Myxococcus hansupus	1297742	S	7	1	8	0.0001108171
Myxococcus sp. SCHIC003	2813577	S	7	1	8	0.0001108171
Geoalkalibacter subterraneus	483547	S	6	2	8	0.0001108171
Desulfovibrio sulfodismutans	63561	S	8	0	8	0.0001108171
Acidithiobacillus caldus	33059	S	8	0	8	0.0001108171
Microbacterium sp. 1S1	2606451	S	4	4	8	0.0001108171
Microbacterium esteraromaticum	57043	S	7	1	8	0.0001108171
Microbacterium protaetiae	2509458	S	7	1	8	0.0001108171
Curtobacterium sp. Csp2	2495430	S	4	4	8	0.0001108171
Agromyces sp. G127AT	2781962	S	7	1	8	0.0001108171
Microcella alkaliphila	279828	S	8	0	8	0.0001108171
Arthrobacter crystallopoietes	37928	S	8	0	8	0.0001108171
Janibacter limosus	53458	S	7	1	8	0.0001108171
Phycicoccus endophyticus	1690220	S	7	1	8	0.0001108171
Isoptericola dokdonensis	372663	S	6	2	8	0.0001108171
Serinicoccus chungangensis	767452	S	7	1	8	0.0001108171
Beutenbergia cavernae	84757	S	8	0	8	0.0001108171
Luteimicrobium xylanilyticum	1133546	S	7	1	8	0.0001108171
Mycolicibacterium anyangense	1431246	S	8	0	8	0.0001108171
Mycolicibacterium celeriflavum	1249101	S	8	0	8	0.0001108171
Mycolicibacterium tokaiense	39695	S	8	0	8	0.0001108171
Mycolicibacterium moriokaense	39691	S	8	0	8	0.0001108171
Mycobacterium paraintracellulare	1138383	S	1	7	8	0.0001108171
Mycolicibacillus koreensis	1069220	S	7	1	8	0.0001108171
Rhodococcus sp. MTM3W5.2	1805827	S	7	1	8	0.0001108171
Rhodococcus coprophilus	38310	S	8	0	8	0.0001108171
Nocardia sp. WCH-YHL-001	2755382	S	8	0	8	0.0001108171
Corynebacterium sanguinis	2594913	S	6	2	8	0.0001108171
Streptomyces sp. NHF165	2175864	S	8	0	8	0.0001108171
Streptomyces sp. jing01	2726118	S	7	1	8	0.0001108171
Streptomyces sp. PBH53	1577075	S	7	1	8	0.0001108171
Streptomyces sp. Sge12	1972846	S	5	3	8	0.0001108171
Streptomyces sp. CFMR 7	1649184	S	5	3	8	0.0001108171
Streptomyces griseorubiginosus	67304	S	8	0	8	0.0001108171
Streptomyces davaonensis	348043	S	8	0	8	0.0001108171
Streptomyces globosus	68209	S	7	1	8	0.0001108171
Streptomyces violaceusniger	68280	S	7	1	8	0.0001108171
Streptomyces seoulensis	73044	S	7	1	8	0.0001108171
Kitasatospora sp. MMS16-BH015	2018025	S	7	1	8	0.0001108171
Tessaracoccus flavus	1610493	S	6	2	8	0.0001108171
Microlunatus sagamiharensis	546874	S	7	1	8	0.0001108171
Nocardioides humi	449461	S	7	1	8	0.0001108171
Nocardioides houyundeii	2045452	S	7	1	8	0.0001108171
Micromonospora coxensis	356852	S	6	2	8	0.0001108171
Salinispora arenicola	168697	S	7	1	8	0.0001108171
Actinocatenispora thailandica	227318	S	8	0	8	0.0001108171
Amycolatopsis methanolica	1814	S	7	1	8	0.0001108171
Saccharopolyspora sp. ASAGF58	2719023	S	5	3	8	0.0001108171
Saccharomonospora xinjiangensis	75294	S	8	0	8	0.0001108171
Frankia sp. QA3	710111	S	8	0	8	0.0001108171
Stackebrandtia nassauensis	283811	S	8	0	8	0.0001108171
Cellulosilyticum lentocellum	29360	S	4	4	8	0.0001108171
Herbinix luporum	1679721	S	7	1	8	0.0001108171
Clostridium sp. CT4	2320868	S	8	0	8	0.0001108171
Clostridium cellulovorans	1493	S	8	0	8	0.0001108171
Clostridium baratii	1561	S	8	0	8	0.0001108171
Clostridium scatologenes	1548	S	7	1	8	0.0001108171
Carboxydocella thermautotrophica	178899	S	8	0	8	0.0001108171
[Eubacterium] cellulosolvens	29322	S	8	0	8	0.0001108171
Eubacterium sp. NSJ-61	2764325	S	6	2	8	0.0001108171
Alkalihalobacillus krulwichiae	199441	S	8	0	8	0.0001108171
Lentibacillus amyloliquefaciens	1472767	S	8	0	8	0.0001108171
Metabacillus litoralis	152268	S	8	0	8	0.0001108171
Paenibacillus durus	44251	S	8	0	8	0.0001108171
Staphylococcus pasteuri	45972	S	8	0	8	0.0001108171
Mammaliicoccus sciuri	1296	S	7	1	8	0.0001108171
Listeria monocytogenes	1639	S	7	1	8	0.0001108171
Streptococcus suis	1307	S	8	0	8	0.0001108171
Ligilactobacillus salivarius	1624	S	8	0	8	0.0001108171
Aerococcus viridans	1377	S	8	0	8	0.0001108171
Peptoniphilus harei	54005	S	6	2	8	0.0001108171
Murdochiella vaginalis	1852373	S	6	2	8	0.0001108171
Gloeothece verrucosa	2546359	S	8	0	8	0.0001108171
Candidatus Atelocyanobacterium thalassa	713887	S	7	1	8	0.0001108171
Nostoc flagelliforme	1306274	S	6	2	8	0.0001108171
Anabaena cylindrica	1165	S	7	1	8	0.0001108171
Synechococcus sp. JA-2-3B'a(2-13)	321332	S	8	0	8	0.0001108171
Leptolyngbya sp. PCC 7376	111781	S	8	0	8	0.0001108171
Stanieria sp. NIES-3757	1807358	S	7	1	8	0.0001108171
Mycoplasma gallisepticum	2096	S	5	3	8	0.0001108171
Spiroplasma syrphidicola	216945	S	7	1	8	0.0001108171
Deinococcus ficus	317577	S	8	0	8	0.0001108171
Thermus scotoductus	37636	S	3	5	8	0.0001108171
Polaribacter sp. MED152	313598	S	8	0	8	0.0001108171
Polaribacter sp. Hel1_33_78	1336804	S	8	0	8	0.0001108171
Polaribacter sp. G4M1	2808900	S	8	0	8	0.0001108171
Tenacibaculum maritimum	107401	S	8	0	8	0.0001108171
Tenacibaculum dicentrarchi	669041	S	7	1	8	0.0001108171
Winogradskyella sp. PC-19	754417	S	6	2	8	0.0001108171
Winogradskyella forsetii	2686077	S	6	2	8	0.0001108171
Formosa sp. L2A11	2686363	S	7	1	8	0.0001108171
Nonlabens dokdonensis	328515	S	6	2	8	0.0001108171
Gramella sp. MAR_2010_147	1250205	S	7	1	8	0.0001108171
Dokdonia sp. Dokd-P16	2173169	S	6	2	8	0.0001108171
Dokdonia sp. 4H-3-7-5	983548	S	5	3	8	0.0001108171
Maribacter sp. MJ134	2496865	S	8	0	8	0.0001108171
Aequorivita sublithincola	101385	S	8	0	8	0.0001108171
Antarcticibacterium flavum	2058175	S	7	1	8	0.0001108171
Gilvibacter sp. SZ-19	754429	S	8	0	8	0.0001108171
Muriicola sp. MMS17-SY002	2507538	S	8	0	8	0.0001108171
Leeuwenhoekiella sp. ZYFB001	2719912	S	7	1	8	0.0001108171
Euzebyella marina	1761453	S	5	3	8	0.0001108171
Chryseobacterium carnipullorum	1124835	S	7	1	8	0.0001108171
Empedobacter stercoris	1628248	S	7	1	8	0.0001108171
Apibacter raozihei	2500547	S	8	0	8	0.0001108171
Phocaeicola salanitronis	376805	S	8	0	8	0.0001108171
Salinivirga cyanobacteriivorans	1307839	S	8	0	8	0.0001108171
Sphingobacterium sp. dk4302	2662364	S	8	0	8	0.0001108171
Anseongella ginsenosidimutans	496056	S	8	0	8	0.0001108171
Pseudopedobacter saltans	151895	S	6	2	8	0.0001108171
Hymenobacter sp. PAMC 26554	1484116	S	8	0	8	0.0001108171
Hymenobacter sp. DG01	2584940	S	8	0	8	0.0001108171
Cyclobacterium marinum	104	S	7	1	8	0.0001108171
Fulvivirga sp. S481	2810512	S	8	0	8	0.0001108171
Chitinophaga sp. XS-30	2604421	S	8	0	8	0.0001108171
Chitinophaga caeni	2029983	S	8	0	8	0.0001108171
Botrimarina mediterranea	2528022	S	8	0	8	0.0001108171
Polystyrenella longa	2528007	S	8	0	8	0.0001108171
Crateriforma conspicua	2527996	S	7	1	8	0.0001108171
Isosphaera pallida	128	S	8	0	8	0.0001108171
Treponema succinifaciens	167	S	8	0	8	0.0001108171
Oceanispirochaeta crateris	2518645	S	8	0	8	0.0001108171
Leptospira interrogans	173	S	6	2	8	0.0001108171
Caldimicrobium thiodismutans	1653476	S	8	0	8	0.0001108171
Methanosarcina lacustris	170861	S	8	0	8	0.0001108171
Methanosarcina sp. MTP4	1434100	S	7	1	8	0.0001108171
Methanobrevibacter sp. YE315	1609968	S	8	0	8	0.0001108171
Methanobrevibacter smithii	2173	S	8	0	8	0.0001108171
Methanobrevibacter ruminantium	83816	S	8	0	8	0.0001108171
Methanobacterium paludis	868131	S	8	0	8	0.0001108171
Burkholderia stagnalis	1503054	S	6	1	7	0.0000969650
Burkholderia sp. KK1	1855726	S	4	3	7	0.0000969650
Burkholderia sp. PAMC 28687	1795874	S	4	3	7	0.0000969650
Burkholderia sp. MSMB617WGS	1637831	S	4	3	7	0.0000969650
Cupriavidus sp. USMAA2-4	876364	S	1	6	7	0.0000969650
Cupriavidus sp. ISTL7	2771360	S	1	6	7	0.0000969650
Paraburkholderia caledonica	134536	S	7	0	7	0.0000969650
Paraburkholderia graminis	60548	S	6	1	7	0.0000969650
Paraburkholderia ginsengisoli	311231	S	6	1	7	0.0000969650
Caballeronia insecticola	758793	S	7	0	7	0.0000969650
Limnobacter sp. SAORIC-580	2732163	S	7	0	7	0.0000969650
Ephemeroptericola cinctiostellae	2268024	S	7	0	7	0.0000969650
Methylibium sp. T29	1430884	S	2	5	7	0.0000969650
Pusillimonas sp. T7-7	1007105	S	7	0	7	0.0000969650
Aquitalea sp. USM4	1590041	S	6	1	7	0.0000969650
Jeongeupia sp. USM3	1906741	S	6	1	7	0.0000969650
Neisseria sp. ZJ785	2709396	S	7	0	7	0.0000969650
Simonsiella muelleri	72	S	7	0	7	0.0000969650
Nitrosomonas stercoris	1444684	S	6	1	7	0.0000969650
Pseudomonas sp. CMR5c	658630	S	7	0	7	0.0000969650
Pseudomonas sp. B11D7D	2735906	S	7	0	7	0.0000969650
Pseudomonas sp. S09G 359	2054919	S	7	0	7	0.0000969650
Pseudomonas sp. UW4	1207075	S	5	2	7	0.0000969650
Pseudomonas mucidolens	46679	S	7	0	7	0.0000969650
Pseudomonas cedrina	651740	S	6	1	7	0.0000969650
Pseudomonas coronafaciens	53409	S	6	1	7	0.0000969650
Pseudomonas salegens	1434072	S	7	0	7	0.0000969650
Pseudomonas arsenicoxydans	702115	S	7	0	7	0.0000969650
Pseudomonas sabulinigri	472181	S	7	0	7	0.0000969650
Pseudomonas lactis	1615674	S	5	2	7	0.0000969650
Oblitimonas alkaliphila	1697053	S	7	0	7	0.0000969650
Psychrobacter sp. P11G5	1699624	S	4	3	7	0.0000969650
Aquirhabdus parva	2283318	S	7	0	7	0.0000969650
Klebsiella quasipneumoniae	1463165	S	4	3	7	0.0000969650
Enterobacter asburiae	61645	S	3	4	7	0.0000969650
Raoultella planticola	575	S	5	2	7	0.0000969650
Candidatus Tachikawaea gelatinosa	1410383	S	7	0	7	0.0000969650
Cedecea neteri	158822	S	7	0	7	0.0000969650
Phytobacter ursingii	1972431	S	5	2	7	0.0000969650
Serratia sp. ATCC 39006	104623	S	7	0	7	0.0000969650
Serratia quinivorans	137545	S	3	4	7	0.0000969650
Yersinia pseudotuberculosis	633	S	2	5	7	0.0000969650
Yersinia ruckeri	29486	S	7	0	7	0.0000969650
Pantoea sp. SM3640	2787629	S	1	6	7	0.0000969650
Brenneria goodwinii	1109412	S	6	1	7	0.0000969650
Hafnia alvei	569	S	2	5	7	0.0000969650
Sodalis praecaptivus	1239307	S	7	0	7	0.0000969650
Lysobacter arenosi	2795387	S	7	0	7	0.0000969650
Thermomonas sp. HDW16	2714945	S	7	0	7	0.0000969650
Luteimonas sp. MC1825	2761107	S	7	0	7	0.0000969650
Marinobacter sp. JH2	2547598	S	6	1	7	0.0000969650
Marinobacter fonticola	2603215	S	7	0	7	0.0000969650
Marinobacter psychrophilus	330734	S	5	2	7	0.0000969650
Alteromonas sp. 76-1	2358187	S	3	4	7	0.0000969650
Shewanella sp. M2	2487742	S	7	0	7	0.0000969650
Shewanella sp. ANA-3	94122	S	3	4	7	0.0000969650
Shewanella putrefaciens	24	S	3	4	7	0.0000969650
Pseudoalteromonas luteoviolacea	43657	S	7	0	7	0.0000969650
Pseudoalteromonas rubra	43658	S	7	0	7	0.0000969650
Moritella marina	90736	S	7	0	7	0.0000969650
Ferrimonas balearica	44012	S	7	0	7	0.0000969650
Salinicola tamaricis	1771309	S	7	0	7	0.0000969650
Neptunomonas japonica	417574	S	7	0	7	0.0000969650
Thermochromatium tepidum	1050	S	7	0	7	0.0000969650
Thioflavicoccus mobilis	80679	S	7	0	7	0.0000969650
Candidatus Nitrosacidococcus tergens	553981	S	7	0	7	0.0000969650
Thiohalobacter thiocyanaticus	585455	S	2	5	7	0.0000969650
Sulfurivermis fontis	1972068	S	7	0	7	0.0000969650
Legionella sp. PC1000	2746060	S	7	0	7	0.0000969650
Legionella fallonii	96230	S	7	0	7	0.0000969650
Aquicella siphonis	254247	S	7	0	7	0.0000969650
Candidatus Coxiella mudrowiae	2054173	S	6	1	7	0.0000969650
Coxiella burnetii	777	S	5	2	7	0.0000969650
Avibacterium paragallinarum	728	S	6	1	7	0.0000969650
Methylococcus sp. IM1	2681310	S	7	0	7	0.0000969650
Francisella hispaniensis	622488	S	6	1	7	0.0000969650
Thiothrix unzii	111769	S	5	2	7	0.0000969650
Bathymodiolus septemdierum thioautotrophic gill symbiont	113267	S	7	0	7	0.0000969650
Steroidobacter denitrificans	465721	S	7	0	7	0.0000969650
Sulfurifustis variabilis	1675686	S	7	0	7	0.0000969650
Rhizobium sp. CIAT894	2020312	S	6	1	7	0.0000969650
Rhizobium lusitanum	293958	S	7	0	7	0.0000969650
Rhizobium favelukesii	348824	S	6	1	7	0.0000969650
Rhizobium indicum	2583231	S	4	3	7	0.0000969650
Agrobacterium sp. MA01	2664893	S	3	4	7	0.0000969650
Mesorhizobium oceanicum	1670800	S	6	1	7	0.0000969650
Oricola thermophila	2742145	S	7	0	7	0.0000969650
Devosia sp. LEGU1	2774137	S	7	0	7	0.0000969650
Maritalea myrionectae	454601	S	7	0	7	0.0000969650
Methyloligella sp. GL2	2742204	S	7	0	7	0.0000969650
Bartonella bovis	155194	S	6	1	7	0.0000969650
Brucella sp. BO2	693750	S	2	5	7	0.0000969650
Erythrobacter sp. HKB08	2502843	S	7	0	7	0.0000969650
Erythrobacter aureus	2182384	S	7	0	7	0.0000969650
Pelagerythrobacter marensis	543877	S	7	0	7	0.0000969650
Sphingosinicella microcystinivorans	335406	S	7	0	7	0.0000969650
Paracoccus sp. H4-D09	2812658	S	6	1	7	0.0000969650
Paracoccus aminovorans	34004	S	6	1	7	0.0000969650
Thioclava electrotropha	1549850	S	6	1	7	0.0000969650
Pontivivens sp. MT2928	2789856	S	7	0	7	0.0000969650
Maribius sp. THAF1	2587842	S	7	0	7	0.0000969650
Rhodobaca barguzinensis	441209	S	7	0	7	0.0000969650
Thalassococcus sp. S3	2017482	S	7	0	7	0.0000969650
Monaibacterium sp. ALG8	2715211	S	6	1	7	0.0000969650
Pseudohalocynthiibacter aestuariivivens	1591409	S	6	1	7	0.0000969650
Pelagibaca abyssi	1250539	S	5	2	7	0.0000969650
Sagittula sp. P11	2009329	S	4	3	7	0.0000969650
Komagataeibacter hansenii	436	S	7	0	7	0.0000969650
Phreatobacter stygius	1940610	S	7	0	7	0.0000969650
Hyphomonas sp. Mor2	1906738	S	7	0	7	0.0000969650
Marinicauda algicola	2029849	S	6	1	7	0.0000969650
Magnetococcus marinus	1124597	S	7	0	7	0.0000969650
Arcobacter aquimarinus	1315211	S	5	2	7	0.0000969650
Sulfurospirillum sp. UCH001	1581011	S	7	0	7	0.0000969650
Geobacter sp. SVR	2495594	S	7	0	7	0.0000969650
Geobacter uraniireducens	351604	S	7	0	7	0.0000969650
Desulfuromonas soudanensis	1603606	S	7	0	7	0.0000969650
Desulfovibrio carbinoliphilus	345370	S	7	0	7	0.0000969650
Desulfosarcina alkanivorans	571177	S	6	1	7	0.0000969650
Desulfonema limicola	45656	S	7	0	7	0.0000969650
Desulfurivibrio alkaliphilus	427923	S	7	0	7	0.0000969650
Microbacterium sp. RG1	2489212	S	7	0	7	0.0000969650
Microbacterium sp. 10M-3C3	2483401	S	6	1	7	0.0000969650
Microbacterium hydrocarbonoxydans	273678	S	6	1	7	0.0000969650
Microbacterium schleiferi	69362	S	5	2	7	0.0000969650
Rathayibacter tanaceti	1671680	S	7	0	7	0.0000969650
Leucobacter muris	1935379	S	6	1	7	0.0000969650
Salinibacterium sp. ZJ70	2708084	S	7	0	7	0.0000969650
Salinibacterium sp. ZJ450	2708338	S	7	0	7	0.0000969650
Salinibacterium hongtaonis	2079791	S	7	0	7	0.0000969650
Lysinimonas sp. KACC 19322	2592654	S	6	1	7	0.0000969650
Arthrobacter sp. FB24	290399	S	7	0	7	0.0000969650
Arthrobacter sp. 24S4-2	2575374	S	7	0	7	0.0000969650
Arthrobacter sp. PAMC25564	2565366	S	7	0	7	0.0000969650
Kocuria turfanensis	388357	S	7	0	7	0.0000969650
Glutamicibacter creatinolyticus	162496	S	7	0	7	0.0000969650
Rothia kristinae	37923	S	5	2	7	0.0000969650
Paenarthrobacter sp. YJN-D	2735317	S	5	2	7	0.0000969650
Cellulomonas flavigena	1711	S	6	1	7	0.0000969650
Cellulomonas taurus	2729175	S	6	1	7	0.0000969650
Phycicoccus sp. HDW14	2714941	S	6	1	7	0.0000969650
Yimella sp. cx-51	2770551	S	7	0	7	0.0000969650
Xylanimonas allomyrinae	2509459	S	6	1	7	0.0000969650
Georgenia sp. Z294	2585135	S	6	1	7	0.0000969650
Haloactinobacterium sp. RN3S43	2779775	S	7	0	7	0.0000969650
Mycolicibacterium aurum	1791	S	7	0	7	0.0000969650
Mycolicibacterium doricum	126673	S	6	1	7	0.0000969650
Mycobacterium sp. MS1601	1936029	S	7	0	7	0.0000969650
Mycobacterium sp. DL592	2675524	S	7	0	7	0.0000969650
Mycobacterium sp. WY10	1920667	S	2	5	7	0.0000969650
Mycobacterium sp. PYR15	2051552	S	2	5	7	0.0000969650
Mycobacterium saskatchewanense	220927	S	7	0	7	0.0000969650
Mycobacterium conspicuum	44010	S	7	0	7	0.0000969650
Rhodococcus sp. M8	1925550	S	2	5	7	0.0000969650
Rhodococcus sp. WB1	1033922	S	1	6	7	0.0000969650
Nocardia otitidiscaviarum	1823	S	7	0	7	0.0000969650
Corynebacterium sp. ZJ-599	2709394	S	7	0	7	0.0000969650
Corynebacterium macginleyi	38290	S	7	0	7	0.0000969650
Gordonia sp. YC-JH1	2059875	S	4	3	7	0.0000969650
Gordonia rubripertincta	36822	S	5	2	7	0.0000969650
Dietzia lutea	546160	S	5	2	7	0.0000969650
Streptomyces sp. CRXT-Y-14	2768069	S	7	0	7	0.0000969650
Streptomyces sp. NA04227	2742136	S	7	0	7	0.0000969650
Streptomyces sp. SYP-A7193	2662065	S	6	1	7	0.0000969650
Streptomyces sp. CMB-StM0423	2059884	S	6	1	7	0.0000969650
Streptomyces sp. 11-1-2	1851167	S	4	3	7	0.0000969650
Streptomyces sp. SS52	2563602	S	3	4	7	0.0000969650
Streptomyces sp. 604F	1476754	S	2	5	7	0.0000969650
Streptomyces gilvosporeus	553510	S	7	0	7	0.0000969650
Streptomyces olivoreticuli	68246	S	7	0	7	0.0000969650
Streptomyces tirandamycinicus	2174846	S	7	0	7	0.0000969650
Streptomyces harbinensis	1176198	S	7	0	7	0.0000969650
Streptomyces alboflavus	67267	S	7	0	7	0.0000969650
Streptomyces broussonetiae	2686304	S	7	0	7	0.0000969650
Streptomyces lunaelactis	1535768	S	7	0	7	0.0000969650
Streptomyces kanamyceticus	1967	S	7	0	7	0.0000969650
Streptomyces armeniacus	83291	S	7	0	7	0.0000969650
Streptomyces peucetius	1950	S	7	0	7	0.0000969650
Streptomyces hygroscopicus	1912	S	6	1	7	0.0000969650
Streptomyces albidoflavus	1886	S	3	4	7	0.0000969650
Kitasatospora albolonga	68173	S	5	2	7	0.0000969650
Kitasatospora aureofaciens	1894	S	1	6	7	0.0000969650
Tessaracoccus timonensis	2161816	S	6	1	7	0.0000969650
Auraticoccus monumenti	675864	S	7	0	7	0.0000969650
Nocardioides euryhalodurans	2518370	S	6	1	7	0.0000969650
Aeromicrobium yanjiei	2662028	S	6	1	7	0.0000969650
Friedmanniella luteola	546871	S	7	0	7	0.0000969650
Pimelobacter simplex	2045	S	6	1	7	0.0000969650
Micromonospora purpureochromogenes	47872	S	5	2	7	0.0000969650
Saccharothrix syringae	103733	S	6	1	7	0.0000969650
Kutzneria albida	43357	S	7	0	7	0.0000969650
Lentzea guizhouensis	1586287	S	7	0	7	0.0000969650
Actinomyces sp. oral taxon 414	712122	S	7	0	7	0.0000969650
Actinomyces sp. zg-332	2708340	S	7	0	7	0.0000969650
Candidatus Frankia datiscae	2716812	S	7	0	7	0.0000969650
Nakamurella multipartita	53461	S	7	0	7	0.0000969650
Nakamurella panacisegetis	1090615	S	6	1	7	0.0000969650
Jiangella alkaliphila	419479	S	6	1	7	0.0000969650
Actinopolyspora erythraea	414996	S	7	0	7	0.0000969650
Rubrobacter sp. SCSIO 52909	2653851	S	7	0	7	0.0000969650
Clostridium sp. MF28	1702238	S	2	5	7	0.0000969650
Clostridium cochlearium	1494	S	7	0	7	0.0000969650
Clostridium taeniosporum	394958	S	7	0	7	0.0000969650
Clostridium isatidis	182773	S	7	0	7	0.0000969650
Clostridium thermarum	1716543	S	6	1	7	0.0000969650
Candidatus Arthromitus sp. SFB-mouse-NL	1508644	S	1	6	7	0.0000969650
Oscillibacter valericigenes	351091	S	7	0	7	0.0000969650
Romboutsia ilealis	1115758	S	7	0	7	0.0000969650
Intestinimonas butyriciproducens	1297617	S	7	0	7	0.0000969650
Monoglobus pectinilyticus	1981510	S	6	1	7	0.0000969650
Massilistercora timonensis	2086584	S	5	2	7	0.0000969650
Bacillus sp. M4U3P1	2592382	S	7	0	7	0.0000969650
Lysinibacillus sp. SGAir0095	2070463	S	7	0	7	0.0000969650
Cohnella sp. LGH	1619153	S	7	0	7	0.0000969650
Staphylococcus haemolyticus	1283	S	7	0	7	0.0000969650
Staphylococcus condimenti	70255	S	7	0	7	0.0000969650
Staphylococcus arlettae	29378	S	6	1	7	0.0000969650
Sporosarcina sp. resist	2762563	S	2	5	7	0.0000969650
Listeria welshimeri	1643	S	5	2	7	0.0000969650
Streptococcus equinus	1335	S	6	1	7	0.0000969650
Companilactobacillus allii	1847728	S	7	0	7	0.0000969650
Weissella hellenica	46256	S	5	2	7	0.0000969650
Latilactobacillus curvatus	28038	S	4	3	7	0.0000969650
Levilactobacillus brevis	1580	S	7	0	7	0.0000969650
Enterococcus casseliflavus	37734	S	6	1	7	0.0000969650
Carnobacterium inhibens	147709	S	7	0	7	0.0000969650
Aerococcus urinae	1376	S	7	0	7	0.0000969650
Pelosinus fermentans	365349	S	6	1	7	0.0000969650
Phascolarctobacterium sp. Marseille-Q4147	2823317	S	7	0	7	0.0000969650
Acidaminococcus intestini	187327	S	7	0	7	0.0000969650
Oxynema sp. AP17	2064643	S	7	0	7	0.0000969650
Nostoc sp. PCC 7524	28072	S	7	0	7	0.0000969650
Nostoc sphaeroides	446679	S	5	2	7	0.0000969650
Nodularia spumigena	70799	S	6	1	7	0.0000969650
Scytonema sp. NIES-4073	2005464	S	3	4	7	0.0000969650
Leptolyngbya sp. O-77	1080068	S	5	2	7	0.0000969650
Leptolyngbya boryana	1184	S	6	1	7	0.0000969650
Synechocystis sp. PCC 6714	1147	S	7	0	7	0.0000969650
Thermoleptolyngbya sp. PKUAC-SCTB121	2811482	S	1	6	7	0.0000969650
Mycoplasma anserisalpingitidis	519450	S	7	0	7	0.0000969650
Mycoplasma tullyi	1612150	S	5	2	7	0.0000969650
Spiroplasma phoeniceum	47835	S	3	4	7	0.0000969650
Polaribacter sp. SM13	2818493	S	7	0	7	0.0000969650
Capnocytophaga haemolytica	45243	S	7	0	7	0.0000969650
Capnocytophaga sputigena	1019	S	6	1	7	0.0000969650
Cellulophaga sp. L1A9	2686362	S	5	2	7	0.0000969650
Nonlabens sp. Hel1_33_55	1336802	S	6	1	7	0.0000969650
Nonlabens sp. MB-3u-79	2058134	S	5	2	7	0.0000969650
Nonlabens spongiae	331648	S	5	2	7	0.0000969650
Muricauda lutaonensis	516051	S	7	0	7	0.0000969650
Antarcticibacterium arcticum	2585771	S	7	0	7	0.0000969650
Croceibacter atlanticus	313588	S	6	1	7	0.0000969650
Chryseobacterium sp. G0186	2487064	S	5	2	7	0.0000969650
Chryseobacterium aureum	2497456	S	7	0	7	0.0000969650
Kaistella daneshvariae	2487074	S	7	0	7	0.0000969650
Cruoricaptor ignavus	1118202	S	7	0	7	0.0000969650
Ichthyobacterium seriolicida	242600	S	7	0	7	0.0000969650
Bacteroides sp. M10	2763022	S	5	2	7	0.0000969650
Prevotella ruminicola	839	S	7	0	7	0.0000969650
Draconibacterium sp. M1	2706887	S	7	0	7	0.0000969650
Sphingobacterium sp. CZ-2	2557994	S	7	0	7	0.0000969650
Sphingobacterium mizutaii	1010	S	7	0	7	0.0000969650
Sphingobacterium hotanense	649196	S	7	0	7	0.0000969650
Spirosoma aerolatum	1211326	S	7	0	7	0.0000969650
Hymenobacter sp. PAMC 26628	1484118	S	7	0	7	0.0000969650
Hymenobacter sp. TS19	2735321	S	7	0	7	0.0000969650
Hymenobacter busanensis	2607656	S	7	0	7	0.0000969650
Hymenobacter radiodurans	2496028	S	2	5	7	0.0000969650
Pontibacter actiniarum	323450	S	6	1	7	0.0000969650
Nibribacter ruber	2698458	S	6	1	7	0.0000969650
Arachidicoccus sp. BS20	1850526	S	6	1	7	0.0000969650
Paraflavitalea soli	2315862	S	7	0	7	0.0000969650
Mariniblastus fucicola	980251	S	7	0	7	0.0000969650
Coraliomargarita akajimensis	395922	S	7	0	7	0.0000969650
Borrelia sp. A-FGy1	2608247	S	7	0	7	0.0000969650
Leptospira tipperaryensis	2564040	S	7	0	7	0.0000969650
Terriglobus albidus	1592106	S	7	0	7	0.0000969650
Granulicella sp. WH15	2602070	S	7	0	7	0.0000969650
Edaphobacter sp. 12200R-103	2703788	S	6	1	7	0.0000969650
Candidatus Koribacter versatilis	658062	S	7	0	7	0.0000969650
Fusobacterium ulcerans	861	S	7	0	7	0.0000969650
Fervidobacterium changbaicum	310769	S	1	6	7	0.0000969650
Methanoregula formicica	882104	S	7	0	7	0.0000969650
Halorubrum lacusprofundi	2247	S	6	1	7	0.0000969650
Methanobrevibacter millerae	230361	S	7	0	7	0.0000969650
Nitrosarchaeum sp. AC2	2259673	S	7	0	7	0.0000969650
Candidatus Nitrosocosmicus hydrocola	1826872	S	7	0	7	0.0000969650
Acidianus ambivalens	2283	S	5	2	7	0.0000969650
Candidatus Prometheoarchaeum syntrophicum	2594042	S	7	0	7	0.0000969650
Burkholderia territorii	1503055	S	5	1	6	0.0000831129
Burkholderia sp. THE68	758782	S	6	0	6	0.0000831129
Paraburkholderia sp. Msb3	2604047	S	4	2	6	0.0000831129
Paraburkholderia sprentiae	948107	S	6	0	6	0.0000831129
Pusillimonas sp. DMV24BSW_D	2716226	S	6	0	6	0.0000831129
Pusillimonas thiosulfatoxidans	2028345	S	6	0	6	0.0000831129
Chromobacterium sp. Rain0013	2292447	S	4	2	6	0.0000831129
Aquitalea magnusonii	332411	S	5	1	6	0.0000831129
Jeongeupia sp. HS-3	1009682	S	5	1	6	0.0000831129
Eikenella corrodens	539	S	4	2	6	0.0000831129
Methylovorus glucosotrophus	266009	S	5	1	6	0.0000831129
Nitrosospira briensis	35799	S	6	0	6	0.0000831129
Gallionella capsiferriformans	370405	S	6	0	6	0.0000831129
Pseudomonas sp. OIL-1	2706126	S	6	0	6	0.0000831129
Pseudomonas sp. CC6-YY-74	1930532	S	6	0	6	0.0000831129
Pseudomonas sp. S-6-2	1931241	S	6	0	6	0.0000831129
Pseudomonas sp. SCB32	2653853	S	6	0	6	0.0000831129
Pseudomonas sp. R5-89-07	658644	S	6	0	6	0.0000831129
Pseudomonas sp. Leaf58	1736226	S	6	0	6	0.0000831129
Pseudomonas umsongensis	198618	S	6	0	6	0.0000831129
Pseudomonas cremoricolorata	157783	S	6	0	6	0.0000831129
Pseudomonas agarici	46677	S	6	0	6	0.0000831129
Pseudomonas gozinkensis	2774461	S	5	1	6	0.0000831129
Acinetobacter sp. Marseille-Q1620	2714110	S	6	0	6	0.0000831129
Acinetobacter baylyi	202950	S	6	0	6	0.0000831129
Acinetobacter gyllenbergii	134534	S	6	0	6	0.0000831129
Acinetobacter equi	1324350	S	6	0	6	0.0000831129
Acinetobacter variabilis	70346	S	4	2	6	0.0000831129
Psychrobacter sp. 28M-43	2772254	S	6	0	6	0.0000831129
Psychrobacter arcticus	334543	S	6	0	6	0.0000831129
Moraxella bovis	476	S	6	0	6	0.0000831129
Klebsiella sp. WP8-S18-ESBL-06	2675726	S	1	5	6	0.0000831129
Enterobacter sp. RHBSTW-00975	2742673	S	2	4	6	0.0000831129
Enterobacteriaceae endosymbiont of Donacia cinerea	2675774	S	4	2	6	0.0000831129
Serratia odorifera	618	S	6	0	6	0.0000831129
Serratia plymuthica	82996	S	5	1	6	0.0000831129
Nissabacter sp. SGAir0207	2126321	S	6	0	6	0.0000831129
Pantoea sp. PSNIH1	1484158	S	4	2	6	0.0000831129
Pantoea rwandensis	1076550	S	6	0	6	0.0000831129
Erwinia sp. QL-Z3	2547962	S	2	4	6	0.0000831129
Stenotrophomonas indicatrix	2045451	S	3	3	6	0.0000831129
Xanthomonas cucurbitae	56453	S	6	0	6	0.0000831129
Xanthomonas sacchari	56458	S	6	0	6	0.0000831129
Lysobacter soli	453783	S	6	0	6	0.0000831129
Luteimonas sp. JM171	1896164	S	6	0	6	0.0000831129
Dyella japonica	231455	S	6	0	6	0.0000831129
Alteromonas mediterranea	314275	S	5	1	6	0.0000831129
Paraglaciecola sp. L3A3	2686358	S	6	0	6	0.0000831129
Shewanella sp. FJAT-52962	2814293	S	3	3	6	0.0000831129
Shewanella denitrificans	192073	S	6	0	6	0.0000831129
Shewanella algae	38313	S	5	1	6	0.0000831129
Shewanella chilikensis	558541	S	3	3	6	0.0000831129
Parashewanella spongiae	342950	S	6	0	6	0.0000831129
Pseudoalteromonas spongiae	298657	S	6	0	6	0.0000831129
Pseudoalteromonas undina	43660	S	3	3	6	0.0000831129
Thalassotalea sp. PS06	2594005	S	6	0	6	0.0000831129
Halomonas sp. MCCC 1A13718	2733488	S	6	0	6	0.0000831129
Halomonas chromatireducens	507626	S	6	0	6	0.0000831129
Kushneria konosiri	698828	S	5	1	6	0.0000831129
Marinomonas algicola	2773454	S	6	0	6	0.0000831129
Aeromonas sp. CA23	2033032	S	6	0	6	0.0000831129
Aeromonas sp. CU5	2033033	S	6	0	6	0.0000831129
Aeromonas sp. ASNIH1	1636606	S	1	5	6	0.0000831129
Aeromonas simiae	218936	S	6	0	6	0.0000831129
Vibrio alginolyticus	663	S	3	3	6	0.0000831129
Vibrio sp. SM1977	2662262	S	6	0	6	0.0000831129
Vibrio mimicus	674	S	6	0	6	0.0000831129
Vibrio crassostreae	246167	S	6	0	6	0.0000831129
Woeseia oceani	1548547	S	6	0	6	0.0000831129
Cellvibrio sp. PSBB006	1987723	S	6	0	6	0.0000831129
Saccharophagus degradans	86304	S	6	0	6	0.0000831129
Microbulbifer sp. THAF38	2587856	S	6	0	6	0.0000831129
Microbulbifer aggregans	1769779	S	6	0	6	0.0000831129
Legionella longbeachae	450	S	6	0	6	0.0000831129
Legionella clemsonensis	1867846	S	6	0	6	0.0000831129
Aquicella lusitana	254246	S	6	0	6	0.0000831129
Methylomonas sp. DH-1	1727196	S	3	3	6	0.0000831129
Methylomicrobium sp. wino1	2049332	S	4	2	6	0.0000831129
Methylocaldum marinum	1432792	S	6	0	6	0.0000831129
Candidatus Methylospira mobilis	1808979	S	6	0	6	0.0000831129
Francisella uliginis	573570	S	6	0	6	0.0000831129
Thiomicrospira cyclica	147268	S	6	0	6	0.0000831129
Acidiferrobacter sp. SPIII_3	1281578	S	6	0	6	0.0000831129
Frischella perrara	1267021	S	5	1	6	0.0000831129
Rhizobium sp. 11515TR	2028343	S	6	0	6	0.0000831129
Rhizobium sp. ADMK78	1813451	S	6	0	6	0.0000831129
Rhizobium sp. NZLR1	2731096	S	5	1	6	0.0000831129
Rhizobium sp. Y9	1914541	S	1	5	6	0.0000831129
Rhizobium pseudoryzae	379684	S	6	0	6	0.0000831129
Rhizobium jaguaris	1312183	S	6	0	6	0.0000831129
Liberibacter crescens	1273132	S	6	0	6	0.0000831129
Mesorhizobium sp. INR15	2654248	S	6	0	6	0.0000831129
Mesorhizobium sp. L-2-11	2744521	S	5	1	6	0.0000831129
Mesorhizobium sp. M1A.F.Ca.IN.022.06.1.1	2493680	S	5	1	6	0.0000831129
Mesorhizobium sp. M1D.F.Ca.ET.043.01.1.1	2493669	S	4	2	6	0.0000831129
Mesorhizobium sp. M2A.F.Ca.ET.043.05.1.1	2493671	S	4	2	6	0.0000831129
Mesorhizobium amorphae	71433	S	5	1	6	0.0000831129
Mesorhizobium opportunistum	593909	S	5	1	6	0.0000831129
Nitratireductor sp. OM-1	1756988	S	6	0	6	0.0000831129
Devosia sp. 1566	2499144	S	6	0	6	0.0000831129
Stappia sp. ES.058	1881061	S	6	0	6	0.0000831129
Bartonella apis	1686310	S	6	0	6	0.0000831129
Brucella intermedia	94625	S	6	0	6	0.0000831129
Brucella pseudogrignonensis	419475	S	4	2	6	0.0000831129
Sphingomonas sp. LMO-1	2681549	S	6	0	6	0.0000831129
Sphingomonas daechungensis	1176646	S	6	0	6	0.0000831129
Sphingobium fuliginis	336203	S	2	4	6	0.0000831129
Sphingorhabdus sp. SMR4y	2584094	S	6	0	6	0.0000831129
Sphingosinithalassobacter sp. zrk23	2711215	S	5	1	6	0.0000831129
Parasphingorhabdus sp. JHSY0214	2806553	S	6	0	6	0.0000831129
Erythrobacter sp. 6D36	2782568	S	6	0	6	0.0000831129
Sphingosinicella sp. UDD2	2771430	S	6	0	6	0.0000831129
Paracoccus sp. BM15	1529068	S	6	0	6	0.0000831129
Paracoccus kondratievae	135740	S	5	1	6	0.0000831129
Paracoccus suum	2259340	S	5	1	6	0.0000831129
Roseovarius sp. THAF8	2587846	S	3	3	6	0.0000831129
Profundibacter amoris	2171755	S	6	0	6	0.0000831129
Roseivivax sp. THAF30	2587852	S	3	3	6	0.0000831129
Thalassobius gelatinovorus	53501	S	6	0	6	0.0000831129
Pelagovum pacificum	2588711	S	6	0	6	0.0000831129
Boseongicola sp. CCM32	2552942	S	6	0	6	0.0000831129
Magnetospirillum sp. XM-1	1663591	S	4	2	6	0.0000831129
Thalassospira sp. B30-1	2785911	S	3	3	6	0.0000831129
Candidatus Endolissoclinum faulkneri	1263979	S	6	0	6	0.0000831129
Roseomonas gilardii	257708	S	4	2	6	0.0000831129
Komagataeibacter medellinensis	1177712	S	4	2	6	0.0000831129
Asaia bogorensis	91915	S	6	0	6	0.0000831129
Micavibrio aeruginosavorus	349221	S	6	0	6	0.0000831129
Aliarcobacter lanthieri	1355374	S	6	0	6	0.0000831129
Malaciobacter pacificus	1080223	S	6	0	6	0.0000831129
Malaciobacter marinus	505249	S	5	1	6	0.0000831129
Sulfurospirillum sp. JPD-1	220622	S	1	5	6	0.0000831129
Sulfurospirillum halorespirans	194424	S	3	3	6	0.0000831129
Sulfurimonas sp. B2	2590551	S	6	0	6	0.0000831129
Pajaroellobacter abortibovis	1882918	S	6	0	6	0.0000831129
Myxococcus stipitatus	83455	S	5	1	6	0.0000831129
Geobacter sp. FeAm09	2597769	S	6	0	6	0.0000831129
Desulfuromonas sp. DDH964	1823759	S	6	0	6	0.0000831129
Desulfovibrio sp. IOR2	2583823	S	6	0	6	0.0000831129
Desulfovibrio sp. G11	631220	S	1	5	6	0.0000831129
Desulfovibrio piger	901	S	6	0	6	0.0000831129
Pseudodesulfovibrio aespoeensis	182210	S	4	2	6	0.0000831129
Desulfosarcina ovata	83564	S	6	0	6	0.0000831129
Desulfosarcina widdelii	947919	S	6	0	6	0.0000831129
Halobacteriovorax marinus	97084	S	6	0	6	0.0000831129
Acidithiobacillus ferrooxidans	920	S	6	0	6	0.0000831129
Microbacterium sp. NY27	2782169	S	6	0	6	0.0000831129
Microbacterium sp. CBA3102	2603598	S	5	1	6	0.0000831129
Microbacterium sp. 1.5R	1916917	S	1	5	6	0.0000831129
Microbacterium sp. CGR1	1696072	S	1	5	6	0.0000831129
Microbacterium sediminis	904291	S	4	2	6	0.0000831129
Curtobacterium sp. SGAir0471	2070337	S	5	1	6	0.0000831129
Leucobacter sp. CX169	2813744	S	5	1	6	0.0000831129
Salinibacterium sp. dk2585	2603292	S	6	0	6	0.0000831129
Cryobacterium soli	2220095	S	4	2	6	0.0000831129
Diaminobutyricimonas sp. LJ205	2683590	S	6	0	6	0.0000831129
Arthrobacter sp. QXT-31	1357915	S	6	0	6	0.0000831129
Arthrobacter woluwensis	156980	S	6	0	6	0.0000831129
Rothia mucilaginosa	43675	S	6	0	6	0.0000831129
Renibacterium salmoninarum	1646	S	6	0	6	0.0000831129
Citricoccus sp. SGAir0253	2567881	S	6	0	6	0.0000831129
Cellulomonas sp. H30R-01	2704467	S	5	1	6	0.0000831129
Actinotalea sp. JY-7876	2758442	S	5	1	6	0.0000831129
Dermacoccus sp. PAMC28757	2762331	S	5	1	6	0.0000831129
Luteipulveratus mongoliensis	571913	S	6	0	6	0.0000831129
Serinicoccus marinus	247333	S	5	1	6	0.0000831129
Serinicoccus profundi	1078471	S	5	1	6	0.0000831129
Kytococcus sedentarius	1276	S	5	1	6	0.0000831129
Mycolicibacterium psychrotolerans	216929	S	6	0	6	0.0000831129
Mycolicibacterium pulveris	36813	S	6	0	6	0.0000831129
Mycolicibacterium poriferae	39694	S	2	4	6	0.0000831129
Mycobacterium kansasii	1768	S	6	0	6	0.0000831129
Mycobacterium heckeshornense	110505	S	6	0	6	0.0000831129
Mycobacteroides chelonae	1774	S	3	3	6	0.0000831129
Mycolicibacter minnesotensis	1118379	S	6	0	6	0.0000831129
Rhodococcus sp. PBTS 2	1653479	S	4	2	6	0.0000831129
Rhodococcus sp. WB9	2594007	S	3	3	6	0.0000831129
Rhodococcus hoagii	43767	S	6	0	6	0.0000831129
Rhodococcus rhodochrous	1829	S	5	1	6	0.0000831129
Nocardia mangyaensis	2213200	S	6	0	6	0.0000831129
Corynebacterium terpenotabidum	89154	S	6	0	6	0.0000831129
Gordonia insulae	2420509	S	6	0	6	0.0000831129
Gordonia terrae	2055	S	5	1	6	0.0000831129
Streptomyces sp. TLI_053	1855352	S	6	0	6	0.0000831129
Streptomyces sp. RPA4-2	2721244	S	6	0	6	0.0000831129
Streptomyces sp. M2	646637	S	6	0	6	0.0000831129
Streptomyces sp. ZYC-3	2797636	S	6	0	6	0.0000831129
Streptomyces sp. SirexAA-E	862751	S	6	0	6	0.0000831129
Streptomyces sp. SCUT-3	2684469	S	5	1	6	0.0000831129
Streptomyces sp. Mg1	465541	S	5	1	6	0.0000831129
Streptomyces sp. NA03103	2742134	S	2	4	6	0.0000831129
Streptomyces cacaoi	1898	S	6	0	6	0.0000831129
Streptomyces pristinaespiralis	38300	S	6	0	6	0.0000831129
Streptomyces nigra	1827580	S	6	0	6	0.0000831129
Streptomyces aureoverticillatus	66871	S	6	0	6	0.0000831129
Streptomyces rapamycinicus	1226757	S	6	0	6	0.0000831129
Streptomyces capitiformicae	2014920	S	6	0	6	0.0000831129
Streptomyces glaucescens	1907	S	6	0	6	0.0000831129
Streptomyces dengpaensis	2049881	S	6	0	6	0.0000831129
Streptomyces chromofuscus	42881	S	6	0	6	0.0000831129
Streptomyces mobaraensis	35621	S	6	0	6	0.0000831129
Streptomyces avermitilis	33903	S	6	0	6	0.0000831129
Streptomyces phaeolivaceus	2653200	S	6	0	6	0.0000831129
Streptomyces bathyalis	2710756	S	6	0	6	0.0000831129
Streptomyces lincolnensis	1915	S	6	0	6	0.0000831129
Streptomyces fulvissimus	68202	S	4	2	6	0.0000831129
Streptomyces malaysiensis	92644	S	3	3	6	0.0000831129
Streptomyces fungicidicus	68203	S	3	3	6	0.0000831129
Streptomyces viridifaciens	48665	S	1	5	6	0.0000831129
Microlunatus soli	630515	S	6	0	6	0.0000831129
Acidipropionibacterium jensenii	1749	S	5	1	6	0.0000831129
Raineyella sp. CBA3103	2662261	S	6	0	6	0.0000831129
Nocardioides sp. WS12	2486272	S	6	0	6	0.0000831129
Nocardioides sp. dk3136	2575373	S	5	1	6	0.0000831129
Aeromicrobium marinum	219314	S	6	0	6	0.0000831129
Aeromicrobium chenweiae	2079793	S	5	1	6	0.0000831129
Micromonospora sp. WMMC415	2675222	S	5	1	6	0.0000831129
Micromonospora inositola	47865	S	5	1	6	0.0000831129
Micromonospora viridifaciens	1881	S	5	1	6	0.0000831129
Micromonospora echinofusca	47858	S	5	1	6	0.0000831129
Micromonospora chokoriensis	356851	S	5	1	6	0.0000831129
Micromonospora tulbaghiae	479978	S	3	3	6	0.0000831129
Salinispora tropica	168695	S	5	1	6	0.0000831129
Plantactinospora sp. BB1	2071627	S	3	3	6	0.0000831129
Amycolatopsis mediterranei	33910	S	6	0	6	0.0000831129
Amycolatopsis japonica	208439	S	3	3	6	0.0000831129
Saccharopolyspora spinosa	60894	S	5	1	6	0.0000831129
Allokutzneria albata	211114	S	6	0	6	0.0000831129
Streptosporangium sp. 'caverna'	2202249	S	5	1	6	0.0000831129
Jatrophihabitans sp. GAS493	1907575	S	6	0	6	0.0000831129
Olsenella uli	133926	S	6	0	6	0.0000831129
Adlercreutzia sp. 8CFCBH1	2707299	S	4	2	6	0.0000831129
Eggerthella sp. HF-1101	2690837	S	6	0	6	0.0000831129
Sarcina sp. JB2	2726954	S	6	0	6	0.0000831129
Ruminococcus champanellensis	1161942	S	6	0	6	0.0000831129
Ruthenibacterium lactatiformans	1550024	S	6	0	6	0.0000831129
Paraclostridium bifermentans	1490	S	6	0	6	0.0000831129
Flintibacter sp. KGMB00164	2610895	S	6	0	6	0.0000831129
Halanaerobium hydrogeniformans	656519	S	6	0	6	0.0000831129
Halobacteroides halobius	42422	S	6	0	6	0.0000831129
Bacillus pseudomycoides	64104	S	6	0	6	0.0000831129
Bacillus sp. HD4P25	2779776	S	6	0	6	0.0000831129
Bacillus marisflavi	189381	S	6	0	6	0.0000831129
Alkalihalobacillus pseudofirmus	79885	S	6	0	6	0.0000831129
Peribacillus asahii	228899	S	6	0	6	0.0000831129
Neobacillus mesonae	1193713	S	6	0	6	0.0000831129
Halobacillus litoralis	45668	S	6	0	6	0.0000831129
Psychrobacillus glaciei	2283160	S	6	0	6	0.0000831129
Paenibacillus sp. B01	2660554	S	6	0	6	0.0000831129
Paenibacillus sp. 32O-W	1695218	S	6	0	6	0.0000831129
Paenibacillus barcinonensis	198119	S	6	0	6	0.0000831129
Staphylococcus hyicus	1284	S	6	0	6	0.0000831129
Jeotgalicoccus saudimassiliensis	1461582	S	6	0	6	0.0000831129
Brochothrix thermosphacta	2756	S	6	0	6	0.0000831129
Tumebacillus algifaecis	1214604	S	4	2	6	0.0000831129
Streptococcus urinalis	149016	S	6	0	6	0.0000831129
Lactobacillus amylolyticus	83683	S	6	0	6	0.0000831129
Leuconostoc sp. LN180020	2571156	S	2	4	6	0.0000831129
Latilactobacillus sakei	1599	S	4	2	6	0.0000831129
Lentilactobacillus hilgardii	1588	S	6	0	6	0.0000831129
Turicibacter sanguinis	154288	S	6	0	6	0.0000831129
Tissierellia sp. JN-28	2507161	S	6	0	6	0.0000831129
Geitlerinema sp. PCC 7407	1173025	S	6	0	6	0.0000831129
Crinalium epipsammum	241425	S	6	0	6	0.0000831129
Geminocystis herdmanii	669359	S	6	0	6	0.0000831129
Halothece sp. PCC 7418	65093	S	5	1	6	0.0000831129
Crocosphaera subtropica	2546360	S	6	0	6	0.0000831129
Nostoc sp. C052	2576902	S	5	1	6	0.0000831129
Nostoc sp. C057	2576903	S	2	4	6	0.0000831129
Microchaete diplosiphon	1197	S	2	4	6	0.0000831129
Synechococcus sp. PCC 7336	195250	S	6	0	6	0.0000831129
Synechococcus sp. CBW1006	1353138	S	2	4	6	0.0000831129
Chamaesiphon minutus	1173032	S	6	0	6	0.0000831129
Gloeobacter kilaueensis	1416614	S	6	0	6	0.0000831129
Chroococcidiopsis thermalis	54299	S	6	0	6	0.0000831129
Mycoplasma mycoides	2102	S	4	2	6	0.0000831129
Mycoplasma felis	33923	S	6	0	6	0.0000831129
Spiroplasma clarkii	2139	S	6	0	6	0.0000831129
Spiroplasma melliferum	2134	S	2	4	6	0.0000831129
Mesoplasma syrphidae	225999	S	5	1	6	0.0000831129
Deinococcus maricopensis	309887	S	6	0	6	0.0000831129
Meiothermus ruber	277	S	6	0	6	0.0000831129
Meiothermus taiwanensis	172827	S	6	0	6	0.0000831129
Dehalogenimonas lykanthroporepellens	552810	S	5	1	6	0.0000831129
Tenacibaculum mesophilum	104268	S	5	1	6	0.0000831129
Winogradskyella sp. J14-2	1936080	S	6	0	6	0.0000831129
Myroides phaeus	702745	S	5	1	6	0.0000831129
Myroides sp. ZB35	1458492	S	2	4	6	0.0000831129
Aquimarina sp. TRL1	2736252	S	6	0	6	0.0000831129
Nonlabens marinus	930802	S	4	2	6	0.0000831129
Dokdonia sp. MED134	313590	S	4	2	6	0.0000831129
Tamlana carrageenivorans	2069432	S	5	1	6	0.0000831129
Costertonia aggregata	343403	S	6	0	6	0.0000831129
Elizabethkingia meningoseptica	238	S	6	0	6	0.0000831129
Blattabacterium sp. (Cryptocercus kyebangensis)	298656	S	5	1	6	0.0000831129
Bacteroides helcogenes	290053	S	6	0	6	0.0000831129
Alistipes indistinctus	626932	S	6	0	6	0.0000831129
Alistipes megaguti	2364787	S	6	0	6	0.0000831129
Alistipes shahii	328814	S	5	1	6	0.0000831129
Sphingobacterium psychroaquaticum	561061	S	6	0	6	0.0000831129
Sphingobacterium thalpophilum	259	S	4	2	6	0.0000831129
Olivibacter sp. SDN3	2764720	S	6	0	6	0.0000831129
Hymenobacter sp. DG25B	1385664	S	6	0	6	0.0000831129
Hymenobacter jejuensis	2502781	S	6	0	6	0.0000831129
Pontibacter pudoricolor	2694930	S	6	0	6	0.0000831129
Echinicola sp. LN3S3	2591634	S	6	0	6	0.0000831129
Echinicola sp. 20G	2781961	S	6	0	6	0.0000831129
Chitinophaga alhagiae	2203219	S	6	0	6	0.0000831129
Rhodopirellula baltica	265606	S	6	0	6	0.0000831129
Gimesia aquarii	2527964	S	6	0	6	0.0000831129
Gimesia fumaroli	2527976	S	6	0	6	0.0000831129
Gimesia algae	2527971	S	5	1	6	0.0000831129
Simkania negevensis	83561	S	6	0	6	0.0000831129
Chloracidobacterium thermophilum	458033	S	6	0	6	0.0000831129
Fusobacterium hwasookii	1583098	S	4	2	6	0.0000831129
Fusobacterium pseudoperiodonticum	2663009	S	4	2	6	0.0000831129
Fusobacterium periodonticum	860	S	2	4	6	0.0000831129
Leptotrichia wadei	157687	S	5	1	6	0.0000831129
Methanosarcina acetivorans	2214	S	6	0	6	0.0000831129
Mycobacterium phage Ringer	2530144	S	1	5	6	0.0000831129
Vibrio phage 1.097.O._10N.286.49.B3	1881383	S	1	5	6	0.0000831129
Burkholderia metallica	488729	S	4	1	5	0.0000692607
Burkholderia pyrrocinia	60550	S	4	1	5	0.0000692607
Burkholderia oklahomensis	342113	S	4	1	5	0.0000692607
Pandoraea pulmonicola	93221	S	5	0	5	0.0000692607
Pandoraea sputorum	93222	S	4	1	5	0.0000692607
Caballeronia sp. SBC2	2705547	S	1	4	5	0.0000692607
Mycetohabitans rhizoxinica	412963	S	5	0	5	0.0000692607
Janthinobacterium sp. B9-8	1236179	S	4	1	5	0.0000692607
Bordetella holmesii	35814	S	5	0	5	0.0000692607
Bordetella pseudohinzii	1331258	S	4	1	5	0.0000692607
Oligella urethralis	90245	S	5	0	5	0.0000692607
Paenalcaligenes hominis	643674	S	5	0	5	0.0000692607
Sutterella megalosphaeroides	2494234	S	5	0	5	0.0000692607
Azospira oryzae	146939	S	2	3	5	0.0000692607
Chromobacterium haemolyticum	394935	S	1	4	5	0.0000692607
Neisseria elongata	495	S	4	1	5	0.0000692607
Neisseria zoodegmatis	326523	S	4	1	5	0.0000692607
Nitrosomonas sp. AL212	153948	S	4	1	5	0.0000692607
Nitrosomonas communis	44574	S	5	0	5	0.0000692607
Nitrosospira multiformis	1231	S	5	0	5	0.0000692607
Sulfuriferula nivalis	2675298	S	5	0	5	0.0000692607
Candidatus Profftella armatura (Diaphorina cf. continua)	2661583	S	4	1	5	0.0000692607
Pseudomonas sp. DY-1	1755504	S	5	0	5	0.0000692607
Pseudomonas sp. DTU12.3	2073078	S	5	0	5	0.0000692607
Pseudomonas sp. NIBRBAC000502773	2590776	S	4	1	5	0.0000692607
Pseudomonas sp. SXM-1	2169583	S	2	3	5	0.0000692607
Pseudomonas corrugata	47879	S	5	0	5	0.0000692607
Pseudomonas libanensis	75588	S	3	2	5	0.0000692607
Pseudomonas amygdali	47877	S	2	3	5	0.0000692607
Pseudomonas furukawaii	1149133	S	5	0	5	0.0000692607
Pseudomonas lini	163011	S	5	0	5	0.0000692607
Pseudomonas kribbensis	1628086	S	4	1	5	0.0000692607
Acinetobacter sp. FDAARGOS_724	2545797	S	2	3	5	0.0000692607
Psychrobacter sp. PRwf-1	349106	S	3	2	5	0.0000692607
Moraxella bovoculi	386891	S	4	1	5	0.0000692607
Escherichia albertii	208962	S	5	0	5	0.0000692607
Serratia grimesii	82995	S	5	0	5	0.0000692607
Serratia liquefaciens	614	S	2	3	5	0.0000692607
Pantoea sp. CCBC3-3-1	2490851	S	5	0	5	0.0000692607
Pantoea dispersa	59814	S	5	0	5	0.0000692607
Pantoea stewartii	66269	S	5	0	5	0.0000692607
Mixta gaviniae	665914	S	5	0	5	0.0000692607
Proteus columbae	1987580	S	3	2	5	0.0000692607
Providencia alcalifaciens	126385	S	5	0	5	0.0000692607
Providencia vermicola	333965	S	4	1	5	0.0000692607
Dickeya dianthicola	204039	S	4	1	5	0.0000692607
Pectobacterium polaris	2042057	S	4	1	5	0.0000692607
Pectobacterium brasiliense	180957	S	3	2	5	0.0000692607
Plesiomonas shigelloides	703	S	5	0	5	0.0000692607
Stenotrophomonas sp. ZAC14A_NAIMI4_1	2072412	S	3	2	5	0.0000692607
Stenotrophomonas sp. 364	2691571	S	5	0	5	0.0000692607
Xanthomonas sp. GW	2724121	S	1	4	5	0.0000692607
Xanthomonas vasicola	56459	S	5	0	5	0.0000692607
Xanthomonas fragariae	48664	S	5	0	5	0.0000692607
Xanthomonas oryzae	347	S	5	0	5	0.0000692607
Lysobacter sp. CW239	2762611	S	5	0	5	0.0000692607
Lysobacter alkalisoli	2591633	S	5	0	5	0.0000692607
Luteimonas granuli	1176533	S	5	0	5	0.0000692607
Luteimonas chenhongjianii	2006110	S	5	0	5	0.0000692607
Dyella sp. M7H15-1	2501295	S	5	0	5	0.0000692607
Frateuria aurantia	81475	S	5	0	5	0.0000692607
Marinobacter hydrocarbonoclasticus	2743	S	5	0	5	0.0000692607
Salinimonas lutimaris	914153	S	5	0	5	0.0000692607
Agarivorans gilvus	680279	S	5	0	5	0.0000692607
Shewanella loihica	359303	S	5	0	5	0.0000692607
Shewanella donghaensis	238836	S	5	0	5	0.0000692607
Shewanella oneidensis	70863	S	5	0	5	0.0000692607
Pseudoalteromonas sp. SM1988	2744479	S	5	0	5	0.0000692607
Pseudoalteromonas xiamenensis	882626	S	5	0	5	0.0000692607
Colwellia sp. PAMC 20917	1816218	S	5	0	5	0.0000692607
Litorilituus sediminis	718192	S	5	0	5	0.0000692607
Halomonas sp. THAF5a	2587844	S	5	0	5	0.0000692607
Halomonas sp. MCCC 1A13316	2733487	S	5	0	5	0.0000692607
Halomonas venusta	44935	S	3	2	5	0.0000692607
Cobetia sp. L2A1	2686360	S	5	0	5	0.0000692607
Halotalea alkalilenta	376489	S	5	0	5	0.0000692607
Bacterioplanes sanyensis	1249553	S	5	0	5	0.0000692607
Spartinivicinus ruber	2683272	S	5	0	5	0.0000692607
Aeromonas sp. ASNIH4	1636609	S	2	3	5	0.0000692607
Aeromonas rivipollensis	948519	S	3	2	5	0.0000692607
Vibrio sp. Scap24	2589990	S	5	0	5	0.0000692607
Vibrio europaeus	300876	S	5	0	5	0.0000692607
Vibrio furnissii	29494	S	5	0	5	0.0000692607
Nitrosococcus oceani	1229	S	4	1	5	0.0000692607
Allochromatium vinosum	1049	S	5	0	5	0.0000692607
Ectothiorhodospira sp. BSL-9	1442136	S	5	0	5	0.0000692607
Guyparkeria halophila	47960	S	5	0	5	0.0000692607
Agarilytica rhodophyticola	1737490	S	5	0	5	0.0000692607
Halioglobus japonicus	930805	S	5	0	5	0.0000692607
Legionella sp. MW5194	2662448	S	5	0	5	0.0000692607
Legionella spiritensis	452	S	5	0	5	0.0000692607
Legionella cherrii	28084	S	5	0	5	0.0000692607
Legionella sainthelensi	28087	S	5	0	5	0.0000692607
Tatlockia micdadei	451	S	5	0	5	0.0000692607
[Haemophilus] ducreyi	730	S	5	0	5	0.0000692607
Glaesserella parasuis	738	S	5	0	5	0.0000692607
Methylomonas denitrificans	1538553	S	5	0	5	0.0000692607
Francisella halioticida	549298	S	5	0	5	0.0000692607
Francisella adeliensis	2007306	S	3	2	5	0.0000692607
Francisella philomiragia	28110	S	2	3	5	0.0000692607
Thiomicrorhabdus xiamenensis	2739063	S	5	0	5	0.0000692607
Candidatus Vesicomyosocius okutanii	412965	S	1	4	5	0.0000692607
Sedimenticola thiotaurini	1543721	S	5	0	5	0.0000692607
Gilliamella apicola	1196095	S	5	0	5	0.0000692607
endosymbiont of unidentified scaly snail isolate Monju	1248727	S	5	0	5	0.0000692607
Bradyrhizobium zhanjiangense	1325107	S	5	0	5	0.0000692607
Rhizobium sp. WL3	2603277	S	5	0	5	0.0000692607
Rhizobium sp. NXC24	2048897	S	5	0	5	0.0000692607
Rhizobium sp. Kim5	2020311	S	2	3	5	0.0000692607
Rhizobium gallicum	56730	S	4	1	5	0.0000692607
Agrobacterium larrymoorei	160699	S	5	0	5	0.0000692607
Shinella sp. PSBB067	2715959	S	3	2	5	0.0000692607
Mesorhizobium sp. M1E.F.Ca.ET.045.02.1.1	2493672	S	4	1	5	0.0000692607
Mesorhizobium sp. M8A.F.Ca.ET.057.01.1.1	2493679	S	4	1	5	0.0000692607
Mesorhizobium sp. AA22	1854057	S	3	2	5	0.0000692607
Mesorhizobium erdmanii	1777866	S	4	1	5	0.0000692607
Phyllobacterium sp. 628	2718938	S	5	0	5	0.0000692607
Salaquimonas pukyongi	2712698	S	5	0	5	0.0000692607
Methyloceanibacter sp. wino2	2170729	S	4	1	5	0.0000692607
Candidatus Filomicrobium marinum	1608628	S	5	0	5	0.0000692607
Pelagibacterium halotolerans	531813	S	5	0	5	0.0000692607
Martelella endophytica	1486262	S	5	0	5	0.0000692607
Labrenzia sp. VG12	2021862	S	5	0	5	0.0000692607
Bartonella sp. HY038	2759660	S	4	1	5	0.0000692607
Candidatus Phaeomarinobacter ectocarpi	1458461	S	5	0	5	0.0000692607
Sphingomonas sp. sand1-3	2764186	S	5	0	5	0.0000692607
Sphingomonas sp. HDW15C	2714944	S	5	0	5	0.0000692607
Sphingomonas sp. YZ-8	2319844	S	5	0	5	0.0000692607
Sphingomonas xanthus	2594473	S	5	0	5	0.0000692607
Altererythrobacter ishigakiensis	476157	S	5	0	5	0.0000692607
Tsuneonella flava	2055955	S	4	1	5	0.0000692607
Qipengyuania sediminis	1532023	S	5	0	5	0.0000692607
Roseovarius sp. THAF9	2587847	S	3	2	5	0.0000692607
Yangia sp. CCB-MM3	1792508	S	5	0	5	0.0000692607
Roseobacter ponti	1891787	S	5	0	5	0.0000692607
Roseobacter litoralis	42443	S	4	1	5	0.0000692607
Octadecabacter sp. SW4	2602067	S	4	1	5	0.0000692607
Azospirillum sp. TSH100	652764	S	4	1	5	0.0000692607
Acetobacter persici	1076596	S	5	0	5	0.0000692607
Acetobacter ascendens	481146	S	4	1	5	0.0000692607
Kozakia baliensis	153496	S	5	0	5	0.0000692607
Rickettsiales endosymbiont of Stachyamoeba lipophora	2486578	S	5	0	5	0.0000692607
Aliarcobacter thereius	544718	S	5	0	5	0.0000692607
Arcobacter anaerophilus	877500	S	5	0	5	0.0000692607
Malaciobacter mytili	603050	S	5	0	5	0.0000692607
Candidatus Campylobacter infans	2561898	S	5	0	5	0.0000692607
Campylobacter blaseri	2042961	S	5	0	5	0.0000692607
Campylobacter ureolyticus	827	S	5	0	5	0.0000692607
Campylobacter lanienae	75658	S	5	0	5	0.0000692607
Sulfurimonas sp. S2-6	2590020	S	3	2	5	0.0000692607
Nitratiruptor sp. SB155-2	387092	S	3	2	5	0.0000692607
Anaeromyxobacter sp. K	447217	S	3	2	5	0.0000692607
Geobacter sp. M21	443144	S	3	2	5	0.0000692607
Geobacter metallireducens	28232	S	5	0	5	0.0000692607
Syntrophotalea carbinolica	19	S	5	0	5	0.0000692607
Desulfovibrio sp. 86	2666132	S	5	0	5	0.0000692607
Desulfovibrio marinus	370038	S	5	0	5	0.0000692607
Desulfolutivibrio sulfoxidireducens	2773299	S	5	0	5	0.0000692607
Desulfobacter postgatei	2293	S	5	0	5	0.0000692607
Desulfobulbus oralis	1986146	S	5	0	5	0.0000692607
Halobacteriovorax sp. BALOs_7	2109558	S	5	0	5	0.0000692607
Hydrogenophilus thermoluteolus	297	S	5	0	5	0.0000692607
Microbacterium sp. 4R-513	2567934	S	5	0	5	0.0000692607
Microbacterium sp. A18JL241	2782166	S	5	0	5	0.0000692607
Microbacterium sp. LKL04	912630	S	5	0	5	0.0000692607
Microbacterium caowuchunii	2614638	S	5	0	5	0.0000692607
Microbacterium pygmaeum	370764	S	5	0	5	0.0000692607
Rathayibacter tritici	33888	S	5	0	5	0.0000692607
Aurantimicrobium minutum	708131	S	5	0	5	0.0000692607
Leucobacter viscericola	2714935	S	5	0	5	0.0000692607
Leifsonia shinshuensis	150026	S	5	0	5	0.0000692607
Frondihabitans sp. PAMC 28766	1795630	S	5	0	5	0.0000692607
Arthrobacter sp. U41	1849032	S	5	0	5	0.0000692607
Arthrobacter sp. ZXY-2	1806905	S	1	4	5	0.0000692607
Arthrobacter citreus	1670	S	5	0	5	0.0000692607
Arthrobacter dokdonellae	2211210	S	5	0	5	0.0000692607
Pseudarthrobacter equi	728066	S	4	1	5	0.0000692607
Pseudarthrobacter sulfonivorans	121292	S	3	2	5	0.0000692607
Rothia amarae	169480	S	3	2	5	0.0000692607
Auritidibacter sp. NML130574	2170745	S	5	0	5	0.0000692607
Janibacter sp. YB324	2761047	S	3	2	5	0.0000692607
Pedococcus dokdonensis	443156	S	4	1	5	0.0000692607
Brevibacterium sp. o2	2697565	S	4	1	5	0.0000692607
Brevibacterium luteolum	199591	S	4	1	5	0.0000692607
Dermabacter jinjuensis	1667168	S	3	2	5	0.0000692607
Mobilicoccus sp. NJES-13	2716227	S	5	0	5	0.0000692607
Sanguibacter sp. HDW7	2714931	S	5	0	5	0.0000692607
Mycolicibacterium monacense	85693	S	1	4	5	0.0000692607
Mycobacterium kubicae	120959	S	5	0	5	0.0000692607
Mycobacterium stomatepiae	470076	S	5	0	5	0.0000692607
Mycobacterium tuberculosis	1773	S	1	4	5	0.0000692607
Mycobacterium dioxanotrophicus	482462	S	5	0	5	0.0000692607
Mycobacterium grossiae	1552759	S	5	0	5	0.0000692607
Mycobacterium shottsii	133549	S	2	3	5	0.0000692607
Mycobacteroides salmoniphilum	404941	S	5	0	5	0.0000692607
Mycobacteroides saopaulense	1578165	S	5	0	5	0.0000692607
Mycolicibacter terrae	1788	S	5	0	5	0.0000692607
Rhodococcus sp. W8901	2742603	S	5	0	5	0.0000692607
Rhodococcus sp. S2-17	1990687	S	1	4	5	0.0000692607
Corynebacterium sp. NML98-0116	702967	S	5	0	5	0.0000692607
Corynebacterium matruchotii	43768	S	5	0	5	0.0000692607
Corynebacterium sphenisci	191493	S	5	0	5	0.0000692607
Corynebacterium frankenforstense	1230998	S	5	0	5	0.0000692607
Corynebacterium halotolerans	225326	S	5	0	5	0.0000692607
Corynebacterium bovis	36808	S	5	0	5	0.0000692607
Corynebacterium maris	575200	S	5	0	5	0.0000692607
Corynebacterium marinum	349751	S	4	1	5	0.0000692607
Gordonia ajococcus	1292359	S	2	3	5	0.0000692607
Dietzia timorensis	499555	S	3	2	5	0.0000692607
Lawsonella clevelandensis	1528099	S	5	0	5	0.0000692607
Streptomyces sp. YIM 121038	2136401	S	5	0	5	0.0000692607
Streptomyces sp. P3	2135430	S	5	0	5	0.0000692607
Streptomyces sp. fd1-xmd	1812480	S	5	0	5	0.0000692607
Streptomyces sp. Z423-1	2730915	S	5	0	5	0.0000692607
Streptomyces sp. W1SF4	2305220	S	5	0	5	0.0000692607
Streptomyces sp. CRXT-G-22	2768066	S	5	0	5	0.0000692607
Streptomyces sp. HF10	2692233	S	4	1	5	0.0000692607
Streptomyces sp. Tu6071	355249	S	2	3	5	0.0000692607
Streptomyces sp. S1A1-7	2594459	S	1	4	5	0.0000692607
Streptomyces sp. LBUM 1480	2609808	S	1	4	5	0.0000692607
Streptomyces katrae	68223	S	5	0	5	0.0000692607
Streptomyces spongiicola	1690221	S	5	0	5	0.0000692607
Streptomyces spectabilis	68270	S	5	0	5	0.0000692607
Streptomyces albulus	68570	S	5	0	5	0.0000692607
Streptomyces hawaiiensis	67305	S	5	0	5	0.0000692607
Streptomyces fagopyri	2662397	S	5	0	5	0.0000692607
Streptomyces qaidamensis	1783515	S	5	0	5	0.0000692607
Streptomyces rimosus	1927	S	5	0	5	0.0000692607
Streptomyces gardneri	66892	S	5	0	5	0.0000692607
Streptomyces albireticuli	1940	S	5	0	5	0.0000692607
Streptomyces cattleya	29303	S	5	0	5	0.0000692607
Streptomyces nodosus	40318	S	5	0	5	0.0000692607
Streptomyces cyaneochromogenes	2496836	S	5	0	5	0.0000692607
Streptomyces koyangensis	188770	S	4	1	5	0.0000692607
Streptomyces cyaneogriseus	68192	S	4	1	5	0.0000692607
Microlunatus sp. Gsoil 973	2672569	S	5	0	5	0.0000692607
Propionibacterium australiense	119981	S	5	0	5	0.0000692607
Nocardioides mesophilus	433659	S	5	0	5	0.0000692607
Aeromicrobium sp. A1-2	2107713	S	5	0	5	0.0000692607
Aeromicrobium sp. zg-629	2663859	S	4	1	5	0.0000692607
Candidatus Nanopelagicus hibericus	1884915	S	5	0	5	0.0000692607
Micromonospora sp. WMMA2032	2039870	S	4	1	5	0.0000692607
Micromonospora craniellae	2294034	S	4	1	5	0.0000692607
Micromonospora auratinigra	261654	S	4	1	5	0.0000692607
Micromonospora echinospora	1877	S	4	1	5	0.0000692607
Saccharopolyspora pogona	333966	S	3	2	5	0.0000692607
Saccharomonospora marina	632569	S	5	0	5	0.0000692607
Prauserella marina	530584	S	5	0	5	0.0000692607
Bifidobacterium scardovii	158787	S	5	0	5	0.0000692607
Bifidobacterium breve	1685	S	4	1	5	0.0000692607
Actinomyces sp. oral taxon 169	712116	S	3	2	5	0.0000692607
Actinomyces howellii	52771	S	5	0	5	0.0000692607
Actinomyces naeslundii	1655	S	4	1	5	0.0000692607
Schaalia cardiffensis	181487	S	5	0	5	0.0000692607
Nocardiopsis gilva	280236	S	5	0	5	0.0000692607
Frankia casuarinae	106370	S	5	0	5	0.0000692607
Blastococcus saxobsidens	138336	S	5	0	5	0.0000692607
Acidothermus cellulolyticus	28049	S	5	0	5	0.0000692607
Epidermidibacterium keratini	1891644	S	4	1	5	0.0000692607
Gordonibacter pamelaeae	471189	S	4	1	5	0.0000692607
Slackia heliotrinireducens	84110	S	5	0	5	0.0000692607
Egibacter rhizosphaerae	1670831	S	5	0	5	0.0000692607
Blautia sp. LZLJ-3	2779518	S	5	0	5	0.0000692607
Anaerostipes caccae	105841	S	5	0	5	0.0000692607
Lachnoclostridium phocaeense	1871021	S	4	1	5	0.0000692607
Butyrivibrio proteoclasticus	43305	S	5	0	5	0.0000692607
Clostridium fermenticellae	2068654	S	5	0	5	0.0000692607
Clostridium gasigenes	94869	S	5	0	5	0.0000692607
Clostridium tyrobutyricum	1519	S	5	0	5	0.0000692607
Clostridium novyi	1542	S	3	2	5	0.0000692607
Oscillibacter sp. NSJ-62	2763056	S	4	1	5	0.0000692607
Romboutsia sp. CE17	2724150	S	5	0	5	0.0000692607
Desulfofarcimen acetoxidans	58138	S	5	0	5	0.0000692607
Eubacterium callanderi	53442	S	5	0	5	0.0000692607
Heliorestis convoluta	356322	S	5	0	5	0.0000692607
Caldicellulosiruptor hydrothermalis	413888	S	5	0	5	0.0000692607
Moorella thermoacetica	1525	S	5	0	5	0.0000692607
Koleobacter methoxysyntrophicus	2751313	S	5	0	5	0.0000692607
Bacillus sp. Y1	352858	S	5	0	5	0.0000692607
Bacillus vallismortis	72361	S	5	0	5	0.0000692607
Bacillus dafuensis	1742359	S	5	0	5	0.0000692607
Bacillus circulans	1397	S	5	0	5	0.0000692607
Bacillus ciccensis	1670641	S	5	0	5	0.0000692607
Virgibacillus sp. Bac330	2419841	S	2	3	5	0.0000692607
Virgibacillus halodenitrificans	1482	S	5	0	5	0.0000692607
Virgibacillus pantothenticus	1473	S	1	4	5	0.0000692607
Oceanobacillus iheyensis	182710	S	5	0	5	0.0000692607
Geobacillus kaustophilus	1462	S	1	4	5	0.0000692607
Anaerobacillus isosaccharinicus	1532552	S	5	0	5	0.0000692607
Terribacillus goriensis	386490	S	5	0	5	0.0000692607
Paenibacillus sp. CAA11	1532905	S	5	0	5	0.0000692607
Cohnella sp. MFER-1	2728023	S	5	0	5	0.0000692607
Cohnella candidum	2674991	S	5	0	5	0.0000692607
Staphylococcus simulans	1286	S	5	0	5	0.0000692607
Staphylococcus pettenkoferi	170573	S	5	0	5	0.0000692607
Staphylococcus hominis	1290	S	5	0	5	0.0000692607
Staphylococcus felis	46127	S	5	0	5	0.0000692607
Staphylococcus saprophyticus	29385	S	5	0	5	0.0000692607
Planomicrobium glaciei	459472	S	5	0	5	0.0000692607
Rummeliibacillus stabekisii	241244	S	5	0	5	0.0000692607
Ureibacillus thermosphaericus	51173	S	4	1	5	0.0000692607
Tumebacillus avium	1903704	S	3	2	5	0.0000692607
Alicyclobacillus acidocaldarius	405212	S	5	0	5	0.0000692607
Kroppenstedtia eburnea	714067	S	5	0	5	0.0000692607
Streptococcus sp. HSISM1	1316408	S	5	0	5	0.0000692607
Streptococcus dysgalactiae	1334	S	3	2	5	0.0000692607
Streptococcus porcinus	1340	S	5	0	5	0.0000692607
Companilactobacillus alimentarius	1602	S	5	0	5	0.0000692607
Companilactobacillus paralimentarius	83526	S	5	0	5	0.0000692607
Limosilactobacillus fermentum	1613	S	5	0	5	0.0000692607
Enterococcus gallinarum	1353	S	3	2	5	0.0000692607
Tetragenococcus halophilus	51669	S	5	0	5	0.0000692607
Carnobacterium sp. 17-4	208596	S	2	3	5	0.0000692607
Selenomonas sp. oral taxon 478	712538	S	4	1	5	0.0000692607
Selenomonas ruminantium	971	S	5	0	5	0.0000692607
Megasphaera stantonii	2144175	S	4	1	5	0.0000692607
Veillonella parvula	29466	S	5	0	5	0.0000692607
Erysipelothrix sp. HDW6A	2714928	S	5	0	5	0.0000692607
Parvimonas micra	33033	S	4	1	5	0.0000692607
Keratinibaculum paraultunense	1278232	S	5	0	5	0.0000692607
Gottschalkia acidurici	1556	S	5	0	5	0.0000692607
Gloeocapsa sp. PCC 7428	1173026	S	5	0	5	0.0000692607
Nostoc sp. PCC 7107	317936	S	4	1	5	0.0000692607
Nostoc punctiforme	272131	S	3	2	5	0.0000692607
Calothrix sp. 336/3	1337936	S	5	0	5	0.0000692607
Synechococcus sp. NIES-970	1827144	S	5	0	5	0.0000692607
Synechococcus sp. SYN20	1050714	S	4	1	5	0.0000692607
Synechococcus sp. WH 8103	29410	S	1	4	5	0.0000692607
Cyanobium sp. NS01	261284	S	4	1	5	0.0000692607
Mycoplasma sp. NEAQ87857	2683967	S	5	0	5	0.0000692607
Mycoplasma hyosynoviae	29559	S	5	0	5	0.0000692607
Mycoplasma hyopneumoniae	2099	S	3	2	5	0.0000692607
Mycoplasma arginini	2094	S	5	0	5	0.0000692607
Mycoplasma bovigenitalium	2112	S	5	0	5	0.0000692607
Mycoplasma synoviae	2109	S	3	2	5	0.0000692607
Ureaplasma diversum	42094	S	5	0	5	0.0000692607
Acholeplasma palmae	38986	S	5	0	5	0.0000692607
Candidatus Phytoplasma australiense	59748	S	4	1	5	0.0000692607
Candidatus Izimaplasma sp. HR1	1541959	S	5	0	5	0.0000692607
Deinococcus sp. NW-56	2080419	S	5	0	5	0.0000692607
Deinococcus gobiensis	502394	S	5	0	5	0.0000692607
Deinococcus irradiatisoli	2202254	S	5	0	5	0.0000692607
Deinococcus metallilatus	1211322	S	5	0	5	0.0000692607
Deinococcus proteolyticus	55148	S	5	0	5	0.0000692607
Dehalococcoides mccartyi	61435	S	4	1	5	0.0000692607
Roseiflexus sp. RS-1	357808	S	5	0	5	0.0000692607
Capnocytophaga sp. oral taxon 902	2748316	S	1	4	5	0.0000692607
Capnocytophaga ochracea	1018	S	2	3	5	0.0000692607
Formosa sp. Hel1_33_131	1336794	S	5	0	5	0.0000692607
Formosa sediminum	2594004	S	5	0	5	0.0000692607
Lacinutrix venerupis	1486034	S	5	0	5	0.0000692607
Aequorivita sp. H23M31	2494375	S	5	0	5	0.0000692607
Flagellimonas maritima	1383885	S	5	0	5	0.0000692607
Altibacter sp. ALE3EI	2562285	S	5	0	5	0.0000692607
Chryseobacterium sp. 6424	2039166	S	5	0	5	0.0000692607
Chryseobacterium cucumeris	1813611	S	5	0	5	0.0000692607
Chryseobacterium piperi	558152	S	5	0	5	0.0000692607
Chryseobacterium lactis	1241981	S	3	2	5	0.0000692607
Elizabethkingia ursingii	1756150	S	5	0	5	0.0000692607
Weeksella virosa	1014	S	4	1	5	0.0000692607
Bacteroides sp. CBA7301	2715212	S	5	0	5	0.0000692607
Alloprevotella sp. E39	2133944	S	5	0	5	0.0000692607
Barnesiella viscericola	397865	S	5	0	5	0.0000692607
Hymenobacter sp. BRD128	2675878	S	5	0	5	0.0000692607
Hymenobacter sp. BRD67	2675877	S	4	1	5	0.0000692607
Pontibacter akesuensis	388950	S	5	0	5	0.0000692607
Rufibacter radiotolerans	1379910	S	5	0	5	0.0000692607
Algoriphagus machipongonensis	388413	S	5	0	5	0.0000692607
Algoriphagus sanaruensis	1727163	S	5	0	5	0.0000692607
Belliella baltica	232259	S	4	1	5	0.0000692607
Saprospira grandis	1008	S	2	3	5	0.0000692607
Chlorobaculum limnaeum	274537	S	5	0	5	0.0000692607
Chlorobaculum tepidum	1097	S	4	1	5	0.0000692607
Rosistilla carotiformis	2528017	S	3	2	5	0.0000692607
Aeoliella mucimassa	2527972	S	5	0	5	0.0000692607
Candidatus Kuenenia stuttgartiensis	174633	S	5	0	5	0.0000692607
Akkermansia glycaniphila	1679444	S	5	0	5	0.0000692607
Parachlamydia acanthamoebae	83552	S	4	1	5	0.0000692607
Sphaerochaeta pleomorpha	1131707	S	5	0	5	0.0000692607
Fusobacterium mortiferum	850	S	5	0	5	0.0000692607
Streptobacillus moniliformis	34105	S	5	0	5	0.0000692607
Tepiditoga spiralis	2108365	S	5	0	5	0.0000692607
Thermodesulfobacterium geofontis	1295609	S	5	0	5	0.0000692607
Flexistipes sinusarabici	2352	S	5	0	5	0.0000692607
Methanoregula boonei	358766	S	5	0	5	0.0000692607
Methanoculleus marisnigri	2198	S	5	0	5	0.0000692607
Halobiforma lacisalsi	229731	S	5	0	5	0.0000692607
Methanothermococcus okinawensis	155863	S	5	0	5	0.0000692607
Bacteriophage vB_NpeS-2AV2	1777122	S	3	2	5	0.0000692607
Proteus virus Isfahan	2560650	S	5	0	5	0.0000692607
Mimivirus terra2	1128151	S	4	1	5	0.0000692607
Invertebrate iridovirus 25	1301280	S	5	0	5	0.0000692607
Human endogenous retrovirus K	45617	S	1	4	5	0.0000692607
Delftia sp. HK171	1920191	S	1	3	4	0.0000554086
Polynucleobacter acidiphobus	556053	S	4	0	4	0.0000554086
Burkholderia sp. LA-2-3-30-S1-D2	1637862	S	3	1	4	0.0000554086
Burkholderia sp. JP2-270	2217913	S	3	1	4	0.0000554086
Burkholderia sp. PAMC 26561	1795043	S	3	1	4	0.0000554086
Burkholderia sp. MS455	2811788	S	3	1	4	0.0000554086
Burkholderia mallei	13373	S	1	3	4	0.0000554086
Paraburkholderia phymatum	148447	S	4	0	4	0.0000554086
Mycoavidus cysteinexigens	1553431	S	4	0	4	0.0000554086
Glaciimonas sp. PAMC28666	2807626	S	4	0	4	0.0000554086
Advenella kashmirensis	310575	S	4	0	4	0.0000554086
Basilea psittacipulmonis	1472345	S	4	0	4	0.0000554086
Algicoccus marinus	2163011	S	4	0	4	0.0000554086
Sutterella wadsworthensis	40545	S	4	0	4	0.0000554086
Sutterella faecalis	2584944	S	4	0	4	0.0000554086
Chromobacterium paludis	2605945	S	4	0	4	0.0000554086
Neisseria musculi	1815583	S	4	0	4	0.0000554086
Neisseria zalophi	640030	S	4	0	4	0.0000554086
Eikenella exigua	2528037	S	3	1	4	0.0000554086
Kingella kingae	504	S	4	0	4	0.0000554086
Nitrosomonas europaea	915	S	4	0	4	0.0000554086
Nitrosospira lacus	1288494	S	4	0	4	0.0000554086
Sulfuriferula sp. AH1	1985873	S	4	0	4	0.0000554086
Ferriphaselus amnicola	1188319	S	4	0	4	0.0000554086
Pseudomonas sp. TCU-HL1	1856685	S	4	0	4	0.0000554086
Pseudomonas sp. S34	1573718	S	4	0	4	0.0000554086
Pseudomonas sp. 31-12	2201356	S	4	0	4	0.0000554086
Pseudomonas sp. LG1E9	2219057	S	4	0	4	0.0000554086
Pseudomonas sp. NS1(2017)	2025658	S	4	0	4	0.0000554086
Pseudomonas sp. ATCC 13867	1294143	S	4	0	4	0.0000554086
Pseudomonas sp. MSPm1	2726956	S	4	0	4	0.0000554086
Pseudomonas sp. MYb193	1827300	S	3	1	4	0.0000554086
Pseudomonas sp. R76	1573711	S	3	1	4	0.0000554086
Pseudomonas sp. DTU12.1	2654238	S	3	1	4	0.0000554086
Pseudomonas sp. VLB120	69328	S	2	2	4	0.0000554086
Pseudomonas migulae	78543	S	4	0	4	0.0000554086
Pseudomonas multiresinivorans	95301	S	4	0	4	0.0000554086
Pseudomonas alkylphenolica	237609	S	4	0	4	0.0000554086
Pseudomonas oryzae	1392877	S	4	0	4	0.0000554086
Pseudomonas khazarica	2502979	S	2	2	4	0.0000554086
Acinetobacter sp. C16S1	2609668	S	4	0	4	0.0000554086
Acinetobacter sp. WCHAc010052	2004647	S	3	1	4	0.0000554086
Psychrobacter sp. DAB_AL43B	1028416	S	4	0	4	0.0000554086
Psychrobacter sp. AntiMn-1	1720344	S	3	1	4	0.0000554086
Moraxella nonliquefaciens	478	S	4	0	4	0.0000554086
Enterobacter sp. E76	2596949	S	3	1	4	0.0000554086
Enterobacter bugandensis	881260	S	4	0	4	0.0000554086
Citrobacter tructae	2562449	S	4	0	4	0.0000554086
Citrobacter telavivum	2653932	S	4	0	4	0.0000554086
secondary endosymbiont of Heteropsylla cubana	134287	S	4	0	4	0.0000554086
Kosakonia arachidis	551989	S	4	0	4	0.0000554086
Kosakonia sp. SMBL-WEM22	2725560	S	3	1	4	0.0000554086
Kosakonia radicincitans	283686	S	2	2	4	0.0000554086
Leclercia sp. 29361	2714951	S	4	0	4	0.0000554086
Buttiauxella agrestis	82977	S	4	0	4	0.0000554086
Jejubacter calystegiae	2579935	S	4	0	4	0.0000554086
Kluyvera intermedia	61648	S	4	0	4	0.0000554086
Serratia sp. P2ACOL2	2482769	S	1	3	4	0.0000554086
Yersinia similis	367190	S	4	0	4	0.0000554086
Yersinia aleksiciae	263819	S	4	0	4	0.0000554086
Pantoea sp. At-9b	592316	S	4	0	4	0.0000554086
Pantoea sp. SO10	2575375	S	4	0	4	0.0000554086
Pantoea vagans	470934	S	2	2	4	0.0000554086
Erwinia amylovora	552	S	4	0	4	0.0000554086
Tatumella sp. TA1	2487345	S	4	0	4	0.0000554086
Providencia heimbachae	333962	S	4	0	4	0.0000554086
Xenorhabdus doucetiae	351671	S	4	0	4	0.0000554086
Dickeya solani	1089444	S	3	1	4	0.0000554086
Pectobacterium atrosepticum	29471	S	4	0	4	0.0000554086
Stenotrophomonas sp. SAU14A_NAIMI4_8	2072409	S	1	3	4	0.0000554086
Xanthomonas vesicatoria	56460	S	4	0	4	0.0000554086
Xanthomonas albilineans	29447	S	4	0	4	0.0000554086
Lysobacter sp. HDW10	2714936	S	4	0	4	0.0000554086
Lysobacter sp. H21R4	2781021	S	3	1	4	0.0000554086
Lysobacter sp. H23M41	2781023	S	2	2	4	0.0000554086
Xylella fastidiosa	2371	S	3	1	4	0.0000554086
Marinobacter adhaerens	1033846	S	2	2	4	0.0000554086
Alteromonas sp. RKMC-009	2267264	S	3	1	4	0.0000554086
Paraglaciecola psychrophila	326544	S	4	0	4	0.0000554086
Catenovulum sediminis	1740262	S	4	0	4	0.0000554086
Lacimicrobium alkaliphilum	1526571	S	4	0	4	0.0000554086
Shewanella amazonensis	60478	S	4	0	4	0.0000554086
Shewanella woodyi	60961	S	4	0	4	0.0000554086
Shewanella marisflavi	260364	S	4	0	4	0.0000554086
Shewanella psychrophila	225848	S	4	0	4	0.0000554086
Shewanella decolorationis	256839	S	3	1	4	0.0000554086
Shewanella frigidimarina	56812	S	3	1	4	0.0000554086
Pseudoalteromonas shioyasakiensis	1190813	S	4	0	4	0.0000554086
Pseudoalteromonas tunicata	314281	S	4	0	4	0.0000554086
Pseudoalteromonas issachenkonii	152297	S	1	3	4	0.0000554086
Colwellia sp. MT41	58049	S	4	0	4	0.0000554086
Colwellia sp. Arc7-635	2497879	S	4	0	4	0.0000554086
Colwellia psychrerythraea	28229	S	4	0	4	0.0000554086
Colwellia beringensis	1967665	S	4	0	4	0.0000554086
Halomonas sp. BC-M4-5	2497861	S	4	0	4	0.0000554086
Halomonas elongata	2746	S	4	0	4	0.0000554086
Halomonas socia	1081866	S	4	0	4	0.0000554086
Halomonas beimenensis	475662	S	4	0	4	0.0000554086
Kushneria phosphatilytica	657387	S	4	0	4	0.0000554086
Candidatus Portiera aleyrodidarum	91844	S	3	1	4	0.0000554086
Neptunomonas phycophila	1572645	S	4	0	4	0.0000554086
Thalassolituus oleivorans	187493	S	4	0	4	0.0000554086
Litoricola lipolytica	418701	S	4	0	4	0.0000554086
Vibrio diabolicus	50719	S	4	0	4	0.0000554086
Vibrio fluvialis	676	S	4	0	4	0.0000554086
Vibrio cidicii	1763883	S	4	0	4	0.0000554086
Vibrio chagasii	170679	S	4	0	4	0.0000554086
Photobacterium gaetbulicola	1295392	S	4	0	4	0.0000554086
Rheinheimera sp. F8	1763998	S	4	0	4	0.0000554086
Acidihalobacter ferrooxydans	1765967	S	4	0	4	0.0000554086
Sulfuriflexus mobilis	1811807	S	4	0	4	0.0000554086
Microbulbifer sp. SH-1	2681547	S	4	0	4	0.0000554086
Microbulbifer thermotolerans	252514	S	4	0	4	0.0000554086
Microbulbifer agarilyticus	260552	S	4	0	4	0.0000554086
Halioglobus pacificus	930806	S	4	0	4	0.0000554086
Legionella lansingensis	45067	S	4	0	4	0.0000554086
Aggregatibacter actinomycetemcomitans	714	S	4	0	4	0.0000554086
Rodentibacter sp. DSM 111151	2778911	S	4	0	4	0.0000554086
Histophilus somni	731	S	4	0	4	0.0000554086
Methylomonas methanica	421	S	4	0	4	0.0000554086
Methylotuvimicrobium alcaliphilum	271065	S	2	2	4	0.0000554086
Francisella marina	2249302	S	1	3	4	0.0000554086
Thiomicrorhabdus indica	2267253	S	4	0	4	0.0000554086
Thiomicrospira sp. S5	1803865	S	2	2	4	0.0000554086
Hydrogenovibrio crunogenus	39765	S	4	0	4	0.0000554086
Thiosulfativibrio zosterae	2675053	S	4	0	4	0.0000554086
Thiosulfatimonas sediminis	2675054	S	4	0	4	0.0000554086
Bathymodiolus thermophilus thioautotrophic gill symbiont	2360	S	4	0	4	0.0000554086
Candidatus Thioglobus singularis	1427364	S	4	0	4	0.0000554086
Candidatus Thioglobus sp. NP1	2508687	S	4	0	4	0.0000554086
Dichelobacter nodosus	870	S	4	0	4	0.0000554086
Cardiobacterium hominis	2718	S	4	0	4	0.0000554086
Immundisolibacter cernigliae	1810504	S	4	0	4	0.0000554086
Bradyrhizobium sp. 323S2	1404649	S	2	2	4	0.0000554086
Bradyrhizobium sp. LCT2	2493093	S	1	3	4	0.0000554086
Rhizobium sp. ACO-34A	1571470	S	4	0	4	0.0000554086
Rhizobium sp. Khangiran2	1435607	S	2	2	4	0.0000554086
Rhizobium lentis	1138194	S	4	0	4	0.0000554086
Sinorhizobium medicae	110321	S	4	0	4	0.0000554086
Mesorhizobium sp. NBSH29	2654249	S	4	0	4	0.0000554086
Mesorhizobium sp. 113-3-3	2744516	S	3	1	4	0.0000554086
Mesorhizobium sp. 113-1-2	2744515	S	1	3	4	0.0000554086
Mesorhizobium sp. L-8-10	2744523	S	1	3	4	0.0000554086
Mesorhizobium huakuii	28104	S	3	1	4	0.0000554086
Mesorhizobium australicum	536018	S	3	1	4	0.0000554086
Phyllobacterium zundukense	1867719	S	4	0	4	0.0000554086
Roseitalea porphyridii	1852022	S	4	0	4	0.0000554086
Labrenzia sp. CP4	1674922	S	2	2	4	0.0000554086
Labrenzia alexandrii	388408	S	4	0	4	0.0000554086
Pseudovibrio sp. FO-BEG1	911045	S	4	0	4	0.0000554086
Bartonella krasnovii	2267275	S	3	1	4	0.0000554086
[Ochrobactrum] quorumnocens	271865	S	4	0	4	0.0000554086
Brucella pituitosa	571256	S	3	1	4	0.0000554086
Sphingobium sp. RSMS	520734	S	1	3	4	0.0000554086
Parasphingopyxis algicola	2026624	S	4	0	4	0.0000554086
Zymomonas mobilis	542	S	4	0	4	0.0000554086
Erythrobacter sp. KY5	2011159	S	4	0	4	0.0000554086
Paracoccus sp. MC1862	2760307	S	4	0	4	0.0000554086
Sulfitobacter sp. BSw21498	664426	S	4	0	4	0.0000554086
Sulfitobacter sp. SK012	1389005	S	4	0	4	0.0000554086
Sulfitobacter sp. D7	1968541	S	3	1	4	0.0000554086
Sulfitobacter sp. SK025	1389011	S	2	2	4	0.0000554086
Leisingera sp. NJS201	2508306	S	1	3	4	0.0000554086
Leisingera sp. NJS204	2508307	S	1	3	4	0.0000554086
Celeribacter marinus	1397108	S	4	0	4	0.0000554086
Celeribacter ethanolicus	1758178	S	3	1	4	0.0000554086
Ruegeria sp. TM1040	292414	S	4	0	4	0.0000554086
Ruegeria sp. THAF33	2587853	S	3	1	4	0.0000554086
Tateyamaria omphalii	299262	S	4	0	4	0.0000554086
Polymorphum gilvum	991904	S	4	0	4	0.0000554086
Roseibacterium elongatum	159346	S	4	0	4	0.0000554086
Halocynthiibacter arcticus	1579316	S	4	0	4	0.0000554086
Parasedimentitalea marina	2483033	S	4	0	4	0.0000554086
Azospirillum ramasamyi	682998	S	3	1	4	0.0000554086
Rhodospirillum centenum	34018	S	4	0	4	0.0000554086
Acetobacter ghanensis	431306	S	4	0	4	0.0000554086
Acetobacter sp. KACC 21233	2592655	S	4	0	4	0.0000554086
Acetobacter pasteurianus	438	S	3	1	4	0.0000554086
Terasakiella sp. SH-1	2560057	S	4	0	4	0.0000554086
Ehrlichia sp. HF	391036	S	3	1	4	0.0000554086
Wolbachia endosymbiont of Onchocerca ochengi	100901	S	1	3	4	0.0000554086
Candidatus Pelagibacter sp. HIMB1321	1388755	S	4	0	4	0.0000554086
endosymbiont of Acanthamoeba sp. UWC8	86106	S	4	0	4	0.0000554086
Candidatus Nucleicultrix amoebiphila	1509244	S	4	0	4	0.0000554086
Paremcibacter congregatus	2043170	S	4	0	4	0.0000554086
Arcobacter nitrofigilis	28199	S	4	0	4	0.0000554086
Arcobacter sp. FWKO B	2593672	S	4	0	4	0.0000554086
Arcobacter peruensis	2320140	S	1	3	4	0.0000554086
Malaciobacter molluscorum	1032072	S	4	0	4	0.0000554086
Poseidonibacter parvus	1850254	S	1	3	4	0.0000554086
Campylobacter sp. RM16192	1660080	S	4	0	4	0.0000554086
Campylobacter lari	201	S	4	0	4	0.0000554086
Campylobacter mucosalis	202	S	4	0	4	0.0000554086
Campylobacter hepaticus	1813019	S	4	0	4	0.0000554086
Campylobacter corcagiensis	1448857	S	4	0	4	0.0000554086
Helicobacter typhlonius	76936	S	4	0	4	0.0000554086
Sulfurimonas sp. H1576	2672570	S	4	0	4	0.0000554086
Sulfurimonas autotrophica	202747	S	4	0	4	0.0000554086
Sulfurimonas paralvinellae	317658	S	4	0	4	0.0000554086
Nitratifractor salsuginis	269261	S	4	0	4	0.0000554086
Caminibacter mediatlanticus	291048	S	4	0	4	0.0000554086
Geobacter sp. Jerry-YX	2815309	S	4	0	4	0.0000554086
Desulfovibrio magneticus	184917	S	4	0	4	0.0000554086
Pseudodesulfovibrio mercurii	641491	S	4	0	4	0.0000554086
Pseudodesulfovibrio indicus	1716143	S	4	0	4	0.0000554086
Desulfomicrobium baculatum	899	S	4	0	4	0.0000554086
Desulfomicrobium orale	132132	S	4	0	4	0.0000554086
Desulfobacter hydrogenophilus	2291	S	4	0	4	0.0000554086
Microbacterium sp. HY82	2708079	S	4	0	4	0.0000554086
Curtobacterium pusillum	69373	S	4	0	4	0.0000554086
Agromyces sp. HY052	2585717	S	4	0	4	0.0000554086
Agromyces sp. KACC 19306	2592652	S	4	0	4	0.0000554086
Agromyces badenianii	2080742	S	3	1	4	0.0000554086
Clavibacter sp. DM1	2768071	S	3	1	4	0.0000554086
Leucobacter coleopterorum	2714933	S	4	0	4	0.0000554086
Leifsonia sp. PS1209	2724914	S	4	0	4	0.0000554086
Frondihabitans sp. 762G35	1446794	S	4	0	4	0.0000554086
Marisediminicola antarctica	674079	S	4	0	4	0.0000554086
Arthrobacter sp. KBS0702	2578107	S	4	0	4	0.0000554086
Arthrobacter sp. ERGS1:01	1704044	S	4	0	4	0.0000554086
Arthrobacter sp. YC-RL1	1652545	S	4	0	4	0.0000554086
Pseudarthrobacter sp. NBSH8	2596911	S	4	0	4	0.0000554086
Pseudarthrobacter sp. YJ56	2697569	S	4	0	4	0.0000554086
Paenarthrobacter aurescens	43663	S	2	2	4	0.0000554086
Sinomonas sp. R1AF57	2020377	S	4	0	4	0.0000554086
Cellulomonas sp. JZ18	2654191	S	3	1	4	0.0000554086
Oerskovia sp. KBS0722	1179673	S	4	0	4	0.0000554086
Paraoerskovia marina	545619	S	4	0	4	0.0000554086
Tetrasphaera sp. HKS02	1813880	S	4	0	4	0.0000554086
Xylanimonas cellulosilytica	186189	S	4	0	4	0.0000554086
Isoptericola variabilis	139208	S	3	1	4	0.0000554086
Brachybacterium faecium	43669	S	3	1	4	0.0000554086
Brachybacterium ginsengisoli	1331682	S	3	1	4	0.0000554086
Brachybacterium avium	2017485	S	3	1	4	0.0000554086
Austwickia chelonae	100225	S	4	0	4	0.0000554086
Mycolicibacterium chitae	1792	S	4	0	4	0.0000554086
Mycolicibacterium aubagnense	319707	S	4	0	4	0.0000554086
Mycolicibacterium chubuense	1800	S	4	0	4	0.0000554086
Mycolicibacterium mageritense	53462	S	4	0	4	0.0000554086
Mycobacterium sp. JS623	212767	S	4	0	4	0.0000554086
Mycobacterium sp. EPa45	1545728	S	4	0	4	0.0000554086
Mycobacterium parmense	185642	S	4	0	4	0.0000554086
Mycobacterium avium	1764	S	4	0	4	0.0000554086
Mycobacterium mantenii	560555	S	4	0	4	0.0000554086
Mycobacterium marseillense	701042	S	4	0	4	0.0000554086
Mycobacterium seoulense	386911	S	4	0	4	0.0000554086
Mycobacterium riyadhense	486698	S	4	0	4	0.0000554086
Mycobacterium basiliense	2094119	S	4	0	4	0.0000554086
Mycobacterium ulcerans	1809	S	1	3	4	0.0000554086
Mycolicibacter hiberniae	29314	S	4	0	4	0.0000554086
Rhodococcus sp. SGAir0479	2567884	S	4	0	4	0.0000554086
Rhodococcus sp. ABRD24	2507582	S	4	0	4	0.0000554086
Rhodococcus sp. WAY2	2663121	S	2	2	4	0.0000554086
Corynebacterium sp. 2019	2675218	S	4	0	4	0.0000554086
Corynebacterium sp. 4H37-19	2684405	S	4	0	4	0.0000554086
Corynebacterium doosanense	1121358	S	3	1	4	0.0000554086
Gordonia sp. PDNC005	2811424	S	4	0	4	0.0000554086
Gordonia sp. JH63	2698900	S	3	1	4	0.0000554086
Tomitella sp. HY172	2760083	S	4	0	4	0.0000554086
Streptomyces sp. RPA4-5	2721245	S	4	0	4	0.0000554086
Streptomyces sp. WAC 01529	2203205	S	4	0	4	0.0000554086
Streptomyces sp. S4.7	2705439	S	4	0	4	0.0000554086
Streptomyces sp. SCSIO 3032	1264596	S	4	0	4	0.0000554086
Streptomyces sp. QHH-9511	2684468	S	4	0	4	0.0000554086
Streptomyces sp. C8S0	2585716	S	4	0	4	0.0000554086
Streptomyces sp. Rer75	2750011	S	4	0	4	0.0000554086
Streptomyces sp. CCM_MD2014	1561022	S	3	1	4	0.0000554086
Streptomyces sp. XC 2026	2782004	S	3	1	4	0.0000554086
Streptomyces sp. CB00271	2750025	S	3	1	4	0.0000554086
Streptomyces sp. S8	1837283	S	3	1	4	0.0000554086
Streptomyces sp. SGAir0924	2109593	S	2	2	4	0.0000554086
Streptomyces sp. M56	1495638	S	2	2	4	0.0000554086
Streptomyces anulatus	1892	S	3	1	4	0.0000554086
Streptomyces tsukubensis	83656	S	4	0	4	0.0000554086
Streptomyces ambofaciens	1889	S	4	0	4	0.0000554086
Streptomyces xinghaiensis	1038928	S	4	0	4	0.0000554086
Streptomyces vinaceus	1960	S	4	0	4	0.0000554086
Streptomyces pactum	68249	S	4	0	4	0.0000554086
Streptomyces clavuligerus	1901	S	4	0	4	0.0000554086
Streptomyces parvulus	146923	S	4	0	4	0.0000554086
Streptomyces subrutilus	36818	S	4	0	4	0.0000554086
Streptomyces collinus	42684	S	4	0	4	0.0000554086
Streptomyces griseocarneus	51201	S	4	0	4	0.0000554086
Streptomyces griseochromogenes	68214	S	4	0	4	0.0000554086
Streptomyces glomeroaurantiacus	68210	S	4	0	4	0.0000554086
Streptomyces actuosus	1885	S	4	0	4	0.0000554086
Streptomyces luteoverticillatus	66425	S	4	0	4	0.0000554086
Streptomyces roseochromogenus	285450	S	4	0	4	0.0000554086
Streptomyces xiamenensis	408015	S	3	1	4	0.0000554086
Nocardioides sp. HY056	2500546	S	4	0	4	0.0000554086
Nocardioides baekrokdamisoli	1804624	S	4	0	4	0.0000554086
Aeromicrobium erythreum	2041	S	4	0	4	0.0000554086
Aeromicrobium choanae	1736691	S	4	0	4	0.0000554086
Micropruina glycogenica	75385	S	4	0	4	0.0000554086
Actinopolymorpha singaporensis	117157	S	4	0	4	0.0000554086
Micromonospora sp. HM134	2583243	S	3	1	4	0.0000554086
Saccharopolyspora coralli	2665642	S	4	0	4	0.0000554086
Saccharomonospora viridis	1852	S	4	0	4	0.0000554086
Saccharomonospora glauca	40990	S	3	1	4	0.0000554086
Actinoalloteichus hoggarensis	1470176	S	4	0	4	0.0000554086
Bifidobacterium bifidum	1681	S	4	0	4	0.0000554086
Bifidobacterium pullorum	78448	S	4	0	4	0.0000554086
Actinomyces sp. Chiba101	1851395	S	4	0	4	0.0000554086
Actinomyces sp. Z16	2079536	S	4	0	4	0.0000554086
Actinomyces weissii	675090	S	4	0	4	0.0000554086
Actinomyces procaprae	2560010	S	4	0	4	0.0000554086
Flaviflexus sp. dk850	2758573	S	4	0	4	0.0000554086
Fannyhessea vaginae	82135	S	4	0	4	0.0000554086
Thermobispora bispora	2006	S	4	0	4	0.0000554086
Thermobifida fusca	2021	S	4	0	4	0.0000554086
Olsenella sp. oral taxon 807	712411	S	4	0	4	0.0000554086
Olsenella umbonata	604330	S	3	1	4	0.0000554086
Parolsenella massiliensis	1871022	S	3	1	4	0.0000554086
Egicoccus halophilus	1670830	S	4	0	4	0.0000554086
Lacrimispora sphenoides	29370	S	4	0	4	0.0000554086
Anaerocolumna sp. CTTW	2736602	S	4	0	4	0.0000554086
Clostridium sp. BNL1100	755731	S	4	0	4	0.0000554086
Clostridium sp. AWRP	2212991	S	4	0	4	0.0000554086
Clostridium sp. 'deep sea'	2779445	S	4	0	4	0.0000554086
Clostridium formicaceticum	1497	S	4	0	4	0.0000554086
Clostridium aceticum	84022	S	4	0	4	0.0000554086
Clostridium drakei	332101	S	4	0	4	0.0000554086
Clostridium tetani	1513	S	4	0	4	0.0000554086
Clostridium carboxidivorans	217159	S	4	0	4	0.0000554086
Alkaliphilus metalliredigens	208226	S	4	0	4	0.0000554086
Alkaliphilus oremlandii	461876	S	4	0	4	0.0000554086
Acetivibrio saccincola	1677857	S	4	0	4	0.0000554086
Filifactor alocis	143361	S	3	1	4	0.0000554086
Aminipila sp. CBA3637	2697030	S	4	0	4	0.0000554086
Aminipila butyrica	433296	S	4	0	4	0.0000554086
Thermaerobacter marianensis	73919	S	3	1	4	0.0000554086
Thermaerobacter sp. PB12/4term	2293838	S	3	1	4	0.0000554086
Desulfotomaculum nigrificans	1565	S	4	0	4	0.0000554086
Desulfosporosinus youngiae	339862	S	4	0	4	0.0000554086
Dehalobacterium formicoaceticum	51515	S	4	0	4	0.0000554086
Eubacterium limosum	1736	S	4	0	4	0.0000554086
Petrocella atlantisensis	2173034	S	4	0	4	0.0000554086
Caldanaerobacter subterraneus	911092	S	4	0	4	0.0000554086
Thermodesulfobium narugense	184064	S	3	1	4	0.0000554086
Natranaerobius thermophilus	375929	S	4	0	4	0.0000554086
Biomaibacter acetigenes	2316383	S	4	0	4	0.0000554086
Bacillus anthracis	1392	S	2	2	4	0.0000554086
Bacillus sp. Cs-700	2589818	S	4	0	4	0.0000554086
Bacillus sp. FJAT-22090	1581038	S	4	0	4	0.0000554086
Bacillus sp. CS13	2728853	S	4	0	4	0.0000554086
Bacillus sonorensis	119858	S	4	0	4	0.0000554086
Bacillus oleronius	38875	S	4	0	4	0.0000554086
Bacillus methanolicus	1471	S	4	0	4	0.0000554086
Bacillus cellulosilyticus	1413	S	4	0	4	0.0000554086
Bacillus infantis	324767	S	4	0	4	0.0000554086
Bacillus gobiensis	1441095	S	4	0	4	0.0000554086
Anoxybacillus flavithermus	33934	S	2	2	4	0.0000554086
Oceanobacillus zhaokaii	2052660	S	4	0	4	0.0000554086
Salicibibacter sp. NKC5-3	2743000	S	3	1	4	0.0000554086
Neobacillus cucumis	1740721	S	4	0	4	0.0000554086
Cytobacillus oceanisediminis	665099	S	4	0	4	0.0000554086
Gracilibacillus sp. SCU50	2663022	S	4	0	4	0.0000554086
Paenibacillus sp. UniB2	2726185	S	4	0	4	0.0000554086
Paenibacillus sp. E222	2748863	S	4	0	4	0.0000554086
Paenibacillus sp. BIHB4019	1870819	S	4	0	4	0.0000554086
Paenibacillus sp. JNUCC-32	2777984	S	3	1	4	0.0000554086
Paenibacillus naphthalenovorans	162209	S	4	0	4	0.0000554086
Paenibacillus antarcticus	253703	S	4	0	4	0.0000554086
Paenibacillus borealis	160799	S	4	0	4	0.0000554086
Paenibacillus thiaminolyticus	49283	S	4	0	4	0.0000554086
Brevibacillus sp. JNUCC-41	2778370	S	2	2	4	0.0000554086
Brevibacillus brevis	1393	S	4	0	4	0.0000554086
Brevibacillus agri	51101	S	4	0	4	0.0000554086
Staphylococcus carnosus	1281	S	4	0	4	0.0000554086
Staphylococcus saccharolyticus	33028	S	4	0	4	0.0000554086
Staphylococcus cohnii	29382	S	4	0	4	0.0000554086
Staphylococcus auricularis	29379	S	4	0	4	0.0000554086
Staphylococcus lugdunensis	28035	S	4	0	4	0.0000554086
Mammaliicoccus stepanovicii	643214	S	4	0	4	0.0000554086
Planococcus sp. PAMC 21323	1526927	S	4	0	4	0.0000554086
Paenisporosarcina antarctica	417367	S	4	0	4	0.0000554086
Jeotgalibacillus malaysiensis	1508404	S	4	0	4	0.0000554086
Listeria ivanovii	1638	S	4	0	4	0.0000554086
Gemella haemolysans	1379	S	4	0	4	0.0000554086
Novibacillus thermophilus	1471761	S	4	0	4	0.0000554086
Streptococcus gordonii	1302	S	4	0	4	0.0000554086
Streptococcus pyogenes	1314	S	4	0	4	0.0000554086
Streptococcus australis	113107	S	3	1	4	0.0000554086
Lactobacillus crispatus	47770	S	4	0	4	0.0000554086
Leuconostoc pseudomesenteroides	33968	S	4	0	4	0.0000554086
Liquorilactobacillus hordei	468911	S	4	0	4	0.0000554086
Enterococcus faecalis	1351	S	4	0	4	0.0000554086
Vagococcus teuberi	519472	S	4	0	4	0.0000554086
Melissococcus plutonius	33970	S	4	0	4	0.0000554086
Carnobacterium divergens	2748	S	4	0	4	0.0000554086
Megamonas hypermegale	158847	S	4	0	4	0.0000554086
Pectinatus frisingensis	865	S	4	0	4	0.0000554086
Phascolarctobacterium faecium	33025	S	4	0	4	0.0000554086
Gudongella oleilytica	1582259	S	4	0	4	0.0000554086
Schnuerera ultunensis	45497	S	4	0	4	0.0000554086
Limnochorda pilosa	1555112	S	4	0	4	0.0000554086
Microcoleus sp. PCC 7113	1173027	S	4	0	4	0.0000554086
Cyanothece sp. PCC 7425	395961	S	4	0	4	0.0000554086
Euhalothece natronophila	577489	S	4	0	4	0.0000554086
Cylindrospermum stagnale	142864	S	4	0	4	0.0000554086
Anabaenopsis elenkinii	156213	S	4	0	4	0.0000554086
Synechococcus sp. CBW1107	2789857	S	4	0	4	0.0000554086
Synechococcus sp. CBW1108	1353147	S	4	0	4	0.0000554086
Synechococcus sp. PCC 6312	195253	S	4	0	4	0.0000554086
Synechococcus sp. SynAce01	1916956	S	4	0	4	0.0000554086
Synechococcus sp. MEDNS5	1442554	S	4	0	4	0.0000554086
Synechococcus sp. PCC 7002	32049	S	2	2	4	0.0000554086
Synechococcus sp. PCC 8807	195248	S	2	2	4	0.0000554086
Synechococcus elongatus	32046	S	2	2	4	0.0000554086
Leptolyngbya sp. NIES-3755	1752064	S	4	0	4	0.0000554086
Gloeobacter violaceus	33072	S	4	0	4	0.0000554086
cyanobacterium endosymbiont of Epithemia turgida	718217	S	3	1	4	0.0000554086
Mycoplasma pulmonis	2107	S	4	0	4	0.0000554086
Mycoplasma anatis	171279	S	4	0	4	0.0000554086
Ureaplasma parvum	134821	S	3	1	4	0.0000554086
Spiroplasma turonicum	216946	S	4	0	4	0.0000554086
Spiroplasma floricola	216937	S	4	0	4	0.0000554086
Deinococcus sp. AJ005	2652443	S	4	0	4	0.0000554086
Anaerolinea thermophila	167964	S	4	0	4	0.0000554086
Pelolinea submarina	913107	S	4	0	4	0.0000554086
Caldilinea aerophila	133453	S	4	0	4	0.0000554086
Capnocytophaga endodontalis	2708117	S	3	1	4	0.0000554086
Gramella echinicola	279359	S	4	0	4	0.0000554086
Dokdonia donghaensis	326320	S	3	1	4	0.0000554086
Lacinutrix sp. Bg11-31	2057808	S	4	0	4	0.0000554086
Maribacter sp. HTCC2170	313603	S	4	0	4	0.0000554086
Maribacter dokdonensis	320912	S	3	1	4	0.0000554086
Chryseobacterium sp. G0162	2487063	S	2	2	4	0.0000554086
Kaistella antarctica	266748	S	4	0	4	0.0000554086
Elizabethkingia sp. JS20170427COW	2583851	S	4	0	4	0.0000554086
Blattabacterium punctulatus	164514	S	3	1	4	0.0000554086
Bacteroides zoogleoformans	28119	S	4	0	4	0.0000554086
Prevotella sp. oral taxon 299	652716	S	4	0	4	0.0000554086
Prevotella dentalis	52227	S	4	0	4	0.0000554086
Dysgonomonas sp. HDW5A	2714926	S	2	2	4	0.0000554086
Dysgonomonas sp. HDW5B	2714927	S	2	2	4	0.0000554086
Muribaculum gordoncarteri	2530390	S	4	0	4	0.0000554086
Porphyromonas gingivalis	837	S	4	0	4	0.0000554086
Sphingobacterium sp. DR205	2713573	S	4	0	4	0.0000554086
Spirosoma sp. CJU-R4	2728024	S	4	0	4	0.0000554086
Spirosoma taeanense	2735870	S	4	0	4	0.0000554086
Hymenobacter swuensis	1446467	S	4	0	4	0.0000554086
Echinicola strongylocentroti	1795355	S	4	0	4	0.0000554086
Echinicola rosea	1807691	S	3	1	4	0.0000554086
Cyclobacterium amurskyense	320787	S	4	0	4	0.0000554086
Chitinophaga sp. 1310	2725416	S	1	3	4	0.0000554086
Salinibacter ruber	146919	S	4	0	4	0.0000554086
Chlorobium limicola	1092	S	4	0	4	0.0000554086
Chlorobium phaeobacteroides	1096	S	4	0	4	0.0000554086
Pelodictyon phaeoclathratiforme	34090	S	4	0	4	0.0000554086
Bythopirellula goksoyri	1400387	S	4	0	4	0.0000554086
Alienimonas californiensis	2527989	S	4	0	4	0.0000554086
Methylacidimicrobium sp. AP8	2730359	S	2	2	4	0.0000554086
Methylacidimicrobium sp. B4	2796139	S	2	2	4	0.0000554086
Chlamydia abortus	83555	S	3	1	4	0.0000554086
Treponema brennaborense	81028	S	4	0	4	0.0000554086
Treponema azotonutricium	150829	S	4	0	4	0.0000554086
Spirochaeta africana	46355	S	4	0	4	0.0000554086
Sediminispirochaeta smaragdinae	55206	S	4	0	4	0.0000554086
Thiospirochaeta perfilievii	252967	S	4	0	4	0.0000554086
Borrelia coriaceae	144	S	4	0	4	0.0000554086
Borrelia recurrentis	44449	S	2	2	4	0.0000554086
Borreliella burgdorferi	139	S	3	1	4	0.0000554086
Brachyspira murdochii	84378	S	4	0	4	0.0000554086
Brachyspira hampsonii	1287055	S	4	0	4	0.0000554086
Granulicella sp. 5B5	1617967	S	4	0	4	0.0000554086
Granulicella tundricola	940615	S	4	0	4	0.0000554086
Fusobacterium necrophorum	859	S	4	0	4	0.0000554086
Candidatus Babela massiliensis	673862	S	4	0	4	0.0000554086
Defluviitoga tunisiensis	1006576	S	4	0	4	0.0000554086
Nitrospira moscoviensis	42253	S	4	0	4	0.0000554086
Dissulfurispira thermophila	2715679	S	4	0	4	0.0000554086
Desulfurobacterium thermolithotrophum	64160	S	4	0	4	0.0000554086
Cloacibacillus porcorum	1197717	S	4	0	4	0.0000554086
Endomicrobium proavitum	1408281	S	3	1	4	0.0000554086
Methanospirillum hungatei	2203	S	4	0	4	0.0000554086
Natronococcus occultus	29288	S	4	0	4	0.0000554086
Halosimplex rubrum	869889	S	4	0	4	0.0000554086
Halosimplex litoreum	1198301	S	4	0	4	0.0000554086
Natronomonas sp. YPL13	1710540	S	4	0	4	0.0000554086
Halomicrobium sp. LC1Hm	2610902	S	3	1	4	0.0000554086
Haloquadratum walsbyi	293091	S	4	0	4	0.0000554086
Halobellus limi	699433	S	4	0	4	0.0000554086
Methanobacterium lacus	877455	S	4	0	4	0.0000554086
Methanococcus voltae	2188	S	4	0	4	0.0000554086
Methanococcus maripaludis	39152	S	4	0	4	0.0000554086
Nitrosopumilus maritimus	338192	S	4	0	4	0.0000554086
Nitrosopumilus ureiphilus	1470067	S	4	0	4	0.0000554086
Nitrosopumilus adriaticus	1580092	S	4	0	4	0.0000554086
Candidatus Nitrosomarinus catalina	1898749	S	4	0	4	0.0000554086
Sulfolobus islandicus	43080	S	4	0	4	0.0000554086
Flavobacterium phage vB_FspS_tooticki6-1	2686279	S	1	3	4	0.0000554086
Caulobacter virus CcrColossus	2734194	S	4	0	4	0.0000554086
Aeromonas phage 2_L372X	2588515	S	1	3	4	0.0000554086
Moumouvirus	985782	S	4	0	4	0.0000554086
Pandoravirus macleodensis	2107707	S	4	0	4	0.0000554086
Phormidium phage MIS-PhV1B	1391456	S	1	3	4	0.0000554086
Polaromonas sp. H6N	1840293	S	3	0	3	0.0000415564
Burkholderia sp. MSMB0852	1637841	S	2	1	3	0.0000415564
Oxalobacter formigenes	847	S	3	0	3	0.0000415564
Alcaligenes sp. SORT26	2813780	S	3	0	3	0.0000415564
Neisseria sp. 10022	1853276	S	3	0	3	0.0000415564
Neisseria dentiae	194197	S	3	0	3	0.0000415564
Neisseria bacilliformis	267212	S	3	0	3	0.0000415564
Neisseria sicca	490	S	2	1	3	0.0000415564
Kingella oralis	505	S	3	0	3	0.0000415564
Alysiella filiformis	194196	S	3	0	3	0.0000415564
Conchiformibius steedae	153493	S	3	0	3	0.0000415564
Methylovorus sp. MP688	887061	S	3	0	3	0.0000415564
Candidatus Kinetoplastibacterium sorsogonicusi	1576550	S	3	0	3	0.0000415564
Pseudomonas sp. DG56-2	2320270	S	3	0	3	0.0000415564
Pseudomonas sp. SDM007	2812000	S	3	0	3	0.0000415564
Pseudomonas sp. M30-35	1981174	S	3	0	3	0.0000415564
Pseudomonas sp. RU47	2005388	S	3	0	3	0.0000415564
Pseudomonas sp. S49	1573720	S	3	0	3	0.0000415564
Pseudomonas sp. gcc21	2726989	S	3	0	3	0.0000415564
Pseudomonas sp. TUM18999	2725477	S	3	0	3	0.0000415564
Pseudomonas sp. SNU WT1	2518644	S	3	0	3	0.0000415564
Pseudomonas sp. MPC6	2498848	S	3	0	3	0.0000415564
Pseudomonas sp. 14181154	2662033	S	2	1	3	0.0000415564
Pseudomonas sp. ATCC 43928	676210	S	2	1	3	0.0000415564
Pseudomonas sp. R4-35-07	658643	S	2	1	3	0.0000415564
Pseudomonas sp. Os17	1500686	S	2	1	3	0.0000415564
Pseudomonas sp. BIOMIG1BAC	1758730	S	2	1	3	0.0000415564
Pseudomonas sp. GR 6-02	1659194	S	2	1	3	0.0000415564
Pseudomonas sp. SW-3	147212	S	1	2	3	0.0000415564
Pseudomonas sp. XWY-1	2069256	S	1	2	3	0.0000415564
Pseudomonas brenneri	129817	S	3	0	3	0.0000415564
Pseudomonas xanthomarina	271420	S	3	0	3	0.0000415564
Pseudomonas sediminis	1691904	S	3	0	3	0.0000415564
Pseudomonas saudiphocaensis	1499686	S	3	0	3	0.0000415564
Pseudomonas versuta	1788301	S	3	0	3	0.0000415564
Pseudomonas thivervalensis	86265	S	3	0	3	0.0000415564
Pseudomonas alcaliphila	101564	S	2	1	3	0.0000415564
Entomomonas moraniae	2213226	S	3	0	3	0.0000415564
Acinetobacter seifertii	1530123	S	3	0	3	0.0000415564
Acinetobacter lactucae	1785128	S	3	0	3	0.0000415564
Psychrobacter sp. P2G3	1699622	S	2	1	3	0.0000415564
Psychrobacter sp. KCTC 72983	2733866	S	2	1	3	0.0000415564
Klebsiella michiganensis	1134687	S	2	1	3	0.0000415564
Klebsiella grimontii	2058152	S	1	2	3	0.0000415564
Enterobacter kobei	208224	S	1	2	3	0.0000415564
Enterobacter oligotrophicus	2478464	S	3	0	3	0.0000415564
Citrobacter werkmanii	67827	S	2	1	3	0.0000415564
Citrobacter pasteurii	1563222	S	2	1	3	0.0000415564
Enterobacteriaceae endosymbiont of Donacia dentata	2675777	S	1	2	3	0.0000415564
Blochmannia endosymbiont of Camponotus (Colobopsis) obliquus	1505597	S	3	0	3	0.0000415564
Candidatus Blochmannia pennsylvanicus	101534	S	1	2	3	0.0000415564
Candidatus Hamiltonella defensa	138072	S	3	0	3	0.0000415564
Kosakonia cowanii	208223	S	2	1	3	0.0000415564
Kosakonia sacchari	1158459	S	2	1	3	0.0000415564
Lelliottia sp. WB101	2153385	S	3	0	3	0.0000415564
Cronobacter universalis	535744	S	3	0	3	0.0000415564
Leclercia sp. 4-9-1-25	2815358	S	3	0	3	0.0000415564
Yokenella regensburgei	158877	S	3	0	3	0.0000415564
Shimwellia blattae	563	S	3	0	3	0.0000415564
Serratia sp. FDAARGOS_506	2420306	S	2	1	3	0.0000415564
Yersinia canariae	2607663	S	3	0	3	0.0000415564
Pantoea cypripedii	55209	S	3	0	3	0.0000415564
Candidatus Pantoea carbekii	1235990	S	3	0	3	0.0000415564
Pantoea alhagi	1891675	S	3	0	3	0.0000415564
Erwinia tasmaniensis	338565	S	3	0	3	0.0000415564
Tatumella citrea	53336	S	3	0	3	0.0000415564
Proteus penneri	102862	S	3	0	3	0.0000415564
Xenorhabdus nematophila	628	S	3	0	3	0.0000415564
Xenorhabdus hominickii	351679	S	3	0	3	0.0000415564
Photorhabdus asymbiotica	291112	S	3	0	3	0.0000415564
Photorhabdus laumondii	2218628	S	3	0	3	0.0000415564
Dickeya chrysanthemi	556	S	3	0	3	0.0000415564
Brenneria rubrifaciens	55213	S	3	0	3	0.0000415564
Hafnia paralvei	546367	S	3	0	3	0.0000415564
Obesumbacterium proteus	82983	S	3	0	3	0.0000415564
Xanthomonas hyacinthi	56455	S	3	0	3	0.0000415564
Xanthomonas cassavae	56450	S	3	0	3	0.0000415564
Xanthomonas euroxanthea	2259622	S	3	0	3	0.0000415564
Lysobacter gummosus	262324	S	3	0	3	0.0000415564
Luteimonas yindakuii	2565782	S	3	0	3	0.0000415564
Marinobacter sp. CP1	1671721	S	1	2	3	0.0000415564
Marinobacter salarius	1420917	S	3	0	3	0.0000415564
Salinimonas sediminis	2303538	S	3	0	3	0.0000415564
Catenovulum sp. CCB-QB4	2172099	S	3	0	3	0.0000415564
Hydrocarboniclastica marina	2259620	S	3	0	3	0.0000415564
Saliniradius amylolyticus	2183582	S	3	0	3	0.0000415564
Shewanella sp. SNU WT4	2590015	S	3	0	3	0.0000415564
Shewanella sp. MR-4	60480	S	1	2	3	0.0000415564
Shewanella aestuarii	1028752	S	3	0	3	0.0000415564
Shewanella benthica	43661	S	3	0	3	0.0000415564
Shewanella violacea	60217	S	3	0	3	0.0000415564
Pseudoalteromonas sp. A25	116092	S	3	0	3	0.0000415564
Pseudoalteromonas sp. DL-6	1390185	S	2	1	3	0.0000415564
Pseudoalteromonas sp. 16-SW-7	2583375	S	1	2	3	0.0000415564
Pseudoalteromonas ulvae	107327	S	3	0	3	0.0000415564
Pseudoalteromonas viridis	339617	S	3	0	3	0.0000415564
Pseudoalteromonas prydzensis	182141	S	3	0	3	0.0000415564
Pseudoalteromonas paragorgicola	166934	S	1	2	3	0.0000415564
Pseudoalteromonas nigrifaciens	28109	S	1	2	3	0.0000415564
Psychrosphaera aestuarii	1266052	S	3	0	3	0.0000415564
Colwellia sp. Arc7-D	2161872	S	3	0	3	0.0000415564
Thalassotalea sp. HSM 43	2552945	S	3	0	3	0.0000415564
Moritella yayanosii	69539	S	3	0	3	0.0000415564
Idiomarina andamanensis	1940690	S	3	0	3	0.0000415564
Halomonas sp. HG01	1609967	S	3	0	3	0.0000415564
Halomonas sp. YLGW01	2773308	S	3	0	3	0.0000415564
Halomonas sp. A40-4	2785909	S	3	0	3	0.0000415564
Halomonas sp. Y2R2	2562282	S	3	0	3	0.0000415564
Halomonas sp. KO116	1504981	S	2	1	3	0.0000415564
Halomonas huangheensis	1178482	S	3	0	3	0.0000415564
Cobetia pacifica	1055101	S	1	2	3	0.0000415564
Candidatus Carsonella ruddii (Diaphorina cf. continua)	2661587	S	1	2	3	0.0000415564
Marinomonas sp. MWYL1	400668	S	3	0	3	0.0000415564
Marinomonas sp. FW-1	2071621	S	3	0	3	0.0000415564
Marinomonas arctica	383750	S	3	0	3	0.0000415564
Marinomonas foliarum	491950	S	3	0	3	0.0000415564
Marinobacterium georgiense	48076	S	3	0	3	0.0000415564
Marinobacterium aestuarii	1821621	S	3	0	3	0.0000415564
Nitrincola sp. KXZD1103	2614693	S	3	0	3	0.0000415564
Amphritea japonica	452627	S	3	0	3	0.0000415564
Alcanivorax sp. N3-2A	2014542	S	3	0	3	0.0000415564
Ketobacter alkanivorans	1917421	S	3	0	3	0.0000415564
Kangiella geojedonensis	914150	S	3	0	3	0.0000415564
Kangiella sediminilitoris	1144748	S	3	0	3	0.0000415564
Kangiella profundi	1561924	S	3	0	3	0.0000415564
Reinekea forsetii	1336806	S	3	0	3	0.0000415564
Gynuella sunshinyii	1445505	S	3	0	3	0.0000415564
Oceanisphaera profunda	1416627	S	3	0	3	0.0000415564
Oceanisphaera avium	1903694	S	3	0	3	0.0000415564
Oceanimonas sp. GK1	511062	S	3	0	3	0.0000415564
Zobellella denitrificans	347534	S	3	0	3	0.0000415564
Dongshaea marina	2047966	S	3	0	3	0.0000415564
Vibrio owensii	696485	S	3	0	3	0.0000415564
Vibrio sp. ZWAL4003	2711221	S	3	0	3	0.0000415564
Vibrio scophthalmi	45658	S	3	0	3	0.0000415564
Vibrio cincinnatiensis	675	S	3	0	3	0.0000415564
Vibrio splendidus	29497	S	3	0	3	0.0000415564
Vibrio coralliilyticus	190893	S	3	0	3	0.0000415564
Vibrio navarrensis	29495	S	3	0	3	0.0000415564
Vibrio spartinae	1918945	S	3	0	3	0.0000415564
Vibrio cholerae	666	S	3	0	3	0.0000415564
Salinivibrio kushneri	1908198	S	3	0	3	0.0000415564
Candidatus Enterovibrio luxaltus	1927128	S	3	0	3	0.0000415564
Grimontia hollisae	673	S	3	0	3	0.0000415564
Caldichromatium japonicum	2699430	S	3	0	3	0.0000415564
Thioalkalivibrio sp. K90mix	396595	S	3	0	3	0.0000415564
Acidihalobacter aeolianus	2792603	S	3	0	3	0.0000415564
Acidihalobacter yilgarnenesis	2819280	S	3	0	3	0.0000415564
Halorhodospira halochloris	1052	S	3	0	3	0.0000415564
Halothiobacillus sp. LS2	1860122	S	3	0	3	0.0000415564
Granulosicoccus antarcticus	437505	S	3	0	3	0.0000415564
Wenzhouxiangella marina	1579979	S	3	0	3	0.0000415564
Wenzhouxiangella sp. AB-CW3	2771012	S	3	0	3	0.0000415564
Zhongshania aliphaticivorans	1470434	S	3	0	3	0.0000415564
Legionella anisa	28082	S	3	0	3	0.0000415564
Legionella adelaidensis	45056	S	3	0	3	0.0000415564
Legionella waltersii	66969	S	3	0	3	0.0000415564
Legionella endosymbiont of Polyplax serrata	2005262	S	3	0	3	0.0000415564
Pasteurella skyensis	97481	S	3	0	3	0.0000415564
Haemophilus pittmaniae	249188	S	3	0	3	0.0000415564
Mannheimia granulomatis	85402	S	3	0	3	0.0000415564
Actinobacillus sp. GY-402	2774188	S	3	0	3	0.0000415564
Aggregatibacter segnis	739	S	3	0	3	0.0000415564
Otariodibacter oris	1032623	S	3	0	3	0.0000415564
Methylomonas sp. LW13	107637	S	2	1	3	0.0000415564
Francisella sp. LA112445	1395624	S	3	0	3	0.0000415564
Francisella persica	954	S	3	0	3	0.0000415564
Francisella frigiditurris	1542390	S	3	0	3	0.0000415564
Allofrancisella frigidaquae	1085644	S	3	0	3	0.0000415564
Methylophaga nitratireducenticrescens	754476	S	3	0	3	0.0000415564
Methylophaga frappieri	754477	S	3	0	3	0.0000415564
Thiothrix sp. Ku-5	2735563	S	3	0	3	0.0000415564
Gallaecimonas mangrovi	2291597	S	3	0	3	0.0000415564
Pseudohongiella spirulinae	1249552	S	3	0	3	0.0000415564
Candidatus Reidiella endopervernicosa	2738883	S	3	0	3	0.0000415564
Rhizobium sp. NXC14	1981173	S	3	0	3	0.0000415564
Rhizobium rhizoryzae	451876	S	3	0	3	0.0000415564
Rhizobium acidisoli	1538158	S	2	1	3	0.0000415564
Rhizobium hidalgonense	1538159	S	1	2	3	0.0000415564
Agrobacterium fabrum	1176649	S	1	2	3	0.0000415564
Sinorhizobium americanum	194963	S	3	0	3	0.0000415564
Ensifer alkalisoli	1752398	S	3	0	3	0.0000415564
Mesorhizobium sp. M1B.F.Ca.ET.045.04.1.1	2493673	S	3	0	3	0.0000415564
Mesorhizobium sp. NZP2298	2483403	S	2	1	3	0.0000415564
Methylobacterium sp. 17Sr1-1	2202826	S	3	0	3	0.0000415564
Methylobacterium phyllosphaerae	418223	S	1	2	3	0.0000415564
Microvirga sp. 17 mud 1-3	2082949	S	3	0	3	0.0000415564
Devosia sp. MC521	2759954	S	3	0	3	0.0000415564
Methylosinus sp. C49	2699395	S	3	0	3	0.0000415564
Aureimonas sp. LMG 31693	2758041	S	3	0	3	0.0000415564
Labrenzia sp. THAF82	2587861	S	3	0	3	0.0000415564
Labrenzia sp. PHM005	2590016	S	3	0	3	0.0000415564
Labrenzia aggregata	187304	S	2	1	3	0.0000415564
Bartonella sp. WD16.2	1933904	S	1	2	3	0.0000415564
Bartonella birtlesii	111504	S	3	0	3	0.0000415564
Bartonella ancashensis	1318743	S	3	0	3	0.0000415564
Bartonella henselae	38323	S	3	0	3	0.0000415564
Bartonella elizabethae	807	S	1	2	3	0.0000415564
Brucella sp. 6810	2769351	S	1	2	3	0.0000415564
Sphingobium herbicidovorans	76947	S	2	1	3	0.0000415564
Sphingopyxis sp. LPB0140	1913578	S	3	0	3	0.0000415564
Sphingorhabdus sp. M41	1806885	S	3	0	3	0.0000415564
Aurantiacibacter atlanticus	1648404	S	2	1	3	0.0000415564
Ruegeria sp. AD91A	2293862	S	3	0	3	0.0000415564
Octadecabacter antarcticus	1217908	S	3	0	3	0.0000415564
Ketogulonicigenium robustum	92947	S	3	0	3	0.0000415564
Planktomarina temperata	1284658	S	3	0	3	0.0000415564
Komagataeibacter saccharivorans	265959	S	3	0	3	0.0000415564
Komagataeibacter europaeus	33995	S	2	1	3	0.0000415564
Gluconobacter oxydans	442	S	3	0	3	0.0000415564
Parasaccharibacter apium	1510841	S	3	0	3	0.0000415564
Ehrlichia muris	35795	S	2	1	3	0.0000415564
Rickettsia australis	787	S	3	0	3	0.0000415564
Rickettsia japonica	35790	S	2	1	3	0.0000415564
Rickettsia sp. Tillamook 23	2761623	S	3	0	3	0.0000415564
Rickettsia typhi	785	S	1	2	3	0.0000415564
Candidatus Midichloria mitochondrii	234827	S	3	0	3	0.0000415564
Candidatus Pelagibacter sp. IMCC9063	1002672	S	3	0	3	0.0000415564
Candidatus Pelagibacter giovannonii	2563896	S	2	1	3	0.0000415564
Maricaulis maris	74318	S	3	0	3	0.0000415564
Candidatus Paracaedibacter acanthamoebae	91604	S	3	0	3	0.0000415564
Luteithermobacter gelatinilyticus	2582913	S	3	0	3	0.0000415564
Parvularcula bermudensis	208216	S	3	0	3	0.0000415564
Kordiimonas pumila	2161677	S	3	0	3	0.0000415564
Halarcobacter ebronensis	1462615	S	3	0	3	0.0000415564
Campylobacter sp. RM6914	1032243	S	3	0	3	0.0000415564
Campylobacter cuniculorum	374106	S	3	0	3	0.0000415564
Campylobacter coli	195	S	3	0	3	0.0000415564
Campylobacter pinnipediorum	1965231	S	3	0	3	0.0000415564
Campylobacter hyointestinalis	198	S	3	0	3	0.0000415564
Campylobacter hominis	76517	S	3	0	3	0.0000415564
Campylobacter curvus	200	S	3	0	3	0.0000415564
Sulfurospirillum deleyianum	65553	S	3	0	3	0.0000415564
Helicobacter canadensis	123841	S	3	0	3	0.0000415564
Helicobacter cholecystus	45498	S	3	0	3	0.0000415564
Sulfurimonas denitrificans	39766	S	3	0	3	0.0000415564
Candidatus Sulfurimonas baltica	2740404	S	2	1	3	0.0000415564
Sulfuricurvum kujiense	148813	S	3	0	3	0.0000415564
Sulfurovum indicum	2779528	S	3	0	3	0.0000415564
Geobacter sp. DSM 9736	1277350	S	3	0	3	0.0000415564
Geobacter pickeringii	345632	S	3	0	3	0.0000415564
Geobacter bemidjiensis	225194	S	2	1	3	0.0000415564
Pseudodesulfovibrio sp. zrk46	2725288	S	3	0	3	0.0000415564
Desulfococcus oleovorans	181663	S	3	0	3	0.0000415564
Desulfobacterium autotrophicum	2296	S	3	0	3	0.0000415564
Desulfatibacillum aliphaticivorans	218208	S	3	0	3	0.0000415564
Desulfopila sp. IMCC35004	2569540	S	3	0	3	0.0000415564
Syntrophus aciditrophicus	316277	S	3	0	3	0.0000415564
Microbacterium sp. JZ31	1906274	S	3	0	3	0.0000415564
Microbacterium testaceum	2033	S	3	0	3	0.0000415564
Microbacterium lushaniae	2614639	S	3	0	3	0.0000415564
Microbacterium amylolyticum	936337	S	3	0	3	0.0000415564
Rathayibacter sp. VKM Ac-2760	2609253	S	3	0	3	0.0000415564
Rathayibacter sp. VKM Ac-2801	2609255	S	2	1	3	0.0000415564
Rathayibacter rathayi	33887	S	3	0	3	0.0000415564
Curtobacterium sp. MR_MD2014	1561023	S	3	0	3	0.0000415564
Aurantimicrobium sp. MWH-Uga1	2079575	S	3	0	3	0.0000415564
Leucobacter denitrificans	683042	S	3	0	3	0.0000415564
Leucobacter insecticola	2714934	S	3	0	3	0.0000415564
Agrococcus sp. SGAir0287	2070347	S	3	0	3	0.0000415564
Mycetocola sp. JXN-3	2116510	S	3	0	3	0.0000415564
Arthrobacter sp. PAMC 25486	1494608	S	3	0	3	0.0000415564
Arthrobacter sp. UKPF54-2	2600159	S	3	0	3	0.0000415564
Kocuria sp. TGY1127_2	2711328	S	3	0	3	0.0000415564
Kocuria rosea	1275	S	3	0	3	0.0000415564
Kocuria varians	1272	S	2	1	3	0.0000415564
Pseudarthrobacter sp. NIBRBAC000502772	2590775	S	2	1	3	0.0000415564
Pseudarthrobacter sp. NIBRBAC000502771	2590774	S	1	2	3	0.0000415564
Pseudarthrobacter chlorophenolicus	85085	S	3	0	3	0.0000415564
Rothia dentocariosa	2047	S	3	0	3	0.0000415564
Rothia sp. ZJ932	2810516	S	3	0	3	0.0000415564
Rothia terrae	396015	S	2	1	3	0.0000415564
Neomicrococcus aestuarii	556325	S	3	0	3	0.0000415564
Cellulomonas fimi	1708	S	3	0	3	0.0000415564
Brevibacterium sp. YB235	1496080	S	2	1	3	0.0000415564
Brevibacterium oceani	358099	S	3	0	3	0.0000415564
Xylanimicrobium sp. FW10M-9	2509457	S	3	0	3	0.0000415564
Serinicoccus hydrothermalis	1758689	S	3	0	3	0.0000415564
Ornithinimicrobium sp. AMA3305	2283195	S	3	0	3	0.0000415564
Ornithinimicrobium sp. H23M54	2594265	S	3	0	3	0.0000415564
Dermabacter vaginalis	1630135	S	2	1	3	0.0000415564
Georgenia faecalis	2483799	S	3	0	3	0.0000415564
Dermatophilus congolensis	1863	S	3	0	3	0.0000415564
Sanguibacter keddieii	60920	S	3	0	3	0.0000415564
Mycolicibacterium sp. Z-34	2736649	S	3	0	3	0.0000415564
Mycolicibacterium sp. LJ126	2761578	S	3	0	3	0.0000415564
Mycolicibacterium duvalii	39688	S	3	0	3	0.0000415564
Mycolicibacterium gadium	1794	S	3	0	3	0.0000415564
Mycolicibacterium hassiacum	46351	S	3	0	3	0.0000415564
Mycolicibacterium insubricum	444597	S	3	0	3	0.0000415564
Mycolicibacterium aichiense	1799	S	3	0	3	0.0000415564
Mycolicibacterium alvei	67081	S	3	0	3	0.0000415564
Mycobacterium sp. DL440	2675523	S	3	0	3	0.0000415564
Mycobacterium heidelbergense	53376	S	3	0	3	0.0000415564
Mycobacterium shigaense	722731	S	3	0	3	0.0000415564
Mycobacterium branderi	43348	S	3	0	3	0.0000415564
Rhodococcus sp. B7740	1564114	S	3	0	3	0.0000415564
Rhodococcus sp. P-2	2795031	S	3	0	3	0.0000415564
Rhodococcus sp. WMMA185	679318	S	3	0	3	0.0000415564
Rhodococcus sp. 2G	1570939	S	1	2	3	0.0000415564
Rhodococcus sp. AQ5-07	2054902	S	1	2	3	0.0000415564
Rhodococcus imtechensis	262776	S	1	2	3	0.0000415564
Nocardia asteroides	1824	S	3	0	3	0.0000415564
Nocardia nova	37330	S	3	0	3	0.0000415564
Nocardia seriolae	37332	S	3	0	3	0.0000415564
Nocardia arthritidis	228602	S	3	0	3	0.0000415564
Corynebacterium sp. zg-320	2768834	S	3	0	3	0.0000415564
Corynebacterium lactis	1231000	S	3	0	3	0.0000415564
Corynebacterium testudinoris	136857	S	3	0	3	0.0000415564
Corynebacterium pelargi	1471400	S	3	0	3	0.0000415564
Corynebacterium imitans	156978	S	3	0	3	0.0000415564
Corynebacterium stationis	1705	S	3	0	3	0.0000415564
Corynebacterium vitaeruminis	38305	S	3	0	3	0.0000415564
Corynebacterium geronticis	2079234	S	3	0	3	0.0000415564
Corynebacterium suranareeae	2506452	S	3	0	3	0.0000415564
Corynebacterium renale	1724	S	3	0	3	0.0000415564
Corynebacterium callunae	1721	S	3	0	3	0.0000415564
Corynebacterium pseudotuberculosis	1719	S	3	0	3	0.0000415564
Corynebacterium ureicelerivorans	401472	S	3	0	3	0.0000415564
Corynebacterium urealyticum	43771	S	2	1	3	0.0000415564
Corynebacterium striatum	43770	S	2	1	3	0.0000415564
Gordonia sp. KTR9	337191	S	3	0	3	0.0000415564
Gordonia iterans	1004901	S	3	0	3	0.0000415564
Tomitella sp. HY188	2597660	S	3	0	3	0.0000415564
Streptomyces sp. QMT-12	2717324	S	3	0	3	0.0000415564
Streptomyces sp. CB09001	2083284	S	3	0	3	0.0000415564
Streptomyces sp. TN58	234612	S	3	0	3	0.0000415564
Streptomyces sp. Tu 2975	2676871	S	3	0	3	0.0000415564
Streptomyces sp. JB150	2714844	S	3	0	3	0.0000415564
Streptomyces sp. NEAU-sy36	2751189	S	3	0	3	0.0000415564
Streptomyces sp. 2323.1	1938841	S	3	0	3	0.0000415564
Streptomyces sp. SUK 48	2582831	S	3	0	3	0.0000415564
Streptomyces sp. WAC 01438	2203204	S	3	0	3	0.0000415564
Streptomyces sp. NEAU-S7GS2	2202000	S	3	0	3	0.0000415564
Streptomyces sp. 3211	1964449	S	2	1	3	0.0000415564
Streptomyces sp. PAMC 26508	1265601	S	1	2	3	0.0000415564
Streptomyces coelicolor	1902	S	1	2	3	0.0000415564
Streptomyces cadmiisoli	2184053	S	3	0	3	0.0000415564
Streptomyces asterosporus	285570	S	3	0	3	0.0000415564
Streptomyces incarnatus	665007	S	3	0	3	0.0000415564
Streptomyces fodineus	1904616	S	3	0	3	0.0000415564
Streptomyces pluripotens	1355015	S	3	0	3	0.0000415564
Streptomyces lavendulae	1914	S	3	0	3	0.0000415564
Streptomyces finlayi	67296	S	3	0	3	0.0000415564
Streptomyces exfoliatus	1905	S	3	0	3	0.0000415564
Streptomyces prasinus	67345	S	3	0	3	0.0000415564
Streptomyces platensis	58346	S	3	0	3	0.0000415564
Streptomyces nitrosporeus	28894	S	3	0	3	0.0000415564
Streptomyces griseofuscus	146922	S	1	2	3	0.0000415564
Tessaracoccus flavescens	399497	S	2	1	3	0.0000415564
Pseudopropionibacterium propionicum	1750	S	3	0	3	0.0000415564
Nocardioides sp. 603	2483798	S	3	0	3	0.0000415564
Mumia sp. ZJ1417	2708082	S	3	0	3	0.0000415564
Kribbella qitaiheensis	1544730	S	3	0	3	0.0000415564
Bifidobacterium angulatum	1683	S	3	0	3	0.0000415564
Bifidobacterium eulemuris	1765219	S	3	0	3	0.0000415564
Bifidobacterium actinocoloniiforme	638619	S	3	0	3	0.0000415564
Bifidobacterium pseudolongum	1694	S	3	0	3	0.0000415564
Actinomyces israelii	1659	S	3	0	3	0.0000415564
Actinomyces radicidentis	111015	S	3	0	3	0.0000415564
Actinomyces wuliandei	2057743	S	3	0	3	0.0000415564
Actinomyces lilanjuaniae	2321394	S	3	0	3	0.0000415564
Schaalia odontolytica	1660	S	3	0	3	0.0000415564
Schaalia meyeri	52773	S	3	0	3	0.0000415564
Pauljensenia hongkongensis	178339	S	3	0	3	0.0000415564
Nocardiopsis alba	53437	S	3	0	3	0.0000415564
Jiangella sp. DSM 45060	1798224	S	3	0	3	0.0000415564
Olsenella sp. GAM18	2109685	S	3	0	3	0.0000415564
Gordonibacter urolithinfaciens	1335613	S	3	0	3	0.0000415564
Rubrobacter xylanophilus	49319	S	3	0	3	0.0000415564
[Clostridium] hylemonae	89153	S	3	0	3	0.0000415564
Butyrivibrio hungatei	185008	S	3	0	3	0.0000415564
Anaerotignum propionicum	28446	S	3	0	3	0.0000415564
Clostridium sp. SY8519	1042156	S	3	0	3	0.0000415564
Clostridium acetobutylicum	1488	S	3	0	3	0.0000415564
Geosporobacter ferrireducens	1424294	S	3	0	3	0.0000415564
Hathewaya histolytica	1498	S	3	0	3	0.0000415564
Caproiciproducens sp. NJN-50	2507162	S	3	0	3	0.0000415564
Desulfitobacterium metallireducens	142877	S	3	0	3	0.0000415564
Desulfallas gibsoniae	102134	S	3	0	3	0.0000415564
Acetobacterium woodii	33952	S	3	0	3	0.0000415564
Thermoanaerobacterium thermosaccharolyticum	1517	S	3	0	3	0.0000415564
Thermoanaerobacter siderophilus	106578	S	1	2	3	0.0000415564
Bacillus cytotoxicus	580165	S	3	0	3	0.0000415564
Bacillus luti	2026191	S	3	0	3	0.0000415564
Bacillus sp. X1(2014)	1565991	S	3	0	3	0.0000415564
Bacillus sp. V3	2795526	S	3	0	3	0.0000415564
Bacillus sp. 1NLA3E	666686	S	3	0	3	0.0000415564
Bacillus sp. PAMC26568	2760090	S	3	0	3	0.0000415564
Bacillus amyloliquefaciens	1390	S	1	2	3	0.0000415564
Bacillus cohnii	33932	S	3	0	3	0.0000415564
Bacillus sporothermodurans	46224	S	3	0	3	0.0000415564
Bacillus freudenreichii	1783501	S	3	0	3	0.0000415564
Lysinibacillus sp. 2017	2169540	S	3	0	3	0.0000415564
Lysinibacillus sp. FJAT-51161	2590012	S	3	0	3	0.0000415564
Lysinibacillus varians	1145276	S	1	2	3	0.0000415564
Alkalihalobacillus clausii	79880	S	3	0	3	0.0000415564
Salicibibacter kimchii	2099786	S	3	0	3	0.0000415564
Salicibibacter halophilus	2502791	S	3	0	3	0.0000415564
Cytobacillus kochii	859143	S	3	0	3	0.0000415564
Mesobacillus jeotgali	129985	S	3	0	3	0.0000415564
Mesobacillus foraminis	279826	S	3	0	3	0.0000415564
Lederbergia lentus	1467	S	3	0	3	0.0000415564
Paenibacillus sp. TB2019	2810347	S	3	0	3	0.0000415564
Paenibacillus sp. 37	2607911	S	3	0	3	0.0000415564
Paenibacillus sp. JNUCC-31	2777983	S	3	0	3	0.0000415564
Paenibacillus sp. IHBB 10380	1566358	S	3	0	3	0.0000415564
Paenibacillus chitinolyticus	79263	S	3	0	3	0.0000415564
Paenibacillus ihbetae	1870820	S	3	0	3	0.0000415564
Paenibacillus protaetiae	2509456	S	3	0	3	0.0000415564
Paenibacillus stellifer	169760	S	3	0	3	0.0000415564
Paenibacillus kribbensis	172713	S	3	0	3	0.0000415564
Paenibacillus lycopersici	2704462	S	3	0	3	0.0000415564
Paenibacillus psychroresistens	1778678	S	3	0	3	0.0000415564
Paenibacillus odorifer	189426	S	3	0	3	0.0000415564
Paenibacillus xylanilyticus	248903	S	3	0	3	0.0000415564
Paenibacillus rhizovicinus	2704463	S	3	0	3	0.0000415564
Paenibacillus crassostreae	1763538	S	3	0	3	0.0000415564
Paenibacillus glucanolyticus	59843	S	1	2	3	0.0000415564
Brevibacillus sp. SCSIO 07484	2496837	S	3	0	3	0.0000415564
Thermobacillus composti	377615	S	3	0	3	0.0000415564
Saccharibacillus brassicae	2583377	S	3	0	3	0.0000415564
Staphylococcus agnetis	985762	S	3	0	3	0.0000415564
Staphylococcus equorum	246432	S	3	0	3	0.0000415564
Staphylococcus warneri	1292	S	3	0	3	0.0000415564
[Micrococcus] candicans	946432	S	3	0	3	0.0000415564
Sporosarcina sp. Te-1	2818390	S	3	0	3	0.0000415564
Sporosarcina psychrophila	1476	S	1	2	3	0.0000415564
Alicyclobacillus ferrooxydans	471514	S	3	0	3	0.0000415564
Exiguobacterium mexicanum	340146	S	3	0	3	0.0000415564
Exiguobacterium sibiricum	332410	S	2	1	3	0.0000415564
Laceyella sacchari	37482	S	3	0	3	0.0000415564
Streptococcus sp. A12	1759399	S	3	0	3	0.0000415564
Streptococcus sp. NSJ-72	2763068	S	1	2	3	0.0000415564
Streptococcus intermedius	1338	S	3	0	3	0.0000415564
Streptococcus anginosus	1328	S	2	1	3	0.0000415564
Streptococcus chenjunshii	2173853	S	3	0	3	0.0000415564
Streptococcus pluranimalium	82348	S	3	0	3	0.0000415564
Streptococcus oralis	1303	S	3	0	3	0.0000415564
Streptococcus pneumoniae	1313	S	3	0	3	0.0000415564
Streptococcus parasanguinis	1318	S	3	0	3	0.0000415564
Lactococcus piscium	1364	S	3	0	3	0.0000415564
Lactococcus taiwanensis	1151742	S	3	0	3	0.0000415564
Lactobacillus delbrueckii	1584	S	3	0	3	0.0000415564
Lactobacillus terrae	2269374	S	3	0	3	0.0000415564
Lactobacillus amylovorus	1604	S	3	0	3	0.0000415564
Lactobacillus gasseri	1596	S	1	2	3	0.0000415564
Companilactobacillus crustorum	392416	S	3	0	3	0.0000415564
Companilactobacillus ginsenosidimutans	1007676	S	3	0	3	0.0000415564
Weissella sp. HDW19	2714949	S	3	0	3	0.0000415564
Ligilactobacillus murinus	1622	S	3	0	3	0.0000415564
Ligilactobacillus ruminis	1623	S	3	0	3	0.0000415564
Limosilactobacillus reuteri	1598	S	3	0	3	0.0000415564
Lactiplantibacillus pentosus	1589	S	3	0	3	0.0000415564
Lactiplantibacillus paraplantarum	60520	S	3	0	3	0.0000415564
Lacticaseibacillus manihotivorans	88233	S	3	0	3	0.0000415564
Pediococcus acidilactici	1254	S	3	0	3	0.0000415564
Fructilactobacillus sanfranciscensis	1625	S	3	0	3	0.0000415564
Fructilactobacillus lindneri	53444	S	3	0	3	0.0000415564
Paucilactobacillus nenjiangensis	1296540	S	3	0	3	0.0000415564
Enterococcus avium	33945	S	3	0	3	0.0000415564
Enterococcus rotai	118060	S	3	0	3	0.0000415564
Enterococcus sp. FDAARGOS_375	2060307	S	2	1	3	0.0000415564
Vagococcus carniphilus	218144	S	3	0	3	0.0000415564
Vagococcus penaei	633807	S	3	0	3	0.0000415564
Tetragenococcus osmophilus	526944	S	3	0	3	0.0000415564
Jeotgalibaca ciconiae	2496265	S	3	0	3	0.0000415564
Aerococcus urinaeequi	51665	S	3	0	3	0.0000415564
Aerococcus urinaehominis	128944	S	3	0	3	0.0000415564
[Clostridium] innocuum	1522	S	3	0	3	0.0000415564
Anaerococcus prevotii	33034	S	2	1	3	0.0000415564
Microcystis viridis	44822	S	1	2	3	0.0000415564
Geminocystis sp. NIES-3709	1617448	S	3	0	3	0.0000415564
Brasilonema sennae	1397703	S	3	0	3	0.0000415564
Synechococcus sp. JA-3-3Ab	321327	S	3	0	3	0.0000415564
Synechococcus sp. NOUM97013	1442555	S	3	0	3	0.0000415564
Synechococcus sp. CC9902	316279	S	3	0	3	0.0000415564
Synechococcus sp. PCC 7502	1173263	S	3	0	3	0.0000415564
Leptolyngbya sp. BL0902	1115757	S	3	0	3	0.0000415564
Synechocystis sp. CACIAM 05	1933929	S	2	1	3	0.0000415564
Pleurocapsa minor	54308	S	3	0	3	0.0000415564
Gloeomargarita lithophora	1188228	S	3	0	3	0.0000415564
Mycoplasma sp. (ex Biomphalaria glabrata)	1749074	S	3	0	3	0.0000415564
Mycoplasma nasistruthionis	353852	S	3	0	3	0.0000415564
Mycoplasma yeatsii	51365	S	2	1	3	0.0000415564
Mycoplasma californicum	2113	S	3	0	3	0.0000415564
Mycoplasma columborale	171282	S	3	0	3	0.0000415564
Mycoplasma maculosum	114885	S	3	0	3	0.0000415564
Mycoplasma pullorum	48003	S	3	0	3	0.0000415564
Spiroplasma culicicola	216935	S	3	0	3	0.0000415564
Spiroplasma citri	2133	S	1	2	3	0.0000415564
Acholeplasma axanthum	29552	S	3	0	3	0.0000415564
Acholeplasma brassicae	61635	S	3	0	3	0.0000415564
Deinococcus peraridilitoris	432329	S	3	0	3	0.0000415564
Chthonomonas calidirosea	454171	S	3	0	3	0.0000415564
Capnocytophaga sp. oral taxon 878	1316596	S	3	0	3	0.0000415564
Capnocytophaga sp. FDAARGOS_737	2545799	S	2	1	3	0.0000415564
Nonlabens ponticola	2496866	S	3	0	3	0.0000415564
Maribacter sp. 1_2014MBL_MicDiv	1644130	S	2	1	3	0.0000415564
Aureitalea sp. RR4-38	2094025	S	3	0	3	0.0000415564
Zobellia galactanivorans	63186	S	3	0	3	0.0000415564
Chryseobacterium sp. StRB126	878220	S	3	0	3	0.0000415564
Owenweeksia hongkongensis	253245	S	3	0	3	0.0000415564
Bacteroides sp. CACC 737	2755405	S	1	2	3	0.0000415564
Prevotella oris	28135	S	3	0	3	0.0000415564
Prevotella scopos	589437	S	3	0	3	0.0000415564
Tannerella forsythia	28112	S	3	0	3	0.0000415564
Tannerella sp. oral taxon HOT-286	712710	S	3	0	3	0.0000415564
Alistipes sp. dk3624	2662363	S	3	0	3	0.0000415564
Muribaculum intestinale	1796646	S	3	0	3	0.0000415564
Sodaliphilus pleomorphus	2606626	S	3	0	3	0.0000415564
Porphyromonas cangingivalis	36874	S	3	0	3	0.0000415564
Sphingobacterium sp. G1-14	2003121	S	1	2	3	0.0000415564
Spirosoma rigui	564064	S	3	0	3	0.0000415564
Hymenobacter sp. NBH84	2596915	S	3	0	3	0.0000415564
Hymenobacter baengnokdamensis	2615203	S	2	1	3	0.0000415564
Rufibacter sp. DG15C	1379909	S	3	0	3	0.0000415564
Echinicola vietnamensis	390884	S	2	1	3	0.0000415564
Cardinium endosymbiont of Encarsia pergandiella	249402	S	1	2	3	0.0000415564
Chlorobium chlorochromatii	337090	S	3	0	3	0.0000415564
Ignavibacterium album	591197	S	3	0	3	0.0000415564
Candidatus Cyclonatronum proteinivorum	1457365	S	3	0	3	0.0000415564
Thermogutta terrifontis	1331910	S	3	0	3	0.0000415564
Gimesia maris	122	S	3	0	3	0.0000415564
Waddlia chondrophila	71667	S	3	0	3	0.0000415564
Chlamydia sp. H15-1957-10C	1967782	S	3	0	3	0.0000415564
Candidatus Vampirococcus archaeovorus	1930593	S	3	0	3	0.0000415564
Treponema sp. RCC2812	2787628	S	3	0	3	0.0000415564
Treponema sp. OMZ 804	120683	S	2	1	3	0.0000415564
Treponema parvum	138851	S	3	0	3	0.0000415564
Treponema putidum	221027	S	3	0	3	0.0000415564
Treponema pedis	409322	S	3	0	3	0.0000415564
Sphaerochaeta globosa	1131703	S	3	0	3	0.0000415564
Thermotomaculum hydrothermale	981385	S	3	0	3	0.0000415564
Leptotrichia sp. oral taxon 212	712357	S	3	0	3	0.0000415564
Sebaldella termitidis	826	S	3	0	3	0.0000415564
Sneathia vaginalis	187101	S	3	0	3	0.0000415564
Pseudoleptotrichia goodfellowii	157692	S	3	0	3	0.0000415564
Candidatus Chazhemtobacterium aquaticus	2715735	S	3	0	3	0.0000415564
Fervidobacterium pennivorans	93466	S	3	0	3	0.0000415564
Nitrospira sp. KM1	1936990	S	3	0	3	0.0000415564
Hydrogenobacter sp. T-8	1632019	S	3	0	3	0.0000415564
Thermovibrio ammonificans	228745	S	3	0	3	0.0000415564
Elusimicrobium minutum	423605	S	3	0	3	0.0000415564
Dictyoglomus thermophilum	14	S	1	2	3	0.0000415564
Methanosarcina siciliae	38027	S	3	0	3	0.0000415564
Methanosarcina horonobensis	418008	S	3	0	3	0.0000415564
Methanosarcina vacuolata	2215	S	1	2	3	0.0000415564
Methanomethylovorans hollandica	101192	S	3	0	3	0.0000415564
Methanosaeta harundinacea	301375	S	3	0	3	0.0000415564
Methanosphaerula palustris	475088	S	3	0	3	0.0000415564
Methanolacinia petrolearia	54120	S	3	0	3	0.0000415564
Methanocella paludicola	570267	S	3	0	3	0.0000415564
Haloterrigena daqingensis	588898	S	3	0	3	0.0000415564
Natrinema versiforme	88724	S	3	0	3	0.0000415564
Salinarchaeum sp. Harcht-Bsk1	1333523	S	3	0	3	0.0000415564
Halobacterium sp. DL1	751944	S	2	1	3	0.0000415564
Haloplanus rubicundus	1547898	S	3	0	3	0.0000415564
Haloplanus rallus	1816183	S	3	0	3	0.0000415564
Halolamina sp. CBA1230	1853690	S	3	0	3	0.0000415564
Methanobrevibacter sp. AbM4	224719	S	3	0	3	0.0000415564
Methanobrevibacter olleyae	294671	S	3	0	3	0.0000415564
Methanobacterium formicicum	2162	S	3	0	3	0.0000415564
Methanosphaera stadtmanae	2317	S	3	0	3	0.0000415564
Methanosphaera sp. BMS	1789762	S	3	0	3	0.0000415564
Methanothermobacter thermautotrophicus	145262	S	3	0	3	0.0000415564
Methanocaldococcus jannaschii	2190	S	3	0	3	0.0000415564
Candidatus Nitrososphaera gargensis	497727	S	3	0	3	0.0000415564
Candidatus Nitrososphaera evergladensis	1459637	S	3	0	3	0.0000415564
Acidianus manzaensis	282676	S	3	0	3	0.0000415564
Acidianus sulfidivorans	312539	S	3	0	3	0.0000415564
Sulfolobus sp. S-194	2512240	S	3	0	3	0.0000415564
Caldisphaera lagunensis	200415	S	3	0	3	0.0000415564
Picrophilus torridus	82076	S	3	0	3	0.0000415564
Flavobacterium phage vB_FspS_mymlan6-1	2686266	S	1	2	3	0.0000415564
Polaribacter virus P12002S	1982246	S	2	1	3	0.0000415564
Salmonella phage TS13	2500149	S	3	0	3	0.0000415564
Rhodoferax phage P26218	1636270	S	3	0	3	0.0000415564
Megavirus chiliensis	1094892	S	3	0	3	0.0000415564
Cafeteria roenbergensis virus	1513235	S	3	0	3	0.0000415564
Invertebrate iridescent virus 30	345585	S	3	0	3	0.0000415564
Invertebrate iridescent virus 31	345199	S	3	0	3	0.0000415564
Fowlpox virus	10261	S	3	0	3	0.0000415564
Agrotis ipsilon multiple nucleopolyhedrovirus	208013	S	3	0	3	0.0000415564
Catopsilia pomona nucleopolyhedrovirus	1850906	S	3	0	3	0.0000415564
Burkholderia diffusa	488732	S	2	0	2	0.0000277043
Burkholderia sp. NRF60-BP8	1637853	S	2	0	2	0.0000277043
Burkholderia sp. IDO3	1705310	S	1	1	2	0.0000277043
Burkholderia sp. KBS0801	1179675	S	1	1	2	0.0000277043
Taylorella equigenitalis	29575	S	2	0	2	0.0000277043
Turicimonas muris	1796652	S	2	0	2	0.0000277043
Neisseria sp. oral taxon 014	641148	S	2	0	2	0.0000277043
Neisseria animalis	492	S	2	0	2	0.0000277043
Neisseria canis	493	S	2	0	2	0.0000277043
Neisseria chenwenguii	1853278	S	2	0	2	0.0000277043
Neisseria shayeganii	607712	S	2	0	2	0.0000277043
Neisseria mucosa	488	S	1	1	2	0.0000277043
Neisseria gonorrhoeae	485	S	1	1	2	0.0000277043
Candidatus Kinetoplastibacterium desouzaii	994692	S	2	0	2	0.0000277043
Pseudomonas sp. ADAK18	2730848	S	2	0	2	0.0000277043
Pseudomonas sp. ABC1	2748080	S	2	0	2	0.0000277043
Pseudomonas sp. RtIB026	2749999	S	2	0	2	0.0000277043
Pseudomonas sp. Tri1	2823875	S	2	0	2	0.0000277043
Pseudomonas sp. 7SR1	1881017	S	2	0	2	0.0000277043
Pseudomonas sp. HLS-6	2049589	S	2	0	2	0.0000277043
Pseudomonas sp. StFLB209	1028989	S	2	0	2	0.0000277043
Pseudomonas sp. LAB-08	143813	S	2	0	2	0.0000277043
Pseudomonas sp. R32	1573704	S	2	0	2	0.0000277043
Pseudomonas sp. CCOS 191	1649877	S	2	0	2	0.0000277043
Pseudomonas sp. SWI36	2083052	S	1	1	2	0.0000277043
Pseudomonas poae	200451	S	2	0	2	0.0000277043
Pseudomonas sp. SGAir0191	2217867	S	2	0	2	0.0000277043
Pseudomonas oleovorans	301	S	1	1	2	0.0000277043
Pseudomonas luteola	47886	S	2	0	2	0.0000277043
Pseudomonas guangdongensis	1245526	S	2	0	2	0.0000277043
Pseudomonas silesiensis	1853130	S	2	0	2	0.0000277043
Pseudomonas reinekei	395598	S	2	0	2	0.0000277043
Pseudomonas denitrificans (nom. rej.)	43306	S	2	0	2	0.0000277043
Pseudomonas simiae	321846	S	2	0	2	0.0000277043
Pseudomonas xinjiangensis	487184	S	2	0	2	0.0000277043
Pseudomonas asplenii	53407	S	2	0	2	0.0000277043
Pseudomonas allokribbensis	2774460	S	2	0	2	0.0000277043
Pseudomonas cerasi	1583341	S	1	1	2	0.0000277043
Azotobacter salinestris	69964	S	2	0	2	0.0000277043
Permianibacter aggregans	1510150	S	2	0	2	0.0000277043
Acinetobacter soli	487316	S	2	0	2	0.0000277043
Psychrobacter sp.	56811	S	2	0	2	0.0000277043
Psychrobacter arenosus	256326	S	2	0	2	0.0000277043
Moraxella catarrhalis	480	S	2	0	2	0.0000277043
Escherichia fergusonii	564	S	2	0	2	0.0000277043
Escherichia sp. E4742	2044467	S	2	0	2	0.0000277043
Enterobacter sp. 638	399742	S	2	0	2	0.0000277043
Enterobacter sp. SA187	1914861	S	2	0	2	0.0000277043
Citrobacter sp. R56	1573676	S	2	0	2	0.0000277043
Citrobacter sp. LY-1	2546350	S	2	0	2	0.0000277043
Citrobacter sp. RHB25-C09	2742624	S	2	0	2	0.0000277043
Enterobacteriaceae endosymbiont of Plateumaris rustica	2675796	S	2	0	2	0.0000277043
Enterobacteriaceae endosymbiont of Neohaemonia nigricornis	2675792	S	2	0	2	0.0000277043
Blochmannia endosymbiont of Polyrhachis (Hedomyrma) turneri	1505596	S	2	0	2	0.0000277043
secondary endosymbiont of Trabutina mannipara	1835721	S	2	0	2	0.0000277043
Cronobacter dublinensis	413497	S	2	0	2	0.0000277043
Cronobacter condimenti	1163710	S	2	0	2	0.0000277043
Leclercia sp. W6	2282310	S	1	1	2	0.0000277043
[Enterobacter] lignolyticus	1334193	S	2	0	2	0.0000277043
Candidatus Riesia pediculischaeffi	428411	S	2	0	2	0.0000277043
Pseudescherichia vulneris	566	S	2	0	2	0.0000277043
Scandinavium goeteborgense	1851514	S	2	0	2	0.0000277043
Metakosakonia sp. MRY16-398	2487150	S	1	1	2	0.0000277043
Yersinia mollaretii	33060	S	2	0	2	0.0000277043
Chania multitudinisentens	1639108	S	2	0	2	0.0000277043
Erwinia persicina	55211	S	2	0	2	0.0000277043
Erwinia gerundensis	1619313	S	2	0	2	0.0000277043
Mixta intestinalis	1615494	S	2	0	2	0.0000277043
Tatumella ptyseos	82987	S	2	0	2	0.0000277043
Providencia sneebia	516075	S	2	0	2	0.0000277043
Xenorhabdus bovienii	40576	S	2	0	2	0.0000277043
Arsenophonus endosymbiont of Aphis craccivora	1231049	S	2	0	2	0.0000277043
Arsenophonus nasoniae	638	S	2	0	2	0.0000277043
Dickeya poaceiphila	568768	S	2	0	2	0.0000277043
Pectobacterium aroidearum	1201031	S	1	1	2	0.0000277043
Limnobaculum parvum	2172103	S	2	0	2	0.0000277043
Stenotrophomonas sp. ZAC14D2_NAIMI4_7	2072405	S	2	0	2	0.0000277043
Stenotrophomonas sp. SAU14A_NAIMI4_5	2072413	S	2	0	2	0.0000277043
Stenotrophomonas sp. ESTM1D_MKCIP4_1	2072414	S	2	0	2	0.0000277043
Stenotrophomonas sp. Pemsol	2040586	S	2	0	2	0.0000277043
Xanthomonas phaseoli	1985254	S	2	0	2	0.0000277043
Luteimonas sp. MC1572	2799325	S	2	0	2	0.0000277043
Dyella sp. G9	2763498	S	2	0	2	0.0000277043
Marinobacter sp. Arc7-DN-1	2304594	S	2	0	2	0.0000277043
Marinobacter sp. LPB0319	2769486	S	2	0	2	0.0000277043
Marinobacter sp. es.042	1761794	S	1	1	2	0.0000277043
Alteromonas naphthalenivorans	715451	S	1	1	2	0.0000277043
Salinimonas sp. G2-b	2785918	S	2	0	2	0.0000277043
Shewanella sp. Arc9-LZ	2698686	S	2	0	2	0.0000277043
Shewanella sp. YLB-06	2593655	S	2	0	2	0.0000277043
Shewanella sp. WE21	2029986	S	2	0	2	0.0000277043
Shewanella sp. WPAGA9	2775245	S	1	1	2	0.0000277043
Shewanella sp. MEBiC00475	2575361	S	1	1	2	0.0000277043
Shewanella khirikhana	1965282	S	2	0	2	0.0000277043
Shewanella livingstonensis	150120	S	2	0	2	0.0000277043
Shewanella piezotolerans	404011	S	2	0	2	0.0000277043
Shewanella polaris	2588449	S	1	1	2	0.0000277043
Parashewanella tropica	2547970	S	2	0	2	0.0000277043
Pseudoalteromonas sp. GCY	2003316	S	2	0	2	0.0000277043
Pseudoalteromonas sp. Xi13	2490635	S	1	1	2	0.0000277043
Pseudoalteromonas atlantica	288	S	2	0	2	0.0000277043
Pseudoalteromonas arabiensis	874454	S	2	0	2	0.0000277043
Pseudoalteromonas aliena	247523	S	2	0	2	0.0000277043
Pseudoalteromonas agarivorans	176102	S	1	1	2	0.0000277043
Thalassotalea crassostreae	1763536	S	2	0	2	0.0000277043
Idiomarina sp. X4	2055892	S	2	0	2	0.0000277043
Psychromonas ingrahamii	357794	S	2	0	2	0.0000277043
Halomonas sp. SH5A2	2749040	S	2	0	2	0.0000277043
Halomonas sp. PGE1	2730360	S	2	0	2	0.0000277043
Halomonas piezotolerans	2609667	S	2	0	2	0.0000277043
Candidatus Carsonella ruddii	114186	S	1	1	2	0.0000277043
Chromohalobacter salexigens	158080	S	2	0	2	0.0000277043
Pistricoccus aurantiacus	1883414	S	2	0	2	0.0000277043
Marinomonas mediterranea	119864	S	2	0	2	0.0000277043
Hahella chejuensis	158327	S	2	0	2	0.0000277043
Saccharospirillum mangrovi	2161747	S	2	0	2	0.0000277043
Aeromonas sp. 2692-1	2560029	S	1	1	2	0.0000277043
Aeromonas encheleia	73010	S	2	0	2	0.0000277043
Vibrio harveyi	669	S	2	0	2	0.0000277043
Vibrio azureus	512649	S	2	0	2	0.0000277043
Vibrio sp. HDW18	2714948	S	2	0	2	0.0000277043
Vibrio tubiashii	29498	S	2	0	2	0.0000277043
Vibrio astriarenae	1481923	S	2	0	2	0.0000277043
Vibrio metoecus	1481663	S	2	0	2	0.0000277043
Vibrio tritonius	1435069	S	2	0	2	0.0000277043
Vibrio panuliri	1381081	S	2	0	2	0.0000277043
Vibrio mediterranei	689	S	2	0	2	0.0000277043
Vibrio metschnikovii	28172	S	2	0	2	0.0000277043
Vibrio atlanticus	693153	S	2	0	2	0.0000277043
Vibrio taketomensis	2572923	S	2	0	2	0.0000277043
Photobacterium profundum	74109	S	2	0	2	0.0000277043
Rheinheimera sp. D18	2545632	S	2	0	2	0.0000277043
Nitrosococcus watsonii	473531	S	2	0	2	0.0000277043
Nitrosococcus wardiae	1814290	S	2	0	2	0.0000277043
Candidatus Nitrosoglobus terrae	1630141	S	2	0	2	0.0000277043
Ectothiorhodospira haloalkaliphila	421628	S	2	0	2	0.0000277043
Halorhodospira halophila	1053	S	2	0	2	0.0000277043
Spiribacter curvatus	1335757	S	2	0	2	0.0000277043
Spiribacter sp. 2438	2666185	S	2	0	2	0.0000277043
Aquisalimonas sp. 2447	2740807	S	2	0	2	0.0000277043
Teredinibacter haidensis	2731755	S	2	0	2	0.0000277043
Microbulbifer sp. GL-2	2591606	S	2	0	2	0.0000277043
Microbulbifer sp. YPW1	2745199	S	2	0	2	0.0000277043
Spongiibacter sp. IMCC21906	1620392	S	2	0	2	0.0000277043
Legionella sp. PC997	2755562	S	2	0	2	0.0000277043
Legionella israelensis	454	S	2	0	2	0.0000277043
Legionella jordanis	456	S	2	0	2	0.0000277043
Legionella geestiana	45065	S	2	0	2	0.0000277043
Haemophilus parahaemolyticus	735	S	2	0	2	0.0000277043
Mannheimia sp. USDA-ARS-USMARC-1261	1432056	S	1	1	2	0.0000277043
Actinobacillus suis	716	S	2	0	2	0.0000277043
Actinobacillus delphinicola	51161	S	2	0	2	0.0000277043
Actinobacillus porcitonsillarum	189834	S	2	0	2	0.0000277043
Aggregatibacter aphrophilus	732	S	2	0	2	0.0000277043
Vespertiliibacter pulmonis	1443036	S	2	0	2	0.0000277043
Methylococcus capsulatus	414	S	2	0	2	0.0000277043
Francisella sp. FSC1006	1547445	S	2	0	2	0.0000277043
Francisella tularensis	263	S	2	0	2	0.0000277043
Francisella noatunensis	657445	S	1	1	2	0.0000277043
Allofrancisella guangzhouensis	594679	S	2	0	2	0.0000277043
Hydrogenovibrio marinus	28885	S	2	0	2	0.0000277043
Cycloclasticus zancles	1329899	S	1	1	2	0.0000277043
Cycloclasticus sp. PY97N	728003	S	1	1	2	0.0000277043
Piscirickettsia salmonis	1238	S	2	0	2	0.0000277043
Candidatus Ruthia endofausta	2738852	S	2	0	2	0.0000277043
Thiolapillus brandeum	1076588	S	2	0	2	0.0000277043
endosymbiont of Euscepes postfasciatus	650377	S	2	0	2	0.0000277043
Rhizobium bangladeshense	1138189	S	2	0	2	0.0000277043
Rhizobium binae	1138190	S	2	0	2	0.0000277043
Agrobacterium sp. RAC06	1842536	S	1	1	2	0.0000277043
Sinorhizobium sp. LM21	1449788	S	2	0	2	0.0000277043
Sinorhizobium sp. BG8	2613773	S	2	0	2	0.0000277043
Candidatus Liberibacter africanus	34020	S	2	0	2	0.0000277043
Ciceribacter thiooxidans	1969821	S	2	0	2	0.0000277043
Mesorhizobium sp. M7A.F.Ce.TU.012.03.2.1	2493681	S	2	0	2	0.0000277043
Mesorhizobium sp. M6A.T.Cr.TU.016.01.1.1	2493677	S	2	0	2	0.0000277043
Hoeflea phototrophica	244596	S	2	0	2	0.0000277043
Paradevosia shaoguanensis	1335043	S	1	1	2	0.0000277043
Ancylobacter pratisalsi	1745854	S	2	0	2	0.0000277043
Bartonella grahamii	33045	S	2	0	2	0.0000277043
Bartonella tribocorum	85701	S	1	1	2	0.0000277043
Brucella sp. 10RB9215	1149953	S	1	1	2	0.0000277043
Brucella sp. 09RB8910	1844051	S	1	1	2	0.0000277043
Cohaesibacter sp. ES.047	1798205	S	2	0	2	0.0000277043
Sphingomonas sp. HDW15B	2714943	S	2	0	2	0.0000277043
Sphingobium barthaii	1054037	S	1	1	2	0.0000277043
Parasphingopyxis sp. CP4	2724527	S	2	0	2	0.0000277043
Sulfitobacter sp. SK011	1389004	S	2	0	2	0.0000277043
Sulfitobacter sp. B30-2	2785912	S	1	1	2	0.0000277043
Sulfitobacter pontiacus	60137	S	1	1	2	0.0000277043
Celeribacter baekdonensis	875171	S	2	0	2	0.0000277043
Rhodovulum sp. MB263	308754	S	2	0	2	0.0000277043
Phaeobacter porticola	1844006	S	2	0	2	0.0000277043
Octadecabacter arcticus	53946	S	2	0	2	0.0000277043
Octadecabacter temperatus	1458307	S	2	0	2	0.0000277043
Marivivens sp. JLT3646	1920883	S	2	0	2	0.0000277043
Qingshengfaniella alkalisoli	2599296	S	2	0	2	0.0000277043
Thalassospira sp. A40-3	2785908	S	2	0	2	0.0000277043
Thalassospira indica	1891279	S	2	0	2	0.0000277043
Thalassospira marina	2048283	S	2	0	2	0.0000277043
Magnetospira sp. QH-2	1288970	S	2	0	2	0.0000277043
Acetobacter tropicalis	104102	S	2	0	2	0.0000277043
Acetobacter orientalis	146474	S	2	0	2	0.0000277043
Acetobacter senegalensis	446692	S	2	0	2	0.0000277043
Komagataeibacter oboediens	65958	S	2	0	2	0.0000277043
Komagataeibacter nataicola	265960	S	2	0	2	0.0000277043
Swingsia sp. F3b2	2558361	S	2	0	2	0.0000277043
Wolbachia endosymbiont of Folsomia candida	169402	S	2	0	2	0.0000277043
Wolbachia endosymbiont of Brugia malayi	80849	S	1	1	2	0.0000277043
Anaplasma marginale	770	S	2	0	2	0.0000277043
Anaplasma ovis	142058	S	2	0	2	0.0000277043
Rickettsia endosymbiont of Ixodes scapularis	444612	S	2	0	2	0.0000277043
Rickettsia amblyommatis	33989	S	2	0	2	0.0000277043
Rickettsia helvetica	35789	S	2	0	2	0.0000277043
Rickettsia raoultii	369822	S	2	0	2	0.0000277043
Rickettsia endosymbiont of Bemisia tabaci	337479	S	2	0	2	0.0000277043
Candidatus Sneabacter namystus	2601646	S	2	0	2	0.0000277043
Candidatus Fokinia solitaria	1802984	S	2	0	2	0.0000277043
Candidatus Puniceispirillum marinum	767892	S	2	0	2	0.0000277043
Candidatus Pelagibacter sp. RS39	1977864	S	2	0	2	0.0000277043
Candidatus Pelagibacter sp. RS40	1977865	S	2	0	2	0.0000277043
Candidatus Pelagibacter sp. FZCC0015	2268451	S	2	0	2	0.0000277043
Candidatus Fonsibacter ubiquis	1925548	S	2	0	2	0.0000277043
Halarcobacter bivalviorum	663364	S	2	0	2	0.0000277043
Campylobacter sp. RM6137	1660073	S	2	0	2	0.0000277043
Campylobacter sp. RM12175	1660076	S	1	1	2	0.0000277043
Campylobacter insulaenigrae	260714	S	2	0	2	0.0000277043
Campylobacter rectus	203	S	2	0	2	0.0000277043
Campylobacter showae	204	S	2	0	2	0.0000277043
Campylobacter sputorum	206	S	2	0	2	0.0000277043
Campylobacter iguaniorum	1244531	S	2	0	2	0.0000277043
Campylobacter volucris	1031542	S	2	0	2	0.0000277043
Campylobacter avium	522485	S	2	0	2	0.0000277043
Campylobacter helveticus	28898	S	2	0	2	0.0000277043
Campylobacter subantarcticus	497724	S	1	1	2	0.0000277043
Sulfurospirillum multivorans	66821	S	1	1	2	0.0000277043
Helicobacter cinaedi	213	S	2	0	2	0.0000277043
Helicobacter cetorum	138563	S	2	0	2	0.0000277043
Helicobacter hepaticus	32025	S	2	0	2	0.0000277043
Helicobacter suis	104628	S	2	0	2	0.0000277043
Helicobacter bilis	37372	S	2	0	2	0.0000277043
Hydrogenimonas urashimensis	2740515	S	2	0	2	0.0000277043
Nitratiruptor labii	2706014	S	2	0	2	0.0000277043
Nitrosophilus alvini	2714855	S	2	0	2	0.0000277043
Geobacter daltonii	1203471	S	2	0	2	0.0000277043
Syntrophotalea acetylenica	29542	S	2	0	2	0.0000277043
Pseudodesulfovibrio piezophilus	879567	S	2	0	2	0.0000277043
Maridesulfovibrio salexigens	880	S	2	0	2	0.0000277043
Maridesulfovibrio hydrothermalis	191026	S	2	0	2	0.0000277043
Desulfohalobium retbaense	45663	S	2	0	2	0.0000277043
Desulfopila sp. IMCC35005	2569541	S	2	0	2	0.0000277043
Bradymonas sediminis	1548548	S	2	0	2	0.0000277043
Desulfomonile tiedjei	2358	S	2	0	2	0.0000277043
Syntrophobacter fumaroxidans	119484	S	2	0	2	0.0000277043
Hippea maritima	84405	S	2	0	2	0.0000277043
Bdellovibrio sp. KM01	2748865	S	1	1	2	0.0000277043
Mariprofundus ferrinatatus	1921087	S	2	0	2	0.0000277043
Microbacterium sp. HY60	2769067	S	2	0	2	0.0000277043
Candidatus Aquiluna sp. UB-MaderosW2red	1855377	S	2	0	2	0.0000277043
Candidatus Aquiluna sp. 15G-AUS-rot	2499157	S	2	0	2	0.0000277043
Agromyces sp. LHK192	2498704	S	2	0	2	0.0000277043
Arthrobacter sp. PGP41	2079227	S	2	0	2	0.0000277043
Arthrobacter sp. D5-1	1477518	S	2	0	2	0.0000277043
Arthrobacter sp. YN	2020486	S	2	0	2	0.0000277043
Arthrobacter sp. PM3	2017685	S	2	0	2	0.0000277043
Kocuria sp. TGY1120_3	2711329	S	2	0	2	0.0000277043
Glutamicibacter protophormiae	37930	S	2	0	2	0.0000277043
Glutamicibacter halophytocola	1933880	S	2	0	2	0.0000277043
Pseudarthrobacter sp. BIM B-2242	2772401	S	2	0	2	0.0000277043
Paenarthrobacter ureafaciens	37931	S	1	1	2	0.0000277043
Cellulomonas shaoxiangyii	2566013	S	2	0	2	0.0000277043
Brevibacterium sandarakinum	629680	S	2	0	2	0.0000277043
Ornithinimicrobium sp. HY006	2508882	S	2	0	2	0.0000277043
Brachybacterium sp. P6-10-X1	1903186	S	2	0	2	0.0000277043
Haloactinobacterium sp. HY164	2675754	S	2	0	2	0.0000277043
Mycolicibacterium confluentis	28047	S	2	0	2	0.0000277043
Mycolicibacterium rhodesiae	36814	S	2	0	2	0.0000277043
Mycolicibacterium fallax	1793	S	2	0	2	0.0000277043
Mycolicibacterium thermoresistibile	1797	S	2	0	2	0.0000277043
Mycolicibacterium fortuitum	1766	S	2	0	2	0.0000277043
Mycolicibacterium frederiksbergense	117567	S	2	0	2	0.0000277043
Mycobacterium sp. YC-RL4	1682113	S	2	0	2	0.0000277043
Mycobacterium sp. THAF192	2587868	S	1	1	2	0.0000277043
Mycobacterium simiae	1784	S	2	0	2	0.0000277043
Mycobacterium canettii	78331	S	2	0	2	0.0000277043
Mycobacterium paraseoulense	590652	S	2	0	2	0.0000277043
Mycobacterium noviomagense	459858	S	2	0	2	0.0000277043
Mycobacterium lacus	169765	S	2	0	2	0.0000277043
Mycobacterium gallinarum	39689	S	2	0	2	0.0000277043
Mycobacterium haemophilum	29311	S	2	0	2	0.0000277043
[Mycobacterium] stephanolepidis	1520670	S	2	0	2	0.0000277043
Hoyosella subflava	639313	S	2	0	2	0.0000277043
Rhodococcus sp. PBTS 1	1653478	S	2	0	2	0.0000277043
Rhodococcus triatomae	300028	S	2	0	2	0.0000277043
Nocardia wallacei	480035	S	2	0	2	0.0000277043
Corynebacterium uterequi	1072256	S	2	0	2	0.0000277043
Corynebacterium glaucum	187491	S	2	0	2	0.0000277043
Corynebacterium humireducens	1223514	S	2	0	2	0.0000277043
Corynebacterium nuruki	1032851	S	2	0	2	0.0000277043
Corynebacterium timonense	441500	S	2	0	2	0.0000277043
Corynebacterium choanis	1862358	S	2	0	2	0.0000277043
Corynebacterium propinquum	43769	S	2	0	2	0.0000277043
Corynebacterium argentoratense	42817	S	2	0	2	0.0000277043
Corynebacterium glucuronolyticum	39791	S	2	0	2	0.0000277043
Corynebacterium mycetoides	38302	S	2	0	2	0.0000277043
Corynebacterium anserum	2684406	S	2	0	2	0.0000277043
Corynebacterium diphtheriae	1717	S	2	0	2	0.0000277043
Corynebacterium jeikeium	38289	S	1	1	2	0.0000277043
Streptomyces sp. WAC 06738	2203210	S	2	0	2	0.0000277043
Streptomyces sp. INR7	2607753	S	2	0	2	0.0000277043
Streptomyces sp. AgN23	1188315	S	2	0	2	0.0000277043
Streptomyces sp. DSM 40868	2721173	S	2	0	2	0.0000277043
Streptomyces sp. 769	1262452	S	2	0	2	0.0000277043
Streptomyces sp. ID38640	1265399	S	2	0	2	0.0000277043
Streptomyces sp. CNQ-509	444103	S	2	0	2	0.0000277043
Streptomyces sp. Tue 6075	1661694	S	2	0	2	0.0000277043
Streptomyces sp. CLI2509	1984801	S	1	1	2	0.0000277043
Streptomyces sp. M54	2759525	S	1	1	2	0.0000277043
Streptomyces tendae	1932	S	2	0	2	0.0000277043
Streptomyces aquilus	2548456	S	2	0	2	0.0000277043
Streptomyces noursei	1971	S	2	0	2	0.0000277043
Streptomyces qinzhouensis	2599401	S	2	0	2	0.0000277043
Streptomyces viridosporus	67581	S	2	0	2	0.0000277043
Streptomyces tuirus	68278	S	2	0	2	0.0000277043
Streptomyces coeruleorubidus	116188	S	2	0	2	0.0000277043
Streptomyces alboniger	132473	S	2	0	2	0.0000277043
Streptomyces atratus	1893	S	2	0	2	0.0000277043
Streptomyces murinus	33900	S	1	1	2	0.0000277043
Streptomyces fradiae	1906	S	1	1	2	0.0000277043
Streptomyces californicus	67351	S	1	1	2	0.0000277043
Streptomyces violaceoruber	1935	S	1	1	2	0.0000277043
Streptacidiphilus sp. PB12-B1b	2705012	S	2	0	2	0.0000277043
Nocardioides sp. S-713	2760089	S	2	0	2	0.0000277043
Nocardioides cynanchi	2558918	S	2	0	2	0.0000277043
Micromonospora sp. 28ISP2-46	2749844	S	2	0	2	0.0000277043
Micromonospora echinaurantiaca	47857	S	2	0	2	0.0000277043
Micromonospora maris	1003110	S	2	0	2	0.0000277043
Amycolatopsis orientalis	31958	S	2	0	2	0.0000277043
Saccharomonospora azurea	40988	S	2	0	2	0.0000277043
Actinoalloteichus hymeniacidonis	340345	S	2	0	2	0.0000277043
Bifidobacterium thermophilum	33905	S	2	0	2	0.0000277043
Bifidobacterium subtile	77635	S	2	0	2	0.0000277043
Gardnerella leopoldii	2792978	S	1	1	2	0.0000277043
Scardovia inopinata	78259	S	2	0	2	0.0000277043
Actinomyces sp. oral taxon 171	706438	S	2	0	2	0.0000277043
Actinomyces sp. 432	2057798	S	2	0	2	0.0000277043
Actinomyces sp. ZJ34	2722820	S	2	0	2	0.0000277043
Actinomyces sp. ZJ750	2744574	S	2	0	2	0.0000277043
Actinomyces sp. HMT 175	2789425	S	1	1	2	0.0000277043
Actinomyces viscosus	1656	S	2	0	2	0.0000277043
Actinomyces marmotae	2737173	S	2	0	2	0.0000277043
Arcanobacterium sp. JY-X040	2758440	S	2	0	2	0.0000277043
Actinobaculum sp. 313	2495645	S	2	0	2	0.0000277043
Nakamurella sp. s14-144	1902245	S	2	0	2	0.0000277043
Olsenella sp. LZLJ-2	2779519	S	2	0	2	0.0000277043
Eggerthella sp. YY7918	502558	S	2	0	2	0.0000277043
Arabia massiliensis	1870985	S	2	0	2	0.0000277043
Acidimicrobium ferrooxidans	53635	S	2	0	2	0.0000277043
Rubrobacter radiotolerans	42256	S	2	0	2	0.0000277043
Rubrobacter indicoceani	2051957	S	2	0	2	0.0000277043
Lachnoclostridium phytofermentans	66219	S	2	0	2	0.0000277043
Anaerocolumna cellulosilytica	433286	S	2	0	2	0.0000277043
Cellulosilyticum sp. WCF-2	2497860	S	1	1	2	0.0000277043
Lachnoanaerobaculum umeaense	617123	S	2	0	2	0.0000277043
Pseudobutyrivibrio xylanivorans	185007	S	2	0	2	0.0000277043
Clostridium sp. JN-9	2507159	S	2	0	2	0.0000277043
Clostridium septicum	1504	S	2	0	2	0.0000277043
Clostridium intestinale	36845	S	2	0	2	0.0000277043
Clostridium ljungdahlii	1538	S	1	1	2	0.0000277043
Caloramator sp. E03	2576307	S	2	0	2	0.0000277043
Caloranaerobacter azorensis	116090	S	2	0	2	0.0000277043
Hungatella hathewayi	154046	S	2	0	2	0.0000277043
Crassaminicella sp. SY095	2599308	S	2	0	2	0.0000277043
Acetivibrio clariflavus	288965	S	2	0	2	0.0000277043
Ruminiclostridium cellulolyticum	1521	S	2	0	2	0.0000277043
Ethanoligenens harbinense	253239	S	2	0	2	0.0000277043
Romboutsia hominis	1507512	S	2	0	2	0.0000277043
Acetoanaerobium sticklandii	1511	S	2	0	2	0.0000277043
Mogibacterium pumilum	86332	S	2	0	2	0.0000277043
Mogibacterium diversum	114527	S	2	0	2	0.0000277043
Desulfitobacterium dichloroeliminans	233055	S	2	0	2	0.0000277043
Syntrophobotulus glycolicus	51197	S	2	0	2	0.0000277043
Candidatus Desulforudis audaxviator	471827	S	2	0	2	0.0000277043
Heliobacterium modesticaldum	35701	S	2	0	2	0.0000277043
Christensenella minuta	626937	S	2	0	2	0.0000277043
Christensenella sp. Marseille-P3954	2086585	S	2	0	2	0.0000277043
Syntrophothermus lipocalidus	86170	S	2	0	2	0.0000277043
Symbiobacterium thermophilum	2734	S	2	0	2	0.0000277043
Caldicellulosiruptor saccharolyticus	44001	S	2	0	2	0.0000277043
Caldicellulosiruptor owensensis	55205	S	2	0	2	0.0000277043
Caldicellulosiruptor changbaiensis	1222016	S	2	0	2	0.0000277043
Caldicellulosiruptor sp. YA01	2806205	S	2	0	2	0.0000277043
Thermoanaerobacterium sp. RBIITD	1550240	S	2	0	2	0.0000277043
Moorella glycerini	55779	S	2	0	2	0.0000277043
Thermoanaerobacter kivui	2325	S	2	0	2	0.0000277043
Carboxydothermus hydrogenoformans	129958	S	2	0	2	0.0000277043
Mahella australiensis	252966	S	2	0	2	0.0000277043
Halanaerobium praevalens	2331	S	2	0	2	0.0000277043
Halocella sp. SP3-1	2382161	S	2	0	2	0.0000277043
Acetohalobium arabaticum	28187	S	2	0	2	0.0000277043
Anoxybacter fermentans	1323375	S	2	0	2	0.0000277043
Bacillus albus	2026189	S	2	0	2	0.0000277043
Bacillus sp. FDAARGOS_235	1839798	S	1	1	2	0.0000277043
Bacillus sp. NSP9.1	1071078	S	2	0	2	0.0000277043
Bacillus sp. FJAT-42376	2014076	S	2	0	2	0.0000277043
Bacillus sp. SB49	1071080	S	2	0	2	0.0000277043
Bacillus sp. OxB-1	98228	S	2	0	2	0.0000277043
Bacillus sp. DSL-17	2567941	S	2	0	2	0.0000277043
Bacillus tequilensis	227866	S	2	0	2	0.0000277043
Bacillus paralicheniformis	1648923	S	2	0	2	0.0000277043
Bacillus weihaiensis	1547283	S	2	0	2	0.0000277043
Bacillus glycinifermentans	1664069	S	2	0	2	0.0000277043
Bacillus vini	1476025	S	2	0	2	0.0000277043
Bacillus vietnamensis	218284	S	2	0	2	0.0000277043
Bacillus beveridgei	632773	S	2	0	2	0.0000277043
Bacillus safensis	561879	S	2	0	2	0.0000277043
Bacillus smithii	1479	S	2	0	2	0.0000277043
Bacillus pumilus	1408	S	2	0	2	0.0000277043
Bacillus aerophilus	293389	S	1	1	2	0.0000277043
Lysinibacillus sp. YS11	2072025	S	2	0	2	0.0000277043
Lysinibacillus fusiformis	28031	S	2	0	2	0.0000277043
Priestia filamentosa	1402861	S	2	0	2	0.0000277043
Alkalihalobacillus halodurans	86665	S	2	0	2	0.0000277043
Alkalihalobacillus lehensis	300825	S	2	0	2	0.0000277043
Alkalihalobacillus miscanthi	2598861	S	2	0	2	0.0000277043
Virgibacillus sp. MSP4-1	2700081	S	2	0	2	0.0000277043
Peribacillus muralis	264697	S	2	0	2	0.0000277043
Anoxybacillus caldiproteolyticus	247480	S	2	0	2	0.0000277043
Oceanobacillus kimchii	746691	S	2	0	2	0.0000277043
Geobacillus genomosp. 3	1921421	S	2	0	2	0.0000277043
Geobacillus sp. C56-T3	691437	S	1	1	2	0.0000277043
Fictibacillus arsenicus	255247	S	2	0	2	0.0000277043
Parageobacillus toebii	153151	S	1	1	2	0.0000277043
Weizmannia coagulans	1398	S	2	0	2	0.0000277043
Sediminibacillus sp. DP4-553-S	2729421	S	2	0	2	0.0000277043
Aeribacillus pallidus	33936	S	2	0	2	0.0000277043
Paenibacillus sp. HB172198	2565926	S	2	0	2	0.0000277043
Paenibacillus sp. RUD330	2023772	S	2	0	2	0.0000277043
Paenibacillus sp. FSL H7-0357	1536774	S	2	0	2	0.0000277043
Paenibacillus sp. FSL R7-0273	1536772	S	2	0	2	0.0000277043
Paenibacillus sp. PAMC21692	2762320	S	2	0	2	0.0000277043
Paenibacillus sp. FSL R5-0345	1536770	S	2	0	2	0.0000277043
Paenibacillus sp. IHB B 3084	867076	S	2	0	2	0.0000277043
Paenibacillus uliginis	683737	S	2	0	2	0.0000277043
Paenibacillus beijingensis	1126833	S	2	0	2	0.0000277043
Paenibacillus yonginensis	1462996	S	2	0	2	0.0000277043
Paenibacillus bovis	1616788	S	2	0	2	0.0000277043
Paenibacillus sabinae	365617	S	2	0	2	0.0000277043
Paenibacillus sonchi	373687	S	1	1	2	0.0000277043
Paenibacillus albus	2495582	S	2	0	2	0.0000277043
Paenibacillus cellulositrophicus	562959	S	2	0	2	0.0000277043
Paenibacillus xylanexedens	528191	S	2	0	2	0.0000277043
Paenibacillus jilunlii	682956	S	2	0	2	0.0000277043
Paenibacillus donghaensis	414771	S	2	0	2	0.0000277043
Paenibacillus brasilensis	128574	S	2	0	2	0.0000277043
Paenibacillus terrae	159743	S	2	0	2	0.0000277043
Cohnella abietis	2507935	S	2	0	2	0.0000277043
Staphylococcus pseudintermedius	283734	S	2	0	2	0.0000277043
Staphylococcus kloosii	29384	S	2	0	2	0.0000277043
Staphylococcus debuckii	2044912	S	2	0	2	0.0000277043
Staphylococcus lutrae	155085	S	2	0	2	0.0000277043
Staphylococcus schleiferi	1295	S	2	0	2	0.0000277043
Mammaliicoccus fleurettii	150056	S	2	0	2	0.0000277043
Macrococcus caseolyticus	69966	S	2	0	2	0.0000277043
Macrococcus canis	1855823	S	2	0	2	0.0000277043
Macrococcus bohemicus	1903056	S	1	1	2	0.0000277043
Salinicoccus halodurans	407035	S	2	0	2	0.0000277043
Sporosarcina sp. PTS2304	2283194	S	1	1	2	0.0000277043
Planococcus maritimus	192421	S	2	0	2	0.0000277043
Kurthia zopfii	1650	S	2	0	2	0.0000277043
Solibacillus silvestris	76853	S	2	0	2	0.0000277043
Viridibacillus sp. JNUCC-6	2779527	S	2	0	2	0.0000277043
Alicyclobacillus sp. SO9	2665646	S	2	0	2	0.0000277043
Exiguobacterium sp. Helios	2735868	S	1	1	2	0.0000277043
Sporolactobacillus terrae	269673	S	2	0	2	0.0000277043
Streptococcus sp. LPB0220	2610896	S	2	0	2	0.0000277043
Streptococcus constellatus	76860	S	1	1	2	0.0000277043
Streptococcus equi	1336	S	2	0	2	0.0000277043
Streptococcus iniae	1346	S	2	0	2	0.0000277043
Streptococcus parauberis	1348	S	2	0	2	0.0000277043
Streptococcus himalayensis	1888195	S	2	0	2	0.0000277043
Streptococcus marmotae	1825069	S	2	0	2	0.0000277043
Streptococcus cristatus	45634	S	2	0	2	0.0000277043
Streptococcus merionis	400065	S	2	0	2	0.0000277043
Streptococcus pseudoporcinus	361101	S	2	0	2	0.0000277043
Streptococcus ratti	1341	S	2	0	2	0.0000277043
Streptococcus gallolyticus	315405	S	1	1	2	0.0000277043
Lactococcus allomyrinae	2419773	S	2	0	2	0.0000277043
Lactococcus carnosus	2749961	S	2	0	2	0.0000277043
Lactococcus sp. LG592	2816911	S	1	1	2	0.0000277043
Lactobacillus sp. CBA3606	2099789	S	2	0	2	0.0000277043
Lactobacillus johnsonii	33959	S	2	0	2	0.0000277043
Lactobacillus jensenii	109790	S	2	0	2	0.0000277043
Companilactobacillus farciminis	1612	S	2	0	2	0.0000277043
Companilactobacillus heilongjiangensis	1074467	S	2	0	2	0.0000277043
Leuconostoc gelidum	1244	S	2	0	2	0.0000277043
Leuconostoc mesenteroides	1245	S	2	0	2	0.0000277043
Leuconostoc carnosum	1252	S	2	0	2	0.0000277043
Weissella cibaria	137591	S	2	0	2	0.0000277043
Limosilactobacillus vaginalis	1633	S	2	0	2	0.0000277043
Limosilactobacillus pontis	35787	S	2	0	2	0.0000277043
Lacticaseibacillus casei	1582	S	2	0	2	0.0000277043
Lacticaseibacillus paracasei	1597	S	2	0	2	0.0000277043
Lacticaseibacillus rhamnosus	47715	S	2	0	2	0.0000277043
Pediococcus pentosaceus	1255	S	2	0	2	0.0000277043
Liquorilactobacillus mali	1618	S	2	0	2	0.0000277043
Paucilactobacillus hokkaidonensis	1193095	S	2	0	2	0.0000277043
Apilactobacillus bombintestini	2419772	S	2	0	2	0.0000277043
Schleiferilactobacillus harbinensis	304207	S	2	0	2	0.0000277043
Enterococcus hirae	1354	S	2	0	2	0.0000277043
Enterococcus cecorum	44008	S	2	0	2	0.0000277043
Vagococcus zengguangii	2571750	S	2	0	2	0.0000277043
Vagococcus sp. CF-49	2562451	S	2	0	2	0.0000277043
Vagococcus hydrophili	2714947	S	2	0	2	0.0000277043
Jeotgalibaca dankookensis	708126	S	2	0	2	0.0000277043
Jeotgalibaca arthritidis	1868794	S	1	1	2	0.0000277043
Dolosigranulum pigrum	29394	S	2	0	2	0.0000277043
Sporomusa termitida	2377	S	2	0	2	0.0000277043
Veillonella atypica	39777	S	2	0	2	0.0000277043
Acidaminococcus fermentans	905	S	2	0	2	0.0000277043
Erysipelothrix rhusiopathiae	1648	S	2	0	2	0.0000277043
Erysipelothrix larvae	1514105	S	2	0	2	0.0000277043
Turicibacter sp. H121	1712675	S	2	0	2	0.0000277043
Peptoniphilus ivorii	54006	S	2	0	2	0.0000277043
Finegoldia magna	1260	S	2	0	2	0.0000277043
endosymbiont 'TC1' of Trimyema compressum	243899	S	2	0	2	0.0000277043
Cylindrospermopsis curvispora	747548	S	1	1	2	0.0000277043
Raphidiopsis curvata	312883	S	1	1	2	0.0000277043
Synechococcus sp. KORDI-100	1280380	S	2	0	2	0.0000277043
Synechococcus sp. KORDI-52	585425	S	2	0	2	0.0000277043
Synechococcus sp. CB0101	232348	S	2	0	2	0.0000277043
Synechococcus sp. RS9909	221352	S	2	0	2	0.0000277043
Synechococcus sp. ROS8604	1442557	S	2	0	2	0.0000277043
Synechococcus sp. PCC 7117	195498	S	1	1	2	0.0000277043
Cyanobium sp. NIES-981	1851505	S	2	0	2	0.0000277043
Prochlorococcus sp. MIT 0801	1501269	S	1	1	2	0.0000277043
Halomicronema hongdechloris	1209493	S	2	0	2	0.0000277043
Mycoplasma sp. Zaradi2	547987	S	2	0	2	0.0000277043
Mycoplasma sp. Pen4	640330	S	2	0	2	0.0000277043
Mycoplasma sp. Mirounga ES2805-ORL	754514	S	2	0	2	0.0000277043
Mycoplasma sp. Mirounga ES2806-GEN	754515	S	2	0	2	0.0000277043
Mycoplasma sp. OR1901	2742195	S	2	0	2	0.0000277043
Mycoplasma leachii	2105	S	2	0	2	0.0000277043
Mycoplasma iowae	2116	S	2	0	2	0.0000277043
Mycoplasma neurolyticum	2120	S	2	0	2	0.0000277043
Mycoplasma suis	57372	S	2	0	2	0.0000277043
Mycoplasma penetrans	28227	S	2	0	2	0.0000277043
Mycoplasma hominis	2098	S	2	0	2	0.0000277043
Mycoplasma meleagridis	29561	S	2	0	2	0.0000277043
Mycoplasma canis	29555	S	2	0	2	0.0000277043
Mycoplasma gallopavonis	76629	S	2	0	2	0.0000277043
Mycoplasma columbinum	114881	S	2	0	2	0.0000277043
Ureaplasma urealyticum	2130	S	2	0	2	0.0000277043
Spiroplasma tabanidicola	324079	S	2	0	2	0.0000277043
Spiroplasma chrysopicola	216933	S	2	0	2	0.0000277043
Spiroplasma alleghenense	216931	S	2	0	2	0.0000277043
Spiroplasma monobiae	2136	S	2	0	2	0.0000277043
Mesoplasma lactucae	138853	S	2	0	2	0.0000277043
Mesoplasma chauliocola	216427	S	2	0	2	0.0000277043
Acholeplasma hippikon	264636	S	2	0	2	0.0000277043
Candidatus Phytoplasma solani	69896	S	2	0	2	0.0000277043
Deinococcus wulumuqiensis	980427	S	2	0	2	0.0000277043
Deinococcus puniceus	1182568	S	2	0	2	0.0000277043
Deinococcus swuensis	1182571	S	2	0	2	0.0000277043
Thermus caldilimi	2483360	S	1	1	2	0.0000277043
Marinithermus hydrothermalis	186192	S	2	0	2	0.0000277043
Roseiflexus castenholzii	120962	S	2	0	2	0.0000277043
Polaribacter sp. KT 15	1896175	S	1	1	2	0.0000277043
Capnocytophaga stomatis	1848904	S	2	0	2	0.0000277043
Gramella flava	1486245	S	2	0	2	0.0000277043
Chryseobacterium camelliae	1265445	S	2	0	2	0.0000277043
Chryseobacterium nakagawai	1241982	S	1	1	2	0.0000277043
Elizabethkingia sp. 2-6	2575699	S	1	1	2	0.0000277043
Apibacter sp. B3706	2656760	S	1	1	2	0.0000277043
Apibacter sp. B2966	2656761	S	1	1	2	0.0000277043
Croceimicrobium hydrocarbonivorans	2761580	S	2	0	2	0.0000277043
Bacteroides heparinolyticus	28113	S	2	0	2	0.0000277043
Prevotella denticola	28129	S	2	0	2	0.0000277043
Prevotella enoeca	76123	S	2	0	2	0.0000277043
Prevotella fusca	589436	S	2	0	2	0.0000277043
Alistipes dispar	2585119	S	2	0	2	0.0000277043
Butyricimonas faecalis	2093856	S	2	0	2	0.0000277043
Porphyromonas asaccharolytica	28123	S	2	0	2	0.0000277043
Porphyromonas crevioricanis	393921	S	2	0	2	0.0000277043
Tenuifilum thalassicum	2590900	S	2	0	2	0.0000277043
Draconibacterium orientale	1168034	S	2	0	2	0.0000277043
Hymenobacter sp. APR13	1356852	S	2	0	2	0.0000277043
Hymenobacter sp. DG25A	1385663	S	2	0	2	0.0000277043
Hymenobacter oligotrophus	2319843	S	2	0	2	0.0000277043
Niabella soli	446683	S	2	0	2	0.0000277043
Chlorobium phaeovibrioides	1094	S	2	0	2	0.0000277043
Pelodictyon luteolum	1100	S	2	0	2	0.0000277043
Prosthecochloris sp. HL-130-GSB	1974213	S	2	0	2	0.0000277043
Chloroherpeton thalassium	100716	S	2	0	2	0.0000277043
Poriferisphaera corsica	2528020	S	2	0	2	0.0000277043
Methylacidiphilum sp. IT5	2795384	S	1	1	2	0.0000277043
Candidatus Xiphinematobacter sp. Idaho Grape	1704307	S	2	0	2	0.0000277043
Candidatus Protochlamydia amoebophila	362787	S	2	0	2	0.0000277043
Neochlamydia sp. S13	1353976	S	2	0	2	0.0000277043
Treponema phagedenis	162	S	2	0	2	0.0000277043
Treponema primitia	88058	S	2	0	2	0.0000277043
Treponema caldarium	215591	S	2	0	2	0.0000277043
Salinispira pacifica	1307761	S	2	0	2	0.0000277043
Borrelia miyamotoi	47466	S	2	0	2	0.0000277043
Borrelia turcica	229155	S	2	0	2	0.0000277043
Borreliella bissettiae	64897	S	2	0	2	0.0000277043
Leptospira santarosai	28183	S	2	0	2	0.0000277043
Brachyspira pilosicoli	52584	S	2	0	2	0.0000277043
Brachyspira intermedia	84377	S	2	0	2	0.0000277043
Acidobacterium capsulatum	33075	S	2	0	2	0.0000277043
Fusobacterium sp. NSJ-57	2764326	S	2	0	2	0.0000277043
Fusobacterium gonidiaformans	849	S	2	0	2	0.0000277043
Ilyobacter polytropus	167642	S	2	0	2	0.0000277043
Leptotrichia sp. oral taxon 847	1785996	S	2	0	2	0.0000277043
Leptotrichia buccalis	40542	S	2	0	2	0.0000277043
Leptotrichia hofstadii	157688	S	2	0	2	0.0000277043
Fervidobacterium nodosum	2424	S	2	0	2	0.0000277043
Nitrospira japonica	1325564	S	2	0	2	0.0000277043
Candidatus Nitrospira inopinata	1715989	S	2	0	2	0.0000277043
Leptospirillum ferrooxidans	180	S	2	0	2	0.0000277043
Leptospirillum ferriphilum	178606	S	1	1	2	0.0000277043
Sulfurihydrogenibium sp. YO3AOP1	436114	S	2	0	2	0.0000277043
Thermosulfidibacter takaii	412593	S	2	0	2	0.0000277043
Thermodesulfatator indicus	171695	S	2	0	2	0.0000277043
Deferribacter desulfuricans	197162	S	2	0	2	0.0000277043
Calditerrivibrio nitroreducens	477976	S	2	0	2	0.0000277043
Aminomonas paucivorans	81412	S	2	0	2	0.0000277043
Dictyoglomus turgidum	513050	S	1	1	2	0.0000277043
Isorropodon fossajaponicum symbiont	883811	S	2	0	2	0.0000277043
Caldithrix abyssi	187145	S	2	0	2	0.0000277043
Caldisericum exile	693075	S	2	0	2	0.0000277043
Methanosarcina flavescens	1715806	S	2	0	2	0.0000277043
Methanohalophilus mahii	2176	S	1	1	2	0.0000277043
Methanothrix thermoacetophila	2224	S	2	0	2	0.0000277043
Methanocorpusculum labreanum	83984	S	2	0	2	0.0000277043
Methanocella arvoryzae	1175445	S	2	0	2	0.0000277043
Natronorubrum aibiense	348826	S	2	0	2	0.0000277043
Halopiger xanaduensis	387343	S	2	0	2	0.0000277043
Halosimplex pelagicum	869886	S	2	0	2	0.0000277043
Natronomonas pharaonis	2257	S	2	0	2	0.0000277043
Haloarcula taiwanensis	1932004	S	1	1	2	0.0000277043
Halobacterium salinarum	2242	S	1	1	2	0.0000277043
Halarchaeum sp. CBA1220	1853682	S	2	0	2	0.0000277043
Halodesulfurarchaeum formicicum	1873524	S	2	0	2	0.0000277043
Halorubrum sp. BOL3-1	2497325	S	2	0	2	0.0000277043
Halalkaliarchaeum desulfuricum	2055893	S	2	0	2	0.0000277043
Methanobacterium congolense	118062	S	2	0	2	0.0000277043
Methanothermus fervidus	2180	S	2	0	2	0.0000277043
Methanocaldococcus bathoardescens	1301915	S	2	0	2	0.0000277043
Methanocaldococcus sp. FS406-22	644281	S	2	0	2	0.0000277043
Methanotorris igneus	2189	S	2	0	2	0.0000277043
Thermococcus sp. 2319x1	1674923	S	2	0	2	0.0000277043
Thermococcus nautili	195522	S	2	0	2	0.0000277043
Candidatus Nitrosopelagicus brevis	1410606	S	2	0	2	0.0000277043
Candidatus Nitrosocosmicus oleophilus	1353260	S	2	0	2	0.0000277043
Nitrososphaera viennensis	1034015	S	2	0	2	0.0000277043
Sulfolobus sp. E11-6	2663020	S	1	1	2	0.0000277043
Vulcanisaeta moutnovskia	985052	S	2	0	2	0.0000277043
Fervidicoccus fontis	683846	S	2	0	2	0.0000277043
Candidatus Methanomethylophilus alvus	1291540	S	2	0	2	0.0000277043
Aciduliprofundum boonei	379547	S	2	0	2	0.0000277043
Streptomyces phage Comrade	2301714	S	2	0	2	0.0000277043
Pseudomonas virus nickie	2560688	S	2	0	2	0.0000277043
Synechococcus phage S-CAM22	1883365	S	1	1	2	0.0000277043
Campylobacter virus CP21	1190451	S	2	0	2	0.0000277043
Erwinia virus Ea35-70	1984778	S	1	1	2	0.0000277043
Prochlorococcus virus PSSM2	2734140	S	2	0	2	0.0000277043
Agrobacterium virus Atuph07	2560286	S	2	0	2	0.0000277043
Yersinia virus Yen9-04	2560849	S	2	0	2	0.0000277043
Cellulophaga phage phi46:3	1327985	S	2	0	2	0.0000277043
Pseudomonas virus phCDa	2734187	S	2	0	2	0.0000277043
Staphylococcus virus Andhra	2732591	S	2	0	2	0.0000277043
Bacillus virus BCP82	1985177	S	1	1	2	0.0000277043
Yellowstone lake phycodnavirus 3	1586715	S	2	0	2	0.0000277043
Chrysochromulina ericina virus	455364	S	2	0	2	0.0000277043
Orpheovirus IHUMI-LCC2	2023057	S	2	0	2	0.0000277043
Anopheles minimus irodovirus	1465751	S	2	0	2	0.0000277043
Lymantria dispar multiple nucleopolyhedrovirus	10449	S	2	0	2	0.0000277043
Agrotis segetum nucleopolyhedrovirus A	1962501	S	2	0	2	0.0000277043
Nephila clavipes virus 4	2108201	S	2	0	2	0.0000277043
Chimeric virus 14	1608440	S	2	0	2	0.0000277043
Taupapillomavirus 4	2170222	S	2	0	2	0.0000277043
Polaromonas sp. W11N	1840303	S	1	0	1	0.0000138521
Burkholderia stabilis	95485	S	1	0	1	0.0000138521
Burkholderia sp. BDU6	1385591	S	1	0	1	0.0000138521
Paraburkholderia hospita	169430	S	1	0	1	0.0000138521
Mycoavidus sp. B2-EB	2651972	S	1	0	1	0.0000138521
Taylorella asinigenitalis	84590	S	1	0	1	0.0000138521
Pelistega ratti	2652177	S	1	0	1	0.0000138521
Aquitalea denitrificans	519081	S	1	0	1	0.0000138521
Neisseria sp. KEM232	655307	S	1	0	1	0.0000138521
Snodgrassella alvi	1196083	S	1	0	1	0.0000138521
Candidatus Kinetoplastibacterium oncopeltii	994696	S	1	0	1	0.0000138521
Candidatus Profftella armatura	669502	S	1	0	1	0.0000138521
Pseudomonas sp. R2-37-08W	1173273	S	1	0	1	0.0000138521
Pseudomonas sp. R2-60-08W	1173280	S	1	0	1	0.0000138521
Pseudomonas sp. J380	2605424	S	1	0	1	0.0000138521
Pseudomonas sp. LPH1	1898684	S	1	0	1	0.0000138521
Pseudomonas sp. S150	2559074	S	1	0	1	0.0000138521
Pseudomonas sp. LTJR-52	2479392	S	1	0	1	0.0000138521
Pseudomonas sp. PDNC002	2811422	S	1	0	1	0.0000138521
Pseudomonas sp. LG1D9	2083054	S	1	0	1	0.0000138521
Pseudomonas sp. B10	118613	S	1	0	1	0.0000138521
Pseudomonas sp. IzPS59	2774459	S	1	0	1	0.0000138521
Pseudomonas sp. ACM7	2052956	S	1	0	1	0.0000138521
Pseudomonas sp. DR 5-09	1534110	S	1	0	1	0.0000138521
Pseudomonas mediterranea	183795	S	1	0	1	0.0000138521
Pseudomonas fuscovaginae	50340	S	1	0	1	0.0000138521
Pseudomonas atacamensis	2565368	S	1	0	1	0.0000138521
Pseudomonas toyotomiensis	554344	S	1	0	1	0.0000138521
Pseudomonas pelagia	553151	S	1	0	1	0.0000138521
Pseudomonas vancouverensis	95300	S	1	0	1	0.0000138521
Acinetobacter oleivorans	1148157	S	1	0	1	0.0000138521
Acinetobacter chinensis	2004650	S	1	0	1	0.0000138521
Psychrobacter sp. P11G3	1699623	S	1	0	1	0.0000138521
Moraxella ovis	29433	S	1	0	1	0.0000138521
Enterobacter sp. JUb54	2724468	S	1	0	1	0.0000138521
Citrobacter rodentium	67825	S	1	0	1	0.0000138521
Enterobacteriaceae endosymbiont of Donacia provostii	2675781	S	1	0	1	0.0000138521
Enterobacteriaceae endosymbiont of Macroplea mutica	2675791	S	1	0	1	0.0000138521
Enterobacteriaceae endosymbiont of Donacia vulgaris	2675789	S	1	0	1	0.0000138521
Enterobacteriaceae endosymbiont of Donacia tomentosa	2675787	S	1	0	1	0.0000138521
Enterobacteriaceae endosymbiont of Donacia thalassina	2675786	S	1	0	1	0.0000138521
Enterobacteriaceae endosymbiont of Donacia sparganii	2675785	S	1	0	1	0.0000138521
Enterobacteriaceae endosymbiont of Donacia simplex	2675784	S	1	0	1	0.0000138521
Enterobacteriaceae endosymbiont of Donacia semicuprea	2675783	S	1	0	1	0.0000138521
Enterobacteriaceae endosymbiont of Donacia piscatrix	2675780	S	1	0	1	0.0000138521
Enterobacteriaceae endosymbiont of Donacia fulgens	2675778	S	1	0	1	0.0000138521
Candidatus Blochmannia vafer	251535	S	1	0	1	0.0000138521
Candidatus Doolittlea endobia	1778262	S	1	0	1	0.0000138521
Candidatus Hoaglandella endobia	1778263	S	1	0	1	0.0000138521
Candidatus Mikella endobia	1778264	S	1	0	1	0.0000138521
Leclercia sp. 119287	2681308	S	1	0	1	0.0000138521
Cedecea lapagei	158823	S	1	0	1	0.0000138521
Cedecea sp. FDAARGOS_727	2545798	S	1	0	1	0.0000138521
Phytobacter sp. SCO41	1756993	S	1	0	1	0.0000138521
Buttiauxella sp. 3AFRM03	2479367	S	1	0	1	0.0000138521
Pluralibacter gergoviae	61647	S	1	0	1	0.0000138521
Candidatus Ishikawaella capsulata	168169	S	1	0	1	0.0000138521
Atlantibacter hermannii	565	S	1	0	1	0.0000138521
Serratia sp. KUDC3025	2597702	S	1	0	1	0.0000138521
Serratia surfactantfaciens	2741499	S	1	0	1	0.0000138521
Yersinia aldovae	29483	S	1	0	1	0.0000138521
Yersinia frederiksenii	29484	S	1	0	1	0.0000138521
Yersinia rohdei	29485	S	1	0	1	0.0000138521
Yersinia entomophaga	935293	S	1	0	1	0.0000138521
Yersinia hibernica	2339259	S	1	0	1	0.0000138521
Rouxiella badensis	1646377	S	1	0	1	0.0000138521
Candidatus Fukatsuia symbiotica	1878942	S	1	0	1	0.0000138521
Pantoea sp. MSR2	2052056	S	1	0	1	0.0000138521
Pantoea sp. 201603H	2479547	S	1	0	1	0.0000138521
Erwinia sp. J780	2681984	S	1	0	1	0.0000138521
Mixta calida	665913	S	1	0	1	0.0000138521
Wigglesworthia glossinidia	51229	S	1	0	1	0.0000138521
Proteus hauseri	183417	S	1	0	1	0.0000138521
Proteus sp. ZN5	2697019	S	1	0	1	0.0000138521
Xenorhabdus poinarii	40577	S	1	0	1	0.0000138521
Xenorhabdus budapestensis	290110	S	1	0	1	0.0000138521
Arsenophonus endosymbiont of Aleurodicus dispersus	235559	S	1	0	1	0.0000138521
Pectobacterium carotovorum	554	S	1	0	1	0.0000138521
Pectobacterium versatile	2488639	S	1	0	1	0.0000138521
Lonsdalea britannica	1082704	S	1	0	1	0.0000138521
Candidatus Sodalis pierantonius	1486991	S	1	0	1	0.0000138521
Sodalis endosymbiont of Henestaris halophilus	1929246	S	1	0	1	0.0000138521
Leminorella richardii	158841	S	1	0	1	0.0000138521
Jinshanibacter zhutongyuii	2498113	S	1	0	1	0.0000138521
Stenotrophomonas sp. WZN-1	2005046	S	1	0	1	0.0000138521
Stenotrophomonas sp. G4	2303750	S	1	0	1	0.0000138521
Stenotrophomonas sp. NA06056	2742129	S	1	0	1	0.0000138521
Marinobacter sp. BSs20148	490759	S	1	0	1	0.0000138521
Marinobacter sp. LV10R510-11A	1415568	S	1	0	1	0.0000138521
Marinobacter salsuginis	418719	S	1	0	1	0.0000138521
Marinobacter salinus	1874317	S	1	0	1	0.0000138521
Alteromonas pelagimontana	1858656	S	1	0	1	0.0000138521
Paraglaciecola sp. L1A13	2686359	S	1	0	1	0.0000138521
Paraglaciecola mesophila	197222	S	1	0	1	0.0000138521
Salinimonas sp. KX18D6	2572577	S	1	0	1	0.0000138521
Glaciecola nitratireducens	300231	S	1	0	1	0.0000138521
Shewanella sp. Pdp11	2059264	S	1	0	1	0.0000138521
Shewanella litorisediminis	1173586	S	1	0	1	0.0000138521
Shewanella maritima	2520507	S	1	0	1	0.0000138521
Shewanella halifaxensis	271098	S	1	0	1	0.0000138521
Shewanella pealeana	70864	S	1	0	1	0.0000138521
Pseudoalteromonas sp. R3	1709477	S	1	0	1	0.0000138521
Pseudoalteromonas sp. THAF3	2587843	S	1	0	1	0.0000138521
Pseudoalteromonas piratica	1348114	S	1	0	1	0.0000138521
Pseudoalteromonas carrageenovora	227	S	1	0	1	0.0000138521
Pseudoalteromonas translucida	166935	S	1	0	1	0.0000138521
Pseudoalteromonas phenolica	161398	S	1	0	1	0.0000138521
Pseudoalteromonas ruthenica	151081	S	1	0	1	0.0000138521
Pseudoalteromonas espejiana	28107	S	1	0	1	0.0000138521
Psychrosphaera sp. MTZ26	2820710	S	1	0	1	0.0000138521
Colwellia sp. 20A7	2689569	S	1	0	1	0.0000138521
Idiomarina sp. OT37-5b	2100422	S	1	0	1	0.0000138521
Psychromonas sp. CNPT3	314282	S	1	0	1	0.0000138521
Halomonas sp. GT	1971364	S	1	0	1	0.0000138521
Halomonas subglaciescola	29571	S	1	0	1	0.0000138521
Neptunomonas concharum	1031538	S	1	0	1	0.0000138521
Bermanella marisrubri	207949	S	1	0	1	0.0000138521
Alcanivorax dieselolei	285091	S	1	0	1	0.0000138521
Kangiella koreensis	261964	S	1	0	1	0.0000138521
Oleiphilus messinensis	141451	S	1	0	1	0.0000138521
Endozoicomonas montiporae	1027273	S	1	0	1	0.0000138521
Aeromonas sp. Ne-1	1675689	S	1	0	1	0.0000138521
Aeromonas dhakensis	196024	S	1	0	1	0.0000138521
Succinivibrio dextrinosolvens	83771	S	1	0	1	0.0000138521
Vibrio antiquarius	150340	S	1	0	1	0.0000138521
Vibrio natriegens	691	S	1	0	1	0.0000138521
Vibrio sp. Sal10	2777577	S	1	0	1	0.0000138521
Vibrio sp. dhg	2163016	S	1	0	1	0.0000138521
Vibrio sp. THAF190c	2587865	S	1	0	1	0.0000138521
Vibrio aphrogenes	1891186	S	1	0	1	0.0000138521
Vibrio gazogenes	687	S	1	0	1	0.0000138521
Vibrio qinghaiensis	2025808	S	1	0	1	0.0000138521
Vibrio zhugei	2479546	S	1	0	1	0.0000138521
Vibrio aquimaris	2587862	S	1	0	1	0.0000138521
Vibrio hyugaensis	1534743	S	1	0	1	0.0000138521
Vibrio rumoiensis	76258	S	1	0	1	0.0000138521
Vibrio tapetis	52443	S	1	0	1	0.0000138521
Vibrio cyclitrophicus	47951	S	1	0	1	0.0000138521
Photobacterium ganghwense	320778	S	1	0	1	0.0000138521
Nitrosococcus halophilus	133539	S	1	0	1	0.0000138521
Spiribacter salinus	1335746	S	1	0	1	0.0000138521
Teredinibacter turnerae	2426	S	1	0	1	0.0000138521
Microbulbifer sp. A4B17	359370	S	1	0	1	0.0000138521
Microbulbifer sp. ALW1	1516059	S	1	0	1	0.0000138521
Congregibacter litoralis	393662	S	1	0	1	0.0000138521
Oceanicoccus sagamiensis	716816	S	1	0	1	0.0000138521
Legionella hackeliae	449	S	1	0	1	0.0000138521
Pasteurella dagmatis	754	S	1	0	1	0.0000138521
Mannheimia haemolytica	75985	S	1	0	1	0.0000138521
Actinobacillus pleuropneumoniae	715	S	1	0	1	0.0000138521
Actinobacillus indolicus	51049	S	1	0	1	0.0000138521
Actinobacillus succinogenes	67854	S	1	0	1	0.0000138521
Avibacterium volantium	762	S	1	0	1	0.0000138521
Rodentibacter heylii	1906744	S	1	0	1	0.0000138521
Gallibacterium anatis	750	S	1	0	1	0.0000138521
Bisgaardia hudsonensis	109472	S	1	0	1	0.0000138521
Allofrancisella inopinata	1085647	S	1	0	1	0.0000138521
Thiomicrorhabdus sediminis	2580412	S	1	0	1	0.0000138521
Candidatus Ruthia magnifica	386487	S	1	0	1	0.0000138521
Candidatus Thioglobus autotrophicus	1705394	S	1	0	1	0.0000138521
Candidatus Nardonella dryophthoridicola	1971485	S	1	0	1	0.0000138521
endosymbiont of Pachyrhynchus infernalis	1971488	S	1	0	1	0.0000138521
endosymbiont of Sipalinus gigas	1972134	S	1	0	1	0.0000138521
Orbus sp. IPMB12	1635327	S	1	0	1	0.0000138521
Rhizobium sp. NLR16a	2731112	S	1	0	1	0.0000138521
Candidatus Liberibacter americanus	309868	S	1	0	1	0.0000138521
Candidatus Liberibacter solanacearum	556287	S	1	0	1	0.0000138521
Mesorhizobium sp. M3A.F.Ca.ET.080.04.2.1	2493676	S	1	0	1	0.0000138521
Mesorhizobium japonicum	2066070	S	1	0	1	0.0000138521
Lentilitoribacter sp. Alg239-R112	2305987	S	1	0	1	0.0000138521
Candidatus Hodgkinia cicadicola	573658	S	1	0	1	0.0000138521
Bartonella alsatica	52764	S	1	0	1	0.0000138521
Bartonella bacilliformis	774	S	1	0	1	0.0000138521
Bartonella schoenbuchensis	165694	S	1	0	1	0.0000138521
Sphingomonas sp. ERG5	1381597	S	1	0	1	0.0000138521
Paracoccus aestuarii	453842	S	1	0	1	0.0000138521
Sulfitobacter guttiformis	74349	S	1	0	1	0.0000138521
Gluconobacter thailandicus	257438	S	1	0	1	0.0000138521
Gluconobacter albidus	318683	S	1	0	1	0.0000138521
Bombella sp. KACC 21507	2697033	S	1	0	1	0.0000138521
Oecophyllibacter saccharovorans	2558360	S	1	0	1	0.0000138521
Ehrlichia canis	944	S	1	0	1	0.0000138521
Wolbachia endosymbiont of Dipetalonema caudispina	1812112	S	1	0	1	0.0000138521
Neorickettsia sennetsu	951	S	1	0	1	0.0000138521
Neorickettsia findlayensis	2686014	S	1	0	1	0.0000138521
Rickettsia akari	786	S	1	0	1	0.0000138521
Rickettsia montanensis	33991	S	1	0	1	0.0000138521
Rickettsia bellii	33990	S	1	0	1	0.0000138521
Candidatus Phycorickettsia trachydisci	2115978	S	1	0	1	0.0000138521
Candidatus Deianiraea vastatrix	2163644	S	1	0	1	0.0000138521
Hirschia baltica	2724	S	1	0	1	0.0000138521
Candidatus Cytomitobacter primus	2066024	S	1	0	1	0.0000138521
Candidatus Cytomitobacter indipagum	2601575	S	1	0	1	0.0000138521
Campylobacter sp. RM16704	1500960	S	1	0	1	0.0000138521
Campylobacter sp. 2014D-0216	1813595	S	1	0	1	0.0000138521
Campylobacter gracilis	824	S	1	0	1	0.0000138521
Campylobacter geochelonis	1780362	S	1	0	1	0.0000138521
Campylobacter ornithocola	1848766	S	1	0	1	0.0000138521
Campylobacter canadensis	449520	S	1	0	1	0.0000138521
Campylobacter upsaliensis	28080	S	1	0	1	0.0000138521
Sulfurospirillum barnesii	44674	S	1	0	1	0.0000138521
Helicobacter acinonychis	212	S	1	0	1	0.0000138521
Helicobacter himalayensis	1591088	S	1	0	1	0.0000138521
Helicobacter apodemus	135569	S	1	0	1	0.0000138521
Helicobacter bizzozeronii	56877	S	1	0	1	0.0000138521
Helicobacter canis	29419	S	1	0	1	0.0000138521
Helicobacter felis	214	S	1	0	1	0.0000138521
Wolinella succinogenes	844	S	1	0	1	0.0000138521
Sulfurimonas sp. NW10	2509341	S	1	0	1	0.0000138521
Sulfurimonas gotlandica	1176482	S	1	0	1	0.0000138521
Candidatus Sulfurimonas marisnigri	2740405	S	1	0	1	0.0000138521
Sulfurovum lithotrophicum	206403	S	1	0	1	0.0000138521
Nautilia profundicola	244787	S	1	0	1	0.0000138521
Nautilia sp. PV-1	2579250	S	1	0	1	0.0000138521
Syntrophotalea acetylenivorans	1842532	S	1	0	1	0.0000138521
Desulfovibrio gigas	879	S	1	0	1	0.0000138521
Desulfovibrio fairfieldensis	44742	S	1	0	1	0.0000138521
Desulfovibrio carbinolicus	296842	S	1	0	1	0.0000138521
Pseudodesulfovibrio profundus	57320	S	1	0	1	0.0000138521
Pseudodesulfovibrio cashew	2678688	S	1	0	1	0.0000138521
Desulfocurvibacter africanus	873	S	1	0	1	0.0000138521
Desulfococcus multivorans	897	S	1	0	1	0.0000138521
Desulfocapsa sulfexigens	65555	S	1	0	1	0.0000138521
Desulfotalea psychrophila	84980	S	1	0	1	0.0000138521
Candidatus Desulfofervidus auxilii	1621989	S	1	0	1	0.0000138521
Acidithiobacillus thiooxidans	930	S	1	0	1	0.0000138521
Mariprofundus aestuarium	1921086	S	1	0	1	0.0000138521
Cryobacterium sp.	1926290	S	1	0	1	0.0000138521
Cryobacterium arcticum	670052	S	1	0	1	0.0000138521
Arthrobacter sp.	1667	S	1	0	1	0.0000138521
Kocuria sp. KD4	2719588	S	1	0	1	0.0000138521
Rothia nasimurium	85336	S	1	0	1	0.0000138521
Rothia aeria	172042	S	1	0	1	0.0000138521
Paenarthrobacter sp. YJN-5	2735316	S	1	0	1	0.0000138521
Sinomonas atrocyanea	37927	S	1	0	1	0.0000138521
Nesterenkonia sp. NBAIMH1	2600320	S	1	0	1	0.0000138521
Brevibacterium sp. WO024	2697563	S	1	0	1	0.0000138521
Brevibacterium sp. 'Marine'	2725563	S	1	0	1	0.0000138521
Brevibacterium siliguriense	1136497	S	1	0	1	0.0000138521
Ornithinimicrobium pratense	2593973	S	1	0	1	0.0000138521
Brachybacterium sp. SGAir0954	2571029	S	1	0	1	0.0000138521
Brachybacterium vulturis	2017484	S	1	0	1	0.0000138521
Ruania sp. HY168	2603206	S	1	0	1	0.0000138521
Mycolicibacterium sp. CBMA 213	1968788	S	1	0	1	0.0000138521
Mycolicibacterium parafortuitum	39692	S	1	0	1	0.0000138521
Mycolicibacterium goodii	134601	S	1	0	1	0.0000138521
Mycobacterium sp. ELW1	1547487	S	1	0	1	0.0000138521
Mycobacterium shinjukuense	398694	S	1	0	1	0.0000138521
Mycobacterium paragordonae	1389713	S	1	0	1	0.0000138521
Rhodococcus koreensis	99653	S	1	0	1	0.0000138521
Corynebacterium sp. 2039	2675219	S	1	0	1	0.0000138521
Corynebacterium sp. 1864	2820399	S	1	0	1	0.0000138521
Corynebacterium sp. Marseille-Q3630	2754725	S	1	0	1	0.0000138521
Corynebacterium sp. MC1420	2709392	S	1	0	1	0.0000138521
Corynebacterium sp. NML93-0612	699041	S	1	0	1	0.0000138521
Corynebacterium deserti	1408191	S	1	0	1	0.0000138521
Corynebacterium crudilactis	1652495	S	1	0	1	0.0000138521
Corynebacterium epidermidicanis	1050174	S	1	0	1	0.0000138521
Corynebacterium liangguodongii	2079535	S	1	0	1	0.0000138521
Corynebacterium phocae	161895	S	1	0	1	0.0000138521
Corynebacterium aquilae	203263	S	1	0	1	0.0000138521
Corynebacterium atypicum	191610	S	1	0	1	0.0000138521
Corynebacterium aurimucosum	169292	S	1	0	1	0.0000138521
Corynebacterium flavescens	28028	S	1	0	1	0.0000138521
Corynebacterium camporealensis	161896	S	1	0	1	0.0000138521
Corynebacterium kutscheri	35755	S	1	0	1	0.0000138521
Corynebacterium kroppenstedtii	161879	S	1	0	1	0.0000138521
Corynebacterium segmentosum	43990	S	1	0	1	0.0000138521
Corynebacterium simulans	146827	S	1	0	1	0.0000138521
Corynebacterium ulcerans	65058	S	1	0	1	0.0000138521
Gordonia sp. HY186	2597659	S	1	0	1	0.0000138521
Dietzia psychralcaliphila	139021	S	1	0	1	0.0000138521
Streptomyces sp. CB04723	2748873	S	1	0	1	0.0000138521
Streptomyces sp. F8	1436085	S	1	0	1	0.0000138521
Streptomyces sp. Z022	1442032	S	1	0	1	0.0000138521
Streptomyces sp. MBT27	1488356	S	1	0	1	0.0000138521
Streptomyces sp. ADI95-16	1522758	S	1	0	1	0.0000138521
Streptomyces sp. SM18	1736046	S	1	0	1	0.0000138521
Streptomyces cavourensis	67258	S	1	0	1	0.0000138521
Streptomyces rutgersensis	53451	S	1	0	1	0.0000138521
Streptomyces antimycoticus	68175	S	1	0	1	0.0000138521
Streptomyces cyanogenus	80860	S	1	0	1	0.0000138521
Propionibacterium acidifaciens	556499	S	1	0	1	0.0000138521
Micromonospora narathiwatensis	299146	S	1	0	1	0.0000138521
Micromonospora sagamiensis	47875	S	1	0	1	0.0000138521
Alloactinosynnema sp. L-07	1653480	S	1	0	1	0.0000138521
Bifidobacterium animalis	28025	S	1	0	1	0.0000138521
Bifidobacterium dentium	1689	S	1	0	1	0.0000138521
Bifidobacterium saguini	762210	S	1	0	1	0.0000138521
Bifidobacterium lemurum	1603886	S	1	0	1	0.0000138521
Bifidobacterium asteroides	1684	S	1	0	1	0.0000138521
Parascardovia denticolens	78258	S	1	0	1	0.0000138521
Actinomyces gaoshouyii	1960083	S	1	0	1	0.0000138521
Actinomyces qiguomingii	2057800	S	1	0	1	0.0000138521
Schaalia sp. ZJ405	2709403	S	1	0	1	0.0000138521
Arcanobacterium sp. 2701	2722751	S	1	0	1	0.0000138521
Arcanobacterium haemolyticum	28264	S	1	0	1	0.0000138521
Arcanobacterium phocae	131112	S	1	0	1	0.0000138521
Flaviflexus salsibiostraticola	1282737	S	1	0	1	0.0000138521
Trueperella pyogenes	1661	S	1	0	1	0.0000138521
Mobiluncus curtisii	2051	S	1	0	1	0.0000138521
Actinotignum schaalii	59505	S	1	0	1	0.0000138521
Winkia sp. C64	2692125	S	1	0	1	0.0000138521
Boudabousia tangfeifanii	1912795	S	1	0	1	0.0000138521
Streptomonospora sp. M2	2498135	S	1	0	1	0.0000138521
Coriobacterium glomerans	33871	S	1	0	1	0.0000138521
Eggerthella lenta	84112	S	1	0	1	0.0000138521
Denitrobacterium detoxificans	79604	S	1	0	1	0.0000138521
Cryptobacterium curtum	84163	S	1	0	1	0.0000138521
Phoenicibacter congonensis	1944646	S	1	0	1	0.0000138521
Rubrobacter sp. SCSIO 52915	2653852	S	1	0	1	0.0000138521
Anaerostipes rhamnosivorans	1229621	S	1	0	1	0.0000138521
Clostridium sp. JN-1	2483110	S	1	0	1	0.0000138521
Clostridium chauvoei	46867	S	1	0	1	0.0000138521
Candidatus Arthromitus sp. SFB-rat-Yit	1041504	S	1	0	1	0.0000138521
Ruminococcus albus	1264	S	1	0	1	0.0000138521
Caproiciproducens sp. 7D4C2	2721621	S	1	0	1	0.0000138521
Fastidiosipila sanguinis	236753	S	1	0	1	0.0000138521
Mageeibacillus indolicus	884684	S	1	0	1	0.0000138521
Acutalibacter muris	1796620	S	1	0	1	0.0000138521
Pseudoclostridium thermosuccinogenes	84032	S	1	0	1	0.0000138521
Peptoclostridium acidaminophilum	1731	S	1	0	1	0.0000138521
Peptacetobacter hiranonis	89152	S	1	0	1	0.0000138521
Aminipila sp. JN-18	2507160	S	1	0	1	0.0000138521
Desulfitobacterium dehalogenans	36854	S	1	0	1	0.0000138521
Desulfotomaculum ruminis	1564	S	1	0	1	0.0000138521
Desulfotomaculum ferrireducens	1833852	S	1	0	1	0.0000138521
Desulfosporosinus orientis	1563	S	1	0	1	0.0000138521
Desulfosporosinus meridiei	79209	S	1	0	1	0.0000138521
Thermincola potens	863643	S	1	0	1	0.0000138521
Thermoanaerosceptrum fracticalcis	1712410	S	1	0	1	0.0000138521
Syntrophomonas wolfei	863	S	1	0	1	0.0000138521
Candidatus Syntrophocurvum alkaliphilum	2293317	S	1	0	1	0.0000138521
Thermoanaerobacterium aotearoense	47490	S	1	0	1	0.0000138521
Thermacetogenium phaeum	85874	S	1	0	1	0.0000138521
Halothermothrix orenii	31909	S	1	0	1	0.0000138521
Bacillus sp. ABP14	1892404	S	1	0	1	0.0000138521
Bacillus wiedmannii	1890302	S	1	0	1	0.0000138521
Bacillus sp. PAMC26543	2762329	S	1	0	1	0.0000138521
Bacillus sp. FJAT-45348	2011012	S	1	0	1	0.0000138521
Bacillus sp. N1-1	2682541	S	1	0	1	0.0000138521
Bacillus sp. PDNC022	2812759	S	1	0	1	0.0000138521
Bacillus sp. N3536	2666127	S	1	0	1	0.0000138521
Bacillus atrophaeus	1452	S	1	0	1	0.0000138521
Bacillus haynesii	1925021	S	1	0	1	0.0000138521
Lysinibacillus timonensis	2086577	S	1	0	1	0.0000138521
Priestia flexa	86664	S	1	0	1	0.0000138521
Virgibacillus dokdonensis	302167	S	1	0	1	0.0000138521
Peribacillus psychrosaccharolyticus	1407	S	1	0	1	0.0000138521
Peribacillus butanolivorans	421767	S	1	0	1	0.0000138521
Anoxybacillus amylolyticus	294699	S	1	0	1	0.0000138521
Geobacillus sp. 44B	1963023	S	1	0	1	0.0000138521
Geobacillus stearothermophilus	1422	S	1	0	1	0.0000138521
Salicibibacter sp. NKC21-4	2743001	S	1	0	1	0.0000138521
Lentibacillus sp. CBA3610	2518176	S	1	0	1	0.0000138521
Metabacillus sp. cB07	2806989	S	1	0	1	0.0000138521
Fictibacillus phosphorivorans	1221500	S	1	0	1	0.0000138521
Parageobacillus thermoglucosidasius	1426	S	1	0	1	0.0000138521
Parageobacillus genomosp. 1	1295642	S	1	0	1	0.0000138521
Pontibacillus sp. HMF3514	2692425	S	1	0	1	0.0000138521
Pontibacillus sp. ALD_SL1	2777185	S	1	0	1	0.0000138521
Salimicrobium jeotgali	1230341	S	1	0	1	0.0000138521
Amphibacillus xylanus	1449	S	1	0	1	0.0000138521
Radiobacillus deserti	2594883	S	1	0	1	0.0000138521
Pradoshia sp. D12	2651284	S	1	0	1	0.0000138521
Caldibacillus thermoamylovorans	35841	S	1	0	1	0.0000138521
Paenibacillus sp. URB8-2	2741301	S	1	0	1	0.0000138521
Paenibacillus sp. JZ16	1906272	S	1	0	1	0.0000138521
Paenibacillus sp. FSL R7-0331	1536773	S	1	0	1	0.0000138521
Paenibacillus sp. FSL R5-0912	1536771	S	1	0	1	0.0000138521
Paenibacillus sp. FSL P4-0081	1536769	S	1	0	1	0.0000138521
Paenibacillus sp. Y412MC10	481743	S	1	0	1	0.0000138521
Paenibacillus sp. JDR-2	324057	S	1	0	1	0.0000138521
Paenibacillus lutimineralis	2707005	S	1	0	1	0.0000138521
Paenibacillus alvei	44250	S	1	0	1	0.0000138521
Paenibacillus baekrokdamisoli	1712516	S	1	0	1	0.0000138521
Paenibacillus physcomitrellae	1619311	S	1	0	1	0.0000138521
Paenibacillus cellulosilyticus	375489	S	1	0	1	0.0000138521
Paenibacillus guangzhouensis	1473112	S	1	0	1	0.0000138521
Paenibacillus swuensis	1178515	S	1	0	1	0.0000138521
Brevibacillus sp. FJAT-54423	2796470	S	1	0	1	0.0000138521
Brevibacillus choshinensis	54911	S	1	0	1	0.0000138521
Cohnella sp. KS 22	2598458	S	1	0	1	0.0000138521
Aneurinibacillus soli	1500254	S	1	0	1	0.0000138521
Staphylococcus delphini	53344	S	1	0	1	0.0000138521
Staphylococcus sp. MI 10-1553	1912064	S	1	0	1	0.0000138521
Staphylococcus sp. 17KM0847	2583989	S	1	0	1	0.0000138521
Staphylococcus succinus	61015	S	1	0	1	0.0000138521
Staphylococcus xylosus	1288	S	1	0	1	0.0000138521
Staphylococcus nepalensis	214473	S	1	0	1	0.0000138521
Staphylococcus muscae	1294	S	1	0	1	0.0000138521
Staphylococcus simiae	308354	S	1	0	1	0.0000138521
Staphylococcus chromogenes	46126	S	1	0	1	0.0000138521
Staphylococcus schweitzeri	1654388	S	1	0	1	0.0000138521
Staphylococcus pseudoxylosus	2282419	S	1	0	1	0.0000138521
Staphylococcus lloydii	2781774	S	1	0	1	0.0000138521
Mammaliicoccus lentus	42858	S	1	0	1	0.0000138521
Mammaliicoccus vitulinus	71237	S	1	0	1	0.0000138521
Abyssicoccus albus	1817405	S	1	0	1	0.0000138521
Sporosarcina pasteurii	1474	S	1	0	1	0.0000138521
Sporosarcina ureae	1571	S	1	0	1	0.0000138521
Planococcus antarcticus	161360	S	1	0	1	0.0000138521
Planococcus rifietoensis	200991	S	1	0	1	0.0000138521
Planococcus donghaensis	414778	S	1	0	1	0.0000138521
Planococcus plakortidis	1038856	S	1	0	1	0.0000138521
Planococcus halocryophilus	1215089	S	1	0	1	0.0000138521
Planococcus versutus	1302659	S	1	0	1	0.0000138521
Paenisporosarcina sp. K2R23-3	2320858	S	1	0	1	0.0000138521
Kurthia sp. 11kri321	1750719	S	1	0	1	0.0000138521
Solibacillus sp. R5-41	2048654	S	1	0	1	0.0000138521
Listeria grayi	1641	S	1	0	1	0.0000138521
Listeria weihenstephanensis	1006155	S	1	0	1	0.0000138521
Listeria sp. PSOL-1	1844999	S	1	0	1	0.0000138521
Alicyclobacillus sp. TC	2606450	S	1	0	1	0.0000138521
Kyrpidia spormannii	2055160	S	1	0	1	0.0000138521
Exiguobacterium sp. N4-1P	2051906	S	1	0	1	0.0000138521
Gemella morbillorum	29391	S	1	0	1	0.0000138521
Streptococcus sp. oral taxon 064	712624	S	1	0	1	0.0000138521
Streptococcus sp. zg-86	2664091	S	1	0	1	0.0000138521
Streptococcus sanguinis	1305	S	1	0	1	0.0000138521
Streptococcus pantholopis	1811193	S	1	0	1	0.0000138521
Streptococcus sobrinus	1310	S	1	0	1	0.0000138521
Streptococcus canis	1329	S	1	0	1	0.0000138521
Streptococcus uberis	1349	S	1	0	1	0.0000138521
Lactobacillus sp. wkB8	1545702	S	1	0	1	0.0000138521
Lactobacillus sp. 3B(2020)	2695882	S	1	0	1	0.0000138521
Lactobacillus acetotolerans	1600	S	1	0	1	0.0000138521
Lactobacillus iners	147802	S	1	0	1	0.0000138521
Lactobacillus ultunensis	227945	S	1	0	1	0.0000138521
Lactobacillus taiwanensis	508451	S	1	0	1	0.0000138521
Lactobacillus kullabergensis	1218493	S	1	0	1	0.0000138521
Lactobacillus acidophilus	1579	S	1	0	1	0.0000138521
Companilactobacillus futsaii	938155	S	1	0	1	0.0000138521
Companilactobacillus pabuli	2714036	S	1	0	1	0.0000138521
Leuconostoc lactis	1246	S	1	0	1	0.0000138521
Leuconostoc citreum	33964	S	1	0	1	0.0000138521
Weissella paramesenteroides	1249	S	1	0	1	0.0000138521
Weissella viridescens	1629	S	1	0	1	0.0000138521
Weissella soli	155866	S	1	0	1	0.0000138521
Weissella diestrammenae	1162633	S	1	0	1	0.0000138521
Weissella cryptocerci	2506420	S	1	0	1	0.0000138521
Ligilactobacillus animalis	1605	S	1	0	1	0.0000138521
Ligilactobacillus saerimneri	228229	S	1	0	1	0.0000138521
Latilactobacillus graminis	60519	S	1	0	1	0.0000138521
Limosilactobacillus mucosae	97478	S	1	0	1	0.0000138521
Limosilactobacillus frumenti	104955	S	1	0	1	0.0000138521
Loigolactobacillus bifermentans	1607	S	1	0	1	0.0000138521
Loigolactobacillus backii	375175	S	1	0	1	0.0000138521
Lentilactobacillus kefiri	33962	S	1	0	1	0.0000138521
Lentilactobacillus parabuchneri	152331	S	1	0	1	0.0000138521
Lentilactobacillus curieae	1138822	S	1	0	1	0.0000138521
Levilactobacillus zymae	267363	S	1	0	1	0.0000138521
Levilactobacillus suantsaii	2292255	S	1	0	1	0.0000138521
Pediococcus inopinatus	114090	S	1	0	1	0.0000138521
Pediococcus claussenii	187452	S	1	0	1	0.0000138521
Paucilactobacillus oligofermentans	293371	S	1	0	1	0.0000138521
Oenococcus oeni	1247	S	1	0	1	0.0000138521
Oenococcus kitaharae	336988	S	1	0	1	0.0000138521
Oenococcus sicerae	2203724	S	1	0	1	0.0000138521
Bombilactobacillus bombi	1303590	S	1	0	1	0.0000138521
Furfurilactobacillus rossiae	231049	S	1	0	1	0.0000138521
Amylolactobacillus amylophilus	1603	S	1	0	1	0.0000138521
Secundilactobacillus paracollinoides	240427	S	1	0	1	0.0000138521
Enterococcus durans	53345	S	1	0	1	0.0000138521
Enterococcus thailandicus	417368	S	1	0	1	0.0000138521
Enterococcus wangshanyuanii	2005703	S	1	0	1	0.0000138521
Vagococcus coleopterorum	2714946	S	1	0	1	0.0000138521
Marinilactibacillus sp. 15R	1911586	S	1	0	1	0.0000138521
Aerococcus christensenii	87541	S	1	0	1	0.0000138521
Aerococcus sanguinicola	119206	S	1	0	1	0.0000138521
Abiotrophia defectiva	46125	S	1	0	1	0.0000138521
Suicoccus acidiformans	2036206	S	1	0	1	0.0000138521
Selenomonas sp. oral taxon 126	712528	S	1	0	1	0.0000138521
Selenomonas sp. oral taxon 136	713030	S	1	0	1	0.0000138521
Selenomonas sp. oral taxon 920	1884263	S	1	0	1	0.0000138521
Selenomonas sp. Marseille-Q3039	2754044	S	1	0	1	0.0000138521
Selenomonas sputigena	69823	S	1	0	1	0.0000138521
Methylomusa anaerophila	1930071	S	1	0	1	0.0000138521
Veillonella rodentium	248315	S	1	0	1	0.0000138521
Veillonella nakazawae	2682456	S	1	0	1	0.0000138521
Dialister pneumosintes	39950	S	1	0	1	0.0000138521
Dialister massiliensis	2161821	S	1	0	1	0.0000138521
Erysipelothrix sp. HDW6C	2714930	S	1	0	1	0.0000138521
Erysipelothrix piscisicarius	2485784	S	1	0	1	0.0000138521
Sedimentibacter sp. zth1	2816908	S	1	0	1	0.0000138521
Ezakiella massiliensis	1852374	S	1	0	1	0.0000138521
Ndongobacter massiliensis	1871025	S	1	0	1	0.0000138521
Synechococcus sp. CBW1004	1353136	S	1	0	1	0.0000138521
Synechococcus sp. MVIR-18-1	1386941	S	1	0	1	0.0000138521
Synechococcus sp. PROS-U-1	1400866	S	1	0	1	0.0000138521
Synechococcus sp. CC9311	64471	S	1	0	1	0.0000138521
Synechococcus sp. WH 8020	32052	S	1	0	1	0.0000138521
Synechococcus sp. PCC 7003	374981	S	1	0	1	0.0000138521
Synechococcus sp. Minos11	221341	S	1	0	1	0.0000138521
Synechococcus sp. RS9902	221345	S	1	0	1	0.0000138521
Synechococcus sp. WH 8101	59932	S	1	0	1	0.0000138521
Synechococcus lividus	33070	S	1	0	1	0.0000138521
cyanobacterium endosymbiont of Rhopalodia gibberula	1763363	S	1	0	1	0.0000138521
Mycoplasma sp. Mirounga ES2806-NAS	754516	S	1	0	1	0.0000138521
Mycoplasma sp. 1654_15	2725994	S	1	0	1	0.0000138521
Mycoplasma dispar	86660	S	1	0	1	0.0000138521
Mycoplasma anseris	92400	S	1	0	1	0.0000138521
Mycoplasma cloacale	92401	S	1	0	1	0.0000138521
Mycoplasma phocicerebrale	142649	S	1	0	1	0.0000138521
Mycoplasma salivarium	2124	S	1	0	1	0.0000138521
Mycoplasma parvum	984991	S	1	0	1	0.0000138521
Mycoplasma orale	2121	S	1	0	1	0.0000138521
Mycoplasma struthionis	538220	S	1	0	1	0.0000138521
Mycoplasma gallinaceum	29556	S	1	0	1	0.0000138521
Mycoplasma agalactiae	2110	S	1	0	1	0.0000138521
Mycoplasma edwardii	53558	S	1	0	1	0.0000138521
Mycoplasma cynos	171284	S	1	0	1	0.0000138521
Mycoplasma bovirhinis	29553	S	1	0	1	0.0000138521
Mycoplasma phocirhinis	142650	S	1	0	1	0.0000138521
Mycoplasma bovis	28903	S	1	0	1	0.0000138521
Mycoplasma citelli	171281	S	1	0	1	0.0000138521
Candidatus Hepatoplasma crinochetorum	295596	S	1	0	1	0.0000138521
Spiroplasma sp. BIUS-1	216964	S	1	0	1	0.0000138521
Spiroplasma litorale	216942	S	1	0	1	0.0000138521
Spiroplasma cantharicola	362837	S	1	0	1	0.0000138521
Spiroplasma apis	2137	S	1	0	1	0.0000138521
Spiroplasma sabaudiense	216944	S	1	0	1	0.0000138521
Spiroplasma helicoides	216938	S	1	0	1	0.0000138521
Spiroplasma corruscae	216934	S	1	0	1	0.0000138521
Spiroplasma taiwanense	2145	S	1	0	1	0.0000138521
Spiroplasma chinense	216932	S	1	0	1	0.0000138521
Mesoplasma florum	2151	S	1	0	1	0.0000138521
Entomoplasma freundtii	74700	S	1	0	1	0.0000138521
Entomoplasma luminosum	214888	S	1	0	1	0.0000138521
Entomoplasma somnilux	215578	S	1	0	1	0.0000138521
Candidatus Phytoplasma ziziphi	135727	S	1	0	1	0.0000138521
Candidatus Phytoplasma luffae	35773	S	1	0	1	0.0000138521
Candidatus Phytoplasma mali	37692	S	1	0	1	0.0000138521
Deinococcus sp. S14-83	2489213	S	1	0	1	0.0000138521
Deinococcus radiodurans	1299	S	1	0	1	0.0000138521
Deinococcus deserti	310783	S	1	0	1	0.0000138521
Deinococcus geothermalis	68909	S	1	0	1	0.0000138521
Thermus aquaticus	271	S	1	0	1	0.0000138521
Oceanithermus profundus	187137	S	1	0	1	0.0000138521
Anaerolinea sp. 'rifampicinis'	2710758	S	1	0	1	0.0000138521
Dehalogenimonas formicexedens	1839801	S	1	0	1	0.0000138521
Dehalogenimonas sp. GP	1536648	S	1	0	1	0.0000138521
Chloroflexus aggregans	152260	S	1	0	1	0.0000138521
Sphaerobacter thermophilus	2057	S	1	0	1	0.0000138521
Formosa sp. Hel3_A1_48	1336795	S	1	0	1	0.0000138521
Arenibacter algicola	616991	S	1	0	1	0.0000138521
Robiginitalea biformata	252307	S	1	0	1	0.0000138521
Bergeyella cardium	1585976	S	1	0	1	0.0000138521
Blattabacterium clevelandi	164516	S	1	0	1	0.0000138521
Candidatus Walczuchella monophlebidarum	1415657	S	1	0	1	0.0000138521
Prevotella jejuni	1177574	S	1	0	1	0.0000138521
Pedobacter sp.	1411316	S	1	0	1	0.0000138521
Pontibacter sp. SGAir0037	2571030	S	1	0	1	0.0000138521
Chlorobaculum parvum	274539	S	1	0	1	0.0000138521
Prosthecochloris sp. CIB 2401	1868325	S	1	0	1	0.0000138521
Prosthecochloris aestuarii	1102	S	1	0	1	0.0000138521
Melioribacter roseus	1134405	S	1	0	1	0.0000138521
Limihaloglobus sulfuriphilus	1851148	S	1	0	1	0.0000138521
Anaerohalosphaera lusitana	1936003	S	1	0	1	0.0000138521
Methylacidiphilum sp. IT6	2795386	S	1	0	1	0.0000138521
Chlamydia sp. 2742-308	1806891	S	1	0	1	0.0000138521
Chlamydia sp. S15-834C	1967783	S	1	0	1	0.0000138521
Chlamydia psittaci	83554	S	1	0	1	0.0000138521
Chlamydia felis	83556	S	1	0	1	0.0000138521
Chlamydia avium	1457141	S	1	0	1	0.0000138521
Chlamydia gallinacea	1457153	S	1	0	1	0.0000138521
Treponema sp. Marseille-Q4132	2766701	S	1	0	1	0.0000138521
Treponema medium	58231	S	1	0	1	0.0000138521
Sphaerochaeta coccoides	273376	S	1	0	1	0.0000138521
Borrelia hermsii	140	S	1	0	1	0.0000138521
Borrelia crocidurae	29520	S	1	0	1	0.0000138521
Borreliella mayonii	1674146	S	1	0	1	0.0000138521
Leptospira kmetyi	408139	S	1	0	1	0.0000138521
Leptospira mayottensis	1137606	S	1	0	1	0.0000138521
Edaphobacter sp. 4G125	2763071	S	1	0	1	0.0000138521
Acidisarcina polymorpha	2211140	S	1	0	1	0.0000138521
Fusobacterium sp. oral taxon 203	671211	S	1	0	1	0.0000138521
Fusobacterium canifelinum	285729	S	1	0	1	0.0000138521
Leptotrichia sp. oral taxon 498	712368	S	1	0	1	0.0000138521
Leptotrichia trevisanii	109328	S	1	0	1	0.0000138521
Leptotrichia shahii	157691	S	1	0	1	0.0000138521
Leptotrichia hongkongensis	554406	S	1	0	1	0.0000138521
Candidatus Bipolaricaulis anaerobius	2026885	S	1	0	1	0.0000138521
Thermosipho africanus	2421	S	1	0	1	0.0000138521
Thermosipho melanesiensis	46541	S	1	0	1	0.0000138521
Petrotoga mobilis	69499	S	1	0	1	0.0000138521
Kosmotoga olearia	651457	S	1	0	1	0.0000138521
Hydrogenobacter thermophilus	940	S	1	0	1	0.0000138521
Thermocrinis albus	136094	S	1	0	1	0.0000138521
Hydrogenobaculum sp. Y04AAS1	380749	S	1	0	1	0.0000138521
Sulfurihydrogenibium azorense	309806	S	1	0	1	0.0000138521
Persephonella marina	309805	S	1	0	1	0.0000138521
Thermodesulfobacterium sp. TA1	2234087	S	1	0	1	0.0000138521
Geovibrio thiophilus	139438	S	1	0	1	0.0000138521
Acetomicrobium mobile	97477	S	1	0	1	0.0000138521
Thermanaerovibrio velox	108007	S	1	0	1	0.0000138521
Aminobacterium colombiense	81468	S	1	0	1	0.0000138521
Jonquetella anthropi	428712	S	1	0	1	0.0000138521
Methanolobus zinderi	536044	S	1	0	1	0.0000138521
Methanococcoides methylutens	2226	S	1	0	1	0.0000138521
Methanoculleus bourgensis	83986	S	1	0	1	0.0000138521
Methanoplanus limicola	2315	S	1	0	1	0.0000138521
Haloterrigena sp. YPL8	1699371	S	1	0	1	0.0000138521
Haloterrigena sp. KZCA68	2816475	S	1	0	1	0.0000138521
Haloterrigena longa	370324	S	1	0	1	0.0000138521
Natrinema pallidum	69527	S	1	0	1	0.0000138521
Natronorubrum bangense	61858	S	1	0	1	0.0000138521
Halovivax ruber	387341	S	1	0	1	0.0000138521
Halovivax sp. KZCA124	2817025	S	1	0	1	0.0000138521
Natrarchaeobaculum aegyptiacum	745377	S	1	0	1	0.0000138521
Natrarchaeobaculum sulfurireducens	2044521	S	1	0	1	0.0000138521
Natronobacterium gregoryi	44930	S	1	0	1	0.0000138521
Natronomonas sp. C90	2747817	S	1	0	1	0.0000138521
Natronomonas moolapensis	416273	S	1	0	1	0.0000138521
Haloarcula sp. JP-L23	2716717	S	1	0	1	0.0000138521
Halorhabdus utahensis	146826	S	1	0	1	0.0000138521
Halorhabdus tiamatea	430914	S	1	0	1	0.0000138521
Halorhabdus sp. CBA1104	1380432	S	1	0	1	0.0000138521
Halorientalis sp. IM1011	1932360	S	1	0	1	0.0000138521
Salarchaeum sp. JOR-1	2599399	S	1	0	1	0.0000138521
Haloplanus aerogenes	660522	S	1	0	1	0.0000138521
Haloferax mediterranei	2252	S	1	0	1	0.0000138521
Haloferax gibbonsii	35746	S	1	0	1	0.0000138521
Halorubrum sp. PV6	634157	S	1	0	1	0.0000138521
Halorubrum sp. CBA1229	1853699	S	1	0	1	0.0000138521
Halorubrum sp. RHB-C	2739057	S	1	0	1	0.0000138521
Halopenitus persicus	1048396	S	1	0	1	0.0000138521
Halobonum sp. Gai3-2	2743090	S	1	0	1	0.0000138521
Salinigranum rubrum	755307	S	1	0	1	0.0000138521
Methanobacterium subterraneum	59277	S	1	0	1	0.0000138521
Methanococcus aeolicus	42879	S	1	0	1	0.0000138521
Methanocaldococcus vulcanius	73913	S	1	0	1	0.0000138521
Methanocaldococcus fervens	83171	S	1	0	1	0.0000138521
Thermococcus sp. P6	122420	S	1	0	1	0.0000138521
Thermococcus sibiricus	172049	S	1	0	1	0.0000138521
Thermococcus piezophilus	1712654	S	1	0	1	0.0000138521
Thermococcus eurythermalis	1505907	S	1	0	1	0.0000138521
Thermococcus onnurineus	342948	S	1	0	1	0.0000138521
Thermococcus guaymasensis	110164	S	1	0	1	0.0000138521
Thermococcus gorgonarius	71997	S	1	0	1	0.0000138521
Pyrococcus abyssi	29292	S	1	0	1	0.0000138521
Pyrococcus horikoshii	53953	S	1	0	1	0.0000138521
Palaeococcus pacificus	971279	S	1	0	1	0.0000138521
Archaeoglobus profundus	84156	S	1	0	1	0.0000138521
Nitrosopumilus cobalaminigenes	1470066	S	1	0	1	0.0000138521
Nitrosopumilus piranensis	1582439	S	1	0	1	0.0000138521
Nitrosopumilus oxyclinae	1959104	S	1	0	1	0.0000138521
Candidatus Nitrosotenuis aquarius	1846278	S	1	0	1	0.0000138521
Candidatus Nitrosotenuis sp. DW1	2259672	S	1	0	1	0.0000138521
Candidatus Nitrosocosmicus franklandus	1798806	S	1	0	1	0.0000138521
Acidianus brierleyi	41673	S	1	0	1	0.0000138521
Sulfolobus sp. A20	1891280	S	1	0	1	0.0000138521
Sulfolobus sp. E5-1-F	2663019	S	1	0	1	0.0000138521
Metallosphaera tengchongensis	1532350	S	1	0	1	0.0000138521
Saccharolobus solfataricus	2287	S	1	0	1	0.0000138521
Vulcanisaeta distributa	164451	S	1	0	1	0.0000138521
Pyrobaculum arsenaticum	121277	S	1	0	1	0.0000138521
Pyrobaculum calidifontis	181486	S	1	0	1	0.0000138521
Thermofilum pendens	2269	S	1	0	1	0.0000138521
Staphylothermus marinus	2280	S	1	0	1	0.0000138521
Candidatus Korarchaeum cryptofilum	498846	S	1	0	1	0.0000138521
Thermoplasma acidophilum	2303	S	1	0	1	0.0000138521
Ferroplasma acidarmanus	97393	S	1	0	1	0.0000138521
Actinoplanes phage phiAsp2	279303	S	1	0	1	0.0000138521
Flavobacterium phage 11b	294631	S	1	0	1	0.0000138521
Listeria phage P35	330398	S	1	0	1	0.0000138521
Clostridium phage phiCTP1	871584	S	1	0	1	0.0000138521
Tsukamurella phage TPA4	1647476	S	1	0	1	0.0000138521
Lactococcus phage Q54	382685	S	1	0	1	0.0000138521
Caulobacter virus CcrPW	2734195	S	1	0	1	0.0000138521
Caulobacter virus CcrBL9	2734192	S	1	0	1	0.0000138521
Mycobacterium phage Sheen	1589274	S	1	0	1	0.0000138521
Mycobacterium virus Cooper	1983117	S	1	0	1	0.0000138521
Streptomyces virus NootNoot	2560788	S	1	0	1	0.0000138521
Pseudomonas virus PMBT3	2734251	S	1	0	1	0.0000138521
Microbacterium virus OneinaGillian	2734236	S	1	0	1	0.0000138521
Staphylococcus virus SEP9	1922247	S	1	0	1	0.0000138521
Streptomyces virus Lilbooboo	2734285	S	1	0	1	0.0000138521
Streptomyces virus Bing	2560785	S	1	0	1	0.0000138521
Synechococcus phage S-PM2	238854	S	1	0	1	0.0000138521
Tenacibaculum phage PTm1	2547425	S	1	0	1	0.0000138521
Prochlorococcus phage P-SSM3	536453	S	1	0	1	0.0000138521
Synechococcus phage S-SSM7	445686	S	1	0	1	0.0000138521
Acinetobacter phage YMC13/03/R2096	1560342	S	1	0	1	0.0000138521
Prochlorococcus phage P-TIM68	1542477	S	1	0	1	0.0000138521
Panteoa phage Kyle	2589665	S	1	0	1	0.0000138521
Deep-sea thermophilic phage D6E	749413	S	1	0	1	0.0000138521
Serratia phage 2050HW	2024252	S	1	0	1	0.0000138521
Campylobacter virus CPt10	722418	S	1	0	1	0.0000138521
Achromobacter phage Motura	2591403	S	1	0	1	0.0000138521
Synechococcus phage S-SM2	444860	S	1	0	1	0.0000138521
Ralstonia virus RSL2	1980925	S	1	0	1	0.0000138521
Flavobacterium virus FCL2	2560473	S	1	0	1	0.0000138521
Faecalibacterium virus Taranis	2734146	S	1	0	1	0.0000138521
Klebsiella virus JD001	2560540	S	1	0	1	0.0000138521
Aeromonas phage AS-sw	2026113	S	1	0	1	0.0000138521
Klebsiella virus K64-1	2560541	S	1	0	1	0.0000138521
Tetrasphaera virus TJE1	2560802	S	1	0	1	0.0000138521
Cellulophaga phage phi38:1	1327977	S	1	0	1	0.0000138521
Pseudomonas phage Zuri	2604899	S	1	0	1	0.0000138521
Escherichia virus PTXU04	2734191	S	1	0	1	0.0000138521
Escherichia virus ECB2	1987939	S	1	0	1	0.0000138521
Pseudomonas phage PA11	347327	S	1	0	1	0.0000138521
Curvibacter virus P26059B	2733926	S	1	0	1	0.0000138521
Synechococcus virus SB28	2733953	S	1	0	1	0.0000138521
Dickeya virus JA10	2733650	S	1	0	1	0.0000138521
Dickeya virus BF25-12	2733346	S	1	0	1	0.0000138521
Pantoea virus Limezero	1985730	S	1	0	1	0.0000138521
Equid alphaherpesvirus 8	39637	S	1	0	1	0.0000138521
Cynomolgus cytomegalovirus	1919083	S	1	0	1	0.0000138521
Micromonas pusilla virus 12T	755272	S	1	0	1	0.0000138521
Yellowstone lake phycodnavirus 2	1586714	S	1	0	1	0.0000138521
Ostreococcus lucimarinus virus 2	1663208	S	1	0	1	0.0000138521
Acanthamoeba polyphaga mimivirus	212035	S	1	0	1	0.0000138521
Eptesipox virus	1329402	S	1	0	1	0.0000138521
Mythimna separata entomopoxvirus	1179664	S	1	0	1	0.0000138521
Adoxophyes honmai entomopoxvirus	1993630	S	1	0	1	0.0000138521
Anomala cuprea entomopoxvirus	62099	S	1	0	1	0.0000138521
African swine fever virus	10497	S	1	0	1	0.0000138521
Lymantria xylina nucleopolyhedrovirus	166921	S	1	0	1	0.0000138521
Sucra jujuba nucleopolyhedrovirus	1563660	S	1	0	1	0.0000138521
Lambdina fiscellaria nucleopolyhedrovirus	1642929	S	1	0	1	0.0000138521
Oxyplax ochracea nucleopolyhedrovirus	2083176	S	1	0	1	0.0000138521
Spodoptera exigua multiple nucleopolyhedrovirus	10454	S	1	0	1	0.0000138521
Mocis latipes granulovirus	2072024	S	1	0	1	0.0000138521
Diatraea saccharalis granulovirus	1675862	S	1	0	1	0.0000138521
Maize fine streak nucleorhabdovirus	209854	S	1	0	1	0.0000138521
Obodhiang ephemerovirus	1972592	S	1	0	1	0.0000138521
Wuhan ledantevirus	1978541	S	1	0	1	0.0000138521
Mosqueiro hapavirus	1972621	S	1	0	1	0.0000138521
Human respirovirus 3	11216	S	1	0	1	0.0000138521
Porcine respirovirus 1	1357321	S	1	0	1	0.0000138521
Ganda orthophasmavirus	2560480	S	1	0	1	0.0000138521
Carrot Ch virus 1	1425363	S	1	0	1	0.0000138521
Maize rough dwarf virus	10989	S	1	0	1	0.0000138521
Beluga whale coronavirus SW1	694015	S	1	0	1	0.0000138521
Xinzhou spider virus 3	1746074	S	1	0	1	0.0000138521
Halastavi arva RNA virus	1088890	S	1	0	1	0.0000138521
Botrytis cinerea negative-stranded RNA virus 1	1629671	S	1	0	1	0.0000138521
Saesbyeol virus	2320522	S	1	0	1	0.0000138521
Pandoravirus dulcis	1349409	S	1	0	1	0.0000138521
Pandoravirus salinus	1349410	S	1	0	1	0.0000138521
Pandoravirus inopinatum	1605721	S	1	0	1	0.0000138521
Human fecal virus Jorvi4	2017083	S	1	0	1	0.0000138521
Sewage-associated gemycircularvirus 1	1592081	S	1	0	1	0.0000138521
Stenotrophomonas virus SMA9	2011080	S	1	0	1	0.0000138521
Nitrosopumilus spindle-shaped virus	2508184	S	1	0	1	0.0000138521
Gryllus bimaculatus nudivirus	432587	S	1	0	1	0.0000138521
Sulfolobus islandicus rod-shaped virus 10	1983545	S	1	0	1	0.0000138521
Candidatus Kinetoplastibacterium crithidii	33056	S	4	-4	0	0.0000000000
Azotobacter vinelandii	354	S	6	-6	0	0.0000000000
Fluoribacter dumoffii	463	S	6	-6	0	0.0000000000
Afipia carboxidovorans	40137	S	15	-15	0	0.0000000000
Rhodospirillum rubrum	1085	S	6	-6	0	0.0000000000
Ehrlichia chaffeensis	945	S	3	-3	0	0.0000000000
Anaplasma phagocytophilum	948	S	4	-4	0	0.0000000000
Rickettsia canadensis	788	S	2	-2	0	0.0000000000
Lawsonia intracellularis	29546	S	1	-1	0	0.0000000000
Acetivibrio thermocellus	1515	S	8	-8	0	0.0000000000
Thermoclostridium stercorarium	1510	S	5	-5	0	0.0000000000
Paenibacillus mucilaginosus	61624	S	4	-4	0	0.0000000000
Rippkaea orientalis	2546366	S	2	-2	0	0.0000000000
Chloroflexus aurantiacus	1108	S	2	-2	0	0.0000000000
Spirochaeta thermophila	154	S	2	-2	0	0.0000000000
Borrelia parkeri	141	S	1	-1	0	0.0000000000
Leptospira biflexa	172	S	13	-13	0	0.0000000000
Archaeoglobus fulgidus	2234	S	1	-1	0	0.0000000000
