name	taxonomy_id	taxonomy_lvl	kraken_assigned_reads	added_reads	new_est_reads	fraction_total_reads
Paenibacillus larvae	1464	S	6	879	885	0.0172507894
Cutibacterium acnes	1747	S	687	45	732	0.0142684496
Stenotrophomonas maltophilia	40324	S	441	191	632	0.0123192078
Aliarcobacter cryaerophilus	28198	S	399	50	449	0.0087520954
Pseudomonas oryzihabitans	47885	S	388	42	430	0.0083817395
Ralstonia solanacearum	305	S	308	101	409	0.0079723987
Pseudomonas sp. CMR12a	658629	S	244	74	318	0.0061985887
Phocaeicola vulgatus	821	S	227	82	309	0.0060231570
Candidatus Planktophila sulfonica	1884904	S	274	23	297	0.0057892480
Dermacoccus nishinomiyaensis	1274	S	225	47	272	0.0053019375
Lactococcus lactis	1358	S	67	192	259	0.0050485361
Klebsiella pneumoniae	573	S	15	241	256	0.0049900589
Duganella sp. AF9R3	2728021	S	194	36	230	0.0044832560
Acidovorax sp. KKS102	358220	S	147	78	225	0.0043857939
Variovorax paradoxus	34073	S	159	59	218	0.0042493470
Pseudomonas aeruginosa	287	S	52	166	218	0.0042493470
Polynucleobacter necessarius	576610	S	206	11	217	0.0042298546
Oscillatoria nigro-viridis	482564	S	192	24	216	0.0042103622
Acidovorax sp. T1	1858609	S	57	156	213	0.0041518849
Acidovorax carolinensis	553814	S	112	80	192	0.0037425442
Curvibacter sp. AEP1-3	1844971	S	174	8	182	0.0035476200
Acinetobacter baumannii	470	S	41	140	181	0.0035281276
Escherichia coli	562	S	30	147	177	0.0034501579
Diaphorobacter sp. JS3051	2792224	S	7	155	162	0.0031577716
Sphaerotilus natans	34103	S	122	32	154	0.0030018323
Limnohabitans sp. 63ED37-2	1678128	S	141	11	152	0.0029628475
Acinetobacter johnsonii	40214	S	82	70	152	0.0029628475
Leptothrix cholodnii	34029	S	116	28	144	0.0028069081
Comamonas testosteroni	285	S	65	78	143	0.0027874157
Limnohabitans sp. 103DPR2	1678129	S	130	7	137	0.0026704612
Polaromonas naphthalenivorans	216465	S	118	17	135	0.0026314764
Pseudomonas fluorescens	294	S	97	37	134	0.0026119839
Prevotella copri	165179	S	107	23	130	0.0025340143
Alicycliphilus denitrificans	179636	S	49	79	128	0.0024950294
Flavobacterium sangjuense	2518177	S	121	6	127	0.0024755370
Rhodoferax sediminis	2509614	S	114	10	124	0.0024170598
Phocaeicola dorei	357276	S	87	37	124	0.0024170598
Polynucleobacter duraquae	1835254	S	111	11	122	0.0023780749
Rhodoferax saidenbachensis	1484693	S	110	9	119	0.0023195977
Blautia sp. SC05B48	2479767	S	75	42	117	0.0022806128
Bacteroides uniformis	820	S	67	49	116	0.0022611204
Rhodoferax sp. AJA081-3	2752316	S	108	7	115	0.0022416280
Faecalibacterium prausnitzii	853	S	90	24	114	0.0022221356
Rhizobacter sp. AJA081-3	2753607	S	95	17	112	0.0021831508
Aquaspirillum sp. LM1	1938604	S	102	7	109	0.0021246735
Limnoglobus roseus	2598579	S	102	2	104	0.0020272114
Acinetobacter lwoffii	28090	S	47	56	103	0.0020077190
Sphingomonas sp. PAMC26645	2565555	S	93	10	103	0.0020077190
Rhodoferax koreense	1842727	S	66	36	102	0.0019882266
Ottowia oryzae	2109914	S	88	10	98	0.0019102569
Halomonas sp. JS92-SW72	2306583	S	84	14	98	0.0019102569
Rhodopseudomonas palustris	1076	S	81	17	98	0.0019102569
Pseudomonas savastanoi	29438	S	2	95	97	0.0018907645
Hydrogenophaga sp. PBL-H3	434010	S	50	45	95	0.0018517797
Diaphorobacter sp. JS3050	2735554	S	4	91	95	0.0018517797
Flavobacterium nackdongense	2547394	S	89	5	94	0.0018322872
Vitreoscilla filiformis	63	S	81	12	93	0.0018127948
Streptomyces lividans	1916	S	4	88	92	0.0017933024
Cloacibacterium normanense	237258	S	81	10	91	0.0017738100
Rhizobacter gummiphilus	946333	S	78	11	89	0.0017348252
Achromobacter xylosoxidans	85698	S	36	53	89	0.0017348252
Sphingomonas melonis	152682	S	28	61	89	0.0017348252
Sorangium cellulosum	56	S	80	8	88	0.0017153327
Flavobacterium sp. 140616W15	2478552	S	74	14	88	0.0017153327
Flavobacterium johnsoniae	986	S	66	22	88	0.0017153327
Urbifossiella limnaea	2528023	S	83	4	87	0.0016958403
Acidovorax sp. JMULE5	2518343	S	73	13	86	0.0016763479
Flavobacterium sp. KBS0721	1179672	S	57	29	86	0.0016763479
Bacteroides ovatus	28116	S	49	35	84	0.0016373631
Aeromonas media	651	S	49	33	82	0.0015983782
Acidovorax ebreus	721785	S	6	75	81	0.0015788858
Pseudomonas veronii	76761	S	27	54	81	0.0015788858
Candidatus Planktophila dulcis	1884914	S	75	6	81	0.0015788858
Flavobacterium psychrophilum	96345	S	73	7	80	0.0015593934
Hydrogenophaga sp. BPS33	2651974	S	52	27	79	0.0015399010
Propionibacterium sp. oral taxon 193	671223	S	65	13	78	0.0015204086
Flavobacterium sp. M31R6	2739062	S	69	9	78	0.0015204086
Polaromonas sp. JS666	296591	S	62	15	77	0.0015009161
Kinneretia sp. DAIF2	2714952	S	64	13	77	0.0015009161
Bibersteinia trehalosi	47735	S	5	72	77	0.0015009161
Diaphorobacter aerolatus	1288495	S	33	43	76	0.0014814237
Ramlibacter tataouinensis	94132	S	67	9	76	0.0014814237
Flavobacterium sp. MDT1-60	1979344	S	61	15	76	0.0014814237
Flavobacterium commune	1306519	S	70	6	76	0.0014814237
Bacillus thuringiensis	1428	S	19	56	75	0.0014619313
Parabacteroides distasonis	823	S	33	41	74	0.0014424389
Rhodoferax sp. PAMC29310	2822760	S	65	8	73	0.0014229465
Hydrogenophaga sp. BA0156	2716225	S	50	23	73	0.0014229465
Flavobacterium sp. Sr18	935222	S	66	7	73	0.0014229465
Acidovorax sp. JS42	232721	S	3	69	72	0.0014034541
Massilia sp. CCM 8941	2765360	S	50	21	71	0.0013839616
Fluviibacter phosphoraccumulans	1751046	S	60	11	71	0.0013839616
Acidovorax sp. 1608163	2478662	S	62	8	70	0.0013644692
Acidovorax sp. RAC01	1842533	S	47	22	69	0.0013449768
Rhodoferax ferrireducens	192843	S	66	3	69	0.0013449768
Cupriavidus taiwanensis	164546	S	52	17	69	0.0013449768
Pasteurella multocida	747	S	48	21	69	0.0013449768
Rhodoluna lacicola	529884	S	63	6	69	0.0013449768
Flavobacterium sp. CLA17	2724135	S	58	11	69	0.0013449768
Flavobacterium sp. SLB02	2665645	S	48	20	68	0.0013254844
Rhodoferax sp. BAB1	2741720	S	57	10	67	0.0013059920
Rubrivivax gelatinosus	28068	S	55	12	67	0.0013059920
Sphingomonas sp. HMP9	1517554	S	58	9	67	0.0013059920
Candidatus Planktophila lacus	1884913	S	65	2	67	0.0013059920
Bacteroides fragilis	817	S	37	30	67	0.0013059920
Bradyrhizobium erythrophlei	1437360	S	63	3	66	0.0012864996
Anaerobutyricum hallii	39488	S	51	15	66	0.0012864996
Schlegelella thermodepolymerans	215580	S	51	14	65	0.0012670071
Sphingorhabdus lacus	392610	S	63	2	65	0.0012670071
Kocuria rhizophila	72000	S	44	21	65	0.0012670071
[Ruminococcus] gnavus	33038	S	42	23	65	0.0012670071
Bifidobacterium longum	216816	S	51	13	64	0.0012475147
Collinsella aerofaciens	74426	S	56	8	64	0.0012475147
Flavobacterium sp. BB8	2816357	S	53	11	64	0.0012475147
Acidovorax avenae	80867	S	42	21	63	0.0012280223
Pseudomonas stutzeri	316	S	50	13	63	0.0012280223
Paucibacter sp. KCTC 42545	1768242	S	53	8	61	0.0011890375
Pseudomonas putida	303	S	35	26	61	0.0011890375
Staphylococcus aureus	1280	S	24	37	61	0.0011890375
Clostridium botulinum	1491	S	49	12	61	0.0011890375
Flavobacterium anhuiense	459526	S	44	17	61	0.0011890375
Lacunisphaera limnophila	1838286	S	57	4	61	0.0011890375
Lysobacter enzymogenes	69	S	53	7	60	0.0011695450
Burkholderia pseudomallei	28450	S	18	41	59	0.0011500526
Massilia violaceinigra	2045208	S	44	15	59	0.0011500526
Rhodococcus qingshengii	334542	S	16	43	59	0.0011500526
Bacteroides thetaiotaomicron	818	S	52	6	58	0.0011305602
Variovorax sp. PDNC026	2811425	S	2	55	57	0.0011110678
Moraxella osloensis	34062	S	53	4	57	0.0011110678
Stenotrophomonas sp. PAMC25021	2565559	S	1	56	57	0.0011110678
Rhodoferax antarcticus	81479	S	53	3	56	0.0010915754
Aquabacterium olei	1296669	S	46	10	56	0.0010915754
Buchnera aphidicola	9	S	58	-3	55	0.0010720830
Bradyrhizobium diazoefficiens	1355477	S	21	34	55	0.0010720830
Bradyrhizobium lablabi	722472	S	19	36	55	0.0010720830
Streptomyces tsukubensis	83656	S	10	45	55	0.0010720830
Acidovorax monticola	1926868	S	44	10	54	0.0010525905
Acidovorax antarcticus	2743470	S	36	18	54	0.0010525905
Cupriavidus metallidurans	119219	S	29	25	54	0.0010525905
Methylobacterium sp. XJLW	739141	S	6	48	54	0.0010525905
Bacteroides xylanisolvens	371601	S	28	26	54	0.0010525905
Acidovorax sp. HDW3	2714923	S	42	11	53	0.0010330981
Diaphorobacter sp. HDW4A	2714924	S	30	23	53	0.0010330981
Flavobacterium branchiophilum	55197	S	51	2	53	0.0010330981
Pseudomonas chlororaphis	587753	S	37	15	52	0.0010136057
Anaerostipes hadrus	649756	S	40	12	52	0.0010136057
Delftia acidovorans	80866	S	16	35	51	0.0009941133
Salmonella enterica	28901	S	15	36	51	0.0009941133
Rhodococcus erythropolis	1833	S	17	34	51	0.0009941133
Microcystis aeruginosa	1126	S	37	14	51	0.0009941133
Hydrogenophaga pseudoflava	47421	S	19	31	50	0.0009746209
Verminephrobacter eiseniae	364317	S	48	2	50	0.0009746209
Janthinobacterium agaricidamnosum	55508	S	36	14	50	0.0009746209
Blautia obeum	40520	S	36	14	50	0.0009746209
Flavobacterium crocinum	2183896	S	39	11	50	0.0009746209
Comamonas kerstersii	225992	S	39	10	49	0.0009551285
Massilia sp. WG5	1707785	S	28	21	49	0.0009551285
Flavobacterium sp. HYN0086	2249356	S	37	12	49	0.0009551285
Methanothrix soehngenii	2223	S	49	0	49	0.0009551285
Hydrogenophaga sp. RAC07	1842537	S	39	9	48	0.0009356360
Ottowia sp. 27C	2816950	S	44	4	48	0.0009356360
Simplicispira suum	2109915	S	37	11	48	0.0009356360
Flavobacterium faecale	1355330	S	45	3	48	0.0009356360
Polaromonas sp. H8N	1840297	S	3	44	47	0.0009161436
Rhizobium leguminosarum	384	S	25	22	47	0.0009161436
Paracoccus yeei	147645	S	26	21	47	0.0009161436
Comamonas aquatica	225991	S	35	11	46	0.0008966512
Massilia sp. NR 4-1	1678028	S	37	9	46	0.0008966512
Acinetobacter sp. NEB 394	2743575	S	17	29	46	0.0008966512
Sphingomonas sp. AAP5	1523415	S	40	6	46	0.0008966512
Sphingobium sp. YG1	2082188	S	35	11	46	0.0008966512
Frigoriglobus tundricola	2774151	S	43	3	46	0.0008966512
Roseimicrobium sp. ORNL1	2711231	S	44	2	46	0.0008966512
Undibacterium sp. KW1	2058624	S	36	9	45	0.0008771588
Xanthomonas citri	346	S	10	35	45	0.0008771588
Nibricoccus aquaticus	2576891	S	44	1	45	0.0008771588
Variovorax sp. WDL1	207745	S	21	23	44	0.0008576664
Hydrogenophaga sp. PBC	795665	S	28	16	44	0.0008576664
Acinetobacter indicus	756892	S	32	12	44	0.0008576664
Porphyrobacter sp. YT40	2547601	S	25	19	44	0.0008576664
Micrococcus luteus	1270	S	22	22	44	0.0008576664
Flavobacterium nitrogenifigens	1617283	S	29	15	44	0.0008576664
Variovorax sp. PAMC 28711	1795631	S	40	3	43	0.0008381740
Variovorax sp. RKNM96	2681552	S	32	11	43	0.0008381740
Hydrogenophaga sp. NH-16	2184519	S	14	29	43	0.0008381740
Pseudomonas syringae	317	S	24	19	43	0.0008381740
Arcobacter suis	1278212	S	37	6	43	0.0008381740
Streptococcus thermophilus	1308	S	40	3	43	0.0008381740
Prochlorococcus marinus	1219	S	32	11	43	0.0008381740
Massilia umbonata	864828	S	29	13	42	0.0008186815
Mitsuaria sp. 7	1658665	S	36	6	42	0.0008186815
Aeromonas salmonicida	645	S	22	20	42	0.0008186815
Novosphingobium resinovorum	158500	S	28	14	42	0.0008186815
Bifidobacterium adolescentis	1680	S	39	3	42	0.0008186815
Roseburia intestinalis	166486	S	33	9	42	0.0008186815
Flavobacterium sp. LPB0248	2614441	S	26	16	42	0.0008186815
Sphingobacterium sp. UDSM-2020	2795738	S	38	4	42	0.0008186815
Verrucomicrobium spinosum	2736	S	37	5	42	0.0008186815
Inhella inkyongensis	392593	S	37	4	41	0.0007991891
Sphingobium amiense	135719	S	16	25	41	0.0007991891
Bacteriovorax stolpii	960	S	41	0	41	0.0007991891
Blattabacterium cuenoti	1653831	S	38	3	41	0.0007991891
Opitutus sp. GAS368	1882749	S	38	3	41	0.0007991891
Variovorax boronicumulans	436515	S	22	18	40	0.0007796967
Polynucleobacter asymbioticus	576611	S	37	3	40	0.0007796967
Roseateles depolymerans	76731	S	35	5	40	0.0007796967
Acinetobacter sp. CS-2	2798861	S	27	13	40	0.0007796967
Sphingomonas koreensis	93064	S	27	13	40	0.0007796967
Tabrizicola piscis	2494374	S	38	2	40	0.0007796967
Coprococcus comes	410072	S	29	11	40	0.0007796967
Megamonas funiformis	437897	S	39	1	40	0.0007796967
Variovorax sp. PAMC26660	2762322	S	34	5	39	0.0007602043
Melaminivora sp. SC2-9	2109913	S	26	13	39	0.0007602043
Massilia sp. LPB0304	2769491	S	24	15	39	0.0007602043
Methylibium sp. Pch-M	2082386	S	20	19	39	0.0007602043
Methylibium petroleiphilum	105560	S	21	18	39	0.0007602043
Citrobacter freundii	546	S	11	28	39	0.0007602043
Pyruvatibacter mobilis	1712261	S	36	3	39	0.0007602043
Novosphingobium aromaticivorans	48935	S	30	9	39	0.0007602043
Streptomyces venezuelae	54571	S	34	5	39	0.0007602043
Flavobacterium sp. CJ74	2294119	S	38	1	39	0.0007602043
Flavobacterium gilvum	1492737	S	36	3	39	0.0007602043
Luteolibacter luteus	2728835	S	39	0	39	0.0007602043
Variovorax sp. HW608	1034889	S	35	3	38	0.0007407119
Hydrogenophaga sp. YM1	2806262	S	29	9	38	0.0007407119
Janthinobacterium tructae	2590869	S	26	12	38	0.0007407119
Pseudomonas psychrotolerans	237610	S	35	3	38	0.0007407119
Bradyrhizobium sp.	376	S	11	27	38	0.0007407119
Mesorhizobium loti	381	S	10	28	38	0.0007407119
Sphingobium yanoikuyae	13690	S	18	20	38	0.0007407119
Cereibacter sphaeroides	1063	S	34	4	38	0.0007407119
Caulobacter henricii	69395	S	34	4	38	0.0007407119
Caulobacter vibrioides	155892	S	30	8	38	0.0007407119
Rhodoluna limnophila	232537	S	35	3	38	0.0007407119
Clostridioides difficile	1496	S	23	15	38	0.0007407119
Hydrogenophaga sp. PAMC20947	2565558	S	36	1	37	0.0007212194
Comamonas koreensis	160825	S	31	6	37	0.0007212194
Cupriavidus necator	106590	S	30	7	37	0.0007212194
Massilia putida	1141883	S	26	11	37	0.0007212194
Acinetobacter sp. TTH0-4	1646498	S	32	5	37	0.0007212194
Vibrio anguillarum	55601	S	30	7	37	0.0007212194
Novosphingobium sp. P6W	1609758	S	36	1	37	0.0007212194
Mucilaginibacter rubeus	2027860	S	19	18	37	0.0007212194
Lacipirellula limnantheis	2528024	S	35	2	37	0.0007212194
Variovorax sp. SRS16	282217	S	13	23	36	0.0007017270
Diaphorobacter sp. HDW4B	2714925	S	34	2	36	0.0007017270
Burkholderia cenocepacia	95486	S	13	23	36	0.0007017270
Cupriavidus basilensis	68895	S	24	12	36	0.0007017270
Xylophilus rhododendri	2697032	S	29	7	36	0.0007017270
Aeromonas caviae	648	S	10	26	36	0.0007017270
Brevundimonas sp. LVF2	2774190	S	34	2	36	0.0007017270
[Ruminococcus] torques	33039	S	26	10	36	0.0007017270
Clostridium perfringens	1502	S	34	2	36	0.0007017270
Variovorax sp. PBL-E5	434014	S	11	24	35	0.0006822346
Massilia oculi	945844	S	29	6	35	0.0006822346
Dechloromonas aromatica	259537	S	32	3	35	0.0006822346
Sphingobium hydrophobicum	1673076	S	20	15	35	0.0006822346
Caulobacter soli	2708539	S	28	7	35	0.0006822346
Bacillus cereus	1396	S	17	18	35	0.0006822346
Flavobacterium columnare	996	S	31	4	35	0.0006822346
Chryseobacterium balustinum	246	S	27	8	35	0.0006822346
Bacteroides caccae	47678	S	34	1	35	0.0006822346
Comamonas piscis	1562974	S	31	3	34	0.0006627422
Comamonas thiooxydans	363952	S	16	18	34	0.0006627422
Janthinobacterium sp. HH102	1537274	S	12	22	34	0.0006627422
Rhodoplanes sp. Z2-YC6860	674703	S	32	2	34	0.0006627422
Sphingomonas sanxanigenens	397260	S	25	9	34	0.0006627422
Flavobacterium indicum	312277	S	32	2	34	0.0006627422
Gemmata obscuriglobus	114	S	33	1	34	0.0006627422
Planctomyces sp. SH-PL62	1636152	S	23	11	34	0.0006627422
Comamonas serinivorans	1082851	S	28	5	33	0.0006432498
Polaromonas vacuolata	37448	S	27	6	33	0.0006432498
Serpentinomonas raichei	1458425	S	29	4	33	0.0006432498
Acinetobacter sp. WCHAc010034	1879049	S	24	9	33	0.0006432498
Agrobacterium tumefaciens	358	S	21	12	33	0.0006432498
Methylorubrum extorquens	408	S	16	17	33	0.0006432498
Sphingopyxis terrae	33052	S	27	6	33	0.0006432498
Caulobacter segnis	88688	S	27	6	33	0.0006432498
Aurantimicrobium sp. MWH-Mo1	1987356	S	30	3	33	0.0006432498
Candidatus Planktophila vernalis	1884907	S	33	0	33	0.0006432498
Variovorax sp. RA8	662548	S	19	13	32	0.0006237574
Hylemonella gracilis	80880	S	30	2	32	0.0006237574
Massilia sp. YMA4	1593482	S	18	14	32	0.0006237574
Janthinobacterium sp. 1_2014MBL_MicDiv	1644131	S	25	7	32	0.0006237574
Thauera sp. MZ1T	85643	S	17	15	32	0.0006237574
Aeromonas sp. ASNIH7	1920107	S	2	30	32	0.0006237574
Novosphingobium sp. ABRDHK2	2571749	S	24	8	32	0.0006237574
Microbacterium foliorum	104336	S	27	5	32	0.0006237574
Chryseobacterium indoltheticum	254	S	28	4	32	0.0006237574
Epilithonimonas vandammei	2487072	S	17	15	32	0.0006237574
Serpentinomonas mccroryi	1458426	S	27	4	31	0.0006042649
Cupriavidus malaysiensis	367825	S	7	24	31	0.0006042649
Undibacterium sp. YM2	2058625	S	25	6	31	0.0006042649
Candidatus Methylopumilus rimovensis	2588535	S	30	1	31	0.0006042649
Sphingobium sp. KCTC 72723	2733867	S	30	1	31	0.0006042649
Sphingopyxis macrogoltabida	33050	S	24	7	31	0.0006042649
Candidatus Planktophila versatilis	1884905	S	30	1	31	0.0006042649
Flavobacterium sp. I3-2	2748319	S	17	14	31	0.0006042649
Pedobacter sp. G11	2482728	S	28	3	31	0.0006042649
Singulisphaera acidiphila	466153	S	26	5	31	0.0006042649
Hydrogenophaga crassostreae	1763535	S	29	1	30	0.0005847725
Agreia sp. COWG	2773266	S	28	2	30	0.0005847725
Muricauda sp. 501str8	2698672	S	20	10	30	0.0005847725
Variovorax sp. PBS-H4	434008	S	20	9	29	0.0005652801
Delftia lacustris	558537	S	4	25	29	0.0005652801
Massilia lutea	321985	S	22	7	29	0.0005652801
Janthinobacterium svalbardensis	368607	S	20	9	29	0.0005652801
Duganella sp. GN2-R2	2728020	S	21	8	29	0.0005652801
Acinetobacter junii	40215	S	24	5	29	0.0005652801
Brevundimonas diminuta	293	S	11	18	29	0.0005652801
Brevundimonas vesicularis	41276	S	10	19	29	0.0005652801
Staphylococcus epidermidis	1282	S	25	4	29	0.0005652801
Staphylococcus capitis	29388	S	25	4	29	0.0005652801
Flavobacterium kingsejongi	1678728	S	27	2	29	0.0005652801
Acidovorax cattleyae	80868	S	18	10	28	0.0005457877
Comamonas sp. NLF-7-7	2597701	S	21	7	28	0.0005457877
Ralstonia insidiosa	190721	S	20	8	28	0.0005457877
Methylorubrum populi	223967	S	21	7	28	0.0005457877
Caenibius tardaugens	169176	S	11	17	28	0.0005457877
Novosphingobium sp. KA1	164608	S	9	19	28	0.0005457877
Minicystis rosea	888845	S	26	2	28	0.0005457877
Actinoplanes derwentensis	113562	S	27	1	28	0.0005457877
Ruminococcus bicirculans	1160721	S	25	3	28	0.0005457877
Achromobacter spanius	217203	S	21	6	27	0.0005262953
Raoultella ornithinolytica	54291	S	6	21	27	0.0005262953
Rhizobium phaseoli	396	S	9	18	27	0.0005262953
Sphingomonas alpina	653931	S	27	0	27	0.0005262953
Brevundimonas mediterranea	74329	S	23	4	27	0.0005262953
Arcobacter venerupis	1054033	S	24	3	27	0.0005262953
Sandaracinus amylolyticus	927083	S	27	0	27	0.0005262953
Labilithrix luteola	1391654	S	26	1	27	0.0005262953
Janibacter indicus	857417	S	18	9	27	0.0005262953
Nocardioides sp. JS614	196162	S	24	3	27	0.0005262953
Meiothermus silvanus	52022	S	26	1	27	0.0005262953
Pedobacter sp. KBS0701	2578106	S	22	5	27	0.0005262953
Massilia flava	871742	S	22	4	26	0.0005068029
Massilia albidiflava	321983	S	18	8	26	0.0005068029
Thiomonas sp. X19	1050370	S	23	3	26	0.0005068029
Thauera humireducens	1134435	S	20	6	26	0.0005068029
Bosea sp. RAC05	1842539	S	22	4	26	0.0005068029
Sinorhizobium fredii	380	S	15	11	26	0.0005068029
Methylobacterium aquaticum	270351	S	22	4	26	0.0005068029
Sphingopyxis granuli	267128	S	6	20	26	0.0005068029
Croceicoccus marinus	450378	S	18	8	26	0.0005068029
Gemmobacter sp. HYN0069	2169400	S	23	3	26	0.0005068029
Brevundimonas sp. GRTSA-9	2800818	S	25	1	26	0.0005068029
Archangium violaceum	83451	S	24	2	26	0.0005068029
Priestia megaterium	1404	S	14	12	26	0.0005068029
Enterococcus cecorum	44008	S	23	3	26	0.0005068029
Longibaculum sp. KGMB06250	2584943	S	9	17	26	0.0005068029
Chitinophaga sp. 1303	2725414	S	4	22	26	0.0005068029
Pulveribacter suum	2116657	S	20	5	25	0.0004873104
Polynucleobacter paneuropaeus	2527775	S	24	1	25	0.0004873104
Polynucleobacter wuianus	1743168	S	21	4	25	0.0004873104
Burkholderia ubonensis	101571	S	10	15	25	0.0004873104
Janthinobacterium sp. LM6	1938606	S	17	8	25	0.0004873104
Herbaspirillum frisingense	92645	S	19	6	25	0.0004873104
Herbaspirillum seropedicae	964	S	18	7	25	0.0004873104
Methylotenera versatilis	1055487	S	24	1	25	0.0004873104
Usitatibacter palustris	2732487	S	22	3	25	0.0004873104
Pseudomonas sp. C27(2019)	2604941	S	24	1	25	0.0004873104
Methylobacterium sp. WL1	2603276	S	23	2	25	0.0004873104
Porphyrobacter sp. HT-58-2	2023229	S	22	3	25	0.0004873104
Rhodobacter blasticus	1075	S	24	1	25	0.0004873104
Caulobacter sp. K31	366602	S	22	3	25	0.0004873104
Aquirufa nivalisilvae	2516557	S	23	2	25	0.0004873104
Anatilimnocola aggregata	2528021	S	24	1	25	0.0004873104
Symmachiella dynata	2527995	S	23	2	25	0.0004873104
Cupriavidus pauculus	82633	S	21	3	24	0.0004678180
Massilia armeniaca	2072590	S	15	9	24	0.0004678180
Collimonas arenae	279058	S	22	2	24	0.0004678180
Dechloromonas sp. HYN0024	2231055	S	22	2	24	0.0004678180
Yersinia frederiksenii	29484	S	1	23	24	0.0004678180
Bradyrhizobium sp. SG09	2599805	S	2	22	24	0.0004678180
Rhizobium pusense	648995	S	5	19	24	0.0004678180
Rhodobacter sp. LPB0142	1850250	S	15	9	24	0.0004678180
Microbacterium sp. PM5	2014534	S	22	2	24	0.0004678180
Elizabethkingia bruuniana	1756149	S	5	19	24	0.0004678180
Gemmatimonas phototrophica	1379270	S	23	1	24	0.0004678180
Ereboglobus luteus	1796921	S	24	0	24	0.0004678180
Proteus virus Isfahan	2560650	S	24	0	24	0.0004678180
Delftia tsuruhatensis	180282	S	4	19	23	0.0004483256
Paraburkholderia aromaticivorans	2026199	S	16	7	23	0.0004483256
Janthinobacterium sp. 17J80-10	2497863	S	21	2	23	0.0004483256
Azoarcus sp. DD4	2027405	S	15	8	23	0.0004483256
Azoarcus communis	41977	S	18	5	23	0.0004483256
Dechloromonas sp. TW-R-39-2	2654218	S	22	1	23	0.0004483256
Sulfuritalea hydrogenivorans	748811	S	22	1	23	0.0004483256
Acinetobacter sp. MYb10	1827285	S	20	3	23	0.0004483256
Serratia marcescens	615	S	11	12	23	0.0004483256
Cellvibrio sp. PSBB023	1945512	S	20	3	23	0.0004483256
Sphingomonas sp. CL5.1	2653203	S	20	3	23	0.0004483256
Novosphingobium sp. THN1	1016987	S	19	4	23	0.0004483256
Sphingopyxis sp. EG6	1874061	S	17	6	23	0.0004483256
Porphyrobacter sp. CACIAM 03H1	2003315	S	20	3	23	0.0004483256
Defluviimonas alba	1335048	S	17	6	23	0.0004483256
Caulobacter rhizosphaerae	2010972	S	19	4	23	0.0004483256
Clavibacter michiganensis	28447	S	20	3	23	0.0004483256
Jeotgalibaca porci	1868793	S	20	3	23	0.0004483256
Flavobacterium sediminis	2201181	S	14	9	23	0.0004483256
Chryseobacterium gleum	250	S	12	11	23	0.0004483256
Mucilaginibacter ginsenosidivorax	862126	S	23	0	23	0.0004483256
Mucilaginibacter gotjawali	1550579	S	23	0	23	0.0004483256
Candidatus Cloacimonas acidaminovorans	456827	S	23	0	23	0.0004483256
Aquisphaera giovannonii	406548	S	20	3	23	0.0004483256
Opitutus terrae	107709	S	23	0	23	0.0004483256
Fusobacterium nucleatum	851	S	13	10	23	0.0004483256
Massilia plicata	321984	S	18	4	22	0.0004288332
Collimonas fungivorans	158899	S	20	2	22	0.0004288332
Bordetella bronchiseptica	518	S	4	18	22	0.0004288332
Cellvibrio sp. KY-GH-1	2303332	S	19	3	22	0.0004288332
Afipia sp. GAS231	1882747	S	12	10	22	0.0004288332
Sphingomonas panacis	1560345	S	22	0	22	0.0004288332
Sphingobium sp. SYK-6	627192	S	18	4	22	0.0004288332
Arcobacter cloacae	1054034	S	16	6	22	0.0004288332
Plantibacter sp. PA-3-X8	2480625	S	17	5	22	0.0004288332
Nostoc sp. PCC 7120 = FACHB-418	103690	S	1	21	22	0.0004288332
Bacteroides sp. A1C1	2528203	S	6	16	22	0.0004288332
Hymenobacter sp. APR13	1356852	S	17	5	22	0.0004288332
Tautonia plasticadhaerens	2527974	S	21	1	22	0.0004288332
Humisphaera borealis	2807512	S	22	0	22	0.0004288332
Paramecium bursaria Chlorella virus A1	381899	S	22	0	22	0.0004288332
Variovorax sp. 38R	2774875	S	10	11	21	0.0004093408
Diaphorobacter ruginosibacter	1715720	S	19	2	21	0.0004093408
Polynucleobacter sp. LimPoW16	1743162	S	20	1	21	0.0004093408
Paraburkholderia sp. SOS3	1926494	S	20	1	21	0.0004093408
Thauera sp. K11	2005884	S	15	6	21	0.0004093408
Erwinia billingiae	182337	S	8	13	21	0.0004093408
Sphingomonas panacisoli	1813879	S	21	0	21	0.0004093408
Novosphingobium sp. ES2-1	2780074	S	15	6	21	0.0004093408
Novosphingobium ginsenosidimutans	1176536	S	21	0	21	0.0004093408
Sphingopyxis sp. MG	1866325	S	4	17	21	0.0004093408
Curtobacterium flaccumfaciens	2035	S	17	4	21	0.0004093408
Streptomyces lydicus	47763	S	16	5	21	0.0004093408
Actinoplanes sp. N902-109	649831	S	13	8	21	0.0004093408
Coprococcus catus	116085	S	17	4	21	0.0004093408
Clostridium beijerinckii	1520	S	16	5	21	0.0004093408
Olleya sp. Bg11-27	2058135	S	9	12	21	0.0004093408
Pedobacter sp. PACM 27299	1727164	S	20	1	21	0.0004093408
Leadbetterella byssophila	316068	S	16	5	21	0.0004093408
Lacipirellula parvula	2650471	S	20	1	21	0.0004093408
Herbaspirillum sp. meg3	2025949	S	19	1	20	0.0003898483
Achromobacter pestifer	1353889	S	11	9	20	0.0003898483
Azoarcus sp. M9-3-2	2016596	S	19	1	20	0.0003898483
Azoarcus sp. CIB	198107	S	14	6	20	0.0003898483
Azospira restricta	404405	S	15	5	20	0.0003898483
Candidatus Accumulibacter phosphatis	327160	S	20	0	20	0.0003898483
Pseudomonas fragi	296	S	12	8	20	0.0003898483
Rahnella aquatilis	34038	S	3	17	20	0.0003898483
Proteus mirabilis	584	S	13	7	20	0.0003898483
Aeromonas hydrophila	644	S	10	10	20	0.0003898483
Vibrio cholerae	666	S	13	7	20	0.0003898483
Mesorhizobium sp. L-8-10	2744523	S	6	14	20	0.0003898483
Methylobacterium indicum	1775910	S	16	4	20	0.0003898483
Hyphomicrobium sp. MC1	717785	S	19	1	20	0.0003898483
Sphingomonas sp. MM-1	745310	S	10	10	20	0.0003898483
Brevundimonas sp. AJA228-03	2752515	S	19	1	20	0.0003898483
Brevundimonas sp. Bb-A	2560058	S	6	14	20	0.0003898483
Tistrella mobilis	171437	S	14	6	20	0.0003898483
Aliarcobacter faecis	1564138	S	19	1	20	0.0003898483
Rhodococcus fascians	1828	S	19	1	20	0.0003898483
Candidatus Planktophila limnetica	573600	S	20	0	20	0.0003898483
Faecalibacillus intestinalis	1982626	S	7	13	20	0.0003898483
Flavobacterium haoranii	683124	S	17	3	20	0.0003898483
Polaribacter sp. L12M9	2738844	S	13	7	20	0.0003898483
Chryseobacterium sp. 3008163	2478663	S	18	2	20	0.0003898483
Chryseobacterium sp. NEB161	2724619	S	13	7	20	0.0003898483
Bacteroides sp. HF-162	2785531	S	5	15	20	0.0003898483
Pedobacter suwonensis	332999	S	18	2	20	0.0003898483
Mucilaginibacter mallensis	652787	S	20	0	20	0.0003898483
Variovorax sp. PAMC28562	2762323	S	19	0	19	0.0003703559
Variovorax sp. PBL-H6	434009	S	9	10	19	0.0003703559
Ottowia sp. oral taxon 894	1658672	S	18	1	19	0.0003703559
Burkholderia cepacia	292	S	9	10	19	0.0003703559
Herbaspirillum robiniae	2014887	S	15	4	19	0.0003703559
Collimonas pratensis	279113	S	17	2	19	0.0003703559
Castellaniella defragrans	75697	S	13	6	19	0.0003703559
Acinetobacter sp. YH12138	2601122	S	15	4	19	0.0003703559
Acinetobacter pittii	48296	S	8	11	19	0.0003703559
Xanthomonas campestris	339	S	11	8	19	0.0003703559
Bradyrhizobium canariense	255045	S	18	1	19	0.0003703559
Tardiphaga sp. vice304	2592817	S	2	17	19	0.0003703559
Hyphomicrobium denitrificans	53399	S	16	3	19	0.0003703559
Pseudolabrys taiwanensis	331696	S	17	2	19	0.0003703559
Erythrobacter neustonensis	1112	S	17	2	19	0.0003703559
Brevundimonas sp. LM2	1938605	S	18	1	19	0.0003703559
Brevundimonas sp. M20	2591463	S	18	1	19	0.0003703559
Caulobacter sp. FWC26	69665	S	14	5	19	0.0003703559
Phenylobacterium zucineum	284016	S	17	2	19	0.0003703559
Aliarcobacter cibarius	255507	S	17	2	19	0.0003703559
Microbacterium lemovicicum	1072463	S	17	2	19	0.0003703559
Microbacterium hominis	162426	S	16	3	19	0.0003703559
Microterricola viridarii	412690	S	17	2	19	0.0003703559
Gordonia bronchialis	2054	S	16	3	19	0.0003703559
Streptomyces sp. LBUM 1480	2609808	S	2	17	19	0.0003703559
Streptococcus dysgalactiae	1334	S	5	14	19	0.0003703559
Geminocystis sp. NIES-3708	1615909	S	14	5	19	0.0003703559
Dolichospermum flos-aquae	1166	S	3	16	19	0.0003703559
Urechidicola croceus	1850246	S	12	7	19	0.0003703559
Psychroserpens sp. NJDZ02	2570561	S	8	11	19	0.0003703559
Chryseobacterium indologenes	253	S	15	4	19	0.0003703559
Alistipes shahii	328814	S	17	2	19	0.0003703559
Pedobacter cryoconitis	188932	S	19	0	19	0.0003703559
Niastella koreensis	354356	S	18	1	19	0.0003703559
Diaphorobacter polyhydroxybutyrativorans	1546149	S	2	16	18	0.0003508635
Cupriavidus nantongensis	1796606	S	7	11	18	0.0003508635
Azoarcus olearius	418699	S	14	4	18	0.0003508635
Laribacter hongkongensis	168471	S	14	4	18	0.0003508635
Candidatus Methylopumilus planktonicus	1581557	S	17	1	18	0.0003508635
Candidatus Methylopumilus turicensis	1581680	S	17	1	18	0.0003508635
Pseudomonas koreensis	198620	S	15	3	18	0.0003508635
Pseudomonas brassicacearum	930166	S	5	13	18	0.0003508635
Acinetobacter bereziniae	106648	S	16	2	18	0.0003508635
Acinetobacter wuhouensis	1879050	S	13	5	18	0.0003508635
Aerosticca soli	2010829	S	10	8	18	0.0003508635
Enterobacter asburiae	61645	S	7	11	18	0.0003508635
Bosea sp. PAMC 26642	1792307	S	16	2	18	0.0003508635
Methylobacterium durans	2202825	S	17	1	18	0.0003508635
Starkeya sp. ORNL1	2709380	S	16	2	18	0.0003508635
Methylocystis rosea	173366	S	17	1	18	0.0003508635
Pseudorhodoplanes sinuspersici	1235591	S	18	0	18	0.0003508635
Sphingomonas sp. C8-2	2492837	S	11	7	18	0.0003508635
Sphingobium cloacae	120107	S	7	11	18	0.0003508635
Novosphingobium sp. PP1Y	702113	S	11	7	18	0.0003508635
Rhizorhabdus dicambivorans	1850238	S	9	9	18	0.0003508635
Erythrobacter litoralis	39960	S	14	4	18	0.0003508635
Porphyrobacter sp. LM 6	1896196	S	14	4	18	0.0003508635
Brevundimonas sp. 'scallop'	2562582	S	8	10	18	0.0003508635
Caulobacter flavus	1679497	S	16	2	18	0.0003508635
Terricaulis silvestris	2686094	S	18	0	18	0.0003508635
Phreatobacter sp. NMCR1094	2570229	S	17	1	18	0.0003508635
Myxococcus xanthus	34	S	13	5	18	0.0003508635
Mycobacterium intracellulare	1767	S	3	15	18	0.0003508635
Corynebacterium kefirresidentii	1979527	S	11	7	18	0.0003508635
Micromonospora aurantiaca	47850	S	2	16	18	0.0003508635
Streptosporangium sp. 'caverna'	2202249	S	17	1	18	0.0003508635
Actinomarinicola tropica	2789776	S	17	1	18	0.0003508635
Calothrix brevissima	938406	S	14	4	18	0.0003508635
Empedobacter brevis	247	S	14	4	18	0.0003508635
Prevotella sp. WR041	2801997	S	18	0	18	0.0003508635
Sphingobacterium multivorum	28454	S	10	8	18	0.0003508635
Gemmatirosa kalamazoonesis	861299	S	18	0	18	0.0003508635
Gemmata massiliana	1210884	S	15	3	18	0.0003508635
Planctopirus ephydatiae	2528019	S	16	2	18	0.0003508635
Verrucomicrobium sp. GAS474	1882831	S	18	0	18	0.0003508635
Akkermansia muciniphila	239935	S	18	0	18	0.0003508635
Ralstonia mannitolilytica	105219	S	11	6	17	0.0003313711
Burkholderia multivorans	87883	S	13	4	17	0.0003313711
Burkholderia vietnamiensis	60552	S	4	13	17	0.0003313711
Herbaspirillum rubrisubalbicans	80842	S	12	5	17	0.0003313711
Azoarcus pumilus	2067960	S	15	2	17	0.0003313711
Thauera aromatica	59405	S	8	9	17	0.0003313711
Candidatus Methylopumilus universalis	2588536	S	16	1	17	0.0003313711
Methylophilus sp. TWE2	1662285	S	15	2	17	0.0003313711
Nitrosomonas sp. Is79A3	261292	S	17	0	17	0.0003313711
Pseudomonas sp. PONIH3	1636610	S	4	13	17	0.0003313711
Pseudomonas palleroniana	191390	S	16	1	17	0.0003313711
Acinetobacter sp. WCHA45	2004644	S	8	9	17	0.0003313711
Acinetobacter wanghuae	2662362	S	17	0	17	0.0003313711
Stenotrophomonas rhizophila	216778	S	16	1	17	0.0003313711
Pseudoxanthomonas suwonensis	314722	S	15	2	17	0.0003313711
Erwinia gerundensis	1619313	S	15	2	17	0.0003313711
Candidatus Thiodictyon syntrophicum	1166950	S	17	0	17	0.0003313711
Bradyrhizobium betae	244734	S	10	7	17	0.0003313711
Tardiphaga robiniae	943830	S	16	1	17	0.0003313711
Pannonibacter phragmitetus	121719	S	8	9	17	0.0003313711
Sphingomonas sp. IC081	304378	S	5	12	17	0.0003313711
Marinovum algicola	42444	S	11	6	17	0.0003313711
Brevundimonas sp. LVF1	2774189	S	14	3	17	0.0003313711
Roseococcus sp. NIBR12	2771361	S	17	0	17	0.0003313711
Stella humosa	94	S	17	0	17	0.0003313711
Microbacterium sp. No. 7	1714373	S	13	4	17	0.0003313711
Microbacterium sp. Nx66	2766784	S	8	9	17	0.0003313711
Brevibacterium linens	1703	S	13	4	17	0.0003313711
Mycolicibacter sinensis	875328	S	2	15	17	0.0003313711
Streptomyces spectabilis	68270	S	15	2	17	0.0003313711
Amycolatopsis keratiniphila	129921	S	11	6	17	0.0003313711
Nakamurella multipartita	53461	S	16	1	17	0.0003313711
Flavobacterium album	2175091	S	17	0	17	0.0003313711
Flavobacterium crassostreae	1763534	S	15	2	17	0.0003313711
Chryseobacterium bernardetii	1241978	S	8	9	17	0.0003313711
Fluviicola taffensis	191579	S	17	0	17	0.0003313711
Bacteroides intestinalis	329854	S	17	0	17	0.0003313711
Bacteroides cellulosilyticus	246787	S	16	1	17	0.0003313711
Mucilaginibacter paludis	423351	S	17	0	17	0.0003313711
Mucilaginibacter celer	2305508	S	17	0	17	0.0003313711
Spirosoma pollinicola	2057025	S	17	0	17	0.0003313711
Bernardetia litoralis	999	S	17	0	17	0.0003313711
Gemmatimonas sp. TET16	2732249	S	17	0	17	0.0003313711
Acidovorax citrulli	80869	S	9	7	16	0.0003118787
Candidatus Symbiobacter mobilis	1436290	S	16	0	16	0.0003118787
Burkholderia glumae	337	S	12	4	16	0.0003118787
Pandoraea pulmonicola	93221	S	13	3	16	0.0003118787
Janthinobacterium sp. PLB02	2808899	S	6	10	16	0.0003118787
Thauera hydrothermalis	2184083	S	14	2	16	0.0003118787
Pseudomonas mendocina	300	S	14	2	16	0.0003118787
Pseudomonas alcaligenes	43263	S	12	4	16	0.0003118787
Pseudomonas viridiflava	33069	S	16	0	16	0.0003118787
Xanthomonas hortorum	56454	S	9	7	16	0.0003118787
Enterobacter hormaechei	158836	S	4	12	16	0.0003118787
Aeromonas sp. ASNIH1	1636606	S	2	14	16	0.0003118787
Tolumonas auensis	43948	S	13	3	16	0.0003118787
Cellvibrio sp. KY-YJ-3	454662	S	12	4	16	0.0003118787
Solimonas sp. K1W22B-7	2303331	S	15	1	16	0.0003118787
Bradyrhizobium paxllaeri	190148	S	14	2	16	0.0003118787
Bradyrhizobium japonicum	375	S	9	7	16	0.0003118787
Bosea vaviloviae	1526658	S	14	2	16	0.0003118787
Shinella sp. HZN7	879274	S	10	6	16	0.0003118787
Methylobacterium sp. 17Sr1-43	2202828	S	14	2	16	0.0003118787
Methylobacterium radiotolerans	31998	S	6	10	16	0.0003118787
Parvibaculum lavamentivorans	256618	S	10	6	16	0.0003118787
Sphingomonas insulae	424800	S	16	0	16	0.0003118787
Sphingomonas paucimobilis	13689	S	13	3	16	0.0003118787
Sphingomonas wittichii	160791	S	12	4	16	0.0003118787
Sphingobium sp. CAP-1	2676077	S	10	6	16	0.0003118787
Sphingobium sp. TKS	1315974	S	7	9	16	0.0003118787
Altererythrobacter sp. TH136	2067415	S	15	1	16	0.0003118787
Tsuneonella dongtanensis	692370	S	16	0	16	0.0003118787
Paracoccus sanguinis	1545044	S	14	2	16	0.0003118787
Campylobacter jejuni	197	S	5	11	16	0.0003118787
Melittangium boletus	83453	S	14	2	16	0.0003118787
Bdellovibrio bacteriovorus	959	S	14	2	16	0.0003118787
Microbacterium aurum	36805	S	13	3	16	0.0003118787
Rathayibacter festucae	110937	S	8	8	16	0.0003118787
Herbiconiux sp. SALV-R1	2735133	S	15	1	16	0.0003118787
Brevibacterium casei	33889	S	14	2	16	0.0003118787
Mycobacterium kubicae	120959	S	12	4	16	0.0003118787
Rhodococcus sp. YL-1	1045808	S	5	11	16	0.0003118787
Rhodococcus opacus	37919	S	13	3	16	0.0003118787
Micropruina glycogenica	75385	S	15	1	16	0.0003118787
Streptomyces sp. S1D4-20	2594462	S	1	15	16	0.0003118787
Streptomyces alfalfae	1642299	S	3	13	16	0.0003118787
Actinoplanes teichomyceticus	1867	S	14	2	16	0.0003118787
Actinomadura sp. WMMB 499	1219491	S	14	2	16	0.0003118787
Peribacillus simplex	1478	S	8	8	16	0.0003118787
Streptococcus salivarius	1304	S	11	5	16	0.0003118787
Blautia hansenii	1322	S	12	4	16	0.0003118787
Clostridium sp. DL-VIII	641107	S	16	0	16	0.0003118787
Clostridium isatidis	182773	S	15	1	16	0.0003118787
Massilistercora timonensis	2086584	S	11	5	16	0.0003118787
Dolichospermum sp. UHCC 0315A	1914871	S	3	13	16	0.0003118787
Flavobacterium pallidum	2172098	S	15	1	16	0.0003118787
Riemerella anatipestifer	34085	S	15	1	16	0.0003118787
Petrimonas mucosa	1642646	S	16	0	16	0.0003118787
Pedobacter sp. HDW13	2714940	S	15	1	16	0.0003118787
Mucilaginibacter sp. 14171R-50	2703789	S	16	0	16	0.0003118787
Caulifigura coniformis	2527983	S	16	0	16	0.0003118787
Natrialba magadii	13769	S	16	0	16	0.0003118787
Candidatus Nitrosotalea okcheonensis	1903276	S	16	0	16	0.0003118787
Flavobacterium phage vB_FspS_filifjonk9-1	2686245	S	3	13	16	0.0003118787
Paraburkholderia caribensis	75105	S	10	5	15	0.0002923863
Bordetella sp. N	1746199	S	14	1	15	0.0002923863
Bordetella genomosp. 13	463040	S	10	5	15	0.0002923863
Azoarcus sp. DN11	356837	S	11	4	15	0.0002923863
Thauera chlorobenzoica	96773	S	8	7	15	0.0002923863
Usitatibacter rugosus	2732067	S	14	1	15	0.0002923863
Stenotrophomonas acidaminiphila	128780	S	8	7	15	0.0002923863
Thermomonas carbonis	1463158	S	15	0	15	0.0002923863
Klebsiella quasipneumoniae	1463165	S	6	9	15	0.0002923863
Shigella flexneri	623	S	4	11	15	0.0002923863
Rheinheimera sp. LHK132	2498451	S	15	0	15	0.0002923863
Thiocystis violascens	73141	S	15	0	15	0.0002923863
Haemophilus parainfluenzae	729	S	14	1	15	0.0002923863
Legionella pneumophila	446	S	10	5	15	0.0002923863
Thiothrix unzii	111769	S	13	2	15	0.0002923863
Bradyrhizobium sp. SK17	2057741	S	11	4	15	0.0002923863
Bradyrhizobium oligotrophicum	44255	S	14	1	15	0.0002923863
Bradyrhizobium guangzhouense	1325095	S	9	6	15	0.0002923863
Sinorhizobium meliloti	382	S	14	1	15	0.0002923863
Aminobacter sp. SR38	2774562	S	3	12	15	0.0002923863
Devosia sp. A16	1736675	S	14	1	15	0.0002923863
Azorhizobium caulinodans	7	S	13	2	15	0.0002923863
Ochrobactrum sp. MT180101	2726427	S	4	11	15	0.0002923863
Sphingomonas sp. XS-10	2599297	S	15	0	15	0.0002923863
Sphingopyxis sp. PAMC25046	2565556	S	12	3	15	0.0002923863
Qipengyuania flava	192812	S	10	5	15	0.0002923863
Rhodovulum sp. P5	1564506	S	14	1	15	0.0002923863
Brevundimonas subvibrioides	74313	S	14	1	15	0.0002923863
Azospirillum brasilense	192	S	9	6	15	0.0002923863
Arcobacter peruensis	2320140	S	3	12	15	0.0002923863
Geobacter sulfurreducens	35554	S	13	2	15	0.0002923863
Microbacterium esteraromaticum	57043	S	13	2	15	0.0002923863
Leifsonia xyli	1575	S	12	3	15	0.0002923863
Rhodococcus aetherivorans	191292	S	2	13	15	0.0002923863
Gordonia terrae	2055	S	7	8	15	0.0002923863
Dietzia sp. oral taxon 368	712270	S	7	8	15	0.0002923863
Streptomyces hygroscopicus	1912	S	7	8	15	0.0002923863
Amycolatopsis albispora	1804986	S	12	3	15	0.0002923863
Ilumatobacter coccineus	467094	S	15	0	15	0.0002923863
Conexibacter woesei	191495	S	15	0	15	0.0002923863
Bacillus subtilis	1423	S	5	10	15	0.0002923863
Geminocystis sp. NIES-3709	1617448	S	12	3	15	0.0002923863
Geminocystis herdmanii	669359	S	12	3	15	0.0002923863
Flavobacterium sp. P2-65	2748320	S	14	1	15	0.0002923863
Flavobacterium alkalisoli	2602769	S	15	0	15	0.0002923863
Nonlabens sp. Hel1_33_55	1336802	S	14	1	15	0.0002923863
Chryseobacterium sp. POL2	2713414	S	12	3	15	0.0002923863
Chryseobacterium carnipullorum	1124835	S	12	3	15	0.0002923863
Kaistella jeonii	266749	S	15	0	15	0.0002923863
Chryseobacterium haifense	421525	S	7	8	15	0.0002923863
Cytophaga hutchinsonii	985	S	15	0	15	0.0002923863
Paraflavitalea soli	2315862	S	15	0	15	0.0002923863
Stieleria neptunia	2527979	S	14	1	15	0.0002923863
Polynucleobacter difficilis	556054	S	14	0	14	0.0002728938
Burkholderia gladioli	28095	S	13	1	14	0.0002728938
Cupriavidus oxalaticus	96344	S	11	3	14	0.0002728938
Azoarcus sp. KH32C	748247	S	13	1	14	0.0002728938
Denitratisoma sp. DHT3	1981880	S	9	5	14	0.0002728938
Methyloversatilis sp. RAC08	1842540	S	14	0	14	0.0002728938
Pseudomonas protegens	380021	S	13	1	14	0.0002728938
Acinetobacter sp. ACNIH2	1758189	S	10	4	14	0.0002728938
Acinetobacter lanii	2715163	S	14	0	14	0.0002728938
Enterobacter kobei	208224	S	3	11	14	0.0002728938
Pantoea agglomerans	549	S	13	1	14	0.0002728938
Providencia rettgeri	587	S	4	10	14	0.0002728938
Bradyrhizobium sp. CCBAU 051011	858422	S	13	1	14	0.0002728938
Bradyrhizobium icense	1274631	S	13	1	14	0.0002728938
Bosea sp. Tri-49	1867715	S	13	1	14	0.0002728938
Martelella sp. AD-3	686597	S	5	9	14	0.0002728938
Aureimonas sp. OT7	2816454	S	7	7	14	0.0002728938
Sphingomonas sp. FARSPH	2219696	S	10	4	14	0.0002728938
Sphingomonas sp. NIC1	1961362	S	8	6	14	0.0002728938
Sphingomonas hengshuiensis	1609977	S	14	0	14	0.0002728938
Sphingobium fuliginis	336203	S	4	10	14	0.0002728938
Novosphingobium pentaromativorans	205844	S	6	8	14	0.0002728938
Sphingopyxis alaskensis	117207	S	13	1	14	0.0002728938
Sphingopyxis fribergensis	1515612	S	12	2	14	0.0002728938
Novosphingopyxis sp. PB63	2762729	S	11	3	14	0.0002728938
Tsuneonella amylolytica	2338327	S	13	1	14	0.0002728938
Confluentimicrobium sp. EMB200-NS6	1609966	S	7	7	14	0.0002728938
Caulobacter mirabilis	69666	S	13	1	14	0.0002728938
Roseomonas sp. 546	2768162	S	14	0	14	0.0002728938
Roseomonas mucosa	207340	S	4	10	14	0.0002728938
Stigmatella aurantiaca	41	S	13	1	14	0.0002728938
Corallococcus macrosporus	35	S	7	7	14	0.0002728938
Mycolicibacterium boenickei	146017	S	5	9	14	0.0002728938
Rhodococcus sp. M8	1925550	S	5	9	14	0.0002728938
Cutibacterium avidum	33010	S	13	1	14	0.0002728938
Nocardioides sp. zg-579	2663857	S	11	3	14	0.0002728938
Nocardioides sambongensis	2589074	S	12	2	14	0.0002728938
Streptomyces griseochromogenes	68214	S	13	1	14	0.0002728938
Kitasatospora albolonga	68173	S	11	3	14	0.0002728938
Candidatus Nanopelagicus limnes	1884634	S	13	1	14	0.0002728938
Amycolatopsis sp. Hca4	2742131	S	12	2	14	0.0002728938
Pseudonocardia autotrophica	2074	S	12	2	14	0.0002728938
Bifidobacterium catenulatum	1686	S	12	2	14	0.0002728938
Lactococcus cremoris	1359	S	13	1	14	0.0002728938
Carnobacterium maltaromaticum	2751	S	13	1	14	0.0002728938
Clostridium pasteurianum	1501	S	14	0	14	0.0002728938
Megasphaera elsdenii	907	S	13	1	14	0.0002728938
Polaribacter sp. BM10	1529069	S	7	7	14	0.0002728938
Myroides profundi	480520	S	5	9	14	0.0002728938
Croceibacter atlanticus	313588	S	12	2	14	0.0002728938
Chryseobacterium sp. JV274	1932669	S	12	2	14	0.0002728938
Paludibacter propionicigenes	185300	S	14	0	14	0.0002728938
Pedobacter roseus	336820	S	12	2	14	0.0002728938
Mucilaginibacter gossypii	551996	S	11	3	14	0.0002728938
Adhaeribacter radiodurans	2745197	S	13	1	14	0.0002728938
Arachidicoccus soli	2341117	S	14	0	14	0.0002728938
Gemmata sp. SH-PL17	1630693	S	12	2	14	0.0002728938
Planctomyces sp. SH-PL14	1632864	S	14	0	14	0.0002728938
Rubinisphaera brasiliensis	119	S	13	1	14	0.0002728938
Candidatus Solibacter usitatus	332163	S	14	0	14	0.0002728938
Burkholderia stabilis	95485	S	8	5	13	0.0002534014
Cupriavidus campinensis	151783	S	10	3	13	0.0002534014
Cupriavidus pinatubonensis	248026	S	9	4	13	0.0002534014
Paraburkholderia fungorum	134537	S	11	2	13	0.0002534014
Paraburkholderia phytofirmans	261302	S	10	3	13	0.0002534014
Janthinobacterium lividum	29581	S	6	7	13	0.0002534014
Herminiimonas arsenitoxidans	1809410	S	11	2	13	0.0002534014
Achromobacter sp. MFA1 R4	1881016	S	11	2	13	0.0002534014
Oryzomicrobium terrae	1735038	S	12	1	13	0.0002534014
Methylotenera mobilis	359408	S	13	0	13	0.0002534014
Sterolibacterium denitrificans	157592	S	11	2	13	0.0002534014
Sulfuriferula plumbiphila	171865	S	12	1	13	0.0002534014
Pseudomonas psychrophila	122355	S	13	0	13	0.0002534014
Pseudomonas moraviensis	321662	S	11	2	13	0.0002534014
Acinetobacter sp. NEB149	2725684	S	4	9	13	0.0002534014
Acinetobacter haemolyticus	29430	S	10	3	13	0.0002534014
Acinetobacter schindleri	108981	S	9	4	13	0.0002534014
Citrobacter portucalensis	1639133	S	2	11	13	0.0002534014
Serratia sp. SSNIH1	1758196	S	1	12	13	0.0002534014
Candidatus Rickettsiella viridis	676208	S	13	0	13	0.0002534014
Methylomicrobium sp. wino1	2049332	S	8	5	13	0.0002534014
Bradyrhizobium sp. BTAi1	288000	S	12	1	13	0.0002534014
Bradyrhizobium vignae	1549949	S	11	2	13	0.0002534014
Rhizobium sp. S41	1869170	S	1	12	13	0.0002534014
Kaistia sp. 32K	2795690	S	11	2	13	0.0002534014
Mesorhizobium sp. N3	675281	S	11	2	13	0.0002534014
Labrys sp. KNU-23	2789216	S	13	0	13	0.0002534014
Xanthobacter sp. YN2	2528964	S	10	3	13	0.0002534014
Croceicoccus naphthovorans	1348774	S	5	8	13	0.0002534014
Rhodobacter capsulatus	1061	S	13	0	13	0.0002534014
Roseovarius indicus	540747	S	8	5	13	0.0002534014
Celeribacter indicus	1208324	S	7	6	13	0.0002534014
Phaeobacter inhibens	221822	S	9	4	13	0.0002534014
Roseomonas sp. FDAARGOS_362	2018065	S	5	8	13	0.0002534014
Aliarcobacter skirrowii	28200	S	11	2	13	0.0002534014
Corallococcus coralloides	184914	S	12	1	13	0.0002534014
Chondromyces crocatus	52	S	13	0	13	0.0002534014
Haliangium ochraceum	80816	S	13	0	13	0.0002534014
Microbacterium oxydans	82380	S	10	3	13	0.0002534014
Cnuibacter physcomitrellae	1619308	S	2	11	13	0.0002534014
Mycolicibacterium austroafricanum	39687	S	2	11	13	0.0002534014
Cutibacterium granulosum	33011	S	12	1	13	0.0002534014
Nocardioides sp. S-713	2760089	S	11	2	13	0.0002534014
Actinosynnema pretiosum	42197	S	7	6	13	0.0002534014
Brevibacillus laterosporus	1465	S	3	10	13	0.0002534014
Blautia argi	1912897	S	10	3	13	0.0002534014
Fischerella sp. NIES-3754	1752063	S	9	4	13	0.0002534014
Cyanobium sp. NIES-981	1851505	S	11	2	13	0.0002534014
Winogradskyella sp. PC-19	754417	S	10	3	13	0.0002534014
Cellulophaga baltica	76594	S	13	0	13	0.0002534014
Kaistella carnis	1241979	S	11	2	13	0.0002534014
Bacteroides sp. CACC 737	2755405	S	4	9	13	0.0002534014
Odoribacter splanchnicus	28118	S	13	0	13	0.0002534014
Olivibacter sp. SDN3	2764720	S	13	0	13	0.0002534014
Olivibacter sp. LS-1	2592345	S	3	10	13	0.0002534014
Spirosoma sp. KUDC1026	2745947	S	13	0	13	0.0002534014
Dyadobacter fermentans	94254	S	12	1	13	0.0002534014
Chitinophaga pinensis	79329	S	12	1	13	0.0002534014
Pseudobacter ginsenosidimutans	661488	S	13	0	13	0.0002534014
Panacibacter ginsenosidivorans	1813871	S	13	0	13	0.0002534014
Haliscomenobacter hydrossis	2350	S	13	0	13	0.0002534014
Pirellula sp. SH-Sr6A	1632865	S	13	0	13	0.0002534014
Aeoliella mucimassa	2527972	S	13	0	13	0.0002534014
Delftia sp. Cs1-4	742013	S	3	9	12	0.0002339090
Polynucleobacter sp. MWH-UH21B	1743174	S	11	1	12	0.0002339090
Burkholderia ambifaria	152480	S	6	6	12	0.0002339090
Paraburkholderia acidiphila	2571747	S	11	1	12	0.0002339090
Undibacterium parvum	401471	S	11	1	12	0.0002339090
Noviherbaspirillum sp. UKPF54	2601898	S	11	1	12	0.0002339090
Achromobacter denitrificans	32002	S	7	5	12	0.0002339090
Bordetella hinzii	103855	S	10	2	12	0.0002339090
Bordetella petrii	94624	S	6	6	12	0.0002339090
Orrella dioscoreae	1851544	S	10	2	12	0.0002339090
Sulfurimicrobium lacus	2715678	S	12	0	12	0.0002339090
Thiobacillus denitrificans	36861	S	12	0	12	0.0002339090
Casimicrobium huifangae	2591109	S	10	2	12	0.0002339090
Azotobacter chroococcum	353	S	9	3	12	0.0002339090
Acinetobacter sp. NCu2D-2	1608473	S	11	1	12	0.0002339090
Pseudoxanthomonas mexicana	128785	S	9	3	12	0.0002339090
Arenimonas daejeonensis	370777	S	12	0	12	0.0002339090
Klebsiella oxytoca	571	S	8	4	12	0.0002339090
Yersinia pestis	632	S	4	8	12	0.0002339090
Halomonas socia	1081866	S	12	0	12	0.0002339090
Bosea sp. ANAM02	2020412	S	10	2	12	0.0002339090
Bosea sp. F3-2	2599640	S	10	2	12	0.0002339090
Variibacter gotjawalensis	1333996	S	12	0	12	0.0002339090
Rhizobium sp. BG4	2613770	S	11	1	12	0.0002339090
Mesorhizobium amorphae	71433	S	10	2	12	0.0002339090
Methylobacterium brachiatum	269660	S	10	2	12	0.0002339090
Microvirga sp. VF16	2807101	S	11	1	12	0.0002339090
Devosia sp. LEGU1	2774137	S	12	0	12	0.0002339090
Devosia ginsengisoli	400770	S	11	1	12	0.0002339090
Ancylobacter sp. TS-1	1850374	S	9	3	12	0.0002339090
Brucella anthropi	529	S	3	9	12	0.0002339090
Sphingomonas sp. DH-S5	2759526	S	12	0	12	0.0002339090
Sphingomonas sp. KC8	1030157	S	10	2	12	0.0002339090
Sphingobium sp. SCG-1	2072936	S	12	0	12	0.0002339090
Sphingobium herbicidovorans	76947	S	7	5	12	0.0002339090
Sphingobium baderi	1332080	S	5	7	12	0.0002339090
Sphingopyxis sp. 113P3	292913	S	9	3	12	0.0002339090
Sphingopyxis sp. FD7	1914525	S	9	3	12	0.0002339090
Erythrobacter mangrovi	2739433	S	10	2	12	0.0002339090
Paracoccus liaowanqingii	2560053	S	12	0	12	0.0002339090
Roseovarius sp. TM1035	391613	S	5	7	12	0.0002339090
Brevundimonas sp. MF30-B	2561924	S	12	0	12	0.0002339090
Azospirillum lipoferum	193	S	8	4	12	0.0002339090
Arcobacter ellisii	913109	S	10	2	12	0.0002339090
Anaeromyxobacter dehalogenans	161493	S	8	4	12	0.0002339090
Microbacterium sp. BH-3-3-3	1906742	S	11	1	12	0.0002339090
Microbacterium sp. str. 'China'	2103230	S	1	11	12	0.0002339090
Rathayibacter sp. VKM Ac-2801	2609255	S	4	8	12	0.0002339090
Mycolicibacterium smegmatis	1772	S	11	1	12	0.0002339090
Mycobacteroides abscessus	36809	S	7	5	12	0.0002339090
Corynebacterium tuberculostearicum	38304	S	8	4	12	0.0002339090
Corynebacterium jeikeium	38289	S	4	8	12	0.0002339090
Nocardioides euryhalodurans	2518370	S	11	1	12	0.0002339090
Frankia inefficax	298654	S	12	0	12	0.0002339090
Streptococcus agalactiae	1311	S	2	10	12	0.0002339090
Enterococcus faecium	1352	S	7	5	12	0.0002339090
Blautia producta	33035	S	9	3	12	0.0002339090
Lacrimispora saccharolytica	84030	S	9	3	12	0.0002339090
Clostridium butyricum	1492	S	12	0	12	0.0002339090
Planktothrix rubescens	59512	S	4	8	12	0.0002339090
Cyanobacterium aponinum	379064	S	9	3	12	0.0002339090
Sphaerospermopsis kisseleviana	289435	S	11	1	12	0.0002339090
Scytonema sp. NIES-4073	2005464	S	7	5	12	0.0002339090
Polaribacter sejongensis	985043	S	11	1	12	0.0002339090
Polaribacter vadi	1774273	S	11	1	12	0.0002339090
Myroides phaeus	702745	S	9	3	12	0.0002339090
Aquimarina sp. BL5	1714860	S	11	1	12	0.0002339090
Lacinutrix sp. WUR7	2653681	S	10	2	12	0.0002339090
Tamlana carrageenivorans	2069432	S	9	3	12	0.0002339090
Flavivirga eckloniae	1803846	S	12	0	12	0.0002339090
Sphingobacterium sp. G1-14	2003121	S	4	8	12	0.0002339090
Sphingobacterium psychroaquaticum	561061	S	12	0	12	0.0002339090
Sphingobacterium daejeonense	371142	S	11	1	12	0.0002339090
Spirosoma sp. KCTC 42546	2520506	S	12	0	12	0.0002339090
Runella sp. HYN0085	2259595	S	10	2	12	0.0002339090
Runella slithyformis	106	S	10	2	12	0.0002339090
Belliella baltica	232259	S	11	1	12	0.0002339090
Pirellula staleyi	125	S	12	0	12	0.0002339090
Paludisphaera borealis	1387353	S	10	2	12	0.0002339090
Phycisphaera mikurensis	547188	S	12	0	12	0.0002339090
Luteitalea pratensis	1855912	S	12	0	12	0.0002339090
Paraburkholderia megapolitana	420953	S	11	0	11	0.0002144166
Herbaspirillum huttiense	863372	S	8	3	11	0.0002144166
Achromobacter sp. B7	2282475	S	10	1	11	0.0002144166
Pigmentiphaga sp. H8	2488560	S	11	0	11	0.0002144166
Azospira oryzae	146939	S	6	5	11	0.0002144166
Neisseria brasiliensis	2666100	S	8	3	11	0.0002144166
Denitratisoma oestradiolicum	311182	S	11	0	11	0.0002144166
Sulfuritortus calidifontis	1914471	S	9	2	11	0.0002144166
Pseudomonas orientalis	76758	S	10	1	11	0.0002144166
Pseudomonas synxantha	47883	S	7	4	11	0.0002144166
Pseudomonas knackmussii	65741	S	10	1	11	0.0002144166
Pseudomonas yamanorum	515393	S	10	1	11	0.0002144166
Acinetobacter piscicola	2006115	S	8	3	11	0.0002144166
Psychrobacter sp. P11F6	1699621	S	10	1	11	0.0002144166
Xanthomonas translucens	343	S	9	2	11	0.0002144166
Lysobacter sp. TY2-98	2290922	S	11	0	11	0.0002144166
Rhodanobacter denitrificans	666685	S	10	1	11	0.0002144166
Dokdonella koreensis	323415	S	11	0	11	0.0002144166
Ahniella affigens	2021234	S	11	0	11	0.0002144166
Enterobacter cloacae	550	S	5	6	11	0.0002144166
Escherichia marmotae	1499973	S	10	1	11	0.0002144166
Leclercia adecarboxylata	83655	S	5	6	11	0.0002144166
Serratia plymuthica	82996	S	10	1	11	0.0002144166
Cobetia sp. cqz5-12	2609415	S	8	3	11	0.0002144166
Glaciecola amylolytica	2489595	S	11	0	11	0.0002144166
Thiothrix sp.	1032	S	10	1	11	0.0002144166
Beggiatoa leptomitoformis	288004	S	11	0	11	0.0002144166
Bradyrhizobium sp. ORS 285	115808	S	10	1	11	0.0002144166
Bradyrhizobium sp. 1(2017)	1404888	S	9	2	11	0.0002144166
Bradyrhizobium sp. TM102	2599819	S	1	10	11	0.0002144166
Bradyrhizobium genosp. L	83637	S	10	1	11	0.0002144166
Bradyrhizobium symbiodeficiens	1404367	S	9	2	11	0.0002144166
Nitrobacter winogradskyi	913	S	10	1	11	0.0002144166
Agrobacterium fabacearum	1183401	S	3	8	11	0.0002144166
Agrobacterium vitis	373	S	11	0	11	0.0002144166
Agrobacterium rhizogenes	359	S	6	5	11	0.0002144166
Sinorhizobium sp. RAC02	1842534	S	10	1	11	0.0002144166
Shinella sp. PSBB067	2715959	S	7	4	11	0.0002144166
Mesorhizobium sp. M7A.F.Ce.TU.012.03.2.1	2493681	S	9	2	11	0.0002144166
Aminobacter sp. MSH1	374606	S	7	4	11	0.0002144166
Methylobacterium nodulans	114616	S	11	0	11	0.0002144166
Methylobacterium currus	2051553	S	9	2	11	0.0002144166
Microvirga ossetica	1882682	S	10	1	11	0.0002144166
Devosia sp. S02	2657486	S	10	1	11	0.0002144166
Aquabacter sp. L1I39	2820278	S	10	1	11	0.0002144166
Pseudolabrys sp. FHR47	2562284	S	10	1	11	0.0002144166
Nordella sp. HKS 07	2712222	S	11	0	11	0.0002144166
Sphingomonas sp. AP4-R1	2735134	S	11	0	11	0.0002144166
Sphingobium chlorophenolicum	46429	S	8	3	11	0.0002144166
Novosphingobium sp. Gsoil 351	2675225	S	11	0	11	0.0002144166
Sphingorhabdus sp. M41	1806885	S	11	0	11	0.0002144166
Sphingosinicella sp. BN140058	1892855	S	11	0	11	0.0002144166
Paracoccus zhejiangensis	1077935	S	9	2	11	0.0002144166
Paracoccus mutanolyticus	1499308	S	5	6	11	0.0002144166
Rhodobacter sp. CZR27	2033869	S	10	1	11	0.0002144166
Sulfitobacter pseudonitzschiae	1402135	S	9	2	11	0.0002144166
Ketogulonicigenium vulgare	92945	S	7	4	11	0.0002144166
Mameliella alba	561184	S	9	2	11	0.0002144166
Yoonia vestfoldensis	245188	S	8	3	11	0.0002144166
Haematobacter massiliensis	195105	S	7	4	11	0.0002144166
Brevirhabdus pacifica	1267768	S	6	5	11	0.0002144166
Dinoroseobacter shibae	215813	S	6	5	11	0.0002144166
Brevundimonas sp. CS1	2813778	S	7	4	11	0.0002144166
Komagataeibacter xylinus	28448	S	6	5	11	0.0002144166
Arcobacter aquimarinus	1315211	S	8	3	11	0.0002144166
Archangium gephyra	48	S	10	1	11	0.0002144166
Persicimonas caeni	2292766	S	11	0	11	0.0002144166
Microbacterium sp. A18JL241	2782166	S	10	1	11	0.0002144166
Microbacterium sp. TPU 3598	1938334	S	9	2	11	0.0002144166
Microbacterium sp. Y-01	2048898	S	8	3	11	0.0002144166
Plantibacter sp. M259	2583822	S	9	2	11	0.0002144166
Dermacoccus sp. PAMC28757	2762331	S	10	1	11	0.0002144166
Janibacter melonis	262209	S	10	1	11	0.0002144166
Janibacter sp. YB324	2761047	S	7	4	11	0.0002144166
Mycolicibacterium litorale	758802	S	10	1	11	0.0002144166
Mycolicibacterium aichiense	1799	S	10	1	11	0.0002144166
Rhodococcus sp. MTM3W5.2	1805827	S	10	1	11	0.0002144166
Corynebacterium sp. FDAARGOS 1242	2778078	S	3	8	11	0.0002144166
Corynebacterium kroppenstedtii	161879	S	11	0	11	0.0002144166
Gordonia polyisoprenivorans	84595	S	11	0	11	0.0002144166
Tsukamurella paurometabola	2061	S	9	2	11	0.0002144166
Tsukamurella tyrosinosolvens	57704	S	8	3	11	0.0002144166
Microlunatus soli	630515	S	11	0	11	0.0002144166
Acidipropionibacterium acidipropionici	1748	S	10	1	11	0.0002144166
Streptomyces katrae	68223	S	10	1	11	0.0002144166
Streptomyces olivaceus	47716	S	5	6	11	0.0002144166
Amycolatopsis mediterranei	33910	S	11	0	11	0.0002144166
Kibdelosporangium phytohabitans	860235	S	11	0	11	0.0002144166
Actinomadura sp. WMMA1423	2591108	S	10	1	11	0.0002144166
Schaalia sp. JY-X169	2758572	S	11	0	11	0.0002144166
Geodermatophilus obscurus	1861	S	10	1	11	0.0002144166
Paenibacillus sp. JNUCC-31	2777983	S	10	1	11	0.0002144166
Enterocloster clostridioformis	1531	S	4	7	11	0.0002144166
Clostridium saccharoperbutylacetonicum	36745	S	11	0	11	0.0002144166
Nostoc carneum	374162	S	5	6	11	0.0002144166
Dactylococcopsis salina	292566	S	7	4	11	0.0002144166
Candidatus Promineofilum breve	1806508	S	11	0	11	0.0002144166
Capnocytophaga canimorsus	28188	S	10	1	11	0.0002144166
Capnocytophaga cynodegmi	28189	S	10	1	11	0.0002144166
Winogradskyella helgolandensis	2697010	S	10	1	11	0.0002144166
Myroides odoratus	256	S	10	1	11	0.0002144166
Tenacibaculum jejuense	584609	S	11	0	11	0.0002144166
Maribacter sp. T28	1836467	S	11	0	11	0.0002144166
Lacinutrix sp. 5H-3-7-4	983544	S	8	3	11	0.0002144166
Antarcticibacterium arcticum	2585771	S	11	0	11	0.0002144166
Salegentibacter sp. T436	1729720	S	6	5	11	0.0002144166
Wenyingzhuangia fucanilytica	1790137	S	10	1	11	0.0002144166
Amniculibacterium sp. G2-70	2767188	S	7	4	11	0.0002144166
Candidatus Sulcia muelleri	336810	S	11	0	11	0.0002144166
Pedobacter sp. JBR3-12	2789740	S	11	0	11	0.0002144166
Pedobacter steynii	430522	S	11	0	11	0.0002144166
Mucilaginibacter mali	2740462	S	11	0	11	0.0002144166
Sphingobacterium siyangense	459529	S	5	6	11	0.0002144166
Pseudopedobacter saltans	151895	S	9	2	11	0.0002144166
Arcticibacterium luteifluviistationis	1784714	S	11	0	11	0.0002144166
Burkholderia sp. KBS0801	1179675	S	3	7	10	0.0001949242
Janthinobacterium sp. Marseille	375286	S	8	2	10	0.0001949242
Herbaspirillum hiltneri	341045	S	9	1	10	0.0001949242
Glaciimonas sp. PAMC28666	2807626	S	10	0	10	0.0001949242
Bordetella sp. H567	1697043	S	10	0	10	0.0001949242
Alcaligenes faecalis	511	S	8	2	10	0.0001949242
Azospira sp. I09	1765049	S	4	6	10	0.0001949242
Neisseria gonorrhoeae	485	S	6	4	10	0.0001949242
Gallionella capsiferriformans	370405	S	10	0	10	0.0001949242
Pseudomonas sp. LG1E9	2219057	S	9	1	10	0.0001949242
Pseudomonas monteilii	76759	S	6	4	10	0.0001949242
Pseudomonas brenneri	129817	S	9	1	10	0.0001949242
Pseudomonas asturiensis	1190415	S	10	0	10	0.0001949242
Acinetobacter radioresistens	40216	S	9	1	10	0.0001949242
Psychrobacter arcticus	334543	S	9	1	10	0.0001949242
Stenotrophomonas sp. CW117	2775920	S	1	9	10	0.0001949242
Xanthomonas oryzae	347	S	10	0	10	0.0001949242
Xanthomonas sacchari	56458	S	9	1	10	0.0001949242
Lysobacter solisilvae	2763317	S	10	0	10	0.0001949242
Lysobacter oculi	2698682	S	9	1	10	0.0001949242
Rhodanobacter sp. FDAARGOS 1247	2778082	S	9	1	10	0.0001949242
Serratia fonticola	47917	S	9	1	10	0.0001949242
Serratia ureilytica	300181	S	1	9	10	0.0001949242
Mixta gaviniae	665914	S	7	3	10	0.0001949242
Halomonas campisalis	74661	S	1	9	10	0.0001949242
Alteromonas mediterranea	314275	S	9	1	10	0.0001949242
Vibrio parahaemolyticus	670	S	8	2	10	0.0001949242
Vibrio vulnificus	672	S	9	1	10	0.0001949242
Glaesserella parasuis	738	S	9	1	10	0.0001949242
Legionella oakridgensis	29423	S	10	0	10	0.0001949242
Methylomonas sp. DH-1	1727196	S	3	7	10	0.0001949242
Methylovulum psychrotolerans	1704499	S	10	0	10	0.0001949242
Immundisolibacter cernigliae	1810504	S	10	0	10	0.0001949242
Bradyrhizobium sp. ORS 278	114615	S	9	1	10	0.0001949242
Bradyrhizobium sp. 6(2017)	1197460	S	9	1	10	0.0001949242
Bradyrhizobium sp. CCBAU 53340	1325112	S	6	4	10	0.0001949242
Bradyrhizobium guangxiense	1325115	S	6	4	10	0.0001949242
Bradyrhizobium ottawaense	931866	S	1	9	10	0.0001949242
Rhizobium lusitanum	293958	S	10	0	10	0.0001949242
Ensifer sojae	716925	S	6	4	10	0.0001949242
Mesorhizobium sp. Pch-S	2082387	S	9	1	10	0.0001949242
Mesorhizobium sp. M1B.F.Ca.ET.045.04.1.1	2493673	S	8	2	10	0.0001949242
Devosia sp. G19	2801335	S	9	1	10	0.0001949242
Stappia indica	538381	S	9	1	10	0.0001949242
Chelatococcus daeguensis	444444	S	8	2	10	0.0001949242
Sphingomonas sp. LMO-1	2681549	S	10	0	10	0.0001949242
Sphingomonas sp. HDW15C	2714944	S	10	0	10	0.0001949242
Sphingomonas sp. NBWT7	2596913	S	9	1	10	0.0001949242
Sphingomonas sp. LK11	1390395	S	9	1	10	0.0001949242
Sphingomonas taxi	1549858	S	10	0	10	0.0001949242
Sphingobium sp. RAC03	1843368	S	9	1	10	0.0001949242
Sphingopyxis sp. OPL5	2486273	S	9	1	10	0.0001949242
Sphingopyxis sp. QXT-31	1357916	S	8	2	10	0.0001949242
Blastomonas fulva	1550728	S	4	6	10	0.0001949242
Tardibacter chloracetimidivorans	1921510	S	6	4	10	0.0001949242
Erythrobacter sp. A30-3	2785907	S	6	4	10	0.0001949242
Altererythrobacter sp. B11	2060312	S	8	2	10	0.0001949242
Ruegeria pomeroyi	89184	S	10	0	10	0.0001949242
Sagittula sp. P11	2009329	S	5	5	10	0.0001949242
Brevundimonas sp. DS20	1532555	S	3	7	10	0.0001949242
Azospirillum thermophilum	2202148	S	9	1	10	0.0001949242
Azospirillum thiophilum	528244	S	8	2	10	0.0001949242
Azospirillum ramasamyi	682998	S	7	3	10	0.0001949242
Azospirillum baldaniorum	1064539	S	4	6	10	0.0001949242
Magnetospirillum gryphiswaldense	55518	S	10	0	10	0.0001949242
Hypericibacter terrae	2602015	S	9	1	10	0.0001949242
Lichenicola cladoniae	1484109	S	10	0	10	0.0001949242
Phreatobacter cathodiphilus	1868589	S	9	1	10	0.0001949242
Pseudoarcobacter acticola	1849015	S	10	0	10	0.0001949242
Cystobacter fuscus	43	S	9	1	10	0.0001949242
Anaeromyxobacter sp. Fw109-5	404589	S	10	0	10	0.0001949242
Geobacter sp. DSM 9736	1277350	S	10	0	10	0.0001949242
Geoalkalibacter subterraneus	483547	S	8	2	10	0.0001949242
Desulfovibrio vulgaris	881	S	10	0	10	0.0001949242
Desulfolutivibrio sulfoxidireducens	2773299	S	9	1	10	0.0001949242
Bdellovibrio sp. KM01	2748865	S	7	3	10	0.0001949242
Microbacterium oleivorans	273677	S	9	1	10	0.0001949242
Microbacterium wangchenii	2541726	S	9	1	10	0.0001949242
Rathayibacter sp. VKM Ac-2759	2609252	S	8	2	10	0.0001949242
Leifsonia sp. 21MFCrub1.1	1798223	S	5	5	10	0.0001949242
Arthrobacter alpinus	656366	S	6	4	10	0.0001949242
Paenarthrobacter sp. YJN-D	2735317	S	7	3	10	0.0001949242
Brevibacterium sp. PAMC23299	2762330	S	1	9	10	0.0001949242
Serinicoccus marinus	247333	S	9	1	10	0.0001949242
Mycolicibacterium mageritense	53462	S	10	0	10	0.0001949242
Mycolicibacterium rutilum	370526	S	9	1	10	0.0001949242
Nocardia farcinica	37329	S	7	3	10	0.0001949242
Gordonia sp. 1D	1737359	S	1	9	10	0.0001949242
Nocardioides sp. WS12	2486272	S	10	0	10	0.0001949242
Nocardioides sp. CF8	110319	S	9	1	10	0.0001949242
Nocardioides sp. S5	2017486	S	8	2	10	0.0001949242
Streptomyces griseocarneus	51201	S	9	1	10	0.0001949242
Streptomyces autolyticus	75293	S	3	7	10	0.0001949242
Pseudonocardia sp. AL041005-10	445576	S	7	3	10	0.0001949242
Pseudonocardia dioxanivorans	240495	S	9	1	10	0.0001949242
Micromonospora craniellae	2294034	S	9	1	10	0.0001949242
Micromonospora inositola	47865	S	8	2	10	0.0001949242
Actinoplanes sp. OR16	946334	S	5	5	10	0.0001949242
Actinomadura sp. NAK00032	2742128	S	8	2	10	0.0001949242
Actinomadura verrucosospora	46165	S	8	2	10	0.0001949242
Bacillus velezensis	492670	S	3	7	10	0.0001949242
Latilactobacillus curvatus	28038	S	9	1	10	0.0001949242
Lactiplantibacillus plantarum	1590	S	3	7	10	0.0001949242
Enterococcus faecalis	1351	S	9	1	10	0.0001949242
Lachnospira eligens	39485	S	10	0	10	0.0001949242
Clostridium diolis	223919	S	2	8	10	0.0001949242
Acetivibrio clariflavus	288965	S	7	3	10	0.0001949242
Veillonella parvula	29466	S	10	0	10	0.0001949242
Tissierellia sp. JN-28	2507161	S	10	0	10	0.0001949242
Calothrix parasitica	1973486	S	10	0	10	0.0001949242
Rivularia sp. PCC 7116	373994	S	10	0	10	0.0001949242
Pseudanabaena sp. ABRG5-3	685565	S	10	0	10	0.0001949242
Chamaesiphon minutus	1173032	S	10	0	10	0.0001949242
Stanieria cyanosphaera	102116	S	7	3	10	0.0001949242
Cellulophaga lytica	979	S	9	1	10	0.0001949242
Maribacter cobaltidurans	1178778	S	6	4	10	0.0001949242
Formosa sp. L2A11	2686363	S	9	1	10	0.0001949242
Antarcticibacterium flavum	2058175	S	9	1	10	0.0001949242
Aequorivita sublithincola	101385	S	10	0	10	0.0001949242
Psychroflexus torquis	57029	S	10	0	10	0.0001949242
Psychroflexus sp. ALD_RP9	2777186	S	10	0	10	0.0001949242
Mariniflexile sp. TRM1-10	2027857	S	10	0	10	0.0001949242
Gillisia sp. Hel1_33_143	1336796	S	8	2	10	0.0001949242
Chryseobacterium shandongense	1493872	S	7	3	10	0.0001949242
Chryseobacterium manosquense	2754694	S	4	6	10	0.0001949242
Bacteroides eggerthii	28111	S	9	1	10	0.0001949242
Phocaeicola coprophilus	387090	S	8	2	10	0.0001949242
Parabacteroides goldsteinii	328812	S	10	0	10	0.0001949242
Alistipes finegoldii	214856	S	9	1	10	0.0001949242
Butyricimonas faecalis	2093856	S	8	2	10	0.0001949242
Mucilaginibacter ginkgonis	2682091	S	10	0	10	0.0001949242
Sphingobacterium spiritivorum	258	S	8	2	10	0.0001949242
Runella sp. SP2	2268026	S	10	0	10	0.0001949242
Hymenobacter oligotrophus	2319843	S	10	0	10	0.0001949242
Hymenobacter busanensis	2607656	S	10	0	10	0.0001949242
Flammeovirga pectinis	2494373	S	9	1	10	0.0001949242
Chryseolinea soli	2321403	S	10	0	10	0.0001949242
Chlorobium chlorochromatii	337090	S	10	0	10	0.0001949242
Stieleria maiorica	2795974	S	8	2	10	0.0001949242
Gimesia chilikensis	2605989	S	8	2	10	0.0001949242
Alienimonas californiensis	2527989	S	10	0	10	0.0001949242
Acidobacterium sp. 4Y35	2763107	S	10	0	10	0.0001949242
Delftia sp. HK171	1920191	S	2	7	9	0.0001754318
Burkholderia contaminans	488447	S	6	3	9	0.0001754318
Burkholderia sp. PAMC 28687	1795874	S	3	6	9	0.0001754318
Cupriavidus neocaledonicus	1040979	S	6	3	9	0.0001754318
Cupriavidus sp. USMAA2-4	876364	S	2	7	9	0.0001754318
Pandoraea thiooxydans	445709	S	9	0	9	0.0001754318
Pandoraea sp. XY-2	2518599	S	7	2	9	0.0001754318
Pandoraea pnomenusa	93220	S	6	3	9	0.0001754318
Lautropia mirabilis	47671	S	9	0	9	0.0001754318
Limnobacter sp. SAORIC-580	2732163	S	9	0	9	0.0001754318
Achromobacter sp. AONIH1	1758194	S	5	4	9	0.0001754318
Bordetella genomosp. 8	1416806	S	9	0	9	0.0001754318
Bordetella genomosp. 9	1416803	S	8	1	9	0.0001754318
Alcaligenes aquatilis	323284	S	3	6	9	0.0001754318
Pusillimonas thiosulfatoxidans	2028345	S	9	0	9	0.0001754318
Aromatoleum petrolei	76116	S	7	2	9	0.0001754318
Jeongeupia sp. USM3	1906741	S	9	0	9	0.0001754318
Microvirgula aerodenitrificans	57480	S	9	0	9	0.0001754318
Chitinibacter sp. 2T18	2739434	S	6	3	9	0.0001754318
Sideroxydans lithotrophicus	63745	S	9	0	9	0.0001754318
Pseudomonas sp. S09G 359	2054919	S	8	1	9	0.0001754318
Pseudomonas plecoglossicida	70775	S	6	3	9	0.0001754318
Pseudomonas azotoformans	47878	S	7	2	9	0.0001754318
Acinetobacter seifertii	1530123	S	7	2	9	0.0001754318
Acinetobacter equi	1324350	S	9	0	9	0.0001754318
Acinetobacter guillouiae	106649	S	8	1	9	0.0001754318
Acinetobacter towneri	202956	S	4	5	9	0.0001754318
Psychrobacter sp. DAB_AL43B	1028416	S	9	0	9	0.0001754318
Psychrobacter sp. G	571800	S	3	6	9	0.0001754318
Pseudoxanthomonas spadix	415229	S	8	1	9	0.0001754318
Dyella sp. G9	2763498	S	8	1	9	0.0001754318
Klebsiella aerogenes	548	S	8	1	9	0.0001754318
Kluyvera intermedia	61648	S	7	2	9	0.0001754318
Yersinia enterocolitica	630	S	7	2	9	0.0001754318
Thermochromatium tepidum	1050	S	9	0	9	0.0001754318
Sulfurivermis fontis	1972068	S	8	1	9	0.0001754318
Aeromonas veronii	654	S	7	2	9	0.0001754318
Halioglobus japonicus	930805	S	9	0	9	0.0001754318
Piscirickettsia salmonis	1238	S	9	0	9	0.0001754318
Steroidobacter denitrificans	465721	S	8	1	9	0.0001754318
Bradyrhizobium sp. CCBAU 51753	1325100	S	8	1	9	0.0001754318
Bradyrhizobium sp. CCBAU 53338	1325111	S	5	4	9	0.0001754318
Bradyrhizobium sp. LCT2	2493093	S	2	7	9	0.0001754318
Bosea sp. AS-1	2015316	S	8	1	9	0.0001754318
Rhizobium sp. 11515TR	2028343	S	9	0	9	0.0001754318
Agrobacterium rubi	28099	S	8	1	9	0.0001754318
Mesorhizobium sp. M1E.F.Ca.ET.045.02.1.1	2493672	S	7	2	9	0.0001754318
Mesorhizobium sp. M7D.F.Ca.US.005.01.1.1	2493678	S	7	2	9	0.0001754318
Mesorhizobium oceanicum	1670800	S	8	1	9	0.0001754318
Nitratireductor sp. SY7	2599600	S	8	1	9	0.0001754318
Phyllobacterium zundukense	1867719	S	8	1	9	0.0001754318
Methylobacterium sp. 4-46	426117	S	9	0	9	0.0001754318
Methylobacterium sp. 17Sr1-1	2202826	S	8	1	9	0.0001754318
Methylobacterium mesophilicum	39956	S	9	0	9	0.0001754318
Methylobacterium oryzae	334852	S	1	8	9	0.0001754318
Hyphomicrobium nitrativorans	1427356	S	9	0	9	0.0001754318
Paradevosia shaoguanensis	1335043	S	3	6	9	0.0001754318
Martelella mediterranea	293089	S	7	2	9	0.0001754318
Bartonella sp. WD16.2	1933904	S	3	6	9	0.0001754318
Sphingomonas sp. LM7	1938607	S	9	0	9	0.0001754318
Sphingomonas sp. C33	2698679	S	9	0	9	0.0001754318
Sphingomonas xanthus	2594473	S	9	0	9	0.0001754318
Sphingobium sp. EP60837	1855519	S	8	1	9	0.0001754318
Sphingobium sp. RSMS	520734	S	2	7	9	0.0001754318
Sphingosinithalassobacter sp. CS137	2762748	S	9	0	9	0.0001754318
Sphingosinithalassobacter sp. zrk23	2711215	S	8	1	9	0.0001754318
Erythrobacter sp. KY5	2011159	S	9	0	9	0.0001754318
Aurantiacibacter atlanticus	1648404	S	6	3	9	0.0001754318
Paraurantiacibacter namhicola	645517	S	9	0	9	0.0001754318
Leisingera aquaemixtae	1396826	S	8	1	9	0.0001754318
Pelagibaca abyssi	1250539	S	6	3	9	0.0001754318
Brevundimonas naejangsanensis	588932	S	8	1	9	0.0001754318
Asticcacaulis excentricus	78587	S	9	0	9	0.0001754318
Azospirillum sp. TSA2s	709810	S	5	4	9	0.0001754318
Magnetospirillum magneticum	84159	S	8	1	9	0.0001754318
Skermanella pratensis	2233999	S	7	2	9	0.0001754318
Phreatobacter stygius	1940610	S	9	0	9	0.0001754318
Candidatus Fonsibacter ubiquis	1925548	S	9	0	9	0.0001754318
[Arcobacter] porcinus	1935204	S	8	1	9	0.0001754318
Campylobacter concisus	199	S	9	0	9	0.0001754318
Myxococcus stipitatus	83455	S	8	1	9	0.0001754318
Anaeromyxobacter sp. K	447217	S	2	7	9	0.0001754318
Geobacter sp. SVR	2495594	S	9	0	9	0.0001754318
Desulfovibrio desulfuricans	876	S	8	1	9	0.0001754318
Microbacterium sp. Se63.02b	2709304	S	7	2	9	0.0001754318
Plantibacter flavus	150123	S	8	1	9	0.0001754318
Salinibacterium sp. ZJ70	2708084	S	8	1	9	0.0001754318
Frondihabitans sp. PAMC 28766	1795630	S	9	0	9	0.0001754318
Protaetiibacter intestinalis	2419774	S	8	1	9	0.0001754318
Chryseoglobus sp. 28M-23	2772253	S	3	6	9	0.0001754318
Mycolicibacterium helvum	1534349	S	9	0	9	0.0001754318
Mycolicibacterium mucogenicum	56689	S	8	1	9	0.0001754318
Mycobacterium shigaense	722731	S	9	0	9	0.0001754318
Mycobacterium gordonae	1778	S	9	0	9	0.0001754318
Nocardia cyriacigeorgica	135487	S	7	2	9	0.0001754318
Corynebacterium urealyticum	43771	S	6	3	9	0.0001754318
Nocardioides sp. zg-1228	2763008	S	8	1	9	0.0001754318
Nocardioides dokdonensis	450734	S	7	2	9	0.0001754318
Kribbella flavida	182640	S	8	1	9	0.0001754318
Streptomyces sp. SirexAA-E	862751	S	8	1	9	0.0001754318
Streptomyces sp. endophyte_N2	2153485	S	3	6	9	0.0001754318
Streptomyces albus	1888	S	9	0	9	0.0001754318
Streptomyces phaeolivaceus	2653200	S	9	0	9	0.0001754318
Streptomyces tirandamycinicus	2174846	S	8	1	9	0.0001754318
Streptomyces ficellus	1977088	S	8	1	9	0.0001754318
Streptomyces seoulensis	73044	S	8	1	9	0.0001754318
Streptomyces murinus	33900	S	3	6	9	0.0001754318
Kitasatospora sp. NA04385	2742135	S	8	1	9	0.0001754318
Kitasatospora aureofaciens	1894	S	2	7	9	0.0001754318
Amycolatopsis sp. AA4	1896961	S	9	0	9	0.0001754318
Amycolatopsis sp. FDAARGOS 1241	2778070	S	9	0	9	0.0001754318
Pseudonocardia sp. HH130629-09	1641402	S	4	5	9	0.0001754318
Pseudonocardia broussonetiae	2736640	S	8	1	9	0.0001754318
Actinoalloteichus fjordicus	1612552	S	1	8	9	0.0001754318
Micromonospora sp. 28ISP2-46	2749844	S	7	2	9	0.0001754318
Streptosporangium roseum	2001	S	8	1	9	0.0001754318
Nonomuraea sp. ATCC 55076	1909395	S	9	0	9	0.0001754318
Modestobacter marinus	477641	S	8	1	9	0.0001754318
Lysinibacillus fusiformis	28031	S	6	3	9	0.0001754318
Weissella confusa	1583	S	8	1	9	0.0001754318
Latilactobacillus sakei	1599	S	8	1	9	0.0001754318
Limosilactobacillus mucosae	97478	S	9	0	9	0.0001754318
Enterococcus gilvus	160453	S	9	0	9	0.0001754318
Alkaliphilus metalliredigens	208226	S	9	0	9	0.0001754318
Murdochiella vaginalis	1852373	S	7	2	9	0.0001754318
[Phormidium] sp. ETS-05	222819	S	9	0	9	0.0001754318
Nostoc sp. NIES-4103	2005458	S	8	1	9	0.0001754318
Nostoc sp. PCC 7107	317936	S	7	2	9	0.0001754318
Anabaena cylindrica	1165	S	8	1	9	0.0001754318
Fischerella sp. NIES-4106	2005456	S	8	1	9	0.0001754318
Synechococcus sp. PCC 7502	1173263	S	9	0	9	0.0001754318
Synechococcus sp. PCC 8807	195248	S	2	7	9	0.0001754318
Synechococcus elongatus	32046	S	5	4	9	0.0001754318
Acaryochloris marina	155978	S	9	0	9	0.0001754318
Chroococcidiopsis thermalis	54299	S	8	1	9	0.0001754318
Deinococcus actinosclerus	1768108	S	8	1	9	0.0001754318
Winogradskyella sp. PG-2	754409	S	9	0	9	0.0001754318
Winogradskyella schleiferi	2686078	S	7	2	9	0.0001754318
Myroides fluvii	2572594	S	8	1	9	0.0001754318
Cellulophaga sp. L1A9	2686362	S	8	1	9	0.0001754318
Kordia sp. SMS9	2282170	S	9	0	9	0.0001754318
Oceanihabitans sp. IOP_32	2529032	S	7	2	9	0.0001754318
Chryseobacterium sp. IHB B 17019	1721091	S	9	0	9	0.0001754318
Chryseobacterium nakagawai	1241982	S	4	5	9	0.0001754318
Chryseobacterium taklimakanense	536441	S	7	2	9	0.0001754318
Elizabethkingia miricola	172045	S	4	5	9	0.0001754318
Phocaeicola salanitronis	376805	S	9	0	9	0.0001754318
Pedobacter sp. SW-16	2766984	S	8	1	9	0.0001754318
Pedobacter ginsengisoli	363852	S	9	0	9	0.0001754318
Sphingobacterium sp. 21	743722	S	2	7	9	0.0001754318
Fibrella sp. ES10-3-2-2	1834519	S	9	0	9	0.0001754318
Aquiflexum balticum	280473	S	9	0	9	0.0001754318
Arachidicoccus sp. B3-10	2545455	S	9	0	9	0.0001754318
Lacibacter sp. S13-6-6	2760713	S	9	0	9	0.0001754318
Rosistilla oblonga	2527990	S	9	0	9	0.0001754318
Lignipirellula cremea	2528010	S	9	0	9	0.0001754318
Pirellulimonas nuda	2528009	S	9	0	9	0.0001754318
Gimesia fumaroli	2527976	S	8	1	9	0.0001754318
Gimesia panareensis	2527978	S	8	1	9	0.0001754318
Granulicella sp. WH15	2602070	S	8	1	9	0.0001754318
Fusobacterium ulcerans	861	S	8	1	9	0.0001754318
Fusobacterium pseudoperiodonticum	2663009	S	5	4	9	0.0001754318
Candidatus Saccharimonas aalborgensis	1332188	S	7	2	9	0.0001754318
Methanoculleus bourgensis	83986	S	9	0	9	0.0001754318
Candidatus Nitrosocosmicus hydrocola	1826872	S	9	0	9	0.0001754318
Ralstonia pickettii	329	S	6	2	8	0.0001559393
Burkholderia sp. CCGE1003	640512	S	7	1	8	0.0001559393
Cupriavidus gilardii	82541	S	2	6	8	0.0001559393
Paraburkholderia caledonica	134536	S	7	1	8	0.0001559393
Paraburkholderia caffeinilytica	1761016	S	7	1	8	0.0001559393
Paraburkholderia graminis	60548	S	7	1	8	0.0001559393
Paraburkholderia hospita	169430	S	4	4	8	0.0001559393
Pandoraea fibrosis	1891094	S	5	3	8	0.0001559393
Thiomonas intermedia	926	S	5	3	8	0.0001559393
Thiomonas arsenitoxydans	426114	S	4	4	8	0.0001559393
Bordetella trematum	123899	S	7	1	8	0.0001559393
Aromatoleum aromaticum	551760	S	7	1	8	0.0001559393
Chromobacterium sp. ATCC 53434	2059672	S	7	1	8	0.0001559393
Jeongeupia sp. HS-3	1009682	S	8	0	8	0.0001559393
Neisseria animalis	492	S	8	0	8	0.0001559393
Crenobacter cavernae	2290923	S	7	1	8	0.0001559393
Pseudomonas sp. B11D7D	2735906	S	8	0	8	0.0001559393
Pseudomonas sp. Leaf58	1736226	S	8	0	8	0.0001559393
Pseudomonas migulae	78543	S	7	1	8	0.0001559393
Pseudomonas eucalypticola	2599595	S	8	0	8	0.0001559393
Pseudomonas litoralis	797277	S	8	0	8	0.0001559393
Pseudomonas simiae	321846	S	7	1	8	0.0001559393
Pseudomonas graminis	158627	S	7	1	8	0.0001559393
Oblitimonas alkaliphila	1697053	S	8	0	8	0.0001559393
Acinetobacter cumulans	2136182	S	6	2	8	0.0001559393
Psychrobacter sp. YP14	2203895	S	4	4	8	0.0001559393
Psychrobacter sp. P11G5	1699624	S	4	4	8	0.0001559393
Luteimonas sp. JM171	1896164	S	8	0	8	0.0001559393
Luteimonas sp. MC1750	2799326	S	7	1	8	0.0001559393
Thermomonas sp. XSG	2771436	S	7	1	8	0.0001559393
Rhodanobacter glycinis	582702	S	8	0	8	0.0001559393
Yersinia ruckeri	29486	S	8	0	8	0.0001559393
Yersinia intermedia	631	S	3	5	8	0.0001559393
Candidatus Erwinia haradaeae	1922217	S	8	0	8	0.0001559393
Providencia vermicola	333965	S	5	3	8	0.0001559393
Pectobacterium carotovorum	554	S	6	2	8	0.0001559393
Halomonas sp. KO116	1504981	S	5	3	8	0.0001559393
Alcanivorax sp. N3-2A	2014542	S	7	1	8	0.0001559393
Marinobacter salarius	1420917	S	7	1	8	0.0001559393
Alteromonas macleodii	28108	S	7	1	8	0.0001559393
Shewanella sp. M2	2487742	S	8	0	8	0.0001559393
Marichromatium purpuratum	37487	S	8	0	8	0.0001559393
Candidatus Nitrosacidococcus tergens	553981	S	8	0	8	0.0001559393
Guyparkeria halophila	47960	S	8	0	8	0.0001559393
Legionella israelensis	454	S	8	0	8	0.0001559393
Bradyrhizobium cosmicum	1404864	S	7	1	8	0.0001559393
Rhizobium sp. WL3	2603277	S	8	0	8	0.0001559393
Rhizobium favelukesii	348824	S	7	1	8	0.0001559393
Sinorhizobium medicae	110321	S	7	1	8	0.0001559393
Mesorhizobium sp. INR15	2654248	S	8	0	8	0.0001559393
Mesorhizobium sp. NZP2077	2483404	S	7	1	8	0.0001559393
Mesorhizobium sp. 113-3-9	2744517	S	5	3	8	0.0001559393
Methylobacterium phyllosphaerae	418223	S	3	5	8	0.0001559393
Aureimonas sp. AU20	1349819	S	8	0	8	0.0001559393
Brucella melitensis	29459	S	1	7	8	0.0001559393
Sphingomonas sp. HMP6	1517551	S	8	0	8	0.0001559393
Sphingomonas ginsengisoli An et al. 2013	363835	S	8	0	8	0.0001559393
Sphingomonas rhizophila	2071607	S	8	0	8	0.0001559393
Sphingopyxis sp. LPB0140	1913578	S	8	0	8	0.0001559393
Blastomonas sp. RAC04	1842535	S	4	4	8	0.0001559393
Tsuneonella flava	2055955	S	6	2	8	0.0001559393
Sphingosinicella sp. UDD2	2771430	S	8	0	8	0.0001559393
Yangia sp. CCB-MM3	1792508	S	8	0	8	0.0001559393
Salipiger profundus	1229727	S	5	3	8	0.0001559393
Octadecabacter sp. SW4	2602067	S	6	2	8	0.0001559393
Brevundimonas sp. SGAir0440	2579977	S	6	2	8	0.0001559393
Brevundimonas sp. GW460-12-10-14-LB2	1827469	S	4	4	8	0.0001559393
Phenylobacterium parvum	2201350	S	8	0	8	0.0001559393
Magnetospirillum sp. ME-1	1639348	S	7	1	8	0.0001559393
Hypericibacter adhaerens	2602016	S	7	1	8	0.0001559393
Skermanella sp. TT6	2775420	S	4	4	8	0.0001559393
Rickettsia raoultii	369822	S	4	4	8	0.0001559393
Ehrlichia ruminantium	779	S	7	1	8	0.0001559393
Magnetococcus marinus	1124597	S	8	0	8	0.0001559393
Aliarcobacter butzleri	28197	S	8	0	8	0.0001559393
Arcobacter defluvii	873191	S	7	1	8	0.0001559393
Campylobacter coli	195	S	6	2	8	0.0001559393
Myxococcus sp. SCHIC003	2813577	S	7	1	8	0.0001559393
Vulgatibacter incomptus	1391653	S	8	0	8	0.0001559393
Geobacter sp. M18	443143	S	7	1	8	0.0001559393
Desulfovibrio gigas	879	S	8	0	8	0.0001559393
Desulfatibacillum aliphaticivorans	218208	S	8	0	8	0.0001559393
Desulfurivibrio alkaliphilus	427923	S	8	0	8	0.0001559393
Bdellovibrio sp. NC01	2220073	S	6	2	8	0.0001559393
Acidithiobacillus ferrivorans	160808	S	8	0	8	0.0001559393
Microbacterium sp. NY27	2782169	S	8	0	8	0.0001559393
Microbacterium sp. JZ31	1906274	S	7	1	8	0.0001559393
Microbacterium sp. SGAir0570	2070348	S	1	7	8	0.0001559393
Curtobacterium sp. SGAir0471	2070337	S	5	3	8	0.0001559393
Leucobacter muris	1935379	S	7	1	8	0.0001559393
Agrococcus jejuensis	399736	S	7	1	8	0.0001559393
Humibacter sp. WJ7-1	2599293	S	7	1	8	0.0001559393
Frigoribacterium sp. NBH87	2596916	S	7	1	8	0.0001559393
Kocuria palustris	71999	S	7	1	8	0.0001559393
Glutamicibacter protophormiae	37930	S	5	3	8	0.0001559393
Brevibacterium sp. CS2	2575923	S	7	1	8	0.0001559393
Ornithinimicrobium pratense	2593973	S	7	1	8	0.0001559393
Georgenia sp. Z294	2585135	S	7	1	8	0.0001559393
Haloactinobacterium sp. HY164	2675754	S	8	0	8	0.0001559393
Mycolicibacterium fluoranthenivorans	258505	S	8	0	8	0.0001559393
Mycolicibacterium aurum	1791	S	8	0	8	0.0001559393
Mycolicibacterium chubuense	1800	S	7	1	8	0.0001559393
Mycolicibacterium doricum	126673	S	7	1	8	0.0001559393
Mycobacterium sp. ELW1	1547487	S	7	1	8	0.0001559393
Rhodococcus sp. SGAir0479	2567884	S	7	1	8	0.0001559393
Rhodococcus pyridinivorans	103816	S	3	5	8	0.0001559393
Nocardia nova	37330	S	8	0	8	0.0001559393
Nocardia brasiliensis	37326	S	7	1	8	0.0001559393
Corynebacterium variabile	1727	S	6	2	8	0.0001559393
Lawsonella clevelandensis	1528099	S	8	0	8	0.0001559393
Microlunatus phosphovorus	29405	S	8	0	8	0.0001559393
Brevilactibacter sp. MC1595	2819349	S	7	1	8	0.0001559393
Nocardioides sp. HDW12A	2714938	S	7	1	8	0.0001559393
Nocardioides aromaticivorans	200618	S	7	1	8	0.0001559393
Nocardioides mesophilus	433659	S	7	1	8	0.0001559393
Streptomyces sp. ZYC-3	2797636	S	8	0	8	0.0001559393
Streptomyces sp. HSG2	2797167	S	8	0	8	0.0001559393
Streptomyces sp. fd1-xmd	1812480	S	7	1	8	0.0001559393
Streptomyces lunaelactis	1535768	S	8	0	8	0.0001559393
Streptomyces vietnamensis	362257	S	7	1	8	0.0001559393
Streptomyces incarnatus	665007	S	7	1	8	0.0001559393
Streptomyces fagopyri	2662397	S	7	1	8	0.0001559393
Streptomyces pratensis	1169025	S	6	2	8	0.0001559393
Streptomyces platensis	58346	S	6	2	8	0.0001559393
Streptomyces fulvissimus	68202	S	3	5	8	0.0001559393
Pseudonocardia sp. HH130630-07	1690815	S	4	4	8	0.0001559393
Saccharopolyspora spinosa	60894	S	3	5	8	0.0001559393
Saccharothrix espanaensis	103731	S	7	1	8	0.0001559393
Micromonospora zamorensis	709883	S	7	1	8	0.0001559393
Frankia sp. EAN1pec	298653	S	8	0	8	0.0001559393
Frankia sp. QA3	710111	S	7	1	8	0.0001559393
Jatrophihabitans sp. GAS493	1907575	S	8	0	8	0.0001559393
Rubrobacter xylanophilus	49319	S	8	0	8	0.0001559393
Rubrobacter sp. SCSIO 52915	2653852	S	8	0	8	0.0001559393
Staphylococcus warneri	1292	S	6	2	8	0.0001559393
Staphylococcus equorum	246432	S	5	3	8	0.0001559393
Paenibacillus mucilaginosus	61624	S	8	0	8	0.0001559393
Jeotgalibacillus malaysiensis	1508404	S	8	0	8	0.0001559393
Streptococcus pneumoniae	1313	S	7	1	8	0.0001559393
[Clostridium] scindens	29347	S	7	1	8	0.0001559393
Clostridium gasigenes	94869	S	8	0	8	0.0001559393
Ruminococcus sp. JE7A12	2564099	S	8	0	8	0.0001559393
Intestinimonas butyriciproducens	1297617	S	8	0	8	0.0001559393
Desulfitobacterium hafniense	49338	S	8	0	8	0.0001559393
Faecalitalea cylindroides	39483	S	5	3	8	0.0001559393
Finegoldia magna	1260	S	6	2	8	0.0001559393
Oxynema sp. AP17	2064643	S	5	3	8	0.0001559393
Gloeothece citriformis	2546356	S	8	0	8	0.0001559393
Rippkaea orientalis	2546366	S	8	0	8	0.0001559393
Nostoc sp. CENA543	1869241	S	8	0	8	0.0001559393
Nostoc flagelliforme	1306274	S	6	2	8	0.0001559393
Calothrix sp. NIES-2100	1954172	S	4	4	8	0.0001559393
Cyanobium gracile	59930	S	7	1	8	0.0001559393
Deinococcus maricopensis	309887	S	8	0	8	0.0001559393
Thermus thermophilus	274	S	4	4	8	0.0001559393
Flavobacterium sp. xlx-214	2654325	S	8	0	8	0.0001559393
Polaribacter sp. SA4-10	754397	S	8	0	8	0.0001559393
Polaribacter sp. G4M1	2808900	S	8	0	8	0.0001559393
Polaribacter sp. SM13	2818493	S	8	0	8	0.0001559393
Polaribacter sp. ALD11	2058137	S	7	1	8	0.0001559393
Winogradskyella forsetii	2686077	S	7	1	8	0.0001559393
Maribacter dokdonensis	320912	S	1	7	8	0.0001559393
Aequorivita sp. KX20305	2803865	S	8	0	8	0.0001559393
Kordia antarctica	1218801	S	8	0	8	0.0001559393
Chryseobacterium sp. StRB126	878220	S	7	1	8	0.0001559393
Chryseobacterium arthrosphaerae	651561	S	6	2	8	0.0001559393
Empedobacter falsenii	343874	S	5	3	8	0.0001559393
Paraprevotella xylaniphila	454155	S	7	1	8	0.0001559393
Alistipes onderdonkii	328813	S	8	0	8	0.0001559393
Barnesiella viscericola	397865	S	7	1	8	0.0001559393
Pedobacter sp. CJ43	2605747	S	8	0	8	0.0001559393
Spirosoma sp. PL0136	2710596	S	8	0	8	0.0001559393
Pontibacter akesuensis	388950	S	7	1	8	0.0001559393
Pontibacter sp. SGAir0037	2571030	S	6	2	8	0.0001559393
Algoriphagus machipongonensis	388413	S	8	0	8	0.0001559393
Algoriphagus sanaruensis	1727163	S	8	0	8	0.0001559393
Chitinophaga sp. XS-30	2604421	S	8	0	8	0.0001559393
Chitinophaga caeni	2029983	S	8	0	8	0.0001559393
Chitinophaga agri	2703787	S	7	1	8	0.0001559393
Tuwongella immobilis	692036	S	8	0	8	0.0001559393
Rosistilla carotiformis	2528017	S	7	1	8	0.0001559393
Roseimaritima ulvae	980254	S	8	0	8	0.0001559393
Paludibaculum fermentans	1473598	S	8	0	8	0.0001559393
Thermosipho sp. FR-w03	2814656	S	4	4	8	0.0001559393
Methanobrevibacter ruminantium	83816	S	7	1	8	0.0001559393
Flavobacterium phage vB_FspS_mymlan6-1	2686266	S	1	7	8	0.0001559393
Paraburkholderia dokdonella	2211211	S	6	1	7	0.0001364469
Pandoraea vervacti	656178	S	5	2	7	0.0001364469
Ephemeroptericola cinctiostellae	2268024	S	7	0	7	0.0001364469
Achromobacter insolitus	217204	S	6	1	7	0.0001364469
Bordetella flabilis	463014	S	7	0	7	0.0001364469
Bordetella pseudohinzii	1331258	S	6	1	7	0.0001364469
Niveibacterium sp. HC41	2811415	S	7	0	7	0.0001364469
Chromobacterium phragmitis	2202141	S	6	1	7	0.0001364469
Chromobacterium haemolyticum	394935	S	2	5	7	0.0001364469
Neisseria lactamica	486	S	3	4	7	0.0001364469
Kingella kingae	504	S	7	0	7	0.0001364469
Methylovorus sp. MP688	887061	S	5	2	7	0.0001364469
Sulfuriferula sp. AH1	1985873	S	6	1	7	0.0001364469
Pseudomonas sp. S1-A32-2	2731681	S	7	0	7	0.0001364469
Pseudomonas sp. S34	1573718	S	7	0	7	0.0001364469
Pseudomonas sp. URMO17WK12:I11	1283291	S	5	2	7	0.0001364469
Pseudomonas sp. S150	2559074	S	4	3	7	0.0001364469
Pseudomonas sp. Y39-6	2749807	S	2	5	7	0.0001364469
Pseudomonas tolaasii	29442	S	7	0	7	0.0001364469
Pseudomonas syringae group genomosp. 3	251701	S	2	5	7	0.0001364469
Pseudomonas otitidis	319939	S	7	0	7	0.0001364469
Pseudomonas lurida	244566	S	7	0	7	0.0001364469
Pseudomonas reinekei	395598	S	7	0	7	0.0001364469
Pseudomonas allokribbensis	2774460	S	6	1	7	0.0001364469
Pseudomonas soli	1306993	S	2	5	7	0.0001364469
Acinetobacter sp. 10FS3-1	2563897	S	5	2	7	0.0001364469
Acinetobacter calcoaceticus	471	S	7	0	7	0.0001364469
Acinetobacter venetianus	52133	S	7	0	7	0.0001364469
Psychrobacter sp. AntiMn-1	1720344	S	4	3	7	0.0001364469
Stenotrophomonas sp. ESTM1D_MKCIP4_1	2072414	S	6	1	7	0.0001364469
Lysobacter sp. CW239	2762611	S	6	1	7	0.0001364469
Lysobacter antibioticus	84531	S	7	0	7	0.0001364469
Pseudolysobacter antarcticus	2511995	S	7	0	7	0.0001364469
Dyella thiooxydans	445710	S	7	0	7	0.0001364469
Luteibacter rhizovicinus	242606	S	7	0	7	0.0001364469
Klebsiella michiganensis	1134687	S	3	4	7	0.0001364469
Pantoea ananatis	553	S	6	1	7	0.0001364469
Pantoea dispersa	59814	S	6	1	7	0.0001364469
Dickeya dianthicola	204039	S	5	2	7	0.0001364469
Halomonas chromatireducens	507626	S	7	0	7	0.0001364469
Alcanivorax xenomutans	1094342	S	7	0	7	0.0001364469
Shewanella sp. ANA-3	94122	S	3	4	7	0.0001364469
Thioflavicoccus mobilis	80679	S	7	0	7	0.0001364469
Photobacterium damselae	38293	S	6	1	7	0.0001364469
Cellvibrio sp. PSBB006	1987723	S	7	0	7	0.0001364469
Cellvibrio japonicus	155077	S	7	0	7	0.0001364469
Microbulbifer sp. THAF38	2587856	S	5	2	7	0.0001364469
Kineobactrum salinum	2708301	S	7	0	7	0.0001364469
Legionella fallonii	96230	S	7	0	7	0.0001364469
Thiothrix sp. Ku-5	2735563	S	7	0	7	0.0001364469
Francisella tularensis	263	S	5	2	7	0.0001364469
Methylococcus sp. EFPC2	2812648	S	7	0	7	0.0001364469
Bradyrhizobium sp. CCGE-LA001	1223566	S	6	1	7	0.0001364469
Bradyrhizobium arachidis	858423	S	6	1	7	0.0001364469
Bradyrhizobium guangdongense	1325090	S	4	3	7	0.0001364469
Rhizobium sp. CIAT894	2020312	S	5	2	7	0.0001364469
Rhizobium daejeonense	240521	S	5	2	7	0.0001364469
Sinorhizobium sp. BG8	2613773	S	7	0	7	0.0001364469
Ensifer sp. PDNC004	2811423	S	4	3	7	0.0001364469
Mesorhizobium sp. 8	2584466	S	6	1	7	0.0001364469
Mesorhizobium sp. 113-3-3	2744516	S	5	2	7	0.0001364469
Mesorhizobium australicum	536018	S	6	1	7	0.0001364469
Mesorhizobium opportunistum	593909	S	6	1	7	0.0001364469
Aminobacter sp. MDW-2	2666139	S	1	6	7	0.0001364469
Nitratireductor sp. OM-1	1756988	S	7	0	7	0.0001364469
Hoeflea sp. IMCC20628	1620421	S	7	0	7	0.0001364469
Microvirga thermotolerans	2651334	S	6	1	7	0.0001364469
Blastochloris tepida	2233851	S	6	1	7	0.0001364469
Aureimonas sp. LMG 31693	2758041	S	7	0	7	0.0001364469
Methylocystis heyeri	391905	S	7	0	7	0.0001364469
Methylosinus sp. C49	2699395	S	6	1	7	0.0001364469
Stappia sp. ES.058	1881061	S	7	0	7	0.0001364469
Methylovirgula ligni	569860	S	7	0	7	0.0001364469
Sphingomonas sp. MK52	2711156	S	7	0	7	0.0001364469
Sphingomonas sp. Cra20	1327635	S	7	0	7	0.0001364469
Sphingobium sp. MI1205	407020	S	3	4	7	0.0001364469
Sphingobium japonicum	332056	S	5	2	7	0.0001364469
Sphingopyxis lindanitolerans	2054227	S	6	1	7	0.0001364469
Erythrobacter sp. HKB08	2502843	S	7	0	7	0.0001364469
Croceicoccus sp. YJ47	2798724	S	5	2	7	0.0001364469
Paracoccus sp. Arc7-R13	2500532	S	7	0	7	0.0001364469
Paracoccus sp. AK26	2589076	S	7	0	7	0.0001364469
Paracoccus jeotgali	2065379	S	7	0	7	0.0001364469
Paracoccus aminovorans	34004	S	6	1	7	0.0001364469
Sulfitobacter sp. SK012	1389005	S	7	0	7	0.0001364469
Sulfitobacter sp. JL08	2070369	S	7	0	7	0.0001364469
Celeribacter ethanolicus	1758178	S	5	2	7	0.0001364469
Roseobacter ponti	1891787	S	7	0	7	0.0001364469
Pontivivens sp. MT2928	2789856	S	7	0	7	0.0001364469
Paraoceanicella profunda	2579971	S	6	1	7	0.0001364469
Rhodospirillum centenum	34018	S	6	1	7	0.0001364469
Roseomonas sp. 1318	2768161	S	7	0	7	0.0001364469
Wolbachia endosymbiont of Onchocerca volvulus	77551	S	2	5	7	0.0001364469
Candidatus Pelagibacter sp. RS39	1977864	S	6	1	7	0.0001364469
Aliarcobacter lanthieri	1355374	S	7	0	7	0.0001364469
Malaciobacter pacificus	1080223	S	7	0	7	0.0001364469
Campylobacter sputorum	206	S	7	0	7	0.0001364469
Sulfurospirillum sp. JPD-1	220622	S	4	3	7	0.0001364469
Helicobacter pylori	210	S	7	0	7	0.0001364469
Desulfuromonas soudanensis	1603606	S	7	0	7	0.0001364469
Desulfovibrio marinus	370038	S	7	0	7	0.0001364469
Pseudodesulfovibrio mercurii	641491	S	7	0	7	0.0001364469
Desulfosarcina widdelii	947919	S	7	0	7	0.0001364469
Microbacterium sp. RG1	2489212	S	7	0	7	0.0001364469
Microbacterium caowuchunii	2614638	S	7	0	7	0.0001364469
Microbacterium sediminis	904291	S	5	2	7	0.0001364469
Candidatus Rhodoluna planktonica	535712	S	7	0	7	0.0001364469
Agromyces protaetiae	2509455	S	6	1	7	0.0001364469
Leifsonia shinshuensis	150026	S	6	1	7	0.0001364469
Clavibacter sp. DM1	2768071	S	5	2	7	0.0001364469
Frondihabitans sp. 762G35	1446794	S	7	0	7	0.0001364469
Cryobacterium sp. LW097	1978566	S	7	0	7	0.0001364469
Cryobacterium arcticum	670052	S	5	2	7	0.0001364469
Humibacter sp. BT305	2282656	S	1	6	7	0.0001364469
Gryllotalpicola protaetiae	2419771	S	7	0	7	0.0001364469
Arthrobacter sp. Rue61a	1118963	S	1	6	7	0.0001364469
Tetrasphaera sp. HKS02	1813880	S	7	0	7	0.0001364469
Phycicoccus sp. HDW14	2714941	S	6	1	7	0.0001364469
Cellulomonas sp. PSBB021	2003551	S	6	1	7	0.0001364469
Ornithinimicrobium sp. HY006	2508882	S	6	1	7	0.0001364469
Cellulosimicrobium sp. JZ28	1906273	S	4	3	7	0.0001364469
Georgenia faecalis	2483799	S	7	0	7	0.0001364469
Mycolicibacterium parafortuitum	39692	S	7	0	7	0.0001364469
Mycolicibacterium phlei	1771	S	6	1	7	0.0001364469
Mycolicibacterium gilvum	1804	S	5	2	7	0.0001364469
Mycobacterium florentinum	292462	S	7	0	7	0.0001364469
Mycobacterium sp. YC-RL4	1682113	S	6	1	7	0.0001364469
Mycobacterium shinjukuense	398694	S	7	0	7	0.0001364469
Mycobacterium gallinarum	39689	S	6	1	7	0.0001364469
Mycobacterium tuberculosis	1773	S	2	5	7	0.0001364469
Rhodococcus sp. NJ-530	2490853	S	2	5	7	0.0001364469
Rhodococcus sp. 008	1723645	S	2	5	7	0.0001364469
Rhodococcus ruber	1830	S	6	1	7	0.0001364469
Nocardia asteroides	1824	S	6	1	7	0.0001364469
Corynebacterium xerosis	1725	S	6	1	7	0.0001364469
Gordonia sp. YC-JH1	2059875	S	4	3	7	0.0001364469
Gordonia rubripertincta	36822	S	4	3	7	0.0001364469
Dietzia lutea	546160	S	5	2	7	0.0001364469
Microlunatus sp. Gsoil 973	2672569	S	7	0	7	0.0001364469
Tessaracoccus flavescens	399497	S	5	2	7	0.0001364469
Nocardioides sp. HY056	2500546	S	6	1	7	0.0001364469
Nocardioides ungokensis	1643322	S	6	1	7	0.0001364469
Marmoricola scoriae	642780	S	6	1	7	0.0001364469
Actinopolymorpha singaporensis	117157	S	7	0	7	0.0001364469
Streptomyces sp. 3214.6	1882757	S	7	0	7	0.0001364469
Streptomyces sp. NA02950	2742137	S	7	0	7	0.0001364469
Streptomyces sp. YIM 121038	2136401	S	7	0	7	0.0001364469
Streptomyces sp. CRXT-Y-14	2768069	S	7	0	7	0.0001364469
Streptomyces sp. So13.3	2136173	S	7	0	7	0.0001364469
Streptomyces sp. CRXT-G-22	2768066	S	7	0	7	0.0001364469
Streptomyces sp. AgN23	1188315	S	5	2	7	0.0001364469
Streptomyces peucetius	1950	S	7	0	7	0.0001364469
Streptomyces buecherae	2763006	S	7	0	7	0.0001364469
Streptomyces glomeroaurantiacus	68210	S	7	0	7	0.0001364469
Streptomyces pluripotens	1355015	S	7	0	7	0.0001364469
Streptomyces asterosporus	285570	S	6	1	7	0.0001364469
Kitasatospora sp. MMS16-BH015	2018025	S	7	0	7	0.0001364469
Kitasatospora setae	2066	S	6	1	7	0.0001364469
Streptacidiphilus sp. P02-A3a	2704468	S	7	0	7	0.0001364469
Amycolatopsis japonica	208439	S	4	3	7	0.0001364469
Saccharomonospora cyanea	40989	S	6	1	7	0.0001364469
Saccharothrix syringae	103733	S	6	1	7	0.0001364469
Phytohabitans suffuscus	624315	S	7	0	7	0.0001364469
Nocardiopsis dassonvillei	2014	S	7	0	7	0.0001364469
Actinomyces naeslundii	1655	S	6	1	7	0.0001364469
Trueperella sp. 19M2397	2733571	S	4	3	7	0.0001364469
Olsenella umbonata	604330	S	5	2	7	0.0001364469
Eggerthella sp. HF-1101	2690837	S	6	1	7	0.0001364469
Slackia heliotrinireducens	84110	S	7	0	7	0.0001364469
Baekduia soli	496014	S	7	0	7	0.0001364469
Conexibacter sp. SYSU D00693	2812560	S	7	0	7	0.0001364469
Bacillus sp. JS	1127744	S	4	3	7	0.0001364469
Anoxybacillus flavithermus	33934	S	6	1	7	0.0001364469
Geobacillus sp. 46C-IIa	1963025	S	2	5	7	0.0001364469
Staphylococcus saprophyticus	29385	S	7	0	7	0.0001364469
Paenibacillus sp. B01	2660554	S	6	1	7	0.0001364469
Paenibacillus odorifer	189426	S	7	0	7	0.0001364469
Paenibacillus glucanolyticus	59843	S	2	5	7	0.0001364469
Alicyclobacillus acidocaldarius	405212	S	7	0	7	0.0001364469
Streptococcus sanguinis	1305	S	7	0	7	0.0001364469
Lactococcus garvieae	1363	S	6	1	7	0.0001364469
Enterococcus casseliflavus	37734	S	5	2	7	0.0001364469
Butyrivibrio fibrisolvens	831	S	7	0	7	0.0001364469
Clostridium sp. CT4	2320868	S	7	0	7	0.0001364469
Clostridium septicum	1504	S	7	0	7	0.0001364469
Crassaminicella sp. SY095	2599308	S	7	0	7	0.0001364469
Eubacterium sp. NSJ-61	2764325	S	5	2	7	0.0001364469
Eubacterium maltosivorans	2041044	S	2	5	7	0.0001364469
Phascolarctobacterium sp. Marseille-Q4147	2823317	S	7	0	7	0.0001364469
Turicibacter sp. H121	1712675	S	5	2	7	0.0001364469
Oscillatoria acuminata	118323	S	7	0	7	0.0001364469
Nostoc sphaeroides	446679	S	5	2	7	0.0001364469
Nostoc punctiforme	272131	S	4	3	7	0.0001364469
Calothrix sp. NIES-3974	2005462	S	7	0	7	0.0001364469
Calothrix parietina	32054	S	7	0	7	0.0001364469
Dolichospermum compactum	136073	S	4	3	7	0.0001364469
Synechococcus sp. PCC 6312	195253	S	7	0	7	0.0001364469
Mycoplasma phocirhinis	142650	S	7	0	7	0.0001364469
Polaribacter sp. SA4-12	1312072	S	7	0	7	0.0001364469
Winogradskyella sp. J14-2	1936080	S	7	0	7	0.0001364469
Tenacibaculum sp. SZ-18	754423	S	7	0	7	0.0001364469
Formosa agariphila	320324	S	7	0	7	0.0001364469
Aquimarina sp. TRL1	2736252	S	7	0	7	0.0001364469
Gramella salexigens	1913577	S	7	0	7	0.0001364469
Algibacter alginicilyticus	1736674	S	6	1	7	0.0001364469
Changchengzhania lutea	2049305	S	7	0	7	0.0001364469
Sediminicola sp. YIK13	1453352	S	7	0	7	0.0001364469
Zunongwangia profunda	398743	S	4	3	7	0.0001364469
Chryseobacterium sp. T16E-39	2015076	S	7	0	7	0.0001364469
Chryseobacterium piperi	558152	S	7	0	7	0.0001364469
Chryseobacterium gallinarum	1324352	S	6	1	7	0.0001364469
Bacteroides sp. CBA7301	2715212	S	7	0	7	0.0001364469
Bacteroides sp. HF-5287	2650157	S	6	1	7	0.0001364469
Bacteroides sp. ZJ-18	2709390	S	1	6	7	0.0001364469
Proteiniphilum saccharofermentans	1642647	S	7	0	7	0.0001364469
Pedobacter heparinus	984	S	7	0	7	0.0001364469
Sphingobacterium sp. CZ-2	2557994	S	7	0	7	0.0001364469
Solitalea canadensis	995	S	7	0	7	0.0001364469
Spirosoma rigui	564064	S	7	0	7	0.0001364469
Spirosoma radiotolerans	1379870	S	7	0	7	0.0001364469
Spirosoma endbachense	2666025	S	6	1	7	0.0001364469
Fibrella aestuarina	651143	S	7	0	7	0.0001364469
Rhodocytophaga rosea	2704465	S	7	0	7	0.0001364469
Hymenobacter sp. BRD128	2675878	S	7	0	7	0.0001364469
Hymenobacter sedentarius	1411621	S	7	0	7	0.0001364469
Hymenobacter nivis	1850093	S	7	0	7	0.0001364469
Arachidicoccus ginsenosidivorans	496057	S	7	0	7	0.0001364469
Filimonas lacunae	477680	S	7	0	7	0.0001364469
Flavihumibacter sp. SB-02	2676868	S	7	0	7	0.0001364469
Pseudocnuella soli	2502779	S	7	0	7	0.0001364469
Saprospira grandis	1008	S	7	0	7	0.0001364469
Aureliella helgolandensis	2527968	S	7	0	7	0.0001364469
Botrimarina mediterranea	2528022	S	7	0	7	0.0001364469
Polystyrenella longa	2528007	S	7	0	7	0.0001364469
Brachyspira hyodysenteriae	159	S	6	1	7	0.0001364469
Methanosarcina siciliae	38027	S	5	2	7	0.0001364469
Methanobrevibacter sp. YE315	1609968	S	7	0	7	0.0001364469
uncultured crAssphage	1211417	S	7	0	7	0.0001364469
Polynucleobacter acidiphobus	556053	S	6	0	6	0.0001169545
Burkholderia lata	482957	S	4	2	6	0.0001169545
Burkholderia sp. DHOD12	2571746	S	6	0	6	0.0001169545
Paraburkholderia sprentiae	948107	S	6	0	6	0.0001169545
Paraburkholderia phymatum	148447	S	5	1	6	0.0001169545
Paraburkholderia ginsengisoli	311231	S	5	1	6	0.0001169545
Paraburkholderia xenovorans	36873	S	3	3	6	0.0001169545
Pandoraea apista	93218	S	4	2	6	0.0001169545
Caballeronia sp. M1242	2814653	S	6	0	6	0.0001169545
Chitinimonas arctica	2594795	S	6	0	6	0.0001169545
Bordetella avium	521	S	6	0	6	0.0001169545
Bordetella holmesii	35814	S	6	0	6	0.0001169545
Pusillimonas sp. T7-7	1007105	S	6	0	6	0.0001169545
Sutterella wadsworthensis	40545	S	6	0	6	0.0001169545
Aromatoleum bremense	76115	S	5	1	6	0.0001169545
Vogesella sp. LIG4	1192162	S	6	0	6	0.0001169545
Deefgea sp. D17	2739061	S	6	0	6	0.0001169545
Pseudogulbenkiania sp. NH8B	748280	S	6	0	6	0.0001169545
Chitinolyticbacter meiyuanensis	682798	S	6	0	6	0.0001169545
Nitrosospira briensis	35799	S	6	0	6	0.0001169545
Pseudomonas sp. ABC1	2748080	S	6	0	6	0.0001169545
Pseudomonas sp. DY-1	1755504	S	6	0	6	0.0001169545
Pseudomonas sp. M30-35	1981174	S	6	0	6	0.0001169545
Pseudomonas sp. MPC6	2498848	S	6	0	6	0.0001169545
Pseudomonas sp. R5-89-07	658644	S	6	0	6	0.0001169545
Pseudomonas sp. SDM007	2812000	S	5	1	6	0.0001169545
Pseudomonas sp. MRSN12121	1611770	S	3	3	6	0.0001169545
Pseudomonas oleovorans	301	S	2	4	6	0.0001169545
Pseudomonas antarctica	219572	S	6	0	6	0.0001169545
Pseudomonas taetrolens	47884	S	6	0	6	0.0001169545
Pseudomonas salegens	1434072	S	6	0	6	0.0001169545
Pseudomonas sediminis	1691904	S	6	0	6	0.0001169545
Pseudomonas frederiksbergensis	104087	S	5	1	6	0.0001169545
Pseudomonas khazarica	2502979	S	3	3	6	0.0001169545
Acinetobacter sp. LoGeW2-3	1808001	S	6	0	6	0.0001169545
Acinetobacter sp. WCHAc010052	2004647	S	4	2	6	0.0001169545
Acinetobacter variabilis	70346	S	3	3	6	0.0001169545
Psychrobacter urativorans	45610	S	6	0	6	0.0001169545
Stenotrophomonas sp. 169	2770322	S	6	0	6	0.0001169545
Xylella fastidiosa	2371	S	6	0	6	0.0001169545
Dyella japonica	231455	S	5	1	6	0.0001169545
Frateuria aurantia	81475	S	6	0	6	0.0001169545
Enterobacter cloacae complex sp.	2027919	S	2	4	6	0.0001169545
Enterobacteriaceae endosymbiont of Donacia cincticornis	2675773	S	5	1	6	0.0001169545
Serratia sp. JUb9	2724469	S	1	5	6	0.0001169545
Yersinia massiliensis	419257	S	3	3	6	0.0001169545
Gibbsiella quercinecans	929813	S	6	0	6	0.0001169545
Pantoea sp. MSR2	2052056	S	6	0	6	0.0001169545
Pantoea vagans	470934	S	3	3	6	0.0001169545
Dickeya zeae	204042	S	6	0	6	0.0001169545
Brenneria rubrifaciens	55213	S	4	2	6	0.0001169545
Edwardsiella tarda	636	S	3	3	6	0.0001169545
Halomonas sp. BC-M4-5	2497861	S	6	0	6	0.0001169545
Reinekea forsetii	1336806	S	6	0	6	0.0001169545
Shewanella sp. WPAGA9	2775245	S	2	4	6	0.0001169545
Thioalkalivibrio paradoxus	108010	S	5	1	6	0.0001169545
Thioalkalivibrio sulfidiphilus	1033854	S	5	1	6	0.0001169545
Alkalilimnicola ehrlichii	351052	S	6	0	6	0.0001169545
Vibrio sp. SM1977	2662262	S	6	0	6	0.0001169545
Photobacterium profundum	74109	S	6	0	6	0.0001169545
Halioglobus maricola	2601894	S	6	0	6	0.0001169545
Legionella sp. TUM19329	2708020	S	6	0	6	0.0001169545
Methylomonas sp. LL1	2785785	S	6	0	6	0.0001169545
Methylomicrobium album	39775	S	6	0	6	0.0001169545
Rhizobium sp. TAL182	2020313	S	1	5	6	0.0001169545
Rhizobium acidisoli	1538158	S	4	2	6	0.0001169545
Sinorhizobium sp. M14	430451	S	1	5	6	0.0001169545
Mesorhizobium sp. J8	2777475	S	5	1	6	0.0001169545
Mesorhizobium sp. M8A.F.Ca.ET.057.01.1.1	2493679	S	5	1	6	0.0001169545
Mesorhizobium sp. M9A.F.Ca.ET.002.03.1.2	2493668	S	5	1	6	0.0001169545
Mesorhizobium sp. DCY119	2108445	S	5	1	6	0.0001169545
Mesorhizobium sp. M2A.F.Ca.ET.043.05.1.1	2493671	S	4	2	6	0.0001169545
Mesorhizobium sp. L-8-3	2744522	S	2	4	6	0.0001169545
Phyllobacterium sp. 628	2718938	S	6	0	6	0.0001169545
Lentilitoribacter sp. Alg239-R112	2305987	S	6	0	6	0.0001169545
Devosia sp. I507	2083786	S	6	0	6	0.0001169545
Devosia sp. 1566	2499144	S	6	0	6	0.0001169545
Devosia sp. D6-9	2664417	S	2	4	6	0.0001169545
Rhodomicrobium vannielii	1069	S	6	0	6	0.0001169545
Labrenzia sp. CP4	1674922	S	1	5	6	0.0001169545
Methylocella tundrae	227605	S	6	0	6	0.0001169545
Breoghania sp. L-A4	2304600	S	6	0	6	0.0001169545
Sphingomonas sp. sand1-3	2764186	S	6	0	6	0.0001169545
Parasphingopyxis sp. CP4	2724527	S	6	0	6	0.0001169545
Zymomonas mobilis	542	S	6	0	6	0.0001169545
Citromicrobium sp. JL477	1634516	S	5	1	6	0.0001169545
Erythrobacter sp. HL-111	1798193	S	6	0	6	0.0001169545
Erythrobacter aureus	2182384	S	6	0	6	0.0001169545
Tsuneonella mangrovi	1982042	S	6	0	6	0.0001169545
Sphingosinicella microcystinivorans	335406	S	6	0	6	0.0001169545
Paracoccus pantotrophus	82367	S	6	0	6	0.0001169545
Roseovarius faecimaris	2494550	S	6	0	6	0.0001169545
Celeribacter baekdonensis	875171	S	5	1	6	0.0001169545
Celeribacter manganoxidans	1411902	S	5	1	6	0.0001169545
Leisingera sp. NJS201	2508306	S	2	4	6	0.0001169545
Leisingera methylohalidivorans	133924	S	5	1	6	0.0001169545
Salipiger pacificus	311180	S	6	0	6	0.0001169545
Octadecabacter temperatus	1458307	S	6	0	6	0.0001169545
Thioclava electrotropha	1549850	S	5	1	6	0.0001169545
Thalassococcus sp. S3	2017482	S	6	0	6	0.0001169545
Pseudooceanicola algae	1537215	S	6	0	6	0.0001169545
Roseivivax sp. THAF30	2587852	S	3	3	6	0.0001169545
Parasedimentitalea marina	2483033	S	6	0	6	0.0001169545
Antarctobacter heliothermus	74033	S	6	0	6	0.0001169545
Azospirillum sp. TSH58	664962	S	3	3	6	0.0001169545
Magnetospirillum sp. XM-1	1663591	S	5	1	6	0.0001169545
Thalassospira indica	1891279	S	4	2	6	0.0001169545
Roseomonas gilardii	257708	S	6	0	6	0.0001169545
Acidiphilium cryptum	524	S	2	4	6	0.0001169545
Orientia tsutsugamushi	784	S	6	0	6	0.0001169545
Candidatus Pelagibacter ubique	198252	S	6	0	6	0.0001169545
Hyphomonas sp. CACIAM 19H1	1873716	S	6	0	6	0.0001169545
Malaciobacter halophilus	197482	S	5	1	6	0.0001169545
Sulfurospirillum sp. UCH001	1581011	S	6	0	6	0.0001169545
Pyxidicoccus sp. SCPEA002	2813578	S	6	0	6	0.0001169545
Geobacter metallireducens	28232	S	6	0	6	0.0001169545
Desulfococcus oleovorans	181663	S	6	0	6	0.0001169545
Bdellovibrio sp. ZAP7	2231053	S	4	2	6	0.0001169545
Microbacterium sp. LKL04	912630	S	6	0	6	0.0001169545
Microbacterium sp. 4R-513	2567934	S	6	0	6	0.0001169545
Microbacterium sp. XT11	367477	S	6	0	6	0.0001169545
Microbacterium sp. CBA3102	2603598	S	5	1	6	0.0001169545
Microbacterium sp. YJN-G	2763257	S	5	1	6	0.0001169545
Microbacterium sp. 1S1	2606451	S	4	2	6	0.0001169545
Microbacterium sp. CGR1	1696072	S	1	5	6	0.0001169545
Microbacterium testaceum	2033	S	6	0	6	0.0001169545
Microbacterium pygmaeum	370764	S	6	0	6	0.0001169545
Curtobacterium sp. MR_MD2014	1561023	S	4	2	6	0.0001169545
Agromyces sp. HY052	2585717	S	5	1	6	0.0001169545
Agromyces sp. G127AT	2781962	S	5	1	6	0.0001169545
Agromyces aureus	453304	S	5	1	6	0.0001169545
Agromyces badenianii	2080742	S	5	1	6	0.0001169545
Marisediminicola antarctica	674079	S	6	0	6	0.0001169545
Glaciihabitans sp. INWT7	2596912	S	6	0	6	0.0001169545
Kocuria sp. BT304	1702043	S	3	3	6	0.0001169545
Arthrobacter sp. QXT-31	1357915	S	6	0	6	0.0001169545
Arthrobacter sp. YC-RL1	1652545	S	5	1	6	0.0001169545
Sinomonas atrocyanea	37927	S	5	1	6	0.0001169545
Luteipulveratus mongoliensis	571913	S	6	0	6	0.0001169545
Janibacter limosus	53458	S	6	0	6	0.0001169545
Pedococcus dokdonensis	443156	S	6	0	6	0.0001169545
Brevibacterium sp. 'Marine'	2725563	S	5	1	6	0.0001169545
Oerskovia sp. KBS0722	1179673	S	6	0	6	0.0001169545
Brachybacterium ginsengisoli	1331682	S	6	0	6	0.0001169545
Sanguibacter keddieii	60920	S	6	0	6	0.0001169545
Luteimicrobium xylanilyticum	1133546	S	6	0	6	0.0001169545
Mycolicibacterium sp. Z-34	2736649	S	6	0	6	0.0001169545
Mycolicibacterium tokaiense	39695	S	6	0	6	0.0001169545
Mycolicibacterium confluentis	28047	S	6	0	6	0.0001169545
Mycobacterium parmense	185642	S	5	1	6	0.0001169545
Mycobacterium conspicuum	44010	S	6	0	6	0.0001169545
Mycobacterium dioxanotrophicus	482462	S	6	0	6	0.0001169545
Mycobacterium leprae	1769	S	1	5	6	0.0001169545
Rhodococcus sp. p52	935199	S	2	4	6	0.0001169545
Rhodococcus rhodochrous	1829	S	5	1	6	0.0001169545
Nocardia arthritidis	228602	S	6	0	6	0.0001169545
Nocardia terpenica	455432	S	6	0	6	0.0001169545
Corynebacterium efficiens	152794	S	6	0	6	0.0001169545
Corynebacterium maris	575200	S	6	0	6	0.0001169545
Corynebacterium frankenforstense	1230998	S	6	0	6	0.0001169545
Corynebacterium macginleyi	38290	S	6	0	6	0.0001169545
Dietzia psychralcaliphila	139021	S	5	1	6	0.0001169545
Microlunatus sagamiharensis	546874	S	6	0	6	0.0001169545
Tessaracoccus defluvii	1285901	S	4	2	6	0.0001169545
Auraticoccus monumenti	675864	S	6	0	6	0.0001169545
Aeromicrobium sp. zg-629	2663859	S	6	0	6	0.0001169545
Aeromicrobium marinum	219314	S	6	0	6	0.0001169545
Streptomyces sp. QMT-12	2717324	S	6	0	6	0.0001169545
Streptomyces sp. P3	2135430	S	6	0	6	0.0001169545
Streptomyces sp. SN-593	659352	S	6	0	6	0.0001169545
Streptomyces sp. RTd22	1841249	S	5	1	6	0.0001169545
Streptomyces sp. SUK 48	2582831	S	5	1	6	0.0001169545
Streptomyces sp. Mg1	465541	S	4	2	6	0.0001169545
Streptomyces sp. Tu6071	355249	S	2	4	6	0.0001169545
Streptomyces albireticuli	1940	S	6	0	6	0.0001169545
Streptomyces exfoliatus	1905	S	6	0	6	0.0001169545
Streptomyces spongiicola	1690221	S	6	0	6	0.0001169545
Streptomyces armeniacus	83291	S	6	0	6	0.0001169545
Streptomyces bingchenggensis	379067	S	6	0	6	0.0001169545
Streptomyces dengpaensis	2049881	S	6	0	6	0.0001169545
Streptomyces pristinaespiralis	38300	S	6	0	6	0.0001169545
Streptomyces mobaraensis	35621	S	6	0	6	0.0001169545
Streptomyces cattleya	29303	S	6	0	6	0.0001169545
Streptomyces gardneri	66892	S	5	1	6	0.0001169545
Streptomyces violaceusniger	68280	S	5	1	6	0.0001169545
Candidatus Nanopelagicus abundans	1884916	S	6	0	6	0.0001169545
Amycolatopsis orientalis	31958	S	5	1	6	0.0001169545
Prauserella marina	530584	S	6	0	6	0.0001169545
Lentzea guizhouensis	1586287	S	6	0	6	0.0001169545
Allokutzneria albata	211114	S	6	0	6	0.0001169545
Micromonospora terminaliae	1914461	S	5	1	6	0.0001169545
Micromonospora siamensis	299152	S	5	1	6	0.0001169545
Micromonospora coriariae	285665	S	5	1	6	0.0001169545
Micromonospora tulbaghiae	479978	S	3	3	6	0.0001169545
Actinoplanes friuliensis	196914	S	6	0	6	0.0001169545
Thermomonospora curvata	2020	S	6	0	6	0.0001169545
Nonomuraea nitratireducens	2656914	S	6	0	6	0.0001169545
Streptomonospora sp. M2	2498135	S	6	0	6	0.0001169545
Actinomyces oris	544580	S	4	2	6	0.0001169545
Candidatus Frankia datiscae	2716812	S	6	0	6	0.0001169545
Blastococcus saxobsidens	138336	S	6	0	6	0.0001169545
Jiangella sp. DSM 45060	1798224	S	5	1	6	0.0001169545
Bacillus cytotoxicus	580165	S	6	0	6	0.0001169545
Bacillus sp. FJAT-45348	2011012	S	6	0	6	0.0001169545
Bacillus pumilus	1408	S	6	0	6	0.0001169545
Anoxybacillus kamchatkensis	196180	S	3	3	6	0.0001169545
Virgibacillus halodenitrificans	1482	S	2	4	6	0.0001169545
Caldibacillus thermoamylovorans	35841	S	6	0	6	0.0001169545
Staphylococcus simulans	1286	S	6	0	6	0.0001169545
Staphylococcus hominis	1290	S	6	0	6	0.0001169545
Streptococcus suis	1307	S	6	0	6	0.0001169545
Streptococcus mitis	28037	S	5	1	6	0.0001169545
Streptococcus lutetiensis	150055	S	2	4	6	0.0001169545
Lactobacillus acetotolerans	1600	S	6	0	6	0.0001169545
Lactobacillus delbrueckii	1584	S	4	2	6	0.0001169545
Enterococcus mundtii	53346	S	6	0	6	0.0001169545
Lachnoclostridium phocaeense	1871021	S	5	1	6	0.0001169545
Lachnoclostridium sp. YL32	1834196	S	3	3	6	0.0001169545
Enterocloster bolteae	208479	S	6	0	6	0.0001169545
Clostridium saccharobutylicum	169679	S	6	0	6	0.0001169545
Clostridium kluyveri	1534	S	6	0	6	0.0001169545
Clostridium sporogenes	1509	S	2	4	6	0.0001169545
Oscillibacter sp. PEA192	2109687	S	2	4	6	0.0001169545
Ruthenibacterium lactatiformans	1550024	S	6	0	6	0.0001169545
Peptacetobacter hiranonis	89152	S	6	0	6	0.0001169545
Flintibacter sp. KGMB00164	2610895	S	6	0	6	0.0001169545
Monoglobus pectinilyticus	1981510	S	5	1	6	0.0001169545
Desulfitobacterium dichloroeliminans	233055	S	5	1	6	0.0001169545
Thermoanaerobacter mathranii	583357	S	1	5	6	0.0001169545
Selenomonas ruminantium	971	S	6	0	6	0.0001169545
Pelosinus fermentans	365349	S	6	0	6	0.0001169545
[Clostridium] innocuum	1522	S	5	1	6	0.0001169545
Moorea producens	1155739	S	6	0	6	0.0001169545
Crocosphaera subtropica	2546360	S	6	0	6	0.0001169545
Nostoc piscinale	224012	S	6	0	6	0.0001169545
Nostoc edaphicum	264686	S	5	1	6	0.0001169545
Trichormus azollae	1164	S	6	0	6	0.0001169545
Calothrix sp. NIES-2098	1954171	S	3	3	6	0.0001169545
Tolypothrix sp. PCC 7910	2099387	S	4	2	6	0.0001169545
Synechococcus sp. PCC 7003	374981	S	5	1	6	0.0001169545
Synechocystis sp. PCC 6714	1147	S	1	5	6	0.0001169545
cyanobacterium endosymbiont of Epithemia turgida	718217	S	5	1	6	0.0001169545
Mycoplasma sp. OR1901	2742195	S	6	0	6	0.0001169545
Spiroplasma culicicola	216935	S	6	0	6	0.0001169545
Spiroplasma syrphidicola	216945	S	6	0	6	0.0001169545
Deinococcus irradiatisoli	2202254	S	6	0	6	0.0001169545
Deinococcus swuensis	1182571	S	6	0	6	0.0001169545
Brevefilum fermentans	1986204	S	6	0	6	0.0001169545
Caldilinea aerophila	133453	S	6	0	6	0.0001169545
Flavobacterium magnum	2162713	S	6	0	6	0.0001169545
Capnocytophaga sp. FDAARGOS_737	2545799	S	5	1	6	0.0001169545
Nonlabens dokdonensis	328515	S	6	0	6	0.0001169545
Nonlabens spongiae	331648	S	5	1	6	0.0001169545
Tenacibaculum maritimum	107401	S	6	0	6	0.0001169545
Tenacibaculum mesophilum	104268	S	5	1	6	0.0001169545
Muricauda ruestringensis	111501	S	6	0	6	0.0001169545
Aquimarina sp. AD10	1714849	S	6	0	6	0.0001169545
Dokdonia sp. MED134	313590	S	4	2	6	0.0001169545
Algibacter sp. L3A6	2686366	S	5	1	6	0.0001169545
Arenibacter algicola	616991	S	6	0	6	0.0001169545
Zobellia galactanivorans	63186	S	6	0	6	0.0001169545
Chryseobacterium sp. NBC 122	2547600	S	6	0	6	0.0001169545
Empedobacter stercoris	1628248	S	5	1	6	0.0001169545
Ornithobacterium rhinotracheale	28251	S	5	1	6	0.0001169545
Bacteroides sp. M10	2763022	S	4	2	6	0.0001169545
Bacteroides caecimuris	1796613	S	5	1	6	0.0001169545
Alistipes communis	2585118	S	6	0	6	0.0001169545
Coprobacter sp. 2CBH44	2751153	S	6	0	6	0.0001169545
Draconibacterium sp. M1	2706887	S	6	0	6	0.0001169545
Pedobacter sp. eg	2201271	S	6	0	6	0.0001169545
Mucilaginibacter sp. F39-2	2728022	S	6	0	6	0.0001169545
Mucilaginibacter ginsenosidivorans	398053	S	6	0	6	0.0001169545
Sphingobacterium sp. ML3W	1538644	S	6	0	6	0.0001169545
Sphingobacterium sp. dk4302	2662364	S	6	0	6	0.0001169545
Sphingobacterium sp. DR205	2713573	S	6	0	6	0.0001169545
Spirosoma montaniterrae	1178516	S	6	0	6	0.0001169545
Hymenobacter swuensis	1446467	S	6	0	6	0.0001169545
Hymenobacter radiodurans	2496028	S	3	3	6	0.0001169545
Adhaeribacter swui	2086471	S	6	0	6	0.0001169545
Echinicola rosea	1807691	S	5	1	6	0.0001169545
Marivirga tractuosa	1006	S	5	1	6	0.0001169545
Mariniblastus fucicola	980251	S	6	0	6	0.0001169545
Thermogutta terrifontis	1331910	S	6	0	6	0.0001169545
Gimesia maris	122	S	6	0	6	0.0001169545
Gimesia aquarii	2527964	S	6	0	6	0.0001169545
Fuerstia marisgermanicae	1891926	S	6	0	6	0.0001169545
Poriferisphaera corsica	2528020	S	6	0	6	0.0001169545
Treponema azotonutricium	150829	S	6	0	6	0.0001169545
Brachyspira pilosicoli	52584	S	6	0	6	0.0001169545
Brachyspira intermedia	84377	S	6	0	6	0.0001169545
Leptospira tipperaryensis	2564040	S	6	0	6	0.0001169545
Acidobacterium capsulatum	33075	S	6	0	6	0.0001169545
Candidatus Koribacter versatilis	658062	S	6	0	6	0.0001169545
Candidatus Endomicrobium trichonymphae	1408204	S	5	1	6	0.0001169545
Methanosarcina mazei	2209	S	6	0	6	0.0001169545
Methanosarcina lacustris	170861	S	6	0	6	0.0001169545
Methanosarcina acetivorans	2214	S	5	1	6	0.0001169545
Chimeric virus 14	1608440	S	6	0	6	0.0001169545
Burkholderia anthina	179879	S	3	2	5	0.0000974621
Paraburkholderia sp. 7MH5	2547399	S	5	0	5	0.0000974621
Paraburkholderia acidisoli	2571748	S	5	0	5	0.0000974621
Caballeronia sp. SBC1	2705548	S	2	3	5	0.0000974621
Caballeronia insecticola	758793	S	5	0	5	0.0000974621
Bordetella bronchialis	463025	S	5	0	5	0.0000974621
Alcaligenes sp. SORT26	2813780	S	5	0	5	0.0000974621
Pigmentiphaga aceris	1940612	S	5	0	5	0.0000974621
Basilea psittacipulmonis	1472345	S	5	0	5	0.0000974621
Rugosibacter aromaticivorans	1565605	S	5	0	5	0.0000974621
Chromobacterium sp. Rain0013	2292447	S	4	1	5	0.0000974621
Aquitalea denitrificans	519081	S	4	1	5	0.0000974621
Neisseria chenwenguii	1853278	S	5	0	5	0.0000974621
Neisseria subflava	28449	S	4	1	5	0.0000974621
Simonsiella muelleri	72	S	5	0	5	0.0000974621
Eikenella corrodens	539	S	5	0	5	0.0000974621
Snodgrassella alvi	1196083	S	5	0	5	0.0000974621
Methylovorus glucosotrophus	266009	S	4	1	5	0.0000974621
Candidatus Nitrotoga sp. AM1P	2559597	S	5	0	5	0.0000974621
Pseudomonas sp. 31-12	2201356	S	5	0	5	0.0000974621
Pseudomonas sp. DTU12.3	2073078	S	5	0	5	0.0000974621
Pseudomonas sp. NS1(2017)	2025658	S	5	0	5	0.0000974621
Pseudomonas sp. K2W31S-8	2320867	S	5	0	5	0.0000974621
Pseudomonas sp. SCB32	2653853	S	5	0	5	0.0000974621
Pseudomonas sp. HLS-6	2049589	S	5	0	5	0.0000974621
Pseudomonas sp. NC02	2067572	S	2	3	5	0.0000974621
Pseudomonas sp. SWI36	2083052	S	2	3	5	0.0000974621
Pseudomonas corrugata	47879	S	5	0	5	0.0000974621
Pseudomonas poae	200451	S	4	1	5	0.0000974621
Pseudomonas rhodesiae	76760	S	4	1	5	0.0000974621
Pseudomonas nitroreducens	46680	S	4	1	5	0.0000974621
Pseudomonas multiresinivorans	95301	S	4	1	5	0.0000974621
Pseudomonas cichorii	36746	S	5	0	5	0.0000974621
Pseudomonas balearica	74829	S	3	2	5	0.0000974621
Pseudomonas lundensis	86185	S	5	0	5	0.0000974621
Pseudomonas umsongensis	198618	S	5	0	5	0.0000974621
Pseudomonas cremoricolorata	157783	S	5	0	5	0.0000974621
Pseudomonas arsenicoxydans	702115	S	5	0	5	0.0000974621
Pseudomonas xinjiangensis	487184	S	5	0	5	0.0000974621
Acinetobacter sp. SWBY1	2079596	S	2	3	5	0.0000974621
Acinetobacter sp. FDAARGOS_724	2545797	S	1	4	5	0.0000974621
Psychrobacter sp. P11G3	1699623	S	5	0	5	0.0000974621
Psychrobacter sp.	56811	S	4	1	5	0.0000974621
Stenotrophomonas sp. YAU14A_MKIMI4_1	2072408	S	1	4	5	0.0000974621
Stenotrophomonas sp. SAU14A_NAIMI4_8	2072409	S	1	4	5	0.0000974621
Stenotrophomonas sp. LM091	1904944	S	5	0	5	0.0000974621
Stenotrophomonas sp. NA06056	2742129	S	5	0	5	0.0000974621
Xanthomonas sp. LMG 31887	2775162	S	2	3	5	0.0000974621
Xanthomonas hyacinthi	56455	S	4	1	5	0.0000974621
Xanthomonas euroxanthea	2259622	S	3	2	5	0.0000974621
Lysobacter sp. HDW10	2714936	S	5	0	5	0.0000974621
Lysobacter capsici	435897	S	5	0	5	0.0000974621
Lysobacter lycopersici	1324796	S	5	0	5	0.0000974621
Thermomonas brevis	215691	S	5	0	5	0.0000974621
Xylella taiwanensis	1444770	S	5	0	5	0.0000974621
Dyella sp. M7H15-1	2501295	S	5	0	5	0.0000974621
Enterobacter sp. E76	2596949	S	3	2	5	0.0000974621
Enterobacter sp. RHBSTW-00593	2742656	S	1	4	5	0.0000974621
Enterobacteriaceae endosymbiont of Donacia bicoloricornis	2675772	S	4	1	5	0.0000974621
Shimwellia blattae	563	S	5	0	5	0.0000974621
Serratia sp. ATCC 39006	104623	S	5	0	5	0.0000974621
Serratia proteamaculans	28151	S	5	0	5	0.0000974621
Yersinia kristensenii	28152	S	2	3	5	0.0000974621
Erwinia amylovora	552	S	5	0	5	0.0000974621
Tatumella citrea	53336	S	5	0	5	0.0000974621
Proteus terrae	1574161	S	1	4	5	0.0000974621
Pectobacterium parmentieri	1905730	S	5	0	5	0.0000974621
Pectobacterium brasiliense	180957	S	4	1	5	0.0000974621
Dickeya fangzhongdai	1778540	S	2	3	5	0.0000974621
Hafnia paralvei	546367	S	5	0	5	0.0000974621
Sodalis praecaptivus	1239307	S	1	4	5	0.0000974621
Halomonas sp. 1513	1883416	S	5	0	5	0.0000974621
Halomonas meridiana	29570	S	4	1	5	0.0000974621
Kushneria marisflavi	157779	S	4	1	5	0.0000974621
Catenovulum sediminis	1740262	S	5	0	5	0.0000974621
Shewanella donghaensis	238836	S	5	0	5	0.0000974621
Shewanella baltica	62322	S	4	1	5	0.0000974621
Pseudoalteromonas xiamenensis	882626	S	5	0	5	0.0000974621
Pseudoalteromonas rubra	43658	S	5	0	5	0.0000974621
Pseudoalteromonas donghaensis	621376	S	1	4	5	0.0000974621
Pseudoalteromonas lipolytica	570156	S	1	4	5	0.0000974621
Thalassotalea sp. PS06	2594005	S	5	0	5	0.0000974621
Allochromatium vinosum	1049	S	5	0	5	0.0000974621
Acidihalobacter aeolianus	2792603	S	5	0	5	0.0000974621
Acidihalobacter yilgarnenesis	2819280	S	5	0	5	0.0000974621
Ectothiorhodospira sp. BSL-9	1442136	S	5	0	5	0.0000974621
Thiohalobacter thiocyanaticus	585455	S	1	4	5	0.0000974621
Aeromonas sp. CA23	2033032	S	5	0	5	0.0000974621
Vibrio metschnikovii	28172	S	5	0	5	0.0000974621
Vibrio aphrogenes	1891186	S	5	0	5	0.0000974621
Microbulbifer sp. YPW1	2745199	S	4	1	5	0.0000974621
Halioglobus pacificus	930806	S	5	0	5	0.0000974621
Haemophilus haemolyticus	726	S	4	1	5	0.0000974621
Legionella cherrii	28084	S	5	0	5	0.0000974621
Legionella longbeachae	450	S	5	0	5	0.0000974621
Coxiella burnetii	777	S	5	0	5	0.0000974621
Candidatus Coxiella mudrowiae	2054173	S	5	0	5	0.0000974621
Hydrogenovibrio marinus	28885	S	5	0	5	0.0000974621
Methylophaga frappieri	754477	S	4	1	5	0.0000974621
Francisella philomiragia	28110	S	3	2	5	0.0000974621
Methylomonas methanica	421	S	5	0	5	0.0000974621
Methylomonas denitrificans	1538553	S	5	0	5	0.0000974621
Methylotuvimicrobium buryatense	95641	S	4	1	5	0.0000974621
Candidatus Thioglobus singularis	1427364	S	5	0	5	0.0000974621
Salinisphaera sp. LB1	2183911	S	5	0	5	0.0000974621
Bradyrhizobium sp. CCBAU 51765	1325102	S	4	1	5	0.0000974621
Bradyrhizobium sp. CCBAU 53421	1325120	S	4	1	5	0.0000974621
Bradyrhizobium sp. PSBB068	2715960	S	4	1	5	0.0000974621
Bradyrhizobium amphicarpaeae	1404768	S	4	1	5	0.0000974621
Agrobacterium fabrum	1176649	S	3	2	5	0.0000974621
Neorhizobium sp. SOG26	2060726	S	5	0	5	0.0000974621
Mesorhizobium sp. NBSH29	2654249	S	5	0	5	0.0000974621
Mesorhizobium sp. M4B.F.Ca.ET.058.02.1.1	2493675	S	4	1	5	0.0000974621
Mesorhizobium sp. NZP2298	2483403	S	4	1	5	0.0000974621
Methylobacterium sp. AMS5	925818	S	4	1	5	0.0000974621
Blastochloris viridis	1079	S	5	0	5	0.0000974621
Methyloceanibacter sp. wino2	2170729	S	5	0	5	0.0000974621
Candidatus Filomicrobium marinum	1608628	S	5	0	5	0.0000974621
Pelagibacterium halotolerans	531813	S	5	0	5	0.0000974621
Methyloligella sp. GL2	2742204	S	5	0	5	0.0000974621
Youhaiella tibetensis	1447062	S	5	0	5	0.0000974621
Starkeya novella	921	S	4	1	5	0.0000974621
Methylocystis parvus	134	S	5	0	5	0.0000974621
Methylosinus trichosporium	426	S	5	0	5	0.0000974621
Beijerinckia indica	533	S	5	0	5	0.0000974621
Sphingomonas daechungensis	1176646	S	5	0	5	0.0000974621
Sphingobium sp. Cam5-1	2789327	S	4	1	5	0.0000974621
Sphingorhabdus sp. YGSMI21	2077182	S	5	0	5	0.0000974621
Altererythrobacter sp. BO-6	2604537	S	5	0	5	0.0000974621
Altererythrobacter atlanticus	1267766	S	4	1	5	0.0000974621
Qipengyuania sediminis	1532023	S	5	0	5	0.0000974621
Sandaracinobacter sp. M6	2759707	S	5	0	5	0.0000974621
Paracoccus sp. H4-D09	2812658	S	5	0	5	0.0000974621
Paracoccus kondratievae	135740	S	5	0	5	0.0000974621
Paracoccus suum	2259340	S	5	0	5	0.0000974621
Octadecabacter antarcticus	1217908	S	5	0	5	0.0000974621
Pseudopuniceibacterium antarcticum	2613965	S	5	0	5	0.0000974621
Pelagovum pacificum	2588711	S	5	0	5	0.0000974621
Silicimonas algicola	1826607	S	5	0	5	0.0000974621
Defluviicoccus vanus	111831	S	5	0	5	0.0000974621
Ferrovibrio terrae	2594003	S	5	0	5	0.0000974621
Haematospirillum jordaniae	1549855	S	5	0	5	0.0000974621
Gluconobacter oxydans	442	S	2	3	5	0.0000974621
Asaia bogorensis	91915	S	5	0	5	0.0000974621
Wolbachia endosymbiont of Folsomia candida	169402	S	5	0	5	0.0000974621
Candidatus Pelagibacter giovannonii	2563896	S	5	0	5	0.0000974621
Glycocaulis alkaliphilus	1434191	S	5	0	5	0.0000974621
Kordiimonas pumila	2161677	S	5	0	5	0.0000974621
Arcobacter anaerophilus	877500	S	5	0	5	0.0000974621
Campylobacter fetus	196	S	5	0	5	0.0000974621
Campylobacter pinnipediorum	1965231	S	5	0	5	0.0000974621
Helicobacter bilis	37372	S	5	0	5	0.0000974621
Geobacter sp. FeAm09	2597769	S	5	0	5	0.0000974621
Geobacter lovleyi	313985	S	5	0	5	0.0000974621
Syntrophotalea carbinolica	19	S	5	0	5	0.0000974621
Desulfovibrio sp. IOR2	2583823	S	5	0	5	0.0000974621
Desulfovibrio sp. 86	2666132	S	4	1	5	0.0000974621
Desulfovibrio carbinoliphilus	345370	S	5	0	5	0.0000974621
Desulfovibrio alaskensis	58180	S	3	2	5	0.0000974621
Pseudodesulfovibrio aespoeensis	182210	S	4	1	5	0.0000974621
Desulfonema limicola	45656	S	5	0	5	0.0000974621
Hippea maritima	84405	S	5	0	5	0.0000974621
Hydrogenophilus thermoluteolus	297	S	5	0	5	0.0000974621
Microbacterium sp. A18JL200	2782167	S	4	1	5	0.0000974621
Microbacterium sp. PAMC 28756	1795053	S	2	3	5	0.0000974621
Microbacterium oryzae	743009	S	5	0	5	0.0000974621
Microbacterium endophyticum	1526412	S	5	0	5	0.0000974621
Microbacterium schleiferi	69362	S	4	1	5	0.0000974621
Rathayibacter tanaceti	1671680	S	5	0	5	0.0000974621
Curtobacterium sp. BH-2-1-1	1905847	S	4	1	5	0.0000974621
Curtobacterium sp. 24E2	2804758	S	4	1	5	0.0000974621
Agromyces sp. LHK192	2498704	S	4	1	5	0.0000974621
Aurantimicrobium sp. MWH-Uga1	2079575	S	3	2	5	0.0000974621
Salinibacterium sp. ZJ450	2708338	S	5	0	5	0.0000974621
Microcella alkaliphila	279828	S	5	0	5	0.0000974621
Arthrobacter sp. NEB 688	904039	S	5	0	5	0.0000974621
Rothia nasimurium	85336	S	4	1	5	0.0000974621
Actinotalea sp. JY-7876	2758442	S	5	0	5	0.0000974621
Ornithinimicrobium sp. H23M54	2594265	S	5	0	5	0.0000974621
Cellulosimicrobium cellulans	1710	S	3	2	5	0.0000974621
Xylanimonas cellulosilytica	186189	S	5	0	5	0.0000974621
Ruania sp. HY168	2603206	S	5	0	5	0.0000974621
Miniimonas sp. S16	2171623	S	4	1	5	0.0000974621
Mycolicibacterium sediminis	1286180	S	5	0	5	0.0000974621
Mycolicibacterium chitae	1792	S	5	0	5	0.0000974621
Mycolicibacterium fortuitum	1766	S	5	0	5	0.0000974621
Mycolicibacterium sarraceniae	1534348	S	5	0	5	0.0000974621
Mycolicibacterium frederiksbergense	117567	S	4	1	5	0.0000974621
Mycobacterium sp. EPa45	1545728	S	5	0	5	0.0000974621
Mycobacterium sp. PYR15	2051552	S	4	1	5	0.0000974621
Mycobacterium sp. KMS	189918	S	1	4	5	0.0000974621
Mycobacterium avium	1764	S	5	0	5	0.0000974621
Mycobacterium branderi	43348	S	5	0	5	0.0000974621
Mycolicibacter minnesotensis	1118379	S	5	0	5	0.0000974621
Rhodococcus hoagii	43767	S	5	0	5	0.0000974621
Nocardia wallacei	480035	S	5	0	5	0.0000974621
Corynebacterium glucuronolyticum	39791	S	5	0	5	0.0000974621
Corynebacterium callunae	1721	S	4	1	5	0.0000974621
Corynebacterium pelargi	1471400	S	4	1	5	0.0000974621
Corynebacterium simulans	146827	S	3	2	5	0.0000974621
Tessaracoccus aquimaris	1332264	S	4	1	5	0.0000974621
Nocardioides sp. HDW12B	2714939	S	5	0	5	0.0000974621
Nocardioides baekrokdamisoli	1804624	S	5	0	5	0.0000974621
Nocardioides cynanchi	2558918	S	5	0	5	0.0000974621
Nocardioides anomalus	2712223	S	5	0	5	0.0000974621
Aeromicrobium yanjiei	2662028	S	5	0	5	0.0000974621
Friedmanniella luteola	546871	S	5	0	5	0.0000974621
Mumia sp. ZJ1417	2708082	S	5	0	5	0.0000974621
Pimelobacter simplex	2045	S	4	1	5	0.0000974621
Streptomyces sp. SAT1	1849967	S	5	0	5	0.0000974621
Streptomyces sp. Z423-1	2730915	S	5	0	5	0.0000974621
Streptomyces sp. GS7	2692234	S	5	0	5	0.0000974621
Streptomyces sp. CCM_MD2014	1561022	S	4	1	5	0.0000974621
Streptomyces sp. RLB1-33	2721243	S	4	1	5	0.0000974621
Streptomyces subrutilus	36818	S	5	0	5	0.0000974621
Streptomyces bathyalis	2710756	S	5	0	5	0.0000974621
Streptomyces chartreusis	1969	S	5	0	5	0.0000974621
Streptomyces cadmiisoli	2184053	S	5	0	5	0.0000974621
Streptomyces cyaneochromogenes	2496836	S	5	0	5	0.0000974621
Streptomyces rapamycinicus	1226757	S	5	0	5	0.0000974621
Streptomyces rimosus	1927	S	5	0	5	0.0000974621
Streptomyces antibioticus	1890	S	5	0	5	0.0000974621
Streptomyces ambofaciens	1889	S	4	1	5	0.0000974621
Streptacidiphilus sp. PB12-B1b	2705012	S	5	0	5	0.0000974621
Amycolatopsis sp. YIM 10	2653857	S	5	0	5	0.0000974621
Amycolatopsis methanolica	1814	S	5	0	5	0.0000974621
Saccharopolyspora coralli	2665642	S	5	0	5	0.0000974621
Saccharopolyspora pogona	333966	S	1	4	5	0.0000974621
Saccharomonospora glauca	40990	S	5	0	5	0.0000974621
Micromonospora sp. WMMA2032	2039870	S	4	1	5	0.0000974621
Micromonospora rifamycinica	291594	S	4	1	5	0.0000974621
Gardnerella vaginalis	2702	S	5	0	5	0.0000974621
Actinomyces sp. HMT 175	2789425	S	2	3	5	0.0000974621
Nakamurella sp. PAMC28650	2762325	S	5	0	5	0.0000974621
Kineococcus radiotolerans	131568	S	5	0	5	0.0000974621
Actinopolyspora erythraea	414996	S	5	0	5	0.0000974621
Adlercreutzia equolifaciens	446660	S	2	3	5	0.0000974621
Rubrobacter radiotolerans	42256	S	5	0	5	0.0000974621
Egibacter rhizosphaerae	1670831	S	5	0	5	0.0000974621
Bacillus cohnii	33932	S	5	0	5	0.0000974621
Bacillus altitudinis	293387	S	4	1	5	0.0000974621
Priestia flexa	86664	S	5	0	5	0.0000974621
Lysinibacillus sphaericus	1421	S	4	1	5	0.0000974621
Alkalihalobacillus clausii	79880	S	5	0	5	0.0000974621
Alkalihalobacillus miscanthi	2598861	S	5	0	5	0.0000974621
Cytobacillus kochii	859143	S	5	0	5	0.0000974621
Pontibacillus sp. ALD_SL1	2777185	S	5	0	5	0.0000974621
Mesobacillus jeotgali	129985	S	5	0	5	0.0000974621
Jeotgalicoccus saudimassiliensis	1461582	S	5	0	5	0.0000974621
Macrococcus caseolyticus	69966	S	2	3	5	0.0000974621
Paenibacillus rhizovicinus	2704463	S	5	0	5	0.0000974621
Brevibacillus sp. SCSIO 07484	2496837	S	5	0	5	0.0000974621
Cohnella candidum	2674991	S	5	0	5	0.0000974621
Planococcus antarcticus	161360	S	5	0	5	0.0000974621
Sporosarcina sp. PTS2304	2283194	S	5	0	5	0.0000974621
Kurthia zopfii	1650	S	5	0	5	0.0000974621
Listeria grayi	1641	S	5	0	5	0.0000974621
Gemella haemolysans	1379	S	5	0	5	0.0000974621
Streptococcus constellatus	76860	S	2	3	5	0.0000974621
Lactococcus piscium	1364	S	5	0	5	0.0000974621
Lactobacillus ultunensis	227945	S	5	0	5	0.0000974621
Leuconostoc gelidum	1244	S	5	0	5	0.0000974621
Leuconostoc citreum	33964	S	3	2	5	0.0000974621
Leuconostoc kimchii	136609	S	1	4	5	0.0000974621
Weissella hellenica	46256	S	5	0	5	0.0000974621
Companilactobacillus paralimentarius	83526	S	5	0	5	0.0000974621
Lactiplantibacillus pentosus	1589	S	5	0	5	0.0000974621
Pediococcus acidilactici	1254	S	5	0	5	0.0000974621
Lacticaseibacillus casei	1582	S	5	0	5	0.0000974621
Dolosigranulum pigrum	29394	S	5	0	5	0.0000974621
Coprococcus sp. ART55/1	751585	S	4	1	5	0.0000974621
Roseburia hominis	301301	S	4	1	5	0.0000974621
[Clostridium] hylemonae	89153	S	5	0	5	0.0000974621
Anaerocolumna sedimenticola	2696063	S	5	0	5	0.0000974621
Cellulosilyticum sp. WCF-2	2497860	S	3	2	5	0.0000974621
Clostridium tetani	1513	S	5	0	5	0.0000974621
Clostridium bornimense	1216932	S	5	0	5	0.0000974621
Clostridium intestinale	36845	S	5	0	5	0.0000974621
Clostridium scatologenes	1548	S	4	1	5	0.0000974621
Candidatus Syntrophocurvum alkaliphilum	2293317	S	5	0	5	0.0000974621
Parvimonas micra	33033	S	4	1	5	0.0000974621
Trichodesmium erythraeum	1206	S	4	1	5	0.0000974621
Nostoc sp. PCC 7524	28072	S	5	0	5	0.0000974621
Nostoc sp. TCL26-01	2576904	S	5	0	5	0.0000974621
Nostoc sp. NIES-2111	1973475	S	3	2	5	0.0000974621
Synechococcus sp. CBW1107	2789857	S	5	0	5	0.0000974621
Synechococcus sp. CB0101	232348	S	5	0	5	0.0000974621
Synechococcus sp. JA-2-3B'a(2-13)	321332	S	5	0	5	0.0000974621
Leptolyngbya sp. PCC 7376	111781	S	5	0	5	0.0000974621
Deinococcus radiodurans	1299	S	5	0	5	0.0000974621
Flavobacterium arcticum	1784713	S	5	0	5	0.0000974621
Polaribacter sp. Hel1_33_78	1336804	S	5	0	5	0.0000974621
Polaribacter sp. KT25b	1855336	S	5	0	5	0.0000974621
Capnocytophaga sputigena	1019	S	5	0	5	0.0000974621
Capnocytophaga ochracea	1018	S	3	2	5	0.0000974621
Winogradskyella sediminis	1382466	S	4	1	5	0.0000974621
Nonlabens marinus	930802	S	5	0	5	0.0000974621
Tenacibaculum todarodis	1850252	S	4	1	5	0.0000974621
Muricauda lutaonensis	516051	S	5	0	5	0.0000974621
Formosa sp. Hel1_33_131	1336794	S	5	0	5	0.0000974621
Aquimarina sp. AD1	1714848	S	5	0	5	0.0000974621
Gramella fulva	2126553	S	5	0	5	0.0000974621
Olleya aquimaris	639310	S	4	1	5	0.0000974621
Leeuwenhoekiella sp. ZYFB001	2719912	S	5	0	5	0.0000974621
Lutibacter profundi	1622118	S	5	0	5	0.0000974621
Altibacter sp. ALE3EI	2562285	S	5	0	5	0.0000974621
Seonamhaeicola sp. S2-3	1936081	S	5	0	5	0.0000974621
Chryseobacterium sp. SNU WT5	2594269	S	5	0	5	0.0000974621
Chryseobacterium glaciei	1685010	S	5	0	5	0.0000974621
Chryseobacterium camelliae	1265445	S	4	1	5	0.0000974621
Kaistella flava (ex Peng et al. 2021)	2038776	S	5	0	5	0.0000974621
Elizabethkingia meningoseptica	238	S	5	0	5	0.0000974621
Elizabethkingia anophelis	1117645	S	2	3	5	0.0000974621
Owenweeksia hongkongensis	253245	S	5	0	5	0.0000974621
Croceimicrobium hydrocarbonivorans	2761580	S	5	0	5	0.0000974621
Prevotella melaninogenica	28132	S	4	1	5	0.0000974621
Alistipes megaguti	2364787	S	5	0	5	0.0000974621
Porphyromonas gingivalis	837	S	5	0	5	0.0000974621
Draconibacterium orientale	1168034	S	5	0	5	0.0000974621
Labilibaculum antarcticum	1717717	S	5	0	5	0.0000974621
Mucilaginibacter xinganensis	1234841	S	5	0	5	0.0000974621
Anseongella ginsenosidimutans	496056	S	5	0	5	0.0000974621
Hymenobacter sp. PAMC 26554	1484116	S	5	0	5	0.0000974621
Hymenobacter jejuensis	2502781	S	5	0	5	0.0000974621
Pontibacter korlensis	400092	S	5	0	5	0.0000974621
Arachidicoccus sp. BS20	1850526	S	5	0	5	0.0000974621
Niabella soli	446683	S	5	0	5	0.0000974621
Niabella ginsenosidivorans	1176587	S	5	0	5	0.0000974621
Flavisolibacter ginsenosidimutans	661481	S	5	0	5	0.0000974621
Salinibacter ruber	146919	S	5	0	5	0.0000974621
Gemmatimonas aurantiaca	173480	S	5	0	5	0.0000974621
Bremerella volcania	2527984	S	5	0	5	0.0000974621
Calycomorphotria hydatis	2528027	S	5	0	5	0.0000974621
Maioricimonas rarisocia	2528026	S	5	0	5	0.0000974621
Thalassoglobus polymorphus	2527994	S	5	0	5	0.0000974621
Coraliomargarita akajimensis	395922	S	5	0	5	0.0000974621
Candidatus Protochlamydia amoebophila	362787	S	5	0	5	0.0000974621
Parachlamydia acanthamoebae	83552	S	5	0	5	0.0000974621
Treponema pedis	409322	S	4	1	5	0.0000974621
Brachyspira hampsonii	1287055	S	5	0	5	0.0000974621
Turneriella parva	29510	S	5	0	5	0.0000974621
Granulicella mallensis	940614	S	5	0	5	0.0000974621
Terriglobus roseus	392734	S	5	0	5	0.0000974621
Terriglobus albidus	1592106	S	5	0	5	0.0000974621
Chloracidobacterium thermophilum	458033	S	5	0	5	0.0000974621
Leptotrichia trevisanii	109328	S	4	1	5	0.0000974621
Candidatus Nitrospira inopinata	1715989	S	5	0	5	0.0000974621
Methanosarcina barkeri	2208	S	5	0	5	0.0000974621
Halosimplex pelagicum	869886	S	4	1	5	0.0000974621
Methanosphaera stadtmanae	2317	S	5	0	5	0.0000974621
Methanococcus voltae	2188	S	5	0	5	0.0000974621
Methanococcus maripaludis	39152	S	4	1	5	0.0000974621
Nitrosarchaeum sp. AC2	2259673	S	5	0	5	0.0000974621
Pseudomonas virus PaMx25	1982241	S	1	4	5	0.0000974621
Rhodoferax phage P26218	1636270	S	5	0	5	0.0000974621
Streptomyces phage WRightOn	2053723	S	1	4	5	0.0000974621
Burkholderia diffusa	488732	S	3	1	4	0.0000779697
Burkholderia sp. THE68	758782	S	4	0	4	0.0000779697
Burkholderia sp. MS389	2811789	S	3	1	4	0.0000779697
Burkholderia sp. PAMC 26561	1795043	S	2	2	4	0.0000779697
Burkholderia sp. MSMB617WGS	1637831	S	2	2	4	0.0000779697
Burkholderia sp. MSMB1588	1636423	S	1	3	4	0.0000779697
Paraburkholderia tropica	92647	S	4	0	4	0.0000779697
Paraburkholderia acidophila	265293	S	2	2	4	0.0000779697
Pandoraea norimbergensis	93219	S	4	0	4	0.0000779697
Caballeronia sp. SBC2	2705547	S	2	2	4	0.0000779697
Advenella mimigardefordensis	302406	S	4	0	4	0.0000779697
Advenella kashmirensis	310575	S	4	0	4	0.0000779697
Pelistega ratti	2652177	S	4	0	4	0.0000779697
Paenalcaligenes hominis	643674	S	4	0	4	0.0000779697
Chromobacterium vaccinii	1108595	S	4	0	4	0.0000779697
Chromobacterium paludis	2605945	S	4	0	4	0.0000779697
Aquitalea aquatilis	1537400	S	4	0	4	0.0000779697
Neisseria sicca	490	S	3	1	4	0.0000779697
Neisseria meningitidis	487	S	2	2	4	0.0000779697
Alysiella filiformis	194196	S	4	0	4	0.0000779697
Sulfuriferula nivalis	2675298	S	4	0	4	0.0000779697
Sulfuricella denitrificans	649841	S	4	0	4	0.0000779697
Pseudomonas sp. R84	1573712	S	4	0	4	0.0000779697
Pseudomonas sp. R32	1573704	S	4	0	4	0.0000779697
Pseudomonas sp. S-6-2	1931241	S	4	0	4	0.0000779697
Pseudomonas sp. RtIB026	2749999	S	4	0	4	0.0000779697
Pseudomonas sp. LAB-08	143813	S	4	0	4	0.0000779697
Pseudomonas sp. TCU-HL1	1856685	S	4	0	4	0.0000779697
Pseudomonas sp. DG56-2	2320270	S	4	0	4	0.0000779697
Pseudomonas sp. UW4	1207075	S	3	1	4	0.0000779697
Pseudomonas sp. B10	118613	S	3	1	4	0.0000779697
Pseudomonas sp. NIBRBAC000502773	2590776	S	3	1	4	0.0000779697
Pseudomonas sp. THAF7b	2587845	S	2	2	4	0.0000779697
Pseudomonas sp. CFSAN084952	2664899	S	1	3	4	0.0000779697
Pseudomonas cedrina	651740	S	4	0	4	0.0000779697
Pseudomonas coronafaciens	53409	S	4	0	4	0.0000779697
Pseudomonas guangdongensis	1245526	S	4	0	4	0.0000779697
Pseudomonas oryzae	1392877	S	4	0	4	0.0000779697
Pseudomonas versuta	1788301	S	4	0	4	0.0000779697
Pseudomonas pelagia	553151	S	4	0	4	0.0000779697
Pseudomonas marincola	437900	S	4	0	4	0.0000779697
Pseudomonas vancouverensis	95300	S	4	0	4	0.0000779697
Pseudomonas parafulva	157782	S	4	0	4	0.0000779697
Pseudomonas bijieensis	2681983	S	1	3	4	0.0000779697
Azotobacter salinestris	69964	S	3	1	4	0.0000779697
Acinetobacter sp. Marseille-Q1620	2714110	S	4	0	4	0.0000779697
Acinetobacter nosocomialis	106654	S	3	1	4	0.0000779697
Acinetobacter defluvii	1871111	S	3	1	4	0.0000779697
Acinetobacter ursingii	108980	S	3	1	4	0.0000779697
Psychrobacter sp. P2G3	1699622	S	2	2	4	0.0000779697
Aquirhabdus parva	2283318	S	4	0	4	0.0000779697
Stenotrophomonas sp. ZAC14D2_NAIMI4_6	2072406	S	2	2	4	0.0000779697
Xanthomonas vasicola	56459	S	4	0	4	0.0000779697
Xanthomonas arboricola	56448	S	3	1	4	0.0000779697
Xanthomonas vesicatoria	56460	S	3	1	4	0.0000779697
Lysobacter alkalisoli	2591633	S	4	0	4	0.0000779697
Lysobacter arenosi	2795387	S	4	0	4	0.0000779697
Luteimonas granuli	1176533	S	4	0	4	0.0000779697
Klebsiella grimontii	2058152	S	1	3	4	0.0000779697
Enterobacter ludwigii	299767	S	2	2	4	0.0000779697
Enterobacter sp. RHBSTW-00175	2742639	S	3	1	4	0.0000779697
Cronobacter dublinensis	413497	S	4	0	4	0.0000779697
Serratia symbiotica	138074	S	4	0	4	0.0000779697
Yersinia rohdei	29485	S	4	0	4	0.0000779697
Pantoea sp. At-9b	592316	S	4	0	4	0.0000779697
Pantoea cypripedii	55209	S	4	0	4	0.0000779697
Morganella morganii	582	S	4	0	4	0.0000779697
Pectobacterium versatile	2488639	S	3	1	4	0.0000779697
Hafnia alvei	569	S	3	1	4	0.0000779697
Obesumbacterium proteus	82983	S	3	1	4	0.0000779697
Halomonas sp. YLGW01	2773308	S	4	0	4	0.0000779697
Halomonas sp. MCCC 1A13718	2733488	S	4	0	4	0.0000779697
Halomonas sp. MCCC 1A13316	2733487	S	4	0	4	0.0000779697
Zymobacter palmae	33074	S	4	0	4	0.0000779697
Salinicola tamaricis	1771309	S	4	0	4	0.0000779697
Marinomonas sp. FW-1	2071621	S	4	0	4	0.0000779697
Marinomonas mediterranea	119864	S	4	0	4	0.0000779697
Marinomonas arctica	383750	S	4	0	4	0.0000779697
Neptunomonas phycophila	1572645	S	4	0	4	0.0000779697
Nitrincola sp. KXZD1103	2614693	S	4	0	4	0.0000779697
Bermanella marisrubri	207949	S	4	0	4	0.0000779697
Bacterioplanes sanyensis	1249553	S	4	0	4	0.0000779697
Hahella chejuensis	158327	S	3	1	4	0.0000779697
Kangiella koreensis	261964	S	4	0	4	0.0000779697
Alteromonas sp. BL110	1714845	S	1	3	4	0.0000779697
Glaciecola nitratireducens	300231	S	4	0	4	0.0000779697
Shewanella sp. LC6	2589790	S	1	3	4	0.0000779697
Shewanella khirikhana	1965282	S	4	0	4	0.0000779697
Shewanella bicestrii	2018305	S	1	3	4	0.0000779697
Pseudoalteromonas sp. 3J6	649161	S	2	2	4	0.0000779697
Pseudoalteromonas arctica	394751	S	3	1	4	0.0000779697
Pseudoalteromonas tetraodonis	43659	S	1	3	4	0.0000779697
Psychrosphaera aestuarii	1266052	S	4	0	4	0.0000779697
Colwellia sp. MT41	58049	S	4	0	4	0.0000779697
Colwellia sp. PAMC 20917	1816218	S	4	0	4	0.0000779697
Colwellia sp. 20A7	2689569	S	4	0	4	0.0000779697
Psychromonas sp. CNPT3	314282	S	4	0	4	0.0000779697
Acidihalobacter ferrooxydans	1765967	S	4	0	4	0.0000779697
Halorhodospira halophila	1053	S	4	0	4	0.0000779697
Granulosicoccus antarcticus	437505	S	4	0	4	0.0000779697
Halothiobacillus neapolitanus	927	S	4	0	4	0.0000779697
Wenzhouxiangella marina	1579979	S	4	0	4	0.0000779697
Aeromonas schubertii	652	S	4	0	4	0.0000779697
Aeromonas encheleia	73010	S	4	0	4	0.0000779697
Oceanisphaera profunda	1416627	S	4	0	4	0.0000779697
Vibrio natriegens	691	S	2	2	4	0.0000779697
Vibrio furnissii	29494	S	4	0	4	0.0000779697
Vibrio coralliilyticus	190893	S	3	1	4	0.0000779697
Microbulbifer sp. A4B17	359370	S	3	1	4	0.0000779697
Microbulbifer agarilyticus	260552	S	4	0	4	0.0000779697
Congregibacter litoralis	393662	S	4	0	4	0.0000779697
Mannheimia ovis	2679994	S	1	3	4	0.0000779697
Glaesserella sp. 15-184	2030797	S	4	0	4	0.0000779697
Actinobacillus delphinicola	51161	S	4	0	4	0.0000779697
Legionella anisa	28082	S	4	0	4	0.0000779697
Legionella lansingensis	45067	S	4	0	4	0.0000779697
Legionella waltersii	66969	S	4	0	4	0.0000779697
Aquicella lusitana	254246	S	4	0	4	0.0000779697
Thiomicrorhabdus aquaedulcis	2211106	S	4	0	4	0.0000779697
Francisella sp. Scap27	2589986	S	3	1	4	0.0000779697
Methylomonas sp. LW13	107637	S	4	0	4	0.0000779697
Methylococcus sp. IM1	2681310	S	4	0	4	0.0000779697
Candidatus Methylospira mobilis	1808979	S	4	0	4	0.0000779697
Candidatus Thioglobus sp. NP1	2508687	S	4	0	4	0.0000779697
Sinimarinibacterium sp. NLF-5-8	2698684	S	3	1	4	0.0000779697
Sulfurifustis variabilis	1675686	S	4	0	4	0.0000779697
Sulfuricaulis limicola	1620215	S	4	0	4	0.0000779697
Gilliamella apicola	1196095	S	4	0	4	0.0000779697
Nitrobacter hamburgensis	912	S	4	0	4	0.0000779697
Rhizobium sp. IE4771	1301032	S	1	3	4	0.0000779697
Rhizobium pseudoryzae	379684	S	4	0	4	0.0000779697
Rhizobium jaguaris	1312183	S	4	0	4	0.0000779697
Rhizobium rhizoryzae	451876	S	4	0	4	0.0000779697
Rhizobium tropici	398	S	3	1	4	0.0000779697
Agrobacterium larrymoorei	160699	S	4	0	4	0.0000779697
Neorhizobium sp. NCHU2750	1825976	S	4	0	4	0.0000779697
Neorhizobium galegae	399	S	4	0	4	0.0000779697
Ciceribacter thiooxidans	1969821	S	4	0	4	0.0000779697
Mesorhizobium huakuii	28104	S	3	1	4	0.0000779697
Chelativorans sp. BNC1	266779	S	4	0	4	0.0000779697
Salaquimonas pukyongi	2712698	S	4	0	4	0.0000779697
Microvirga sp. 17 mud 1-3	2082949	S	4	0	4	0.0000779697
Ancylobacter pratisalsi	1745854	S	4	0	4	0.0000779697
Martelella lutilitoris	2583532	S	3	1	4	0.0000779697
Aureimonas populi	1701758	S	4	0	4	0.0000779697
Methylocystis bryophila	655015	S	4	0	4	0.0000779697
Labrenzia sp. PHM005	2590016	S	4	0	4	0.0000779697
Methylocella silvestris	199596	S	4	0	4	0.0000779697
Sphingomonas sp. YZ-8	2319844	S	4	0	4	0.0000779697
Sphingomonas sp. HDW15A	2714942	S	4	0	4	0.0000779697
Sphingomonas lacunae	2698828	S	4	0	4	0.0000779697
Parasphingopyxis algicola	2026624	S	4	0	4	0.0000779697
Allosphingosinicella indica	941907	S	4	0	4	0.0000779697
Paracoccus aminophilus	34003	S	4	0	4	0.0000779697
Roseovarius sp. THAF9	2587847	S	3	1	4	0.0000779697
Phaeobacter piscinae	1580596	S	3	1	4	0.0000779697
Rhodovulum sulfidophilum	35806	S	4	0	4	0.0000779697
Thioclava nitratireducens	1915078	S	3	1	4	0.0000779697
Oceanicola sp. D3	2587163	S	4	0	4	0.0000779697
Marivivens sp. JLT3646	1920883	S	4	0	4	0.0000779697
Roseibacterium elongatum	159346	S	4	0	4	0.0000779697
Boseongicola sp. CCM32	2552942	S	4	0	4	0.0000779697
Profundibacter amoris	2171755	S	4	0	4	0.0000779697
Planktomarina temperata	1284658	S	4	0	4	0.0000779697
Thalassobius gelatinovorus	53501	S	4	0	4	0.0000779697
Epibacterium mobile	379347	S	3	1	4	0.0000779697
Azospirillum sp. TSH100	652764	S	3	1	4	0.0000779697
Nitrospirillum amazonense	28077	S	4	0	4	0.0000779697
Acetobacter ghanensis	431306	S	4	0	4	0.0000779697
Acetobacter oryzoeni	2500548	S	2	2	4	0.0000779697
Komagataeibacter medellinensis	1177712	S	2	2	4	0.0000779697
Gluconobacter sphaericus	574987	S	3	1	4	0.0000779697
Granulibacter bethesdensis	364410	S	4	0	4	0.0000779697
Acidibrevibacterium fodinaquatile	1969806	S	4	0	4	0.0000779697
Rickettsia rhipicephali	33992	S	2	2	4	0.0000779697
endosymbiont of Acanthamoeba sp. UWC8	86106	S	4	0	4	0.0000779697
Candidatus Nucleicultrix amoebiphila	1509244	S	4	0	4	0.0000779697
Hyphobacterium sp. CCMP332	2749086	S	4	0	4	0.0000779697
Aliarcobacter thereius	544718	S	4	0	4	0.0000779697
Campylobacter ornithocola	1848766	S	4	0	4	0.0000779697
Campylobacter hepaticus	1813019	S	4	0	4	0.0000779697
Sulfurospirillum multivorans	66821	S	4	0	4	0.0000779697
Sulfurimonas sp. NW10	2509341	S	1	3	4	0.0000779697
Candidatus Sulfurimonas marisnigri	2740405	S	3	1	4	0.0000779697
Nitratiruptor sp. YY09-18	2724901	S	2	2	4	0.0000779697
Caminibacter mediatlanticus	291048	S	4	0	4	0.0000779697
Geobacter sp. Jerry-YX	2815309	S	4	0	4	0.0000779697
Geobacter bremensis	60035	S	4	0	4	0.0000779697
Geobacter pickeringii	345632	S	4	0	4	0.0000779697
Geobacter daltonii	1203471	S	4	0	4	0.0000779697
Syntrophotalea acetylenivorans	1842532	S	4	0	4	0.0000779697
Desulfovibrio magneticus	184917	S	2	2	4	0.0000779697
Desulfomicrobium baculatum	899	S	4	0	4	0.0000779697
Desulfosarcina ovata	83564	S	4	0	4	0.0000779697
Desulfosarcina alkanivorans	571177	S	4	0	4	0.0000779697
Desulfonema magnum	45655	S	4	0	4	0.0000779697
Desulfobacca acetoxidans	60893	S	4	0	4	0.0000779697
Microbacterium sp. HY82	2708079	S	4	0	4	0.0000779697
Microbacterium sp. HY60	2769067	S	4	0	4	0.0000779697
Microbacterium sp. WY121	2782168	S	4	0	4	0.0000779697
Microbacterium protaetiae	2509458	S	4	0	4	0.0000779697
Microbacterium lushaniae	2614639	S	4	0	4	0.0000779697
Microbacterium chocolatum	84292	S	4	0	4	0.0000779697
Agromyces sp. KACC 19306	2592652	S	4	0	4	0.0000779697
Agromyces flavus	589382	S	4	0	4	0.0000779697
Leifsonia sp. PS1209	2724914	S	4	0	4	0.0000779697
Salinibacterium sp. UTAS2018	2508880	S	4	0	4	0.0000779697
Salinibacterium sp. dk2585	2603292	S	4	0	4	0.0000779697
Leucobacter viscericola	2714935	S	4	0	4	0.0000779697
Agrococcus sp. SGAir0287	2070347	S	4	0	4	0.0000779697
Mycetocola sp. JXN-3	2116510	S	4	0	4	0.0000779697
Kocuria sp. TGY1120_3	2711329	S	4	0	4	0.0000779697
Glutamicibacter arilaitensis	256701	S	3	1	4	0.0000779697
Pseudarthrobacter phenanthrenivorans	361575	S	3	1	4	0.0000779697
Rothia mucilaginosa	43675	S	4	0	4	0.0000779697
Rothia kristinae	37923	S	3	1	4	0.0000779697
Renibacterium salmoninarum	1646	S	4	0	4	0.0000779697
Psychromicrobium lacuslunae	1618207	S	4	0	4	0.0000779697
Arsenicicoccus sp. oral taxon 190	1658671	S	4	0	4	0.0000779697
Brevibacterium sandarakinum	629680	S	4	0	4	0.0000779697
Cellulomonas sp. JZ18	2654191	S	4	0	4	0.0000779697
Cellulomonas gilvus	11	S	4	0	4	0.0000779697
Cellulomonas fimi	1708	S	4	0	4	0.0000779697
Paraoerskovia marina	545619	S	4	0	4	0.0000779697
Ornithinimicrobium sp. AMA3305	2283195	S	4	0	4	0.0000779697
Serinicoccus profundi	1078471	S	4	0	4	0.0000779697
Brachybacterium sp. P6-10-X1	1903186	S	4	0	4	0.0000779697
Brachybacterium faecium	43669	S	4	0	4	0.0000779697
Dermabacter vaginalis	1630135	S	2	2	4	0.0000779697
Georgenia sp. Z443	2589797	S	4	0	4	0.0000779697
Haloactinobacterium sp. RN3S43	2779775	S	4	0	4	0.0000779697
Mobilicoccus sp. NJES-13	2716227	S	4	0	4	0.0000779697
Mycolicibacterium pulveris	36813	S	4	0	4	0.0000779697
Mycolicibacterium hassiacum	46351	S	4	0	4	0.0000779697
Mycolicibacterium anyangense	1431246	S	4	0	4	0.0000779697
Mycolicibacterium celeriflavum	1249101	S	4	0	4	0.0000779697
Mycolicibacterium phocaicum	319706	S	4	0	4	0.0000779697
Mycobacterium stomatepiae	470076	S	4	0	4	0.0000779697
Mycobacterium sp. DL440	2675523	S	4	0	4	0.0000779697
Mycobacterium sp. DL592	2675524	S	4	0	4	0.0000779697
Mycobacterium heckeshornense	110505	S	4	0	4	0.0000779697
Mycobacteroides immunogenum	83262	S	4	0	4	0.0000779697
Mycobacteroides saopaulense	1578165	S	4	0	4	0.0000779697
Mycobacteroides chelonae	1774	S	2	2	4	0.0000779697
Mycolicibacter hiberniae	29314	S	4	0	4	0.0000779697
Mycolicibacillus koreensis	1069220	S	4	0	4	0.0000779697
Rhodococcus sp. ABRD24	2507582	S	4	0	4	0.0000779697
Rhodococcus sp. B7740	1564114	S	4	0	4	0.0000779697
Rhodococcus sp. P-2	2795031	S	4	0	4	0.0000779697
Rhodococcus sp. ZPP	2749906	S	2	2	4	0.0000779697
Nocardia sp. CS682	1047172	S	4	0	4	0.0000779697
Nocardia otitidiscaviarum	1823	S	4	0	4	0.0000779697
Nocardia seriolae	37332	S	4	0	4	0.0000779697
Corynebacterium sp. NML98-0116	702967	S	4	0	4	0.0000779697
Corynebacterium sp. zg-320	2768834	S	4	0	4	0.0000779697
Corynebacterium stationis	1705	S	4	0	4	0.0000779697
Corynebacterium imitans	156978	S	4	0	4	0.0000779697
Corynebacterium riegelii	156976	S	4	0	4	0.0000779697
Corynebacterium argentoratense	42817	S	4	0	4	0.0000779697
Corynebacterium singulare	161899	S	3	1	4	0.0000779697
Corynebacterium resistens	258224	S	3	1	4	0.0000779697
Corynebacterium marinum	349751	S	3	1	4	0.0000779697
Gordonia phthalatica	1136941	S	3	1	4	0.0000779697
Raineyella sp. CBA3103	2662261	S	4	0	4	0.0000779697
Nocardioides sp. S-1144	2582905	S	4	0	4	0.0000779697
Nocardioides sp. JQ2195	2592334	S	4	0	4	0.0000779697
Nocardioides sp. MC1495	2736757	S	4	0	4	0.0000779697
Nocardioides sp. 603	2483798	S	4	0	4	0.0000779697
Nocardioides sp. dk884	2662361	S	3	1	4	0.0000779697
Nocardioides sp. ZJ1313	2685869	S	3	1	4	0.0000779697
Nocardioides seonyuensis	2518371	S	4	0	4	0.0000779697
Nocardioides marinisabuli	419476	S	3	1	4	0.0000779697
Aeromicrobium sp. A1-2	2107713	S	4	0	4	0.0000779697
Streptomyces sp. TLI_053	1855352	S	4	0	4	0.0000779697
Streptomyces sp. MBT27	1488356	S	4	0	4	0.0000779697
Streptomyces sp. SCSIO 3032	1264596	S	4	0	4	0.0000779697
Streptomyces sp. PBH53	1577075	S	4	0	4	0.0000779697
Streptomyces sp. 2323.1	1938841	S	4	0	4	0.0000779697
Streptomyces sp. NA04227	2742136	S	4	0	4	0.0000779697
Streptomyces sp. CRPJ-33	2768068	S	4	0	4	0.0000779697
Streptomyces sp. HM190	2695266	S	4	0	4	0.0000779697
Streptomyces sp. ADI95-16	1522758	S	3	1	4	0.0000779697
Streptomyces sp. CNQ-509	444103	S	3	1	4	0.0000779697
Streptomyces sp. 769	1262452	S	3	1	4	0.0000779697
Streptomyces sp. GF20	2692235	S	1	3	4	0.0000779697
Streptomyces sp. S501	2420135	S	1	3	4	0.0000779697
Streptomyces sp. PAMC 26508	1265601	S	1	3	4	0.0000779697
Streptomyces vinaceus	1960	S	4	0	4	0.0000779697
Streptomyces ferrugineus	1413221	S	4	0	4	0.0000779697
Streptomyces albulus	68570	S	4	0	4	0.0000779697
Streptomyces kanamyceticus	1967	S	4	0	4	0.0000779697
Streptomyces hundungensis	1077946	S	4	0	4	0.0000779697
Streptomyces pactum	68249	S	4	0	4	0.0000779697
Streptomyces clavuligerus	1901	S	4	0	4	0.0000779697
Streptomyces avermitilis	33903	S	4	0	4	0.0000779697
Streptomyces roseochromogenus	285450	S	4	0	4	0.0000779697
Streptomyces chromofuscus	42881	S	4	0	4	0.0000779697
Streptomyces qinzhouensis	2599401	S	4	0	4	0.0000779697
Streptomyces broussonetiae	2686304	S	4	0	4	0.0000779697
Streptomyces nitrosporeus	28894	S	4	0	4	0.0000779697
Streptomyces fodineus	1904616	S	4	0	4	0.0000779697
Streptomyces koyangensis	188770	S	3	1	4	0.0000779697
Streptomyces rubrolavendulae	285473	S	1	3	4	0.0000779697
Candidatus Nanopelagicus hibericus	1884915	S	4	0	4	0.0000779697
Pseudonocardia sp. CGMCC 4.1532	2761535	S	4	0	4	0.0000779697
Saccharopolyspora erythraea	1836	S	4	0	4	0.0000779697
Saccharomonospora azurea	40988	S	4	0	4	0.0000779697
Alloactinosynnema sp. L-07	1653480	S	4	0	4	0.0000779697
Micromonospora sp. WMMC415	2675222	S	4	0	4	0.0000779697
Micromonospora purpureochromogenes	47872	S	3	1	4	0.0000779697
Plantactinospora sp. KBS50	2024580	S	4	0	4	0.0000779697
Bifidobacterium animalis	28025	S	4	0	4	0.0000779697
Bifidobacterium pseudocatenulatum	28026	S	3	1	4	0.0000779697
Actinomyces sp. ZJ34	2722820	S	4	0	4	0.0000779697
Actinomyces sp. oral taxon 169	712116	S	2	2	4	0.0000779697
Nakamurella sp. s14-144	1902245	S	4	0	4	0.0000779697
Stackebrandtia nassauensis	283811	S	4	0	4	0.0000779697
Parolsenella massiliensis	1871022	S	4	0	4	0.0000779697
Parolsenella catena	2003188	S	4	0	4	0.0000779697
Berryella intestinalis	1531429	S	2	2	4	0.0000779697
Bacillus paranthracis	2026186	S	1	3	4	0.0000779697
Bacillus sp. FJAT-22090	1581038	S	4	0	4	0.0000779697
Bacillus sp. DSL-17	2567941	S	4	0	4	0.0000779697
Bacillus circulans	1397	S	4	0	4	0.0000779697
Bacillus gobiensis	1441095	S	4	0	4	0.0000779697
Lysinibacillus timonensis	2086577	S	4	0	4	0.0000779697
Geobacillus sp. E263	391290	S	1	3	4	0.0000779697
Neobacillus cucumis	1740721	S	4	0	4	0.0000779697
Anaerobacillus isosaccharinicus	1532552	S	4	0	4	0.0000779697
Lederbergia lentus	1467	S	4	0	4	0.0000779697
Fictibacillus phosphorivorans	1221500	S	4	0	4	0.0000779697
Sediminibacillus sp. DP4-553-S	2729421	S	4	0	4	0.0000779697
[Micrococcus] candicans	946432	S	4	0	4	0.0000779697
Paenibacillus sp. 32O-W	1695218	S	4	0	4	0.0000779697
Brevibacillus formosus	54913	S	3	1	4	0.0000779697
Planococcus sp. Y42	2213202	S	4	0	4	0.0000779697
Planococcus versutus	1302659	S	4	0	4	0.0000779697
Sporosarcina ureae	1571	S	4	0	4	0.0000779697
Ureibacillus thermosphaericus	51173	S	3	1	4	0.0000779697
Viridibacillus sp. JNUCC-6	2779527	S	4	0	4	0.0000779697
Listeria sp. PSOL-1	1844999	S	4	0	4	0.0000779697
Listeria monocytogenes	1639	S	3	1	4	0.0000779697
Tumebacillus avium	1903704	S	2	2	4	0.0000779697
Laceyella sacchari	37482	S	4	0	4	0.0000779697
Streptococcus chenjunshii	2173853	S	4	0	4	0.0000779697
Streptococcus gallolyticus	315405	S	3	1	4	0.0000779697
Streptococcus australis	113107	S	3	1	4	0.0000779697
Lactobacillus sp. CBA3606	2099789	S	2	2	4	0.0000779697
Lactobacillus amylovorus	1604	S	4	0	4	0.0000779697
Lactobacillus helveticus	1587	S	4	0	4	0.0000779697
Lactobacillus gasseri	1596	S	3	1	4	0.0000779697
Weissella paramesenteroides	1249	S	4	0	4	0.0000779697
Limosilactobacillus fermentum	1613	S	4	0	4	0.0000779697
Companilactobacillus futsaii	938155	S	4	0	4	0.0000779697
Loigolactobacillus coryniformis	1610	S	4	0	4	0.0000779697
Melissococcus plutonius	33970	S	4	0	4	0.0000779697
Carnobacterium inhibens	147709	S	3	1	4	0.0000779697
Aerococcus urinaeequi	51665	S	3	1	4	0.0000779697
Butyrivibrio hungatei	185008	S	4	0	4	0.0000779697
Clostridium sp. BNL1100	755731	S	4	0	4	0.0000779697
Clostridium sp. JN-1	2483110	S	4	0	4	0.0000779697
Clostridium sp. 'deep sea'	2779445	S	4	0	4	0.0000779697
Clostridium carboxidivorans	217159	S	4	0	4	0.0000779697
Clostridium argentinense	29341	S	4	0	4	0.0000779697
Hathewaya histolytica	1498	S	4	0	4	0.0000779697
Acetivibrio saccincola	1677857	S	3	1	4	0.0000779697
Romboutsia hominis	1507512	S	4	0	4	0.0000779697
Paeniclostridium sordellii	1505	S	4	0	4	0.0000779697
Aminipila sp. JN-18	2507160	S	4	0	4	0.0000779697
Desulfosporosinus youngiae	339862	S	4	0	4	0.0000779697
Eubacterium callanderi	53442	S	3	1	4	0.0000779697
Acetobacterium sp. KB-1	2184575	S	4	0	4	0.0000779697
Erysipelatoclostridium ramosum	1547	S	4	0	4	0.0000779697
Schnuerera ultunensis	45497	S	4	0	4	0.0000779697
Gottschalkia acidurici	1556	S	4	0	4	0.0000779697
Sedimentibacter sp. zth1	2816908	S	4	0	4	0.0000779697
Planktothrix agardhii	1160	S	1	3	4	0.0000779697
Microcoleus sp. PCC 7113	1173027	S	4	0	4	0.0000779697
Chondrocystis sp. NIES-4102	2005460	S	3	1	4	0.0000779697
Halothece sp. PCC 7418	65093	S	3	1	4	0.0000779697
Anabaena sp. WA102	1647413	S	2	2	4	0.0000779697
Synechococcus sp. JA-3-3Ab	321327	S	4	0	4	0.0000779697
Synechococcus sp. PCC 7336	195250	S	4	0	4	0.0000779697
Synechococcus sp. PROS-U-1	1400866	S	4	0	4	0.0000779697
Synechococcus sp. RS9907	221350	S	2	2	4	0.0000779697
Thermosynechococcus elongatus	146786	S	2	2	4	0.0000779697
Pseudanabaena sp. PCC 7367	82654	S	4	0	4	0.0000779697
Pleurocapsa minor	54308	S	4	0	4	0.0000779697
Gloeomargarita lithophora	1188228	S	4	0	4	0.0000779697
Mycoplasma salivarium	2124	S	4	0	4	0.0000779697
Mycoplasma conjunctivae	45361	S	1	3	4	0.0000779697
Mesoplasma florum	2151	S	4	0	4	0.0000779697
Acholeplasma laidlawii	2148	S	4	0	4	0.0000779697
Deinococcus deserti	310783	S	4	0	4	0.0000779697
Thermus scotoductus	37636	S	3	1	4	0.0000779697
Truepera radiovictrix	332249	S	4	0	4	0.0000779697
Roseiflexus castenholzii	120962	S	3	1	4	0.0000779697
Sphaerobacter thermophilus	2057	S	4	0	4	0.0000779697
Polaribacter sp. MED152	313598	S	4	0	4	0.0000779697
Polaribacter reichenbachii	996801	S	4	0	4	0.0000779697
Capnocytophaga gingivalis	1017	S	4	0	4	0.0000779697
Cellulophaga algicola	59600	S	4	0	4	0.0000779697
Maribacter sp. HTCC2170	313603	S	4	0	4	0.0000779697
Maribacter sp. MJ134	2496865	S	4	0	4	0.0000779697
Formosa sp. Hel1_31_208	1798225	S	4	0	4	0.0000779697
Formosa sediminum	2594004	S	4	0	4	0.0000779697
Lacinutrix venerupis	1486034	S	4	0	4	0.0000779697
Gramella echinicola	279359	S	4	0	4	0.0000779697
Dokdonia sp. PRO95	1239415	S	3	1	4	0.0000779697
Algibacter sp. L1A34	2686365	S	3	1	4	0.0000779697
Salegentibacter salegens	143223	S	4	0	4	0.0000779697
Siansivirga zeaxanthinifaciens	762954	S	4	0	4	0.0000779697
Chryseobacterium sp. G0201	2487065	S	4	0	4	0.0000779697
Chryseobacterium sp. cx-624	2758037	S	4	0	4	0.0000779697
Chryseobacterium sp. G0186	2487064	S	3	1	4	0.0000779697
Chryseobacterium aureum	2497456	S	4	0	4	0.0000779697
Kaistella antarctica	266748	S	4	0	4	0.0000779697
Kaistella daneshvariae	2487074	S	4	0	4	0.0000779697
Chryseobacterium lactis	1241981	S	3	1	4	0.0000779697
Blattabacterium clevelandi	164516	S	3	1	4	0.0000779697
Bacteroides zoogleoformans	28119	S	4	0	4	0.0000779697
Prevotella fusca	589436	S	4	0	4	0.0000779697
Sphingobacterium thalpophilum	259	S	3	1	4	0.0000779697
Spirosoma sp. CJU-R4	2728024	S	4	0	4	0.0000779697
Spirosoma aureum	2692134	S	3	1	4	0.0000779697
Hymenobacter sp. PAMC 26628	1484118	S	4	0	4	0.0000779697
Hymenobacter sp. S2-20-2	2761579	S	4	0	4	0.0000779697
Algoriphagus sp. Y33	2772483	S	4	0	4	0.0000779697
Echinicola sp. 20G	2781961	S	4	0	4	0.0000779697
Echinicola vietnamensis	390884	S	3	1	4	0.0000779697
Chitinophaga sp. MD30	2033437	S	4	0	4	0.0000779697
Rhodothermus marinus	29549	S	4	0	4	0.0000779697
Fibrobacter succinogenes	833	S	4	0	4	0.0000779697
Rhodopirellula baltica	265606	S	4	0	4	0.0000779697
Sedimentisphaera salicampi	1941349	S	3	1	4	0.0000779697
Neochlamydia sp. S13	1353976	S	4	0	4	0.0000779697
Kiritimatiella glycovorans	1307763	S	2	2	4	0.0000779697
Treponema succinifaciens	167	S	4	0	4	0.0000779697
Treponema caldarium	215591	S	4	0	4	0.0000779697
Spirochaeta thermophila	154	S	4	0	4	0.0000779697
Leptospira interrogans	173	S	4	0	4	0.0000779697
Granulicella sp. 5B5	1617967	S	4	0	4	0.0000779697
Thermotomaculum hydrothermale	981385	S	4	0	4	0.0000779697
Fusobacterium varium	856	S	4	0	4	0.0000779697
Leptotrichia hofstadii	157688	S	3	1	4	0.0000779697
Sebaldella termitidis	826	S	4	0	4	0.0000779697
Caldimicrobium thiodismutans	1653476	S	4	0	4	0.0000779697
Flexistipes sinusarabici	2352	S	4	0	4	0.0000779697
Deferribacter desulfuricans	197162	S	4	0	4	0.0000779697
Leptospirillum ferrooxidans	180	S	4	0	4	0.0000779697
Caldithrix abyssi	187145	S	4	0	4	0.0000779697
Caldisericum exile	693075	S	4	0	4	0.0000779697
Methanohalophilus portucalensis	39664	S	4	0	4	0.0000779697
Natrinema pellirubrum	69525	S	3	1	4	0.0000779697
Halolamina sp. CBA1230	1853690	S	4	0	4	0.0000779697
Haloplanus rubicundus	1547898	S	4	0	4	0.0000779697
Halobacterium sp. DL1	751944	S	2	2	4	0.0000779697
Methanobrevibacter millerae	230361	S	4	0	4	0.0000779697
Methanococcus aeolicus	42879	S	3	1	4	0.0000779697
Methanothermococcus okinawensis	155863	S	4	0	4	0.0000779697
Megavirus chiliensis	1094892	S	3	1	4	0.0000779697
Burkholderia pyrrocinia	60550	S	2	1	3	0.0000584773
Burkholderia latens	488446	S	1	2	3	0.0000584773
Burkholderia sp. Bp7605	1740163	S	3	0	3	0.0000584773
Burkholderia sp. MSMB0856	1637869	S	2	1	3	0.0000584773
Burkholderia sp. YI23	1097668	S	1	2	3	0.0000584773
Burkholderia thailandensis	57975	S	3	0	3	0.0000584773
Burkholderia oklahomensis	342113	S	3	0	3	0.0000584773
Burkholderia sp. BDU8	1385592	S	3	0	3	0.0000584773
Burkholderia plantarii	41899	S	3	0	3	0.0000584773
Paraburkholderia terricola	169427	S	3	0	3	0.0000584773
Mycetohabitans rhizoxinica	412963	S	3	0	3	0.0000584773
Janthinobacterium sp. B9-8	1236179	S	3	0	3	0.0000584773
Achromobacter deleyi	1353891	S	1	2	3	0.0000584773
Pusillimonas sp. DMV24BSW_D	2716226	S	3	0	3	0.0000584773
Taylorella asinigenitalis	84590	S	3	0	3	0.0000584773
Oligella urethralis	90245	S	3	0	3	0.0000584773
Kerstersia gyiorum	206506	S	3	0	3	0.0000584773
Iodobacter fluviatilis	537	S	3	0	3	0.0000584773
Iodobacter sp. H11R3	2496266	S	3	0	3	0.0000584773
Chitinibacter fontanus	1737446	S	3	0	3	0.0000584773
Neisseria sp. 10022	1853276	S	3	0	3	0.0000584773
Neisseria sp. ZJ785	2709396	S	3	0	3	0.0000584773
Neisseria animaloris	326522	S	3	0	3	0.0000584773
Neisseria elongata	495	S	3	0	3	0.0000584773
Methylobacillus flagellatus	405	S	3	0	3	0.0000584773
Nitrosomonas sp. AL212	153948	S	3	0	3	0.0000584773
Nitrosomonas europaea	915	S	3	0	3	0.0000584773
Nitrosomonas communis	44574	S	3	0	3	0.0000584773
Ferriphaselus amnicola	1188319	S	3	0	3	0.0000584773
Pseudomonas sp. SNU WT1	2518644	S	3	0	3	0.0000584773
Pseudomonas sp. ACM7	2052956	S	3	0	3	0.0000584773
Pseudomonas sp. RU47	2005388	S	3	0	3	0.0000584773
Pseudomonas sp. 7SR1	1881017	S	3	0	3	0.0000584773
Pseudomonas sp. 15A4	2804761	S	3	0	3	0.0000584773
Pseudomonas sp. IzPS59	2774459	S	3	0	3	0.0000584773
Pseudomonas sp. LPB0260	2614442	S	3	0	3	0.0000584773
Pseudomonas sp. StFLB209	1028989	S	3	0	3	0.0000584773
Pseudomonas sp. OIL-1	2706126	S	3	0	3	0.0000584773
Pseudomonas sp. BIGb0427	2724470	S	3	0	3	0.0000584773
Pseudomonas sp. ADAK13	2730847	S	3	0	3	0.0000584773
Pseudomonas sp. Z003-0.4C(8344-21)	1855380	S	2	1	3	0.0000584773
Pseudomonas sp. FDAARGOS_380	2018067	S	2	1	3	0.0000584773
Pseudomonas sp. J380	2605424	S	2	1	3	0.0000584773
Pseudomonas sp. R2-60-08W	1173280	S	2	1	3	0.0000584773
Pseudomonas sp. Os17	1500686	S	2	1	3	0.0000584773
Pseudomonas sp. phDV1	253237	S	1	2	3	0.0000584773
Pseudomonas sp. SW-3	147212	S	1	2	3	0.0000584773
Pseudomonas mediterranea	183795	S	3	0	3	0.0000584773
Pseudomonas trivialis	200450	S	3	0	3	0.0000584773
Pseudomonas libanensis	75588	S	2	1	3	0.0000584773
Pseudomonas amygdali	47877	S	2	1	3	0.0000584773
Pseudomonas xanthomarina	271420	S	3	0	3	0.0000584773
Pseudomonas agarici	46677	S	3	0	3	0.0000584773
Pseudomonas pohangensis	364197	S	3	0	3	0.0000584773
Pseudomonas entomophila	312306	S	3	0	3	0.0000584773
Pseudomonas alkylphenolica	237609	S	3	0	3	0.0000584773
Pseudomonas rhizosphaerae	216142	S	3	0	3	0.0000584773
Pseudomonas saudiphocaensis	1499686	S	3	0	3	0.0000584773
Pseudomonas sihuiensis	1274359	S	2	1	3	0.0000584773
Pseudomonas toyotomiensis	554344	S	2	1	3	0.0000584773
Entomomonas moraniae	2213226	S	3	0	3	0.0000584773
Permianibacter aggregans	1510150	S	3	0	3	0.0000584773
Acinetobacter sp. TGL-Y2	1407071	S	3	0	3	0.0000584773
Acinetobacter larvae	1789224	S	3	0	3	0.0000584773
Acinetobacter shaoyimingii	2715164	S	3	0	3	0.0000584773
Acinetobacter tandoii	202954	S	3	0	3	0.0000584773
Acinetobacter baylyi	202950	S	3	0	3	0.0000584773
Acinetobacter chinensis	2004650	S	2	1	3	0.0000584773
Psychrobacter arenosus	256326	S	3	0	3	0.0000584773
Psychrobacter cryohalolentis	330922	S	1	2	3	0.0000584773
Stenotrophomonas sp. SAU14A_NAIMI4_5	2072413	S	3	0	3	0.0000584773
Stenotrophomonas sp. 364	2691571	S	3	0	3	0.0000584773
Xanthomonas sp. SS	2724122	S	2	1	3	0.0000584773
Xanthomonas cassavae	56450	S	3	0	3	0.0000584773
Xanthomonas axonopodis	53413	S	3	0	3	0.0000584773
Xanthomonas theicola	56464	S	3	0	3	0.0000584773
Xanthomonas fragariae	48664	S	3	0	3	0.0000584773
Lysobacter sp. H23M41	2781023	S	1	2	3	0.0000584773
Lysobacter sp. H23M47	2781024	S	1	2	3	0.0000584773
Lysobacter gummosus	262324	S	3	0	3	0.0000584773
Luteimonas sp. YGD11-2	2508168	S	3	0	3	0.0000584773
Luteimonas sp. MC1572	2799325	S	2	1	3	0.0000584773
Luteimonas chenhongjianii	2006110	S	3	0	3	0.0000584773
Thermomonas sp. SY21	2202149	S	3	0	3	0.0000584773
Luteibacter pinisoli	2589080	S	3	0	3	0.0000584773
Klebsiella huaxiensis	2153354	S	3	0	3	0.0000584773
Enterobacter chengduensis	2494701	S	3	0	3	0.0000584773
Citrobacter sp. R56	1573676	S	3	0	3	0.0000584773
Citrobacter amalonaticus	35703	S	1	2	3	0.0000584773
Citrobacter cronae	1748967	S	1	2	3	0.0000584773
Enterobacteriaceae endosymbiont of Macroplea mutica	2675791	S	3	0	3	0.0000584773
Blochmannia endosymbiont of Polyrhachis (Hedomyrma) turneri	1505596	S	3	0	3	0.0000584773
Blochmannia endosymbiont of Colobopsis nipponica	2681987	S	3	0	3	0.0000584773
Raoultella terrigena	577	S	2	1	3	0.0000584773
Cronobacter sakazakii	28141	S	2	1	3	0.0000584773
Cedecea neteri	158822	S	3	0	3	0.0000584773
Buttiauxella agrestis	82977	S	3	0	3	0.0000584773
Lelliottia amnigena	61646	S	3	0	3	0.0000584773
Phytobacter ursingii	1972431	S	2	1	3	0.0000584773
Serratia sp. 3ACOL1	2448483	S	2	1	3	0.0000584773
Serratia rubidaea	61652	S	2	1	3	0.0000584773
Ewingella americana	41202	S	3	0	3	0.0000584773
Candidatus Fukatsuia symbiotica	1878942	S	3	0	3	0.0000584773
Erwinia sp. J780	2681984	S	3	0	3	0.0000584773
Tatumella sp. TA1	2487345	S	3	0	3	0.0000584773
Wigglesworthia glossinidia	51229	S	3	0	3	0.0000584773
Providencia alcalifaciens	126385	S	3	0	3	0.0000584773
Proteus vulgaris	585	S	2	1	3	0.0000584773
Xenorhabdus bovienii	40576	S	3	0	3	0.0000584773
Candidatus Arsenophonus lipoptenae	634113	S	3	0	3	0.0000584773
Photorhabdus thracensis	230089	S	3	0	3	0.0000584773
Photorhabdus asymbiotica	291112	S	3	0	3	0.0000584773
Pectobacterium atrosepticum	29471	S	3	0	3	0.0000584773
Pectobacterium wasabiae	55208	S	3	0	3	0.0000584773
Dickeya dadantii	204038	S	3	0	3	0.0000584773
Leminorella richardii	158841	S	3	0	3	0.0000584773
Jinshanibacter zhutongyuii	2498113	S	3	0	3	0.0000584773
Halomonas sp. A40-4	2785909	S	3	0	3	0.0000584773
Halomonas sp. HG01	1609967	S	3	0	3	0.0000584773
Halomonas sp. PGE1	2730360	S	3	0	3	0.0000584773
Halomonas aestuarii	1897729	S	3	0	3	0.0000584773
Halomonas hydrothermalis	115561	S	2	1	3	0.0000584773
Cobetia marina	28258	S	2	1	3	0.0000584773
Kushneria phosphatilytica	657387	S	3	0	3	0.0000584773
Candidatus Portiera aleyrodidarum	91844	S	3	0	3	0.0000584773
Halotalea alkalilenta	376489	S	3	0	3	0.0000584773
Pistricoccus aurantiacus	1883414	S	3	0	3	0.0000584773
Marinomonas primoryensis	178399	S	3	0	3	0.0000584773
Marinobacterium aestuarii	1821621	S	3	0	3	0.0000584773
Alcanivorax pacificus	1306787	S	3	0	3	0.0000584773
Spartinivicinus ruber	2683272	S	3	0	3	0.0000584773
Saccharospirillum mangrovi	2161747	S	3	0	3	0.0000584773
Oleiphilus messinensis	141451	S	3	0	3	0.0000584773
Marinobacter sp. BSs20148	490759	S	2	1	3	0.0000584773
Marinobacter salinus	1874317	S	3	0	3	0.0000584773
Catenovulum sp. CCB-QB4	2172099	S	3	0	3	0.0000584773
Salinimonas lutimaris	914153	S	3	0	3	0.0000584773
Agarivorans gilvus	680279	S	3	0	3	0.0000584773
Shewanella maritima	2520507	S	3	0	3	0.0000584773
Shewanella amazonensis	60478	S	3	0	3	0.0000584773
Shewanella sediminis	271097	S	3	0	3	0.0000584773
Shewanella polaris	2588449	S	1	2	3	0.0000584773
Pseudoalteromonas tunicata	314281	S	3	0	3	0.0000584773
Pseudoalteromonas prydzensis	182141	S	3	0	3	0.0000584773
Pseudoalteromonas translucida	166935	S	1	2	3	0.0000584773
Colwellia sp. PAMC 21821	1816219	S	3	0	3	0.0000584773
Colwellia psychrerythraea	28229	S	3	0	3	0.0000584773
Ferrimonas lipolytica	2724191	S	3	0	3	0.0000584773
Rheinheimera sp. F8	1763998	S	3	0	3	0.0000584773
Nitrosococcus watsonii	473531	S	3	0	3	0.0000584773
Thioalkalivibrio versutus	106634	S	3	0	3	0.0000584773
Thioalkalivibrio sp. K90mix	396595	S	3	0	3	0.0000584773
Spiribacter curvatus	1335757	S	3	0	3	0.0000584773
Sulfuriflexus mobilis	1811807	S	3	0	3	0.0000584773
Woeseia oceani	1548547	S	3	0	3	0.0000584773
Aeromonas sp. ASNIH4	1636609	S	1	2	3	0.0000584773
Aeromonas allosaccharophila	656	S	2	1	3	0.0000584773
Vibrio alginolyticus	663	S	1	2	3	0.0000584773
Vibrio sp. Scap24	2589990	S	3	0	3	0.0000584773
Vibrio mediterranei	689	S	3	0	3	0.0000584773
Vibrio nigripulchritudo	28173	S	3	0	3	0.0000584773
Vibrio navarrensis	29495	S	3	0	3	0.0000584773
Vibrio spartinae	1918945	S	3	0	3	0.0000584773
Vibrio fluvialis	676	S	3	0	3	0.0000584773
Agarilytica rhodophyticola	1737490	S	3	0	3	0.0000584773
Microbulbifer sp. ALW1	1516059	S	3	0	3	0.0000584773
Microbulbifer aggregans	1769779	S	3	0	3	0.0000584773
Zhongshania aliphaticivorans	1470434	S	3	0	3	0.0000584773
Mannheimia granulomatis	85402	S	3	0	3	0.0000584773
Mannheimia sp. USDA-ARS-USMARC-1261	1432056	S	2	1	3	0.0000584773
Frederiksenia canicola	123824	S	3	0	3	0.0000584773
Rodentibacter sp. DSM 111151	2778911	S	3	0	3	0.0000584773
Legionella sp. PC997	2755562	S	3	0	3	0.0000584773
Legionella spiritensis	452	S	3	0	3	0.0000584773
Legionella sainthelensi	28087	S	3	0	3	0.0000584773
Legionella adelaidensis	45056	S	3	0	3	0.0000584773
Legionella geestiana	45065	S	3	0	3	0.0000584773
Legionella endosymbiont of Polyplax serrata	2005262	S	3	0	3	0.0000584773
Legionella hackeliae	449	S	3	0	3	0.0000584773
Aquicella siphonis	254247	S	3	0	3	0.0000584773
Cycloclasticus sp. P1	385025	S	3	0	3	0.0000584773
Methylomonas rhizoryzae	2608981	S	3	0	3	0.0000584773
Methylomonas koyamae	702114	S	1	2	3	0.0000584773
Methylotuvimicrobium alcaliphilum	271065	S	2	1	3	0.0000584773
Methylocaldum marinum	1432792	S	3	0	3	0.0000584773
Gallaecimonas mangrovi	2291597	S	3	0	3	0.0000584773
Pseudohongiella spirulinae	1249552	S	3	0	3	0.0000584773
Thiolapillus brandeum	1076588	S	3	0	3	0.0000584773
Acidiferrobacter sp. SPIII_3	1281578	S	3	0	3	0.0000584773
Frischella perrara	1267021	S	3	0	3	0.0000584773
Bradyrhizobium sp. CCBAU 53351	1325114	S	2	1	3	0.0000584773
Bradyrhizobium zhanjiangense	1325107	S	3	0	3	0.0000584773
Bradyrhizobium genosp. B	83627	S	3	0	3	0.0000584773
Rhizobium sp. ACO-34A	1571470	S	3	0	3	0.0000584773
Rhizobium sp. ADMK78	1813451	S	3	0	3	0.0000584773
Rhizobium sp. NLR16a	2731112	S	2	1	3	0.0000584773
Rhizobium sp. TCK	136098	S	1	2	3	0.0000584773
Rhizobium binae	1138190	S	3	0	3	0.0000584773
Rhizobium bangladeshense	1138189	S	3	0	3	0.0000584773
Rhizobium etli	29449	S	3	0	3	0.0000584773
Rhizobium rosettiformans	1368430	S	2	1	3	0.0000584773
Sinorhizobium sp. CCBAU 05631	794846	S	1	2	3	0.0000584773
Sinorhizobium americanum	194963	S	3	0	3	0.0000584773
Ensifer alkalisoli	1752398	S	3	0	3	0.0000584773
Mesorhizobium sp. M1A.F.Ca.IN.022.06.1.1	2493680	S	3	0	3	0.0000584773
Mesorhizobium sp. WSM1497	278153	S	1	2	3	0.0000584773
Mesorhizobium erdmanii	1777866	S	3	0	3	0.0000584773
Mesorhizobium japonicum	2066070	S	2	1	3	0.0000584773
Hoeflea phototrophica	244596	S	3	0	3	0.0000584773
Methylobacterium sp. C1	1479019	S	1	2	3	0.0000584773
Methylobacterium terrae	2202827	S	3	0	3	0.0000584773
Martelella endophytica	1486262	S	3	0	3	0.0000584773
Methylocystis sp. SC2	187303	S	3	0	3	0.0000584773
Labrenzia alexandrii	388408	S	3	0	3	0.0000584773
Candidatus Hodgkinia cicadicola	573658	S	3	0	3	0.0000584773
Hartmannibacter diazotrophicus	1482074	S	3	0	3	0.0000584773
Bartonella quintana	803	S	3	0	3	0.0000584773
Bartonella apis	1686310	S	3	0	3	0.0000584773
Bartonella alsatica	52764	S	3	0	3	0.0000584773
Bartonella tribocorum	85701	S	1	2	3	0.0000584773
Brucella pseudogrignonensis	419475	S	3	0	3	0.0000584773
Sphingomonas sp. HDW15B	2714943	S	3	0	3	0.0000584773
Erythrobacter sp. THAF29	2587851	S	3	0	3	0.0000584773
Erythrobacter sp. 6D36	2782568	S	3	0	3	0.0000584773
Altererythrobacter ishigakiensis	476157	S	3	0	3	0.0000584773
Aurantiacibacter gangjinensis	502682	S	3	0	3	0.0000584773
Pelagerythrobacter marensis	543877	S	3	0	3	0.0000584773
Paracoccus sp. MC1862	2760307	S	3	0	3	0.0000584773
Paracoccus contaminans	1945662	S	3	0	3	0.0000584773
Paracoccus denitrificans	266	S	3	0	3	0.0000584773
Sulfitobacter sp. SK011	1389004	S	3	0	3	0.0000584773
Sulfitobacter sp. THAF37	2587855	S	2	1	3	0.0000584773
Celeribacter marinus	1397108	S	3	0	3	0.0000584773
Leisingera sp. NJS204	2508307	S	1	2	3	0.0000584773
Phaeobacter sp. LSS9	681157	S	2	1	3	0.0000584773
Roseobacter denitrificans	2434	S	3	0	3	0.0000584773
Qingshengfaniella alkalisoli	2599296	S	3	0	3	0.0000584773
Roseicitreum antarcticum	564137	S	3	0	3	0.0000584773
Polymorphum gilvum	991904	S	3	0	3	0.0000584773
Pseudorhodobacter turbinis	2500533	S	3	0	3	0.0000584773
Brevundimonas vancanneytii	1325724	S	1	2	3	0.0000584773
Azospirillum oryzae	286727	S	2	1	3	0.0000584773
Thalassospira marina	2048283	S	3	0	3	0.0000584773
Niveispirillum cyanobacteriorum	1612173	S	3	0	3	0.0000584773
Acetobacter persici	1076596	S	3	0	3	0.0000584773
Acetobacter tropicalis	104102	S	2	1	3	0.0000584773
Acidiphilium multivorum	62140	S	1	2	3	0.0000584773
Bombella sp. KACC 21507	2697033	S	3	0	3	0.0000584773
Gluconacetobacter diazotrophicus	33996	S	3	0	3	0.0000584773
Candidatus Phycorickettsia trachydisci	2115978	S	3	0	3	0.0000584773
Candidatus Fokinia solitaria	1802984	S	3	0	3	0.0000584773
Rickettsiales endosymbiont of Stachyamoeba lipophora	2486578	S	3	0	3	0.0000584773
Candidatus Pelagibacter sp. FZCC0015	2268451	S	3	0	3	0.0000584773
Hyphomonas sp. Mor2	1906738	S	3	0	3	0.0000584773
Hyphomonas sp. KY3	2016196	S	3	0	3	0.0000584773
Luteithermobacter gelatinilyticus	2582913	S	3	0	3	0.0000584773
Paremcibacter congregatus	2043170	S	3	0	3	0.0000584773
Aliarcobacter trophiarum	708186	S	3	0	3	0.0000584773
Campylobacter sp. RM6137	1660073	S	3	0	3	0.0000584773
Campylobacter ureolyticus	827	S	3	0	3	0.0000584773
Campylobacter lanienae	75658	S	3	0	3	0.0000584773
Campylobacter insulaenigrae	260714	S	3	0	3	0.0000584773
Campylobacter iguaniorum	1244531	S	3	0	3	0.0000584773
Sulfurospirillum halorespirans	194424	S	3	0	3	0.0000584773
Helicobacter hepaticus	32025	S	3	0	3	0.0000584773
Sulfurimonas autotrophica	202747	S	3	0	3	0.0000584773
Nitratifractor salsuginis	269261	S	3	0	3	0.0000584773
Nitratiruptor labii	2706014	S	3	0	3	0.0000584773
Geobacter bemidjiensis	225194	S	3	0	3	0.0000584773
Geobacter uraniireducens	351604	S	3	0	3	0.0000584773
Desulfovibrio piger	901	S	3	0	3	0.0000584773
Desulfovibrio sulfodismutans	63561	S	3	0	3	0.0000584773
Pseudodesulfovibrio indicus	1716143	S	3	0	3	0.0000584773
Desulfobacula toluolica	28223	S	3	0	3	0.0000584773
Desulfobulbus propionicus	894	S	3	0	3	0.0000584773
Desulfotalea psychrophila	84980	S	3	0	3	0.0000584773
Desulfopila sp. IMCC35005	2569541	S	2	1	3	0.0000584773
Desulfomonile tiedjei	2358	S	3	0	3	0.0000584773
Desulfarculus baarsii	453230	S	3	0	3	0.0000584773
Bdellovibrio exovorus	453816	S	3	0	3	0.0000584773
Silvanigrella aquatica	1915309	S	3	0	3	0.0000584773
Acidithiobacillus caldus	33059	S	3	0	3	0.0000584773
Rathayibacter sp. VKM Ac-2760	2609253	S	2	1	3	0.0000584773
Rathayibacter iranicus	59737	S	3	0	3	0.0000584773
Curtobacterium pusillum	69373	S	3	0	3	0.0000584773
Salinibacterium hongtaonis	2079791	S	3	0	3	0.0000584773
Leucobacter denitrificans	683042	S	3	0	3	0.0000584773
Agrococcus carbonis	684552	S	3	0	3	0.0000584773
Diaminobutyricimonas sp. LJ205	2683590	S	3	0	3	0.0000584773
Lysinimonas sp. KACC 19322	2592654	S	3	0	3	0.0000584773
Kocuria turfanensis	388357	S	3	0	3	0.0000584773
Arthrobacter sp. FB24	290399	S	3	0	3	0.0000584773
Arthrobacter sp. 24S4-2	2575374	S	3	0	3	0.0000584773
Arthrobacter sp. PM3	2017685	S	3	0	3	0.0000584773
Arthrobacter sp. U41	1849032	S	3	0	3	0.0000584773
Arthrobacter sp. ERGS1:01	1704044	S	3	0	3	0.0000584773
Arthrobacter sp. PAMC 25486	1494608	S	3	0	3	0.0000584773
Arthrobacter sp. D5-1	1477518	S	2	1	3	0.0000584773
Arthrobacter agilis	37921	S	3	0	3	0.0000584773
Arthrobacter crystallopoietes	37928	S	3	0	3	0.0000584773
Glutamicibacter mishrai	1775880	S	2	1	3	0.0000584773
Pseudarthrobacter sp. NBSH8	2596911	S	1	2	3	0.0000584773
Pseudarthrobacter sp. YJ56	2697569	S	1	2	3	0.0000584773
Pseudarthrobacter sulfonivorans	121292	S	3	0	3	0.0000584773
Pseudarthrobacter equi	728066	S	3	0	3	0.0000584773
Citricoccus sp. SGAir0253	2567881	S	3	0	3	0.0000584773
Yimella sp. cx-51	2770551	S	3	0	3	0.0000584773
Intrasporangium calvum	53358	S	3	0	3	0.0000584773
Cellulomonas shaoxiangyii	2566013	S	3	0	3	0.0000584773
Cellulomonas taurus	2729175	S	3	0	3	0.0000584773
Serinicoccus hydrothermalis	1758689	S	3	0	3	0.0000584773
Cellulosimicrobium sp. TH-20	1980001	S	1	2	3	0.0000584773
Xylanimonas allomyrinae	2509459	S	3	0	3	0.0000584773
Isoptericola variabilis	139208	S	3	0	3	0.0000584773
Isoptericola dokdonensis	372663	S	3	0	3	0.0000584773
Xylanimicrobium sp. FW10M-9	2509457	S	3	0	3	0.0000584773
Brachybacterium sp. SGAir0954	2571029	S	3	0	3	0.0000584773
Brachybacterium vulturis	2017484	S	3	0	3	0.0000584773
Devriesea agamarum	472569	S	3	0	3	0.0000584773
Sanguibacter sp. HDW7	2714931	S	3	0	3	0.0000584773
Kytococcus sedentarius	1276	S	3	0	3	0.0000584773
Mycolicibacterium sp. LJ126	2761578	S	3	0	3	0.0000584773
Mycolicibacterium arabiense	1286181	S	3	0	3	0.0000584773
Mycolicibacterium thermoresistibile	1797	S	3	0	3	0.0000584773
Mycolicibacterium insubricum	444597	S	3	0	3	0.0000584773
Mycolicibacterium fallax	1793	S	3	0	3	0.0000584773
Mycolicibacterium madagascariense	212765	S	3	0	3	0.0000584773
Mycolicibacterium goodii	134601	S	3	0	3	0.0000584773
Mycolicibacterium alvei	67081	S	3	0	3	0.0000584773
Mycolicibacterium duvalii	39688	S	3	0	3	0.0000584773
Mycolicibacterium poriferae	39694	S	1	2	3	0.0000584773
Mycobacterium sp. JS623	212767	S	3	0	3	0.0000584773
Mycobacterium xenopi	1789	S	3	0	3	0.0000584773
Mycobacterium lacus	169765	S	3	0	3	0.0000584773
Mycobacterium paraseoulense	590652	S	3	0	3	0.0000584773
Mycobacterium seoulense	386911	S	3	0	3	0.0000584773
Mycobacterium noviomagense	459858	S	3	0	3	0.0000584773
Mycobacteroides salmoniphilum	404941	S	3	0	3	0.0000584773
Rhodococcus sp. WMMA185	679318	S	3	0	3	0.0000584773
Rhodococcus sp. X156	2499145	S	3	0	3	0.0000584773
Rhodococcus sp. W8901	2742603	S	3	0	3	0.0000584773
Rhodococcus sp. WB9	2594007	S	2	1	3	0.0000584773
Rhodococcus sp. 21391	2683591	S	1	2	3	0.0000584773
Nocardia mangyaensis	2213200	S	3	0	3	0.0000584773
Corynebacterium sp. LMM-1652	2487892	S	3	0	3	0.0000584773
Corynebacterium ulcerans	65058	S	3	0	3	0.0000584773
Corynebacterium camporealensis	161896	S	3	0	3	0.0000584773
Corynebacterium glaucum	187491	S	3	0	3	0.0000584773
Corynebacterium segmentosum	43990	S	3	0	3	0.0000584773
Corynebacterium pseudopelargi	2080757	S	3	0	3	0.0000584773
Corynebacterium matruchotii	43768	S	3	0	3	0.0000584773
Corynebacterium nuruki	1032851	S	3	0	3	0.0000584773
Corynebacterium lactis	1231000	S	3	0	3	0.0000584773
Corynebacterium sanguinis	2594913	S	2	1	3	0.0000584773
Corynebacterium minutissimum	38301	S	2	1	3	0.0000584773
Gordonia iterans	1004901	S	3	0	3	0.0000584773
Tomitella sp. HY188	2597660	S	3	0	3	0.0000584773
Microlunatus sp. KUDC0627	2596828	S	3	0	3	0.0000584773
Tessaracoccus sp. MC1865	2760310	S	3	0	3	0.0000584773
Propionimicrobium sp. Marseille-P3275	1871034	S	3	0	3	0.0000584773
Propioniciclava sp. HDW11	2714937	S	3	0	3	0.0000584773
Nocardioides sp. dk3136	2575373	S	3	0	3	0.0000584773
Nocardioides humi	449461	S	3	0	3	0.0000584773
Nocardioides houyundeii	2045452	S	3	0	3	0.0000584773
Aeromicrobium erythreum	2041	S	3	0	3	0.0000584773
Aeromicrobium chenweiae	2079793	S	3	0	3	0.0000584773
Kribbella qitaiheensis	1544730	S	3	0	3	0.0000584773
Streptomyces sp. Go-475	2072505	S	3	0	3	0.0000584773
Streptomyces sp. CB01881	2078691	S	3	0	3	0.0000584773
Streptomyces sp. JB150	2714844	S	3	0	3	0.0000584773
Streptomyces sp. WAC 01438	2203204	S	3	0	3	0.0000584773
Streptomyces sp. SYP-A7193	2662065	S	3	0	3	0.0000584773
Streptomyces sp. INR7	2607753	S	3	0	3	0.0000584773
Streptomyces sp. WAC 06738	2203210	S	2	1	3	0.0000584773
Streptomyces sp. XC 2026	2782004	S	2	1	3	0.0000584773
Streptomyces sp. M56	1495638	S	1	2	3	0.0000584773
Streptomyces sp. SS52	2563602	S	1	2	3	0.0000584773
Streptomyces sp. CLI2509	1984801	S	1	2	3	0.0000584773
Streptomyces glaucescens	1907	S	3	0	3	0.0000584773
Streptomyces davaonensis	348043	S	3	0	3	0.0000584773
Streptomyces parvulus	146923	S	3	0	3	0.0000584773
Streptomyces lincolnensis	1915	S	3	0	3	0.0000584773
Streptomyces lavendulae	1914	S	3	0	3	0.0000584773
Streptomyces niveus	193462	S	3	0	3	0.0000584773
Streptomyces gilvosporeus	553510	S	3	0	3	0.0000584773
Streptomyces formicae	1616117	S	3	0	3	0.0000584773
Streptomyces prasinus	67345	S	3	0	3	0.0000584773
Streptomyces hawaiiensis	67305	S	3	0	3	0.0000584773
Streptomyces griseorubiginosus	67304	S	3	0	3	0.0000584773
Streptomyces finlayi	67296	S	3	0	3	0.0000584773
Streptomyces xinghaiensis	1038928	S	3	0	3	0.0000584773
Streptomyces capitiformicae	2014920	S	3	0	3	0.0000584773
Streptomyces cacaoi	1898	S	3	0	3	0.0000584773
Streptomyces atratus	1893	S	3	0	3	0.0000584773
Streptomyces tendae	1932	S	3	0	3	0.0000584773
Streptomyces nodosus	40318	S	3	0	3	0.0000584773
Streptomyces antimycoticus	68175	S	2	1	3	0.0000584773
Streptomyces solisilvae	1929477	S	1	2	3	0.0000584773
Streptomyces albidoflavus	1886	S	1	2	3	0.0000584773
Streptacidiphilus bronchialis	2126346	S	3	0	3	0.0000584773
Actinosynnema mirum	40567	S	1	2	3	0.0000584773
Actinoalloteichus hoggarensis	1470176	S	3	0	3	0.0000584773
Kutzneria albida	43357	S	3	0	3	0.0000584773
Micromonospora sp. B006	2201999	S	2	1	3	0.0000584773
Micromonospora narathiwatensis	299146	S	3	0	3	0.0000584773
Micromonospora krabiensis	307121	S	3	0	3	0.0000584773
Micromonospora chokoriensis	356851	S	3	0	3	0.0000584773
Micromonospora echinaurantiaca	47857	S	3	0	3	0.0000584773
Micromonospora viridifaciens	1881	S	3	0	3	0.0000584773
Actinoplanes missouriensis	1866	S	3	0	3	0.0000584773
Plantactinospora sp. BB1	2071627	S	1	2	3	0.0000584773
Plantactinospora sp. BC1	2108470	S	1	2	3	0.0000584773
Phytohabitans flavus	1076124	S	3	0	3	0.0000584773
Salinispora tropica	168695	S	3	0	3	0.0000584773
Salinispora arenicola	168697	S	3	0	3	0.0000584773
Actinocatenispora thailandica	227318	S	3	0	3	0.0000584773
Bifidobacterium scardovii	158787	S	3	0	3	0.0000584773
Thermobispora bispora	2006	S	3	0	3	0.0000584773
Nocardiopsis alba	53437	S	3	0	3	0.0000584773
Actinomyces sp. oral taxon 414	712122	S	3	0	3	0.0000584773
Actinomyces pacaensis	1852377	S	3	0	3	0.0000584773
Actinomyces gaoshouyii	1960083	S	3	0	3	0.0000584773
Actinomyces marmotae	2737173	S	3	0	3	0.0000584773
Schaalia sp. ZJ405	2709403	S	3	0	3	0.0000584773
Frankia alni	1859	S	3	0	3	0.0000584773
Nakamurella panacisegetis	1090615	S	3	0	3	0.0000584773
Jiangella alkaliphila	419479	S	3	0	3	0.0000584773
Catenulispora acidiphila	304895	S	3	0	3	0.0000584773
Epidermidibacterium keratini	1891644	S	3	0	3	0.0000584773
Olsenella sp. oral taxon 807	712411	S	3	0	3	0.0000584773
Olsenella sp. GAM18	2109685	S	3	0	3	0.0000584773
Olsenella uli	133926	S	3	0	3	0.0000584773
Rubrobacter indicoceani	2051957	S	3	0	3	0.0000584773
Euzebya sp. DY32-46	1608957	S	3	0	3	0.0000584773
Egicoccus halophilus	1670830	S	3	0	3	0.0000584773
Bacillus sp. V3	2795526	S	3	0	3	0.0000584773
Bacillus sp. HD4P25	2779776	S	3	0	3	0.0000584773
Bacillus sp. AM1(2019)	2665175	S	1	2	3	0.0000584773
Bacillus freudenreichii	1783501	S	3	0	3	0.0000584773
Bacillus beveridgei	632773	S	3	0	3	0.0000584773
Bacillus safensis	561879	S	3	0	3	0.0000584773
Bacillus dafuensis	1742359	S	3	0	3	0.0000584773
Bacillus sporothermodurans	46224	S	3	0	3	0.0000584773
Bacillus haynesii	1925021	S	3	0	3	0.0000584773
Bacillus cellulosilyticus	1413	S	3	0	3	0.0000584773
Priestia filamentosa	1402861	S	3	0	3	0.0000584773
Lysinibacillus sp. 2017	2169540	S	3	0	3	0.0000584773
Alkalihalobacillus pseudofirmus	79885	S	3	0	3	0.0000584773
Alkalihalobacillus halodurans	86665	S	3	0	3	0.0000584773
Salicibibacter kimchii	2099786	S	2	1	3	0.0000584773
Salicibibacter sp. NKC21-4	2743001	S	2	1	3	0.0000584773
Oceanobacillus iheyensis	182710	S	3	0	3	0.0000584773
Metabacillus sp. KUDC1714	2745198	S	3	0	3	0.0000584773
Metabacillus litoralis	152268	S	3	0	3	0.0000584773
Halobacillus mangrovi	402384	S	3	0	3	0.0000584773
Parageobacillus thermoglucosidasius	1426	S	1	2	3	0.0000584773
Staphylococcus pasteuri	45972	S	3	0	3	0.0000584773
Staphylococcus agnetis	985762	S	3	0	3	0.0000584773
Staphylococcus simiae	308354	S	3	0	3	0.0000584773
Staphylococcus nepalensis	214473	S	3	0	3	0.0000584773
Staphylococcus xylosus	1288	S	3	0	3	0.0000584773
Staphylococcus auricularis	29379	S	3	0	3	0.0000584773
Mammaliicoccus stepanovicii	643214	S	3	0	3	0.0000584773
Mammaliicoccus lentus	42858	S	2	1	3	0.0000584773
Paenibacillus sp. E222	2748863	S	3	0	3	0.0000584773
Paenibacillus sp. FSL H7-0737	1536775	S	3	0	3	0.0000584773
Paenibacillus albus	2495582	S	3	0	3	0.0000584773
Paenibacillus crassostreae	1763538	S	3	0	3	0.0000584773
Paenibacillus ihbetae	1870820	S	3	0	3	0.0000584773
Paenibacillus borealis	160799	S	3	0	3	0.0000584773
Paenibacillus brasilensis	128574	S	3	0	3	0.0000584773
Paenibacillus chitinolyticus	79263	S	3	0	3	0.0000584773
Paenibacillus protaetiae	2509456	S	3	0	3	0.0000584773
Paenibacillus donghaensis	414771	S	3	0	3	0.0000584773
Paenibacillus lycopersici	2704462	S	3	0	3	0.0000584773
Paenibacillus beijingensis	1126833	S	3	0	3	0.0000584773
Brevibacillus brevis	1393	S	3	0	3	0.0000584773
Solibacillus sp. R5-41	2048654	S	3	0	3	0.0000584773
Alicyclobacillus sp. TC	2606450	S	3	0	3	0.0000584773
Streptococcus oralis	1303	S	3	0	3	0.0000584773
Streptococcus halotolerans	1814128	S	3	0	3	0.0000584773
Streptococcus periodonticum	2490633	S	2	1	3	0.0000584773
Lactobacillus johnsonii	33959	S	3	0	3	0.0000584773
Lactobacillus jensenii	109790	S	3	0	3	0.0000584773
Ligilactobacillus ruminis	1623	S	3	0	3	0.0000584773
Ligilactobacillus salivarius	1624	S	3	0	3	0.0000584773
Ligilactobacillus acidipiscis	89059	S	3	0	3	0.0000584773
Ligilactobacillus saerimneri	228229	S	3	0	3	0.0000584773
Companilactobacillus heilongjiangensis	1074467	S	3	0	3	0.0000584773
Levilactobacillus suantsaii	2292255	S	3	0	3	0.0000584773
Fructilactobacillus fructivorans	1614	S	3	0	3	0.0000584773
Lapidilactobacillus dextrinicus	51664	S	3	0	3	0.0000584773
Enterococcus durans	53345	S	3	0	3	0.0000584773
Tetragenococcus halophilus	51669	S	3	0	3	0.0000584773
Vagococcus hydrophili	2714947	S	3	0	3	0.0000584773
Jeotgalibaca sp. PTS2502	1903686	S	1	2	3	0.0000584773
Aerococcus sanguinicola	119206	S	3	0	3	0.0000584773
Butyrivibrio proteoclasticus	43305	S	3	0	3	0.0000584773
Lachnoanaerobaculum umeaense	617123	S	3	0	3	0.0000584773
Clostridium chauvoei	46867	S	3	0	3	0.0000584773
Clostridium acetobutylicum	1488	S	3	0	3	0.0000584773
Clostridium baratii	1561	S	3	0	3	0.0000584773
Clostridium formicaceticum	1497	S	3	0	3	0.0000584773
Clostridium cochlearium	1494	S	3	0	3	0.0000584773
Clostridium cellulovorans	1493	S	3	0	3	0.0000584773
Clostridium autoethanogenum	84023	S	1	2	3	0.0000584773
Sarcina sp. JB2	2726954	S	3	0	3	0.0000584773
Geosporobacter ferrireducens	1424294	S	3	0	3	0.0000584773
Hungatella hathewayi	154046	S	3	0	3	0.0000584773
Oscillibacter valericigenes	351091	S	3	0	3	0.0000584773
Caproiciproducens sp. 7D4C2	2721621	S	3	0	3	0.0000584773
Flavonifractor plautii	292800	S	3	0	3	0.0000584773
Dysosmobacter welbionis	2093857	S	1	2	3	0.0000584773
Romboutsia ilealis	1115758	S	3	0	3	0.0000584773
Romboutsia sp. CE17	2724150	S	3	0	3	0.0000584773
Paraclostridium bifermentans	1490	S	3	0	3	0.0000584773
Aminipila sp. CBA3637	2697030	S	3	0	3	0.0000584773
Thermaerobacter marianensis	73919	S	3	0	3	0.0000584773
Thermaerobacter sp. PB12/4term	2293838	S	3	0	3	0.0000584773
Desulfotomaculum reducens	59610	S	3	0	3	0.0000584773
[Eubacterium] cellulosolvens	29322	S	3	0	3	0.0000584773
Acetobacterium woodii	33952	S	3	0	3	0.0000584773
Moorella glycerini	55779	S	3	0	3	0.0000584773
Thermoanaerobacterium thermosaccharolyticum	1517	S	3	0	3	0.0000584773
Halanaerobium praevalens	2331	S	3	0	3	0.0000584773
Megamonas hypermegale	158847	S	3	0	3	0.0000584773
Pelosinus sp. UFO1	484770	S	3	0	3	0.0000584773
Amedibacterium intestinale	2583452	S	2	1	3	0.0000584773
Anaerococcus vaginalis	33037	S	1	2	3	0.0000584773
Geitlerinema sp. PCC 7407	1173025	S	3	0	3	0.0000584773
Gloeothece verrucosa	2546359	S	3	0	3	0.0000584773
Nostoc sp. 'Lobaria pulmonaria (5183) cyanobiont'	1618022	S	3	0	3	0.0000584773
Nostoc sp. UHCC 0702	2814655	S	3	0	3	0.0000584773
Cylindrospermum stagnale	142864	S	3	0	3	0.0000584773
Synechococcus sp. MEDNS5	1442554	S	3	0	3	0.0000584773
Synechococcus sp. RSCCF101	2511069	S	3	0	3	0.0000584773
Synechococcus sp. ROS8604	1442557	S	3	0	3	0.0000584773
Synechococcus sp. LTW-R	2751170	S	3	0	3	0.0000584773
Leptolyngbya sp. NIES-3755	1752064	S	3	0	3	0.0000584773
Stanieria sp. NIES-3757	1807358	S	3	0	3	0.0000584773
Mycoplasma hyopneumoniae	2099	S	3	0	3	0.0000584773
Mycoplasma anserisalpingitidis	519450	S	3	0	3	0.0000584773
Mycoplasma arthritidis	2111	S	3	0	3	0.0000584773
Mycoplasma anseris	92400	S	3	0	3	0.0000584773
Mycoplasma gallisepticum	2096	S	3	0	3	0.0000584773
Mycoplasma cynos	171284	S	3	0	3	0.0000584773
Mycoplasma gallinaceum	29556	S	3	0	3	0.0000584773
Ureaplasma urealyticum	2130	S	3	0	3	0.0000584773
Ureaplasma parvum	134821	S	3	0	3	0.0000584773
Spiroplasma sp. BIUS-1	216964	S	3	0	3	0.0000584773
Spiroplasma gladiatoris	2143	S	3	0	3	0.0000584773
Spiroplasma phoeniceum	47835	S	2	1	3	0.0000584773
Deinococcus sp. NW-56	2080419	S	3	0	3	0.0000584773
Deinococcus sp. AJ005	2652443	S	3	0	3	0.0000584773
Deinococcus wulumuqiensis	980427	S	3	0	3	0.0000584773
Thermus aquaticus	271	S	3	0	3	0.0000584773
Oceanithermus profundus	187137	S	3	0	3	0.0000584773
Dehalococcoides mccartyi	61435	S	2	1	3	0.0000584773
Tepidiforma bonchosmolovskayae	2601677	S	3	0	3	0.0000584773
Polaribacter sp. L3A8	2686361	S	3	0	3	0.0000584773
Polaribacter haliotis	1888915	S	2	1	3	0.0000584773
Capnocytophaga sp. H2931	1945657	S	1	2	3	0.0000584773
Capnocytophaga sp. H4358	1945658	S	1	2	3	0.0000584773
Capnocytophaga endodontalis	2708117	S	3	0	3	0.0000584773
Nonlabens sp. Ci31	2608253	S	3	0	3	0.0000584773
Tenacibaculum sp. DSM 106434	2358479	S	3	0	3	0.0000584773
Gramella forsetii	411153	S	3	0	3	0.0000584773
Gramella sp. MAR_2010_147	1250205	S	3	0	3	0.0000584773
Dokdonia sp. 4H-3-7-5	983548	S	2	1	3	0.0000584773
Dokdonia sp. Dokd-P16	2173169	S	2	1	3	0.0000584773
Aureitalea sp. RR4-38	2094025	S	3	0	3	0.0000584773
Galbibacter sp. BG1	1170699	S	3	0	3	0.0000584773
Euzebyella marina	1761453	S	2	1	3	0.0000584773
Elizabethkingia sp. 2-6	2575699	S	1	2	3	0.0000584773
Weeksella virosa	1014	S	3	0	3	0.0000584773
Bergeyella cardium	1585976	S	3	0	3	0.0000584773
Bacteroides sp. HF-5141	2650158	S	3	0	3	0.0000584773
Prevotella intermedia	28131	S	3	0	3	0.0000584773
Prevotella dentalis	52227	S	3	0	3	0.0000584773
Alistipes indistinctus	626932	S	3	0	3	0.0000584773
Dysgonomonas sp. HDW5A	2714926	S	2	1	3	0.0000584773
Dysgonomonas sp. HDW5B	2714927	S	2	1	3	0.0000584773
Muribaculum intestinale	1796646	S	3	0	3	0.0000584773
Sodaliphilus pleomorphus	2606626	S	3	0	3	0.0000584773
Salinivirga cyanobacteriivorans	1307839	S	3	0	3	0.0000584773
Sphingobacterium mizutaii	1010	S	3	0	3	0.0000584773
Spirosoma aerolatum	1211326	S	3	0	3	0.0000584773
Spirosoma taeanense	2735870	S	3	0	3	0.0000584773
Dyadobacter sp. Q3-56	2747268	S	3	0	3	0.0000584773
Hymenobacter sp. DG25A	1385663	S	3	0	3	0.0000584773
Hymenobacter sp. DG25B	1385664	S	3	0	3	0.0000584773
Hymenobacter sp. NBH84	2596915	S	3	0	3	0.0000584773
Hymenobacter qilianensis	1385715	S	3	0	3	0.0000584773
Cyclobacterium marinum	104	S	3	0	3	0.0000584773
Flammeovirga sp. MY04	1191459	S	3	0	3	0.0000584773
Fulvivirga sp. S481	2810512	S	3	0	3	0.0000584773
Chitinophaga alhagiae	2203219	S	3	0	3	0.0000584773
Flavisolibacter tropicus	1492898	S	3	0	3	0.0000584773
Chlorobium limicola	1092	S	3	0	3	0.0000584773
Chlorobium phaeobacteroides	1096	S	3	0	3	0.0000584773
Prosthecochloris aestuarii	1102	S	3	0	3	0.0000584773
Gimesia algae	2527971	S	3	0	3	0.0000584773
Gimesia benthica	2608982	S	2	1	3	0.0000584773
Anaerohalosphaera lusitana	1936003	S	3	0	3	0.0000584773
Akkermansia glycaniphila	1679444	S	3	0	3	0.0000584773
Chlamydia suis	83559	S	1	2	3	0.0000584773
Candidatus Vampirococcus archaeovorus	1930593	S	3	0	3	0.0000584773
Treponema sp. RCC2812	2787628	S	3	0	3	0.0000584773
Borrelia crocidurae	29520	S	2	1	3	0.0000584773
Granulicella tundricola	940615	S	3	0	3	0.0000584773
Fusobacterium necrophorum	859	S	3	0	3	0.0000584773
Leptotrichia sp. oral taxon 847	1785996	S	3	0	3	0.0000584773
Leptotrichia wadei	157687	S	3	0	3	0.0000584773
Streptobacillus moniliformis	34105	S	3	0	3	0.0000584773
Thermosipho melanesiensis	46541	S	3	0	3	0.0000584773
Fervidobacterium pennivorans	93466	S	3	0	3	0.0000584773
Defluviitoga tunisiensis	1006576	S	3	0	3	0.0000584773
Candidatus Chazhemtobacterium aquaticus	2715735	S	3	0	3	0.0000584773
Thermodesulfobacterium commune	1741	S	3	0	3	0.0000584773
Thermodesulfatator indicus	171695	S	3	0	3	0.0000584773
Calditerrivibrio nitroreducens	477976	S	3	0	3	0.0000584773
Sulfurihydrogenibium sp. YO3AOP1	436114	S	3	0	3	0.0000584773
Methanoregula boonei	358766	S	3	0	3	0.0000584773
Methanospirillum hungatei	2203	S	3	0	3	0.0000584773
Halopiger xanaduensis	387343	S	3	0	3	0.0000584773
Salinarchaeum sp. Harcht-Bsk1	1333523	S	3	0	3	0.0000584773
Natrarchaeobaculum sulfurireducens	2044521	S	3	0	3	0.0000584773
Halobonum sp. Gai3-2	2743090	S	3	0	3	0.0000584773
Haloplanus aerogenes	660522	S	3	0	3	0.0000584773
Haloferax gibbonsii	35746	S	2	1	3	0.0000584773
Haloquadratum walsbyi	293091	S	3	0	3	0.0000584773
Halorhabdus sp. CBA1104	1380432	S	3	0	3	0.0000584773
Halapricum salinum	1457250	S	3	0	3	0.0000584773
Halorussus sp. RC-68	2505977	S	3	0	3	0.0000584773
Methanobrevibacter smithii	2173	S	3	0	3	0.0000584773
Methanobacterium paludis	868131	S	3	0	3	0.0000584773
Methanobacterium lacus	877455	S	3	0	3	0.0000584773
Nitrosopumilus cobalaminigenes	1470066	S	3	0	3	0.0000584773
Nitrosopumilus adriaticus	1580092	S	3	0	3	0.0000584773
Nitrosopumilus piranensis	1582439	S	3	0	3	0.0000584773
Sulfolobus islandicus	43080	S	3	0	3	0.0000584773
Thermoproteus uzoniensis	184117	S	3	0	3	0.0000584773
Candidatus Prometheoarchaeum syntrophicum	2594042	S	3	0	3	0.0000584773
Microbacterium phage McGalleon	2590936	S	3	0	3	0.0000584773
Mycobacterium phage Mantra	2283297	S	1	2	3	0.0000584773
Invertebrate iridescent virus 31	345199	S	3	0	3	0.0000584773
Melanoplus sanguinipes entomopoxvirus	83191	S	3	0	3	0.0000584773
Human mastadenovirus C	129951	S	3	0	3	0.0000584773
Xestia c-nigrum granulovirus	51677	S	2	1	3	0.0000584773
Murine leukemia virus	11786	S	3	0	3	0.0000584773
Burkholderia stagnalis	1503054	S	2	0	2	0.0000389848
Burkholderia pseudomultivorans	1207504	S	1	1	2	0.0000389848
Burkholderia sp. MSMB0852	1637841	S	1	1	2	0.0000389848
Paraburkholderia sp. PGU16	2735433	S	2	0	2	0.0000389848
Paraburkholderia phenoliruptrix	252970	S	2	0	2	0.0000389848
Paraburkholderia terrae	311230	S	1	1	2	0.0000389848
Mycoavidus cysteinexigens	1553431	S	2	0	2	0.0000389848
Oxalobacter formigenes	847	S	2	0	2	0.0000389848
Taylorella equigenitalis	29575	S	2	0	2	0.0000389848
Sutterella faecalis	2584944	S	2	0	2	0.0000389848
Chromobacterium violaceum	536	S	2	0	2	0.0000389848
Chromobacterium rhizoryzae	1778675	S	1	1	2	0.0000389848
Aquitalea magnusonii	332411	S	2	0	2	0.0000389848
Aquitalea sp. USM4	1590041	S	2	0	2	0.0000389848
Vitreoscilla sp. C1	96942	S	2	0	2	0.0000389848
Neisseria sp. KEM232	655307	S	2	0	2	0.0000389848
Neisseria weaveri	28091	S	2	0	2	0.0000389848
Neisseria cinerea	483	S	2	0	2	0.0000389848
Neisseria wadsworthii	607711	S	2	0	2	0.0000389848
Neisseria musculi	1815583	S	2	0	2	0.0000389848
Kingella oralis	505	S	2	0	2	0.0000389848
Conchiformibius steedae	153493	S	2	0	2	0.0000389848
Methylophilus medardicus	2588534	S	2	0	2	0.0000389848
Nitrosomonas stercoris	1444684	S	2	0	2	0.0000389848
Nitrosospira lacus	1288494	S	2	0	2	0.0000389848
Candidatus Kinetoplastibacterium sorsogonicusi	1576550	S	2	0	2	0.0000389848
Candidatus Profftella armatura (Diaphorina cf. continua)	2661583	S	2	0	2	0.0000389848
Pseudomonas sp. Tri1	2823875	S	2	0	2	0.0000389848
Pseudomonas sp. PDNC002	2811422	S	2	0	2	0.0000389848
Pseudomonas sp. ADAK18	2730848	S	2	0	2	0.0000389848
Pseudomonas sp. SK	2729423	S	2	0	2	0.0000389848
Pseudomonas sp. MSPm1	2726956	S	2	0	2	0.0000389848
Pseudomonas sp. 02C 26	2054914	S	2	0	2	0.0000389848
Pseudomonas sp. LBUM920	2126069	S	2	0	2	0.0000389848
Pseudomonas sp. CMR5c	658630	S	2	0	2	0.0000389848
Pseudomonas sp. ATCC 13867	1294143	S	2	0	2	0.0000389848
Pseudomonas sp. IB20	1702250	S	2	0	2	0.0000389848
Pseudomonas sp. S49	1573720	S	2	0	2	0.0000389848
Pseudomonas sp. SXM-1	2169583	S	1	1	2	0.0000389848
Pseudomonas sp. 09C 129	2054915	S	1	1	2	0.0000389848
Pseudomonas sp. ADPe	2774873	S	1	1	2	0.0000389848
Pseudomonas fulva	47880	S	2	0	2	0.0000389848
Pseudomonas extremorientalis	169669	S	2	0	2	0.0000389848
Pseudomonas furukawaii	1149133	S	2	0	2	0.0000389848
Pseudomonas fuscovaginae	50340	S	2	0	2	0.0000389848
Pseudomonas luteola	47886	S	2	0	2	0.0000389848
Pseudomonas gozinkensis	2774461	S	2	0	2	0.0000389848
Pseudomonas asplenii	53407	S	2	0	2	0.0000389848
Pseudomonas thivervalensis	86265	S	2	0	2	0.0000389848
Pseudomonas kribbensis	1628086	S	2	0	2	0.0000389848
Pseudomonas denitrificans (nom. rej.)	43306	S	2	0	2	0.0000389848
Pseudomonas granadensis	1421430	S	2	0	2	0.0000389848
Pseudomonas sabulinigri	472181	S	2	0	2	0.0000389848
Pseudomonas lini	163011	S	2	0	2	0.0000389848
Pseudomonas prosekii	1148509	S	2	0	2	0.0000389848
Entomomonas sp. F2A	2785331	S	2	0	2	0.0000389848
Acinetobacter lactucae	1785128	S	2	0	2	0.0000389848
Acinetobacter oleivorans	1148157	S	2	0	2	0.0000389848
Acinetobacter soli	487316	S	2	0	2	0.0000389848
Moraxella bovis	476	S	2	0	2	0.0000389848
Moraxella nonliquefaciens	478	S	2	0	2	0.0000389848
Moraxella catarrhalis	480	S	2	0	2	0.0000389848
Stenotrophomonas sp. ZAC14A_NAIMI4_1	2072412	S	1	1	2	0.0000389848
Stenotrophomonas sp. WZN-1	2005046	S	2	0	2	0.0000389848
Stenotrophomonas sp. ASS1	2282124	S	1	1	2	0.0000389848
Xanthomonas cucurbitae	56453	S	2	0	2	0.0000389848
Xanthomonas phaseoli	1985254	S	2	0	2	0.0000389848
Lysobacter maris	1605891	S	2	0	2	0.0000389848
Luteimonas yindakuii	2565782	S	2	0	2	0.0000389848
Thermomonas sp. HDW16	2714945	S	2	0	2	0.0000389848
Enterobacter roggenkampii	1812935	S	1	1	2	0.0000389848
Enterobacter sp. JUb54	2724468	S	2	0	2	0.0000389848
Escherichia fergusonii	564	S	2	0	2	0.0000389848
Escherichia sp. E4742	2044467	S	2	0	2	0.0000389848
Citrobacter youngae	133448	S	1	1	2	0.0000389848
Enterobacteriaceae endosymbiont of Donacia sparganii	2675785	S	2	0	2	0.0000389848
Enterobacteriaceae endosymbiont of Donacia dentata	2675777	S	1	1	2	0.0000389848
Blochmannia endosymbiont of Camponotus (Colobopsis) obliquus	1505597	S	2	0	2	0.0000389848
Candidatus Blochmannia vafer	251535	S	2	0	2	0.0000389848
secondary endosymbiont of Heteropsylla cubana	134287	S	2	0	2	0.0000389848
Candidatus Gullanella endobia	1070130	S	2	0	2	0.0000389848
Salmonella bongori	54736	S	2	0	2	0.0000389848
Cedecea sp. FDAARGOS_727	2545798	S	2	0	2	0.0000389848
Kosakonia oryzae	497725	S	2	0	2	0.0000389848
Kosakonia arachidis	551989	S	2	0	2	0.0000389848
Buttiauxella sp. 3AFRM03	2479367	S	2	0	2	0.0000389848
[Enterobacter] lignolyticus	1334193	S	2	0	2	0.0000389848
Scandinavium goeteborgense	1851514	S	2	0	2	0.0000389848
Candidatus Riesia pediculischaeffi	428411	S	1	1	2	0.0000389848
Serratia odorifera	618	S	2	0	2	0.0000389848
Yersinia pseudotuberculosis	633	S	2	0	2	0.0000389848
Yersinia aldovae	29483	S	2	0	2	0.0000389848
Rouxiella badensis	1646377	S	2	0	2	0.0000389848
Pantoea sp. 201603H	2479547	S	2	0	2	0.0000389848
Pantoea sp. CCBC3-3-1	2490851	S	2	0	2	0.0000389848
Pantoea sp. PSNIH1	1484158	S	1	1	2	0.0000389848
Candidatus Pantoea carbekii	1235990	S	2	0	2	0.0000389848
Erwinia persicina	55211	S	2	0	2	0.0000389848
Providencia rustigianii	158850	S	2	0	2	0.0000389848
Providencia heimbachae	333962	S	2	0	2	0.0000389848
Xenorhabdus nematophila	628	S	2	0	2	0.0000389848
Xenorhabdus poinarii	40577	S	2	0	2	0.0000389848
Xenorhabdus doucetiae	351671	S	2	0	2	0.0000389848
Arsenophonus endosymbiont of Aphis craccivora	1231049	S	2	0	2	0.0000389848
Arsenophonus nasoniae	638	S	2	0	2	0.0000389848
Dickeya poaceiphila	568768	S	2	0	2	0.0000389848
Brenneria goodwinii	1109412	S	1	1	2	0.0000389848
Brenneria sp. Ir50	2722756	S	1	1	2	0.0000389848
Sodalis endosymbiont of Henestaris halophilus	1929246	S	2	0	2	0.0000389848
Halomonas sp. GFAJ-1	1118153	S	2	0	2	0.0000389848
Halomonas sp. THAF12	2587849	S	2	0	2	0.0000389848
Halomonas sp. THAF5a	2587844	S	2	0	2	0.0000389848
Halomonas sp. Y2R2	2562282	S	2	0	2	0.0000389848
Halomonas subglaciescola	29571	S	2	0	2	0.0000389848
Halomonas elongata	2746	S	2	0	2	0.0000389848
Halomonas beimenensis	475662	S	2	0	2	0.0000389848
Cobetia sp. L2A1	2686360	S	2	0	2	0.0000389848
Kushneria konosiri	698828	S	2	0	2	0.0000389848
Candidatus Carsonella ruddii	114186	S	1	1	2	0.0000389848
Marinomonas algicola	2773454	S	2	0	2	0.0000389848
Neptunomonas japonica	417574	S	2	0	2	0.0000389848
Marinobacterium georgiense	48076	S	2	0	2	0.0000389848
Thalassolituus oleivorans	187493	S	2	0	2	0.0000389848
Alcanivorax borkumensis	59754	S	1	1	2	0.0000389848
Ketobacter alkanivorans	1917421	S	2	0	2	0.0000389848
Hahella sp. KA22	1628392	S	2	0	2	0.0000389848
Litoricola lipolytica	418701	S	2	0	2	0.0000389848
Endozoicomonas montiporae	1027273	S	2	0	2	0.0000389848
Marinobacter sp. Arc7-DN-1	2304594	S	2	0	2	0.0000389848
Marinobacter sp. CP1	1671721	S	1	1	2	0.0000389848
Marinobacter salsuginis	418719	S	2	0	2	0.0000389848
Marinobacter fonticola	2603215	S	2	0	2	0.0000389848
Marinobacter adhaerens	1033846	S	1	1	2	0.0000389848
Alteromonas sp. 76-1	2358187	S	1	1	2	0.0000389848
Shewanella sp. FJAT-53720	2814292	S	2	0	2	0.0000389848
Shewanella sp. Pdp11	2059264	S	1	1	2	0.0000389848
Shewanella litorisediminis	1173586	S	2	0	2	0.0000389848
Shewanella halifaxensis	271098	S	2	0	2	0.0000389848
Pseudoalteromonas sp. SM1988	2744479	S	2	0	2	0.0000389848
Pseudoalteromonas atlantica	288	S	2	0	2	0.0000389848
Pseudoalteromonas piratica	1348114	S	2	0	2	0.0000389848
Pseudoalteromonas arabiensis	874454	S	2	0	2	0.0000389848
Pseudoalteromonas marina	267375	S	1	1	2	0.0000389848
Colwellia sp. Arc7-D	2161872	S	2	0	2	0.0000389848
Thalassotalea sp. LPB0316	2769490	S	2	0	2	0.0000389848
Idiomarina andamanensis	1940690	S	2	0	2	0.0000389848
Idiomarina piscisalsi	1096243	S	1	1	2	0.0000389848
Moritella marina	90736	S	2	0	2	0.0000389848
Candidatus Nitrosoglobus terrae	1630141	S	2	0	2	0.0000389848
Caldichromatium japonicum	2699430	S	2	0	2	0.0000389848
Thioalkalivibrio nitratireducens	186931	S	2	0	2	0.0000389848
Spiribacter sp. 2438	2666185	S	2	0	2	0.0000389848
Aeromonas sp.	647	S	1	1	2	0.0000389848
Aeromonas dhakensis	196024	S	2	0	2	0.0000389848
Aeromonas jandaei	650	S	2	0	2	0.0000389848
Zobellella denitrificans	347534	S	2	0	2	0.0000389848
Succinivibrio dextrinosolvens	83771	S	2	0	2	0.0000389848
Vibrio harveyi	669	S	2	0	2	0.0000389848
Vibrio rotiferianus	190895	S	2	0	2	0.0000389848
Vibrio sp. ZWAL4003	2711221	S	2	0	2	0.0000389848
Vibrio europaeus	300876	S	2	0	2	0.0000389848
Vibrio casei	673372	S	2	0	2	0.0000389848
Vibrio aquimaris	2587862	S	2	0	2	0.0000389848
Vibrio panuliri	1381081	S	2	0	2	0.0000389848
Vibrio gazogenes	687	S	2	0	2	0.0000389848
Vibrio splendidus	29497	S	2	0	2	0.0000389848
Vibrio kanaloae	170673	S	2	0	2	0.0000389848
Vibrio scophthalmi	45658	S	2	0	2	0.0000389848
Vibrio cyclitrophicus	47951	S	2	0	2	0.0000389848
Salinivibrio costicola	51367	S	1	1	2	0.0000389848
Grimontia hollisae	673	S	2	0	2	0.0000389848
Paraphotobacterium marinum	1755811	S	2	0	2	0.0000389848
Teredinibacter turnerae	2426	S	2	0	2	0.0000389848
Teredinibacter purpureus	2731756	S	2	0	2	0.0000389848
Saccharophagus degradans	86304	S	2	0	2	0.0000389848
Microbulbifer sp. SH-1	2681547	S	2	0	2	0.0000389848
Microbulbifer thermotolerans	252514	S	2	0	2	0.0000389848
Spongiibacter sp. CSC3.9	2794344	S	2	0	2	0.0000389848
Pasteurella skyensis	97481	S	2	0	2	0.0000389848
Haemophilus sp. oral taxon 036	712310	S	2	0	2	0.0000389848
Mannheimia haemolytica	75985	S	2	0	2	0.0000389848
Actinobacillus succinogenes	67854	S	2	0	2	0.0000389848
Aggregatibacter segnis	739	S	2	0	2	0.0000389848
Aggregatibacter sp. 2125159857	2820817	S	2	0	2	0.0000389848
Legionella sp. PC1000	2746060	S	2	0	2	0.0000389848
Legionella jordanis	456	S	2	0	2	0.0000389848
Hydrogenovibrio crunogenus	39765	S	2	0	2	0.0000389848
Thiomicrospira aerophila	92245	S	2	0	2	0.0000389848
Allofrancisella guangzhouensis	594679	S	1	1	2	0.0000389848
Methylococcus capsulatus	414	S	2	0	2	0.0000389848
Candidatus Vesicomyosocius sp. SY067_SCS001	2732590	S	2	0	2	0.0000389848
Bathymodiolus thermophilus thioautotrophic gill symbiont	2360	S	2	0	2	0.0000389848
Bathymodiolus septemdierum thioautotrophic gill symbiont	113267	S	2	0	2	0.0000389848
Sedimenticola thiotaurini	1543721	S	2	0	2	0.0000389848
Candidatus Reidiella endopervernicosa	2738883	S	2	0	2	0.0000389848
Candidatus Azoamicus ciliaticola	2652803	S	2	0	2	0.0000389848
Cardiobacterium hominis	2718	S	2	0	2	0.0000389848
endosymbiont of unidentified scaly snail isolate Monju	1248727	S	2	0	2	0.0000389848
Rhizobium sp. NXC24	2048897	S	2	0	2	0.0000389848
Agrobacterium sp. CGMCC 11546	2579248	S	1	1	2	0.0000389848
Ensifer mexicanus	375549	S	2	0	2	0.0000389848
Candidatus Liberibacter americanus	309868	S	2	0	2	0.0000389848
Candidatus Liberibacter solanacearum	556287	S	2	0	2	0.0000389848
Georhizobium profundi	2341112	S	2	0	2	0.0000389848
Mesorhizobium sp. M3A.F.Ca.ET.080.04.2.1	2493676	S	2	0	2	0.0000389848
Mesorhizobium sp. M6A.T.Cr.TU.016.01.1.1	2493677	S	2	0	2	0.0000389848
Mesorhizobium sp. M1D.F.Ca.ET.043.01.1.1	2493669	S	2	0	2	0.0000389848
Mesorhizobium sp. L-2-11	2744521	S	2	0	2	0.0000389848
Mesorhizobium sp. M2A.F.Ca.ET.046.03.2.1	2493674	S	1	1	2	0.0000389848
Oricola thermophila	2742145	S	2	0	2	0.0000389848
Methyloceanibacter caenitepidi	1384459	S	2	0	2	0.0000389848
Maritalea myrionectae	454601	S	2	0	2	0.0000389848
Candidatus Phaeomarinobacter ectocarpi	1458461	S	2	0	2	0.0000389848
Pseudovibrio sp. FO-BEG1	911045	S	2	0	2	0.0000389848
Bartonella grahamii	33045	S	2	0	2	0.0000389848
Brucella intermedia	94625	S	2	0	2	0.0000389848
[Ochrobactrum] quorumnocens	271865	S	2	0	2	0.0000389848
Lichenihabitans psoromatis	2528642	S	2	0	2	0.0000389848
Sphingomonas sediminicola	386874	S	2	0	2	0.0000389848
Sphingomonas lutea	1045317	S	2	0	2	0.0000389848
Sphingobium sp. PAMC28499	2565554	S	1	1	2	0.0000389848
Sphingobium barthaii	1054037	S	1	1	2	0.0000389848
Sphingorhabdus sp. SMR4y	2584094	S	2	0	2	0.0000389848
Sphingorhabdus sp. JK6	2725558	S	2	0	2	0.0000389848
Altererythrobacter sp. ZODW24	2185142	S	2	0	2	0.0000389848
Altererythrobacter epoxidivorans	361183	S	2	0	2	0.0000389848
Paracoccus sp. BM15	1529068	S	2	0	2	0.0000389848
Sulfitobacter sp. B30-2	2785912	S	2	0	2	0.0000389848
Sulfitobacter sp. AM1-D1	1917485	S	1	1	2	0.0000389848
Sulfitobacter pontiacus	60137	S	2	0	2	0.0000389848
Roseovarius sp. THAF8	2587846	S	1	1	2	0.0000389848
Roseovarius sp. THAF27	2587850	S	1	1	2	0.0000389848
Roseovarius mucosus	215743	S	1	1	2	0.0000389848
Phaeobacter porticola	1844006	S	2	0	2	0.0000389848
Roseobacter litoralis	42443	S	2	0	2	0.0000389848
Ruegeria sp. TM1040	292414	S	2	0	2	0.0000389848
Pseudohalocynthiibacter aestuariivivens	1591409	S	2	0	2	0.0000389848
Cognatishimia activa	1715691	S	2	0	2	0.0000389848
Maribius sp. THAF1	2587842	S	2	0	2	0.0000389848
Jannaschia sp. CCS1	290400	S	2	0	2	0.0000389848
Rhodobaca barguzinensis	441209	S	2	0	2	0.0000389848
Azospirillum humicireducens	1226968	S	2	0	2	0.0000389848
Thalassospira sp. B30-1	2785911	S	1	1	2	0.0000389848
Pararhodospirillum photometricum	1084	S	2	0	2	0.0000389848
Acetobacter orientalis	146474	S	2	0	2	0.0000389848
Acetobacter ascendens	481146	S	1	1	2	0.0000389848
Komagataeibacter hansenii	436	S	2	0	2	0.0000389848
Swingsia samuiensis	1293412	S	2	0	2	0.0000389848
Parasaccharibacter apium	1510841	S	2	0	2	0.0000389848
Entomobacter blattae	2762277	S	2	0	2	0.0000389848
Rickettsia akari	786	S	2	0	2	0.0000389848
Rickettsia australis	787	S	2	0	2	0.0000389848
Rickettsia prowazekii	782	S	1	1	2	0.0000389848
Anaplasma ovis	142058	S	2	0	2	0.0000389848
Candidatus Deianiraea vastatrix	2163644	S	2	0	2	0.0000389848
Candidatus Puniceispirillum marinum	767892	S	2	0	2	0.0000389848
Candidatus Pelagibacter sp. IMCC9063	1002672	S	2	0	2	0.0000389848
Candidatus Nesciobacter abundans	2601668	S	2	0	2	0.0000389848
Candidatus Paracaedibacter acanthamoebae	91604	S	2	0	2	0.0000389848
Maricaulis maris	74318	S	2	0	2	0.0000389848
Parvularcula bermudensis	208216	S	2	0	2	0.0000389848
Arcobacter nitrofigilis	28199	S	2	0	2	0.0000389848
Malaciobacter mytili	603050	S	2	0	2	0.0000389848
Malaciobacter molluscorum	1032072	S	2	0	2	0.0000389848
Halarcobacter bivalviorum	663364	S	2	0	2	0.0000389848
Poseidonibacter lekithochrous	1904463	S	2	0	2	0.0000389848
Campylobacter sp. RM16704	1500960	S	2	0	2	0.0000389848
Campylobacter sp. CCUG 57310	2517362	S	2	0	2	0.0000389848
Campylobacter lari	201	S	2	0	2	0.0000389848
Campylobacter rectus	203	S	2	0	2	0.0000389848
Campylobacter showae	204	S	2	0	2	0.0000389848
Sulfurospirillum deleyianum	65553	S	2	0	2	0.0000389848
Helicobacter himalayensis	1591088	S	2	0	2	0.0000389848
Sulfurimonas denitrificans	39766	S	2	0	2	0.0000389848
Nitrosophilus alvini	2714855	S	2	0	2	0.0000389848
Nautilia sp. PV-1	2579250	S	2	0	2	0.0000389848
Cetia pacifica	1424653	S	2	0	2	0.0000389848
Myxococcus hansupus	1297742	S	2	0	2	0.0000389848
Desulfuromonas sp. DDH964	1823759	S	2	0	2	0.0000389848
Desulfovibrio ferrophilus	241368	S	2	0	2	0.0000389848
Pseudodesulfovibrio cashew	2678688	S	2	0	2	0.0000389848
Maridesulfovibrio hydrothermalis	191026	S	2	0	2	0.0000389848
Desulfocapsa sulfexigens	65555	S	2	0	2	0.0000389848
Bradymonas sediminis	1548548	S	2	0	2	0.0000389848
Halobacteriovorax marinus	97084	S	2	0	2	0.0000389848
Acidithiobacillus ferrooxidans	920	S	2	0	2	0.0000389848
Acidithiobacillus thiooxidans	930	S	2	0	2	0.0000389848
Microbacterium sp. ABRD_28	2268461	S	2	0	2	0.0000389848
Microbacterium sp. 10M-3C3	2483401	S	2	0	2	0.0000389848
Microbacterium amylolyticum	936337	S	2	0	2	0.0000389848
Microbacterium hydrocarbonoxydans	273678	S	2	0	2	0.0000389848
Candidatus Aquiluna sp. 15G-AUS-rot	2499157	S	2	0	2	0.0000389848
Rathayibacter rathayi	33887	S	2	0	2	0.0000389848
Rathayibacter tritici	33888	S	2	0	2	0.0000389848
Leucobacter triazinivorans	1784719	S	2	0	2	0.0000389848
Leucobacter coleopterorum	2714933	S	2	0	2	0.0000389848
Leucobacter insecticola	2714934	S	2	0	2	0.0000389848
Protaetiibacter sp. SSC-01	2759943	S	2	0	2	0.0000389848
Mycetocola zhujimingii	2079792	S	2	0	2	0.0000389848
Kocuria sp. TGY1127_2	2711328	S	2	0	2	0.0000389848
Kocuria sp. KD4	2719588	S	2	0	2	0.0000389848
Kocuria varians	1272	S	2	0	2	0.0000389848
Kocuria flava	446860	S	2	0	2	0.0000389848
Arthrobacter sp. UKPF54-2	2600159	S	2	0	2	0.0000389848
Arthrobacter citreus	1670	S	2	0	2	0.0000389848
Glutamicibacter creatinolyticus	162496	S	2	0	2	0.0000389848
Glutamicibacter halophytocola	1933880	S	2	0	2	0.0000389848
Brevibacterium luteolum	199591	S	2	0	2	0.0000389848
Brevibacterium aurantiacum	273384	S	2	0	2	0.0000389848
Cellulomonas sp. Y8	2591145	S	2	0	2	0.0000389848
Cellulomonas sp. H30R-01	2704467	S	2	0	2	0.0000389848
Cellulomonas flavigena	1711	S	2	0	2	0.0000389848
Pseudactinotalea sp. HY158	2654547	S	2	0	2	0.0000389848
Ornithinimicrobium flavum	1288636	S	2	0	2	0.0000389848
Brachybacterium saurashtrense	556288	S	2	0	2	0.0000389848
Brachybacterium avium	2017485	S	2	0	2	0.0000389848
Beutenbergia cavernae	84757	S	2	0	2	0.0000389848
Mycolicibacterium psychrotolerans	216929	S	2	0	2	0.0000389848
Mycolicibacterium gadium	1794	S	2	0	2	0.0000389848
Mycolicibacterium moriokaense	39691	S	2	0	2	0.0000389848
Mycobacterium simiae	1784	S	2	0	2	0.0000389848
Mycobacterium saskatchewanense	220927	S	2	0	2	0.0000389848
Mycobacterium sp. MS1601	1936029	S	2	0	2	0.0000389848
Mycobacterium colombiense	339268	S	2	0	2	0.0000389848
Mycobacterium marseillense	701042	S	2	0	2	0.0000389848
Mycobacterium canettii	78331	S	2	0	2	0.0000389848
Mycobacterium grossiae	1552759	S	2	0	2	0.0000389848
Mycobacterium cookii	1775	S	2	0	2	0.0000389848
Mycobacterium kansasii	1768	S	2	0	2	0.0000389848
Rhodococcus sp. R79	2811421	S	2	0	2	0.0000389848
Rhodococcus sp. S2-17	1990687	S	1	1	2	0.0000389848
Rhodococcus coprophilus	38310	S	2	0	2	0.0000389848
Rhodococcus koreensis	99653	S	2	0	2	0.0000389848
Rhodococcus jostii	132919	S	2	0	2	0.0000389848
Rhodococcus triatomae	300028	S	2	0	2	0.0000389848
Rhodococcus imtechensis	262776	S	1	1	2	0.0000389848
Nocardia sp. WCH-YHL-001	2755382	S	2	0	2	0.0000389848
Nocardia yunnanensis	2382165	S	2	0	2	0.0000389848
Corynebacterium sp. 2019	2675218	S	2	0	2	0.0000389848
Corynebacterium ureicelerivorans	401472	S	2	0	2	0.0000389848
Corynebacterium halotolerans	225326	S	2	0	2	0.0000389848
Corynebacterium atypicum	191610	S	2	0	2	0.0000389848
Corynebacterium provencense	1737425	S	2	0	2	0.0000389848
Corynebacterium glyciniphilum	1404244	S	2	0	2	0.0000389848
Corynebacterium anserum	2684406	S	2	0	2	0.0000389848
Corynebacterium sphenisci	191493	S	2	0	2	0.0000389848
Corynebacterium phocae	161895	S	2	0	2	0.0000389848
Corynebacterium uterequi	1072256	S	2	0	2	0.0000389848
Corynebacterium pseudotuberculosis	1719	S	2	0	2	0.0000389848
Corynebacterium cystitidis	35757	S	2	0	2	0.0000389848
Corynebacterium bovis	36808	S	2	0	2	0.0000389848
Corynebacterium propinquum	43769	S	2	0	2	0.0000389848
Corynebacterium genitalium	38288	S	2	0	2	0.0000389848
Corynebacterium vitaeruminis	38305	S	2	0	2	0.0000389848
Corynebacterium casei	160386	S	1	1	2	0.0000389848
Gordonia sp. PDNC005	2811424	S	2	0	2	0.0000389848
Tomitella sp. HY172	2760083	S	2	0	2	0.0000389848
Propionibacterium acidifaciens	556499	S	2	0	2	0.0000389848
Tessaracoccus timonensis	2161816	S	2	0	2	0.0000389848
Acidipropionibacterium jensenii	1749	S	2	0	2	0.0000389848
Nocardioides daphniae	402297	S	2	0	2	0.0000389848
Streptomyces sp. C8S0	2585716	S	2	0	2	0.0000389848
Streptomyces sp. W1SF4	2305220	S	2	0	2	0.0000389848
Streptomyces sp. S063	2005885	S	2	0	2	0.0000389848
Streptomyces sp. Rer75	2750011	S	2	0	2	0.0000389848
Streptomyces sp. NEAU-S7GS2	2202000	S	2	0	2	0.0000389848
Streptomyces sp. S4.7	2705439	S	2	0	2	0.0000389848
Streptomyces sp. TN58	234612	S	2	0	2	0.0000389848
Streptomyces sp. NHF165	2175864	S	2	0	2	0.0000389848
Streptomyces sp. SCUT-3	2684469	S	2	0	2	0.0000389848
Streptomyces sp. QHH-9511	2684468	S	2	0	2	0.0000389848
Streptomyces sp. RPA4-2	2721244	S	2	0	2	0.0000389848
Streptomyces sp. jing01	2726118	S	2	0	2	0.0000389848
Streptomyces sp. Z022	1442032	S	2	0	2	0.0000389848
Streptomyces sp. CdTB01	1725411	S	2	0	2	0.0000389848
Streptomyces sp. F2	317660	S	1	1	2	0.0000389848
Streptomyces sp. SGAir0924	2109593	S	1	1	2	0.0000389848
Streptomyces anulatus	1892	S	2	0	2	0.0000389848
Streptomyces griseus	1911	S	2	0	2	0.0000389848
Streptomyces nigra	1827580	S	2	0	2	0.0000389848
Streptomyces actuosus	1885	S	2	0	2	0.0000389848
Streptomyces paludis	2282738	S	2	0	2	0.0000389848
Streptomyces harbinensis	1176198	S	2	0	2	0.0000389848
Streptomyces rectiverticillatus	173860	S	2	0	2	0.0000389848
Streptomyces viridosporus	67581	S	2	0	2	0.0000389848
Streptomyces alboflavus	67267	S	2	0	2	0.0000389848
Streptomyces aureoverticillatus	66871	S	2	0	2	0.0000389848
Streptomyces olivoreticuli	68246	S	2	0	2	0.0000389848
Streptomyces tuirus	68278	S	2	0	2	0.0000389848
Streptomyces griseoviridis	45398	S	2	0	2	0.0000389848
Streptomyces coeruleorubidus	116188	S	2	0	2	0.0000389848
Streptomyces collinus	42684	S	2	0	2	0.0000389848
Saccharothrix sp. 6-C	2781735	S	2	0	2	0.0000389848
Micromonospora sp. HM134	2583243	S	2	0	2	0.0000389848
Micromonospora sagamiensis	47875	S	2	0	2	0.0000389848
Micromonospora auratinigra	261654	S	2	0	2	0.0000389848
Micromonospora echinospora	1877	S	2	0	2	0.0000389848
Micromonospora echinofusca	47858	S	2	0	2	0.0000389848
Micromonospora coxensis	356852	S	2	0	2	0.0000389848
Micromonospora maris	1003110	S	2	0	2	0.0000389848
Micromonospora carbonacea	47853	S	2	0	2	0.0000389848
Verrucosispora sp. NA02020	2742132	S	2	0	2	0.0000389848
Bifidobacterium bifidum	1681	S	2	0	2	0.0000389848
Bifidobacterium pullorum	78448	S	2	0	2	0.0000389848
Bifidobacterium thermophilum	33905	S	2	0	2	0.0000389848
Bifidobacterium breve	1685	S	2	0	2	0.0000389848
Parascardovia denticolens	78258	S	2	0	2	0.0000389848
Nocardiopsis gilva	280236	S	2	0	2	0.0000389848
Thermobifida fusca	2021	S	2	0	2	0.0000389848
Actinomyces sp. zg-993	2763540	S	2	0	2	0.0000389848
Actinomyces radicidentis	111015	S	2	0	2	0.0000389848
Actinomyces qiguomingii	2057800	S	2	0	2	0.0000389848
Flaviflexus sp. H23T48	2496867	S	2	0	2	0.0000389848
Flaviflexus salsibiostraticola	1282737	S	2	0	2	0.0000389848
Arcanobacterium phocae	131112	S	1	1	2	0.0000389848
Mobiluncus curtisii	2051	S	2	0	2	0.0000389848
Actinobaculum sp. 313	2495645	S	2	0	2	0.0000389848
Frankia casuarinae	106370	S	2	0	2	0.0000389848
Olsenella timonensis	1805478	S	2	0	2	0.0000389848
Lancefieldella parvula	1382	S	2	0	2	0.0000389848
Eggerthella lenta	84112	S	2	0	2	0.0000389848
Cryptobacterium curtum	84163	S	2	0	2	0.0000389848
Arabia massiliensis	1870985	S	2	0	2	0.0000389848
Bacillus luti	2026191	S	2	0	2	0.0000389848
Bacillus anthracis	1392	S	1	1	2	0.0000389848
Bacillus sp. KH172YL63	2709784	S	2	0	2	0.0000389848
Bacillus sp. SB49	1071080	S	2	0	2	0.0000389848
Bacillus sp. PAMC26568	2760090	S	2	0	2	0.0000389848
Bacillus tequilensis	227866	S	2	0	2	0.0000389848
Bacillus vietnamensis	218284	S	2	0	2	0.0000389848
Bacillus ciccensis	1670641	S	2	0	2	0.0000389848
Bacillus weihaiensis	1547283	S	2	0	2	0.0000389848
Bacillus glycinifermentans	1664069	S	2	0	2	0.0000389848
Lysinibacillus sp. YS11	2072025	S	2	0	2	0.0000389848
Peribacillus psychrosaccharolyticus	1407	S	2	0	2	0.0000389848
Peribacillus asahii	228899	S	2	0	2	0.0000389848
Peribacillus muralis	264697	S	2	0	2	0.0000389848
Geobacillus sp. 44B	1963023	S	2	0	2	0.0000389848
Oceanobacillus kimchii	746691	S	2	0	2	0.0000389848
Oceanobacillus zhaokaii	2052660	S	2	0	2	0.0000389848
Cytobacillus oceanisediminis	665099	S	2	0	2	0.0000389848
Psychrobacillus glaciei	2283160	S	2	0	2	0.0000389848
Staphylococcus delphini	53344	S	2	0	2	0.0000389848
Staphylococcus carnosus	1281	S	2	0	2	0.0000389848
Staphylococcus lugdunensis	28035	S	2	0	2	0.0000389848
Staphylococcus hyicus	1284	S	2	0	2	0.0000389848
Staphylococcus succinus	61015	S	2	0	2	0.0000389848
Staphylococcus condimenti	70255	S	2	0	2	0.0000389848
Mammaliicoccus sciuri	1296	S	2	0	2	0.0000389848
Mammaliicoccus fleurettii	150056	S	2	0	2	0.0000389848
Salinicoccus halodurans	407035	S	2	0	2	0.0000389848
Paenibacillus sp. JZ16	1906272	S	2	0	2	0.0000389848
Paenibacillus sp. TB2019	2810347	S	2	0	2	0.0000389848
Paenibacillus sp. PAMC21692	2762320	S	2	0	2	0.0000389848
Paenibacillus sp. URB8-2	2741301	S	2	0	2	0.0000389848
Paenibacillus sp. FSL R5-0912	1536771	S	2	0	2	0.0000389848
Paenibacillus sp. IHB B 3084	867076	S	2	0	2	0.0000389848
Paenibacillus sp. FSL R7-0331	1536773	S	2	0	2	0.0000389848
Paenibacillus stellifer	169760	S	2	0	2	0.0000389848
Paenibacillus xylanilyticus	248903	S	2	0	2	0.0000389848
Paenibacillus barcinonensis	198119	S	2	0	2	0.0000389848
Paenibacillus lentus	1338368	S	2	0	2	0.0000389848
Paenibacillus alvei	44250	S	2	0	2	0.0000389848
Paenibacillus polymyxa	1406	S	1	1	2	0.0000389848
Brevibacillus sp. JNUCC-41	2778370	S	1	1	2	0.0000389848
Cohnella sp. KS 22	2598458	S	2	0	2	0.0000389848
Cohnella sp. MFER-1	2728023	S	2	0	2	0.0000389848
Aneurinibacillus soli	1500254	S	2	0	2	0.0000389848
Aneurinibacillus sp. XH2	1450761	S	2	0	2	0.0000389848
Saccharibacillus brassicae	2583377	S	2	0	2	0.0000389848
Planococcus donghaensis	414778	S	2	0	2	0.0000389848
Planococcus plakortidis	1038856	S	2	0	2	0.0000389848
Sporosarcina sp. resist	2762563	S	2	0	2	0.0000389848
Listeria seeligeri	1640	S	2	0	2	0.0000389848
Listeria innocua	1642	S	1	1	2	0.0000389848
Listeria welshimeri	1643	S	1	1	2	0.0000389848
Alicyclobacillus sp. SO9	2665646	S	2	0	2	0.0000389848
Alicyclobacillus ferrooxydans	471514	S	2	0	2	0.0000389848
Kyrpidia tusciae	33943	S	1	1	2	0.0000389848
Effusibacillus sp. skT53	2743772	S	2	0	2	0.0000389848
Kroppenstedtia pulmonis	1380685	S	2	0	2	0.0000389848
Thermoactinomyces vulgaris	2026	S	2	0	2	0.0000389848
Novibacillus thermophilus	1471761	S	2	0	2	0.0000389848
Exiguobacterium sp. AT1b	360911	S	2	0	2	0.0000389848
Streptococcus sp. oral taxon 431	712633	S	2	0	2	0.0000389848
Streptococcus sp. LPB0220	2610896	S	2	0	2	0.0000389848
Streptococcus equi	1336	S	2	0	2	0.0000389848
Streptococcus intermedius	1338	S	2	0	2	0.0000389848
Streptococcus porcinus	1340	S	2	0	2	0.0000389848
Streptococcus mutans	1309	S	2	0	2	0.0000389848
Streptococcus respiraculi	2021971	S	2	0	2	0.0000389848
Streptococcus pyogenes	1314	S	2	0	2	0.0000389848
Streptococcus cristatus	45634	S	2	0	2	0.0000389848
Streptococcus canis	1329	S	2	0	2	0.0000389848
Streptococcus infantarius	102684	S	1	1	2	0.0000389848
Lactococcus raffinolactis	1366	S	2	0	2	0.0000389848
Lactococcus taiwanensis	1151742	S	2	0	2	0.0000389848
Lactobacillus sp. wkB8	1545702	S	2	0	2	0.0000389848
Lactobacillus sp. CBA3605	2099788	S	1	1	2	0.0000389848
Lactobacillus amylolyticus	83683	S	2	0	2	0.0000389848
Lactobacillus iners	147802	S	2	0	2	0.0000389848
Leuconostoc pseudomesenteroides	33968	S	2	0	2	0.0000389848
Pediococcus pentosaceus	1255	S	2	0	2	0.0000389848
Loigolactobacillus backii	375175	S	2	0	2	0.0000389848
Levilactobacillus koreensis	637971	S	2	0	2	0.0000389848
Paucilactobacillus oligofermentans	293371	S	2	0	2	0.0000389848
Paucilactobacillus hokkaidonensis	1193095	S	2	0	2	0.0000389848
Paucilactobacillus nenjiangensis	1296540	S	2	0	2	0.0000389848
Lentilactobacillus buchneri	1581	S	2	0	2	0.0000389848
Lentilactobacillus hilgardii	1588	S	2	0	2	0.0000389848
Fructilactobacillus lindneri	53444	S	2	0	2	0.0000389848
Apilactobacillus kunkeei	148814	S	2	0	2	0.0000389848
Oenococcus sp. UCMA 16435	2259623	S	2	0	2	0.0000389848
Enterococcus avium	33945	S	2	0	2	0.0000389848
Enterococcus sp. CR-Ec1	2057791	S	1	1	2	0.0000389848
Tetragenococcus koreensis	290335	S	2	0	2	0.0000389848
Vagococcus carniphilus	218144	S	2	0	2	0.0000389848
Aerococcus urinaehominis	128944	S	2	0	2	0.0000389848
Anaerostipes caccae	105841	S	2	0	2	0.0000389848
Anaerocolumna cellulosilytica	433286	S	2	0	2	0.0000389848
Anaerocolumna sp. CTTW	2736602	S	2	0	2	0.0000389848
Herbinix luporum	1679721	S	2	0	2	0.0000389848
Anaerotignum propionicum	28446	S	2	0	2	0.0000389848
Clostridium sp. AWRP	2212991	S	2	0	2	0.0000389848
Caloranaerobacter azorensis	116090	S	2	0	2	0.0000389848
Ruminococcus albus	1264	S	2	0	2	0.0000389848
Ruminiclostridium cellulolyticum	1521	S	2	0	2	0.0000389848
Acetoanaerobium sticklandii	1511	S	2	0	2	0.0000389848
Mogibacterium pumilum	86332	S	1	1	2	0.0000389848
Mogibacterium diversum	114527	S	1	1	2	0.0000389848
Desulfotomaculum nigrificans	1565	S	2	0	2	0.0000389848
Dehalobacterium formicoaceticum	51515	S	2	0	2	0.0000389848
Heliobacterium modesticaldum	35701	S	2	0	2	0.0000389848
Heliorestis convoluta	356322	S	2	0	2	0.0000389848
Christensenella minuta	626937	S	2	0	2	0.0000389848
Thermoanaerobacterium aotearoense	47490	S	2	0	2	0.0000389848
Thermodesulfobium narugense	184064	S	2	0	2	0.0000389848
Halanaerobium hydrogeniformans	656519	S	2	0	2	0.0000389848
Halocella sp. SP3-1	2382161	S	2	0	2	0.0000389848
Selenomonas sputigena	69823	S	2	0	2	0.0000389848
Pectinatus frisingensis	865	S	2	0	2	0.0000389848
Methylomusa anaerophila	1930071	S	2	0	2	0.0000389848
Veillonella atypica	39777	S	2	0	2	0.0000389848
Phascolarctobacterium faecium	33025	S	2	0	2	0.0000389848
Erysipelothrix inopinata	225084	S	2	0	2	0.0000389848
Erysipelothrix larvae	1514105	S	2	0	2	0.0000389848
Intestinibaculum porci	2487118	S	2	0	2	0.0000389848
Limnochorda pilosa	1555112	S	2	0	2	0.0000389848
Cyanothece sp. PCC 7425	395961	S	2	0	2	0.0000389848
Nostoc sp. 'Peltigera membranacea cyanobiont' N6	1261031	S	2	0	2	0.0000389848
Nostoc sp. TCL240-02	2572090	S	2	0	2	0.0000389848
Nostoc sp. C052	2576902	S	2	0	2	0.0000389848
Nostoc sp. NIES-3756	1751286	S	1	1	2	0.0000389848
Nostoc linckia	92942	S	2	0	2	0.0000389848
Calothrix sp. 336/3	1337936	S	2	0	2	0.0000389848
Anabaenopsis circularis	109266	S	2	0	2	0.0000389848
Anabaenopsis elenkinii	156213	S	2	0	2	0.0000389848
Raphidiopsis curvata	312883	S	1	1	2	0.0000389848
Brasilonema sennae	1397703	S	2	0	2	0.0000389848
Microchaete diplosiphon	1197	S	1	1	2	0.0000389848
Synechococcus sp. MIT S9220	166309	S	2	0	2	0.0000389848
Synechococcus sp. SynAce01	1916956	S	2	0	2	0.0000389848
Synechococcus sp. KORDI-52	585425	S	2	0	2	0.0000389848
Synechococcus sp. RS9909	221352	S	2	0	2	0.0000389848
Synechococcus lividus	33070	S	2	0	2	0.0000389848
Prochlorococcus sp. MIT 0801	1501269	S	1	1	2	0.0000389848
Leptolyngbya sp. BL0902	1115757	S	2	0	2	0.0000389848
Leptolyngbya sp. O-77	1080068	S	1	1	2	0.0000389848
Leptolyngbya boryana	1184	S	2	0	2	0.0000389848
Halomicronema hongdechloris	1209493	S	2	0	2	0.0000389848
cyanobacterium endosymbiont of Rhopalodia gibberula	1763363	S	2	0	2	0.0000389848
Gloeobacter kilaueensis	1416614	S	2	0	2	0.0000389848
Mycoplasma sp. Zaradi2	547987	S	2	0	2	0.0000389848
Mycoplasma sp. (ex Biomphalaria glabrata)	1749074	S	2	0	2	0.0000389848
Mycoplasma sp. NEAQ87857	2683967	S	2	0	2	0.0000389848
Mycoplasma capricolum	2095	S	1	1	2	0.0000389848
Mycoplasma nasistruthionis	353852	S	2	0	2	0.0000389848
Mycoplasma crocodyli	50052	S	2	0	2	0.0000389848
Mycoplasma bovoculi	45362	S	2	0	2	0.0000389848
Mycoplasma penetrans	28227	S	2	0	2	0.0000389848
Mycoplasma haemofelis	29501	S	2	0	2	0.0000389848
Mycoplasma agalactiae	2110	S	2	0	2	0.0000389848
Spiroplasma floricola	216937	S	2	0	2	0.0000389848
Spiroplasma poulsonii	2138	S	2	0	2	0.0000389848
Spiroplasma clarkii	2139	S	2	0	2	0.0000389848
Spiroplasma cantharicola	362837	S	2	0	2	0.0000389848
Mesoplasma syrphidae	225999	S	2	0	2	0.0000389848
Acholeplasma axanthum	29552	S	2	0	2	0.0000389848
Acholeplasma palmae	38986	S	2	0	2	0.0000389848
Acholeplasma brassicae	61635	S	2	0	2	0.0000389848
Candidatus Phytoplasma luffae	35773	S	2	0	2	0.0000389848
Candidatus Phytoplasma australiense	59748	S	2	0	2	0.0000389848
Deinococcus gobiensis	502394	S	2	0	2	0.0000389848
Deinococcus metallilatus	1211322	S	2	0	2	0.0000389848
Deinococcus puniceus	1182568	S	2	0	2	0.0000389848
Deinococcus peraridilitoris	432329	S	2	0	2	0.0000389848
Deinococcus proteolyticus	55148	S	2	0	2	0.0000389848
Marinithermus hydrothermalis	186192	S	2	0	2	0.0000389848
Anaerolinea thermophila	167964	S	2	0	2	0.0000389848
Roseiflexus sp. RS-1	357808	S	2	0	2	0.0000389848
Fimbriimonas ginsengisoli	1005039	S	2	0	2	0.0000389848
Polaribacter sp. KT 15	1896175	S	1	1	2	0.0000389848
Capnocytophaga leadbetteri	327575	S	2	0	2	0.0000389848
Capnocytophaga stomatis	1848904	S	2	0	2	0.0000389848
Nonlabens sp. MB-3u-79	2058134	S	2	0	2	0.0000389848
Nonlabens sediminis	319236	S	1	1	2	0.0000389848
Tenacibaculum dicentrarchi	669041	S	2	0	2	0.0000389848
Formosa sp. Hel3_A1_48	1336795	S	2	0	2	0.0000389848
Lacinutrix sp. Bg11-31	2057808	S	2	0	2	0.0000389848
Gramella flava	1486245	S	2	0	2	0.0000389848
Dokdonia donghaensis	326320	S	2	0	2	0.0000389848
Aequorivita sp. H23M31	2494375	S	2	0	2	0.0000389848
Tamlana sp. s12	1630406	S	2	0	2	0.0000389848
Robiginitalea biformata	252307	S	2	0	2	0.0000389848
Muriicola sp. MMS17-SY002	2507538	S	2	0	2	0.0000389848
Gilvibacter sp. SZ-19	754429	S	2	0	2	0.0000389848
Chryseobacterium sp. 6424	2039166	S	2	0	2	0.0000389848
Chryseobacterium sp. G0162	2487063	S	1	1	2	0.0000389848
Chryseobacterium cucumeris	1813611	S	2	0	2	0.0000389848
Chryseobacterium joostei	112234	S	2	0	2	0.0000389848
Elizabethkingia sp. JS20170427COW	2583851	S	2	0	2	0.0000389848
Ichthyobacterium seriolicida	242600	S	2	0	2	0.0000389848
Bacteroides coprosuis	151276	S	2	0	2	0.0000389848
Prevotella sp. oral taxon 299	652716	S	2	0	2	0.0000389848
Alloprevotella sp. E39	2133944	S	2	0	2	0.0000389848
Tannerella sp. oral taxon HOT-286	712710	S	2	0	2	0.0000389848
Alistipes dispar	2585119	S	2	0	2	0.0000389848
Duncaniella dubosii	2518971	S	2	0	2	0.0000389848
Porphyromonas cangingivalis	36874	S	2	0	2	0.0000389848
Sphingobacterium hotanense	649196	S	2	0	2	0.0000389848
Sphingobacterium lactis	797291	S	2	0	2	0.0000389848
Hymenobacter baengnokdamensis	2615203	S	2	0	2	0.0000389848
Pontibacter pudoricolor	2694930	S	2	0	2	0.0000389848
Rufibacter tibetensis	512763	S	2	0	2	0.0000389848
Rufibacter radiotolerans	1379910	S	2	0	2	0.0000389848
Nibribacter ruber	2698458	S	2	0	2	0.0000389848
Echinicola strongylocentroti	1795355	S	2	0	2	0.0000389848
Cyclobacterium amurskyense	320787	S	2	0	2	0.0000389848
Prosthecochloris sp. CIB 2401	1868325	S	2	0	2	0.0000389848
Chlorobaculum tepidum	1097	S	2	0	2	0.0000389848
Ignavibacterium album	591197	S	2	0	2	0.0000389848
Candidatus Cyclonatronum proteinivorum	1457365	S	2	0	2	0.0000389848
Bythopirellula goksoyri	1400387	S	2	0	2	0.0000389848
Planctopirus limnophila	120	S	2	0	2	0.0000389848
Isosphaera pallida	128	S	2	0	2	0.0000389848
Limihaloglobus sulfuriphilus	1851148	S	2	0	2	0.0000389848
Methylacidiphilum infernorum	511746	S	1	1	2	0.0000389848
Methylacidimicrobium sp. AP8	2730359	S	2	0	2	0.0000389848
Candidatus Protochlamydia naegleriophila	389348	S	2	0	2	0.0000389848
Treponema brennaborense	81028	S	2	0	2	0.0000389848
Treponema parvum	138851	S	2	0	2	0.0000389848
Treponema putidum	221027	S	1	1	2	0.0000389848
Spirochaeta africana	46355	S	2	0	2	0.0000389848
Thiospirochaeta perfilievii	252967	S	2	0	2	0.0000389848
Borrelia hermsii	140	S	2	0	2	0.0000389848
Leptospira weilii	28184	S	2	0	2	0.0000389848
Leptospira kmetyi	408139	S	2	0	2	0.0000389848
Fusobacterium mortiferum	850	S	2	0	2	0.0000389848
Leptotrichia hongkongensis	554406	S	2	0	2	0.0000389848
Sneathia vaginalis	187101	S	2	0	2	0.0000389848
Pseudothermotoga thermarum	119394	S	1	1	2	0.0000389848
Marinitoga piezophila	149715	S	1	1	2	0.0000389848
Petrotoga mobilis	69499	S	2	0	2	0.0000389848
Tepiditoga spiralis	2108365	S	2	0	2	0.0000389848
Kosmotoga pacifica	1330330	S	2	0	2	0.0000389848
Candidatus Nanosynbacter lyticus	2093824	S	2	0	2	0.0000389848
Candidatus Babela massiliensis	673862	S	2	0	2	0.0000389848
Thermodesulfobacterium sp. TA1	2234087	S	2	0	2	0.0000389848
Thermosulfuriphilus ammonigenes	1936021	S	2	0	2	0.0000389848
Denitrovibrio acetiphilus	118000	S	2	0	2	0.0000389848
Nitrospira japonica	1325564	S	2	0	2	0.0000389848
Sulfurihydrogenibium azorense	309806	S	2	0	2	0.0000389848
Acetomicrobium mobile	97477	S	2	0	2	0.0000389848
Thermanaerovibrio velox	108007	S	2	0	2	0.0000389848
Cloacibacillus porcorum	1197717	S	2	0	2	0.0000389848
Dictyoglomus thermophilum	14	S	2	0	2	0.0000389848
Abyssogena phaseoliformis symbiont	596095	S	2	0	2	0.0000389848
Methanosarcina sp. MTP4	1434100	S	2	0	2	0.0000389848
Methanohalophilus halophilus	2177	S	2	0	2	0.0000389848
Methanolobus zinderi	536044	S	2	0	2	0.0000389848
Methanococcoides burtonii	29291	S	2	0	2	0.0000389848
Methanomethylovorans hollandica	101192	S	2	0	2	0.0000389848
Methanoregula formicica	882104	S	2	0	2	0.0000389848
Methanocorpusculum labreanum	83984	S	2	0	2	0.0000389848
Natrinema pallidum	69527	S	2	0	2	0.0000389848
Haloterrigena sp. KZCA68	2816475	S	2	0	2	0.0000389848
Natronorubrum bangense	61858	S	2	0	2	0.0000389848
Halorubrum sp. BOL3-1	2497325	S	2	0	2	0.0000389848
Halorubrum sp. RHB-C	2739057	S	2	0	2	0.0000389848
Halobonum sp. NJ-3-1	2743089	S	2	0	2	0.0000389848
Halopenitus persicus	1048396	S	2	0	2	0.0000389848
Salinigranum rubrum	755307	S	2	0	2	0.0000389848
Haloprofundus sp. MHR1	2572921	S	2	0	2	0.0000389848
Halalkaliarchaeum desulfuricum	2055893	S	2	0	2	0.0000389848
Halosimplex rubrum	869889	S	2	0	2	0.0000389848
Halosimplex litoreum	1198301	S	2	0	2	0.0000389848
Haloarcula marismortui	2238	S	1	1	2	0.0000389848
Natronomonas sp. YPL13	1710540	S	2	0	2	0.0000389848
Methanobrevibacter sp. AbM4	224719	S	2	0	2	0.0000389848
Methanobacterium congolense	118062	S	2	0	2	0.0000389848
Methanosphaera sp. BMS	1789762	S	2	0	2	0.0000389848
Methanotorris igneus	2189	S	2	0	2	0.0000389848
Palaeococcus pacificus	971279	S	2	0	2	0.0000389848
Nitrosopumilus maritimus	338192	S	2	0	2	0.0000389848
Nitrosopumilus ureiphilus	1470067	S	2	0	2	0.0000389848
Candidatus Nitrosopumilus koreensis	1510466	S	2	0	2	0.0000389848
Nitrosopumilus oxyclinae	1959104	S	2	0	2	0.0000389848
Candidatus Nitrosopumilus sp. SW	2508726	S	2	0	2	0.0000389848
Candidatus Nitrosocosmicus oleophilus	1353260	S	2	0	2	0.0000389848
Candidatus Nitrososphaera gargensis	497727	S	2	0	2	0.0000389848
Acidianus manzaensis	282676	S	2	0	2	0.0000389848
Sulfuracidifex tepidarius	1294262	S	2	0	2	0.0000389848
Pyrobaculum ferrireducens	1104324	S	2	0	2	0.0000389848
Staphylothermus marinus	2280	S	2	0	2	0.0000389848
Candidatus Methanomethylophilus alvus	1291540	S	2	0	2	0.0000389848
Mycobacterium phage Serendipitous	2301619	S	2	0	2	0.0000389848
Cellulophaga virus ST	1918720	S	2	0	2	0.0000389848
Faecalibacterium virus Oengus	2734262	S	2	0	2	0.0000389848
Pseudoalteromonas phage H101	1654919	S	2	0	2	0.0000389848
Serratia phage 2050HW	2024252	S	1	1	2	0.0000389848
Bacillus virus Bcp1	1985176	S	2	0	2	0.0000389848
Moumouvirus	985782	S	2	0	2	0.0000389848
Pandoravirus neocaledonia	2107708	S	1	1	2	0.0000389848
Oxyplax ochracea nucleopolyhedrovirus	2083176	S	2	0	2	0.0000389848
Polaromonas sp. W9N	1840323	S	1	0	1	0.0000194924
Burkholderia metallica	488729	S	1	0	1	0.0000194924
Burkholderia seminalis	488731	S	1	0	1	0.0000194924
Burkholderia territorii	1503055	S	1	0	1	0.0000194924
Burkholderia sp. MS455	2811788	S	1	0	1	0.0000194924
Burkholderia sp. LA-2-3-30-S1-D2	1637862	S	1	0	1	0.0000194924
Burkholderia sp. BDU6	1385591	S	1	0	1	0.0000194924
Burkholderia sp. MSMB0266	1637837	S	1	0	1	0.0000194924
Paraburkholderia sp. Msb3	2604047	S	1	0	1	0.0000194924
Pandoraea sputorum	93222	S	1	0	1	0.0000194924
Mycoavidus sp. B2-EB	2651972	S	1	0	1	0.0000194924
Oligella ureolytica	90244	S	1	0	1	0.0000194924
Sutterella megalosphaeroides	2494234	S	1	0	1	0.0000194924
Turicimonas muris	1796652	S	1	0	1	0.0000194924
Neisseria sp. oral taxon 014	641148	S	1	0	1	0.0000194924
Neisseria dentiae	194197	S	1	0	1	0.0000194924
Neisseria zoodegmatis	326523	S	1	0	1	0.0000194924
Neisseria zalophi	640030	S	1	0	1	0.0000194924
Neisseria flavescens	484	S	1	0	1	0.0000194924
Kingella denitrificans	502	S	1	0	1	0.0000194924
Nitrosomonas ureae	44577	S	1	0	1	0.0000194924
Candidatus Profftella armatura	669502	S	1	0	1	0.0000194924
Pseudomonas sp. gcc21	2726989	S	1	0	1	0.0000194924
Pseudomonas sp. R76	1573711	S	1	0	1	0.0000194924
Pseudomonas sp. S35	1573719	S	1	0	1	0.0000194924
Pseudomonas mucidolens	46679	S	1	0	1	0.0000194924
Pseudomonas citronellolis	53408	S	1	0	1	0.0000194924
Pseudomonas resinovorans	53412	S	1	0	1	0.0000194924
Pseudomonas lactis	1615674	S	1	0	1	0.0000194924
Pseudomonas alcaliphila	101564	S	1	0	1	0.0000194924
Pseudomonas silesiensis	1853130	S	1	0	1	0.0000194924
Pseudomonas lalkuanensis	2604832	S	1	0	1	0.0000194924
Pseudomonas extremaustralis	359110	S	1	0	1	0.0000194924
Acinetobacter sp. C16S1	2609668	S	1	0	1	0.0000194924
Acinetobacter gyllenbergii	134534	S	1	0	1	0.0000194924
Acinetobacter dispersus	70348	S	1	0	1	0.0000194924
Stenotrophomonas sp. Pemsol	2040586	S	1	0	1	0.0000194924
Stenotrophomonas sp. G4	2303750	S	1	0	1	0.0000194924
Xanthomonas sp. SI	2724123	S	1	0	1	0.0000194924
Lysobacter soli	453783	S	1	0	1	0.0000194924
Luteimonas sp. MC1825	2761107	S	1	0	1	0.0000194924
Dyella caseinilytica	1849581	S	1	0	1	0.0000194924
Klebsiella variicola	244366	S	1	0	1	0.0000194924
Klebsiella africana	2489010	S	1	0	1	0.0000194924
Enterobacter cancerogenus	69218	S	1	0	1	0.0000194924
Enterobacter sp. 638	399742	S	1	0	1	0.0000194924
Enterobacter sp. SA187	1914861	S	1	0	1	0.0000194924
Enterobacter soli	885040	S	1	0	1	0.0000194924
Citrobacter werkmanii	67827	S	1	0	1	0.0000194924
Citrobacter sp. BDA59-3	2781952	S	1	0	1	0.0000194924
Citrobacter sp. LY-1	2546350	S	1	0	1	0.0000194924
Citrobacter koseri	545	S	1	0	1	0.0000194924
Citrobacter rodentium	67825	S	1	0	1	0.0000194924
Enterobacteriaceae endosymbiont of Donacia cinerea	2675774	S	1	0	1	0.0000194924
Enterobacteriaceae endosymbiont of Macroplea appendiculata	2675790	S	1	0	1	0.0000194924
Enterobacteriaceae endosymbiont of Donacia tomentosa	2675787	S	1	0	1	0.0000194924
Blochmannia endosymbiont of Camponotus nipponensis	2681986	S	1	0	1	0.0000194924
Candidatus Hamiltonella defensa	138072	S	1	0	1	0.0000194924
Candidatus Annandia adelgestsuga	1302411	S	1	0	1	0.0000194924
Candidatus Tachikawaea gelatinosa	1410383	S	1	0	1	0.0000194924
Candidatus Hoaglandella endobia	1778263	S	1	0	1	0.0000194924
Candidatus Mikella endobia	1778264	S	1	0	1	0.0000194924
Raoultella planticola	575	S	1	0	1	0.0000194924
Cronobacter malonaticus	413503	S	1	0	1	0.0000194924
Leclercia sp. J807	2681307	S	1	0	1	0.0000194924
Leclercia sp. 4-9-1-25	2815358	S	1	0	1	0.0000194924
Kosakonia sp. MUSA4	2067958	S	1	0	1	0.0000194924
Kosakonia sp. SMBL-WEM22	2725560	S	1	0	1	0.0000194924
Pluralibacter gergoviae	61647	S	1	0	1	0.0000194924
Atlantibacter hermannii	565	S	1	0	1	0.0000194924
Jejubacter calystegiae	2579935	S	1	0	1	0.0000194924
Serratia grimesii	82995	S	1	0	1	0.0000194924
Serratia quinivorans	137545	S	1	0	1	0.0000194924
Serratia surfactantfaciens	2741499	S	1	0	1	0.0000194924
Rahnella sp. ERMR1:05	1805933	S	1	0	1	0.0000194924
Chania multitudinisentens	1639108	S	1	0	1	0.0000194924
Nissabacter sp. SGAir0207	2126321	S	1	0	1	0.0000194924
Pantoea sp. SO10	2575375	S	1	0	1	0.0000194924
Pantoea stewartii	66269	S	1	0	1	0.0000194924
Mixta calida	665913	S	1	0	1	0.0000194924
Proteus penneri	102862	S	1	0	1	0.0000194924
Arsenophonus endosymbiont of Aleurodicus dispersus	235559	S	1	0	1	0.0000194924
Photorhabdus laumondii	2218628	S	1	0	1	0.0000194924
Pectobacterium polaris	2042057	S	1	0	1	0.0000194924
Dickeya solani	1089444	S	1	0	1	0.0000194924
Lonsdalea britannica	1082704	S	1	0	1	0.0000194924
Edwardsiella hoshinae	93378	S	1	0	1	0.0000194924
Pragia fontium	82985	S	1	0	1	0.0000194924
Halomonas sp. GT	1971364	S	1	0	1	0.0000194924
Halomonas sp. HL-93	1666906	S	1	0	1	0.0000194924
Halomonas venusta	44935	S	1	0	1	0.0000194924
Halomonas huangheensis	1178482	S	1	0	1	0.0000194924
Marinomonas sp. MWYL1	400668	S	1	0	1	0.0000194924
Marinomonas foliarum	491950	S	1	0	1	0.0000194924
Marinomonas posidonica	936476	S	1	0	1	0.0000194924
Marinobacterium sp. LSUCC0821	2668067	S	1	0	1	0.0000194924
Gynuella sunshinyii	1445505	S	1	0	1	0.0000194924
Kangiella profundi	1561924	S	1	0	1	0.0000194924
Marinobacter sp. es.042	1761794	S	1	0	1	0.0000194924
Marinobacter sp. NP-4(2019)	2488665	S	1	0	1	0.0000194924
Marinobacter sp. JH2	2547598	S	1	0	1	0.0000194924
Marinobacter sp. LPB0319	2769486	S	1	0	1	0.0000194924
Alteromonas australica	589873	S	1	0	1	0.0000194924
Alteromonas pelagimontana	1858656	S	1	0	1	0.0000194924
Salinimonas sp. KX18D6	2572577	S	1	0	1	0.0000194924
Salinimonas sp. G2-b	2785918	S	1	0	1	0.0000194924
Paraglaciecola sp. L3A3	2686358	S	1	0	1	0.0000194924
Paraglaciecola sp. L1A13	2686359	S	1	0	1	0.0000194924
Lacimicrobium alkaliphilum	1526571	S	1	0	1	0.0000194924
Hydrocarboniclastica marina	2259620	S	1	0	1	0.0000194924
Shewanella sp. FJAT-51800	2814294	S	1	0	1	0.0000194924
Shewanella sp. FJAT-52962	2814293	S	1	0	1	0.0000194924
Shewanella sp. LZH-2	2806008	S	1	0	1	0.0000194924
Shewanella sp. KX20019	2803864	S	1	0	1	0.0000194924
Shewanella sp. Scap07	2589987	S	1	0	1	0.0000194924
Shewanella sp. SNU WT4	2590015	S	1	0	1	0.0000194924
Shewanella sp. YLB-06	2593655	S	1	0	1	0.0000194924
Shewanella sp. Arc9-LZ	2698686	S	1	0	1	0.0000194924
Shewanella aestuarii	1028752	S	1	0	1	0.0000194924
Shewanella piezotolerans	404011	S	1	0	1	0.0000194924
Shewanella marisflavi	260364	S	1	0	1	0.0000194924
Shewanella decolorationis	256839	S	1	0	1	0.0000194924
Shewanella livingstonensis	150120	S	1	0	1	0.0000194924
Shewanella pealeana	70864	S	1	0	1	0.0000194924
Shewanella oneidensis	70863	S	1	0	1	0.0000194924
Shewanella violacea	60217	S	1	0	1	0.0000194924
Shewanella frigidimarina	56812	S	1	0	1	0.0000194924
Shewanella benthica	43661	S	1	0	1	0.0000194924
Shewanella algae	38313	S	1	0	1	0.0000194924
Parashewanella tropica	2547970	S	1	0	1	0.0000194924
Pseudoalteromonas sp. DL-6	1390185	S	1	0	1	0.0000194924
Pseudoalteromonas sp. GCY	2003316	S	1	0	1	0.0000194924
Pseudoalteromonas carrageenovora	227	S	1	0	1	0.0000194924
Pseudoalteromonas shioyasakiensis	1190813	S	1	0	1	0.0000194924
Pseudoalteromonas luteoviolacea	43657	S	1	0	1	0.0000194924
Pseudoalteromonas ulvae	107327	S	1	0	1	0.0000194924
Pseudoalteromonas aliena	247523	S	1	0	1	0.0000194924
Pseudoalteromonas piscicida	43662	S	1	0	1	0.0000194924
Pseudoalteromonas phenolica	161398	S	1	0	1	0.0000194924
Pseudoalteromonas ruthenica	151081	S	1	0	1	0.0000194924
Colwellia sp. Arc7-635	2497879	S	1	0	1	0.0000194924
Colwellia beringensis	1967665	S	1	0	1	0.0000194924
Thalassotalea sp. HSM 43	2552945	S	1	0	1	0.0000194924
Litorilituus sediminis	718192	S	1	0	1	0.0000194924
Psychromonas ingrahamii	357794	S	1	0	1	0.0000194924
Ferrimonas balearica	44012	S	1	0	1	0.0000194924
Rheinheimera sp. D18	2545632	S	1	0	1	0.0000194924
Nitrosococcus wardiae	1814290	S	1	0	1	0.0000194924
Spiribacter salinus	1335746	S	1	0	1	0.0000194924
Ectothiorhodospira haloalkaliphila	421628	S	1	0	1	0.0000194924
Aquisalimonas sp. 2447	2740807	S	1	0	1	0.0000194924
Halothiobacillus sp. LS2	1860122	S	1	0	1	0.0000194924
Wenzhouxiangella sp. AB-CW3	2771012	S	1	0	1	0.0000194924
Aeromonas simiae	218936	S	1	0	1	0.0000194924
Oceanisphaera avium	1903694	S	1	0	1	0.0000194924
Oceanimonas sp. GK1	511062	S	1	0	1	0.0000194924
Vibrio campbellii	680	S	1	0	1	0.0000194924
Vibrio azureus	512649	S	1	0	1	0.0000194924
Vibrio diabolicus	50719	S	1	0	1	0.0000194924
Vibrio tubiashii	29498	S	1	0	1	0.0000194924
Vibrio mimicus	674	S	1	0	1	0.0000194924
Vibrio breoganii	553239	S	1	0	1	0.0000194924
Vibrio atlanticus	693153	S	1	0	1	0.0000194924
Vibrio cincinnatiensis	675	S	1	0	1	0.0000194924
Vibrio zhugei	2479546	S	1	0	1	0.0000194924
Vibrio rumoiensis	76258	S	1	0	1	0.0000194924
Vibrio tritonius	1435069	S	1	0	1	0.0000194924
Vibrio chagasii	170679	S	1	0	1	0.0000194924
Vibrio qinghaiensis	2025808	S	1	0	1	0.0000194924
Vibrio hyugaensis	1534743	S	1	0	1	0.0000194924
Photobacterium gaetbulicola	1295392	S	1	0	1	0.0000194924
Salinivibrio kushneri	1908198	S	1	0	1	0.0000194924
Aliivibrio fischeri	668	S	1	0	1	0.0000194924
Aliivibrio salmonicida	40269	S	1	0	1	0.0000194924
Candidatus Enterovibrio luxaltus	1927128	S	1	0	1	0.0000194924
Microbulbifer sp. GL-2	2591606	S	1	0	1	0.0000194924
Spongiibacter sp. IMCC21906	1620392	S	1	0	1	0.0000194924
Haemophilus influenzae	727	S	1	0	1	0.0000194924
[Haemophilus] ducreyi	730	S	1	0	1	0.0000194924
Haemophilus parahaemolyticus	735	S	1	0	1	0.0000194924
Haemophilus pittmaniae	249188	S	1	0	1	0.0000194924
Mannheimia bovis	2770636	S	1	0	1	0.0000194924
Actinobacillus pleuropneumoniae	715	S	1	0	1	0.0000194924
Aggregatibacter aphrophilus	732	S	1	0	1	0.0000194924
Gallibacterium anatis	750	S	1	0	1	0.0000194924
Histophilus somni	731	S	1	0	1	0.0000194924
Avibacterium paragallinarum	728	S	1	0	1	0.0000194924
Otariodibacter oris	1032623	S	1	0	1	0.0000194924
Tatlockia micdadei	451	S	1	0	1	0.0000194924
Methylophaga nitratireducenticrescens	754476	S	1	0	1	0.0000194924
Thiomicrorhabdus xiamenensis	2739063	S	1	0	1	0.0000194924
Thiosulfativibrio zosterae	2675053	S	1	0	1	0.0000194924
Thiosulfatimonas sediminis	2675054	S	1	0	1	0.0000194924
Francisella persica	954	S	1	0	1	0.0000194924
Francisella orientalis	299583	S	1	0	1	0.0000194924
Francisella halioticida	549298	S	1	0	1	0.0000194924
Francisella frigiditurris	1542390	S	1	0	1	0.0000194924
Methylomonas sp. EFPC1	2812647	S	1	0	1	0.0000194924
Candidatus Vesicomyosocius okutanii	412965	S	1	0	1	0.0000194924
Candidatus Ruthia magnifica	386487	S	1	0	1	0.0000194924
endosymbiont of Sipalinus gigas	1972134	S	1	0	1	0.0000194924
Orbus sp. IPMB12	1635327	S	1	0	1	0.0000194924
Dichelobacter nodosus	870	S	1	0	1	0.0000194924
Rhizobium sp. NXC14	1981173	S	1	0	1	0.0000194924
Rhizobium lentis	1138194	S	1	0	1	0.0000194924
Rhizobium gallicum	56730	S	1	0	1	0.0000194924
Agrobacterium sp. T29	2580515	S	1	0	1	0.0000194924
Agrobacterium sp. MA01	2664893	S	1	0	1	0.0000194924
Ensifer adhaerens	106592	S	1	0	1	0.0000194924
Candidatus Liberibacter africanus	34020	S	1	0	1	0.0000194924
Liberibacter crescens	1273132	S	1	0	1	0.0000194924
Mesorhizobium sp. 131-2-1	2744518	S	1	0	1	0.0000194924
Roseitalea porphyridii	1852022	S	1	0	1	0.0000194924
Devosia sp. MC521	2759954	S	1	0	1	0.0000194924
Labrenzia sp. VG12	2021862	S	1	0	1	0.0000194924
Bartonella sp. HY038	2759660	S	1	0	1	0.0000194924
Bartonella vinsonii	33047	S	1	0	1	0.0000194924
Bartonella henselae	38323	S	1	0	1	0.0000194924
Bartonella birtlesii	111504	S	1	0	1	0.0000194924
Bartonella bovis	155194	S	1	0	1	0.0000194924
Bartonella schoenbuchensis	165694	S	1	0	1	0.0000194924
Bartonella bacilliformis	774	S	1	0	1	0.0000194924
Brucella pituitosa	571256	S	1	0	1	0.0000194924
Chelatococcus sp. CO-6	1702325	S	1	0	1	0.0000194924
Cohaesibacter sp. ES.047	1798205	S	1	0	1	0.0000194924
Sphingobium chungbukense	56193	S	1	0	1	0.0000194924
Qipengyuania seohaensis	266951	S	1	0	1	0.0000194924
Sulfitobacter sp. D7	1968541	S	1	0	1	0.0000194924
Sulfitobacter mediterraneus	83219	S	1	0	1	0.0000194924
Phaeobacter gallaeciensis	60890	S	1	0	1	0.0000194924
Rhodovulum sp. MB263	308754	S	1	0	1	0.0000194924
Ketogulonicigenium robustum	92947	S	1	0	1	0.0000194924
Ruegeria sp. AD91A	2293862	S	1	0	1	0.0000194924
Monaibacterium sp. ALG8	2715211	S	1	0	1	0.0000194924
Tateyamaria omphalii	299262	S	1	0	1	0.0000194924
Magnetospira sp. QH-2	1288970	S	1	0	1	0.0000194924
Candidatus Endolissoclinum faulkneri	1263979	S	1	0	1	0.0000194924
Acetobacter sp. KACC 21233	2592655	S	1	0	1	0.0000194924
Komagataeibacter europaeus	33995	S	1	0	1	0.0000194924
Komagataeibacter oboediens	65958	S	1	0	1	0.0000194924
Komagataeibacter saccharivorans	265959	S	1	0	1	0.0000194924
Gluconobacter albidus	318683	S	1	0	1	0.0000194924
Swingsia sp. F3b2	2558361	S	1	0	1	0.0000194924
Commensalibacter sp. ESL0284	2070537	S	1	0	1	0.0000194924
Neokomagataea tanensis	661191	S	1	0	1	0.0000194924
Kozakia baliensis	153496	S	1	0	1	0.0000194924
Terasakiella sp. SH-1	2560057	S	1	0	1	0.0000194924
Rickettsia endosymbiont of Bemisia tabaci	337479	S	1	0	1	0.0000194924
Candidatus Sneabacter namystus	2601646	S	1	0	1	0.0000194924
Wolbachia endosymbiont of Dipetalonema caudispina	1812112	S	1	0	1	0.0000194924
Ehrlichia canis	944	S	1	0	1	0.0000194924
Neorickettsia risticii	950	S	1	0	1	0.0000194924
Neorickettsia helminthoeca	33994	S	1	0	1	0.0000194924
Candidatus Pelagibacter sp. HIMB1321	1388755	S	1	0	1	0.0000194924
Candidatus Pelagibacter sp. RS40	1977865	S	1	0	1	0.0000194924
Candidatus Cytomitobacter indipagum	2601575	S	1	0	1	0.0000194924
Marinicauda algicola	2029849	S	1	0	1	0.0000194924
Arcobacter sp. FWKO B	2593672	S	1	0	1	0.0000194924
Campylobacter sp. RM6914	1032243	S	1	0	1	0.0000194924
Campylobacter sp. RM12175	1660076	S	1	0	1	0.0000194924
Campylobacter sp. RM16192	1660080	S	1	0	1	0.0000194924
Campylobacter sp. 2014D-0216	1813595	S	1	0	1	0.0000194924
Campylobacter mucosalis	202	S	1	0	1	0.0000194924
Campylobacter blaseri	2042961	S	1	0	1	0.0000194924
Campylobacter geochelonis	1780362	S	1	0	1	0.0000194924
Campylobacter canadensis	449520	S	1	0	1	0.0000194924
Campylobacter cuniculorum	374106	S	1	0	1	0.0000194924
Campylobacter hominis	76517	S	1	0	1	0.0000194924
Campylobacter upsaliensis	28080	S	1	0	1	0.0000194924
Campylobacter curvus	200	S	1	0	1	0.0000194924
Helicobacter acinonychis	212	S	1	0	1	0.0000194924
Helicobacter winghamensis	157268	S	1	0	1	0.0000194924
Helicobacter suis	104628	S	1	0	1	0.0000194924
Helicobacter cholecystus	45498	S	1	0	1	0.0000194924
Helicobacter pullorum	35818	S	1	0	1	0.0000194924
Helicobacter heilmannii	35817	S	1	0	1	0.0000194924
Helicobacter canis	29419	S	1	0	1	0.0000194924
Wolinella succinogenes	844	S	1	0	1	0.0000194924
Sulfurimonas sp. B2	2590551	S	1	0	1	0.0000194924
Sulfurimonas paralvinellae	317658	S	1	0	1	0.0000194924
Candidatus Sulfurimonas baltica	2740404	S	1	0	1	0.0000194924
Sulfuricurvum kujiense	148813	S	1	0	1	0.0000194924
Sulfurovum lithotrophicum	206403	S	1	0	1	0.0000194924
Geobacter sp. M21	443144	S	1	0	1	0.0000194924
Pelobacter propionicus	29543	S	1	0	1	0.0000194924
Syntrophotalea acetylenica	29542	S	1	0	1	0.0000194924
Desulfovibrio fairfieldensis	44742	S	1	0	1	0.0000194924
Maridesulfovibrio salexigens	880	S	1	0	1	0.0000194924
Desulfocurvibacter africanus	873	S	1	0	1	0.0000194924
Desulfomicrobium orale	132132	S	1	0	1	0.0000194924
Desulfohalobium retbaense	45663	S	1	0	1	0.0000194924
Desulfococcus multivorans	897	S	1	0	1	0.0000194924
Desulfobacter hydrogenophilus	2291	S	1	0	1	0.0000194924
Desulfobulbus oralis	1986146	S	1	0	1	0.0000194924
Desulfoglaeba alkanexedens	361111	S	1	0	1	0.0000194924
Candidatus Desulfofervidus auxilii	1621989	S	1	0	1	0.0000194924
Halobacteriovorax sp. BALOs_7	2109558	S	1	0	1	0.0000194924
Acidithiobacillus ferridurans	1232575	S	1	0	1	0.0000194924
Mariprofundus aestuarium	1921086	S	1	0	1	0.0000194924
Mariprofundus ferrinatatus	1921087	S	1	0	1	0.0000194924
Candidatus Aquiluna sp. UB-MaderosW2red	1855377	S	1	0	1	0.0000194924
Rathayibacter toxicus	145458	S	1	0	1	0.0000194924
Curtobacterium sp. YC1	2795488	S	1	0	1	0.0000194924
Aurantimicrobium minutum	708131	S	1	0	1	0.0000194924
Leucobacter sp. CX169	2813744	S	1	0	1	0.0000194924
Cryobacterium soli	2220095	S	1	0	1	0.0000194924
Arthrobacter sp. KBS0702	2578107	S	1	0	1	0.0000194924
Arthrobacter sp. PGP41	2079227	S	1	0	1	0.0000194924
Arthrobacter woluwensis	156980	S	1	0	1	0.0000194924
Pseudarthrobacter chlorophenolicus	85085	S	1	0	1	0.0000194924
Rothia dentocariosa	2047	S	1	0	1	0.0000194924
Rothia amarae	169480	S	1	0	1	0.0000194924
Sinomonas sp. R1AF57	2020377	S	1	0	1	0.0000194924
Phycicoccus endophyticus	1690220	S	1	0	1	0.0000194924
Brevibacterium sp. WO024	2697563	S	1	0	1	0.0000194924
Brevibacterium sp. o2	2697565	S	1	0	1	0.0000194924
Brevibacterium oceani	358099	S	1	0	1	0.0000194924
Serinicoccus chungangensis	767452	S	1	0	1	0.0000194924
Cellulosimicrobium sp. BI34T	2587808	S	1	0	1	0.0000194924
Austwickia chelonae	100225	S	1	0	1	0.0000194924
Mycolicibacterium aubagnense	319707	S	1	0	1	0.0000194924
Mycolicibacterium vaccae	1810	S	1	0	1	0.0000194924
Mycolicibacterium rhodesiae	36814	S	1	0	1	0.0000194924
Mycobacterium heidelbergense	53376	S	1	0	1	0.0000194924
Mycobacterium sp. WY10	1920667	S	1	0	1	0.0000194924
Mycobacterium mantenii	560555	S	1	0	1	0.0000194924
Mycobacterium basiliense	2094119	S	1	0	1	0.0000194924
Mycobacterium paragordonae	1389713	S	1	0	1	0.0000194924
Mycobacterium riyadhense	486698	S	1	0	1	0.0000194924
Rhodococcus sp. PBTS 2	1653479	S	1	0	1	0.0000194924
Rhodococcus sp. PBTS 1	1653478	S	1	0	1	0.0000194924
Rhodococcus sp. WAY2	2663121	S	1	0	1	0.0000194924
Corynebacterium sp. sy039	2599641	S	1	0	1	0.0000194924
Corynebacterium sp. 1959	2675216	S	1	0	1	0.0000194924
Corynebacterium sp. 2039	2675219	S	1	0	1	0.0000194924
Corynebacterium sp. 4H37-19	2684405	S	1	0	1	0.0000194924
Corynebacterium sp. MC1420	2709392	S	1	0	1	0.0000194924
Corynebacterium sp. ZJ-599	2709394	S	1	0	1	0.0000194924
Corynebacterium sp. Marseille-Q3630	2754725	S	1	0	1	0.0000194924
Corynebacterium sp. zg-917	2763010	S	1	0	1	0.0000194924
Corynebacterium rouxii	2719119	S	1	0	1	0.0000194924
Corynebacterium endometrii	2488819	S	1	0	1	0.0000194924
Corynebacterium renale	1724	S	1	0	1	0.0000194924
Corynebacterium yudongzhengii	2080740	S	1	0	1	0.0000194924
Corynebacterium kutscheri	35755	S	1	0	1	0.0000194924
Corynebacterium humireducens	1223514	S	1	0	1	0.0000194924
Corynebacterium mycetoides	38302	S	1	0	1	0.0000194924
Corynebacterium striatum	43770	S	1	0	1	0.0000194924
Corynebacterium terpenotabidum	89154	S	1	0	1	0.0000194924
Corynebacterium testudinoris	136857	S	1	0	1	0.0000194924
Gordonia sp. KTR9	337191	S	1	0	1	0.0000194924
Dietzia timorensis	499555	S	1	0	1	0.0000194924
Propionibacterium freudenreichii	1744	S	1	0	1	0.0000194924
Propionibacterium australiense	119981	S	1	0	1	0.0000194924
Pseudopropionibacterium propionicum	1750	S	1	0	1	0.0000194924
Aeromicrobium choanae	1736691	S	1	0	1	0.0000194924
Streptomyces sp. WAC 01529	2203205	S	1	0	1	0.0000194924
Streptomyces sp. HF10	2692233	S	1	0	1	0.0000194924
Streptomyces sp. Tu 2975	2676871	S	1	0	1	0.0000194924
Streptomyces sp. Sge12	1972846	S	1	0	1	0.0000194924
Streptomyces sp. RPA4-5	2721245	S	1	0	1	0.0000194924
Streptomyces sp. F8	1436085	S	1	0	1	0.0000194924
Streptomyces sp. ID38640	1265399	S	1	0	1	0.0000194924
Streptomyces sp. DSM 40868	2721173	S	1	0	1	0.0000194924
Streptomyces sp. SM18	1736046	S	1	0	1	0.0000194924
Streptomyces sp. MOE7	1961713	S	1	0	1	0.0000194924
Streptomyces sp. 3211	1964449	S	1	0	1	0.0000194924
Streptomyces sp. CMB-StM0423	2059884	S	1	0	1	0.0000194924
Streptomyces sp. CB09001	2083284	S	1	0	1	0.0000194924
Streptomyces sp. CB00271	2750025	S	1	0	1	0.0000194924
Streptomyces sp. W9	682410	S	1	0	1	0.0000194924
Streptomyces sp. CFMR 7	1649184	S	1	0	1	0.0000194924
Streptomyces globisporus	1908	S	1	0	1	0.0000194924
Streptomyces aquilus	2548456	S	1	0	1	0.0000194924
Streptomyces rutgersensis	53451	S	1	0	1	0.0000194924
Streptomyces nojiriensis	66374	S	1	0	1	0.0000194924
Streptomyces luteoverticillatus	66425	S	1	0	1	0.0000194924
Streptomyces galilaeus	33899	S	1	0	1	0.0000194924
Streptomyces qaidamensis	1783515	S	1	0	1	0.0000194924
Streptomyces noursei	1971	S	1	0	1	0.0000194924
Streptomyces cyaneogriseus	68192	S	1	0	1	0.0000194924
Streptomyces globosus	68209	S	1	0	1	0.0000194924
Streptomyces alboniger	132473	S	1	0	1	0.0000194924
Streptomyces cyanogenus	80860	S	1	0	1	0.0000194924
Amycolatopsis sp. BJA-103	1911175	S	1	0	1	0.0000194924
Saccharomonospora viridis	1852	S	1	0	1	0.0000194924
Saccharomonospora marina	632569	S	1	0	1	0.0000194924
Actinoalloteichus hymeniacidonis	340345	S	1	0	1	0.0000194924
Bifidobacterium pseudolongum	1694	S	1	0	1	0.0000194924
Bifidobacterium dentium	1689	S	1	0	1	0.0000194924
Bifidobacterium coryneforme	1687	S	1	0	1	0.0000194924
Bifidobacterium subtile	77635	S	1	0	1	0.0000194924
Bifidobacterium angulatum	1683	S	1	0	1	0.0000194924
Bifidobacterium actinocoloniiforme	638619	S	1	0	1	0.0000194924
Bifidobacterium saguini	762210	S	1	0	1	0.0000194924
Bifidobacterium eulemuris	1765219	S	1	0	1	0.0000194924
Gardnerella leopoldii	2792978	S	1	0	1	0.0000194924
Actinomyces sp. Chiba101	1851395	S	1	0	1	0.0000194924
Actinomyces sp. 432	2057798	S	1	0	1	0.0000194924
Actinomyces sp. Z16	2079536	S	1	0	1	0.0000194924
Actinomyces israelii	1659	S	1	0	1	0.0000194924
Actinomyces howellii	52771	S	1	0	1	0.0000194924
Actinomyces lilanjuaniae	2321394	S	1	0	1	0.0000194924
Actinomyces procaprae	2560010	S	1	0	1	0.0000194924
Schaalia odontolytica	1660	S	1	0	1	0.0000194924
Schaalia meyeri	52773	S	1	0	1	0.0000194924
Trueperella pyogenes	1661	S	1	0	1	0.0000194924
Trueperella bialowiezensis	312285	S	1	0	1	0.0000194924
Flaviflexus sp. dk850	2758573	S	1	0	1	0.0000194924
Arcanobacterium sp. JY-X040	2758440	S	1	0	1	0.0000194924
Actinotignum schaalii	59505	S	1	0	1	0.0000194924
Winkia sp. C64	2692125	S	1	0	1	0.0000194924
Acidothermus cellulolyticus	28049	S	1	0	1	0.0000194924
Eggerthella sp. YY7918	502558	S	1	0	1	0.0000194924
Gordonibacter pamelaeae	471189	S	1	0	1	0.0000194924
Gordonibacter urolithinfaciens	1335613	S	1	0	1	0.0000194924
Acidimicrobium ferrooxidans	53635	S	1	0	1	0.0000194924
Bacillus pseudomycoides	64104	S	1	0	1	0.0000194924
Bacillus wiedmannii	1890302	S	1	0	1	0.0000194924
Bacillus sp. OxB-1	98228	S	1	0	1	0.0000194924
Bacillus sp. Cs-700	2589818	S	1	0	1	0.0000194924
Bacillus sp. THAF10	2587848	S	1	0	1	0.0000194924
Bacillus sp. X1(2014)	1565991	S	1	0	1	0.0000194924
Bacillus sp. FJAT-42376	2014076	S	1	0	1	0.0000194924
Bacillus sp. SYJ	2529386	S	1	0	1	0.0000194924
Bacillus sp. S3	486398	S	1	0	1	0.0000194924
Bacillus sp. Y1	352858	S	1	0	1	0.0000194924
Bacillus atrophaeus	1452	S	1	0	1	0.0000194924
Bacillus spizizenii	96241	S	1	0	1	0.0000194924
Bacillus sonorensis	119858	S	1	0	1	0.0000194924
Bacillus mojavensis	72360	S	1	0	1	0.0000194924
Bacillus marisflavi	189381	S	1	0	1	0.0000194924
Bacillus horikoshii	79883	S	1	0	1	0.0000194924
Bacillus oleronius	38875	S	1	0	1	0.0000194924
Bacillus smithii	1479	S	1	0	1	0.0000194924
Alkalihalobacillus krulwichiae	199441	S	1	0	1	0.0000194924
Alkalihalobacillus lehensis	300825	S	1	0	1	0.0000194924
Anoxybacillus caldiproteolyticus	247480	S	1	0	1	0.0000194924
Metabacillus sp. cB07	2806989	S	1	0	1	0.0000194924
Pontibacillus sp. HMF3514	2692425	S	1	0	1	0.0000194924
Neobacillus mesonae	1193713	S	1	0	1	0.0000194924
Neobacillus thermocopriae	1215031	S	1	0	1	0.0000194924
Halobacillus halophilus	1570	S	1	0	1	0.0000194924
Halobacillus litoralis	45668	S	1	0	1	0.0000194924
Aeribacillus pallidus	33936	S	1	0	1	0.0000194924
Pradoshia sp. D12	2651284	S	1	0	1	0.0000194924
Salimicrobium jeotgali	1230341	S	1	0	1	0.0000194924
Lentibacillus amyloliquefaciens	1472767	S	1	0	1	0.0000194924
Radiobacillus deserti	2594883	S	1	0	1	0.0000194924
Gracilibacillus sp. SCU50	2663022	S	1	0	1	0.0000194924
Amphibacillus xylanus	1449	S	1	0	1	0.0000194924
Weizmannia coagulans	1398	S	1	0	1	0.0000194924
Staphylococcus pseudintermedius	283734	S	1	0	1	0.0000194924
Staphylococcus lutrae	155085	S	1	0	1	0.0000194924
Staphylococcus lloydii	2781774	S	1	0	1	0.0000194924
Staphylococcus pseudoxylosus	2282419	S	1	0	1	0.0000194924
Staphylococcus haemolyticus	1283	S	1	0	1	0.0000194924
Staphylococcus sp. MI 10-1553	1912064	S	1	0	1	0.0000194924
Staphylococcus felis	46127	S	1	0	1	0.0000194924
Staphylococcus chromogenes	46126	S	1	0	1	0.0000194924
Staphylococcus schleiferi	1295	S	1	0	1	0.0000194924
Staphylococcus saccharolyticus	33028	S	1	0	1	0.0000194924
Staphylococcus kloosii	29384	S	1	0	1	0.0000194924
Staphylococcus caprae	29380	S	1	0	1	0.0000194924
Mammaliicoccus vitulinus	71237	S	1	0	1	0.0000194924
Abyssicoccus albus	1817405	S	1	0	1	0.0000194924
Paenibacillus sp. FSL R7-0273	1536772	S	1	0	1	0.0000194924
Paenibacillus sp. RUD330	2023772	S	1	0	1	0.0000194924
Paenibacillus sp. FSL P4-0081	1536769	S	1	0	1	0.0000194924
Paenibacillus sp. DCT19	2211212	S	1	0	1	0.0000194924
Paenibacillus sp. UniB2	2726185	S	1	0	1	0.0000194924
Paenibacillus sonchi	373687	S	1	0	1	0.0000194924
Paenibacillus riograndensis	483937	S	1	0	1	0.0000194924
Paenibacillus psychroresistens	1778678	S	1	0	1	0.0000194924
Paenibacillus baekrokdamisoli	1712516	S	1	0	1	0.0000194924
Paenibacillus physcomitrellae	1619311	S	1	0	1	0.0000194924
Paenibacillus bovis	1616788	S	1	0	1	0.0000194924
Paenibacillus yonginensis	1462996	S	1	0	1	0.0000194924
Paenibacillus swuensis	1178515	S	1	0	1	0.0000194924
Paenibacillus lutimineralis	2707005	S	1	0	1	0.0000194924
Paenibacillus graminis	189425	S	1	0	1	0.0000194924
Paenibacillus lautus	1401	S	1	0	1	0.0000194924
Paenibacillus durus	44251	S	1	0	1	0.0000194924
Paenibacillus terrae	159743	S	1	0	1	0.0000194924
Paenibacillus naphthalenovorans	162209	S	1	0	1	0.0000194924
Paenibacillus kribbensis	172713	S	1	0	1	0.0000194924
Paenibacillus uliginis	683737	S	1	0	1	0.0000194924
Paenibacillus cellulositrophicus	562959	S	1	0	1	0.0000194924
Paenibacillus jilunlii	682956	S	1	0	1	0.0000194924
Cohnella abietis	2507935	S	1	0	1	0.0000194924
Thermobacillus composti	377615	S	1	0	1	0.0000194924
Planococcus sp. MB-3u-03	2058136	S	1	0	1	0.0000194924
Planococcus kocurii	1374	S	1	0	1	0.0000194924
Sporosarcina sp. P37	1930546	S	1	0	1	0.0000194924
Sporosarcina sp. Te-1	2818390	S	1	0	1	0.0000194924
Ureibacillus thermophilus	367743	S	1	0	1	0.0000194924
Solibacillus silvestris	76853	S	1	0	1	0.0000194924
Rummeliibacillus stabekisii	241244	S	1	0	1	0.0000194924
Listeria weihenstephanensis	1006155	S	1	0	1	0.0000194924
Brochothrix thermosphacta	2756	S	1	0	1	0.0000194924
Kroppenstedtia eburnea	714067	S	1	0	1	0.0000194924
Staphylospora marina	2490858	S	1	0	1	0.0000194924
Gemella morbillorum	29391	S	1	0	1	0.0000194924
Exiguobacterium sp. N4-1P	2051906	S	1	0	1	0.0000194924
Exiguobacterium mexicanum	340146	S	1	0	1	0.0000194924
Streptococcus sp. oral taxon 061	712623	S	1	0	1	0.0000194924
Streptococcus sp. I-G2	1156431	S	1	0	1	0.0000194924
Streptococcus sp. HSISS2	1316411	S	1	0	1	0.0000194924
Streptococcus sp. 116-D4	2598453	S	1	0	1	0.0000194924
Streptococcus gordonii	1302	S	1	0	1	0.0000194924
Streptococcus ferus	1345	S	1	0	1	0.0000194924
Streptococcus sobrinus	1310	S	1	0	1	0.0000194924
Streptococcus parauberis	1348	S	1	0	1	0.0000194924
Streptococcus himalayensis	1888195	S	1	0	1	0.0000194924
Streptococcus acidominimus	1326	S	1	0	1	0.0000194924
Streptococcus pluranimalium	82348	S	1	0	1	0.0000194924
Streptococcus koreensis	2382163	S	1	0	1	0.0000194924
Streptococcus equinus	1335	S	1	0	1	0.0000194924
Lactococcus sp. KACC 19320	2592653	S	1	0	1	0.0000194924
Lactobacillus sp. 3B(2020)	2695882	S	1	0	1	0.0000194924
Lactobacillus crispatus	47770	S	1	0	1	0.0000194924
Lactobacillus apis	303541	S	1	0	1	0.0000194924
Leuconostoc mesenteroides	1245	S	1	0	1	0.0000194924
Leuconostoc lactis	1246	S	1	0	1	0.0000194924
Leuconostoc carnosum	1252	S	1	0	1	0.0000194924
Weissella viridescens	1629	S	1	0	1	0.0000194924
Weissella soli	155866	S	1	0	1	0.0000194924
Latilactobacillus graminis	60519	S	1	0	1	0.0000194924
Limosilactobacillus vaginalis	1633	S	1	0	1	0.0000194924
Limosilactobacillus frumenti	104955	S	1	0	1	0.0000194924
Limosilactobacillus gastricus	227942	S	1	0	1	0.0000194924
Ligilactobacillus agilis	1601	S	1	0	1	0.0000194924
Ligilactobacillus murinus	1622	S	1	0	1	0.0000194924
Companilactobacillus allii	1847728	S	1	0	1	0.0000194924
Companilactobacillus pabuli	2714036	S	1	0	1	0.0000194924
Lactiplantibacillus paraplantarum	60520	S	1	0	1	0.0000194924
Loigolactobacillus bifermentans	1607	S	1	0	1	0.0000194924
Lacticaseibacillus paracasei	1597	S	1	0	1	0.0000194924
Levilactobacillus zymae	267363	S	1	0	1	0.0000194924
Lentilactobacillus parabuchneri	152331	S	1	0	1	0.0000194924
Lentilactobacillus curieae	1138822	S	1	0	1	0.0000194924
Apilactobacillus bombintestini	2419772	S	1	0	1	0.0000194924
Liquorilactobacillus mali	1618	S	1	0	1	0.0000194924
Liquorilactobacillus nagelii	82688	S	1	0	1	0.0000194924
Liquorilactobacillus hordei	468911	S	1	0	1	0.0000194924
Bombilactobacillus bombi	1303590	S	1	0	1	0.0000194924
Amylolactobacillus amylophilus	1603	S	1	0	1	0.0000194924
Secundilactobacillus paracollinoides	240427	S	1	0	1	0.0000194924
Enterococcus rotai	118060	S	1	0	1	0.0000194924
Enterococcus saigonensis	1805431	S	1	0	1	0.0000194924
Enterococcus wangshanyuanii	2005703	S	1	0	1	0.0000194924
Tetragenococcus osmophilus	526944	S	1	0	1	0.0000194924
Vagococcus zengguangii	2571750	S	1	0	1	0.0000194924
Jeotgalibaca dankookensis	708126	S	1	0	1	0.0000194924
Carnobacterium divergens	2748	S	1	0	1	0.0000194924
Carnobacterium sp. 17-4	208596	S	1	0	1	0.0000194924
Aerococcus viridans	1377	S	1	0	1	0.0000194924
Lacrimispora sphenoides	29370	S	1	0	1	0.0000194924
Pseudobutyrivibrio xylanivorans	185007	S	1	0	1	0.0000194924
Clostridium sp. SY8519	1042156	S	1	0	1	0.0000194924
Clostridium sp. JN-9	2507159	S	1	0	1	0.0000194924
Clostridium aceticum	84022	S	1	0	1	0.0000194924
Clostridium tyrobutyricum	1519	S	1	0	1	0.0000194924
Clostridium taeniosporum	394958	S	1	0	1	0.0000194924
Clostridium thermarum	1716543	S	1	0	1	0.0000194924
Clostridium fermenticellae	2068654	S	1	0	1	0.0000194924
Alkaliphilus oremlandii	461876	S	1	0	1	0.0000194924
Caloramator sp. E03	2576307	S	1	0	1	0.0000194924
Candidatus Arthromitus sp. SFB-rat-Yit	1041504	S	1	0	1	0.0000194924
Ruminococcus champanellensis	1161942	S	1	0	1	0.0000194924
Oscillibacter sp. NSJ-62	2763056	S	1	0	1	0.0000194924
Caproiciproducens sp. NJN-50	2507162	S	1	0	1	0.0000194924
Ruminiclostridium herbifermentans	2488810	S	1	0	1	0.0000194924
Ethanoligenens harbinense	253239	S	1	0	1	0.0000194924
Mageeibacillus indolicus	884684	S	1	0	1	0.0000194924
Acutalibacter muris	1796620	S	1	0	1	0.0000194924
Pseudoclostridium thermosuccinogenes	84032	S	1	0	1	0.0000194924
Filifactor alocis	143361	S	1	0	1	0.0000194924
Peptoclostridium acidaminophilum	1731	S	1	0	1	0.0000194924
Desulfitobacterium dehalogenans	36854	S	1	0	1	0.0000194924
Desulfotomaculum ferrireducens	1833852	S	1	0	1	0.0000194924
Desulfosporosinus meridiei	79209	S	1	0	1	0.0000194924
Syntrophobotulus glycolicus	51197	S	1	0	1	0.0000194924
Thermincola potens	863643	S	1	0	1	0.0000194924
Candidatus Desulforudis audaxviator	471827	S	1	0	1	0.0000194924
Desulfofarcimen acetoxidans	58138	S	1	0	1	0.0000194924
Thermoanaerosceptrum fracticalcis	1712410	S	1	0	1	0.0000194924
Syntrophothermus lipocalidus	86170	S	1	0	1	0.0000194924
Christensenella sp. Marseille-P3954	2086585	S	1	0	1	0.0000194924
Symbiobacterium thermophilum	2734	S	1	0	1	0.0000194924
Petrocella atlantisensis	2173034	S	1	0	1	0.0000194924
Moorella thermoacetica	1525	S	1	0	1	0.0000194924
Ammonifex degensii	42838	S	1	0	1	0.0000194924
Carboxydothermus hydrogenoformans	129958	S	1	0	1	0.0000194924
Thermoanaerobacterium xylanolyticum	29329	S	1	0	1	0.0000194924
Thermoanaerobacterium sp. RBIITD	1550240	S	1	0	1	0.0000194924
Caldicellulosiruptor kristjanssonii	52765	S	1	0	1	0.0000194924
Caldicellulosiruptor owensensis	55205	S	1	0	1	0.0000194924
Caldicellulosiruptor kronotskyensis	413889	S	1	0	1	0.0000194924
Caldicellulosiruptor obsidiansis	717609	S	1	0	1	0.0000194924
Thermodesulfobium acidiphilum	1794699	S	1	0	1	0.0000194924
Mahella australiensis	252966	S	1	0	1	0.0000194924
Halothermothrix orenii	31909	S	1	0	1	0.0000194924
Anoxybacter fermentans	1323375	S	1	0	1	0.0000194924
Tepidanaerobacter acetatoxydans	499229	S	1	0	1	0.0000194924
Biomaibacter acetigenes	2316383	S	1	0	1	0.0000194924
Thermosediminibacter oceani	291990	S	1	0	1	0.0000194924
Natranaerobius thermophilus	375929	S	1	0	1	0.0000194924
Koleobacter methoxysyntrophicus	2751313	S	1	0	1	0.0000194924
Selenomonas sp. oral taxon 920	1884263	S	1	0	1	0.0000194924
Selenomonas sp. Marseille-Q3039	2754044	S	1	0	1	0.0000194924
Sporomusa termitida	2377	S	1	0	1	0.0000194924
Megasphaera stantonii	2144175	S	1	0	1	0.0000194924
Veillonella nakazawae	2682456	S	1	0	1	0.0000194924
Dialister pneumosintes	39950	S	1	0	1	0.0000194924
Dialister massiliensis	2161821	S	1	0	1	0.0000194924
Acidaminococcus fermentans	905	S	1	0	1	0.0000194924
Erysipelothrix sp. HDW6B	2714929	S	1	0	1	0.0000194924
Faecalibaculum rodentium	1702221	S	1	0	1	0.0000194924
Anaerococcus prevotii	33034	S	1	0	1	0.0000194924
Peptoniphilus harei	54005	S	1	0	1	0.0000194924
endosymbiont 'TC1' of Trimyema compressum	243899	S	1	0	1	0.0000194924
Crinalium epipsammum	241425	S	1	0	1	0.0000194924
Microcystis sp. MC19	1967666	S	1	0	1	0.0000194924
Candidatus Atelocyanobacterium thalassa	713887	S	1	0	1	0.0000194924
Calothrix sp. PCC 7507	99598	S	1	0	1	0.0000194924
Scytonema sp. HK-05	1137095	S	1	0	1	0.0000194924
Synechococcus sp. KORDI-100	1280380	S	1	0	1	0.0000194924
Synechococcus sp. CBW1108	1353147	S	1	0	1	0.0000194924
Synechococcus sp. WH 8101	59932	S	1	0	1	0.0000194924
Synechococcus sp. CC9902	316279	S	1	0	1	0.0000194924
Cyanobium sp. NS01	261284	S	1	0	1	0.0000194924
Gloeobacter violaceus	33072	S	1	0	1	0.0000194924
Mycoplasma sp. Mirounga ES2806-GEN	754515	S	1	0	1	0.0000194924
Mycoplasma sp. Phocoena C-264-GEN	754517	S	1	0	1	0.0000194924
Mycoplasma sp. 1654_15	2725994	S	1	0	1	0.0000194924
Mycoplasma alkalescens	45363	S	1	0	1	0.0000194924
Mycoplasma cloacale	92401	S	1	0	1	0.0000194924
Mycoplasma genitalium	2097	S	1	0	1	0.0000194924
Mycoplasma hominis	2098	S	1	0	1	0.0000194924
Mycoplasma canadense	29554	S	1	0	1	0.0000194924
Mycoplasma pulmonis	2107	S	1	0	1	0.0000194924
Mycoplasma columbinum	114881	S	1	0	1	0.0000194924
Mycoplasma gallopavonis	76629	S	1	0	1	0.0000194924
Mycoplasma edwardii	53558	S	1	0	1	0.0000194924
Mycoplasma pullorum	48003	S	1	0	1	0.0000194924
Mycoplasma felis	33923	S	1	0	1	0.0000194924
Mycoplasma californicum	2113	S	1	0	1	0.0000194924
Mycoplasma synoviae	2109	S	1	0	1	0.0000194924
Mycoplasma arginini	2094	S	1	0	1	0.0000194924
Candidatus Hepatoplasma crinochetorum	295596	S	1	0	1	0.0000194924
Spiroplasma kunkelii	47834	S	1	0	1	0.0000194924
Spiroplasma diminutum	216936	S	1	0	1	0.0000194924
Spiroplasma monobiae	2136	S	1	0	1	0.0000194924
Mesoplasma tabanidae	219745	S	1	0	1	0.0000194924
Onion yellows phytoplasma	100379	S	1	0	1	0.0000194924
'Catharanthus roseus' aster yellows phytoplasma	1193712	S	1	0	1	0.0000194924
Candidatus Phytoplasma ziziphi	135727	S	1	0	1	0.0000194924
Candidatus Phytoplasma mali	37692	S	1	0	1	0.0000194924
Deinococcus sp. S14-83	2489213	S	1	0	1	0.0000194924
Deinococcus sp. D7000	2755035	S	1	0	1	0.0000194924
Deinococcus ficus	317577	S	1	0	1	0.0000194924
Deinococcus soli Cha et al. 2016	1309411	S	1	0	1	0.0000194924
Deinococcus geothermalis	68909	S	1	0	1	0.0000194924
Meiothermus ruber	277	S	1	0	1	0.0000194924
Thermus brockianus	56956	S	1	0	1	0.0000194924
Thermus oshimai	56957	S	1	0	1	0.0000194924
Thermus caldilimi	2483360	S	1	0	1	0.0000194924
Thermus sp. CCB_US3_UF1	1111069	S	1	0	1	0.0000194924
Anaerolinea sp. 'rifampicinis'	2710758	S	1	0	1	0.0000194924
Pelolinea submarina	913107	S	1	0	1	0.0000194924
Ktedonosporobacter rubrisoli	2509675	S	1	0	1	0.0000194924
Flavobacterium sp. CS20	2775246	S	1	0	1	0.0000194924
Capnocytophaga sp. oral taxon 878	1316596	S	1	0	1	0.0000194924
Capnocytophaga haemolytica	45243	S	1	0	1	0.0000194924
Nonlabens ponticola	2496866	S	1	0	1	0.0000194924
Chryseobacterium sp.	1871047	S	1	0	1	0.0000194924
Elizabethkingia ursingii	1756150	S	1	0	1	0.0000194924
Apibacter sp. B3706	2656760	S	1	0	1	0.0000194924
Apibacter sp. B2966	2656761	S	1	0	1	0.0000194924
Apibacter raozihei	2500547	S	1	0	1	0.0000194924
Cruoricaptor ignavus	1118202	S	1	0	1	0.0000194924
Blattabacterium sp. (Mastotermes darwiniensis)	39768	S	1	0	1	0.0000194924
Candidatus Walczuchella monophlebidarum	1415657	S	1	0	1	0.0000194924
Bacteroides heparinolyticus	28113	S	1	0	1	0.0000194924
Bacteroides helcogenes	290053	S	1	0	1	0.0000194924
Prevotella ruminicola	839	S	1	0	1	0.0000194924
Prevotella denticola	28129	S	1	0	1	0.0000194924
Prevotella oris	28135	S	1	0	1	0.0000194924
Prevotella enoeca	76123	S	1	0	1	0.0000194924
Prevotella scopos	589437	S	1	0	1	0.0000194924
Prevotella jejuni	1177574	S	1	0	1	0.0000194924
Butyricimonas virosa	544645	S	1	0	1	0.0000194924
Muribaculum gordoncarteri	2530390	S	1	0	1	0.0000194924
Hymenobacter sp. TS19	2735321	S	1	0	1	0.0000194924
Pontibacter actiniarum	323450	S	1	0	1	0.0000194924
Pontibacter russatus	2694929	S	1	0	1	0.0000194924
Candidatus Amoebophilus asiaticus	281120	S	1	0	1	0.0000194924
Roseivirga pacifica	1267423	S	1	0	1	0.0000194924
Pelodictyon luteolum	1100	S	1	0	1	0.0000194924
Prosthecochloris sp. GSB1	281093	S	1	0	1	0.0000194924
Prosthecochloris sp. HL-130-GSB	1974213	S	1	0	1	0.0000194924
Chlorobaculum limnaeum	274537	S	1	0	1	0.0000194924
Gimesia alba	2527973	S	1	0	1	0.0000194924
Crateriforma conspicua	2527996	S	1	0	1	0.0000194924
Methylacidiphilum kamchatkense	431057	S	1	0	1	0.0000194924
Methylacidimicrobium sp. B4	2796139	S	1	0	1	0.0000194924
Simkania negevensis	83561	S	1	0	1	0.0000194924
Chlamydia sp. 2742-308	1806891	S	1	0	1	0.0000194924
Chlamydia sp. S15-834C	1967783	S	1	0	1	0.0000194924
Chlamydia caviae	83557	S	1	0	1	0.0000194924
Chlamydia pneumoniae	83558	S	1	0	1	0.0000194924
Chlamydia pecorum	85991	S	1	0	1	0.0000194924
Chlamydia gallinacea	1457153	S	1	0	1	0.0000194924
Treponema phagedenis	162	S	1	0	1	0.0000194924
Treponema socranskii	53419	S	1	0	1	0.0000194924
Treponema medium	58231	S	1	0	1	0.0000194924
Treponema ruminis	744515	S	1	0	1	0.0000194924
Sphaerochaeta coccoides	273376	S	1	0	1	0.0000194924
Sphaerochaeta globosa	1131703	S	1	0	1	0.0000194924
Sediminispirochaeta smaragdinae	55206	S	1	0	1	0.0000194924
Borrelia miyamotoi	47466	S	1	0	1	0.0000194924
Borreliella garinii	29519	S	1	0	1	0.0000194924
Borreliella mayonii	1674146	S	1	0	1	0.0000194924
Candidatus Borrelia tachyglossi	1964448	S	1	0	1	0.0000194924
Brachyspira murdochii	84378	S	1	0	1	0.0000194924
Leptospira borgpetersenii	174	S	1	0	1	0.0000194924
Leptospira santarosai	28183	S	1	0	1	0.0000194924
Leptospira mayottensis	1137606	S	1	0	1	0.0000194924
Terriglobus saanensis	870903	S	1	0	1	0.0000194924
Edaphobacter sp. 12200R-103	2703788	S	1	0	1	0.0000194924
Edaphobacter sp. 4G125	2763071	S	1	0	1	0.0000194924
Acidisarcina polymorpha	2211140	S	1	0	1	0.0000194924
Fusobacterium sp. NSJ-57	2764326	S	1	0	1	0.0000194924
Leptotrichia sp. oral taxon 212	712357	S	1	0	1	0.0000194924
Leptotrichia buccalis	40542	S	1	0	1	0.0000194924
Pseudoleptotrichia goodfellowii	157692	S	1	0	1	0.0000194924
Fervidobacterium nodosum	2424	S	1	0	1	0.0000194924
Marinitoga sp. 1137	1545835	S	1	0	1	0.0000194924
Mesotoga prima	1184387	S	1	0	1	0.0000194924
Mesotoga infera	1236046	S	1	0	1	0.0000194924
Athalassotoga saccharophila	1441386	S	1	0	1	0.0000194924
Candidatus Bipolaricaulis anaerobius	2026885	S	1	0	1	0.0000194924
Thermosulfurimonas marina	2047767	S	1	0	1	0.0000194924
Geovibrio thiophilus	139438	S	1	0	1	0.0000194924
Nitrospira moscoviensis	42253	S	1	0	1	0.0000194924
Thermocrinis minervae	381751	S	1	0	1	0.0000194924
Thermosulfidibacter takaii	412593	S	1	0	1	0.0000194924
Desulfurobacterium thermolithotrophum	64160	S	1	0	1	0.0000194924
Aminomonas paucivorans	81412	S	1	0	1	0.0000194924
Aminobacterium colombiense	81468	S	1	0	1	0.0000194924
Jonquetella anthropi	428712	S	1	0	1	0.0000194924
Fretibacterium fastidiosum	651822	S	1	0	1	0.0000194924
Elusimicrobium minutum	423605	S	1	0	1	0.0000194924
Methanosarcina sp. WWM596	1434103	S	1	0	1	0.0000194924
Methanosarcina horonobensis	418008	S	1	0	1	0.0000194924
Methanosarcina flavescens	1715806	S	1	0	1	0.0000194924
Methanohalobium evestigatum	2322	S	1	0	1	0.0000194924
Methanoculleus marisnigri	2198	S	1	0	1	0.0000194924
Methanoplanus limicola	2315	S	1	0	1	0.0000194924
Methanocella paludicola	570267	S	1	0	1	0.0000194924
Methanocella arvoryzae	1175445	S	1	0	1	0.0000194924
Natrinema sp. J7-2	406552	S	1	0	1	0.0000194924
Haloterrigena turkmenica	62320	S	1	0	1	0.0000194924
Haloterrigena longa	370324	S	1	0	1	0.0000194924
Haloterrigena salifodinae	2675099	S	1	0	1	0.0000194924
Natronococcus occultus	29288	S	1	0	1	0.0000194924
Halobiforma lacisalsi	229731	S	1	0	1	0.0000194924
Halovivax ruber	387341	S	1	0	1	0.0000194924
Halorubrum lacusprofundi	2247	S	1	0	1	0.0000194924
Halorubrum trapanicum	29284	S	1	0	1	0.0000194924
Halorhabdus utahensis	146826	S	1	0	1	0.0000194924
Natronomonas sp. C90	2747817	S	1	0	1	0.0000194924
Halorientalis sp. IM1011	1932360	S	1	0	1	0.0000194924
Halobacterium hubeiense	1407499	S	1	0	1	0.0000194924
Halalkalicoccus jeotgali	413810	S	1	0	1	0.0000194924
Halarchaeum sp. CBA1220	1853682	S	1	0	1	0.0000194924
Salarchaeum sp. JOR-1	2599399	S	1	0	1	0.0000194924
Halanaeroarchaeum sulfurireducens	1604004	S	1	0	1	0.0000194924
Methanobrevibacter olleyae	294671	S	1	0	1	0.0000194924
Methanobacterium subterraneum	59277	S	1	0	1	0.0000194924
Methanothermobacter sp. CaT2	866790	S	1	0	1	0.0000194924
Methanocaldococcus fervens	83171	S	1	0	1	0.0000194924
Methanocaldococcus sp. FS406-22	644281	S	1	0	1	0.0000194924
Methanofervidicoccus sp. A16	2607662	S	1	0	1	0.0000194924
Thermococcus sp. P6	122420	S	1	0	1	0.0000194924
Thermococcus sp. AM4	246969	S	1	0	1	0.0000194924
Thermococcus eurythermalis	1505907	S	1	0	1	0.0000194924
Thermococcus paralvinellae	582419	S	1	0	1	0.0000194924
Thermococcus kodakarensis	311400	S	1	0	1	0.0000194924
Pyrococcus abyssi	29292	S	1	0	1	0.0000194924
Pyrococcus horikoshii	53953	S	1	0	1	0.0000194924
Archaeoglobus veneficus	58290	S	1	0	1	0.0000194924
Archaeoglobus sulfaticallidus	1316941	S	1	0	1	0.0000194924
Candidatus Nitrosomarinus catalina	1898749	S	1	0	1	0.0000194924
Candidatus Nitrosopelagicus brevis	1410606	S	1	0	1	0.0000194924
Candidatus Nitrosotenuis sp. DW1	2259672	S	1	0	1	0.0000194924
Candidatus Nitrosocosmicus franklandus	1798806	S	1	0	1	0.0000194924
Candidatus Nitrososphaera evergladensis	1459637	S	1	0	1	0.0000194924
Conexivisphaera calida	1874277	S	1	0	1	0.0000194924
Acidianus brierleyi	41673	S	1	0	1	0.0000194924
Acidianus hospitalis	563177	S	1	0	1	0.0000194924
Stygiolobus azoricus	41675	S	1	0	1	0.0000194924
Metallosphaera hakonensis	79601	S	1	0	1	0.0000194924
Sulfurisphaera tokodaii	111955	S	1	0	1	0.0000194924
Thermofilum adornatum	1365176	S	1	0	1	0.0000194924
Thermofilum uzonense	1550241	S	1	0	1	0.0000194924
Staphylothermus hellenicus	84599	S	1	0	1	0.0000194924
Aeropyrum pernix	56636	S	1	0	1	0.0000194924
Caldisphaera lagunensis	200415	S	1	0	1	0.0000194924
Acidilobus saccharovorans	242703	S	1	0	1	0.0000194924
Candidatus Korarchaeum cryptofilum	498846	S	1	0	1	0.0000194924
Cuniculiplasma divulgatum	1673428	S	1	0	1	0.0000194924
Arthrobacter phage TripleJ	2599838	S	1	0	1	0.0000194924
Streptomyces phage Karimac	2283303	S	1	0	1	0.0000194924
Gordonia phage GTE8	1647475	S	1	0	1	0.0000194924
Geobacillus phage GBK2	1458842	S	1	0	1	0.0000194924
Streptomyces phage Gilson	2488789	S	1	0	1	0.0000194924
Pseudomonas phage phiPSA1	1500757	S	1	0	1	0.0000194924
Pseudomonas phage PS-1	1573458	S	1	0	1	0.0000194924
Mycobacterium virus Godines	1982904	S	1	0	1	0.0000194924
Mycobacterium phage Imvubu	2686233	S	1	0	1	0.0000194924
Mycobacterium phage Henu3 PeY-2017	2571241	S	1	0	1	0.0000194924
Rhodococcus virus Pepy6	1982368	S	1	0	1	0.0000194924
Rhodococcus virus Poco6	1982369	S	1	0	1	0.0000194924
Streptomyces virus Scap1	2560792	S	1	0	1	0.0000194924
Streptomyces virus TP1604	1982746	S	1	0	1	0.0000194924
Mycobacterium virus Butters	2169798	S	1	0	1	0.0000194924
Streptomyces virus Mildred21	2560787	S	1	0	1	0.0000194924
Mycobacterium phage Validus	1414747	S	1	0	1	0.0000194924
Gordonia phage TinaLin	2797324	S	1	0	1	0.0000194924
Cellulophaga virus Cba121	1918193	S	1	0	1	0.0000194924
Mycobacterium phage Arib1	2041518	S	1	0	1	0.0000194924
Caulobacter virus CcrSC	2734193	S	1	0	1	0.0000194924
Gordonia virus Phistory	2734203	S	1	0	1	0.0000194924
Streptomyces virus Lilbooboo	2734285	S	1	0	1	0.0000194924
Xanthomonas phage Xoo-sp2	1852622	S	1	0	1	0.0000194924
Propionibacterium virus PHL009M11	1982273	S	1	0	1	0.0000194924
Prochlorococcus phage P-TIM68	1542477	S	1	0	1	0.0000194924
Pelagibacter phage HTVC008M	1283076	S	1	0	1	0.0000194924
Burkholderia phage BcepB1A	279530	S	1	0	1	0.0000194924
Acinetobacter phage Ac42	762660	S	1	0	1	0.0000194924
Shigella virus Sf14	2560757	S	1	0	1	0.0000194924
Yersinia virus Yen9-04	2560849	S	1	0	1	0.0000194924
Synechococcus virus SCBWM1	2734084	S	1	0	1	0.0000194924
Cronobacter virus GAP32	2560400	S	1	0	1	0.0000194924
Bacillus virus G	1084719	S	1	0	1	0.0000194924
Synechococcus virus SSM1	2734149	S	1	0	1	0.0000194924
Escherichia virus Goslar	2734109	S	1	0	1	0.0000194924
Synechococcus virus SCAM9	2734111	S	1	0	1	0.0000194924
Streptomyces phage Immanuel3	2053813	S	1	0	1	0.0000194924
Salinivibrio phage CW02	1161935	S	1	0	1	0.0000194924
Curvibacter virus P26059B	2733926	S	1	0	1	0.0000194924
Anatid alphaherpesvirus 1	104388	S	1	0	1	0.0000194924
Panine betaherpesvirus 2	188763	S	1	0	1	0.0000194924
Acanthocystis turfacea chlorella virus 1	322019	S	1	0	1	0.0000194924
Ostreococcus lucimarinus virus OlV5	754064	S	1	0	1	0.0000194924
Micromonas sp. RCC1109 virus MpV1	880161	S	1	0	1	0.0000194924
Yellowstone lake phycodnavirus 2	1586714	S	1	0	1	0.0000194924
Chrysochromulina ericina virus	455364	S	1	0	1	0.0000194924
Orpheovirus IHUMI-LCC2	2023057	S	1	0	1	0.0000194924
Heterosigma akashiwo virus 01	97195	S	1	0	1	0.0000194924
Anopheles minimus irodovirus	1465751	S	1	0	1	0.0000194924
Cherax quadricarinatus iridovirus	2035708	S	1	0	1	0.0000194924
Yaba monkey tumor virus	38804	S	1	0	1	0.0000194924
Adoxophyes honmai entomopoxvirus	1993630	S	1	0	1	0.0000194924
African swine fever virus	10497	S	1	0	1	0.0000194924
Bovine mastadenovirus B	129950	S	1	0	1	0.0000194924
Halovirus HCTV-5	1273748	S	1	0	1	0.0000194924
Agrotis ipsilon multiple nucleopolyhedrovirus	208013	S	1	0	1	0.0000194924
Leucania separata nucleopolyhedrovirus	1307956	S	1	0	1	0.0000194924
Cryptophlebia leucotreta granulovirus	35254	S	1	0	1	0.0000194924
Avian metaavulavirus 10	2560309	S	1	0	1	0.0000194924
Homalodisca vitripennis reovirus	411854	S	1	0	1	0.0000194924
Planidovirus 1	2508226	S	1	0	1	0.0000194924
Hubei picorna-like virus 63	1923146	S	1	0	1	0.0000194924
Heliothis zea nudivirus	29250	S	1	0	1	0.0000194924
Candidatus Kinetoplastibacterium blastocrithidii	233181	S	4	-4	0	0.0000000000
Candidatus Kinetoplastibacterium crithidii	33056	S	2	-2	0	0.0000000000
Azotobacter vinelandii	354	S	4	-4	0	0.0000000000
Candidatus Moranella endobia	1048758	S	1	-1	0	0.0000000000
Dickeya paradisiaca	69223	S	4	-4	0	0.0000000000
Marinobacter hydrocarbonoclasticus	2743	S	4	-4	0	0.0000000000
Fluoribacter dumoffii	463	S	2	-2	0	0.0000000000
Afipia carboxidovorans	40137	S	7	-7	0	0.0000000000
Rhodospirillum rubrum	1085	S	8	-8	0	0.0000000000
Rickettsia canadensis	788	S	2	-2	0	0.0000000000
Ehrlichia chaffeensis	945	S	1	-1	0	0.0000000000
Anaplasma phagocytophilum	948	S	1	-1	0	0.0000000000
Acetivibrio thermocellus	1515	S	1	-1	0	0.0000000000
Thermoclostridium stercorarium	1510	S	3	-3	0	0.0000000000
Nodularia spumigena	70799	S	3	-3	0	0.0000000000
Chloroflexus aurantiacus	1108	S	2	-2	0	0.0000000000
Tannerella forsythia	28112	S	2	-2	0	0.0000000000
Borrelia anserina	143	S	1	-1	0	0.0000000000
Borreliella valaisiana	62088	S	1	-1	0	0.0000000000
Leptospira biflexa	172	S	2	-2	0	0.0000000000
Haloarcula hispanica	51589	S	1	-1	0	0.0000000000
