name	taxonomy_id	taxonomy_lvl	kraken_assigned_reads	added_reads	new_est_reads	fraction_total_reads
Cutibacterium acnes	1747	S	3526	242	3768	0.0568428675
Dermacoccus nishinomiyaensis	1274	S	807	111	918	0.0138486604
Paenibacillus larvae	1464	S	5	833	838	0.0126418055
Stenotrophomonas maltophilia	40324	S	519	265	784	0.0118271784
Curtobacterium flaccumfaciens	2035	S	614	70	684	0.0103186097
Pseudomonas putida	303	S	78	467	545	0.0082216993
Klebsiella pneumoniae	573	S	133	332	465	0.0070148443
Bacillus thuringiensis	1428	S	16	398	414	0.0062454743
Oscillatoria nigro-viridis	482564	S	362	31	393	0.0059286749
Pseudomonas oryzihabitans	47885	S	351	28	379	0.0057174753
Aliarcobacter cryaerophilus	28198	S	326	50	376	0.0056722182
Candidatus Planktophila sulfonica	1884904	S	347	26	373	0.0056269611
Lactococcus lactis	1358	S	124	191	315	0.0047519913
Pseudomonas sp. CMR12a	658629	S	212	79	291	0.0043899348
Acidovorax sp. T1	1858609	S	80	202	282	0.0042541636
Polynucleobacter necessarius	576610	S	257	18	275	0.0041485638
Duganella sp. AF9R3	2728021	S	232	42	274	0.0041334782
Phocaeicola vulgatus	821	S	191	81	272	0.0041033068
Variovorax paradoxus	34073	S	192	73	265	0.0039977070
Ralstonia solanacearum	305	S	177	78	255	0.0038468501
Escherichia coli	562	S	28	215	243	0.0036658219
Streptomyces lividans	1916	S	18	225	243	0.0036658219
Limnohabitans sp. 63ED37-2	1678128	S	207	17	224	0.0033791938
Limnohabitans sp. 103DPR2	1678129	S	210	13	223	0.0033641081
Kocuria rhizophila	72000	S	167	47	214	0.0032283370
Acidovorax sp. KKS102	358220	S	142	71	213	0.0032132513
Acidovorax sp. JS42	232721	S	9	202	211	0.0031830799
Pseudomonas aeruginosa	287	S	53	157	210	0.0031679942
Alicycliphilus denitrificans	179636	S	56	149	205	0.0030925658
Faecalibacterium prausnitzii	853	S	163	38	201	0.0030322230
Sphaerotilus natans	34103	S	155	44	199	0.0030020517
Acidovorax carolinensis	553814	S	117	80	197	0.0029718803
Pseudomonas fluorescens	294	S	145	47	192	0.0028964518
Blautia sp. SC05B48	2479767	S	124	66	190	0.0028662805
Acinetobacter baumannii	470	S	50	136	186	0.0028059377
Curvibacter sp. AEP1-3	1844971	S	168	7	175	0.0026399952
Polaromonas naphthalenivorans	216465	S	155	15	170	0.0025645667
Aquaspirillum sp. LM1	1938604	S	159	11	170	0.0025645667
Limnoglobus roseus	2598579	S	155	5	160	0.0024137099
Polynucleobacter duraquae	1835254	S	130	17	147	0.0022175959
Halomonas sp. JS92-SW72	2306583	S	122	22	144	0.0021723389
Comamonas testosteroni	285	S	64	78	142	0.0021421675
Bacteroides uniformis	820	S	81	57	138	0.0020818248
Leptothrix cholodnii	34029	S	108	28	136	0.0020516534
Acinetobacter johnsonii	40214	S	87	48	135	0.0020365677
Rhodoferax sediminis	2509614	S	122	12	134	0.0020214820
Rhizobacter sp. AJA081-3	2753607	S	110	23	133	0.0020063963
Phocaeicola dorei	357276	S	106	26	132	0.0019913106
Prevotella copri	165179	S	108	24	132	0.0019913106
Propionibacterium sp. oral taxon 193	671223	S	112	19	131	0.0019762250
Rhodoferax sp. AJA081-3	2752316	S	114	10	124	0.0018706252
Flavobacterium johnsoniae	986	S	90	33	123	0.0018555395
Sorangium cellulosum	56	S	109	8	117	0.0017650253
Flavobacterium sangjuense	2518177	S	109	6	115	0.0017348540
Rhodococcus qingshengii	334542	S	23	91	114	0.0017197683
Lacunisphaera limnophila	1838286	S	106	7	113	0.0017046826
Achromobacter xylosoxidans	85698	S	47	65	112	0.0016895969
Anaerobutyricum hallii	39488	S	81	29	110	0.0016594255
Paracoccus yeei	147645	S	55	50	105	0.0015839971
Vitreoscilla filiformis	63	S	90	14	104	0.0015689114
Acidovorax avenae	80867	S	70	33	103	0.0015538257
Rhodoferax saidenbachensis	1484693	S	93	10	103	0.0015538257
Polaromonas sp. JS666	296591	S	95	8	103	0.0015538257
Acidovorax sp. 1608163	2478662	S	90	12	102	0.0015387400
Pseudomonas stutzeri	316	S	84	18	102	0.0015387400
Acidovorax sp. JMULE5	2518343	S	85	15	100	0.0015085687
Pasteurella multocida	747	S	67	33	100	0.0015085687
Hydrogenophaga sp. PBL-H3	434010	S	52	47	99	0.0014934830
Polaromonas sp. E19S	1840257	S	1	97	98	0.0014783973
Diaphorobacter aerolatus	1288495	S	45	52	97	0.0014633116
Ramlibacter tataouinensis	94132	S	85	11	96	0.0014482259
Diaphorobacter sp. JS3051	2792224	S	4	88	92	0.0013878832
Aeromonas media	651	S	60	32	92	0.0013878832
Rhodopseudomonas palustris	1076	S	77	15	92	0.0013878832
Flavobacterium nackdongense	2547394	S	87	5	92	0.0013878832
Rubrivivax gelatinosus	28068	S	73	18	91	0.0013727975
Acinetobacter lwoffii	28090	S	49	41	90	0.0013577118
Sphingomonas sp. PAMC26645	2565555	S	80	9	89	0.0013426261
Flavobacterium sp. M31R6	2739062	S	79	10	89	0.0013426261
Urbifossiella limnaea	2528023	S	84	5	89	0.0013426261
Opitutus sp. GAS368	1882749	S	81	7	88	0.0013275404
Hydrogenophaga sp. BPS33	2651974	S	58	29	87	0.0013124547
Kinneretia sp. DAIF2	2714952	S	73	14	87	0.0013124547
Fluviibacter phosphoraccumulans	1751046	S	74	12	86	0.0012973691
Staphylococcus aureus	1280	S	41	45	86	0.0012973691
Simplicispira suum	2109915	S	67	18	85	0.0012822834
Polynucleobacter asymbioticus	576611	S	74	10	84	0.0012671977
Micrococcus luteus	1270	S	51	33	84	0.0012671977
Flavobacterium sp. MDT1-60	1979344	S	70	14	84	0.0012671977
Janthinobacterium agaricidamnosum	55508	S	62	21	83	0.0012521120
Clostridium botulinum	1491	S	54	28	82	0.0012370263
Rhizobacter gummiphilus	946333	S	70	11	81	0.0012219406
Janibacter indicus	857417	S	50	30	80	0.0012068549
Candidatus Planktophila dulcis	1884914	S	74	6	80	0.0012068549
Streptococcus thermophilus	1308	S	74	6	80	0.0012068549
Rhodoferax koreense	1842727	S	52	27	79	0.0011917692
Sphingomonas melonis	152682	S	21	58	79	0.0011917692
Aquabacterium olei	1296669	S	64	14	78	0.0011766836
Staphylococcus capitis	29388	S	66	11	77	0.0011615979
Rhodoferax ferrireducens	192843	S	71	4	75	0.0011314265
Rhodococcus erythropolis	1833	S	21	54	75	0.0011314265
[Ruminococcus] torques	33039	S	52	23	75	0.0011314265
Moraxella osloensis	34062	S	70	4	74	0.0011163408
Flavobacterium sp. SLB02	2665645	S	57	17	74	0.0011163408
Lawsonella clevelandensis	1528099	S	70	3	73	0.0011012551
Anaerostipes hadrus	649756	S	58	15	73	0.0011012551
Flavobacterium sp. KBS0721	1179672	S	53	20	73	0.0011012551
Bacteroides thetaiotaomicron	818	S	66	7	73	0.0011012551
Rhodoferax sp. BAB1	2741720	S	59	13	72	0.0010861694
Diaphorobacter sp. HDW4A	2714924	S	42	30	72	0.0010861694
Diaphorobacter sp. JS3050	2735554	S	3	69	72	0.0010861694
Ottowia oryzae	2109914	S	65	7	72	0.0010861694
Delftia acidovorans	80866	S	27	45	72	0.0010861694
Schlegelella thermodepolymerans	215580	S	58	14	72	0.0010861694
Sphingorhabdus lacus	392610	S	72	0	72	0.0010861694
Sphingomonas sp. HMP9	1517554	S	61	10	71	0.0010710838
Massilia sp. CCM 8941	2765360	S	51	19	70	0.0010559981
Mitsuaria sp. 7	1658665	S	59	11	70	0.0010559981
Flavobacterium sp. Sr18	935222	S	63	7	70	0.0010559981
Bacteroides ovatus	28116	S	41	29	70	0.0010559981
Burkholderia pseudomallei	28450	S	20	49	69	0.0010409124
Undibacterium sp. KW1	2058624	S	57	12	69	0.0010409124
Variovorax sp. PAMC 28711	1795631	S	63	5	68	0.0010258267
Buchnera aphidicola	9	S	69	-1	68	0.0010258267
Bradyrhizobium diazoefficiens	1355477	S	32	36	68	0.0010258267
Candidatus Planktophila lacus	1884913	S	66	2	68	0.0010258267
Flavobacterium commune	1306519	S	62	6	68	0.0010258267
Bifidobacterium adolescentis	1680	S	63	4	67	0.0010107410
Acidovorax sp. RAC01	1842533	S	45	20	65	0.0009805696
Parabacteroides distasonis	823	S	27	38	65	0.0009805696
Bradyrhizobium erythrophlei	1437360	S	61	3	64	0.0009654839
Bifidobacterium longum	216816	S	49	15	64	0.0009654839
Coprococcus comes	410072	S	47	17	64	0.0009654839
Cupriavidus taiwanensis	164546	S	45	18	63	0.0009503983
Xanthomonas campestris	339	S	57	6	63	0.0009503983
Cutibacterium avidum	33010	S	57	6	63	0.0009503983
Bacteroides fragilis	817	S	35	28	63	0.0009503983
Variovorax sp. WDL1	207745	S	29	33	62	0.0009353126
Rhodoferax sp. PAMC29310	2822760	S	54	8	62	0.0009353126
Rhodoferax antarcticus	81479	S	58	4	62	0.0009353126
Hydrogenophaga sp. NH-16	2184519	S	22	40	62	0.0009353126
Flavobacterium psychrophilum	96345	S	56	6	62	0.0009353126
Roseateles depolymerans	76731	S	52	9	61	0.0009202269
Rhodoluna lacicola	529884	S	60	0	60	0.0009051412
Variovorax boronicumulans	436515	S	31	28	59	0.0008900555
Paucibacter sp. KCTC 42545	1768242	S	51	8	59	0.0008900555
Corynebacterium kefirresidentii	1979527	S	43	16	59	0.0008900555
Variovorax sp. PBL-H6	434009	S	25	33	58	0.0008749698
Comamonas aquatica	225991	S	44	14	58	0.0008749698
Staphylococcus epidermidis	1282	S	50	8	58	0.0008749698
Flavobacterium gilvum	1492737	S	53	5	58	0.0008749698
Rhizobium leguminosarum	384	S	40	17	57	0.0008598841
Cupriavidus metallidurans	119219	S	31	25	56	0.0008447985
Massilia putida	1141883	S	41	15	56	0.0008447985
Flavobacterium sp. BB8	2816357	S	47	9	56	0.0008447985
Blautia obeum	40520	S	38	17	55	0.0008297128
Variovorax sp. PMC12	2126319	S	1	53	54	0.0008146271
Hydrogenophaga pseudoflava	47421	S	23	31	54	0.0008146271
Lysobacter enzymogenes	69	S	45	9	54	0.0008146271
Klebsiella aerogenes	548	S	6	48	54	0.0008146271
Variovorax sp. PBL-E5	434014	S	14	39	53	0.0007995414
Hydrogenophaga sp. BA0156	2716225	S	36	17	53	0.0007995414
Ottowia sp. 27C	2816950	S	48	5	53	0.0007995414
Massilia oculi	945844	S	44	9	53	0.0007995414
Acinetobacter sp. NEB 394	2743575	S	25	28	53	0.0007995414
Paracoccus sanguinis	1545044	S	47	6	53	0.0007995414
Collinsella aerofaciens	74426	S	47	6	53	0.0007995414
Verrucomicrobium spinosum	2736	S	40	13	53	0.0007995414
Acidovorax sp. HDW3	2714923	S	42	10	52	0.0007844557
Massilia sp. WG5	1707785	S	31	21	52	0.0007844557
Methylibium petroleiphilum	105560	S	29	23	52	0.0007844557
Xanthomonas citri	346	S	9	43	52	0.0007844557
Bradyrhizobium japonicum	375	S	14	38	52	0.0007844557
Luteolibacter luteus	2728835	S	50	2	52	0.0007844557
Candidatus Planktophila versatilis	1884905	S	49	2	51	0.0007693700
Lactobacillus delbrueckii	1584	S	43	8	51	0.0007693700
Flavobacterium sp. 140616W15	2478552	S	44	7	51	0.0007693700
Bacteroides xylanisolvens	371601	S	28	23	51	0.0007693700
Pedobacter roseus	336820	S	40	11	51	0.0007693700
Acidovorax monticola	1926868	S	41	9	50	0.0007542843
Variovorax sp. HW608	1034889	S	46	4	50	0.0007542843
Hydrogenophaga sp. RAC07	1842537	S	38	12	50	0.0007542843
Hydrogenophaga crassostreae	1763535	S	49	1	50	0.0007542843
Hylemonella gracilis	80880	S	47	3	50	0.0007542843
Janthinobacterium sp. HH102	1537274	S	16	34	50	0.0007542843
Flavobacterium sp. LPB0248	2614441	S	31	19	50	0.0007542843
Flavobacterium columnare	996	S	40	10	50	0.0007542843
Flavobacterium anhuiense	459526	S	35	15	50	0.0007542843
Hydrogenophaga sp. YM1	2806262	S	36	13	49	0.0007391986
Aeromonas sp. ASNIH3	1636608	S	2	47	49	0.0007391986
Kocuria palustris	71999	S	43	6	49	0.0007391986
Anabaena sp. YBS01	2490939	S	3	46	49	0.0007391986
Flavobacterium sp. CLA17	2724135	S	42	7	49	0.0007391986
Variovorax sp. 38R	2774875	S	22	26	48	0.0007241130
Massilia sp. NR 4-1	1678028	S	39	9	48	0.0007241130
Pseudomonas veronii	76761	S	19	29	48	0.0007241130
Novosphingobium resinovorum	158500	S	34	14	48	0.0007241130
Arcobacter suis	1278212	S	43	5	48	0.0007241130
Corynebacterium xerosis	1725	S	40	8	48	0.0007241130
Microcystis aeruginosa	1126	S	41	7	48	0.0007241130
Elizabethkingia bruuniana	1756149	S	13	35	48	0.0007241130
Gemmata obscuriglobus	114	S	45	3	48	0.0007241130
Frigoriglobus tundricola	2774151	S	43	5	48	0.0007241130
Acidovorax antarcticus	2743470	S	33	14	47	0.0007090273
Delftia tsuruhatensis	180282	S	10	37	47	0.0007090273
Massilia violaceinigra	2045208	S	36	11	47	0.0007090273
Xylophilus rhododendri	2697032	S	39	8	47	0.0007090273
Vibrio anguillarum	55601	S	42	5	47	0.0007090273
Caulobacter vibrioides	155892	S	36	11	47	0.0007090273
Epilithonimonas vandammei	2487072	S	24	23	47	0.0007090273
Delftia lacustris	558537	S	8	38	46	0.0006939416
Acinetobacter sp. TTH0-4	1646498	S	41	5	46	0.0006939416
Gordonia bronchialis	2054	S	42	4	46	0.0006939416
Flavobacterium sp. HYN0086	2249356	S	35	11	46	0.0006939416
Hydrogenophaga sp. PAMC20947	2565558	S	44	1	45	0.0006788559
Aureimonas sp. OT7	2816454	S	23	22	45	0.0006788559
Pyruvatibacter mobilis	1712261	S	42	3	45	0.0006788559
Novosphingobium sp. P6W	1609758	S	44	1	45	0.0006788559
Enterocloster clostridioformis	1531	S	13	32	45	0.0006788559
Megamonas funiformis	437897	S	45	0	45	0.0006788559
Flavobacterium haoranii	683124	S	36	9	45	0.0006788559
Pedobacter sp. KBS0701	2578106	S	37	8	45	0.0006788559
Serpentinomonas raichei	1458425	S	36	8	44	0.0006637702
Burkholderia cenocepacia	95486	S	15	29	44	0.0006637702
Citrobacter freundii	546	S	15	29	44	0.0006637702
Salmonella enterica	28901	S	14	30	44	0.0006637702
Mucilaginibacter rubeus	2027860	S	13	31	44	0.0006637702
Comamonas piscis	1562974	S	38	5	43	0.0006486845
Methylibium sp. Pch-M	2082386	S	23	20	43	0.0006486845
Dechloromonas aromatica	259537	S	37	6	43	0.0006486845
Sulfuritalea hydrogenivorans	748811	S	40	3	43	0.0006486845
Cereibacter sphaeroides	1063	S	40	3	43	0.0006486845
Caulobacter segnis	88688	S	34	9	43	0.0006486845
Caulobacter soli	2708539	S	34	9	43	0.0006486845
Corynebacterium tuberculostearicum	38304	S	34	9	43	0.0006486845
Actinoplanes derwentensis	113562	S	40	3	43	0.0006486845
[Ruminococcus] gnavus	33038	S	30	13	43	0.0006486845
Flavobacterium sp. CJ74	2294119	S	42	1	43	0.0006486845
Flavobacterium branchiophilum	55197	S	41	2	43	0.0006486845
Chryseobacterium balustinum	246	S	35	8	43	0.0006486845
Cupriavidus oxalaticus	96344	S	33	9	42	0.0006335988
Undibacterium sp. YM2	2058625	S	35	7	42	0.0006335988
Bradyrhizobium sp.	376	S	16	26	42	0.0006335988
Agrobacterium tumefaciens	358	S	24	18	42	0.0006335988
Sphingomonas wittichii	160791	S	29	13	42	0.0006335988
Gemmobacter sp. HYN0069	2169400	S	37	5	42	0.0006335988
Prochlorococcus marinus	1219	S	35	7	42	0.0006335988
Anatilimnocola aggregata	2528021	S	38	4	42	0.0006335988
Comamonas sp. NLF-7-7	2597701	S	31	10	41	0.0006185132
Janthinobacterium tructae	2590869	S	26	15	41	0.0006185132
Pseudomonas chlororaphis	587753	S	34	7	41	0.0006185132
Bradyrhizobium lablabi	722472	S	17	24	41	0.0006185132
Methylorubrum extorquens	408	S	22	19	41	0.0006185132
Tsukamurella paurometabola	2061	S	36	5	41	0.0006185132
Pedobacter sp. HDW13	2714940	S	37	4	41	0.0006185132
Acidovorax ebreus	721785	S	3	37	40	0.0006034275
Polaromonas vacuolata	37448	S	36	4	40	0.0006034275
Melaminivora sp. SC2-9	2109913	S	27	13	40	0.0006034275
Massilia umbonata	864828	S	29	11	40	0.0006034275
Pseudomonas syringae	317	S	23	17	40	0.0006034275
Serratia marcescens	615	S	18	22	40	0.0006034275
Bosea sp. RAC05	1842539	S	33	7	40	0.0006034275
Tabrizicola piscis	2494374	S	38	2	40	0.0006034275
Roseburia intestinalis	166486	S	26	14	40	0.0006034275
Flavobacterium indicum	312277	S	38	2	40	0.0006034275
Blattabacterium cuenoti	1653831	S	36	4	40	0.0006034275
Sphingobacterium sp. UDSM-2020	2795738	S	35	5	40	0.0006034275
Comamonas serinivorans	1082851	S	34	5	39	0.0005883418
Pulveribacter suum	2116657	S	32	7	39	0.0005883418
Massilia sp. LPB0304	2769491	S	24	15	39	0.0005883418
Duganella sp. GN2-R2	2728020	S	29	10	39	0.0005883418
Pseudomonas psychrotolerans	237610	S	36	3	39	0.0005883418
Rhizobium pusense	648995	S	8	31	39	0.0005883418
Sphingopyxis sp. MG	1866325	S	7	32	39	0.0005883418
Porphyrobacter sp. LM 6	1896196	S	30	9	39	0.0005883418
Rhodococcus sp. YL-1	1045808	S	8	31	39	0.0005883418
Chryseobacterium indoltheticum	254	S	35	4	39	0.0005883418
Janthinobacterium sp. 1_2014MBL_MicDiv	1644131	S	30	8	38	0.0005732561
Sphingopyxis sp. EG6	1874061	S	29	9	38	0.0005732561
Caulobacter rhizosphaerae	2010972	S	31	7	38	0.0005732561
Archangium violaceum	83451	S	30	8	38	0.0005732561
Cutibacterium granulosum	33011	S	35	3	38	0.0005732561
Clavibacter michiganensis	28447	S	30	8	38	0.0005732561
Coprococcus catus	116085	S	31	7	38	0.0005732561
Flavobacterium crocinum	2183896	S	29	9	38	0.0005732561
Massilia armeniaca	2072590	S	24	13	37	0.0005581704
Sphingopyxis macrogoltabida	33050	S	29	8	37	0.0005581704
Sphingobium amiense	135719	S	15	22	37	0.0005581704
Brevundimonas sp. LVF2	2774190	S	35	2	37	0.0005581704
Caulobacter sp. K31	366602	S	31	6	37	0.0005581704
Microbacterium foliorum	104336	S	33	4	37	0.0005581704
Bacillus cereus	1396	S	19	18	37	0.0005581704
Clostridioides difficile	1496	S	33	4	37	0.0005581704
Lacipirellula limnantheis	2528024	S	34	3	37	0.0005581704
Hydrogenophaga sp. PBC	795665	S	23	13	36	0.0005430847
Comamonas kerstersii	225992	S	29	7	36	0.0005430847
Serpentinomonas mccroryi	1458426	S	29	7	36	0.0005430847
Verminephrobacter eiseniae	364317	S	35	1	36	0.0005430847
Polynucleobacter wuianus	1743168	S	29	7	36	0.0005430847
Cupriavidus necator	106590	S	30	6	36	0.0005430847
Achromobacter spanius	217203	S	28	8	36	0.0005430847
Dechloromonas sp. HYN0024	2231055	S	31	5	36	0.0005430847
Sinorhizobium fredii	380	S	20	16	36	0.0005430847
Sphingomonas sp. FARSPH	2219696	S	25	11	36	0.0005430847
Micromonospora aurantiaca	47850	S	8	28	36	0.0005430847
Flavobacterium sp. I3-2	2748319	S	19	17	36	0.0005430847
Flavobacterium crassostreae	1763534	S	31	5	36	0.0005430847
Spirosoma pollinicola	2057025	S	35	1	36	0.0005430847
Flavobacterium phage vB_FspS_filifjonk9-1	2686245	S	9	27	36	0.0005430847
Variovorax sp. PAMC28562	2762323	S	34	1	35	0.0005279990
Diaphorobacter sp. HDW4B	2714925	S	33	2	35	0.0005279990
Enterobacter asburiae	61645	S	12	23	35	0.0005279990
Sphingomonas sanxanigenens	397260	S	26	9	35	0.0005279990
Brevundimonas mediterranea	74329	S	30	5	35	0.0005279990
Caulobacter henricii	69395	S	31	4	35	0.0005279990
Azospirillum brasilense	192	S	15	20	35	0.0005279990
Microbacterium sp. PM5	2014534	S	33	2	35	0.0005279990
Rhodoluna limnophila	232537	S	35	0	35	0.0005279990
Brevibacterium sp. CS2	2575923	S	31	4	35	0.0005279990
Corynebacterium glutamicum	1718	S	5	30	35	0.0005279990
Gemmata massiliana	1210884	S	23	12	35	0.0005279990
Singulisphaera acidiphila	466153	S	28	7	35	0.0005279990
Cupriavidus gilardii	82541	S	8	26	34	0.0005129133
Massilia sp. YMA4	1593482	S	20	14	34	0.0005129133
Achromobacter denitrificans	32002	S	19	15	34	0.0005129133
Azospira restricta	404405	S	26	8	34	0.0005129133
Candidatus Methylopumilus rimovensis	2588535	S	32	2	34	0.0005129133
Xanthomonas hortorum	56454	S	17	17	34	0.0005129133
Enterobacter hormaechei	158836	S	7	27	34	0.0005129133
Sphingopyxis sp. OPL5	2486273	S	31	3	34	0.0005129133
Novosphingobium sp. ABRDHK2	2571749	S	27	7	34	0.0005129133
Brevundimonas vesicularis	41276	S	13	21	34	0.0005129133
Minicystis rosea	888845	S	33	1	34	0.0005129133
Aurantimicrobium sp. MWH-Mo1	1987356	S	33	1	34	0.0005129133
Bacteroides cellulosilyticus	246787	S	32	2	34	0.0005129133
Cupriavidus basilensis	68895	S	23	10	33	0.0004978277
Pseudomonas fragi	296	S	22	11	33	0.0004978277
Pseudomonas palleroniana	191390	S	32	1	33	0.0004978277
Rhodoplanes sp. Z2-YC6860	674703	S	31	2	33	0.0004978277
Novosphingobium sp. THN1	1016987	S	29	4	33	0.0004978277
Haematobacter massiliensis	195105	S	21	12	33	0.0004978277
Caulobacter flavus	1679497	S	28	5	33	0.0004978277
Mycobacterium intracellulare	1767	S	3	30	33	0.0004978277
Streptomyces venezuelae	54571	S	30	3	33	0.0004978277
Massilia albidiflava	321983	S	23	9	32	0.0004827420
Janthinobacterium svalbardensis	368607	S	21	11	32	0.0004827420
Acinetobacter indicus	756892	S	25	7	32	0.0004827420
Stenotrophomonas rhizophila	216778	S	29	3	32	0.0004827420
Sphingomonas sp. MM-1	745310	S	17	15	32	0.0004827420
Novosphingobium ginsenosidimutans	1176536	S	31	1	32	0.0004827420
Microbacterium hominis	162426	S	28	4	32	0.0004827420
Gemmatimonas phototrophica	1379270	S	30	2	32	0.0004827420
Gemmata sp. SH-PL17	1630693	S	20	12	32	0.0004827420
Planctomyces sp. SH-PL62	1636152	S	22	10	32	0.0004827420
Aquisphaera giovannonii	406548	S	27	5	32	0.0004827420
Paludisphaera borealis	1387353	S	25	7	32	0.0004827420
Nibricoccus aquaticus	2576891	S	32	0	32	0.0004827420
Variovorax sp. PBS-H4	434008	S	21	10	31	0.0004676563
Burkholderia gladioli	28095	S	26	5	31	0.0004676563
Alcaligenes faecalis	511	S	24	7	31	0.0004676563
Pseudomonas azotoformans	47878	S	25	6	31	0.0004676563
Acinetobacter haemolyticus	29430	S	25	6	31	0.0004676563
Thermomonas carbonis	1463158	S	30	1	31	0.0004676563
Aeromonas caviae	648	S	9	22	31	0.0004676563
Methylobacterium sp. C1	1479019	S	4	27	31	0.0004676563
Sphingobium sp. KCTC 72723	2733867	S	30	1	31	0.0004676563
Porphyrobacter sp. YT40	2547601	S	18	13	31	0.0004676563
Tsuneonella amylolytica	2338327	S	28	3	31	0.0004676563
Plantibacter sp. PA-3-X8	2480625	S	18	13	31	0.0004676563
Longibaculum sp. KGMB06250	2584943	S	10	21	31	0.0004676563
Geminocystis sp. NIES-3708	1615909	S	27	4	31	0.0004676563
Flavobacterium faecale	1355330	S	29	2	31	0.0004676563
Pedobacter sp. G11	2482728	S	28	3	31	0.0004676563
Methanothrix soehngenii	2223	S	31	0	31	0.0004676563
Variovorax sp. PAMC26660	2762322	S	26	4	30	0.0004525706
Variovorax sp. RA8	662548	S	18	12	30	0.0004525706
Janthinobacterium lividum	29581	S	12	18	30	0.0004525706
Azoarcus communis	41977	S	24	6	30	0.0004525706
Candidatus Methylopumilus turicensis	1581680	S	28	2	30	0.0004525706
Acinetobacter junii	40215	S	26	4	30	0.0004525706
Aeromonas hydrophila	644	S	15	15	30	0.0004525706
Bradyrhizobium ottawaense	931866	S	4	26	30	0.0004525706
Mesorhizobium loti	381	S	13	17	30	0.0004525706
Sphingopyxis fribergensis	1515612	S	25	5	30	0.0004525706
Sphingobium cloacae	120107	S	12	18	30	0.0004525706
Bacteriovorax stolpii	960	S	29	1	30	0.0004525706
Janibacter sp. YB324	2761047	S	17	13	30	0.0004525706
Tsukamurella tyrosinosolvens	57704	S	24	6	30	0.0004525706
Dolichospermum flos-aquae	1166	S	4	26	30	0.0004525706
Spirosoma sp. KUDC1026	2745947	S	29	1	30	0.0004525706
Acidovorax citrulli	80869	S	16	13	29	0.0004374849
Variovorax sp. SRS16	282217	S	9	20	29	0.0004374849
Comamonas koreensis	160825	S	24	5	29	0.0004374849
Ottowia sp. oral taxon 894	1658672	S	27	2	29	0.0004374849
Thiomonas intermedia	926	S	14	15	29	0.0004374849
Nitrosomonas sp. Is79A3	261292	S	29	0	29	0.0004374849
Enterobacter cloacae	550	S	14	15	29	0.0004374849
Caenibius tardaugens	169176	S	12	17	29	0.0004374849
Sphingomonas alpina	653931	S	29	0	29	0.0004374849
Brevundimonas sp. 'scallop'	2562582	S	15	14	29	0.0004374849
Haliangium ochraceum	80816	S	29	0	29	0.0004374849
Rathayibacter festucae	110937	S	17	12	29	0.0004374849
Candidatus Planktophila vernalis	1884907	S	29	0	29	0.0004374849
Schaalia sp. JY-X169	2758572	S	29	0	29	0.0004374849
Mucilaginibacter ginsenosidivorax	862126	S	29	0	29	0.0004374849
Sphingobacterium multivorum	28454	S	13	16	29	0.0004374849
Polynucleobacter paneuropaeus	2527775	S	26	2	28	0.0004223992
Cupriavidus pauculus	82633	S	24	4	28	0.0004223992
Janthinobacterium sp. PLB02	2808899	S	9	19	28	0.0004223992
Aeromonas salmonicida	645	S	7	21	28	0.0004223992
Methylobacterium mesophilicum	39956	S	25	3	28	0.0004223992
Methylobacterium brachiatum	269660	S	22	6	28	0.0004223992
Methylorubrum populi	223967	S	22	6	28	0.0004223992
Methylocystis rosea	173366	S	25	3	28	0.0004223992
Pannonibacter phragmitetus	121719	S	14	14	28	0.0004223992
Sphingomonas sp. Cra20	1327635	S	27	1	28	0.0004223992
Sphingomonas taxi	1549858	S	27	1	28	0.0004223992
Porphyrobacter sp. HT-58-2	2023229	S	24	4	28	0.0004223992
Humibacter sp. BT305	2282656	S	5	23	28	0.0004223992
Nostoc carneum	374162	S	11	17	28	0.0004223992
Cloacibacterium normanense	237258	S	26	2	28	0.0004223992
Runella slithyformis	106	S	27	1	28	0.0004223992
Symmachiella dynata	2527995	S	27	1	28	0.0004223992
Massilia flava	871742	S	23	4	27	0.0004073135
Massilia plicata	321984	S	22	5	27	0.0004073135
Inhella inkyongensis	392593	S	24	3	27	0.0004073135
Bradyrhizobium elkanii	29448	S	1	26	27	0.0004073135
Methylobacterium aquaticum	270351	S	21	6	27	0.0004073135
Sphingomonas sp. AAP5	1523415	S	24	3	27	0.0004073135
Sphingomonas sp. IC081	304378	S	9	18	27	0.0004073135
Sphingomonas panacis	1560345	S	27	0	27	0.0004073135
Rhizorhabdus dicambivorans	1850238	S	15	12	27	0.0004073135
Croceicoccus marinus	450378	S	19	8	27	0.0004073135
Paracoccus sp. Arc7-R13	2500532	S	25	2	27	0.0004073135
Brevundimonas sp. CS1	2813778	S	19	8	27	0.0004073135
Aliarcobacter skirrowii	28200	S	21	6	27	0.0004073135
Agreia sp. COWG	2773266	S	26	1	27	0.0004073135
Corynebacterium jeikeium	38289	S	13	14	27	0.0004073135
Opitutus terrae	107709	S	27	0	27	0.0004073135
Paramecium bursaria Chlorella virus A1	381899	S	27	0	27	0.0004073135
Ralstonia pickettii	329	S	18	8	26	0.0003922279
Ralstonia mannitolilytica	105219	S	16	10	26	0.0003922279
Paraburkholderia sp. SOS3	1926494	S	25	1	26	0.0003922279
Undibacterium parvum	401471	S	24	2	26	0.0003922279
Collimonas fungivorans	158899	S	23	3	26	0.0003922279
Denitratisoma sp. DHT3	1981880	S	16	10	26	0.0003922279
Novosphingobium sp. KA1	164608	S	10	16	26	0.0003922279
Sphingobium hydrophobicum	1673076	S	15	11	26	0.0003922279
Brevundimonas sp. AJA228-03	2752515	S	25	1	26	0.0003922279
Brevundimonas sp. LVF1	2774189	S	22	4	26	0.0003922279
Brevundimonas sp. SGAir0440	2579977	S	20	6	26	0.0003922279
Labilithrix luteola	1391654	S	26	0	26	0.0003922279
Bdellovibrio bacteriovorus	959	S	23	3	26	0.0003922279
Microbacterium oxydans	82380	S	21	5	26	0.0003922279
Flavobacterium kingsejongi	1678728	S	24	2	26	0.0003922279
Flavobacterium nitrogenifigens	1617283	S	17	9	26	0.0003922279
Alistipes onderdonkii	328813	S	25	1	26	0.0003922279
Humisphaera borealis	2807512	S	26	0	26	0.0003922279
Variovorax sp. RKNM96	2681552	S	19	6	25	0.0003771422
Collimonas pratensis	279113	S	22	3	25	0.0003771422
Azoarcus sp. DD4	2027405	S	18	7	25	0.0003771422
Pseudoxanthomonas mexicana	128785	S	19	6	25	0.0003771422
Klebsiella sp. WP3-W18-ESBL-02	2675710	S	2	23	25	0.0003771422
Rheinheimera sp. LHK132	2498451	S	25	0	25	0.0003771422
Brevundimonas sp. LM2	1938605	S	24	1	25	0.0003771422
Phenylobacterium zucineum	284016	S	22	3	25	0.0003771422
Rhodospirillum centenum	34018	S	21	4	25	0.0003771422
Niveispirillum cyanobacteriorum	1612173	S	22	3	25	0.0003771422
Sandaracinus amylolyticus	927083	S	25	0	25	0.0003771422
Lactiplantibacillus plantarum	1590	S	10	15	25	0.0003771422
Leptolyngbya sp. O-77	1080068	S	10	15	25	0.0003771422
Olleya aquimaris	639310	S	18	7	25	0.0003771422
Paludibacter propionicigenes	185300	S	25	0	25	0.0003771422
Runella sp. HYN0085	2259595	S	24	1	25	0.0003771422
Aquirufa nivalisilvae	2516557	S	25	0	25	0.0003771422
Candidatus Methylopumilus universalis	2588536	S	21	3	24	0.0003620565
Methylomonas sp. LL1	2785785	S	24	0	24	0.0003620565
Methylobacterium sp. 17Sr1-43	2202828	S	21	3	24	0.0003620565
Sphingomonas sp. NBWT7	2596913	S	21	3	24	0.0003620565
Sphingomonas sp. CL5.1	2653203	S	21	3	24	0.0003620565
Sphingopyxis sp. PAMC25046	2565556	S	19	5	24	0.0003620565
Sphingopyxis terrae	33052	S	20	4	24	0.0003620565
Novosphingobium aromaticivorans	48935	S	20	4	24	0.0003620565
Terricaulis silvestris	2686094	S	24	0	24	0.0003620565
Myxococcus xanthus	34	S	17	7	24	0.0003620565
Brevibacterium casei	33889	S	21	3	24	0.0003620565
Actinoplanes sp. N902-109	649831	S	16	8	24	0.0003620565
Actinosynnema pretiosum	42197	S	6	18	24	0.0003620565
Staphylococcus hominis	1290	S	21	3	24	0.0003620565
Lactobacillus helveticus	1587	S	20	4	24	0.0003620565
Enterococcus faecium	1352	S	14	10	24	0.0003620565
Lacrimispora saccharolytica	84030	S	19	5	24	0.0003620565
Fischerella sp. NIES-3754	1752063	S	16	8	24	0.0003620565
Tautonia plasticadhaerens	2527974	S	23	1	24	0.0003620565
Ralstonia insidiosa	190721	S	17	6	23	0.0003469708
Pandoraea pnomenusa	93220	S	15	8	23	0.0003469708
Massilia lutea	321985	S	18	5	23	0.0003469708
Achromobacter deleyi	1353891	S	8	15	23	0.0003469708
Sterolibacterium denitrificans	157592	S	19	4	23	0.0003469708
Sulfuritortus calidifontis	1914471	S	18	5	23	0.0003469708
Cellvibrio sp. KY-GH-1	2303332	S	21	2	23	0.0003469708
Bradyrhizobium canariense	255045	S	22	1	23	0.0003469708
Bosea sp. ANAM02	2020412	S	18	5	23	0.0003469708
Afipia sp. GAS231	1882747	S	12	11	23	0.0003469708
Methylobacterium sp. 4-46	426117	S	21	2	23	0.0003469708
Sphingomonas koreensis	93064	S	16	7	23	0.0003469708
Sphingobium yanoikuyae	13690	S	10	13	23	0.0003469708
Brevundimonas sp. Bb-A	2560058	S	9	14	23	0.0003469708
Caulobacter mirabilis	69666	S	21	2	23	0.0003469708
Blautia hansenii	1322	S	16	7	23	0.0003469708
Chryseobacterium sp. NEB161	2724619	S	15	8	23	0.0003469708
Pedobacter sp. SW-16	2766984	S	20	3	23	0.0003469708
Mucilaginibacter xinganensis	1234841	S	23	0	23	0.0003469708
Mucilaginibacter celer	2305508	S	23	0	23	0.0003469708
Lacipirellula parvula	2650471	S	21	2	23	0.0003469708
Roseimicrobium sp. ORNL1	2711231	S	21	2	23	0.0003469708
Diaphorobacter ruginosibacter	1715720	S	20	2	22	0.0003318851
Herbaspirillum robiniae	2014887	S	17	5	22	0.0003318851
Noviherbaspirillum sp. UKPF54	2601898	S	20	2	22	0.0003318851
Acinetobacter wuhouensis	1879050	S	17	5	22	0.0003318851
Raoultella ornithinolytica	54291	S	7	15	22	0.0003318851
Pantoea agglomerans	549	S	20	2	22	0.0003318851
Providencia rettgeri	587	S	10	12	22	0.0003318851
Sphingopyxis sp. QXT-31	1357916	S	19	3	22	0.0003318851
Sphingopyxis sp. 113P3	292913	S	17	5	22	0.0003318851
Novosphingobium sp. ES2-1	2780074	S	18	4	22	0.0003318851
Sphingobium sp. YG1	2082188	S	17	5	22	0.0003318851
Sphingobium sp. TKS	1315974	S	10	12	22	0.0003318851
Defluviimonas alba	1335048	S	17	5	22	0.0003318851
Confluentimicrobium sp. EMB200-NS6	1609966	S	12	10	22	0.0003318851
Brevundimonas vancanneytii	1325724	S	7	15	22	0.0003318851
Nitrospirillum amazonense	28077	S	20	2	22	0.0003318851
Roseomonas sp. FDAARGOS_362	2018065	S	7	15	22	0.0003318851
Protaetiibacter intestinalis	2419774	S	19	3	22	0.0003318851
Corynebacterium segmentosum	43990	S	21	1	22	0.0003318851
Corynebacterium efficiens	152794	S	21	1	22	0.0003318851
Actinomarinicola tropica	2789776	S	22	0	22	0.0003318851
Clostridium saccharoperbutylacetonicum	36745	S	22	0	22	0.0003318851
Clostridium beijerinckii	1520	S	14	8	22	0.0003318851
Ruminococcus bicirculans	1160721	S	21	1	22	0.0003318851
Cyanobacterium aponinum	379064	S	19	3	22	0.0003318851
Pedobacter sp. JBR3-12	2789740	S	21	1	22	0.0003318851
Pirellula sp. SH-Sr6A	1632865	S	22	0	22	0.0003318851
Akkermansia muciniphila	239935	S	20	2	22	0.0003318851
Delftia sp. Cs1-4	742013	S	7	14	21	0.0003167994
Paraburkholderia xenovorans	36873	S	12	9	21	0.0003167994
Janthinobacterium sp. LM6	1938606	S	14	7	21	0.0003167994
Herbaspirillum rubrisubalbicans	80842	S	15	6	21	0.0003167994
Collimonas arenae	279058	S	19	2	21	0.0003167994
Bordetella genomosp. 13	463040	S	15	6	21	0.0003167994
Bordetella petrii	94624	S	11	10	21	0.0003167994
Methylotenera mobilis	359408	S	20	1	21	0.0003167994
Methylotenera versatilis	1055487	S	20	1	21	0.0003167994
Usitatibacter rugosus	2732067	S	21	0	21	0.0003167994
Casimicrobium huifangae	2591109	S	17	4	21	0.0003167994
Psychrobacter sp. G	571800	S	6	15	21	0.0003167994
Lysobacter solisilvae	2763317	S	19	2	21	0.0003167994
Tardiphaga sp. vice304	2592817	S	3	18	21	0.0003167994
Rhizobium etli	29449	S	9	12	21	0.0003167994
Methylobacterium sp. WL1	2603276	S	19	2	21	0.0003167994
Devosia sp. A16	1736675	S	20	1	21	0.0003167994
Labrys sp. KNU-23	2789216	S	20	1	21	0.0003167994
Brucella anthropi	529	S	5	16	21	0.0003167994
Phaeobacter gallaeciensis	60890	S	13	8	21	0.0003167994
Microbacterium paraoxydans	199592	S	3	18	21	0.0003167994
Mycolicibacterium helvum	1534349	S	20	1	21	0.0003167994
Actinoplanes teichomyceticus	1867	S	17	4	21	0.0003167994
Nonomuraea sp. ATCC 55076	1909395	S	20	1	21	0.0003167994
Streptococcus salivarius	1304	S	14	7	21	0.0003167994
Muricauda sp. 501str8	2698672	S	14	7	21	0.0003167994
Empedobacter brevis	247	S	17	4	21	0.0003167994
Pedobacter cryoconitis	188932	S	21	0	21	0.0003167994
Burkholderia contaminans	488447	S	12	8	20	0.0003017137
Burkholderia anthina	179879	S	11	9	20	0.0003017137
Cupriavidus malaysiensis	367825	S	4	16	20	0.0003017137
Janthinobacterium sp. Marseille	375286	S	16	4	20	0.0003017137
Bordetella parapertussis	519	S	4	16	20	0.0003017137
Aquitalea sp. USM4	1590041	S	12	8	20	0.0003017137
Dechloromonas sp. TW-R-39-2	2654218	S	18	2	20	0.0003017137
Candidatus Methylopumilus planktonicus	1581557	S	17	3	20	0.0003017137
Pseudomonas fulva	47880	S	16	4	20	0.0003017137
Pseudomonas protegens	380021	S	19	1	20	0.0003017137
Pseudomonas syringae group genomosp. 3	251701	S	4	16	20	0.0003017137
Methylobacterium oryzae	334852	S	1	19	20	0.0003017137
Microvirga sp. VF16	2807101	S	18	2	20	0.0003017137
Hyphomicrobium sp. MC1	717785	S	17	3	20	0.0003017137
Xanthobacter sp. YN2	2528964	S	16	4	20	0.0003017137
Martelella sp. AD-3	686597	S	8	12	20	0.0003017137
Sphingomonas hengshuiensis	1609977	S	20	0	20	0.0003017137
Sphingomonas paucimobilis	13689	S	16	4	20	0.0003017137
Sphingopyxis lindanitolerans	2054227	S	17	3	20	0.0003017137
Erythrobacter neustonensis	1112	S	18	2	20	0.0003017137
Rhodobacter blasticus	1075	S	20	0	20	0.0003017137
Brevundimonas sp. M20	2591463	S	19	1	20	0.0003017137
Stella humosa	94	S	19	1	20	0.0003017137
Arcobacter venerupis	1054033	S	18	2	20	0.0003017137
Herbiconiux sp. SALV-R1	2735133	S	19	1	20	0.0003017137
Rothia amarae	169480	S	14	6	20	0.0003017137
Rhodococcus fascians	1828	S	18	2	20	0.0003017137
Streptomyces sp. GBA 94-10	1218177	S	1	19	20	0.0003017137
Candidatus Nanopelagicus limnes	1884634	S	19	1	20	0.0003017137
Jeotgalibaca porci	1868793	S	16	4	20	0.0003017137
Clostridium perfringens	1502	S	19	1	20	0.0003017137
Capnocytophaga canimorsus	28188	S	17	3	20	0.0003017137
Olleya sp. Bg11-27	2058135	S	9	11	20	0.0003017137
Fluviicola taffensis	191579	S	20	0	20	0.0003017137
Haliscomenobacter hydrossis	2350	S	20	0	20	0.0003017137
Proteus virus Isfahan	2560650	S	20	0	20	0.0003017137
Comamonas thiooxydans	363952	S	8	11	19	0.0002866280
Diaphorobacter polyhydroxybutyrativorans	1546149	S	2	17	19	0.0002866280
Cupriavidus pinatubonensis	248026	S	13	6	19	0.0002866280
Thauera aromatica	59405	S	9	10	19	0.0002866280
Azospira sp. I09	1765049	S	7	12	19	0.0002866280
Acinetobacter pittii	48296	S	9	10	19	0.0002866280
Pantoea vagans	470934	S	8	11	19	0.0002866280
Bradyrhizobium sp. BTAi1	288000	S	17	2	19	0.0002866280
Agrobacterium rhizogenes	359	S	12	7	19	0.0002866280
Sinorhizobium meliloti	382	S	16	3	19	0.0002866280
Methylobacterium indicum	1775910	S	14	5	19	0.0002866280
Mesorhizobium ciceri	39645	S	9	10	19	0.0002866280
Novosphingobium sp. PP1Y	702113	S	13	6	19	0.0002866280
Croceicoccus naphthovorans	1348774	S	8	11	19	0.0002866280
Brevundimonas sp. DS20	1532555	S	7	12	19	0.0002866280
Microbacterium sp. BH-3-3-3	1906742	S	18	1	19	0.0002866280
Leifsonia xyli	1575	S	18	1	19	0.0002866280
Dermacoccus sp. PAMC28757	2762331	S	18	1	19	0.0002866280
Rhodococcus sp. AQ5-07	2054902	S	5	14	19	0.0002866280
Lentzea guizhouensis	1586287	S	18	1	19	0.0002866280
Actinomyces oris	544580	S	12	7	19	0.0002866280
Actinomadura verrucosospora	46165	S	15	4	19	0.0002866280
Brevibacillus laterosporus	1465	S	7	12	19	0.0002866280
Streptococcus equinus	1335	S	15	4	19	0.0002866280
Blautia producta	33035	S	9	10	19	0.0002866280
Acaryochloris marina	155978	S	19	0	19	0.0002866280
Kordia antarctica	1218801	S	18	1	19	0.0002866280
Kaistella jeonii	266749	S	19	0	19	0.0002866280
Lacibacter sp. S13-6-6	2760713	S	19	0	19	0.0002866280
Niastella koreensis	354356	S	18	1	19	0.0002866280
Gemmatimonas sp. TET16	2732249	S	19	0	19	0.0002866280
Lignipirellula cremea	2528010	S	17	2	19	0.0002866280
Caulifigura coniformis	2527983	S	19	0	19	0.0002866280
Paraburkholderia acidisoli	2571748	S	17	1	18	0.0002715424
Herbaspirillum hiltneri	341045	S	16	2	18	0.0002715424
Bordetella bronchiseptica	518	S	4	14	18	0.0002715424
Azoarcus pumilus	2067960	S	16	2	18	0.0002715424
Candidatus Accumulibacter phosphatis	327160	S	18	0	18	0.0002715424
Pseudomonas koreensis	198620	S	16	2	18	0.0002715424
Pseudoxanthomonas suwonensis	314722	S	16	2	18	0.0002715424
Serratia fonticola	47917	S	16	2	18	0.0002715424
Proteus vulgaris	585	S	7	11	18	0.0002715424
Cellvibrio sp. KY-YJ-3	454662	S	15	3	18	0.0002715424
Shinella sp. HZN7	879274	S	10	8	18	0.0002715424
Kaistia sp. 32K	2795690	S	16	2	18	0.0002715424
Methylobacterium sp. DM1	2067957	S	4	14	18	0.0002715424
Microvirga ossetica	1882682	S	16	2	18	0.0002715424
Mesorhizobium sp. 131-3-5	2744520	S	4	14	18	0.0002715424
Hyphomicrobium denitrificans	53399	S	15	3	18	0.0002715424
Sphingomonas sp. AP4-R1	2735134	S	18	0	18	0.0002715424
Sphingomonas sp. C8-2	2492837	S	11	7	18	0.0002715424
Sphingobium sp. SYK-6	627192	S	15	3	18	0.0002715424
Sphingobium herbicidovorans	76947	S	11	7	18	0.0002715424
Tardibacter chloracetimidivorans	1921510	S	11	7	18	0.0002715424
Brevundimonas sp. GW460-12-10-14-LB2	1827469	S	10	8	18	0.0002715424
Caulobacter sp. FWC26	69665	S	13	5	18	0.0002715424
Magnetospirillum magneticum	84159	S	16	2	18	0.0002715424
Nocardioides sp. S5	2017486	S	14	4	18	0.0002715424
Nocardioides sp. CF8	110319	S	14	4	18	0.0002715424
Pimelobacter simplex	2045	S	15	3	18	0.0002715424
Microbacterium sp. Y-01	2048898	S	15	3	18	0.0002715424
Brevibacterium linens	1703	S	13	5	18	0.0002715424
Rhodococcus opacus	37919	S	15	3	18	0.0002715424
Streptomyces albus	1888	S	17	1	18	0.0002715424
Candidatus Planktophila limnetica	573600	S	18	0	18	0.0002715424
Geodermatophilus obscurus	1861	S	16	2	18	0.0002715424
Catenulispora acidiphila	304895	S	18	0	18	0.0002715424
Lactococcus cremoris	1359	S	15	3	18	0.0002715424
Peptacetobacter hiranonis	89152	S	17	1	18	0.0002715424
Faecalibacillus intestinalis	1982626	S	6	12	18	0.0002715424
Nostoc flagelliforme	1306274	S	12	6	18	0.0002715424
Trichormus azollae	1164	S	17	1	18	0.0002715424
Euzebyella marina	1761453	S	11	7	18	0.0002715424
Pedobacter suwonensis	332999	S	15	3	18	0.0002715424
Verrucomicrobium sp. GAS474	1882831	S	18	0	18	0.0002715424
Pandoraea thiooxydans	445709	S	17	0	17	0.0002564567
Bordetella genomosp. 9	1416803	S	15	2	17	0.0002564567
Laribacter hongkongensis	168471	S	13	4	17	0.0002564567
Crenobacter cavernae	2290923	S	15	2	17	0.0002564567
Pseudomonas viridiflava	33069	S	17	0	17	0.0002564567
Acinetobacter sp. CS-2	2798861	S	13	4	17	0.0002564567
Acinetobacter guillouiae	106649	S	15	2	17	0.0002564567
Lysobacter arenosi	2795387	S	15	2	17	0.0002564567
Aeromonas veronii	654	S	13	4	17	0.0002564567
Haemophilus parainfluenzae	729	S	16	1	17	0.0002564567
Candidatus Rickettsiella viridis	676208	S	17	0	17	0.0002564567
Steroidobacter denitrificans	465721	S	16	1	17	0.0002564567
Bradyrhizobium sp. ORS 285	115808	S	15	2	17	0.0002564567
Bradyrhizobium sp. 6(2017)	1197460	S	15	2	17	0.0002564567
Bradyrhizobium icense	1274631	S	16	1	17	0.0002564567
Pseudolabrys sp. FHR47	2562284	S	16	1	17	0.0002564567
Sphingopyxis granuli	267128	S	4	13	17	0.0002564567
Novosphingobium sp. Gsoil 351	2675225	S	17	0	17	0.0002564567
Sphingobium sp. RSMS	520734	S	3	14	17	0.0002564567
Porphyrobacter sp. CACIAM 03H1	2003315	S	14	3	17	0.0002564567
Altererythrobacter sp. B11	2060312	S	15	2	17	0.0002564567
Phaeobacter inhibens	221822	S	12	5	17	0.0002564567
Brevundimonas naejangsanensis	588932	S	15	2	17	0.0002564567
Azospirillum ramasamyi	682998	S	10	7	17	0.0002564567
Roseococcus sp. NIBR12	2771361	S	17	0	17	0.0002564567
Nocardioides sp. S-713	2760089	S	14	3	17	0.0002564567
Nocardioides marinisabuli	419476	S	12	5	17	0.0002564567
Agrococcus jejuensis	399736	S	15	2	17	0.0002564567
Janibacter limosus	53458	S	16	1	17	0.0002564567
Corynebacterium bovis	36808	S	17	0	17	0.0002564567
Rhodococcus sp. 008	1723645	S	3	14	17	0.0002564567
Nocardia brasiliensis	37326	S	16	1	17	0.0002564567
Euzebya sp. DY32-46	1608957	S	17	0	17	0.0002564567
Chondrocystis sp. NIES-4102	2005460	S	13	4	17	0.0002564567
Zunongwangia profunda	398743	S	9	8	17	0.0002564567
Chryseobacterium indologenes	253	S	14	3	17	0.0002564567
Bacteroides sp. CACC 737	2755405	S	6	11	17	0.0002564567
Bacteroides caccae	47678	S	17	0	17	0.0002564567
Pedobacter sp. CJ43	2605747	S	17	0	17	0.0002564567
Sphingobacterium sp. ML3W	1538644	S	16	1	17	0.0002564567
Runella sp. SP2	2268026	S	17	0	17	0.0002564567
Cytophaga hutchinsonii	985	S	17	0	17	0.0002564567
Panacibacter ginsenosidivorans	1813871	S	17	0	17	0.0002564567
Planctomyces sp. SH-PL14	1632864	S	17	0	17	0.0002564567
Polynucleobacter sp. LimPoW16	1743162	S	16	0	16	0.0002413710
Burkholderia vietnamiensis	60552	S	4	12	16	0.0002413710
Cupriavidus sp. USMAA2-4	876364	S	3	13	16	0.0002413710
Lautropia mirabilis	47671	S	15	1	16	0.0002413710
Herbaspirillum sp. meg3	2025949	S	15	1	16	0.0002413710
Herbaspirillum huttiense	863372	S	11	5	16	0.0002413710
Achromobacter sp. AONIH1	1758194	S	9	7	16	0.0002413710
Pigmentiphaga sp. H8	2488560	S	15	1	16	0.0002413710
Microvirgula aerodenitrificans	57480	S	15	1	16	0.0002413710
Azoarcus sp. M9-3-2	2016596	S	15	1	16	0.0002413710
Aromatoleum bremense	76115	S	11	5	16	0.0002413710
Oryzomicrobium terrae	1735038	S	15	1	16	0.0002413710
Pseudomonas sp. CFSAN084952	2664899	S	5	11	16	0.0002413710
Pseudomonas synxantha	47883	S	12	4	16	0.0002413710
Acinetobacter sp. NCu2D-2	1608473	S	15	1	16	0.0002413710
Acinetobacter sp. WCHAc010034	1879049	S	13	3	16	0.0002413710
Acinetobacter sp. 10FS3-1	2563897	S	12	4	16	0.0002413710
Stenotrophomonas acidaminiphila	128780	S	8	8	16	0.0002413710
Rhodanobacter denitrificans	666685	S	14	2	16	0.0002413710
Luteibacter pinisoli	2589080	S	15	1	16	0.0002413710
Ahniella affigens	2021234	S	16	0	16	0.0002413710
Enterobacter ludwigii	299767	S	5	11	16	0.0002413710
Bradyrhizobium sp. CCBAU 051011	858422	S	15	1	16	0.0002413710
Bradyrhizobium oligotrophicum	44255	S	15	1	16	0.0002413710
Mesorhizobium sp. N3	675281	S	14	2	16	0.0002413710
Sphingomonas sp. MK52	2711156	S	16	0	16	0.0002413710
Sphingomonas sp. NIC1	1961362	S	8	8	16	0.0002413710
Sphingopyxis alaskensis	117207	S	15	1	16	0.0002413710
Qipengyuania flava	192812	S	11	5	16	0.0002413710
Sagittula sp. P11	2009329	S	9	7	16	0.0002413710
Brevundimonas diminuta	293	S	7	9	16	0.0002413710
Azospirillum thermophilum	2202148	S	14	2	16	0.0002413710
Tistrella mobilis	171437	S	12	4	16	0.0002413710
Roseomonas mucosa	207340	S	4	12	16	0.0002413710
Phreatobacter stygius	1940610	S	15	1	16	0.0002413710
Micropruina glycogenica	75385	S	15	1	16	0.0002413710
Rathayibacter sp. VKM Ac-2759	2609252	S	14	2	16	0.0002413710
Arthrobacter alpinus	656366	S	10	6	16	0.0002413710
Brevibacterium aurantiacum	273384	S	12	4	16	0.0002413710
Mycolicibacterium phocaicum	319706	S	14	2	16	0.0002413710
Mycolicibacterium boenickei	146017	S	6	10	16	0.0002413710
Gordonia sp. 135	2676309	S	8	8	16	0.0002413710
Streptomyces bingchenggensis	379067	S	16	0	16	0.0002413710
Actinoplanes sp. OR16	946334	S	8	8	16	0.0002413710
Amycolatopsis methanolica	1814	S	14	2	16	0.0002413710
Paenibacillus polymyxa	1406	S	6	10	16	0.0002413710
Flavobacterium album	2175091	S	16	0	16	0.0002413710
Winogradskyella forsetii	2686077	S	11	5	16	0.0002413710
Tenacibaculum jejuense	584609	S	16	0	16	0.0002413710
Tenacibaculum todarodis	1850252	S	13	3	16	0.0002413710
Maribacter cobaltidurans	1178778	S	9	7	16	0.0002413710
Algibacter sp. L1A34	2686365	S	11	5	16	0.0002413710
Urechidicola croceus	1850246	S	10	6	16	0.0002413710
Chryseobacterium gleum	250	S	9	7	16	0.0002413710
Empedobacter falsenii	343874	S	11	5	16	0.0002413710
Bacteroides eggerthii	28111	S	14	2	16	0.0002413710
Prevotella sp. WR041	2801997	S	16	0	16	0.0002413710
Pedobacter heparinus	984	S	16	0	16	0.0002413710
Sphingobacterium sp. 21	743722	S	2	14	16	0.0002413710
Spirosoma sp. PL0136	2710596	S	16	0	16	0.0002413710
Adhaeribacter swui	2086471	S	16	0	16	0.0002413710
Gimesia panareensis	2527978	S	15	1	16	0.0002413710
Candidatus Solibacter usitatus	332163	S	16	0	16	0.0002413710
Luteitalea pratensis	1855912	S	16	0	16	0.0002413710
Methanosarcina mazei	2209	S	16	0	16	0.0002413710
Candidatus Nitrosotalea okcheonensis	1903276	S	16	0	16	0.0002413710
Paraburkholderia phymatum	148447	S	13	2	15	0.0002262853
Pandoraea apista	93218	S	12	3	15	0.0002262853
Thauera sp. K11	2005884	S	11	4	15	0.0002262853
Thauera humireducens	1134435	S	12	3	15	0.0002262853
Sulfurimicrobium lacus	2715678	S	14	1	15	0.0002262853
Pseudomonas sp. URMO17WK12:I11	1283291	S	11	4	15	0.0002262853
Pseudomonas extremaustralis	359110	S	14	1	15	0.0002262853
Acinetobacter wanghuae	2662362	S	15	0	15	0.0002262853
Acinetobacter piscicola	2006115	S	12	3	15	0.0002262853
Psychrobacter sp. P11G5	1699624	S	5	10	15	0.0002262853
Arenimonas daejeonensis	370777	S	15	0	15	0.0002262853
Serratia liquefaciens	614	S	9	6	15	0.0002262853
Rahnella aquatilis	34038	S	5	10	15	0.0002262853
Thioalkalivibrio sulfidiphilus	1033854	S	12	3	15	0.0002262853
Beggiatoa leptomitoformis	288004	S	15	0	15	0.0002262853
Bosea sp. Tri-49	1867715	S	13	2	15	0.0002262853
Variibacter gotjawalensis	1333996	S	15	0	15	0.0002262853
Methylobacterium durans	2202825	S	14	1	15	0.0002262853
Methylobacterium radiotolerans	31998	S	3	12	15	0.0002262853
Methylobacterium phyllosphaerae	418223	S	3	12	15	0.0002262853
Mesorhizobium sp. Pch-S	2082387	S	14	1	15	0.0002262853
Hyphomicrobium nitrativorans	1427356	S	15	0	15	0.0002262853
Pseudolabrys taiwanensis	331696	S	14	1	15	0.0002262853
Chelatococcus sp. CO-6	1702325	S	10	5	15	0.0002262853
Sphingomonas sp. DH-S5	2759526	S	15	0	15	0.0002262853
Sphingomonas sp. LK11	1390395	S	14	1	15	0.0002262853
Erythrobacter sp. 6D36	2782568	S	14	1	15	0.0002262853
Paracoccus zhejiangensis	1077935	S	13	2	15	0.0002262853
Sulfitobacter sp. THAF37	2587855	S	9	6	15	0.0002262853
Brevundimonas subvibrioides	74313	S	14	1	15	0.0002262853
Magnetospirillum gryphiswaldense	55518	S	15	0	15	0.0002262853
Hypericibacter adhaerens	2602016	S	14	1	15	0.0002262853
Roseomonas sp. 546	2768162	S	13	2	15	0.0002262853
Pyxidicoccus sp. SCPEA002	2813578	S	14	1	15	0.0002262853
Desulfovibrio magneticus	184917	S	7	8	15	0.0002262853
Geobacter sp. M18	443143	S	11	4	15	0.0002262853
Nocardioides euryhalodurans	2518370	S	13	2	15	0.0002262853
Microbacterium sp. No. 7	1714373	S	13	2	15	0.0002262853
Microbacterium oleivorans	273677	S	14	1	15	0.0002262853
Leifsonia shinshuensis	150026	S	13	2	15	0.0002262853
Cellulomonas flavigena	1711	S	14	1	15	0.0002262853
Brachybacterium sp. SGAir0954	2571029	S	14	1	15	0.0002262853
Kytococcus sedentarius	1276	S	14	1	15	0.0002262853
Corynebacterium resistens	258224	S	11	4	15	0.0002262853
Gordonia polyisoprenivorans	84595	S	15	0	15	0.0002262853
Gordonia terrae	2055	S	12	3	15	0.0002262853
Streptomyces sp. SUK 48	2582831	S	11	4	15	0.0002262853
Streptomyces sp. RLB1-33	2721243	S	10	5	15	0.0002262853
Streptomyces alboniger	132473	S	14	1	15	0.0002262853
Streptomyces mobaraensis	35621	S	14	1	15	0.0002262853
Actinoplanes friuliensis	196914	S	14	1	15	0.0002262853
Bifidobacterium catenulatum	1686	S	13	2	15	0.0002262853
Jiangella alkaliphila	419479	S	14	1	15	0.0002262853
Jiangella sp. DSM 45060	1798224	S	14	1	15	0.0002262853
Olsenella timonensis	1805478	S	13	2	15	0.0002262853
Ilumatobacter coccineus	467094	S	15	0	15	0.0002262853
Baekduia soli	496014	S	15	0	15	0.0002262853
Conexibacter woesei	191495	S	15	0	15	0.0002262853
Bacillus circulans	1397	S	15	0	15	0.0002262853
Streptococcus oralis	1303	S	13	2	15	0.0002262853
Lactococcus raffinolactis	1366	S	14	1	15	0.0002262853
Roseburia hominis	301301	S	11	4	15	0.0002262853
Enterocloster bolteae	208479	S	13	2	15	0.0002262853
Anabaena sp. 90	46234	S	2	13	15	0.0002262853
Winogradskyella helgolandensis	2697010	S	13	2	15	0.0002262853
Myroides fluvii	2572594	S	14	1	15	0.0002262853
Cellulophaga lytica	979	S	13	2	15	0.0002262853
Kordia sp. SMS9	2282170	S	14	1	15	0.0002262853
Mariniflexile sp. TRM1-10	2027857	S	15	0	15	0.0002262853
Chryseobacterium sp. 3008163	2478663	S	14	1	15	0.0002262853
Elizabethkingia anophelis	1117645	S	7	8	15	0.0002262853
Aquiflexum balticum	280473	S	14	1	15	0.0002262853
Bernardetia litoralis	999	S	15	0	15	0.0002262853
Flavihumibacter sp. SB-02	2676868	S	14	1	15	0.0002262853
Roseimaritima ulvae	980254	S	15	0	15	0.0002262853
Bremerella volcania	2527984	S	14	1	15	0.0002262853
Burkholderia ubonensis	101571	S	5	9	14	0.0002111996
Cupriavidus campinensis	151783	S	11	3	14	0.0002111996
Achromobacter sp. B7	2282475	S	12	2	14	0.0002111996
Aromatoleum aromaticum	551760	S	10	4	14	0.0002111996
Pseudomonas sp. FDAARGOS_761	2545800	S	1	13	14	0.0002111996
Pseudomonas litoralis	797277	S	14	0	14	0.0002111996
Pseudomonas psychrophila	122355	S	14	0	14	0.0002111996
Oblitimonas alkaliphila	1697053	S	13	1	14	0.0002111996
Acinetobacter baylyi	202950	S	14	0	14	0.0002111996
Acinetobacter ursingii	108980	S	11	3	14	0.0002111996
Psychrobacter sp. P11G3	1699623	S	11	3	14	0.0002111996
Xanthomonas oryzae	347	S	13	1	14	0.0002111996
Proteus mirabilis	584	S	10	4	14	0.0002111996
Halomonas titanicae	664683	S	3	11	14	0.0002111996
Pseudoalteromonas nigrifaciens	28109	S	4	10	14	0.0002111996
Cellvibrio sp. PSBB023	1945512	S	13	1	14	0.0002111996
Legionella pneumophila	446	S	11	3	14	0.0002111996
Bradyrhizobium sp. WSM471	319017	S	4	10	14	0.0002111996
Bradyrhizobium arachidis	858423	S	12	2	14	0.0002111996
Bosea sp. PAMC 26642	1792307	S	13	1	14	0.0002111996
Tardiphaga robiniae	943830	S	13	1	14	0.0002111996
Neorhizobium sp. NCHU2750	1825976	S	12	2	14	0.0002111996
Neorhizobium galegae	399	S	14	0	14	0.0002111996
Mesorhizobium sp. L-8-10	2744523	S	5	9	14	0.0002111996
Blastochloris viridis	1079	S	13	1	14	0.0002111996
Ancylobacter pratisalsi	1745854	S	12	2	14	0.0002111996
Ancylobacter sp. TS-1	1850374	S	11	3	14	0.0002111996
Sphingomonas sp. C33	2698679	S	14	0	14	0.0002111996
Sphingobium sp. MI1205	407020	S	6	8	14	0.0002111996
Sphingobium baderi	1332080	S	6	8	14	0.0002111996
Sphingosinithalassobacter sp. CS137	2762748	S	13	1	14	0.0002111996
Sulfitobacter pseudonitzschiae	1402135	S	11	3	14	0.0002111996
Rhodobacter capsulatus	1061	S	14	0	14	0.0002111996
Celeribacter ethanolicus	1758178	S	10	4	14	0.0002111996
Arcobacter defluvii	873191	S	13	1	14	0.0002111996
Chondromyces crocatus	52	S	14	0	14	0.0002111996
Corallococcus macrosporus	35	S	7	7	14	0.0002111996
Nocardioides sp. S-1144	2582905	S	12	2	14	0.0002111996
Nocardioides mesophilus	433659	S	13	1	14	0.0002111996
Microbacterium sp. ABRD_28	2268461	S	14	0	14	0.0002111996
Arthrobacter sp. ZXY-2	1806905	S	1	13	14	0.0002111996
Mycolicibacterium frederiksbergense	117567	S	11	3	14	0.0002111996
Mycobacteroides abscessus	36809	S	9	5	14	0.0002111996
Corynebacterium sp. L2-79-05	373068	S	1	13	14	0.0002111996
Corynebacterium variabile	1727	S	11	3	14	0.0002111996
Nocardia terpenica	455432	S	14	0	14	0.0002111996
Streptomyces sp. CC0208	2306165	S	1	13	14	0.0002111996
Streptomyces xinghaiensis	1038928	S	13	1	14	0.0002111996
Streptomyces griseochromogenes	68214	S	13	1	14	0.0002111996
Streptomyces chartreusis	1969	S	13	1	14	0.0002111996
Actinomadura sp. NAK00032	2742128	S	12	2	14	0.0002111996
Nakamurella multipartita	53461	S	14	0	14	0.0002111996
Conexibacter sp. SYSU D00693	2812560	S	14	0	14	0.0002111996
Coprococcus sp. ART55/1	751585	S	12	2	14	0.0002111996
Amedibacterium intestinale	2583452	S	10	4	14	0.0002111996
Faecalitalea cylindroides	39483	S	9	5	14	0.0002111996
Planktothrix agardhii	1160	S	9	5	14	0.0002111996
Candidatus Atelocyanobacterium thalassa	713887	S	12	2	14	0.0002111996
Calothrix sp. NIES-2100	1954172	S	7	7	14	0.0002111996
Calothrix parietina	32054	S	13	1	14	0.0002111996
Meiothermus silvanus	52022	S	14	0	14	0.0002111996
Polaribacter sp. SM13	2818493	S	12	2	14	0.0002111996
Winogradskyella sp. J14-2	1936080	S	13	1	14	0.0002111996
Lacinutrix sp. 5H-3-7-4	983544	S	11	3	14	0.0002111996
Lacinutrix venerupis	1486034	S	13	1	14	0.0002111996
Chryseobacterium sp. IHB B 17019	1721091	S	13	1	14	0.0002111996
Chryseobacterium sp. G0201	2487065	S	12	2	14	0.0002111996
Chryseobacterium glaciei	1685010	S	13	1	14	0.0002111996
Bacteroides sp. HF-162	2785531	S	4	10	14	0.0002111996
Pedobacter sp. eg	2201271	S	14	0	14	0.0002111996
Mucilaginibacter ginkgonis	2682091	S	14	0	14	0.0002111996
Sphingobacterium mizutaii	1010	S	14	0	14	0.0002111996
Solitalea canadensis	995	S	14	0	14	0.0002111996
Spirosoma sp. KCTC 42546	2520506	S	14	0	14	0.0002111996
Filimonas lacunae	477680	S	13	1	14	0.0002111996
Maioricimonas rarisocia	2528026	S	13	1	14	0.0002111996
Ereboglobus luteus	1796921	S	14	0	14	0.0002111996
Polynucleobacter sp. MWH-UH21B	1743174	S	12	1	13	0.0001961139
Chitinimonas arctica	2594795	S	13	0	13	0.0001961139
Ephemeroptericola cinctiostellae	2268024	S	13	0	13	0.0001961139
Janthinobacterium sp. 17J80-10	2497863	S	12	1	13	0.0001961139
Thiomonas sp. X19	1050370	S	9	4	13	0.0001961139
Bordetella holmesii	35814	S	12	1	13	0.0001961139
Orrella dioscoreae	1851544	S	11	2	13	0.0001961139
Thauera hydrothermalis	2184083	S	11	2	13	0.0001961139
Methyloversatilis sp. RAC08	1842540	S	13	0	13	0.0001961139
Usitatibacter palustris	2732487	S	13	0	13	0.0001961139
Pseudomonas oleovorans	301	S	5	8	13	0.0001961139
Pseudomonas entomophila	312306	S	13	0	13	0.0001961139
Acinetobacter sp. Marseille-Q1620	2714110	S	13	0	13	0.0001961139
Acinetobacter sp. YH12138	2601122	S	11	2	13	0.0001961139
Acinetobacter towneri	202956	S	7	6	13	0.0001961139
Luteimonas chenhongjianii	2006110	S	13	0	13	0.0001961139
Thermomonas sp. HDW16	2714945	S	12	1	13	0.0001961139
Pseudolysobacter antarcticus	2511995	S	13	0	13	0.0001961139
Enterobacter roggenkampii	1812935	S	5	8	13	0.0001961139
Photobacterium damselae	38293	S	10	3	13	0.0001961139
Bradyrhizobium sp. SK17	2057741	S	10	3	13	0.0001961139
Bradyrhizobium paxllaeri	190148	S	12	1	13	0.0001961139
Bradyrhizobium cosmicum	1404864	S	11	2	13	0.0001961139
Rhizobium sp. WL3	2603277	S	12	1	13	0.0001961139
Methylobacterium nodulans	114616	S	13	0	13	0.0001961139
Aminobacter sp. SR38	2774562	S	3	10	13	0.0001961139
Stappia indica	538381	S	12	1	13	0.0001961139
Parvibaculum lavamentivorans	256618	S	9	4	13	0.0001961139
Sphingomonas sp. KC8	1030157	S	11	2	13	0.0001961139
Paracoccus aminovorans	34004	S	12	1	13	0.0001961139
Sulfitobacter sp. D7	1968541	S	10	3	13	0.0001961139
Rhodobacter sp. LPB0142	1850250	S	9	4	13	0.0001961139
Leisingera aquaemixtae	1396826	S	11	2	13	0.0001961139
Octadecabacter sp. SW4	2602067	S	10	3	13	0.0001961139
Brevundimonas sp. GRTSA-9	2800818	S	13	0	13	0.0001961139
Azospirillum lipoferum	193	S	8	5	13	0.0001961139
Magnetospirillum sp. XM-1	1663591	S	11	2	13	0.0001961139
Aliarcobacter cibarius	255507	S	12	1	13	0.0001961139
Arcobacter ellisii	913109	S	11	2	13	0.0001961139
Campylobacter jejuni	197	S	2	11	13	0.0001961139
Helicobacter pylori	210	S	12	1	13	0.0001961139
Archangium gephyra	48	S	10	3	13	0.0001961139
Stigmatella aurantiaca	41	S	11	2	13	0.0001961139
Cystobacter fuscus	43	S	10	3	13	0.0001961139
Corallococcus coralloides	184914	S	11	2	13	0.0001961139
Anaeromyxobacter sp. K	447217	S	6	7	13	0.0001961139
Desulfovibrio vulgaris	881	S	13	0	13	0.0001961139
Propionibacterium freudenreichii	1744	S	4	9	13	0.0001961139
Tessaracoccus flavescens	399497	S	11	2	13	0.0001961139
Microlunatus soli	630515	S	13	0	13	0.0001961139
Nocardioides sp. HDW12B	2714939	S	12	1	13	0.0001961139
Nocardioides aromaticivorans	200618	S	11	2	13	0.0001961139
Microbacterium sp. LKL04	912630	S	12	1	13	0.0001961139
Microbacterium sp. PAMC 28756	1795053	S	6	7	13	0.0001961139
Leifsonia sp. 21MFCrub1.1	1798223	S	5	8	13	0.0001961139
Plantibacter flavus	150123	S	10	3	13	0.0001961139
Frigoribacterium sp. NBH87	2596916	S	12	1	13	0.0001961139
Rothia dentocariosa	2047	S	12	1	13	0.0001961139
Phycicoccus sp. HDW14	2714941	S	11	2	13	0.0001961139
Mycolicibacterium madagascariense	212765	S	13	0	13	0.0001961139
Mycobacterium sp. YC-RL4	1682113	S	11	2	13	0.0001961139
Mycobacterium grossiae	1552759	S	12	1	13	0.0001961139
Corynebacterium striatum	43770	S	10	3	13	0.0001961139
Nocardia cyriacigeorgica	135487	S	12	1	13	0.0001961139
Dietzia timorensis	499555	S	9	4	13	0.0001961139
Streptomyces lydicus	47763	S	11	2	13	0.0001961139
Kitasatospora albolonga	68173	S	11	2	13	0.0001961139
Kitasatospora aureofaciens	1894	S	3	10	13	0.0001961139
Micromonospora echinofusca	47858	S	11	2	13	0.0001961139
Pseudonocardia dioxanivorans	240495	S	12	1	13	0.0001961139
Kibdelosporangium phytohabitans	860235	S	13	0	13	0.0001961139
Bacillus subtilis	1423	S	7	6	13	0.0001961139
Staphylococcus lugdunensis	28035	S	2	11	13	0.0001961139
Streptococcus gallolyticus	315405	S	7	6	13	0.0001961139
Clostridium kluyveri	1534	S	13	0	13	0.0001961139
Thermoclostridium stercorarium	1510	S	10	3	13	0.0001961139
Gloeothece citriformis	2546356	S	11	2	13	0.0001961139
Anabaena sp. WA102	1647413	S	6	7	13	0.0001961139
Calothrix sp. NIES-3974	2005462	S	12	1	13	0.0001961139
Calothrix sp. PCC 7507	99598	S	11	2	13	0.0001961139
Scytonema sp. NIES-4073	2005464	S	10	3	13	0.0001961139
Flavobacterium sediminis	2201181	S	8	5	13	0.0001961139
Cellulophaga algicola	59600	S	11	2	13	0.0001961139
Salegentibacter salegens	143223	S	12	1	13	0.0001961139
Parabacteroides sp. CT06	2025876	S	1	12	13	0.0001961139
Sphingobacterium spiritivorum	258	S	10	3	13	0.0001961139
Gemmatimonas aurantiaca	173480	S	13	0	13	0.0001961139
Gemmatirosa kalamazoonesis	861299	S	13	0	13	0.0001961139
Rosistilla carotiformis	2528017	S	11	2	13	0.0001961139
Alienimonas californiensis	2527989	S	13	0	13	0.0001961139
Burkholderia multivorans	87883	S	9	3	12	0.0001810282
Paraburkholderia tropica	92647	S	11	1	12	0.0001810282
Paraburkholderia caribensis	75105	S	9	3	12	0.0001810282
Limnobacter sp. SAORIC-580	2732163	S	12	0	12	0.0001810282
Achromobacter sp. MFA1 R4	1881016	S	10	2	12	0.0001810282
Achromobacter insolitus	217204	S	10	2	12	0.0001810282
Achromobacter pestifer	1353889	S	7	5	12	0.0001810282
Bordetella genomosp. 8	1416806	S	12	0	12	0.0001810282
Bordetella trematum	123899	S	10	2	12	0.0001810282
Pseudogulbenkiania sp. NH8B	748280	S	11	1	12	0.0001810282
Azoarcus sp. DN11	356837	S	10	2	12	0.0001810282
Azospira oryzae	146939	S	5	7	12	0.0001810282
Pseudomonas monteilii	76759	S	8	4	12	0.0001810282
Pseudomonas mendocina	300	S	11	1	12	0.0001810282
Pseudomonas alcaligenes	43263	S	10	2	12	0.0001810282
Pseudomonas citronellolis	53408	S	8	4	12	0.0001810282
Pseudomonas cichorii	36746	S	12	0	12	0.0001810282
Pseudomonas asiatica	2219225	S	2	10	12	0.0001810282
Acinetobacter soli	487316	S	12	0	12	0.0001810282
Acinetobacter radioresistens	40216	S	11	1	12	0.0001810282
Acinetobacter schindleri	108981	S	9	3	12	0.0001810282
Xanthomonas translucens	343	S	9	3	12	0.0001810282
Lysobacter lycopersici	1324796	S	12	0	12	0.0001810282
Luteimonas sp. MC1750	2799326	S	11	1	12	0.0001810282
Pantoea ananatis	553	S	12	0	12	0.0001810282
Shewanella japonica	93973	S	4	8	12	0.0001810282
Pseudoalteromonas undina	43660	S	6	6	12	0.0001810282
Vibrio parahaemolyticus	670	S	10	2	12	0.0001810282
Thioflavicoccus mobilis	80679	S	12	0	12	0.0001810282
Kineobactrum salinum	2708301	S	12	0	12	0.0001810282
Methylomonas rhizoryzae	2608981	S	12	0	12	0.0001810282
Methylomicrobium sp. wino1	2049332	S	8	4	12	0.0001810282
Sinimarinibacterium sp. NLF-5-8	2698684	S	10	2	12	0.0001810282
Bradyrhizobium sp. CCBAU 51753	1325100	S	11	1	12	0.0001810282
Bradyrhizobium guangdongense	1325090	S	7	5	12	0.0001810282
Agrobacterium larrymoorei	160699	S	11	1	12	0.0001810282
Aureimonas populi	1701758	S	11	1	12	0.0001810282
Nordella sp. HKS 07	2712222	S	12	0	12	0.0001810282
Pseudorhodoplanes sinuspersici	1235591	S	12	0	12	0.0001810282
Sphingomonas sp. XS-10	2599297	S	12	0	12	0.0001810282
Sphingomonas sp. LMO-1	2681549	S	12	0	12	0.0001810282
Novosphingobium pentaromativorans	205844	S	6	6	12	0.0001810282
Sphingosinithalassobacter sp. zrk23	2711215	S	10	2	12	0.0001810282
Erythrobacter sp. HL-111	1798193	S	11	1	12	0.0001810282
Yoonia vestfoldensis	245188	S	9	3	12	0.0001810282
Ferrovibrio terrae	2594003	S	12	0	12	0.0001810282
Micavibrio aeruginosavorus	349221	S	12	0	12	0.0001810282
Pseudodesulfovibrio cashew	2678688	S	11	1	12	0.0001810282
Tessaracoccus defluvii	1285901	S	10	2	12	0.0001810282
Nocardioides anomalus	2712223	S	11	1	12	0.0001810282
Microbacterium esteraromaticum	57043	S	11	1	12	0.0001810282
Agromyces sp. LHK192	2498704	S	11	1	12	0.0001810282
Agromyces aureus	453304	S	11	1	12	0.0001810282
Plantibacter sp. M259	2583822	S	7	5	12	0.0001810282
Lysinimonas sp. KACC 19322	2592654	S	11	1	12	0.0001810282
Brachybacterium faecium	43669	S	11	1	12	0.0001810282
Mycolicibacterium sediminis	1286180	S	11	1	12	0.0001810282
Mycolicibacterium celeriflavum	1249101	S	11	1	12	0.0001810282
Mycolicibacterium gilvum	1804	S	9	3	12	0.0001810282
Mycolicibacterium vanbaalenii	110539	S	2	10	12	0.0001810282
Mycobacterium dioxanotrophicus	482462	S	11	1	12	0.0001810282
Rhodococcus sp. X156	2499145	S	11	1	12	0.0001810282
Streptomyces sp. RPA4-2	2721244	S	11	1	12	0.0001810282
Streptomyces sp. SS52	2563602	S	2	10	12	0.0001810282
Streptomyces ambofaciens	1889	S	11	1	12	0.0001810282
Kitasatospora sp. NA04385	2742135	S	10	2	12	0.0001810282
Phytohabitans suffuscus	624315	S	11	1	12	0.0001810282
Pseudonocardia sp. HH130629-09	1641402	S	4	8	12	0.0001810282
Saccharopolyspora erythraea	1836	S	11	1	12	0.0001810282
Kutzneria albida	43357	S	11	1	12	0.0001810282
Schaalia odontolytica	1660	S	10	2	12	0.0001810282
Actinomadura sp. WMMA1423	2591108	S	11	1	12	0.0001810282
Nonomuraea nitratireducens	2656914	S	11	1	12	0.0001810282
Bacillus sp. X1(2014)	1565991	S	11	1	12	0.0001810282
Bacillus velezensis	492670	S	5	7	12	0.0001810282
Geobacillus thermoleovorans	33941	S	2	10	12	0.0001810282
Lactobacillus crispatus	47770	S	11	1	12	0.0001810282
Aerococcus urinaeequi	51665	S	10	2	12	0.0001810282
Flavonifractor plautii	292800	S	12	0	12	0.0001810282
Oscillibacter sp. PEA192	2109687	S	3	9	12	0.0001810282
Massilistercora timonensis	2086584	S	9	3	12	0.0001810282
Megasphaera elsdenii	907	S	12	0	12	0.0001810282
Geminocystis sp. NIES-3709	1617448	S	11	1	12	0.0001810282
Nostoc sp. NIES-2111	1973475	S	3	9	12	0.0001810282
Calothrix brevissima	938406	S	8	4	12	0.0001810282
Stanieria cyanosphaera	102116	S	8	4	12	0.0001810282
Myroides odoratimimus	76832	S	3	9	12	0.0001810282
Aquimarina sp. AD10	1714849	S	12	0	12	0.0001810282
Formosa sediminum	2594004	S	11	1	12	0.0001810282
Tamlana carrageenivorans	2069432	S	9	3	12	0.0001810282
Psychroserpens sp. NJDZ02	2570561	S	5	7	12	0.0001810282
Chryseobacterium manosquense	2754694	S	5	7	12	0.0001810282
Kaistella carnis	1241979	S	11	1	12	0.0001810282
Elizabethkingia sp. JS20170427COW	2583851	S	12	0	12	0.0001810282
Draconibacterium orientale	1168034	S	11	1	12	0.0001810282
Mucilaginibacter gotjawali	1550579	S	12	0	12	0.0001810282
Pseudopedobacter saltans	151895	S	9	3	12	0.0001810282
Dyadobacter sp. Q3-56	2747268	S	12	0	12	0.0001810282
Paraflavitalea soli	2315862	S	12	0	12	0.0001810282
Candidatus Cloacimonas acidaminovorans	456827	S	12	0	12	0.0001810282
Crateriforma conspicua	2527996	S	10	2	12	0.0001810282
Kiritimatiella glycovorans	1307763	S	8	4	12	0.0001810282
Sphaerochaeta globosa	1131703	S	11	1	12	0.0001810282
Fusobacterium nucleatum	851	S	7	5	12	0.0001810282
Methanosarcina sp. Kolksee	1434099	S	6	6	12	0.0001810282
Flavobacterium phage vB_FspS_mymlan6-1	2686266	S	2	10	12	0.0001810282
Polynucleobacter difficilis	556054	S	11	0	11	0.0001659426
Burkholderia lata	482957	S	7	4	11	0.0001659426
Burkholderia sp. MSMB0852	1637841	S	6	5	11	0.0001659426
Burkholderia glumae	337	S	7	4	11	0.0001659426
Paraburkholderia acidiphila	2571747	S	10	1	11	0.0001659426
Pandoraea fibrosis	1891094	S	10	1	11	0.0001659426
Herbaspirillum frisingense	92645	S	8	3	11	0.0001659426
Bordetella hinzii	103855	S	9	2	11	0.0001659426
Advenella kashmirensis	310575	S	11	0	11	0.0001659426
Azoarcus sp. KH32C	748247	S	11	0	11	0.0001659426
Azoarcus olearius	418699	S	10	1	11	0.0001659426
Thauera sp. MZ1T	85643	S	6	5	11	0.0001659426
Pseudomonas sp. S34	1573718	S	11	0	11	0.0001659426
Pseudomonas sp. C27(2019)	2604941	S	11	0	11	0.0001659426
Pseudomonas sp. NIBRBAC000502773	2590776	S	9	2	11	0.0001659426
Pseudomonas rhizosphaerae	216142	S	11	0	11	0.0001659426
Acinetobacter dispersus	70348	S	11	0	11	0.0001659426
Acinetobacter variabilis	70346	S	6	5	11	0.0001659426
Psychrobacter sp. P11F6	1699621	S	10	1	11	0.0001659426
Stenotrophomonas sp. 169	2770322	S	11	0	11	0.0001659426
Lysobacter soli	453783	S	10	1	11	0.0001659426
Luteimonas sp. YGD11-2	2508168	S	10	1	11	0.0001659426
Halomonas sp. THAF5a	2587844	S	11	0	11	0.0001659426
Neptunomonas japonica	417574	S	11	0	11	0.0001659426
Shewanella sp. YLB-09	2601269	S	1	10	11	0.0001659426
Vibrio natriegens	691	S	7	4	11	0.0001659426
Acidihalobacter ferrooxydans	1765967	S	11	0	11	0.0001659426
Simiduia agarivorans	447471	S	11	0	11	0.0001659426
Methylomonas methanica	421	S	11	0	11	0.0001659426
Thiothrix sp.	1032	S	10	1	11	0.0001659426
Thiothrix sp. Ku-5	2735563	S	10	1	11	0.0001659426
Immundisolibacter cernigliae	1810504	S	11	0	11	0.0001659426
Bradyrhizobium sp. ORS 278	114615	S	10	1	11	0.0001659426
Bradyrhizobium sp. CCBAU 53421	1325120	S	9	2	11	0.0001659426
Bosea sp. AS-1	2015316	S	9	2	11	0.0001659426
Bosea vaviloviae	1526658	S	10	1	11	0.0001659426
Methylobacterium currus	2051553	S	8	3	11	0.0001659426
Mesorhizobium sp. 113-3-3	2744516	S	8	3	11	0.0001659426
Starkeya sp. ORNL1	2709380	S	10	1	11	0.0001659426
Methylocystis heyeri	391905	S	10	1	11	0.0001659426
Methylosinus trichosporium	426	S	10	1	11	0.0001659426
Methylosinus sp. C49	2699395	S	10	1	11	0.0001659426
Aureimonas sp. AU20	1349819	S	11	0	11	0.0001659426
Sphingomonas sp. HDW15B	2714943	S	11	0	11	0.0001659426
Sphingomonas insulae	424800	S	11	0	11	0.0001659426
Sphingobium sp. CAP-1	2676077	S	7	4	11	0.0001659426
Sphingobium sp. YBL2	484429	S	2	9	11	0.0001659426
Blastomonas fulva	1550728	S	5	6	11	0.0001659426
Erythrobacter litoralis	39960	S	9	2	11	0.0001659426
Tsuneonella dongtanensis	692370	S	11	0	11	0.0001659426
Paracoccus sp. MC1862	2760307	S	11	0	11	0.0001659426
Paracoccus pantotrophus	82367	S	10	1	11	0.0001659426
Paracoccus mutanolyticus	1499308	S	4	7	11	0.0001659426
Rhodobacter sp. CZR27	2033869	S	10	1	11	0.0001659426
Yangia sp. CCB-MM3	1792508	S	11	0	11	0.0001659426
Salipiger profundus	1229727	S	7	4	11	0.0001659426
Roseivivax sp. THAF30	2587852	S	4	7	11	0.0001659426
Antarctobacter heliothermus	74033	S	11	0	11	0.0001659426
Hypericibacter terrae	2602015	S	11	0	11	0.0001659426
Skermanella pratensis	2233999	S	7	4	11	0.0001659426
Indioceanicola profundi	2220096	S	10	1	11	0.0001659426
Aliarcobacter butzleri	28197	S	10	1	11	0.0001659426
Arcobacter cloacae	1054034	S	9	2	11	0.0001659426
Tessaracoccus aquimaris	1332264	S	10	1	11	0.0001659426
Nocardioides sp. WS12	2486272	S	11	0	11	0.0001659426
Nocardioides sp. 603	2483798	S	9	2	11	0.0001659426
Nocardioides ungokensis	1643322	S	9	2	11	0.0001659426
Microbacterium sp. RG1	2489212	S	11	0	11	0.0001659426
Microbacterium aurum	36805	S	10	1	11	0.0001659426
Rathayibacter sp. VKM Ac-2804	2609257	S	7	4	11	0.0001659426
Agromyces sp. HY052	2585717	S	10	1	11	0.0001659426
Chryseoglobus indicus	2750620	S	1	10	11	0.0001659426
Micrococcus sp. KBS0714	1179670	S	2	9	11	0.0001659426
Janibacter melonis	262209	S	10	1	11	0.0001659426
Cellulomonas sp. H30R-01	2704467	S	10	1	11	0.0001659426
Dermabacter jinjuensis	1667168	S	8	3	11	0.0001659426
Mycolicibacterium smegmatis	1772	S	10	1	11	0.0001659426
Mycobacterium parmense	185642	S	10	1	11	0.0001659426
Mycobacteroides chelonae	1774	S	5	6	11	0.0001659426
Corynebacterium urealyticum	43771	S	8	3	11	0.0001659426
Rhodococcus sp. B7740	1564114	S	11	0	11	0.0001659426
Gordonia insulae	2420509	S	11	0	11	0.0001659426
Dietzia sp. DQ12-45-1b	912801	S	1	10	11	0.0001659426
Streptomyces sp. CA-256286	2801033	S	3	8	11	0.0001659426
Streptomyces niveus	193462	S	11	0	11	0.0001659426
Streptomyces spectabilis	68270	S	10	1	11	0.0001659426
Streptomyces griseocarneus	51201	S	10	1	11	0.0001659426
Micromonospora sp. B006	2201999	S	9	2	11	0.0001659426
Amycolatopsis albispora	1804986	S	8	3	11	0.0001659426
Gardnerella vaginalis	2702	S	9	2	11	0.0001659426
Actinomyces sp. oral taxon 171	706438	S	9	2	11	0.0001659426
Actinomadura sp. WMMB 499	1219491	S	10	1	11	0.0001659426
Nocardiopsis dassonvillei	2014	S	10	1	11	0.0001659426
Thermobifida fusca	2021	S	11	0	11	0.0001659426
Frankia inefficax	298654	S	11	0	11	0.0001659426
Eggerthella lenta	84112	S	9	2	11	0.0001659426
Staphylococcus pasteuri	45972	S	10	1	11	0.0001659426
Alicyclobacillus acidocaldarius	405212	S	11	0	11	0.0001659426
Carnobacterium maltaromaticum	2751	S	11	0	11	0.0001659426
Clostridium sp. DL-VIII	641107	S	11	0	11	0.0001659426
Clostridium estertheticum	238834	S	11	0	11	0.0001659426
Ruminococcus sp. JE7A12	2564099	S	11	0	11	0.0001659426
Planktothrix rubescens	59512	S	8	3	11	0.0001659426
Rivularia sp. PCC 7116	373994	S	11	0	11	0.0001659426
Dactylococcopsis salina	292566	S	8	3	11	0.0001659426
Pseudanabaena sp. ABRG5-3	685565	S	11	0	11	0.0001659426
cyanobacterium endosymbiont of Epithemia turgida	718217	S	10	1	11	0.0001659426
Mycoplasma alkalescens	45363	S	8	3	11	0.0001659426
Flavobacterium magnum	2162713	S	11	0	11	0.0001659426
Flavobacterium alkalisoli	2602769	S	11	0	11	0.0001659426
Polaribacter sp. SA4-10	754397	S	10	1	11	0.0001659426
Capnocytophaga stomatis	1848904	S	10	1	11	0.0001659426
Gramella fulva	2126553	S	11	0	11	0.0001659426
Lutibacter profundi	1622118	S	11	0	11	0.0001659426
Amniculibacterium sp. G2-70	2767188	S	7	4	11	0.0001659426
Chryseobacterium shandongense	1493872	S	8	3	11	0.0001659426
Phocaeicola coprophilus	387090	S	9	2	11	0.0001659426
Mucilaginibacter sp. 14171R-50	2703789	S	11	0	11	0.0001659426
Mucilaginibacter mallensis	652787	S	11	0	11	0.0001659426
Mucilaginibacter mali	2740462	S	11	0	11	0.0001659426
Hymenobacter sedentarius	1411621	S	11	0	11	0.0001659426
Hymenobacter busanensis	2607656	S	11	0	11	0.0001659426
Flammeovirga pectinis	2494373	S	11	0	11	0.0001659426
Chitinophaga pinensis	79329	S	11	0	11	0.0001659426
Arachidicoccus sp. BS20	1850526	S	10	1	11	0.0001659426
Pseudocnuella soli	2502779	S	10	1	11	0.0001659426
Stieleria neptunia	2527979	S	10	1	11	0.0001659426
Pirellulimonas nuda	2528009	S	11	0	11	0.0001659426
Fuerstia marisgermanicae	1891926	S	11	0	11	0.0001659426
Leptotrichia wadei	157687	S	8	3	11	0.0001659426
Candidatus Saccharimonas aalborgensis	1332188	S	10	1	11	0.0001659426
Methanobrevibacter millerae	230361	S	11	0	11	0.0001659426
Burkholderia territorii	1503055	S	7	3	10	0.0001508569
Burkholderia cepacia	292	S	5	5	10	0.0001508569
Burkholderia sp. BDU8	1385592	S	9	1	10	0.0001508569
Cupriavidus neocaledonicus	1040979	S	6	4	10	0.0001508569
Paraburkholderia terricola	169427	S	9	1	10	0.0001508569
Paraburkholderia aromaticivorans	2026199	S	8	2	10	0.0001508569
Paraburkholderia hospita	169430	S	6	4	10	0.0001508569
Pigmentiphaga aceris	1940612	S	10	0	10	0.0001508569
Chromobacterium vaccinii	1108595	S	9	1	10	0.0001508569
Vogesella sp. LIG4	1192162	S	10	0	10	0.0001508569
Neisseria meningitidis	487	S	5	5	10	0.0001508569
Chitinolyticbacter meiyuanensis	682798	S	10	0	10	0.0001508569
Azoarcus sp. CIB	198107	S	8	2	10	0.0001508569
Aromatoleum petrolei	76116	S	8	2	10	0.0001508569
Niveibacterium sp. HC41	2811415	S	10	0	10	0.0001508569
Sulfuriferula plumbiphila	171865	S	9	1	10	0.0001508569
Pseudomonas sp. SNU WT1	2518644	S	10	0	10	0.0001508569
Pseudomonas sp. S150	2559074	S	6	4	10	0.0001508569
Pseudomonas orientalis	76758	S	9	1	10	0.0001508569
Pseudomonas asturiensis	1190415	S	10	0	10	0.0001508569
Pseudomonas lundensis	86185	S	10	0	10	0.0001508569
Pseudomonas otitidis	319939	S	10	0	10	0.0001508569
Pseudomonas cremoricolorata	157783	S	10	0	10	0.0001508569
Pseudomonas parafulva	157782	S	9	1	10	0.0001508569
Pseudomonas graminis	158627	S	9	1	10	0.0001508569
Pseudomonas knackmussii	65741	S	7	3	10	0.0001508569
Pseudomonas brassicacearum	930166	S	5	5	10	0.0001508569
Stenotrophomonas sp. SAU14A_NAIMI4_8	2072409	S	2	8	10	0.0001508569
Luteimonas granuli	1176533	S	9	1	10	0.0001508569
Rhodanobacter glycinis	582702	S	9	1	10	0.0001508569
Rhodanobacter sp. FDAARGOS 1247	2778082	S	9	1	10	0.0001508569
Candidatus Erwinia haradaeae	1922217	S	10	0	10	0.0001508569
Serratia plymuthica	82996	S	9	1	10	0.0001508569
Yersinia kristensenii	28152	S	4	6	10	0.0001508569
Rahnella aceris	2703885	S	2	8	10	0.0001508569
Shewanella putrefaciens	24	S	3	7	10	0.0001508569
Alteromonas macleodii	28108	S	8	2	10	0.0001508569
Vibrio vulnificus	672	S	10	0	10	0.0001508569
Vibrio chagasii	170679	S	10	0	10	0.0001508569
Rheinheimera sp. F8	1763998	S	10	0	10	0.0001508569
Candidatus Thiodictyon syntrophicum	1166950	S	10	0	10	0.0001508569
Cellvibrio japonicus	155077	S	10	0	10	0.0001508569
Legionella sp. PC997	2755562	S	10	0	10	0.0001508569
Legionella sainthelensi	28087	S	9	1	10	0.0001508569
Methylomonas sp. DH-1	1727196	S	5	5	10	0.0001508569
Methylocaldum marinum	1432792	S	10	0	10	0.0001508569
Cycloclasticus zancles	1329899	S	4	6	10	0.0001508569
Thiolapillus brandeum	1076588	S	10	0	10	0.0001508569
Sulfuricaulis limicola	1620215	S	10	0	10	0.0001508569
Bradyrhizobium sp. CCGE-LA001	1223566	S	9	1	10	0.0001508569
Bradyrhizobium sp. CCBAU 51765	1325102	S	8	2	10	0.0001508569
Bradyrhizobium sp. CCBAU 53340	1325112	S	7	3	10	0.0001508569
Bradyrhizobium symbiodeficiens	1404367	S	8	2	10	0.0001508569
Rhizobium oryzihabitans	2267833	S	5	5	10	0.0001508569
Sinorhizobium sp. RAC02	1842534	S	9	1	10	0.0001508569
Ensifer sp. PDNC004	2811423	S	8	2	10	0.0001508569
Methylobacterium terrae	2202827	S	8	2	10	0.0001508569
Mesorhizobium sp. M1A.F.Ca.IN.022.06.1.1	2493680	S	9	1	10	0.0001508569
Aminobacter sp. MDW-2	2666139	S	2	8	10	0.0001508569
Hoeflea phototrophica	244596	S	9	1	10	0.0001508569
Devosia sp. G19	2801335	S	9	1	10	0.0001508569
Devosia sp. MC521	2759954	S	8	2	10	0.0001508569
Paradevosia shaoguanensis	1335043	S	4	6	10	0.0001508569
Sphingopyxis sp. FD7	1914525	S	8	2	10	0.0001508569
Sphingobium sp. RAC03	1843368	S	9	1	10	0.0001508569
Blastomonas sp. RAC04	1842535	S	6	4	10	0.0001508569
Pelagerythrobacter marensis	543877	S	10	0	10	0.0001508569
Sphingosinicella sp. BN140058	1892855	S	10	0	10	0.0001508569
Paracoccus liaowanqingii	2560053	S	10	0	10	0.0001508569
Paracoccus aminophilus	34003	S	10	0	10	0.0001508569
Sulfitobacter sp. SK011	1389004	S	10	0	10	0.0001508569
Rhodovulum sulfidophilum	35806	S	8	2	10	0.0001508569
Polymorphum gilvum	991904	S	9	1	10	0.0001508569
Paraoceanicella profunda	2579971	S	8	2	10	0.0001508569
Brevirhabdus pacifica	1267768	S	6	4	10	0.0001508569
Brevundimonas sp. MF30-B	2561924	S	10	0	10	0.0001508569
Phenylobacterium parvum	2201350	S	10	0	10	0.0001508569
Acetobacter oryzoeni	2500548	S	5	5	10	0.0001508569
Rickettsiales endosymbiont of Stachyamoeba lipophora	2486578	S	7	3	10	0.0001508569
Marinicauda algicola	2029849	S	9	1	10	0.0001508569
Pseudoarcobacter acticola	1849015	S	10	0	10	0.0001508569
Anaeromyxobacter sp. Fw109-5	404589	S	10	0	10	0.0001508569
Geobacter bemidjiensis	225194	S	6	4	10	0.0001508569
Desulfonema magnum	45655	S	10	0	10	0.0001508569
Persicimonas caeni	2292766	S	10	0	10	0.0001508569
Bdellovibrio sp. ZAP7	2231053	S	7	3	10	0.0001508569
Bdellovibrio exovorus	453816	S	10	0	10	0.0001508569
Microlunatus sagamiharensis	546874	S	10	0	10	0.0001508569
Auraticoccus monumenti	675864	S	10	0	10	0.0001508569
Nocardioides sp. ZJ1313	2685869	S	6	4	10	0.0001508569
Nocardioides humi	449461	S	9	1	10	0.0001508569
Microbacterium sp. NY27	2782169	S	10	0	10	0.0001508569
Microbacterium sp. XT11	367477	S	10	0	10	0.0001508569
Microbacterium pygmaeum	370764	S	10	0	10	0.0001508569
Microbacterium lemovicicum	1072463	S	10	0	10	0.0001508569
Candidatus Rhodoluna planktonica	535712	S	10	0	10	0.0001508569
Leifsonia sp. PS1209	2724914	S	9	1	10	0.0001508569
Salinibacterium sp. UTAS2018	2508880	S	10	0	10	0.0001508569
Leucobacter sp. CX169	2813744	S	9	1	10	0.0001508569
Cryobacterium soli	2220095	S	6	4	10	0.0001508569
Frondihabitans sp. PAMC 28766	1795630	S	10	0	10	0.0001508569
Arthrobacter sp. Rue61a	1118963	S	3	7	10	0.0001508569
Rothia kristinae	37923	S	8	2	10	0.0001508569
Oerskovia sp. KBS0722	1179673	S	10	0	10	0.0001508569
Serinicoccus profundi	1078471	S	8	2	10	0.0001508569
Haloactinobacterium sp. RN3S43	2779775	S	10	0	10	0.0001508569
Mycolicibacterium litorale	758802	S	9	1	10	0.0001508569
Mycolicibacterium rutilum	370526	S	9	1	10	0.0001508569
Mycolicibacterium hassiacum	46351	S	9	1	10	0.0001508569
Mycobacterium gordonae	1778	S	10	0	10	0.0001508569
Corynebacterium sp. zg-320	2768834	S	10	0	10	0.0001508569
Corynebacterium sp. LMM-1652	2487892	S	10	0	10	0.0001508569
Rhodococcus sp. SGAir0479	2567884	S	9	1	10	0.0001508569
Nocardia sp. WCH-YHL-001	2755382	S	10	0	10	0.0001508569
Dietzia psychralcaliphila	139021	S	9	1	10	0.0001508569
Streptomyces sp. CRXT-G-22	2768066	S	10	0	10	0.0001508569
Streptomyces sp. W1SF4	2305220	S	9	1	10	0.0001508569
Streptomyces griseus	1911	S	9	1	10	0.0001508569
Streptomyces cyaneochromogenes	2496836	S	10	0	10	0.0001508569
Streptomyces broussonetiae	2686304	S	10	0	10	0.0001508569
Streptomyces albireticuli	1940	S	10	0	10	0.0001508569
Streptomyces pactum	68249	S	9	1	10	0.0001508569
Streptomyces albidoflavus	1886	S	4	6	10	0.0001508569
Streptacidiphilus sp. P02-A3a	2704468	S	10	0	10	0.0001508569
Candidatus Nanopelagicus hibericus	1884915	S	10	0	10	0.0001508569
Amycolatopsis sp. YIM 10	2653857	S	9	1	10	0.0001508569
Pseudonocardia sp. HH130630-07	1690815	S	4	6	10	0.0001508569
Pseudonocardia broussonetiae	2736640	S	9	1	10	0.0001508569
Saccharomonospora cyanea	40989	S	8	2	10	0.0001508569
Saccharopolyspora pogona	333966	S	6	4	10	0.0001508569
Streptomonospora sp. M2	2498135	S	10	0	10	0.0001508569
Frankia alni	1859	S	8	2	10	0.0001508569
Modestobacter marinus	477641	S	9	1	10	0.0001508569
Nakamurella sp. s14-144	1902245	S	10	0	10	0.0001508569
Olsenella sp. GAM18	2109685	S	7	3	10	0.0001508569
Staphylococcus haemolyticus	1283	S	9	1	10	0.0001508569
Clostridium saccharobutylicum	169679	S	10	0	10	0.0001508569
Clostridium pasteurianum	1501	S	10	0	10	0.0001508569
Clostridium argentinense	29341	S	10	0	10	0.0001508569
Clostridium baratii	1561	S	10	0	10	0.0001508569
Phascolarctobacterium faecium	33025	S	10	0	10	0.0001508569
Microcystis viridis	44822	S	5	5	10	0.0001508569
Nostoc sphaeroides	446679	S	6	4	10	0.0001508569
Anabaena cylindrica	1165	S	9	1	10	0.0001508569
Calothrix sp. NIES-2098	1954171	S	5	5	10	0.0001508569
Tolypothrix sp. PCC 7910	2099387	S	6	4	10	0.0001508569
Synechococcus sp. CBW1006	1353138	S	1	9	10	0.0001508569
Flavobacterium sp. P2-65	2748320	S	10	0	10	0.0001508569
Flavobacterium pallidum	2172098	S	10	0	10	0.0001508569
Polaribacter sp. KT25b	1855336	S	9	1	10	0.0001508569
Capnocytophaga sputigena	1019	S	8	2	10	0.0001508569
Myroides odoratus	256	S	10	0	10	0.0001508569
Lacinutrix sp. Bg11-31	2057808	S	9	1	10	0.0001508569
Aquimarina sp. TRL1	2736252	S	10	0	10	0.0001508569
Algibacter sp. L3A6	2686366	S	7	3	10	0.0001508569
Aequorivita sublithincola	101385	S	9	1	10	0.0001508569
Flavivirga eckloniae	1803846	S	10	0	10	0.0001508569
Siansivirga zeaxanthinifaciens	762954	S	9	1	10	0.0001508569
Chryseobacterium sp. JV274	1932669	S	9	1	10	0.0001508569
Chryseobacterium gallinarum	1324352	S	9	1	10	0.0001508569
Chryseobacterium lactis	1241981	S	6	4	10	0.0001508569
Bacteroides sp. HF-5287	2650157	S	9	1	10	0.0001508569
Bacteroides sp. A1C1	2528203	S	3	7	10	0.0001508569
Alistipes shahii	328814	S	9	1	10	0.0001508569
Proteiniphilum saccharofermentans	1642647	S	10	0	10	0.0001508569
Pedobacter ginsengisoli	363852	S	10	0	10	0.0001508569
Sphingobacterium sp. DR205	2713573	S	10	0	10	0.0001508569
Arachidicoccus sp. B3-10	2545455	S	10	0	10	0.0001508569
Arachidicoccus soli	2341117	S	10	0	10	0.0001508569
Flavisolibacter ginsenosidimutans	661481	S	10	0	10	0.0001508569
Flavisolibacter tropicus	1492898	S	9	1	10	0.0001508569
Salinibacter ruber	146919	S	10	0	10	0.0001508569
Pirellula staleyi	125	S	10	0	10	0.0001508569
Candidatus Kuenenia stuttgartiensis	174633	S	10	0	10	0.0001508569
Granulicella sp. WH15	2602070	S	10	0	10	0.0001508569
Granulicella tundricola	940615	S	10	0	10	0.0001508569
Paludibaculum fermentans	1473598	S	10	0	10	0.0001508569
Natrialba magadii	13769	S	10	0	10	0.0001508569
Acidovorax cattleyae	80868	S	6	3	9	0.0001357712
Burkholderia sp. DHOD12	2571746	S	9	0	9	0.0001357712
Burkholderia sp. PAMC 26561	1795043	S	5	4	9	0.0001357712
Burkholderia sp. KK1	1855726	S	4	5	9	0.0001357712
Paraburkholderia sp. 7MH5	2547399	S	9	0	9	0.0001357712
Paraburkholderia fungorum	134537	S	8	1	9	0.0001357712
Janthinobacterium sp. B9-8	1236179	S	7	2	9	0.0001357712
Bordetella sp. N	1746199	S	9	0	9	0.0001357712
Pusillimonas thiosulfatoxidans	2028345	S	9	0	9	0.0001357712
Methylophilus sp. TWE2	1662285	S	9	0	9	0.0001357712
Sulfuricella denitrificans	649841	S	9	0	9	0.0001357712
Sideroxydans lithotrophicus	63745	S	9	0	9	0.0001357712
Pseudomonas sp. M30-35	1981174	S	9	0	9	0.0001357712
Pseudomonas cedrina	651740	S	8	1	9	0.0001357712
Acinetobacter seifertii	1530123	S	7	2	9	0.0001357712
Dyella sp. G9	2763498	S	9	0	9	0.0001357712
Klebsiella quasipneumoniae	1463165	S	4	5	9	0.0001357712
Citrobacter portucalensis	1639133	S	2	7	9	0.0001357712
Leclercia adecarboxylata	83655	S	4	5	9	0.0001357712
Pantoea dispersa	59814	S	9	0	9	0.0001357712
Erwinia billingiae	182337	S	6	3	9	0.0001357712
Serratia sp. SCBI	488142	S	2	7	9	0.0001357712
Pectobacterium carotovorum	554	S	3	6	9	0.0001357712
Dickeya sp. MK7	1224145	S	1	8	9	0.0001357712
Hafnia alvei	569	S	6	3	9	0.0001357712
Aeromonas sp. ASNIH4	1636609	S	3	6	9	0.0001357712
Aeromonas sp. 2692-1	2560029	S	3	6	9	0.0001357712
Tolumonas auensis	43948	S	8	1	9	0.0001357712
Legionella oakridgensis	29423	S	9	0	9	0.0001357712
Bradyrhizobium genosp. L	83637	S	8	1	9	0.0001357712
Bradyrhizobium guangzhouense	1325095	S	6	3	9	0.0001357712
Rhizobium sp. CIAT894	2020312	S	7	2	9	0.0001357712
Rhizobium sp. N324	1703969	S	1	8	9	0.0001357712
Rhizobium pseudoryzae	379684	S	8	1	9	0.0001357712
Rhizobium lentis	1138194	S	8	1	9	0.0001357712
Agrobacterium vitis	373	S	9	0	9	0.0001357712
Pseudorhizobium banfieldiae	1125847	S	3	6	9	0.0001357712
Ensifer adhaerens	106592	S	7	2	9	0.0001357712
Shinella sp. PSBB067	2715959	S	5	4	9	0.0001357712
Methylobacterium sp. AMS5	925818	S	7	2	9	0.0001357712
Mesorhizobium sp. DCY119	2108445	S	8	1	9	0.0001357712
Mesorhizobium huakuii	28104	S	7	2	9	0.0001357712
Mesorhizobium japonicum	2066070	S	6	3	9	0.0001357712
Roseitalea porphyridii	1852022	S	9	0	9	0.0001357712
Aquabacter sp. L1I39	2820278	S	9	0	9	0.0001357712
Methylocystis sp. SC2	187303	S	8	1	9	0.0001357712
Sphingomonas sp. LM7	1938607	S	9	0	9	0.0001357712
Sphingomonas sp. HMP6	1517551	S	9	0	9	0.0001357712
Sphingomonas sp. HDW15A	2714942	S	9	0	9	0.0001357712
Sphingomonas panacisoli	1813879	S	9	0	9	0.0001357712
Zymomonas mobilis	542	S	9	0	9	0.0001357712
Allosphingosinicella indica	941907	S	9	0	9	0.0001357712
Novosphingopyxis sp. PB63	2762729	S	7	2	9	0.0001357712
Aurantiacibacter gangjinensis	502682	S	9	0	9	0.0001357712
Paraurantiacibacter namhicola	645517	S	9	0	9	0.0001357712
Sphingosinicella microcystinivorans	335406	S	9	0	9	0.0001357712
Sandaracinobacter sp. M6	2759707	S	9	0	9	0.0001357712
Paracoccus sp. H4-D09	2812658	S	8	1	9	0.0001357712
Paracoccus suum	2259340	S	8	1	9	0.0001357712
Sulfitobacter sp. SK025	1389011	S	4	5	9	0.0001357712
Salipiger pacificus	311180	S	9	0	9	0.0001357712
Rhodovulum sp. MB263	308754	S	7	2	9	0.0001357712
Thalassobius gelatinovorus	53501	S	9	0	9	0.0001357712
Lichenicola cladoniae	1484109	S	9	0	9	0.0001357712
Candidatus Pelagibacter sp. FZCC0015	2268451	S	9	0	9	0.0001357712
Sulfurospirillum sp. UCH001	1581011	S	9	0	9	0.0001357712
Myxococcus hansupus	1297742	S	7	2	9	0.0001357712
Bdellovibrio sp. NC01	2220073	S	8	1	9	0.0001357712
Silvanigrella aquatica	1915309	S	9	0	9	0.0001357712
Microlunatus sp. KUDC0627	2596828	S	9	0	9	0.0001357712
Nocardioides sp. JS614	196162	S	8	1	9	0.0001357712
Aeromicrobium erythreum	2041	S	9	0	9	0.0001357712
Curtobacterium sp. Csp2	2495430	S	2	7	9	0.0001357712
Microbacterium sp. TPU 3598	1938334	S	8	1	9	0.0001357712
Microbacterium sp. 10M-3C3	2483401	S	8	1	9	0.0001357712
Microbacterium sp. CBA3102	2603598	S	8	1	9	0.0001357712
Microbacterium sp. Se63.02b	2709304	S	8	1	9	0.0001357712
Microbacterium sp. YJN-G	2763257	S	8	1	9	0.0001357712
Microbacterium caowuchunii	2614638	S	9	0	9	0.0001357712
Microterricola viridarii	412690	S	9	0	9	0.0001357712
Glaciihabitans sp. INWT7	2596912	S	9	0	9	0.0001357712
Kocuria sp. BT304	1702043	S	5	4	9	0.0001357712
Kocuria rosea	1275	S	9	0	9	0.0001357712
Brachybacterium vulturis	2017484	S	8	1	9	0.0001357712
Mycolicibacterium thermoresistibile	1797	S	9	0	9	0.0001357712
Mycolicibacterium parafortuitum	39692	S	9	0	9	0.0001357712
Mycolicibacterium mucogenicum	56689	S	8	1	9	0.0001357712
Mycobacterium sp. QIA-37	1561223	S	1	8	9	0.0001357712
Mycobacterium canettii	78331	S	2	7	9	0.0001357712
Mycolicibacillus koreensis	1069220	S	8	1	9	0.0001357712
Corynebacterium sp. 1959	2675216	S	9	0	9	0.0001357712
Rhodococcus sp. W8901	2742603	S	8	1	9	0.0001357712
Nocardia sp. CS682	1047172	S	9	0	9	0.0001357712
Nocardia otitidiscaviarum	1823	S	9	0	9	0.0001357712
Nocardia asteroides	1824	S	8	1	9	0.0001357712
Streptomyces sp. NA02950	2742137	S	9	0	9	0.0001357712
Streptomyces gilvosporeus	553510	S	9	0	9	0.0001357712
Streptomyces buecherae	2763006	S	9	0	9	0.0001357712
Streptomyces clavuligerus	1901	S	9	0	9	0.0001357712
Kitasatospora setae	2066	S	7	2	9	0.0001357712
Candidatus Nanopelagicus abundans	1884916	S	9	0	9	0.0001357712
Micromonospora sp. WMMC415	2675222	S	8	1	9	0.0001357712
Micromonospora echinaurantiaca	47857	S	8	1	9	0.0001357712
Micromonospora krabiensis	307121	S	8	1	9	0.0001357712
Actinocatenispora thailandica	227318	S	9	0	9	0.0001357712
Amycolatopsis sp. Hca4	2742131	S	8	1	9	0.0001357712
Saccharothrix syringae	103733	S	8	1	9	0.0001357712
Prauserella marina	530584	S	9	0	9	0.0001357712
Streptosporangium sp. 'caverna'	2202249	S	9	0	9	0.0001357712
Thermobispora bispora	2006	S	9	0	9	0.0001357712
Priestia megaterium	1404	S	7	2	9	0.0001357712
Mammaliicoccus sciuri	1296	S	8	1	9	0.0001357712
Paenibacillus sp. JNUCC-32	2777984	S	3	6	9	0.0001357712
Tumebacillus avium	1903704	S	8	1	9	0.0001357712
Lacticaseibacillus paracasei	1597	S	6	3	9	0.0001357712
Butyrivibrio proteoclasticus	43305	S	9	0	9	0.0001357712
Ruthenibacterium lactatiformans	1550024	S	9	0	9	0.0001357712
Acidaminococcus intestini	187327	S	9	0	9	0.0001357712
Finegoldia magna	1260	S	8	1	9	0.0001357712
Geminocystis herdmanii	669359	S	9	0	9	0.0001357712
Nostoc sp. TCL240-02	2572090	S	5	4	9	0.0001357712
Synechocystis sp. PCC 6714	1147	S	2	7	9	0.0001357712
Deinococcus gobiensis	502394	S	9	0	9	0.0001357712
Deinococcus actinosclerus	1768108	S	6	3	9	0.0001357712
Flavobacterium arcticum	1784713	S	9	0	9	0.0001357712
Polaribacter vadi	1774273	S	8	1	9	0.0001357712
Winogradskyella sediminis	1382466	S	7	2	9	0.0001357712
Tenacibaculum sp. SZ-18	754423	S	9	0	9	0.0001357712
Nonlabens dokdonensis	328515	S	9	0	9	0.0001357712
Aquimarina sp. AD1	1714848	S	9	0	9	0.0001357712
Cellulophaga baltica	76594	S	8	1	9	0.0001357712
Aequorivita sp. H23M31	2494375	S	9	0	9	0.0001357712
Seonamhaeicola sp. S2-3	1936081	S	8	1	9	0.0001357712
Gillisia sp. Hel1_33_143	1336796	S	7	2	9	0.0001357712
Chryseobacterium carnipullorum	1124835	S	8	1	9	0.0001357712
Chryseobacterium cucumeris	1813611	S	8	1	9	0.0001357712
Chryseobacterium joostei	112234	S	7	2	9	0.0001357712
Bacteroides sp. M10	2763022	S	6	3	9	0.0001357712
Bacteroides helcogenes	290053	S	9	0	9	0.0001357712
Alistipes communis	2585118	S	8	1	9	0.0001357712
Coprobacter sp. 2CBH44	2751153	S	8	1	9	0.0001357712
Pedobacter sp. PACM 27299	1727164	S	9	0	9	0.0001357712
Sphingobacterium thalpophilum	259	S	6	3	9	0.0001357712
Hymenobacter sp. PAMC 26554	1484116	S	9	0	9	0.0001357712
Hymenobacter sp. APR13	1356852	S	7	2	9	0.0001357712
Pontibacter sp. SGAir0037	2571030	S	9	0	9	0.0001357712
Fulvivirga sp. S481	2810512	S	9	0	9	0.0001357712
Aureliella helgolandensis	2527968	S	9	0	9	0.0001357712
Aeoliella mucimassa	2527972	S	9	0	9	0.0001357712
Polystyrenella longa	2528007	S	9	0	9	0.0001357712
Parachlamydia acanthamoebae	83552	S	9	0	9	0.0001357712
Brachyspira pilosicoli	52584	S	9	0	9	0.0001357712
Methanosarcina barkeri	2208	S	9	0	9	0.0001357712
Methanobrevibacter smithii	2173	S	9	0	9	0.0001357712
Methanobacterium lacus	877455	S	9	0	9	0.0001357712
Burkholderia stabilis	95485	S	5	3	8	0.0001206855
Burkholderia ambifaria	152480	S	4	4	8	0.0001206855
Burkholderia thailandensis	57975	S	7	1	8	0.0001206855
Burkholderia sp. THE68	758782	S	8	0	8	0.0001206855
Burkholderia plantarii	41899	S	7	1	8	0.0001206855
Pandoraea faecigallinarum	656179	S	8	0	8	0.0001206855
Caballeronia sp. M1242	2814653	S	8	0	8	0.0001206855
Caballeronia insecticola	758793	S	8	0	8	0.0001206855
Herbaspirillum seropedicae	964	S	6	2	8	0.0001206855
Bordetella sp. H567	1697043	S	8	0	8	0.0001206855
Bordetella flabilis	463014	S	8	0	8	0.0001206855
Bordetella bronchialis	463025	S	8	0	8	0.0001206855
Alcaligenes aquatilis	323284	S	3	5	8	0.0001206855
Sutterella wadsworthensis	40545	S	6	2	8	0.0001206855
Chromobacterium rhizoryzae	1778675	S	2	6	8	0.0001206855
Aquitalea aquatilis	1537400	S	7	1	8	0.0001206855
Jeongeupia sp. USM3	1906741	S	8	0	8	0.0001206855
Neisseria sicca	490	S	6	2	8	0.0001206855
Neisseria gonorrhoeae	485	S	5	3	8	0.0001206855
Simonsiella muelleri	72	S	8	0	8	0.0001206855
Rugosibacter aromaticivorans	1565605	S	8	0	8	0.0001206855
Denitratisoma oestradiolicum	311182	S	8	0	8	0.0001206855
Thiobacillus denitrificans	36861	S	8	0	8	0.0001206855
Pseudomonas sp. CMR5c	658630	S	8	0	8	0.0001206855
Pseudomonas brenneri	129817	S	7	1	8	0.0001206855
Pseudomonas agarici	46677	S	8	0	8	0.0001206855
Pseudomonas eucalypticola	2599595	S	8	0	8	0.0001206855
Azotobacter chroococcum	353	S	7	1	8	0.0001206855
Acinetobacter sp. NEB149	2725684	S	3	5	8	0.0001206855
Acinetobacter sp. ACNIH1	1636603	S	3	5	8	0.0001206855
Acinetobacter gyllenbergii	134534	S	8	0	8	0.0001206855
Psychrobacter maritimus	256325	S	1	7	8	0.0001206855
Stenotrophomonas sp. G4	2303750	S	6	2	8	0.0001206855
Lysobacter antibioticus	84531	S	7	1	8	0.0001206855
Lysobacter gummosus	262324	S	7	1	8	0.0001206855
Lysobacter capsici	435897	S	7	1	8	0.0001206855
Thermomonas brevis	215691	S	8	0	8	0.0001206855
Dyella thiooxydans	445710	S	7	1	8	0.0001206855
Aerosticca soli	2010829	S	5	3	8	0.0001206855
Klebsiella michiganensis	1134687	S	4	4	8	0.0001206855
Kluyvera intermedia	61648	S	7	1	8	0.0001206855
Rahnella sp. ERMR1:05	1805933	S	8	0	8	0.0001206855
Providencia stuartii	588	S	2	6	8	0.0001206855
Photorhabdus laumondii	2218628	S	8	0	8	0.0001206855
Hahella sp. KA22	1628392	S	7	1	8	0.0001206855
Shewanella donghaensis	238836	S	8	0	8	0.0001206855
Aliivibrio fischeri	668	S	8	0	8	0.0001206855
Grimontia hollisae	673	S	8	0	8	0.0001206855
Aeromonas encheleia	73010	S	8	0	8	0.0001206855
Aeromonas rivipollensis	948519	S	5	3	8	0.0001206855
Thioalkalivibrio paradoxus	108010	S	7	1	8	0.0001206855
Halioglobus japonicus	930805	S	8	0	8	0.0001206855
Congregibacter litoralis	393662	S	6	2	8	0.0001206855
Haemophilus influenzae	727	S	6	2	8	0.0001206855
Legionella cherrii	28084	S	8	0	8	0.0001206855
Methylovulum psychrotolerans	1704499	S	8	0	8	0.0001206855
Thiothrix unzii	111769	S	7	1	8	0.0001206855
Bradyrhizobium sp. PSBB068	2715960	S	7	1	8	0.0001206855
Bradyrhizobium sp. CCBAU 53351	1325114	S	5	3	8	0.0001206855
Tardiphaga sp. vice278	2592815	S	1	7	8	0.0001206855
Rhizobium sp. Khangiran2	1435607	S	4	4	8	0.0001206855
Candidatus Liberibacter asiaticus	34021	S	3	5	8	0.0001206855
Georhizobium profundi	2341112	S	7	1	8	0.0001206855
Microvirga sp. 17 mud 1-3	2082949	S	7	1	8	0.0001206855
Mesorhizobium sp. M6A.T.Cr.TU.016.01.1.1	2493677	S	7	1	8	0.0001206855
Mesorhizobium sp. L-8-3	2744522	S	3	5	8	0.0001206855
Mesorhizobium amorphae	71433	S	7	1	8	0.0001206855
Mesorhizobium oceanicum	1670800	S	7	1	8	0.0001206855
Aminobacter sp. MSH1	374606	S	6	2	8	0.0001206855
Phyllobacterium zundukense	1867719	S	7	1	8	0.0001206855
Oricola thermophila	2742145	S	8	0	8	0.0001206855
Devosia sp. LEGU1	2774137	S	8	0	8	0.0001206855
Bartonella sp. 114	1933909	S	1	7	8	0.0001206855
Ochrobactrum sp. MT180101	2726427	S	2	6	8	0.0001206855
Sphingomonas sp. YZ-8	2319844	S	8	0	8	0.0001206855
Sphingomonas ginsengisoli An et al. 2013	363835	S	8	0	8	0.0001206855
Sphingobium sp. SCG-1	2072936	S	8	0	8	0.0001206855
Sphingobium fuliginis	336203	S	2	6	8	0.0001206855
Sphingorhabdus sp. SMR4y	2584094	S	8	0	8	0.0001206855
Erythrobacter sp. HKB08	2502843	S	8	0	8	0.0001206855
Altererythrobacter sp. TH136	2067415	S	8	0	8	0.0001206855
Sulfitobacter sp. BSw21498	664426	S	7	1	8	0.0001206855
Sulfitobacter sp. AM1-D1	1917485	S	4	4	8	0.0001206855
Celeribacter indicus	1208324	S	5	3	8	0.0001206855
Thioclava electrotropha	1549850	S	6	2	8	0.0001206855
Roseicitreum antarcticum	564137	S	8	0	8	0.0001206855
Azospirillum thiophilum	528244	S	6	2	8	0.0001206855
Defluviicoccus vanus	111831	S	8	0	8	0.0001206855
Komagataeibacter xylinus	28448	S	5	3	8	0.0001206855
Gluconacetobacter diazotrophicus	33996	S	8	0	8	0.0001206855
Acidibrevibacterium fodinaquatile	1969806	S	8	0	8	0.0001206855
Phreatobacter cathodiphilus	1868589	S	7	1	8	0.0001206855
Hyphomonas sp. CACIAM 19H1	1873716	S	8	0	8	0.0001206855
Malaciobacter molluscorum	1032072	S	8	0	8	0.0001206855
Sulfurospirillum sp. JPD-1	220622	S	1	7	8	0.0001206855
Sulfuricurvum kujiense	148813	S	8	0	8	0.0001206855
Desulfovibrio desulfuricans	876	S	7	1	8	0.0001206855
Geobacter sulfurreducens	35554	S	7	1	8	0.0001206855
Acidipropionibacterium virtanenii	2057246	S	8	0	8	0.0001206855
Propioniciclava sp. HDW11	2714937	S	7	1	8	0.0001206855
Brevilactibacter sp. MC1595	2819349	S	7	1	8	0.0001206855
Nocardioides sp. zg-1228	2763008	S	7	1	8	0.0001206855
Nocardioides cynanchi	2558918	S	8	0	8	0.0001206855
Aeromicrobium sp. A1-2	2107713	S	8	0	8	0.0001206855
Aeromicrobium sp. zg-629	2663859	S	8	0	8	0.0001206855
Curtobacterium sp. MR_MD2014	1561023	S	6	2	8	0.0001206855
Microbacterium testaceum	2033	S	8	0	8	0.0001206855
Microbacterium sediminis	904291	S	6	2	8	0.0001206855
Rathayibacter sp. VKM Ac-2762	2609254	S	2	6	8	0.0001206855
Agromyces protaetiae	2509455	S	7	1	8	0.0001206855
Kocuria turfanensis	388357	S	8	0	8	0.0001206855
Arthrobacter agilis	37921	S	8	0	8	0.0001206855
Glutamicibacter protophormiae	37930	S	6	2	8	0.0001206855
Paenarthrobacter sp. YJN-D	2735317	S	7	1	8	0.0001206855
Arsenicicoccus sp. oral taxon 190	1658671	S	7	1	8	0.0001206855
Cellulomonas sp. PSBB021	2003551	S	7	1	8	0.0001206855
Brachybacterium ginsengisoli	1331682	S	7	1	8	0.0001206855
Ornithinimicrobium flavum	1288636	S	6	2	8	0.0001206855
Cellulosimicrobium sp. 72-3	2731680	S	2	6	8	0.0001206855
Georgenia sp. Z443	2589797	S	8	0	8	0.0001206855
Sanguibacter sp. HDW7	2714931	S	8	0	8	0.0001206855
Mycolicibacterium aurum	1791	S	8	0	8	0.0001206855
Mycolicibacterium chitae	1792	S	8	0	8	0.0001206855
Mycolicibacterium insubricum	444597	S	7	1	8	0.0001206855
Mycobacterium kubicae	120959	S	8	0	8	0.0001206855
Corynebacterium ureicelerivorans	401472	S	8	0	8	0.0001206855
Corynebacterium glaucum	187491	S	8	0	8	0.0001206855
Corynebacterium matruchotii	43768	S	8	0	8	0.0001206855
Corynebacterium testudinoris	136857	S	8	0	8	0.0001206855
Corynebacterium marinum	349751	S	7	1	8	0.0001206855
Nocardia farcinica	37329	S	7	1	8	0.0001206855
Dietzia sp. oral taxon 368	712270	S	6	2	8	0.0001206855
Streptomyces sp. So13.3	2136173	S	8	0	8	0.0001206855
Streptomyces sp. CB01881	2078691	S	8	0	8	0.0001206855
Streptomyces sp. TLI_053	1855352	S	8	0	8	0.0001206855
Streptomyces sp. CdTB01	1725411	S	8	0	8	0.0001206855
Streptomyces sp. SN-593	659352	S	8	0	8	0.0001206855
Streptomyces sp. M2	646637	S	8	0	8	0.0001206855
Streptomyces sp. RPA4-5	2721245	S	7	1	8	0.0001206855
Streptomyces sp. HF10	2692233	S	6	2	8	0.0001206855
Streptomyces sp. SYP-A7193	2662065	S	6	2	8	0.0001206855
Streptomyces sp. Mg1	465541	S	4	4	8	0.0001206855
Streptomyces exfoliatus	1905	S	8	0	8	0.0001206855
Streptomyces bathyalis	2710756	S	8	0	8	0.0001206855
Streptomyces aureoverticillatus	66871	S	8	0	8	0.0001206855
Streptomyces atratus	1893	S	8	0	8	0.0001206855
Streptomyces griseoviridis	45398	S	8	0	8	0.0001206855
Streptacidiphilus bronchialis	2126346	S	8	0	8	0.0001206855
Micromonospora echinospora	1877	S	7	1	8	0.0001206855
Micromonospora siamensis	299152	S	7	1	8	0.0001206855
Pseudonocardia sp. CGMCC 4.1532	2761535	S	7	1	8	0.0001206855
Pseudonocardia sp. AL041005-10	445576	S	5	3	8	0.0001206855
Saccharomonospora azurea	40988	S	7	1	8	0.0001206855
Saccharomonospora marina	632569	S	7	1	8	0.0001206855
Bifidobacterium angulatum	1683	S	8	0	8	0.0001206855
Blastococcus saxobsidens	138336	S	8	0	8	0.0001206855
Bacillus gobiensis	1441095	S	8	0	8	0.0001206855
Staphylococcus nepalensis	214473	S	8	0	8	0.0001206855
Paenibacillus cellulositrophicus	562959	S	8	0	8	0.0001206855
Leuconostoc citreum	33964	S	3	5	8	0.0001206855
Lacticaseibacillus rhamnosus	47715	S	8	0	8	0.0001206855
Enterococcus faecalis	1351	S	7	1	8	0.0001206855
Butyrivibrio fibrisolvens	831	S	8	0	8	0.0001206855
Clostridium sp. CT4	2320868	S	8	0	8	0.0001206855
Caloramator sp. E03	2576307	S	8	0	8	0.0001206855
Monoglobus pectinilyticus	1981510	S	7	1	8	0.0001206855
Keratinibaculum paraultunense	1278232	S	8	0	8	0.0001206855
Moorea producens	1155739	S	8	0	8	0.0001206855
Limnospira indica	147322	S	1	7	8	0.0001206855
Nostoc sp. CENA543	1869241	S	8	0	8	0.0001206855
Nostoc sp. 'Peltigera membranacea cyanobiont' N6	1261031	S	6	2	8	0.0001206855
Nostoc piscinale	224012	S	7	1	8	0.0001206855
Nostoc edaphicum	264686	S	6	2	8	0.0001206855
Cylindrospermum stagnale	142864	S	8	0	8	0.0001206855
Calothrix sp. 336/3	1337936	S	7	1	8	0.0001206855
Calothrix parasitica	1973486	S	8	0	8	0.0001206855
Raphidiopsis curvata	312883	S	3	5	8	0.0001206855
Synechococcus sp. M16.1	1442553	S	2	6	8	0.0001206855
Cyanobium sp. NIES-981	1851505	S	7	1	8	0.0001206855
Pleurocapsa minor	54308	S	7	1	8	0.0001206855
Polaribacter sp. ALD11	2058137	S	7	1	8	0.0001206855
Polaribacter sp. G4M1	2808900	S	7	1	8	0.0001206855
Myroides phaeus	702745	S	6	2	8	0.0001206855
Lacinutrix sp. WUR7	2653681	S	7	1	8	0.0001206855
Maribacter sp. HTCC2170	313603	S	8	0	8	0.0001206855
Psychroflexus torquis	57029	S	8	0	8	0.0001206855
Arenibacter algicola	616991	S	8	0	8	0.0001206855
Croceibacter atlanticus	313588	S	7	1	8	0.0001206855
Leeuwenhoekiella sp. ZYFB001	2719912	S	7	1	8	0.0001206855
Chryseobacterium sp. cx-624	2758037	S	7	1	8	0.0001206855
Chryseobacterium camelliae	1265445	S	6	2	8	0.0001206855
Kaistella flava (ex Peng et al. 2021)	2038776	S	8	0	8	0.0001206855
Chryseobacterium haifense	421525	S	4	4	8	0.0001206855
Riemerella anatipestifer	34085	S	8	0	8	0.0001206855
Phocaeicola salanitronis	376805	S	8	0	8	0.0001206855
Prevotella intermedia	28131	S	8	0	8	0.0001206855
Paraprevotella xylaniphila	454155	S	7	1	8	0.0001206855
Tannerella sp. oral taxon HOT-286	712710	S	8	0	8	0.0001206855
Odoribacter splanchnicus	28118	S	8	0	8	0.0001206855
Mucilaginibacter ginsenosidivorans	398053	S	8	0	8	0.0001206855
Mucilaginibacter paludis	423351	S	8	0	8	0.0001206855
Sphingobacterium sp. G1-14	2003121	S	2	6	8	0.0001206855
Sphingobacterium psychroaquaticum	561061	S	8	0	8	0.0001206855
Dyadobacter fermentans	94254	S	8	0	8	0.0001206855
Rhodocytophaga rosea	2704465	S	8	0	8	0.0001206855
Rufibacter sp. DG15C	1379909	S	6	2	8	0.0001206855
Cyclobacterium amurskyense	320787	S	8	0	8	0.0001206855
Rhodopirellula baltica	265606	S	8	0	8	0.0001206855
Thermogutta terrifontis	1331910	S	8	0	8	0.0001206855
Coraliomargarita akajimensis	395922	S	8	0	8	0.0001206855
Terriglobus roseus	392734	S	8	0	8	0.0001206855
Fusobacterium ulcerans	861	S	7	1	8	0.0001206855
Nitrospira sp. KM1	1936990	S	8	0	8	0.0001206855
Methanoregula formicica	882104	S	8	0	8	0.0001206855
Staphylococcus virus phiMR25	487152	S	1	7	8	0.0001206855
Candidatus Symbiobacter mobilis	1436290	S	7	0	7	0.0001055998
Polynucleobacter acidiphobus	556053	S	7	0	7	0.0001055998
Burkholderia sp. CCGE1003	640512	S	6	1	7	0.0001055998
Cupriavidus nantongensis	1796606	S	3	4	7	0.0001055998
Paraburkholderia sp. PGU16	2735433	S	6	1	7	0.0001055998
Paraburkholderia sp. Msb3	2604047	S	5	2	7	0.0001055998
Paraburkholderia sprentiae	948107	S	7	0	7	0.0001055998
Paraburkholderia graminis	60548	S	6	1	7	0.0001055998
Paraburkholderia phytofirmans	261302	S	5	2	7	0.0001055998
Pandoraea vervacti	656178	S	7	0	7	0.0001055998
Pandoraea sp. XY-2	2518599	S	6	1	7	0.0001055998
Castellaniella defragrans	75697	S	5	2	7	0.0001055998
Chromobacterium violaceum	536	S	6	1	7	0.0001055998
Neisseria chenwenguii	1853278	S	7	0	7	0.0001055998
Thauera chlorobenzoica	96773	S	4	3	7	0.0001055998
Sulfuriferula sp. AH1	1985873	S	6	1	7	0.0001055998
Candidatus Nitrotoga sp. AM1P	2559597	S	7	0	7	0.0001055998
Pseudomonas sp. TUM18999	2725477	S	7	0	7	0.0001055998
Pseudomonas sp. 15A4	2804761	S	7	0	7	0.0001055998
Pseudomonas sp. S-6-2	1931241	S	7	0	7	0.0001055998
Pseudomonas tolaasii	29442	S	7	0	7	0.0001055998
Pseudomonas trivialis	200450	S	6	1	7	0.0001055998
Pseudomonas nitroreducens	46680	S	5	2	7	0.0001055998
Pseudomonas yamanorum	515393	S	7	0	7	0.0001055998
Azotobacter salinestris	69964	S	6	1	7	0.0001055998
Acinetobacter sp. WCHA45	2004644	S	4	3	7	0.0001055998
Acinetobacter shaoyimingii	2715164	S	7	0	7	0.0001055998
Acinetobacter chinensis	2004650	S	5	2	7	0.0001055998
Aquirhabdus parva	2283318	S	7	0	7	0.0001055998
Xanthomonas sp. LMG 31887	2775162	S	2	5	7	0.0001055998
Lysobacter sp. TY2-98	2290922	S	7	0	7	0.0001055998
Lysobacter sp. H21R20	2781022	S	3	4	7	0.0001055998
Luteimonas yindakuii	2565782	S	7	0	7	0.0001055998
Dokdonella koreensis	323415	S	7	0	7	0.0001055998
Klebsiella grimontii	2058152	S	2	5	7	0.0001055998
Citrobacter freundii complex sp. CFNIH9	2077149	S	1	6	7	0.0001055998
Raoultella terrigena	577	S	5	2	7	0.0001055998
Kosakonia cowanii	208223	S	4	3	7	0.0001055998
Buttiauxella sp. 3AFRM03	2479367	S	6	1	7	0.0001055998
Pectobacterium parmentieri	1905730	S	5	2	7	0.0001055998
Halomonas sp. MCCC 1A13718	2733488	S	7	0	7	0.0001055998
Halomonas sp. THAF12	2587849	S	6	1	7	0.0001055998
Halomonas sp. MCCC 1A11059	2733484	S	1	6	7	0.0001055998
Halotalea alkalilenta	376489	S	7	0	7	0.0001055998
Pseudoalteromonas marina	267375	S	3	4	7	0.0001055998
Glaciecola amylolytica	2489595	S	7	0	7	0.0001055998
Catenovulum sediminis	1740262	S	7	0	7	0.0001055998
Moritella marina	90736	S	7	0	7	0.0001055998
Vibrio campbellii	680	S	7	0	7	0.0001055998
Vibrio sp. THAF190c	2587865	S	7	0	7	0.0001055998
Vibrio sp. sp1	2766781	S	1	6	7	0.0001055998
Aeromonas sp. CU5	2033033	S	7	0	7	0.0001055998
Acidihalobacter yilgarnenesis	2819280	S	7	0	7	0.0001055998
Spongiibacter sp. IMCC21906	1620392	S	6	1	7	0.0001055998
Legionella longbeachae	450	S	7	0	7	0.0001055998
Legionella endosymbiont of Polyplax serrata	2005262	S	7	0	7	0.0001055998
Legionella waltersii	66969	S	6	1	7	0.0001055998
Methylococcus sp. EFPC2	2812648	S	7	0	7	0.0001055998
Methylococcus sp. IM1	2681310	S	6	1	7	0.0001055998
Methylotuvimicrobium alcaliphilum	271065	S	5	2	7	0.0001055998
Piscirickettsia salmonis	1238	S	7	0	7	0.0001055998
Gallaecimonas mangrovi	2291597	S	7	0	7	0.0001055998
Pseudohongiella spirulinae	1249552	S	7	0	7	0.0001055998
Sulfurifustis variabilis	1675686	S	7	0	7	0.0001055998
Gilliamella apicola	1196095	S	7	0	7	0.0001055998
Bradyrhizobium sp. LCT2	2493093	S	2	5	7	0.0001055998
Bradyrhizobium zhanjiangense	1325107	S	7	0	7	0.0001055998
Bradyrhizobium guangxiense	1325115	S	5	2	7	0.0001055998
Nitrobacter hamburgensis	912	S	7	0	7	0.0001055998
Rhizobium favelukesii	348824	S	6	1	7	0.0001055998
Rhizobium daejeonense	240521	S	4	3	7	0.0001055998
Mesorhizobium sp. M9A.F.Ca.ET.002.03.1.2	2493668	S	6	1	7	0.0001055998
Mesorhizobium sp. M1B.F.Ca.ET.045.04.1.1	2493673	S	6	1	7	0.0001055998
Nitratireductor sp. OM-1	1756988	S	7	0	7	0.0001055998
Chelativorans sp. BNC1	266779	S	7	0	7	0.0001055998
Devosia sp. S02	2657486	S	7	0	7	0.0001055998
Starkeya novella	921	S	6	1	7	0.0001055998
Labrenzia sp. CP4	1674922	S	3	4	7	0.0001055998
Stappia sp. ES.058	1881061	S	7	0	7	0.0001055998
Hartmannibacter diazotrophicus	1482074	S	7	0	7	0.0001055998
Methylocella silvestris	199596	S	7	0	7	0.0001055998
Breoghania sp. L-A4	2304600	S	6	1	7	0.0001055998
Sphingomonas sp. ERG5	1381597	S	5	2	7	0.0001055998
Sphingomonas rhizophila	2071607	S	7	0	7	0.0001055998
Sphingobium chlorophenolicum	46429	S	5	2	7	0.0001055998
Erythrobacter mangrovi	2739433	S	5	2	7	0.0001055998
Tsuneonella mangrovi	1982042	S	7	0	7	0.0001055998
Altererythrobacter sp. ZODW24	2185142	S	7	0	7	0.0001055998
Altererythrobacter epoxidivorans	361183	S	7	0	7	0.0001055998
Aurantiacibacter atlanticus	1648404	S	5	2	7	0.0001055998
Paracoccus sp. BM15	1529068	S	7	0	7	0.0001055998
Paracoccus contaminans	1945662	S	7	0	7	0.0001055998
Celeribacter manganoxidans	1411902	S	6	1	7	0.0001055998
Roseovarius sp. THAF9	2587847	S	5	2	7	0.0001055998
Roseovarius indicus	540747	S	5	2	7	0.0001055998
Ruegeria pomeroyi	89184	S	7	0	7	0.0001055998
Thioclava nitratireducens	1915078	S	5	2	7	0.0001055998
Roseobacter denitrificans	2434	S	6	1	7	0.0001055998
Ketogulonicigenium robustum	92947	S	7	0	7	0.0001055998
Epibacterium mobile	379347	S	5	2	7	0.0001055998
Pelagibaca abyssi	1250539	S	5	2	7	0.0001055998
Asticcacaulis excentricus	78587	S	7	0	7	0.0001055998
Azospirillum sp. TSH100	652764	S	5	2	7	0.0001055998
Azospirillum oryzae	286727	S	3	4	7	0.0001055998
Pararhodospirillum photometricum	1084	S	7	0	7	0.0001055998
Roseomonas gilardii	257708	S	6	1	7	0.0001055998
Rickettsia amblyommatis	33989	S	4	3	7	0.0001055998
Hyphobacterium sp. CCMP332	2749086	S	7	0	7	0.0001055998
Aliarcobacter trophiarum	708186	S	7	0	7	0.0001055998
Aliarcobacter lanthieri	1355374	S	7	0	7	0.0001055998
Sulfurimonas sp. H1576	2672570	S	7	0	7	0.0001055998
Anaeromyxobacter dehalogenans	161493	S	7	0	7	0.0001055998
Vulgatibacter incomptus	1391653	S	7	0	7	0.0001055998
Desulfovibrio carbinolicus	296842	S	3	4	7	0.0001055998
Pseudodesulfovibrio aespoeensis	182210	S	5	2	7	0.0001055998
Desulfosarcina ovata	83564	S	7	0	7	0.0001055998
Desulfococcus oleovorans	181663	S	7	0	7	0.0001055998
Acidithiobacillus ferrooxidans	920	S	3	4	7	0.0001055998
Nocardioides sp. MC1495	2736757	S	6	1	7	0.0001055998
Nocardioides sp. HY056	2500546	S	6	1	7	0.0001055998
Nocardioides dokdonensis	450734	S	5	2	7	0.0001055998
Aeromicrobium choanae	1736691	S	7	0	7	0.0001055998
Aeromicrobium yanjiei	2662028	S	7	0	7	0.0001055998
Marmoricola scoriae	642780	S	6	1	7	0.0001055998
Kribbella flavida	182640	S	6	1	7	0.0001055998
Actinopolymorpha singaporensis	117157	S	7	0	7	0.0001055998
Curtobacterium sp. BH-2-1-1	1905847	S	6	1	7	0.0001055998
Microbacterium sp. WY121	2782168	S	7	0	7	0.0001055998
Microbacterium sp. JZ31	1906274	S	7	0	7	0.0001055998
Microbacterium sp. Nx66	2766784	S	4	3	7	0.0001055998
Agromyces sp. G127AT	2781962	S	7	0	7	0.0001055998
Salinibacterium sp. dk2585	2603292	S	7	0	7	0.0001055998
Rothia mucilaginosa	43675	S	7	0	7	0.0001055998
Pseudarthrobacter equi	728066	S	7	0	7	0.0001055998
Sinomonas atrocyanea	37927	S	7	0	7	0.0001055998
Cellulomonas shaoxiangyii	2566013	S	7	0	7	0.0001055998
Actinotalea sp. JY-7876	2758442	S	7	0	7	0.0001055998
Brachybacterium sp. P6-10-X1	1903186	S	7	0	7	0.0001055998
Dermabacter vaginalis	1630135	S	5	2	7	0.0001055998
Isoptericola dokdonensis	372663	S	7	0	7	0.0001055998
Haloactinobacterium sp. HY164	2675754	S	7	0	7	0.0001055998
Georgenia faecalis	2483799	S	7	0	7	0.0001055998
Miniimonas sp. S16	2171623	S	6	1	7	0.0001055998
Mycolicibacterium duvalii	39688	S	7	0	7	0.0001055998
Mycolicibacterium fortuitum	1766	S	7	0	7	0.0001055998
Mycolicibacterium mageritense	53462	S	7	0	7	0.0001055998
Mycolicibacterium phlei	1771	S	6	1	7	0.0001055998
Mycobacterium sp. DL592	2675524	S	7	0	7	0.0001055998
Mycobacterium sp. ELW1	1547487	S	6	1	7	0.0001055998
Mycobacterium sp. THAF192	2587868	S	2	5	7	0.0001055998
Mycobacterium sp. KMS	189918	S	1	6	7	0.0001055998
Mycobacterium colombiense	339268	S	7	0	7	0.0001055998
Mycobacterium avium	1764	S	6	1	7	0.0001055998
Corynebacterium anserum	2684406	S	7	0	7	0.0001055998
Corynebacterium propinquum	43769	S	7	0	7	0.0001055998
Corynebacterium glucuronolyticum	39791	S	7	0	7	0.0001055998
Corynebacterium vitaeruminis	38305	S	7	0	7	0.0001055998
Corynebacterium lactis	1231000	S	7	0	7	0.0001055998
Corynebacterium phocae	161895	S	7	0	7	0.0001055998
Corynebacterium genitalium	38288	S	7	0	7	0.0001055998
Corynebacterium deserti	1408191	S	6	1	7	0.0001055998
Rhodococcus sp. ABRD24	2507582	S	7	0	7	0.0001055998
Rhodococcus hoagii	43767	S	6	1	7	0.0001055998
Gordonia sp. KTR9	337191	S	7	0	7	0.0001055998
Gordonia sp. YC-JH1	2059875	S	5	2	7	0.0001055998
Gordonia rubripertincta	36822	S	6	1	7	0.0001055998
Streptomyces sp. MBT27	1488356	S	7	0	7	0.0001055998
Streptomyces sp. QMT-12	2717324	S	7	0	7	0.0001055998
Streptomyces sp. S4.7	2705439	S	7	0	7	0.0001055998
Streptomyces sp. SM18	1736046	S	7	0	7	0.0001055998
Streptomyces sp. YIM 121038	2136401	S	7	0	7	0.0001055998
Streptomyces sp. ZYC-3	2797636	S	7	0	7	0.0001055998
Streptomyces sp. RTd22	1841249	S	5	2	7	0.0001055998
Streptomyces nigra	1827580	S	7	0	7	0.0001055998
Streptomyces cyanogenus	80860	S	7	0	7	0.0001055998
Streptomyces seoulensis	73044	S	7	0	7	0.0001055998
Streptomyces albulus	68570	S	7	0	7	0.0001055998
Streptomyces cacaoi	1898	S	7	0	7	0.0001055998
Streptomyces nodosus	40318	S	7	0	7	0.0001055998
Streptomyces kanamyceticus	1967	S	7	0	7	0.0001055998
Streptomyces avermitilis	33903	S	7	0	7	0.0001055998
Streptomyces leeuwenhoekii	1437453	S	6	1	7	0.0001055998
Streptomyces violaceusniger	68280	S	6	1	7	0.0001055998
Streptomyces olivaceus	47716	S	4	3	7	0.0001055998
Kitasatospora sp. MMS16-BH015	2018025	S	7	0	7	0.0001055998
Micromonospora sp. 28ISP2-46	2749844	S	6	1	7	0.0001055998
Micromonospora coxensis	356852	S	6	1	7	0.0001055998
Actinoplanes missouriensis	1866	S	6	1	7	0.0001055998
Plantactinospora sp. BB1	2071627	S	5	2	7	0.0001055998
Amycolatopsis sp. AA4	1896961	S	7	0	7	0.0001055998
Amycolatopsis sp. FDAARGOS 1241	2778070	S	7	0	7	0.0001055998
Amycolatopsis keratiniphila	129921	S	4	3	7	0.0001055998
Saccharomonospora glauca	40990	S	6	1	7	0.0001055998
Alloactinosynnema sp. L-07	1653480	S	7	0	7	0.0001055998
Bifidobacterium bifidum	1681	S	7	0	7	0.0001055998
Bifidobacterium animalis	28025	S	7	0	7	0.0001055998
Actinomyces sp. HMT 175	2789425	S	4	3	7	0.0001055998
Pauljensenia hongkongensis	178339	S	6	1	7	0.0001055998
Frankia sp. EAN1pec	298653	S	7	0	7	0.0001055998
Gordonibacter pamelaeae	471189	S	4	3	7	0.0001055998
Rubrobacter sp. SCSIO 52909	2653851	S	7	0	7	0.0001055998
Lysinibacillus sp. 2017	2169540	S	7	0	7	0.0001055998
Jeotgalicoccus saudimassiliensis	1461582	S	7	0	7	0.0001055998
Paenibacillus sp. B01	2660554	S	6	1	7	0.0001055998
Brevibacillus sp. SCSIO 07484	2496837	S	7	0	7	0.0001055998
Brevibacillus sp. JNUCC-41	2778370	S	4	3	7	0.0001055998
Solibacillus sp. R5-41	2048654	S	6	1	7	0.0001055998
Streptococcus mitis	28037	S	6	1	7	0.0001055998
Streptococcus pneumoniae	1313	S	5	2	7	0.0001055998
Limosilactobacillus fermentum	1613	S	7	0	7	0.0001055998
Blautia argi	1912897	S	6	1	7	0.0001055998
Lachnoclostridium phytofermentans	66219	S	7	0	7	0.0001055998
Lachnoclostridium phocaeense	1871021	S	6	1	7	0.0001055998
Cellulosilyticum lentocellum	29360	S	1	6	7	0.0001055998
Herbinix luporum	1679721	S	6	1	7	0.0001055998
Clostridium butyricum	1492	S	7	0	7	0.0001055998
Alkaliphilus metalliredigens	208226	S	7	0	7	0.0001055998
Acutalibacter muris	1796620	S	7	0	7	0.0001055998
Romboutsia ilealis	1115758	S	6	1	7	0.0001055998
Desulfitobacterium hafniense	49338	S	7	0	7	0.0001055998
Caldicellulosiruptor lactoaceticus	52766	S	2	5	7	0.0001055998
Pelosinus sp. UFO1	484770	S	6	1	7	0.0001055998
[Clostridium] innocuum	1522	S	6	1	7	0.0001055998
Nostoc sp. PCC 7524	28072	S	7	0	7	0.0001055998
Scytonema sp. HK-05	1137095	S	6	1	7	0.0001055998
Microchaete diplosiphon	1197	S	3	4	7	0.0001055998
Chamaesiphon minutus	1173032	S	7	0	7	0.0001055998
Acholeplasma laidlawii	2148	S	7	0	7	0.0001055998
Deinococcus ficus	317577	S	7	0	7	0.0001055998
Truepera radiovictrix	332249	S	7	0	7	0.0001055998
Brevefilum fermentans	1986204	S	7	0	7	0.0001055998
Roseiflexus castenholzii	120962	S	7	0	7	0.0001055998
Candidatus Promineofilum breve	1806508	S	7	0	7	0.0001055998
Flavobacterium sp. xlx-214	2654325	S	7	0	7	0.0001055998
Polaribacter sp. L3A8	2686361	S	6	1	7	0.0001055998
Winogradskyella schleiferi	2686078	S	4	3	7	0.0001055998
Nonlabens sp. Hel1_33_55	1336802	S	7	0	7	0.0001055998
Nonlabens sp. MIC269	1476901	S	2	5	7	0.0001055998
Formosa sp. Hel1_31_208	1798225	S	7	0	7	0.0001055998
Chryseobacterium sp. G0186	2487064	S	5	2	7	0.0001055998
Elizabethkingia miricola	172045	S	4	3	7	0.0001055998
Weeksella virosa	1014	S	6	1	7	0.0001055998
Ornithobacterium rhinotracheale	28251	S	6	1	7	0.0001055998
Bacteroides sp. HF-5141	2650158	S	6	1	7	0.0001055998
Prevotella dentalis	52227	S	7	0	7	0.0001055998
Parabacteroides goldsteinii	328812	S	7	0	7	0.0001055998
Olivibacter sp. LS-1	2592345	S	1	6	7	0.0001055998
Spirosoma montaniterrae	1178516	S	7	0	7	0.0001055998
Spirosoma radiotolerans	1379870	S	7	0	7	0.0001055998
Arcticibacterium luteifluviistationis	1784714	S	7	0	7	0.0001055998
Hymenobacter sp. NBH84	2596915	S	7	0	7	0.0001055998
Hymenobacter sp. TS19	2735321	S	7	0	7	0.0001055998
Algoriphagus machipongonensis	388413	S	7	0	7	0.0001055998
Algoriphagus sanaruensis	1727163	S	7	0	7	0.0001055998
Belliella baltica	232259	S	6	1	7	0.0001055998
Chryseolinea soli	2321403	S	7	0	7	0.0001055998
Chitinophaga sp. MD30	2033437	S	7	0	7	0.0001055998
Chitinophaga caeni	2029983	S	7	0	7	0.0001055998
Arachidicoccus ginsenosidivorans	496057	S	7	0	7	0.0001055998
Rhodothermus marinus	29549	S	7	0	7	0.0001055998
Tuwongella immobilis	692036	S	7	0	7	0.0001055998
Phycisphaera mikurensis	547188	S	7	0	7	0.0001055998
Granulicella sp. 5B5	1617967	S	7	0	7	0.0001055998
Candidatus Koribacter versatilis	658062	S	7	0	7	0.0001055998
Acidisarcina polymorpha	2211140	S	7	0	7	0.0001055998
Fusobacterium pseudoperiodonticum	2663009	S	3	4	7	0.0001055998
Methanosarcina horonobensis	418008	S	7	0	7	0.0001055998
Methanoculleus bourgensis	83986	S	7	0	7	0.0001055998
Methanobrevibacter olleyae	294671	S	7	0	7	0.0001055998
Methanobacterium paludis	868131	S	7	0	7	0.0001055998
Flavobacterium phage vB_FspS_tooticki6-1	2686279	S	1	6	7	0.0001055998
uncultured crAssphage	1211417	S	7	0	7	0.0001055998
Burkholderia pyrrocinia	60550	S	4	2	6	0.0000905141
Paraburkholderia atlantica	2654982	S	6	0	6	0.0000905141
Paraburkholderia ginsengisoli	311231	S	5	1	6	0.0000905141
Paraburkholderia phenoliruptrix	252970	S	5	1	6	0.0000905141
Herminiimonas arsenitoxidans	1809410	S	5	1	6	0.0000905141
Bordetella pseudohinzii	1331258	S	5	1	6	0.0000905141
Chromobacterium phragmitis	2202141	S	5	1	6	0.0000905141
Chitinibacter sp. 2T18	2739434	S	4	2	6	0.0000905141
Deefgea sp. D17	2739061	S	6	0	6	0.0000905141
Neisseria dentiae	194197	S	6	0	6	0.0000905141
Neisseria mucosa	488	S	4	2	6	0.0000905141
Alysiella filiformis	194196	S	6	0	6	0.0000905141
Nitrosomonas ureae	44577	S	4	2	6	0.0000905141
Nitrosospira lacus	1288494	S	6	0	6	0.0000905141
Pseudomonas sp. 02C 26	2054914	S	6	0	6	0.0000905141
Pseudomonas sp. ADAK18	2730848	S	6	0	6	0.0000905141
Pseudomonas sp. Y39-6	2749807	S	2	4	6	0.0000905141
Pseudomonas poae	200451	S	5	1	6	0.0000905141
Pseudomonas furukawaii	1149133	S	6	0	6	0.0000905141
Pseudomonas resinovorans	53412	S	6	0	6	0.0000905141
Pseudomonas antarctica	219572	S	6	0	6	0.0000905141
Pseudomonas taetrolens	47884	S	6	0	6	0.0000905141
Pseudomonas prosekii	1148509	S	6	0	6	0.0000905141
Entomomonas sp. F2A	2785331	S	6	0	6	0.0000905141
Acinetobacter sp. MYb10	1827285	S	6	0	6	0.0000905141
Acinetobacter sp. ACNIH2	1758189	S	5	1	6	0.0000905141
Acinetobacter calcoaceticus	471	S	6	0	6	0.0000905141
Acinetobacter tandoii	202954	S	6	0	6	0.0000905141
Acinetobacter bereziniae	106648	S	6	0	6	0.0000905141
Psychrobacter sp. YP14	2203895	S	2	4	6	0.0000905141
Psychrobacter sp. PRwf-1	349106	S	2	4	6	0.0000905141
Stenotrophomonas sp. LM091	1904944	S	6	0	6	0.0000905141
Stenotrophomonas sp. 364	2691571	S	6	0	6	0.0000905141
Stenotrophomonas sp. NA06056	2742129	S	6	0	6	0.0000905141
Lysobacter sp. HDW10	2714936	S	6	0	6	0.0000905141
Lysobacter oculi	2698682	S	6	0	6	0.0000905141
Luteimonas sp. JM171	1896164	S	6	0	6	0.0000905141
Luteimonas sp. MC1825	2761107	S	6	0	6	0.0000905141
Luteimonas sp. MC1572	2799325	S	6	0	6	0.0000905141
Thermomonas sp. SY21	2202149	S	5	1	6	0.0000905141
Dyella japonica	231455	S	6	0	6	0.0000905141
Kluyvera ascorbata	51288	S	3	3	6	0.0000905141
Erwinia sp. J780	2681984	S	6	0	6	0.0000905141
Erwinia gerundensis	1619313	S	6	0	6	0.0000905141
Yersinia pseudotuberculosis	633	S	4	2	6	0.0000905141
Yersinia massiliensis	419257	S	3	3	6	0.0000905141
Arsenophonus endosymbiont of Aphis craccivora	1231049	S	4	2	6	0.0000905141
Halomonas beimenensis	475662	S	6	0	6	0.0000905141
Halomonas meridiana	29570	S	5	1	6	0.0000905141
Salinicola tamaricis	1771309	S	6	0	6	0.0000905141
Marinobacterium georgiense	48076	S	6	0	6	0.0000905141
Shewanella baltica	62322	S	5	1	6	0.0000905141
Pseudoalteromonas aliena	247523	S	6	0	6	0.0000905141
Pseudoalteromonas spongiae	298657	S	6	0	6	0.0000905141
Marinobacter salarius	1420917	S	6	0	6	0.0000905141
Colwellia sp. Arc7-635	2497879	S	6	0	6	0.0000905141
Vibrio diabolicus	50719	S	4	2	6	0.0000905141
Vibrio aphrogenes	1891186	S	6	0	6	0.0000905141
Oceanimonas sp. GK1	511062	S	6	0	6	0.0000905141
Thiocystis violascens	73141	S	6	0	6	0.0000905141
Halorhodospira halophila	1053	S	6	0	6	0.0000905141
Aquisalimonas sp. 2447	2740807	S	6	0	6	0.0000905141
Teredinibacter haidensis	2731755	S	6	0	6	0.0000905141
Agarilytica rhodophyticola	1737490	S	6	0	6	0.0000905141
Microbulbifer sp. THAF38	2587856	S	6	0	6	0.0000905141
Microbulbifer sp. SH-1	2681547	S	6	0	6	0.0000905141
Microbulbifer sp. YPW1	2745199	S	6	0	6	0.0000905141
Zhongshania aliphaticivorans	1470434	S	6	0	6	0.0000905141
Aggregatibacter actinomycetemcomitans	714	S	2	4	6	0.0000905141
Legionella sp. TUM19329	2708020	S	6	0	6	0.0000905141
Legionella sp. MW5194	2662448	S	5	1	6	0.0000905141
Legionella fallonii	96230	S	6	0	6	0.0000905141
Methylomonas sp. EFPC1	2812647	S	5	1	6	0.0000905141
Candidatus Vesicomyosocius okutanii	412965	S	4	2	6	0.0000905141
Solimonas sp. K1W22B-7	2303331	S	6	0	6	0.0000905141
Acidiferrobacter sp. SPIII_3	1281578	S	6	0	6	0.0000905141
Bradyrhizobium betae	244734	S	4	2	6	0.0000905141
Bosea sp. F3-2	2599640	S	5	1	6	0.0000905141
Rhizobium sp. NXC24	2048897	S	6	0	6	0.0000905141
Rhizobium sp. ADMK78	1813451	S	6	0	6	0.0000905141
Rhizobium sp. NZLR1	2731096	S	5	1	6	0.0000905141
Rhizobium sp. NXC14	1981173	S	5	1	6	0.0000905141
Rhizobium sp. TCK	136098	S	2	4	6	0.0000905141
Rhizobium sp. Y9	1914541	S	1	5	6	0.0000905141
Rhizobium gallicum	56730	S	4	2	6	0.0000905141
Rhizobium flavum	1335061	S	4	2	6	0.0000905141
Sinorhizobium sp. CCBAU 05631	794846	S	2	4	6	0.0000905141
Sinorhizobium americanum	194963	S	5	1	6	0.0000905141
Ensifer mexicanus	375549	S	6	0	6	0.0000905141
Ensifer sojae	716925	S	3	3	6	0.0000905141
Methylobacterium sp. 17Sr1-1	2202826	S	5	1	6	0.0000905141
Microvirga thermotolerans	2651334	S	5	1	6	0.0000905141
Mesorhizobium sp. 8	2584466	S	6	0	6	0.0000905141
Mesorhizobium sp. M4B.F.Ca.ET.058.02.1.1	2493675	S	5	1	6	0.0000905141
Phyllobacterium sp. 628	2718938	S	5	1	6	0.0000905141
Rhodomicrobium vannielii	1069	S	6	0	6	0.0000905141
Pseudovibrio sp. FO-BEG1	911045	S	6	0	6	0.0000905141
Candidatus Hodgkinia cicadicola	573658	S	6	0	6	0.0000905141
Methylocella tundrae	227605	S	6	0	6	0.0000905141
Methylovirgula ligni	569860	S	6	0	6	0.0000905141
Chelatococcus daeguensis	444444	S	4	2	6	0.0000905141
Lichenihabitans psoromatis	2528642	S	6	0	6	0.0000905141
Sphingomonas sediminicola	386874	S	6	0	6	0.0000905141
Erythrobacter sp. THAF29	2587851	S	5	1	6	0.0000905141
Erythrobacter sp. A30-3	2785907	S	4	2	6	0.0000905141
Tsuneonella flava	2055955	S	5	1	6	0.0000905141
Croceicoccus sp. YJ47	2798724	S	5	1	6	0.0000905141
Phaeobacter porticola	1844006	S	5	1	6	0.0000905141
Celeribacter baekdonensis	875171	S	5	1	6	0.0000905141
Pontivivens sp. MT2928	2789856	S	6	0	6	0.0000905141
Silicimonas algicola	1826607	S	6	0	6	0.0000905141
Profundibacter amoris	2171755	S	6	0	6	0.0000905141
Pelagovum pacificum	2588711	S	6	0	6	0.0000905141
Qingshengfaniella alkalisoli	2599296	S	6	0	6	0.0000905141
Roseibacterium elongatum	159346	S	6	0	6	0.0000905141
Pseudorhodobacter turbinis	2500533	S	6	0	6	0.0000905141
Jannaschia sp. CCS1	290400	S	6	0	6	0.0000905141
Mameliella alba	561184	S	5	1	6	0.0000905141
Skermanella sp. TT6	2775420	S	3	3	6	0.0000905141
Acetobacter aceti	435	S	6	0	6	0.0000905141
Komagataeibacter europaeus	33995	S	5	1	6	0.0000905141
Rickettsia prowazekii	782	S	5	1	6	0.0000905141
Phreatobacter sp. NMCR1094	2570229	S	6	0	6	0.0000905141
Luteithermobacter gelatinilyticus	2582913	S	6	0	6	0.0000905141
Halarcobacter bivalviorum	663364	S	6	0	6	0.0000905141
Halarcobacter ebronensis	1462615	S	6	0	6	0.0000905141
Nitrosophilus alvini	2714855	S	6	0	6	0.0000905141
Desulfovibrio sp. 86	2666132	S	5	1	6	0.0000905141
Desulfovibrio piger	901	S	6	0	6	0.0000905141
Desulfonema limicola	45656	S	6	0	6	0.0000905141
Desulfoglaeba alkanexedens	361111	S	6	0	6	0.0000905141
Desulfarculus baarsii	453230	S	5	1	6	0.0000905141
Bdellovibrio sp. KM01	2748865	S	4	2	6	0.0000905141
Acidithiobacillus ferrivorans	160808	S	6	0	6	0.0000905141
Propionibacterium acidifaciens	556499	S	4	2	6	0.0000905141
Microlunatus sp. Gsoil 973	2672569	S	6	0	6	0.0000905141
Nocardioides sp. JQ2195	2592334	S	6	0	6	0.0000905141
Nocardioides sp. zg-579	2663857	S	5	1	6	0.0000905141
Nocardioides sp. HDW12A	2714938	S	5	1	6	0.0000905141
Nocardioides baekrokdamisoli	1804624	S	6	0	6	0.0000905141
Nocardioides daphniae	402297	S	5	1	6	0.0000905141
Nocardioides seonyuensis	2518371	S	5	1	6	0.0000905141
Curtobacterium sp. YC1	2795488	S	5	1	6	0.0000905141
Microbacterium sp. A18JL241	2782166	S	6	0	6	0.0000905141
Microbacterium sp. A18JL200	2782167	S	5	1	6	0.0000905141
Microbacterium chocolatum	84292	S	6	0	6	0.0000905141
Microbacterium amylolyticum	936337	S	6	0	6	0.0000905141
Rathayibacter sp. VKM Ac-2760	2609253	S	5	1	6	0.0000905141
Agromyces badenianii	2080742	S	5	1	6	0.0000905141
Salinibacterium sp. ZJ70	2708084	S	6	0	6	0.0000905141
Leucobacter triazinivorans	1784719	S	6	0	6	0.0000905141
Leucobacter muris	1935379	S	6	0	6	0.0000905141
Marisediminicola antarctica	674079	S	6	0	6	0.0000905141
Kocuria varians	1272	S	5	1	6	0.0000905141
Pseudarthrobacter sulfonivorans	121292	S	5	1	6	0.0000905141
Glutamicibacter arilaitensis	256701	S	5	1	6	0.0000905141
Glutamicibacter sp. ZJUTW	1155384	S	1	5	6	0.0000905141
Renibacterium salmoninarum	1646	S	6	0	6	0.0000905141
Tetrasphaera sp. HKS02	1813880	S	6	0	6	0.0000905141
Cellulomonas taurus	2729175	S	6	0	6	0.0000905141
Ornithinimicrobium sp. H23M54	2594265	S	6	0	6	0.0000905141
Xylanimicrobium sp. FW10M-9	2509457	S	5	1	6	0.0000905141
Ruania sp. HY168	2603206	S	6	0	6	0.0000905141
Sanguibacter keddieii	60920	S	6	0	6	0.0000905141
Mycolicibacterium sp. Z-34	2736649	S	6	0	6	0.0000905141
Mycolicibacterium sarraceniae	1534348	S	6	0	6	0.0000905141
Mycolicibacterium confluentis	28047	S	6	0	6	0.0000905141
Mycobacterium sp. JS623	212767	S	6	0	6	0.0000905141
Mycobacterium sp. MS1601	1936029	S	6	0	6	0.0000905141
Mycobacterium simiae	1784	S	6	0	6	0.0000905141
Mycobacterium stomatepiae	470076	S	5	1	6	0.0000905141
Mycobacterium leprae	1769	S	6	0	6	0.0000905141
Mycolicibacter minnesotensis	1118379	S	6	0	6	0.0000905141
Corynebacterium sp. zg-917	2763010	S	6	0	6	0.0000905141
Corynebacterium kroppenstedtii	161879	S	6	0	6	0.0000905141
Corynebacterium stationis	1705	S	6	0	6	0.0000905141
Corynebacterium uterequi	1072256	S	6	0	6	0.0000905141
Corynebacterium diphtheriae	1717	S	5	1	6	0.0000905141
Rhodococcus sp. PBTS 1	1653478	S	6	0	6	0.0000905141
Rhodococcus triatomae	300028	S	5	1	6	0.0000905141
Nocardia seriolae	37332	S	6	0	6	0.0000905141
Streptomyces sp. C8S0	2585716	S	6	0	6	0.0000905141
Streptomyces sp. SCUT-3	2684469	S	6	0	6	0.0000905141
Streptomyces sp. P3	2135430	S	6	0	6	0.0000905141
Streptomyces sp. WAC 01438	2203204	S	6	0	6	0.0000905141
Streptomyces sp. HM190	2695266	S	6	0	6	0.0000905141
Streptomyces sp. SAT1	1849967	S	6	0	6	0.0000905141
Streptomyces sp. Sge12	1972846	S	2	4	6	0.0000905141
Streptomyces coeruleorubidus	116188	S	6	0	6	0.0000905141
Streptomyces griseorubiginosus	67304	S	6	0	6	0.0000905141
Streptomyces roseochromogenus	285450	S	6	0	6	0.0000905141
Streptomyces parvulus	146923	S	6	0	6	0.0000905141
Streptomyces prasinus	67345	S	6	0	6	0.0000905141
Micromonospora zamorensis	709883	S	6	0	6	0.0000905141
Micromonospora craniellae	2294034	S	5	1	6	0.0000905141
Micromonospora purpureochromogenes	47872	S	5	1	6	0.0000905141
Micromonospora tulbaghiae	479978	S	4	2	6	0.0000905141
Amycolatopsis sp. BJA-103	1911175	S	5	1	6	0.0000905141
Amycolatopsis orientalis	31958	S	5	1	6	0.0000905141
Saccharopolyspora coralli	2665642	S	6	0	6	0.0000905141
Saccharothrix sp. 6-C	2781735	S	6	0	6	0.0000905141
Actinomyces sp. oral taxon 414	712122	S	6	0	6	0.0000905141
Kineococcus radiotolerans	131568	S	6	0	6	0.0000905141
Olsenella sp. LZLJ-2	2779519	S	5	1	6	0.0000905141
Adlercreutzia equolifaciens	446660	S	5	1	6	0.0000905141
Bacillus amyloliquefaciens	1390	S	2	4	6	0.0000905141
Bacillus pumilus	1408	S	6	0	6	0.0000905141
Geobacillus subterraneus	129338	S	5	1	6	0.0000905141
Virgibacillus sp. 6R	1911587	S	1	5	6	0.0000905141
Oceanobacillus zhaokaii	2052660	S	6	0	6	0.0000905141
Staphylococcus saprophyticus	29385	S	6	0	6	0.0000905141
Staphylococcus auricularis	29379	S	6	0	6	0.0000905141
Macrococcus canis	1855823	S	5	1	6	0.0000905141
Paenibacillus sp. DCT19	2211212	S	6	0	6	0.0000905141
Paenibacillus stellifer	169760	S	6	0	6	0.0000905141
Paenibacillus thiaminolyticus	49283	S	6	0	6	0.0000905141
Sporosarcina ureae	1571	S	5	1	6	0.0000905141
Viridibacillus sp. JNUCC-6	2779527	S	6	0	6	0.0000905141
Alicyclobacillus ferrooxydans	471514	S	6	0	6	0.0000905141
Listeria monocytogenes	1639	S	6	0	6	0.0000905141
Streptococcus equi	1336	S	6	0	6	0.0000905141
Streptococcus lutetiensis	150055	S	2	4	6	0.0000905141
Streptococcus agalactiae	1311	S	1	5	6	0.0000905141
Lactococcus garvieae	1363	S	5	1	6	0.0000905141
Weissella soli	155866	S	6	0	6	0.0000905141
Limosilactobacillus reuteri	1598	S	6	0	6	0.0000905141
Latilactobacillus curvatus	28038	S	6	0	6	0.0000905141
Enterococcus avium	33945	S	6	0	6	0.0000905141
Carnobacterium inhibens	147709	S	6	0	6	0.0000905141
Lachnospira eligens	39485	S	6	0	6	0.0000905141
Clostridium sp. SY8519	1042156	S	6	0	6	0.0000905141
Clostridium gasigenes	94869	S	6	0	6	0.0000905141
Clostridium tetani	1513	S	6	0	6	0.0000905141
Clostridium tyrobutyricum	1519	S	6	0	6	0.0000905141
Clostridium diolis	223919	S	1	5	6	0.0000905141
Caloranaerobacter azorensis	116090	S	6	0	6	0.0000905141
Caproiciproducens sp. NJN-50	2507162	S	6	0	6	0.0000905141
Romboutsia hominis	1507512	S	6	0	6	0.0000905141
Peptoclostridium acidaminophilum	1731	S	6	0	6	0.0000905141
Desulfosporosinus meridiei	79209	S	4	2	6	0.0000905141
Intestinimonas butyriciproducens	1297617	S	6	0	6	0.0000905141
Selenomonas ruminantium	971	S	6	0	6	0.0000905141
Pelosinus fermentans	365349	S	6	0	6	0.0000905141
Microcystis sp. MC19	1967666	S	5	1	6	0.0000905141
Gloeothece verrucosa	2546359	S	5	1	6	0.0000905141
Sphaerospermopsis kisseleviana	289435	S	6	0	6	0.0000905141
Fischerella sp. NIES-4106	2005456	S	6	0	6	0.0000905141
Stanieria sp. NIES-3757	1807358	S	5	1	6	0.0000905141
Gloeobacter violaceus	33072	S	5	1	6	0.0000905141
Spiroplasma corruscae	216934	S	6	0	6	0.0000905141
Spiroplasma chinense	216932	S	6	0	6	0.0000905141
Deinococcus radiodurans	1299	S	5	1	6	0.0000905141
Pelolinea submarina	913107	S	6	0	6	0.0000905141
Dehalococcoides mccartyi	61435	S	5	1	6	0.0000905141
Caldilinea aerophila	133453	S	6	0	6	0.0000905141
Flavobacterium sp. CS20	2775246	S	5	1	6	0.0000905141
Polaribacter sp. MED152	313598	S	6	0	6	0.0000905141
Polaribacter sp. Hel1_33_78	1336804	S	6	0	6	0.0000905141
Polaribacter sp. BM10	1529069	S	2	4	6	0.0000905141
Polaribacter sp. KT 15	1896175	S	2	4	6	0.0000905141
Polaribacter sejongensis	985043	S	5	1	6	0.0000905141
Tenacibaculum maritimum	107401	S	6	0	6	0.0000905141
Tenacibaculum dicentrarchi	669041	S	5	1	6	0.0000905141
Nonlabens ponticola	2496866	S	6	0	6	0.0000905141
Aquimarina sp. BL5	1714860	S	6	0	6	0.0000905141
Formosa sp. Hel3_A1_48	1336795	S	5	1	6	0.0000905141
Formosa sp. L2A11	2686363	S	5	1	6	0.0000905141
Maribacter sp. T28	1836467	S	6	0	6	0.0000905141
Maribacter dokdonensis	320912	S	3	3	6	0.0000905141
Gramella flava	1486245	S	5	1	6	0.0000905141
Zobellia galactanivorans	63186	S	6	0	6	0.0000905141
Chryseobacterium sp. T16E-39	2015076	S	6	0	6	0.0000905141
Apibacter raozihei	2500547	S	6	0	6	0.0000905141
Alistipes dispar	2585119	S	6	0	6	0.0000905141
Dysgonomonas sp. HDW5A	2714926	S	5	1	6	0.0000905141
Butyricimonas virosa	544645	S	6	0	6	0.0000905141
Sodaliphilus pleomorphus	2606626	S	5	1	6	0.0000905141
Tenuifilum thalassicum	2590900	S	6	0	6	0.0000905141
Alkalitalea saponilacus	889453	S	5	1	6	0.0000905141
Labilibaculum antarcticum	1717717	S	5	1	6	0.0000905141
Pedobacter steynii	430522	S	6	0	6	0.0000905141
Mucilaginibacter gossypii	551996	S	4	2	6	0.0000905141
Fibrella sp. ES10-3-2-2	1834519	S	6	0	6	0.0000905141
Leadbetterella byssophila	316068	S	5	1	6	0.0000905141
Hymenobacter sp. DG25A	1385663	S	5	1	6	0.0000905141
Hymenobacter sp. HDW8	2714932	S	2	4	6	0.0000905141
Algoriphagus sp. Y33	2772483	S	6	0	6	0.0000905141
Flammeovirga sp. MY04	1191459	S	6	0	6	0.0000905141
Marivirga tractuosa	1006	S	5	1	6	0.0000905141
Chitinophaga sp. 1303	2725414	S	1	5	6	0.0000905141
Chitinophaga sp. 1310	2725416	S	1	5	6	0.0000905141
Niabella soli	446683	S	6	0	6	0.0000905141
Niabella ginsenosidivorans	1176587	S	6	0	6	0.0000905141
Saprospira grandis	1008	S	6	0	6	0.0000905141
Chlorobium phaeobacteroides	1096	S	6	0	6	0.0000905141
Botrimarina mediterranea	2528022	S	6	0	6	0.0000905141
Gimesia chilikensis	2605989	S	5	1	6	0.0000905141
Gimesia benthica	2608982	S	4	2	6	0.0000905141
Thalassoglobus polymorphus	2527994	S	6	0	6	0.0000905141
Methylacidiphilum sp. IT6	2795386	S	2	4	6	0.0000905141
Treponema sp. OMZ 838	1539298	S	6	0	6	0.0000905141
Treponema caldarium	215591	S	6	0	6	0.0000905141
Borrelia miyamotoi	47466	S	6	0	6	0.0000905141
Borrelia crocidurae	29520	S	4	2	6	0.0000905141
Leptospira interrogans	173	S	6	0	6	0.0000905141
Brachyspira murdochii	84378	S	5	1	6	0.0000905141
Cloacibacillus porcorum	1197717	S	6	0	6	0.0000905141
Deferribacter desulfuricans	197162	S	6	0	6	0.0000905141
Candidatus Prometheoarchaeum syntrophicum	2594042	S	6	0	6	0.0000905141
Burkholderia sp. Bp7605	1740163	S	5	0	5	0.0000754284
Burkholderia sp. MBR-1	2732364	S	1	4	5	0.0000754284
Cupriavidus sp. USMAHM13	1389192	S	1	4	5	0.0000754284
Cupriavidus sp. ISTL7	2771360	S	1	4	5	0.0000754284
Paraburkholderia caledonica	134536	S	5	0	5	0.0000754284
Paraburkholderia acidophila	265293	S	2	3	5	0.0000754284
Pandoraea pulmonicola	93221	S	5	0	5	0.0000754284
Pandoraea oxalativorans	573737	S	5	0	5	0.0000754284
Caballeronia sp. SBC1	2705548	S	1	4	5	0.0000754284
Glaciimonas sp. PAMC28666	2807626	S	5	0	5	0.0000754284
Thiomonas arsenitoxydans	426114	S	1	4	5	0.0000754284
Bordetella avium	521	S	5	0	5	0.0000754284
Pusillimonas sp. DMV24BSW_D	2716226	S	5	0	5	0.0000754284
Advenella mimigardefordensis	302406	S	5	0	5	0.0000754284
Kerstersia gyiorum	206506	S	5	0	5	0.0000754284
Turicimonas muris	1796652	S	5	0	5	0.0000754284
Chromobacterium haemolyticum	394935	S	1	4	5	0.0000754284
Jeongeupia sp. HS-3	1009682	S	5	0	5	0.0000754284
Vitreoscilla sp. C1	96942	S	5	0	5	0.0000754284
Neisseria animaloris	326522	S	5	0	5	0.0000754284
Eikenella corrodens	539	S	4	1	5	0.0000754284
Snodgrassella alvi	1196083	S	5	0	5	0.0000754284
Methylovorus glucosotrophus	266009	S	4	1	5	0.0000754284
Nitrosomonas eutropha	916	S	4	1	5	0.0000754284
Gallionella capsiferriformans	370405	S	5	0	5	0.0000754284
Pseudomonas sp. HLS-6	2049589	S	5	0	5	0.0000754284
Pseudomonas sp. MPC6	2498848	S	5	0	5	0.0000754284
Pseudomonas sp. SCB32	2653853	S	5	0	5	0.0000754284
Pseudomonas sp. J380	2605424	S	4	1	5	0.0000754284
Pseudomonas sp. ATCC 43928	676210	S	3	2	5	0.0000754284
Pseudomonas sp. BIOMIG1BAC	1758730	S	3	2	5	0.0000754284
Pseudomonas sp. VLB120	69328	S	2	3	5	0.0000754284
Pseudomonas sp.	306	S	1	4	5	0.0000754284
Pseudomonas sp. 13159349	2662034	S	1	4	5	0.0000754284
Pseudomonas corrugata	47879	S	5	0	5	0.0000754284
Pseudomonas rhodesiae	76760	S	4	1	5	0.0000754284
Pseudomonas coronafaciens	53409	S	5	0	5	0.0000754284
Pseudomonas savastanoi	29438	S	2	3	5	0.0000754284
Pseudomonas reinekei	395598	S	5	0	5	0.0000754284
Pseudomonas silesiensis	1853130	S	5	0	5	0.0000754284
Pseudomonas oryzae	1392877	S	5	0	5	0.0000754284
Pseudomonas alkylphenolica	237609	S	5	0	5	0.0000754284
Pseudomonas lalkuanensis	2604832	S	5	0	5	0.0000754284
Pseudomonas thivervalensis	86265	S	5	0	5	0.0000754284
Pseudomonas vancouverensis	95300	S	5	0	5	0.0000754284
Pseudomonas frederiksbergensis	104087	S	5	0	5	0.0000754284
Acinetobacter sp. LoGeW2-3	1808001	S	5	0	5	0.0000754284
Acinetobacter larvae	1789224	S	5	0	5	0.0000754284
Acinetobacter lanii	2715163	S	5	0	5	0.0000754284
Acinetobacter cumulans	2136182	S	4	1	5	0.0000754284
Psychrobacter sp. DAB_AL43B	1028416	S	5	0	5	0.0000754284
Psychrobacter sp. KCTC 72983	2733866	S	2	3	5	0.0000754284
Psychrobacter arenosus	256326	S	5	0	5	0.0000754284
Moraxella catarrhalis	480	S	5	0	5	0.0000754284
Moraxella nonliquefaciens	478	S	4	1	5	0.0000754284
Stenotrophomonas sp. SAU14A_NAIMI4_5	2072413	S	4	1	5	0.0000754284
Stenotrophomonas sp. WZN-1	2005046	S	4	1	5	0.0000754284
Stenotrophomonas sp. Pemsol	2040586	S	4	1	5	0.0000754284
Stenotrophomonas sp. MYb57	1827305	S	2	3	5	0.0000754284
Xanthomonas arboricola	56448	S	4	1	5	0.0000754284
Xanthomonas phaseoli	1985254	S	4	1	5	0.0000754284
Xanthomonas perforans	442694	S	1	4	5	0.0000754284
Lysobacter sp. CW239	2762611	S	4	1	5	0.0000754284
Lysobacter sp. H23M47	2781024	S	1	4	5	0.0000754284
Lysobacter maris	1605891	S	5	0	5	0.0000754284
Xylella fastidiosa	2371	S	5	0	5	0.0000754284
Klebsiella variicola	244366	S	3	2	5	0.0000754284
Citrobacter sp. CRE-46	1703250	S	1	4	5	0.0000754284
Enterobacteriaceae endosymbiont of Donacia bicoloricornis	2675772	S	4	1	5	0.0000754284
Raoultella sp. X13	2259647	S	1	4	5	0.0000754284
Kosakonia sacchari	1158459	S	3	2	5	0.0000754284
Pluralibacter gergoviae	61647	S	5	0	5	0.0000754284
Cedecea neteri	158822	S	5	0	5	0.0000754284
Pantoea sp. 201603H	2479547	S	5	0	5	0.0000754284
Pantoea cypripedii	55209	S	5	0	5	0.0000754284
Yersinia intermedia	631	S	2	3	5	0.0000754284
Pectobacterium odoriferum	78398	S	2	3	5	0.0000754284
Dickeya dianthicola	204039	S	2	3	5	0.0000754284
Pragia fontium	82985	S	5	0	5	0.0000754284
Sodalis praecaptivus	1239307	S	4	1	5	0.0000754284
Halomonas huangheensis	1178482	S	5	0	5	0.0000754284
Halomonas chromatireducens	507626	S	5	0	5	0.0000754284
Kushneria konosiri	698828	S	5	0	5	0.0000754284
Cobetia sp. cqz5-12	2609415	S	3	2	5	0.0000754284
Chromohalobacter salexigens	158080	S	5	0	5	0.0000754284
Marinomonas foliarum	491950	S	4	1	5	0.0000754284
Alcanivorax xenomutans	1094342	S	4	1	5	0.0000754284
Alcanivorax sp. N3-2A	2014542	S	4	1	5	0.0000754284
Kangiella geojedonensis	914150	S	5	0	5	0.0000754284
Reinekea forsetii	1336806	S	5	0	5	0.0000754284
Gynuella sunshinyii	1445505	S	5	0	5	0.0000754284
Shewanella amazonensis	60478	S	5	0	5	0.0000754284
Pseudoalteromonas luteoviolacea	43657	S	5	0	5	0.0000754284
Pseudoalteromonas tunicata	314281	S	5	0	5	0.0000754284
Alteromonas sp. BL110	1714845	S	1	4	5	0.0000754284
Paraglaciecola sp. L3A3	2686358	S	5	0	5	0.0000754284
Paraglaciecola sp. L1A13	2686359	S	5	0	5	0.0000754284
Colwellia beringensis	1967665	S	4	1	5	0.0000754284
Vibrio sp. SM1977	2662262	S	5	0	5	0.0000754284
Vibrio mediterranei	689	S	5	0	5	0.0000754284
Vibrio tapetis	52443	S	5	0	5	0.0000754284
Vibrio fluvialis	676	S	5	0	5	0.0000754284
Vibrio rumoiensis	76258	S	4	1	5	0.0000754284
Oceanisphaera avium	1903694	S	5	0	5	0.0000754284
Zobellella denitrificans	347534	S	5	0	5	0.0000754284
Nitrosococcus watsonii	473531	S	5	0	5	0.0000754284
Candidatus Nitrosacidococcus tergens	553981	S	5	0	5	0.0000754284
Thioalkalivibrio versutus	106634	S	5	0	5	0.0000754284
Acidihalobacter aeolianus	2792603	S	5	0	5	0.0000754284
Alkalilimnicola ehrlichii	351052	S	5	0	5	0.0000754284
Granulosicoccus antarcticus	437505	S	5	0	5	0.0000754284
Wenzhouxiangella marina	1579979	S	5	0	5	0.0000754284
Woeseia oceani	1548547	S	5	0	5	0.0000754284
Guyparkeria halophila	47960	S	5	0	5	0.0000754284
Cellvibrio sp. PSBB006	1987723	S	5	0	5	0.0000754284
Halioglobus pacificus	930806	S	5	0	5	0.0000754284
Pasteurella skyensis	97481	S	5	0	5	0.0000754284
[Haemophilus] ducreyi	730	S	5	0	5	0.0000754284
Glaesserella parasuis	738	S	5	0	5	0.0000754284
Gallibacterium anatis	750	S	5	0	5	0.0000754284
Legionella israelensis	454	S	5	0	5	0.0000754284
Legionella spiritensis	452	S	5	0	5	0.0000754284
Legionella clemsonensis	1867846	S	5	0	5	0.0000754284
Fluoribacter dumoffii	463	S	5	0	5	0.0000754284
Methylomicrobium album	39775	S	5	0	5	0.0000754284
Methylotuvimicrobium buryatense	95641	S	4	1	5	0.0000754284
Candidatus Methylospira mobilis	1808979	S	5	0	5	0.0000754284
Cycloclasticus sp. PY97N	728003	S	1	4	5	0.0000754284
Thiomicrorhabdus aquaedulcis	2211106	S	5	0	5	0.0000754284
Methylophaga nitratireducenticrescens	754476	S	5	0	5	0.0000754284
Francisella philomiragia	28110	S	2	3	5	0.0000754284
Candidatus Thioglobus autotrophicus	1705394	S	5	0	5	0.0000754284
endosymbiont of unidentified scaly snail isolate Monju	1248727	S	5	0	5	0.0000754284
Bradyrhizobium genosp. B	83627	S	5	0	5	0.0000754284
Rhizobium sp. ACO-34A	1571470	S	5	0	5	0.0000754284
Mesorhizobium sp. M7D.F.Ca.US.005.01.1.1	2493678	S	4	1	5	0.0000754284
Mesorhizobium sp. NZP2234	2483402	S	1	4	5	0.0000754284
Nitratireductor sp. SY7	2599600	S	5	0	5	0.0000754284
Devosia sp. I507	2083786	S	5	0	5	0.0000754284
Methyloceanibacter caenitepidi	1384459	S	5	0	5	0.0000754284
Methyloceanibacter sp. wino2	2170729	S	5	0	5	0.0000754284
Candidatus Filomicrobium marinum	1608628	S	5	0	5	0.0000754284
Youhaiella tibetensis	1447062	S	5	0	5	0.0000754284
Azorhizobium caulinodans	7	S	5	0	5	0.0000754284
Methylocystis parvus	134	S	5	0	5	0.0000754284
Labrenzia sp. THAF82	2587861	S	5	0	5	0.0000754284
Brucella sp. 09RB8910	1844051	S	2	3	5	0.0000754284
Sphingomonas sp. HDW15C	2714944	S	5	0	5	0.0000754284
Sphingobium sp. Cam5-1	2789327	S	4	1	5	0.0000754284
Sphingobium indicum	332055	S	1	4	5	0.0000754284
Sphingorhabdus sp. M41	1806885	S	5	0	5	0.0000754284
Citromicrobium sp. JL477	1634516	S	4	1	5	0.0000754284
Altererythrobacter sp. BO-6	2604537	S	5	0	5	0.0000754284
Altererythrobacter ishigakiensis	476157	S	5	0	5	0.0000754284
Sphingosinicella sp. UDD2	2771430	S	5	0	5	0.0000754284
Paracoccus sp. AK26	2589076	S	5	0	5	0.0000754284
Paracoccus kondratievae	135740	S	5	0	5	0.0000754284
Paracoccus denitrificans	266	S	5	0	5	0.0000754284
Phaeobacter piscinae	1580596	S	3	2	5	0.0000754284
Ruegeria sp. AD91A	2293862	S	5	0	5	0.0000754284
Maribius sp. THAF1	2587842	S	5	0	5	0.0000754284
Pseudopuniceibacterium antarcticum	2613965	S	5	0	5	0.0000754284
Pseudooceanicola algae	1537215	S	5	0	5	0.0000754284
Marivivens sp. JLT3646	1920883	S	5	0	5	0.0000754284
Pseudohalocynthiibacter aestuariivivens	1591409	S	4	1	5	0.0000754284
Monaibacterium sp. ALG8	2715211	S	4	1	5	0.0000754284
Dinoroseobacter shibae	215813	S	3	2	5	0.0000754284
Azospirillum humicireducens	1226968	S	3	2	5	0.0000754284
Thalassospira indica	1891279	S	4	1	5	0.0000754284
Komagataeibacter medellinensis	1177712	S	4	1	5	0.0000754284
Kozakia baliensis	153496	S	5	0	5	0.0000754284
Bombella sp. KACC 21507	2697033	S	5	0	5	0.0000754284
Wolbachia endosymbiont of Ctenocephalides felis wCfeJ	2732594	S	1	4	5	0.0000754284
Wolbachia pipientis	955	S	2	3	5	0.0000754284
Ehrlichia ruminantium	779	S	5	0	5	0.0000754284
Orientia tsutsugamushi	784	S	5	0	5	0.0000754284
Arcobacter sp. FWKO B	2593672	S	5	0	5	0.0000754284
Arcobacter aquimarinus	1315211	S	4	1	5	0.0000754284
Malaciobacter mytili	603050	S	5	0	5	0.0000754284
Campylobacter hepaticus	1813019	S	5	0	5	0.0000754284
Sulfurospirillum halorespirans	194424	S	5	0	5	0.0000754284
Caminibacter mediatlanticus	291048	S	5	0	5	0.0000754284
Melittangium boletus	83453	S	4	1	5	0.0000754284
Desulfovibrio sulfodismutans	63561	S	5	0	5	0.0000754284
Desulfobacter postgatei	2293	S	5	0	5	0.0000754284
Desulfobacula toluolica	28223	S	5	0	5	0.0000754284
Tessaracoccus sp. MC1865	2760310	S	5	0	5	0.0000754284
Nocardioides sp. dk884	2662361	S	3	2	5	0.0000754284
Microbacterium sp. 4R-513	2567934	S	5	0	5	0.0000754284
Microbacterium sp. HY60	2769067	S	5	0	5	0.0000754284
Microbacterium sp. 1S1	2606451	S	4	1	5	0.0000754284
Microbacterium protaetiae	2509458	S	5	0	5	0.0000754284
Microbacterium schleiferi	69362	S	4	1	5	0.0000754284
Agromyces flavus	589382	S	5	0	5	0.0000754284
Aurantimicrobium sp. MWH-Uga1	2079575	S	4	1	5	0.0000754284
Aurantimicrobium minutum	708131	S	4	1	5	0.0000754284
Salinibacterium sp. ZJ450	2708338	S	5	0	5	0.0000754284
Agrococcus sp. SGAir0287	2070347	S	5	0	5	0.0000754284
Protaetiibacter sp. SSC-01	2759943	S	5	0	5	0.0000754284
Cryobacterium sp. LW097	1978566	S	5	0	5	0.0000754284
Frondihabitans sp. 762G35	1446794	S	5	0	5	0.0000754284
Mycetocola sp. JXN-3	2116510	S	5	0	5	0.0000754284
Gryllotalpicola protaetiae	2419771	S	5	0	5	0.0000754284
Rothia aeria	172042	S	5	0	5	0.0000754284
Pseudarthrobacter sp. YJ56	2697569	S	5	0	5	0.0000754284
Brevibacterium sp. WO024	2697563	S	5	0	5	0.0000754284
Brevibacterium sandarakinum	629680	S	5	0	5	0.0000754284
Cellulomonas sp. Y8	2591145	S	5	0	5	0.0000754284
Cellulomonas sp. JZ18	2654191	S	5	0	5	0.0000754284
Cellulomonas gilvus	11	S	5	0	5	0.0000754284
Cellulomonas fimi	1708	S	5	0	5	0.0000754284
Pseudactinotalea sp. HY158	2654547	S	5	0	5	0.0000754284
Ornithinimicrobium sp. AMA3305	2283195	S	5	0	5	0.0000754284
Ornithinimicrobium pratense	2593973	S	5	0	5	0.0000754284
Cellulosimicrobium cellulans	1710	S	3	2	5	0.0000754284
Mycolicibacterium sp. LJ126	2761578	S	5	0	5	0.0000754284
Mycolicibacterium arabiense	1286181	S	5	0	5	0.0000754284
Mycolicibacterium chubuense	1800	S	5	0	5	0.0000754284
Mycolicibacterium psychrotolerans	216929	S	5	0	5	0.0000754284
Mycobacterium kansasii	1768	S	5	0	5	0.0000754284
Mycobacterium gallinarum	39689	S	4	1	5	0.0000754284
Corynebacterium sp. NML93-0612	699041	S	4	1	5	0.0000754284
Corynebacterium callunae	1721	S	5	0	5	0.0000754284
Corynebacterium humireducens	1223514	S	5	0	5	0.0000754284
Corynebacterium nuruki	1032851	S	5	0	5	0.0000754284
Corynebacterium endometrii	2488819	S	5	0	5	0.0000754284
Corynebacterium yudongzhengii	2080740	S	5	0	5	0.0000754284
Corynebacterium sanguinis	2594913	S	4	1	5	0.0000754284
Rhodococcus sp. MTM3W5.2	1805827	S	5	0	5	0.0000754284
Rhodococcus sp. P1Y	1302308	S	5	0	5	0.0000754284
Rhodococcus sp. NJ-530	2490853	S	1	4	5	0.0000754284
Rhodococcus coprophilus	38310	S	5	0	5	0.0000754284
Nocardia nova	37330	S	5	0	5	0.0000754284
Nocardia mangyaensis	2213200	S	5	0	5	0.0000754284
Gordonia iterans	1004901	S	5	0	5	0.0000754284
Dietzia lutea	546160	S	4	1	5	0.0000754284
Tomitella sp. HY172	2760083	S	5	0	5	0.0000754284
Streptomyces sp. NEAU-sy36	2751189	S	5	0	5	0.0000754284
Streptomyces sp. 3214.6	1882757	S	5	0	5	0.0000754284
Streptomyces sp. JB150	2714844	S	5	0	5	0.0000754284
Streptomyces sp. DSM 40868	2721173	S	5	0	5	0.0000754284
Streptomyces sp. NA04227	2742136	S	5	0	5	0.0000754284
Streptomyces sp. Tue 6075	1661694	S	4	1	5	0.0000754284
Streptomyces sp. fd1-xmd	1812480	S	4	1	5	0.0000754284
Streptomyces sp. 11-1-2	1851167	S	3	2	5	0.0000754284
Streptomyces sp. SGAir0924	2109593	S	1	4	5	0.0000754284
Streptomyces spongiicola	1690221	S	5	0	5	0.0000754284
Streptomyces capitiformicae	2014920	S	5	0	5	0.0000754284
Streptomyces ficellus	1977088	S	5	0	5	0.0000754284
Streptomyces fodineus	1904616	S	5	0	5	0.0000754284
Streptomyces armeniacus	83291	S	5	0	5	0.0000754284
Streptomyces phaeolivaceus	2653200	S	5	0	5	0.0000754284
Streptomyces ferrugineus	1413221	S	5	0	5	0.0000754284
Streptomyces fagopyri	2662397	S	5	0	5	0.0000754284
Streptomyces lincolnensis	1915	S	5	0	5	0.0000754284
Streptomyces katrae	68223	S	5	0	5	0.0000754284
Streptomyces tsukubensis	83656	S	5	0	5	0.0000754284
Streptomyces cadmiisoli	2184053	S	5	0	5	0.0000754284
Streptomyces galilaeus	33899	S	5	0	5	0.0000754284
Streptomyces nojiriensis	66374	S	5	0	5	0.0000754284
Streptomyces rectiverticillatus	173860	S	5	0	5	0.0000754284
Streptomyces glaucescens	1907	S	5	0	5	0.0000754284
Streptomyces aquilus	2548456	S	5	0	5	0.0000754284
Streptomyces incarnatus	665007	S	5	0	5	0.0000754284
Streptomyces vietnamensis	362257	S	5	0	5	0.0000754284
Streptomyces koyangensis	188770	S	4	1	5	0.0000754284
Streptomyces fulvissimus	68202	S	4	1	5	0.0000754284
Streptacidiphilus sp. PB12-B1b	2705012	S	5	0	5	0.0000754284
Micromonospora sp. HM134	2583243	S	5	0	5	0.0000754284
Micromonospora viridifaciens	1881	S	5	0	5	0.0000754284
Micromonospora coriariae	285665	S	5	0	5	0.0000754284
Phytohabitans flavus	1076124	S	5	0	5	0.0000754284
Plantactinospora sp. KBS50	2024580	S	5	0	5	0.0000754284
Amycolatopsis mediterranei	33910	S	5	0	5	0.0000754284
Saccharomonospora viridis	1852	S	5	0	5	0.0000754284
Saccharothrix espanaensis	103731	S	5	0	5	0.0000754284
Actinoalloteichus hymeniacidonis	340345	S	5	0	5	0.0000754284
Actinoalloteichus fjordicus	1612552	S	1	4	5	0.0000754284
Allokutzneria albata	211114	S	5	0	5	0.0000754284
Bifidobacterium pseudolongum	1694	S	5	0	5	0.0000754284
Actinomyces sp. Chiba101	1851395	S	5	0	5	0.0000754284
Actinomyces radicidentis	111015	S	5	0	5	0.0000754284
Flaviflexus salsibiostraticola	1282737	S	4	1	5	0.0000754284
Thermomonospora curvata	2020	S	5	0	5	0.0000754284
Streptosporangium roseum	2001	S	5	0	5	0.0000754284
Nocardiopsis alba	53437	S	5	0	5	0.0000754284
Frankia sp. QA3	710111	S	4	1	5	0.0000754284
Jatrophihabitans sp. GAS493	1907575	S	5	0	5	0.0000754284
Eggerthella sp. HF-1101	2690837	S	5	0	5	0.0000754284
Denitrobacterium detoxificans	79604	S	4	1	5	0.0000754284
Rubrobacter sp. SCSIO 52915	2653852	S	5	0	5	0.0000754284
Rubrobacter xylanophilus	49319	S	5	0	5	0.0000754284
Egibacter rhizosphaerae	1670831	S	5	0	5	0.0000754284
Bacillus cytotoxicus	580165	S	5	0	5	0.0000754284
Bacillus dafuensis	1742359	S	5	0	5	0.0000754284
Lysinibacillus fusiformis	28031	S	3	2	5	0.0000754284
Peribacillus psychrosaccharolyticus	1407	S	5	0	5	0.0000754284
Peribacillus asahii	228899	S	5	0	5	0.0000754284
Peribacillus simplex	1478	S	3	2	5	0.0000754284
Metabacillus sp. cB07	2806989	S	5	0	5	0.0000754284
Lentibacillus amyloliquefaciens	1472767	S	5	0	5	0.0000754284
Weizmannia coagulans	1398	S	5	0	5	0.0000754284
Mammaliicoccus lentus	42858	S	4	1	5	0.0000754284
Abyssicoccus albus	1817405	S	5	0	5	0.0000754284
Paenibacillus sp. RUD330	2023772	S	5	0	5	0.0000754284
Paenibacillus psychroresistens	1778678	S	5	0	5	0.0000754284
Paenibacillus mucilaginosus	61624	S	5	0	5	0.0000754284
Paenibacillus durus	44251	S	5	0	5	0.0000754284
Paenibacillus bovis	1616788	S	5	0	5	0.0000754284
Sporosarcina pasteurii	1474	S	3	2	5	0.0000754284
Paenisporosarcina antarctica	417367	S	5	0	5	0.0000754284
Rummeliibacillus stabekisii	241244	S	5	0	5	0.0000754284
Brochothrix thermosphacta	2756	S	5	0	5	0.0000754284
Exiguobacterium sp. N4-1P	2051906	S	3	2	5	0.0000754284
Exiguobacterium sibiricum	332410	S	4	1	5	0.0000754284
Streptococcus sp. CNU G3	2698804	S	2	3	5	0.0000754284
Streptococcus gordonii	1302	S	5	0	5	0.0000754284
Streptococcus parasanguinis	1318	S	5	0	5	0.0000754284
Streptococcus canis	1329	S	5	0	5	0.0000754284
Lactobacillus acetotolerans	1600	S	5	0	5	0.0000754284
Weissella cibaria	137591	S	5	0	5	0.0000754284
Loigolactobacillus bifermentans	1607	S	5	0	5	0.0000754284
Loigolactobacillus coryniformis	1610	S	4	1	5	0.0000754284
Fructilactobacillus fructivorans	1614	S	5	0	5	0.0000754284
Tetragenococcus halophilus	51669	S	5	0	5	0.0000754284
Dolosigranulum pigrum	29394	S	5	0	5	0.0000754284
Aerococcus urinaehominis	128944	S	5	0	5	0.0000754284
[Clostridium] scindens	29347	S	5	0	5	0.0000754284
Lachnoclostridium sp. YL32	1834196	S	2	3	5	0.0000754284
Clostridium sp. MF28	1702238	S	1	4	5	0.0000754284
Clostridium taeniosporum	394958	S	5	0	5	0.0000754284
Clostridium isatidis	182773	S	5	0	5	0.0000754284
Clostridium formicaceticum	1497	S	5	0	5	0.0000754284
Clostridium drakei	332101	S	4	1	5	0.0000754284
Candidatus Arthromitus sp. SFB-rat-Yit	1041504	S	1	4	5	0.0000754284
Ruminiclostridium cellulolyticum	1521	S	5	0	5	0.0000754284
Ruminiclostridium herbifermentans	2488810	S	5	0	5	0.0000754284
Acetoanaerobium sticklandii	1511	S	5	0	5	0.0000754284
Desulfitobacterium dichloroeliminans	233055	S	5	0	5	0.0000754284
Mogibacterium diversum	114527	S	1	4	5	0.0000754284
Eubacterium limosum	1736	S	4	1	5	0.0000754284
Acetobacterium sp. KB-1	2184575	S	5	0	5	0.0000754284
Heliorestis convoluta	356322	S	5	0	5	0.0000754284
Heliobacterium modesticaldum	35701	S	4	1	5	0.0000754284
Christensenella sp. Marseille-P3954	2086585	S	5	0	5	0.0000754284
Halobacteroides halobius	42422	S	5	0	5	0.0000754284
Anoxybacter fermentans	1323375	S	5	0	5	0.0000754284
Selenomonas sputigena	69823	S	5	0	5	0.0000754284
Pectinatus frisingensis	865	S	5	0	5	0.0000754284
Veillonella parvula	29466	S	5	0	5	0.0000754284
Erysipelatoclostridium ramosum	1547	S	5	0	5	0.0000754284
Oxynema sp. AP17	2064643	S	5	0	5	0.0000754284
Nostoc sp. UHCC 0702	2814655	S	5	0	5	0.0000754284
Nostoc sp. PCC 7107	317936	S	4	1	5	0.0000754284
Nostoc sp. 'Lobaria pulmonaria (5183) cyanobiont'	1618022	S	4	1	5	0.0000754284
Dolichospermum compactum	136073	S	3	2	5	0.0000754284
Anabaenopsis elenkinii	156213	S	5	0	5	0.0000754284
Brasilonema sennae	1397703	S	5	0	5	0.0000754284
Synechococcus sp. A15-28	1050638	S	4	1	5	0.0000754284
Synechococcus sp. RS9909	221352	S	4	1	5	0.0000754284
Prochlorococcus sp. MIT 0801	1501269	S	2	3	5	0.0000754284
Gloeobacter kilaueensis	1416614	S	4	1	5	0.0000754284
Mycoplasma hominis	2098	S	4	1	5	0.0000754284
Spiroplasma citri	2133	S	1	4	5	0.0000754284
Acholeplasma brassicae	61635	S	5	0	5	0.0000754284
Deinococcus deserti	310783	S	5	0	5	0.0000754284
Fimbriimonas ginsengisoli	1005039	S	5	0	5	0.0000754284
Polaribacter sp. L12M9	2738844	S	2	3	5	0.0000754284
Capnocytophaga gingivalis	1017	S	5	0	5	0.0000754284
Capnocytophaga cynodegmi	28189	S	4	1	5	0.0000754284
Winogradskyella sp. PG-2	754409	S	5	0	5	0.0000754284
Winogradskyella sp. PC-19	754417	S	4	1	5	0.0000754284
Tenacibaculum mesophilum	104268	S	4	1	5	0.0000754284
Formosa agariphila	320324	S	5	0	5	0.0000754284
Gramella echinicola	279359	S	5	0	5	0.0000754284
Aequorivita sp. KX20305	2803865	S	5	0	5	0.0000754284
Psychroflexus sp. ALD_RP9	2777186	S	5	0	5	0.0000754284
Galbibacter sp. BG1	1170699	S	5	0	5	0.0000754284
Chryseobacterium sp. SNU WT5	2594269	S	5	0	5	0.0000754284
Chryseobacterium piperi	558152	S	5	0	5	0.0000754284
Bacteroides intestinalis	329854	S	5	0	5	0.0000754284
Prevotella denticola	28129	S	5	0	5	0.0000754284
Alistipes indistinctus	626932	S	5	0	5	0.0000754284
Sphingobacterium daejeonense	371142	S	5	0	5	0.0000754284
Anseongella ginsenosidimutans	496056	S	5	0	5	0.0000754284
Spirosoma aerolatum	1211326	S	5	0	5	0.0000754284
Spirosoma endbachense	2666025	S	3	2	5	0.0000754284
Hymenobacter sp. PAMC 26628	1484118	S	5	0	5	0.0000754284
Hymenobacter sp. DG01	2584940	S	4	1	5	0.0000754284
Hymenobacter jejuensis	2502781	S	5	0	5	0.0000754284
Pontibacter korlensis	400092	S	5	0	5	0.0000754284
Pontibacter russatus	2694929	S	5	0	5	0.0000754284
Pontibacter pudoricolor	2694930	S	5	0	5	0.0000754284
Adhaeribacter radiodurans	2745197	S	5	0	5	0.0000754284
Echinicola rosea	1807691	S	4	1	5	0.0000754284
Cyclobacterium marinum	104	S	5	0	5	0.0000754284
Roseivirga pacifica	1267423	S	5	0	5	0.0000754284
Chlorobaculum tepidum	1097	S	5	0	5	0.0000754284
Gimesia maris	122	S	5	0	5	0.0000754284
Gimesia aquarii	2527964	S	5	0	5	0.0000754284
Gimesia fumaroli	2527976	S	5	0	5	0.0000754284
Planctopirus ephydatiae	2528019	S	5	0	5	0.0000754284
Isosphaera pallida	128	S	5	0	5	0.0000754284
Candidatus Protochlamydia naegleriophila	389348	S	5	0	5	0.0000754284
Salinispira pacifica	1307761	S	5	0	5	0.0000754284
Leptospira tipperaryensis	2564040	S	5	0	5	0.0000754284
Brachyspira intermedia	84377	S	4	1	5	0.0000754284
Fusobacterium mortiferum	850	S	5	0	5	0.0000754284
Fusobacterium necrophorum	859	S	5	0	5	0.0000754284
Candidatus Chazhemtobacterium aquaticus	2715735	S	5	0	5	0.0000754284
Halorussus sp. RC-68	2505977	S	5	0	5	0.0000754284
Methanosarcina vacuolata	2215	S	3	2	5	0.0000754284
Methanobrevibacter sp. YE315	1609968	S	5	0	5	0.0000754284
Invertebrate iridescent virus 31	345199	S	5	0	5	0.0000754284
Burkholderia diffusa	488732	S	3	1	4	0.0000603427
Burkholderia sp. MSMB617WGS	1637831	S	2	2	4	0.0000603427
Burkholderia sp. JP2-270	2217913	S	3	1	4	0.0000603427
Paraburkholderia megapolitana	420953	S	4	0	4	0.0000603427
Pandoraea norimbergensis	93219	S	4	0	4	0.0000603427
Oxalobacter formigenes	847	S	4	0	4	0.0000603427
Bordetella pertussis	520	S	1	3	4	0.0000603427
Pusillimonas sp. T7-7	1007105	S	4	0	4	0.0000603427
Oligella urethralis	90245	S	4	0	4	0.0000603427
Basilea psittacipulmonis	1472345	S	4	0	4	0.0000603427
Chromobacterium sp. Rain0013	2292447	S	3	1	4	0.0000603427
Chitinibacter fontanus	1737446	S	4	0	4	0.0000603427
Neisseria elongata	495	S	4	0	4	0.0000603427
Kingella kingae	504	S	4	0	4	0.0000603427
Methylophilus medardicus	2588534	S	4	0	4	0.0000603427
Methylovorus sp. MP688	887061	S	3	1	4	0.0000603427
Methylobacillus flagellatus	405	S	4	0	4	0.0000603427
Nitrosomonas sp. AL212	153948	S	2	2	4	0.0000603427
Nitrosospira briensis	35799	S	4	0	4	0.0000603427
Sulfuriferula nivalis	2675298	S	4	0	4	0.0000603427
Candidatus Profftella armatura	669502	S	3	1	4	0.0000603427
Pseudomonas sp. Tri1	2823875	S	4	0	4	0.0000603427
Pseudomonas sp. K2W31S-8	2320867	S	4	0	4	0.0000603427
Pseudomonas sp. ADAK13	2730847	S	4	0	4	0.0000603427
Pseudomonas sp. ACM7	2052956	S	4	0	4	0.0000603427
Pseudomonas sp. SK	2729423	S	4	0	4	0.0000603427
Pseudomonas sp. S1-A32-2	2731681	S	4	0	4	0.0000603427
Pseudomonas sp. 7SR1	1881017	S	4	0	4	0.0000603427
Pseudomonas sp. Leaf58	1736226	S	4	0	4	0.0000603427
Pseudomonas sp. B11D7D	2735906	S	4	0	4	0.0000603427
Pseudomonas sp. ATCC 13867	1294143	S	4	0	4	0.0000603427
Pseudomonas sp. Z003-0.4C(8344-21)	1855380	S	3	1	4	0.0000603427
Pseudomonas sp. RU47	2005388	S	3	1	4	0.0000603427
Pseudomonas mandelii	75612	S	2	2	4	0.0000603427
Pseudomonas multiresinivorans	95301	S	3	1	4	0.0000603427
Pseudomonas denitrificans (nom. rej.)	43306	S	4	0	4	0.0000603427
Pseudomonas guangdongensis	1245526	S	4	0	4	0.0000603427
Pseudomonas arsenicoxydans	702115	S	4	0	4	0.0000603427
Pseudomonas xinjiangensis	487184	S	4	0	4	0.0000603427
Pseudomonas moraviensis	321662	S	4	0	4	0.0000603427
Pseudomonas lurida	244566	S	4	0	4	0.0000603427
Pseudomonas atacamensis	2565368	S	3	1	4	0.0000603427
Pseudomonas alcaliphila	101564	S	3	1	4	0.0000603427
Entomomonas moraniae	2213226	S	4	0	4	0.0000603427
Acinetobacter sp. C16S1	2609668	S	4	0	4	0.0000603427
Acinetobacter sp. WCHA55	2004646	S	3	1	4	0.0000603427
Acinetobacter sp. SWBY1	2079596	S	2	2	4	0.0000603427
Acinetobacter sp. FDAARGOS_724	2545797	S	2	2	4	0.0000603427
Acinetobacter nosocomialis	106654	S	3	1	4	0.0000603427
Acinetobacter oleivorans	1148157	S	4	0	4	0.0000603427
Acinetobacter equi	1324350	S	4	0	4	0.0000603427
Psychrobacter sp.	56811	S	3	1	4	0.0000603427
Stenotrophomonas sp. YAU14D1_LEIMI4_1	2072407	S	2	2	4	0.0000603427
Xanthomonas cassavae	56450	S	4	0	4	0.0000603427
Xanthomonas sacchari	56458	S	4	0	4	0.0000603427
Xanthomonas fragariae	48664	S	4	0	4	0.0000603427
Xanthomonas hyacinthi	56455	S	3	1	4	0.0000603427
Lysobacter sp. H21R4	2781021	S	2	2	4	0.0000603427
Lysobacter alkalisoli	2591633	S	4	0	4	0.0000603427
Thermomonas sp. XSG	2771436	S	4	0	4	0.0000603427
Pseudoxanthomonas spadix	415229	S	4	0	4	0.0000603427
Dyella sp. M7H15-1	2501295	S	4	0	4	0.0000603427
Luteibacter rhizovicinus	242606	S	4	0	4	0.0000603427
Klebsiella sp. STW0522-44	2681387	S	2	2	4	0.0000603427
Enterobacter kobei	208224	S	1	3	4	0.0000603427
Citrobacter sp. R56	1573676	S	4	0	4	0.0000603427
Enterobacteriaceae endosymbiont of Neohaemonia nigricornis	2675792	S	4	0	4	0.0000603427
Enterobacteriaceae endosymbiont of Plateumaris sericea	2675797	S	3	1	4	0.0000603427
Blochmannia endosymbiont of Camponotus (Colobopsis) obliquus	1505597	S	4	0	4	0.0000603427
Candidatus Hamiltonella defensa	138072	S	4	0	4	0.0000603427
[Enterobacter] lignolyticus	1334193	S	4	0	4	0.0000603427
Cronobacter muytjensii	413501	S	2	2	4	0.0000603427
Lelliottia amnigena	61646	S	4	0	4	0.0000603427
Pantoea alhagi	1891675	S	4	0	4	0.0000603427
Erwinia sp. QL-Z3	2547962	S	2	2	4	0.0000603427
Tatumella sp. TA1	2487345	S	4	0	4	0.0000603427
Serratia symbiotica	138074	S	4	0	4	0.0000603427
Yersinia enterocolitica	630	S	4	0	4	0.0000603427
Yersinia canariae	2607663	S	4	0	4	0.0000603427
Photorhabdus thracensis	230089	S	4	0	4	0.0000603427
Morganella morganii	582	S	4	0	4	0.0000603427
Dickeya zeae	204042	S	4	0	4	0.0000603427
Plesiomonas shigelloides	703	S	4	0	4	0.0000603427
Halomonas sp. PGE1	2730360	S	4	0	4	0.0000603427
Halomonas elongata	2746	S	4	0	4	0.0000603427
Halomonas aestuarii	1897729	S	4	0	4	0.0000603427
Halomonas socia	1081866	S	4	0	4	0.0000603427
Halomonas hydrothermalis	115561	S	3	1	4	0.0000603427
Kushneria phosphatilytica	657387	S	4	0	4	0.0000603427
Candidatus Carsonella ruddii	114186	S	4	0	4	0.0000603427
Marinobacterium aestuarii	1821621	S	4	0	4	0.0000603427
Alcanivorax pacificus	1306787	S	4	0	4	0.0000603427
Shewanella sp. ANA-3	94122	S	2	2	4	0.0000603427
Shewanella loihica	359303	S	4	0	4	0.0000603427
Shewanella halifaxensis	271098	S	4	0	4	0.0000603427
Pseudoalteromonas translucida	166935	S	3	1	4	0.0000603427
Salinimonas sediminis	2303538	S	4	0	4	0.0000603427
Saliniradius amylolyticus	2183582	S	4	0	4	0.0000603427
Colwellia sp. MT41	58049	S	4	0	4	0.0000603427
Colwellia sp. PAMC 20917	1816218	S	4	0	4	0.0000603427
Colwellia sp. 20A7	2689569	S	4	0	4	0.0000603427
Psychromonas ingrahamii	357794	S	4	0	4	0.0000603427
Psychromonas sp. CNPT3	314282	S	4	0	4	0.0000603427
Vibrio rotiferianus	190895	S	4	0	4	0.0000603427
Vibrio azureus	512649	S	4	0	4	0.0000603427
Vibrio aquimaris	2587862	S	4	0	4	0.0000603427
Vibrio furnissii	29494	S	4	0	4	0.0000603427
Vibrio navarrensis	29495	S	4	0	4	0.0000603427
Vibrio spartinae	1918945	S	4	0	4	0.0000603427
Vibrio scophthalmi	45658	S	4	0	4	0.0000603427
Vibrio cholerae	666	S	3	1	4	0.0000603427
Aeromonas dhakensis	196024	S	3	1	4	0.0000603427
Succinivibrio dextrinosolvens	83771	S	4	0	4	0.0000603427
Rheinheimera sp. D18	2545632	S	4	0	4	0.0000603427
Nitrosococcus wardiae	1814290	S	4	0	4	0.0000603427
Caldichromatium japonicum	2699430	S	4	0	4	0.0000603427
Thioalkalivibrio nitratireducens	186931	S	4	0	4	0.0000603427
Halothiobacillus neapolitanus	927	S	3	1	4	0.0000603427
Halothiobacillus sp. LS2	1860122	S	3	1	4	0.0000603427
Sulfuriflexus mobilis	1811807	S	4	0	4	0.0000603427
Microbulbifer thermotolerans	252514	S	4	0	4	0.0000603427
Legionella adelaidensis	45056	S	4	0	4	0.0000603427
Aquicella siphonis	254247	S	4	0	4	0.0000603427
Coxiella burnetii	777	S	3	1	4	0.0000603427
Methylomonas denitrificans	1538553	S	4	0	4	0.0000603427
Methylomonas koyamae	702114	S	2	2	4	0.0000603427
Thiomicrospira aerophila	92245	S	4	0	4	0.0000603427
Thiosulfativibrio zosterae	2675053	S	4	0	4	0.0000603427
Francisella sp. FSC1006	1547445	S	4	0	4	0.0000603427
Francisella sp. Scap27	2589986	S	2	2	4	0.0000603427
Francisella halioticida	549298	S	4	0	4	0.0000603427
Candidatus Thioglobus singularis	1427364	S	4	0	4	0.0000603427
Candidatus Azoamicus ciliaticola	2652803	S	4	0	4	0.0000603427
Frischella perrara	1267021	S	4	0	4	0.0000603427
Cardiobacterium hominis	2718	S	4	0	4	0.0000603427
Bradyrhizobium sp. 1(2017)	1404888	S	4	0	4	0.0000603427
Bradyrhizobium sp. CCBAU 53338	1325111	S	3	1	4	0.0000603427
Rhizobium rhizoryzae	451876	S	4	0	4	0.0000603427
Rhizobium indicum	2583231	S	3	1	4	0.0000603427
Rhizobium rosettiformans	1368430	S	3	1	4	0.0000603427
Rhizobium tropici	398	S	3	1	4	0.0000603427
Agrobacterium sp. RAC06	1842536	S	2	2	4	0.0000603427
Sinorhizobium medicae	110321	S	4	0	4	0.0000603427
Mesorhizobium sp. NZP2077	2483404	S	4	0	4	0.0000603427
Mesorhizobium sp. NBSH29	2654249	S	4	0	4	0.0000603427
Mesorhizobium sp. NZP2298	2483403	S	3	1	4	0.0000603427
Mesorhizobium sp. M1D.F.Ca.ET.043.01.1.1	2493669	S	3	1	4	0.0000603427
Mesorhizobium sp. M2A.F.Ca.ET.043.02.1.1	2493670	S	2	2	4	0.0000603427
Hoeflea sp. IMCC20628	1620421	S	4	0	4	0.0000603427
Salaquimonas pukyongi	2712698	S	4	0	4	0.0000603427
Devosia sp. D6-9	2664417	S	2	2	4	0.0000603427
Devosia ginsengisoli	400770	S	4	0	4	0.0000603427
Blastochloris tepida	2233851	S	4	0	4	0.0000603427
Pelagibacterium halotolerans	531813	S	4	0	4	0.0000603427
Methyloligella sp. GL2	2742204	S	4	0	4	0.0000603427
Labrenzia sp. THAF35	2587854	S	2	2	4	0.0000603427
Brucella pseudogrignonensis	419475	S	3	1	4	0.0000603427
Sphingomonas daechungensis	1176646	S	4	0	4	0.0000603427
Sphingomonas lacunae	2698828	S	4	0	4	0.0000603427
Sphingobium sp. EP60837	1855519	S	4	0	4	0.0000603427
Sphingobium japonicum	332056	S	3	1	4	0.0000603427
Parasphingorhabdus sp. JHSY0214	2806553	S	4	0	4	0.0000603427
Erythrobacter sp. KY5	2011159	S	4	0	4	0.0000603427
Erythrobacter aureus	2182384	S	4	0	4	0.0000603427
Qipengyuania seohaensis	266951	S	4	0	4	0.0000603427
Paracoccus jeotgali	2065379	S	4	0	4	0.0000603427
Phaeobacter sp. LSS9	681157	S	2	2	4	0.0000603427
Rhodovulum sp. P5	1564506	S	4	0	4	0.0000603427
Roseovarius sp. THAF8	2587846	S	1	3	4	0.0000603427
Roseovarius faecimaris	2494550	S	4	0	4	0.0000603427
Parasedimentitalea marina	2483033	S	4	0	4	0.0000603427
Tateyamaria omphalii	299262	S	4	0	4	0.0000603427
Planktomarina temperata	1284658	S	4	0	4	0.0000603427
Marinovum algicola	42444	S	3	1	4	0.0000603427
Azospirillum baldaniorum	1064539	S	1	3	4	0.0000603427
Magnetospira sp. QH-2	1288970	S	4	0	4	0.0000603427
Roseomonas sp. 1318	2768161	S	4	0	4	0.0000603427
Entomobacter blattae	2762277	S	4	0	4	0.0000603427
Neoasaia chiangmaiensis	320497	S	4	0	4	0.0000603427
Rickettsia raoultii	369822	S	2	2	4	0.0000603427
Candidatus Fokinia solitaria	1802984	S	4	0	4	0.0000603427
Candidatus Fonsibacter ubiquis	1925548	S	4	0	4	0.0000603427
Hyphomonas sp. KY3	2016196	S	4	0	4	0.0000603427
endosymbiont of Acanthamoeba sp. UWC8	86106	S	4	0	4	0.0000603427
Candidatus Paracaedibacter acanthamoebae	91604	S	4	0	4	0.0000603427
Paremcibacter congregatus	2043170	S	4	0	4	0.0000603427
Kordiimonas pumila	2161677	S	4	0	4	0.0000603427
Magnetococcus marinus	1124597	S	4	0	4	0.0000603427
Aliarcobacter faecis	1564138	S	4	0	4	0.0000603427
Arcobacter anaerophilus	877500	S	4	0	4	0.0000603427
Malaciobacter canalis	1912871	S	3	1	4	0.0000603427
Poseidonibacter lekithochrous	1904463	S	4	0	4	0.0000603427
Poseidonibacter parvus	1850254	S	1	3	4	0.0000603427
Campylobacter fetus	196	S	4	0	4	0.0000603427
Campylobacter pinnipediorum	1965231	S	4	0	4	0.0000603427
Campylobacter helveticus	28898	S	4	0	4	0.0000603427
Campylobacter showae	204	S	4	0	4	0.0000603427
Campylobacter lari	201	S	3	1	4	0.0000603427
Campylobacter subantarcticus	497724	S	3	1	4	0.0000603427
Sulfurimonas denitrificans	39766	S	4	0	4	0.0000603427
Sulfurimonas gotlandica	1176482	S	4	0	4	0.0000603427
Nitratiruptor sp. SB155-2	387092	S	2	2	4	0.0000603427
Myxococcus sp. SCHIC003	2813577	S	3	1	4	0.0000603427
Desulfovibrio sp. IOR2	2583823	S	4	0	4	0.0000603427
Desulfomicrobium baculatum	899	S	3	1	4	0.0000603427
Desulfomicrobium orale	132132	S	3	1	4	0.0000603427
Geobacter sp. SVR	2495594	S	4	0	4	0.0000603427
Geobacter lovleyi	313985	S	4	0	4	0.0000603427
Geobacter pickeringii	345632	S	4	0	4	0.0000603427
Geobacter uraniireducens	351604	S	4	0	4	0.0000603427
Geobacter daltonii	1203471	S	4	0	4	0.0000603427
Pelobacter propionicus	29543	S	3	1	4	0.0000603427
Syntrophotalea carbinolica	19	S	4	0	4	0.0000603427
Syntrophotalea acetylenica	29542	S	4	0	4	0.0000603427
Desulfosarcina alkanivorans	571177	S	4	0	4	0.0000603427
Desulfobulbus propionicus	894	S	4	0	4	0.0000603427
Desulfocapsa sulfexigens	65555	S	4	0	4	0.0000603427
Syntrophus aciditrophicus	316277	S	4	0	4	0.0000603427
Acidithiobacillus caldus	33059	S	4	0	4	0.0000603427
Microlunatus phosphovorus	29405	S	4	0	4	0.0000603427
Raineyella sp. CBA3103	2662261	S	4	0	4	0.0000603427
Pseudopropionibacterium propionicum	1750	S	4	0	4	0.0000603427
Nocardioides houyundeii	2045452	S	4	0	4	0.0000603427
Aeromicrobium chenweiae	2079793	S	4	0	4	0.0000603427
Friedmanniella luteola	546871	S	4	0	4	0.0000603427
Mumia sp. ZJ1417	2708082	S	4	0	4	0.0000603427
Curtobacterium sp. 24E2	2804758	S	4	0	4	0.0000603427
Curtobacterium sp. SGAir0471	2070337	S	3	1	4	0.0000603427
Microbacterium sp. HY82	2708079	S	4	0	4	0.0000603427
Microbacterium sp. CGR1	1696072	S	1	3	4	0.0000603427
Microbacterium sp. 1.5R	1916917	S	1	3	4	0.0000603427
Microbacterium lushaniae	2614639	S	4	0	4	0.0000603427
Microbacterium oryzae	743009	S	4	0	4	0.0000603427
Candidatus Aquiluna sp. 15G-AUS-rot	2499157	S	3	1	4	0.0000603427
Rathayibacter sp. VKM Ac-2805	2609258	S	1	3	4	0.0000603427
Rathayibacter toxicus	145458	S	4	0	4	0.0000603427
Agromyces sp. KACC 19306	2592652	S	4	0	4	0.0000603427
Salinibacterium hongtaonis	2079791	S	4	0	4	0.0000603427
Leucobacter coleopterorum	2714933	S	4	0	4	0.0000603427
Agrococcus carbonis	684552	S	4	0	4	0.0000603427
Mycetocola zhujimingii	2079792	S	4	0	4	0.0000603427
Microcella alkaliphila	279828	S	4	0	4	0.0000603427
Diaminobutyricimonas sp. LJ205	2683590	S	4	0	4	0.0000603427
Cnuibacter physcomitrellae	1619308	S	1	3	4	0.0000603427
Arthrobacter sp. UKPF54-2	2600159	S	4	0	4	0.0000603427
Arthrobacter sp. PAMC 25486	1494608	S	4	0	4	0.0000603427
Arthrobacter crystallopoietes	37928	S	4	0	4	0.0000603427
Pseudarthrobacter sp. NIBRBAC000502770	2590785	S	2	2	4	0.0000603427
Sinomonas sp. R1AF57	2020377	S	4	0	4	0.0000603427
Citricoccus sp. SGAir0253	2567881	S	4	0	4	0.0000603427
Neomicrococcus aestuarii	556325	S	4	0	4	0.0000603427
Pedococcus dokdonensis	443156	S	4	0	4	0.0000603427
Brevibacterium sp. YB235	1496080	S	3	1	4	0.0000603427
Brachybacterium saurashtrense	556288	S	4	0	4	0.0000603427
Cellulosimicrobium sp. JZ28	1906273	S	2	2	4	0.0000603427
Isoptericola variabilis	139208	S	4	0	4	0.0000603427
Xylanimonas allomyrinae	2509459	S	4	0	4	0.0000603427
Georgenia sp. Z294	2585135	S	4	0	4	0.0000603427
Mycolicibacterium gadium	1794	S	4	0	4	0.0000603427
Mycolicibacterium doricum	126673	S	4	0	4	0.0000603427
Mycolicibacterium fluoranthenivorans	258505	S	4	0	4	0.0000603427
Mycolicibacterium poriferae	39694	S	1	3	4	0.0000603427
Mycobacterium shigaense	722731	S	4	0	4	0.0000603427
Mycobacterium paraintracellulare	1138383	S	1	3	4	0.0000603427
Mycobacterium paraseoulense	590652	S	4	0	4	0.0000603427
Mycobacterium noviomagense	459858	S	4	0	4	0.0000603427
Mycobacterium branderi	43348	S	4	0	4	0.0000603427
Mycobacteroides salmoniphilum	404941	S	4	0	4	0.0000603427
Mycolicibacter hiberniae	29314	S	4	0	4	0.0000603427
Corynebacterium sp. FDAARGOS 1242	2778078	S	2	2	4	0.0000603427
Corynebacterium sphenisci	191493	S	4	0	4	0.0000603427
Corynebacterium glyciniphilum	1404244	S	4	0	4	0.0000603427
Corynebacterium renale	1724	S	4	0	4	0.0000603427
Corynebacterium halotolerans	225326	S	4	0	4	0.0000603427
Corynebacterium provencense	1737425	S	4	0	4	0.0000603427
Corynebacterium suranareeae	2506452	S	4	0	4	0.0000603427
Corynebacterium imitans	156978	S	4	0	4	0.0000603427
Corynebacterium riegelii	156976	S	4	0	4	0.0000603427
Corynebacterium simulans	146827	S	3	1	4	0.0000603427
Corynebacterium amycolatum	43765	S	1	3	4	0.0000603427
Rhodococcus sp. PBTS 2	1653479	S	3	1	4	0.0000603427
Rhodococcus sp. WAY2	2663121	S	2	2	4	0.0000603427
Rhodococcus sp. 21391	2683591	S	1	3	4	0.0000603427
Rhodococcus sp. H-CA8f	1727214	S	1	3	4	0.0000603427
Rhodococcus sp. p52	935199	S	1	3	4	0.0000603427
Nocardia arthritidis	228602	S	4	0	4	0.0000603427
Gordonia sp. HY186	2597659	S	4	0	4	0.0000603427
Segniliparus rotundus	286802	S	4	0	4	0.0000603427
Streptomyces sp. Z423-1	2730915	S	4	0	4	0.0000603427
Streptomyces sp. Tu 2975	2676871	S	4	0	4	0.0000603427
Streptomyces sp. CRXT-Y-14	2768069	S	4	0	4	0.0000603427
Streptomyces sp. XC 2026	2782004	S	3	1	4	0.0000603427
Streptomyces sp. CB00271	2750025	S	3	1	4	0.0000603427
Streptomyces sp. INR7	2607753	S	3	1	4	0.0000603427
Streptomyces sp. Rer75	2750011	S	3	1	4	0.0000603427
Streptomyces sp. CNQ-509	444103	S	2	2	4	0.0000603427
Streptomyces sp. S501	2420135	S	1	3	4	0.0000603427
Streptomyces globisporus	1908	S	4	0	4	0.0000603427
Streptomyces hygroscopicus	1912	S	4	0	4	0.0000603427
Streptomyces rapamycinicus	1226757	S	4	0	4	0.0000603427
Streptomyces asterosporus	285570	S	4	0	4	0.0000603427
Streptomyces davaonensis	348043	S	4	0	4	0.0000603427
Streptomyces olivoreticuli	68246	S	4	0	4	0.0000603427
Streptomyces globosus	68209	S	4	0	4	0.0000603427
Streptomyces glomeroaurantiacus	68210	S	4	0	4	0.0000603427
Streptomyces formicae	1616117	S	4	0	4	0.0000603427
Streptomyces subrutilus	36818	S	4	0	4	0.0000603427
Streptomyces collinus	42684	S	4	0	4	0.0000603427
Streptomyces qaidamensis	1783515	S	4	0	4	0.0000603427
Streptomyces tendae	1932	S	4	0	4	0.0000603427
Streptomyces antibioticus	1890	S	4	0	4	0.0000603427
Streptomyces dengpaensis	2049881	S	4	0	4	0.0000603427
Streptomyces paludis	2282738	S	4	0	4	0.0000603427
Streptomyces antimycoticus	68175	S	3	1	4	0.0000603427
Streptomyces autolyticus	75293	S	2	2	4	0.0000603427
Micromonospora sp. WMMA2032	2039870	S	4	0	4	0.0000603427
Micromonospora rifamycinica	291594	S	4	0	4	0.0000603427
Micromonospora maris	1003110	S	4	0	4	0.0000603427
Micromonospora carbonacea	47853	S	4	0	4	0.0000603427
Amycolatopsis japonica	208439	S	2	2	4	0.0000603427
Pseudonocardia autotrophica	2074	S	4	0	4	0.0000603427
Actinomyces sp. Z16	2079536	S	4	0	4	0.0000603427
Actinomyces sp. HMT897	2789424	S	2	2	4	0.0000603427
Actinomyces naeslundii	1655	S	4	0	4	0.0000603427
Actinomyces viscosus	1656	S	4	0	4	0.0000603427
Nocardiopsis gilva	280236	S	4	0	4	0.0000603427
Nakamurella sp. PAMC28650	2762325	S	4	0	4	0.0000603427
Nakamurella panacisegetis	1090615	S	4	0	4	0.0000603427
Acidothermus cellulolyticus	28049	S	4	0	4	0.0000603427
Stackebrandtia nassauensis	283811	S	4	0	4	0.0000603427
Olsenella uli	133926	S	4	0	4	0.0000603427
Olsenella umbonata	604330	S	3	1	4	0.0000603427
Parolsenella massiliensis	1871022	S	4	0	4	0.0000603427
Adlercreutzia sp. 8CFCBH1	2707299	S	3	1	4	0.0000603427
Egicoccus halophilus	1670830	S	4	0	4	0.0000603427
Bacillus mycoides	1405	S	4	0	4	0.0000603427
Bacillus sp. HBCD-sjtu	2053832	S	2	2	4	0.0000603427
Bacillus sp. NSP9.1	1071078	S	4	0	4	0.0000603427
Bacillus sp. FJAT-45348	2011012	S	4	0	4	0.0000603427
Bacillus sp. DSL-17	2567941	S	4	0	4	0.0000603427
Bacillus sp. S3	486398	S	4	0	4	0.0000603427
Bacillus sp. LJBS06	2809036	S	3	1	4	0.0000603427
Bacillus vietnamensis	218284	S	4	0	4	0.0000603427
Bacillus ciccensis	1670641	S	4	0	4	0.0000603427
Bacillus smithii	1479	S	4	0	4	0.0000603427
Geobacillus genomosp. 3	1921421	S	4	0	4	0.0000603427
Virgibacillus halodenitrificans	1482	S	4	0	4	0.0000603427
Metabacillus litoralis	152268	S	4	0	4	0.0000603427
Alkalihalobacillus lehensis	300825	S	2	2	4	0.0000603427
Anoxybacillus flavithermus	33934	S	2	2	4	0.0000603427
Parageobacillus genomosp. 1	1295642	S	4	0	4	0.0000603427
Neobacillus mesonae	1193713	S	4	0	4	0.0000603427
Psychrobacillus glaciei	2283160	S	4	0	4	0.0000603427
Anaerobacillus isosaccharinicus	1532552	S	4	0	4	0.0000603427
Caldibacillus thermoamylovorans	35841	S	4	0	4	0.0000603427
Lederbergia lentus	1467	S	4	0	4	0.0000603427
Staphylococcus sp. M0911	2025492	S	2	2	4	0.0000603427
Staphylococcus saccharolyticus	33028	S	4	0	4	0.0000603427
Staphylococcus warneri	1292	S	3	1	4	0.0000603427
Paenibacillus sp. FSL R7-0331	1536773	S	4	0	4	0.0000603427
Paenibacillus yonginensis	1462996	S	4	0	4	0.0000603427
Paenibacillus lycopersici	2704462	S	4	0	4	0.0000603427
Paenibacillus lentus	1338368	S	4	0	4	0.0000603427
Planococcus donghaensis	414778	S	3	1	4	0.0000603427
Ureibacillus thermophilus	367743	S	4	0	4	0.0000603427
Ureibacillus thermosphaericus	51173	S	3	1	4	0.0000603427
Alicyclobacillus sp. SO9	2665646	S	4	0	4	0.0000603427
Tumebacillus algifaecis	1214604	S	4	0	4	0.0000603427
Kyrpidia spormannii	2055160	S	1	3	4	0.0000603427
Listeria grayi	1641	S	4	0	4	0.0000603427
Novibacillus thermophilus	1471761	S	4	0	4	0.0000603427
Streptococcus suis	1307	S	4	0	4	0.0000603427
Streptococcus porcinus	1340	S	4	0	4	0.0000603427
Streptococcus sanguinis	1305	S	4	0	4	0.0000603427
Streptococcus constellatus	76860	S	2	2	4	0.0000603427
Lactobacillus jensenii	109790	S	4	0	4	0.0000603427
Leuconostoc falkenbergense	2766470	S	2	2	4	0.0000603427
Ligilactobacillus salivarius	1624	S	4	0	4	0.0000603427
Paucilactobacillus nenjiangensis	1296540	S	4	0	4	0.0000603427
Liquorilactobacillus mali	1618	S	4	0	4	0.0000603427
Schleiferilactobacillus harbinensis	304207	S	4	0	4	0.0000603427
Enterococcus hirae	1354	S	4	0	4	0.0000603427
Enterococcus durans	53345	S	4	0	4	0.0000603427
Enterococcus casseliflavus	37734	S	3	1	4	0.0000603427
Vagococcus carniphilus	218144	S	3	1	4	0.0000603427
Suicoccus acidiformans	2036206	S	4	0	4	0.0000603427
Blautia sp. LZLJ-3	2779518	S	4	0	4	0.0000603427
Lacrimispora sphenoides	29370	S	4	0	4	0.0000603427
Butyrivibrio hungatei	185008	S	4	0	4	0.0000603427
Lachnoanaerobaculum umeaense	617123	S	4	0	4	0.0000603427
Anaerotignum propionicum	28446	S	4	0	4	0.0000603427
Clostridium sp. 'deep sea'	2779445	S	4	0	4	0.0000603427
Clostridium aceticum	84022	S	4	0	4	0.0000603427
Clostridium carboxidivorans	217159	S	4	0	4	0.0000603427
Ruminococcus albus	1264	S	4	0	4	0.0000603427
Ruminococcus champanellensis	1161942	S	4	0	4	0.0000603427
Oscillibacter sp. NSJ-62	2763056	S	4	0	4	0.0000603427
Paraclostridium bifermentans	1490	S	4	0	4	0.0000603427
Paeniclostridium sordellii	1505	S	4	0	4	0.0000603427
Desulfotomaculum reducens	59610	S	4	0	4	0.0000603427
Dehalobacter restrictus	55583	S	4	0	4	0.0000603427
Thermoanaerosceptrum fracticalcis	1712410	S	4	0	4	0.0000603427
Aminipila butyrica	433296	S	4	0	4	0.0000603427
[Eubacterium] cellulosolvens	29322	S	4	0	4	0.0000603427
Acetobacterium woodii	33952	S	4	0	4	0.0000603427
Christensenella minuta	626937	S	4	0	4	0.0000603427
Symbiobacterium thermophilum	2734	S	4	0	4	0.0000603427
Thermoanaerobacterium thermosaccharolyticum	1517	S	3	1	4	0.0000603427
Thermoanaerobacter italicus	108150	S	2	2	4	0.0000603427
Veillonella rodentium	248315	S	4	0	4	0.0000603427
Oscillatoria acuminata	118323	S	4	0	4	0.0000603427
Microcoleus sp. PCC 7113	1173027	S	4	0	4	0.0000603427
Geitlerinema sp. PCC 7407	1173025	S	4	0	4	0.0000603427
Crinalium epipsammum	241425	S	4	0	4	0.0000603427
[Phormidium] sp. ETS-05	222819	S	4	0	4	0.0000603427
Euhalothece natronophila	577489	S	2	2	4	0.0000603427
Crocosphaera subtropica	2546360	S	4	0	4	0.0000603427
Nostoc sp. NIES-4103	2005458	S	4	0	4	0.0000603427
Synechococcus sp. CBW1107	2789857	S	4	0	4	0.0000603427
Synechococcus sp. BIOS-E4-1	1400864	S	4	0	4	0.0000603427
Synechococcus sp. PCC 7502	1173263	S	4	0	4	0.0000603427
Synechococcus sp. JA-3-3Ab	321327	S	4	0	4	0.0000603427
Mycoplasma sp. Phocoena C-264-GEN	754517	S	4	0	4	0.0000603427
Mycoplasma sp. (ex Biomphalaria glabrata)	1749074	S	4	0	4	0.0000603427
Mycoplasma struthionis	538220	S	3	1	4	0.0000603427
Mycoplasma gallopavonis	76629	S	3	1	4	0.0000603427
Spiroplasma culicicola	216935	S	4	0	4	0.0000603427
Mesoplasma coleopterae	324078	S	3	1	4	0.0000603427
Deinococcus wulumuqiensis	980427	S	3	1	4	0.0000603427
Thermus thermophilus	274	S	2	2	4	0.0000603427
Chloroflexus aggregans	152260	S	4	0	4	0.0000603427
Sphaerobacter thermophilus	2057	S	4	0	4	0.0000603427
Thermobaculum terrenum	166501	S	4	0	4	0.0000603427
Polaribacter sp. SA4-12	1312072	S	4	0	4	0.0000603427
Polaribacter reichenbachii	996801	S	4	0	4	0.0000603427
Capnocytophaga sp. H2931	1945657	S	1	3	4	0.0000603427
Capnocytophaga sp. H4358	1945658	S	1	3	4	0.0000603427
Nonlabens marinus	930802	S	4	0	4	0.0000603427
Algibacter alginicilyticus	1736674	S	4	0	4	0.0000603427
Muricauda ruestringensis	111501	S	4	0	4	0.0000603427
Dokdonia sp. PRO95	1239415	S	4	0	4	0.0000603427
Wenyingzhuangia fucanilytica	1790137	S	4	0	4	0.0000603427
Changchengzhania lutea	2049305	S	4	0	4	0.0000603427
Oceanihabitans sp. IOP_32	2529032	S	3	1	4	0.0000603427
Chryseobacterium sp. 6424	2039166	S	4	0	4	0.0000603427
Chryseobacterium sp. NBC 122	2547600	S	4	0	4	0.0000603427
Chryseobacterium aureum	2497456	S	4	0	4	0.0000603427
Chryseobacterium arthrosphaerae	651561	S	3	1	4	0.0000603427
Elizabethkingia meningoseptica	238	S	4	0	4	0.0000603427
Croceimicrobium hydrocarbonivorans	2761580	S	3	1	4	0.0000603427
Candidatus Sulcia muelleri	336810	S	4	0	4	0.0000603427
Bacteroides sp. CBA7301	2715212	S	4	0	4	0.0000603427
Bacteroides coprosuis	151276	S	4	0	4	0.0000603427
Butyricimonas faecalis	2093856	S	4	0	4	0.0000603427
Sphingobacterium sp. dk4302	2662364	S	4	0	4	0.0000603427
Olivibacter sp. SDN3	2764720	S	4	0	4	0.0000603427
Spirosoma aureum	2692134	S	2	2	4	0.0000603427
Hymenobacter sp. BRD67	2675877	S	3	1	4	0.0000603427
Hymenobacter qilianensis	1385715	S	4	0	4	0.0000603427
Hymenobacter swuensis	1446467	S	4	0	4	0.0000603427
Hymenobacter oligotrophus	2319843	S	4	0	4	0.0000603427
Pontibacter actiniarum	323450	S	4	0	4	0.0000603427
Rufibacter tibetensis	512763	S	4	0	4	0.0000603427
Nibribacter ruber	2698458	S	3	1	4	0.0000603427
Chitinophaga agri	2703787	S	4	0	4	0.0000603427
Chlorobium limicola	1092	S	4	0	4	0.0000603427
Chlorobaculum limnaeum	274537	S	4	0	4	0.0000603427
Ignavibacterium album	591197	S	4	0	4	0.0000603427
Melioribacter roseus	1134405	S	4	0	4	0.0000603427
Fibrobacter succinogenes	833	S	4	0	4	0.0000603427
Rosistilla oblonga	2527990	S	4	0	4	0.0000603427
Mariniblastus fucicola	980251	S	4	0	4	0.0000603427
Bythopirellula goksoyri	1400387	S	4	0	4	0.0000603427
Gimesia alba	2527973	S	4	0	4	0.0000603427
Planctopirus limnophila	120	S	4	0	4	0.0000603427
Rubinisphaera brasiliensis	119	S	4	0	4	0.0000603427
Candidatus Protochlamydia amoebophila	362787	S	4	0	4	0.0000603427
Simkania negevensis	83561	S	4	0	4	0.0000603427
Treponema denticola	158	S	1	3	4	0.0000603427
Borrelia maritima	2761123	S	4	0	4	0.0000603427
Thermotomaculum hydrothermale	981385	S	4	0	4	0.0000603427
Chloracidobacterium thermophilum	458033	S	4	0	4	0.0000603427
Leptotrichia shahii	157691	S	3	1	4	0.0000603427
Fervidobacterium nodosum	2424	S	4	0	4	0.0000603427
Candidatus Nanosynbacter lyticus	2093824	S	4	0	4	0.0000603427
Endomicrobium proavitum	1408281	S	1	3	4	0.0000603427
Natronorubrum bangense	61858	S	4	0	4	0.0000603427
Natrinema sp. YPL30	1710539	S	4	0	4	0.0000603427
Halobiforma lacisalsi	229731	S	4	0	4	0.0000603427
Haloarcula sp. JP-L23	2716717	S	4	0	4	0.0000603427
Halorubrum sp. PV6	634157	S	4	0	4	0.0000603427
Halorubrum lacusprofundi	2247	S	3	1	4	0.0000603427
Salinigranum rubrum	755307	S	4	0	4	0.0000603427
Methanosarcina sp. MTP4	1434100	S	3	1	4	0.0000603427
Methanobacterium congolense	118062	S	4	0	4	0.0000603427
Methanococcus maripaludis	39152	S	4	0	4	0.0000603427
Geoglobus ahangari	113653	S	4	0	4	0.0000603427
Nitrosopumilus cobalaminigenes	1470066	S	4	0	4	0.0000603427
Candidatus Nitrosocosmicus hydrocola	1826872	S	4	0	4	0.0000603427
Picrophilus torridus	82076	S	4	0	4	0.0000603427
Chimeric virus 14	1608440	S	4	0	4	0.0000603427
Burkholderia sp. NRF60-BP8	1637853	S	2	1	3	0.0000452571
Burkholderia sp. LA-2-3-30-S1-D2	1637862	S	2	1	3	0.0000452571
Paraburkholderia terrae	311230	S	2	1	3	0.0000452571
Mycoavidus cysteinexigens	1553431	S	3	0	3	0.0000452571
Mycetohabitans rhizoxinica	412963	S	3	0	3	0.0000452571
Methylibium sp. T29	1430884	S	2	1	3	0.0000452571
Bordetella genomosp. 6	463024	S	2	1	3	0.0000452571
Oligella ureolytica	90244	S	3	0	3	0.0000452571
Taylorella equigenitalis	29575	S	3	0	3	0.0000452571
Paenalcaligenes hominis	643674	S	3	0	3	0.0000452571
Chromobacterium sp. ATCC 53434	2059672	S	3	0	3	0.0000452571
Chromobacterium paludis	2605945	S	3	0	3	0.0000452571
Iodobacter fluviatilis	537	S	3	0	3	0.0000452571
Aquitalea magnusonii	332411	S	2	1	3	0.0000452571
Aquitalea denitrificans	519081	S	2	1	3	0.0000452571
Neisseria animalis	492	S	3	0	3	0.0000452571
Neisseria canis	493	S	3	0	3	0.0000452571
Kingella oralis	505	S	3	0	3	0.0000452571
Nitrosomonas communis	44574	S	3	0	3	0.0000452571
Pseudomonas sp. OIL-1	2706126	S	3	0	3	0.0000452571
Pseudomonas sp. BIGb0427	2724470	S	3	0	3	0.0000452571
Pseudomonas sp. MSPm1	2726956	S	3	0	3	0.0000452571
Pseudomonas sp. R5-89-07	658644	S	3	0	3	0.0000452571
Pseudomonas sp. R76	1573711	S	3	0	3	0.0000452571
Pseudomonas sp. LAB-08	143813	S	3	0	3	0.0000452571
Pseudomonas sp. LG1E9	2219057	S	3	0	3	0.0000452571
Pseudomonas sp. CC6-YY-74	1930532	S	3	0	3	0.0000452571
Pseudomonas sp. DTU12.3	2073078	S	3	0	3	0.0000452571
Pseudomonas sp. S09G 359	2054919	S	3	0	3	0.0000452571
Pseudomonas sp. PDNC002	2811422	S	3	0	3	0.0000452571
Pseudomonas sp. StFLB209	1028989	S	3	0	3	0.0000452571
Pseudomonas sp. LG1D9	2083054	S	2	1	3	0.0000452571
Pseudomonas sp. FGI182	1259844	S	2	1	3	0.0000452571
Pseudomonas sp. XWY-1	2069256	S	1	2	3	0.0000452571
Pseudomonas sp. TKP	1415630	S	1	2	3	0.0000452571
Pseudomonas migulae	78543	S	3	0	3	0.0000452571
Pseudomonas extremorientalis	169669	S	3	0	3	0.0000452571
Pseudomonas libanensis	75588	S	2	1	3	0.0000452571
Pseudomonas balearica	74829	S	2	1	3	0.0000452571
Pseudomonas allokribbensis	2774460	S	3	0	3	0.0000452571
Pseudomonas pelagia	553151	S	3	0	3	0.0000452571
Pseudomonas lini	163011	S	3	0	3	0.0000452571
Pseudomonas umsongensis	198618	S	3	0	3	0.0000452571
Pseudomonas khazarica	2502979	S	2	1	3	0.0000452571
Pseudomonas sihuiensis	1274359	S	2	1	3	0.0000452571
Permianibacter aggregans	1510150	S	3	0	3	0.0000452571
Psychrobacter sp. P2G3	1699622	S	1	2	3	0.0000452571
Psychrobacter urativorans	45610	S	3	0	3	0.0000452571
Psychrobacter arcticus	334543	S	3	0	3	0.0000452571
Psychrobacter cryohalolentis	330922	S	1	2	3	0.0000452571
Stenotrophomonas sp. ESTM1D_MKCIP4_1	2072414	S	3	0	3	0.0000452571
Stenotrophomonas sp. SXG-1	2682487	S	1	2	3	0.0000452571
Xanthomonas cucurbitae	56453	S	3	0	3	0.0000452571
Xanthomonas theicola	56464	S	3	0	3	0.0000452571
Xylella taiwanensis	1444770	S	3	0	3	0.0000452571
Enterobacter sp. N18-03635	2500132	S	1	2	3	0.0000452571
Citrobacter sp. BIDMC107	1686384	S	1	2	3	0.0000452571
Citrobacter farmeri	67824	S	2	1	3	0.0000452571
Citrobacter pasteurii	1563222	S	2	1	3	0.0000452571
Enterobacteriaceae endosymbiont of Plateumaris pusilla	2675795	S	2	1	3	0.0000452571
Candidatus Blochmannia pennsylvanicus	101534	S	3	0	3	0.0000452571
Leclercia sp. W6	2282310	S	1	2	3	0.0000452571
Atlantibacter hermannii	565	S	3	0	3	0.0000452571
Pantoea sp. SO10	2575375	S	3	0	3	0.0000452571
Pantoea sp. PSNIH1	1484158	S	2	1	3	0.0000452571
Erwinia persicina	55211	S	3	0	3	0.0000452571
Erwinia pyrifoliae	79967	S	2	1	3	0.0000452571
Serratia sp. 3ACOL1	2448483	S	2	1	3	0.0000452571
Serratia proteamaculans	28151	S	3	0	3	0.0000452571
Yersinia pestis	632	S	1	2	3	0.0000452571
Yersinia aldovae	29483	S	3	0	3	0.0000452571
Yersinia entomophaga	935293	S	3	0	3	0.0000452571
Yersinia hibernica	2339259	S	2	1	3	0.0000452571
Gibbsiella quercinecans	929813	S	3	0	3	0.0000452571
Candidatus Fukatsuia symbiotica	1878942	S	3	0	3	0.0000452571
Providencia rustigianii	158850	S	3	0	3	0.0000452571
Xenorhabdus poinarii	40577	S	3	0	3	0.0000452571
Xenorhabdus budapestensis	290110	S	3	0	3	0.0000452571
Candidatus Arsenophonus lipoptenae	634113	S	3	0	3	0.0000452571
Brenneria goodwinii	1109412	S	1	2	3	0.0000452571
Hafnia paralvei	546367	S	3	0	3	0.0000452571
Edwardsiella piscicida	1263550	S	1	2	3	0.0000452571
Leminorella richardii	158841	S	3	0	3	0.0000452571
Halomonas sp. A40-4	2785909	S	3	0	3	0.0000452571
Halomonas sp. MCCC 1A13316	2733487	S	3	0	3	0.0000452571
Halomonas venusta	44935	S	2	1	3	0.0000452571
Marinomonas algicola	2773454	S	3	0	3	0.0000452571
Neptunomonas concharum	1031538	S	3	0	3	0.0000452571
Neptunomonas phycophila	1572645	S	3	0	3	0.0000452571
Nitrincola sp. KXZD1103	2614693	S	3	0	3	0.0000452571
Bermanella marisrubri	207949	S	3	0	3	0.0000452571
Bacterioplanes sanyensis	1249553	S	3	0	3	0.0000452571
Alcanivorax dieselolei	285091	S	3	0	3	0.0000452571
Kangiella koreensis	261964	S	3	0	3	0.0000452571
Kangiella sediminilitoris	1144748	S	3	0	3	0.0000452571
Kangiella profundi	1561924	S	3	0	3	0.0000452571
Endozoicomonas montiporae	1027273	S	3	0	3	0.0000452571
Shewanella sp. M2	2487742	S	3	0	3	0.0000452571
Shewanella sp. LC6	2589790	S	1	2	3	0.0000452571
Shewanella benthica	43661	S	3	0	3	0.0000452571
Shewanella violacea	60217	S	3	0	3	0.0000452571
Shewanella marisflavi	260364	S	3	0	3	0.0000452571
Pseudoalteromonas sp. THAF3	2587843	S	2	1	3	0.0000452571
Pseudoalteromonas sp. 3J6	649161	S	1	2	3	0.0000452571
Pseudoalteromonas piratica	1348114	S	3	0	3	0.0000452571
Pseudoalteromonas prydzensis	182141	S	3	0	3	0.0000452571
Pseudoalteromonas espejiana	28107	S	3	0	3	0.0000452571
Psychrosphaera aestuarii	1266052	S	3	0	3	0.0000452571
Psychrosphaera sp. MTZ26	2820710	S	3	0	3	0.0000452571
Marinobacter sp. JH2	2547598	S	3	0	3	0.0000452571
Marinobacter sp. es.042	1761794	S	2	1	3	0.0000452571
Marinobacter fonticola	2603215	S	3	0	3	0.0000452571
Alteromonas sp. 76-1	2358187	S	1	2	3	0.0000452571
Colwellia sp. Arc7-D	2161872	S	3	0	3	0.0000452571
Moritella yayanosii	69539	S	3	0	3	0.0000452571
Vibrio gazogenes	687	S	3	0	3	0.0000452571
Vibrio astriarenae	1481923	S	3	0	3	0.0000452571
Vibrio mimicus	674	S	3	0	3	0.0000452571
Vibrio metschnikovii	28172	S	3	0	3	0.0000452571
Vibrio coralliilyticus	190893	S	3	0	3	0.0000452571
Vibrio splendidus	29497	S	3	0	3	0.0000452571
Photobacterium profundum	74109	S	3	0	3	0.0000452571
Salinivibrio kushneri	1908198	S	3	0	3	0.0000452571
Paraphotobacterium marinum	1755811	S	3	0	3	0.0000452571
Aeromonas sp. CA23	2033032	S	3	0	3	0.0000452571
Thermochromatium tepidum	1050	S	3	0	3	0.0000452571
Marichromatium purpuratum	37487	S	3	0	3	0.0000452571
Candidatus Nitrosoglobus terrae	1630141	S	3	0	3	0.0000452571
Halorhodospira halochloris	1052	S	3	0	3	0.0000452571
Wenzhouxiangella sp. AB-CW3	2771012	S	3	0	3	0.0000452571
Teredinibacter purpureus	2731756	S	3	0	3	0.0000452571
Saccharophagus degradans	86304	S	3	0	3	0.0000452571
Microbulbifer sp. ALW1	1516059	S	3	0	3	0.0000452571
Microbulbifer sp. GL-2	2591606	S	3	0	3	0.0000452571
Microbulbifer hydrolyticus	48074	S	3	0	3	0.0000452571
Haemophilus haemolyticus	726	S	3	0	3	0.0000452571
Actinobacillus lignieresii	720	S	1	2	3	0.0000452571
Mannheimia granulomatis	85402	S	3	0	3	0.0000452571
Mannheimia pernigra	111844	S	2	1	3	0.0000452571
Rodentibacter sp. DSM 111151	2778911	S	3	0	3	0.0000452571
Legionella jordanis	456	S	3	0	3	0.0000452571
Legionella anisa	28082	S	3	0	3	0.0000452571
Legionella hackeliae	449	S	3	0	3	0.0000452571
Aquicella lusitana	254246	S	3	0	3	0.0000452571
Methylomonas sp. LW13	107637	S	3	0	3	0.0000452571
Thiomicrospira sp. S5	1803865	S	3	0	3	0.0000452571
Francisella hispaniensis	622488	S	2	1	3	0.0000452571
Sedimenticola thiotaurini	1543721	S	3	0	3	0.0000452571
Salinisphaera sp. LB1	2183911	S	3	0	3	0.0000452571
Bradyrhizobium amphicarpaeae	1404768	S	3	0	3	0.0000452571
Bradyrhizobium vignae	1549949	S	3	0	3	0.0000452571
Rhizobium sp. BG4	2613770	S	3	0	3	0.0000452571
Rhizobium sp. TAL182	2020313	S	1	2	3	0.0000452571
Rhizobium bangladeshense	1138189	S	3	0	3	0.0000452571
Rhizobium acidisoli	1538158	S	2	1	3	0.0000452571
Agrobacterium fabrum	1176649	S	2	1	3	0.0000452571
Agrobacterium rubi	28099	S	3	0	3	0.0000452571
Neorhizobium sp. SOG26	2060726	S	3	0	3	0.0000452571
Sinorhizobium sp. BG8	2613773	S	3	0	3	0.0000452571
Ensifer alkalisoli	1752398	S	3	0	3	0.0000452571
Candidatus Liberibacter solanacearum	556287	S	3	0	3	0.0000452571
Liberibacter crescens	1273132	S	3	0	3	0.0000452571
Mesorhizobium sp. J8	2777475	S	3	0	3	0.0000452571
Mesorhizobium sp. L-2-11	2744521	S	3	0	3	0.0000452571
Mesorhizobium sp. M7A.F.Ce.TU.012.03.2.1	2493681	S	3	0	3	0.0000452571
Mesorhizobium sp. M1E.F.Ca.ET.045.02.1.1	2493672	S	3	0	3	0.0000452571
Mesorhizobium sp. AA22	1854057	S	2	1	3	0.0000452571
Mesorhizobium sp. 113-3-9	2744517	S	2	1	3	0.0000452571
Mesorhizobium sp. 113-1-2	2744515	S	1	2	3	0.0000452571
Mesorhizobium australicum	536018	S	3	0	3	0.0000452571
Mesorhizobium opportunistum	593909	S	3	0	3	0.0000452571
Mesorhizobium erdmanii	1777866	S	3	0	3	0.0000452571
Lentilitoribacter sp. Alg239-R112	2305987	S	3	0	3	0.0000452571
Martelella mediterranea	293089	S	3	0	3	0.0000452571
Martelella endophytica	1486262	S	3	0	3	0.0000452571
Labrenzia sp. VG12	2021862	S	3	0	3	0.0000452571
Labrenzia sp. PHM005	2590016	S	3	0	3	0.0000452571
Bartonella sp. 1-1C	515256	S	3	0	3	0.0000452571
Bartonella sp. HY038	2759660	S	3	0	3	0.0000452571
Bartonella apis	1686310	S	3	0	3	0.0000452571
Bartonella quintana	803	S	2	1	3	0.0000452571
Beijerinckia indica	533	S	3	0	3	0.0000452571
Sphingomonas sp. sand1-3	2764186	S	3	0	3	0.0000452571
Sphingomonas xanthus	2594473	S	3	0	3	0.0000452571
Altererythrobacter atlanticus	1267766	S	3	0	3	0.0000452571
Sulfitobacter sp. JL08	2070369	S	3	0	3	0.0000452571
Celeribacter marinus	1397108	S	3	0	3	0.0000452571
Leisingera sp. NJS204	2508307	S	1	2	3	0.0000452571
Octadecabacter temperatus	1458307	S	3	0	3	0.0000452571
Cognatishimia activa	1715691	S	3	0	3	0.0000452571
Boseongicola sp. CCM32	2552942	S	3	0	3	0.0000452571
Magnetospirillum sp. ME-1	1639348	S	3	0	3	0.0000452571
Thalassospira sp. A40-3	2785908	S	3	0	3	0.0000452571
Thalassospira marina	2048283	S	3	0	3	0.0000452571
Acetobacter orientalis	146474	S	3	0	3	0.0000452571
Acetobacter persici	1076596	S	3	0	3	0.0000452571
Acetobacter pasteurianus	438	S	2	1	3	0.0000452571
Acetobacter ascendens	481146	S	2	1	3	0.0000452571
Komagataeibacter hansenii	436	S	3	0	3	0.0000452571
Swingsia sp. F3b2	2558361	S	3	0	3	0.0000452571
Granulibacter bethesdensis	364410	S	3	0	3	0.0000452571
Terasakiella sp. SH-1	2560057	S	3	0	3	0.0000452571
Wolbachia endosymbiont of Cruorifilaria tuberocauda	1812111	S	2	1	3	0.0000452571
Ehrlichia muris	35795	S	1	2	3	0.0000452571
Rickettsia endosymbiont of Ixodes scapularis	444612	S	2	1	3	0.0000452571
Candidatus Pelagibacter sp. HIMB1321	1388755	S	3	0	3	0.0000452571
Maricaulis maris	74318	S	3	0	3	0.0000452571
Glycocaulis alkaliphilus	1434191	S	3	0	3	0.0000452571
Hirschia baltica	2724	S	3	0	3	0.0000452571
Malaciobacter halophilus	197482	S	3	0	3	0.0000452571
Malaciobacter pacificus	1080223	S	3	0	3	0.0000452571
Campylobacter sp. RM16704	1500960	S	3	0	3	0.0000452571
Campylobacter sp. 2014D-0216	1813595	S	2	1	3	0.0000452571
Campylobacter blaseri	2042961	S	3	0	3	0.0000452571
Campylobacter concisus	199	S	3	0	3	0.0000452571
Sulfurimonas sp. 1-1N	2590021	S	1	2	3	0.0000452571
Helicobacter cinaedi	213	S	3	0	3	0.0000452571
Helicobacter cholecystus	45498	S	3	0	3	0.0000452571
Nitratifractor salsuginis	269261	S	3	0	3	0.0000452571
Nitratiruptor sp. YY09-18	2724901	S	2	1	3	0.0000452571
Desulfovibrio gigas	879	S	3	0	3	0.0000452571
Desulfovibrio marinus	370038	S	3	0	3	0.0000452571
Pseudodesulfovibrio mercurii	641491	S	3	0	3	0.0000452571
Pseudodesulfovibrio sp. zrk46	2725288	S	3	0	3	0.0000452571
Maridesulfovibrio hydrothermalis	191026	S	3	0	3	0.0000452571
Desulfocurvibacter africanus	873	S	3	0	3	0.0000452571
Geobacter sp. FeAm09	2597769	S	3	0	3	0.0000452571
Geobacter sp. Jerry-YX	2815309	S	3	0	3	0.0000452571
Geobacter sp. M21	443144	S	2	1	3	0.0000452571
Geobacter metallireducens	28232	S	3	0	3	0.0000452571
Desulfuromonas soudanensis	1603606	S	3	0	3	0.0000452571
Desulfuromonas sp. DDH964	1823759	S	3	0	3	0.0000452571
Desulfosarcina widdelii	947919	S	3	0	3	0.0000452571
Desulfobacterium autotrophicum	2296	S	3	0	3	0.0000452571
Syntrophobacter fumaroxidans	119484	S	3	0	3	0.0000452571
Bradymonas sediminis	1548548	S	3	0	3	0.0000452571
Halobacteriovorax sp. BALOs_7	2109558	S	3	0	3	0.0000452571
Tessaracoccus flavus	1610493	S	3	0	3	0.0000452571
Acidipropionibacterium jensenii	1749	S	3	0	3	0.0000452571
Aeromicrobium marinum	219314	S	3	0	3	0.0000452571
Kribbella qitaiheensis	1544730	S	3	0	3	0.0000452571
Microbacterium endophyticum	1526412	S	3	0	3	0.0000452571
Microbacterium wangchenii	2541726	S	3	0	3	0.0000452571
Candidatus Aquiluna sp. UB-MaderosW2red	1855377	S	3	0	3	0.0000452571
Rathayibacter sp. VKM Ac-2801	2609255	S	2	1	3	0.0000452571
Rathayibacter tritici	33888	S	3	0	3	0.0000452571
Leucobacter denitrificans	683042	S	3	0	3	0.0000452571
Cryobacterium arcticum	670052	S	2	1	3	0.0000452571
Luteipulveratus mongoliensis	571913	S	3	0	3	0.0000452571
Kocuria sp. TGY1120_3	2711329	S	3	0	3	0.0000452571
Kocuria flava	446860	S	3	0	3	0.0000452571
Arthrobacter sp. 24S4-2	2575374	S	3	0	3	0.0000452571
Arthrobacter sp. ERGS1:01	1704044	S	3	0	3	0.0000452571
Arthrobacter woluwensis	156980	S	3	0	3	0.0000452571
Rothia nasimurium	85336	S	3	0	3	0.0000452571
Rothia terrae	396015	S	2	1	3	0.0000452571
Pseudarthrobacter sp. BIM B-2242	2772401	S	3	0	3	0.0000452571
Pseudarthrobacter chlorophenolicus	85085	S	3	0	3	0.0000452571
Paenarthrobacter ureafaciens	37931	S	1	2	3	0.0000452571
Paenarthrobacter aurescens	43663	S	1	2	3	0.0000452571
Psychromicrobium lacuslunae	1618207	S	3	0	3	0.0000452571
Zhihengliuella sp. ISTPL4	2058657	S	2	1	3	0.0000452571
Brevibacterium oceani	358099	S	3	0	3	0.0000452571
Ornithinimicrobium sp. HY006	2508882	S	3	0	3	0.0000452571
Serinicoccus marinus	247333	S	3	0	3	0.0000452571
Serinicoccus hydrothermalis	1758689	S	3	0	3	0.0000452571
Cellulosimicrobium sp. BI34T	2587808	S	3	0	3	0.0000452571
Beutenbergia cavernae	84757	S	3	0	3	0.0000452571
Austwickia chelonae	100225	S	3	0	3	0.0000452571
Luteimicrobium xylanilyticum	1133546	S	3	0	3	0.0000452571
Mycolicibacterium alvei	67081	S	3	0	3	0.0000452571
Mycolicibacterium fallax	1793	S	3	0	3	0.0000452571
Mycolicibacterium aubagnense	319707	S	3	0	3	0.0000452571
Mycolicibacterium aichiense	1799	S	3	0	3	0.0000452571
Mycolicibacterium rhodesiae	36814	S	3	0	3	0.0000452571
Mycobacterium sp. DL440	2675523	S	3	0	3	0.0000452571
Mycobacterium sp. WY10	1920667	S	1	2	3	0.0000452571
Mycobacterium saskatchewanense	220927	S	3	0	3	0.0000452571
Mycobacterium cookii	1775	S	3	0	3	0.0000452571
Mycobacterium basiliense	2094119	S	3	0	3	0.0000452571
Mycolicibacter terrae	1788	S	3	0	3	0.0000452571
Corynebacterium flavescens	28028	S	3	0	3	0.0000452571
Corynebacterium ulcerans	65058	S	3	0	3	0.0000452571
Corynebacterium ammoniagenes	1697	S	3	0	3	0.0000452571
Corynebacterium pelargi	1471400	S	3	0	3	0.0000452571
Corynebacterium maris	575200	S	3	0	3	0.0000452571
Corynebacterium mustelae	571915	S	3	0	3	0.0000452571
Corynebacterium timonense	441500	S	3	0	3	0.0000452571
Corynebacterium kutscheri	35755	S	3	0	3	0.0000452571
Corynebacterium mycetoides	38302	S	3	0	3	0.0000452571
Corynebacterium liangguodongii	2079535	S	3	0	3	0.0000452571
Corynebacterium aurimucosum	169292	S	3	0	3	0.0000452571
Rhodococcus sp. WMMA185	679318	S	3	0	3	0.0000452571
Rhodococcus sp. P-2	2795031	S	3	0	3	0.0000452571
Rhodococcus rhodochrous	1829	S	3	0	3	0.0000452571
Rhodococcus ruber	1830	S	3	0	3	0.0000452571
Rhodococcus pyridinivorans	103816	S	1	2	3	0.0000452571
Nocardia yunnanensis	2382165	S	3	0	3	0.0000452571
Streptomyces sp. Go-475	2072505	S	3	0	3	0.0000452571
Streptomyces sp. HSG2	2797167	S	3	0	3	0.0000452571
Streptomyces sp. WAC 01529	2203205	S	3	0	3	0.0000452571
Streptomyces sp. NHF165	2175864	S	3	0	3	0.0000452571
Streptomyces sp. PBH53	1577075	S	3	0	3	0.0000452571
Streptomyces sp. QHH-9511	2684468	S	3	0	3	0.0000452571
Streptomyces sp. SirexAA-E	862751	S	3	0	3	0.0000452571
Streptomyces sp. GS7	2692234	S	3	0	3	0.0000452571
Streptomyces sp. Z022	1442032	S	3	0	3	0.0000452571
Streptomyces sp. CMB-StM0423	2059884	S	2	1	3	0.0000452571
Streptomyces anulatus	1892	S	3	0	3	0.0000452571
Streptomyces vinaceus	1960	S	3	0	3	0.0000452571
Streptomyces chromofuscus	42881	S	3	0	3	0.0000452571
Streptomyces qinzhouensis	2599401	S	3	0	3	0.0000452571
Streptomyces rimosus	1927	S	3	0	3	0.0000452571
Streptomyces luteoverticillatus	66425	S	3	0	3	0.0000452571
Streptomyces harbinensis	1176198	S	3	0	3	0.0000452571
Streptomyces alboflavus	67267	S	3	0	3	0.0000452571
Streptomyces peucetius	1950	S	3	0	3	0.0000452571
Streptomyces nitrosporeus	28894	S	3	0	3	0.0000452571
Streptomyces cattleya	29303	S	3	0	3	0.0000452571
Streptomyces cavourensis	67258	S	2	1	3	0.0000452571
Streptomyces alfalfae	1642299	S	1	2	3	0.0000452571
Streptomyces viridifaciens	48665	S	1	2	3	0.0000452571
Micromonospora auratinigra	261654	S	3	0	3	0.0000452571
Micromonospora terminaliae	1914461	S	3	0	3	0.0000452571
Salinispora tropica	168695	S	3	0	3	0.0000452571
Saccharopolyspora sp. ASAGF58	2719023	S	2	1	3	0.0000452571
Bifidobacterium asteroides	1684	S	3	0	3	0.0000452571
Bifidobacterium breve	1685	S	3	0	3	0.0000452571
Bifidobacterium dentium	1689	S	3	0	3	0.0000452571
Bifidobacterium lemurum	1603886	S	3	0	3	0.0000452571
Bifidobacterium pseudocatenulatum	28026	S	3	0	3	0.0000452571
Actinomyces qiguomingii	2057800	S	3	0	3	0.0000452571
Schaalia cardiffensis	181487	S	3	0	3	0.0000452571
Mobiluncus curtisii	2051	S	3	0	3	0.0000452571
Actinopolyspora erythraea	414996	S	3	0	3	0.0000452571
Epidermidibacterium keratini	1891644	S	3	0	3	0.0000452571
Coriobacterium glomerans	33871	S	3	0	3	0.0000452571
Slackia heliotrinireducens	84110	S	3	0	3	0.0000452571
Arabia massiliensis	1870985	S	3	0	3	0.0000452571
Rubrobacter radiotolerans	42256	S	3	0	3	0.0000452571
Bacillus sp. ABP14	1892404	S	2	1	3	0.0000452571
Bacillus wiedmannii	1890302	S	3	0	3	0.0000452571
Bacillus sp. FJAT-18017	1705566	S	3	0	3	0.0000452571
Bacillus sp. M4U3P1	2592382	S	3	0	3	0.0000452571
Bacillus mojavensis	72360	S	3	0	3	0.0000452571
Bacillus atrophaeus	1452	S	3	0	3	0.0000452571
Bacillus licheniformis	1402	S	2	1	3	0.0000452571
Bacillus vini	1476025	S	3	0	3	0.0000452571
Bacillus cohnii	33932	S	3	0	3	0.0000452571
Geobacillus stearothermophilus	1422	S	2	1	3	0.0000452571
Lysinibacillus sphaericus	1421	S	2	1	3	0.0000452571
Virgibacillus necropolis	163877	S	3	0	3	0.0000452571
Aeribacillus pallidus	33936	S	3	0	3	0.0000452571
Terribacillus goriensis	386490	S	3	0	3	0.0000452571
Halobacillus litoralis	45668	S	3	0	3	0.0000452571
Gracilibacillus sp. SCU50	2663022	S	3	0	3	0.0000452571
Pontibacillus sp. HMF3514	2692425	S	3	0	3	0.0000452571
Staphylococcus succinus	61015	S	3	0	3	0.0000452571
Staphylococcus felis	46127	S	3	0	3	0.0000452571
Staphylococcus arlettae	29378	S	3	0	3	0.0000452571
Mammaliicoccus vitulinus	71237	S	3	0	3	0.0000452571
Paenibacillus sp. PAMC21692	2762320	S	3	0	3	0.0000452571
Paenibacillus sp. FSL H7-0357	1536774	S	3	0	3	0.0000452571
Paenibacillus sp. BIHB4019	1870819	S	3	0	3	0.0000452571
Paenibacillus sp. 32O-W	1695218	S	3	0	3	0.0000452571
Paenibacillus naphthalenovorans	162209	S	3	0	3	0.0000452571
Paenibacillus guangzhouensis	1473112	S	3	0	3	0.0000452571
Paenibacillus rhizovicinus	2704463	S	3	0	3	0.0000452571
Brevibacillus brevis	1393	S	3	0	3	0.0000452571
Aneurinibacillus soli	1500254	S	3	0	3	0.0000452571
Planococcus massiliensis	1499687	S	3	0	3	0.0000452571
Planococcus plakortidis	1038856	S	2	1	3	0.0000452571
Kurthia zopfii	1650	S	3	0	3	0.0000452571
Listeria ivanovii	1638	S	3	0	3	0.0000452571
Listeria seeligeri	1640	S	3	0	3	0.0000452571
Listeria welshimeri	1643	S	3	0	3	0.0000452571
Exiguobacterium sp. AT1b	360911	S	3	0	3	0.0000452571
Streptococcus vestibularis	1343	S	3	0	3	0.0000452571
Streptococcus ferus	1345	S	3	0	3	0.0000452571
Streptococcus uberis	1349	S	3	0	3	0.0000452571
Streptococcus pyogenes	1314	S	3	0	3	0.0000452571
Streptococcus sobrinus	1310	S	3	0	3	0.0000452571
Streptococcus periodonticum	2490633	S	2	1	3	0.0000452571
Lactobacillus ultunensis	227945	S	3	0	3	0.0000452571
Weissella paramesenteroides	1249	S	3	0	3	0.0000452571
Ligilactobacillus animalis	1605	S	3	0	3	0.0000452571
Companilactobacillus farciminis	1612	S	3	0	3	0.0000452571
Companilactobacillus futsaii	938155	S	3	0	3	0.0000452571
Oenococcus oeni	1247	S	2	1	3	0.0000452571
Levilactobacillus brevis	1580	S	3	0	3	0.0000452571
Enterococcus gilvus	160453	S	3	0	3	0.0000452571
Vagococcus zengguangii	2571750	S	2	1	3	0.0000452571
Jeotgalibaca dankookensis	708126	S	3	0	3	0.0000452571
Aerococcus christensenii	87541	S	3	0	3	0.0000452571
Anaerostipes caccae	105841	S	3	0	3	0.0000452571
Anaerostipes rhamnosivorans	1229621	S	3	0	3	0.0000452571
Pseudobutyrivibrio xylanivorans	185007	S	3	0	3	0.0000452571
Clostridium sp. AWRP	2212991	S	3	0	3	0.0000452571
Clostridium sp. JN-1	2483110	S	3	0	3	0.0000452571
Clostridium intestinale	36845	S	3	0	3	0.0000452571
Clostridium chauvoei	46867	S	3	0	3	0.0000452571
Clostridium septicum	1504	S	3	0	3	0.0000452571
Clostridium fermenticellae	2068654	S	3	0	3	0.0000452571
Hungatella hathewayi	154046	S	3	0	3	0.0000452571
Caproiciproducens sp. 7D4C2	2721621	S	3	0	3	0.0000452571
Dysosmobacter welbionis	2093857	S	1	2	3	0.0000452571
Romboutsia sp. CE17	2724150	S	3	0	3	0.0000452571
Desulfallas gibsoniae	102134	S	3	0	3	0.0000452571
Thermaerobacter sp. PB12/4term	2293838	S	3	0	3	0.0000452571
Flintibacter sp. KGMB00164	2610895	S	3	0	3	0.0000452571
Caldicellulosiruptor saccharolyticus	44001	S	2	1	3	0.0000452571
Thermoanaerobacterium sp. RBIITD	1550240	S	3	0	3	0.0000452571
Thermodesulfobium narugense	184064	S	3	0	3	0.0000452571
Thermodesulfobium acidiphilum	1794699	S	3	0	3	0.0000452571
Tepidanaerobacter acetatoxydans	499229	S	3	0	3	0.0000452571
Megamonas hypermegale	158847	S	3	0	3	0.0000452571
Dialister pneumosintes	39950	S	3	0	3	0.0000452571
Dialister massiliensis	2161821	S	3	0	3	0.0000452571
Erysipelothrix sp. HDW6B	2714929	S	3	0	3	0.0000452571
Erysipelothrix larvae	1514105	S	3	0	3	0.0000452571
Peptoniphilus harei	54005	S	3	0	3	0.0000452571
Limnochorda pilosa	1555112	S	3	0	3	0.0000452571
Nostoc sp. C057	2576903	S	1	2	3	0.0000452571
Nostoc linckia	92942	S	3	0	3	0.0000452571
Synechococcus sp. RSCCF101	2511069	S	3	0	3	0.0000452571
Synechococcus sp. ROS8604	1442557	S	3	0	3	0.0000452571
Synechococcus sp. WH 8109	166314	S	2	1	3	0.0000452571
Synechococcus elongatus	32046	S	3	0	3	0.0000452571
Synechococcus lividus	33070	S	3	0	3	0.0000452571
Cyanobium sp. NS01	261284	S	3	0	3	0.0000452571
Cyanobium gracile	59930	S	3	0	3	0.0000452571
Leptolyngbya boryana	1184	S	3	0	3	0.0000452571
Chroococcidiopsis thermalis	54299	S	3	0	3	0.0000452571
Mycoplasma sp. OR1901	2742195	S	3	0	3	0.0000452571
Mycoplasma neurolyticum	2120	S	3	0	3	0.0000452571
Mycoplasma orale	2121	S	3	0	3	0.0000452571
Mycoplasma putrefaciens	2123	S	2	1	3	0.0000452571
Mycoplasma maculosum	114885	S	3	0	3	0.0000452571
Mycoplasma californicum	2113	S	3	0	3	0.0000452571
Mycoplasma canis	29555	S	3	0	3	0.0000452571
Ureaplasma parvum	134821	S	3	0	3	0.0000452571
Spiroplasma cantharicola	362837	S	3	0	3	0.0000452571
Spiroplasma syrphidicola	216945	S	3	0	3	0.0000452571
Spiroplasma phoeniceum	47835	S	1	2	3	0.0000452571
Mesoplasma syrphidae	225999	S	3	0	3	0.0000452571
Candidatus Phytoplasma australiense	59748	S	3	0	3	0.0000452571
Deinococcus sp. AJ005	2652443	S	3	0	3	0.0000452571
Deinococcus maricopensis	309887	S	3	0	3	0.0000452571
Deinococcus puniceus	1182568	S	3	0	3	0.0000452571
Deinococcus metallilatus	1211322	S	3	0	3	0.0000452571
Meiothermus ruber	277	S	3	0	3	0.0000452571
Oceanithermus profundus	187137	S	3	0	3	0.0000452571
Anaerolinea thermophila	167964	S	3	0	3	0.0000452571
Dehalogenimonas lykanthroporepellens	552810	S	3	0	3	0.0000452571
Thermomicrobium roseum	500	S	3	0	3	0.0000452571
Ktedonosporobacter rubrisoli	2509675	S	3	0	3	0.0000452571
Capnocytophaga haemolytica	45243	S	3	0	3	0.0000452571
Nonlabens sp. Ci31	2608253	S	3	0	3	0.0000452571
Gramella forsetii	411153	S	3	0	3	0.0000452571
Dokdonia sp. 4H-3-7-5	983548	S	3	0	3	0.0000452571
Dokdonia sp. Dokd-P16	2173169	S	3	0	3	0.0000452571
Aureitalea sp. RR4-38	2094025	S	3	0	3	0.0000452571
Sediminicola sp. YIK13	1453352	S	3	0	3	0.0000452571
Chryseobacterium sp. StRB126	878220	S	3	0	3	0.0000452571
Chryseobacterium sp. G0162	2487063	S	2	1	3	0.0000452571
Kaistella daneshvariae	2487074	S	3	0	3	0.0000452571
Chryseobacterium taklimakanense	536441	S	3	0	3	0.0000452571
Empedobacter stercoris	1628248	S	3	0	3	0.0000452571
Cruoricaptor ignavus	1118202	S	3	0	3	0.0000452571
Owenweeksia hongkongensis	253245	S	3	0	3	0.0000452571
Bacteroides caecimuris	1796613	S	3	0	3	0.0000452571
Prevotella ruminicola	839	S	3	0	3	0.0000452571
Prevotella melaninogenica	28132	S	3	0	3	0.0000452571
Prevotella fusca	589436	S	3	0	3	0.0000452571
Prevotella jejuni	1177574	S	3	0	3	0.0000452571
Alistipes finegoldii	214856	S	3	0	3	0.0000452571
Barnesiella viscericola	397865	S	3	0	3	0.0000452571
Porphyromonas asaccharolytica	28123	S	3	0	3	0.0000452571
Salinivirga cyanobacteriivorans	1307839	S	3	0	3	0.0000452571
Draconibacterium sp. M1	2706887	S	3	0	3	0.0000452571
Mucilaginibacter sp. F39-2	2728022	S	3	0	3	0.0000452571
Sphingobacterium siyangense	459529	S	1	2	3	0.0000452571
Spirosoma sp. CJU-R4	2728024	S	3	0	3	0.0000452571
Spirosoma rigui	564064	S	3	0	3	0.0000452571
Fibrella aestuarina	651143	S	3	0	3	0.0000452571
Hymenobacter sp. BRD128	2675878	S	3	0	3	0.0000452571
Hymenobacter nivis	1850093	S	3	0	3	0.0000452571
Hymenobacter russus	2724192	S	3	0	3	0.0000452571
Hymenobacter radiodurans	2496028	S	1	2	3	0.0000452571
Echinicola sp. 20G	2781961	S	3	0	3	0.0000452571
Pseudobacter ginsenosidimutans	661488	S	3	0	3	0.0000452571
Chlorobium chlorochromatii	337090	S	3	0	3	0.0000452571
Calycomorphotria hydatis	2528027	S	3	0	3	0.0000452571
Akkermansia glycaniphila	1679444	S	3	0	3	0.0000452571
Chlamydia suis	83559	S	2	1	3	0.0000452571
Treponema phagedenis	162	S	3	0	3	0.0000452571
Treponema pedis	409322	S	3	0	3	0.0000452571
Treponema ruminis	744515	S	3	0	3	0.0000452571
Sphaerochaeta pleomorpha	1131707	S	3	0	3	0.0000452571
Borrelia parkeri	141	S	2	1	3	0.0000452571
Leptospira weilii	28184	S	2	1	3	0.0000452571
Brachyspira hyodysenteriae	159	S	3	0	3	0.0000452571
Acidobacterium sp. 4Y35	2763107	S	3	0	3	0.0000452571
Fusobacterium varium	856	S	3	0	3	0.0000452571
Sebaldella termitidis	826	S	3	0	3	0.0000452571
Sneathia vaginalis	187101	S	3	0	3	0.0000452571
Thermotoga sp. RQ2	126740	S	1	2	3	0.0000452571
Petrotoga mobilis	69499	S	3	0	3	0.0000452571
Tepiditoga spiralis	2108365	S	3	0	3	0.0000452571
Nitrospira japonica	1325564	S	3	0	3	0.0000452571
Leptospirillum ferrooxidans	180	S	2	1	3	0.0000452571
Aminomonas paucivorans	81412	S	3	0	3	0.0000452571
Thermanaerovibrio acidaminovorans	81462	S	3	0	3	0.0000452571
Sulfurihydrogenibium sp. YO3AOP1	436114	S	3	0	3	0.0000452571
Thermosulfidibacter takaii	412593	S	3	0	3	0.0000452571
Desulfurobacterium thermolithotrophum	64160	S	2	1	3	0.0000452571
Calditerrivibrio nitroreducens	477976	S	3	0	3	0.0000452571
Desulfurispirillum indicum	936456	S	3	0	3	0.0000452571
Caldithrix abyssi	187145	S	3	0	3	0.0000452571
Natronorubrum aibiense	348826	S	3	0	3	0.0000452571
Halopiger xanaduensis	387343	S	3	0	3	0.0000452571
Salinarchaeum sp. Harcht-Bsk1	1333523	S	3	0	3	0.0000452571
Natronomonas sp. YPL13	1710540	S	3	0	3	0.0000452571
Natronomonas sp. C90	2747817	S	3	0	3	0.0000452571
Halosimplex litoreum	1198301	S	3	0	3	0.0000452571
Halobacterium sp. DL1	751944	S	2	1	3	0.0000452571
Halobonum sp. NJ-3-1	2743089	S	3	0	3	0.0000452571
Haloplanus rubicundus	1547898	S	3	0	3	0.0000452571
Halobellus limi	699433	S	3	0	3	0.0000452571
Haloprofundus sp. MHR1	2572921	S	3	0	3	0.0000452571
Halalkaliarchaeum desulfuricum	2055893	S	3	0	3	0.0000452571
Methanosphaerula palustris	475088	S	3	0	3	0.0000452571
Methanocella arvoryzae	1175445	S	3	0	3	0.0000452571
Methanobrevibacter sp. AbM4	224719	S	3	0	3	0.0000452571
Nitrosopumilus ureiphilus	1470067	S	3	0	3	0.0000452571
Nitrosopumilus adriaticus	1580092	S	3	0	3	0.0000452571
Candidatus Nitrosocosmicus oleophilus	1353260	S	3	0	3	0.0000452571
Candidatus Nitrosocosmicus franklandus	1798806	S	3	0	3	0.0000452571
Metallosphaera hakonensis	79601	S	2	1	3	0.0000452571
Salicola phage CGphi29	754067	S	3	0	3	0.0000452571
Lactococcus phage 57001	2029667	S	2	1	3	0.0000452571
Gordonia virus GAL1	2560493	S	3	0	3	0.0000452571
Pandoravirus dulcis	1349409	S	3	0	3	0.0000452571
Mollivirus sibericum	1678078	S	3	0	3	0.0000452571
Hyphantria cunea nucleopolyhedrovirus	28288	S	3	0	3	0.0000452571
Mus musculus mobilized endogenous polytropic provirus	590745	S	2	1	3	0.0000452571
Burkholderia stagnalis	1503054	S	2	0	2	0.0000301714
Burkholderia sp. BDU6	1385591	S	2	0	2	0.0000301714
Burkholderia sp. YI23	1097668	S	1	1	2	0.0000301714
Burkholderia sp. IDO3	1705310	S	1	1	2	0.0000301714
Burkholderia sp. PAMC 28687	1795874	S	1	1	2	0.0000301714
Paraburkholderia sp. PGU19	2735434	S	2	0	2	0.0000301714
Paraburkholderia caffeinilytica	1761016	S	2	0	2	0.0000301714
Alcaligenes sp. SORT26	2813780	S	2	0	2	0.0000301714
Iodobacter sp. H11R3	2496266	S	2	0	2	0.0000301714
Neisseria sp. oral taxon 014	641148	S	2	0	2	0.0000301714
Neisseria sp. KEM232	655307	S	2	0	2	0.0000301714
Neisseria subflava	28449	S	2	0	2	0.0000301714
Neisseria brasiliensis	2666100	S	2	0	2	0.0000301714
Neisseria cinerea	483	S	2	0	2	0.0000301714
Neisseria weaveri	28091	S	2	0	2	0.0000301714
Neisseria polysaccharea	489	S	1	1	2	0.0000301714
Neisseria lactamica	486	S	1	1	2	0.0000301714
Conchiformibius steedae	153493	S	2	0	2	0.0000301714
Nitrosospira multiformis	1231	S	2	0	2	0.0000301714
Ferriphaselus amnicola	1188319	S	2	0	2	0.0000301714
Candidatus Kinetoplastibacterium desouzaii	994692	S	2	0	2	0.0000301714
Candidatus Kinetoplastibacterium galatii	994695	S	2	0	2	0.0000301714
Candidatus Profftella armatura (Diaphorina cf. continua)	2661583	S	2	0	2	0.0000301714
Pseudomonas sp. TCU-HL1	1856685	S	2	0	2	0.0000301714
Pseudomonas sp. NS1(2017)	2025658	S	2	0	2	0.0000301714
Pseudomonas sp. MYb193	1827300	S	2	0	2	0.0000301714
Pseudomonas sp. UW4	1207075	S	2	0	2	0.0000301714
Pseudomonas sp. DY-1	1755504	S	2	0	2	0.0000301714
Pseudomonas sp. LPB0260	2614442	S	2	0	2	0.0000301714
Pseudomonas sp. IB20	1702250	S	2	0	2	0.0000301714
Pseudomonas sp. S49	1573720	S	2	0	2	0.0000301714
Pseudomonas sp. S35	1573719	S	2	0	2	0.0000301714
Pseudomonas sp. R84	1573712	S	2	0	2	0.0000301714
Pseudomonas sp. gcc21	2726989	S	2	0	2	0.0000301714
Pseudomonas sp. ABC1	2748080	S	2	0	2	0.0000301714
Pseudomonas sp. IzPS59	2774459	S	2	0	2	0.0000301714
Pseudomonas sp. RtIB026	2749999	S	2	0	2	0.0000301714
Pseudomonas sp. OST1909	2777367	S	1	1	2	0.0000301714
Pseudomonas sp. ADPe	2774873	S	1	1	2	0.0000301714
Pseudomonas sp. CFA	2651048	S	1	1	2	0.0000301714
Pseudomonas sp. phDV1	253237	S	1	1	2	0.0000301714
Pseudomonas plecoglossicida	70775	S	2	0	2	0.0000301714
Pseudomonas mosselii	78327	S	2	0	2	0.0000301714
Pseudomonas mediterranea	183795	S	2	0	2	0.0000301714
Pseudomonas luteola	47886	S	2	0	2	0.0000301714
Pseudomonas xanthomarina	271420	S	2	0	2	0.0000301714
Pseudomonas saudiphocaensis	1499686	S	2	0	2	0.0000301714
Pseudomonas kribbensis	1628086	S	2	0	2	0.0000301714
Pseudomonas versuta	1788301	S	2	0	2	0.0000301714
Pseudomonas marincola	437900	S	2	0	2	0.0000301714
Pseudomonas granadensis	1421430	S	2	0	2	0.0000301714
Pseudomonas salegens	1434072	S	2	0	2	0.0000301714
Pseudomonas simiae	321846	S	2	0	2	0.0000301714
Pseudomonas pohangensis	364197	S	2	0	2	0.0000301714
Pseudomonas cerasi	1583341	S	1	1	2	0.0000301714
Pseudomonas soli	1306993	S	1	1	2	0.0000301714
Acinetobacter defluvii	1871111	S	2	0	2	0.0000301714
Psychrobacter sp. 28M-43	2772254	S	2	0	2	0.0000301714
Stenotrophomonas sp. ZAC14D2_NAIMI4_6	2072406	S	1	1	2	0.0000301714
Xanthomonas axonopodis	53413	S	2	0	2	0.0000301714
Xanthomonas vasicola	56459	S	2	0	2	0.0000301714
Xanthomonas vesicatoria	56460	S	2	0	2	0.0000301714
Dyella caseinilytica	1849581	S	2	0	2	0.0000301714
Frateuria aurantia	81475	S	2	0	2	0.0000301714
Klebsiella sp. BDA134-6	2787706	S	2	0	2	0.0000301714
Klebsiella oxytoca	571	S	2	0	2	0.0000301714
Enterobacter sp. 638	399742	S	2	0	2	0.0000301714
Citrobacter sp. BDA59-3	2781952	S	2	0	2	0.0000301714
Citrobacter sp. RHB25-C09	2742624	S	2	0	2	0.0000301714
Escherichia fergusonii	564	S	2	0	2	0.0000301714
Escherichia albertii	208962	S	2	0	2	0.0000301714
Escherichia marmotae	1499973	S	2	0	2	0.0000301714
Enterobacteriaceae endosymbiont of Donacia thalassina	2675786	S	2	0	2	0.0000301714
Candidatus Annandia adelgestsuga	1302411	S	2	0	2	0.0000301714
Candidatus Gullanella endobia	1070130	S	2	0	2	0.0000301714
Leclercia sp. 4-9-1-25	2815358	S	2	0	2	0.0000301714
Kluyvera genomosp. 3	2774055	S	2	0	2	0.0000301714
Buttiauxella agrestis	82977	S	2	0	2	0.0000301714
Cronobacter sakazakii	28141	S	2	0	2	0.0000301714
Cedecea sp. FDAARGOS_727	2545798	S	2	0	2	0.0000301714
Jejubacter calystegiae	2579935	S	2	0	2	0.0000301714
Candidatus Riesia pediculicola	401619	S	2	0	2	0.0000301714
Metakosakonia sp. MRY16-398	2487150	S	1	1	2	0.0000301714
Pantoea sp. At-9b	592316	S	2	0	2	0.0000301714
Pantoea sp. MSR2	2052056	S	2	0	2	0.0000301714
Pantoea sp. CCBC3-3-1	2490851	S	2	0	2	0.0000301714
Pantoea stewartii	66269	S	2	0	2	0.0000301714
Candidatus Pantoea carbekii	1235990	S	2	0	2	0.0000301714
Erwinia tasmaniensis	338565	S	2	0	2	0.0000301714
Serratia sp. KUDC3025	2597702	S	2	0	2	0.0000301714
Yersinia frederiksenii	29484	S	2	0	2	0.0000301714
Ewingella americana	41202	S	2	0	2	0.0000301714
Providencia alcalifaciens	126385	S	2	0	2	0.0000301714
Xenorhabdus nematophila	628	S	2	0	2	0.0000301714
Xenorhabdus bovienii	40576	S	2	0	2	0.0000301714
Pectobacterium wasabiae	55208	S	2	0	2	0.0000301714
Pectobacterium polaris	2042057	S	1	1	2	0.0000301714
Dickeya poaceiphila	568768	S	2	0	2	0.0000301714
Lonsdalea britannica	1082704	S	2	0	2	0.0000301714
Edwardsiella hoshinae	93378	S	2	0	2	0.0000301714
Obesumbacterium proteus	82983	S	2	0	2	0.0000301714
Limnobaculum parvum	2172103	S	2	0	2	0.0000301714
Halomonas sp. YLGW01	2773308	S	2	0	2	0.0000301714
Halomonas sp. HG01	1609967	S	2	0	2	0.0000301714
Halomonas sp. 1513	1883416	S	2	0	2	0.0000301714
Halomonas sp. GT	1971364	S	2	0	2	0.0000301714
Halomonas sp. SF2003	2136172	S	1	1	2	0.0000301714
Halomonas sp. hl-4	1761789	S	1	1	2	0.0000301714
Kushneria marisflavi	157779	S	2	0	2	0.0000301714
Cobetia sp. AM6	2661553	S	1	1	2	0.0000301714
Cobetia pacifica	1055101	S	1	1	2	0.0000301714
Candidatus Portiera aleyrodidarum	91844	S	2	0	2	0.0000301714
Marinomonas sp. MWYL1	400668	S	2	0	2	0.0000301714
Marinomonas sp. FW-1	2071621	S	2	0	2	0.0000301714
Marinomonas mediterranea	119864	S	2	0	2	0.0000301714
Marinomonas arctica	383750	S	2	0	2	0.0000301714
Marinomonas posidonica	936476	S	2	0	2	0.0000301714
Thalassolituus oleivorans	187493	S	2	0	2	0.0000301714
Ketobacter alkanivorans	1917421	S	2	0	2	0.0000301714
Oleiphilus messinensis	141451	S	2	0	2	0.0000301714
Litoricola lipolytica	418701	S	2	0	2	0.0000301714
Shewanella sp. LZH-2	2806008	S	2	0	2	0.0000301714
Shewanella sp. SNU WT4	2590015	S	2	0	2	0.0000301714
Shewanella sp. MEBiC00475	2575361	S	1	1	2	0.0000301714
Shewanella aestuarii	1028752	S	2	0	2	0.0000301714
Shewanella psychrophila	225848	S	2	0	2	0.0000301714
Shewanella khirikhana	1965282	S	2	0	2	0.0000301714
Shewanella maritima	2520507	S	2	0	2	0.0000301714
Shewanella chilikensis	558541	S	1	1	2	0.0000301714
Parashewanella spongiae	342950	S	2	0	2	0.0000301714
Pseudoalteromonas sp. A25	116092	S	2	0	2	0.0000301714
Pseudoalteromonas sp. SM1988	2744479	S	2	0	2	0.0000301714
Pseudoalteromonas sp. PS1M3	87791	S	1	1	2	0.0000301714
Pseudoalteromonas sp. 1_2015MBL_MicDiv	1720343	S	1	1	2	0.0000301714
Pseudoalteromonas sp. Xi13	2490635	S	1	1	2	0.0000301714
Pseudoalteromonas phenolica	161398	S	2	0	2	0.0000301714
Pseudoalteromonas agarivorans	176102	S	1	1	2	0.0000301714
Marinobacter sp. BSs20148	490759	S	2	0	2	0.0000301714
Marinobacter sp. NP-4(2019)	2488665	S	2	0	2	0.0000301714
Marinobacter sp. LQ44	1749259	S	1	1	2	0.0000301714
Marinobacter hydrocarbonoclasticus	2743	S	2	0	2	0.0000301714
Alteromonas mediterranea	314275	S	2	0	2	0.0000301714
Paraglaciecola mesophila	197222	S	2	0	2	0.0000301714
Salinimonas sp. G2-b	2785918	S	2	0	2	0.0000301714
Lacimicrobium alkaliphilum	1526571	S	2	0	2	0.0000301714
Hydrocarboniclastica marina	2259620	S	2	0	2	0.0000301714
Colwellia sp. PAMC 21821	1816219	S	2	0	2	0.0000301714
Thalassotalea sp. HSM 43	2552945	S	2	0	2	0.0000301714
Thalassotalea sp. LPB0316	2769490	S	2	0	2	0.0000301714
Idiomarina andamanensis	1940690	S	2	0	2	0.0000301714
Ferrimonas balearica	44012	S	2	0	2	0.0000301714
Vibrio alginolyticus	663	S	1	1	2	0.0000301714
Vibrio sp. Scap24	2589990	S	2	0	2	0.0000301714
Vibrio tubiashii	29498	S	2	0	2	0.0000301714
Vibrio breoganii	553239	S	2	0	2	0.0000301714
Vibrio nigripulchritudo	28173	S	2	0	2	0.0000301714
Vibrio crassostreae	246167	S	2	0	2	0.0000301714
Vibrio metoecus	1481663	S	2	0	2	0.0000301714
Salinivibrio costicola	51367	S	1	1	2	0.0000301714
Aeromonas sp.	647	S	1	1	2	0.0000301714
Aeromonas schubertii	652	S	2	0	2	0.0000301714
Aeromonas simiae	218936	S	2	0	2	0.0000301714
Nitrosococcus oceani	1229	S	2	0	2	0.0000301714
Allochromatium vinosum	1049	S	2	0	2	0.0000301714
Thioalkalivibrio sp. K90mix	396595	S	2	0	2	0.0000301714
Spiribacter salinus	1335746	S	2	0	2	0.0000301714
Spiribacter sp. 2438	2666185	S	2	0	2	0.0000301714
Halioglobus maricola	2601894	S	2	0	2	0.0000301714
Spongiibacter sp. CSC3.9	2794344	S	2	0	2	0.0000301714
Haemophilus parahaemolyticus	735	S	2	0	2	0.0000301714
Actinobacillus pleuropneumoniae	715	S	1	1	2	0.0000301714
Mannheimia varigena	85404	S	2	0	2	0.0000301714
Mannheimia bovis	2770636	S	2	0	2	0.0000301714
Aggregatibacter segnis	739	S	2	0	2	0.0000301714
Glaesserella sp. 15-184	2030797	S	2	0	2	0.0000301714
Rodentibacter heylii	1906744	S	2	0	2	0.0000301714
Histophilus somni	731	S	2	0	2	0.0000301714
Frederiksenia canicola	123824	S	2	0	2	0.0000301714
Legionella geestiana	45065	S	2	0	2	0.0000301714
Tatlockia micdadei	451	S	2	0	2	0.0000301714
Candidatus Coxiella mudrowiae	2054173	S	2	0	2	0.0000301714
Methylococcus capsulatus	414	S	2	0	2	0.0000301714
Thiomicrospira cyclica	147268	S	2	0	2	0.0000301714
Thiomicrorhabdus indica	2267253	S	2	0	2	0.0000301714
Methylophaga frappieri	754477	S	2	0	2	0.0000301714
Hydrogenovibrio crunogenus	39765	S	2	0	2	0.0000301714
Thiosulfatimonas sediminis	2675054	S	2	0	2	0.0000301714
Francisella tularensis	263	S	2	0	2	0.0000301714
Francisella adeliensis	2007306	S	1	1	2	0.0000301714
Allofrancisella guangzhouensis	594679	S	2	0	2	0.0000301714
endosymbiont of Sipalinus gigas	1972134	S	2	0	2	0.0000301714
Rhizobium sp. 007	2785056	S	1	1	2	0.0000301714
Rhizobium sp. NIBRBAC000502774	2590777	S	1	1	2	0.0000301714
Rhizobium sp. Kim5	2020311	S	1	1	2	0.0000301714
Rhizobium sp. IE4771	1301032	S	1	1	2	0.0000301714
Rhizobium jaguaris	1312183	S	2	0	2	0.0000301714
Rhizobium phaseoli	396	S	1	1	2	0.0000301714
Candidatus Liberibacter americanus	309868	S	2	0	2	0.0000301714
Mesorhizobium sp. INR15	2654248	S	2	0	2	0.0000301714
Mesorhizobium sp. M3A.F.Ca.ET.080.04.2.1	2493676	S	2	0	2	0.0000301714
Mesorhizobium sp. 131-2-1	2744518	S	2	0	2	0.0000301714
Mesorhizobium sp. M2A.F.Ca.ET.046.03.2.1	2493674	S	1	1	2	0.0000301714
Methylocystis bryophila	655015	S	2	0	2	0.0000301714
Aureimonas sp. LMG 31693	2758041	S	2	0	2	0.0000301714
Martelella lutilitoris	2583532	S	2	0	2	0.0000301714
Bartonella krasnovii	2267275	S	2	0	2	0.0000301714
Bartonella alsatica	52764	S	2	0	2	0.0000301714
[Ochrobactrum] quorumnocens	271865	S	2	0	2	0.0000301714
Sphingomonas sp. JE1	1628059	S	2	0	2	0.0000301714
Sphingomonas lutea	1045317	S	2	0	2	0.0000301714
Sphingopyxis sp. LPB0140	1913578	S	2	0	2	0.0000301714
Sphingobium sp. PAMC28499	2565554	S	1	1	2	0.0000301714
Sphingorhabdus sp. JK6	2725558	S	2	0	2	0.0000301714
Parasphingopyxis algicola	2026624	S	2	0	2	0.0000301714
Qipengyuania sediminis	1532023	S	2	0	2	0.0000301714
Roseovarius mucosus	215743	S	1	1	2	0.0000301714
Leisingera methylohalidivorans	133924	S	2	0	2	0.0000301714
Octadecabacter arcticus	53946	S	2	0	2	0.0000301714
Roseobacter litoralis	42443	S	2	0	2	0.0000301714
Roseobacter ponti	1891787	S	2	0	2	0.0000301714
Ketogulonicigenium vulgare	92945	S	2	0	2	0.0000301714
Rhodobaca barguzinensis	441209	S	2	0	2	0.0000301714
Azospirillum sp. TSA2s	709810	S	1	1	2	0.0000301714
Candidatus Endolissoclinum faulkneri	1263979	S	2	0	2	0.0000301714
Acetobacter sp. KACC 21233	2592655	S	2	0	2	0.0000301714
Komagataeibacter saccharivorans	265959	S	2	0	2	0.0000301714
Gluconobacter thailandicus	257438	S	2	0	2	0.0000301714
Wolbachia endosymbiont of Ctenocephalides felis wCfeT	2732593	S	2	0	2	0.0000301714
Neorickettsia findlayensis	2686014	S	2	0	2	0.0000301714
Rickettsia akari	786	S	2	0	2	0.0000301714
Candidatus Phycorickettsia trachydisci	2115978	S	2	0	2	0.0000301714
Candidatus Midichloria mitochondrii	234827	S	2	0	2	0.0000301714
Candidatus Deianiraea vastatrix	2163644	S	2	0	2	0.0000301714
Candidatus Pelagibacter ubique	198252	S	2	0	2	0.0000301714
Candidatus Pelagibacter giovannonii	2563896	S	2	0	2	0.0000301714
Hyphomonas sp. Mor2	1906738	S	2	0	2	0.0000301714
[Arcobacter] porcinus	1935204	S	2	0	2	0.0000301714
Arcobacter nitrofigilis	28199	S	2	0	2	0.0000301714
Malaciobacter marinus	505249	S	2	0	2	0.0000301714
Campylobacter curvus	200	S	2	0	2	0.0000301714
Campylobacter ureolyticus	827	S	2	0	2	0.0000301714
Campylobacter upsaliensis	28080	S	2	0	2	0.0000301714
Campylobacter geochelonis	1780362	S	2	0	2	0.0000301714
Sulfurospirillum barnesii	44674	S	2	0	2	0.0000301714
Candidatus Sulfurimonas baltica	2740404	S	2	0	2	0.0000301714
Helicobacter suis	104628	S	2	0	2	0.0000301714
Helicobacter canadensis	123841	S	2	0	2	0.0000301714
Wolinella succinogenes	844	S	2	0	2	0.0000301714
Hydrogenimonas urashimensis	2740515	S	2	0	2	0.0000301714
Desulfovibrio fairfieldensis	44742	S	2	0	2	0.0000301714
Pseudodesulfovibrio piezophilus	879567	S	2	0	2	0.0000301714
Pseudodesulfovibrio indicus	1716143	S	2	0	2	0.0000301714
Desulfolutivibrio sulfoxidireducens	2773299	S	2	0	2	0.0000301714
Geobacter sp. DSM 9736	1277350	S	2	0	2	0.0000301714
Desulfobacter hydrogenophilus	2291	S	2	0	2	0.0000301714
Desulfatibacillum aliphaticivorans	218208	S	2	0	2	0.0000301714
Desulfurivibrio alkaliphilus	427923	S	2	0	2	0.0000301714
Desulfopila sp. IMCC35005	2569541	S	1	1	2	0.0000301714
Desulfomonile tiedjei	2358	S	2	0	2	0.0000301714
Desulfobacca acetoxidans	60893	S	2	0	2	0.0000301714
Hippea maritima	84405	S	2	0	2	0.0000301714
Halobacteriovorax marinus	97084	S	2	0	2	0.0000301714
Acidithiobacillus thiooxidans	930	S	2	0	2	0.0000301714
Mariprofundus aestuarium	1921086	S	2	0	2	0.0000301714
Tessaracoccus timonensis	2161816	S	2	0	2	0.0000301714
Acidipropionibacterium acidipropionici	1748	S	2	0	2	0.0000301714
Curtobacterium pusillum	69373	S	2	0	2	0.0000301714
Clavibacter sp. DM1	2768071	S	1	1	2	0.0000301714
Leucobacter insecticola	2714934	S	2	0	2	0.0000301714
Humibacter sp. WJ7-1	2599293	S	2	0	2	0.0000301714
Yimella sp. cx-51	2770551	S	2	0	2	0.0000301714
Kocuria sp. TGY1127_2	2711328	S	2	0	2	0.0000301714
Kocuria sp. KD4	2719588	S	2	0	2	0.0000301714
Arthrobacter sp. FB24	290399	S	2	0	2	0.0000301714
Arthrobacter sp. KBS0702	2578107	S	2	0	2	0.0000301714
Arthrobacter sp. PAMC25564	2565366	S	2	0	2	0.0000301714
Arthrobacter sp. YN	2020486	S	2	0	2	0.0000301714
Arthrobacter sp. U41	1849032	S	2	0	2	0.0000301714
Arthrobacter sp. QXT-31	1357915	S	2	0	2	0.0000301714
Arthrobacter sp. NEB 688	904039	S	2	0	2	0.0000301714
Arthrobacter dokdonellae	2211210	S	2	0	2	0.0000301714
Rothia sp. ZJ932	2810516	S	2	0	2	0.0000301714
Pseudarthrobacter sp. NIBRBAC000502772	2590775	S	2	0	2	0.0000301714
Glutamicibacter creatinolyticus	162496	S	2	0	2	0.0000301714
Glutamicibacter mishrai	1775880	S	2	0	2	0.0000301714
Glutamicibacter halophytocola	1933880	S	2	0	2	0.0000301714
Phycicoccus endophyticus	1690220	S	2	0	2	0.0000301714
Intrasporangium calvum	53358	S	2	0	2	0.0000301714
Brevibacterium luteolum	199591	S	2	0	2	0.0000301714
Devriesea agamarum	472569	S	2	0	2	0.0000301714
Xylanimonas cellulosilytica	186189	S	2	0	2	0.0000301714
Dermatophilus congolensis	1863	S	2	0	2	0.0000301714
Mobilicoccus sp. NJES-13	2716227	S	2	0	2	0.0000301714
Mycolicibacterium goodii	134601	S	2	0	2	0.0000301714
Mycolicibacterium vaccae	1810	S	2	0	2	0.0000301714
Mycolicibacterium anyangense	1431246	S	2	0	2	0.0000301714
Mycolicibacterium pulveris	36813	S	2	0	2	0.0000301714
Mycobacterium sp. EPa45	1545728	S	2	0	2	0.0000301714
Mycobacterium heidelbergense	53376	S	2	0	2	0.0000301714
Mycobacterium florentinum	292462	S	2	0	2	0.0000301714
Mycobacterium marseillense	701042	S	2	0	2	0.0000301714
Mycobacterium heckeshornense	110505	S	2	0	2	0.0000301714
Mycobacterium lacus	169765	S	2	0	2	0.0000301714
Mycobacterium paragordonae	1389713	S	2	0	2	0.0000301714
Mycobacterium shinjukuense	398694	S	2	0	2	0.0000301714
Mycobacterium ulcerans	1809	S	1	1	2	0.0000301714
Mycobacteroides saopaulense	1578165	S	2	0	2	0.0000301714
Corynebacterium sp. 2039	2675219	S	2	0	2	0.0000301714
Corynebacterium sp. MC1420	2709392	S	2	0	2	0.0000301714
Corynebacterium sp. 2019	2675218	S	2	0	2	0.0000301714
Corynebacterium pseudopelargi	2080757	S	2	0	2	0.0000301714
Corynebacterium crudilactis	1652495	S	2	0	2	0.0000301714
Corynebacterium terpenotabidum	89154	S	2	0	2	0.0000301714
Corynebacterium doosanense	1121358	S	2	0	2	0.0000301714
Corynebacterium argentoratense	42817	S	2	0	2	0.0000301714
Corynebacterium minutissimum	38301	S	2	0	2	0.0000301714
Corynebacterium singulare	161899	S	2	0	2	0.0000301714
Corynebacterium macginleyi	38290	S	2	0	2	0.0000301714
Corynebacterium atypicum	191610	S	2	0	2	0.0000301714
Corynebacterium aquilae	203263	S	2	0	2	0.0000301714
Corynebacterium epidermidicanis	1050174	S	2	0	2	0.0000301714
Corynebacterium frankenforstense	1230998	S	2	0	2	0.0000301714
Nocardia wallacei	480035	S	2	0	2	0.0000301714
Gordonia sp. PDNC005	2811424	S	2	0	2	0.0000301714
Gordonia sp. 1D	1737359	S	1	1	2	0.0000301714
Streptomyces sp. jing01	2726118	S	2	0	2	0.0000301714
Streptomyces sp. AgN23	1188315	S	2	0	2	0.0000301714
Streptomyces sp. SCSIO 3032	1264596	S	2	0	2	0.0000301714
Streptomyces sp. MOE7	1961713	S	2	0	2	0.0000301714
Streptomyces sp. 2323.1	1938841	S	2	0	2	0.0000301714
Streptomyces sp. CRPJ-33	2768068	S	2	0	2	0.0000301714
Streptomyces sp. M56	1495638	S	1	1	2	0.0000301714
Streptomyces sp. 3211	1964449	S	1	1	2	0.0000301714
Streptomyces sp. FR1	349971	S	1	1	2	0.0000301714
Streptomyces pratensis	1169025	S	2	0	2	0.0000301714
Streptomyces tirandamycinicus	2174846	S	2	0	2	0.0000301714
Streptomyces actuosus	1885	S	2	0	2	0.0000301714
Streptomyces lunaelactis	1535768	S	2	0	2	0.0000301714
Streptomyces xiamenensis	408015	S	2	0	2	0.0000301714
Streptomyces hawaiiensis	67305	S	2	0	2	0.0000301714
Streptomyces platensis	58346	S	2	0	2	0.0000301714
Streptomyces lavendulae	1914	S	2	0	2	0.0000301714
Streptomyces murinus	33900	S	1	1	2	0.0000301714
Streptomyces californicus	67351	S	1	1	2	0.0000301714
Streptomyces malaysiensis	92644	S	1	1	2	0.0000301714
Plantactinospora sp. BC1	2108470	S	2	0	2	0.0000301714
Salinispora arenicola	168697	S	2	0	2	0.0000301714
Verrucosispora sp. NA02020	2742132	S	2	0	2	0.0000301714
Saccharomonospora xinjiangensis	75294	S	2	0	2	0.0000301714
Saccharopolyspora spinosa	60894	S	2	0	2	0.0000301714
Actinoalloteichus hoggarensis	1470176	S	2	0	2	0.0000301714
Bifidobacterium saguini	762210	S	2	0	2	0.0000301714
Bifidobacterium actinocoloniiforme	638619	S	2	0	2	0.0000301714
Actinomyces sp. oral taxon 169	712116	S	2	0	2	0.0000301714
Actinomyces sp. 432	2057798	S	2	0	2	0.0000301714
Actinomyces sp. zg-332	2708340	S	2	0	2	0.0000301714
Actinomyces sp. ZJ34	2722820	S	2	0	2	0.0000301714
Actinomyces sp. ZJ750	2744574	S	2	0	2	0.0000301714
Actinomyces howellii	52771	S	2	0	2	0.0000301714
Actinomyces wuliandei	2057743	S	2	0	2	0.0000301714
Actinomyces procaprae	2560010	S	2	0	2	0.0000301714
Actinomyces marmotae	2737173	S	2	0	2	0.0000301714
Flaviflexus sp. H23T48	2496867	S	2	0	2	0.0000301714
Arcanobacterium haemolyticum	28264	S	2	0	2	0.0000301714
Arcanobacterium phocisimile	1302235	S	2	0	2	0.0000301714
Trueperella sp. 19M2397	2733571	S	1	1	2	0.0000301714
Fannyhessea vaginae	82135	S	2	0	2	0.0000301714
Candidatus Frankia datiscae	2716812	S	2	0	2	0.0000301714
Lancefieldella parvula	1382	S	2	0	2	0.0000301714
Rubrobacter indicoceani	2051957	S	2	0	2	0.0000301714
Bacillus pseudomycoides	64104	S	2	0	2	0.0000301714
Bacillus luti	2026191	S	2	0	2	0.0000301714
Bacillus sp. HD4P25	2779776	S	2	0	2	0.0000301714
Bacillus sp. 1NLA3E	666686	S	2	0	2	0.0000301714
Bacillus sp. Y1	352858	S	2	0	2	0.0000301714
Bacillus sp. KH172YL63	2709784	S	2	0	2	0.0000301714
Bacillus sonorensis	119858	S	2	0	2	0.0000301714
Bacillus weihaiensis	1547283	S	2	0	2	0.0000301714
Bacillus methanolicus	1471	S	2	0	2	0.0000301714
Bacillus altitudinis	293387	S	2	0	2	0.0000301714
Lysinibacillus sp. FJAT-51161	2590012	S	2	0	2	0.0000301714
Lysinibacillus timonensis	2086577	S	2	0	2	0.0000301714
Virgibacillus sp. SK37	403957	S	2	0	2	0.0000301714
Virgibacillus dokdonensis	302167	S	2	0	2	0.0000301714
Peribacillus muralis	264697	S	2	0	2	0.0000301714
Peribacillus butanolivorans	421767	S	2	0	2	0.0000301714
Priestia flexa	86664	S	2	0	2	0.0000301714
Priestia aryabhattai	412384	S	1	1	2	0.0000301714
Metabacillus sp. KUDC1714	2745198	S	2	0	2	0.0000301714
Alkalihalobacillus halodurans	86665	S	2	0	2	0.0000301714
Alkalihalobacillus krulwichiae	199441	S	2	0	2	0.0000301714
Oceanobacillus iheyensis	182710	S	2	0	2	0.0000301714
Salicibibacter kimchii	2099786	S	2	0	2	0.0000301714
Salicibibacter sp. NKC21-4	2743001	S	2	0	2	0.0000301714
Cytobacillus kochii	859143	S	2	0	2	0.0000301714
Mesobacillus foraminis	279826	S	2	0	2	0.0000301714
Pradoshia sp. D12	2651284	S	2	0	2	0.0000301714
Salimicrobium jeotgali	1230341	S	2	0	2	0.0000301714
Staphylococcus caprae	29380	S	2	0	2	0.0000301714
Staphylococcus schleiferi	1295	S	2	0	2	0.0000301714
Staphylococcus chromogenes	46126	S	2	0	2	0.0000301714
Staphylococcus xylosus	1288	S	2	0	2	0.0000301714
Staphylococcus agnetis	985762	S	2	0	2	0.0000301714
Staphylococcus simulans	1286	S	2	0	2	0.0000301714
Mammaliicoccus stepanovicii	643214	S	2	0	2	0.0000301714
Salinicoccus halodurans	407035	S	2	0	2	0.0000301714
Paenibacillus sp. JZ16	1906272	S	2	0	2	0.0000301714
Paenibacillus sp. TB2019	2810347	S	2	0	2	0.0000301714
Paenibacillus sp. JNUCC-31	2777983	S	2	0	2	0.0000301714
Paenibacillus sp. E222	2748863	S	2	0	2	0.0000301714
Paenibacillus sp. HB172198	2565926	S	2	0	2	0.0000301714
Paenibacillus sp. JDR-2	324057	S	2	0	2	0.0000301714
Paenibacillus sp. FSL H7-0737	1536775	S	2	0	2	0.0000301714
Paenibacillus sp. IHBB 10380	1566358	S	2	0	2	0.0000301714
Paenibacillus sp. Cedars	1980674	S	1	1	2	0.0000301714
Paenibacillus odorifer	189426	S	2	0	2	0.0000301714
Paenibacillus uliginis	683737	S	2	0	2	0.0000301714
Paenibacillus physcomitrellae	1619311	S	2	0	2	0.0000301714
Paenibacillus donghaensis	414771	S	2	0	2	0.0000301714
Paenibacillus swuensis	1178515	S	2	0	2	0.0000301714
Paenibacillus baekrokdamisoli	1712516	S	2	0	2	0.0000301714
Paenibacillus crassostreae	1763538	S	2	0	2	0.0000301714
Paenibacillus antarcticus	253703	S	2	0	2	0.0000301714
Paenibacillus albus	2495582	S	2	0	2	0.0000301714
Paenibacillus protaetiae	2509456	S	2	0	2	0.0000301714
Paenibacillus brasilensis	128574	S	2	0	2	0.0000301714
Paenibacillus chitinolyticus	79263	S	2	0	2	0.0000301714
Paenibacillus lautus	1401	S	2	0	2	0.0000301714
Brevibacillus sp. FJAT-54423	2796470	S	2	0	2	0.0000301714
Aneurinibacillus sp. XH2	1450761	S	2	0	2	0.0000301714
Cohnella sp. KS 22	2598458	S	2	0	2	0.0000301714
Cohnella candidum	2674991	S	2	0	2	0.0000301714
Planococcus sp. PAMC 21323	1526927	S	2	0	2	0.0000301714
Planococcus sp. Y42	2213202	S	2	0	2	0.0000301714
Planococcus sp. MB-3u-03	2058136	S	1	1	2	0.0000301714
Planococcus versutus	1302659	S	2	0	2	0.0000301714
Solibacillus silvestris	76853	S	2	0	2	0.0000301714
Paenisporosarcina sp. K2R23-3	2320858	S	2	0	2	0.0000301714
Jeotgalibacillus malaysiensis	1508404	S	2	0	2	0.0000301714
Planomicrobium glaciei	459472	S	2	0	2	0.0000301714
Effusibacillus sp. skT53	2743772	S	2	0	2	0.0000301714
Listeria sp. PSOL-1	1844999	S	2	0	2	0.0000301714
Exiguobacterium antarcticum	132920	S	2	0	2	0.0000301714
Exiguobacterium mexicanum	340146	S	2	0	2	0.0000301714
Gemella haemolysans	1379	S	2	0	2	0.0000301714
Gemella morbillorum	29391	S	2	0	2	0.0000301714
Kroppenstedtia eburnea	714067	S	2	0	2	0.0000301714
Staphylospora marina	2490858	S	2	0	2	0.0000301714
Streptococcus sp. oral taxon 431	712633	S	2	0	2	0.0000301714
Streptococcus sp. FDAARGOS_192	1839799	S	1	1	2	0.0000301714
Streptococcus sp. HSISS3	1316412	S	1	1	2	0.0000301714
Streptococcus sp. oral taxon 064	712624	S	1	1	2	0.0000301714
Streptococcus pantholopis	1811193	S	2	0	2	0.0000301714
Streptococcus merionis	400065	S	2	0	2	0.0000301714
Streptococcus pseudoporcinus	361101	S	2	0	2	0.0000301714
Streptococcus pluranimalium	82348	S	2	0	2	0.0000301714
Streptococcus mutans	1309	S	2	0	2	0.0000301714
Streptococcus milleri	33040	S	1	1	2	0.0000301714
Lactobacillus sp. CBA3606	2099789	S	2	0	2	0.0000301714
Lactobacillus amylovorus	1604	S	2	0	2	0.0000301714
Leuconostoc lactis	1246	S	2	0	2	0.0000301714
Leuconostoc carnosum	1252	S	2	0	2	0.0000301714
Lacticaseibacillus manihotivorans	88233	S	2	0	2	0.0000301714
Limosilactobacillus pontis	35787	S	2	0	2	0.0000301714
Ligilactobacillus murinus	1622	S	2	0	2	0.0000301714
Ligilactobacillus ruminis	1623	S	2	0	2	0.0000301714
Ligilactobacillus acidipiscis	89059	S	2	0	2	0.0000301714
Companilactobacillus ginsenosidimutans	1007676	S	2	0	2	0.0000301714
Companilactobacillus allii	1847728	S	2	0	2	0.0000301714
Companilactobacillus zhachilii	2304606	S	2	0	2	0.0000301714
Lentilactobacillus hilgardii	1588	S	2	0	2	0.0000301714
Lentilactobacillus parabuchneri	152331	S	2	0	2	0.0000301714
Fructilactobacillus sanfranciscensis	1625	S	2	0	2	0.0000301714
Oenococcus kitaharae	336988	S	2	0	2	0.0000301714
Pediococcus pentosaceus	1255	S	2	0	2	0.0000301714
Apilactobacillus bombintestini	2419772	S	2	0	2	0.0000301714
Furfurilactobacillus rossiae	231049	S	2	0	2	0.0000301714
Secundilactobacillus malefermentans	176292	S	2	0	2	0.0000301714
Enterococcus mundtii	53346	S	2	0	2	0.0000301714
Enterococcus rotai	118060	S	2	0	2	0.0000301714
Enterococcus thailandicus	417368	S	2	0	2	0.0000301714
Enterococcus saigonensis	1805431	S	2	0	2	0.0000301714
Enterococcus wangshanyuanii	2005703	S	2	0	2	0.0000301714
Enterococcus sp. CR-Ec1	2057791	S	1	1	2	0.0000301714
Enterococcus sp. FDAARGOS_375	2060307	S	1	1	2	0.0000301714
Vagococcus coleopterorum	2714946	S	2	0	2	0.0000301714
Vagococcus hydrophili	2714947	S	2	0	2	0.0000301714
Jeotgalibaca ciconiae	2496265	S	2	0	2	0.0000301714
Carnobacterium sp. CS13	2800128	S	1	1	2	0.0000301714
Aerococcus sanguinicola	119206	S	2	0	2	0.0000301714
[Clostridium] hylemonae	89153	S	2	0	2	0.0000301714
Anaerocolumna cellulosilytica	433286	S	2	0	2	0.0000301714
Anaerocolumna sp. CTTW	2736602	S	2	0	2	0.0000301714
Anaerocolumna sedimenticola	2696063	S	2	0	2	0.0000301714
Clostridium sp. BNL1100	755731	S	2	0	2	0.0000301714
Clostridium sp. JN-9	2507159	S	2	0	2	0.0000301714
Clostridium cellulovorans	1493	S	2	0	2	0.0000301714
Clostridium bornimense	1216932	S	2	0	2	0.0000301714
Clostridium thermarum	1716543	S	2	0	2	0.0000301714
Clostridium novyi	1542	S	2	0	2	0.0000301714
Sarcina sp. JB2	2726954	S	2	0	2	0.0000301714
Hathewaya histolytica	1498	S	2	0	2	0.0000301714
Crassaminicella sp. SY095	2599308	S	2	0	2	0.0000301714
Ethanoligenens harbinense	253239	S	2	0	2	0.0000301714
Mageeibacillus indolicus	884684	S	2	0	2	0.0000301714
Pseudoclostridium thermosuccinogenes	84032	S	2	0	2	0.0000301714
Filifactor alocis	143361	S	2	0	2	0.0000301714
Desulfitobacterium dehalogenans	36854	S	2	0	2	0.0000301714
Desulfosporosinus acidiphilus	885581	S	2	0	2	0.0000301714
Desulfotomaculum nigrificans	1565	S	2	0	2	0.0000301714
Candidatus Desulforudis audaxviator	471827	S	2	0	2	0.0000301714
Desulfofarcimen acetoxidans	58138	S	2	0	2	0.0000301714
Aminipila sp. CBA3637	2697030	S	2	0	2	0.0000301714
Thermaerobacter marianensis	73919	S	2	0	2	0.0000301714
Carboxydocella thermautotrophica	178899	S	2	0	2	0.0000301714
Eubacterium callanderi	53442	S	2	0	2	0.0000301714
Eubacterium sp. NSJ-61	2764325	S	2	0	2	0.0000301714
Eubacterium maltosivorans	2041044	S	1	1	2	0.0000301714
Petrocella atlantisensis	2173034	S	2	0	2	0.0000301714
Caldicellulosiruptor obsidiansis	717609	S	2	0	2	0.0000301714
Caldicellulosiruptor sp. YA01	2806205	S	2	0	2	0.0000301714
Thermoanaerobacterium xylanolyticum	29329	S	2	0	2	0.0000301714
Mahella australiensis	252966	S	2	0	2	0.0000301714
Koleobacter methoxysyntrophicus	2751313	S	2	0	2	0.0000301714
Selenomonas sp. oral taxon 126	712528	S	1	1	2	0.0000301714
Phascolarctobacterium sp. Marseille-Q4147	2823317	S	2	0	2	0.0000301714
Acidaminococcus fermentans	905	S	2	0	2	0.0000301714
Erysipelothrix piscisicarius	2485784	S	2	0	2	0.0000301714
Faecalibaculum rodentium	1702221	S	2	0	2	0.0000301714
Turicibacter sanguinis	154288	S	2	0	2	0.0000301714
Turicibacter sp. H121	1712675	S	2	0	2	0.0000301714
Anaerococcus vaginalis	33037	S	1	1	2	0.0000301714
Anaerococcus obesiensis	1287640	S	1	1	2	0.0000301714
Tissierellia sp. JN-28	2507161	S	2	0	2	0.0000301714
Gottschalkia acidurici	1556	S	2	0	2	0.0000301714
Sedimentibacter sp. zth1	2816908	S	2	0	2	0.0000301714
Trichodesmium erythraeum	1206	S	2	0	2	0.0000301714
Gloeocapsa sp. PCC 7428	1173026	S	2	0	2	0.0000301714
Nostoc sp. TCL26-01	2576904	S	2	0	2	0.0000301714
Cylindrospermopsis curvispora	747548	S	1	1	2	0.0000301714
Synechococcus sp. JA-2-3B'a(2-13)	321332	S	2	0	2	0.0000301714
Synechococcus sp. CBW1004	1353136	S	2	0	2	0.0000301714
Synechococcus sp. KORDI-100	1280380	S	2	0	2	0.0000301714
Synechococcus sp. NOUM97013	1442555	S	2	0	2	0.0000301714
Synechococcus sp. PCC 7003	374981	S	2	0	2	0.0000301714
Synechococcus sp. CB0101	232348	S	2	0	2	0.0000301714
Synechococcus sp. Minos11	221341	S	2	0	2	0.0000301714
Synechococcus sp. WH 8020	32052	S	2	0	2	0.0000301714
Synechococcus sp. PCC 6312	195253	S	2	0	2	0.0000301714
Synechococcus sp. PCC 7336	195250	S	2	0	2	0.0000301714
Synechococcus sp. SynAce01	1916956	S	2	0	2	0.0000301714
Synechococcus sp. SYN20	1050714	S	1	1	2	0.0000301714
Thermosynechococcus elongatus	146786	S	2	0	2	0.0000301714
Leptolyngbya sp. PCC 7376	111781	S	2	0	2	0.0000301714
Leptolyngbya sp. NIES-3755	1752064	S	2	0	2	0.0000301714
cyanobacterium endosymbiont of Rhopalodia gibberula	1763363	S	2	0	2	0.0000301714
Gloeomargarita lithophora	1188228	S	2	0	2	0.0000301714
Mycoplasma sp. Zaradi2	547987	S	2	0	2	0.0000301714
Mycoplasma sp. Pen4	640330	S	2	0	2	0.0000301714
Mycoplasma sp. 1654_15	2725994	S	2	0	2	0.0000301714
Mycoplasma sp. C264-NAS	2726117	S	2	0	2	0.0000301714
Mycoplasma haemofelis	29501	S	2	0	2	0.0000301714
Mycoplasma anseris	92400	S	2	0	2	0.0000301714
Mycoplasma anserisalpingitidis	519450	S	2	0	2	0.0000301714
Mycoplasma hyosynoviae	29559	S	2	0	2	0.0000301714
Mycoplasma canadense	29554	S	2	0	2	0.0000301714
Mycoplasma salivarium	2124	S	2	0	2	0.0000301714
Mycoplasma iowae	2116	S	2	0	2	0.0000301714
Mycoplasma mycoides	2102	S	1	1	2	0.0000301714
Mycoplasma flocculare	2128	S	1	1	2	0.0000301714
Mycoplasma phocirhinis	142650	S	2	0	2	0.0000301714
Mycoplasma edwardii	53558	S	2	0	2	0.0000301714
Ureaplasma urealyticum	2130	S	2	0	2	0.0000301714
Ureaplasma diversum	42094	S	2	0	2	0.0000301714
Spiroplasma turonicum	216946	S	2	0	2	0.0000301714
Spiroplasma chrysopicola	216933	S	2	0	2	0.0000301714
Spiroplasma floricola	216937	S	2	0	2	0.0000301714
Spiroplasma kunkelii	47834	S	1	1	2	0.0000301714
Acholeplasma palmae	38986	S	2	0	2	0.0000301714
Acholeplasma hippikon	264636	S	2	0	2	0.0000301714
Deinococcus sp. NW-56	2080419	S	2	0	2	0.0000301714
Deinococcus sp. S14-83	2489213	S	2	0	2	0.0000301714
Deinococcus geothermalis	68909	S	2	0	2	0.0000301714
Deinococcus proteolyticus	55148	S	2	0	2	0.0000301714
Deinococcus irradiatisoli	2202254	S	2	0	2	0.0000301714
Deinococcus soli Cha et al. 2016	1309411	S	1	1	2	0.0000301714
Thermus scotoductus	37636	S	2	0	2	0.0000301714
Marinithermus hydrothermalis	186192	S	2	0	2	0.0000301714
Polaribacter haliotis	1888915	S	1	1	2	0.0000301714
Capnocytophaga sp. oral taxon 902	2748316	S	1	1	2	0.0000301714
Tenacibaculum sp. DSM 106434	2358479	S	2	0	2	0.0000301714
Myroides profundi	480520	S	2	0	2	0.0000301714
Nonlabens sp. MB-3u-79	2058134	S	2	0	2	0.0000301714
Nonlabens spongiae	331648	S	2	0	2	0.0000301714
Formosa sp. Hel1_33_131	1336794	S	2	0	2	0.0000301714
Maribacter sp. MJ134	2496865	S	2	0	2	0.0000301714
Gramella salexigens	1913577	S	2	0	2	0.0000301714
Gramella sp. MAR_2010_147	1250205	S	2	0	2	0.0000301714
Dokdonia sp. MED134	313590	S	2	0	2	0.0000301714
Dokdonia donghaensis	326320	S	2	0	2	0.0000301714
Muriicola sp. MMS17-SY002	2507538	S	2	0	2	0.0000301714
Gilvibacter sp. SZ-19	754429	S	2	0	2	0.0000301714
Altibacter sp. ALE3EI	2562285	S	2	0	2	0.0000301714
Antarcticibacterium arcticum	2585771	S	2	0	2	0.0000301714
Robiginitalea biformata	252307	S	2	0	2	0.0000301714
Chryseobacterium sp. POL2	2713414	S	2	0	2	0.0000301714
Chryseobacterium nakagawai	1241982	S	1	1	2	0.0000301714
Chryseobacterium bernardetii	1241978	S	1	1	2	0.0000301714
Kaistella antarctica	266748	S	2	0	2	0.0000301714
Blattabacterium sp. (Blaberus giganteus)	1186051	S	2	0	2	0.0000301714
Ichthyobacterium seriolicida	242600	S	2	0	2	0.0000301714
Prevotella oris	28135	S	2	0	2	0.0000301714
Petrimonas mucosa	1642646	S	2	0	2	0.0000301714
Muribaculum intestinale	1796646	S	2	0	2	0.0000301714
Muribaculum gordoncarteri	2530390	S	2	0	2	0.0000301714
Porphyromonas gingivalis	837	S	2	0	2	0.0000301714
Sphingobacterium sp. CZ-2	2557994	S	2	0	2	0.0000301714
Sphingobacterium lactis	797291	S	2	0	2	0.0000301714
Spirosoma taeanense	2735870	S	2	0	2	0.0000301714
Hymenobacter sp. DG25B	1385664	S	2	0	2	0.0000301714
Hymenobacter sp. S2-20-2	2761579	S	2	0	2	0.0000301714
Hymenobacter baengnokdamensis	2615203	S	2	0	2	0.0000301714
Rufibacter radiotolerans	1379910	S	2	0	2	0.0000301714
Echinicola sp. LN3S3	2591634	S	2	0	2	0.0000301714
Echinicola vietnamensis	390884	S	2	0	2	0.0000301714
Echinicola strongylocentroti	1795355	S	2	0	2	0.0000301714
Candidatus Cardinium hertigii	247481	S	2	0	2	0.0000301714
Candidatus Amoebophilus asiaticus	281120	S	2	0	2	0.0000301714
Chitinophaga sp. XS-30	2604421	S	2	0	2	0.0000301714
Chloroherpeton thalassium	100716	S	2	0	2	0.0000301714
Stieleria maiorica	2795974	S	2	0	2	0.0000301714
Gimesia algae	2527971	S	2	0	2	0.0000301714
Poriferisphaera corsica	2528020	S	2	0	2	0.0000301714
Limihaloglobus sulfuriphilus	1851148	S	2	0	2	0.0000301714
Anaerohalosphaera lusitana	1936003	S	2	0	2	0.0000301714
Candidatus Xiphinematobacter sp. Idaho Grape	1704307	S	2	0	2	0.0000301714
Neochlamydia sp. S13	1353976	S	2	0	2	0.0000301714
Waddlia chondrophila	71667	S	2	0	2	0.0000301714
Chlamydia abortus	83555	S	1	1	2	0.0000301714
Chlamydia pecorum	85991	S	1	1	2	0.0000301714
Treponema sp. RCC2812	2787628	S	2	0	2	0.0000301714
Spirochaeta thermophila	154	S	2	0	2	0.0000301714
Spirochaeta africana	46355	S	2	0	2	0.0000301714
Sediminispirochaeta smaragdinae	55206	S	2	0	2	0.0000301714
Borreliella garinii	29519	S	2	0	2	0.0000301714
Borreliella mayonii	1674146	S	2	0	2	0.0000301714
Leptospira santarosai	28183	S	2	0	2	0.0000301714
Leptospira kmetyi	408139	S	2	0	2	0.0000301714
Turneriella parva	29510	S	2	0	2	0.0000301714
Granulicella mallensis	940614	S	2	0	2	0.0000301714
Terriglobus saanensis	870903	S	2	0	2	0.0000301714
Terriglobus albidus	1592106	S	2	0	2	0.0000301714
Edaphobacter sp. 12200R-103	2703788	S	2	0	2	0.0000301714
Fusobacterium sp. NSJ-57	2764326	S	2	0	2	0.0000301714
Fusobacterium hwasookii	1583098	S	1	1	2	0.0000301714
Ilyobacter polytropus	167642	S	2	0	2	0.0000301714
Pseudoleptotrichia goodfellowii	157692	S	2	0	2	0.0000301714
Candidatus Babela massiliensis	673862	S	2	0	2	0.0000301714
Dissulfurispira thermophila	2715679	S	2	0	2	0.0000301714
Geovibrio thiophilus	139438	S	2	0	2	0.0000301714
Elusimicrobium minutum	423605	S	2	0	2	0.0000301714
Thermodesulfobacterium geofontis	1295609	S	2	0	2	0.0000301714
Thermosulfuriphilus ammonigenes	1936021	S	2	0	2	0.0000301714
Haloterrigena longa	370324	S	2	0	2	0.0000301714
Haloterrigena daqingensis	588898	S	2	0	2	0.0000301714
Haloterrigena sp. YPL8	1699371	S	2	0	2	0.0000301714
Natrinema pallidum	69527	S	2	0	2	0.0000301714
Halovivax ruber	387341	S	2	0	2	0.0000301714
Natronobacterium gregoryi	44930	S	2	0	2	0.0000301714
Natronococcus occultus	29288	S	2	0	2	0.0000301714
Haloarcula marismortui	2238	S	2	0	2	0.0000301714
Halosimplex pelagicum	869886	S	2	0	2	0.0000301714
Halorientalis sp. IM1011	1932360	S	2	0	2	0.0000301714
Halobacterium sp. GSL-19	2812551	S	1	1	2	0.0000301714
Halalkalicoccus jeotgali	413810	S	2	0	2	0.0000301714
Salarchaeum sp. JOR-1	2599399	S	2	0	2	0.0000301714
Halodesulfurarchaeum formicicum	1873524	S	2	0	2	0.0000301714
Halorubrum sp. CBA1229	1853699	S	2	0	2	0.0000301714
Halorubrum trapanicum	29284	S	2	0	2	0.0000301714
Halorubrum ezzemoulense	337243	S	2	0	2	0.0000301714
Halolamina sp. CBA1230	1853690	S	2	0	2	0.0000301714
Haloplanus rallus	1816183	S	2	0	2	0.0000301714
Haloquadratum walsbyi	293091	S	2	0	2	0.0000301714
Methanosarcina acetivorans	2214	S	2	0	2	0.0000301714
Methanosarcina flavescens	1715806	S	2	0	2	0.0000301714
Methanococcoides burtonii	29291	S	2	0	2	0.0000301714
Methanomethylovorans hollandica	101192	S	2	0	2	0.0000301714
Methanoculleus marisnigri	2198	S	2	0	2	0.0000301714
Methanofollis liminatans	2201	S	2	0	2	0.0000301714
Methanoregula boonei	358766	S	2	0	2	0.0000301714
Methanocorpusculum labreanum	83984	S	2	0	2	0.0000301714
Methanobacterium formicicum	2162	S	2	0	2	0.0000301714
Methanobacterium sp. MZ-A1	1911685	S	1	1	2	0.0000301714
Methanothermobacter sp. THM-1	2606911	S	2	0	2	0.0000301714
Methanococcus vannielii	2187	S	2	0	2	0.0000301714
Methanocaldococcus sp. FS406-22	644281	S	2	0	2	0.0000301714
Thermococcus celer	2264	S	2	0	2	0.0000301714
Thermococcus barophilus	55802	S	2	0	2	0.0000301714
Pyrococcus yayanosii	1008460	S	2	0	2	0.0000301714
Candidatus Nitrosotenuis cloacae	1603555	S	2	0	2	0.0000301714
Candidatus Nitrosotenuis sp. DW1	2259672	S	2	0	2	0.0000301714
Candidatus Nitrosopumilus sp. SW	2508726	S	2	0	2	0.0000301714
Nitrosarchaeum sp. AC2	2259673	S	2	0	2	0.0000301714
Pyrobaculum calidifontis	181486	S	2	0	2	0.0000301714
Thermoproteus tenax	2271	S	2	0	2	0.0000301714
Desulfurococcus mucosus	2275	S	2	0	2	0.0000301714
Candidatus Methanomethylophilus alvus	1291540	S	2	0	2	0.0000301714
Gordonia phage EMoore	2656534	S	2	0	2	0.0000301714
Pseudomonas phage PS-1	1573458	S	2	0	2	0.0000301714
Flavobacterium phage vB_FspS_snusmum6-1	2686273	S	1	1	2	0.0000301714
Mycobacterium phage SweetiePie	1555235	S	1	1	2	0.0000301714
Caulobacter virus CcrSC	2734193	S	1	1	2	0.0000301714
Pseudomonas virus 73	1921545	S	2	0	2	0.0000301714
Mycobacterium phage Minnie	2653764	S	2	0	2	0.0000301714
Salmonella phage TS13	2500149	S	2	0	2	0.0000301714
Flavobacterium virus FCV1	2560474	S	2	0	2	0.0000301714
Synechococcus virus AC2014fSyn7803C8	2734085	S	2	0	2	0.0000301714
Prochlorococcus phage P-HM1	445700	S	2	0	2	0.0000301714
Pseudomonas virus phiMK	2560690	S	1	1	2	0.0000301714
Rhodoferax phage P26218	1636270	S	2	0	2	0.0000301714
Streptomyces phage FlowerPower	2182408	S	1	1	2	0.0000301714
Cyprinid herpesvirus 3	180230	S	2	0	2	0.0000301714
Mythimna separata entomopoxvirus	1179664	S	2	0	2	0.0000301714
Adoxophyes honmai entomopoxvirus	1993630	S	2	0	2	0.0000301714
African swine fever virus	10497	S	2	0	2	0.0000301714
Pandoravirus inopinatum	1605721	S	2	0	2	0.0000301714
Pandoravirus quercus	2107709	S	2	0	2	0.0000301714
Adoxophyes orana granulovirus	170617	S	2	0	2	0.0000301714
Shayang Fly Virus 2	1608066	S	2	0	2	0.0000301714
Heliothis zea nudivirus	29250	S	2	0	2	0.0000301714
Burkholderia metallica	488729	S	1	0	1	0.0000150857
Burkholderia seminalis	488731	S	1	0	1	0.0000150857
Burkholderia oklahomensis	342113	S	1	0	1	0.0000150857
Burkholderia sp. MSMB0266	1637837	S	1	0	1	0.0000150857
Paraburkholderia dokdonella	2211211	S	1	0	1	0.0000150857
Mycoavidus sp. B2-EB	2651972	S	1	0	1	0.0000150857
Taylorella asinigenitalis	84590	S	1	0	1	0.0000150857
Pelistega ratti	2652177	S	1	0	1	0.0000150857
Algicoccus marinus	2163011	S	1	0	1	0.0000150857
Neisseria sp. 10022	1853276	S	1	0	1	0.0000150857
Neisseria sp. ZJ785	2709396	S	1	0	1	0.0000150857
Neisseria bacilliformis	267212	S	1	0	1	0.0000150857
Neisseria zoodegmatis	326523	S	1	0	1	0.0000150857
Neisseria wadsworthii	607711	S	1	0	1	0.0000150857
Neisseria zalophi	640030	S	1	0	1	0.0000150857
Neisseria musculi	1815583	S	1	0	1	0.0000150857
Kingella denitrificans	502	S	1	0	1	0.0000150857
Nitrosomonas europaea	915	S	1	0	1	0.0000150857
Nitrosomonas stercoris	1444684	S	1	0	1	0.0000150857
Candidatus Kinetoplastibacterium sorsogonicusi	1576550	S	1	0	1	0.0000150857
Pseudomonas sp. 31-12	2201356	S	1	0	1	0.0000150857
Pseudomonas sp. LBUM920	2126069	S	1	0	1	0.0000150857
Pseudomonas sp. DG56-2	2320270	S	1	0	1	0.0000150857
Pseudomonas sp. B10	118613	S	1	0	1	0.0000150857
Pseudomonas sp. R4-39-08	1173288	S	1	0	1	0.0000150857
Pseudomonas sp. s211(2017)	2045200	S	1	0	1	0.0000150857
Pseudomonas sp. FDAARGOS_380	2018067	S	1	0	1	0.0000150857
Pseudomonas sp. DR 5-09	1534110	S	1	0	1	0.0000150857
Pseudomonas sp. R2-37-08W	1173273	S	1	0	1	0.0000150857
Pseudomonas sp. R32	1573704	S	1	0	1	0.0000150857
Pseudomonas sp. Os17	1500686	S	1	0	1	0.0000150857
Pseudomonas sp. St29	1500687	S	1	0	1	0.0000150857
Pseudomonas mucidolens	46679	S	1	0	1	0.0000150857
Pseudomonas sediminis	1691904	S	1	0	1	0.0000150857
Candidatus Pseudomonas adelgestsugas	1302376	S	1	0	1	0.0000150857
Pseudomonas viciae	2505979	S	1	0	1	0.0000150857
Acinetobacter sp. TGL-Y2	1407071	S	1	0	1	0.0000150857
Acinetobacter venetianus	52133	S	1	0	1	0.0000150857
Moraxella cuniculi	34061	S	1	0	1	0.0000150857
Xanthomonas sp. SS	2724122	S	1	0	1	0.0000150857
Xanthomonas sp. SI	2724123	S	1	0	1	0.0000150857
Xanthomonas albilineans	29447	S	1	0	1	0.0000150857
Klebsiella quasivariicola	2026240	S	1	0	1	0.0000150857
Klebsiella huaxiensis	2153354	S	1	0	1	0.0000150857
Klebsiella africana	2489010	S	1	0	1	0.0000150857
Enterobacter chengduensis	2494701	S	1	0	1	0.0000150857
Enterobacter sp. RHBSTW-00175	2742639	S	1	0	1	0.0000150857
Enterobacter sp. JUb54	2724468	S	1	0	1	0.0000150857
Citrobacter youngae	133448	S	1	0	1	0.0000150857
Citrobacter koseri	545	S	1	0	1	0.0000150857
Citrobacter tructae	2562449	S	1	0	1	0.0000150857
Escherichia sp. E4742	2044467	S	1	0	1	0.0000150857
Enterobacteriaceae endosymbiont of Plateumaris rustica	2675796	S	1	0	1	0.0000150857
Enterobacteriaceae endosymbiont of Plateumaris braccata	2675793	S	1	0	1	0.0000150857
Enterobacteriaceae endosymbiont of Macroplea appendiculata	2675790	S	1	0	1	0.0000150857
Enterobacteriaceae endosymbiont of Donacia provostii	2675781	S	1	0	1	0.0000150857
Raoultella planticola	575	S	1	0	1	0.0000150857
Blochmannia endosymbiont of Polyrhachis (Hedomyrma) turneri	1505596	S	1	0	1	0.0000150857
secondary endosymbiont of Trabutina mannipara	1835721	S	1	0	1	0.0000150857
Candidatus Doolittlea endobia	1778262	S	1	0	1	0.0000150857
Candidatus Mikella endobia	1778264	S	1	0	1	0.0000150857
Kosakonia sp. MUSA4	2067958	S	1	0	1	0.0000150857
Cronobacter dublinensis	413497	S	1	0	1	0.0000150857
Cronobacter universalis	535744	S	1	0	1	0.0000150857
Cedecea lapagei	158823	S	1	0	1	0.0000150857
Phytobacter diazotrophicus	395631	S	1	0	1	0.0000150857
Shimwellia blattae	563	S	1	0	1	0.0000150857
Pseudescherichia vulneris	566	S	1	0	1	0.0000150857
Pantoea rwandensis	1076550	S	1	0	1	0.0000150857
Erwinia sp. Ejp617	215689	S	1	0	1	0.0000150857
Tatumella citrea	53336	S	1	0	1	0.0000150857
Tatumella ptyseos	82987	S	1	0	1	0.0000150857
Mixta calida	665913	S	1	0	1	0.0000150857
Mixta theicola	1458355	S	1	0	1	0.0000150857
Wigglesworthia glossinidia	51229	S	1	0	1	0.0000150857
Serratia sp. FGI94	671990	S	1	0	1	0.0000150857
Serratia odorifera	618	S	1	0	1	0.0000150857
Serratia rubidaea	61652	S	1	0	1	0.0000150857
Serratia quinivorans	137545	S	1	0	1	0.0000150857
Serratia surfactantfaciens	2741499	S	1	0	1	0.0000150857
Yersinia similis	367190	S	1	0	1	0.0000150857
Yersinia ruckeri	29486	S	1	0	1	0.0000150857
Nissabacter sp. SGAir0207	2126321	S	1	0	1	0.0000150857
Providencia heimbachae	333962	S	1	0	1	0.0000150857
Providencia vermicola	333965	S	1	0	1	0.0000150857
Proteus penneri	102862	S	1	0	1	0.0000150857
Photorhabdus asymbiotica	291112	S	1	0	1	0.0000150857
Arsenophonus endosymbiont of Aleurodicus dispersus	235559	S	1	0	1	0.0000150857
Pectobacterium atrosepticum	29471	S	1	0	1	0.0000150857
Pectobacterium punjabense	2108399	S	1	0	1	0.0000150857
Dickeya dadantii	204038	S	1	0	1	0.0000150857
Dickeya solani	1089444	S	1	0	1	0.0000150857
Lonsdalea populi	1172565	S	1	0	1	0.0000150857
Jinshanibacter zhutongyuii	2498113	S	1	0	1	0.0000150857
Candidatus Sodalis pierantonius	1486991	S	1	0	1	0.0000150857
Sodalis endosymbiont of Henestaris halophilus	1929246	S	1	0	1	0.0000150857
Halomonas sp. Y2R2	2562282	S	1	0	1	0.0000150857
Halomonas sp. GFAJ-1	1118153	S	1	0	1	0.0000150857
Halomonas sp. KO116	1504981	S	1	0	1	0.0000150857
Halomonas sp. N3-2A	2014541	S	1	0	1	0.0000150857
Halomonas piezotolerans	2609667	S	1	0	1	0.0000150857
Halomonas subglaciescola	29571	S	1	0	1	0.0000150857
Cobetia sp. L2A1	2686360	S	1	0	1	0.0000150857
Zymobacter palmae	33074	S	1	0	1	0.0000150857
Marinomonas primoryensis	178399	S	1	0	1	0.0000150857
Marinobacterium sp. LSUCC0821	2668067	S	1	0	1	0.0000150857
Amphritea japonica	452627	S	1	0	1	0.0000150857
Saccharospirillum mangrovi	2161747	S	1	0	1	0.0000150857
Hahella chejuensis	158327	S	1	0	1	0.0000150857
Shewanella sp. MR-7	60481	S	1	0	1	0.0000150857
Shewanella sp. FJAT-51800	2814294	S	1	0	1	0.0000150857
Shewanella sp. Arc9-LZ	2698686	S	1	0	1	0.0000150857
Shewanella sp. YLB-06	2593655	S	1	0	1	0.0000150857
Shewanella denitrificans	192073	S	1	0	1	0.0000150857
Shewanella decolorationis	256839	S	1	0	1	0.0000150857
Shewanella sediminis	271097	S	1	0	1	0.0000150857
Shewanella woodyi	60961	S	1	0	1	0.0000150857
Shewanella litorisediminis	1173586	S	1	0	1	0.0000150857
Shewanella frigidimarina	56812	S	1	0	1	0.0000150857
Shewanella piezotolerans	404011	S	1	0	1	0.0000150857
Pseudoalteromonas sp. DL-6	1390185	S	1	0	1	0.0000150857
Pseudoalteromonas sp. GCY	2003316	S	1	0	1	0.0000150857
Pseudoalteromonas viridis	339617	S	1	0	1	0.0000150857
Pseudoalteromonas arabiensis	874454	S	1	0	1	0.0000150857
Pseudoalteromonas xiamenensis	882626	S	1	0	1	0.0000150857
Pseudoalteromonas ulvae	107327	S	1	0	1	0.0000150857
Pseudoalteromonas piscicida	43662	S	1	0	1	0.0000150857
Pseudoalteromonas rubra	43658	S	1	0	1	0.0000150857
Pseudoalteromonas atlantica	288	S	1	0	1	0.0000150857
Marinobacter sp. LV10R510-11A	1415568	S	1	0	1	0.0000150857
Marinobacter sp. Arc7-DN-1	2304594	S	1	0	1	0.0000150857
Marinobacter sp. LPB0319	2769486	S	1	0	1	0.0000150857
Marinobacter salsuginis	418719	S	1	0	1	0.0000150857
Marinobacter salinus	1874317	S	1	0	1	0.0000150857
Alteromonas sp. RKMC-009	2267264	S	1	0	1	0.0000150857
Alteromonas naphthalenivorans	715451	S	1	0	1	0.0000150857
Alteromonas pelagimontana	1858656	S	1	0	1	0.0000150857
Paraglaciecola psychrophila	326544	S	1	0	1	0.0000150857
Glaciecola nitratireducens	300231	S	1	0	1	0.0000150857
Salinimonas sp. KX18D6	2572577	S	1	0	1	0.0000150857
Agarivorans gilvus	680279	S	1	0	1	0.0000150857
Colwellia psychrerythraea	28229	S	1	0	1	0.0000150857
Thalassotalea sp. PS06	2594005	S	1	0	1	0.0000150857
Thalassotalea crassostreae	1763536	S	1	0	1	0.0000150857
Litorilituus sediminis	718192	S	1	0	1	0.0000150857
Idiomarina sp. X4	2055892	S	1	0	1	0.0000150857
Idiomarina sp. OT37-5b	2100422	S	1	0	1	0.0000150857
Ferrimonas lipolytica	2724191	S	1	0	1	0.0000150857
Vibrio harveyi	669	S	1	0	1	0.0000150857
Vibrio owensii	696485	S	1	0	1	0.0000150857
Vibrio jasicida	766224	S	1	0	1	0.0000150857
Vibrio sp. Sal10	2777577	S	1	0	1	0.0000150857
Vibrio sp. HDW18	2714948	S	1	0	1	0.0000150857
Vibrio sp. ZWAL4003	2711221	S	1	0	1	0.0000150857
Vibrio europaeus	300876	S	1	0	1	0.0000150857
Vibrio cincinnatiensis	675	S	1	0	1	0.0000150857
Vibrio taketomensis	2572923	S	1	0	1	0.0000150857
Vibrio tritonius	1435069	S	1	0	1	0.0000150857
Vibrio alfacsensis	1074311	S	1	0	1	0.0000150857
Photobacterium ganghwense	320778	S	1	0	1	0.0000150857
Photobacterium gaetbulicola	1295392	S	1	0	1	0.0000150857
Aliivibrio salmonicida	40269	S	1	0	1	0.0000150857
Oceanisphaera profunda	1416627	S	1	0	1	0.0000150857
Nitrosococcus halophilus	133539	S	1	0	1	0.0000150857
Spiribacter curvatus	1335757	S	1	0	1	0.0000150857
Ectothiorhodospira haloalkaliphila	421628	S	1	0	1	0.0000150857
Ectothiorhodospira sp. BSL-9	1442136	S	1	0	1	0.0000150857
Sulfurivermis fontis	1972068	S	1	0	1	0.0000150857
Teredinibacter turnerae	2426	S	1	0	1	0.0000150857
Microbulbifer sp. A4B17	359370	S	1	0	1	0.0000150857
Microbulbifer aggregans	1769779	S	1	0	1	0.0000150857
Haemophilus pittmaniae	249188	S	1	0	1	0.0000150857
Actinobacillus equuli	718	S	1	0	1	0.0000150857
Actinobacillus succinogenes	67854	S	1	0	1	0.0000150857
Actinobacillus porcitonsillarum	189834	S	1	0	1	0.0000150857
Actinobacillus sp. GY-402	2774188	S	1	0	1	0.0000150857
Aggregatibacter aphrophilus	732	S	1	0	1	0.0000150857
Aggregatibacter sp. 2125159857	2820817	S	1	0	1	0.0000150857
Bisgaardia hudsonensis	109472	S	1	0	1	0.0000150857
Legionella lansingensis	45067	S	1	0	1	0.0000150857
Thiomicrorhabdus sediminis	2580412	S	1	0	1	0.0000150857
Francisella uliginis	573570	S	1	0	1	0.0000150857
Francisella frigiditurris	1542390	S	1	0	1	0.0000150857
Allofrancisella inopinata	1085647	S	1	0	1	0.0000150857
Bathymodiolus thermophilus thioautotrophic gill symbiont	2360	S	1	0	1	0.0000150857
Bathymodiolus septemdierum thioautotrophic gill symbiont	113267	S	1	0	1	0.0000150857
Candidatus Ruthia endofausta	2738852	S	1	0	1	0.0000150857
Candidatus Reidiella endopervernicosa	2738883	S	1	0	1	0.0000150857
Orbus sp. IPMB12	1635327	S	1	0	1	0.0000150857
endosymbiont of Euscepes postfasciatus	650377	S	1	0	1	0.0000150857
Nitrobacter winogradskyi	913	S	1	0	1	0.0000150857
Rhizobium sp. NLR16a	2731112	S	1	0	1	0.0000150857
Rhizobium binae	1138190	S	1	0	1	0.0000150857
Agrobacterium sp. CGMCC 11546	2579248	S	1	0	1	0.0000150857
Agrobacterium sp. T29	2580515	S	1	0	1	0.0000150857
Ciceribacter thiooxidans	1969821	S	1	0	1	0.0000150857
Mesorhizobium sp. M8A.F.Ca.ET.057.01.1.1	2493679	S	1	0	1	0.0000150857
Mesorhizobium sp. M2A.F.Ca.ET.043.05.1.1	2493671	S	1	0	1	0.0000150857
Aminobacter aminovorans	83263	S	1	0	1	0.0000150857
Devosia sp. 1566	2499144	S	1	0	1	0.0000150857
Rhodoplanes piscinae	444923	S	1	0	1	0.0000150857
Maritalea myrionectae	454601	S	1	0	1	0.0000150857
Labrenzia alexandrii	388408	S	1	0	1	0.0000150857
Candidatus Phaeomarinobacter ectocarpi	1458461	S	1	0	1	0.0000150857
Bartonella sp. WD16.2	1933904	S	1	0	1	0.0000150857
Bartonella vinsonii	33047	S	1	0	1	0.0000150857
Bartonella clarridgeiae	56426	S	1	0	1	0.0000150857
Bartonella tribocorum	85701	S	1	0	1	0.0000150857
Bartonella bovis	155194	S	1	0	1	0.0000150857
Bartonella ancashensis	1318743	S	1	0	1	0.0000150857
Bartonella bacilliformis	774	S	1	0	1	0.0000150857
Brucella pituitosa	571256	S	1	0	1	0.0000150857
Cohaesibacter sp. ES.047	1798205	S	1	0	1	0.0000150857
Sphingorhabdus sp. YGSMI21	2077182	S	1	0	1	0.0000150857
Parasphingopyxis sp. CP4	2724527	S	1	0	1	0.0000150857
Sulfitobacter sp. SK012	1389005	S	1	0	1	0.0000150857
Sulfitobacter mediterraneus	83219	S	1	0	1	0.0000150857
Octadecabacter antarcticus	1217908	S	1	0	1	0.0000150857
Ruegeria sp. TM1040	292414	S	1	0	1	0.0000150857
Ruegeria sp. THAF33	2587853	S	1	0	1	0.0000150857
Oceanicola sp. D3	2587163	S	1	0	1	0.0000150857
Halocynthiibacter arcticus	1579316	S	1	0	1	0.0000150857
Thalassococcus sp. S3	2017482	S	1	0	1	0.0000150857
Thalassospira sp. B30-1	2785911	S	1	0	1	0.0000150857
Haematospirillum jordaniae	1549855	S	1	0	1	0.0000150857
Acetobacter tropicalis	104102	S	1	0	1	0.0000150857
Acetobacter senegalensis	446692	S	1	0	1	0.0000150857
Komagataeibacter oboediens	65958	S	1	0	1	0.0000150857
Komagataeibacter nataicola	265960	S	1	0	1	0.0000150857
Gluconobacter oxydans	442	S	1	0	1	0.0000150857
Gluconobacter albidus	318683	S	1	0	1	0.0000150857
Swingsia samuiensis	1293412	S	1	0	1	0.0000150857
Asaia bogorensis	91915	S	1	0	1	0.0000150857
Wolbachia endosymbiont of Dipetalonema caudispina	1812112	S	1	0	1	0.0000150857
Wolbachia endosymbiont of Folsomia candida	169402	S	1	0	1	0.0000150857
Candidatus Wolbachia massiliensis	1845000	S	1	0	1	0.0000150857
Ehrlichia canis	944	S	1	0	1	0.0000150857
Neorickettsia sennetsu	951	S	1	0	1	0.0000150857
Rickettsia typhi	785	S	1	0	1	0.0000150857
Candidatus Puniceispirillum marinum	767892	S	1	0	1	0.0000150857
Candidatus Pelagibacter sp. IMCC9063	1002672	S	1	0	1	0.0000150857
Candidatus Pelagibacter sp. RS39	1977864	S	1	0	1	0.0000150857
Candidatus Nesciobacter abundans	2601668	S	1	0	1	0.0000150857
Candidatus Nucleicultrix amoebiphila	1509244	S	1	0	1	0.0000150857
Campylobacter sp. RM12175	1660076	S	1	0	1	0.0000150857
Campylobacter sp. RM16192	1660080	S	1	0	1	0.0000150857
Campylobacter sp. CCUG 57310	2517362	S	1	0	1	0.0000150857
Campylobacter mucosalis	202	S	1	0	1	0.0000150857
Campylobacter coli	195	S	1	0	1	0.0000150857
Campylobacter armoricus	2505970	S	1	0	1	0.0000150857
Campylobacter volucris	1031542	S	1	0	1	0.0000150857
Campylobacter avium	522485	S	1	0	1	0.0000150857
Campylobacter canadensis	449520	S	1	0	1	0.0000150857
Campylobacter lanienae	75658	S	1	0	1	0.0000150857
Sulfurospirillum deleyianum	65553	S	1	0	1	0.0000150857
Sulfurospirillum cavolei	366522	S	1	0	1	0.0000150857
Sulfurimonas sp. S2-6	2590020	S	1	0	1	0.0000150857
Sulfurimonas sp. GYSZ_1	2590022	S	1	0	1	0.0000150857
Sulfurimonas paralvinellae	317658	S	1	0	1	0.0000150857
Candidatus Sulfurimonas marisnigri	2740405	S	1	0	1	0.0000150857
Helicobacter canis	29419	S	1	0	1	0.0000150857
Helicobacter pullorum	35818	S	1	0	1	0.0000150857
Helicobacter bilis	37372	S	1	0	1	0.0000150857
Helicobacter bizzozeronii	56877	S	1	0	1	0.0000150857
Helicobacter typhlonius	76936	S	1	0	1	0.0000150857
Sulfurovum indicum	2779528	S	1	0	1	0.0000150857
Nautilia profundicola	244787	S	1	0	1	0.0000150857
Nautilia sp. PV-1	2579250	S	1	0	1	0.0000150857
Cetia pacifica	1424653	S	1	0	1	0.0000150857
Pajaroellobacter abortibovis	1882918	S	1	0	1	0.0000150857
Myxococcus stipitatus	83455	S	1	0	1	0.0000150857
Desulfovibrio alaskensis	58180	S	1	0	1	0.0000150857
Desulfovibrio carbinoliphilus	345370	S	1	0	1	0.0000150857
Candidatus Desulfovibrio trichonymphae	1725232	S	1	0	1	0.0000150857
Maridesulfovibrio salexigens	880	S	1	0	1	0.0000150857
Desulfohalobium retbaense	45663	S	1	0	1	0.0000150857
Geobacter bremensis	60035	S	1	0	1	0.0000150857
Desulfobulbus oligotrophicus	1909699	S	1	0	1	0.0000150857
Desulfotalea psychrophila	84980	S	1	0	1	0.0000150857
Hydrogenophilus thermoluteolus	297	S	1	0	1	0.0000150857
Propionibacterium australiense	119981	S	1	0	1	0.0000150857
Propionimicrobium sp. Marseille-P3275	1871034	S	1	0	1	0.0000150857
Nocardioides sp. dk3136	2575373	S	1	0	1	0.0000150857
Nocardioides sambongensis	2589074	S	1	0	1	0.0000150857
Microbacterium hydrocarbonoxydans	273678	S	1	0	1	0.0000150857
Leucobacter viscericola	2714935	S	1	0	1	0.0000150857
Pontimonas salivibrio	1159327	S	1	0	1	0.0000150857
Kocuria indica	1049583	S	1	0	1	0.0000150857
Arthrobacter sp. D5-1	1477518	S	1	0	1	0.0000150857
Arthrobacter sp. PM3	2017685	S	1	0	1	0.0000150857
Paenarthrobacter sp. YJN-5	2735316	S	1	0	1	0.0000150857
Nesterenkonia sp. NBAIMH1	2600320	S	1	0	1	0.0000150857
Brevibacterium sp. o2	2697565	S	1	0	1	0.0000150857
Brevibacterium siliguriense	1136497	S	1	0	1	0.0000150857
Paraoerskovia marina	545619	S	1	0	1	0.0000150857
Brachybacterium avium	2017485	S	1	0	1	0.0000150857
Serinicoccus chungangensis	767452	S	1	0	1	0.0000150857
Jonesia denitrificans	43674	S	1	0	1	0.0000150857
Mycolicibacterium sp. CBMA 213	1968788	S	1	0	1	0.0000150857
Mycolicibacterium tokaiense	39695	S	1	0	1	0.0000150857
Mycolicibacterium moriokaense	39691	S	1	0	1	0.0000150857
Mycobacterium haemophilum	29311	S	1	0	1	0.0000150857
Mycobacterium riyadhense	486698	S	1	0	1	0.0000150857
Mycobacterium seoulense	386911	S	1	0	1	0.0000150857
Mycobacteroides immunogenum	83262	S	1	0	1	0.0000150857
Corynebacterium sp. 4H37-19	2684405	S	1	0	1	0.0000150857
Corynebacterium sp. ZJ-599	2709394	S	1	0	1	0.0000150857
Corynebacterium sp. Marseille-Q3630	2754725	S	1	0	1	0.0000150857
Corynebacterium choanis	1862358	S	1	0	1	0.0000150857
Corynebacterium cystitidis	35757	S	1	0	1	0.0000150857
Corynebacterium camporealensis	161896	S	1	0	1	0.0000150857
Corynebacterium pseudotuberculosis	1719	S	1	0	1	0.0000150857
Corynebacterium casei	160386	S	1	0	1	0.0000150857
Corynebacterium rouxii	2719119	S	1	0	1	0.0000150857
Rhodococcus sp. R79	2811421	S	1	0	1	0.0000150857
Rhodococcus koreensis	99653	S	1	0	1	0.0000150857
Rhodococcus jostii	132919	S	1	0	1	0.0000150857
Gordonia sp. JH63	2698900	S	1	0	1	0.0000150857
Gordonia phthalatica	1136941	S	1	0	1	0.0000150857
Tomitella sp. HY188	2597660	S	1	0	1	0.0000150857
Streptomyces sp. NEAU-S7GS2	2202000	S	1	0	1	0.0000150857
Streptomyces sp. CB04723	2748873	S	1	0	1	0.0000150857
Streptomyces sp. TN58	234612	S	1	0	1	0.0000150857
Streptomyces sp. F11	319318	S	1	0	1	0.0000150857
Streptomyces sp. CB09001	2083284	S	1	0	1	0.0000150857
Streptomyces sp. ID38640	1265399	S	1	0	1	0.0000150857
Streptomyces sp. S063	2005885	S	1	0	1	0.0000150857
Streptomyces sp. CCM_MD2014	1561022	S	1	0	1	0.0000150857
Streptomyces sp. S8	1837283	S	1	0	1	0.0000150857
Streptomyces finlayi	67296	S	1	0	1	0.0000150857
Streptomyces noursei	1971	S	1	0	1	0.0000150857
Streptomyces viridosporus	67581	S	1	0	1	0.0000150857
Streptomyces cyaneogriseus	68192	S	1	0	1	0.0000150857
Streptomyces hundungensis	1077946	S	1	0	1	0.0000150857
Streptomyces rutgersensis	53451	S	1	0	1	0.0000150857
Streptomyces pristinaespiralis	38300	S	1	0	1	0.0000150857
Streptomyces pluripotens	1355015	S	1	0	1	0.0000150857
Micromonospora narathiwatensis	299146	S	1	0	1	0.0000150857
Micromonospora chokoriensis	356851	S	1	0	1	0.0000150857
Bifidobacterium thermophilum	33905	S	1	0	1	0.0000150857
Bifidobacterium eulemuris	1765219	S	1	0	1	0.0000150857
Bifidobacterium scardovii	158787	S	1	0	1	0.0000150857
Bifidobacterium pullorum	78448	S	1	0	1	0.0000150857
Bifidobacterium choerinum	35760	S	1	0	1	0.0000150857
Actinomyces sp. zg-993	2763540	S	1	0	1	0.0000150857
Actinomyces israelii	1659	S	1	0	1	0.0000150857
Actinomyces slackii	52774	S	1	0	1	0.0000150857
Actinomyces weissii	675090	S	1	0	1	0.0000150857
Actinomyces pacaensis	1852377	S	1	0	1	0.0000150857
Actinomyces gaoshouyii	1960083	S	1	0	1	0.0000150857
Schaalia meyeri	52773	S	1	0	1	0.0000150857
Arcanobacterium sp. 2701	2722751	S	1	0	1	0.0000150857
Arcanobacterium sp. JY-X040	2758440	S	1	0	1	0.0000150857
Trueperella pyogenes	1661	S	1	0	1	0.0000150857
Trueperella bialowiezensis	312285	S	1	0	1	0.0000150857
Actinotignum schaalii	59505	S	1	0	1	0.0000150857
Winkia sp. C64	2692125	S	1	0	1	0.0000150857
Frankia casuarinae	106370	S	1	0	1	0.0000150857
Olsenella sp. oral taxon 807	712411	S	1	0	1	0.0000150857
Parolsenella catena	2003188	S	1	0	1	0.0000150857
Gordonibacter urolithinfaciens	1335613	S	1	0	1	0.0000150857
Cryptobacterium curtum	84163	S	1	0	1	0.0000150857
Phoenicibacter congonensis	1944646	S	1	0	1	0.0000150857
Acidimicrobium ferrooxidans	53635	S	1	0	1	0.0000150857
Bacillus sp. FJAT-22090	1581038	S	1	0	1	0.0000150857
Bacillus sp. Cs-700	2589818	S	1	0	1	0.0000150857
Bacillus sp. THAF10	2587848	S	1	0	1	0.0000150857
Bacillus halotolerans	260554	S	1	0	1	0.0000150857
Bacillus paralicheniformis	1648923	S	1	0	1	0.0000150857
Bacillus sporothermodurans	46224	S	1	0	1	0.0000150857
Bacillus glycinifermentans	1664069	S	1	0	1	0.0000150857
Bacillus cellulosilyticus	1413	S	1	0	1	0.0000150857
Bacillus freudenreichii	1783501	S	1	0	1	0.0000150857
Bacillus safensis	561879	S	1	0	1	0.0000150857
Bacillus infantis	324767	S	1	0	1	0.0000150857
Bacillus haynesii	1925021	S	1	0	1	0.0000150857
Bacillus oleronius	38875	S	1	0	1	0.0000150857
Bacillus horikoshii	79883	S	1	0	1	0.0000150857
Geobacillus sp. 46C-IIa	1963025	S	1	0	1	0.0000150857
Lysinibacillus sp. SGAir0095	2070463	S	1	0	1	0.0000150857
Virgibacillus sp. MSP4-1	2700081	S	1	0	1	0.0000150857
Virgibacillus phasianinus	2017483	S	1	0	1	0.0000150857
Priestia filamentosa	1402861	S	1	0	1	0.0000150857
Alkalihalobacillus miscanthi	2598861	S	1	0	1	0.0000150857
Anoxybacillus caldiproteolyticus	247480	S	1	0	1	0.0000150857
Anoxybacillus amylolyticus	294699	S	1	0	1	0.0000150857
Salicibibacter halophilus	2502791	S	1	0	1	0.0000150857
Lentibacillus sp. CBA3610	2518176	S	1	0	1	0.0000150857
Parageobacillus thermoglucosidasius	1426	S	1	0	1	0.0000150857
Parageobacillus toebii	153151	S	1	0	1	0.0000150857
Neobacillus cucumis	1740721	S	1	0	1	0.0000150857
Psychrobacillus sp. AK 1817	2303505	S	1	0	1	0.0000150857
Paraliobacillus zengyii	2213194	S	1	0	1	0.0000150857
Amphibacillus xylanus	1449	S	1	0	1	0.0000150857
Fictibacillus arsenicus	255247	S	1	0	1	0.0000150857
Staphylococcus sp. MI 10-1553	1912064	S	1	0	1	0.0000150857
Staphylococcus sp. 17KM0847	2583989	S	1	0	1	0.0000150857
Staphylococcus sp. 11-B-312	2799680	S	1	0	1	0.0000150857
Staphylococcus delphini	53344	S	1	0	1	0.0000150857
Staphylococcus pseudintermedius	283734	S	1	0	1	0.0000150857
Staphylococcus cohnii	29382	S	1	0	1	0.0000150857
Staphylococcus carnosus	1281	S	1	0	1	0.0000150857
Staphylococcus pseudoxylosus	2282419	S	1	0	1	0.0000150857
Staphylococcus simiae	308354	S	1	0	1	0.0000150857
Staphylococcus equorum	246432	S	1	0	1	0.0000150857
Staphylococcus hyicus	1284	S	1	0	1	0.0000150857
Staphylococcus condimenti	70255	S	1	0	1	0.0000150857
Staphylococcus muscae	1294	S	1	0	1	0.0000150857
Staphylococcus kloosii	29384	S	1	0	1	0.0000150857
Macrococcus caseolyticus	69966	S	1	0	1	0.0000150857
Paenibacillus sp. 37	2607911	S	1	0	1	0.0000150857
Paenibacillus sp. FSL P4-0081	1536769	S	1	0	1	0.0000150857
Paenibacillus sp. URB8-2	2741301	S	1	0	1	0.0000150857
Paenibacillus sp. UniB2	2726185	S	1	0	1	0.0000150857
Paenibacillus ihbetae	1870820	S	1	0	1	0.0000150857
Paenibacillus kribbensis	172713	S	1	0	1	0.0000150857
Paenibacillus alvei	44250	S	1	0	1	0.0000150857
Brevibacillus formosus	54913	S	1	0	1	0.0000150857
Cohnella sp. MFER-1	2728023	S	1	0	1	0.0000150857
Thermobacillus composti	377615	S	1	0	1	0.0000150857
Saccharibacillus brassicae	2583377	S	1	0	1	0.0000150857
Planococcus maritimus	192421	S	1	0	1	0.0000150857
Planococcus rifietoensis	200991	S	1	0	1	0.0000150857
Kurthia sp. 11kri321	1750719	S	1	0	1	0.0000150857
Alicyclobacillus sp. TC	2606450	S	1	0	1	0.0000150857
Gemella sanguinis	84135	S	1	0	1	0.0000150857
Thermoactinomyces vulgaris	2026	S	1	0	1	0.0000150857
Laceyella sacchari	37482	S	1	0	1	0.0000150857
Streptococcus sp. oral taxon 061	712623	S	1	0	1	0.0000150857
Streptococcus sp. 116-D4	2598453	S	1	0	1	0.0000150857
Streptococcus sp. DAT741	1940319	S	1	0	1	0.0000150857
Streptococcus sp. NPS 308	1902136	S	1	0	1	0.0000150857
Streptococcus urinalis	149016	S	1	0	1	0.0000150857
Streptococcus cristatus	45634	S	1	0	1	0.0000150857
Streptococcus himalayensis	1888195	S	1	0	1	0.0000150857
Streptococcus marmotae	1825069	S	1	0	1	0.0000150857
Streptococcus troglodytae	1111760	S	1	0	1	0.0000150857
Lactococcus taiwanensis	1151742	S	1	0	1	0.0000150857
Lactobacillus sp. 3B(2020)	2695882	S	1	0	1	0.0000150857
Lactobacillus amylolyticus	83683	S	1	0	1	0.0000150857
Lactobacillus iners	147802	S	1	0	1	0.0000150857
Lactobacillus apis	303541	S	1	0	1	0.0000150857
Lactobacillus kullabergensis	1218493	S	1	0	1	0.0000150857
Lactobacillus acidophilus	1579	S	1	0	1	0.0000150857
Weissella confusa	1583	S	1	0	1	0.0000150857
Weissella viridescens	1629	S	1	0	1	0.0000150857
Weissella hellenica	46256	S	1	0	1	0.0000150857
Weissella koreensis	165096	S	1	0	1	0.0000150857
Weissella ceti	759620	S	1	0	1	0.0000150857
Weissella diestrammenae	1162633	S	1	0	1	0.0000150857
Weissella cryptocerci	2506420	S	1	0	1	0.0000150857
Weissella sp. HDW19	2714949	S	1	0	1	0.0000150857
Leuconostoc gelidum	1244	S	1	0	1	0.0000150857
Leuconostoc mesenteroides	1245	S	1	0	1	0.0000150857
Leuconostoc pseudomesenteroides	33968	S	1	0	1	0.0000150857
Companilactobacillus heilongjiangensis	1074467	S	1	0	1	0.0000150857
Lactiplantibacillus paraplantarum	60520	S	1	0	1	0.0000150857
Loigolactobacillus backii	375175	S	1	0	1	0.0000150857
Latilactobacillus sakei	1599	S	1	0	1	0.0000150857
Latilactobacillus graminis	60519	S	1	0	1	0.0000150857
Latilactobacillus fuchuensis	164393	S	1	0	1	0.0000150857
Lentilactobacillus buchneri	1581	S	1	0	1	0.0000150857
Lentilactobacillus kefiri	33962	S	1	0	1	0.0000150857
Lentilactobacillus curieae	1138822	S	1	0	1	0.0000150857
Oenococcus sp. UCMA 16435	2259623	S	1	0	1	0.0000150857
Paucilactobacillus oligofermentans	293371	S	1	0	1	0.0000150857
Paucilactobacillus hokkaidonensis	1193095	S	1	0	1	0.0000150857
Liquorilactobacillus hordei	468911	S	1	0	1	0.0000150857
Pediococcus inopinatus	114090	S	1	0	1	0.0000150857
Pediococcus acidilactici	1254	S	1	0	1	0.0000150857
Apilactobacillus kunkeei	148814	S	1	0	1	0.0000150857
Enterococcus cecorum	44008	S	1	0	1	0.0000150857
Vagococcus teuberi	519472	S	1	0	1	0.0000150857
Vagococcus sp. CF-49	2562451	S	1	0	1	0.0000150857
Tetragenococcus osmophilus	526944	S	1	0	1	0.0000150857
Melissococcus plutonius	33970	S	1	0	1	0.0000150857
Marinilactibacillus sp. 15R	1911586	S	1	0	1	0.0000150857
Aerococcus urinae	1376	S	1	0	1	0.0000150857
Aerococcus viridans	1377	S	1	0	1	0.0000150857
Abiotrophia defectiva	46125	S	1	0	1	0.0000150857
Clostridium scatologenes	1548	S	1	0	1	0.0000150857
Clostridium acetobutylicum	1488	S	1	0	1	0.0000150857
Geosporobacter ferrireducens	1424294	S	1	0	1	0.0000150857
Oscillibacter valericigenes	351091	S	1	0	1	0.0000150857
Acetivibrio clariflavus	288965	S	1	0	1	0.0000150857
Acetivibrio saccincola	1677857	S	1	0	1	0.0000150857
Desulfitobacterium metallireducens	142877	S	1	0	1	0.0000150857
Desulfosporosinus youngiae	339862	S	1	0	1	0.0000150857
Syntrophobotulus glycolicus	51197	S	1	0	1	0.0000150857
Thermincola potens	863643	S	1	0	1	0.0000150857
Aminipila sp. JN-18	2507160	S	1	0	1	0.0000150857
Thermaerobacter sp. FW80	2546351	S	1	0	1	0.0000150857
Alkalibacter sp. ES005	2815577	S	1	0	1	0.0000150857
Syntrophomonas wolfei	863	S	1	0	1	0.0000150857
Syntrophothermus lipocalidus	86170	S	1	0	1	0.0000150857
Candidatus Syntrophocurvum alkaliphilum	2293317	S	1	0	1	0.0000150857
Caldicellulosiruptor owensensis	55205	S	1	0	1	0.0000150857
Thermoanaerobacter kivui	2325	S	1	0	1	0.0000150857
Moorella thermoacetica	1525	S	1	0	1	0.0000150857
Moorella glycerini	55779	S	1	0	1	0.0000150857
Carboxydothermus hydrogenoformans	129958	S	1	0	1	0.0000150857
Caldanaerobacter subterraneus	911092	S	1	0	1	0.0000150857
Acetohalobium arabaticum	28187	S	1	0	1	0.0000150857
Halanaerobium praevalens	2331	S	1	0	1	0.0000150857
Biomaibacter acetigenes	2316383	S	1	0	1	0.0000150857
Sporomusa termitida	2377	S	1	0	1	0.0000150857
Veillonella dispar	39778	S	1	0	1	0.0000150857
Veillonella nakazawae	2682456	S	1	0	1	0.0000150857
Erysipelothrix sp. HDW6A	2714928	S	1	0	1	0.0000150857
Erysipelothrix sp. HDW6C	2714930	S	1	0	1	0.0000150857
Erysipelothrix rhusiopathiae	1648	S	1	0	1	0.0000150857
Erysipelothrix inopinata	225084	S	1	0	1	0.0000150857
Intestinibaculum porci	2487118	S	1	0	1	0.0000150857
Anaerococcus mediterraneensis	1870984	S	1	0	1	0.0000150857
Parvimonas micra	33033	S	1	0	1	0.0000150857
Gudongella oleilytica	1582259	S	1	0	1	0.0000150857
Schnuerera ultunensis	45497	S	1	0	1	0.0000150857
Ezakiella massiliensis	1852374	S	1	0	1	0.0000150857
endosymbiont 'TC1' of Trimyema compressum	243899	S	1	0	1	0.0000150857
Cyanothece sp. PCC 7425	395961	S	1	0	1	0.0000150857
Nostoc sp. C052	2576902	S	1	0	1	0.0000150857
Anabaenopsis circularis	109266	S	1	0	1	0.0000150857
Synechococcus sp. BIOS-U3-1	1400865	S	1	0	1	0.0000150857
Synechococcus sp. PROS-U-1	1400866	S	1	0	1	0.0000150857
Synechococcus sp. CBW1108	1353147	S	1	0	1	0.0000150857
Synechococcus sp. BMK-MC-1	1442551	S	1	0	1	0.0000150857
Synechococcus sp. LTW-R	2751170	S	1	0	1	0.0000150857
Synechococcus sp. CC9311	64471	S	1	0	1	0.0000150857
Synechococcus sp. MEDNS5	1442554	S	1	0	1	0.0000150857
Synechococcus sp. A15-24	1050635	S	1	0	1	0.0000150857
Synechococcus sp. KORDI-52	585425	S	1	0	1	0.0000150857
Synechococcus sp. KORDI-49	585423	S	1	0	1	0.0000150857
Leptolyngbya sp. BL0902	1115757	S	1	0	1	0.0000150857
Pseudanabaena sp. PCC 7367	82654	S	1	0	1	0.0000150857
Halomicronema hongdechloris	1209493	S	1	0	1	0.0000150857
Mycoplasma sp. Mirounga ES2805-ORL	754514	S	1	0	1	0.0000150857
Mycoplasma sp. Mirounga ES2806-NAS	754516	S	1	0	1	0.0000150857
Mycoplasma dispar	86660	S	1	0	1	0.0000150857
Mycoplasma ovis	171632	S	1	0	1	0.0000150857
Mycoplasma crocodyli	50052	S	1	0	1	0.0000150857
Mycoplasma nasistruthionis	353852	S	1	0	1	0.0000150857
Mycoplasma mobile	2118	S	1	0	1	0.0000150857
Mycoplasma penetrans	28227	S	1	0	1	0.0000150857
Mycoplasma pulmonis	2107	S	1	0	1	0.0000150857
Mycoplasma cynos	171284	S	1	0	1	0.0000150857
Mycoplasma columborale	171282	S	1	0	1	0.0000150857
Mycoplasma pullorum	48003	S	1	0	1	0.0000150857
Mycoplasma felis	33923	S	1	0	1	0.0000150857
Mycoplasma agalactiae	2110	S	1	0	1	0.0000150857
Mycoplasma synoviae	2109	S	1	0	1	0.0000150857
Mycoplasma arginini	2094	S	1	0	1	0.0000150857
Candidatus Hepatoplasma crinochetorum	295596	S	1	0	1	0.0000150857
Spiroplasma sp. TIUS-1	216963	S	1	0	1	0.0000150857
Spiroplasma sp. BIUS-1	216964	S	1	0	1	0.0000150857
Spiroplasma gladiatoris	2143	S	1	0	1	0.0000150857
Spiroplasma tabanidicola	324079	S	1	0	1	0.0000150857
Spiroplasma monobiae	2136	S	1	0	1	0.0000150857
Spiroplasma litorale	216942	S	1	0	1	0.0000150857
Spiroplasma helicoides	216938	S	1	0	1	0.0000150857
Spiroplasma apis	2137	S	1	0	1	0.0000150857
Spiroplasma alleghenense	216931	S	1	0	1	0.0000150857
Mesoplasma entomophilum	2149	S	1	0	1	0.0000150857
Mesoplasma florum	2151	S	1	0	1	0.0000150857
Mesoplasma lactucae	138853	S	1	0	1	0.0000150857
Mesoplasma chauliocola	216427	S	1	0	1	0.0000150857
Mesoplasma tabanidae	219745	S	1	0	1	0.0000150857
Entomoplasma freundtii	74700	S	1	0	1	0.0000150857
Acholeplasma axanthum	29552	S	1	0	1	0.0000150857
Candidatus Phytoplasma ziziphi	135727	S	1	0	1	0.0000150857
Candidatus Phytoplasma luffae	35773	S	1	0	1	0.0000150857
Candidatus Phytoplasma mali	37692	S	1	0	1	0.0000150857
Candidatus Izimaplasma sp. HR1	1541959	S	1	0	1	0.0000150857
Deinococcus peraridilitoris	432329	S	1	0	1	0.0000150857
Meiothermus taiwanensis	172827	S	1	0	1	0.0000150857
Thermus aquaticus	271	S	1	0	1	0.0000150857
Thermus brockianus	56956	S	1	0	1	0.0000150857
Thermus caldilimi	2483360	S	1	0	1	0.0000150857
Thermus sp. CCB_US3_UF1	1111069	S	1	0	1	0.0000150857
Tepidiforma bonchosmolovskayae	2601677	S	1	0	1	0.0000150857
Capnocytophaga sp. oral taxon 878	1316596	S	1	0	1	0.0000150857
Capnocytophaga leadbetteri	327575	S	1	0	1	0.0000150857
Cellulophaga sp. L1A9	2686362	S	1	0	1	0.0000150857
Salegentibacter sp. T436	1729720	S	1	0	1	0.0000150857
Tamlana sp. s12	1630406	S	1	0	1	0.0000150857
Flagellimonas maritima	1383885	S	1	0	1	0.0000150857
Chryseobacterium sp.	1871047	S	1	0	1	0.0000150857
Elizabethkingia ursingii	1756150	S	1	0	1	0.0000150857
Bergeyella cardium	1585976	S	1	0	1	0.0000150857
Blattabacterium sp. (Cryptocercus kyebangensis)	298656	S	1	0	1	0.0000150857
Blattabacterium sp. (Blattella germanica)	624186	S	1	0	1	0.0000150857
Blattabacterium punctulatus	164514	S	1	0	1	0.0000150857
Bacteroides heparinolyticus	28113	S	1	0	1	0.0000150857
Prevotella enoeca	76123	S	1	0	1	0.0000150857
Prevotella scopos	589437	S	1	0	1	0.0000150857
Alloprevotella sp. E39	2133944	S	1	0	1	0.0000150857
Alistipes sp. dk3624	2662363	S	1	0	1	0.0000150857
Dysgonomonas sp. HDW5B	2714927	S	1	0	1	0.0000150857
Porphyromonas cangingivalis	36874	S	1	0	1	0.0000150857
Sphingobacterium hotanense	649196	S	1	0	1	0.0000150857
Pontibacter akesuensis	388950	S	1	0	1	0.0000150857
Cardinium endosymbiont of Encarsia pergandiella	249402	S	1	0	1	0.0000150857
Chitinophaga alhagiae	2203219	S	1	0	1	0.0000150857
Pelodictyon phaeoclathratiforme	34090	S	1	0	1	0.0000150857
Chlorobaculum parvum	274539	S	1	0	1	0.0000150857
Prosthecochloris sp. GSB1	281093	S	1	0	1	0.0000150857
Prosthecochloris sp. CIB 2401	1868325	S	1	0	1	0.0000150857
Prosthecochloris sp. HL-130-GSB	1974213	S	1	0	1	0.0000150857
Prosthecochloris aestuarii	1102	S	1	0	1	0.0000150857
Candidatus Cyclonatronum proteinivorum	1457365	S	1	0	1	0.0000150857
Sedimentisphaera salicampi	1941349	S	1	0	1	0.0000150857
Methylacidimicrobium sp. AP8	2730359	S	1	0	1	0.0000150857
Methylacidimicrobium sp. B4	2796139	S	1	0	1	0.0000150857
Chlamydia sp. H15-1957-10C	1967782	S	1	0	1	0.0000150857
Chlamydia sp. S15-834C	1967783	S	1	0	1	0.0000150857
Chlamydia caviae	83557	S	1	0	1	0.0000150857
Chlamydia pneumoniae	83558	S	1	0	1	0.0000150857
Chlamydia avium	1457141	S	1	0	1	0.0000150857
Chlamydia gallinacea	1457153	S	1	0	1	0.0000150857
Candidatus Vampirococcus archaeovorus	1930593	S	1	0	1	0.0000150857
Treponema sp. Marseille-Q4132	2766701	S	1	0	1	0.0000150857
Treponema socranskii	53419	S	1	0	1	0.0000150857
Treponema medium	58231	S	1	0	1	0.0000150857
Treponema azotonutricium	150829	S	1	0	1	0.0000150857
Thiospirochaeta perfilievii	252967	S	1	0	1	0.0000150857
Borrelia hermsii	140	S	1	0	1	0.0000150857
Borrelia sp. A-FGy1	2608247	S	1	0	1	0.0000150857
Borreliella burgdorferi	139	S	1	0	1	0.0000150857
Borreliella afzelii	29518	S	1	0	1	0.0000150857
Candidatus Borrelia tachyglossi	1964448	S	1	0	1	0.0000150857
Leptospira mayottensis	1137606	S	1	0	1	0.0000150857
Brachyspira hampsonii	1287055	S	1	0	1	0.0000150857
Leptotrichia sp. oral taxon 212	712357	S	1	0	1	0.0000150857
Leptotrichia sp. oral taxon 498	712368	S	1	0	1	0.0000150857
Leptotrichia sp. oral taxon 847	1785996	S	1	0	1	0.0000150857
Leptotrichia buccalis	40542	S	1	0	1	0.0000150857
Leptotrichia trevisanii	109328	S	1	0	1	0.0000150857
Thermotoga caldifontis	1508419	S	1	0	1	0.0000150857
Fervidobacterium pennivorans	93466	S	1	0	1	0.0000150857
Thermosipho melanesiensis	46541	S	1	0	1	0.0000150857
Thermosipho sp. FR-w03	2814656	S	1	0	1	0.0000150857
Defluviitoga tunisiensis	1006576	S	1	0	1	0.0000150857
Mesotoga prima	1184387	S	1	0	1	0.0000150857
Mesotoga infera	1236046	S	1	0	1	0.0000150857
Athalassotoga saccharophila	1441386	S	1	0	1	0.0000150857
Candidatus Bipolaricaulis anaerobius	2026885	S	1	0	1	0.0000150857
Nitrospira moscoviensis	42253	S	1	0	1	0.0000150857
Candidatus Nitrospira inopinata	1715989	S	1	0	1	0.0000150857
Aminobacterium colombiense	81468	S	1	0	1	0.0000150857
Jonquetella anthropi	428712	S	1	0	1	0.0000150857
Fretibacterium fastidiosum	651822	S	1	0	1	0.0000150857
Thermocrinis ruber	75906	S	1	0	1	0.0000150857
Thermocrinis minervae	381751	S	1	0	1	0.0000150857
Hydrogenobacter thermophilus	940	S	1	0	1	0.0000150857
Persephonella marina	309805	S	1	0	1	0.0000150857
Denitrovibrio acetiphilus	118000	S	1	0	1	0.0000150857
Candidatus Endomicrobium trichonymphae	1408204	S	1	0	1	0.0000150857
Thermodesulfobacterium sp. TA1	2234087	S	1	0	1	0.0000150857
Coprothermobacter proteolyticus	35786	S	1	0	1	0.0000150857
Haloterrigena turkmenica	62320	S	1	0	1	0.0000150857
Halovivax sp. KZCA124	2817025	S	1	0	1	0.0000150857
Natrarchaeobaculum sulfurireducens	2044521	S	1	0	1	0.0000150857
Natronomonas pharaonis	2257	S	1	0	1	0.0000150857
Natronomonas moolapensis	416273	S	1	0	1	0.0000150857
Haloarcula taiwanensis	1932004	S	1	0	1	0.0000150857
Halosimplex rubrum	869889	S	1	0	1	0.0000150857
Halorhabdus tiamatea	430914	S	1	0	1	0.0000150857
Halapricum salinum	1457250	S	1	0	1	0.0000150857
Halobacterium hubeiense	1407499	S	1	0	1	0.0000150857
Halanaeroarchaeum sulfurireducens	1604004	S	1	0	1	0.0000150857
Halobonum sp. Gai3-2	2743090	S	1	0	1	0.0000150857
Halopenitus persicus	1048396	S	1	0	1	0.0000150857
Haloferax alexandrinus	114529	S	1	0	1	0.0000150857
Methanosarcina siciliae	38027	S	1	0	1	0.0000150857
Methanolobus zinderi	536044	S	1	0	1	0.0000150857
Methanothrix thermoacetophila	2224	S	1	0	1	0.0000150857
Methanoplanus limicola	2315	S	1	0	1	0.0000150857
Methanobrevibacter ruminantium	83816	S	1	0	1	0.0000150857
Methanobacterium subterraneum	59277	S	1	0	1	0.0000150857
Methanosphaera stadtmanae	2317	S	1	0	1	0.0000150857
Methanothermus fervidus	2180	S	1	0	1	0.0000150857
Methanococcus voltae	2188	S	1	0	1	0.0000150857
Methanococcus aeolicus	42879	S	1	0	1	0.0000150857
Methanocaldococcus jannaschii	2190	S	1	0	1	0.0000150857
Methanocaldococcus bathoardescens	1301915	S	1	0	1	0.0000150857
Thermococcus litoralis	2265	S	1	0	1	0.0000150857
Thermococcus sp. 4557	1042877	S	1	0	1	0.0000150857
Thermococcus siculi	72803	S	1	0	1	0.0000150857
Thermococcus barossii	54077	S	1	0	1	0.0000150857
Thermococcus profundus	49899	S	1	0	1	0.0000150857
Thermococcus chitonophagus	54262	S	1	0	1	0.0000150857
Archaeoglobus veneficus	58290	S	1	0	1	0.0000150857
Candidatus Nitrosotenuis aquarius	1846278	S	1	0	1	0.0000150857
Candidatus Nitrosopelagicus brevis	1410606	S	1	0	1	0.0000150857
Candidatus Nitrosopumilus sediminis	1229909	S	1	0	1	0.0000150857
Nitrosopumilus piranensis	1582439	S	1	0	1	0.0000150857
Nitrosopumilus oxyclinae	1959104	S	1	0	1	0.0000150857
Candidatus Nitrosomarinus catalina	1898749	S	1	0	1	0.0000150857
Candidatus Nitrososphaera evergladensis	1459637	S	1	0	1	0.0000150857
Conexivisphaera calida	1874277	S	1	0	1	0.0000150857
Sulfolobus sp. NOB8H2	84600	S	1	0	1	0.0000150857
Sulfolobus sp. E5-1-F	2663019	S	1	0	1	0.0000150857
Acidianus brierleyi	41673	S	1	0	1	0.0000150857
Acidianus manzaensis	282676	S	1	0	1	0.0000150857
Stygiolobus azoricus	41675	S	1	0	1	0.0000150857
Sulfuracidifex tepidarius	1294262	S	1	0	1	0.0000150857
Pyrobaculum neutrophilum	70771	S	1	0	1	0.0000150857
Thermofilum sp. 3507LT	2776706	S	1	0	1	0.0000150857
Staphylothermus marinus	2280	S	1	0	1	0.0000150857
Staphylothermus hellenicus	84599	S	1	0	1	0.0000150857
Aeropyrum pernix	56636	S	1	0	1	0.0000150857
Caldisphaera lagunensis	200415	S	1	0	1	0.0000150857
Thermoplasma acidophilum	2303	S	1	0	1	0.0000150857
Aciduliprofundum boonei	379547	S	1	0	1	0.0000150857
Aciduliprofundum sp. MAR08-339	673860	S	1	0	1	0.0000150857
Candidatus Mancarchaeum acidiphilum	1920749	S	1	0	1	0.0000150857
Flavobacterium phage vB_FspS_hattifnatt9-1	2686246	S	1	0	1	0.0000150857
Streptomyces phage Gilson	2488789	S	1	0	1	0.0000150857
Propionibacterium phage QueenBey	1654782	S	1	0	1	0.0000150857
Propionibacterium virus Attacne	1982254	S	1	0	1	0.0000150857
Propionibacterium virus PHL116M00	1982288	S	1	0	1	0.0000150857
Propionibacterium virus Pacnes201215	1982270	S	1	0	1	0.0000150857
Mycobacterium phage Adzzy	1383059	S	1	0	1	0.0000150857
Mycobacterium phage LastHope	2015886	S	1	0	1	0.0000150857
Mycobacterium phage Yuna	2599885	S	1	0	1	0.0000150857
Enterococcus virus AUEF3	2560417	S	1	0	1	0.0000150857
Enterococcus virus EF3	2560420	S	1	0	1	0.0000150857
Arthrobacter virus Mudcat	1982090	S	1	0	1	0.0000150857
Dinoroseobacter virus D5C	2560407	S	1	0	1	0.0000150857
Streptomyces virus YDN12	1982747	S	1	0	1	0.0000150857
Pseudomonas virus PMBT3	2734251	S	1	0	1	0.0000150857
Lactobacillus virus Ld25A	1981024	S	1	0	1	0.0000150857
Mycobacterium phage ThulaThula	2599880	S	1	0	1	0.0000150857
Streptomyces virus NootNoot	2560788	S	1	0	1	0.0000150857
Gordonia virus GMA3	2560494	S	1	0	1	0.0000150857
Gordonia virus Yvonnetastic	2560514	S	1	0	1	0.0000150857
Salmonella virus Sasha	2734275	S	1	0	1	0.0000150857
Arthrobacteria virus Molivia	2560307	S	1	0	1	0.0000150857
Vibrio phage PWH3a-P1	754058	S	1	0	1	0.0000150857
Prochlorococcus phage P-TIM68	1542477	S	1	0	1	0.0000150857
Streptomyces phage BRock	1913591	S	1	0	1	0.0000150857
Alteromonas phage vB_AmeM_PT11-V22	2704031	S	1	0	1	0.0000150857
Leptospira phage LE4	2041383	S	1	0	1	0.0000150857
Yersinia virus R1RT	1921705	S	1	0	1	0.0000150857
Bordetella virus PHB04	2734129	S	1	0	1	0.0000150857
Synechococcus virus SSKS1	2734116	S	1	0	1	0.0000150857
Erwinia virus Ea35-70	1984778	S	1	0	1	0.0000150857
Pseudomonas virus PMW	2560676	S	1	0	1	0.0000150857
Pseudomonas virus Psa374	2560680	S	1	0	1	0.0000150857
Ralstonia virus RSL1	1980923	S	1	0	1	0.0000150857
Cronobacter virus GAP32	2560400	S	1	0	1	0.0000150857
Escherichia virus APECc02	2560438	S	1	0	1	0.0000150857
Microbacterium phage Akoni	2565510	S	1	0	1	0.0000150857
Pseudomonas virus Bjorn	2560658	S	1	0	1	0.0000150857
Escherichia virus C1302	2734159	S	1	0	1	0.0000150857
Klebsiella phage KP8	2099850	S	1	0	1	0.0000150857
Pseudomonas phage PA11	347327	S	1	0	1	0.0000150857
Curvibacter virus P26059B	2733926	S	1	0	1	0.0000150857
Ralstonia virus RSPII1	2733596	S	1	0	1	0.0000150857
Staphylococcus virus P108	1924731	S	1	0	1	0.0000150857
Murid betaherpesvirus 1	10366	S	1	0	1	0.0000150857
Human betaherpesvirus 6B	32604	S	1	0	1	0.0000150857
Saimiriine alphaherpesvirus 1	10353	S	1	0	1	0.0000150857
Equid gammaherpesvirus 2	12657	S	1	0	1	0.0000150857
Cyprinid herpesvirus 1	317858	S	1	0	1	0.0000150857
Ostreid herpesvirus 1	261939	S	1	0	1	0.0000150857
Chrysochromulina ericina virus	455364	S	1	0	1	0.0000150857
Orpheovirus IHUMI-LCC2	2023057	S	1	0	1	0.0000150857
Micromonas pusilla virus SP1	373996	S	1	0	1	0.0000150857
Moumouvirus	985782	S	1	0	1	0.0000150857
Cafeteria roenbergensis virus	1513235	S	1	0	1	0.0000150857
Choristoneura rosaceana entomopoxvirus	1993631	S	1	0	1	0.0000150857
Pandoravirus neocaledonia	2107708	S	1	0	1	0.0000150857
Cedratvirus A11	1903266	S	1	0	1	0.0000150857
Spodoptera exigua multiple nucleopolyhedrovirus	10454	S	1	0	1	0.0000150857
Chrysodeixis chalcites nucleopolyhedrovirus	320432	S	1	0	1	0.0000150857
Agrotis ipsilon multiple nucleopolyhedrovirus	208013	S	1	0	1	0.0000150857
Spodoptera frugiperda multiple nucleopolyhedrovirus	10455	S	1	0	1	0.0000150857
Babaco mosaic virus	2060511	S	1	0	1	0.0000150857
San Miguel sea lion virus 8	1564182	S	1	0	1	0.0000150857
Bat iflavirus	1958778	S	1	0	1	0.0000150857
Walleye epidermal hyperplasia virus 2	64461	S	1	0	1	0.0000150857
Drosophila innubila nudivirus	2057187	S	1	0	1	0.0000150857
Cotesia congregata bracovirus	39640	S	1	0	1	0.0000150857
Sulfolobus islandicus rod-shaped virus 10	1983545	S	1	0	1	0.0000150857
Candidatus Kinetoplastibacterium crithidii	33056	S	2	-2	0	0.0000000000
Azotobacter vinelandii	354	S	7	-7	0	0.0000000000
Dickeya paradisiaca	69223	S	3	-3	0	0.0000000000
Dickeya chrysanthemi	556	S	1	-1	0	0.0000000000
Idiomarina loihiensis	135577	S	1	-1	0	0.0000000000
Afipia carboxidovorans	40137	S	8	-8	0	0.0000000000
Rhodospirillum rubrum	1085	S	6	-6	0	0.0000000000
Rickettsia canadensis	788	S	1	-1	0	0.0000000000
Tropheryma whipplei	2039	S	1	-1	0	0.0000000000
Acetivibrio thermocellus	1515	S	4	-4	0	0.0000000000
Rippkaea orientalis	2546366	S	8	-8	0	0.0000000000
Nodularia spumigena	70799	S	4	-4	0	0.0000000000
Chloroflexus aurantiacus	1108	S	3	-3	0	0.0000000000
Tannerella forsythia	28112	S	3	-3	0	0.0000000000
Borreliella valaisiana	62088	S	2	-2	0	0.0000000000
Leptospira biflexa	172	S	7	-7	0	0.0000000000
Pyrococcus furiosus	2261	S	3	-3	0	0.0000000000
