name	taxonomy_id	taxonomy_lvl	kraken_assigned_reads	added_reads	new_est_reads	fraction_total_reads
Ralstonia solanacearum	305	S	180	19	199	0.0588931637
Cutibacterium acnes	1747	S	95	19	114	0.0337377922
Bacillus cereus	1396	S	72	37	109	0.0322580645
Klebsiella pneumoniae	573	S	31	67	98	0.0290026635
Proteus virus Isfahan	2560650	S	98	0	98	0.0290026635
Pasteurella multocida	747	S	52	7	59	0.0174607872
Priestia megaterium	1404	S	39	5	44	0.0130216040
Xanthomonas euvesicatoria	456327	S	2	39	41	0.0121337674
Staphylococcus aureus	1280	S	18	17	35	0.0103580941
Acinetobacter baumannii	470	S	20	14	34	0.0100621486
Pseudomonas sp. CMR12a	658629	S	27	4	31	0.0091743119
Pseudomonas aeruginosa	287	S	8	22	30	0.0088783664
Bacillus thuringiensis	1428	S	22	7	29	0.0085824208
Acinetobacter junii	40215	S	25	1	26	0.0076945842
Streptomyces lividans	1916	S	8	17	25	0.0073986387
Vibrio cholerae	666	S	1	22	23	0.0068067476
Clostridium botulinum	1491	S	17	1	18	0.0053270198
Delftia acidovorans	80866	S	9	8	17	0.0050310743
Dermacoccus nishinomiyaensis	1274	S	15	1	16	0.0047351287
Dolichospermum sp. UHCC 0315A	1914871	S	3	13	16	0.0047351287
Spirosoma sp. KUDC1026	2745947	S	15	1	16	0.0047351287
Acidovorax sp. KKS102	358220	S	13	2	15	0.0044391832
Achromobacter xylosoxidans	85698	S	11	3	14	0.0041432376
Cloacibacterium normanense	237258	S	12	2	14	0.0041432376
Acidovorax sp. JMULE5	2518343	S	12	1	13	0.0038472921
Diaphorobacter sp. HDW4A	2714924	S	11	2	13	0.0038472921
Diaphorobacter sp. JS3051	2792224	S	2	11	13	0.0038472921
Acinetobacter johnsonii	40214	S	9	4	13	0.0038472921
Sphingobium yanoikuyae	13690	S	7	6	13	0.0038472921
Acidovorax sp. T1	1858609	S	7	5	12	0.0035513466
Lysobacter enzymogenes	69	S	11	0	11	0.0032554010
Comamonas aquatica	225991	S	9	1	10	0.0029594555
Pseudomonas sp. UW4	1207075	S	7	3	10	0.0029594555
Moraxella osloensis	34062	S	10	0	10	0.0029594555
Variovorax sp. RKNM96	2681552	S	7	2	9	0.0026635099
Pseudomonas stutzeri	316	S	8	1	9	0.0026635099
Sorangium cellulosum	56	S	9	0	9	0.0026635099
Propionibacterium sp. oral taxon 193	671223	S	9	0	9	0.0026635099
Variovorax boronicumulans	436515	S	6	2	8	0.0023675644
Rubrivivax gelatinosus	28068	S	7	1	8	0.0023675644
Pseudomonas putida	303	S	3	5	8	0.0023675644
Buchnera aphidicola	9	S	8	0	8	0.0023675644
Xanthomonas oryzae	347	S	8	0	8	0.0023675644
Rothia terrae	396015	S	7	1	8	0.0023675644
Comamonas testosteroni	285	S	4	3	7	0.0020716188
Janthinobacterium sp. 1_2014MBL_MicDiv	1644131	S	7	0	7	0.0020716188
Janthinobacterium sp. HH102	1537274	S	5	2	7	0.0020716188
Citrobacter freundii	546	S	4	3	7	0.0020716188
Xanthomonas campestris	339	S	7	0	7	0.0020716188
Bacillus sp. M4U3P1	2592382	S	7	0	7	0.0020716188
Acaryochloris marina	155978	S	7	0	7	0.0020716188
Borrelia crocidurae	29520	S	7	0	7	0.0020716188
Flavobacterium phage vB_FspS_filifjonk9-1	2686245	S	2	5	7	0.0020716188
Acidovorax sp. 1608163	2478662	S	6	0	6	0.0017756733
Acidovorax carolinensis	553814	S	5	1	6	0.0017756733
Diaphorobacter sp. JS3050	2735554	S	1	5	6	0.0017756733
Stenotrophomonas maltophilia	40324	S	5	1	6	0.0017756733
Vibrio kanaloae	170673	S	6	0	6	0.0017756733
Vibrio anguillarum	55601	S	6	0	6	0.0017756733
Halomonas sp. JS92-SW72	2306583	S	6	0	6	0.0017756733
Bradyrhizobium symbiodeficiens	1404367	S	6	0	6	0.0017756733
Sphingorhabdus lacus	392610	S	6	0	6	0.0017756733
Caulobacter vibrioides	155892	S	6	0	6	0.0017756733
Campylobacter lanienae	75658	S	6	0	6	0.0017756733
Rhodococcus sp. NJ-530	2490853	S	2	4	6	0.0017756733
Rhodococcus qingshengii	334542	S	2	4	6	0.0017756733
Listeria monocytogenes	1639	S	5	1	6	0.0017756733
Clostridioides difficile	1496	S	6	0	6	0.0017756733
Tenacibaculum jejuense	584609	S	6	0	6	0.0017756733
Kaistella daneshvariae	2487074	S	6	0	6	0.0017756733
Sphingobacterium multivorum	28454	S	2	4	6	0.0017756733
Flavobacterium phage vB_FspS_tooticki6-1	2686279	S	1	5	6	0.0017756733
Burkholderia cenocepacia	95486	S	2	3	5	0.0014797277
Variovorax sp. PAMC 28711	1795631	S	5	0	5	0.0014797277
Variovorax sp. 38R	2774875	S	3	2	5	0.0014797277
Variovorax sp. WDL1	207745	S	2	3	5	0.0014797277
Variovorax paradoxus	34073	S	5	0	5	0.0014797277
Diaphorobacter ruginosibacter	1715720	S	5	0	5	0.0014797277
Massilia sp. WG5	1707785	S	4	1	5	0.0014797277
Herbaspirillum huttiense	863372	S	4	1	5	0.0014797277
Mitsuaria sp. 7	1658665	S	5	0	5	0.0014797277
Paucibacter sp. KCTC 42545	1768242	S	5	0	5	0.0014797277
Inhella inkyongensis	392593	S	5	0	5	0.0014797277
Pseudomonas fluorescens	294	S	3	2	5	0.0014797277
Pseudomonas brassicacearum	930166	S	2	3	5	0.0014797277
Legionella pneumophila	446	S	5	0	5	0.0014797277
Bosea sp. ANAM02	2020412	S	5	0	5	0.0014797277
Sphingomonas sp. HMP9	1517554	S	4	1	5	0.0014797277
Aurantiacibacter atlanticus	1648404	S	2	3	5	0.0014797277
Streptomyces venezuelae	54571	S	5	0	5	0.0014797277
Staphylococcus epidermidis	1282	S	5	0	5	0.0014797277
Streptococcus mitis	28037	S	4	1	5	0.0014797277
Clostridium pasteurianum	1501	S	5	0	5	0.0014797277
Gemmata massiliana	1210884	S	4	1	5	0.0014797277
Cupriavidus pauculus	82633	S	3	1	4	0.0011837822
Cupriavidus campinensis	151783	S	3	1	4	0.0011837822
Cupriavidus taiwanensis	164546	S	2	2	4	0.0011837822
Cupriavidus neocaledonicus	1040979	S	1	3	4	0.0011837822
Acidovorax sp. RAC01	1842533	S	4	0	4	0.0011837822
Variovorax sp. PBL-H6	434009	S	1	3	4	0.0011837822
Comamonas koreensis	160825	S	4	0	4	0.0011837822
Polaromonas naphthalenivorans	216465	S	4	0	4	0.0011837822
Limnohabitans sp. 63ED37-2	1678128	S	4	0	4	0.0011837822
Janthinobacterium sp. LM6	1938606	S	4	0	4	0.0011837822
Rhizobacter sp. AJA081-3	2753607	S	4	0	4	0.0011837822
Aquabacterium olei	1296669	S	4	0	4	0.0011837822
Alcaligenes sp. SORT26	2813780	S	1	3	4	0.0011837822
Escherichia coli	562	S	2	2	4	0.0011837822
Providencia rettgeri	587	S	1	3	4	0.0011837822
Methylomonas sp. LL1	2785785	S	4	0	4	0.0011837822
Bradyrhizobium icense	1274631	S	4	0	4	0.0011837822
Agrobacterium tumefaciens	358	S	3	1	4	0.0011837822
Sinorhizobium meliloti	382	S	3	1	4	0.0011837822
Mesorhizobium sp. Pch-S	2082387	S	4	0	4	0.0011837822
Brucella melitensis	29459	S	1	3	4	0.0011837822
Sphingomonas sp. MM-1	745310	S	3	1	4	0.0011837822
Sphingobium sp. RAC03	1843368	S	4	0	4	0.0011837822
Croceicoccus marinus	450378	S	2	2	4	0.0011837822
Syntrophotalea carbinolica	19	S	4	0	4	0.0011837822
Micrococcus luteus	1270	S	3	1	4	0.0011837822
Rhodococcus hoagii	43767	S	4	0	4	0.0011837822
Tsukamurella paurometabola	2061	S	4	0	4	0.0011837822
Collinsella aerofaciens	74426	S	4	0	4	0.0011837822
Lysinibacillus sphaericus	1421	S	3	1	4	0.0011837822
Staphylococcus equorum	246432	S	3	1	4	0.0011837822
Clostridium beijerinckii	1520	S	4	0	4	0.0011837822
Nostoc sp. CENA543	1869241	S	3	1	4	0.0011837822
Cyanobium gracile	59930	S	4	0	4	0.0011837822
Tenacibaculum todarodis	1850252	S	4	0	4	0.0011837822
Chryseobacterium sp. POL2	2713414	S	3	1	4	0.0011837822
Chryseobacterium sp. NEB161	2724619	S	2	2	4	0.0011837822
Chryseobacterium arthrosphaerae	651561	S	3	1	4	0.0011837822
Bernardetia litoralis	999	S	4	0	4	0.0011837822
Phocaeicola vulgatus	821	S	4	0	4	0.0011837822
Chitinophaga pinensis	79329	S	4	0	4	0.0011837822
Urbifossiella limnaea	2528023	S	4	0	4	0.0011837822
Poriferisphaera corsica	2528020	S	4	0	4	0.0011837822
Ralstonia mannitolilytica	105219	S	3	0	3	0.0008878366
Burkholderia gladioli	28095	S	3	0	3	0.0008878366
Cupriavidus metallidurans	119219	S	2	1	3	0.0008878366
Paraburkholderia sp. 7MH5	2547399	S	3	0	3	0.0008878366
Limnobacter sp. SAORIC-580	2732163	S	3	0	3	0.0008878366
Acidovorax avenae	80867	S	3	0	3	0.0008878366
Acidovorax ebreus	721785	S	1	2	3	0.0008878366
Variovorax sp. HW608	1034889	S	3	0	3	0.0008878366
Hydrogenophaga sp. BA0156	2716225	S	3	0	3	0.0008878366
Hydrogenophaga sp. NH-16	2184519	S	1	2	3	0.0008878366
Rhodoferax sp. PAMC29310	2822760	S	3	0	3	0.0008878366
Schlegelella thermodepolymerans	215580	S	3	0	3	0.0008878366
Simplicispira suum	2109915	S	3	0	3	0.0008878366
Kinneretia sp. DAIF2	2714952	S	3	0	3	0.0008878366
Herbaspirillum robiniae	2014887	S	3	0	3	0.0008878366
Duganella sp. GN2-R2	2728020	S	3	0	3	0.0008878366
Duganella sp. AF9R3	2728021	S	3	0	3	0.0008878366
Collimonas fungivorans	158899	S	3	0	3	0.0008878366
Pseudomonas alcaligenes	43263	S	3	0	3	0.0008878366
Pseudomonas protegens	380021	S	3	0	3	0.0008878366
Pseudomonas entomophila	312306	S	3	0	3	0.0008878366
Pseudomonas chlororaphis	587753	S	1	2	3	0.0008878366
Acinetobacter sp. Marseille-Q1620	2714110	S	3	0	3	0.0008878366
Acinetobacter sp. NEB 394	2743575	S	1	2	3	0.0008878366
Psychrobacter sp. DAB_AL43B	1028416	S	3	0	3	0.0008878366
Klebsiella grimontii	2058152	S	2	1	3	0.0008878366
Salmonella enterica	28901	S	2	1	3	0.0008878366
Proteus vulgaris	585	S	2	1	3	0.0008878366
Mannheimia haemolytica	75985	S	3	0	3	0.0008878366
Haemophilus parahaemolyticus	735	S	2	1	3	0.0008878366
Halomonas sp. THAF5a	2587844	S	3	0	3	0.0008878366
Piscirickettsia salmonis	1238	S	3	0	3	0.0008878366
Bradyrhizobium ottawaense	931866	S	1	2	3	0.0008878366
Methylobacterium sp. XJLW	739141	S	1	2	3	0.0008878366
Methylobacterium nodulans	114616	S	3	0	3	0.0008878366
Methylobacterium aquaticum	270351	S	3	0	3	0.0008878366
Microvirga sp. 17 mud 1-3	2082949	S	3	0	3	0.0008878366
Chelatococcus daeguensis	444444	S	2	1	3	0.0008878366
Sphingomonas sp. AAP5	1523415	S	3	0	3	0.0008878366
Sphingomonas sp. FARSPH	2219696	S	2	1	3	0.0008878366
Sphingomonas ginsengisoli An et al. 2013	363835	S	3	0	3	0.0008878366
Sphingomonas hengshuiensis	1609977	S	3	0	3	0.0008878366
Sphingobium amiense	135719	S	2	1	3	0.0008878366
Novosphingobium sp. ES2-1	2780074	S	3	0	3	0.0008878366
Novosphingobium pentaromativorans	205844	S	2	1	3	0.0008878366
Porphyrobacter sp. HT-58-2	2023229	S	3	0	3	0.0008878366
Rhodobacter sp. LPB0142	1850250	S	3	0	3	0.0008878366
Rhodobaca barguzinensis	441209	S	3	0	3	0.0008878366
Azospirillum thermophilum	2202148	S	1	2	3	0.0008878366
Arcobacter nitrofigilis	28199	S	3	0	3	0.0008878366
Helicobacter pylori	210	S	3	0	3	0.0008878366
Corallococcus macrosporus	35	S	2	1	3	0.0008878366
Desulfosarcina widdelii	947919	S	3	0	3	0.0008878366
Microlunatus soli	630515	S	3	0	3	0.0008878366
Microbacterium sp. PM5	2014534	S	3	0	3	0.0008878366
Microbacterium sp. 1S1	2606451	S	2	1	3	0.0008878366
Microbacterium testaceum	2033	S	3	0	3	0.0008878366
Kocuria palustris	71999	S	3	0	3	0.0008878366
Paenarthrobacter sp. YJN-D	2735317	S	3	0	3	0.0008878366
Janibacter indicus	857417	S	1	2	3	0.0008878366
Rhodococcus sp. BH4	1807790	S	1	2	3	0.0008878366
Streptomyces lydicus	47763	S	3	0	3	0.0008878366
Amycolatopsis albispora	1804986	S	3	0	3	0.0008878366
Nakamurella multipartita	53461	S	3	0	3	0.0008878366
Bacillus sp. TK-2	2801342	S	2	1	3	0.0008878366
Staphylococcus hominis	1290	S	3	0	3	0.0008878366
Streptococcus thermophilus	1308	S	3	0	3	0.0008878366
Limosilactobacillus reuteri	1598	S	3	0	3	0.0008878366
Clostridium perfringens	1502	S	3	0	3	0.0008878366
Finegoldia magna	1260	S	2	1	3	0.0008878366
Oscillatoria nigro-viridis	482564	S	3	0	3	0.0008878366
Spiroplasma monobiae	2136	S	3	0	3	0.0008878366
Flavobacterium psychrophilum	96345	S	3	0	3	0.0008878366
Flavobacterium sangjuense	2518177	S	3	0	3	0.0008878366
Urechidicola croceus	1850246	S	3	0	3	0.0008878366
Chryseobacterium carnipullorum	1124835	S	3	0	3	0.0008878366
Spirosoma pollinicola	2057025	S	3	0	3	0.0008878366
Hymenobacter nivis	1850093	S	3	0	3	0.0008878366
Pedobacter sp. HDW13	2714940	S	3	0	3	0.0008878366
Sphingobacterium spiritivorum	258	S	2	1	3	0.0008878366
Paraflavitalea soli	2315862	S	3	0	3	0.0008878366
Maioricimonas rarisocia	2528026	S	3	0	3	0.0008878366
Borreliella burgdorferi	139	S	3	0	3	0.0008878366
Leptospira interrogans	173	S	3	0	3	0.0008878366
Fusobacterium hwasookii	1583098	S	2	1	3	0.0008878366
Nitrosopumilus piranensis	1582439	S	2	1	3	0.0008878366
Ralstonia insidiosa	190721	S	2	0	2	0.0005918911
Burkholderia cepacia	292	S	1	1	2	0.0005918911
Burkholderia sp. BDU6	1385591	S	2	0	2	0.0005918911
Burkholderia sp. KK1	1855726	S	2	0	2	0.0005918911
Burkholderia plantarii	41899	S	2	0	2	0.0005918911
Variovorax sp. PAMC28562	2762323	S	2	0	2	0.0005918911
Comamonas serinivorans	1082851	S	2	0	2	0.0005918911
Comamonas thiooxydans	363952	S	1	1	2	0.0005918911
Delftia sp. Cs1-4	742013	S	1	1	2	0.0005918911
Delftia sp. HK171	1920191	S	1	1	2	0.0005918911
Delftia tsuruhatensis	180282	S	1	1	2	0.0005918911
Diaphorobacter polyhydroxybutyrativorans	1546149	S	1	1	2	0.0005918911
Hydrogenophaga sp. PBL-H3	434010	S	2	0	2	0.0005918911
Hydrogenophaga sp. PAMC20947	2565558	S	2	0	2	0.0005918911
Hydrogenophaga sp. YM1	2806262	S	2	0	2	0.0005918911
Rhodoferax antarcticus	81479	S	2	0	2	0.0005918911
Rhodoferax koreense	1842727	S	2	0	2	0.0005918911
Polaromonas sp. JS666	296591	S	2	0	2	0.0005918911
Ramlibacter tataouinensis	94132	S	2	0	2	0.0005918911
Curvibacter sp. AEP1-3	1844971	S	2	0	2	0.0005918911
Janthinobacterium agaricidamnosum	55508	S	2	0	2	0.0005918911
Janthinobacterium tructae	2590869	S	2	0	2	0.0005918911
Massilia sp. Dwa41.01b	2709302	S	1	1	2	0.0005918911
Massilia putida	1141883	S	2	0	2	0.0005918911
Bordetella flabilis	463014	S	2	0	2	0.0005918911
Sutterella megalosphaeroides	2494234	S	2	0	2	0.0005918911
Neisseria sp. oral taxon 014	641148	S	1	1	2	0.0005918911
Methyloversatilis sp. RAC08	1842540	S	2	0	2	0.0005918911
Sulfuriferula sp. AH1	1985873	S	1	1	2	0.0005918911
Candidatus Accumulibacter phosphatis	327160	S	2	0	2	0.0005918911
Pseudomonas sp. S150	2559074	S	1	1	2	0.0005918911
Pseudomonas oryzae	1392877	S	2	0	2	0.0005918911
Pseudomonas versuta	1788301	S	2	0	2	0.0005918911
Pseudomonas rhizosphaerae	216142	S	2	0	2	0.0005918911
Acinetobacter sp. C16S1	2609668	S	2	0	2	0.0005918911
Acinetobacter haemolyticus	29430	S	2	0	2	0.0005918911
Acinetobacter indicus	756892	S	2	0	2	0.0005918911
Moraxella nonliquefaciens	478	S	2	0	2	0.0005918911
Psychrobacter urativorans	45610	S	2	0	2	0.0005918911
Citrobacter portucalensis	1639133	S	1	1	2	0.0005918911
Enterobacter cloacae	550	S	2	0	2	0.0005918911
Enterobacter hormaechei	158836	S	1	1	2	0.0005918911
Morganella morganii	582	S	2	0	2	0.0005918911
Pantoea agglomerans	549	S	2	0	2	0.0005918911
Serratia fonticola	47917	S	1	1	2	0.0005918911
Xanthomonas sp. GW	2724121	S	2	0	2	0.0005918911
Lysobacter oculi	2698682	S	2	0	2	0.0005918911
Stenotrophomonas sp. CW117	2775920	S	1	1	2	0.0005918911
Pseudoxanthomonas spadix	415229	S	2	0	2	0.0005918911
Dyella sp. G9	2763498	S	2	0	2	0.0005918911
Vibrio owensii	696485	S	2	0	2	0.0005918911
Vibrio metschnikovii	28172	S	2	0	2	0.0005918911
Marinobacter fonticola	2603215	S	2	0	2	0.0005918911
Marinomonas sp. MWYL1	400668	S	1	1	2	0.0005918911
Endozoicomonas montiporae	1027273	S	2	0	2	0.0005918911
Coxiella burnetii	777	S	2	0	2	0.0005918911
Aeromonas sp. ASNIH5	1758179	S	1	1	2	0.0005918911
Aeromonas hydrophila	644	S	2	0	2	0.0005918911
Oceanisphaera avium	1903694	S	2	0	2	0.0005918911
Rheinheimera sp. D18	2545632	S	1	1	2	0.0005918911
Marichromatium purpuratum	37487	S	2	0	2	0.0005918911
Guyparkeria halophila	47960	S	2	0	2	0.0005918911
Bradyrhizobium sp. 1(2017)	1404888	S	2	0	2	0.0005918911
Bradyrhizobium paxllaeri	190148	S	2	0	2	0.0005918911
Bradyrhizobium erythrophlei	1437360	S	2	0	2	0.0005918911
Bradyrhizobium lablabi	722472	S	2	0	2	0.0005918911
Bradyrhizobium japonicum	375	S	2	0	2	0.0005918911
Bradyrhizobium diazoefficiens	1355477	S	2	0	2	0.0005918911
Bosea sp. RAC05	1842539	S	2	0	2	0.0005918911
Rhizobium leguminosarum	384	S	2	0	2	0.0005918911
Rhizobium daejeonense	240521	S	1	1	2	0.0005918911
Mesorhizobium sp. M9A.F.Ca.ET.002.03.1.2	2493668	S	2	0	2	0.0005918911
Mesorhizobium sp. M2A.F.Ca.ET.046.03.2.1	2493674	S	1	1	2	0.0005918911
Aminobacter sp. SR38	2774562	S	1	1	2	0.0005918911
Hyphomicrobium nitrativorans	1427356	S	2	0	2	0.0005918911
Devosia sp. A16	1736675	S	2	0	2	0.0005918911
Labrenzia sp. PHM005	2590016	S	2	0	2	0.0005918911
Pannonibacter phragmitetus	121719	S	2	0	2	0.0005918911
Ochrobactrum sp. EEELCW01	2696486	S	1	1	2	0.0005918911
Sphingomonas sp. C33	2698679	S	2	0	2	0.0005918911
Sphingomonas koreensis	93064	S	2	0	2	0.0005918911
Sphingomonas insulae	424800	S	2	0	2	0.0005918911
Sphingomonas panacisoli	1813879	S	2	0	2	0.0005918911
Sphingomonas melonis	152682	S	1	1	2	0.0005918911
Sphingopyxis sp. QXT-31	1357916	S	2	0	2	0.0005918911
Sphingopyxis sp. FD7	1914525	S	2	0	2	0.0005918911
Sphingopyxis sp. OPL5	2486273	S	2	0	2	0.0005918911
Sphingopyxis sp. MG	1866325	S	1	1	2	0.0005918911
Sphingopyxis macrogoltabida	33050	S	2	0	2	0.0005918911
Erythrobacter sp. 6D36	2782568	S	2	0	2	0.0005918911
Altererythrobacter sp. TH136	2067415	S	2	0	2	0.0005918911
Pelagerythrobacter marensis	543877	S	2	0	2	0.0005918911
Paracoccus sanguinis	1545044	S	2	0	2	0.0005918911
Paracoccus mutanolyticus	1499308	S	1	1	2	0.0005918911
Rhodovulum sp. P5	1564506	S	2	0	2	0.0005918911
Brevundimonas sp. DS20	1532555	S	1	1	2	0.0005918911
Brevundimonas sp. GW460-12-10-14-LB2	1827469	S	1	1	2	0.0005918911
Brevundimonas sp. Bb-A	2560058	S	1	1	2	0.0005918911
Caulobacter flavus	1679497	S	2	0	2	0.0005918911
Caulobacter sp. FWC26	69665	S	2	0	2	0.0005918911
Magnetospirillum magneticum	84159	S	2	0	2	0.0005918911
Roseomonas sp. 546	2768162	S	2	0	2	0.0005918911
Phreatobacter cathodiphilus	1868589	S	2	0	2	0.0005918911
Arcobacter ellisii	913109	S	2	0	2	0.0005918911
Aliarcobacter cibarius	255507	S	2	0	2	0.0005918911
Campylobacter concisus	199	S	2	0	2	0.0005918911
Nautilia profundicola	244787	S	2	0	2	0.0005918911
Pyxidicoccus sp. SCPEA002	2813578	S	2	0	2	0.0005918911
Anaeromyxobacter sp. Fw109-5	404589	S	2	0	2	0.0005918911
Pseudodesulfovibrio profundus	57320	S	1	1	2	0.0005918911
Bdellovibrio bacteriovorus	959	S	2	0	2	0.0005918911
Nocardioides sp. S5	2017486	S	2	0	2	0.0005918911
Nocardioides sp. HDW12B	2714939	S	2	0	2	0.0005918911
Microbacterium sp. Se63.02b	2709304	S	2	0	2	0.0005918911
Microbacterium schleiferi	69362	S	2	0	2	0.0005918911
Microbacterium oxydans	82380	S	2	0	2	0.0005918911
Microbacterium foliorum	104336	S	2	0	2	0.0005918911
Leucobacter triazinivorans	1784719	S	1	1	2	0.0005918911
Arthrobacter sp. YC-RL1	1652545	S	2	0	2	0.0005918911
Arthrobacter alpinus	656366	S	2	0	2	0.0005918911
Renibacterium salmoninarum	1646	S	2	0	2	0.0005918911
Brevibacterium casei	33889	S	2	0	2	0.0005918911
Haloactinobacterium sp. HY164	2675754	S	2	0	2	0.0005918911
Rhodococcus ruber	1830	S	2	0	2	0.0005918911
Rhodococcus erythropolis	1833	S	1	1	2	0.0005918911
Nocardia arthritidis	228602	S	2	0	2	0.0005918911
Mycobacterium sp. EPa45	1545728	S	2	0	2	0.0005918911
Mycobacterium paragordonae	1389713	S	2	0	2	0.0005918911
Mycobacterium dioxanotrophicus	482462	S	2	0	2	0.0005918911
Corynebacterium terpenotabidum	89154	S	2	0	2	0.0005918911
Corynebacterium kefirresidentii	1979527	S	1	1	2	0.0005918911
Gordonia bronchialis	2054	S	2	0	2	0.0005918911
Streptomyces sp. endophyte_N2	2153485	S	2	0	2	0.0005918911
Streptomyces sp. ZYC-3	2797636	S	2	0	2	0.0005918911
Streptomyces sp. NA02950	2742137	S	2	0	2	0.0005918911
Streptomyces vinaceus	1960	S	2	0	2	0.0005918911
Streptomyces cattleya	29303	S	2	0	2	0.0005918911
Amycolatopsis mediterranei	33910	S	2	0	2	0.0005918911
Pseudonocardia autotrophica	2074	S	2	0	2	0.0005918911
Pseudonocardia sp. CGMCC 4.1532	2761535	S	2	0	2	0.0005918911
Pseudonocardia broussonetiae	2736640	S	2	0	2	0.0005918911
Kutzneria albida	43357	S	2	0	2	0.0005918911
Micromonospora sp. WMMA2032	2039870	S	2	0	2	0.0005918911
Micromonospora echinofusca	47858	S	2	0	2	0.0005918911
Jatrophihabitans sp. GAS493	1907575	S	2	0	2	0.0005918911
Rubrobacter sp. SCSIO 52909	2653851	S	2	0	2	0.0005918911
Ilumatobacter coccineus	467094	S	2	0	2	0.0005918911
Euzebya sp. DY32-46	1608957	S	2	0	2	0.0005918911
Bacillus inaquosorum	483913	S	1	1	2	0.0005918911
Virgibacillus halodenitrificans	1482	S	2	0	2	0.0005918911
Staphylococcus capitis	29388	S	2	0	2	0.0005918911
Staphylococcus lloydii	2781774	S	2	0	2	0.0005918911
[Micrococcus] candicans	946432	S	2	0	2	0.0005918911
Planococcus donghaensis	414778	S	2	0	2	0.0005918911
Gemella haemolysans	1379	S	2	0	2	0.0005918911
Streptococcus oralis	1303	S	2	0	2	0.0005918911
Lactococcus lactis	1358	S	2	0	2	0.0005918911
Lactococcus cremoris	1359	S	2	0	2	0.0005918911
Lactobacillus delbrueckii	1584	S	2	0	2	0.0005918911
Lacticaseibacillus manihotivorans	88233	S	2	0	2	0.0005918911
Leuconostoc pseudomesenteroides	33968	S	2	0	2	0.0005918911
Enterococcus faecalis	1351	S	2	0	2	0.0005918911
Clostridium sp. DL-VIII	641107	S	2	0	2	0.0005918911
Clostridium novyi	1542	S	2	0	2	0.0005918911
Clostridium carboxidivorans	217159	S	2	0	2	0.0005918911
Clostridium argentinense	29341	S	2	0	2	0.0005918911
Clostridium scatologenes	1548	S	2	0	2	0.0005918911
Coprococcus catus	116085	S	2	0	2	0.0005918911
Romboutsia hominis	1507512	S	2	0	2	0.0005918911
Monoglobus pectinilyticus	1981510	S	2	0	2	0.0005918911
Caldicellulosiruptor sp. YA01	2806205	S	1	1	2	0.0005918911
Schnuerera ultunensis	45497	S	2	0	2	0.0005918911
Erysipelothrix inopinata	225084	S	1	1	2	0.0005918911
Calothrix parasitica	1973486	S	2	0	2	0.0005918911
Scytonema sp. HK-05	1137095	S	2	0	2	0.0005918911
Gloeomargarita lithophora	1188228	S	2	0	2	0.0005918911
Mycoplasma sp. Mirounga ES2805-ORL	754514	S	2	0	2	0.0005918911
Mycoplasma crocodyli	50052	S	2	0	2	0.0005918911
Spiroplasma taiwanense	2145	S	2	0	2	0.0005918911
Roseiflexus castenholzii	120962	S	2	0	2	0.0005918911
Flavobacterium sp. Sr18	935222	S	2	0	2	0.0005918911
Flavobacterium sp. LPB0248	2614441	S	1	1	2	0.0005918911
Flavobacterium johnsoniae	986	S	2	0	2	0.0005918911
Flavobacterium faecale	1355330	S	2	0	2	0.0005918911
Tenacibaculum sp. SZ-18	754423	S	2	0	2	0.0005918911
Tenacibaculum sp. DSM 106434	2358479	S	2	0	2	0.0005918911
Polaribacter reichenbachii	996801	S	2	0	2	0.0005918911
Lacinutrix sp. 5H-3-7-4	983544	S	2	0	2	0.0005918911
Algibacter sp. L3A6	2686366	S	2	0	2	0.0005918911
Nonlabens marinus	930802	S	2	0	2	0.0005918911
Gillisia sp. Hel1_33_143	1336796	S	2	0	2	0.0005918911
Maribacter sp. T28	1836467	S	2	0	2	0.0005918911
Chryseobacterium sp. JV274	1932669	S	2	0	2	0.0005918911
Chryseobacterium joostei	112234	S	2	0	2	0.0005918911
Chryseobacterium aureum	2497456	S	2	0	2	0.0005918911
Chryseobacterium lactis	1241981	S	1	1	2	0.0005918911
Epilithonimonas vandammei	2487072	S	1	1	2	0.0005918911
Ornithobacterium rhinotracheale	28251	S	2	0	2	0.0005918911
Blattabacterium cuenoti	1653831	S	2	0	2	0.0005918911
Ichthyobacterium seriolicida	242600	S	2	0	2	0.0005918911
Spirosoma sp. PL0136	2710596	S	2	0	2	0.0005918911
Spirosoma montaniterrae	1178516	S	2	0	2	0.0005918911
Spirosoma endbachense	2666025	S	1	1	2	0.0005918911
Hymenobacter sp. S2-20-2	2761579	S	2	0	2	0.0005918911
Hymenobacter swuensis	1446467	S	2	0	2	0.0005918911
Flammeovirga sp. MY04	1191459	S	2	0	2	0.0005918911
Marivirga tractuosa	1006	S	2	0	2	0.0005918911
Pedobacter sp. PACM 27299	1727164	S	2	0	2	0.0005918911
Pedobacter sp. G11	2482728	S	2	0	2	0.0005918911
Pedobacter suwonensis	332999	S	2	0	2	0.0005918911
Sphingobacterium thalpophilum	259	S	1	1	2	0.0005918911
Sphingobacterium lactis	797291	S	1	1	2	0.0005918911
Mucilaginibacter paludis	423351	S	2	0	2	0.0005918911
Mucilaginibacter mallensis	652787	S	2	0	2	0.0005918911
Mucilaginibacter mali	2740462	S	2	0	2	0.0005918911
Bacteroides caccae	47678	S	2	0	2	0.0005918911
Bacteroides sp. A1C1	2528203	S	1	1	2	0.0005918911
Prevotella intermedia	28131	S	2	0	2	0.0005918911
Draconibacterium sp. M1	2706887	S	2	0	2	0.0005918911
Labilibaculum antarcticum	1717717	S	2	0	2	0.0005918911
Chitinophaga sp. MD30	2033437	S	2	0	2	0.0005918911
Chitinophaga alhagiae	2203219	S	2	0	2	0.0005918911
Gemmatimonas sp. TET16	2732249	S	2	0	2	0.0005918911
Pirellula sp. SH-Sr6A	1632865	S	2	0	2	0.0005918911
Anatilimnocola aggregata	2528021	S	2	0	2	0.0005918911
Roseimicrobium sp. ORNL1	2711231	S	2	0	2	0.0005918911
Opitutus terrae	107709	S	2	0	2	0.0005918911
Treponema parvum	138851	S	2	0	2	0.0005918911
Salinispira pacifica	1307761	S	2	0	2	0.0005918911
Oceanispirochaeta crateris	2518645	S	2	0	2	0.0005918911
Fusobacterium gonidiaformans	849	S	2	0	2	0.0005918911
Fusobacterium sp. NSJ-57	2764326	S	2	0	2	0.0005918911
Ilyobacter polytropus	167642	S	2	0	2	0.0005918911
Nitrospira japonica	1325564	S	2	0	2	0.0005918911
Fretibacterium fastidiosum	651822	S	2	0	2	0.0005918911
Methanosarcina flavescens	1715806	S	1	1	2	0.0005918911
Methanosarcina sp. WWM596	1434103	S	1	1	2	0.0005918911
Halarchaeum sp. CBA1220	1853682	S	2	0	2	0.0005918911
Candidatus Nitrosocosmicus franklandus	1798806	S	2	0	2	0.0005918911
Candidatus Prometheoarchaeum syntrophicum	2594042	S	2	0	2	0.0005918911
Flavobacterium phage vB_FspS_snusmum6-1	2686273	S	1	1	2	0.0005918911
Human gammaherpesvirus 4	10376	S	2	0	2	0.0005918911
Ralstonia pickettii	329	S	1	0	1	0.0002959455
Burkholderia pseudomallei	28450	S	1	0	1	0.0002959455
Burkholderia sp. BDU8	1385592	S	1	0	1	0.0002959455
Burkholderia sp. MSMB0856	1637869	S	1	0	1	0.0002959455
Burkholderia glumae	337	S	1	0	1	0.0002959455
Cupriavidus basilensis	68895	S	1	0	1	0.0002959455
Cupriavidus necator	106590	S	1	0	1	0.0002959455
Paraburkholderia tropica	92647	S	1	0	1	0.0002959455
Paraburkholderia caffeinilytica	1761016	S	1	0	1	0.0002959455
Paraburkholderia megapolitana	420953	S	1	0	1	0.0002959455
Polynucleobacter difficilis	556054	S	1	0	1	0.0002959455
Polynucleobacter necessarius	576610	S	1	0	1	0.0002959455
Polynucleobacter sp. LimPoW16	1743162	S	1	0	1	0.0002959455
Pandoraea pulmonicola	93221	S	1	0	1	0.0002959455
Pandoraea fibrosis	1891094	S	1	0	1	0.0002959455
Acidovorax sp. HDW3	2714923	S	1	0	1	0.0002959455
Variovorax sp. RA8	662548	S	1	0	1	0.0002959455
Comamonas kerstersii	225992	S	1	0	1	0.0002959455
Comamonas sp. NLF-7-7	2597701	S	1	0	1	0.0002959455
Hydrogenophaga sp. PBC	795665	S	1	0	1	0.0002959455
Hydrogenophaga sp. RAC07	1842537	S	1	0	1	0.0002959455
Hydrogenophaga crassostreae	1763535	S	1	0	1	0.0002959455
Rhodoferax sp. BAB1	2741720	S	1	0	1	0.0002959455
Rhodoferax sp. AJA081-3	2752316	S	1	0	1	0.0002959455
Rhodoferax ferrireducens	192843	S	1	0	1	0.0002959455
Rhodoferax saidenbachensis	1484693	S	1	0	1	0.0002959455
Rhodoferax sediminis	2509614	S	1	0	1	0.0002959455
Limnohabitans sp. 103DPR2	1678129	S	1	0	1	0.0002959455
Ottowia sp. oral taxon 894	1658672	S	1	0	1	0.0002959455
Ottowia sp. 27C	2816950	S	1	0	1	0.0002959455
Ottowia oryzae	2109914	S	1	0	1	0.0002959455
Serpentinomonas mccroryi	1458426	S	1	0	1	0.0002959455
Hylemonella gracilis	80880	S	1	0	1	0.0002959455
Alicycliphilus denitrificans	179636	S	1	0	1	0.0002959455
Janthinobacterium lividum	29581	S	1	0	1	0.0002959455
Janthinobacterium svalbardensis	368607	S	1	0	1	0.0002959455
Massilia albidiflava	321983	S	1	0	1	0.0002959455
Massilia armeniaca	2072590	S	1	0	1	0.0002959455
Herbaspirillum seropedicae	964	S	1	0	1	0.0002959455
Collimonas arenae	279058	S	1	0	1	0.0002959455
Rhizobacter gummiphilus	946333	S	1	0	1	0.0002959455
Thiomonas intermedia	926	S	1	0	1	0.0002959455
Thiomonas arsenitoxydans	426114	S	1	0	1	0.0002959455
Sphaerotilus natans	34103	S	1	0	1	0.0002959455
Roseateles depolymerans	76731	S	1	0	1	0.0002959455
Methylibium sp. Pch-M	2082386	S	1	0	1	0.0002959455
Achromobacter sp. AONIH1	1758194	S	1	0	1	0.0002959455
Achromobacter sp. B7	2282475	S	1	0	1	0.0002959455
Achromobacter spanius	217203	S	1	0	1	0.0002959455
Achromobacter insolitus	217204	S	1	0	1	0.0002959455
Achromobacter deleyi	1353891	S	1	0	1	0.0002959455
Bordetella bronchiseptica	518	S	1	0	1	0.0002959455
Bordetella petrii	94624	S	1	0	1	0.0002959455
Bordetella bronchialis	463025	S	1	0	1	0.0002959455
Bordetella genomosp. 13	463040	S	1	0	1	0.0002959455
Pelistega ratti	2652177	S	1	0	1	0.0002959455
Pigmentiphaga sp. H8	2488560	S	1	0	1	0.0002959455
Advenella mimigardefordensis	302406	S	1	0	1	0.0002959455
Neisseria shayeganii	607712	S	1	0	1	0.0002959455
Neisseria animaloris	326522	S	1	0	1	0.0002959455
Neisseria weaveri	28091	S	1	0	1	0.0002959455
Vitreoscilla filiformis	63	S	1	0	1	0.0002959455
Microvirgula aerodenitrificans	57480	S	1	0	1	0.0002959455
Chromobacterium rhizoryzae	1778675	S	1	0	1	0.0002959455
Sterolibacterium denitrificans	157592	S	1	0	1	0.0002959455
Sulfuritalea hydrogenivorans	748811	S	1	0	1	0.0002959455
Methylobacillus flagellatus	405	S	1	0	1	0.0002959455
Candidatus Methylopumilus universalis	2588536	S	1	0	1	0.0002959455
Sulfuricella denitrificans	649841	S	1	0	1	0.0002959455
Usitatibacter palustris	2732487	S	1	0	1	0.0002959455
Aromatoleum aromaticum	551760	S	1	0	1	0.0002959455
Rugosibacter aromaticivorans	1565605	S	1	0	1	0.0002959455
Azoarcus olearius	418699	S	1	0	1	0.0002959455
Azoarcus sp. DD4	2027405	S	1	0	1	0.0002959455
Pseudomonas sp. CC6-YY-74	1930532	S	1	0	1	0.0002959455
Pseudomonas sp. DY-1	1755504	S	1	0	1	0.0002959455
Pseudomonas sp. StFLB209	1028989	S	1	0	1	0.0002959455
Pseudomonas sp. gcc21	2726989	S	1	0	1	0.0002959455
Pseudomonas sp. S-6-2	1931241	S	1	0	1	0.0002959455
Pseudomonas sp. M30-35	1981174	S	1	0	1	0.0002959455
Pseudomonas mendocina	300	S	1	0	1	0.0002959455
Pseudomonas resinovorans	53412	S	1	0	1	0.0002959455
Pseudomonas multiresinivorans	95301	S	1	0	1	0.0002959455
Pseudomonas oryzihabitans	47885	S	1	0	1	0.0002959455
Pseudomonas granadensis	1421430	S	1	0	1	0.0002959455
Pseudomonas extremaustralis	359110	S	1	0	1	0.0002959455
Pseudomonas psychrotolerans	237610	S	1	0	1	0.0002959455
Acinetobacter seifertii	1530123	S	1	0	1	0.0002959455
Acinetobacter sp. MYb10	1827285	S	1	0	1	0.0002959455
Acinetobacter schindleri	108981	S	1	0	1	0.0002959455
Acinetobacter towneri	202956	S	1	0	1	0.0002959455
Acinetobacter baylyi	202950	S	1	0	1	0.0002959455
Acinetobacter ursingii	108980	S	1	0	1	0.0002959455
Acinetobacter guillouiae	106649	S	1	0	1	0.0002959455
Acinetobacter lwoffii	28090	S	1	0	1	0.0002959455
Acinetobacter venetianus	52133	S	1	0	1	0.0002959455
Acinetobacter radioresistens	40216	S	1	0	1	0.0002959455
Moraxella cuniculi	34061	S	1	0	1	0.0002959455
Citrobacter pasteurii	1563222	S	1	0	1	0.0002959455
Escherichia marmotae	1499973	S	1	0	1	0.0002959455
Enterobacteriaceae endosymbiont of Donacia crassipes	2675776	S	1	0	1	0.0002959455
Enterobacteriaceae endosymbiont of Donacia dentata	2675777	S	1	0	1	0.0002959455
Enterobacteriaceae endosymbiont of Neohaemonia nigricornis	2675792	S	1	0	1	0.0002959455
Enterobacteriaceae endosymbiont of Donacia tomentosa	2675787	S	1	0	1	0.0002959455
Blochmannia endosymbiont of Camponotus (Colobopsis) obliquus	1505597	S	1	0	1	0.0002959455
Candidatus Tachikawaea gelatinosa	1410383	S	1	0	1	0.0002959455
Cedecea neteri	158822	S	1	0	1	0.0002959455
Phytobacter ursingii	1972431	S	1	0	1	0.0002959455
Leclercia sp. 4-9-1-25	2815358	S	1	0	1	0.0002959455
Kluyvera intermedia	61648	S	1	0	1	0.0002959455
Providencia vermicola	333965	S	1	0	1	0.0002959455
Providencia sneebia	516075	S	1	0	1	0.0002959455
Proteus mirabilis	584	S	1	0	1	0.0002959455
Xenorhabdus bovienii	40576	S	1	0	1	0.0002959455
Xenorhabdus doucetiae	351671	S	1	0	1	0.0002959455
Arsenophonus endosymbiont of Aphis craccivora	1231049	S	1	0	1	0.0002959455
Candidatus Erwinia haradaeae	1922217	S	1	0	1	0.0002959455
Serratia grimesii	82995	S	1	0	1	0.0002959455
Rahnella aquatilis	34038	S	1	0	1	0.0002959455
Rahnella sp. ERMR1:05	1805933	S	1	0	1	0.0002959455
Chania multitudinisentens	1639108	S	1	0	1	0.0002959455
Nissabacter sp. SGAir0207	2126321	S	1	0	1	0.0002959455
Pectobacterium brasiliense	180957	S	1	0	1	0.0002959455
Xanthomonas albilineans	29447	S	1	0	1	0.0002959455
Xanthomonas citri	346	S	1	0	1	0.0002959455
Lysobacter gummosus	262324	S	1	0	1	0.0002959455
Lysobacter maris	1605891	S	1	0	1	0.0002959455
Lysobacter sp. TY2-98	2290922	S	1	0	1	0.0002959455
Stenotrophomonas sp. SXG-1	2682487	S	1	0	1	0.0002959455
Stenotrophomonas sp. 364	2691571	S	1	0	1	0.0002959455
Stenotrophomonas acidaminiphila	128780	S	1	0	1	0.0002959455
Stenotrophomonas rhizophila	216778	S	1	0	1	0.0002959455
Pseudoxanthomonas mexicana	128785	S	1	0	1	0.0002959455
Luteimonas sp. YGD11-2	2508168	S	1	0	1	0.0002959455
Thermomonas sp. SY21	2202149	S	1	0	1	0.0002959455
Arenimonas daejeonensis	370777	S	1	0	1	0.0002959455
Dyella japonica	231455	S	1	0	1	0.0002959455
Rhodanobacter denitrificans	666685	S	1	0	1	0.0002959455
Aerosticca soli	2010829	S	1	0	1	0.0002959455
Mannheimia varigena	85404	S	1	0	1	0.0002959455
Glaesserella sp. 15-184	2030797	S	1	0	1	0.0002959455
Vibrio parahaemolyticus	670	S	1	0	1	0.0002959455
Vibrio sp. ZWAL4003	2711221	S	1	0	1	0.0002959455
Vibrio sp. THAF190c	2587865	S	1	0	1	0.0002959455
Vibrio ponticus	265668	S	1	0	1	0.0002959455
Vibrio aquimaris	2587862	S	1	0	1	0.0002959455
Vibrio taketomensis	2572923	S	1	0	1	0.0002959455
Vibrio spartinae	1918945	S	1	0	1	0.0002959455
Vibrio alfacsensis	1074311	S	1	0	1	0.0002959455
Vibrio casei	673372	S	1	0	1	0.0002959455
Vibrio crassostreae	246167	S	1	0	1	0.0002959455
Vibrio vulnificus	672	S	1	0	1	0.0002959455
Vibrio gazogenes	687	S	1	0	1	0.0002959455
Vibrio cyclitrophicus	47951	S	1	0	1	0.0002959455
Aliivibrio salmonicida	40269	S	1	0	1	0.0002959455
Paraphotobacterium marinum	1755811	S	1	0	1	0.0002959455
Marinobacter psychrophilus	330734	S	1	0	1	0.0002959455
Marinobacter salarius	1420917	S	1	0	1	0.0002959455
Alteromonas macleodii	28108	S	1	0	1	0.0002959455
Alteromonas pelagimontana	1858656	S	1	0	1	0.0002959455
Paraglaciecola psychrophila	326544	S	1	0	1	0.0002959455
Paraglaciecola sp. L1A13	2686359	S	1	0	1	0.0002959455
Agarivorans gilvus	680279	S	1	0	1	0.0002959455
Salinimonas sediminis	2303538	S	1	0	1	0.0002959455
Catenovulum sp. CCB-QB4	2172099	S	1	0	1	0.0002959455
Pseudoalteromonas piratica	1348114	S	1	0	1	0.0002959455
Pseudoalteromonas arabiensis	874454	S	1	0	1	0.0002959455
Pseudoalteromonas spongiae	298657	S	1	0	1	0.0002959455
Shewanella benthica	43661	S	1	0	1	0.0002959455
Shewanella decolorationis	256839	S	1	0	1	0.0002959455
Shewanella halifaxensis	271098	S	1	0	1	0.0002959455
Shewanella woodyi	60961	S	1	0	1	0.0002959455
Shewanella baltica	62322	S	1	0	1	0.0002959455
Shewanella oneidensis	70863	S	1	0	1	0.0002959455
Idiomarina piscisalsi	1096243	S	1	0	1	0.0002959455
Psychromonas ingrahamii	357794	S	1	0	1	0.0002959455
Psychromonas sp. CNPT3	314282	S	1	0	1	0.0002959455
Colwellia sp. PAMC 20917	1816218	S	1	0	1	0.0002959455
Moritella marina	90736	S	1	0	1	0.0002959455
Halomonas sp. THAF12	2587849	S	1	0	1	0.0002959455
Halomonas sp. BC-M4-5	2497861	S	1	0	1	0.0002959455
Halomonas piezotolerans	2609667	S	1	0	1	0.0002959455
Halomonas subglaciescola	29571	S	1	0	1	0.0002959455
Halomonas chromatireducens	507626	S	1	0	1	0.0002959455
Candidatus Carsonella ruddii	114186	S	1	0	1	0.0002959455
Candidatus Portiera aleyrodidarum	91844	S	1	0	1	0.0002959455
Chromohalobacter salexigens	158080	S	1	0	1	0.0002959455
Neptunomonas phycophila	1572645	S	1	0	1	0.0002959455
Thalassolituus oleivorans	187493	S	1	0	1	0.0002959455
Alcanivorax sp. N3-2A	2014542	S	1	0	1	0.0002959455
Francisella halioticida	549298	S	1	0	1	0.0002959455
Francisella hispaniensis	622488	S	1	0	1	0.0002959455
Francisella adeliensis	2007306	S	1	0	1	0.0002959455
Francisella marina	2249302	S	1	0	1	0.0002959455
Allofrancisella inopinata	1085647	S	1	0	1	0.0002959455
Hydrogenovibrio marinus	28885	S	1	0	1	0.0002959455
Hydrogenovibrio thermophilus	265883	S	1	0	1	0.0002959455
Thiothrix sp.	1032	S	1	0	1	0.0002959455
Legionella sp. PC1000	2746060	S	1	0	1	0.0002959455
Legionella anisa	28082	S	1	0	1	0.0002959455
Legionella geestiana	45065	S	1	0	1	0.0002959455
Candidatus Coxiella mudrowiae	2054173	S	1	0	1	0.0002959455
Aeromonas sp. CA23	2033032	S	1	0	1	0.0002959455
Aeromonas jandaei	650	S	1	0	1	0.0002959455
Candidatus Thiodictyon syntrophicum	1166950	S	1	0	1	0.0002959455
Acidihalobacter yilgarnenesis	2819280	S	1	0	1	0.0002959455
Methylovulum psychrotolerans	1704499	S	1	0	1	0.0002959455
Simiduia agarivorans	447471	S	1	0	1	0.0002959455
Microbulbifer thermotolerans	252514	S	1	0	1	0.0002959455
Bathymodiolus thermophilus thioautotrophic gill symbiont	2360	S	1	0	1	0.0002959455
Sulfurifustis variabilis	1675686	S	1	0	1	0.0002959455
Bradyrhizobium sp. ORS 285	115808	S	1	0	1	0.0002959455
Bradyrhizobium sp. BTAi1	288000	S	1	0	1	0.0002959455
Bradyrhizobium sp. CCBAU 51753	1325100	S	1	0	1	0.0002959455
Bradyrhizobium sp. SK17	2057741	S	1	0	1	0.0002959455
Bradyrhizobium sp.	376	S	1	0	1	0.0002959455
Bradyrhizobium amphicarpaeae	1404768	S	1	0	1	0.0002959455
Bosea sp. PAMC 26642	1792307	S	1	0	1	0.0002959455
Bosea sp. Tri-49	1867715	S	1	0	1	0.0002959455
Bosea sp. F3-2	2599640	S	1	0	1	0.0002959455
Bosea vaviloviae	1526658	S	1	0	1	0.0002959455
Afipia sp. GAS231	1882747	S	1	0	1	0.0002959455
Rhizobium oryzihabitans	2267833	S	1	0	1	0.0002959455
Agrobacterium sp. RAC06	1842536	S	1	0	1	0.0002959455
Sinorhizobium sp. RAC02	1842534	S	1	0	1	0.0002959455
Ensifer adhaerens	106592	S	1	0	1	0.0002959455
Ensifer alkalisoli	1752398	S	1	0	1	0.0002959455
Ensifer sp. PDNC004	2811423	S	1	0	1	0.0002959455
Methylobacterium sp. 17Sr1-43	2202828	S	1	0	1	0.0002959455
Methylobacterium sp. WL1	2603276	S	1	0	1	0.0002959455
Methylobacterium radiotolerans	31998	S	1	0	1	0.0002959455
Methylobacterium mesophilicum	39956	S	1	0	1	0.0002959455
Methylobacterium brachiatum	269660	S	1	0	1	0.0002959455
Methylobacterium indicum	1775910	S	1	0	1	0.0002959455
Methylobacterium currus	2051553	S	1	0	1	0.0002959455
Methylorubrum extorquens	408	S	1	0	1	0.0002959455
Methylorubrum populi	223967	S	1	0	1	0.0002959455
Mesorhizobium sp. 8	2584466	S	1	0	1	0.0002959455
Mesorhizobium sp. INR15	2654248	S	1	0	1	0.0002959455
Mesorhizobium sp. M1E.F.Ca.ET.045.02.1.1	2493672	S	1	0	1	0.0002959455
Mesorhizobium loti	381	S	1	0	1	0.0002959455
Mesorhizobium huakuii	28104	S	1	0	1	0.0002959455
Mesorhizobium amorphae	71433	S	1	0	1	0.0002959455
Mesorhizobium oceanicum	1670800	S	1	0	1	0.0002959455
Mesorhizobium japonicum	2066070	S	1	0	1	0.0002959455
Hoeflea sp. IMCC20628	1620421	S	1	0	1	0.0002959455
Hyphomicrobium sp. MC1	717785	S	1	0	1	0.0002959455
Devosia sp. LEGU1	2774137	S	1	0	1	0.0002959455
Methyloligella sp. GL2	2742204	S	1	0	1	0.0002959455
Labrenzia sp. THAF35	2587854	S	1	0	1	0.0002959455
Stappia indica	538381	S	1	0	1	0.0002959455
[Ochrobactrum] quorumnocens	271865	S	1	0	1	0.0002959455
Brucella pseudogrignonensis	419475	S	1	0	1	0.0002959455
Azorhizobium caulinodans	7	S	1	0	1	0.0002959455
Ancylobacter sp. TS-1	1850374	S	1	0	1	0.0002959455
Xanthobacter sp. YN2	2528964	S	1	0	1	0.0002959455
Starkeya sp. ORNL1	2709380	S	1	0	1	0.0002959455
Labrys sp. KNU-23	2789216	S	1	0	1	0.0002959455
Methylocystis bryophila	655015	S	1	0	1	0.0002959455
Methylosinus trichosporium	426	S	1	0	1	0.0002959455
Martelella lutilitoris	2583532	S	1	0	1	0.0002959455
Aureimonas sp. AU20	1349819	S	1	0	1	0.0002959455
Beijerinckia indica	533	S	1	0	1	0.0002959455
Bartonella alsatica	52764	S	1	0	1	0.0002959455
Sphingomonas sp. XS-10	2599297	S	1	0	1	0.0002959455
Sphingomonas sp. C8-2	2492837	S	1	0	1	0.0002959455
Sphingomonas sp. LMO-1	2681549	S	1	0	1	0.0002959455
Sphingomonas sp. NIC1	1961362	S	1	0	1	0.0002959455
Sphingomonas sp. MK52	2711156	S	1	0	1	0.0002959455
Sphingomonas sp. HMP6	1517551	S	1	0	1	0.0002959455
Sphingomonas sp. Cra20	1327635	S	1	0	1	0.0002959455
Sphingomonas sp. AP4-R1	2735134	S	1	0	1	0.0002959455
Sphingomonas rhizophila	2071607	S	1	0	1	0.0002959455
Sphingomonas lutea	1045317	S	1	0	1	0.0002959455
Sphingomonas daechungensis	1176646	S	1	0	1	0.0002959455
Sphingomonas taxi	1549858	S	1	0	1	0.0002959455
Sphingomonas panacis	1560345	S	1	0	1	0.0002959455
Sphingobium sp. SYK-6	627192	S	1	0	1	0.0002959455
Sphingobium sp. TKS	1315974	S	1	0	1	0.0002959455
Sphingobium sp. SCG-1	2072936	S	1	0	1	0.0002959455
Sphingobium sp. YG1	2082188	S	1	0	1	0.0002959455
Sphingobium sp. CAP-1	2676077	S	1	0	1	0.0002959455
Sphingobium sp. Cam5-1	2789327	S	1	0	1	0.0002959455
Sphingobium baderi	1332080	S	1	0	1	0.0002959455
Sphingopyxis terrae	33052	S	1	0	1	0.0002959455
Novosphingobium sp. P6W	1609758	S	1	0	1	0.0002959455
Novosphingobium sp. ABRDHK2	2571749	S	1	0	1	0.0002959455
Zymomonas mobilis	542	S	1	0	1	0.0002959455
Novosphingopyxis sp. PB63	2762729	S	1	0	1	0.0002959455
Porphyrobacter sp. CACIAM 03H1	2003315	S	1	0	1	0.0002959455
Erythrobacter litoralis	39960	S	1	0	1	0.0002959455
Sphingosinicella microcystinivorans	335406	S	1	0	1	0.0002959455
Sphingosinicella sp. BN140058	1892855	S	1	0	1	0.0002959455
Sandaracinobacter sp. M6	2759707	S	1	0	1	0.0002959455
Paracoccus sp. Arc7-R13	2500532	S	1	0	1	0.0002959455
Paracoccus sp. MC1862	2760307	S	1	0	1	0.0002959455
Paracoccus aminovorans	34004	S	1	0	1	0.0002959455
Paracoccus jeotgali	2065379	S	1	0	1	0.0002959455
Pseudooceanicola algae	1537215	S	1	0	1	0.0002959455
Tateyamaria omphalii	299262	S	1	0	1	0.0002959455
Thioclava nitratireducens	1915078	S	1	0	1	0.0002959455
Cereibacter sphaeroides	1063	S	1	0	1	0.0002959455
Epibacterium mobile	379347	S	1	0	1	0.0002959455
Gemmobacter sp. HYN0069	2169400	S	1	0	1	0.0002959455
Brevirhabdus pacifica	1267768	S	1	0	1	0.0002959455
Jannaschia sp. CCS1	290400	S	1	0	1	0.0002959455
Halocynthiibacter arcticus	1579316	S	1	0	1	0.0002959455
Celeribacter indicus	1208324	S	1	0	1	0.0002959455
Polymorphum gilvum	991904	S	1	0	1	0.0002959455
Defluviimonas alba	1335048	S	1	0	1	0.0002959455
Profundibacter amoris	2171755	S	1	0	1	0.0002959455
Brevundimonas sp. LVF2	2774190	S	1	0	1	0.0002959455
Brevundimonas mediterranea	74329	S	1	0	1	0.0002959455
Brevundimonas naejangsanensis	588932	S	1	0	1	0.0002959455
Phenylobacterium zucineum	284016	S	1	0	1	0.0002959455
Terricaulis silvestris	2686094	S	1	0	1	0.0002959455
Magnetospira sp. QH-2	1288970	S	1	0	1	0.0002959455
Niveispirillum cyanobacteriorum	1612173	S	1	0	1	0.0002959455
Acetobacter aceti	435	S	1	0	1	0.0002959455
Kozakia baliensis	153496	S	1	0	1	0.0002959455
Candidatus Phycorickettsia trachydisci	2115978	S	1	0	1	0.0002959455
Ehrlichia ruminantium	779	S	1	0	1	0.0002959455
Candidatus Pelagibacter sp. HIMB1321	1388755	S	1	0	1	0.0002959455
Candidatus Pelagibacter sp. RS40	1977865	S	1	0	1	0.0002959455
Candidatus Fonsibacter ubiquis	1925548	S	1	0	1	0.0002959455
endosymbiont of Acanthamoeba sp. UWC8	86106	S	1	0	1	0.0002959455
Candidatus Cytomitobacter indipagum	2601575	S	1	0	1	0.0002959455
Hyphobacterium sp. CCMP332	2749086	S	1	0	1	0.0002959455
Hyphomonas sp. CACIAM 19H1	1873716	S	1	0	1	0.0002959455
Arcobacter defluvii	873191	S	1	0	1	0.0002959455
Arcobacter venerupis	1054033	S	1	0	1	0.0002959455
Arcobacter suis	1278212	S	1	0	1	0.0002959455
Aliarcobacter thereius	544718	S	1	0	1	0.0002959455
Aliarcobacter trophiarum	708186	S	1	0	1	0.0002959455
Aliarcobacter faecis	1564138	S	1	0	1	0.0002959455
[Arcobacter] porcinus	1935204	S	1	0	1	0.0002959455
Malaciobacter halophilus	197482	S	1	0	1	0.0002959455
Malaciobacter canalis	1912871	S	1	0	1	0.0002959455
Halarcobacter ebronensis	1462615	S	1	0	1	0.0002959455
Campylobacter armoricus	2505970	S	1	0	1	0.0002959455
Campylobacter upsaliensis	28080	S	1	0	1	0.0002959455
Helicobacter winghamensis	157268	S	1	0	1	0.0002959455
Helicobacter typhlonius	76936	S	1	0	1	0.0002959455
Sulfurovum sp. NBC37-1	387093	S	1	0	1	0.0002959455
Caminibacter mediatlanticus	291048	S	1	0	1	0.0002959455
Nitratiruptor sp. YY09-18	2724901	S	1	0	1	0.0002959455
Nitratiruptor labii	2706014	S	1	0	1	0.0002959455
Minicystis rosea	888845	S	1	0	1	0.0002959455
Sandaracinus amylolyticus	927083	S	1	0	1	0.0002959455
Labilithrix luteola	1391654	S	1	0	1	0.0002959455
Myxococcus stipitatus	83455	S	1	0	1	0.0002959455
Myxococcus hansupus	1297742	S	1	0	1	0.0002959455
Stigmatella aurantiaca	41	S	1	0	1	0.0002959455
Syntrophotalea acetylenica	29542	S	1	0	1	0.0002959455
Pelobacter propionicus	29543	S	1	0	1	0.0002959455
Geobacter bemidjiensis	225194	S	1	0	1	0.0002959455
Desulfobacterium autotrophicum	2296	S	1	0	1	0.0002959455
Desulfonema limicola	45656	S	1	0	1	0.0002959455
Desulfocurvibacter africanus	873	S	1	0	1	0.0002959455
Desulfolutivibrio sulfoxidireducens	2773299	S	1	0	1	0.0002959455
Desulfomicrobium orale	132132	S	1	0	1	0.0002959455
Persicimonas caeni	2292766	S	1	0	1	0.0002959455
Silvanigrella aquatica	1915309	S	1	0	1	0.0002959455
Acidithiobacillus ferrooxidans	920	S	1	0	1	0.0002959455
Cutibacterium avidum	33010	S	1	0	1	0.0002959455
Cutibacterium granulosum	33011	S	1	0	1	0.0002959455
Tessaracoccus defluvii	1285901	S	1	0	1	0.0002959455
Acidipropionibacterium jensenii	1749	S	1	0	1	0.0002959455
Nocardioides sp. MC1495	2736757	S	1	0	1	0.0002959455
Nocardioides sp. dk3136	2575373	S	1	0	1	0.0002959455
Nocardioides sp. HDW12A	2714938	S	1	0	1	0.0002959455
Nocardioides daphniae	402297	S	1	0	1	0.0002959455
Nocardioides marinisabuli	419476	S	1	0	1	0.0002959455
Nocardioides sambongensis	2589074	S	1	0	1	0.0002959455
Nocardioides anomalus	2712223	S	1	0	1	0.0002959455
Micropruina glycogenica	75385	S	1	0	1	0.0002959455
Actinopolymorpha singaporensis	117157	S	1	0	1	0.0002959455
Microbacterium sp. LKL04	912630	S	1	0	1	0.0002959455
Microbacterium sp. WY121	2782168	S	1	0	1	0.0002959455
Microbacterium sp. HY60	2769067	S	1	0	1	0.0002959455
Microbacterium aurum	36805	S	1	0	1	0.0002959455
Microbacterium chocolatum	84292	S	1	0	1	0.0002959455
Microbacterium oleivorans	273677	S	1	0	1	0.0002959455
Curtobacterium flaccumfaciens	2035	S	1	0	1	0.0002959455
Curtobacterium sp. YC1	2795488	S	1	0	1	0.0002959455
Marisediminicola antarctica	674079	S	1	0	1	0.0002959455
Chryseoglobus sp. 28M-23	2772253	S	1	0	1	0.0002959455
Frondihabitans sp. 762G35	1446794	S	1	0	1	0.0002959455
Agrococcus sp. SGAir0287	2070347	S	1	0	1	0.0002959455
Agromyces protaetiae	2509455	S	1	0	1	0.0002959455
Rothia mucilaginosa	43675	S	1	0	1	0.0002959455
Arthrobacter sp. D5-1	1477518	S	1	0	1	0.0002959455
Arthrobacter crystallopoietes	37928	S	1	0	1	0.0002959455
Arthrobacter dokdonellae	2211210	S	1	0	1	0.0002959455
Kocuria rosea	1275	S	1	0	1	0.0002959455
Kocuria rhizophila	72000	S	1	0	1	0.0002959455
Glutamicibacter mishrai	1775880	S	1	0	1	0.0002959455
Pseudarthrobacter phenanthrenivorans	361575	S	1	0	1	0.0002959455
Phycicoccus sp. HDW14	2714941	S	1	0	1	0.0002959455
Brevibacterium aurantiacum	273384	S	1	0	1	0.0002959455
Cellulomonas sp. Y8	2591145	S	1	0	1	0.0002959455
Actinotalea sp. JY-7876	2758442	S	1	0	1	0.0002959455
Ornithinimicrobium sp. HY006	2508882	S	1	0	1	0.0002959455
Serinicoccus profundi	1078471	S	1	0	1	0.0002959455
Cellulosimicrobium cellulans	1710	S	1	0	1	0.0002959455
Kytococcus sedentarius	1276	S	1	0	1	0.0002959455
Rhodococcus sp. R79	2811421	S	1	0	1	0.0002959455
Rhodococcus sp. P1Y	1302308	S	1	0	1	0.0002959455
Rhodococcus sp. W8901	2742603	S	1	0	1	0.0002959455
Nocardia brasiliensis	37326	S	1	0	1	0.0002959455
Mycobacterium sp. MS1601	1936029	S	1	0	1	0.0002959455
Mycobacterium sp. PYR15	2051552	S	1	0	1	0.0002959455
Mycobacterium sp. DL592	2675524	S	1	0	1	0.0002959455
Mycobacterium saskatchewanense	220927	S	1	0	1	0.0002959455
Mycobacterium stomatepiae	470076	S	1	0	1	0.0002959455
Mycobacterium shigaense	722731	S	1	0	1	0.0002959455
Mycobacterium shinjukuense	398694	S	1	0	1	0.0002959455
Mycobacterium mantenii	560555	S	1	0	1	0.0002959455
Mycolicibacterium sp. LJ126	2761578	S	1	0	1	0.0002959455
Mycolicibacterium fortuitum	1766	S	1	0	1	0.0002959455
Mycolicibacterium mageritense	53462	S	1	0	1	0.0002959455
Mycolicibacterium phocaicum	319706	S	1	0	1	0.0002959455
Mycolicibacterium pulveris	36813	S	1	0	1	0.0002959455
Mycolicibacterium rutilum	370526	S	1	0	1	0.0002959455
Mycolicibacterium insubricum	444597	S	1	0	1	0.0002959455
Mycolicibacterium sediminis	1286180	S	1	0	1	0.0002959455
Mycolicibacterium smegmatis	1772	S	1	0	1	0.0002959455
Mycolicibacterium chitae	1792	S	1	0	1	0.0002959455
Mycobacteroides immunogenum	83262	S	1	0	1	0.0002959455
Corynebacterium matruchotii	43768	S	1	0	1	0.0002959455
Corynebacterium sp. MC1420	2709392	S	1	0	1	0.0002959455
Corynebacterium camporealensis	161896	S	1	0	1	0.0002959455
Corynebacterium frankenforstense	1230998	S	1	0	1	0.0002959455
Corynebacterium kroppenstedtii	161879	S	1	0	1	0.0002959455
Corynebacterium vitaeruminis	38305	S	1	0	1	0.0002959455
Corynebacterium ureicelerivorans	401472	S	1	0	1	0.0002959455
Corynebacterium bovis	36808	S	1	0	1	0.0002959455
Corynebacterium tuberculostearicum	38304	S	1	0	1	0.0002959455
Gordonia terrae	2055	S	1	0	1	0.0002959455
Gordonia rubripertincta	36822	S	1	0	1	0.0002959455
Gordonia polyisoprenivorans	84595	S	1	0	1	0.0002959455
Gordonia phthalatica	1136941	S	1	0	1	0.0002959455
Tsukamurella tyrosinosolvens	57704	S	1	0	1	0.0002959455
Streptomyces sp. Z423-1	2730915	S	1	0	1	0.0002959455
Streptomyces sp. INR7	2607753	S	1	0	1	0.0002959455
Streptomyces sp. SYP-A7193	2662065	S	1	0	1	0.0002959455
Streptomyces sp. CdTB01	1725411	S	1	0	1	0.0002959455
Streptomyces sp. SCSIO 3032	1264596	S	1	0	1	0.0002959455
Streptomyces sp. DSM 40868	2721173	S	1	0	1	0.0002959455
Streptomyces sp. 2323.1	1938841	S	1	0	1	0.0002959455
Streptomyces sp. jing01	2726118	S	1	0	1	0.0002959455
Streptomyces sp. C8S0	2585716	S	1	0	1	0.0002959455
Streptomyces sp. M2	646637	S	1	0	1	0.0002959455
Streptomyces sp. W1SF4	2305220	S	1	0	1	0.0002959455
Streptomyces sp. CRXT-G-22	2768066	S	1	0	1	0.0002959455
Streptomyces sp. CB09001	2083284	S	1	0	1	0.0002959455
Streptomyces ficellus	1977088	S	1	0	1	0.0002959455
Streptomyces albus	1888	S	1	0	1	0.0002959455
Streptomyces peucetius	1950	S	1	0	1	0.0002959455
Streptomyces kanamyceticus	1967	S	1	0	1	0.0002959455
Streptomyces nitrosporeus	28894	S	1	0	1	0.0002959455
Streptomyces murinus	33900	S	1	0	1	0.0002959455
Streptomyces albidoflavus	1886	S	1	0	1	0.0002959455
Streptomyces griseus	1911	S	1	0	1	0.0002959455
Streptomyces finlayi	67296	S	1	0	1	0.0002959455
Streptomyces koyangensis	188770	S	1	0	1	0.0002959455
Streptomyces rectiverticillatus	173860	S	1	0	1	0.0002959455
Streptomyces fulvissimus	68202	S	1	0	1	0.0002959455
Streptomyces griseochromogenes	68214	S	1	0	1	0.0002959455
Streptomyces seoulensis	73044	S	1	0	1	0.0002959455
Streptomyces albulus	68570	S	1	0	1	0.0002959455
Streptomyces lavendulae	1914	S	1	0	1	0.0002959455
Streptomyces cadmiisoli	2184053	S	1	0	1	0.0002959455
Streptomyces phaeolivaceus	2653200	S	1	0	1	0.0002959455
Streptomyces atratus	1893	S	1	0	1	0.0002959455
Streptomyces fagopyri	2662397	S	1	0	1	0.0002959455
Streptomyces hygroscopicus	1912	S	1	0	1	0.0002959455
Streptomyces antibioticus	1890	S	1	0	1	0.0002959455
Streptacidiphilus sp. P02-A3a	2704468	S	1	0	1	0.0002959455
Amycolatopsis sp. AA4	1896961	S	1	0	1	0.0002959455
Amycolatopsis sp. BJA-103	1911175	S	1	0	1	0.0002959455
Actinosynnema mirum	40567	S	1	0	1	0.0002959455
Actinosynnema pretiosum	42197	S	1	0	1	0.0002959455
Saccharomonospora marina	632569	S	1	0	1	0.0002959455
Micromonospora craniellae	2294034	S	1	0	1	0.0002959455
Micromonospora maris	1003110	S	1	0	1	0.0002959455
Micromonospora coxensis	356852	S	1	0	1	0.0002959455
Actinoplanes friuliensis	196914	S	1	0	1	0.0002959455
Verrucosispora sp. NA02020	2742132	S	1	0	1	0.0002959455
Actinocatenispora thailandica	227318	S	1	0	1	0.0002959455
Actinomyces sp. oral taxon 171	706438	S	1	0	1	0.0002959455
Actinomyces sp. oral taxon 897	2081702	S	1	0	1	0.0002959455
Actinomyces naeslundii	1655	S	1	0	1	0.0002959455
Actinomyces viscosus	1656	S	1	0	1	0.0002959455
Actinomyces weissii	675090	S	1	0	1	0.0002959455
Actinomyces gaoshouyii	1960083	S	1	0	1	0.0002959455
Trueperella sp. 19M2397	2733571	S	1	0	1	0.0002959455
Schaalia odontolytica	1660	S	1	0	1	0.0002959455
Actinomadura verrucosospora	46165	S	1	0	1	0.0002959455
Actinomadura sp. WMMA1423	2591108	S	1	0	1	0.0002959455
Thermomonospora curvata	2020	S	1	0	1	0.0002959455
Nonomuraea sp. ATCC 55076	1909395	S	1	0	1	0.0002959455
Bifidobacterium actinocoloniiforme	638619	S	1	0	1	0.0002959455
Bifidobacterium animalis	28025	S	1	0	1	0.0002959455
Bifidobacterium adolescentis	1680	S	1	0	1	0.0002959455
Frankia alni	1859	S	1	0	1	0.0002959455
Frankia casuarinae	106370	S	1	0	1	0.0002959455
Frankia sp. QA3	710111	S	1	0	1	0.0002959455
Jiangella alkaliphila	419479	S	1	0	1	0.0002959455
Blastococcus saxobsidens	138336	S	1	0	1	0.0002959455
Catenulispora acidiphila	304895	S	1	0	1	0.0002959455
Denitrobacterium detoxificans	79604	S	1	0	1	0.0002959455
Rubrobacter sp. SCSIO 52915	2653852	S	1	0	1	0.0002959455
Bacillus wiedmannii	1890302	S	1	0	1	0.0002959455
Bacillus sp. X1(2014)	1565991	S	1	0	1	0.0002959455
Bacillus sp. Y1	352858	S	1	0	1	0.0002959455
Bacillus sp. Cs-700	2589818	S	1	0	1	0.0002959455
Bacillus subtilis	1423	S	1	0	1	0.0002959455
Bacillus halotolerans	260554	S	1	0	1	0.0002959455
Bacillus pumilus	1408	S	1	0	1	0.0002959455
Bacillus methanolicus	1471	S	1	0	1	0.0002959455
Bacillus dafuensis	1742359	S	1	0	1	0.0002959455
Bacillus vini	1476025	S	1	0	1	0.0002959455
Lysinibacillus fusiformis	28031	S	1	0	1	0.0002959455
Lysinibacillus sp. 2017	2169540	S	1	0	1	0.0002959455
Virgibacillus dokdonensis	302167	S	1	0	1	0.0002959455
Alkalihalobacillus clausii	79880	S	1	0	1	0.0002959455
Alkalihalobacillus halodurans	86665	S	1	0	1	0.0002959455
Oceanobacillus iheyensis	182710	S	1	0	1	0.0002959455
Oceanobacillus kimchii	746691	S	1	0	1	0.0002959455
Anaerobacillus isosaccharinicus	1532552	S	1	0	1	0.0002959455
Lederbergia lentus	1467	S	1	0	1	0.0002959455
Neobacillus cucumis	1740721	S	1	0	1	0.0002959455
Peribacillus simplex	1478	S	1	0	1	0.0002959455
Parageobacillus genomosp. 1	1295642	S	1	0	1	0.0002959455
Caldibacillus thermoamylovorans	35841	S	1	0	1	0.0002959455
Halobacillus litoralis	45668	S	1	0	1	0.0002959455
Staphylococcus warneri	1292	S	1	0	1	0.0002959455
Staphylococcus condimenti	70255	S	1	0	1	0.0002959455
Staphylococcus muscae	1294	S	1	0	1	0.0002959455
Staphylococcus xylosus	1288	S	1	0	1	0.0002959455
Staphylococcus hyicus	1284	S	1	0	1	0.0002959455
Staphylococcus haemolyticus	1283	S	1	0	1	0.0002959455
Staphylococcus sp. 11-B-312	2799680	S	1	0	1	0.0002959455
Mammaliicoccus sciuri	1296	S	1	0	1	0.0002959455
Mammaliicoccus lentus	42858	S	1	0	1	0.0002959455
Salinicoccus halodurans	407035	S	1	0	1	0.0002959455
Macrococcus caseolyticus	69966	S	1	0	1	0.0002959455
Paenibacillus sp. RUD330	2023772	S	1	0	1	0.0002959455
Paenibacillus sp. JZ16	1906272	S	1	0	1	0.0002959455
Paenibacillus sp. FSL H7-0357	1536774	S	1	0	1	0.0002959455
Paenibacillus polymyxa	1406	S	1	0	1	0.0002959455
Paenibacillus psychroresistens	1778678	S	1	0	1	0.0002959455
Paenibacillus cellulositrophicus	562959	S	1	0	1	0.0002959455
Paenibacillus sabinae	365617	S	1	0	1	0.0002959455
Paenibacillus stellifer	169760	S	1	0	1	0.0002959455
Paenibacillus lautus	1401	S	1	0	1	0.0002959455
Thermobacillus composti	377615	S	1	0	1	0.0002959455
Aneurinibacillus soli	1500254	S	1	0	1	0.0002959455
Solibacillus silvestris	76853	S	1	0	1	0.0002959455
Solibacillus sp. R5-41	2048654	S	1	0	1	0.0002959455
Sporosarcina ureilytica	298596	S	1	0	1	0.0002959455
Ureibacillus thermophilus	367743	S	1	0	1	0.0002959455
Rummeliibacillus stabekisii	241244	S	1	0	1	0.0002959455
Paenisporosarcina antarctica	417367	S	1	0	1	0.0002959455
Gemella sanguinis	84135	S	1	0	1	0.0002959455
Novibacillus thermophilus	1471761	S	1	0	1	0.0002959455
Staphylospora marina	2490858	S	1	0	1	0.0002959455
Streptococcus anginosus	1328	S	1	0	1	0.0002959455
Streptococcus intermedius	1338	S	1	0	1	0.0002959455
Streptococcus australis	113107	S	1	0	1	0.0002959455
Streptococcus pantholopis	1811193	S	1	0	1	0.0002959455
Streptococcus porcinus	1340	S	1	0	1	0.0002959455
Streptococcus pneumoniae	1313	S	1	0	1	0.0002959455
Streptococcus mutans	1309	S	1	0	1	0.0002959455
Streptococcus salivarius	1304	S	1	0	1	0.0002959455
Streptococcus gordonii	1302	S	1	0	1	0.0002959455
Lactococcus garvieae	1363	S	1	0	1	0.0002959455
Lactobacillus iners	147802	S	1	0	1	0.0002959455
Lactobacillus terrae	2269374	S	1	0	1	0.0002959455
Lactobacillus taiwanensis	508451	S	1	0	1	0.0002959455
Lactobacillus amylolyticus	83683	S	1	0	1	0.0002959455
Limosilactobacillus fermentum	1613	S	1	0	1	0.0002959455
Lacticaseibacillus paracasei	1597	S	1	0	1	0.0002959455
Lacticaseibacillus rhamnosus	47715	S	1	0	1	0.0002959455
Weissella koreensis	165096	S	1	0	1	0.0002959455
Paucilactobacillus hokkaidonensis	1193095	S	1	0	1	0.0002959455
Companilactobacillus futsaii	938155	S	1	0	1	0.0002959455
Fructilactobacillus sanfranciscensis	1625	S	1	0	1	0.0002959455
Latilactobacillus graminis	60519	S	1	0	1	0.0002959455
Enterococcus faecium	1352	S	1	0	1	0.0002959455
Enterococcus casseliflavus	37734	S	1	0	1	0.0002959455
Enterococcus mundtii	53346	S	1	0	1	0.0002959455
Melissococcus plutonius	33970	S	1	0	1	0.0002959455
Tetragenococcus halophilus	51669	S	1	0	1	0.0002959455
Carnobacterium divergens	2748	S	1	0	1	0.0002959455
Carnobacterium sp. CP1	1564681	S	1	0	1	0.0002959455
Clostridium sp. AWRP	2212991	S	1	0	1	0.0002959455
Clostridium sp. JN-9	2507159	S	1	0	1	0.0002959455
Clostridium sp. 'deep sea'	2779445	S	1	0	1	0.0002959455
Clostridium tetani	1513	S	1	0	1	0.0002959455
Clostridium cochlearium	1494	S	1	0	1	0.0002959455
Clostridium saccharobutylicum	169679	S	1	0	1	0.0002959455
Clostridium gasigenes	94869	S	1	0	1	0.0002959455
Clostridium estertheticum	238834	S	1	0	1	0.0002959455
Clostridium chauvoei	46867	S	1	0	1	0.0002959455
Clostridium intestinale	36845	S	1	0	1	0.0002959455
Clostridium baratii	1561	S	1	0	1	0.0002959455
Clostridium butyricum	1492	S	1	0	1	0.0002959455
Clostridium bornimense	1216932	S	1	0	1	0.0002959455
Clostridium septicum	1504	S	1	0	1	0.0002959455
Clostridium thermarum	1716543	S	1	0	1	0.0002959455
Alkaliphilus oremlandii	461876	S	1	0	1	0.0002959455
Caloranaerobacter azorensis	116090	S	1	0	1	0.0002959455
Geosporobacter ferrireducens	1424294	S	1	0	1	0.0002959455
Hathewaya histolytica	1498	S	1	0	1	0.0002959455
Anaerocolumna sp. CTTW	2736602	S	1	0	1	0.0002959455
Anaerocolumna sedimenticola	2696063	S	1	0	1	0.0002959455
Lacrimispora saccharolytica	84030	S	1	0	1	0.0002959455
Anaerostipes caccae	105841	S	1	0	1	0.0002959455
[Ruminococcus] torques	33039	S	1	0	1	0.0002959455
Lachnoanaerobaculum umeaense	617123	S	1	0	1	0.0002959455
Lachnoclostridium phocaeense	1871021	S	1	0	1	0.0002959455
Paeniclostridium sordellii	1505	S	1	0	1	0.0002959455
Faecalibacterium prausnitzii	853	S	1	0	1	0.0002959455
Oscillibacter valericigenes	351091	S	1	0	1	0.0002959455
Flavonifractor plautii	292800	S	1	0	1	0.0002959455
Ruminiclostridium herbifermentans	2488810	S	1	0	1	0.0002959455
Mogibacterium diversum	114527	S	1	0	1	0.0002959455
Eubacterium sp. NSJ-61	2764325	S	1	0	1	0.0002959455
Desulfallas gibsoniae	102134	S	1	0	1	0.0002959455
Thermoanaerobacterium thermosaccharolyticum	1517	S	1	0	1	0.0002959455
Thermoanaerobacterium sp. RBIITD	1550240	S	1	0	1	0.0002959455
Thermoanaerobacter kivui	2325	S	1	0	1	0.0002959455
Halanaerobium hydrogeniformans	656519	S	1	0	1	0.0002959455
Anoxybacter fermentans	1323375	S	1	0	1	0.0002959455
Veillonella parvula	29466	S	1	0	1	0.0002959455
Veillonella nakazawae	2682456	S	1	0	1	0.0002959455
Megasphaera stantonii	2144175	S	1	0	1	0.0002959455
Dialister massiliensis	2161821	S	1	0	1	0.0002959455
Pelosinus sp. UFO1	484770	S	1	0	1	0.0002959455
Megamonas funiformis	437897	S	1	0	1	0.0002959455
Phascolarctobacterium sp. Marseille-Q4147	2823317	S	1	0	1	0.0002959455
Gudongella oleilytica	1582259	S	1	0	1	0.0002959455
Turicibacter sp. H121	1712675	S	1	0	1	0.0002959455
Nostoc sphaeroides	446679	S	1	0	1	0.0002959455
Cylindrospermum stagnale	142864	S	1	0	1	0.0002959455
Cylindrospermopsis curvispora	747548	S	1	0	1	0.0002959455
Sphaerospermopsis kisseleviana	289435	S	1	0	1	0.0002959455
Calothrix sp. NIES-2098	1954171	S	1	0	1	0.0002959455
Rivularia sp. PCC 7116	373994	S	1	0	1	0.0002959455
Fischerella sp. NIES-4106	2005456	S	1	0	1	0.0002959455
Synechococcus sp. CBW1107	2789857	S	1	0	1	0.0002959455
Synechococcus sp. PCC 7002	32049	S	1	0	1	0.0002959455
Synechococcus sp. CBW1002	1353134	S	1	0	1	0.0002959455
Synechococcus sp. CBW1004	1353136	S	1	0	1	0.0002959455
Prochlorococcus marinus	1219	S	1	0	1	0.0002959455
Prochlorococcus sp. MIT 0801	1501269	S	1	0	1	0.0002959455
Moorea producens	1155739	S	1	0	1	0.0002959455
Planktothrix agardhii	1160	S	1	0	1	0.0002959455
Planktothrix rubescens	59512	S	1	0	1	0.0002959455
[Phormidium] sp. ETS-05	222819	S	1	0	1	0.0002959455
Gloeothece citriformis	2546356	S	1	0	1	0.0002959455
Chondrocystis sp. NIES-4102	2005460	S	1	0	1	0.0002959455
Cyanobacterium aponinum	379064	S	1	0	1	0.0002959455
Mycoplasma sp. C264-NAS	2726117	S	1	0	1	0.0002959455
Mycoplasma struthionis	538220	S	1	0	1	0.0002959455
Mycoplasma anserisalpingitidis	519450	S	1	0	1	0.0002959455
Mycoplasma conjunctivae	45361	S	1	0	1	0.0002959455
Mycoplasma canadense	29554	S	1	0	1	0.0002959455
Mycoplasma hominis	2098	S	1	0	1	0.0002959455
Mycoplasma hyopneumoniae	2099	S	1	0	1	0.0002959455
Mycoplasma pulmonis	2107	S	1	0	1	0.0002959455
Mycoplasma anatis	171279	S	1	0	1	0.0002959455
Mycoplasma bovis	28903	S	1	0	1	0.0002959455
Mycoplasma bovirhinis	29553	S	1	0	1	0.0002959455
Ureaplasma parvum	134821	S	1	0	1	0.0002959455
Spiroplasma corruscae	216934	S	1	0	1	0.0002959455
Spiroplasma clarkii	2139	S	1	0	1	0.0002959455
Spiroplasma phoeniceum	47835	S	1	0	1	0.0002959455
Mesoplasma entomophilum	2149	S	1	0	1	0.0002959455
Mesoplasma florum	2151	S	1	0	1	0.0002959455
Acholeplasma palmae	38986	S	1	0	1	0.0002959455
Acholeplasma brassicae	61635	S	1	0	1	0.0002959455
Deinococcus metallilatus	1211322	S	1	0	1	0.0002959455
Deinococcus swuensis	1182571	S	1	0	1	0.0002959455
Truepera radiovictrix	332249	S	1	0	1	0.0002959455
Flavobacterium sp. KBS0721	1179672	S	1	0	1	0.0002959455
Flavobacterium sp. MDT1-60	1979344	S	1	0	1	0.0002959455
Flavobacterium sp. 140616W15	2478552	S	1	0	1	0.0002959455
Flavobacterium sp. M31R6	2739062	S	1	0	1	0.0002959455
Flavobacterium columnare	996	S	1	0	1	0.0002959455
Flavobacterium branchiophilum	55197	S	1	0	1	0.0002959455
Flavobacterium nackdongense	2547394	S	1	0	1	0.0002959455
Flavobacterium haoranii	683124	S	1	0	1	0.0002959455
Flavobacterium crocinum	2183896	S	1	0	1	0.0002959455
Flavobacterium kingsejongi	1678728	S	1	0	1	0.0002959455
Flavobacterium album	2175091	S	1	0	1	0.0002959455
Tenacibaculum mesophilum	104268	S	1	0	1	0.0002959455
Polaribacter sp. KT25b	1855336	S	1	0	1	0.0002959455
Polaribacter sp. KT 15	1896175	S	1	0	1	0.0002959455
Polaribacter sp. ALD11	2058137	S	1	0	1	0.0002959455
Polaribacter sp. L3A8	2686361	S	1	0	1	0.0002959455
Polaribacter sp. G4M1	2808900	S	1	0	1	0.0002959455
Polaribacter sp. SM13	2818493	S	1	0	1	0.0002959455
Lacinutrix sp. Bg11-31	2057808	S	1	0	1	0.0002959455
Lacinutrix sp. WUR7	2653681	S	1	0	1	0.0002959455
Algibacter sp. L1A34	2686365	S	1	0	1	0.0002959455
Kordia antarctica	1218801	S	1	0	1	0.0002959455
Kordia sp. SMS9	2282170	S	1	0	1	0.0002959455
Winogradskyella sp. PG-2	754409	S	1	0	1	0.0002959455
Winogradskyella helgolandensis	2697010	S	1	0	1	0.0002959455
Aquimarina sp. BL5	1714860	S	1	0	1	0.0002959455
Aquimarina sp. TRL1	2736252	S	1	0	1	0.0002959455
Myroides odoratus	256	S	1	0	1	0.0002959455
Myroides phaeus	702745	S	1	0	1	0.0002959455
Capnocytophaga ochracea	1018	S	1	0	1	0.0002959455
Gramella sp. MAR_2010_147	1250205	S	1	0	1	0.0002959455
Mariniflexile sp. TRM1-10	2027857	S	1	0	1	0.0002959455
Formosa sp. L2A11	2686363	S	1	0	1	0.0002959455
Robiginitalea biformata	252307	S	1	0	1	0.0002959455
Arenibacter algicola	616991	S	1	0	1	0.0002959455
Psychroserpens sp. NJDZ02	2570561	S	1	0	1	0.0002959455
Changchengzhania lutea	2049305	S	1	0	1	0.0002959455
Antarcticibacterium flavum	2058175	S	1	0	1	0.0002959455
Chryseobacterium sp. T16E-39	2015076	S	1	0	1	0.0002959455
Chryseobacterium sp. G0162	2487063	S	1	0	1	0.0002959455
Chryseobacterium sp. G0186	2487064	S	1	0	1	0.0002959455
Chryseobacterium indologenes	253	S	1	0	1	0.0002959455
Chryseobacterium indoltheticum	254	S	1	0	1	0.0002959455
Chryseobacterium balustinum	246	S	1	0	1	0.0002959455
Kaistella jeonii	266749	S	1	0	1	0.0002959455
Kaistella flava (ex Peng et al. 2021)	2038776	S	1	0	1	0.0002959455
Elizabethkingia meningoseptica	238	S	1	0	1	0.0002959455
Elizabethkingia anophelis	1117645	S	1	0	1	0.0002959455
Elizabethkingia ursingii	1756150	S	1	0	1	0.0002959455
Blattabacterium sp. DPU	2715232	S	1	0	1	0.0002959455
Fluviicola taffensis	191579	S	1	0	1	0.0002959455
Runella slithyformis	106	S	1	0	1	0.0002959455
Dyadobacter sp. Q3-56	2747268	S	1	0	1	0.0002959455
Fibrella aestuarina	651143	S	1	0	1	0.0002959455
Hymenobacter sp. NBH84	2596915	S	1	0	1	0.0002959455
Hymenobacter sp. HDW8	2714932	S	1	0	1	0.0002959455
Hymenobacter busanensis	2607656	S	1	0	1	0.0002959455
Hymenobacter russus	2724192	S	1	0	1	0.0002959455
Pontibacter actiniarum	323450	S	1	0	1	0.0002959455
Pontibacter sp. SGAir0037	2571030	S	1	0	1	0.0002959455
Pontibacter russatus	2694929	S	1	0	1	0.0002959455
Adhaeribacter swui	2086471	S	1	0	1	0.0002959455
Rufibacter tibetensis	512763	S	1	0	1	0.0002959455
Echinicola vietnamensis	390884	S	1	0	1	0.0002959455
Echinicola strongylocentroti	1795355	S	1	0	1	0.0002959455
Algoriphagus sanaruensis	1727163	S	1	0	1	0.0002959455
Chryseolinea soli	2321403	S	1	0	1	0.0002959455
Pedobacter sp. eg	2201271	S	1	0	1	0.0002959455
Pedobacter sp. CJ43	2605747	S	1	0	1	0.0002959455
Pedobacter sp. SW-16	2766984	S	1	0	1	0.0002959455
Pedobacter cryoconitis	188932	S	1	0	1	0.0002959455
Pedobacter roseus	336820	S	1	0	1	0.0002959455
Pedobacter ginsengisoli	363852	S	1	0	1	0.0002959455
Pedobacter steynii	430522	S	1	0	1	0.0002959455
Sphingobacterium mizutaii	1010	S	1	0	1	0.0002959455
Sphingobacterium psychroaquaticum	561061	S	1	0	1	0.0002959455
Sphingobacterium sp. UDSM-2020	2795738	S	1	0	1	0.0002959455
Mucilaginibacter gossypii	551996	S	1	0	1	0.0002959455
Mucilaginibacter sp. 14171R-50	2703789	S	1	0	1	0.0002959455
Olivibacter sp. SDN3	2764720	S	1	0	1	0.0002959455
Bacteroides thetaiotaomicron	818	S	1	0	1	0.0002959455
Bacteroides helcogenes	290053	S	1	0	1	0.0002959455
Bacteroides intestinalis	329854	S	1	0	1	0.0002959455
Prevotella oris	28135	S	1	0	1	0.0002959455
Prevotella jejuni	1177574	S	1	0	1	0.0002959455
Prevotella sp. WR041	2801997	S	1	0	1	0.0002959455
Paraprevotella xylaniphila	454155	S	1	0	1	0.0002959455
Sodaliphilus pleomorphus	2606626	S	1	0	1	0.0002959455
Coprobacter sp. 2CBH44	2751153	S	1	0	1	0.0002959455
Draconibacterium orientale	1168034	S	1	0	1	0.0002959455
Chitinophaga sp. XS-30	2604421	S	1	0	1	0.0002959455
Chitinophaga agri	2703787	S	1	0	1	0.0002959455
Niastella koreensis	354356	S	1	0	1	0.0002959455
Filimonas lacunae	477680	S	1	0	1	0.0002959455
Arachidicoccus ginsenosidivorans	496057	S	1	0	1	0.0002959455
Pseudobacter ginsenosidimutans	661488	S	1	0	1	0.0002959455
Pseudocnuella soli	2502779	S	1	0	1	0.0002959455
Salinibacter ruber	146919	S	1	0	1	0.0002959455
Haliscomenobacter hydrossis	2350	S	1	0	1	0.0002959455
Chlorobium phaeovibrioides	1094	S	1	0	1	0.0002959455
Candidatus Cyclonatronum proteinivorum	1457365	S	1	0	1	0.0002959455
Gemmatimonas aurantiaca	173480	S	1	0	1	0.0002959455
Tuwongella immobilis	692036	S	1	0	1	0.0002959455
Limnoglobus roseus	2598579	S	1	0	1	0.0002959455
Aureliella helgolandensis	2527968	S	1	0	1	0.0002959455
Lignipirellula cremea	2528010	S	1	0	1	0.0002959455
Gimesia panareensis	2527978	S	1	0	1	0.0002959455
Alienimonas californiensis	2527989	S	1	0	1	0.0002959455
Symmachiella dynata	2527995	S	1	0	1	0.0002959455
Tautonia plasticadhaerens	2527974	S	1	0	1	0.0002959455
Sedimentisphaera cyanobacteriorum	1940790	S	1	0	1	0.0002959455
Luteolibacter luteus	2728835	S	1	0	1	0.0002959455
Chlamydia avium	1457141	S	1	0	1	0.0002959455
Neochlamydia sp. S13	1353976	S	1	0	1	0.0002959455
Borrelia sp. A-FGy1	2608247	S	1	0	1	0.0002959455
Candidatus Borrelia tachyglossi	1964448	S	1	0	1	0.0002959455
Treponema pedis	409322	S	1	0	1	0.0002959455
Sphaerochaeta pleomorpha	1131707	S	1	0	1	0.0002959455
Thiospirochaeta perfilievii	252967	S	1	0	1	0.0002959455
Brachyspira intermedia	84377	S	1	0	1	0.0002959455
Brachyspira hampsonii	1287055	S	1	0	1	0.0002959455
Fusobacterium nucleatum	851	S	1	0	1	0.0002959455
Fusobacterium pseudoperiodonticum	2663009	S	1	0	1	0.0002959455
Sebaldella termitidis	826	S	1	0	1	0.0002959455
Pseudoleptotrichia goodfellowii	157692	S	1	0	1	0.0002959455
Nitrospira moscoviensis	42253	S	1	0	1	0.0002959455
Pseudothermotoga thermarum	119394	S	1	0	1	0.0002959455
Tepiditoga spiralis	2108365	S	1	0	1	0.0002959455
Acidisarcina polymorpha	2211140	S	1	0	1	0.0002959455
Paludibaculum fermentans	1473598	S	1	0	1	0.0002959455
Thermanaerovibrio velox	108007	S	1	0	1	0.0002959455
Isorropodon fossajaponicum symbiont	883811	S	1	0	1	0.0002959455
Deferribacter desulfuricans	197162	S	1	0	1	0.0002959455
Halogeometricum borinquense	60847	S	1	0	1	0.0002959455
Haloprofundus sp. MHR1	2572921	S	1	0	1	0.0002959455
Haloterrigena turkmenica	62320	S	1	0	1	0.0002959455
Methanobacterium formicicum	2162	S	1	0	1	0.0002959455
Methanobacterium lacus	877455	S	1	0	1	0.0002959455
Methanobrevibacter smithii	2173	S	1	0	1	0.0002959455
Methanobrevibacter ruminantium	83816	S	1	0	1	0.0002959455
Methanosphaera stadtmanae	2317	S	1	0	1	0.0002959455
Methanococcus maripaludis	39152	S	1	0	1	0.0002959455
Pyrococcus abyssi	29292	S	1	0	1	0.0002959455
Palaeococcus pacificus	971279	S	1	0	1	0.0002959455
Nitrosopumilus cobalaminigenes	1470066	S	1	0	1	0.0002959455
Pyrobaculum islandicum	2277	S	1	0	1	0.0002959455
Caldisphaera lagunensis	200415	S	1	0	1	0.0002959455
Cuniculiplasma divulgatum	1673428	S	1	0	1	0.0002959455
Streptococcus phage SpSL1	1566990	S	1	0	1	0.0002959455
Salmonella phage TS13	2500149	S	1	0	1	0.0002959455
Cellulophaga virus Cba121	1918193	S	1	0	1	0.0002959455
Pseudomonas phage vB_PaeP_Tr60_Ab31	1449437	S	1	0	1	0.0002959455
Staphylococcus virus Andhra	2732591	S	1	0	1	0.0002959455
Aeromonas virus 56	2560283	S	1	0	1	0.0002959455
Salmonella virus 36	2734011	S	1	0	1	0.0002959455
Human betaherpesvirus 7	10372	S	1	0	1	0.0002959455
Invertebrate iridescent virus 31	345199	S	1	0	1	0.0002959455
Tokyovirus A1	1826170	S	1	0	1	0.0002959455
Chrysochromulina ericina virus	455364	S	1	0	1	0.0002959455
Moumouvirus	985782	S	1	0	1	0.0002959455
Mythimna separata entomopoxvirus	1179664	S	1	0	1	0.0002959455
Yellowstone Lake virophage 7	1557035	S	1	0	1	0.0002959455
Spodoptera exigua multiple nucleopolyhedrovirus	10454	S	1	0	1	0.0002959455
Choristoneura fumiferana granulovirus	56947	S	1	0	1	0.0002959455
Burana orthonairovirus	1980518	S	1	0	1	0.0002959455
Biomphalaria virus 3	1931371	S	1	0	1	0.0002959455
Pandoravirus neocaledonia	2107708	S	1	0	1	0.0002959455
Esparto virus	2072209	S	1	0	1	0.0002959455
Dickeya chrysanthemi	556	S	2	-2	0	0.0000000000
Dickeya paradisiaca	69223	S	1	-1	0	0.0000000000
Idiomarina loihiensis	135577	S	1	-1	0	0.0000000000
Campylobacter pinnipediorum	1965231	S	1	-1	0	0.0000000000
Leuconostoc gelidum	1244	S	1	-1	0	0.0000000000
Mycoplasma genitalium	2097	S	1	-1	0	0.0000000000
Borrelia parkeri	141	S	1	-1	0	0.0000000000
Methanosarcina siciliae	38027	S	2	-2	0	0.0000000000
