name	taxonomy_id	taxonomy_lvl	kraken_assigned_reads	added_reads	new_est_reads	fraction_total_reads
Cutibacterium acnes	1747	S	5462	289	5751	0.0483720383
Dermacoccus nishinomiyaensis	1274	S	1916	252	2168	0.0182351902
Stenotrophomonas maltophilia	40324	S	1214	387	1601	0.0134661160
Pseudomonas sp. CMR12a	658629	S	1252	254	1506	0.0126670648
Paenibacillus larvae	1464	S	9	1414	1423	0.0119689463
Pseudomonas fluorescens	294	S	733	222	955	0.0080325676
Pseudomonas oryzihabitans	47885	S	812	74	886	0.0074522041
Clostridioides difficile	1496	S	45	696	741	0.0062325996
Aliarcobacter cryaerophilus	28198	S	638	82	720	0.0060559672
Candidatus Planktophila sulfonica	1884904	S	611	46	657	0.0055260701
Bacillus subtilis	1423	S	17	639	656	0.0055176590
Kocuria rhizophila	72000	S	484	113	597	0.0050214062
Phocaeicola vulgatus	821	S	384	138	522	0.0043905762
Lactococcus lactis	1358	S	90	430	520	0.0043737541
Curtobacterium flaccumfaciens	2035	S	459	53	512	0.0043064656
Ralstonia solanacearum	305	S	373	134	507	0.0042644103
Acidovorax sp. KKS102	358220	S	327	151	478	0.0040204894
Xanthomonas euvesicatoria	456327	S	7	456	463	0.0038943234
Klebsiella pneumoniae	573	S	58	377	435	0.0036588135
Variovorax paradoxus	34073	S	313	107	420	0.0035326476
Polynucleobacter necessarius	576610	S	372	23	395	0.0033223709
Streptomyces lividans	1916	S	26	364	390	0.0032803156
Acidovorax sp. T1	1858609	S	121	267	388	0.0032634935
Methylobacterium radiotolerans	31998	S	151	218	369	0.0031036832
Oscillatoria nigro-viridis	482564	S	327	37	364	0.0030616279
Pseudomonas aeruginosa	287	S	81	279	360	0.0030279836
Acidovorax sp. JS42	232721	S	17	333	350	0.0029438730
Limnohabitans sp. 63ED37-2	1678128	S	321	26	347	0.0029186398
Bacillus anthracis	1392	S	2	342	344	0.0028934066
Escherichia coli	562	S	44	286	330	0.0027756516
Duganella sp. AF9R3	2728021	S	280	48	328	0.0027588295
Acinetobacter baumannii	470	S	91	236	327	0.0027504185
Sphaerotilus natans	34103	S	251	68	319	0.0026831299
Acidovorax carolinensis	553814	S	189	119	308	0.0025906082
Delftia sp. KV29	1170710	S	4	291	295	0.0024812644
Limnohabitans sp. 103DPR2	1678129	S	278	16	294	0.0024728533
Methylobacterium sp. C1	1479019	S	87	202	289	0.0024307980
Polaromonas naphthalenivorans	216465	S	262	24	286	0.0024055648
Leptothrix cholodnii	34029	S	225	56	281	0.0023635094
Pseudomonas sp. S150	2559074	S	154	121	275	0.0023130430
Methylobacterium sp. XJLW	739141	S	35	235	270	0.0022709877
Acinetobacter johnsonii	40214	S	150	118	268	0.0022541656
Halomonas sp. JS92-SW72	2306583	S	225	34	259	0.0021784660
Rhodoferax sediminis	2509614	S	230	25	255	0.0021448217
Curvibacter sp. AEP1-3	1844971	S	245	10	255	0.0021448217
Pseudomonas putida	303	S	151	100	251	0.0021111775
Pseudomonas koreensis	198620	S	207	41	248	0.0020859443
Blautia sp. SC05B48	2479767	S	194	52	246	0.0020691221
Moraxella osloensis	34062	S	231	13	244	0.0020523000
Flavobacterium sangjuense	2518177	S	225	13	238	0.0020018336
Bacteroides uniformis	820	S	141	92	233	0.0019597783
Flavobacterium johnsoniae	986	S	166	66	232	0.0019513672
Comamonas testosteroni	285	S	111	117	228	0.0019177230
Flavobacterium sp. KBS0721	1179672	S	160	67	227	0.0019093119
Alicycliphilus denitrificans	179636	S	90	136	226	0.0019009008
Anabaena sp. YBS01	2490939	S	10	215	225	0.0018924898
Phocaeicola dorei	357276	S	152	69	221	0.0018588455
Polynucleobacter duraquae	1835254	S	194	23	217	0.0018252012
Methylobacterium mesophilicum	39956	S	203	14	217	0.0018252012
Acidovorax sp. 1608163	2478662	S	188	25	213	0.0017915570
Rhodoferax saidenbachensis	1484693	S	187	25	212	0.0017831459
Acinetobacter lwoffii	28090	S	97	102	199	0.0016738021
Faecalibacterium prausnitzii	853	S	183	15	198	0.0016653910
Rhizobacter gummiphilus	946333	S	169	26	195	0.0016401578
Aquaspirillum sp. LM1	1938604	S	178	13	191	0.0016065135
Sorangium cellulosum	56	S	165	19	184	0.0015476361
Acidovorax sp. JMULE5	2518343	S	155	27	182	0.0015308139
Candidatus Planktophila dulcis	1884914	S	165	14	179	0.0015055807
Sphingomonas sp. PAMC26645	2565555	S	156	22	178	0.0014971697
Rhizobacter sp. AJA081-3	2753607	S	147	27	174	0.0014635254
Rubrivivax gelatinosus	28068	S	140	33	173	0.0014551143
Prevotella copri	165179	S	142	31	173	0.0014551143
Anaerostipes hadrus	649756	S	150	21	171	0.0014382922
Diaphorobacter sp. JS3050	2735554	S	8	162	170	0.0014298812
Flavobacterium nackdongense	2547394	S	160	10	170	0.0014298812
Salmonella enterica	28901	S	24	144	168	0.0014130590
Propionibacterium sp. oral taxon 193	671223	S	147	21	168	0.0014130590
Limnoglobus roseus	2598579	S	163	4	167	0.0014046480
Flavobacterium sp. M31R6	2739062	S	143	20	163	0.0013710037
Flavobacterium sp. MDT1-60	1979344	S	133	29	162	0.0013625926
Rhodoferax sp. AJA081-3	2752316	S	145	13	158	0.0013289484
Kinneretia sp. DAIF2	2714952	S	132	25	157	0.0013205373
Hydrogenophaga sp. PBL-H3	434010	S	87	67	154	0.0012953041
Gordonia bronchialis	2054	S	138	16	154	0.0012953041
Cupriavidus taiwanensis	164546	S	98	55	153	0.0012868930
Anaerobutyricum hallii	39488	S	120	33	153	0.0012868930
Vitreoscilla filiformis	63	S	133	19	152	0.0012784820
Polaromonas sp. JS666	296591	S	144	6	150	0.0012616598
Candidatus Planktophila lacus	1884913	S	145	4	149	0.0012532488
Spirosoma sp. KUDC1026	2745947	S	144	5	149	0.0012532488
Flavobacterium sp. Sr18	935222	S	131	16	147	0.0012364266
Micrococcus luteus	1270	S	80	66	146	0.0012280156
Delftia acidovorans	80866	S	56	88	144	0.0012111934
Rhodopseudomonas palustris	1076	S	122	22	144	0.0012111934
Rhodoferax koreense	1842727	S	98	45	143	0.0012027824
Bacteroides fragilis	817	S	83	60	143	0.0012027824
Diaphorobacter sp. JS3051	2792224	S	7	135	142	0.0011943713
Aquabacterium olei	1296669	S	117	25	142	0.0011943713
Bradyrhizobium diazoefficiens	1355477	S	60	82	142	0.0011943713
Clostridium botulinum	1491	S	99	43	142	0.0011943713
Lacunisphaera limnophila	1838286	S	130	12	142	0.0011943713
Aeromonas media	651	S	80	61	141	0.0011859602
Prochlorococcus marinus	1219	S	101	40	141	0.0011859602
Flavobacterium psychrophilum	96345	S	126	14	140	0.0011775492
Urbifossiella limnaea	2528023	S	133	7	140	0.0011775492
Acidovorax avenae	80867	S	96	43	139	0.0011691381
Blautia obeum	40520	S	111	28	139	0.0011691381
Microcystis aeruginosa	1126	S	114	24	138	0.0011607271
Flavobacterium commune	1306519	S	124	13	137	0.0011523160
Diaphorobacter aerolatus	1288495	S	65	69	134	0.0011270828
Sphingorhabdus lacus	392610	S	132	2	134	0.0011270828
Ottowia oryzae	2109914	S	116	15	131	0.0011018496
Buchnera aphidicola	9	S	131	-1	130	0.0010934385
Paracoccus yeei	147645	S	66	63	129	0.0010850275
Vibrio anguillarum	55601	S	110	18	128	0.0010766164
Ramlibacter tataouinensis	94132	S	113	14	127	0.0010682053
Bradyrhizobium sp. BTAi1	288000	S	114	13	127	0.0010682053
Flavobacterium sp. 140616W15	2478552	S	107	20	127	0.0010682053
Hydrogenophaga sp. RAC07	1842537	S	98	27	125	0.0010513832
Sphingomonas melonis	152682	S	45	80	125	0.0010513832
Flavobacterium sp. SLB02	2665645	S	95	30	125	0.0010513832
Diaphorobacter polyhydroxybutyrativorans	1546149	S	15	109	124	0.0010429721
Pseudomonas stutzeri	316	S	103	20	123	0.0010345611
Rhodoferax sp. PAMC29310	2822760	S	104	18	122	0.0010261500
Polynucleobacter asymbioticus	576611	S	108	14	122	0.0010261500
Corynebacterium glutamicum	1718	S	20	102	122	0.0010261500
Hydrogenophaga sp. NH-16	2184519	S	42	79	121	0.0010177389
Variovorax sp. PMC12	2126319	S	3	117	120	0.0010093279
Rhodoferax ferrireducens	192843	S	112	8	120	0.0010093279
Elizabethkingia bruuniana	1756149	S	36	84	120	0.0010093279
Massilia sp. CCM 8941	2765360	S	87	31	118	0.0009925057
Simplicispira suum	2109915	S	94	23	117	0.0009840947
Fluviibacter phosphoraccumulans	1751046	S	103	14	117	0.0009840947
Pseudomonas syringae	317	S	61	56	117	0.0009840947
Acidovorax antarcticus	2743470	S	82	34	116	0.0009756836
Staphylococcus aureus	1280	S	52	64	116	0.0009756836
Achromobacter xylosoxidans	85698	S	62	53	115	0.0009672725
Methylobacterium phyllosphaerae	418223	S	45	68	113	0.0009504504
Paucibacter sp. KCTC 42545	1768242	S	96	16	112	0.0009420393
Diaphorobacter sp. HDW4A	2714924	S	67	43	110	0.0009252172
Rhodococcus erythropolis	1833	S	38	72	110	0.0009252172
Comamonas thiooxydans	363952	S	51	58	109	0.0009168062
Variovorax boronicumulans	436515	S	60	48	108	0.0009083951
Delftia lacustris	558537	S	19	89	108	0.0009083951
Sphingobium yanoikuyae	13690	S	49	59	108	0.0009083951
Lawsonella clevelandensis	1528099	S	103	5	108	0.0009083951
Flavobacterium sp. HYN0086	2249356	S	81	27	108	0.0009083951
Rhodoferax sp. BAB1	2741720	S	89	18	107	0.0008999840
Rhodoluna lacicola	529884	S	100	7	107	0.0008999840
[Ruminococcus] torques	33039	S	84	23	107	0.0008999840
[Ruminococcus] gnavus	33038	S	74	33	107	0.0008999840
Hydrogenophaga sp. BPS33	2651974	S	75	31	106	0.0008915730
Undibacterium sp. KW1	2058624	S	82	24	106	0.0008915730
Pseudomonas sp. 29A	2759706	S	1	104	105	0.0008831619
Roseburia intestinalis	166486	S	90	15	105	0.0008831619
Frigoriglobus tundricola	2774151	S	96	9	105	0.0008831619
Comamonas aquatica	225991	S	81	23	104	0.0008747508
Rhodococcus qingshengii	334542	S	28	76	104	0.0008747508
Opitutus sp. GAS368	1882749	S	97	7	104	0.0008747508
Schlegelella thermodepolymerans	215580	S	83	20	103	0.0008663398
Massilia sp. NR 4-1	1678028	S	84	19	103	0.0008663398
Massilia sp. WG5	1707785	S	63	40	103	0.0008663398
Collinsella aerofaciens	74426	S	92	10	102	0.0008579287
Bacteroides thetaiotaomicron	818	S	92	10	102	0.0008579287
Pseudomonas sp.	306	S	17	84	101	0.0008495176
Megamonas funiformis	437897	S	100	1	101	0.0008495176
Janthinobacterium agaricidamnosum	55508	S	74	26	100	0.0008411066
Methylobacterium sp. WL1	2603276	S	93	7	100	0.0008411066
Rhodoferax antarcticus	81479	S	92	7	99	0.0008326955
Polaromonas sp. E5S	1840267	S	3	96	99	0.0008326955
Methylobacterium aquaticum	270351	S	85	14	99	0.0008326955
Methylorubrum extorquens	408	S	57	42	99	0.0008326955
Flavobacterium sp. BB8	2816357	S	81	18	99	0.0008326955
Sphingomonas sp. HMP9	1517554	S	82	16	98	0.0008242844
Cutibacterium avidum	33010	S	89	8	97	0.0008158734
Flavobacterium sp. I3-2	2748319	S	54	43	97	0.0008158734
Acidovorax sp. RAC01	1842533	S	69	27	96	0.0008074623
Massilia sp. YMA4	1593482	S	58	38	96	0.0008074623
Bradyrhizobium erythrophlei	1437360	S	92	4	96	0.0008074623
Massilia violaceinigra	2045208	S	74	21	95	0.0007990512
Mitsuaria sp. 7	1658665	S	81	14	95	0.0007990512
Pseudomonas veronii	76761	S	35	60	95	0.0007990512
Citrobacter freundii	546	S	28	67	95	0.0007990512
Pasteurella multocida	747	S	68	27	95	0.0007990512
Sphingopyxis terrae	33052	S	77	18	95	0.0007990512
Methylibium petroleiphilum	105560	S	54	40	94	0.0007906402
Hydrogenophaga sp. PBC	795665	S	62	31	93	0.0007822291
Flavobacterium anhuiense	459526	S	64	29	93	0.0007822291
Variovorax sp. WDL1	207745	S	47	45	92	0.0007738180
Undibacterium sp. YM2	2058625	S	70	21	91	0.0007654070
Burkholderia pseudomallei	28450	S	29	61	90	0.0007569959
Flavobacterium sp. CLA17	2724135	S	76	14	90	0.0007569959
Flavobacterium columnare	996	S	76	14	90	0.0007569959
Ottowia sp. 27C	2816950	S	81	8	89	0.0007485848
Staphylococcus capitis	29388	S	80	9	89	0.0007485848
Variovorax sp. PAMC 28711	1795631	S	82	6	88	0.0007401738
Burkholderia cenocepacia	95486	S	27	61	88	0.0007401738
Candidatus Planktophila versatilis	1884905	S	85	3	88	0.0007401738
Methylobacterium brachiatum	269660	S	72	15	87	0.0007317627
Variovorax sp. PBL-H6	434009	S	42	44	86	0.0007233516
Hylemonella gracilis	80880	S	81	5	86	0.0007233516
Staphylococcus epidermidis	1282	S	74	11	85	0.0007149406
Blattabacterium cuenoti	1653831	S	81	4	85	0.0007149406
Corynebacterium kefirresidentii	1979527	S	63	21	84	0.0007065295
Acidovorax ebreus	721785	S	7	76	83	0.0006981184
Roseateles depolymerans	76731	S	72	11	83	0.0006981184
Rhizobium leguminosarum	384	S	55	28	83	0.0006981184
Tabrizicola piscis	2494374	S	79	4	83	0.0006981184
Arcobacter suis	1278212	S	75	8	83	0.0006981184
Kocuria palustris	71999	S	73	10	83	0.0006981184
Nostoc carneum	374162	S	18	65	83	0.0006981184
Lacipirellula limnantheis	2528024	S	78	4	82	0.0006897074
Acinetobacter sp. TTH0-4	1646498	S	72	9	81	0.0006812963
Caulobacter vibrioides	155892	S	60	21	81	0.0006812963
Bifidobacterium longum	216816	S	59	22	81	0.0006812963
Flavobacterium gilvum	1492737	S	73	8	81	0.0006812963
Flavobacterium crocinum	2183896	S	61	20	81	0.0006812963
Chryseobacterium balustinum	246	S	64	17	81	0.0006812963
Mucilaginibacter rubeus	2027860	S	25	56	81	0.0006812963
Pseudomonas chlororaphis	587753	S	56	24	80	0.0006728852
Hydrogenophaga sp. BA0156	2716225	S	56	23	79	0.0006644742
Comamonas kerstersii	225992	S	64	15	79	0.0006644742
Nibricoccus aquaticus	2576891	S	77	2	79	0.0006644742
Roseimicrobium sp. ORNL1	2711231	S	77	2	79	0.0006644742
Hydrogenophaga pseudoflava	47421	S	32	46	78	0.0006560631
Undibacterium parvum	401471	S	71	7	78	0.0006560631
Methylobacterium oryzae	334852	S	10	68	78	0.0006560631
Hydrogenophaga sp. YM1	2806262	S	58	19	77	0.0006476521
Hydrogenophaga crassostreae	1763535	S	75	2	77	0.0006476521
Sphingomonas koreensis	93064	S	50	27	77	0.0006476521
Cutibacterium granulosum	33011	S	71	6	77	0.0006476521
Flavobacterium nitrogenifigens	1617283	S	48	29	77	0.0006476521
Variovorax sp. HW608	1034889	S	70	6	76	0.0006392410
Cupriavidus basilensis	68895	S	52	24	76	0.0006392410
Massilia putida	1141883	S	57	19	76	0.0006392410
Agrobacterium tumefaciens	358	S	46	30	76	0.0006392410
Polaromonas vacuolata	37448	S	68	7	75	0.0006308299
Novosphingobium sp. P6W	1609758	S	72	3	75	0.0006308299
Flavobacterium sp. LPB0248	2614441	S	45	30	75	0.0006308299
Mesorhizobium loti	381	S	20	54	74	0.0006224189
Sphingomonas sp. MM-1	745310	S	36	38	74	0.0006224189
Novosphingobium sp. ES2-1	2780074	S	47	27	74	0.0006224189
Bifidobacterium adolescentis	1680	S	70	4	74	0.0006224189
Bacillus cereus	1396	S	46	28	74	0.0006224189
Bacteroides ovatus	28116	S	45	29	74	0.0006224189
Hydrogenophaga sp. PAMC20947	2565558	S	71	2	73	0.0006140078
Candidatus Methylopumilus rimovensis	2588535	S	69	4	73	0.0006140078
Lysobacter enzymogenes	69	S	62	11	73	0.0006140078
Sphingobium sp. YG1	2082188	S	55	18	73	0.0006140078
Brevundimonas sp. CS1	2813778	S	48	25	73	0.0006140078
Flavobacterium branchiophilum	55197	S	69	4	73	0.0006140078
Epilithonimonas vandammei	2487072	S	39	34	73	0.0006140078
Haliangium ochraceum	80816	S	71	1	72	0.0006055967
Plantibacter sp. PA-3-X8	2480625	S	35	37	72	0.0006055967
Cupriavidus metallidurans	119219	S	39	32	71	0.0005971857
Massilia sp. LPB0304	2769491	S	44	27	71	0.0005971857
Xylophilus rhododendri	2697032	S	58	13	71	0.0005971857
Bradyrhizobium lablabi	722472	S	27	44	71	0.0005971857
Brevundimonas sp. GW460-12-10-14-LB2	1827469	S	37	34	71	0.0005971857
Azospirillum brasilense	192	S	45	26	71	0.0005971857
Streptococcus thermophilus	1308	S	59	12	71	0.0005971857
Cupriavidus necator	106590	S	55	15	70	0.0005887746
Methylibium sp. Pch-M	2082386	S	39	31	70	0.0005887746
Pseudomonas fragi	296	S	44	26	70	0.0005887746
Luteolibacter luteus	2728835	S	70	0	70	0.0005887746
Acidovorax monticola	1926868	S	57	12	69	0.0005803635
Variovorax sp. RA8	662548	S	43	26	69	0.0005803635
Comamonas piscis	1562974	S	62	7	69	0.0005803635
Janthinobacterium sp. 1_2014MBL_MicDiv	1644131	S	53	16	69	0.0005803635
Coprococcus comes	410072	S	56	13	69	0.0005803635
Acidovorax sp. HDW3	2714923	S	55	13	68	0.0005719525
Comamonas koreensis	160825	S	58	10	68	0.0005719525
Janthinobacterium svalbardensis	368607	S	43	25	68	0.0005719525
Flavobacterium faecale	1355330	S	63	5	68	0.0005719525
Bacteroides xylanisolvens	371601	S	38	30	68	0.0005719525
Parabacteroides distasonis	823	S	33	35	68	0.0005719525
Rhodoplanes sp. Z2-YC6860	674703	S	64	3	67	0.0005635414
Rhizorhabdus dicambivorans	1850238	S	34	33	67	0.0005635414
Archangium violaceum	83451	S	55	11	66	0.0005551303
Actinoplanes derwentensis	113562	S	61	5	66	0.0005551303
Methylotenera versatilis	1055487	S	60	5	65	0.0005467193
Janibacter indicus	857417	S	42	23	65	0.0005467193
Pyruvatibacter mobilis	1712261	S	59	5	64	0.0005383082
Porphyrobacter sp. YT40	2547601	S	36	28	64	0.0005383082
Flavobacterium crassostreae	1763534	S	55	9	64	0.0005383082
Aquirufa nivalisilvae	2516557	S	59	5	64	0.0005383082
Pedobacter sp. KBS0701	2578106	S	53	11	64	0.0005383082
Comamonas serinivorans	1082851	S	55	8	63	0.0005298971
Acinetobacter junii	40215	S	54	9	63	0.0005298971
Novosphingobium sp. ABRDHK2	2571749	S	46	17	63	0.0005298971
Rhodoluna limnophila	232537	S	59	4	63	0.0005298971
Bacillus thuringiensis	1428	S	21	42	63	0.0005298971
Flavobacterium indicum	312277	S	59	4	63	0.0005298971
Bordetella bronchiseptica	518	S	9	53	62	0.0005214861
Acinetobacter sp. CS-2	2798861	S	46	16	62	0.0005214861
Sphingomonas sanxanigenens	397260	S	44	18	62	0.0005214861
Gemmobacter sp. HYN0069	2169400	S	55	6	61	0.0005130750
Roseomonas mucosa	207340	S	15	46	61	0.0005130750
Variovorax sp. 38R	2774875	S	29	31	60	0.0005046639
Serpentinomonas raichei	1458425	S	48	12	60	0.0005046639
Burkholderia vietnamiensis	60552	S	16	44	60	0.0005046639
Janthinobacterium tructae	2590869	S	37	23	60	0.0005046639
Pseudomonas psychrotolerans	237610	S	55	5	60	0.0005046639
Acinetobacter sp. NEB 394	2743575	S	27	33	60	0.0005046639
Bibersteinia trehalosi	47735	S	3	57	60	0.0005046639
Methylobacterium sp. 17Sr1-43	2202828	S	55	5	60	0.0005046639
Aurantimicrobium sp. MWH-Mo1	1987356	S	58	2	60	0.0005046639
Candidatus Planktophila vernalis	1884907	S	59	1	60	0.0005046639
Variovorax sp. RKNM96	2681552	S	45	14	59	0.0004962529
Delftia tsuruhatensis	180282	S	13	46	59	0.0004962529
Polynucleobacter wuianus	1743168	S	48	11	59	0.0004962529
Massilia armeniaca	2072590	S	39	20	59	0.0004962529
Inhella inkyongensis	392593	S	53	6	59	0.0004962529
Enterobacter cloacae	550	S	30	29	59	0.0004962529
Sphingomonas sp. AAP5	1523415	S	51	8	59	0.0004962529
Coprococcus catus	116085	S	52	7	59	0.0004962529
Faecalibacillus intestinalis	1982626	S	23	36	59	0.0004962529
Akkermansia muciniphila	239935	S	58	1	59	0.0004962529
Methanothrix soehngenii	2223	S	59	0	59	0.0004962529
Xanthomonas campestris	339	S	53	5	58	0.0004878418
Paracoccus sanguinis	1545044	S	52	6	58	0.0004878418
Flavobacterium haoranii	683124	S	47	11	58	0.0004878418
Verminephrobacter eiseniae	364317	S	55	2	57	0.0004794307
Collimonas pratensis	279113	S	47	10	57	0.0004794307
Dechloromonas aromatica	259537	S	52	5	57	0.0004794307
Pantoea agglomerans	549	S	53	4	57	0.0004794307
Legionella pneumophila	446	S	41	16	57	0.0004794307
Spirosoma pollinicola	2057025	S	56	1	57	0.0004794307
Pedobacter roseus	336820	S	48	9	57	0.0004794307
Paraburkholderia sp. SOS3	1926494	S	53	3	56	0.0004710197
Duganella sp. GN2-R2	2728020	S	42	14	56	0.0004710197
Bosea sp. RAC05	1842539	S	48	8	56	0.0004710197
Porphyrobacter sp. LM 6	1896196	S	43	13	56	0.0004710197
Caulobacter soli	2708539	S	43	13	56	0.0004710197
Phenylobacterium zucineum	284016	S	50	6	56	0.0004710197
Bacteriovorax stolpii	960	S	56	0	56	0.0004710197
Streptomyces venezuelae	54571	S	51	5	56	0.0004710197
Achromobacter ruhlandii	72557	S	2	53	55	0.0004626086
Candidatus Methylopumilus universalis	2588536	S	48	7	55	0.0004626086
Pseudomonas protegens	380021	S	51	4	55	0.0004626086
Pseudomonas moraviensis	321662	S	41	14	55	0.0004626086
Aeromonas hydrophila	644	S	29	26	55	0.0004626086
Sphingomonas taxi	1549858	S	52	3	55	0.0004626086
Brevundimonas sp. 'scallop'	2562582	S	26	29	55	0.0004626086
Brevundimonas mediterranea	74329	S	47	8	55	0.0004626086
Minicystis rosea	888845	S	51	4	55	0.0004626086
Microbacterium sp. PM5	2014534	S	51	4	55	0.0004626086
Variovorax sp. PAMC28562	2762323	S	52	2	54	0.0004541975
Variovorax sp. PBS-H4	434008	S	39	15	54	0.0004541975
Janthinobacterium lividum	29581	S	20	34	54	0.0004541975
Caulobacter rhizosphaerae	2010972	S	43	11	54	0.0004541975
Caulobacter segnis	88688	S	42	12	54	0.0004541975
Arcobacter venerupis	1054033	S	50	4	54	0.0004541975
Mucilaginibacter ginsenosidivorax	862126	S	54	0	54	0.0004541975
Ereboglobus luteus	1796921	S	53	1	54	0.0004541975
Diaphorobacter sp. HDW4B	2714925	S	50	3	53	0.0004457865
Azospira restricta	404405	S	41	12	53	0.0004457865
Pseudomonas sp. C27(2019)	2604941	S	51	2	53	0.0004457865
Enterobacter asburiae	61645	S	24	29	53	0.0004457865
Sphingomonas sp. CL5.1	2653203	S	45	8	53	0.0004457865
Sphingomonas sp. FARSPH	2219696	S	36	17	53	0.0004457865
Sphingomonas alpina	653931	S	53	0	53	0.0004457865
Sphingopyxis macrogoltabida	33050	S	41	12	53	0.0004457865
Caulobacter sp. K31	366602	S	43	10	53	0.0004457865
Aliarcobacter skirrowii	28200	S	44	9	53	0.0004457865
Bacteroides cellulosilyticus	246787	S	50	3	53	0.0004457865
Haliscomenobacter hydrossis	2350	S	53	0	53	0.0004457865
Symmachiella dynata	2527995	S	48	5	53	0.0004457865
Candidatus Thiodictyon syntrophicum	1166950	S	52	0	52	0.0004373754
Aureimonas sp. OT7	2816454	S	27	25	52	0.0004373754
Sphingomonas sp. NIC1	1961362	S	25	27	52	0.0004373754
Sphingobium hydrophobicum	1673076	S	29	23	52	0.0004373754
Blautia producta	33035	S	26	26	52	0.0004373754
Bacteroides caccae	47678	S	51	1	52	0.0004373754
Acidovorax citrulli	80869	S	29	22	51	0.0004289643
Massilia umbonata	864828	S	37	14	51	0.0004289643
Achromobacter spanius	217203	S	42	9	51	0.0004289643
Sulfuritalea hydrogenivorans	748811	S	49	2	51	0.0004289643
Stenotrophomonas sp. CW117	2775920	S	6	45	51	0.0004289643
Novosphingobium aromaticivorans	48935	S	40	11	51	0.0004289643
Brevundimonas naejangsanensis	588932	S	44	7	51	0.0004289643
Meiothermus silvanus	52022	S	50	1	51	0.0004289643
Chryseobacterium indoltheticum	254	S	45	6	51	0.0004289643
Lacibacter sp. S13-6-6	2760713	S	50	1	51	0.0004289643
Gemmata obscuriglobus	114	S	48	3	51	0.0004289643
blood disease bacterium A2-HR MARDI	1944648	S	2	48	50	0.0004205533
Acinetobacter indicus	756892	S	39	11	50	0.0004205533
Rheinheimera sp. LHK132	2498451	S	50	0	50	0.0004205533
Sphingobium cloacae	120107	S	19	31	50	0.0004205533
Brevundimonas sp. Bb-A	2560058	S	17	33	50	0.0004205533
Brevibacterium sp. CS2	2575923	S	44	6	50	0.0004205533
Calothrix brevissima	938406	S	29	21	50	0.0004205533
Diaphorobacter ruginosibacter	1715720	S	45	4	49	0.0004121422
Serpentinomonas mccroryi	1458426	S	39	10	49	0.0004121422
Cupriavidus pauculus	82633	S	40	9	49	0.0004121422
Thauera sp. MZ1T	85643	S	28	21	49	0.0004121422
Pseudomonas sp. DTU12.3	2073078	S	46	3	49	0.0004121422
Pseudomonas savastanoi	29438	S	3	46	49	0.0004121422
Aeromonas caviae	648	S	13	36	49	0.0004121422
Brevundimonas sp. LVF2	2774190	S	46	3	49	0.0004121422
Caulobacter henricii	69395	S	43	6	49	0.0004121422
Labilithrix luteola	1391654	S	48	1	49	0.0004121422
Chondrocystis sp. NIES-4102	2005460	S	35	14	49	0.0004121422
Acaryochloris marina	155978	S	48	1	49	0.0004121422
Flavobacterium sp. CJ74	2294119	S	47	2	49	0.0004121422
Anatilimnocola aggregata	2528021	S	46	3	49	0.0004121422
Verrucomicrobium spinosum	2736	S	45	4	49	0.0004121422
Ralstonia pickettii	329	S	33	15	48	0.0004037311
Massilia flava	871742	S	41	7	48	0.0004037311
Massilia oculi	945844	S	40	8	48	0.0004037311
Janthinobacterium sp. HH102	1537274	S	14	34	48	0.0004037311
Aeromonas veronii	654	S	36	12	48	0.0004037311
Bradyrhizobium sp.	376	S	17	31	48	0.0004037311
Brevundimonas vesicularis	41276	S	18	30	48	0.0004037311
Corynebacterium xerosis	1725	S	41	7	48	0.0004037311
Actinoplanes sp. OR16	946334	S	26	22	48	0.0004037311
Variovorax sp. SRS16	282217	S	17	30	47	0.0003953201
Melaminivora sp. SC2-9	2109913	S	33	14	47	0.0003953201
Massilia albidiflava	321983	S	34	13	47	0.0003953201
Alcaligenes faecalis	511	S	35	12	47	0.0003953201
Candidatus Rickettsiella viridis	676208	S	47	0	47	0.0003953201
Methylobacterium indicum	1775910	S	40	7	47	0.0003953201
Bradyrhizobium sp. TM102	2599819	S	5	42	47	0.0003953201
Sphingopyxis sp. PAMC25046	2565556	S	38	9	47	0.0003953201
Microbacterium hominis	162426	S	41	6	47	0.0003953201
Corynebacterium tuberculostearicum	38304	S	38	9	47	0.0003953201
Sphingobacterium sp. UDSM-2020	2795738	S	42	5	47	0.0003953201
Humisphaera borealis	2807512	S	47	0	47	0.0003953201
Dechloromonas sp. TW-R-39-2	2654218	S	41	5	46	0.0003869090
Pseudomonas sp. R84	1573712	S	43	3	46	0.0003869090
Pseudomonas sp. WCS374	1495331	S	3	43	46	0.0003869090
Stenotrophomonas rhizophila	216778	S	44	2	46	0.0003869090
Caenibius tardaugens	169176	S	19	27	46	0.0003869090
Porphyrobacter sp. CACIAM 03H1	2003315	S	38	8	46	0.0003869090
Clavibacter michiganensis	28447	S	39	7	46	0.0003869090
Ligilactobacillus ruminis	1623	S	45	1	46	0.0003869090
Clostridium saccharobutylicum	169679	S	45	1	46	0.0003869090
Geminocystis sp. NIES-3708	1615909	S	38	8	46	0.0003869090
Chryseobacterium gleum	250	S	24	22	46	0.0003869090
Opitutus terrae	107709	S	45	1	46	0.0003869090
Variovorax sp. PBL-E5	434014	S	14	31	45	0.0003784980
Ottowia sp. oral taxon 894	1658672	S	43	2	45	0.0003784980
Paraburkholderia aromaticivorans	2026199	S	34	11	45	0.0003784980
Nitrosomonas sp. Is79A3	261292	S	45	0	45	0.0003784980
Azoarcus sp. DD4	2027405	S	29	16	45	0.0003784980
Pseudomonas azotoformans	47878	S	37	8	45	0.0003784980
Thioalkalivibrio sulfidiphilus	1033854	S	36	9	45	0.0003784980
Candidatus Nanopelagicus limnes	1884634	S	41	4	45	0.0003784980
Schaalia sp. JY-X169	2758572	S	45	0	45	0.0003784980
Singulisphaera acidiphila	466153	S	36	9	45	0.0003784980
Paramecium bursaria Chlorella virus A1	381899	S	45	0	45	0.0003784980
Pulveribacter suum	2116657	S	36	8	44	0.0003700869
Cupriavidus oxalaticus	96344	S	33	11	44	0.0003700869
Collimonas fungivorans	158899	S	37	7	44	0.0003700869
Thermomonas carbonis	1463158	S	42	2	44	0.0003700869
Novosphingobium sp. KA1	164608	S	13	31	44	0.0003700869
Haematobacter massiliensis	195105	S	28	16	44	0.0003700869
Stella humosa	94	S	43	1	44	0.0003700869
Helicobacter pylori	210	S	38	6	44	0.0003700869
Sandaracinus amylolyticus	927083	S	43	1	44	0.0003700869
Microbacterium oxydans	82380	S	36	8	44	0.0003700869
Agreia sp. COWG	2773266	S	42	2	44	0.0003700869
Ilumatobacter coccineus	467094	S	44	0	44	0.0003700869
Clostridium perfringens	1502	S	43	1	44	0.0003700869
Planctomyces sp. SH-PL62	1636152	S	32	12	44	0.0003700869
Comamonas sp. NLF-7-7	2597701	S	33	10	43	0.0003616758
Polynucleobacter difficilis	556054	S	41	2	43	0.0003616758
Burkholderia multivorans	87883	S	31	12	43	0.0003616758
Pseudomonas brassicacearum	930166	S	17	26	43	0.0003616758
Acinetobacter schindleri	108981	S	31	12	43	0.0003616758
Afipia carboxidovorans	40137	S	25	18	43	0.0003616758
Pseudolabrys taiwanensis	331696	S	40	3	43	0.0003616758
Sphingobium baderi	1332080	S	18	25	43	0.0003616758
Rathayibacter festucae	110937	S	22	21	43	0.0003616758
Cyanobacterium aponinum	379064	S	35	8	43	0.0003616758
Cloacibacterium normanense	237258	S	40	3	43	0.0003616758
Runella sp. SP2	2268026	S	41	2	43	0.0003616758
Laribacter hongkongensis	168471	S	33	9	42	0.0003532648
Candidatus Methylopumilus turicensis	1581680	S	39	3	42	0.0003532648
Acinetobacter haemolyticus	29430	S	33	9	42	0.0003532648
Acinetobacter wuhouensis	1879050	S	32	10	42	0.0003532648
Cellvibrio sp. KY-YJ-3	454662	S	37	5	42	0.0003532648
Bradyrhizobium sp. ORS 285	115808	S	37	5	42	0.0003532648
Bradyrhizobium sp. CCBAU 51753	1325100	S	37	5	42	0.0003532648
Devosia sp. A16	1736675	S	40	2	42	0.0003532648
Sphingomonas hengshuiensis	1609977	S	41	1	42	0.0003532648
Sphingobium sp. RSMS	520734	S	8	34	42	0.0003532648
Novosphingobium resinovorum	158500	S	29	13	42	0.0003532648
Cereibacter sphaeroides	1063	S	40	2	42	0.0003532648
Brevundimonas sp. SGAir0440	2579977	S	31	11	42	0.0003532648
Candidatus Planktophila limnetica	573600	S	42	0	42	0.0003532648
Dolichospermum compactum	136073	S	14	28	42	0.0003532648
Stanieria cyanosphaera	102116	S	23	19	42	0.0003532648
Muricauda sp. 501str8	2698672	S	27	15	42	0.0003532648
Gemmatimonas sp. TET16	2732249	S	41	1	42	0.0003532648
Gemmata massiliana	1210884	S	28	14	42	0.0003532648
Variovorax sp. PAMC26660	2762322	S	36	5	41	0.0003448537
Herbaspirillum robiniae	2014887	S	32	9	41	0.0003448537
Bradyrhizobium sp. CCBAU 051011	858422	S	37	4	41	0.0003448537
Brevundimonas sp. M20	2591463	S	39	2	41	0.0003448537
Rathayibacter sp. VKM Ac-2759	2609252	S	34	7	41	0.0003448537
Corynebacterium sp. LMM-1652	2487892	S	37	4	41	0.0003448537
Anabaena sp. WA102	1647413	S	10	31	41	0.0003448537
Alistipes onderdonkii	328813	S	36	5	41	0.0003448537
Panacibacter ginsenosidivorans	1813871	S	40	1	41	0.0003448537
Gemmatimonas phototrophica	1379270	S	40	1	41	0.0003448537
Burkholderia gladioli	28095	S	33	7	40	0.0003364426
Herbaspirillum seropedicae	964	S	29	11	40	0.0003364426
Dechloromonas sp. HYN0024	2231055	S	36	4	40	0.0003364426
Pseudomonas mendocina	300	S	35	5	40	0.0003364426
Bosea sp. Tri-49	1867715	S	36	4	40	0.0003364426
Sphingopyxis sp. EG6	1874061	S	31	9	40	0.0003364426
Tsuneonella amylolytica	2338327	S	35	5	40	0.0003364426
Bdellovibrio bacteriovorus	959	S	36	4	40	0.0003364426
Microbacterium foliorum	104336	S	36	4	40	0.0003364426
Enterocloster bolteae	208479	S	36	4	40	0.0003364426
Lachnospira eligens	39485	S	38	2	40	0.0003364426
Calothrix parasitica	1973486	S	38	2	40	0.0003364426
Paludibacter propionicigenes	185300	S	40	0	40	0.0003364426
Pedobacter cryoconitis	188932	S	39	1	40	0.0003364426
Luteitalea pratensis	1855912	S	40	0	40	0.0003364426
Fusobacterium nucleatum	851	S	30	10	40	0.0003364426
Candidatus Accumulibacter phosphatis	327160	S	38	1	39	0.0003280316
Pseudomonas orientalis	76758	S	35	4	39	0.0003280316
Rahnella aquatilis	34038	S	16	23	39	0.0003280316
Bradyrhizobium sp. PSBB068	2715960	S	32	7	39	0.0003280316
Sphingobium sp. KCTC 72723	2733867	S	38	1	39	0.0003280316
Croceicoccus marinus	450378	S	27	12	39	0.0003280316
Qipengyuania flava	192812	S	26	13	39	0.0003280316
Anaeromyxobacter dehalogenans	161493	S	21	18	39	0.0003280316
Actinoplanes teichomyceticus	1867	S	31	8	39	0.0003280316
Pseudanabaena sp. ABRG5-3	685565	S	38	1	39	0.0003280316
Fluviicola taffensis	191579	S	39	0	39	0.0003280316
Bacteroides intestinalis	329854	S	38	1	39	0.0003280316
Runella sp. HYN0085	2259595	S	36	3	39	0.0003280316
Candidatus Cloacimonas acidaminovorans	456827	S	39	0	39	0.0003280316
Gemmata sp. SH-PL17	1630693	S	25	14	39	0.0003280316
Planctomyces sp. SH-PL14	1632864	S	37	2	39	0.0003280316
Ralstonia insidiosa	190721	S	29	9	38	0.0003196205
Massilia lutea	321985	S	30	8	38	0.0003196205
Bordetella petrii	94624	S	20	18	38	0.0003196205
Castellaniella defragrans	75697	S	28	10	38	0.0003196205
Methylobacterium nodulans	114616	S	37	1	38	0.0003196205
Sphingomonas paucimobilis	13689	S	30	8	38	0.0003196205
Caulobacter flavus	1679497	S	32	6	38	0.0003196205
Plantibacter sp. M259	2583822	S	19	19	38	0.0003196205
Enterococcus faecium	1352	S	26	12	38	0.0003196205
Chryseobacterium sp. NEB161	2724619	S	24	14	38	0.0003196205
Candidatus Solibacter usitatus	332163	S	37	1	38	0.0003196205
Burkholderia cepacia	292	S	19	18	37	0.0003112094
Acinetobacter sp. WCHAc010034	1879049	S	29	8	37	0.0003112094
Acinetobacter sp. WCHA45	2004644	S	20	17	37	0.0003112094
Sinorhizobium meliloti	382	S	26	11	37	0.0003112094
Sphingopyxis sp. FD7	1914525	S	30	7	37	0.0003112094
Novosphingobium sp. THN1	1016987	S	26	11	37	0.0003112094
Microbacterium sp. TPU 3598	1938334	S	32	5	37	0.0003112094
Corynebacterium jeikeium	38289	S	19	18	37	0.0003112094
Coprococcus sp. ART55/1	751585	S	33	4	37	0.0003112094
Runella slithyformis	106	S	35	2	37	0.0003112094
Burkholderia ubonensis	101571	S	14	22	36	0.0003027984
Paraburkholderia phytofirmans	261302	S	25	11	36	0.0003027984
Massilia plicata	321984	S	30	6	36	0.0003027984
Janthinobacterium sp. LM6	1938606	S	23	13	36	0.0003027984
Enterobacter hormaechei	158836	S	10	26	36	0.0003027984
Pantoea vagans	470934	S	22	14	36	0.0003027984
Methylobacterium sp. 4-46	426117	S	34	2	36	0.0003027984
Pseudolabrys sp. FHR47	2562284	S	33	3	36	0.0003027984
Sphingobium sp. TKS	1315974	S	16	20	36	0.0003027984
Sphingopyxis sp. MG	1866325	S	7	29	36	0.0003027984
Novosphingobium pentaromativorans	205844	S	17	19	36	0.0003027984
Brevundimonas diminuta	293	S	15	21	36	0.0003027984
Rathayibacter sp. VKM Ac-2760	2609253	S	26	10	36	0.0003027984
Streptomyces sp. LBUM 1482	2609809	S	2	34	36	0.0003027984
Fischerella sp. NIES-3754	1752063	S	19	17	36	0.0003027984
Chryseobacterium sp. 3008163	2478663	S	32	4	36	0.0003027984
Mucilaginibacter mallensis	652787	S	36	0	36	0.0003027984
Flavobacterium phage vB_FspS_mymlan6-1	2686266	S	9	27	36	0.0003027984
Thauera sp. K11	2005884	S	26	9	35	0.0002943873
Thauera aromatica	59405	S	20	15	35	0.0002943873
Arenimonas daejeonensis	370777	S	35	0	35	0.0002943873
Vibrio vulnificus	672	S	32	3	35	0.0002943873
Sphingomonas sp. C33	2698679	S	33	2	35	0.0002943873
Sphingomonas panacis	1560345	S	34	1	35	0.0002943873
Sphingomonas wittichii	160791	S	24	11	35	0.0002943873
Sphingopyxis fribergensis	1515612	S	29	6	35	0.0002943873
Defluviimonas alba	1335048	S	27	8	35	0.0002943873
Jeotgalibaca porci	1868793	S	33	2	35	0.0002943873
Bacteroides sp. HF-162	2785531	S	7	28	35	0.0002943873
Pedobacter sp. G11	2482728	S	32	3	35	0.0002943873
Polynucleobacter sp. MWH-UH21B	1743174	S	32	2	34	0.0002859762
Thiomonas sp. X19	1050370	S	27	7	34	0.0002859762
Azoarcus olearius	418699	S	25	9	34	0.0002859762
Pseudomonas synxantha	47883	S	27	7	34	0.0002859762
Acinetobacter sp. 10FS3-1	2563897	S	25	9	34	0.0002859762
Methylobacterium durans	2202825	S	32	2	34	0.0002859762
Bradyrhizobium guangdongense	1325090	S	19	15	34	0.0002859762
Bradyrhizobium elkanii	29448	S	1	33	34	0.0002859762
Sinorhizobium fredii	380	S	23	11	34	0.0002859762
Sphingomonas sp. NBWT7	2596913	S	29	5	34	0.0002859762
Novosphingobium ginsenosidimutans	1176536	S	33	1	34	0.0002859762
Roseomonas gilardii	257708	S	30	4	34	0.0002859762
Corallococcus coralloides	184914	S	31	3	34	0.0002859762
Humibacter sp. BT305	2282656	S	5	29	34	0.0002859762
Micromonospora sp. L5	648999	S	4	30	34	0.0002859762
Actinoplanes sp. N902-109	649831	S	24	10	34	0.0002859762
Roseburia hominis	301301	S	28	6	34	0.0002859762
Kordia sp. SMS9	2282170	S	33	1	34	0.0002859762
Cytophaga hutchinsonii	985	S	33	1	34	0.0002859762
Pedobacter sp. HDW13	2714940	S	31	3	34	0.0002859762
Pedobacter ginsengisoli	363852	S	33	1	34	0.0002859762
Aquisphaera giovannonii	406548	S	29	5	34	0.0002859762
Paludisphaera borealis	1387353	S	27	7	34	0.0002859762
Acidovorax cattleyae	80868	S	22	11	33	0.0002775652
Pandoraea pnomenusa	93220	S	24	9	33	0.0002775652
Herbaspirillum rubrisubalbicans	80842	S	25	8	33	0.0002775652
Usitatibacter rugosus	2732067	S	33	0	33	0.0002775652
Acinetobacter sp. FDAARGOS_493	2420300	S	2	31	33	0.0002775652
Acinetobacter wanghuae	2662362	S	32	1	33	0.0002775652
Yersinia pestis	632	S	12	21	33	0.0002775652
Proteus mirabilis	584	S	24	9	33	0.0002775652
Aeromonas sp. ASNIH7	1920107	S	2	31	33	0.0002775652
Methylorubrum populi	223967	S	26	7	33	0.0002775652
Bosea sp. F3-2	2599640	S	28	5	33	0.0002775652
Pannonibacter phragmitetus	121719	S	18	15	33	0.0002775652
Erythrobacter neustonensis	1112	S	29	4	33	0.0002775652
Rhodobacter blasticus	1075	S	32	1	33	0.0002775652
Microbacterium sp. str. 'China'	2103230	S	4	29	33	0.0002775652
Gordonia polyisoprenivorans	84595	S	31	2	33	0.0002775652
Streptococcus equinus	1335	S	26	7	33	0.0002775652
Bacteroides sp. CACC 737	2755405	S	8	25	33	0.0002775652
Pedobacter sp. SW-16	2766984	S	28	5	33	0.0002775652
Lignipirellula cremea	2528010	S	31	2	33	0.0002775652
Thiomonas intermedia	926	S	26	6	32	0.0002691541
Thauera humireducens	1134435	S	26	6	32	0.0002691541
Sphingomonas sp. LMO-1	2681549	S	31	1	32	0.0002691541
Sphingomonas sp. Cra20	1327635	S	31	1	32	0.0002691541
Sphingopyxis sp. 113P3	292913	S	24	8	32	0.0002691541
Sphingopyxis lindanitolerans	2054227	S	26	6	32	0.0002691541
Brevundimonas sp. AJA228-03	2752515	S	31	1	32	0.0002691541
Brevundimonas sp. LM2	1938605	S	30	2	32	0.0002691541
Brevibacterium linens	1703	S	24	8	32	0.0002691541
Staphylococcus hominis	1290	S	29	3	32	0.0002691541
Rivularia sp. PCC 7116	373994	S	30	2	32	0.0002691541
Flavobacterium sp. P2-65	2748320	S	29	3	32	0.0002691541
Flavobacterium kingsejongi	1678728	S	29	3	32	0.0002691541
Gemmatirosa kalamazoonesis	861299	S	32	0	32	0.0002691541
Pirellulimonas nuda	2528009	S	31	1	32	0.0002691541
Tautonia plasticadhaerens	2527974	S	30	2	32	0.0002691541
Cupriavidus campinensis	151783	S	23	8	31	0.0002607430
Cupriavidus gilardii	82541	S	5	26	31	0.0002607430
Herbaspirillum sp. meg3	2025949	S	29	2	31	0.0002607430
Thiomonas arsenitoxydans	426114	S	13	18	31	0.0002607430
Achromobacter sp. AONIH1	1758194	S	18	13	31	0.0002607430
Denitratisoma sp. DHT3	1981880	S	19	12	31	0.0002607430
Azoarcus communis	41977	S	25	6	31	0.0002607430
Psychrobacter sp. P11F6	1699621	S	29	2	31	0.0002607430
Providencia rettgeri	587	S	14	17	31	0.0002607430
Bradyrhizobium sp. CCBAU 51765	1325102	S	25	6	31	0.0002607430
Bradyrhizobium paxllaeri	190148	S	28	3	31	0.0002607430
Bradyrhizobium japonicum	375	S	18	13	31	0.0002607430
Mesorhizobium sp. M2A.F.Ca.ET.046.03.2.1	2493674	S	15	16	31	0.0002607430
Hypericibacter adhaerens	2602016	S	28	3	31	0.0002607430
Campylobacter jejuni	197	S	5	26	31	0.0002607430
Corynebacterium sp. zg-320	2768834	S	26	5	31	0.0002607430
Clostridium butyricum	1492	S	30	1	31	0.0002607430
Sphaerospermopsis kisseleviana	289435	S	26	5	31	0.0002607430
Flavobacterium sp. xlx-214	2654325	S	28	3	31	0.0002607430
Flavobacterium album	2175091	S	30	1	31	0.0002607430
Chryseobacterium carnipullorum	1124835	S	25	6	31	0.0002607430
Sphingobacterium sp. ML3W	1538644	S	28	3	31	0.0002607430
Sphingobacterium spiritivorum	258	S	23	8	31	0.0002607430
Flavihumibacter sp. SB-02	2676868	S	29	2	31	0.0002607430
Variovorax sp. PDNC026	2811425	S	1	29	30	0.0002523320
Polynucleobacter paneuropaeus	2527775	S	28	2	30	0.0002523320
Cupriavidus sp. USMAA2-4	876364	S	4	26	30	0.0002523320
Janthinobacterium sp. Marseille	375286	S	24	6	30	0.0002523320
Herbaspirillum hiltneri	341045	S	27	3	30	0.0002523320
Sulfuritortus calidifontis	1914471	S	24	6	30	0.0002523320
Pseudomonas alcaligenes	43263	S	24	6	30	0.0002523320
Acinetobacter radioresistens	40216	S	27	3	30	0.0002523320
Xanthomonas hortorum	56454	S	26	4	30	0.0002523320
Pseudoxanthomonas mexicana	128785	S	26	4	30	0.0002523320
Rhizobium pusense	648995	S	7	23	30	0.0002523320
Parvibaculum lavamentivorans	256618	S	20	10	30	0.0002523320
Sphingobium sp. MI1205	407020	S	12	18	30	0.0002523320
Sagittula sp. P11	2009329	S	18	12	30	0.0002523320
Brevundimonas vancanneytii	1325724	S	9	21	30	0.0002523320
Terricaulis silvestris	2686094	S	30	0	30	0.0002523320
Aliarcobacter cibarius	255507	S	27	3	30	0.0002523320
Dermacoccus sp. PAMC28757	2762331	S	28	2	30	0.0002523320
Clostridium sp. DL-VIII	641107	S	29	1	30	0.0002523320
Ruminococcus bicirculans	1160721	S	30	0	30	0.0002523320
Flavobacterium alkalisoli	2602769	S	29	1	30	0.0002523320
Mariniflexile sp. TRM1-10	2027857	S	29	1	30	0.0002523320
Pedobacter heparinus	984	S	29	1	30	0.0002523320
Pedobacter steynii	430522	S	29	1	30	0.0002523320
Niastella koreensis	354356	S	27	3	30	0.0002523320
Lacipirellula parvula	2650471	S	29	1	30	0.0002523320
Gimesia chilikensis	2605989	S	17	13	30	0.0002523320
Proteus virus Isfahan	2560650	S	30	0	30	0.0002523320
Ralstonia mannitolilytica	105219	S	18	11	29	0.0002439209
Collimonas arenae	279058	S	26	3	29	0.0002439209
Pseudomonas citronellolis	53408	S	18	11	29	0.0002439209
Pseudomonas graminis	158627	S	25	4	29	0.0002439209
Raoultella ornithinolytica	54291	S	5	24	29	0.0002439209
Shewanella sp. WE21	2029986	S	22	7	29	0.0002439209
Afipia sp. GAS231	1882747	S	16	13	29	0.0002439209
Agrobacterium vitis	373	S	27	2	29	0.0002439209
Methylosinus sp. C49	2699395	S	25	4	29	0.0002439209
Pelagibaca abyssi	1250539	S	21	8	29	0.0002439209
Komagataeibacter xylinus	28448	S	18	11	29	0.0002439209
Stigmatella aurantiaca	41	S	25	4	29	0.0002439209
Microbacterium aurum	36805	S	25	4	29	0.0002439209
Janibacter sp. YB324	2761047	S	17	12	29	0.0002439209
Blautia hansenii	1322	S	21	8	29	0.0002439209
Clostridium saccharoperbutylacetonicum	36745	S	29	0	29	0.0002439209
Chamaesiphon minutus	1173032	S	28	1	29	0.0002439209
Algibacter alginicilyticus	1736674	S	24	5	29	0.0002439209
Belliella baltica	232259	S	25	4	29	0.0002439209
Mucilaginibacter paludis	423351	S	29	0	29	0.0002439209
Mucilaginibacter celer	2305508	S	29	0	29	0.0002439209
Arachidicoccus ginsenosidivorans	496057	S	26	3	29	0.0002439209
Alienimonas californiensis	2527989	S	27	2	29	0.0002439209
Candidatus Symbiobacter mobilis	1436290	S	28	0	28	0.0002355098
Denitratisoma oestradiolicum	311182	S	25	3	28	0.0002355098
Azoarcus sp. DN11	356837	S	21	7	28	0.0002355098
Pseudomonas asturiensis	1190415	S	28	0	28	0.0002355098
Pseudomonas viridiflava	33069	S	27	1	28	0.0002355098
Acinetobacter sp. YH12138	2601122	S	24	4	28	0.0002355098
Acinetobacter sp. ACNIH2	1758189	S	21	7	28	0.0002355098
Acinetobacter pittii	48296	S	14	14	28	0.0002355098
Acinetobacter piscicola	2006115	S	22	6	28	0.0002355098
Psychrobacter sp. DAB_AL43B	1028416	S	27	1	28	0.0002355098
Stenotrophomonas acidaminiphila	128780	S	17	11	28	0.0002355098
Bosea vaviloviae	1526658	S	25	3	28	0.0002355098
Rhizobium etli	29449	S	12	16	28	0.0002355098
Devosia ginsengisoli	400770	S	24	4	28	0.0002355098
Starkeya sp. ORNL1	2709380	S	26	2	28	0.0002355098
Xanthobacter sp. YN2	2528964	S	24	4	28	0.0002355098
Sphingobium amiense	135719	S	11	17	28	0.0002355098
Blastomonas fulva	1550728	S	13	15	28	0.0002355098
Porphyrobacter sp. HT-58-2	2023229	S	24	4	28	0.0002355098
Erythrobacter litoralis	39960	S	22	6	28	0.0002355098
Paracoccus sp. Arc7-R13	2500532	S	26	2	28	0.0002355098
Caulobacter mirabilis	69666	S	26	2	28	0.0002355098
Tistrella mobilis	171437	S	21	7	28	0.0002355098
Roseococcus sp. NIBR12	2771361	S	28	0	28	0.0002355098
Kytococcus sedentarius	1276	S	25	3	28	0.0002355098
Streptomyces ambofaciens	1889	S	24	4	28	0.0002355098
Amycolatopsis mediterranei	33910	S	28	0	28	0.0002355098
Actinomadura sp. WMMB 499	1219491	S	25	3	28	0.0002355098
Clostridium beijerinckii	1520	S	16	12	28	0.0002355098
Nostoc sp. CENA543	1869241	S	25	3	28	0.0002355098
Nostoc linckia	92942	S	18	10	28	0.0002355098
Anabaena cylindrica	1165	S	23	5	28	0.0002355098
Urechidicola croceus	1850246	S	17	11	28	0.0002355098
Bacteroides eggerthii	28111	S	24	4	28	0.0002355098
Prevotella sp. WR041	2801997	S	28	0	28	0.0002355098
Spirosoma sp. PL0136	2710596	S	27	1	28	0.0002355098
Sphingobacterium multivorum	28454	S	14	14	28	0.0002355098
Niabella soli	446683	S	26	2	28	0.0002355098
Cupriavidus pinatubonensis	248026	S	19	8	27	0.0002270988
Bordetella sp. N	1746199	S	26	1	27	0.0002270988
Pseudomonas sp. 15A4	2804761	S	24	3	27	0.0002270988
Pseudomonas rhizosphaerae	216142	S	27	0	27	0.0002270988
Pseudomonas knackmussii	65741	S	21	6	27	0.0002270988
Xanthomonas citri	346	S	20	7	27	0.0002270988
Bradyrhizobium cosmicum	1404864	S	22	5	27	0.0002270988
Aquabacter sp. L1I39	2820278	S	25	2	27	0.0002270988
Paradevosia shaoguanensis	1335043	S	9	18	27	0.0002270988
Brucella anthropi	529	S	7	20	27	0.0002270988
Novosphingobium sp. Gsoil 351	2675225	S	27	0	27	0.0002270988
Confluentimicrobium sp. EMB200-NS6	1609966	S	16	11	27	0.0002270988
Brevundimonas sp. LVF1	2774189	S	23	4	27	0.0002270988
Brevundimonas sp. DS20	1532555	S	9	18	27	0.0002270988
Hypericibacter terrae	2602015	S	25	2	27	0.0002270988
Chondromyces crocatus	52	S	26	1	27	0.0002270988
Nocardioides aromaticivorans	200618	S	22	5	27	0.0002270988
Conexibacter woesei	191495	S	26	1	27	0.0002270988
Paenibacillus polymyxa	1406	S	13	14	27	0.0002270988
Streptococcus salivarius	1304	S	19	8	27	0.0002270988
Weissella cibaria	137591	S	26	1	27	0.0002270988
Flavobacterium magnum	2162713	S	25	2	27	0.0002270988
Winogradskyella sediminis	1382466	S	20	7	27	0.0002270988
Wenyingzhuangia fucanilytica	1790137	S	24	3	27	0.0002270988
Pedobacter sp. CJ43	2605747	S	27	0	27	0.0002270988
Mucilaginibacter sp. 14171R-50	2703789	S	27	0	27	0.0002270988
Mucilaginibacter sp. F39-2	2728022	S	27	0	27	0.0002270988
Azospira sp. I09	1765049	S	9	17	26	0.0002186877
Acinetobacter bereziniae	106648	S	24	2	26	0.0002186877
Psychrobacter sp. PRwf-1	349106	S	16	10	26	0.0002186877
Psychrobacter maritimus	256325	S	3	23	26	0.0002186877
Lysobacter capsici	435897	S	22	4	26	0.0002186877
Enterobacter roggenkampii	1812935	S	12	14	26	0.0002186877
Bradyrhizobium ottawaense	931866	S	3	23	26	0.0002186877
Bosea sp. PAMC 26642	1792307	S	24	2	26	0.0002186877
Bosea sp. ANAM02	2020412	S	22	4	26	0.0002186877
Agrobacterium fabacearum	1183401	S	7	19	26	0.0002186877
Aminobacter sp. MSH1	374606	S	18	8	26	0.0002186877
Hyphomicrobium nitrativorans	1427356	S	25	1	26	0.0002186877
Hyphomicrobium denitrificans	53399	S	23	3	26	0.0002186877
Sphingomonas sp. DH-S5	2759526	S	25	1	26	0.0002186877
Sphingomonas sp. AP4-R1	2735134	S	25	1	26	0.0002186877
Sphingobium sp. SYK-6	627192	S	21	5	26	0.0002186877
Phaeobacter gallaeciensis	60890	S	16	10	26	0.0002186877
Herbiconiux sp. SALV-R1	2735133	S	24	2	26	0.0002186877
Arthrobacter sp. TES	2774874	S	2	24	26	0.0002186877
Nocardioides sp. JS614	196162	S	23	3	26	0.0002186877
Mycolicibacterium helvum	1534349	S	25	1	26	0.0002186877
Mycolicibacterium sediminis	1286180	S	24	2	26	0.0002186877
Nocardia terpenica	455432	S	24	2	26	0.0002186877
Streptomyces spectabilis	68270	S	24	2	26	0.0002186877
Actinomyces oris	544580	S	12	14	26	0.0002186877
Bacillus velezensis	492670	S	10	16	26	0.0002186877
Flavobacterium pallidum	2172098	S	25	1	26	0.0002186877
Lutibacter profundi	1622118	S	25	1	26	0.0002186877
Chryseobacterium shandongense	1493872	S	19	7	26	0.0002186877
Kaistella jeonii	266749	S	26	0	26	0.0002186877
Aquiflexum balticum	280473	S	25	1	26	0.0002186877
Pedobacter sp. JBR3-12	2789740	S	25	1	26	0.0002186877
Burkholderia lata	482957	S	17	8	25	0.0002102766
Burkholderia thailandensis	57975	S	15	10	25	0.0002102766
Pandoraea thiooxydans	445709	S	24	1	25	0.0002102766
Noviherbaspirillum sp. UKPF54	2601898	S	23	2	25	0.0002102766
Achromobacter sp. MFA1 R4	1881016	S	22	3	25	0.0002102766
Candidatus Methylopumilus planktonicus	1581557	S	22	3	25	0.0002102766
Methylophilus medardicus	2588534	S	21	4	25	0.0002102766
Methyloversatilis sp. RAC08	1842540	S	24	1	25	0.0002102766
Sterolibacterium denitrificans	157592	S	21	4	25	0.0002102766
Casimicrobium huifangae	2591109	S	21	4	25	0.0002102766
Pseudomonas gozinkensis	2774461	S	20	5	25	0.0002102766
Acinetobacter ursingii	108980	S	20	5	25	0.0002102766
Rhodanobacter sp. FDAARGOS 1247	2778082	S	22	3	25	0.0002102766
Legionella oakridgensis	29423	S	24	1	25	0.0002102766
Bradyrhizobium sp. LCT2	2493093	S	6	19	25	0.0002102766
Shinella sp. HZN7	879274	S	16	9	25	0.0002102766
Blastochloris tepida	2233851	S	21	4	25	0.0002102766
Sphingomonas panacisoli	1813879	S	25	0	25	0.0002102766
Sphingopyxis granuli	267128	S	6	19	25	0.0002102766
Altererythrobacter atlanticus	1267766	S	19	6	25	0.0002102766
Paracoccus contaminans	1945662	S	23	2	25	0.0002102766
Rhodobacter capsulatus	1061	S	24	1	25	0.0002102766
Brevundimonas sp. GRTSA-9	2800818	S	24	1	25	0.0002102766
Asticcacaulis excentricus	78587	S	25	0	25	0.0002102766
Azospirillum lipoferum	193	S	19	6	25	0.0002102766
Skermanella sp. TT6	2775420	S	13	12	25	0.0002102766
Aliarcobacter butzleri	28197	S	22	3	25	0.0002102766
Arcobacter ellisii	913109	S	22	3	25	0.0002102766
Archangium gephyra	48	S	21	4	25	0.0002102766
Microbacterium sp. Y-01	2048898	S	20	5	25	0.0002102766
Plantibacter flavus	150123	S	15	10	25	0.0002102766
Mycolicibacterium aurum	1791	S	23	2	25	0.0002102766
Mycolicibacterium litorale	758802	S	22	3	25	0.0002102766
Mycolicibacterium boenickei	146017	S	7	18	25	0.0002102766
Mycobacteroides salmoniphilum	404941	S	24	1	25	0.0002102766
Tsukamurella paurometabola	2061	S	23	2	25	0.0002102766
Streptomyces lincolnensis	1915	S	24	1	25	0.0002102766
Amycolatopsis sp. FDAARGOS 1241	2778070	S	24	1	25	0.0002102766
Streptococcus mitis	28037	S	21	4	25	0.0002102766
Longibaculum sp. KGMB06250	2584943	S	10	15	25	0.0002102766
Winogradskyella sp. PG-2	754409	S	23	2	25	0.0002102766
Algibacter sp. L3A6	2686366	S	19	6	25	0.0002102766
Chryseobacterium glaciei	1685010	S	22	3	25	0.0002102766
Ornithobacterium rhinotracheale	28251	S	21	4	25	0.0002102766
Phocaeicola coprophilus	387090	S	20	5	25	0.0002102766
Prevotella intermedia	28131	S	23	2	25	0.0002102766
Arcticibacterium luteifluviistationis	1784714	S	24	1	25	0.0002102766
Pseudocnuella soli	2502779	S	23	2	25	0.0002102766
Gemmatimonas aurantiaca	173480	S	25	0	25	0.0002102766
Burkholderia plantarii	41899	S	21	3	24	0.0002018656
Burkholderia glumae	337	S	18	6	24	0.0002018656
Janthinobacterium sp. PLB02	2808899	S	7	17	24	0.0002018656
Herbaspirillum huttiense	863372	S	17	7	24	0.0002018656
Azoarcus sp. CIB	198107	S	17	7	24	0.0002018656
Aromatoleum bremense	76115	S	17	7	24	0.0002018656
Pseudomonas sp. URMO17WK12:I11	1283291	S	16	8	24	0.0002018656
Pseudomonas sp. Y39-6	2749807	S	7	17	24	0.0002018656
Pseudomonas arsenicoxydans	702115	S	23	1	24	0.0002018656
Pseudomonas allokribbensis	2774460	S	21	3	24	0.0002018656
Pseudomonas granadensis	1421430	S	19	5	24	0.0002018656
Acinetobacter equi	1324350	S	24	0	24	0.0002018656
Acinetobacter lanii	2715163	S	24	0	24	0.0002018656
Psychrobacter cryohalolentis	330922	S	10	14	24	0.0002018656
Xanthomonas oryzae	347	S	24	0	24	0.0002018656
Rhodanobacter denitrificans	666685	S	22	2	24	0.0002018656
Serratia marcescens	615	S	12	12	24	0.0002018656
Bradyrhizobium canariense	255045	S	23	1	24	0.0002018656
Rhizobium sp. S41	1869170	S	2	22	24	0.0002018656
Neorhizobium galegae	399	S	23	1	24	0.0002018656
Ensifer adhaerens	106592	S	19	5	24	0.0002018656
Sphingomonas sp. MK52	2711156	S	23	1	24	0.0002018656
Sphingomonas sp. KC8	1030157	S	19	5	24	0.0002018656
Sphingomonas sp. C8-2	2492837	S	14	10	24	0.0002018656
Sphingopyxis sp. OPL5	2486273	S	23	1	24	0.0002018656
Croceicoccus sp. YJ47	2798724	S	19	5	24	0.0002018656
Paracoccus liaowanqingii	2560053	S	24	0	24	0.0002018656
Phaeobacter inhibens	221822	S	16	8	24	0.0002018656
Brevundimonas sp. MF30-B	2561924	S	23	1	24	0.0002018656
Microbacterium sp. BH-3-3-3	1906742	S	22	2	24	0.0002018656
Dietzia timorensis	499555	S	16	8	24	0.0002018656
Amycolatopsis sp. Hca4	2742131	S	22	2	24	0.0002018656
Jiangella alkaliphila	419479	S	22	2	24	0.0002018656
Actinomarinicola tropica	2789776	S	24	0	24	0.0002018656
Enterococcus faecalis	1351	S	22	2	24	0.0002018656
Lacrimispora saccharolytica	84030	S	22	2	24	0.0002018656
Clostridium kluyveri	1534	S	24	0	24	0.0002018656
Cylindrospermum stagnale	142864	S	22	2	24	0.0002018656
Calothrix sp. NIES-2100	1954172	S	12	12	24	0.0002018656
Calothrix parietina	32054	S	23	1	24	0.0002018656
Planktothrix agardhii	1160	S	15	9	24	0.0002018656
Gloeothece citriformis	2546356	S	23	1	24	0.0002018656
Leptolyngbya sp. PCC 7376	111781	S	22	2	24	0.0002018656
Polaribacter sp. KT 15	1896175	S	9	15	24	0.0002018656
Cellulophaga lytica	979	S	20	4	24	0.0002018656
Mesoflavibacter profundi	2708110	S	2	22	24	0.0002018656
Olleya sp. Bg11-27	2058135	S	10	14	24	0.0002018656
Elizabethkingia sp. JS20170427COW	2583851	S	23	1	24	0.0002018656
Mucilaginibacter gotjawali	1550579	S	24	0	24	0.0002018656
Cupriavidus nantongensis	1796606	S	8	15	23	0.0001934545
Achromobacter insolitus	217204	S	20	3	23	0.0001934545
Orrella dioscoreae	1851544	S	20	3	23	0.0001934545
Pseudomonas sp. TMW 2.1634	1886807	S	7	16	23	0.0001934545
Pseudomonas lundensis	86185	S	22	1	23	0.0001934545
Pseudomonas frederiksbergensis	104087	S	20	3	23	0.0001934545
Acinetobacter variabilis	70346	S	13	10	23	0.0001934545
Cellvibrio sp. PSBB023	1945512	S	22	1	23	0.0001934545
Methylovulum psychrotolerans	1704499	S	23	0	23	0.0001934545
Solimonas sp. K1W22B-7	2303331	S	23	0	23	0.0001934545
Bradyrhizobium sp. ORS 278	114615	S	20	3	23	0.0001934545
Bradyrhizobium sp. CCBAU 53421	1325120	S	19	4	23	0.0001934545
Bradyrhizobium guangzhouense	1325095	S	14	9	23	0.0001934545
Shinella sp. PSBB067	2715959	S	14	9	23	0.0001934545
Devosia sp. S02	2657486	S	21	2	23	0.0001934545
Pseudorhodoplanes sinuspersici	1235591	S	23	0	23	0.0001934545
Sphingomonas sp. LK11	1390395	S	20	3	23	0.0001934545
Sphingobium sp. RAC03	1843368	S	21	2	23	0.0001934545
Sphingobium sp. CAP-1	2676077	S	14	9	23	0.0001934545
Blastomonas sp. RAC04	1842535	S	14	9	23	0.0001934545
Sphingosinithalassobacter sp. CS137	2762748	S	22	1	23	0.0001934545
Rhodobacter sp. LPB0142	1850250	S	16	7	23	0.0001934545
Magnetospirillum sp. XM-1	1663591	S	18	5	23	0.0001934545
Micavibrio aeruginosavorus	349221	S	23	0	23	0.0001934545
Microbacterium sp. SGAir0570	2070348	S	4	19	23	0.0001934545
Leifsonia xyli	1575	S	20	3	23	0.0001934545
Arthrobacter alpinus	656366	S	20	3	23	0.0001934545
Paenarthrobacter sp. YJN-D	2735317	S	20	3	23	0.0001934545
Tessaracoccus flavescens	399497	S	15	8	23	0.0001934545
Brevilactibacter sp. MC1595	2819349	S	20	3	23	0.0001934545
Mycolicibacterium phlei	1771	S	20	3	23	0.0001934545
Mycobacterium avium	1764	S	19	4	23	0.0001934545
Rhodococcus sp. 008	1723645	S	6	17	23	0.0001934545
Rhodococcus rhodochrous	1829	S	19	4	23	0.0001934545
Rhodococcus opacus	37919	S	19	4	23	0.0001934545
Rhodococcus aetherivorans	191292	S	3	20	23	0.0001934545
Nocardia brasiliensis	37326	S	21	2	23	0.0001934545
Streptomyces sp. TLI_053	1855352	S	21	2	23	0.0001934545
Streptomyces sp. RLB1-9	2594454	S	1	22	23	0.0001934545
Pseudonocardia dioxanivorans	240495	S	21	2	23	0.0001934545
Saccharopolyspora erythraea	1836	S	22	1	23	0.0001934545
Lentzea guizhouensis	1586287	S	22	1	23	0.0001934545
Streptococcus lutetiensis	150055	S	7	16	23	0.0001934545
Nostoc edaphicum	264686	S	15	8	23	0.0001934545
Geminocystis herdmanii	669359	S	21	2	23	0.0001934545
Synechococcus sp. CBW1006	1353138	S	3	20	23	0.0001934545
Tenacibaculum todarodis	1850252	S	18	5	23	0.0001934545
Kordia antarctica	1218801	S	22	1	23	0.0001934545
Chryseobacterium indologenes	253	S	18	5	23	0.0001934545
Chryseobacterium bernardetii	1241978	S	11	12	23	0.0001934545
Rhodocytophaga rosea	2704465	S	23	0	23	0.0001934545
Filimonas lacunae	477680	S	21	2	23	0.0001934545
Paludibaculum fermentans	1473598	S	23	0	23	0.0001934545
Candidatus Nitrosotalea okcheonensis	1903276	S	23	0	23	0.0001934545
Polaromonas sp. E10S	1840239	S	2	20	22	0.0001850434
Herbaspirillum frisingense	92645	S	17	5	22	0.0001850434
Achromobacter denitrificans	32002	S	15	7	22	0.0001850434
Azoarcus sp. M9-3-2	2016596	S	21	1	22	0.0001850434
Azospira oryzae	146939	S	9	13	22	0.0001850434
Niveibacterium sp. HC41	2811415	S	21	1	22	0.0001850434
Pseudomonas sp. Z003-0.4C(8344-21)	1855380	S	15	7	22	0.0001850434
Pseudomonas palleroniana	191390	S	21	1	22	0.0001850434
Acinetobacter sp. NCu2D-2	1608473	S	21	1	22	0.0001850434
Acinetobacter sp. BEC1-S18-ESBL-01	2675741	S	1	21	22	0.0001850434
Acinetobacter guillouiae	106649	S	20	2	22	0.0001850434
Serratia fonticola	47917	S	19	3	22	0.0001850434
Yersinia ruckeri	29486	S	20	2	22	0.0001850434
Shewanella baltica	62322	S	15	7	22	0.0001850434
Glaciecola amylolytica	2489595	S	22	0	22	0.0001850434
Tolumonas auensis	43948	S	19	3	22	0.0001850434
Piscirickettsia salmonis	1238	S	22	0	22	0.0001850434
Bradyrhizobium icense	1274631	S	20	2	22	0.0001850434
Bradyrhizobium oligotrophicum	44255	S	20	2	22	0.0001850434
Bosea sp. AS-1	2015316	S	19	3	22	0.0001850434
Tardiphaga robiniae	943830	S	21	1	22	0.0001850434
Rhizobium phaseoli	396	S	8	14	22	0.0001850434
Mesorhizobium sp. N3	675281	S	20	2	22	0.0001850434
Labrys sp. KNU-23	2789216	S	21	1	22	0.0001850434
Erythrobacter sp. 6D36	2782568	S	20	2	22	0.0001850434
Tsuneonella dongtanensis	692370	S	21	1	22	0.0001850434
Sulfitobacter sp. AM1-D1	1917485	S	12	10	22	0.0001850434
Salipiger pacificus	311180	S	21	1	22	0.0001850434
Brevundimonas subvibrioides	74313	S	21	1	22	0.0001850434
Caulobacter sp. FWC26	69665	S	15	7	22	0.0001850434
Phreatobacter stygius	1940610	S	21	1	22	0.0001850434
Poseidonibacter parvus	1850254	S	3	19	22	0.0001850434
Myxococcus xanthus	34	S	19	3	22	0.0001850434
Geobacter sp. M18	443143	S	17	5	22	0.0001850434
Microbacterium schleiferi	69362	S	17	5	22	0.0001850434
Leifsonia sp. 21MFCrub1.1	1798223	S	10	12	22	0.0001850434
Micropruina glycogenica	75385	S	21	1	22	0.0001850434
Mycobacterium intracellulare	1767	S	6	16	22	0.0001850434
Mycobacteroides abscessus	36809	S	14	8	22	0.0001850434
Rhodococcus sp. AQ5-07	2054902	S	8	14	22	0.0001850434
Streptomyces albus	1888	S	21	1	22	0.0001850434
Amycolatopsis orientalis	31958	S	20	2	22	0.0001850434
Actinosynnema pretiosum	42197	S	8	14	22	0.0001850434
Actinomadura verrucosospora	46165	S	17	5	22	0.0001850434
Nonomuraea sp. ATCC 55076	1909395	S	21	1	22	0.0001850434
Nonomuraea nitratireducens	2656914	S	21	1	22	0.0001850434
Frankia alni	1859	S	19	3	22	0.0001850434
Geodermatophilus obscurus	1861	S	20	2	22	0.0001850434
Baekduia soli	496014	S	22	0	22	0.0001850434
Lactiplantibacillus plantarum	1590	S	6	16	22	0.0001850434
Trichormus azollae	1164	S	20	2	22	0.0001850434
Flavobacterium arcticum	1784713	S	21	1	22	0.0001850434
Formosa sp. L2A11	2686363	S	17	5	22	0.0001850434
Myroides odoratus	256	S	21	1	22	0.0001850434
Lacinutrix sp. WUR7	2653681	S	19	3	22	0.0001850434
Psychroflexus torquis	57029	S	22	0	22	0.0001850434
Salegentibacter sp. T436	1729720	S	12	10	22	0.0001850434
Croceibacter atlanticus	313588	S	19	3	22	0.0001850434
Zunongwangia profunda	398743	S	11	11	22	0.0001850434
Chryseobacterium cucumeris	1813611	S	19	3	22	0.0001850434
Spirosoma sp. KCTC 42546	2520506	S	22	0	22	0.0001850434
Flammeovirga sp. MY04	1191459	S	21	1	22	0.0001850434
Pedobacter sp. PACM 27299	1727164	S	21	1	22	0.0001850434
Chitinophaga sp. 1310	2725416	S	3	19	22	0.0001850434
Stieleria maiorica	2795974	S	18	4	22	0.0001850434
Pirellula sp. SH-Sr6A	1632865	S	22	0	22	0.0001850434
Rosistilla oblonga	2527990	S	18	4	22	0.0001850434
Bremerella volcania	2527984	S	21	1	22	0.0001850434
Calycomorphotria hydatis	2528027	S	22	0	22	0.0001850434
Methanosarcina barkeri	2208	S	20	2	22	0.0001850434
Burkholderia pyrrocinia	60550	S	15	6	21	0.0001766324
Burkholderia anthina	179879	S	12	9	21	0.0001766324
Paraburkholderia caribensis	75105	S	16	5	21	0.0001766324
Paraburkholderia hospita	169430	S	12	9	21	0.0001766324
Paraburkholderia xenovorans	36873	S	12	9	21	0.0001766324
Pandoraea vervacti	656178	S	17	4	21	0.0001766324
Pandoraea oxalativorans	573737	S	16	5	21	0.0001766324
Sulfuricella denitrificans	649841	S	21	0	21	0.0001766324
Aromatoleum petrolei	76116	S	16	5	21	0.0001766324
Pseudomonas sp. IzPS59	2774459	S	17	4	21	0.0001766324
Pseudomonas psychrophila	122355	S	20	1	21	0.0001766324
Pseudomonas yamanorum	515393	S	19	2	21	0.0001766324
Pseudomonas extremaustralis	359110	S	19	2	21	0.0001766324
Acinetobacter sp. MYb10	1827285	S	19	2	21	0.0001766324
Lysobacter solisilvae	2763317	S	20	1	21	0.0001766324
Proteus vulgaris	585	S	13	8	21	0.0001766324
Vibrio alginolyticus	663	S	8	13	21	0.0001766324
Cellvibrio sp. KY-GH-1	2303332	S	20	1	21	0.0001766324
Microvirga ossetica	1882682	S	19	2	21	0.0001766324
Bradyrhizobium sp. 6(2017)	1197460	S	18	3	21	0.0001766324
Bradyrhizobium betae	244734	S	14	7	21	0.0001766324
Mesorhizobium sp. M2A.F.Ca.ET.043.02.1.1	2493670	S	11	10	21	0.0001766324
Roseitalea porphyridii	1852022	S	20	1	21	0.0001766324
Sphingomonas sp. LM7	1938607	S	20	1	21	0.0001766324
Sphingopyxis sp. QXT-31	1357916	S	19	2	21	0.0001766324
Altererythrobacter sp. TH136	2067415	S	20	1	21	0.0001766324
Altererythrobacter sp. B11	2060312	S	17	4	21	0.0001766324
Aurantiacibacter atlanticus	1648404	S	14	7	21	0.0001766324
Paracoccus kondratievae	135740	S	19	2	21	0.0001766324
Rhodobacter sp. CZR27	2033869	S	19	2	21	0.0001766324
Roseivivax sp. THAF30	2587852	S	9	12	21	0.0001766324
Azospirillum sp. TSH58	664962	S	12	9	21	0.0001766324
Rhodospirillum centenum	34018	S	17	4	21	0.0001766324
Arcobacter cloacae	1054034	S	18	3	21	0.0001766324
Desulfovibrio vulgaris	881	S	21	0	21	0.0001766324
Microbacterium sp. PAMC 28756	1795053	S	10	11	21	0.0001766324
Pedococcus dokdonensis	443156	S	20	1	21	0.0001766324
Nocardioides sp. S-713	2760089	S	17	4	21	0.0001766324
Nocardioides sp. S5	2017486	S	16	5	21	0.0001766324
Nocardioides humi	449461	S	18	3	21	0.0001766324
Corynebacterium urealyticum	43771	S	16	5	21	0.0001766324
Nocardia cyriacigeorgica	135487	S	17	4	21	0.0001766324
Gordonia rubripertincta	36822	S	15	6	21	0.0001766324
Streptomyces tsukubensis	83656	S	20	1	21	0.0001766324
Kitasatospora albolonga	68173	S	15	6	21	0.0001766324
Micromonospora sp. B006	2201999	S	15	6	21	0.0001766324
Amycolatopsis sp. AA4	1896961	S	20	1	21	0.0001766324
Saccharothrix espanaensis	103731	S	20	1	21	0.0001766324
Kibdelosporangium phytohabitans	860235	S	21	0	21	0.0001766324
Priestia megaterium	1404	S	18	3	21	0.0001766324
Blautia argi	1912897	S	19	2	21	0.0001766324
[Clostridium] scindens	29347	S	19	2	21	0.0001766324
Clostridium sporogenes	1509	S	5	16	21	0.0001766324
Acetobacterium sp. KB-1	2184575	S	20	1	21	0.0001766324
Pelosinus fermentans	365349	S	20	1	21	0.0001766324
Nostoc sp. NIES-4103	2005458	S	18	3	21	0.0001766324
Nostoc piscinale	224012	S	17	4	21	0.0001766324
Nostoc punctiforme	272131	S	8	13	21	0.0001766324
Calothrix sp. NIES-2098	1954171	S	10	11	21	0.0001766324
Dactylococcopsis salina	292566	S	14	7	21	0.0001766324
Flavobacterium sediminis	2201181	S	13	8	21	0.0001766324
Polaribacter haliotis	1888915	S	13	8	21	0.0001766324
Winogradskyella forsetii	2686077	S	14	7	21	0.0001766324
Winogradskyella schleiferi	2686078	S	11	10	21	0.0001766324
Aquimarina sp. TRL1	2736252	S	21	0	21	0.0001766324
Chryseobacterium sp. IHB B 17019	1721091	S	20	1	21	0.0001766324
Elizabethkingia anophelis	1117645	S	11	10	21	0.0001766324
Flammeovirga pectinis	2494373	S	20	1	21	0.0001766324
Mucilaginibacter xinganensis	1234841	S	21	0	21	0.0001766324
Mucilaginibacter gossypii	551996	S	13	8	21	0.0001766324
Chitinophaga caeni	2029983	S	20	1	21	0.0001766324
Chitinophaga pinensis	79329	S	19	2	21	0.0001766324
Flavisolibacter tropicus	1492898	S	18	3	21	0.0001766324
Methanobrevibacter smithii	2173	S	20	1	21	0.0001766324
Chimeric virus 14	1608440	S	21	0	21	0.0001766324
Delftia sp. Cs1-4	742013	S	7	13	20	0.0001682213
Burkholderia sp. LA-2-3-30-S1-D2	1637862	S	13	7	20	0.0001682213
Bordetella hinzii	103855	S	17	3	20	0.0001682213
Sulfuriferula plumbiphila	171865	S	18	2	20	0.0001682213
Thauera chlorobenzoica	96773	S	14	6	20	0.0001682213
Pseudomonas poae	200451	S	16	4	20	0.0001682213
Pseudomonas atacamensis	2565368	S	13	7	20	0.0001682213
Azotobacter salinestris	69964	S	16	4	20	0.0001682213
Acinetobacter sp. FDAARGOS_724	2545797	S	9	11	20	0.0001682213
Pseudoxanthomonas suwonensis	314722	S	20	0	20	0.0001682213
Klebsiella quasipneumoniae	1463165	S	9	11	20	0.0001682213
Vibrio parahaemolyticus	670	S	17	3	20	0.0001682213
Legionella hackeliae	449	S	16	4	20	0.0001682213
Haemophilus parainfluenzae	729	S	19	1	20	0.0001682213
Methylobacterium sp. 17Sr1-1	2202826	S	17	3	20	0.0001682213
Bradyrhizobium genosp. L	83637	S	18	2	20	0.0001682213
Starkeya novella	921	S	17	3	20	0.0001682213
Chelatococcus sp. CO-6	1702325	S	16	4	20	0.0001682213
Sphingomonas sp. HMP6	1517551	S	19	1	20	0.0001682213
Roseovarius indicus	540747	S	14	6	20	0.0001682213
Celeribacter indicus	1208324	S	13	7	20	0.0001682213
Magnetospirillum magneticum	84159	S	18	2	20	0.0001682213
Defluviicoccus vanus	111831	S	18	2	20	0.0001682213
Phreatobacter sp. NMCR1094	2570229	S	18	2	20	0.0001682213
[Arcobacter] porcinus	1935204	S	17	3	20	0.0001682213
Pyxidicoccus sp. SCPEA002	2813578	S	19	1	20	0.0001682213
Anaeromyxobacter sp. Fw109-5	404589	S	19	1	20	0.0001682213
Desulfonema limicola	45656	S	20	0	20	0.0001682213
Persicimonas caeni	2292766	S	20	0	20	0.0001682213
Bdellovibrio sp. NC01	2220073	S	17	3	20	0.0001682213
Gryllotalpicola protaetiae	2419771	S	19	1	20	0.0001682213
Janibacter melonis	262209	S	19	1	20	0.0001682213
Brevibacterium casei	33889	S	18	2	20	0.0001682213
Nocardioides sp. zg-1228	2763008	S	17	3	20	0.0001682213
Marmoricola scoriae	642780	S	17	3	20	0.0001682213
Mycolicibacterium mageritense	53462	S	19	1	20	0.0001682213
Streptomyces lydicus	47763	S	17	3	20	0.0001682213
Candidatus Nanopelagicus abundans	1884916	S	20	0	20	0.0001682213
Phytohabitans suffuscus	624315	S	18	2	20	0.0001682213
Amycolatopsis albispora	1804986	S	17	3	20	0.0001682213
Pseudonocardia broussonetiae	2736640	S	18	2	20	0.0001682213
Bifidobacterium pseudocatenulatum	28026	S	15	5	20	0.0001682213
Streptosporangium roseum	2001	S	18	2	20	0.0001682213
Blastococcus saxobsidens	138336	S	19	1	20	0.0001682213
Lachnoclostridium sp. YL32	1834196	S	8	12	20	0.0001682213
Flavonifractor plautii	292800	S	20	0	20	0.0001682213
Nostoc sp. TCL240-02	2572090	S	10	10	20	0.0001682213
Rippkaea orientalis	2546366	S	19	1	20	0.0001682213
Cellulophaga sp. L1A9	2686362	S	15	5	20	0.0001682213
Chryseobacterium sp. G0162	2487063	S	10	10	20	0.0001682213
Kaistella flava (ex Peng et al. 2021)	2038776	S	19	1	20	0.0001682213
Chryseobacterium taklimakanense	536441	S	16	4	20	0.0001682213
Dyadobacter sp. Q3-56	2747268	S	18	2	20	0.0001682213
Adhaeribacter radiodurans	2745197	S	20	0	20	0.0001682213
Chryseolinea soli	2321403	S	19	1	20	0.0001682213
Arachidicoccus soli	2341117	S	18	2	20	0.0001682213
Flavisolibacter ginsenosidimutans	661481	S	19	1	20	0.0001682213
Fuerstia marisgermanicae	1891926	S	20	0	20	0.0001682213
Candidatus Saccharimonas aalborgensis	1332188	S	18	2	20	0.0001682213
Methanosarcina mazei	2209	S	18	2	20	0.0001682213
Paraburkholderia tropica	92647	S	17	2	19	0.0001598102
Bordetella genomosp. 13	463040	S	14	5	19	0.0001598102
Chromobacterium violaceum	536	S	16	3	19	0.0001598102
Sulfurimicrobium lacus	2715678	S	18	1	19	0.0001598102
Thiobacillus denitrificans	36861	S	18	1	19	0.0001598102
Pseudomonas sp. SNU WT1	2518644	S	19	0	19	0.0001598102
Pseudomonas prosekii	1148509	S	18	1	19	0.0001598102
Acinetobacter sp.	472	S	1	18	19	0.0001598102
Acinetobacter seifertii	1530123	S	16	3	19	0.0001598102
Acinetobacter defluvii	1871111	S	14	5	19	0.0001598102
Stenotrophomonas sp. 169	2770322	S	19	0	19	0.0001598102
Stenotrophomonas sp. LM091	1904944	S	18	1	19	0.0001598102
Xanthomonas translucens	343	S	18	1	19	0.0001598102
Pseudoxanthomonas spadix	415229	S	18	1	19	0.0001598102
Klebsiella grimontii	2058152	S	5	14	19	0.0001598102
Serratia plymuthica	82996	S	12	7	19	0.0001598102
Alteromonas macleodii	28108	S	15	4	19	0.0001598102
Thiocystis violascens	73141	S	19	0	19	0.0001598102
Bradyrhizobium sp. CCBAU 53351	1325114	S	11	8	19	0.0001598102
Bradyrhizobium symbiodeficiens	1404367	S	15	4	19	0.0001598102
Rhizobium sp. Khangiran2	1435607	S	9	10	19	0.0001598102
Rhizobium rosettiformans	1368430	S	13	6	19	0.0001598102
Mesorhizobium sp. 8	2584466	S	17	2	19	0.0001598102
Aureimonas populi	1701758	S	18	1	19	0.0001598102
Nordella sp. HKS 07	2712222	S	19	0	19	0.0001598102
Sphingomonas sp. IC081	304378	S	5	14	19	0.0001598102
Sphingopyxis alaskensis	117207	S	18	1	19	0.0001598102
Erythrobacter sp. A30-3	2785907	S	11	8	19	0.0001598102
Croceicoccus naphthovorans	1348774	S	8	11	19	0.0001598102
Qipengyuania sediminis	1532023	S	19	0	19	0.0001598102
Pontivivens sp. MT2928	2789856	S	19	0	19	0.0001598102
Epibacterium mobile	379347	S	15	4	19	0.0001598102
Azospirillum sp. TSA2s	709810	S	12	7	19	0.0001598102
Magnetospirillum sp. ME-1	1639348	S	15	4	19	0.0001598102
Nitrospirillum amazonense	28077	S	18	1	19	0.0001598102
Roseomonas sp. FDAARGOS_362	2018065	S	6	13	19	0.0001598102
Phreatobacter cathodiphilus	1868589	S	17	2	19	0.0001598102
Microbacterium sp. 4R-513	2567934	S	18	1	19	0.0001598102
Rathayibacter sp. VKM Ac-2804	2609257	S	11	8	19	0.0001598102
Rathayibacter sp. VKM Ac-2762	2609254	S	5	14	19	0.0001598102
Leifsonia shinshuensis	150026	S	16	3	19	0.0001598102
Kocuria varians	1272	S	15	4	19	0.0001598102
Propionibacterium freudenreichii	1744	S	16	3	19	0.0001598102
Tessaracoccus defluvii	1285901	S	13	6	19	0.0001598102
Nocardioides sp. HDW12B	2714939	S	17	2	19	0.0001598102
Nocardioides cynanchi	2558918	S	18	1	19	0.0001598102
Nocardioides anomalus	2712223	S	17	2	19	0.0001598102
Nocardioides marinisabuli	419476	S	14	5	19	0.0001598102
Aeromicrobium chenweiae	2079793	S	16	3	19	0.0001598102
Friedmanniella luteola	546871	S	18	1	19	0.0001598102
Kribbella flavida	182640	S	18	1	19	0.0001598102
Mycolicibacterium fallax	1793	S	16	3	19	0.0001598102
Mycobacterium gordonae	1778	S	19	0	19	0.0001598102
Corynebacterium resistens	258224	S	14	5	19	0.0001598102
Rhodococcus fascians	1828	S	18	1	19	0.0001598102
Nocardia seriolae	37332	S	17	2	19	0.0001598102
Nocardia yunnanensis	2382165	S	17	2	19	0.0001598102
Dietzia sp. oral taxon 368	712270	S	12	7	19	0.0001598102
Streptomyces sp. So13.3	2136173	S	18	1	19	0.0001598102
Streptomyces sp. S1A1-7	2594459	S	3	16	19	0.0001598102
Streptomyces sp. RLB3-6	2594457	S	1	18	19	0.0001598102
Streptomyces aquilus	2548456	S	18	1	19	0.0001598102
Streptomyces griseoviridis	45398	S	18	1	19	0.0001598102
Streptacidiphilus sp. P02-A3a	2704468	S	17	2	19	0.0001598102
Streptacidiphilus sp. PB12-B1b	2705012	S	16	3	19	0.0001598102
Actinoplanes friuliensis	196914	S	18	1	19	0.0001598102
Plantactinospora sp. BC1	2108470	S	8	11	19	0.0001598102
Latilactobacillus curvatus	28038	S	18	1	19	0.0001598102
Enterocloster clostridioformis	1531	S	6	13	19	0.0001598102
Trichodesmium erythraeum	1206	S	19	0	19	0.0001598102
Tenacibaculum maritimum	107401	S	17	2	19	0.0001598102
Arenibacter algicola	616991	S	18	1	19	0.0001598102
Chryseobacterium aureum	2497456	S	17	2	19	0.0001598102
Empedobacter falsenii	343874	S	13	6	19	0.0001598102
Bacteroides sp. ZJ-18	2709390	S	3	16	19	0.0001598102
Alistipes finegoldii	214856	S	16	3	19	0.0001598102
Spirosoma radiotolerans	1379870	S	19	0	19	0.0001598102
Spirosoma endbachense	2666025	S	15	4	19	0.0001598102
Hymenobacter sp. PAMC 26554	1484116	S	19	0	19	0.0001598102
Marivirga tractuosa	1006	S	15	4	19	0.0001598102
Aureliella helgolandensis	2527968	S	18	1	19	0.0001598102
Crateriforma conspicua	2527996	S	16	3	19	0.0001598102
Flavobacterium phage vB_FspS_filifjonk9-1	2686245	S	7	12	19	0.0001598102
Flavobacterium phage vB_FspS_tooticki6-1	2686279	S	4	15	19	0.0001598102
Paraburkholderia megapolitana	420953	S	17	1	18	0.0001513992
Pandoraea faecigallinarum	656179	S	15	3	18	0.0001513992
Pandoraea fibrosis	1891094	S	15	3	18	0.0001513992
Janthinobacterium sp. 17J80-10	2497863	S	17	1	18	0.0001513992
Pigmentiphaga aceris	1940612	S	17	1	18	0.0001513992
Sideroxydans lithotrophicus	63745	S	17	1	18	0.0001513992
Pseudomonas trivialis	200450	S	16	2	18	0.0001513992
Pseudomonas resinovorans	53412	S	16	2	18	0.0001513992
Pseudomonas entomophila	312306	S	17	1	18	0.0001513992
Candidatus Erwinia haradaeae	1922217	S	18	0	18	0.0001513992
Halomonas hydrothermalis	115561	S	12	6	18	0.0001513992
Sinimarinibacterium sp. NLF-5-8	2698684	S	15	3	18	0.0001513992
Bradyrhizobium genosp. B	83627	S	16	2	18	0.0001513992
Mesorhizobium huakuii	28104	S	11	7	18	0.0001513992
Oricola thermophila	2742145	S	17	1	18	0.0001513992
Devosia sp. I507	2083786	S	16	2	18	0.0001513992
Aureimonas sp. AU20	1349819	S	16	2	18	0.0001513992
Methylocystis rosea	173366	S	15	3	18	0.0001513992
Chelatococcus daeguensis	444444	S	15	3	18	0.0001513992
Sphingobium herbicidovorans	76947	S	11	7	18	0.0001513992
Rhodobaca barguzinensis	441209	S	18	0	18	0.0001513992
Azospirillum baldaniorum	1064539	S	8	10	18	0.0001513992
Ferrovibrio terrae	2594003	S	18	0	18	0.0001513992
Acidibrevibacterium fodinaquatile	1969806	S	18	0	18	0.0001513992
Pseudoarcobacter acticola	1849015	S	17	1	18	0.0001513992
Corallococcus macrosporus	35	S	13	5	18	0.0001513992
Desulfovibrio desulfuricans	876	S	17	1	18	0.0001513992
Geobacter sp. FeAm09	2597769	S	18	0	18	0.0001513992
Desulfarculus baarsii	453230	S	13	5	18	0.0001513992
Microbacterium sp. ABRD_28	2268461	S	18	0	18	0.0001513992
Microbacterium pygmaeum	370764	S	18	0	18	0.0001513992
Microbacterium protaetiae	2509458	S	17	1	18	0.0001513992
Candidatus Rhodoluna planktonica	535712	S	18	0	18	0.0001513992
Glaciihabitans sp. INWT7	2596912	S	18	0	18	0.0001513992
Frigoribacterium sp. NBH87	2596916	S	16	2	18	0.0001513992
Paraoerskovia marina	545619	S	17	1	18	0.0001513992
Brachybacterium sp. SGAir0954	2571029	S	17	1	18	0.0001513992
Brachybacterium saurashtrense	556288	S	17	1	18	0.0001513992
Haloactinobacterium sp. HY164	2675754	S	18	0	18	0.0001513992
Microlunatus sagamiharensis	546874	S	16	2	18	0.0001513992
Nocardioides houyundeii	2045452	S	16	2	18	0.0001513992
Nocardioides euryhalodurans	2518370	S	16	2	18	0.0001513992
Mycolicibacterium moriokaense	39691	S	18	0	18	0.0001513992
Mycolicibacter sinensis	875328	S	2	16	18	0.0001513992
Kitasatospora sp. MMS16-BH015	2018025	S	17	1	18	0.0001513992
Pseudonocardia sp. HH130629-09	1641402	S	10	8	18	0.0001513992
Pseudonocardia autotrophica	2074	S	16	2	18	0.0001513992
Bifidobacterium catenulatum	1686	S	16	2	18	0.0001513992
Conexibacter sp. SYSU D00693	2812560	S	18	0	18	0.0001513992
Limosilactobacillus reuteri	1598	S	18	0	18	0.0001513992
Romboutsia ilealis	1115758	S	18	0	18	0.0001513992
Nostoc sp. C052	2576902	S	13	5	18	0.0001513992
[Phormidium] sp. ETS-05	222819	S	16	2	18	0.0001513992
Flavobacterium sp. CS20	2775246	S	14	4	18	0.0001513992
Polaribacter sp. BM10	1529069	S	7	11	18	0.0001513992
Aquimarina sp. AD1	1714848	S	17	1	18	0.0001513992
Lacinutrix sp. Bg11-31	2057808	S	16	2	18	0.0001513992
Euzebyella marina	1761453	S	11	7	18	0.0001513992
Chryseobacterium sp. JV274	1932669	S	15	3	18	0.0001513992
Chryseobacterium sp. G0186	2487064	S	12	6	18	0.0001513992
Chryseobacterium manosquense	2754694	S	7	11	18	0.0001513992
Riemerella anatipestifer	34085	S	16	2	18	0.0001513992
Draconibacterium orientale	1168034	S	17	1	18	0.0001513992
Spirosoma aerolatum	1211326	S	18	0	18	0.0001513992
Algoriphagus sp. Y33	2772483	S	18	0	18	0.0001513992
Paraflavitalea soli	2315862	S	17	1	18	0.0001513992
Roseimaritima ulvae	980254	S	18	0	18	0.0001513992
Gimesia panareensis	2527978	S	16	2	18	0.0001513992
Planctopirus ephydatiae	2528019	S	14	4	18	0.0001513992
Phycisphaera mikurensis	547188	S	17	1	18	0.0001513992
Polynucleobacter sp. LimPoW16	1743162	S	17	0	17	0.0001429881
Burkholderia contaminans	488447	S	12	5	17	0.0001429881
Paraburkholderia sp. 7MH5	2547399	S	16	1	17	0.0001429881
Paraburkholderia acidisoli	2571748	S	16	1	17	0.0001429881
Achromobacter pestifer	1353889	S	11	6	17	0.0001429881
Bordetella genomosp. 9	1416803	S	15	2	17	0.0001429881
Chromobacterium haemolyticum	394935	S	4	13	17	0.0001429881
Aquitalea sp. USM4	1590041	S	11	6	17	0.0001429881
Chitinibacter sp. 2T18	2739434	S	10	7	17	0.0001429881
Vogesella sp. LIG4	1192162	S	16	1	17	0.0001429881
Methylotenera mobilis	359408	S	16	1	17	0.0001429881
Gallionella capsiferriformans	370405	S	16	1	17	0.0001429881
Thauera hydrothermalis	2184083	S	15	2	17	0.0001429881
Pseudomonas sp. S1-A32-2	2731681	S	17	0	17	0.0001429881
Pseudomonas extremorientalis	169669	S	14	3	17	0.0001429881
Pseudomonas saudiphocaensis	1499686	S	17	0	17	0.0001429881
Pseudomonas kribbensis	1628086	S	14	3	17	0.0001429881
Acinetobacter tandoii	202954	S	17	0	17	0.0001429881
Psychrobacter sp.	56811	S	14	3	17	0.0001429881
Psychrobacter sp. AntiMn-1	1720344	S	12	5	17	0.0001429881
Psychrobacter urativorans	45610	S	17	0	17	0.0001429881
Thermomonas sp. SY21	2202149	S	15	2	17	0.0001429881
Thermomonas sp. XSG	2771436	S	15	2	17	0.0001429881
Ahniella affigens	2021234	S	17	0	17	0.0001429881
Kluyvera ascorbata	51288	S	8	9	17	0.0001429881
Photobacterium damselae	38293	S	14	3	17	0.0001429881
Aliivibrio fischeri	668	S	17	0	17	0.0001429881
Legionella longbeachae	450	S	16	1	17	0.0001429881
Francisella opportunistica	2016517	S	3	14	17	0.0001429881
Methylobacterium terrae	2202827	S	15	2	17	0.0001429881
Bradyrhizobium sp. SK17	2057741	S	13	4	17	0.0001429881
Bradyrhizobium sp. CCBAU 53340	1325112	S	11	6	17	0.0001429881
Nitrobacter hamburgensis	912	S	15	2	17	0.0001429881
Variibacter gotjawalensis	1333996	S	17	0	17	0.0001429881
Kaistia sp. 32K	2795690	S	15	2	17	0.0001429881
Devosia sp. D6-9	2664417	S	6	11	17	0.0001429881
Brucella melitensis	29459	S	3	14	17	0.0001429881
Breoghania sp. L-A4	2304600	S	16	1	17	0.0001429881
Sphingomonas sp. XS-10	2599297	S	17	0	17	0.0001429881
Sphingomonas insulae	424800	S	16	1	17	0.0001429881
Sphingobium japonicum	332056	S	12	5	17	0.0001429881
Erythrobacter mangrovi	2739433	S	12	5	17	0.0001429881
Roseovarius faecimaris	2494550	S	17	0	17	0.0001429881
Komagataeibacter hansenii	436	S	16	1	17	0.0001429881
Lichenicola cladoniae	1484109	S	17	0	17	0.0001429881
Intrasporangium calvum	53358	S	16	1	17	0.0001429881
Cellulomonas fimi	1708	S	15	2	17	0.0001429881
Brevibacterium aurantiacum	273384	S	13	4	17	0.0001429881
Brachybacterium ginsengisoli	1331682	S	16	1	17	0.0001429881
Xylanimicrobium sp. FW10M-9	2509457	S	15	2	17	0.0001429881
Nocardioides sp. S-1144	2582905	S	15	2	17	0.0001429881
Nocardioides sp. MC1495	2736757	S	15	2	17	0.0001429881
Mycolicibacterium chitae	1792	S	15	2	17	0.0001429881
Mycolicibacterium rutilum	370526	S	15	2	17	0.0001429881
Mycobacterium tuberculosis	1773	S	1	16	17	0.0001429881
Corynebacterium anserum	2684406	S	17	0	17	0.0001429881
Micromonospora sp. HM134	2583243	S	14	3	17	0.0001429881
Micromonospora echinaurantiaca	47857	S	14	3	17	0.0001429881
Phytohabitans flavus	1076124	S	16	1	17	0.0001429881
Actinocatenispora thailandica	227318	S	17	0	17	0.0001429881
Pseudonocardia sp. CGMCC 4.1532	2761535	S	15	2	17	0.0001429881
Kutzneria albida	43357	S	16	1	17	0.0001429881
Bifidobacterium breve	1685	S	9	8	17	0.0001429881
Catenulispora acidiphila	304895	S	17	0	17	0.0001429881
Staphylococcus lugdunensis	28035	S	17	0	17	0.0001429881
Butyrivibrio fibrisolvens	831	S	17	0	17	0.0001429881
Crassaminicella sp. SY095	2599308	S	17	0	17	0.0001429881
Dysosmobacter welbionis	2093857	S	8	9	17	0.0001429881
Nostoc sp. 'Peltigera membranacea cyanobiont' N6	1261031	S	12	5	17	0.0001429881
Dolichospermum flos-aquae	1166	S	1	16	17	0.0001429881
Synechococcus sp. PCC 73109	374982	S	4	13	17	0.0001429881
Mesoplasma florum	2151	S	16	1	17	0.0001429881
Candidatus Promineofilum breve	1806508	S	17	0	17	0.0001429881
Polaribacter sp. L3A8	2686361	S	15	2	17	0.0001429881
Polaribacter reichenbachii	996801	S	16	1	17	0.0001429881
Capnocytophaga canimorsus	28188	S	14	3	17	0.0001429881
Myroides phaeus	702745	S	13	4	17	0.0001429881
Myroides odoratimimus	76832	S	5	12	17	0.0001429881
Algibacter sp. L1A34	2686365	S	13	4	17	0.0001429881
Gramella fulva	2126553	S	16	1	17	0.0001429881
Salegentibacter salegens	143223	S	16	1	17	0.0001429881
Siansivirga zeaxanthinifaciens	762954	S	15	2	17	0.0001429881
Chryseobacterium nakagawai	1241982	S	8	9	17	0.0001429881
Kaistella carnis	1241979	S	16	1	17	0.0001429881
Weeksella virosa	1014	S	14	3	17	0.0001429881
Candidatus Sulcia muelleri	336810	S	17	0	17	0.0001429881
Paraprevotella xylaniphila	454155	S	15	2	17	0.0001429881
Parabacteroides sp. CT06	2025876	S	2	15	17	0.0001429881
Leadbetterella byssophila	316068	S	13	4	17	0.0001429881
Hymenobacter sp. HDW8	2714932	S	6	11	17	0.0001429881
Planctopirus limnophila	120	S	13	4	17	0.0001429881
Caulifigura coniformis	2527983	S	17	0	17	0.0001429881
Maioricimonas rarisocia	2528026	S	15	2	17	0.0001429881
Verrucomicrobium sp. GAS474	1882831	S	17	0	17	0.0001429881
Borrelia crocidurae	29520	S	7	10	17	0.0001429881
Delftia sp. HK171	1920191	S	5	11	16	0.0001345770
Burkholderia stabilis	95485	S	10	6	16	0.0001345770
Burkholderia sp. YI23	1097668	S	6	10	16	0.0001345770
Paraburkholderia sp. PGU19	2735434	S	11	5	16	0.0001345770
Paraburkholderia fungorum	134537	S	14	2	16	0.0001345770
Pandoraea apista	93218	S	12	4	16	0.0001345770
Methylibium sp. T29	1430884	S	4	12	16	0.0001345770
Achromobacter deleyi	1353891	S	8	8	16	0.0001345770
Bordetella trematum	123899	S	13	3	16	0.0001345770
Bordetella pseudohinzii	1331258	S	13	3	16	0.0001345770
Methylophilus sp. TWE2	1662285	S	14	2	16	0.0001345770
Nitrosospira briensis	35799	S	16	0	16	0.0001345770
Usitatibacter palustris	2732487	S	16	0	16	0.0001345770
Pseudomonas sp. FDAARGOS_761	2545800	S	1	15	16	0.0001345770
Acinetobacter sp. WCHA55	2004646	S	10	6	16	0.0001345770
Acinetobacter sp. ACNIH1	1636603	S	6	10	16	0.0001345770
Acinetobacter towneri	202956	S	8	8	16	0.0001345770
Lysobacter antibioticus	84531	S	14	2	16	0.0001345770
Thermomonas brevis	215691	S	14	2	16	0.0001345770
Rhodanobacter glycinis	582702	S	15	1	16	0.0001345770
Dyella caseinilytica	1849581	S	16	0	16	0.0001345770
Aerosticca soli	2010829	S	10	6	16	0.0001345770
Serratia sp. JUb9	2724469	S	3	13	16	0.0001345770
Serratia rubidaea	61652	S	9	7	16	0.0001345770
Pectobacterium carotovorum	554	S	9	7	16	0.0001345770
Hydrocarboniclastica marina	2259620	S	16	0	16	0.0001345770
Pseudoalteromonas rubra	43658	S	16	0	16	0.0001345770
Halomonas meridiana	29570	S	12	4	16	0.0001345770
Spartinivicinus ruber	2683272	S	16	0	16	0.0001345770
Halothiobacillus sp. LS2	1860122	S	16	0	16	0.0001345770
Candidatus Methylospira mobilis	1808979	S	16	0	16	0.0001345770
Microvirga sp. 17 mud 1-3	2082949	S	14	2	16	0.0001345770
Nitrobacter winogradskyi	913	S	14	2	16	0.0001345770
Sinorhizobium americanum	194963	S	14	2	16	0.0001345770
Mesorhizobium sp. M1B.F.Ca.ET.045.04.1.1	2493673	S	14	2	16	0.0001345770
Chelativorans sp. BNC1	266779	S	15	1	16	0.0001345770
Blastochloris viridis	1079	S	14	2	16	0.0001345770
Hartmannibacter diazotrophicus	1482074	S	15	1	16	0.0001345770
Sphingobium sp. Cam5-1	2789327	S	13	3	16	0.0001345770
Tardibacter chloracetimidivorans	1921510	S	9	7	16	0.0001345770
Paraurantiacibacter namhicola	645517	S	16	0	16	0.0001345770
Sulfitobacter sp. THAF37	2587855	S	11	5	16	0.0001345770
Sulfitobacter pseudonitzschiae	1402135	S	13	3	16	0.0001345770
Ruegeria pomeroyi	89184	S	14	2	16	0.0001345770
Rhodovulum sulfidophilum	35806	S	14	2	16	0.0001345770
Octadecabacter sp. SW4	2602067	S	13	3	16	0.0001345770
Azospirillum thermophilum	2202148	S	14	2	16	0.0001345770
Roseomonas sp. 546	2768162	S	16	0	16	0.0001345770
Ehrlichia ruminantium	779	S	15	1	16	0.0001345770
Poseidonibacter lekithochrous	1904463	S	16	0	16	0.0001345770
Microbacterium sp. LKL04	912630	S	15	1	16	0.0001345770
Microbacterium sp. NY27	2782169	S	15	1	16	0.0001345770
Agromyces sp. G127AT	2781962	S	15	1	16	0.0001345770
Agromyces badenianii	2080742	S	14	2	16	0.0001345770
Leifsonia sp. PS1209	2724914	S	14	2	16	0.0001345770
Salinibacterium sp. ZJ70	2708084	S	14	2	16	0.0001345770
Protaetiibacter intestinalis	2419774	S	13	3	16	0.0001345770
Microterricola viridarii	412690	S	15	1	16	0.0001345770
Cellulomonas gilvus	11	S	14	2	16	0.0001345770
Georgenia faecalis	2483799	S	15	1	16	0.0001345770
Nocardioides sp. dk884	2662361	S	10	6	16	0.0001345770
Nocardioides sp. ZJ1313	2685869	S	10	6	16	0.0001345770
Pimelobacter simplex	2045	S	13	3	16	0.0001345770
Mycobacterium sp. ELW1	1547487	S	14	2	16	0.0001345770
Mycobacterium paragordonae	1389713	S	15	1	16	0.0001345770
Corynebacterium ureicelerivorans	401472	S	15	1	16	0.0001345770
Corynebacterium sanguinis	2594913	S	13	3	16	0.0001345770
Corynebacterium diphtheriae	1717	S	9	7	16	0.0001345770
Rhodococcus sp. p52	935199	S	5	11	16	0.0001345770
Gordonia sp. 1D	1737359	S	5	11	16	0.0001345770
Gordonia terrae	2055	S	12	4	16	0.0001345770
Tsukamurella tyrosinosolvens	57704	S	13	3	16	0.0001345770
Streptomyces sp. SM18	1736046	S	15	1	16	0.0001345770
Streptomyces niveus	193462	S	15	1	16	0.0001345770
Streptomyces griseochromogenes	68214	S	15	1	16	0.0001345770
Streptomyces chartreusis	1969	S	15	1	16	0.0001345770
Streptomyces koyangensis	188770	S	12	4	16	0.0001345770
Kitasatospora sp. NA04385	2742135	S	14	2	16	0.0001345770
Streptacidiphilus bronchialis	2126346	S	15	1	16	0.0001345770
Candidatus Nanopelagicus hibericus	1884915	S	16	0	16	0.0001345770
Amycolatopsis methanolica	1814	S	15	1	16	0.0001345770
Thermomonospora curvata	2020	S	15	1	16	0.0001345770
Jiangella sp. DSM 45060	1798224	S	15	1	16	0.0001345770
Jatrophihabitans sp. GAS493	1907575	S	16	0	16	0.0001345770
Brevibacillus laterosporus	1465	S	8	8	16	0.0001345770
Clostridium pasteurianum	1501	S	16	0	16	0.0001345770
Pelosinus sp. UFO1	484770	S	15	1	16	0.0001345770
Nostoc sp. PCC 7524	28072	S	14	2	16	0.0001345770
Nostoc sphaeroides	446679	S	9	7	16	0.0001345770
Scytonema sp. HK-05	1137095	S	12	4	16	0.0001345770
Microchaete diplosiphon	1197	S	4	12	16	0.0001345770
Fischerella sp. NIES-4106	2005456	S	15	1	16	0.0001345770
Planktothrix rubescens	59512	S	12	4	16	0.0001345770
Limnospira indica	147322	S	2	14	16	0.0001345770
Geminocystis sp. NIES-3709	1617448	S	14	2	16	0.0001345770
Synechocystis sp. CACIAM 05	1933929	S	1	15	16	0.0001345770
Deinococcus actinosclerus	1768108	S	10	6	16	0.0001345770
Polaribacter sp. SA4-10	754397	S	15	1	16	0.0001345770
Polaribacter sp. KT25b	1855336	S	15	1	16	0.0001345770
Polaribacter sp. L12M9	2738844	S	10	6	16	0.0001345770
Polaribacter sejongensis	985043	S	15	1	16	0.0001345770
Tenacibaculum jejuense	584609	S	16	0	16	0.0001345770
Nonlabens sp. Ci31	2608253	S	15	1	16	0.0001345770
Aquimarina sp. BL5	1714860	S	15	1	16	0.0001345770
Olleya aquimaris	639310	S	11	5	16	0.0001345770
Flavivirga eckloniae	1803846	S	16	0	16	0.0001345770
Leeuwenhoekiella sp. ZYFB001	2719912	S	14	2	16	0.0001345770
Amniculibacterium sp. G2-70	2767188	S	11	5	16	0.0001345770
Chryseobacterium sp. cx-624	2758037	S	14	2	16	0.0001345770
Empedobacter stercoris	1628248	S	13	3	16	0.0001345770
Bacteroides sp. HF-5287	2650157	S	14	2	16	0.0001345770
Bacteroides sp. M10	2763022	S	11	5	16	0.0001345770
Labilibaculum antarcticum	1717717	S	16	0	16	0.0001345770
Dyadobacter fermentans	94254	S	15	1	16	0.0001345770
Bernardetia litoralis	999	S	16	0	16	0.0001345770
Mucilaginibacter mali	2740462	S	16	0	16	0.0001345770
Niabella ginsenosidivorans	1176587	S	16	0	16	0.0001345770
Mariniblastus fucicola	980251	S	16	0	16	0.0001345770
Burkholderia stagnalis	1503054	S	11	4	15	0.0001261660
Burkholderia sp. Bp7605	1740163	S	14	1	15	0.0001261660
Paraburkholderia caffeinilytica	1761016	S	13	2	15	0.0001261660
Caballeronia sp. M1242	2814653	S	13	2	15	0.0001261660
Chitinimonas arctica	2594795	S	15	0	15	0.0001261660
Herminiimonas arsenitoxidans	1809410	S	13	2	15	0.0001261660
Achromobacter sp. B7	2282475	S	14	1	15	0.0001261660
Chromobacterium vaccinii	1108595	S	13	2	15	0.0001261660
Chromobacterium phragmitis	2202141	S	13	2	15	0.0001261660
Chromobacterium sp. ATCC 53434	2059672	S	13	2	15	0.0001261660
Chitinolyticbacter meiyuanensis	682798	S	15	0	15	0.0001261660
Pseudomonas sp. DTU12.1	2654238	S	11	4	15	0.0001261660
Pseudomonas sp. 09C 129	2054915	S	8	7	15	0.0001261660
Pseudomonas sp. OST1909	2777367	S	5	10	15	0.0001261660
Pseudomonas fulva	47880	S	15	0	15	0.0001261660
Pseudomonas monteilii	76759	S	9	6	15	0.0001261660
Pseudomonas litoralis	797277	S	15	0	15	0.0001261660
Pseudomonas eucalypticola	2599595	S	15	0	15	0.0001261660
Pseudomonas silesiensis	1853130	S	14	1	15	0.0001261660
Pseudomonas otitidis	319939	S	14	1	15	0.0001261660
Lysobacter arenosi	2795387	S	14	1	15	0.0001261660
Luteimonas sp. JM171	1896164	S	15	0	15	0.0001261660
Luteimonas sp. YGD11-2	2508168	S	13	2	15	0.0001261660
Luteimonas chenhongjianii	2006110	S	15	0	15	0.0001261660
Dyella sp. G9	2763498	S	15	0	15	0.0001261660
Rhizobium favelukesii	348824	S	12	3	15	0.0001261660
Agrobacterium larrymoorei	160699	S	14	1	15	0.0001261660
Agrobacterium rubi	28099	S	13	2	15	0.0001261660
Mesorhizobium sp. Pch-S	2082387	S	14	1	15	0.0001261660
Mesorhizobium sp. M1E.F.Ca.ET.045.02.1.1	2493672	S	12	3	15	0.0001261660
Aminobacter sp. MDW-2	2666139	S	2	13	15	0.0001261660
Devosia sp. LEGU1	2774137	S	15	0	15	0.0001261660
Ancylobacter pratisalsi	1745854	S	14	1	15	0.0001261660
Ancylobacter sp. TS-1	1850374	S	13	2	15	0.0001261660
Azorhizobium caulinodans	7	S	14	1	15	0.0001261660
Sphingomonas sp. YZ-8	2319844	S	15	0	15	0.0001261660
Novosphingobium sp. PP1Y	702113	S	10	5	15	0.0001261660
Tsuneonella flava	2055955	S	12	3	15	0.0001261660
Sphingosinicella microcystinivorans	335406	S	15	0	15	0.0001261660
Paracoccus sp. MC1862	2760307	S	15	0	15	0.0001261660
Paracoccus sp. AK26	2589076	S	14	1	15	0.0001261660
Paracoccus sp. H4-D09	2812658	S	14	1	15	0.0001261660
Paracoccus aminovorans	34004	S	13	2	15	0.0001261660
Marinovum algicola	42444	S	11	4	15	0.0001261660
Magnetospirillum gryphiswaldense	55518	S	15	0	15	0.0001261660
Skermanella pratensis	2233999	S	11	4	15	0.0001261660
Marinicauda algicola	2029849	S	12	3	15	0.0001261660
Aliarcobacter faecis	1564138	S	14	1	15	0.0001261660
Melittangium boletus	83453	S	12	3	15	0.0001261660
Microbacterium sp. RG1	2489212	S	14	1	15	0.0001261660
Microbacterium sp. YJN-G	2763257	S	13	2	15	0.0001261660
Microbacterium sp. Se63.02b	2709304	S	13	2	15	0.0001261660
Humibacter sp. WJ7-1	2599293	S	14	1	15	0.0001261660
Rothia mucilaginosa	43675	S	15	0	15	0.0001261660
Rothia kristinae	37923	S	13	2	15	0.0001261660
Cellulomonas sp. H30R-01	2704467	S	13	2	15	0.0001261660
Brachybacterium faecium	43669	S	14	1	15	0.0001261660
Microlunatus phosphovorus	29405	S	14	1	15	0.0001261660
Nocardioides sp. 603	2483798	S	12	3	15	0.0001261660
Nocardioides dokdonensis	450734	S	11	4	15	0.0001261660
Mycolicibacterium anyangense	1431246	S	14	1	15	0.0001261660
Mycolicibacterium thermoresistibile	1797	S	14	1	15	0.0001261660
Mycolicibacterium goodii	134601	S	14	1	15	0.0001261660
Mycolicibacterium parafortuitum	39692	S	14	1	15	0.0001261660
Mycobacterium sp. JS623	212767	S	15	0	15	0.0001261660
Mycobacterium sp. DL592	2675524	S	15	0	15	0.0001261660
Mycobacterium sp. THAF192	2587868	S	5	10	15	0.0001261660
Mycobacterium heidelbergense	53376	S	14	1	15	0.0001261660
Mycobacteroides chelonae	1774	S	6	9	15	0.0001261660
Corynebacterium propinquum	43769	S	14	1	15	0.0001261660
Corynebacterium variabile	1727	S	12	3	15	0.0001261660
Rhodococcus sp. MTM3W5.2	1805827	S	14	1	15	0.0001261660
Dietzia lutea	546160	S	12	3	15	0.0001261660
Streptomyces sp. 3214.6	1882757	S	14	1	15	0.0001261660
Streptomyces sp. HM190	2695266	S	14	1	15	0.0001261660
Streptomyces glomeroaurantiacus	68210	S	15	0	15	0.0001261660
Streptomyces antibioticus	1890	S	14	1	15	0.0001261660
Streptomyces seoulensis	73044	S	14	1	15	0.0001261660
Streptomyces rutgersensis	53451	S	13	2	15	0.0001261660
Streptomyces hygroscopicus	1912	S	10	5	15	0.0001261660
Micromonospora carbonacea	47853	S	13	2	15	0.0001261660
Micromonospora echinofusca	47858	S	13	2	15	0.0001261660
Micromonospora auratinigra	261654	S	12	3	15	0.0001261660
Amycolatopsis sp. BJA-103	1911175	S	13	2	15	0.0001261660
Amycolatopsis keratiniphila	129921	S	11	4	15	0.0001261660
Pseudonocardia sp. AL041005-10	445576	S	12	3	15	0.0001261660
Nocardiopsis gilva	280236	S	14	1	15	0.0001261660
Frankia inefficax	298654	S	15	0	15	0.0001261660
Mammaliicoccus sciuri	1296	S	14	1	15	0.0001261660
Paenibacillus bovis	1616788	S	15	0	15	0.0001261660
Clostridium intestinale	36845	S	15	0	15	0.0001261660
Clostridium diolis	223919	S	2	13	15	0.0001261660
Ruminiclostridium herbifermentans	2488810	S	13	2	15	0.0001261660
Thermoanaerobacterium thermosaccharolyticum	1517	S	12	3	15	0.0001261660
Murdochiella vaginalis	1852373	S	14	1	15	0.0001261660
Nostoc flagelliforme	1306274	S	9	6	15	0.0001261660
Moorea producens	1155739	S	15	0	15	0.0001261660
Prochlorococcus sp. MIT 0801	1501269	S	7	8	15	0.0001261660
Thermoleptolyngbya sp. PKUAC-SCTB121	2811482	S	1	14	15	0.0001261660
Polaribacter sp. MED152	313598	S	14	1	15	0.0001261660
Polaribacter sp. SM13	2818493	S	14	1	15	0.0001261660
Polaribacter sp. ALD11	2058137	S	13	2	15	0.0001261660
Tenacibaculum mesophilum	104268	S	9	6	15	0.0001261660
Formosa sp. Hel1_33_131	1336794	S	15	0	15	0.0001261660
Aquimarina sp. AD10	1714849	S	15	0	15	0.0001261660
Cellulophaga baltica	76594	S	14	1	15	0.0001261660
Lacinutrix venerupis	1486034	S	13	2	15	0.0001261660
Changchengzhania lutea	2049305	S	14	1	15	0.0001261660
Gillisia sp. Hel1_33_143	1336796	S	11	4	15	0.0001261660
Chryseobacterium sp. G0201	2487065	S	13	2	15	0.0001261660
Chryseobacterium sp. SNU WT5	2594269	S	13	2	15	0.0001261660
Chryseobacterium sp. POL2	2713414	S	12	3	15	0.0001261660
Empedobacter brevis	247	S	12	3	15	0.0001261660
Odoribacter splanchnicus	28118	S	14	1	15	0.0001261660
Dysgonomonas sp. HDW5A	2714926	S	7	8	15	0.0001261660
Spirosoma aureum	2692134	S	11	4	15	0.0001261660
Hymenobacter sp. APR13	1356852	S	11	4	15	0.0001261660
Pedobacter sp. eg	2201271	S	15	0	15	0.0001261660
Chitinophaga sp. MD30	2033437	S	15	0	15	0.0001261660
Chitinophaga sp. XS-30	2604421	S	15	0	15	0.0001261660
Chitinophaga sp. 1303	2725414	S	2	13	15	0.0001261660
Arachidicoccus sp. B3-10	2545455	S	15	0	15	0.0001261660
Aeoliella mucimassa	2527972	S	15	0	15	0.0001261660
Granulicella tundricola	940615	S	15	0	15	0.0001261660
Thermosipho sp. 1063	1462747	S	2	13	15	0.0001261660
Nitrospira japonica	1325564	S	15	0	15	0.0001261660
Natrialba magadii	13769	S	15	0	15	0.0001261660
Burkholderia sp. KK1	1855726	S	6	8	14	0.0001177549
Paraburkholderia phymatum	148447	S	12	2	14	0.0001177549
Bordetella bronchialis	463025	S	14	0	14	0.0001177549
Bordetella genomosp. 8	1416806	S	14	0	14	0.0001177549
Pigmentiphaga sp. H8	2488560	S	13	1	14	0.0001177549
Pseudogulbenkiania sp. NH8B	748280	S	12	2	14	0.0001177549
Neisseria lactamica	486	S	5	9	14	0.0001177549
Nitrosomonas ureae	44577	S	10	4	14	0.0001177549
Sulfuriferula sp. AH1	1985873	S	12	2	14	0.0001177549
Aromatoleum aromaticum	551760	S	11	3	14	0.0001177549
Pseudomonas sp. M30-35	1981174	S	14	0	14	0.0001177549
Pseudomonas sp. MPC6	2498848	S	13	1	14	0.0001177549
Pseudomonas sp. S34	1573718	S	13	1	14	0.0001177549
Pseudomonas sp. B10	118613	S	10	4	14	0.0001177549
Pseudomonas agarici	46677	S	14	0	14	0.0001177549
Pseudomonas vancouverensis	95300	S	14	0	14	0.0001177549
Pseudomonas lurida	244566	S	13	1	14	0.0001177549
Azotobacter chroococcum	353	S	12	2	14	0.0001177549
Acinetobacter sp. NEB149	2725684	S	5	9	14	0.0001177549
Acinetobacter nosocomialis	106654	S	11	3	14	0.0001177549
Stenotrophomonas sp. 364	2691571	S	13	1	14	0.0001177549
Lysobacter sp. TY2-98	2290922	S	14	0	14	0.0001177549
Luteimonas sp. MC1825	2761107	S	13	1	14	0.0001177549
Pseudolysobacter antarcticus	2511995	S	14	0	14	0.0001177549
Dokdonella koreensis	323415	S	14	0	14	0.0001177549
Klebsiella sp. WP3-W18-ESBL-02	2675710	S	1	13	14	0.0001177549
Citrobacter sp. CF971	2566012	S	1	13	14	0.0001177549
Raoultella planticola	575	S	9	5	14	0.0001177549
Pantoea sp. PSNIH1	1484158	S	8	6	14	0.0001177549
Proteus terrae	1574161	S	3	11	14	0.0001177549
Shewanella sp. Pdp11	2059264	S	7	7	14	0.0001177549
Salinicola tamaricis	1771309	S	14	0	14	0.0001177549
Thermochromatium tepidum	1050	S	14	0	14	0.0001177549
Acidihalobacter ferrooxydans	1765967	S	14	0	14	0.0001177549
Thiothrix sp.	1032	S	13	1	14	0.0001177549
Thiothrix sp. Ku-5	2735563	S	13	1	14	0.0001177549
Methylococcus sp. IM1	2681310	S	14	0	14	0.0001177549
Methylocaldum marinum	1432792	S	14	0	14	0.0001177549
Gilliamella apicola	1196095	S	14	0	14	0.0001177549
Methylobacterium sp. DM1	2067957	S	7	7	14	0.0001177549
Methylobacterium currus	2051553	S	12	2	14	0.0001177549
Rhizobium sp. BG4	2613770	S	13	1	14	0.0001177549
Ensifer mexicanus	375549	S	13	1	14	0.0001177549
Aminobacter sp. SR38	2774562	S	3	11	14	0.0001177549
Nitratireductor sp. SY7	2599600	S	13	1	14	0.0001177549
Hyphomicrobium sp. MC1	717785	S	13	1	14	0.0001177549
Youhaiella tibetensis	1447062	S	14	0	14	0.0001177549
Methylocystis parvus	134	S	13	1	14	0.0001177549
Methylocystis heyeri	391905	S	13	1	14	0.0001177549
Methylocella tundrae	227605	S	14	0	14	0.0001177549
Methylovirgula ligni	569860	S	14	0	14	0.0001177549
Sphingomonas sp. HDW15A	2714942	S	14	0	14	0.0001177549
Sphingobium sp. EP60837	1855519	S	12	2	14	0.0001177549
Sphingobium chlorophenolicum	46429	S	10	4	14	0.0001177549
Sphingorhabdus sp. SMR4y	2584094	S	13	1	14	0.0001177549
Citromicrobium sp. JL477	1634516	S	11	3	14	0.0001177549
Pelagerythrobacter marensis	543877	S	14	0	14	0.0001177549
Paracoccus pantotrophus	82367	S	12	2	14	0.0001177549
Paracoccus zhejiangensis	1077935	S	12	2	14	0.0001177549
Yangia sp. CCB-MM3	1792508	S	14	0	14	0.0001177549
Salipiger profundus	1229727	S	10	4	14	0.0001177549
Leisingera aquaemixtae	1396826	S	13	1	14	0.0001177549
Profundibacter amoris	2171755	S	14	0	14	0.0001177549
Paraoceanicella profunda	2579971	S	12	2	14	0.0001177549
Phenylobacterium parvum	2201350	S	14	0	14	0.0001177549
Pararhodospirillum photometricum	1084	S	13	1	14	0.0001177549
Granulibacter bethesdensis	364410	S	14	0	14	0.0001177549
Campylobacter lari	201	S	10	4	14	0.0001177549
Cystobacter fuscus	43	S	11	3	14	0.0001177549
Geobacter lovleyi	313985	S	13	1	14	0.0001177549
Desulfosarcina alkanivorans	571177	S	11	3	14	0.0001177549
Microbacterium sp. WY121	2782168	S	13	1	14	0.0001177549
Microbacterium sp. 10M-3C3	2483401	S	12	2	14	0.0001177549
Microbacterium sp. A18JL200	2782167	S	11	3	14	0.0001177549
Microbacterium oleivorans	273677	S	13	1	14	0.0001177549
Agromyces sp. KACC 19306	2592652	S	13	1	14	0.0001177549
Cryobacterium arcticum	670052	S	12	2	14	0.0001177549
Mycetocola zhujimingii	2079792	S	14	0	14	0.0001177549
Marisediminicola antarctica	674079	S	14	0	14	0.0001177549
Tessaracoccus flavus	1610493	S	10	4	14	0.0001177549
Auraticoccus monumenti	675864	S	14	0	14	0.0001177549
Nocardioides sp. zg-579	2663857	S	11	3	14	0.0001177549
Nocardioides mesophilus	433659	S	13	1	14	0.0001177549
Nocardioides ungokensis	1643322	S	12	2	14	0.0001177549
Actinopolymorpha singaporensis	117157	S	14	0	14	0.0001177549
Mycolicibacterium madagascariense	212765	S	14	0	14	0.0001177549
Mycobacterium grossiae	1552759	S	13	1	14	0.0001177549
Rhodococcus sp. PBTS 1	1653478	S	13	1	14	0.0001177549
Nocardia otitidiscaviarum	1823	S	13	1	14	0.0001177549
Nocardia farcinica	37329	S	12	2	14	0.0001177549
Gordonia sp. YC-JH1	2059875	S	9	5	14	0.0001177549
Gordonia insulae	2420509	S	14	0	14	0.0001177549
Streptomyces sp. NHF165	2175864	S	14	0	14	0.0001177549
Streptomyces sp. SUK 48	2582831	S	12	2	14	0.0001177549
Streptomyces sp. FR-008	206662	S	4	10	14	0.0001177549
Streptomyces globosus	68209	S	13	1	14	0.0001177549
Streptomyces fodineus	1904616	S	13	1	14	0.0001177549
Streptomyces harbinensis	1176198	S	13	1	14	0.0001177549
Streptomyces albireticuli	1940	S	13	1	14	0.0001177549
Micromonospora inositola	47865	S	12	2	14	0.0001177549
Allokutzneria albata	211114	S	13	1	14	0.0001177549
Thermobispora bispora	2006	S	14	0	14	0.0001177549
Frankia sp. EAN1pec	298653	S	14	0	14	0.0001177549
Modestobacter marinus	477641	S	13	1	14	0.0001177549
Euzebya sp. DY32-46	1608957	S	14	0	14	0.0001177549
Bacillus sp. M4U3P1	2592382	S	14	0	14	0.0001177549
Lysinibacillus fusiformis	28031	S	10	4	14	0.0001177549
Paenibacillus durus	44251	S	14	0	14	0.0001177549
Alicyclobacillus acidocaldarius	405212	S	14	0	14	0.0001177549
Listeria monocytogenes	1639	S	11	3	14	0.0001177549
Limosilactobacillus mucosae	97478	S	14	0	14	0.0001177549
Candidatus Arthromitus sp. SFB-rat-Yit	1041504	S	4	10	14	0.0001177549
Ruthenibacterium lactatiformans	1550024	S	14	0	14	0.0001177549
Paeniclostridium sordellii	1505	S	14	0	14	0.0001177549
Desulfitobacterium hafniense	49338	S	14	0	14	0.0001177549
Dolichospermum sp. UHCC 0315A	1914871	S	1	13	14	0.0001177549
Anabaenopsis elenkinii	156213	S	12	2	14	0.0001177549
Nodularia spumigena	70799	S	12	2	14	0.0001177549
Scytonema sp. NIES-4073	2005464	S	9	5	14	0.0001177549
Leptolyngbya sp. O-77	1080068	S	6	8	14	0.0001177549
Leptolyngbya boryana	1184	S	9	5	14	0.0001177549
cyanobacterium endosymbiont of Epithemia turgida	718217	S	12	2	14	0.0001177549
Meiothermus ruber	277	S	12	2	14	0.0001177549
Polaribacter sp. Hel1_33_78	1336804	S	13	1	14	0.0001177549
Polaribacter sp. G4M1	2808900	S	13	1	14	0.0001177549
Capnocytophaga stomatis	1848904	S	13	1	14	0.0001177549
Capnocytophaga cynodegmi	28189	S	12	2	14	0.0001177549
Formosa agariphila	320324	S	12	2	14	0.0001177549
Myroides fluvii	2572594	S	13	1	14	0.0001177549
Maribacter dokdonensis	320912	S	7	7	14	0.0001177549
Galbibacter sp. BG1	1170699	S	13	1	14	0.0001177549
Seonamhaeicola sp. S2-3	1936081	S	12	2	14	0.0001177549
Chryseobacterium sp. StRB126	878220	S	12	2	14	0.0001177549
Apibacter raozihei	2500547	S	14	0	14	0.0001177549
Cyclobacterium marinum	104	S	12	2	14	0.0001177549
Sphingobacterium sp. 21	743722	S	3	11	14	0.0001177549
Sphingobacterium mizutaii	1010	S	14	0	14	0.0001177549
Pseudobacter ginsenosidimutans	661488	S	13	1	14	0.0001177549
Rhodothermus marinus	29549	S	14	0	14	0.0001177549
Salinibacter ruber	146919	S	14	0	14	0.0001177549
Rhodopirellula baltica	265606	S	14	0	14	0.0001177549
Botrimarina mediterranea	2528022	S	14	0	14	0.0001177549
Gimesia maris	122	S	12	2	14	0.0001177549
Brachyspira pilosicoli	52584	S	14	0	14	0.0001177549
Terriglobus roseus	392734	S	13	1	14	0.0001177549
Streptobacillus moniliformis	34105	S	13	1	14	0.0001177549
Polynucleobacter acidiphobus	556053	S	13	0	13	0.0001093439
Burkholderia sp. CCGE1003	640512	S	11	2	13	0.0001093439
Paraburkholderia terricola	169427	S	11	2	13	0.0001093439
Pandoraea norimbergensis	93219	S	12	1	13	0.0001093439
Bordetella parapertussis	519	S	3	10	13	0.0001093439
Chromobacterium rhizoryzae	1778675	S	4	9	13	0.0001093439
Aquitalea aquatilis	1537400	S	11	2	13	0.0001093439
Deefgea sp. D17	2739061	S	12	1	13	0.0001093439
Neisseria meningitidis	487	S	5	8	13	0.0001093439
Crenobacter cavernae	2290923	S	12	1	13	0.0001093439
Candidatus Nitrotoga sp. AM1P	2559597	S	13	0	13	0.0001093439
Azoarcus pumilus	2067960	S	12	1	13	0.0001093439
Pseudomonas sp. CC6-YY-74	1930532	S	13	0	13	0.0001093439
Pseudomonas sp. LAB-08	143813	S	13	0	13	0.0001093439
Pseudomonas sp. 31-12	2201356	S	12	1	13	0.0001093439
Pseudomonas sp. TUM18999	2725477	S	12	1	13	0.0001093439
Pseudomonas sp. ATCC 43928	676210	S	8	5	13	0.0001093439
Pseudomonas oryzae	1392877	S	13	0	13	0.0001093439
Pseudomonas umsongensis	198618	S	13	0	13	0.0001093439
Pseudomonas simiae	321846	S	12	1	13	0.0001093439
Pseudomonas asiatica	2219225	S	2	11	13	0.0001093439
Acinetobacter sp. Marseille-Q1620	2714110	S	13	0	13	0.0001093439
Acinetobacter sp. TGL-Y2	1407071	S	13	0	13	0.0001093439
Xanthomonas sacchari	56458	S	13	0	13	0.0001093439
Xanthomonas fragariae	48664	S	13	0	13	0.0001093439
Thermomonas sp. HDW16	2714945	S	12	1	13	0.0001093439
Dyella thiooxydans	445710	S	12	1	13	0.0001093439
Erwinia gerundensis	1619313	S	13	0	13	0.0001093439
Pectobacterium parmentieri	1905730	S	11	2	13	0.0001093439
Dickeya aquatica	1401087	S	1	12	13	0.0001093439
Marinobacter salarius	1420917	S	13	0	13	0.0001093439
Pseudoalteromonas luteoviolacea	43657	S	13	0	13	0.0001093439
Pseudoalteromonas donghaensis	621376	S	3	10	13	0.0001093439
Marinomonas sp. FW-1	2071621	S	10	3	13	0.0001093439
Marinobacterium georgiense	48076	S	12	1	13	0.0001093439
Succinivibrio dextrinosolvens	83771	S	13	0	13	0.0001093439
Actinobacillus delphinicola	51161	S	13	0	13	0.0001093439
Methylobacterium sp. AMS5	925818	S	10	3	13	0.0001093439
Bradyrhizobium sp. CCBAU 53338	1325111	S	8	5	13	0.0001093439
Bradyrhizobium vignae	1549949	S	12	1	13	0.0001093439
Bradyrhizobium arachidis	858423	S	11	2	13	0.0001093439
Bradyrhizobium guangxiense	1325115	S	8	5	13	0.0001093439
Rhizobium lusitanum	293958	S	13	0	13	0.0001093439
Rhizobium oryzihabitans	2267833	S	7	6	13	0.0001093439
Agrobacterium fabrum	1176649	S	7	6	13	0.0001093439
Neorhizobium sp. NCHU2750	1825976	S	12	1	13	0.0001093439
Phyllobacterium sp. 628	2718938	S	13	0	13	0.0001093439
Aureimonas sp. LMG 31693	2758041	S	12	1	13	0.0001093439
Martelella mediterranea	293089	S	9	4	13	0.0001093439
Martelella sp. AD-3	686597	S	4	9	13	0.0001093439
Labrenzia sp. VG12	2021862	S	13	0	13	0.0001093439
Stappia indica	538381	S	12	1	13	0.0001093439
Lichenihabitans psoromatis	2528642	S	13	0	13	0.0001093439
Sphingomonas sp. HDW15B	2714943	S	13	0	13	0.0001093439
Sphingorhabdus sp. YGSMI21	2077182	S	12	1	13	0.0001093439
Sphingosinithalassobacter sp. zrk23	2711215	S	11	2	13	0.0001093439
Altererythrobacter sp. BO-6	2604537	S	13	0	13	0.0001093439
Tsuneonella mangrovi	1982042	S	13	0	13	0.0001093439
Celeribacter ethanolicus	1758178	S	10	3	13	0.0001093439
Pseudopuniceibacterium antarcticum	2613965	S	13	0	13	0.0001093439
Polymorphum gilvum	991904	S	11	2	13	0.0001093439
Azospirillum thiophilum	528244	S	11	2	13	0.0001093439
Indioceanicola profundi	2220096	S	12	1	13	0.0001093439
Acetobacter aceti	435	S	11	2	13	0.0001093439
Sulfurimonas sp. B2	2590551	S	13	0	13	0.0001093439
Nitratiruptor sp. YY09-18	2724901	S	3	10	13	0.0001093439
Myxococcus hansupus	1297742	S	12	1	13	0.0001093439
Pseudodesulfovibrio mercurii	641491	S	12	1	13	0.0001093439
Desulfomicrobium baculatum	899	S	12	1	13	0.0001093439
Geobacter sp. SVR	2495594	S	12	1	13	0.0001093439
Geobacter bremensis	60035	S	9	4	13	0.0001093439
Bdellovibrio sp. KM01	2748865	S	9	4	13	0.0001093439
Bdellovibrio exovorus	453816	S	13	0	13	0.0001093439
Silvanigrella aquatica	1915309	S	13	0	13	0.0001093439
Acidithiobacillus ferrivorans	160808	S	12	1	13	0.0001093439
Microbacterium sp. 1.5R	1916917	S	3	10	13	0.0001093439
Curtobacterium sp. SGAir0471	2070337	S	12	1	13	0.0001093439
Curtobacterium sp. 24E2	2804758	S	12	1	13	0.0001093439
Agromyces sp. LHK192	2498704	S	12	1	13	0.0001093439
Leucobacter coleopterorum	2714933	S	12	1	13	0.0001093439
Leucobacter viscericola	2714935	S	12	1	13	0.0001093439
Salinibacterium sp. dk2585	2603292	S	12	1	13	0.0001093439
Agrococcus carbonis	684552	S	12	1	13	0.0001093439
Rothia terrae	396015	S	9	4	13	0.0001093439
Cellulomonas flavigena	1711	S	12	1	13	0.0001093439
Brachybacterium sp. P6-10-X1	1903186	S	13	0	13	0.0001093439
Nocardioides sp. HDW12A	2714938	S	10	3	13	0.0001093439
Nocardioides sambongensis	2589074	S	12	1	13	0.0001093439
Mycolicibacterium arabiense	1286181	S	13	0	13	0.0001093439
Mycolicibacterium confluentis	28047	S	13	0	13	0.0001093439
Mycobacterium sp. YC-RL4	1682113	S	11	2	13	0.0001093439
Mycobacterium parmense	185642	S	12	1	13	0.0001093439
Mycobacterium liflandii	261524	S	1	12	13	0.0001093439
Corynebacterium glucuronolyticum	39791	S	13	0	13	0.0001093439
Corynebacterium maris	575200	S	13	0	13	0.0001093439
Nocardia wallacei	480035	S	12	1	13	0.0001093439
Tomitella sp. HY188	2597660	S	12	1	13	0.0001093439
Streptomyces sp. CRXT-G-22	2768066	S	13	0	13	0.0001093439
Streptomyces sp. 2323.1	1938841	S	12	1	13	0.0001093439
Streptomyces sp. WAC 01438	2203204	S	12	1	13	0.0001093439
Streptomyces sp. GS7	2692234	S	12	1	13	0.0001093439
Streptomyces sp. LBUM 1480	2609808	S	2	11	13	0.0001093439
Streptomyces paludis	2282738	S	13	0	13	0.0001093439
Streptomyces bathyalis	2710756	S	13	0	13	0.0001093439
Streptomyces asterosporus	285570	S	12	1	13	0.0001093439
Streptomyces griseocarneus	51201	S	12	1	13	0.0001093439
Kitasatospora aureofaciens	1894	S	2	11	13	0.0001093439
Saccharothrix syringae	103733	S	12	1	13	0.0001093439
Schaalia odontolytica	1660	S	12	1	13	0.0001093439
Actinomadura sp. NAK00032	2742128	S	11	2	13	0.0001093439
Frankia sp. QA3	710111	S	11	2	13	0.0001093439
Kineococcus radiotolerans	131568	S	12	1	13	0.0001093439
Bacillus sp. THAF10	2587848	S	13	0	13	0.0001093439
Streptococcus suis	1307	S	13	0	13	0.0001093439
Carnobacterium divergens	2748	S	13	0	13	0.0001093439
Clostridium sp. JN-9	2507159	S	13	0	13	0.0001093439
Clostridium aceticum	84022	S	13	0	13	0.0001093439
Halothermothrix orenii	31909	S	13	0	13	0.0001093439
Halothece sp. PCC 7418	65093	S	9	4	13	0.0001093439
Synechococcus lividus	33070	S	12	1	13	0.0001093439
Cyanobium gracile	59930	S	11	2	13	0.0001093439
Muricauda ruestringensis	111501	S	13	0	13	0.0001093439
Aequorivita sp. H23M31	2494375	S	13	0	13	0.0001093439
Psychroserpens sp. NJDZ02	2570561	S	5	8	13	0.0001093439
Chryseobacterium lactis	1241981	S	8	5	13	0.0001093439
Elizabethkingia miricola	172045	S	8	5	13	0.0001093439
Phocaeicola salanitronis	376805	S	12	1	13	0.0001093439
Hymenobacter jejuensis	2502781	S	13	0	13	0.0001093439
Echinicola strongylocentroti	1795355	S	12	1	13	0.0001093439
Mucilaginibacter ginsenosidivorans	398053	S	13	0	13	0.0001093439
Sphingobacterium thalpophilum	259	S	8	5	13	0.0001093439
Olivibacter sp. SDN3	2764720	S	13	0	13	0.0001093439
Olivibacter sp. LS-1	2592345	S	3	10	13	0.0001093439
Solitalea canadensis	995	S	13	0	13	0.0001093439
Ignavibacterium album	591197	S	13	0	13	0.0001093439
Tuwongella immobilis	692036	S	13	0	13	0.0001093439
Terriglobus albidus	1592106	S	13	0	13	0.0001093439
Streptomyces phage Immanuel3	2053813	S	9	4	13	0.0001093439
Burkholderia sp. PAMC 28687	1795874	S	5	7	12	0.0001009328
Paraburkholderia acidophila	265293	S	4	8	12	0.0001009328
Caballeronia insecticola	758793	S	11	1	12	0.0001009328
Glaciimonas sp. PAMC28666	2807626	S	12	0	12	0.0001009328
Bordetella flabilis	463014	S	12	0	12	0.0001009328
Advenella kashmirensis	310575	S	12	0	12	0.0001009328
Sutterella wadsworthensis	40545	S	11	1	12	0.0001009328
Iodobacter fluviatilis	537	S	10	2	12	0.0001009328
Azoarcus sp. KH32C	748247	S	11	1	12	0.0001009328
Pseudomonas sp. StFLB209	1028989	S	12	0	12	0.0001009328
Pseudomonas sp. LG1E9	2219057	S	11	1	12	0.0001009328
Pseudomonas sp. gcc21	2726989	S	11	1	12	0.0001009328
Pseudomonas sp. S49	1573720	S	10	2	12	0.0001009328
Pseudomonas sp. LH1G9	2083055	S	4	8	12	0.0001009328
Pseudomonas sp. 13159349	2662034	S	2	10	12	0.0001009328
Pseudomonas rhodesiae	76760	S	10	2	12	0.0001009328
Pseudomonas nitroreducens	46680	S	9	3	12	0.0001009328
Pseudomonas cichorii	36746	S	12	0	12	0.0001009328
Acinetobacter gyllenbergii	134534	S	12	0	12	0.0001009328
Acinetobacter shaoyimingii	2715164	S	12	0	12	0.0001009328
Psychrobacter sp. KCTC 72983	2733866	S	8	4	12	0.0001009328
Psychrobacter sp. G	571800	S	5	7	12	0.0001009328
Lysobacter lycopersici	1324796	S	12	0	12	0.0001009328
Lysobacter gummosus	262324	S	10	2	12	0.0001009328
Luteimonas sp. MC1572	2799325	S	11	1	12	0.0001009328
Klebsiella michiganensis	1134687	S	6	6	12	0.0001009328
Citrobacter portucalensis	1639133	S	2	10	12	0.0001009328
Citrobacter sp. CFNIH10	1920110	S	1	11	12	0.0001009328
Kosakonia radicincitans	283686	S	8	4	12	0.0001009328
Kosakonia cowanii	208223	S	7	5	12	0.0001009328
Nissabacter sp. SGAir0207	2126321	S	12	0	12	0.0001009328
Brenneria goodwinii	1109412	S	8	4	12	0.0001009328
Hafnia alvei	569	S	8	4	12	0.0001009328
Shewanella sp. M2	2487742	S	12	0	12	0.0001009328
Marinobacter hydrocarbonoclasticus	2743	S	10	2	12	0.0001009328
Pseudoalteromonas spongiae	298657	S	12	0	12	0.0001009328
Pseudoalteromonas agarivorans	176102	S	6	6	12	0.0001009328
Nitrosococcus halophilus	133539	S	12	0	12	0.0001009328
Sulfurivermis fontis	1972068	S	11	1	12	0.0001009328
Haemophilus influenzae	727	S	10	2	12	0.0001009328
Glaesserella parasuis	738	S	10	2	12	0.0001009328
Methylococcus sp. EFPC2	2812648	S	12	0	12	0.0001009328
Immundisolibacter cernigliae	1810504	S	12	0	12	0.0001009328
Microvirga sp. VF16	2807101	S	11	1	12	0.0001009328
Microvirga thermotolerans	2651334	S	10	2	12	0.0001009328
Rhizobium indicum	2583231	S	7	5	12	0.0001009328
Rhizobium selenitireducens	448181	S	1	11	12	0.0001009328
Georhizobium profundi	2341112	S	10	2	12	0.0001009328
Mesorhizobium sp. M3A.F.Ca.ET.080.04.2.1	2493676	S	11	1	12	0.0001009328
Mesorhizobium sp. M4B.F.Ca.ET.058.02.1.1	2493675	S	10	2	12	0.0001009328
Mesorhizobium ciceri	39645	S	5	7	12	0.0001009328
Nitratireductor sp. OM-1	1756988	S	12	0	12	0.0001009328
Martelella endophytica	1486262	S	11	1	12	0.0001009328
Methylosinus trichosporium	426	S	11	1	12	0.0001009328
Sphingomonas sediminicola	386874	S	12	0	12	0.0001009328
Sphingomonas xanthus	2594473	S	12	0	12	0.0001009328
Sphingobium sp. SCG-1	2072936	S	12	0	12	0.0001009328
Paracoccus jeotgali	2065379	S	12	0	12	0.0001009328
Rhodovulum sp. MB263	308754	S	11	1	12	0.0001009328
Silicimonas algicola	1826607	S	12	0	12	0.0001009328
Pseudorhodobacter turbinis	2500533	S	12	0	12	0.0001009328
Yoonia vestfoldensis	245188	S	10	2	12	0.0001009328
Dinoroseobacter shibae	215813	S	8	4	12	0.0001009328
Hyphomonas sp. CACIAM 19H1	1873716	S	12	0	12	0.0001009328
Sulfurospirillum sp. JPD-1	220622	S	3	9	12	0.0001009328
Desulfonema magnum	45655	S	12	0	12	0.0001009328
Desulfatibacillum aliphaticivorans	218208	S	12	0	12	0.0001009328
Desulfobulbus oligotrophicus	1909699	S	8	4	12	0.0001009328
Syntrophobacter fumaroxidans	119484	S	10	2	12	0.0001009328
Microbacterium sp. HY82	2708079	S	12	0	12	0.0001009328
Microbacterium sp. XT11	367477	S	11	1	12	0.0001009328
Microbacterium sp. 1S1	2606451	S	9	3	12	0.0001009328
Microbacterium lushaniae	2614639	S	11	1	12	0.0001009328
Microbacterium lemovicicum	1072463	S	11	1	12	0.0001009328
Microbacterium oryzae	743009	S	11	1	12	0.0001009328
Microbacterium hydrocarbonoxydans	273678	S	11	1	12	0.0001009328
Microbacterium esteraromaticum	57043	S	11	1	12	0.0001009328
Aurantimicrobium sp. MWH-Uga1	2079575	S	10	2	12	0.0001009328
Clavibacter sp. DM1	2768071	S	8	4	12	0.0001009328
Arthrobacter sp. NEB 688	904039	S	11	1	12	0.0001009328
Phycicoccus sp. HDW14	2714941	S	11	1	12	0.0001009328
Cellulomonas sp. Y8	2591145	S	11	1	12	0.0001009328
Ornithinimicrobium pratense	2593973	S	12	0	12	0.0001009328
Miniimonas sp. S16	2171623	S	10	2	12	0.0001009328
Propionibacterium acidifaciens	556499	S	11	1	12	0.0001009328
Microlunatus sp. Gsoil 973	2672569	S	12	0	12	0.0001009328
Microlunatus soli	630515	S	11	1	12	0.0001009328
Aeromicrobium erythreum	2041	S	11	1	12	0.0001009328
Aeromicrobium yanjiei	2662028	S	10	2	12	0.0001009328
Kribbella qitaiheensis	1544730	S	12	0	12	0.0001009328
Mycolicibacterium aubagnense	319707	S	11	1	12	0.0001009328
Mycolicibacterium frederiksbergense	117567	S	10	2	12	0.0001009328
Mycobacterium mantenii	560555	S	12	0	12	0.0001009328
Mycobacterium kansasii	1768	S	12	0	12	0.0001009328
Mycobacterium dioxanotrophicus	482462	S	11	1	12	0.0001009328
Corynebacterium sp. zg-917	2763010	S	10	2	12	0.0001009328
Rhodococcus hoagii	43767	S	10	2	12	0.0001009328
Nocardia asteroides	1824	S	10	2	12	0.0001009328
Dietzia psychralcaliphila	139021	S	11	1	12	0.0001009328
Streptomyces sp. CB01881	2078691	S	12	0	12	0.0001009328
Streptomyces sp. NEAU-sy36	2751189	S	11	1	12	0.0001009328
Streptomyces sp. CB00271	2750025	S	9	3	12	0.0001009328
Streptomyces davaonensis	348043	S	12	0	12	0.0001009328
Streptomyces buecherae	2763006	S	12	0	12	0.0001009328
Streptomyces hundungensis	1077946	S	11	1	12	0.0001009328
Streptomyces viridifaciens	48665	S	2	10	12	0.0001009328
Kitasatospora setae	2066	S	11	1	12	0.0001009328
Micromonospora zamorensis	709883	S	11	1	12	0.0001009328
Micromonospora narathiwatensis	299146	S	10	2	12	0.0001009328
Amycolatopsis japonica	208439	S	8	4	12	0.0001009328
Actinoalloteichus hoggarensis	1470176	S	12	0	12	0.0001009328
Gardnerella vaginalis	2702	S	12	0	12	0.0001009328
Virgibacillus sp. Bac330	2419841	S	7	5	12	0.0001009328
Staphylococcus haemolyticus	1283	S	11	1	12	0.0001009328
Paenibacillus peoriae	59893	S	3	9	12	0.0001009328
Brevibacillus brevis	1393	S	12	0	12	0.0001009328
Gemella morbillorum	29391	S	11	1	12	0.0001009328
Streptococcus agalactiae	1311	S	2	10	12	0.0001009328
Leuconostoc mesenteroides	1245	S	11	1	12	0.0001009328
Lacticaseibacillus paracasei	1597	S	7	5	12	0.0001009328
Clostridium tyrobutyricum	1519	S	12	0	12	0.0001009328
Clostridium baratii	1561	S	12	0	12	0.0001009328
Clostridium drakei	332101	S	9	3	12	0.0001009328
Nostoc sp. TCL26-01	2576904	S	11	1	12	0.0001009328
Tolypothrix sp. PCC 7910	2099387	S	5	7	12	0.0001009328
Crinalium epipsammum	241425	S	11	1	12	0.0001009328
Synechococcus sp. PCC 6312	195253	S	12	0	12	0.0001009328
Synechococcus sp. PCC 7336	195250	S	12	0	12	0.0001009328
Stanieria sp. NIES-3757	1807358	S	8	4	12	0.0001009328
Dehalococcoides mccartyi	61435	S	10	2	12	0.0001009328
Nonlabens sp. MIC269	1476901	S	5	7	12	0.0001009328
Nonlabens dokdonensis	328515	S	11	1	12	0.0001009328
Gramella echinicola	279359	S	11	1	12	0.0001009328
Gramella sp. MAR_2010_147	1250205	S	11	1	12	0.0001009328
Aequorivita sublithincola	101385	S	12	0	12	0.0001009328
Antarcticibacterium arcticum	2585771	S	12	0	12	0.0001009328
Antarcticibacterium flavum	2058175	S	11	1	12	0.0001009328
Chryseobacterium sp. NBC 122	2547600	S	12	0	12	0.0001009328
Chryseobacterium joostei	112234	S	9	3	12	0.0001009328
Coprobacter sp. 2CBH44	2751153	S	11	1	12	0.0001009328
Hymenobacter nivis	1850093	S	12	0	12	0.0001009328
Hymenobacter radiodurans	2496028	S	4	8	12	0.0001009328
Adhaeribacter swui	2086471	S	12	0	12	0.0001009328
Rufibacter radiotolerans	1379910	S	11	1	12	0.0001009328
Echinicola sp. 20G	2781961	S	12	0	12	0.0001009328
Echinicola vietnamensis	390884	S	9	3	12	0.0001009328
Echinicola rosea	1807691	S	9	3	12	0.0001009328
Pedobacter suwonensis	332999	S	11	1	12	0.0001009328
Mucilaginibacter ginkgonis	2682091	S	12	0	12	0.0001009328
Sphingobacterium siyangense	459529	S	4	8	12	0.0001009328
Stieleria neptunia	2527979	S	11	1	12	0.0001009328
Leptospira interrogans	173	S	12	0	12	0.0001009328
Fusobacterium mortiferum	850	S	12	0	12	0.0001009328
Candidatus Nanosynbacter lyticus	2093824	S	10	2	12	0.0001009328
Methanosarcina horonobensis	418008	S	12	0	12	0.0001009328
Methanobrevibacter sp. YE315	1609968	S	12	0	12	0.0001009328
Methanobrevibacter olleyae	294671	S	11	1	12	0.0001009328
uncultured crAssphage	1211417	S	12	0	12	0.0001009328
Paraburkholderia sp. PGU16	2735433	S	9	2	11	0.0000925217
Paraburkholderia atlantica	2654982	S	10	1	11	0.0000925217
Paraburkholderia terrae	311230	S	6	5	11	0.0000925217
Pandoraea pulmonicola	93221	S	10	1	11	0.0000925217
Janthinobacterium sp. B9-8	1236179	S	9	2	11	0.0000925217
Pusillimonas sp. T7-7	1007105	S	11	0	11	0.0000925217
Oligella ureolytica	90244	S	9	2	11	0.0000925217
Aquitalea magnusonii	332411	S	7	4	11	0.0000925217
Neisseria gonorrhoeae	485	S	5	6	11	0.0000925217
Pseudomonas sp. 02C 26	2054914	S	11	0	11	0.0000925217
Pseudomonas sp. ACM7	2052956	S	11	0	11	0.0000925217
Pseudomonas sp. S09G 359	2054919	S	10	1	11	0.0000925217
Pseudomonas sp. Tri1	2823875	S	10	1	11	0.0000925217
Pseudomonas sp. LBUM920	2126069	S	9	2	11	0.0000925217
Pseudomonas sp. DR 5-09	1534110	S	8	3	11	0.0000925217
Pseudomonas libanensis	75588	S	7	4	11	0.0000925217
Pseudomonas oleovorans	301	S	4	7	11	0.0000925217
Pseudomonas syringae group genomosp. 3	251701	S	1	10	11	0.0000925217
Pseudomonas sediminis	1691904	S	10	1	11	0.0000925217
Pseudomonas antarctica	219572	S	10	1	11	0.0000925217
Pseudomonas khazarica	2502979	S	6	5	11	0.0000925217
Psychrobacter sp. P11G5	1699624	S	7	4	11	0.0000925217
Psychrobacter sp. YP14	2203895	S	7	4	11	0.0000925217
Lysobacter oculi	2698682	S	11	0	11	0.0000925217
Buttiauxella sp. 3AFRM03	2479367	S	11	0	11	0.0000925217
Phytobacter ursingii	1972431	S	7	4	11	0.0000925217
Shewanella donghaensis	238836	S	11	0	11	0.0000925217
Shewanella aestuarii	1028752	S	9	2	11	0.0000925217
Saliniradius amylolyticus	2183582	S	11	0	11	0.0000925217
Neptunomonas japonica	417574	S	11	0	11	0.0000925217
Alcanivorax sp. N3-2A	2014542	S	9	2	11	0.0000925217
Thioflavicoccus mobilis	80679	S	11	0	11	0.0000925217
Thioalkalivibrio paradoxus	108010	S	8	3	11	0.0000925217
Halorhodospira halophila	1053	S	11	0	11	0.0000925217
Wenzhouxiangella marina	1579979	S	11	0	11	0.0000925217
Coxiella burnetii	777	S	10	1	11	0.0000925217
Agarilytica rhodophyticola	1737490	S	11	0	11	0.0000925217
Halioglobus pacificus	930806	S	11	0	11	0.0000925217
Zhongshania aliphaticivorans	1470434	S	11	0	11	0.0000925217
Bradyrhizobium sp. CCGE-LA001	1223566	S	10	1	11	0.0000925217
Bradyrhizobium sp. WSM471	319017	S	3	8	11	0.0000925217
Bradyrhizobium zhanjiangense	1325107	S	10	1	11	0.0000925217
Rhizobium tropici	398	S	8	3	11	0.0000925217
Neorhizobium sp. SOG26	2060726	S	10	1	11	0.0000925217
Mesorhizobium sp. M6A.T.Cr.TU.016.01.1.1	2493677	S	10	1	11	0.0000925217
Mesorhizobium sp. NZP2077	2483404	S	10	1	11	0.0000925217
Mesorhizobium sp. L-2-11	2744521	S	9	2	11	0.0000925217
Mesorhizobium sp. L-8-10	2744523	S	5	6	11	0.0000925217
Mesorhizobium sp. 113-1-2	2744515	S	3	8	11	0.0000925217
Mesorhizobium amorphae	71433	S	10	1	11	0.0000925217
Devosia sp. MC521	2759954	S	10	1	11	0.0000925217
Devosia sp. G19	2801335	S	10	1	11	0.0000925217
Labrenzia sp. THAF35	2587854	S	2	9	11	0.0000925217
Bartonella elizabethae	807	S	3	8	11	0.0000925217
Ochrobactrum sp. MT180101	2726427	S	3	8	11	0.0000925217
Sphingomonas sp. sand1-3	2764186	S	11	0	11	0.0000925217
Sphingobium fuliginis	336203	S	3	8	11	0.0000925217
Allosphingosinicella indica	941907	S	11	0	11	0.0000925217
Altererythrobacter ishigakiensis	476157	S	11	0	11	0.0000925217
Sphingosinicella sp. BN140058	1892855	S	11	0	11	0.0000925217
Paracoccus sp. BM15	1529068	S	11	0	11	0.0000925217
Sulfitobacter sp. SK012	1389005	S	11	0	11	0.0000925217
Sulfitobacter sp. D7	1968541	S	9	2	11	0.0000925217
Roseovarius mucosus	215743	S	6	5	11	0.0000925217
Oceanicola sp. D3	2587163	S	11	0	11	0.0000925217
Azospirillum sp. TSH100	652764	S	9	2	11	0.0000925217
Azospirillum oryzae	286727	S	7	4	11	0.0000925217
Rickettsia raoultii	369822	S	5	6	11	0.0000925217
Arcobacter defluvii	873191	S	10	1	11	0.0000925217
Malaciobacter halophilus	197482	S	11	0	11	0.0000925217
Campylobacter concisus	199	S	11	0	11	0.0000925217
Desulfovibrio piger	901	S	10	1	11	0.0000925217
Pelobacter propionicus	29543	S	9	2	11	0.0000925217
Bradymonas sediminis	1548548	S	11	0	11	0.0000925217
Microbacterium sp. No. 7	1714373	S	9	2	11	0.0000925217
Curtobacterium sp. YC1	2795488	S	10	1	11	0.0000925217
Agromyces protaetiae	2509455	S	10	1	11	0.0000925217
Aurantimicrobium minutum	708131	S	9	2	11	0.0000925217
Agrococcus sp. SGAir0287	2070347	S	10	1	11	0.0000925217
Lysinimonas sp. KACC 19322	2592654	S	10	1	11	0.0000925217
Cnuibacter physcomitrellae	1619308	S	2	9	11	0.0000925217
Kocuria rosea	1275	S	11	0	11	0.0000925217
Arthrobacter sp. PAMC25564	2565366	S	11	0	11	0.0000925217
Nesterenkonia sp. NBAIMH1	2600320	S	11	0	11	0.0000925217
Cellulomonas taurus	2729175	S	10	1	11	0.0000925217
Ornithinimicrobium sp. HY006	2508882	S	11	0	11	0.0000925217
Serinicoccus chungangensis	767452	S	10	1	11	0.0000925217
Beutenbergia cavernae	84757	S	11	0	11	0.0000925217
Acidipropionibacterium jensenii	1749	S	8	3	11	0.0000925217
Mycolicibacterium fluoranthenivorans	258505	S	11	0	11	0.0000925217
Mycolicibacterium alvei	67081	S	10	1	11	0.0000925217
Mycolicibacterium gadium	1794	S	10	1	11	0.0000925217
Mycolicibacterium duvalii	39688	S	10	1	11	0.0000925217
Mycolicibacterium chubuense	1800	S	10	1	11	0.0000925217
Mycobacterium sp. EPa45	1545728	S	11	0	11	0.0000925217
Mycobacterium cookii	1775	S	11	0	11	0.0000925217
Corynebacterium lactis	1231000	S	11	0	11	0.0000925217
Corynebacterium aurimucosum	169292	S	10	1	11	0.0000925217
Rhodococcus sp. X156	2499145	S	10	1	11	0.0000925217
Rhodococcus sp. NJ-530	2490853	S	3	8	11	0.0000925217
Nocardia nova	37330	S	11	0	11	0.0000925217
Gordonia sp. PDNC005	2811424	S	11	0	11	0.0000925217
Streptomyces sp. SN-593	659352	S	11	0	11	0.0000925217
Streptomyces sp. RPA4-2	2721244	S	10	1	11	0.0000925217
Streptomyces sp. fd1-xmd	1812480	S	10	1	11	0.0000925217
Streptomyces griseus	1911	S	9	2	11	0.0000925217
Streptomyces cattleya	29303	S	11	0	11	0.0000925217
Streptomyces nodosus	40318	S	11	0	11	0.0000925217
Streptomyces ferrugineus	1413221	S	10	1	11	0.0000925217
Streptomyces nigra	1827580	S	10	1	11	0.0000925217
Streptomyces gardneri	66892	S	10	1	11	0.0000925217
Streptomyces luteoverticillatus	66425	S	10	1	11	0.0000925217
Streptomyces lavendulae	1914	S	10	1	11	0.0000925217
Micromonospora purpureochromogenes	47872	S	9	2	11	0.0000925217
Micromonospora siamensis	299152	S	9	2	11	0.0000925217
Actinoplanes missouriensis	1866	S	9	2	11	0.0000925217
Verrucosispora sp. NA02020	2742132	S	8	3	11	0.0000925217
Amycolatopsis sp. YIM 10	2653857	S	10	1	11	0.0000925217
Saccharothrix sp. 6-C	2781735	S	10	1	11	0.0000925217
Flaviflexus salsibiostraticola	1282737	S	10	1	11	0.0000925217
Lentibacillus amyloliquefaciens	1472767	S	11	0	11	0.0000925217
Paenibacillus mucilaginosus	61624	S	11	0	11	0.0000925217
Paenibacillus yonginensis	1462996	S	10	1	11	0.0000925217
Lactobacillus helveticus	1587	S	7	4	11	0.0000925217
Enterococcus cecorum	44008	S	11	0	11	0.0000925217
Aerococcus urinae	1376	S	11	0	11	0.0000925217
Aerococcus urinaeequi	51665	S	9	2	11	0.0000925217
Clostridium sp. JN-1	2483110	S	11	0	11	0.0000925217
Clostridium sp. 'deep sea'	2779445	S	11	0	11	0.0000925217
Clostridium taeniosporum	394958	S	11	0	11	0.0000925217
Clostridium estertheticum	238834	S	11	0	11	0.0000925217
Acutalibacter muris	1796620	S	11	0	11	0.0000925217
Acetoanaerobium sticklandii	1511	S	11	0	11	0.0000925217
Massilistercora timonensis	2086584	S	10	1	11	0.0000925217
Faecalitalea cylindroides	39483	S	10	1	11	0.0000925217
Amedibacterium intestinale	2583452	S	10	1	11	0.0000925217
Anaerococcus prevotii	33034	S	9	2	11	0.0000925217
Finegoldia magna	1260	S	11	0	11	0.0000925217
Calothrix sp. PCC 7507	99598	S	9	2	11	0.0000925217
Anabaenopsis circularis	109266	S	6	5	11	0.0000925217
Raphidiopsis curvata	312883	S	7	4	11	0.0000925217
Synechococcus sp. PCC 7502	1173263	S	11	0	11	0.0000925217
Synechococcus sp. JA-3-3Ab	321327	S	10	1	11	0.0000925217
Mycoplasma bovis	28903	S	10	1	11	0.0000925217
Acholeplasma axanthum	29552	S	11	0	11	0.0000925217
Thermus scotoductus	37636	S	9	2	11	0.0000925217
Deinococcus peraridilitoris	432329	S	11	0	11	0.0000925217
Deinococcus swuensis	1182571	S	10	1	11	0.0000925217
Polaribacter sp. SA4-12	1312072	S	10	1	11	0.0000925217
Formosa sp. Hel1_31_208	1798225	S	11	0	11	0.0000925217
Cellulophaga algicola	59600	S	10	1	11	0.0000925217
Maribacter cobaltidurans	1178778	S	6	5	11	0.0000925217
Dokdonia sp. 4H-3-7-5	983548	S	8	3	11	0.0000925217
Chryseobacterium arthrosphaerae	651561	S	8	3	11	0.0000925217
Alistipes communis	2585118	S	10	1	11	0.0000925217
Alistipes shahii	328814	S	9	2	11	0.0000925217
Butyricimonas virosa	544645	S	10	1	11	0.0000925217
Fibrella aestuarina	651143	S	11	0	11	0.0000925217
Hymenobacter qilianensis	1385715	S	11	0	11	0.0000925217
Hymenobacter busanensis	2607656	S	11	0	11	0.0000925217
Pontibacter sp. SGAir0037	2571030	S	11	0	11	0.0000925217
Sphingobacterium sp. CZ-2	2557994	S	10	1	11	0.0000925217
Sphingobacterium daejeonense	371142	S	10	1	11	0.0000925217
Brachyspira hyodysenteriae	159	S	9	2	11	0.0000925217
Fusobacterium pseudoperiodonticum	2663009	S	8	3	11	0.0000925217
Halobonum sp. NJ-3-1	2743089	S	11	0	11	0.0000925217
Methanoregula formicica	882104	S	11	0	11	0.0000925217
Methanococcus maripaludis	39152	S	11	0	11	0.0000925217
Candidatus Prometheoarchaeum syntrophicum	2594042	S	11	0	11	0.0000925217
Burkholderia oklahomensis	342113	S	7	3	10	0.0000841107
Burkholderia sp. MSMB617WGS	1637831	S	4	6	10	0.0000841107
Paraburkholderia dokdonella	2211211	S	9	1	10	0.0000841107
Paraburkholderia phenoliruptrix	252970	S	8	2	10	0.0000841107
Caballeronia sp. SBC2	2705547	S	2	8	10	0.0000841107
Lautropia mirabilis	47671	S	10	0	10	0.0000841107
Limnobacter sp. SAORIC-580	2732163	S	10	0	10	0.0000841107
Microvirgula aerodenitrificans	57480	S	10	0	10	0.0000841107
Kingella denitrificans	502	S	7	3	10	0.0000841107
Nitrosomonas sp. AL212	153948	S	6	4	10	0.0000841107
Sulfuriferula nivalis	2675298	S	10	0	10	0.0000841107
Rugosibacter aromaticivorans	1565605	S	9	1	10	0.0000841107
Pseudomonas sp. K2W31S-8	2320867	S	10	0	10	0.0000841107
Pseudomonas sp. DG56-2	2320270	S	10	0	10	0.0000841107
Pseudomonas sp. S-6-2	1931241	S	10	0	10	0.0000841107
Pseudomonas sp. UW4	1207075	S	7	3	10	0.0000841107
Pseudomonas tolaasii	29442	S	10	0	10	0.0000841107
Pseudomonas corrugata	47879	S	10	0	10	0.0000841107
Pseudomonas cedrina	651740	S	9	1	10	0.0000841107
Pseudomonas alkylphenolica	237609	S	10	0	10	0.0000841107
Pseudomonas viciae	2505979	S	9	1	10	0.0000841107
Entomomonas sp. F2A	2785331	S	10	0	10	0.0000841107
Acinetobacter dispersus	70348	S	10	0	10	0.0000841107
Acinetobacter cumulans	2136182	S	8	2	10	0.0000841107
Lysobacter soli	453783	S	10	0	10	0.0000841107
Dyella sp. M7H15-1	2501295	S	10	0	10	0.0000841107
Klebsiella oxytoca	571	S	7	3	10	0.0000841107
Raoultella terrigena	577	S	5	5	10	0.0000841107
Leclercia adecarboxylata	83655	S	5	5	10	0.0000841107
Pantoea dispersa	59814	S	10	0	10	0.0000841107
Erwinia billingiae	182337	S	7	3	10	0.0000841107
Yersinia rohdei	29485	S	10	0	10	0.0000841107
Pectobacterium odoriferum	78398	S	7	3	10	0.0000841107
Pectobacterium versatile	2488639	S	6	4	10	0.0000841107
Dickeya dianthicola	204039	S	9	1	10	0.0000841107
Shewanella khirikhana	1965282	S	10	0	10	0.0000841107
Psychromonas ingrahamii	357794	S	10	0	10	0.0000841107
Halomonas chromatireducens	507626	S	10	0	10	0.0000841107
Halomonas beimenensis	475662	S	10	0	10	0.0000841107
Rheinheimera sp. F8	1763998	S	10	0	10	0.0000841107
Wenzhouxiangella sp. AB-CW3	2771012	S	10	0	10	0.0000841107
Vibrio campbellii	680	S	8	2	10	0.0000841107
Vibrio diabolicus	50719	S	5	5	10	0.0000841107
Vibrio furnissii	29494	S	9	1	10	0.0000841107
Aeromonas salmonicida	645	S	4	6	10	0.0000841107
Legionella sp. TUM19329	2708020	S	10	0	10	0.0000841107
Legionella israelensis	454	S	10	0	10	0.0000841107
Aquicella lusitana	254246	S	10	0	10	0.0000841107
Cellvibrio japonicus	155077	S	10	0	10	0.0000841107
Saccharophagus degradans	86304	S	10	0	10	0.0000841107
Thiothrix unzii	111769	S	8	2	10	0.0000841107
Beggiatoa leptomitoformis	288004	S	10	0	10	0.0000841107
Methylomonas methanica	421	S	10	0	10	0.0000841107
Candidatus Thioglobus singularis	1427364	S	10	0	10	0.0000841107
Sulfurifustis variabilis	1675686	S	10	0	10	0.0000841107
Bradyrhizobium sp. 1(2017)	1404888	S	9	1	10	0.0000841107
Bradyrhizobium amphicarpaeae	1404768	S	8	2	10	0.0000841107
Tardiphaga sp. vice154	2592814	S	2	8	10	0.0000841107
Rhizobium sp. NZLR1	2731096	S	8	2	10	0.0000841107
Rhizobium sp. CIAT894	2020312	S	7	3	10	0.0000841107
Rhizobium sp. ZX09	2291939	S	2	8	10	0.0000841107
Rhizobium jaguaris	1312183	S	10	0	10	0.0000841107
Rhizobium pseudoryzae	379684	S	9	1	10	0.0000841107
Sinorhizobium sp. RAC02	1842534	S	9	1	10	0.0000841107
Mesorhizobium sp. DCY119	2108445	S	9	1	10	0.0000841107
Mesorhizobium sp. 113-3-3	2744516	S	8	2	10	0.0000841107
Mesorhizobium sp. WSM1497	278153	S	3	7	10	0.0000841107
Mesorhizobium australicum	536018	S	8	2	10	0.0000841107
Phyllobacterium zundukense	1867719	S	10	0	10	0.0000841107
Hoeflea sp. IMCC20628	1620421	S	10	0	10	0.0000841107
Rhodomicrobium vannielii	1069	S	10	0	10	0.0000841107
Pelagibacterium halotolerans	531813	S	10	0	10	0.0000841107
Sphingomonas lacunae	2698828	S	10	0	10	0.0000841107
Sphingobium sp. PAMC28499	2565554	S	5	5	10	0.0000841107
Sphingobium sp. YBL2	484429	S	2	8	10	0.0000841107
Parasphingopyxis sp. CP4	2724527	S	10	0	10	0.0000841107
Zymomonas mobilis	542	S	9	1	10	0.0000841107
Paracoccus denitrificans	266	S	9	1	10	0.0000841107
Celeribacter manganoxidans	1411902	S	9	1	10	0.0000841107
Roseobacter denitrificans	2434	S	10	0	10	0.0000841107
Planktomarina temperata	1284658	S	10	0	10	0.0000841107
Mameliella alba	561184	S	9	1	10	0.0000841107
Brevirhabdus pacifica	1267768	S	7	3	10	0.0000841107
Haematospirillum jordaniae	1549855	S	10	0	10	0.0000841107
Candidatus Pelagibacter ubique	198252	S	9	1	10	0.0000841107
Aliarcobacter trophiarum	708186	S	10	0	10	0.0000841107
Geobacter sulfurreducens	35554	S	8	2	10	0.0000841107
Desulfobulbus propionicus	894	S	10	0	10	0.0000841107
Bdellovibrio sp. ZAP7	2231053	S	7	3	10	0.0000841107
Hydrogenophilus thermoluteolus	297	S	10	0	10	0.0000841107
Microbacterium testaceum	2033	S	10	0	10	0.0000841107
Candidatus Aquiluna sp. 15G-AUS-rot	2499157	S	10	0	10	0.0000841107
Diaminobutyricimonas sp. LJ205	2683590	S	10	0	10	0.0000841107
Arthrobacter sp. QXT-31	1357915	S	10	0	10	0.0000841107
Arthrobacter crystallopoietes	37928	S	10	0	10	0.0000841107
Pseudarthrobacter chlorophenolicus	85085	S	9	1	10	0.0000841107
Pseudarthrobacter equi	728066	S	9	1	10	0.0000841107
Glutamicibacter sp. ZJUTW	1155384	S	3	7	10	0.0000841107
Cellulomonas sp. JZ18	2654191	S	9	1	10	0.0000841107
Brachybacterium vulturis	2017484	S	10	0	10	0.0000841107
Serinicoccus hydrothermalis	1758689	S	8	2	10	0.0000841107
Haloactinobacterium sp. RN3S43	2779775	S	10	0	10	0.0000841107
Georgenia sp. Z443	2589797	S	10	0	10	0.0000841107
Sanguibacter keddieii	60920	S	10	0	10	0.0000841107
Tessaracoccus aquimaris	1332264	S	8	2	10	0.0000841107
Acidipropionibacterium acidipropionici	1748	S	7	3	10	0.0000841107
Nocardioides sp. CF8	110319	S	8	2	10	0.0000841107
Nocardioides seonyuensis	2518371	S	9	1	10	0.0000841107
Aeromicrobium sp. zg-629	2663859	S	9	1	10	0.0000841107
Mycolicibacterium insubricum	444597	S	9	1	10	0.0000841107
Mycolicibacterium phocaicum	319706	S	8	2	10	0.0000841107
Mycolicibacterium poriferae	39694	S	3	7	10	0.0000841107
Mycobacterium sp. PYR15	2051552	S	4	6	10	0.0000841107
Mycobacterium florentinum	292462	S	9	1	10	0.0000841107
Mycobacterium gallinarum	39689	S	9	1	10	0.0000841107
Corynebacterium nuruki	1032851	S	10	0	10	0.0000841107
Corynebacterium ammoniagenes	1697	S	10	0	10	0.0000841107
Corynebacterium kroppenstedtii	161879	S	10	0	10	0.0000841107
Corynebacterium efficiens	152794	S	10	0	10	0.0000841107
Corynebacterium striatum	43770	S	8	2	10	0.0000841107
Corynebacterium crudilactis	1652495	S	8	2	10	0.0000841107
Rhodococcus sp. SGAir0479	2567884	S	9	1	10	0.0000841107
Rhodococcus ruber	1830	S	9	1	10	0.0000841107
Nocardia sp. CS682	1047172	S	9	1	10	0.0000841107
Gordonia sp. 135	2676309	S	4	6	10	0.0000841107
Streptomyces sp. CRXT-Y-14	2768069	S	10	0	10	0.0000841107
Streptomyces sp. Z423-1	2730915	S	10	0	10	0.0000841107
Streptomyces sp. SCSIO 3032	1264596	S	10	0	10	0.0000841107
Streptomyces sp. CNQ-509	444103	S	7	3	10	0.0000841107
Streptomyces sp. WAC 06738	2203210	S	7	3	10	0.0000841107
Streptomyces sp. CFMR 7	1649184	S	6	4	10	0.0000841107
Streptomyces bingchenggensis	379067	S	10	0	10	0.0000841107
Streptomyces mobaraensis	35621	S	10	0	10	0.0000841107
Streptomyces cyanogenus	80860	S	9	1	10	0.0000841107
Streptomyces actuosus	1885	S	9	1	10	0.0000841107
Micromonospora sp. WMMC415	2675222	S	9	1	10	0.0000841107
Micromonospora sp. WMMA2032	2039870	S	8	2	10	0.0000841107
Micromonospora coxensis	356852	S	8	2	10	0.0000841107
Micromonospora aurantiaca	47850	S	2	8	10	0.0000841107
Salinispora tropica	168695	S	10	0	10	0.0000841107
Saccharopolyspora sp. ASAGF58	2719023	S	6	4	10	0.0000841107
Saccharomonospora marina	632569	S	10	0	10	0.0000841107
Prauserella marina	530584	S	10	0	10	0.0000841107
Actinomyces radicidentis	111015	S	9	1	10	0.0000841107
Bifidobacterium bifidum	1681	S	10	0	10	0.0000841107
Actinomadura sp. WMMA1423	2591108	S	9	1	10	0.0000841107
Olsenella timonensis	1805478	S	9	1	10	0.0000841107
Slackia heliotrinireducens	84110	S	10	0	10	0.0000841107
Arabia massiliensis	1870985	S	10	0	10	0.0000841107
Rubrobacter sp. SCSIO 52909	2653851	S	10	0	10	0.0000841107
Bacillus sp. Y1	352858	S	10	0	10	0.0000841107
Bacillus sporothermodurans	46224	S	10	0	10	0.0000841107
Salicibibacter kimchii	2099786	S	10	0	10	0.0000841107
Oceanobacillus iheyensis	182710	S	10	0	10	0.0000841107
Metabacillus litoralis	152268	S	10	0	10	0.0000841107
Weizmannia coagulans	1398	S	10	0	10	0.0000841107
Staphylococcus warneri	1292	S	8	2	10	0.0000841107
Staphylococcus equorum	246432	S	7	3	10	0.0000841107
Saccharibacillus brassicae	2583377	S	10	0	10	0.0000841107
Listeria sp. PSOL-1	1844999	S	10	0	10	0.0000841107
Streptococcus oralis	1303	S	8	2	10	0.0000841107
Lactococcus cremoris	1359	S	10	0	10	0.0000841107
Carnobacterium maltaromaticum	2751	S	10	0	10	0.0000841107
Clostridium formicaceticum	1497	S	10	0	10	0.0000841107
Caloramator sp. E03	2576307	S	10	0	10	0.0000841107
Hungatella hathewayi	154046	S	10	0	10	0.0000841107
Ruminococcus sp. JE7A12	2564099	S	10	0	10	0.0000841107
Acetivibrio saccincola	1677857	S	9	1	10	0.0000841107
Paraclostridium bifermentans	1490	S	10	0	10	0.0000841107
Carboxydocella thermautotrophica	178899	S	10	0	10	0.0000841107
Intestinimonas butyriciproducens	1297617	S	9	1	10	0.0000841107
Monoglobus pectinilyticus	1981510	S	9	1	10	0.0000841107
Christensenella minuta	626937	S	10	0	10	0.0000841107
Petrocella atlantisensis	2173034	S	10	0	10	0.0000841107
Megamonas hypermegale	158847	S	10	0	10	0.0000841107
Selenomonas sputigena	69823	S	10	0	10	0.0000841107
Erysipelatoclostridium ramosum	1547	S	10	0	10	0.0000841107
Nostoc sp. C057	2576903	S	3	7	10	0.0000841107
Calothrix sp. 336/3	1337936	S	9	1	10	0.0000841107
Brasilonema sennae	1397703	S	10	0	10	0.0000841107
Synechococcus sp. CBW1108	1353147	S	9	1	10	0.0000841107
Synechococcus sp. CBW1004	1353136	S	8	2	10	0.0000841107
Leptolyngbya sp. BL0902	1115757	S	10	0	10	0.0000841107
Acholeplasma laidlawii	2148	S	10	0	10	0.0000841107
Thermus thermophilus	274	S	6	4	10	0.0000841107
Deinococcus wulumuqiensis	980427	S	7	3	10	0.0000841107
Winogradskyella sp. J14-2	1936080	S	10	0	10	0.0000841107
Winogradskyella sp. PC-19	754417	S	8	2	10	0.0000841107
Winogradskyella helgolandensis	2697010	S	9	1	10	0.0000841107
Capnocytophaga gingivalis	1017	S	10	0	10	0.0000841107
Tenacibaculum sp. DSM 106434	2358479	S	6	4	10	0.0000841107
Formosa sp. Hel3_A1_48	1336795	S	8	2	10	0.0000841107
Maribacter sp. HTCC2170	313603	S	10	0	10	0.0000841107
Maribacter sp. 1_2014MBL_MicDiv	1644130	S	5	5	10	0.0000841107
Aureitalea sp. RR4-38	2094025	S	10	0	10	0.0000841107
Sediminicola sp. YIK13	1453352	S	10	0	10	0.0000841107
Zobellia galactanivorans	63186	S	10	0	10	0.0000841107
Costertonia aggregata	343403	S	9	1	10	0.0000841107
Kaistella antarctica	266748	S	10	0	10	0.0000841107
Kaistella daneshvariae	2487074	S	10	0	10	0.0000841107
Bacteroides coprosuis	151276	S	10	0	10	0.0000841107
Alkalitalea saponilacus	889453	S	10	0	10	0.0000841107
Spirosoma sp. CJU-R4	2728024	S	10	0	10	0.0000841107
Spirosoma montaniterrae	1178516	S	10	0	10	0.0000841107
Fibrella sp. ES10-3-2-2	1834519	S	10	0	10	0.0000841107
Hymenobacter sp. PAMC 26628	1484118	S	10	0	10	0.0000841107
Hymenobacter russus	2724192	S	10	0	10	0.0000841107
Pontibacter korlensis	400092	S	10	0	10	0.0000841107
Cyclobacterium amurskyense	320787	S	10	0	10	0.0000841107
Sphingobacterium sp. dk4302	2662364	S	10	0	10	0.0000841107
Sphingobacterium lactis	797291	S	7	3	10	0.0000841107
Chlorobaculum limnaeum	274537	S	10	0	10	0.0000841107
Sedimentisphaera cyanobacteriorum	1940790	S	6	4	10	0.0000841107
Thiospirochaeta perfilievii	252967	S	9	1	10	0.0000841107
Leptotrichia wadei	157687	S	9	1	10	0.0000841107
Halobacterium hubeiense	1407499	S	6	4	10	0.0000841107
Halovivax sp. KZCA124	2817025	S	10	0	10	0.0000841107
Methanomethylovorans hollandica	101192	S	10	0	10	0.0000841107
Burkholderia metallica	488729	S	7	2	9	0.0000756996
Burkholderia seminalis	488731	S	7	2	9	0.0000756996
Burkholderia territorii	1503055	S	7	2	9	0.0000756996
Burkholderia sp. DHOD12	2571746	S	9	0	9	0.0000756996
Burkholderia sp. PAMC 26561	1795043	S	5	4	9	0.0000756996
Paraburkholderia caledonica	134536	S	8	1	9	0.0000756996
Paraburkholderia ginsengisoli	311231	S	8	1	9	0.0000756996
Pandoraea sputorum	93222	S	7	2	9	0.0000756996
Pusillimonas thiosulfatoxidans	2028345	S	9	0	9	0.0000756996
Advenella mimigardefordensis	302406	S	9	0	9	0.0000756996
Chromobacterium paludis	2605945	S	8	1	9	0.0000756996
Jeongeupia sp. HS-3	1009682	S	9	0	9	0.0000756996
Vitreoscilla sp. C1	96942	S	9	0	9	0.0000756996
Kingella oralis	505	S	8	1	9	0.0000756996
Eikenella corrodens	539	S	6	3	9	0.0000756996
Nitrosomonas eutropha	916	S	8	1	9	0.0000756996
Nitrosospira lacus	1288494	S	9	0	9	0.0000756996
Pseudomonas sp. TCU-HL1	1856685	S	9	0	9	0.0000756996
Pseudomonas sp. DY-1	1755504	S	9	0	9	0.0000756996
Pseudomonas sp. 7SR1	1881017	S	9	0	9	0.0000756996
Pseudomonas sp. ADAK13	2730847	S	9	0	9	0.0000756996
Pseudomonas sp. RU47	2005388	S	8	1	9	0.0000756996
Pseudomonas sp. NS1(2017)	2025658	S	8	1	9	0.0000756996
Pseudomonas fuscovaginae	50340	S	7	2	9	0.0000756996
Pseudomonas balearica	74829	S	6	3	9	0.0000756996
Pseudomonas reinekei	395598	S	9	0	9	0.0000756996
Pseudomonas parafulva	157782	S	8	1	9	0.0000756996
Pseudomonas sihuiensis	1274359	S	6	3	9	0.0000756996
Permianibacter aggregans	1510150	S	9	0	9	0.0000756996
Acinetobacter soli	487316	S	9	0	9	0.0000756996
Acinetobacter venetianus	52133	S	9	0	9	0.0000756996
Xanthomonas vesicatoria	56460	S	8	1	9	0.0000756996
Luteibacter pinisoli	2589080	S	9	0	9	0.0000756996
Pantoea ananatis	553	S	9	0	9	0.0000756996
Yersinia enterocolitica	630	S	8	1	9	0.0000756996
Yersinia frederiksenii	29484	S	6	3	9	0.0000756996
Providencia stuartii	588	S	2	7	9	0.0000756996
Shewanella putrefaciens	24	S	3	6	9	0.0000756996
Marinobacter sp. LQ44	1749259	S	5	4	9	0.0000756996
Alteromonas sp. RKMC-009	2267264	S	7	2	9	0.0000756996
Alteromonas addita	287094	S	1	8	9	0.0000756996
Halomonas sp. MCCC 1A13316	2733487	S	9	0	9	0.0000756996
Marinomonas primoryensis	178399	S	8	1	9	0.0000756996
Marinobacterium aestuarii	1821621	S	9	0	9	0.0000756996
Allochromatium vinosum	1049	S	9	0	9	0.0000756996
Thioalkalivibrio versutus	106634	S	9	0	9	0.0000756996
Thioalkalivibrio nitratireducens	186931	S	7	2	9	0.0000756996
Guyparkeria halophila	47960	S	9	0	9	0.0000756996
Legionella sp. PC997	2755562	S	8	1	9	0.0000756996
Simiduia agarivorans	447471	S	9	0	9	0.0000756996
Francisella sp. FSC1006	1547445	S	9	0	9	0.0000756996
Hydrogenovibrio crunogenus	39765	S	9	0	9	0.0000756996
Methylomicrobium album	39775	S	9	0	9	0.0000756996
Bathymodiolus septemdierum thioautotrophic gill symbiont	113267	S	8	1	9	0.0000756996
Sulfuricaulis limicola	1620215	S	9	0	9	0.0000756996
endosymbiont of unidentified scaly snail isolate Monju	1248727	S	9	0	9	0.0000756996
Tardiphaga sp. vice352	2592816	S	1	8	9	0.0000756996
Rhizobium sp. WL3	2603277	S	9	0	9	0.0000756996
Rhizobium bangladeshense	1138189	S	8	1	9	0.0000756996
Mesorhizobium sp. NBSH29	2654249	S	9	0	9	0.0000756996
Mesorhizobium sp. INR15	2654248	S	9	0	9	0.0000756996
Mesorhizobium sp. M1A.F.Ca.IN.022.06.1.1	2493680	S	8	1	9	0.0000756996
Mesorhizobium sp. M2A.F.Ca.ET.043.05.1.1	2493671	S	7	2	9	0.0000756996
Mesorhizobium sp. 131-3-5	2744520	S	2	7	9	0.0000756996
Mesorhizobium japonicum	2066070	S	6	3	9	0.0000756996
Labrenzia aggregata	187304	S	2	7	9	0.0000756996
Candidatus Phaeomarinobacter ectocarpi	1458461	S	9	0	9	0.0000756996
Sphingobium barthaii	1054037	S	3	6	9	0.0000756996
Sphingorhabdus sp. JK6	2725558	S	9	0	9	0.0000756996
Novosphingopyxis sp. PB63	2762729	S	7	2	9	0.0000756996
Erythrobacter sp. THAF29	2587851	S	7	2	9	0.0000756996
Paracoccus mutanolyticus	1499308	S	3	6	9	0.0000756996
Sulfitobacter sp. JL08	2070369	S	9	0	9	0.0000756996
Roseovarius sp. THAF27	2587850	S	5	4	9	0.0000756996
Ruegeria sp. AD91A	2293862	S	7	2	9	0.0000756996
Monaibacterium sp. ALG8	2715211	S	8	1	9	0.0000756996
Thalassospira marina	2048283	S	9	0	9	0.0000756996
Niveispirillum cyanobacteriorum	1612173	S	8	1	9	0.0000756996
Roseomonas sp. 1318	2768161	S	9	0	9	0.0000756996
Orientia tsutsugamushi	784	S	9	0	9	0.0000756996
Candidatus Pelagibacter sp. RS40	1977865	S	9	0	9	0.0000756996
Hyphomonas sp. Mor2	1906738	S	9	0	9	0.0000756996
Hyphobacterium sp. CCMP332	2749086	S	9	0	9	0.0000756996
Luteithermobacter gelatinilyticus	2582913	S	9	0	9	0.0000756996
Desulfovibrio carbinolicus	296842	S	7	2	9	0.0000756996
Desulfocurvibacter africanus	873	S	9	0	9	0.0000756996
Syntrophotalea carbinolica	19	S	9	0	9	0.0000756996
Halobacteriovorax marinus	97084	S	9	0	9	0.0000756996
Agromyces flavus	589382	S	8	1	9	0.0000756996
Leucobacter muris	1935379	S	8	1	9	0.0000756996
Salinibacterium sp. UTAS2018	2508880	S	9	0	9	0.0000756996
Arthrobacter agilis	37921	S	9	0	9	0.0000756996
Arthrobacter woluwensis	156980	S	9	0	9	0.0000756996
Pseudarthrobacter sp. NIBRBAC000502772	2590775	S	7	2	9	0.0000756996
Janibacter limosus	53458	S	9	0	9	0.0000756996
Tetrasphaera sp. HKS02	1813880	S	9	0	9	0.0000756996
Cellulomonas sp. PSBB021	2003551	S	8	1	9	0.0000756996
Cellulomonas shaoxiangyii	2566013	S	8	1	9	0.0000756996
Dermabacter vaginalis	1630135	S	6	3	9	0.0000756996
Dermabacter jinjuensis	1667168	S	6	3	9	0.0000756996
Ornithinimicrobium flavum	1288636	S	8	1	9	0.0000756996
Serinicoccus marinus	247333	S	7	2	9	0.0000756996
Xylanimonas cellulosilytica	186189	S	9	0	9	0.0000756996
Sanguibacter sp. HDW7	2714931	S	9	0	9	0.0000756996
Raineyella sp. CBA3103	2662261	S	9	0	9	0.0000756996
Nocardioides daphniae	402297	S	7	2	9	0.0000756996
Aeromicrobium sp. A1-2	2107713	S	9	0	9	0.0000756996
Aeromicrobium choanae	1736691	S	8	1	9	0.0000756996
Mycolicibacterium sarraceniae	1534348	S	9	0	9	0.0000756996
Mycolicibacterium psychrotolerans	216929	S	9	0	9	0.0000756996
Mycolicibacterium fortuitum	1766	S	8	1	9	0.0000756996
Mycolicibacterium smegmatis	1772	S	8	1	9	0.0000756996
Mycolicibacterium aichiense	1799	S	8	1	9	0.0000756996
Mycolicibacterium hassiacum	46351	S	8	1	9	0.0000756996
Mycolicibacterium rhodesiae	36814	S	8	1	9	0.0000756996
Mycolicibacterium austroafricanum	39687	S	1	8	9	0.0000756996
Mycobacterium sp. MS1601	1936029	S	9	0	9	0.0000756996
Mycobacterium paraintracellulare	1138383	S	1	8	9	0.0000756996
Mycobacteroides immunogenum	83262	S	8	1	9	0.0000756996
Corynebacterium sp. ZJ-599	2709394	S	8	1	9	0.0000756996
Corynebacterium epidermidicanis	1050174	S	9	0	9	0.0000756996
Corynebacterium riegelii	156976	S	9	0	9	0.0000756996
Corynebacterium casei	160386	S	5	4	9	0.0000756996
Rhodococcus sp. WMMA185	679318	S	9	0	9	0.0000756996
Rhodococcus sp. P1Y	1302308	S	9	0	9	0.0000756996
Rhodococcus sp. B7740	1564114	S	9	0	9	0.0000756996
Rhodococcus sp. YL-1	1045808	S	3	6	9	0.0000756996
Nocardia arthritidis	228602	S	9	0	9	0.0000756996
Nocardia mangyaensis	2213200	S	8	1	9	0.0000756996
Gordonia iterans	1004901	S	8	1	9	0.0000756996
Streptomyces sp. C8S0	2585716	S	9	0	9	0.0000756996
Streptomyces sp. SAT1	1849967	S	9	0	9	0.0000756996
Streptomyces sp. QMT-12	2717324	S	9	0	9	0.0000756996
Streptomyces sp. NA04227	2742136	S	9	0	9	0.0000756996
Streptomyces sp. AgN23	1188315	S	7	2	9	0.0000756996
Streptomyces globisporus	1908	S	7	2	9	0.0000756996
Streptomyces exfoliatus	1905	S	9	0	9	0.0000756996
Streptomyces armeniacus	83291	S	9	0	9	0.0000756996
Streptomyces rapamycinicus	1226757	S	9	0	9	0.0000756996
Streptomyces griseorubiginosus	67304	S	9	0	9	0.0000756996
Streptomyces finlayi	67296	S	9	0	9	0.0000756996
Streptomyces pristinaespiralis	38300	S	9	0	9	0.0000756996
Streptomyces fagopyri	2662397	S	9	0	9	0.0000756996
Micromonospora chokoriensis	356851	S	8	1	9	0.0000756996
Micromonospora coriariae	285665	S	8	1	9	0.0000756996
Salinispora arenicola	168697	S	9	0	9	0.0000756996
Saccharopolyspora pogona	333966	S	6	3	9	0.0000756996
Actinomyces sp. ZJ34	2722820	S	9	0	9	0.0000756996
Actinomyces sp. Z16	2079536	S	8	1	9	0.0000756996
Nocardiopsis dassonvillei	2014	S	8	1	9	0.0000756996
Streptomonospora sp. M2	2498135	S	9	0	9	0.0000756996
Nakamurella sp. PAMC28650	2762325	S	9	0	9	0.0000756996
Olsenella sp. GAM18	2109685	S	8	1	9	0.0000756996
Rubrobacter sp. SCSIO 52915	2653852	S	9	0	9	0.0000756996
Rubrobacter xylanophilus	49319	S	9	0	9	0.0000756996
Bacillus cellulosilyticus	1413	S	9	0	9	0.0000756996
Bacillus vini	1476025	S	9	0	9	0.0000756996
Lysinibacillus sp. 2017	2169540	S	9	0	9	0.0000756996
Lysinibacillus sphaericus	1421	S	7	2	9	0.0000756996
Peribacillus muralis	264697	S	9	0	9	0.0000756996
Halobacillus mangrovi	402384	S	9	0	9	0.0000756996
Staphylococcus pasteuri	45972	S	9	0	9	0.0000756996
Staphylococcus cohnii	29382	S	8	1	9	0.0000756996
Thermobacillus composti	377615	S	9	0	9	0.0000756996
Sporosarcina sp. resist	2762563	S	4	5	9	0.0000756996
Tumebacillus algifaecis	1214604	S	7	2	9	0.0000756996
Kyrpidia spormannii	2055160	S	5	4	9	0.0000756996
Streptococcus dysgalactiae	1334	S	4	5	9	0.0000756996
Lactococcus taiwanensis	1151742	S	9	0	9	0.0000756996
Lachnoclostridium phytofermentans	66219	S	9	0	9	0.0000756996
[Clostridium] hylemonae	89153	S	9	0	9	0.0000756996
Lachnoclostridium phocaeense	1871021	S	8	1	9	0.0000756996
Anaerocolumna cellulosilytica	433286	S	9	0	9	0.0000756996
Anaerocolumna sedimenticola	2696063	S	9	0	9	0.0000756996
Clostridium acetobutylicum	1488	S	9	0	9	0.0000756996
Clostridium gasigenes	94869	S	9	0	9	0.0000756996
Clostridium argentinense	29341	S	9	0	9	0.0000756996
Ruminococcus albus	1264	S	9	0	9	0.0000756996
Flintibacter sp. KGMB00164	2610895	S	9	0	9	0.0000756996
Methylomusa anaerophila	1930071	S	9	0	9	0.0000756996
Megasphaera elsdenii	907	S	9	0	9	0.0000756996
Phascolarctobacterium sp. Marseille-Q4147	2823317	S	9	0	9	0.0000756996
[Clostridium] innocuum	1522	S	9	0	9	0.0000756996
Peptoniphilus harei	54005	S	9	0	9	0.0000756996
Nostoc sp. PCC 7107	317936	S	6	3	9	0.0000756996
Oxynema sp. AP17	2064643	S	8	1	9	0.0000756996
Cyanothece sp. PCC 7425	395961	S	9	0	9	0.0000756996
Crocosphaera subtropica	2546360	S	9	0	9	0.0000756996
Synechococcus sp. CBW1107	2789857	S	8	1	9	0.0000756996
Synechococcus sp. JA-2-3B'a(2-13)	321332	S	8	1	9	0.0000756996
Truepera radiovictrix	332249	S	9	0	9	0.0000756996
Caldilinea aerophila	133453	S	9	0	9	0.0000756996
Tenacibaculum dicentrarchi	669041	S	8	1	9	0.0000756996
Nonlabens ponticola	2496866	S	9	0	9	0.0000756996
Formosa sediminum	2594004	S	8	1	9	0.0000756996
Lacinutrix sp. 5H-3-7-4	983544	S	7	2	9	0.0000756996
Tamlana sp. s12	1630406	S	7	2	9	0.0000756996
Chryseobacterium sp. T16E-39	2015076	S	9	0	9	0.0000756996
Chryseobacterium haifense	421525	S	4	5	9	0.0000756996
Elizabethkingia meningoseptica	238	S	9	0	9	0.0000756996
Bacteroides sp. A1C1	2528203	S	2	7	9	0.0000756996
Prevotella dentalis	52227	S	9	0	9	0.0000756996
Prevotella melaninogenica	28132	S	8	1	9	0.0000756996
Parabacteroides goldsteinii	328812	S	9	0	9	0.0000756996
Duncaniella dubosii	2518971	S	9	0	9	0.0000756996
Tenuifilum thalassicum	2590900	S	9	0	9	0.0000756996
Spirosoma rigui	564064	S	9	0	9	0.0000756996
Spirosoma taeanense	2735870	S	9	0	9	0.0000756996
Hymenobacter sp. S2-20-2	2761579	S	9	0	9	0.0000756996
Echinicola sp. LN3S3	2591634	S	9	0	9	0.0000756996
Gimesia aquarii	2527964	S	9	0	9	0.0000756996
Coraliomargarita akajimensis	395922	S	9	0	9	0.0000756996
Akkermansia glycaniphila	1679444	S	9	0	9	0.0000756996
Chlamydia suis	83559	S	7	2	9	0.0000756996
Treponema phagedenis	162	S	9	0	9	0.0000756996
Granulicella mallensis	940614	S	9	0	9	0.0000756996
Fusobacterium varium	856	S	9	0	9	0.0000756996
Fusobacterium ulcerans	861	S	9	0	9	0.0000756996
Tepiditoga spiralis	2108365	S	6	3	9	0.0000756996
Kosmotoga pacifica	1330330	S	9	0	9	0.0000756996
Cloacibacillus porcorum	1197717	S	9	0	9	0.0000756996
Halorubrum sp. RHB-C	2739057	S	7	2	9	0.0000756996
Halobellus limi	699433	S	8	1	9	0.0000756996
Methanosarcina sp. Kolksee	1434099	S	2	7	9	0.0000756996
Methanocorpusculum labreanum	83984	S	9	0	9	0.0000756996
Candidatus Nitrosocosmicus hydrocola	1826872	S	9	0	9	0.0000756996
Pseudomonas virus KIL4	2560666	S	9	0	9	0.0000756996
Invertebrate iridescent virus 31	345199	S	9	0	9	0.0000756996
Singapore grouper iridovirus	262968	S	9	0	9	0.0000756996
Burkholderia diffusa	488732	S	6	2	8	0.0000672885
Burkholderia latens	488446	S	3	5	8	0.0000672885
Burkholderia sp. THE68	758782	S	8	0	8	0.0000672885
Burkholderia sp. MS455	2811788	S	5	3	8	0.0000672885
Cupriavidus sp. USMAHM13	1389192	S	1	7	8	0.0000672885
Cupriavidus neocaledonicus	1040979	S	4	4	8	0.0000672885
Neisseria dentiae	194197	S	8	0	8	0.0000672885
Oryzomicrobium terrae	1735038	S	7	1	8	0.0000672885
Pseudomonas sp. LPB0260	2614442	S	8	0	8	0.0000672885
Pseudomonas sp. SCB32	2653853	S	8	0	8	0.0000672885
Pseudomonas sp. OIL-1	2706126	S	8	0	8	0.0000672885
Pseudomonas sp. MPDS	2762896	S	5	3	8	0.0000672885
Pseudomonas sp. BIOMIG1BAC	1758730	S	5	3	8	0.0000672885
Pseudomonas migulae	78543	S	7	1	8	0.0000672885
Pseudomonas furukawaii	1149133	S	8	0	8	0.0000672885
Pseudomonas lini	163011	S	8	0	8	0.0000672885
Pseudomonas guangdongensis	1245526	S	8	0	8	0.0000672885
Pseudomonas denitrificans (nom. rej.)	43306	S	8	0	8	0.0000672885
Psychrobacter sp. P2G3	1699622	S	5	3	8	0.0000672885
Xanthomonas arboricola	56448	S	8	0	8	0.0000672885
Xanthomonas theicola	56464	S	8	0	8	0.0000672885
Xanthomonas albilineans	29447	S	8	0	8	0.0000672885
Lysobacter sp. HDW10	2714936	S	8	0	8	0.0000672885
Lysobacter sp. H21R4	2781021	S	5	3	8	0.0000672885
Lysobacter sp. H23M41	2781023	S	3	5	8	0.0000672885
Lysobacter alkalisoli	2591633	S	8	0	8	0.0000672885
Enterobacter ludwigii	299767	S	4	4	8	0.0000672885
Enterobacter mori	539813	S	3	5	8	0.0000672885
Candidatus Hamiltonella defensa	138072	S	8	0	8	0.0000672885
Kosakonia pseudosacchari	1646340	S	7	1	8	0.0000672885
Kluyvera intermedia	61648	S	7	1	8	0.0000672885
Leclercia sp. 119287	2681308	S	5	3	8	0.0000672885
[Enterobacter] lignolyticus	1334193	S	8	0	8	0.0000672885
Mixta calida	665913	S	7	1	8	0.0000672885
Yersinia massiliensis	419257	S	3	5	8	0.0000672885
Providencia sneebia	516075	S	8	0	8	0.0000672885
Xenorhabdus budapestensis	290110	S	8	0	8	0.0000672885
Morganella morganii	582	S	7	1	8	0.0000672885
Pectobacterium brasiliense	180957	S	5	3	8	0.0000672885
Brenneria rubrifaciens	55213	S	7	1	8	0.0000672885
Pragia fontium	82985	S	8	0	8	0.0000672885
Marinobacter sp. NP-4(2019)	2488665	S	7	1	8	0.0000672885
Marinobacter salsuginis	418719	S	8	0	8	0.0000672885
Salinimonas lutimaris	914153	S	8	0	8	0.0000672885
Pseudoalteromonas tunicata	314281	S	8	0	8	0.0000672885
Colwellia sp. PAMC 21821	1816219	S	5	3	8	0.0000672885
Ferrimonas balearica	44012	S	8	0	8	0.0000672885
Halomonas sp. GFAJ-1	1118153	S	8	0	8	0.0000672885
Halomonas sp. THAF5a	2587844	S	8	0	8	0.0000672885
Halomonas sp. THAF12	2587849	S	7	1	8	0.0000672885
Halomonas elongata	2746	S	8	0	8	0.0000672885
Halomonas campaniensis	213554	S	2	6	8	0.0000672885
Candidatus Portiera aleyrodidarum	91844	S	8	0	8	0.0000672885
Kushneria konosiri	698828	S	8	0	8	0.0000672885
Pistricoccus aurantiacus	1883414	S	8	0	8	0.0000672885
Thalassolituus oleivorans	187493	S	8	0	8	0.0000672885
Alcanivorax xenomutans	1094342	S	5	3	8	0.0000672885
Marichromatium purpuratum	37487	S	8	0	8	0.0000672885
Acidihalobacter yilgarnenesis	2819280	S	8	0	8	0.0000672885
Granulosicoccus antarcticus	437505	S	8	0	8	0.0000672885
Aeromonas encheleia	73010	S	8	0	8	0.0000672885
Aquicella siphonis	254247	S	8	0	8	0.0000672885
Microbulbifer sp. THAF38	2587856	S	8	0	8	0.0000672885
Microbulbifer hydrolyticus	48074	S	8	0	8	0.0000672885
Halioglobus maricola	2601894	S	8	0	8	0.0000672885
Kineobactrum salinum	2708301	S	8	0	8	0.0000672885
Spongiibacter sp. IMCC21906	1620392	S	7	1	8	0.0000672885
Actinobacillus sp. GY-402	2774188	S	7	1	8	0.0000672885
Francisella uliginis	573570	S	8	0	8	0.0000672885
Methylomonas denitrificans	1538553	S	8	0	8	0.0000672885
Methylomonas rhizoryzae	2608981	S	8	0	8	0.0000672885
Salinisphaera sp. LB1	2183911	S	8	0	8	0.0000672885
Mesorhizobium sp. M8A.F.Ca.ET.057.01.1.1	2493679	S	7	1	8	0.0000672885
Mesorhizobium sp. 113-3-9	2744517	S	6	2	8	0.0000672885
Mesorhizobium oceanicum	1670800	S	7	1	8	0.0000672885
Mesorhizobium erdmanii	1777866	S	7	1	8	0.0000672885
Aminobacter aminovorans	83263	S	2	6	8	0.0000672885
Hoeflea phototrophica	244596	S	8	0	8	0.0000672885
Salaquimonas pukyongi	2712698	S	8	0	8	0.0000672885
Martelella lutilitoris	2583532	S	4	4	8	0.0000672885
Methylocystis bryophila	655015	S	8	0	8	0.0000672885
Methylocystis sp. SC2	187303	S	6	2	8	0.0000672885
Labrenzia sp. PHM005	2590016	S	8	0	8	0.0000672885
Bartonella schoenbuchensis	165694	S	6	2	8	0.0000672885
Sphingomonas ginsengisoli An et al. 2013	363835	S	8	0	8	0.0000672885
Parasphingorhabdus sp. JHSY0214	2806553	S	8	0	8	0.0000672885
Erythrobacter sp. HL-111	1798193	S	7	1	8	0.0000672885
Erythrobacter aureus	2182384	S	8	0	8	0.0000672885
Altererythrobacter sp. ZODW24	2185142	S	8	0	8	0.0000672885
Aurantiacibacter gangjinensis	502682	S	8	0	8	0.0000672885
Sphingosinicella sp. UDD2	2771430	S	8	0	8	0.0000672885
Paracoccus aminophilus	34003	S	8	0	8	0.0000672885
Celeribacter baekdonensis	875171	S	7	1	8	0.0000672885
Thioclava nitratireducens	1915078	S	6	2	8	0.0000672885
Tateyamaria omphalii	299262	S	8	0	8	0.0000672885
Halocynthiibacter arcticus	1579316	S	8	0	8	0.0000672885
Roseibacterium elongatum	159346	S	8	0	8	0.0000672885
Azospirillum humicireducens	1226968	S	6	2	8	0.0000672885
Magnetospira sp. QH-2	1288970	S	8	0	8	0.0000672885
Gluconobacter oxydans	442	S	6	2	8	0.0000672885
Gluconacetobacter diazotrophicus	33996	S	8	0	8	0.0000672885
Candidatus Pelagibacter sp. FZCC0015	2268451	S	8	0	8	0.0000672885
Candidatus Nucleicultrix amoebiphila	1509244	S	8	0	8	0.0000672885
Magnetococcus marinus	1124597	S	8	0	8	0.0000672885
Arcobacter anaerophilus	877500	S	8	0	8	0.0000672885
Arcobacter aquimarinus	1315211	S	7	1	8	0.0000672885
Malaciobacter pacificus	1080223	S	8	0	8	0.0000672885
Malaciobacter mytili	603050	S	7	1	8	0.0000672885
Sulfurimonas sp. GYSZ_1	2590022	S	8	0	8	0.0000672885
Myxococcus stipitatus	83455	S	8	0	8	0.0000672885
Myxococcus sp. SCHIC003	2813577	S	8	0	8	0.0000672885
Desulfovibrio sp. 86	2666132	S	8	0	8	0.0000672885
Desulfovibrio sp. G11	631220	S	1	7	8	0.0000672885
Desulfovibrio gigas	879	S	8	0	8	0.0000672885
Pseudodesulfovibrio profundus	57320	S	5	3	8	0.0000672885
Desulfopila sp. IMCC35005	2569541	S	8	0	8	0.0000672885
Microbacterium sp. HY60	2769067	S	8	0	8	0.0000672885
Microbacterium sp. A18JL241	2782166	S	8	0	8	0.0000672885
Microbacterium sp. Nx66	2766784	S	5	3	8	0.0000672885
Microbacterium caowuchunii	2614638	S	8	0	8	0.0000672885
Microbacterium sediminis	904291	S	6	2	8	0.0000672885
Curtobacterium sp. BH-2-1-1	1905847	S	8	0	8	0.0000672885
Rathayibacter tanaceti	1671680	S	7	1	8	0.0000672885
Agromyces sp. HY052	2585717	S	8	0	8	0.0000672885
Leucobacter insecticola	2714934	S	8	0	8	0.0000672885
Cryobacterium sp. LW097	1978566	S	8	0	8	0.0000672885
Cryobacterium soli	2220095	S	7	1	8	0.0000672885
Agrococcus jejuensis	399736	S	7	1	8	0.0000672885
Chryseoglobus sp. 28M-23	2772253	S	3	5	8	0.0000672885
Chryseoglobus indicus	2750620	S	3	5	8	0.0000672885
Arthrobacter sp. 24S4-2	2575374	S	8	0	8	0.0000672885
Arthrobacter sp. U41	1849032	S	8	0	8	0.0000672885
Glutamicibacter halophytocola	1933880	S	8	0	8	0.0000672885
Sinomonas atrocyanea	37927	S	8	0	8	0.0000672885
Sinomonas sp. R1AF57	2020377	S	8	0	8	0.0000672885
Pseudactinotalea sp. HY158	2654547	S	8	0	8	0.0000672885
Brevibacterium luteolum	199591	S	7	1	8	0.0000672885
Brachybacterium avium	2017485	S	8	0	8	0.0000672885
Ornithinimicrobium sp. H23M54	2594265	S	8	0	8	0.0000672885
Serinicoccus profundi	1078471	S	7	1	8	0.0000672885
Xylanimonas allomyrinae	2509459	S	8	0	8	0.0000672885
Isoptericola dokdonensis	372663	S	8	0	8	0.0000672885
Austwickia chelonae	100225	S	8	0	8	0.0000672885
Nocardioides sp. WS12	2486272	S	8	0	8	0.0000672885
Nocardioides sp. dk3136	2575373	S	7	1	8	0.0000672885
Aeromicrobium marinum	219314	S	8	0	8	0.0000672885
Mumia sp. ZJ1417	2708082	S	8	0	8	0.0000672885
Mycolicibacterium vanbaalenii	110539	S	1	7	8	0.0000672885
Mycobacterium shigaense	722731	S	8	0	8	0.0000672885
Mycobacterium branderi	43348	S	8	0	8	0.0000672885
Mycolicibacter minnesotensis	1118379	S	8	0	8	0.0000672885
Corynebacterium doosanense	1121358	S	7	1	8	0.0000672885
Corynebacterium deserti	1408191	S	7	1	8	0.0000672885
Corynebacterium mycetoides	38302	S	7	1	8	0.0000672885
Rhodococcus sp. PBTS 2	1653479	S	6	2	8	0.0000672885
Streptomyces sp. P3	2135430	S	8	0	8	0.0000672885
Streptomyces sp. YIM 121038	2136401	S	8	0	8	0.0000672885
Streptomyces sp. NA02950	2742137	S	8	0	8	0.0000672885
Streptomyces sp. M2	646637	S	8	0	8	0.0000672885
Streptomyces sp. ZYC-3	2797636	S	8	0	8	0.0000672885
Streptomyces sp. SYP-A7193	2662065	S	7	1	8	0.0000672885
Streptomyces sp. TN58	234612	S	7	1	8	0.0000672885
Streptomyces sp. INR7	2607753	S	7	1	8	0.0000672885
Streptomyces sp. Sge12	1972846	S	5	3	8	0.0000672885
Streptomyces subrutilus	36818	S	8	0	8	0.0000672885
Streptomyces capitiformicae	2014920	S	8	0	8	0.0000672885
Streptomyces incarnatus	665007	S	8	0	8	0.0000672885
Streptomyces albulus	68570	S	8	0	8	0.0000672885
Streptomyces avermitilis	33903	S	8	0	8	0.0000672885
Streptomyces alboflavus	67267	S	8	0	8	0.0000672885
Streptomyces pluripotens	1355015	S	8	0	8	0.0000672885
Streptomyces phaeolivaceus	2653200	S	8	0	8	0.0000672885
Streptomyces vinaceus	1960	S	8	0	8	0.0000672885
Streptomyces pratensis	1169025	S	8	0	8	0.0000672885
Streptomyces pactum	68249	S	8	0	8	0.0000672885
Streptomyces lunaelactis	1535768	S	8	0	8	0.0000672885
Saccharopolyspora coralli	2665642	S	8	0	8	0.0000672885
Schaalia sp. ZJ405	2709403	S	8	0	8	0.0000672885
Flaviflexus sp. dk850	2758573	S	4	4	8	0.0000672885
Streptosporangium sp. 'caverna'	2202249	S	8	0	8	0.0000672885
Nakamurella multipartita	53461	S	8	0	8	0.0000672885
Adlercreutzia sp. 8CFCBH1	2707299	S	5	3	8	0.0000672885
Gordonibacter pamelaeae	471189	S	6	2	8	0.0000672885
Berryella intestinalis	1531429	S	5	3	8	0.0000672885
Rubrobacter indicoceani	2051957	S	7	1	8	0.0000672885
Egicoccus halophilus	1670830	S	8	0	8	0.0000672885
Bacillus pseudomycoides	64104	S	8	0	8	0.0000672885
Bacillus sp. N1-1	2682541	S	7	1	8	0.0000672885
Bacillus amyloliquefaciens	1390	S	3	5	8	0.0000672885
Bacillus dafuensis	1742359	S	8	0	8	0.0000672885
Bacillus weihaiensis	1547283	S	8	0	8	0.0000672885
Bacillus ciccensis	1670641	S	8	0	8	0.0000672885
Geobacillus subterraneus	129338	S	5	3	8	0.0000672885
Paenibacillus sp. FSL R7-0273	1536772	S	8	0	8	0.0000672885
Paenibacillus sp. BIHB4019	1870819	S	8	0	8	0.0000672885
Paenibacillus sp. B01	2660554	S	7	1	8	0.0000672885
Paenibacillus xylanilyticus	248903	S	8	0	8	0.0000672885
Tumebacillus avium	1903704	S	6	2	8	0.0000672885
Brochothrix thermosphacta	2756	S	8	0	8	0.0000672885
Lactococcus garvieae	1363	S	8	0	8	0.0000672885
Lactococcus raffinolactis	1366	S	8	0	8	0.0000672885
Lactobacillus kefiranofaciens	267818	S	7	1	8	0.0000672885
Limosilactobacillus fermentum	1613	S	8	0	8	0.0000672885
Leuconostoc pseudomesenteroides	33968	S	7	1	8	0.0000672885
Latilactobacillus sakei	1599	S	8	0	8	0.0000672885
Enterococcus hirae	1354	S	8	0	8	0.0000672885
Carnobacterium sp. 17-4	208596	S	8	0	8	0.0000672885
Marinilactibacillus sp. 15R	1911586	S	8	0	8	0.0000672885
Butyrivibrio hungatei	185008	S	8	0	8	0.0000672885
Clostridium isatidis	182773	S	8	0	8	0.0000672885
Clostridium novyi	1542	S	4	4	8	0.0000672885
Caloranaerobacter azorensis	116090	S	8	0	8	0.0000672885
Oscillibacter sp. NSJ-62	2763056	S	8	0	8	0.0000672885
Desulfitobacterium metallireducens	142877	S	8	0	8	0.0000672885
Desulfosporosinus acidiphilus	885581	S	8	0	8	0.0000672885
Acetobacterium woodii	33952	S	8	0	8	0.0000672885
Halanaerobium praevalens	2331	S	8	0	8	0.0000672885
Turicibacter sanguinis	154288	S	8	0	8	0.0000672885
Calothrix sp. NIES-3974	2005462	S	8	0	8	0.0000672885
Oscillatoria acuminata	118323	S	7	1	8	0.0000672885
Microcoleus sp. PCC 7113	1173027	S	7	1	8	0.0000672885
Microcystis sp. MC19	1967666	S	7	1	8	0.0000672885
Microcystis viridis	44822	S	4	4	8	0.0000672885
Synechococcus elongatus	32046	S	3	5	8	0.0000672885
Cyanobium sp. NIES-981	1851505	S	6	2	8	0.0000672885
cyanobacterium endosymbiont of Rhopalodia gibberula	1763363	S	7	1	8	0.0000672885
Mycoplasma sp. 1654_15	2725994	S	7	1	8	0.0000672885
Mycoplasma struthionis	538220	S	7	1	8	0.0000672885
Mycoplasma gallisepticum	2096	S	7	1	8	0.0000672885
Spiroplasma diminutum	216936	S	8	0	8	0.0000672885
Meiothermus taiwanensis	172827	S	7	1	8	0.0000672885
Brevefilum fermentans	1986204	S	8	0	8	0.0000672885
Gramella flava	1486245	S	6	2	8	0.0000672885
Psychroflexus sp. ALD_RP9	2777186	S	8	0	8	0.0000672885
Chryseobacterium gallinarum	1324352	S	7	1	8	0.0000672885
Owenweeksia hongkongensis	253245	S	8	0	8	0.0000672885
Croceimicrobium hydrocarbonivorans	2761580	S	8	0	8	0.0000672885
Prevotella denticola	28129	S	8	0	8	0.0000672885
Alistipes megaguti	2364787	S	8	0	8	0.0000672885
Muribaculum gordoncarteri	2530390	S	8	0	8	0.0000672885
Hymenobacter sp. NBH84	2596915	S	8	0	8	0.0000672885
Hymenobacter sp. DG01	2584940	S	6	2	8	0.0000672885
Hymenobacter swuensis	1446467	S	8	0	8	0.0000672885
Pontibacter russatus	2694929	S	8	0	8	0.0000672885
Sphingobacterium psychroaquaticum	561061	S	8	0	8	0.0000672885
Pseudopedobacter saltans	151895	S	6	2	8	0.0000672885
Chitinophaga agri	2703787	S	7	1	8	0.0000672885
Candidatus Cyclonatronum proteinivorum	1457365	S	8	0	8	0.0000672885
Pirellula staleyi	125	S	8	0	8	0.0000672885
Methylacidimicrobium sp. B4	2796139	S	5	3	8	0.0000672885
Kiritimatiella glycovorans	1307763	S	5	3	8	0.0000672885
Treponema denticola	158	S	2	6	8	0.0000672885
Granulicella sp. 5B5	1617967	S	8	0	8	0.0000672885
Candidatus Koribacter versatilis	658062	S	8	0	8	0.0000672885
Acidisarcina polymorpha	2211140	S	8	0	8	0.0000672885
Fusobacterium canifelinum	285729	S	6	2	8	0.0000672885
Fusobacterium hwasookii	1583098	S	6	2	8	0.0000672885
Leptotrichia sp. oral taxon 212	712357	S	7	1	8	0.0000672885
Mesotoga infera	1236046	S	8	0	8	0.0000672885
Thermodesulfobacterium geofontis	1295609	S	8	0	8	0.0000672885
Candidatus Endomicrobium trichonymphae	1408204	S	7	1	8	0.0000672885
Caldithrix abyssi	187145	S	8	0	8	0.0000672885
Salinigranum rubrum	755307	S	8	0	8	0.0000672885
Methanosarcina siciliae	38027	S	7	1	8	0.0000672885
Methanobrevibacter sp. AbM4	224719	S	8	0	8	0.0000672885
Methanobrevibacter millerae	230361	S	8	0	8	0.0000672885
Nitrosarchaeum sp. AC2	2259673	S	8	0	8	0.0000672885
Burkholderia ambifaria	152480	S	4	3	7	0.0000588775
Burkholderia pseudomultivorans	1207504	S	4	3	7	0.0000588775
Paraburkholderia sp. Msb3	2604047	S	5	2	7	0.0000588775
Paraburkholderia sprentiae	948107	S	7	0	7	0.0000588775
Paraburkholderia acidiphila	2571747	S	7	0	7	0.0000588775
Paraburkholderia graminis	60548	S	6	1	7	0.0000588775
Mycoavidus cysteinexigens	1553431	S	7	0	7	0.0000588775
Ephemeroptericola cinctiostellae	2268024	S	7	0	7	0.0000588775
Bordetella holmesii	35814	S	7	0	7	0.0000588775
Pusillimonas sp. DMV24BSW_D	2716226	S	7	0	7	0.0000588775
Aquitalea denitrificans	519081	S	5	2	7	0.0000588775
Jeongeupia sp. USM3	1906741	S	7	0	7	0.0000588775
Neisseria shayeganii	607712	S	7	0	7	0.0000588775
Neisseria animaloris	326522	S	6	1	7	0.0000588775
Ferriphaselus amnicola	1188319	S	7	0	7	0.0000588775
Pseudomonas sp. 14181154	2662033	S	5	2	7	0.0000588775
Pseudomonas sp. CFSAN084952	2664899	S	2	5	7	0.0000588775
Pseudomonas sp. PONIH3	1636610	S	2	5	7	0.0000588775
Pseudomonas mediterranea	183795	S	7	0	7	0.0000588775
Pseudomonas multiresinivorans	95301	S	6	1	7	0.0000588775
Pseudomonas xanthomarina	271420	S	7	0	7	0.0000588775
Pseudomonas xinjiangensis	487184	S	7	0	7	0.0000588775
Pseudomonas versuta	1788301	S	7	0	7	0.0000588775
Pseudomonas sabulinigri	472181	S	7	0	7	0.0000588775
Oblitimonas alkaliphila	1697053	S	7	0	7	0.0000588775
Acinetobacter sp. WCHAc010052	2004647	S	5	2	7	0.0000588775
Psychrobacter arcticus	334543	S	7	0	7	0.0000588775
Stenotrophomonas sp. WZN-1	2005046	S	6	1	7	0.0000588775
Xanthomonas sp. LMG 31887	2775162	S	3	4	7	0.0000588775
Lysobacter sp. CW239	2762611	S	6	1	7	0.0000588775
Lysobacter maris	1605891	S	7	0	7	0.0000588775
Xylella fastidiosa	2371	S	7	0	7	0.0000588775
Dyella japonica	231455	S	7	0	7	0.0000588775
Luteibacter rhizovicinus	242606	S	7	0	7	0.0000588775
Frateuria aurantia	81475	S	7	0	7	0.0000588775
Klebsiella variicola	244366	S	4	3	7	0.0000588775
Enterobacter kobei	208224	S	2	5	7	0.0000588775
Enterobacter sp. ODB01	1827481	S	2	5	7	0.0000588775
Buttiauxella agrestis	82977	S	7	0	7	0.0000588775
Erwinia persicina	55211	S	7	0	7	0.0000588775
Yersinia kristensenii	28152	S	2	5	7	0.0000588775
Rahnella sp. ERMR1:05	1805933	S	7	0	7	0.0000588775
Xenorhabdus poinarii	40577	S	7	0	7	0.0000588775
Dickeya dadantii	204038	S	7	0	7	0.0000588775
Lonsdalea britannica	1082704	S	7	0	7	0.0000588775
Edwardsiella hoshinae	93378	S	7	0	7	0.0000588775
Leminorella richardii	158841	S	7	0	7	0.0000588775
Shewanella sp. FJAT-53720	2814292	S	3	4	7	0.0000588775
Shewanella maritima	2520507	S	7	0	7	0.0000588775
Shewanella amazonensis	60478	S	7	0	7	0.0000588775
Shewanella decolorationis	256839	S	5	2	7	0.0000588775
Marinobacter sp. LPB0319	2769486	S	7	0	7	0.0000588775
Marinobacter salinus	1874317	S	7	0	7	0.0000588775
Paraglaciecola mesophila	197222	S	6	1	7	0.0000588775
Pseudoalteromonas arctica	394751	S	5	2	7	0.0000588775
Colwellia sp. PAMC 20917	1816218	S	7	0	7	0.0000588775
Halomonas sp. MCCC 1A13718	2733488	S	7	0	7	0.0000588775
Halomonas campisalis	74661	S	1	6	7	0.0000588775
Litoricola lipolytica	418701	S	7	0	7	0.0000588775
Rheinheimera sp. D18	2545632	S	6	1	7	0.0000588775
Nitrosococcus watsonii	473531	S	7	0	7	0.0000588775
Vibrio tapetis	52443	S	7	0	7	0.0000588775
Vibrio metschnikovii	28172	S	7	0	7	0.0000588775
Vibrio rumoiensis	76258	S	5	2	7	0.0000588775
Vibrio coralliilyticus	190893	S	5	2	7	0.0000588775
Aeromonas sp. 2692-1	2560029	S	2	5	7	0.0000588775
Zobellella denitrificans	347534	S	7	0	7	0.0000588775
Legionella sp. PC1000	2746060	S	7	0	7	0.0000588775
Legionella sp. MW5194	2662448	S	6	1	7	0.0000588775
Legionella sainthelensi	28087	S	7	0	7	0.0000588775
Legionella fallonii	96230	S	7	0	7	0.0000588775
Legionella clemsonensis	1867846	S	7	0	7	0.0000588775
Legionella anisa	28082	S	6	1	7	0.0000588775
Legionella waltersii	66969	S	6	1	7	0.0000588775
Fluoribacter dumoffii	463	S	6	1	7	0.0000588775
Cellvibrio sp. PSBB006	1987723	S	7	0	7	0.0000588775
Teredinibacter purpureus	2731756	S	7	0	7	0.0000588775
Microbulbifer sp. A4B17	359370	S	7	0	7	0.0000588775
Congregibacter litoralis	393662	S	6	1	7	0.0000588775
Avibacterium volantium	762	S	6	1	7	0.0000588775
Francisella halioticida	549298	S	7	0	7	0.0000588775
Methylomonas sp. LW13	107637	S	6	1	7	0.0000588775
Methylotuvimicrobium alcaliphilum	271065	S	3	4	7	0.0000588775
Pseudohongiella spirulinae	1249552	S	7	0	7	0.0000588775
Thiolapillus brandeum	1076588	S	7	0	7	0.0000588775
Rhizobium sp. NXC24	2048897	S	7	0	7	0.0000588775
Rhizobium sp. NLR16a	2731112	S	5	2	7	0.0000588775
Sinorhizobium sp. BG8	2613773	S	7	0	7	0.0000588775
Mesorhizobium sp. M1D.F.Ca.ET.043.01.1.1	2493669	S	6	1	7	0.0000588775
Mesorhizobium sp. M7D.F.Ca.US.005.01.1.1	2493678	S	6	1	7	0.0000588775
Mesorhizobium opportunistum	593909	S	6	1	7	0.0000588775
Methyloceanibacter caenitepidi	1384459	S	7	0	7	0.0000588775
Methyloligella sp. GL2	2742204	S	7	0	7	0.0000588775
Stappia sp. ES.058	1881061	S	7	0	7	0.0000588775
Bartonella krasnovii	2267275	S	5	2	7	0.0000588775
Candidatus Hodgkinia cicadicola	573658	S	7	0	7	0.0000588775
Brucella sp. 09RB8471	1149952	S	4	3	7	0.0000588775
Beijerinckia indica	533	S	7	0	7	0.0000588775
Sphingomonas sp. ERG5	1381597	S	4	3	7	0.0000588775
Sphingomonas rhizophila	2071607	S	7	0	7	0.0000588775
Sulfitobacter sp. BSw21498	664426	S	6	1	7	0.0000588775
Roseovarius sp. THAF9	2587847	S	6	1	7	0.0000588775
Octadecabacter antarcticus	1217908	S	7	0	7	0.0000588775
Leisingera methylohalidivorans	133924	S	7	0	7	0.0000588775
Maribius sp. THAF1	2587842	S	7	0	7	0.0000588775
Pseudooceanicola algae	1537215	S	7	0	7	0.0000588775
Roseicitreum antarcticum	564137	S	7	0	7	0.0000588775
Acidiphilium cryptum	524	S	1	6	7	0.0000588775
Acidiphilium multivorum	62140	S	1	6	7	0.0000588775
Wolbachia endosymbiont of Drosophila mauritiana	109663	S	1	6	7	0.0000588775
Ehrlichia canis	944	S	6	1	7	0.0000588775
Neorickettsia risticii	950	S	5	2	7	0.0000588775
Hirschia baltica	2724	S	7	0	7	0.0000588775
Aliarcobacter lanthieri	1355374	S	7	0	7	0.0000588775
Malaciobacter molluscorum	1032072	S	7	0	7	0.0000588775
Campylobacter coli	195	S	4	3	7	0.0000588775
Sulfurospirillum deleyianum	65553	S	7	0	7	0.0000588775
Vulgatibacter incomptus	1391653	S	7	0	7	0.0000588775
Desulfovibrio carbinoliphilus	345370	S	7	0	7	0.0000588775
Geobacter sp. M21	443144	S	4	3	7	0.0000588775
Desulfosarcina ovata	83564	S	7	0	7	0.0000588775
Desulfococcus oleovorans	181663	S	7	0	7	0.0000588775
Desulfobacterium autotrophicum	2296	S	7	0	7	0.0000588775
Desulfocapsa sulfexigens	65555	S	7	0	7	0.0000588775
Acidithiobacillus thiooxidans	930	S	7	0	7	0.0000588775
Microbacterium sp. CBA3102	2603598	S	6	1	7	0.0000588775
Microbacterium chocolatum	84292	S	7	0	7	0.0000588775
Curtobacterium sp. Csp1	2495429	S	1	6	7	0.0000588775
Candidatus Aquiluna sp. UB-MaderosW2red	1855377	S	7	0	7	0.0000588775
Rathayibacter sp. VKM Ac-2801	2609255	S	4	3	7	0.0000588775
Leucobacter sp. CX169	2813744	S	6	1	7	0.0000588775
Frondihabitans sp. 762G35	1446794	S	7	0	7	0.0000588775
Frondihabitans sp. PAMC 28766	1795630	S	7	0	7	0.0000588775
Luteipulveratus mongoliensis	571913	S	7	0	7	0.0000588775
Kocuria flava	446860	S	7	0	7	0.0000588775
Arthrobacter sp. FB24	290399	S	7	0	7	0.0000588775
Arthrobacter sp. ZXY-2	1806905	S	1	6	7	0.0000588775
Arthrobacter dokdonellae	2211210	S	7	0	7	0.0000588775
Micrococcus sp. KBS0714	1179670	S	1	6	7	0.0000588775
Pseudarthrobacter sp. BIM B-2242	2772401	S	7	0	7	0.0000588775
Rothia dentocariosa	2047	S	7	0	7	0.0000588775
Glutamicibacter creatinolyticus	162496	S	7	0	7	0.0000588775
Glutamicibacter arilaitensis	256701	S	6	1	7	0.0000588775
Paenarthrobacter ureafaciens	37931	S	3	4	7	0.0000588775
Citricoccus sp. SGAir0253	2567881	S	7	0	7	0.0000588775
Actinotalea sp. JY-7876	2758442	S	7	0	7	0.0000588775
Brevibacterium sp. 'Marine'	2725563	S	6	1	7	0.0000588775
Cellulosimicrobium sp. 72-3	2731680	S	2	5	7	0.0000588775
Cellulosimicrobium cellulans	1710	S	4	3	7	0.0000588775
Luteimicrobium xylanilyticum	1133546	S	7	0	7	0.0000588775
Acidipropionibacterium virtanenii	2057246	S	6	1	7	0.0000588775
Propioniciclava sp. HDW11	2714937	S	6	1	7	0.0000588775
Nocardioides sp. JQ2195	2592334	S	7	0	7	0.0000588775
Mycolicibacterium tokaiense	39695	S	7	0	7	0.0000588775
Mycolicibacterium gilvum	1804	S	6	1	7	0.0000588775
Mycobacterium sp. DL440	2675523	S	7	0	7	0.0000588775
Mycobacterium stomatepiae	470076	S	7	0	7	0.0000588775
Mycobacterium colombiense	339268	S	7	0	7	0.0000588775
Mycobacterium riyadhense	486698	S	7	0	7	0.0000588775
Mycobacterium basiliense	2094119	S	7	0	7	0.0000588775
[Mycobacterium] stephanolepidis	1520670	S	6	1	7	0.0000588775
Corynebacterium testudinoris	136857	S	7	0	7	0.0000588775
Corynebacterium camporealensis	161896	S	7	0	7	0.0000588775
Corynebacterium glyciniphilum	1404244	S	7	0	7	0.0000588775
Corynebacterium genitalium	38288	S	7	0	7	0.0000588775
Corynebacterium pseudopelargi	2080757	S	7	0	7	0.0000588775
Corynebacterium suranareeae	2506452	S	7	0	7	0.0000588775
Rhodococcus sp. WAY2	2663121	S	5	2	7	0.0000588775
Nocardia sp. WCH-YHL-001	2755382	S	7	0	7	0.0000588775
Streptomyces sp. SirexAA-E	862751	S	7	0	7	0.0000588775
Streptomyces sp. MBT27	1488356	S	7	0	7	0.0000588775
Streptomyces sp. CB09001	2083284	S	6	1	7	0.0000588775
Streptomyces anulatus	1892	S	5	2	7	0.0000588775
Streptomyces rimosus	1927	S	7	0	7	0.0000588775
Streptomyces cyaneochromogenes	2496836	S	7	0	7	0.0000588775
Streptomyces kanamyceticus	1967	S	7	0	7	0.0000588775
Streptomyces prasinus	67345	S	7	0	7	0.0000588775
Streptomyces cacaoi	1898	S	7	0	7	0.0000588775
Streptomyces cadmiisoli	2184053	S	7	0	7	0.0000588775
Micromonospora sp. 28ISP2-46	2749844	S	6	1	7	0.0000588775
Micromonospora rifamycinica	291594	S	6	1	7	0.0000588775
Micromonospora sagamiensis	47875	S	6	1	7	0.0000588775
Plantactinospora sp. KBS50	2024580	S	7	0	7	0.0000588775
Saccharopolyspora spinosa	60894	S	6	1	7	0.0000588775
Actinoalloteichus hymeniacidonis	340345	S	7	0	7	0.0000588775
Actinoalloteichus sp. GBA129-24	1612551	S	1	6	7	0.0000588775
Actinomyces naeslundii	1655	S	6	1	7	0.0000588775
Actinomyces gaoshouyii	1960083	S	6	1	7	0.0000588775
Mobiluncus curtisii	2051	S	7	0	7	0.0000588775
Nocardiopsis alba	53437	S	7	0	7	0.0000588775
Nakamurella panacisegetis	1090615	S	7	0	7	0.0000588775
Stackebrandtia nassauensis	283811	S	7	0	7	0.0000588775
Adlercreutzia equolifaciens	446660	S	7	0	7	0.0000588775
Eggerthella lenta	84112	S	6	1	7	0.0000588775
Egibacter rhizosphaerae	1670831	S	7	0	7	0.0000588775
Bacillus mycoides	1405	S	7	0	7	0.0000588775
Bacillus sp. PAMC26568	2760090	S	7	0	7	0.0000588775
Bacillus horikoshii	79883	S	7	0	7	0.0000588775
Bacillus altitudinis	293387	S	6	1	7	0.0000588775
Lysinibacillus timonensis	2086577	S	7	0	7	0.0000588775
Cytobacillus oceanisediminis	665099	S	7	0	7	0.0000588775
Anaerobacillus isosaccharinicus	1532552	S	7	0	7	0.0000588775
Pradoshia sp. D12	2651284	S	7	0	7	0.0000588775
Staphylococcus xylosus	1288	S	7	0	7	0.0000588775
Staphylococcus simiae	308354	S	7	0	7	0.0000588775
Jeotgalicoccus saudimassiliensis	1461582	S	7	0	7	0.0000588775
Paenibacillus sp. IHBB 10380	1566358	S	7	0	7	0.0000588775
Paenibacillus lentus	1338368	S	7	0	7	0.0000588775
Paenibacillus psychroresistens	1778678	S	7	0	7	0.0000588775
Paenibacillus cellulositrophicus	562959	S	7	0	7	0.0000588775
Paenibacillus ihbetae	1870820	S	7	0	7	0.0000588775
Paenibacillus riograndensis	483937	S	7	0	7	0.0000588775
Paenibacillus xylanexedens	528191	S	6	1	7	0.0000588775
Brevibacillus sp. SCSIO 07484	2496837	S	7	0	7	0.0000588775
Planococcus donghaensis	414778	S	6	1	7	0.0000588775
Jeotgalibacillus malaysiensis	1508404	S	7	0	7	0.0000588775
Gemella haemolysans	1379	S	7	0	7	0.0000588775
Streptococcus sanguinis	1305	S	7	0	7	0.0000588775
Streptococcus pneumoniae	1313	S	6	1	7	0.0000588775
Streptococcus milleri	33040	S	3	4	7	0.0000588775
Lactococcus piscium	1364	S	6	1	7	0.0000588775
Lactobacillus johnsonii	33959	S	7	0	7	0.0000588775
Lactobacillus amylovorus	1604	S	6	1	7	0.0000588775
Weissella confusa	1583	S	7	0	7	0.0000588775
Leuconostoc gelidum	1244	S	7	0	7	0.0000588775
Pediococcus acidilactici	1254	S	7	0	7	0.0000588775
Carnobacterium inhibens	147709	S	7	0	7	0.0000588775
Aerococcus viridans	1377	S	5	2	7	0.0000588775
Anaerostipes rhamnosivorans	1229621	S	7	0	7	0.0000588775
Lacrimispora sphenoides	29370	S	7	0	7	0.0000588775
Anaerocolumna sp. CTTW	2736602	S	7	0	7	0.0000588775
Cellulosilyticum lentocellum	29360	S	5	2	7	0.0000588775
Herbinix luporum	1679721	S	6	1	7	0.0000588775
Clostridium sp. CT4	2320868	S	7	0	7	0.0000588775
Alkaliphilus metalliredigens	208226	S	7	0	7	0.0000588775
Geosporobacter ferrireducens	1424294	S	7	0	7	0.0000588775
Oscillibacter sp. PEA192	2109687	S	3	4	7	0.0000588775
Romboutsia hominis	1507512	S	7	0	7	0.0000588775
Desulfosporosinus youngiae	339862	S	7	0	7	0.0000588775
Candidatus Desulforudis audaxviator	471827	S	7	0	7	0.0000588775
Caldicellulosiruptor bescii	31899	S	3	4	7	0.0000588775
Anoxybacter fermentans	1323375	S	7	0	7	0.0000588775
Phascolarctobacterium faecium	33025	S	7	0	7	0.0000588775
Keratinibaculum paraultunense	1278232	S	7	0	7	0.0000588775
Schnuerera ultunensis	45497	S	7	0	7	0.0000588775
Gottschalkia acidurici	1556	S	7	0	7	0.0000588775
Sedimentibacter sp. zth1	2816908	S	7	0	7	0.0000588775
Gloeothece verrucosa	2546359	S	7	0	7	0.0000588775
Candidatus Atelocyanobacterium thalassa	713887	S	6	1	7	0.0000588775
Synechococcus sp. ROS8604	1442557	S	6	1	7	0.0000588775
Synechococcus sp. MVIR-18-1	1386941	S	3	4	7	0.0000588775
Prochlorococcus sp. MIT 0604	1501268	S	1	6	7	0.0000588775
Pleurocapsa minor	54308	S	6	1	7	0.0000588775
Gloeobacter kilaueensis	1416614	S	6	1	7	0.0000588775
Gloeomargarita lithophora	1188228	S	7	0	7	0.0000588775
Mycoplasma sp. (ex Biomphalaria glabrata)	1749074	S	7	0	7	0.0000588775
Mycoplasma iowae	2116	S	6	1	7	0.0000588775
Candidatus Hepatoplasma crinochetorum	295596	S	7	0	7	0.0000588775
Spiroplasma floricola	216937	S	7	0	7	0.0000588775
Spiroplasma culicicola	216935	S	7	0	7	0.0000588775
Spiroplasma melliferum	2134	S	5	2	7	0.0000588775
Deinococcus sp. S14-83	2489213	S	6	1	7	0.0000588775
Deinococcus ficus	317577	S	7	0	7	0.0000588775
Roseiflexus castenholzii	120962	S	7	0	7	0.0000588775
Ktedonosporobacter rubrisoli	2509675	S	7	0	7	0.0000588775
Chthonomonas calidirosea	454171	S	7	0	7	0.0000588775
Capnocytophaga leadbetteri	327575	S	5	2	7	0.0000588775
Nonlabens spongiae	331648	S	6	1	7	0.0000588775
Nonlabens marinus	930802	S	6	1	7	0.0000588775
Nonlabens sediminis	319236	S	3	4	7	0.0000588775
Chryseobacterium piperi	558152	S	7	0	7	0.0000588775
Elizabethkingia sp. 2-6	2575699	S	3	4	7	0.0000588775
Ichthyobacterium seriolicida	242600	S	7	0	7	0.0000588775
Bacteroides sp. CBA7301	2715212	S	7	0	7	0.0000588775
Hymenobacter sedentarius	1411621	S	7	0	7	0.0000588775
Hymenobacter oligotrophus	2319843	S	7	0	7	0.0000588775
Hymenobacter baengnokdamensis	2615203	S	5	2	7	0.0000588775
Pontibacter actiniarum	323450	S	7	0	7	0.0000588775
Roseivirga pacifica	1267423	S	7	0	7	0.0000588775
Sphingobacterium sp. DR205	2713573	S	7	0	7	0.0000588775
Saprospira grandis	1008	S	7	0	7	0.0000588775
Chlorobium phaeobacteroides	1096	S	7	0	7	0.0000588775
Pelodictyon luteolum	1100	S	7	0	7	0.0000588775
Prosthecochloris sp. HL-130-GSB	1974213	S	7	0	7	0.0000588775
Bythopirellula goksoyri	1400387	S	7	0	7	0.0000588775
Rubinisphaera brasiliensis	119	S	7	0	7	0.0000588775
Edaphobacter sp. 4G125	2763071	S	7	0	7	0.0000588775
Ilyobacter polytropus	167642	S	7	0	7	0.0000588775
Leptotrichia buccalis	40542	S	6	1	7	0.0000588775
Sebaldella termitidis	826	S	7	0	7	0.0000588775
Candidatus Chazhemtobacterium aquaticus	2715735	S	7	0	7	0.0000588775
Nitrospira moscoviensis	42253	S	7	0	7	0.0000588775
Leptospirillum ferrooxidans	180	S	4	3	7	0.0000588775
Flexistipes sinusarabici	2352	S	7	0	7	0.0000588775
Halorubrum lacusprofundi	2247	S	5	2	7	0.0000588775
Halosimplex litoreum	1198301	S	7	0	7	0.0000588775
Halosimplex rubrum	869889	S	6	1	7	0.0000588775
Haloarcula sp. JP-L23	2716717	S	7	0	7	0.0000588775
Halobacterium sp. DL1	751944	S	4	3	7	0.0000588775
Methanosarcina sp. MTP4	1434100	S	7	0	7	0.0000588775
Methanosarcina acetivorans	2214	S	6	1	7	0.0000588775
Candidatus Methanomethylophilus alvus	1291540	S	6	1	7	0.0000588775
Rhodoferax phage P26218	1636270	S	7	0	7	0.0000588775
Burkholderia sp. NRF60-BP8	1637853	S	4	2	6	0.0000504664
Burkholderia sp. MSMB0852	1637841	S	3	3	6	0.0000504664
Mycetohabitans rhizoxinica	412963	S	6	0	6	0.0000504664
Oxalobacter formigenes	847	S	6	0	6	0.0000504664
Bordetella pertussis	520	S	2	4	6	0.0000504664
Alcaligenes aquatilis	323284	S	2	4	6	0.0000504664
Sutterella megalosphaeroides	2494234	S	6	0	6	0.0000504664
Iodobacter sp. H11R3	2496266	S	5	1	6	0.0000504664
Chitinibacter fontanus	1737446	S	5	1	6	0.0000504664
Neisseria sp. KEM232	655307	S	6	0	6	0.0000504664
Neisseria animalis	492	S	6	0	6	0.0000504664
Neisseria elongata	495	S	5	1	6	0.0000504664
Neisseria weaveri	28091	S	5	1	6	0.0000504664
Neisseria cinerea	483	S	4	2	6	0.0000504664
Methylovorus glucosotrophus	266009	S	3	3	6	0.0000504664
Candidatus Kinetoplastibacterium sorsogonicusi	1576550	S	5	1	6	0.0000504664
Candidatus Kinetoplastibacterium desouzaii	994692	S	4	2	6	0.0000504664
Pseudomonas sp. S35	1573719	S	6	0	6	0.0000504664
Pseudomonas sp. R5-89-07	658644	S	6	0	6	0.0000504664
Pseudomonas sp. R32	1573704	S	6	0	6	0.0000504664
Pseudomonas sp. ATCC 13867	1294143	S	6	0	6	0.0000504664
Pseudomonas sp. Leaf58	1736226	S	6	0	6	0.0000504664
Pseudomonas sp. B11D7D	2735906	S	6	0	6	0.0000504664
Pseudomonas sp. R76	1573711	S	5	1	6	0.0000504664
Pseudomonas sp. ADPe	2774873	S	3	3	6	0.0000504664
Pseudomonas salegens	1434072	S	6	0	6	0.0000504664
Pseudomonas taetrolens	47884	S	6	0	6	0.0000504664
Pseudomonas cremoricolorata	157783	S	6	0	6	0.0000504664
Pseudomonas pohangensis	364197	S	6	0	6	0.0000504664
Pseudomonas soli	1306993	S	2	4	6	0.0000504664
Acinetobacter calcoaceticus	471	S	6	0	6	0.0000504664
Moraxella bovoculi	386891	S	3	3	6	0.0000504664
Psychrobacter arenosus	256326	S	6	0	6	0.0000504664
Lysobacter sp. H21R20	2781022	S	4	2	6	0.0000504664
Luteimonas sp. MC1750	2799326	S	6	0	6	0.0000504664
Candidatus Tachikawaea gelatinosa	1410383	S	6	0	6	0.0000504664
Kluyvera genomosp. 3	2774055	S	6	0	6	0.0000504664
Cronobacter malonaticus	413503	S	4	2	6	0.0000504664
Cedecea neteri	158822	S	6	0	6	0.0000504664
Erwinia sp. J780	2681984	S	6	0	6	0.0000504664
Erwinia sp. QL-Z3	2547962	S	3	3	6	0.0000504664
Erwinia amylovora	552	S	6	0	6	0.0000504664
Yersinia canariae	2607663	S	6	0	6	0.0000504664
Candidatus Fukatsuia symbiotica	1878942	S	6	0	6	0.0000504664
Xenorhabdus bovienii	40576	S	6	0	6	0.0000504664
Xenorhabdus hominickii	351679	S	6	0	6	0.0000504664
Arsenophonus nasoniae	638	S	6	0	6	0.0000504664
Brenneria sp. Ir50	2722756	S	4	2	6	0.0000504664
Lonsdalea populi	1172565	S	6	0	6	0.0000504664
Edwardsiella tarda	636	S	3	3	6	0.0000504664
Shewanella sp. FJAT-52962	2814293	S	4	2	6	0.0000504664
Shewanella violacea	60217	S	6	0	6	0.0000504664
Shewanella loihica	359303	S	6	0	6	0.0000504664
Shewanella algae	38313	S	5	1	6	0.0000504664
Shewanella frigidimarina	56812	S	5	1	6	0.0000504664
Shewanella chilikensis	558541	S	3	3	6	0.0000504664
Alteromonas pelagimontana	1858656	S	6	0	6	0.0000504664
Alteromonas mediterranea	314275	S	5	1	6	0.0000504664
Alteromonas naphthalenivorans	715451	S	4	2	6	0.0000504664
Paraglaciecola sp. L1A13	2686359	S	6	0	6	0.0000504664
Colwellia sp. Arc7-635	2497879	S	5	1	6	0.0000504664
Litorilituus sediminis	718192	S	6	0	6	0.0000504664
Ferrimonas lipolytica	2724191	S	6	0	6	0.0000504664
Candidatus Carsonella ruddii	114186	S	4	2	6	0.0000504664
Chromohalobacter salexigens	158080	S	6	0	6	0.0000504664
Marinomonas algicola	2773454	S	6	0	6	0.0000504664
Saccharospirillum mangrovi	2161747	S	6	0	6	0.0000504664
Gynuella sunshinyii	1445505	S	6	0	6	0.0000504664
Oleiphilus messinensis	141451	S	6	0	6	0.0000504664
Nitrosococcus oceani	1229	S	6	0	6	0.0000504664
Candidatus Nitrosacidococcus tergens	553981	S	6	0	6	0.0000504664
Thioalkalivibrio sp. K90mix	396595	S	6	0	6	0.0000504664
Ectothiorhodospira sp. BSL-9	1442136	S	4	2	6	0.0000504664
Aquisalimonas sp. 2447	2740807	S	6	0	6	0.0000504664
Thiohalobacter thiocyanaticus	585455	S	4	2	6	0.0000504664
Vibrio tritonius	1435069	S	6	0	6	0.0000504664
Vibrio europaeus	300876	S	3	3	6	0.0000504664
Vibrio zhugei	2479546	S	6	0	6	0.0000504664
Oceanisphaera profunda	1416627	S	5	1	6	0.0000504664
Dongshaea marina	2047966	S	6	0	6	0.0000504664
Legionella cherrii	28084	S	6	0	6	0.0000504664
Legionella adelaidensis	45056	S	6	0	6	0.0000504664
Legionella geestiana	45065	S	6	0	6	0.0000504664
Microbulbifer thermotolerans	252514	S	6	0	6	0.0000504664
Microbulbifer aggregans	1769779	S	6	0	6	0.0000504664
Haemophilus parahaemolyticus	735	S	6	0	6	0.0000504664
Haemophilus pittmaniae	249188	S	6	0	6	0.0000504664
Mannheimia haemolytica	75985	S	6	0	6	0.0000504664
Mannheimia granulomatis	85402	S	6	0	6	0.0000504664
Francisella tularensis	263	S	6	0	6	0.0000504664
Francisella frigiditurris	1542390	S	6	0	6	0.0000504664
Allofrancisella frigidaquae	1085644	S	4	2	6	0.0000504664
Methylomonas sp. DH-1	1727196	S	5	1	6	0.0000504664
Methylococcus capsulatus	414	S	6	0	6	0.0000504664
Methylotuvimicrobium buryatense	95641	S	3	3	6	0.0000504664
Steroidobacter denitrificans	465721	S	6	0	6	0.0000504664
Frischella perrara	1267021	S	6	0	6	0.0000504664
Tardiphaga sp. vice304	2592817	S	1	5	6	0.0000504664
Rhizobium sp. ACO-34A	1571470	S	6	0	6	0.0000504664
Rhizobium sp. 11515TR	2028343	S	6	0	6	0.0000504664
Rhizobium sp. TAL182	2020313	S	1	5	6	0.0000504664
Rhizobium rhizoryzae	451876	S	6	0	6	0.0000504664
Rhizobium flavum	1335061	S	4	2	6	0.0000504664
Rhizobium daejeonense	240521	S	4	2	6	0.0000504664
Rhizobium hidalgonense	1538159	S	2	4	6	0.0000504664
Ensifer sp. PDNC004	2811423	S	5	1	6	0.0000504664
Ciceribacter thiooxidans	1969821	S	6	0	6	0.0000504664
Mesorhizobium sp. NZP2298	2483403	S	5	1	6	0.0000504664
Mesorhizobium sp. L-8-3	2744522	S	3	3	6	0.0000504664
Devosia sp. 1566	2499144	S	6	0	6	0.0000504664
Methyloceanibacter sp. wino2	2170729	S	6	0	6	0.0000504664
Bartonella sp. HY038	2759660	S	6	0	6	0.0000504664
Methylocella silvestris	199596	S	6	0	6	0.0000504664
Sphingomonas sp. HDW15C	2714944	S	6	0	6	0.0000504664
Sphingomonas lutea	1045317	S	6	0	6	0.0000504664
Erythrobacter sp. KY5	2011159	S	6	0	6	0.0000504664
Altererythrobacter epoxidivorans	361183	S	6	0	6	0.0000504664
Qipengyuania seohaensis	266951	S	6	0	6	0.0000504664
Paracoccus suum	2259340	S	6	0	6	0.0000504664
Sulfitobacter sp. B30-2	2785912	S	3	3	6	0.0000504664
Ruegeria sp. TM1040	292414	S	6	0	6	0.0000504664
Rhodovulum sp. P5	1564506	S	6	0	6	0.0000504664
Octadecabacter temperatus	1458307	S	6	0	6	0.0000504664
Leisingera sp. NJS201	2508306	S	4	2	6	0.0000504664
Ketogulonicigenium vulgare	92945	S	5	1	6	0.0000504664
Cognatishimia activa	1715691	S	6	0	6	0.0000504664
Thalassobius gelatinovorus	53501	S	6	0	6	0.0000504664
Qingshengfaniella alkalisoli	2599296	S	6	0	6	0.0000504664
Pseudohalocynthiibacter aestuariivivens	1591409	S	5	1	6	0.0000504664
Acetobacter sp. KACC 21233	2592655	S	6	0	6	0.0000504664
Acetobacter senegalensis	446692	S	4	2	6	0.0000504664
Kozakia baliensis	153496	S	6	0	6	0.0000504664
Wolbachia pipientis	955	S	2	4	6	0.0000504664
Rickettsia endosymbiont of Ixodes scapularis	444612	S	4	2	6	0.0000504664
Rickettsiales endosymbiont of Stachyamoeba lipophora	2486578	S	6	0	6	0.0000504664
Candidatus Deianiraea vastatrix	2163644	S	6	0	6	0.0000504664
Candidatus Pelagibacter sp. HIMB1321	1388755	S	6	0	6	0.0000504664
Candidatus Fonsibacter ubiquis	1925548	S	6	0	6	0.0000504664
Campylobacter fetus	196	S	6	0	6	0.0000504664
Campylobacter sputorum	206	S	6	0	6	0.0000504664
Campylobacter mucosalis	202	S	6	0	6	0.0000504664
Helicobacter typhlonius	76936	S	4	2	6	0.0000504664
Sulfurimonas sp. H1576	2672570	S	6	0	6	0.0000504664
Candidatus Sulfurimonas baltica	2740404	S	5	1	6	0.0000504664
Nitratiruptor labii	2706014	S	6	0	6	0.0000504664
Nautilia profundicola	244787	S	6	0	6	0.0000504664
Anaeromyxobacter sp. K	447217	S	2	4	6	0.0000504664
Desulfovibrio marinus	370038	S	6	0	6	0.0000504664
Desulfovibrio magneticus	184917	S	5	1	6	0.0000504664
Desulfohalobium retbaense	45663	S	6	0	6	0.0000504664
Geobacter daltonii	1203471	S	6	0	6	0.0000504664
Desulfuromonas sp. DDH964	1823759	S	5	1	6	0.0000504664
Desulfobacter hydrogenophilus	2291	S	6	0	6	0.0000504664
Desulfobacter postgatei	2293	S	6	0	6	0.0000504664
Desulfoglaeba alkanexedens	361111	S	6	0	6	0.0000504664
Desulfomonile tiedjei	2358	S	6	0	6	0.0000504664
Desulfobacca acetoxidans	60893	S	6	0	6	0.0000504664
Microbacterium wangchenii	2541726	S	6	0	6	0.0000504664
Microbacterium paludicola	300019	S	1	5	6	0.0000504664
Microbacterium paraoxydans	199592	S	1	5	6	0.0000504664
Rathayibacter toxicus	145458	S	6	0	6	0.0000504664
Agromyces aureus	453304	S	6	0	6	0.0000504664
Salinibacterium sp. ZJ450	2708338	S	6	0	6	0.0000504664
Mycetocola sp. JXN-3	2116510	S	6	0	6	0.0000504664
Yimella sp. cx-51	2770551	S	6	0	6	0.0000504664
Kocuria turfanensis	388357	S	6	0	6	0.0000504664
Arthrobacter sp. PGP41	2079227	S	6	0	6	0.0000504664
Arthrobacter sp. ERGS1:01	1704044	S	6	0	6	0.0000504664
Arthrobacter sp. YC-RL1	1652545	S	6	0	6	0.0000504664
Pseudarthrobacter phenanthrenivorans	361575	S	6	0	6	0.0000504664
Psychromicrobium lacuslunae	1618207	S	6	0	6	0.0000504664
Phycicoccus endophyticus	1690220	S	6	0	6	0.0000504664
Arsenicicoccus sp. oral taxon 190	1658671	S	6	0	6	0.0000504664
Oerskovia sp. KBS0722	1179673	S	6	0	6	0.0000504664
Cellulosimicrobium sp. BI34T	2587808	S	6	0	6	0.0000504664
Ruania sp. HY168	2603206	S	6	0	6	0.0000504664
Microlunatus sp. KUDC0627	2596828	S	6	0	6	0.0000504664
Mycolicibacterium sp. LJ126	2761578	S	6	0	6	0.0000504664
Mycobacterium simiae	1784	S	6	0	6	0.0000504664
Mycobacterium lacus	169765	S	6	0	6	0.0000504664
Mycobacterium marinum	1781	S	1	5	6	0.0000504664
Mycobacteroides saopaulense	1578165	S	6	0	6	0.0000504664
Mycolicibacillus koreensis	1069220	S	6	0	6	0.0000504664
Corynebacterium sp. sy039	2599641	S	6	0	6	0.0000504664
Corynebacterium sp. FDAARGOS 1242	2778078	S	3	3	6	0.0000504664
Corynebacterium argentoratense	42817	S	6	0	6	0.0000504664
Corynebacterium timonense	441500	S	6	0	6	0.0000504664
Corynebacterium choanis	1862358	S	6	0	6	0.0000504664
Corynebacterium glaucum	187491	S	6	0	6	0.0000504664
Corynebacterium segmentosum	43990	S	6	0	6	0.0000504664
Corynebacterium minutissimum	38301	S	5	1	6	0.0000504664
Rhodococcus sp. H-CA8f	1727214	S	2	4	6	0.0000504664
Rhodococcus sp. 21391	2683591	S	2	4	6	0.0000504664
Rhodococcus jostii	132919	S	5	1	6	0.0000504664
Gordonia sp. KTR9	337191	S	6	0	6	0.0000504664
Streptomyces sp. S4.7	2705439	S	6	0	6	0.0000504664
Streptomyces sp. JB150	2714844	S	6	0	6	0.0000504664
Streptomyces sp. DSM 40868	2721173	S	6	0	6	0.0000504664
Streptomyces sp. XC 2026	2782004	S	5	1	6	0.0000504664
Streptomyces alboniger	132473	S	6	0	6	0.0000504664
Streptomyces xinghaiensis	1038928	S	6	0	6	0.0000504664
Streptomyces peucetius	1950	S	6	0	6	0.0000504664
Streptomyces roseochromogenus	285450	S	6	0	6	0.0000504664
Streptomyces qinzhouensis	2599401	S	6	0	6	0.0000504664
Streptomyces formicae	1616117	S	6	0	6	0.0000504664
Streptomyces spongiicola	1690221	S	6	0	6	0.0000504664
Streptomyces hawaiiensis	67305	S	6	0	6	0.0000504664
Streptomyces galilaeus	33899	S	6	0	6	0.0000504664
Micromonospora terminaliae	1914461	S	5	1	6	0.0000504664
Micromonospora craniellae	2294034	S	5	1	6	0.0000504664
Micromonospora tulbaghiae	479978	S	4	2	6	0.0000504664
Pseudonocardia sp. HH130630-07	1690815	S	4	2	6	0.0000504664
Saccharomonospora cyanea	40989	S	6	0	6	0.0000504664
Saccharomonospora glauca	40990	S	6	0	6	0.0000504664
Saccharomonospora xinjiangensis	75294	S	6	0	6	0.0000504664
Flaviflexus sp. H23T48	2496867	S	4	2	6	0.0000504664
Trueperella sp. 19M2397	2733571	S	3	3	6	0.0000504664
Epidermidibacterium keratini	1891644	S	6	0	6	0.0000504664
Parolsenella catena	2003188	S	4	2	6	0.0000504664
Eggerthella sp. HF-1101	2690837	S	6	0	6	0.0000504664
Rubrobacter radiotolerans	42256	S	5	1	6	0.0000504664
Bacillus sp. Cs-700	2589818	S	6	0	6	0.0000504664
Bacillus sonorensis	119858	S	6	0	6	0.0000504664
Bacillus paralicheniformis	1648923	S	6	0	6	0.0000504664
Bacillus oleronius	38875	S	6	0	6	0.0000504664
Bacillus glycinifermentans	1664069	S	6	0	6	0.0000504664
Bacillus circulans	1397	S	6	0	6	0.0000504664
Lysinibacillus sp. SGAir0095	2070463	S	6	0	6	0.0000504664
Lysinibacillus sp. FJAT-51161	2590012	S	6	0	6	0.0000504664
Priestia aryabhattai	412384	S	4	2	6	0.0000504664
Peribacillus asahii	228899	S	6	0	6	0.0000504664
Peribacillus butanolivorans	421767	S	6	0	6	0.0000504664
Cytobacillus kochii	859143	S	6	0	6	0.0000504664
Mesobacillus foraminis	279826	S	6	0	6	0.0000504664
Aeribacillus pallidus	33936	S	6	0	6	0.0000504664
Sediminibacillus sp. DP4-553-S	2729421	S	6	0	6	0.0000504664
Staphylococcus chromogenes	46126	S	6	0	6	0.0000504664
Abyssicoccus albus	1817405	S	6	0	6	0.0000504664
Paenibacillus sp. 32O-W	1695218	S	6	0	6	0.0000504664
Paenibacillus sp. FSL R5-0912	1536771	S	5	1	6	0.0000504664
Paenibacillus rhizovicinus	2704463	S	6	0	6	0.0000504664
Planococcus versutus	1302659	S	6	0	6	0.0000504664
Solibacillus sp. R5-41	2048654	S	6	0	6	0.0000504664
Alicyclobacillus sp. SO9	2665646	S	6	0	6	0.0000504664
Listeria ivanovii	1638	S	5	1	6	0.0000504664
Laceyella sacchari	37482	S	6	0	6	0.0000504664
Streptococcus gordonii	1302	S	6	0	6	0.0000504664
Streptococcus mutans	1309	S	6	0	6	0.0000504664
Streptococcus infantarius	102684	S	3	3	6	0.0000504664
Lactobacillus jensenii	109790	S	6	0	6	0.0000504664
Ligilactobacillus salivarius	1624	S	6	0	6	0.0000504664
Leuconostoc lactis	1246	S	5	1	6	0.0000504664
Oenococcus sicerae	2203724	S	6	0	6	0.0000504664
Lapidilactobacillus dextrinicus	51664	S	6	0	6	0.0000504664
Enterococcus wangshanyuanii	2005703	S	6	0	6	0.0000504664
Enterococcus casseliflavus	37734	S	5	1	6	0.0000504664
Enterococcus sp. M190262	2582830	S	3	3	6	0.0000504664
Tetragenococcus halophilus	51669	S	6	0	6	0.0000504664
Tetragenococcus osmophilus	526944	S	6	0	6	0.0000504664
Dolosigranulum pigrum	29394	S	6	0	6	0.0000504664
Clostridium sp. SY8519	1042156	S	6	0	6	0.0000504664
Clostridium sp. AWRP	2212991	S	6	0	6	0.0000504664
Clostridium cellulovorans	1493	S	6	0	6	0.0000504664
Clostridium chauvoei	46867	S	6	0	6	0.0000504664
Clostridium tetani	1513	S	6	0	6	0.0000504664
Alkaliphilus oremlandii	461876	S	6	0	6	0.0000504664
Ruminococcus champanellensis	1161942	S	6	0	6	0.0000504664
Caproiciproducens sp. NJN-50	2507162	S	6	0	6	0.0000504664
Ethanoligenens harbinense	253239	S	6	0	6	0.0000504664
Romboutsia sp. CE17	2724150	S	6	0	6	0.0000504664
Thermaerobacter sp. PB12/4term	2293838	S	4	2	6	0.0000504664
Thermoanaerobacterium aotearoense	47490	S	6	0	6	0.0000504664
Thermodesulfobium acidiphilum	1794699	S	6	0	6	0.0000504664
Halocella sp. SP3-1	2382161	S	6	0	6	0.0000504664
Halobacteroides halobius	42422	S	6	0	6	0.0000504664
Selenomonas sp. oral taxon 126	712528	S	6	0	6	0.0000504664
Selenomonas sp. oral taxon 478	712538	S	4	2	6	0.0000504664
Veillonella dispar	39778	S	4	2	6	0.0000504664
Acidaminococcus fermentans	905	S	5	1	6	0.0000504664
Ezakiella massiliensis	1852374	S	6	0	6	0.0000504664
Thermosynechococcus elongatus	146786	S	3	3	6	0.0000504664
Leptolyngbya sp. NIES-3755	1752064	S	6	0	6	0.0000504664
Gloeobacter violaceus	33072	S	5	1	6	0.0000504664
Mycoplasma sp. NEAQ87857	2683967	S	6	0	6	0.0000504664
Mycoplasma phocirhinis	142650	S	6	0	6	0.0000504664
Mycoplasma pullorum	48003	S	6	0	6	0.0000504664
Ureaplasma parvum	134821	S	6	0	6	0.0000504664
Spiroplasma chinense	216932	S	6	0	6	0.0000504664
Spiroplasma gladiatoris	2143	S	6	0	6	0.0000504664
Mesoplasma coleopterae	324078	S	6	0	6	0.0000504664
Thermus brockianus	56956	S	6	0	6	0.0000504664
Deinococcus sp. AJ005	2652443	S	3	3	6	0.0000504664
Deinococcus deserti	310783	S	6	0	6	0.0000504664
Sphaerobacter thermophilus	2057	S	6	0	6	0.0000504664
Fimbriimonas ginsengisoli	1005039	S	6	0	6	0.0000504664
Capnocytophaga sp. oral taxon 864	1316593	S	3	3	6	0.0000504664
Capnocytophaga endodontalis	2708117	S	5	1	6	0.0000504664
Capnocytophaga ochracea	1018	S	3	3	6	0.0000504664
Gramella forsetii	411153	S	5	1	6	0.0000504664
Muriicola sp. MMS17-SY002	2507538	S	6	0	6	0.0000504664
Chryseobacterium sp. 6424	2039166	S	6	0	6	0.0000504664
Chryseobacterium sp.	1871047	S	5	1	6	0.0000504664
Blattabacterium sp. (Blattella germanica)	624186	S	6	0	6	0.0000504664
Candidatus Walczuchella monophlebidarum	1415657	S	6	0	6	0.0000504664
Bacteroides zoogleoformans	28119	S	6	0	6	0.0000504664
Bacteroides helcogenes	290053	S	6	0	6	0.0000504664
Alistipes dispar	2585119	S	6	0	6	0.0000504664
Petrimonas mucosa	1642646	S	6	0	6	0.0000504664
Salinivirga cyanobacteriivorans	1307839	S	6	0	6	0.0000504664
Pontibacter akesuensis	388950	S	6	0	6	0.0000504664
Pontibacter pudoricolor	2694930	S	6	0	6	0.0000504664
Rufibacter sp. DG15C	1379909	S	5	1	6	0.0000504664
Nibribacter ruber	2698458	S	5	1	6	0.0000504664
Algoriphagus machipongonensis	388413	S	6	0	6	0.0000504664
Candidatus Amoebophilus asiaticus	281120	S	6	0	6	0.0000504664
Chitinophaga alhagiae	2203219	S	6	0	6	0.0000504664
Chlorobium phaeovibrioides	1094	S	6	0	6	0.0000504664
Chlorobium chlorochromatii	337090	S	6	0	6	0.0000504664
Prosthecochloris aestuarii	1102	S	6	0	6	0.0000504664
Chloroherpeton thalassium	100716	S	6	0	6	0.0000504664
Fibrobacter succinogenes	833	S	6	0	6	0.0000504664
Rosistilla carotiformis	2528017	S	5	1	6	0.0000504664
Gimesia alba	2527973	S	5	1	6	0.0000504664
Gimesia benthica	2608982	S	2	4	6	0.0000504664
Anaerohalosphaera lusitana	1936003	S	6	0	6	0.0000504664
Candidatus Kuenenia stuttgartiensis	174633	S	6	0	6	0.0000504664
Candidatus Xiphinematobacter sp. Idaho Grape	1704307	S	6	0	6	0.0000504664
Chlamydia abortus	83555	S	4	2	6	0.0000504664
Parachlamydia acanthamoebae	83552	S	6	0	6	0.0000504664
Waddlia chondrophila	71667	S	6	0	6	0.0000504664
Treponema socranskii	53419	S	6	0	6	0.0000504664
Turneriella parva	29510	S	6	0	6	0.0000504664
Terriglobus saanensis	870903	S	6	0	6	0.0000504664
Acidobacterium capsulatum	33075	S	6	0	6	0.0000504664
Acidobacterium sp. 4Y35	2763107	S	6	0	6	0.0000504664
Thermotoga profunda	1508420	S	3	3	6	0.0000504664
Petrotoga mobilis	69499	S	5	1	6	0.0000504664
Candidatus Nitrospira inopinata	1715989	S	6	0	6	0.0000504664
Deferribacter desulfuricans	197162	S	6	0	6	0.0000504664
Halorubrum sp. BOL3-1	2497325	S	6	0	6	0.0000504664
Haloferax gibbonsii	35746	S	2	4	6	0.0000504664
Halomicrobium sp. LC1Hm	2610902	S	1	5	6	0.0000504664
Haloterrigena salifodinae	2675099	S	4	2	6	0.0000504664
Natronococcus occultus	29288	S	6	0	6	0.0000504664
Methanosarcina sp. WWM596	1434103	S	1	5	6	0.0000504664
Methanobacterium lacus	877455	S	6	0	6	0.0000504664
Methanococcus vannielii	2187	S	6	0	6	0.0000504664
Thermococcus gammatolerans	187878	S	6	0	6	0.0000504664
Candidatus Nitrosocosmicus franklandus	1798806	S	6	0	6	0.0000504664
Aciduliprofundum boonei	379547	S	4	2	6	0.0000504664
Megavirus chiliensis	1094892	S	6	0	6	0.0000504664
Mimivirus terra2	1128151	S	2	4	6	0.0000504664
Burkholderia sp. IDO3	1705310	S	2	3	5	0.0000420553
Burkholderia sp. RPE67	758796	S	2	3	5	0.0000420553
Pelistega ratti	2652177	S	5	0	5	0.0000420553
Kerstersia gyiorum	206506	S	5	0	5	0.0000420553
Sutterella faecalis	2584944	S	5	0	5	0.0000420553
Neisseria brasiliensis	2666100	S	4	1	5	0.0000420553
Neisseria sicca	490	S	3	2	5	0.0000420553
Methylobacillus flagellatus	405	S	5	0	5	0.0000420553
Nitrosomonas europaea	915	S	5	0	5	0.0000420553
Candidatus Kinetoplastibacterium oncopeltii	994696	S	3	2	5	0.0000420553
Pseudomonas sp. HLS-6	2049589	S	5	0	5	0.0000420553
Pseudomonas sp. RtIB026	2749999	S	5	0	5	0.0000420553
Pseudomonas sp. ADAK18	2730848	S	5	0	5	0.0000420553
Pseudomonas sp. SK	2729423	S	5	0	5	0.0000420553
Pseudomonas sp. BIGb0427	2724470	S	5	0	5	0.0000420553
Pseudomonas sp. Os17	1500686	S	4	1	5	0.0000420553
Pseudomonas sp. NIBRBAC000502773	2590776	S	4	1	5	0.0000420553
Pseudomonas sp. BJP69	2597770	S	2	3	5	0.0000420553
Pseudomonas sp. B14-6	2738843	S	2	3	5	0.0000420553
Pseudomonas sp. phDV1	253237	S	2	3	5	0.0000420553
Pseudomonas lalkuanensis	2604832	S	5	0	5	0.0000420553
Pseudomonas marincola	437900	S	5	0	5	0.0000420553
Entomomonas moraniae	2213226	S	5	0	5	0.0000420553
Acinetobacter sp. LoGeW2-3	1808001	S	5	0	5	0.0000420553
Acinetobacter baylyi	202950	S	5	0	5	0.0000420553
Acinetobacter larvae	1789224	S	5	0	5	0.0000420553
Psychrobacter sp. DAB_AL32B	1028414	S	5	0	5	0.0000420553
Aquirhabdus parva	2283318	S	5	0	5	0.0000420553
Stenotrophomonas sp. YAU14D1_LEIMI4_1	2072407	S	3	2	5	0.0000420553
Klebsiella sp. STW0522-44	2681387	S	3	2	5	0.0000420553
Klebsiella aerogenes	548	S	5	0	5	0.0000420553
Enterobacter sp. E20	1560339	S	2	3	5	0.0000420553
Enterobacter bugandensis	881260	S	5	0	5	0.0000420553
Enterobacter oligotrophicus	2478464	S	5	0	5	0.0000420553
Escherichia marmotae	1499973	S	5	0	5	0.0000420553
Raoultella electrica	1259973	S	2	3	5	0.0000420553
Blochmannia endosymbiont of Polyrhachis (Hedomyrma) turneri	1505596	S	5	0	5	0.0000420553
Blochmannia endosymbiont of Camponotus (Colobopsis) obliquus	1505597	S	5	0	5	0.0000420553
Enterobacteriaceae endosymbiont of Donacia bicoloricornis	2675772	S	4	1	5	0.0000420553
Enterobacteriaceae endosymbiont of Donacia marginata	2675779	S	4	1	5	0.0000420553
Cronobacter dublinensis	413497	S	5	0	5	0.0000420553
Pantoea sp. SO10	2575375	S	5	0	5	0.0000420553
Erwinia pyrifoliae	79967	S	3	2	5	0.0000420553
Mixta theicola	1458355	S	5	0	5	0.0000420553
Tatumella ptyseos	82987	S	5	0	5	0.0000420553
Serratia sp. ATCC 39006	104623	S	5	0	5	0.0000420553
Serratia symbiotica	138074	S	5	0	5	0.0000420553
Ewingella americana	41202	S	5	0	5	0.0000420553
Rouxiella badensis	1646377	S	5	0	5	0.0000420553
Proteus columbae	1987580	S	3	2	5	0.0000420553
Arsenophonus endosymbiont of Aphis craccivora	1231049	S	5	0	5	0.0000420553
Dickeya zeae	204042	S	5	0	5	0.0000420553
Shewanella sp. FJAT-53726	2814295	S	2	3	5	0.0000420553
Shewanella sp. MR-4	60480	S	2	3	5	0.0000420553
Shewanella sp. MEBiC00475	2575361	S	2	3	5	0.0000420553
Shewanella denitrificans	192073	S	5	0	5	0.0000420553
Shewanella woodyi	60961	S	5	0	5	0.0000420553
Marinobacter sp. CP1	1671721	S	3	2	5	0.0000420553
Marinobacter fonticola	2603215	S	5	0	5	0.0000420553
Pseudoalteromonas sp. 1_2015MBL_MicDiv	1720343	S	3	2	5	0.0000420553
Pseudoalteromonas arabiensis	874454	S	5	0	5	0.0000420553
Pseudoalteromonas ulvae	107327	S	5	0	5	0.0000420553
Pseudoalteromonas translucida	166935	S	4	1	5	0.0000420553
Pseudoalteromonas nigrifaciens	28109	S	2	3	5	0.0000420553
Colwellia psychrerythraea	28229	S	5	0	5	0.0000420553
Thalassotalea crassostreae	1763536	S	5	0	5	0.0000420553
Psychromonas sp. CNPT3	314282	S	5	0	5	0.0000420553
Halomonas sp. 1513	1883416	S	5	0	5	0.0000420553
Halomonas sp. BC-M4-5	2497861	S	5	0	5	0.0000420553
Cobetia sp. cqz5-12	2609415	S	2	3	5	0.0000420553
Halotalea alkalilenta	376489	S	5	0	5	0.0000420553
Marinomonas mediterranea	119864	S	5	0	5	0.0000420553
Marinobacterium sp. LSUCC0821	2668067	S	5	0	5	0.0000420553
Neptunomonas concharum	1031538	S	5	0	5	0.0000420553
Reinekea forsetii	1336806	S	5	0	5	0.0000420553
Kangiella koreensis	261964	S	5	0	5	0.0000420553
Caldichromatium japonicum	2699430	S	5	0	5	0.0000420553
Acidihalobacter aeolianus	2792603	S	5	0	5	0.0000420553
Halothiobacillus neapolitanus	927	S	5	0	5	0.0000420553
Sulfuriflexus mobilis	1811807	S	5	0	5	0.0000420553
Thiohalobacter sp. COW1	2795687	S	4	1	5	0.0000420553
Vibrio sp. SM1977	2662262	S	5	0	5	0.0000420553
Vibrio taketomensis	2572923	S	5	0	5	0.0000420553
Vibrio splendidus	29497	S	5	0	5	0.0000420553
Vibrio scophthalmi	45658	S	5	0	5	0.0000420553
Vibrio mediterranei	689	S	5	0	5	0.0000420553
Vibrio kanaloae	170673	S	5	0	5	0.0000420553
Vibrio fluvialis	676	S	5	0	5	0.0000420553
Photobacterium gaetbulicola	1295392	S	5	0	5	0.0000420553
Aeromonas sp. CA23	2033032	S	5	0	5	0.0000420553
Aeromonas sp. ASNIH2	1636607	S	1	4	5	0.0000420553
Legionella spiritensis	452	S	5	0	5	0.0000420553
Legionella jordanis	456	S	5	0	5	0.0000420553
Microbulbifer sp. ALW1	1516059	S	5	0	5	0.0000420553
Actinobacillus indolicus	51049	S	4	1	5	0.0000420553
Aggregatibacter aphrophilus	732	S	5	0	5	0.0000420553
Aggregatibacter segnis	739	S	4	1	5	0.0000420553
Gallibacterium anatis	750	S	5	0	5	0.0000420553
Histophilus somni	731	S	5	0	5	0.0000420553
Francisella orientalis	299583	S	5	0	5	0.0000420553
Francisella hispaniensis	622488	S	5	0	5	0.0000420553
Cycloclasticus zancles	1329899	S	1	4	5	0.0000420553
Methylophaga nitratireducenticrescens	754476	S	5	0	5	0.0000420553
Thiosulfativibrio zosterae	2675053	S	5	0	5	0.0000420553
Candidatus Thioglobus sp. NP1	2508687	S	5	0	5	0.0000420553
Gallaecimonas mangrovi	2291597	S	5	0	5	0.0000420553
Rhizobium sp. ADMK78	1813451	S	5	0	5	0.0000420553
Rhizobium sp. Kim5	2020311	S	1	4	5	0.0000420553
Agrobacterium sp. RAC06	1842536	S	3	2	5	0.0000420553
Agrobacterium rhizogenes	359	S	3	2	5	0.0000420553
Sinorhizobium medicae	110321	S	5	0	5	0.0000420553
Liberibacter crescens	1273132	S	5	0	5	0.0000420553
Mesorhizobium sp. J8	2777475	S	5	0	5	0.0000420553
Candidatus Filomicrobium marinum	1608628	S	5	0	5	0.0000420553
Labrenzia sp. CP4	1674922	S	1	4	5	0.0000420553
Labrenzia alexandrii	388408	S	5	0	5	0.0000420553
Bartonella birtlesii	111504	S	5	0	5	0.0000420553
Bartonella tribocorum	85701	S	2	3	5	0.0000420553
Cohaesibacter sp. ES.047	1798205	S	5	0	5	0.0000420553
Sphingorhabdus sp. M41	1806885	S	5	0	5	0.0000420553
Parasphingopyxis algicola	2026624	S	5	0	5	0.0000420553
Sulfitobacter mediterraneus	83219	S	5	0	5	0.0000420553
Sulfitobacter pontiacus	60137	S	2	3	5	0.0000420553
Celeribacter marinus	1397108	S	5	0	5	0.0000420553
Octadecabacter arcticus	53946	S	5	0	5	0.0000420553
Roseobacter litoralis	42443	S	5	0	5	0.0000420553
Roseobacter ponti	1891787	S	5	0	5	0.0000420553
Ketogulonicigenium robustum	92947	S	4	1	5	0.0000420553
Thalassococcus sp. S3	2017482	S	5	0	5	0.0000420553
Parasedimentitalea marina	2483033	S	5	0	5	0.0000420553
Pelagovum pacificum	2588711	S	5	0	5	0.0000420553
Thalassospira indica	1891279	S	4	1	5	0.0000420553
Acetobacter persici	1076596	S	5	0	5	0.0000420553
Neoasaia chiangmaiensis	320497	S	5	0	5	0.0000420553
Terasakiella sp. SH-1	2560057	S	5	0	5	0.0000420553
Wolbachia endosymbiont of Ctenocephalides felis wCfeT	2732593	S	5	0	5	0.0000420553
Rickettsia rhipicephali	33992	S	2	3	5	0.0000420553
Candidatus Fokinia solitaria	1802984	S	5	0	5	0.0000420553
Hyphomonas sp. KY3	2016196	S	5	0	5	0.0000420553
Parvularcula bermudensis	208216	S	5	0	5	0.0000420553
Halarcobacter bivalviorum	663364	S	5	0	5	0.0000420553
Campylobacter gracilis	824	S	5	0	5	0.0000420553
Sulfurospirillum sp. UCH001	1581011	S	5	0	5	0.0000420553
Sulfurospirillum cavolei	366522	S	5	0	5	0.0000420553
Helicobacter bilis	37372	S	5	0	5	0.0000420553
Sulfurimonas denitrificans	39766	S	5	0	5	0.0000420553
Sulfurimonas gotlandica	1176482	S	5	0	5	0.0000420553
Candidatus Sulfurimonas marisnigri	2740405	S	4	1	5	0.0000420553
Nitratifractor salsuginis	269261	S	5	0	5	0.0000420553
Desulfovibrio ferrophilus	241368	S	5	0	5	0.0000420553
Pseudodesulfovibrio cashew	2678688	S	5	0	5	0.0000420553
Pseudodesulfovibrio aespoeensis	182210	S	4	1	5	0.0000420553
Geobacter metallireducens	28232	S	5	0	5	0.0000420553
Desulfosarcina widdelii	947919	S	5	0	5	0.0000420553
Desulfococcus multivorans	897	S	5	0	5	0.0000420553
Hippea maritima	84405	S	5	0	5	0.0000420553
Halobacteriovorax sp. BALOs_7	2109558	S	5	0	5	0.0000420553
Microbacterium amylolyticum	936337	S	5	0	5	0.0000420553
Microbacterium endophyticum	1526412	S	5	0	5	0.0000420553
Curtobacterium sp. MR_MD2014	1561023	S	5	0	5	0.0000420553
Curtobacterium pusillum	69373	S	5	0	5	0.0000420553
Rathayibacter iranicus	59737	S	5	0	5	0.0000420553
Salinibacterium hongtaonis	2079791	S	5	0	5	0.0000420553
Protaetiibacter sp. SSC-01	2759943	S	4	1	5	0.0000420553
Kocuria sp. KD4	2719588	S	5	0	5	0.0000420553
Kocuria sp. BT304	1702043	S	3	2	5	0.0000420553
Kocuria indica	1049583	S	4	1	5	0.0000420553
Arthrobacter sp. PM3	2017685	S	5	0	5	0.0000420553
Arthrobacter citreus	1670	S	5	0	5	0.0000420553
Pseudarthrobacter sp. NIBRBAC000502771	2590774	S	2	3	5	0.0000420553
Neomicrococcus aestuarii	556325	S	5	0	5	0.0000420553
Brevibacterium sp. o2	2697565	S	5	0	5	0.0000420553
Brevibacterium sandarakinum	629680	S	5	0	5	0.0000420553
Georgenia sp. Z294	2585135	S	5	0	5	0.0000420553
Pseudopropionibacterium propionicum	1750	S	5	0	5	0.0000420553
Nocardioides sp. HY056	2500546	S	5	0	5	0.0000420553
Mycolicibacterium mucogenicum	56689	S	4	1	5	0.0000420553
Mycobacterium sp. WY10	1920667	S	2	3	5	0.0000420553
Mycobacterium sp. KMS	189918	S	1	4	5	0.0000420553
Mycobacterium kubicae	120959	S	5	0	5	0.0000420553
Mycobacterium saskatchewanense	220927	S	5	0	5	0.0000420553
Mycobacterium heckeshornense	110505	S	5	0	5	0.0000420553
Mycobacterium paraseoulense	590652	S	5	0	5	0.0000420553
Mycobacterium haemophilum	29311	S	5	0	5	0.0000420553
Mycobacterium shinjukuense	398694	S	5	0	5	0.0000420553
Mycobacterium noviomagense	459858	S	5	0	5	0.0000420553
Mycolicibacter terrae	1788	S	5	0	5	0.0000420553
Hoyosella subflava	639313	S	5	0	5	0.0000420553
Corynebacterium sp. 2039	2675219	S	5	0	5	0.0000420553
Corynebacterium matruchotii	43768	S	5	0	5	0.0000420553
Corynebacterium liangguodongii	2079535	S	5	0	5	0.0000420553
Corynebacterium kutscheri	35755	S	5	0	5	0.0000420553
Corynebacterium aquilae	203263	S	5	0	5	0.0000420553
Corynebacterium humireducens	1223514	S	5	0	5	0.0000420553
Corynebacterium endometrii	2488819	S	5	0	5	0.0000420553
Corynebacterium imitans	156978	S	5	0	5	0.0000420553
Corynebacterium terpenotabidum	89154	S	5	0	5	0.0000420553
Corynebacterium provencense	1737425	S	5	0	5	0.0000420553
Corynebacterium renale	1724	S	5	0	5	0.0000420553
Corynebacterium stationis	1705	S	5	0	5	0.0000420553
Corynebacterium simulans	146827	S	4	1	5	0.0000420553
Rhodococcus sp. P-2	2795031	S	5	0	5	0.0000420553
Rhodococcus sp. 2G	1570939	S	2	3	5	0.0000420553
Rhodococcus koreensis	99653	S	5	0	5	0.0000420553
Rhodococcus pyridinivorans	103816	S	2	3	5	0.0000420553
Gordonia sp. HY186	2597659	S	5	0	5	0.0000420553
Gordonia phthalatica	1136941	S	4	1	5	0.0000420553
Tomitella sp. HY172	2760083	S	5	0	5	0.0000420553
Segniliparus rotundus	286802	S	5	0	5	0.0000420553
Streptomyces sp. CdTB01	1725411	S	5	0	5	0.0000420553
Streptomyces sp. CRPJ-33	2768068	S	5	0	5	0.0000420553
Streptomyces sp. CMB-StM0423	2059884	S	5	0	5	0.0000420553
Streptomyces sp. SCUT-3	2684469	S	5	0	5	0.0000420553
Streptomyces sp. jing01	2726118	S	5	0	5	0.0000420553
Streptomyces sp. QHH-9511	2684468	S	5	0	5	0.0000420553
Streptomyces sp. RLB1-33	2721243	S	5	0	5	0.0000420553
Streptomyces sp. 769	1262452	S	4	1	5	0.0000420553
Streptomyces sp. ID38640	1265399	S	4	1	5	0.0000420553
Streptomyces sp. ADI95-16	1522758	S	4	1	5	0.0000420553
Streptomyces sp. SS52	2563602	S	2	3	5	0.0000420553
Streptomyces broussonetiae	2686304	S	5	0	5	0.0000420553
Streptomyces collinus	42684	S	5	0	5	0.0000420553
Streptomyces gilvosporeus	553510	S	5	0	5	0.0000420553
Streptomyces glaucescens	1907	S	5	0	5	0.0000420553
Streptomyces clavuligerus	1901	S	5	0	5	0.0000420553
Streptomyces vietnamensis	362257	S	5	0	5	0.0000420553
Streptomyces qaidamensis	1783515	S	5	0	5	0.0000420553
Streptomyces olivoreticuli	68246	S	5	0	5	0.0000420553
Streptomyces albidoflavus	1886	S	2	3	5	0.0000420553
Micromonospora krabiensis	307121	S	5	0	5	0.0000420553
Saccharomonospora azurea	40988	S	5	0	5	0.0000420553
Actinomyces sp. oral taxon 414	712122	S	5	0	5	0.0000420553
Actinomyces sp. oral taxon 171	706438	S	4	1	5	0.0000420553
Actinomyces sp. oral taxon 897	2081702	S	4	1	5	0.0000420553
Actinomyces sp. oral taxon 169	712116	S	3	2	5	0.0000420553
Actinomyces howellii	52771	S	5	0	5	0.0000420553
Arcanobacterium phocisimile	1302235	S	4	1	5	0.0000420553
Boudabousia tangfeifanii	1912795	S	5	0	5	0.0000420553
Bifidobacterium dentium	1689	S	5	0	5	0.0000420553
Bifidobacterium pullorum	78448	S	5	0	5	0.0000420553
Thermobifida fusca	2021	S	5	0	5	0.0000420553
Frankia casuarinae	106370	S	5	0	5	0.0000420553
Parolsenella massiliensis	1871022	S	4	1	5	0.0000420553
Bacillus albus	2026189	S	5	0	5	0.0000420553
Bacillus sp. KH172YL63	2709784	S	5	0	5	0.0000420553
Bacillus sp. FJAT-22090	1581038	S	5	0	5	0.0000420553
Bacillus sp. S3	486398	S	5	0	5	0.0000420553
Bacillus sp. FJAT-45348	2011012	S	5	0	5	0.0000420553
Bacillus gobiensis	1441095	S	5	0	5	0.0000420553
Virgibacillus sp. SK37	403957	S	4	1	5	0.0000420553
Virgibacillus halodenitrificans	1482	S	5	0	5	0.0000420553
Virgibacillus pantothenticus	1473	S	1	4	5	0.0000420553
Peribacillus simplex	1478	S	4	1	5	0.0000420553
Halobacillus halophilus	1570	S	5	0	5	0.0000420553
Psychrobacillus glaciei	2283160	S	5	0	5	0.0000420553
Neobacillus cucumis	1740721	S	5	0	5	0.0000420553
Parageobacillus toebii	153151	S	4	1	5	0.0000420553
Gracilibacillus sp. SCU50	2663022	S	5	0	5	0.0000420553
Staphylococcus agnetis	985762	S	5	0	5	0.0000420553
Staphylococcus nepalensis	214473	S	5	0	5	0.0000420553
Staphylococcus pettenkoferi	170573	S	5	0	5	0.0000420553
Mammaliicoccus stepanovicii	643214	S	5	0	5	0.0000420553
Macrococcus bohemicus	1903056	S	1	4	5	0.0000420553
Paenibacillus sp. FSL H7-0737	1536775	S	5	0	5	0.0000420553
Paenibacillus uliginis	683737	S	5	0	5	0.0000420553
Paenibacillus baekrokdamisoli	1712516	S	5	0	5	0.0000420553
Paenibacillus lycopersici	2704462	S	5	0	5	0.0000420553
Brevibacillus agri	51101	S	5	0	5	0.0000420553
Cohnella sp. LGH	1619153	S	5	0	5	0.0000420553
Aneurinibacillus soli	1500254	S	5	0	5	0.0000420553
Aneurinibacillus sp. XH2	1450761	S	5	0	5	0.0000420553
Planococcus sp. Y42	2213202	S	5	0	5	0.0000420553
Sporosarcina ureae	1571	S	5	0	5	0.0000420553
Solibacillus silvestris	76853	S	5	0	5	0.0000420553
Paenisporosarcina antarctica	417367	S	5	0	5	0.0000420553
Viridibacillus sp. JNUCC-6	2779527	S	5	0	5	0.0000420553
Novibacillus thermophilus	1471761	S	5	0	5	0.0000420553
Streptococcus porcinus	1340	S	5	0	5	0.0000420553
Streptococcus cristatus	45634	S	5	0	5	0.0000420553
Lactobacillus gasseri	1596	S	2	3	5	0.0000420553
Latilactobacillus fuchuensis	164393	S	5	0	5	0.0000420553
Lacticaseibacillus rhamnosus	47715	S	4	1	5	0.0000420553
Oenococcus oeni	1247	S	5	0	5	0.0000420553
Paucilactobacillus oligofermentans	293371	S	5	0	5	0.0000420553
Levilactobacillus brevis	1580	S	5	0	5	0.0000420553
Liquorilactobacillus mali	1618	S	5	0	5	0.0000420553
Loigolactobacillus coryniformis	1610	S	4	1	5	0.0000420553
Enterococcus gallinarum	1353	S	2	3	5	0.0000420553
Jeotgalibaca dankookensis	708126	S	5	0	5	0.0000420553
Blautia sp. LZLJ-3	2779518	S	5	0	5	0.0000420553
Clostridium carboxidivorans	217159	S	5	0	5	0.0000420553
Clostridium bornimense	1216932	S	5	0	5	0.0000420553
Clostridium cochlearium	1494	S	5	0	5	0.0000420553
Clostridium septicum	1504	S	5	0	5	0.0000420553
Clostridium scatologenes	1548	S	4	1	5	0.0000420553
Sarcina sp. JB2	2726954	S	5	0	5	0.0000420553
Ruminiclostridium cellulolyticum	1521	S	5	0	5	0.0000420553
Pseudoclostridium thermosuccinogenes	84032	S	5	0	5	0.0000420553
Aminipila sp. CBA3637	2697030	S	5	0	5	0.0000420553
Aminipila butyrica	433296	S	5	0	5	0.0000420553
Desulfofarcimen acetoxidans	58138	S	5	0	5	0.0000420553
Eubacterium callanderi	53442	S	4	1	5	0.0000420553
Candidatus Syntrophocurvum alkaliphilum	2293317	S	5	0	5	0.0000420553
Symbiobacterium thermophilum	2734	S	5	0	5	0.0000420553
Thermoanaerobacterium sp. RBIITD	1550240	S	5	0	5	0.0000420553
Halanaerobium hydrogeniformans	656519	S	5	0	5	0.0000420553
Selenomonas sp. Marseille-Q3039	2754044	S	5	0	5	0.0000420553
Veillonella parvula	29466	S	5	0	5	0.0000420553
Veillonella rodentium	248315	S	5	0	5	0.0000420553
Erysipelothrix larvae	1514105	S	5	0	5	0.0000420553
Bulleidia sp. zg-1006	2806552	S	5	0	5	0.0000420553
Parvimonas micra	33033	S	5	0	5	0.0000420553
Nostoc sp. NIES-3756	1751286	S	1	4	5	0.0000420553
Synechococcus sp. PROS-9-1	1968775	S	5	0	5	0.0000420553
Synechococcus sp. SynAce01	1916956	S	5	0	5	0.0000420553
Synechococcus sp. A18-40	1866939	S	1	4	5	0.0000420553
Chroococcidiopsis thermalis	54299	S	5	0	5	0.0000420553
Mycoplasma leachii	2105	S	2	3	5	0.0000420553
Mycoplasma anserisalpingitidis	519450	S	5	0	5	0.0000420553
Mycoplasma penetrans	28227	S	5	0	5	0.0000420553
Mycoplasma agalactiae	2110	S	5	0	5	0.0000420553
Mycoplasma synoviae	2109	S	4	1	5	0.0000420553
Spiroplasma sp. TIUS-1	216963	S	5	0	5	0.0000420553
Spiroplasma citri	2133	S	3	2	5	0.0000420553
Acholeplasma palmae	38986	S	5	0	5	0.0000420553
Deinococcus radiodurans	1299	S	4	1	5	0.0000420553
Chloroflexus aggregans	152260	S	5	0	5	0.0000420553
Dehalogenimonas formicexedens	1839801	S	3	2	5	0.0000420553
Polaribacter vadi	1774273	S	5	0	5	0.0000420553
Tenacibaculum sp. SZ-18	754423	S	5	0	5	0.0000420553
Aequorivita sp. KX20305	2803865	S	5	0	5	0.0000420553
Dokdonia sp. Dokd-P16	2173169	S	4	1	5	0.0000420553
Dokdonia sp. MED134	313590	S	3	2	5	0.0000420553
Dokdonia donghaensis	326320	S	3	2	5	0.0000420553
Oceanihabitans sp. IOP_32	2529032	S	4	1	5	0.0000420553
Elizabethkingia sp. M8	2796140	S	1	4	5	0.0000420553
Apibacter sp. B2966	2656761	S	3	2	5	0.0000420553
Bacteroides heparinolyticus	28113	S	5	0	5	0.0000420553
Prevotella ruminicola	839	S	5	0	5	0.0000420553
Prevotella oris	28135	S	5	0	5	0.0000420553
Butyricimonas faecalis	2093856	S	4	1	5	0.0000420553
Porphyromonas gingivalis	837	S	5	0	5	0.0000420553
Porphyromonas crevioricanis	393921	S	5	0	5	0.0000420553
Draconibacterium sp. M1	2706887	S	5	0	5	0.0000420553
Hymenobacter sp. BRD128	2675878	S	5	0	5	0.0000420553
Hymenobacter sp. TS19	2735321	S	5	0	5	0.0000420553
Rufibacter tibetensis	512763	S	5	0	5	0.0000420553
Algoriphagus sanaruensis	1727163	S	5	0	5	0.0000420553
Fulvivirga sp. S481	2810512	S	5	0	5	0.0000420553
Cardinium endosymbiont of Sogatella furcifera	650378	S	5	0	5	0.0000420553
Sphingobacterium hotanense	649196	S	5	0	5	0.0000420553
Chlorobaculum parvum	274539	S	5	0	5	0.0000420553
Melioribacter roseus	1134405	S	5	0	5	0.0000420553
Polystyrenella longa	2528007	S	5	0	5	0.0000420553
Poriferisphaera corsica	2528020	S	5	0	5	0.0000420553
Candidatus Protochlamydia naegleriophila	389348	S	4	1	5	0.0000420553
Treponema azotonutricium	150829	S	5	0	5	0.0000420553
Treponema caldarium	215591	S	5	0	5	0.0000420553
Sphaerochaeta pleomorpha	1131707	S	5	0	5	0.0000420553
Borreliella burgdorferi	139	S	4	1	5	0.0000420553
Leptospira mayottensis	1137606	S	4	1	5	0.0000420553
Brachyspira intermedia	84377	S	5	0	5	0.0000420553
Chloracidobacterium thermophilum	458033	S	5	0	5	0.0000420553
Fusobacterium necrophorum	859	S	5	0	5	0.0000420553
Fusobacterium periodonticum	860	S	2	3	5	0.0000420553
Fervidobacterium pennivorans	93466	S	5	0	5	0.0000420553
Candidatus Babela massiliensis	673862	S	5	0	5	0.0000420553
Fretibacterium fastidiosum	651822	S	5	0	5	0.0000420553
Calditerrivibrio nitroreducens	477976	S	5	0	5	0.0000420553
Hydrogenobacter sp. T-8	1632019	S	5	0	5	0.0000420553
Haloquadratum walsbyi	293091	S	5	0	5	0.0000420553
Methanosaeta harundinacea	301375	S	5	0	5	0.0000420553
Methanospirillum hungatei	2203	S	5	0	5	0.0000420553
Methanobacterium formicicum	2162	S	5	0	5	0.0000420553
Methanobacterium congolense	118062	S	5	0	5	0.0000420553
Methanosphaera sp. BMS	1789762	S	5	0	5	0.0000420553
Methanocaldococcus sp. FS406-22	644281	S	1	4	5	0.0000420553
Candidatus Nitrosomarinus catalina	1898749	S	4	1	5	0.0000420553
Acidianus manzaensis	282676	S	5	0	5	0.0000420553
Cuniculiplasma divulgatum	1673428	S	2	3	5	0.0000420553
Cyanophage S-RIM32	1278479	S	5	0	5	0.0000420553
Pseudomonas virus CAb02	1921409	S	3	2	5	0.0000420553
Paramecium bursaria Chlorella virus AR158	380598	S	1	4	5	0.0000420553
Cafeteria roenbergensis virus	1513235	S	5	0	5	0.0000420553
Nephila clavipes virus 4	2108201	S	5	0	5	0.0000420553
Burkholderia sp. MSMB0856	1637869	S	3	1	4	0.0000336443
Bordetella avium	521	S	4	0	4	0.0000336443
Algicoccus marinus	2163011	S	4	0	4	0.0000336443
Neisseria chenwenguii	1853278	S	4	0	4	0.0000336443
Neisseria wadsworthii	607711	S	4	0	4	0.0000336443
Neisseria subflava	28449	S	3	1	4	0.0000336443
Simonsiella muelleri	72	S	4	0	4	0.0000336443
Alysiella filiformis	194196	S	4	0	4	0.0000336443
Conchiformibius steedae	153493	S	4	0	4	0.0000336443
Snodgrassella alvi	1196083	S	4	0	4	0.0000336443
Methylovorus sp. MP688	887061	S	2	2	4	0.0000336443
Nitrosomonas stercoris	1444684	S	4	0	4	0.0000336443
Nitrosospira multiformis	1231	S	4	0	4	0.0000336443
Pseudomonas sp. MSPm1	2726956	S	4	0	4	0.0000336443
Pseudomonas sp. PDNC002	2811422	S	4	0	4	0.0000336443
Pseudomonas sp. CMR5c	658630	S	4	0	4	0.0000336443
Pseudomonas sp. J380	2605424	S	3	1	4	0.0000336443
Pseudomonas sp. St29	1500687	S	3	1	4	0.0000336443
Pseudomonas sp. SXM-1	2169583	S	2	2	4	0.0000336443
Pseudomonas mucidolens	46679	S	4	0	4	0.0000336443
Pseudomonas plecoglossicida	70775	S	3	1	4	0.0000336443
Pseudomonas amygdali	47877	S	2	2	4	0.0000336443
Pseudomonas coronafaciens	53409	S	4	0	4	0.0000336443
Pseudomonas sp. Lz4W	1206777	S	2	2	4	0.0000336443
Pseudomonas glycinae	1785145	S	2	2	4	0.0000336443
Acinetobacter sp. C16S1	2609668	S	4	0	4	0.0000336443
Acinetobacter lactucae	1785128	S	4	0	4	0.0000336443
Moraxella nonliquefaciens	478	S	4	0	4	0.0000336443
Psychrobacter sp. P11G3	1699623	S	4	0	4	0.0000336443
Psychrobacter sp. 28M-43	2772254	S	4	0	4	0.0000336443
Stenotrophomonas sp. ESTM1D_MKCIP4_1	2072414	S	4	0	4	0.0000336443
Stenotrophomonas sp. NA06056	2742129	S	4	0	4	0.0000336443
Stenotrophomonas sp. MYb57	1827305	S	2	2	4	0.0000336443
Stenotrophomonas sp. ASS1	2282124	S	2	2	4	0.0000336443
Xanthomonas sp. SS	2724122	S	3	1	4	0.0000336443
Xanthomonas cassavae	56450	S	4	0	4	0.0000336443
Xanthomonas cucurbitae	56453	S	4	0	4	0.0000336443
Xanthomonas hyacinthi	56455	S	4	0	4	0.0000336443
Xanthomonas vasicola	56459	S	4	0	4	0.0000336443
Xanthomonas euroxanthea	2259622	S	4	0	4	0.0000336443
Luteimonas yindakuii	2565782	S	4	0	4	0.0000336443
Klebsiella sp. WP8-S18-ESBL-06	2675726	S	1	3	4	0.0000336443
Enterobacter sp. LU1	1848517	S	1	3	4	0.0000336443
Citrobacter sp. BDA59-3	2781952	S	4	0	4	0.0000336443
Citrobacter sp. R56	1573676	S	4	0	4	0.0000336443
Citrobacter rodentium	67825	S	4	0	4	0.0000336443
Escherichia albertii	208962	S	4	0	4	0.0000336443
secondary endosymbiont of Heteropsylla cubana	134287	S	4	0	4	0.0000336443
Enterobacteriaceae endosymbiont of Donacia crassipes	2675776	S	3	1	4	0.0000336443
Enterobacteriaceae endosymbiont of Donacia versicolorea	2675788	S	2	2	4	0.0000336443
Atlantibacter hermannii	565	S	4	0	4	0.0000336443
Scandinavium goeteborgense	1851514	S	4	0	4	0.0000336443
Shigella boydii	621	S	1	3	4	0.0000336443
Pantoea sp. MSR2	2052056	S	4	0	4	0.0000336443
Pantoea stewartii	66269	S	4	0	4	0.0000336443
Candidatus Pantoea carbekii	1235990	S	4	0	4	0.0000336443
Pantoea eucalypti	470933	S	1	3	4	0.0000336443
Mixta gaviniae	665914	S	4	0	4	0.0000336443
Serratia proteamaculans	28151	S	4	0	4	0.0000336443
Serratia grimesii	82995	S	4	0	4	0.0000336443
Serratia liquefaciens	614	S	3	1	4	0.0000336443
Yersinia pseudotuberculosis	633	S	3	1	4	0.0000336443
Gibbsiella quercinecans	929813	S	4	0	4	0.0000336443
Chania multitudinisentens	1639108	S	4	0	4	0.0000336443
Xenorhabdus nematophila	628	S	4	0	4	0.0000336443
Xenorhabdus doucetiae	351671	S	4	0	4	0.0000336443
Photorhabdus laumondii	2218628	S	4	0	4	0.0000336443
Dickeya solani	1089444	S	4	0	4	0.0000336443
Edwardsiella ictaluri	67780	S	3	1	4	0.0000336443
Hafnia paralvei	546367	S	4	0	4	0.0000336443
Obesumbacterium proteus	82983	S	3	1	4	0.0000336443
Sodalis endosymbiont of Henestaris halophilus	1929246	S	4	0	4	0.0000336443
Shewanella sp. FJAT-51800	2814294	S	4	0	4	0.0000336443
Shewanella livingstonensis	150120	S	4	0	4	0.0000336443
Shewanella sediminis	271097	S	4	0	4	0.0000336443
Parashewanella spongiae	342950	S	4	0	4	0.0000336443
Marinobacter sp. LV10R510-11A	1415568	S	4	0	4	0.0000336443
Marinobacter sp. JH2	2547598	S	4	0	4	0.0000336443
Glaciecola nitratireducens	300231	S	4	0	4	0.0000336443
Salinimonas sediminis	2303538	S	4	0	4	0.0000336443
Pseudoalteromonas sp. A25	116092	S	4	0	4	0.0000336443
Pseudoalteromonas sp. SM1988	2744479	S	4	0	4	0.0000336443
Pseudoalteromonas sp. DL-6	1390185	S	3	1	4	0.0000336443
Pseudoalteromonas piratica	1348114	S	4	0	4	0.0000336443
Pseudoalteromonas marina	267375	S	2	2	4	0.0000336443
Pseudoalteromonas lipolytica	570156	S	1	3	4	0.0000336443
Psychrosphaera aestuarii	1266052	S	4	0	4	0.0000336443
Colwellia sp. 20A7	2689569	S	4	0	4	0.0000336443
Thalassotalea sp. HSM 43	2552945	S	4	0	4	0.0000336443
Moritella marina	90736	S	4	0	4	0.0000336443
Halomonas sp. KO116	1504981	S	3	1	4	0.0000336443
Halomonas subglaciescola	29571	S	4	0	4	0.0000336443
Halomonas huangheensis	1178482	S	4	0	4	0.0000336443
Halomonas socia	1081866	S	4	0	4	0.0000336443
Halomonas alkaliphila	272774	S	1	3	4	0.0000336443
Halomonas titanicae	664683	S	1	3	4	0.0000336443
Cobetia sp. L2A1	2686360	S	4	0	4	0.0000336443
Cobetia sp. AM6	2661553	S	1	3	4	0.0000336443
Cobetia pacifica	1055101	S	1	3	4	0.0000336443
Marinomonas sp. MWYL1	400668	S	4	0	4	0.0000336443
Marinomonas arctica	383750	S	4	0	4	0.0000336443
Amphritea japonica	452627	S	4	0	4	0.0000336443
Endozoicomonas montiporae	1027273	S	4	0	4	0.0000336443
Nitrosococcus wardiae	1814290	S	4	0	4	0.0000336443
Candidatus Nitrosoglobus terrae	1630141	S	4	0	4	0.0000336443
Ectothiorhodospira haloalkaliphila	421628	S	3	1	4	0.0000336443
Woeseia oceani	1548547	S	4	0	4	0.0000336443
Vibrio azureus	512649	S	4	0	4	0.0000336443
Vibrio sp. HDW18	2714948	S	4	0	4	0.0000336443
Vibrio mimicus	674	S	4	0	4	0.0000336443
Vibrio chagasii	170679	S	4	0	4	0.0000336443
Vibrio breoganii	553239	S	4	0	4	0.0000336443
Photobacterium ganghwense	320778	S	4	0	4	0.0000336443
Aliivibrio salmonicida	40269	S	4	0	4	0.0000336443
Salinivibrio kushneri	1908198	S	4	0	4	0.0000336443
Aeromonas sp.	647	S	2	2	4	0.0000336443
Aeromonas schubertii	652	S	4	0	4	0.0000336443
Aeromonas simiae	218936	S	4	0	4	0.0000336443
Oceanimonas sp. GK1	511062	S	4	0	4	0.0000336443
Legionella lansingensis	45067	S	4	0	4	0.0000336443
Legionella endosymbiont of Polyplax serrata	2005262	S	4	0	4	0.0000336443
Tatlockia micdadei	451	S	4	0	4	0.0000336443
Teredinibacter haidensis	2731755	S	4	0	4	0.0000336443
Microbulbifer sp. SH-1	2681547	S	4	0	4	0.0000336443
Oceanicoccus sagamiensis	716816	S	4	0	4	0.0000336443
Mannheimia bovis	2770636	S	4	0	4	0.0000336443
Mannheimia pernigra	111844	S	1	3	4	0.0000336443
Francisella sp. LA112445	1395624	S	4	0	4	0.0000336443
Francisella sp. Scap27	2589986	S	4	0	4	0.0000336443
Cycloclasticus sp. PY97N	728003	S	1	3	4	0.0000336443
Thiomicrorhabdus aquaedulcis	2211106	S	4	0	4	0.0000336443
Thiomicrospira aerophila	92245	S	4	0	4	0.0000336443
Thiosulfatimonas sediminis	2675054	S	4	0	4	0.0000336443
Methylomonas sp. LL1	2785785	S	4	0	4	0.0000336443
Methylomonas koyamae	702114	S	3	1	4	0.0000336443
Methylomicrobium sp. wino1	2049332	S	2	2	4	0.0000336443
Candidatus Vesicomyosocius sp. SY067_SCS001	2732590	S	4	0	4	0.0000336443
Acidiferrobacter sp. SPIII_3	1281578	S	4	0	4	0.0000336443
endosymbiont of Euscepes postfasciatus	650377	S	4	0	4	0.0000336443
Dichelobacter nodosus	870	S	4	0	4	0.0000336443
Rhizobium sp. NXC14	1981173	S	3	1	4	0.0000336443
Rhizobium sp. IE4771	1301032	S	1	3	4	0.0000336443
Rhizobium lentis	1138194	S	4	0	4	0.0000336443
Agrobacterium sp. T29	2580515	S	3	1	4	0.0000336443
Agrobacterium sp. CGMCC 11546	2579248	S	2	2	4	0.0000336443
Sinorhizobium sp. CCBAU 05631	794846	S	2	2	4	0.0000336443
Candidatus Liberibacter africanus	34020	S	4	0	4	0.0000336443
Lentilitoribacter sp. Alg239-R112	2305987	S	4	0	4	0.0000336443
Labrenzia sp. THAF82	2587861	S	4	0	4	0.0000336443
Pseudovibrio sp. FO-BEG1	911045	S	4	0	4	0.0000336443
Bartonella bovis	155194	S	4	0	4	0.0000336443
Bartonella ancashensis	1318743	S	4	0	4	0.0000336443
Bartonella quintana	803	S	4	0	4	0.0000336443
Brucella sp. 09RB8910	1844051	S	3	1	4	0.0000336443
[Ochrobactrum] quorumnocens	271865	S	4	0	4	0.0000336443
Sphingomonas daechungensis	1176646	S	4	0	4	0.0000336443
Erythrobacter sp. HKB08	2502843	S	4	0	4	0.0000336443
Sandaracinobacter sp. M6	2759707	S	4	0	4	0.0000336443
Phaeobacter porticola	1844006	S	3	1	4	0.0000336443
Phaeobacter piscinae	1580596	S	2	2	4	0.0000336443
Ruegeria sp. THAF33	2587853	S	3	1	4	0.0000336443
Thioclava electrotropha	1549850	S	4	0	4	0.0000336443
Boseongicola sp. CCM32	2552942	S	4	0	4	0.0000336443
Antarctobacter heliothermus	74033	S	4	0	4	0.0000336443
Thalassospira sp. B30-1	2785911	S	2	2	4	0.0000336443
Komagataeibacter europaeus	33995	S	4	0	4	0.0000336443
Komagataeibacter oboediens	65958	S	4	0	4	0.0000336443
Acetobacter ascendens	481146	S	3	1	4	0.0000336443
Commensalibacter sp. ESL0284	2070537	S	2	2	4	0.0000336443
Neokomagataea tanensis	661191	S	4	0	4	0.0000336443
Entomobacter blattae	2762277	S	4	0	4	0.0000336443
Wolbachia endosymbiont of Onchocerca volvulus	77551	S	3	1	4	0.0000336443
Ehrlichia muris	35795	S	3	1	4	0.0000336443
Anaplasma marginale	770	S	2	2	4	0.0000336443
Rickettsia typhi	785	S	2	2	4	0.0000336443
endosymbiont of Acanthamoeba sp. UWC8	86106	S	4	0	4	0.0000336443
Candidatus Cytomitobacter primus	2066024	S	2	2	4	0.0000336443
Candidatus Paracaedibacter acanthamoebae	91604	S	4	0	4	0.0000336443
Paremcibacter congregatus	2043170	S	4	0	4	0.0000336443
Arcobacter sp. FWKO B	2593672	S	4	0	4	0.0000336443
Halarcobacter ebronensis	1462615	S	4	0	4	0.0000336443
Campylobacter blaseri	2042961	S	4	0	4	0.0000336443
Campylobacter helveticus	28898	S	4	0	4	0.0000336443
Campylobacter iguaniorum	1244531	S	4	0	4	0.0000336443
Campylobacter canadensis	449520	S	4	0	4	0.0000336443
Campylobacter ornithocola	1848766	S	3	1	4	0.0000336443
Sulfurimonas sp. S2-6	2590020	S	4	0	4	0.0000336443
Sulfurimonas sp. CVO	2283483	S	1	3	4	0.0000336443
Sulfurimonas sp. 1-1N	2590021	S	1	3	4	0.0000336443
Sulfurovum indicum	2779528	S	1	3	4	0.0000336443
Cetia pacifica	1424653	S	4	0	4	0.0000336443
Desulfovibrio sulfodismutans	63561	S	4	0	4	0.0000336443
Pseudodesulfovibrio indicus	1716143	S	4	0	4	0.0000336443
Geobacter sp. Jerry-YX	2815309	S	4	0	4	0.0000336443
Geobacter pickeringii	345632	S	4	0	4	0.0000336443
Geobacter bemidjiensis	225194	S	2	2	4	0.0000336443
Geoalkalibacter subterraneus	483547	S	3	1	4	0.0000336443
Syntrophotalea acetylenivorans	1842532	S	4	0	4	0.0000336443
Desulfopila sp. IMCC35004	2569540	S	4	0	4	0.0000336443
Desulfurivibrio alkaliphilus	427923	S	4	0	4	0.0000336443
Syntrophus aciditrophicus	316277	S	4	0	4	0.0000336443
Acidithiobacillus caldus	33059	S	4	0	4	0.0000336443
Mariprofundus aestuarium	1921086	S	3	1	4	0.0000336443
Microbacterium sp. JZ31	1906274	S	4	0	4	0.0000336443
Microbacterium sp. CGR1	1696072	S	1	3	4	0.0000336443
Rathayibacter sp. VKM Ac-2805	2609258	S	1	3	4	0.0000336443
Leucobacter denitrificans	683042	S	4	0	4	0.0000336443
Leucobacter triazinivorans	1784719	S	4	0	4	0.0000336443
Pontimonas salivibrio	1159327	S	4	0	4	0.0000336443
Kocuria sp. TGY1127_2	2711328	S	3	1	4	0.0000336443
Arthrobacter sp. PAMC 25486	1494608	S	4	0	4	0.0000336443
Glutamicibacter nicotianae	37929	S	2	2	4	0.0000336443
Brevibacterium sp. WO024	2697563	S	4	0	4	0.0000336443
Brevibacterium sp. JNUCC-42	2777985	S	1	3	4	0.0000336443
Ornithinimicrobium sp. AMA3305	2283195	S	4	0	4	0.0000336443
Cellulosimicrobium sp. JZ28	1906273	S	2	2	4	0.0000336443
Mycolicibacterium sp. Z-34	2736649	S	4	0	4	0.0000336443
Mycolicibacterium pulveris	36813	S	4	0	4	0.0000336443
Mycolicibacterium vaccae	1810	S	4	0	4	0.0000336443
Mycolicibacterium doricum	126673	S	4	0	4	0.0000336443
Mycobacterium seoulense	386911	S	4	0	4	0.0000336443
Corynebacterium sp. 2019	2675218	S	4	0	4	0.0000336443
Corynebacterium sp. Marseille-Q3630	2754725	S	4	0	4	0.0000336443
Corynebacterium halotolerans	225326	S	4	0	4	0.0000336443
Corynebacterium uterequi	1072256	S	4	0	4	0.0000336443
Corynebacterium marinum	349751	S	4	0	4	0.0000336443
Corynebacterium singulare	161899	S	4	0	4	0.0000336443
Corynebacterium ulcerans	65058	S	4	0	4	0.0000336443
Corynebacterium geronticis	2079234	S	4	0	4	0.0000336443
Corynebacterium amycolatum	43765	S	1	3	4	0.0000336443
Rhodococcus sp. ABRD24	2507582	S	4	0	4	0.0000336443
Rhodococcus triatomae	300028	S	3	1	4	0.0000336443
Rhodococcus biphenylivorans	1500843	S	1	3	4	0.0000336443
Streptomyces sp. HSG2	2797167	S	4	0	4	0.0000336443
Streptomyces sp. S063	2005885	S	4	0	4	0.0000336443
Streptomyces sp. RPA4-5	2721245	S	4	0	4	0.0000336443
Streptomyces sp. PBH53	1577075	S	4	0	4	0.0000336443
Streptomyces sp. WAC 01529	2203205	S	4	0	4	0.0000336443
Streptomyces sp. CCM_MD2014	1561022	S	3	1	4	0.0000336443
Streptomyces sp. SGAir0924	2109593	S	2	2	4	0.0000336443
Streptomyces sp. CA-256286	2801033	S	1	3	4	0.0000336443
Streptomyces sp. KPB2	2305221	S	1	3	4	0.0000336443
Streptomyces tuirus	68278	S	4	0	4	0.0000336443
Streptomyces parvulus	146923	S	4	0	4	0.0000336443
Streptomyces viridosporus	67581	S	4	0	4	0.0000336443
Streptomyces tirandamycinicus	2174846	S	4	0	4	0.0000336443
Streptomyces leeuwenhoekii	1437453	S	4	0	4	0.0000336443
Streptomyces nitrosporeus	28894	S	4	0	4	0.0000336443
Streptomyces atratus	1893	S	4	0	4	0.0000336443
Streptomyces katrae	68223	S	4	0	4	0.0000336443
Streptomyces rochei	1928	S	1	3	4	0.0000336443
Micromonospora viridifaciens	1881	S	4	0	4	0.0000336443
Plantactinospora sp. BB1	2071627	S	2	2	4	0.0000336443
Saccharomonospora viridis	1852	S	4	0	4	0.0000336443
Actinomyces viscosus	1656	S	4	0	4	0.0000336443
Actinomyces israelii	1659	S	4	0	4	0.0000336443
Actinomyces slackii	52774	S	4	0	4	0.0000336443
Schaalia meyeri	52773	S	4	0	4	0.0000336443
Arcanobacterium sp. JY-X040	2758440	S	4	0	4	0.0000336443
Actinotignum schaalii	59505	S	4	0	4	0.0000336443
Bifidobacterium angulatum	1683	S	4	0	4	0.0000336443
Bifidobacterium pseudolongum	1694	S	4	0	4	0.0000336443
Bifidobacterium choerinum	35760	S	4	0	4	0.0000336443
Bifidobacterium subtile	77635	S	4	0	4	0.0000336443
Actinopolyspora erythraea	414996	S	4	0	4	0.0000336443
Lancefieldella parvula	1382	S	4	0	4	0.0000336443
Denitrobacterium detoxificans	79604	S	4	0	4	0.0000336443
Bacillus cytotoxicus	580165	S	4	0	4	0.0000336443
Bacillus sp. HD4P25	2779776	S	4	0	4	0.0000336443
Bacillus sp. DSL-17	2567941	S	4	0	4	0.0000336443
Bacillus sp. X1(2014)	1565991	S	4	0	4	0.0000336443
Bacillus sp. MD-5	2009331	S	1	3	4	0.0000336443
Bacillus atrophaeus	1452	S	4	0	4	0.0000336443
Bacillus marisflavi	189381	S	4	0	4	0.0000336443
Priestia filamentosa	1402861	S	4	0	4	0.0000336443
Alkalihalobacillus lehensis	300825	S	4	0	4	0.0000336443
Mesobacillus jeotgali	129985	S	4	0	4	0.0000336443
Psychrobacillus sp. AK 1817	2303505	S	4	0	4	0.0000336443
Caldibacillus thermoamylovorans	35841	S	4	0	4	0.0000336443
Lederbergia lentus	1467	S	4	0	4	0.0000336443
Radiobacillus deserti	2594883	S	4	0	4	0.0000336443
Staphylococcus debuckii	2044912	S	4	0	4	0.0000336443
Staphylococcus carnosus	1281	S	4	0	4	0.0000336443
Staphylococcus kloosii	29384	S	4	0	4	0.0000336443
Staphylococcus saprophyticus	29385	S	4	0	4	0.0000336443
Mammaliicoccus vitulinus	71237	S	4	0	4	0.0000336443
[Micrococcus] candicans	946432	S	4	0	4	0.0000336443
Paenibacillus sp. E222	2748863	S	4	0	4	0.0000336443
Paenibacillus sp. FSL P4-0081	1536769	S	3	1	4	0.0000336443
Paenibacillus antarcticus	253703	S	4	0	4	0.0000336443
Paenibacillus chitinolyticus	79263	S	4	0	4	0.0000336443
Paenibacillus lautus	1401	S	3	1	4	0.0000336443
Sporosarcina sp. P37	1930546	S	1	3	4	0.0000336443
Sporosarcina pasteurii	1474	S	4	0	4	0.0000336443
Planomicrobium glaciei	459472	S	4	0	4	0.0000336443
Alicyclobacillus sp. TC	2606450	S	4	0	4	0.0000336443
Kyrpidia tusciae	33943	S	2	2	4	0.0000336443
Listeria weihenstephanensis	1006155	S	4	0	4	0.0000336443
Thermoactinomyces vulgaris	2026	S	4	0	4	0.0000336443
Streptococcus sp. oral taxon 061	712623	S	4	0	4	0.0000336443
Streptococcus sp. oral taxon 431	712633	S	4	0	4	0.0000336443
Streptococcus sp. oral taxon 064	712624	S	2	2	4	0.0000336443
Streptococcus pyogenes	1314	S	4	0	4	0.0000336443
Streptococcus acidominimus	1326	S	4	0	4	0.0000336443
Lactococcus sp. LG606	2816912	S	2	2	4	0.0000336443
Lactobacillus delbrueckii	1584	S	4	0	4	0.0000336443
Lactobacillus terrae	2269374	S	4	0	4	0.0000336443
Ligilactobacillus saerimneri	228229	S	4	0	4	0.0000336443
Weissella hellenica	46256	S	4	0	4	0.0000336443
Companilactobacillus crustorum	392416	S	4	0	4	0.0000336443
Companilactobacillus futsaii	938155	S	3	1	4	0.0000336443
Pediococcus pentosaceus	1255	S	4	0	4	0.0000336443
Pediococcus damnosus	51663	S	4	0	4	0.0000336443
Lentilactobacillus hilgardii	1588	S	4	0	4	0.0000336443
Lentilactobacillus curieae	1138822	S	4	0	4	0.0000336443
Lactiplantibacillus paraplantarum	60520	S	4	0	4	0.0000336443
Paucilactobacillus nenjiangensis	1296540	S	4	0	4	0.0000336443
Fructilactobacillus sanfranciscensis	1625	S	4	0	4	0.0000336443
Enterococcus sp. FDAARGOS_375	2060307	S	2	2	4	0.0000336443
Enterococcus mundtii	53346	S	4	0	4	0.0000336443
Jeotgalibaca arthritidis	1868794	S	2	2	4	0.0000336443
Jeotgalibaca sp. PTS2502	1903686	S	2	2	4	0.0000336443
Abiotrophia defectiva	46125	S	4	0	4	0.0000336443
Cellulosilyticum sp. WCF-2	2497860	S	3	1	4	0.0000336443
Clostridium thermarum	1716543	S	4	0	4	0.0000336443
Clostridium ljungdahlii	1538	S	1	3	4	0.0000336443
Hathewaya histolytica	1498	S	4	0	4	0.0000336443
Acetivibrio thermocellus	1515	S	4	0	4	0.0000336443
Oscillibacter valericigenes	351091	S	4	0	4	0.0000336443
Caproiciproducens sp. 7D4C2	2721621	S	4	0	4	0.0000336443
Mageeibacillus indolicus	884684	S	4	0	4	0.0000336443
Filifactor alocis	143361	S	4	0	4	0.0000336443
Mogibacterium diversum	114527	S	4	0	4	0.0000336443
Thermaerobacter marianensis	73919	S	4	0	4	0.0000336443
Desulfosporosinus meridiei	79209	S	4	0	4	0.0000336443
Dehalobacterium formicoaceticum	51515	S	4	0	4	0.0000336443
Thermincola potens	863643	S	4	0	4	0.0000336443
Eubacterium sp. NSJ-61	2764325	S	4	0	4	0.0000336443
Eubacterium limosum	1736	S	3	1	4	0.0000336443
Heliobacterium modesticaldum	35701	S	3	1	4	0.0000336443
Caldicellulosiruptor owensensis	55205	S	3	1	4	0.0000336443
Thermanaeromonas toyohensis	161154	S	4	0	4	0.0000336443
Thermodesulfobium narugense	184064	S	4	0	4	0.0000336443
Selenomonas sp. oral taxon 920	1884263	S	4	0	4	0.0000336443
Pectinatus frisingensis	865	S	4	0	4	0.0000336443
Megasphaera stantonii	2144175	S	4	0	4	0.0000336443
Dialister pneumosintes	39950	S	4	0	4	0.0000336443
Turicibacter sp. H121	1712675	S	4	0	4	0.0000336443
Anaerococcus mediterraneensis	1870984	S	4	0	4	0.0000336443
Tissierellia sp. JN-28	2507161	S	4	0	4	0.0000336443
Gudongella oleilytica	1582259	S	4	0	4	0.0000336443
Limnochorda pilosa	1555112	S	4	0	4	0.0000336443
Nostoc sp. 'Lobaria pulmonaria (5183) cyanobiont'	1618022	S	3	1	4	0.0000336443
Nostoc sp. NIES-2111	1973475	S	1	3	4	0.0000336443
Geitlerinema sp. PCC 7407	1173025	S	4	0	4	0.0000336443
Gloeocapsa sp. PCC 7428	1173026	S	4	0	4	0.0000336443
Synechococcus sp. MIT S9220	166309	S	4	0	4	0.0000336443
Synechococcus sp. PCC 7003	374981	S	4	0	4	0.0000336443
Synechococcus sp. WH 8109	166314	S	3	1	4	0.0000336443
Synechococcus sp. PCC 11901	2579791	S	1	3	4	0.0000336443
Cyanobium sp. NS01	261284	S	3	1	4	0.0000336443
Mycoplasma sp. Mirounga ES2806-NAS	754516	S	4	0	4	0.0000336443
Mycoplasma sp. Phocoena C-264-GEN	754517	S	4	0	4	0.0000336443
Mycoplasma hominis	2098	S	4	0	4	0.0000336443
Mycoplasma canadense	29554	S	4	0	4	0.0000336443
Mycoplasma bovigenitalium	2112	S	4	0	4	0.0000336443
Mycoplasma maculosum	114885	S	4	0	4	0.0000336443
Mycoplasma felis	33923	S	4	0	4	0.0000336443
Mesoplasma chauliocola	216427	S	4	0	4	0.0000336443
Entomoplasma somnilux	215578	S	4	0	4	0.0000336443
Acholeplasma brassicae	61635	S	4	0	4	0.0000336443
Deinococcus sp. NW-56	2080419	S	3	1	4	0.0000336443
Deinococcus gobiensis	502394	S	4	0	4	0.0000336443
Deinococcus maricopensis	309887	S	4	0	4	0.0000336443
Roseiflexus sp. RS-1	357808	S	4	0	4	0.0000336443
Anaerolinea sp. 'rifampicinis'	2710758	S	4	0	4	0.0000336443
Tepidiforma bonchosmolovskayae	2601677	S	4	0	4	0.0000336443
Capnocytophaga sputigena	1019	S	4	0	4	0.0000336443
Nonlabens sp. MB-3u-79	2058134	S	4	0	4	0.0000336443
Gramella salexigens	1913577	S	4	0	4	0.0000336443
Maribacter sp. T28	1836467	S	4	0	4	0.0000336443
Muricauda lutaonensis	516051	S	4	0	4	0.0000336443
Flagellimonas maritima	1383885	S	4	0	4	0.0000336443
Altibacter sp. ALE3EI	2562285	S	4	0	4	0.0000336443
Bacteroides sp. HF-5141	2650158	S	4	0	4	0.0000336443
Prevotella fusca	589436	S	4	0	4	0.0000336443
Alloprevotella sp. E39	2133944	S	4	0	4	0.0000336443
Muribaculum intestinale	1796646	S	4	0	4	0.0000336443
Dysgonomonas sp. HDW5B	2714927	S	2	2	4	0.0000336443
Barnesiella viscericola	397865	S	4	0	4	0.0000336443
Hymenobacter sp. DG25A	1385663	S	4	0	4	0.0000336443
Arachidicoccus sp. BS20	1850526	S	4	0	4	0.0000336443
Chlorobaculum tepidum	1097	S	4	0	4	0.0000336443
Prosthecochloris sp. CIB 2401	1868325	S	4	0	4	0.0000336443
Thalassoglobus polymorphus	2527994	S	4	0	4	0.0000336443
Methylacidiphilum infernorum	511746	S	2	2	4	0.0000336443
Chlamydia caviae	83557	S	4	0	4	0.0000336443
Candidatus Vampirococcus archaeovorus	1930593	S	4	0	4	0.0000336443
Treponema parvum	138851	S	4	0	4	0.0000336443
Treponema ruminis	744515	S	4	0	4	0.0000336443
Oceanispirochaeta crateris	2518645	S	4	0	4	0.0000336443
Borreliella garinii	29519	S	4	0	4	0.0000336443
Borreliella bissettiae	64897	S	4	0	4	0.0000336443
Leptospira santarosai	28183	S	4	0	4	0.0000336443
Brachyspira murdochii	84378	S	4	0	4	0.0000336443
Leptotrichia hofstadii	157688	S	4	0	4	0.0000336443
Thermosipho africanus	2421	S	3	1	4	0.0000336443
Thermosipho melanesiensis	46541	S	3	1	4	0.0000336443
Marinitoga piezophila	149715	S	1	3	4	0.0000336443
Candidatus Bipolaricaulis anaerobius	2026885	S	4	0	4	0.0000336443
Aminobacterium colombiense	81468	S	4	0	4	0.0000336443
Jonquetella anthropi	428712	S	4	0	4	0.0000336443
Dictyoglomus thermophilum	14	S	4	0	4	0.0000336443
Abyssogena phaseoliformis symbiont	596095	S	4	0	4	0.0000336443
Desulfurispirillum indicum	936456	S	4	0	4	0.0000336443
Halorubrum sp. PV6	634157	S	4	0	4	0.0000336443
Halosimplex pelagicum	869886	S	4	0	4	0.0000336443
Halorhabdus tiamatea	430914	S	4	0	4	0.0000336443
Halarchaeum sp. CBA1220	1853682	S	4	0	4	0.0000336443
Halorussus sp. RC-68	2505977	S	4	0	4	0.0000336443
Halopiger xanaduensis	387343	S	4	0	4	0.0000336443
Salinarchaeum sp. Harcht-Bsk1	1333523	S	4	0	4	0.0000336443
Methanoregula boonei	358766	S	4	0	4	0.0000336443
Methanococcus aeolicus	42879	S	4	0	4	0.0000336443
Methanothermococcus okinawensis	155863	S	4	0	4	0.0000336443
Thermococcus paralvinellae	582419	S	4	0	4	0.0000336443
Archaeoglobus profundus	84156	S	4	0	4	0.0000336443
Candidatus Nitrosotenuis cloacae	1603555	S	4	0	4	0.0000336443
Sulfolobus islandicus	43080	S	4	0	4	0.0000336443
Pyrobaculum calidifontis	181486	S	4	0	4	0.0000336443
Ferroplasma acidarmanus	97393	S	1	3	4	0.0000336443
Mycobacterium phage Larenn	1560285	S	1	3	4	0.0000336443
Pseudomonas virus PaBG	2734089	S	4	0	4	0.0000336443
Clostridium virus phiCD27	559189	S	2	2	4	0.0000336443
Burkholderia virus KL4	2734160	S	2	2	4	0.0000336443
Polaromonas sp. H6N	1840293	S	3	0	3	0.0000252332
Burkholderia sp. MS389	2811789	S	2	1	3	0.0000252332
Burkholderia sp. BDU6	1385591	S	3	0	3	0.0000252332
Burkholderia sp. MSMB0266	1637837	S	2	1	3	0.0000252332
Bordetella genomosp. 6	463024	S	2	1	3	0.0000252332
Alcaligenes sp. SORT26	2813780	S	3	0	3	0.0000252332
Taylorella equigenitalis	29575	S	2	1	3	0.0000252332
Paenalcaligenes hominis	643674	S	3	0	3	0.0000252332
Turicimonas muris	1796652	S	3	0	3	0.0000252332
Neisseria sp. 10022	1853276	S	3	0	3	0.0000252332
Neisseria sp. ZJ785	2709396	S	3	0	3	0.0000252332
Neisseria musculi	1815583	S	3	0	3	0.0000252332
Neisseria zoodegmatis	326523	S	3	0	3	0.0000252332
Neisseria bacilliformis	267212	S	3	0	3	0.0000252332
Neisseria canis	493	S	3	0	3	0.0000252332
Neisseria mucosa	488	S	2	1	3	0.0000252332
Eikenella exigua	2528037	S	2	1	3	0.0000252332
Nitrosomonas communis	44574	S	3	0	3	0.0000252332
Pseudomonas sp. R2-7-07	658641	S	2	1	3	0.0000252332
Pseudomonas sp. R2A2	2213057	S	2	1	3	0.0000252332
Pseudomonas sp. LPH1	1898684	S	2	1	3	0.0000252332
Pseudomonas sp. MRSN12121	1611770	S	2	1	3	0.0000252332
Pseudomonas pelagia	553151	S	3	0	3	0.0000252332
Pseudomonas alcaliphila	101564	S	2	1	3	0.0000252332
Acinetobacter chinensis	2004650	S	2	1	3	0.0000252332
Moraxella catarrhalis	480	S	3	0	3	0.0000252332
Moraxella cuniculi	34061	S	3	0	3	0.0000252332
Stenotrophomonas sp. SAU14A_NAIMI4_5	2072413	S	3	0	3	0.0000252332
Stenotrophomonas sp. ZAC14A_NAIMI4_1	2072412	S	2	1	3	0.0000252332
Stenotrophomonas sp. YAU14A_MKIMI4_1	2072408	S	1	2	3	0.0000252332
Xanthomonas sp. GW	2724121	S	3	0	3	0.0000252332
Luteimonas granuli	1176533	S	3	0	3	0.0000252332
Enterobacter sp. E76	2596949	S	2	1	3	0.0000252332
Enterobacter sp. RHBSTW-00975	2742673	S	1	2	3	0.0000252332
Enterobacter soli	885040	S	3	0	3	0.0000252332
Blochmannia endosymbiont of Camponotus nipponensis	2681986	S	3	0	3	0.0000252332
Blochmannia endosymbiont of Colobopsis nipponica	2681987	S	3	0	3	0.0000252332
Candidatus Purcelliella pentastirinorum	472834	S	3	0	3	0.0000252332
Cronobacter condimenti	1163710	S	3	0	3	0.0000252332
Cronobacter sakazakii	28141	S	2	1	3	0.0000252332
Cedecea sp. FDAARGOS_727	2545798	S	3	0	3	0.0000252332
Pseudescherichia vulneris	566	S	3	0	3	0.0000252332
Jejubacter calystegiae	2579935	S	3	0	3	0.0000252332
Shigella flexneri	623	S	1	2	3	0.0000252332
Pantoea sp. 201603H	2479547	S	3	0	3	0.0000252332
Pantoea sp. CCBC3-3-1	2490851	S	3	0	3	0.0000252332
Mixta intestinalis	1615494	S	3	0	3	0.0000252332
Serratia sp. 3ACOL1	2448483	S	2	1	3	0.0000252332
Serratia sp. 1D1416	2447890	S	1	2	3	0.0000252332
Serratia ficaria	61651	S	1	2	3	0.0000252332
Yersinia entomophaga	935293	S	3	0	3	0.0000252332
Yersinia intermedia	631	S	1	2	3	0.0000252332
Rahnella aceris	2703885	S	2	1	3	0.0000252332
Proteus hauseri	183417	S	3	0	3	0.0000252332
Proteus sp. ZN5	2697019	S	2	1	3	0.0000252332
Providencia heimbachae	333962	S	3	0	3	0.0000252332
Candidatus Arsenophonus lipoptenae	634113	S	3	0	3	0.0000252332
Photorhabdus thracensis	230089	S	3	0	3	0.0000252332
Pectobacterium atrosepticum	29471	S	3	0	3	0.0000252332
Shewanella sp. YLB-06	2593655	S	3	0	3	0.0000252332
Shewanella sp. SNU WT4	2590015	S	3	0	3	0.0000252332
Shewanella sp. LZH-2	2806008	S	1	2	3	0.0000252332
Shewanella halifaxensis	271098	S	3	0	3	0.0000252332
Shewanella japonica	93973	S	1	2	3	0.0000252332
Marinobacter sp. Arc7-DN-1	2304594	S	3	0	3	0.0000252332
Alteromonas sp. BL110	1714845	S	1	2	3	0.0000252332
Salinimonas sp. KX18D6	2572577	S	3	0	3	0.0000252332
Salinimonas sp. G2-b	2785918	S	3	0	3	0.0000252332
Paraglaciecola sp. L3A3	2686358	S	3	0	3	0.0000252332
Lacimicrobium alkaliphilum	1526571	S	3	0	3	0.0000252332
Pseudoalteromonas phenolica	161398	S	3	0	3	0.0000252332
Pseudoalteromonas shioyasakiensis	1190813	S	3	0	3	0.0000252332
Pseudoalteromonas viridis	339617	S	3	0	3	0.0000252332
Pseudoalteromonas prydzensis	182141	S	3	0	3	0.0000252332
Pseudoalteromonas undina	43660	S	2	1	3	0.0000252332
Psychrosphaera sp. MTZ26	2820710	S	3	0	3	0.0000252332
Colwellia beringensis	1967665	S	2	1	3	0.0000252332
Moritella yayanosii	69539	S	3	0	3	0.0000252332
Halomonas sp. SH5A2	2749040	S	3	0	3	0.0000252332
Halomonas sp. PGE1	2730360	S	3	0	3	0.0000252332
Halomonas sp. Y2R2	2562282	S	3	0	3	0.0000252332
Halomonas sp. N3-2A	2014541	S	2	1	3	0.0000252332
Halomonas sp. HL-93	1666906	S	2	1	3	0.0000252332
Halomonas venusta	44935	S	2	1	3	0.0000252332
Neptunomonas phycophila	1572645	S	3	0	3	0.0000252332
Alcanivorax pacificus	1306787	S	3	0	3	0.0000252332
Hahella chejuensis	158327	S	3	0	3	0.0000252332
Alkalilimnicola ehrlichii	351052	S	3	0	3	0.0000252332
Vibrio rotiferianus	190895	S	3	0	3	0.0000252332
Vibrio panuliri	1381081	S	3	0	3	0.0000252332
Vibrio crassostreae	246167	S	3	0	3	0.0000252332
Vibrio metoecus	1481663	S	3	0	3	0.0000252332
Salinivibrio costicola	51367	S	2	1	3	0.0000252332
Aeromonas sp. ASNIH4	1636609	S	1	2	3	0.0000252332
Oceanisphaera avium	1903694	S	3	0	3	0.0000252332
Microbulbifer sp. YPW1	2745199	S	3	0	3	0.0000252332
Microbulbifer agarilyticus	260552	S	3	0	3	0.0000252332
Halioglobus japonicus	930805	S	3	0	3	0.0000252332
Actinobacillus pleuropneumoniae	715	S	2	1	3	0.0000252332
Mannheimia varigena	85404	S	3	0	3	0.0000252332
Glaesserella sp. 15-184	2030797	S	3	0	3	0.0000252332
Rodentibacter heylii	1906744	S	3	0	3	0.0000252332
Otariodibacter oris	1032623	S	3	0	3	0.0000252332
Vespertiliibacter pulmonis	1443036	S	3	0	3	0.0000252332
Francisella persica	954	S	3	0	3	0.0000252332
Francisella philomiragia	28110	S	3	0	3	0.0000252332
Thiomicrorhabdus sediminis	2580412	S	3	0	3	0.0000252332
Thiomicrospira cyclica	147268	S	3	0	3	0.0000252332
Thiomicrospira sp. S5	1803865	S	2	1	3	0.0000252332
Bathymodiolus thermophilus thioautotrophic gill symbiont	2360	S	3	0	3	0.0000252332
Candidatus Ruthia magnifica	386487	S	3	0	3	0.0000252332
Sedimenticola thiotaurini	1543721	S	3	0	3	0.0000252332
Candidatus Reidiella endopervernicosa	2738883	S	3	0	3	0.0000252332
Candidatus Azoamicus ciliaticola	2652803	S	3	0	3	0.0000252332
Rhizobium sp. TCK	136098	S	1	2	3	0.0000252332
Rhizobium gallicum	56730	S	3	0	3	0.0000252332
Rhizobium binae	1138190	S	3	0	3	0.0000252332
Ensifer alkalisoli	1752398	S	3	0	3	0.0000252332
Candidatus Liberibacter asiaticus	34021	S	3	0	3	0.0000252332
Mesorhizobium sp. M9A.F.Ca.ET.002.03.1.2	2493668	S	3	0	3	0.0000252332
Mesorhizobium sp. AA22	1854057	S	2	1	3	0.0000252332
Maritalea myrionectae	454601	S	3	0	3	0.0000252332
Bartonella sp. 1-1C	515256	S	1	2	3	0.0000252332
Bartonella clarridgeiae	56426	S	3	0	3	0.0000252332
Bartonella apis	1686310	S	3	0	3	0.0000252332
Brucella sp. 6810	2769351	S	2	1	3	0.0000252332
Brucella pituitosa	571256	S	3	0	3	0.0000252332
Sphingopyxis sp. LPB0140	1913578	S	3	0	3	0.0000252332
Roseovarius sp. THAF8	2587846	S	2	1	3	0.0000252332
Leisingera sp. NJS204	2508307	S	2	1	3	0.0000252332
Marivivens sp. JLT3646	1920883	S	3	0	3	0.0000252332
Thalassospira xiamenensis	220697	S	2	1	3	0.0000252332
Acetobacter oryzoeni	2500548	S	2	1	3	0.0000252332
Wolbachia endosymbiont of Dirofilaria (Dirofilaria) immitis	1812115	S	3	0	3	0.0000252332
Wolbachia endosymbiont of Cimex lectularius	246273	S	3	0	3	0.0000252332
Rickettsia amblyommatis	33989	S	2	1	3	0.0000252332
Rickettsia sp. Tillamook 23	2761623	S	2	1	3	0.0000252332
Candidatus Phycorickettsia trachydisci	2115978	S	3	0	3	0.0000252332
Candidatus Puniceispirillum marinum	767892	S	3	0	3	0.0000252332
Candidatus Pelagibacter sp. RS39	1977864	S	3	0	3	0.0000252332
Glycocaulis alkaliphilus	1434191	S	3	0	3	0.0000252332
Candidatus Nesciobacter abundans	2601668	S	3	0	3	0.0000252332
Arcobacter nitrofigilis	28199	S	3	0	3	0.0000252332
Campylobacter sp. CCUG 57310	2517362	S	3	0	3	0.0000252332
Campylobacter sp. RM12175	1660076	S	2	1	3	0.0000252332
Campylobacter peloridis	488546	S	3	0	3	0.0000252332
Campylobacter armoricus	2505970	S	3	0	3	0.0000252332
Campylobacter pinnipediorum	1965231	S	3	0	3	0.0000252332
Campylobacter insulaenigrae	260714	S	3	0	3	0.0000252332
Campylobacter rectus	203	S	3	0	3	0.0000252332
Campylobacter showae	204	S	3	0	3	0.0000252332
Campylobacter ureolyticus	827	S	3	0	3	0.0000252332
Sulfurospirillum multivorans	66821	S	3	0	3	0.0000252332
Helicobacter cetorum	138563	S	3	0	3	0.0000252332
Helicobacter canadensis	123841	S	3	0	3	0.0000252332
Helicobacter cholecystus	45498	S	3	0	3	0.0000252332
Sulfurimonas autotrophica	202747	S	3	0	3	0.0000252332
Hydrogenimonas urashimensis	2740515	S	3	0	3	0.0000252332
Caminibacter mediatlanticus	291048	S	3	0	3	0.0000252332
Desulfovibrio sp. IOR2	2583823	S	3	0	3	0.0000252332
Desulfovibrio fairfieldensis	44742	S	3	0	3	0.0000252332
Desulfovibrio alaskensis	58180	S	2	1	3	0.0000252332
Maridesulfovibrio hydrothermalis	191026	S	3	0	3	0.0000252332
Geobacter sp. DSM 9736	1277350	S	3	0	3	0.0000252332
Geobacter uraniireducens	351604	S	3	0	3	0.0000252332
Acidithiobacillus ferrooxidans	920	S	2	1	3	0.0000252332
Cryobacterium sp.	1926290	S	3	0	3	0.0000252332
Kocuria sp. TGY1120_3	2711329	S	2	1	3	0.0000252332
Arthrobacter sp. UKPF54-2	2600159	S	3	0	3	0.0000252332
Arthrobacter sp. KBS0702	2578107	S	3	0	3	0.0000252332
Micrococcus sp. A7	376418	S	1	2	3	0.0000252332
Glutamicibacter mishrai	1775880	S	3	0	3	0.0000252332
Zhihengliuella sp. ISTPL4	2058657	S	2	1	3	0.0000252332
Brevibacterium sp. PAMC23299	2762330	S	1	2	3	0.0000252332
Devriesea agamarum	472569	S	3	0	3	0.0000252332
Cellulosimicrobium sp. TH-20	1980001	S	1	2	3	0.0000252332
Mobilicoccus sp. NJES-13	2716227	S	3	0	3	0.0000252332
Jonesia denitrificans	43674	S	3	0	3	0.0000252332
Propionibacterium australiense	119981	S	3	0	3	0.0000252332
Tessaracoccus timonensis	2161816	S	3	0	3	0.0000252332
Tessaracoccus sp. MC1865	2760310	S	3	0	3	0.0000252332
Nocardioides baekrokdamisoli	1804624	S	3	0	3	0.0000252332
Mycobacterium conspicuum	44010	S	3	0	3	0.0000252332
Corynebacterium yudongzhengii	2080740	S	3	0	3	0.0000252332
Corynebacterium phocae	161895	S	3	0	3	0.0000252332
Corynebacterium pelargi	1471400	S	3	0	3	0.0000252332
Corynebacterium mustelae	571915	S	3	0	3	0.0000252332
Corynebacterium atypicum	191610	S	3	0	3	0.0000252332
Corynebacterium sphenisci	191493	S	3	0	3	0.0000252332
Corynebacterium vitaeruminis	38305	S	3	0	3	0.0000252332
Corynebacterium bovis	36808	S	3	0	3	0.0000252332
Corynebacterium cystitidis	35757	S	3	0	3	0.0000252332
Corynebacterium flavescens	28028	S	3	0	3	0.0000252332
Rhodococcus sp. R79	2811421	S	3	0	3	0.0000252332
Rhodococcus sp. WB9	2594007	S	2	1	3	0.0000252332
Rhodococcus sp. BH4	1807790	S	1	2	3	0.0000252332
Gordonia sp. JH63	2698900	S	2	1	3	0.0000252332
Gordonia ajococcus	1292359	S	1	2	3	0.0000252332
Streptomyces sp. Tue 6075	1661694	S	3	0	3	0.0000252332
Streptomyces sp. W1SF4	2305220	S	3	0	3	0.0000252332
Streptomyces sp. Tu 2975	2676871	S	3	0	3	0.0000252332
Streptomyces sp. S8	1837283	S	3	0	3	0.0000252332
Streptomyces sp. 3211	1964449	S	2	1	3	0.0000252332
Streptomyces sp. GF20	2692235	S	1	2	3	0.0000252332
Streptomyces sp. 604F	1476754	S	1	2	3	0.0000252332
Streptomyces violaceusniger	68280	S	3	0	3	0.0000252332
Streptomyces dengpaensis	2049881	S	3	0	3	0.0000252332
Streptomyces ficellus	1977088	S	3	0	3	0.0000252332
Streptomyces platensis	58346	S	3	0	3	0.0000252332
Streptomyces nojiriensis	66374	S	3	0	3	0.0000252332
Streptomyces aureoverticillatus	66871	S	3	0	3	0.0000252332
Streptomyces tendae	1932	S	3	0	3	0.0000252332
Streptomyces cyaneogriseus	68192	S	3	0	3	0.0000252332
Streptomyces rubrolavendulae	285473	S	1	2	3	0.0000252332
Streptomyces alfalfae	1642299	S	1	2	3	0.0000252332
Streptomyces violaceoruber	1935	S	1	2	3	0.0000252332
Micromonospora echinospora	1877	S	3	0	3	0.0000252332
Micromonospora maris	1003110	S	3	0	3	0.0000252332
Actinomyces sp. zg-993	2763540	S	3	0	3	0.0000252332
Actinomyces wuliandei	2057743	S	3	0	3	0.0000252332
Actinomyces lilanjuaniae	2321394	S	3	0	3	0.0000252332
Actinomyces procaprae	2560010	S	3	0	3	0.0000252332
Schaalia cardiffensis	181487	S	3	0	3	0.0000252332
Arcanobacterium haemolyticum	28264	S	3	0	3	0.0000252332
Actinobaculum sp. 313	2495645	S	3	0	3	0.0000252332
Candidatus Frankia datiscae	2716812	S	3	0	3	0.0000252332
Acidothermus cellulolyticus	28049	S	3	0	3	0.0000252332
Coriobacterium glomerans	33871	S	3	0	3	0.0000252332
Olsenella sp. oral taxon 807	712411	S	3	0	3	0.0000252332
Bacillus mobilis	2026190	S	2	1	3	0.0000252332
Bacillus sp. N3536	2666127	S	3	0	3	0.0000252332
Bacillus sp. ms-22	2683680	S	3	0	3	0.0000252332
Bacillus sp. NSP9.1	1071078	S	3	0	3	0.0000252332
Bacillus sp. TK-2	2801342	S	2	1	3	0.0000252332
Bacillus mojavensis	72360	S	3	0	3	0.0000252332
Bacillus vietnamensis	218284	S	3	0	3	0.0000252332
Bacillus infantis	324767	S	3	0	3	0.0000252332
Bacillus cohnii	33932	S	3	0	3	0.0000252332
Bacillus smithii	1479	S	3	0	3	0.0000252332
Lysinibacillus varians	1145276	S	1	2	3	0.0000252332
Virgibacillus phasianinus	2017483	S	3	0	3	0.0000252332
Geobacillus sp. 44B	1963023	S	3	0	3	0.0000252332
Geobacillus sp. WCH70	471223	S	2	1	3	0.0000252332
Halobacillus litoralis	45668	S	3	0	3	0.0000252332
Alkalihalobacillus pseudofirmus	79885	S	3	0	3	0.0000252332
Alkalihalobacillus krulwichiae	199441	S	3	0	3	0.0000252332
Anoxybacillus caldiproteolyticus	247480	S	3	0	3	0.0000252332
Anoxybacillus kamchatkensis	196180	S	1	2	3	0.0000252332
Fictibacillus arsenicus	255247	S	3	0	3	0.0000252332
Pontibacillus sp. ALD_SL1	2777185	S	3	0	3	0.0000252332
Amphibacillus xylanus	1449	S	3	0	3	0.0000252332
Staphylococcus schleiferi	1295	S	3	0	3	0.0000252332
Staphylococcus lloydii	2781774	S	3	0	3	0.0000252332
Staphylococcus hyicus	1284	S	3	0	3	0.0000252332
Staphylococcus sp. SB1-57	2813777	S	1	2	3	0.0000252332
Staphylococcus condimenti	70255	S	3	0	3	0.0000252332
Staphylococcus succinus	61015	S	3	0	3	0.0000252332
Macrococcus canis	1855823	S	3	0	3	0.0000252332
Paenibacillus sp. URB8-2	2741301	S	3	0	3	0.0000252332
Paenibacillus sp. DCT19	2211212	S	3	0	3	0.0000252332
Paenibacillus sp. HB172198	2565926	S	3	0	3	0.0000252332
Paenibacillus sp. RUD330	2023772	S	3	0	3	0.0000252332
Paenibacillus sp. 37	2607911	S	3	0	3	0.0000252332
Paenibacillus sp. FSL R7-0331	1536773	S	3	0	3	0.0000252332
Paenibacillus sp. FSL R5-0345	1536770	S	3	0	3	0.0000252332
Paenibacillus sp. JNUCC-31	2777983	S	3	0	3	0.0000252332
Paenibacillus graminis	189425	S	3	0	3	0.0000252332
Paenibacillus physcomitrellae	1619311	S	3	0	3	0.0000252332
Paenibacillus thiaminolyticus	49283	S	3	0	3	0.0000252332
Paenibacillus beijingensis	1126833	S	3	0	3	0.0000252332
Paenibacillus terrae	159743	S	3	0	3	0.0000252332
Paenibacillus borealis	160799	S	3	0	3	0.0000252332
Paenibacillus stellifer	169760	S	3	0	3	0.0000252332
Brevibacillus choshinensis	54911	S	3	0	3	0.0000252332
Cohnella sp. MFER-1	2728023	S	3	0	3	0.0000252332
Cohnella abietis	2507935	S	3	0	3	0.0000252332
Planococcus maritimus	192421	S	3	0	3	0.0000252332
Planococcus kocurii	1374	S	1	2	3	0.0000252332
Planococcus faecalis	1598147	S	1	2	3	0.0000252332
Sporosarcina sp. PTS2304	2283194	S	3	0	3	0.0000252332
Ureibacillus thermosphaericus	51173	S	3	0	3	0.0000252332
Kurthia sp. 11kri321	1750719	S	3	0	3	0.0000252332
Alicyclobacillus ferrooxydans	471514	S	3	0	3	0.0000252332
Gemella sanguinis	84135	S	3	0	3	0.0000252332
Exiguobacterium sp. ZWU0009	1224749	S	2	1	3	0.0000252332
Kroppenstedtia eburnea	714067	S	3	0	3	0.0000252332
Staphylospora marina	2490858	S	3	0	3	0.0000252332
Sporolactobacillus terrae	269673	S	3	0	3	0.0000252332
Streptococcus sp. KS 6	2598457	S	2	1	3	0.0000252332
Streptococcus sp. HSISS3	1316412	S	1	2	3	0.0000252332
Streptococcus equi	1336	S	3	0	3	0.0000252332
Streptococcus anginosus	1328	S	2	1	3	0.0000252332
Streptococcus pantholopis	1811193	S	3	0	3	0.0000252332
Streptococcus urinalis	149016	S	3	0	3	0.0000252332
Streptococcus iniae	1346	S	3	0	3	0.0000252332
Streptococcus canis	1329	S	3	0	3	0.0000252332
Streptococcus australis	113107	S	2	1	3	0.0000252332
Lactococcus sp. KACC 19320	2592653	S	3	0	3	0.0000252332
Lactobacillus sp. 3B(2020)	2695882	S	2	1	3	0.0000252332
Lactobacillus acidophilus	1579	S	3	0	3	0.0000252332
Lactobacillus paragasseri	2107999	S	1	2	3	0.0000252332
Ligilactobacillus animalis	1605	S	3	0	3	0.0000252332
Weissella cryptocerci	2506420	S	3	0	3	0.0000252332
Limosilactobacillus pontis	35787	S	3	0	3	0.0000252332
Limosilactobacillus gastricus	227942	S	3	0	3	0.0000252332
Leuconostoc citreum	33964	S	2	1	3	0.0000252332
Companilactobacillus alimentarius	1602	S	3	0	3	0.0000252332
Companilactobacillus paralimentarius	83526	S	3	0	3	0.0000252332
Lacticaseibacillus casei	1582	S	3	0	3	0.0000252332
Levilactobacillus suantsaii	2292255	S	3	0	3	0.0000252332
Liquorilactobacillus hordei	468911	S	3	0	3	0.0000252332
Loigolactobacillus bifermentans	1607	S	3	0	3	0.0000252332
Fructilactobacillus fructivorans	1614	S	3	0	3	0.0000252332
Apilactobacillus bombintestini	2419772	S	3	0	3	0.0000252332
Secundilactobacillus malefermentans	176292	S	3	0	3	0.0000252332
Enterococcus avium	33945	S	3	0	3	0.0000252332
Enterococcus durans	53345	S	3	0	3	0.0000252332
Enterococcus lactis	357441	S	1	2	3	0.0000252332
Vagococcus carniphilus	218144	S	3	0	3	0.0000252332
Vagococcus zengguangii	2571750	S	3	0	3	0.0000252332
Vagococcus hydrophili	2714947	S	3	0	3	0.0000252332
Carnobacterium sp. CS13	2800128	S	1	2	3	0.0000252332
Suicoccus acidiformans	2036206	S	3	0	3	0.0000252332
Anaerostipes caccae	105841	S	3	0	3	0.0000252332
Butyrivibrio proteoclasticus	43305	S	3	0	3	0.0000252332
Clostridium fermenticellae	2068654	S	3	0	3	0.0000252332
Acetivibrio clariflavus	288965	S	3	0	3	0.0000252332
Peptoclostridium acidaminophilum	1731	S	3	0	3	0.0000252332
Peptacetobacter hiranonis	89152	S	3	0	3	0.0000252332
Aminipila sp. JN-18	2507160	S	3	0	3	0.0000252332
Desulfosporosinus orientis	1563	S	3	0	3	0.0000252332
Syntrophobotulus glycolicus	51197	S	3	0	3	0.0000252332
Caldicellulosiruptor changbaiensis	1222016	S	2	1	3	0.0000252332
Caldanaerobacter subterraneus	911092	S	3	0	3	0.0000252332
Mahella australiensis	252966	S	3	0	3	0.0000252332
Selenomonas ruminantium	971	S	3	0	3	0.0000252332
Sporomusa termitida	2377	S	3	0	3	0.0000252332
Dialister massiliensis	2161821	S	3	0	3	0.0000252332
Acidaminococcus intestini	187327	S	3	0	3	0.0000252332
Erysipelothrix piscisicarius	2485784	S	2	1	3	0.0000252332
Faecalibaculum rodentium	1702221	S	3	0	3	0.0000252332
Intestinibaculum porci	2487118	S	3	0	3	0.0000252332
Nostoc sp. UHCC 0702	2814655	S	3	0	3	0.0000252332
Nostoc sp. ATCC 53789	76335	S	1	2	3	0.0000252332
Euhalothece natronophila	577489	S	3	0	3	0.0000252332
Synechococcus sp. RS9909	221352	S	3	0	3	0.0000252332
Synechococcus sp. WH 8101	59932	S	3	0	3	0.0000252332
Synechococcus sp. CB0101	232348	S	3	0	3	0.0000252332
Synechococcus sp. WH 8020	32052	S	3	0	3	0.0000252332
Thermosynechococcus sp. TA-1	2813673	S	1	2	3	0.0000252332
Pseudanabaena sp. PCC 7367	82654	S	3	0	3	0.0000252332
Mycoplasma sp. Pen4	640330	S	3	0	3	0.0000252332
Mycoplasma hyosynoviae	29559	S	3	0	3	0.0000252332
Mycoplasma haemofelis	29501	S	3	0	3	0.0000252332
Mycoplasma crocodyli	50052	S	3	0	3	0.0000252332
Mycoplasma phocicerebrale	142649	S	3	0	3	0.0000252332
Mycoplasma glycophilum	171285	S	3	0	3	0.0000252332
Mycoplasma cynos	171284	S	3	0	3	0.0000252332
Mycoplasma citelli	171281	S	3	0	3	0.0000252332
Mycoplasma columbinasale	114880	S	3	0	3	0.0000252332
Mycoplasma canis	29555	S	3	0	3	0.0000252332
Mycoplasma bovirhinis	29553	S	3	0	3	0.0000252332
Ureaplasma urealyticum	2130	S	3	0	3	0.0000252332
Spiroplasma monobiae	2136	S	3	0	3	0.0000252332
Spiroplasma turonicum	216946	S	3	0	3	0.0000252332
Spiroplasma syrphidicola	216945	S	3	0	3	0.0000252332
Spiroplasma apis	2137	S	3	0	3	0.0000252332
Spiroplasma clarkii	2139	S	3	0	3	0.0000252332
Mesoplasma lactucae	138853	S	3	0	3	0.0000252332
Candidatus Phytoplasma australiense	59748	S	3	0	3	0.0000252332
Candidatus Izimaplasma sp. HR1	1541959	S	3	0	3	0.0000252332
Oceanithermus profundus	187137	S	3	0	3	0.0000252332
Deinococcus proteolyticus	55148	S	3	0	3	0.0000252332
Pelolinea submarina	913107	S	3	0	3	0.0000252332
Thermomicrobium roseum	500	S	3	0	3	0.0000252332
Thermobaculum terrenum	166501	S	3	0	3	0.0000252332
Capnocytophaga sp. oral taxon 878	1316596	S	3	0	3	0.0000252332
Capnocytophaga sp. H2931	1945657	S	1	2	3	0.0000252332
Capnocytophaga sp. H4358	1945658	S	1	2	3	0.0000252332
Nonlabens sp. Hel1_33_55	1336802	S	3	0	3	0.0000252332
Nonlabens sp. SY33080	2719911	S	2	1	3	0.0000252332
Myroides sp. ZB35	1458492	S	1	2	3	0.0000252332
Myroides sp. A21	1583100	S	1	2	3	0.0000252332
Tamlana carrageenivorans	2069432	S	3	0	3	0.0000252332
Robiginitalea biformata	252307	S	3	0	3	0.0000252332
Elizabethkingia ursingii	1756150	S	3	0	3	0.0000252332
Blattabacterium sp. DPU	2715232	S	3	0	3	0.0000252332
Blattabacterium clevelandi	164516	S	3	0	3	0.0000252332
Prevotella enoeca	76123	S	3	0	3	0.0000252332
Cardinium endosymbiont of Encarsia pergandiella	249402	S	3	0	3	0.0000252332
Candidatus Cardinium hertigii	247481	S	3	0	3	0.0000252332
Sphingobacterium sp. G1-14	2003121	S	1	2	3	0.0000252332
Thermogutta terrifontis	1331910	S	3	0	3	0.0000252332
Gimesia fumaroli	2527976	S	3	0	3	0.0000252332
Isosphaera pallida	128	S	3	0	3	0.0000252332
Sedimentisphaera salicampi	1941349	S	3	0	3	0.0000252332
Methylacidimicrobium sp. AP8	2730359	S	2	1	3	0.0000252332
Chlamydia sp. 2742-308	1806891	S	3	0	3	0.0000252332
Chlamydia felis	83556	S	3	0	3	0.0000252332
Chlamydia muridarum	83560	S	3	0	3	0.0000252332
Simkania negevensis	83561	S	3	0	3	0.0000252332
Treponema sp. RCC2812	2787628	S	3	0	3	0.0000252332
Treponema medium	58231	S	3	0	3	0.0000252332
Treponema primitia	88058	S	3	0	3	0.0000252332
Spirochaeta africana	46355	S	3	0	3	0.0000252332
Salinispira pacifica	1307761	S	3	0	3	0.0000252332
Borrelia maritima	2761123	S	3	0	3	0.0000252332
Leptospira kmetyi	408139	S	3	0	3	0.0000252332
Leptospira tipperaryensis	2564040	S	3	0	3	0.0000252332
Granulicella sp. WH15	2602070	S	3	0	3	0.0000252332
Fusobacterium gonidiaformans	849	S	3	0	3	0.0000252332
Fusobacterium sp. NSJ-57	2764326	S	3	0	3	0.0000252332
Leptotrichia sp. oral taxon 847	1785996	S	3	0	3	0.0000252332
Thermosipho sp. FR-w03	2814656	S	3	0	3	0.0000252332
Fervidobacterium nodosum	2424	S	3	0	3	0.0000252332
Pseudothermotoga hypogea	57487	S	3	0	3	0.0000252332
Defluviitoga tunisiensis	1006576	S	2	1	3	0.0000252332
Athalassotoga saccharophila	1441386	S	3	0	3	0.0000252332
Nitrospira sp. KM1	1936990	S	3	0	3	0.0000252332
Denitrovibrio acetiphilus	118000	S	3	0	3	0.0000252332
Caldimicrobium thiodismutans	1653476	S	3	0	3	0.0000252332
Elusimicrobium minutum	423605	S	3	0	3	0.0000252332
Coprothermobacter proteolyticus	35786	S	3	0	3	0.0000252332
Halolamina sp. CBA1230	1853690	S	3	0	3	0.0000252332
Haloplanus rubicundus	1547898	S	3	0	3	0.0000252332
Haloarcula taiwanensis	1932004	S	1	2	3	0.0000252332
Halorhabdus utahensis	146826	S	3	0	3	0.0000252332
Halovivax ruber	387341	S	3	0	3	0.0000252332
Natronorubrum bangense	61858	S	3	0	3	0.0000252332
Natronorubrum aibiense	348826	S	3	0	3	0.0000252332
Natrarchaeobaculum aegyptiacum	745377	S	1	2	3	0.0000252332
Methanosarcina flavescens	1715806	S	3	0	3	0.0000252332
Methanosphaerula palustris	475088	S	3	0	3	0.0000252332
Methanoplanus limicola	2315	S	3	0	3	0.0000252332
Methanobrevibacter ruminantium	83816	S	3	0	3	0.0000252332
Methanocaldococcus vulcanius	73913	S	2	1	3	0.0000252332
Nitrosopumilus oxyclinae	1959104	S	3	0	3	0.0000252332
Candidatus Nitrosopumilus sp. SW	2508726	S	3	0	3	0.0000252332
Acidianus brierleyi	41673	S	3	0	3	0.0000252332
Acidianus hospitalis	563177	S	3	0	3	0.0000252332
Sulfolobus sp. E5-1-F	2663019	S	2	1	3	0.0000252332
Sulfurisphaera ohwakuensis	69656	S	2	1	3	0.0000252332
Sulfuracidifex tepidarius	1294262	S	3	0	3	0.0000252332
Saccharolobus solfataricus	2287	S	2	1	3	0.0000252332
Picrophilus torridus	82076	S	3	0	3	0.0000252332
Geobacillus phage GBK2	1458842	S	3	0	3	0.0000252332
Sphingobium virus Lacusarx	2560778	S	3	0	3	0.0000252332
Pseudomonas virus PMBT3	2734251	S	3	0	3	0.0000252332
Prochlorococcus phage P-TIM68	1542477	S	3	0	3	0.0000252332
Campylobacter virus CP21	1190451	S	3	0	3	0.0000252332
Synechococcus virus SRIM50	2734122	S	3	0	3	0.0000252332
Pseudomonas phage vB_PaeP_Tr60_Ab31	1449437	S	2	1	3	0.0000252332
Streptomyces phage FlowerPower	2182408	S	1	2	3	0.0000252332
Erwinia virus Frozen	1982578	S	3	0	3	0.0000252332
Escherichia virus APEC7	1920755	S	3	0	3	0.0000252332
Bathycoccus sp. RCC1105 virus BpV	933845	S	3	0	3	0.0000252332
Invertebrate iridescent virus 9	345195	S	3	0	3	0.0000252332
Invertebrate iridovirus 25	1301280	S	3	0	3	0.0000252332
Moumouvirus	985782	S	3	0	3	0.0000252332
Pandoravirus macleodensis	2107707	S	3	0	3	0.0000252332
Lymantria dispar multiple nucleopolyhedrovirus	10449	S	3	0	3	0.0000252332
Heliothis zea nudivirus	29250	S	3	0	3	0.0000252332
Burkholderia sp. BDU8	1385592	S	2	0	2	0.0000168221
Ralstonia pseudosolanacearum	1310165	S	1	1	2	0.0000168221
Bordetella sp. H567	1697043	S	2	0	2	0.0000168221
Basilea psittacipulmonis	1472345	S	2	0	2	0.0000168221
Neisseria sp. oral taxon 014	641148	S	2	0	2	0.0000168221
Neisseria zalophi	640030	S	2	0	2	0.0000168221
Candidatus Profftella armatura	669502	S	2	0	2	0.0000168221
Pseudomonas sp. R3-18-08	1173283	S	2	0	2	0.0000168221
Pseudomonas sp. ADAK22	2730851	S	2	0	2	0.0000168221
Pseudomonas sp. SDM007	2812000	S	2	0	2	0.0000168221
Pseudomonas sp. CCOS 191	1649877	S	2	0	2	0.0000168221
Pseudomonas sp. K-62	76885	S	2	0	2	0.0000168221
Pseudomonas sp. s211(2017)	2045200	S	2	0	2	0.0000168221
Pseudomonas sp. THAF7b	2587845	S	1	1	2	0.0000168221
Pseudomonas sp. VLB120	69328	S	1	1	2	0.0000168221
Pseudomonas sp. NC02	2067572	S	1	1	2	0.0000168221
Pseudomonas brenneri	129817	S	2	0	2	0.0000168221
Pseudomonas mandelii	75612	S	1	1	2	0.0000168221
Pseudomonas mosselii	78327	S	1	1	2	0.0000168221
Pseudomonas asplenii	53407	S	2	0	2	0.0000168221
Pseudomonas thivervalensis	86265	S	2	0	2	0.0000168221
Pseudomonas lactis	1615674	S	2	0	2	0.0000168221
Candidatus Pseudomonas adelgestsugas	1302376	S	2	0	2	0.0000168221
Acinetobacter sp. SWBY1	2079596	S	1	1	2	0.0000168221
Acinetobacter oleivorans	1148157	S	2	0	2	0.0000168221
Moraxella bovis	476	S	2	0	2	0.0000168221
Stenotrophomonas sp. ZAC14D2_NAIMI4_7	2072405	S	2	0	2	0.0000168221
Stenotrophomonas sp. Pemsol	2040586	S	2	0	2	0.0000168221
Stenotrophomonas sp. G4	2303750	S	2	0	2	0.0000168221
Xanthomonas sp. SI	2724123	S	2	0	2	0.0000168221
Xanthomonas axonopodis	53413	S	2	0	2	0.0000168221
Lysobacter sp. H23M47	2781024	S	1	1	2	0.0000168221
Klebsiella huaxiensis	2153354	S	2	0	2	0.0000168221
Citrobacter youngae	133448	S	1	1	2	0.0000168221
Citrobacter sp. LY-1	2546350	S	2	0	2	0.0000168221
Citrobacter amalonaticus	35703	S	2	0	2	0.0000168221
Escherichia fergusonii	564	S	2	0	2	0.0000168221
Escherichia sp. E4742	2044467	S	2	0	2	0.0000168221
secondary endosymbiont of Ctenarytaina eucalypti	1199245	S	2	0	2	0.0000168221
Enterobacteriaceae endosymbiont of Plateumaris sericea	2675797	S	2	0	2	0.0000168221
Enterobacteriaceae endosymbiont of Donacia piscatrix	2675780	S	2	0	2	0.0000168221
Enterobacteriaceae endosymbiont of Macroplea appendiculata	2675790	S	2	0	2	0.0000168221
Enterobacteriaceae endosymbiont of Donacia simplex	2675784	S	2	0	2	0.0000168221
Kosakonia sacchari	1158459	S	2	0	2	0.0000168221
Salmonella bongori	54736	S	2	0	2	0.0000168221
Leclercia sp. 4-9-1-25	2815358	S	2	0	2	0.0000168221
Leclercia sp. W6	2282310	S	1	1	2	0.0000168221
Pluralibacter gergoviae	61647	S	2	0	2	0.0000168221
Lelliottia amnigena	61646	S	2	0	2	0.0000168221
Candidatus Ishikawaella capsulata	168169	S	2	0	2	0.0000168221
Yokenella regensburgei	158877	S	2	0	2	0.0000168221
Pantoea cypripedii	55209	S	2	0	2	0.0000168221
Pantoea rwandensis	1076550	S	2	0	2	0.0000168221
Tatumella citrea	53336	S	2	0	2	0.0000168221
Wigglesworthia glossinidia	51229	S	2	0	2	0.0000168221
Serratia odorifera	618	S	2	0	2	0.0000168221
Yersinia mollaretii	33060	S	2	0	2	0.0000168221
Proteus penneri	102862	S	2	0	2	0.0000168221
Providencia alcalifaciens	126385	S	2	0	2	0.0000168221
Providencia rustigianii	158850	S	2	0	2	0.0000168221
Pectobacterium wasabiae	55208	S	2	0	2	0.0000168221
Pectobacterium aroidearum	1201031	S	1	1	2	0.0000168221
Dickeya sp. NCPPB 3274	568766	S	2	0	2	0.0000168221
Dickeya poaceiphila	568768	S	2	0	2	0.0000168221
Dickeya fangzhongdai	1778540	S	2	0	2	0.0000168221
Jinshanibacter zhutongyuii	2498113	S	2	0	2	0.0000168221
Sodalis praecaptivus	1239307	S	1	1	2	0.0000168221
Candidatus Sodalis pierantonius	1486991	S	1	1	2	0.0000168221
Plesiomonas shigelloides	703	S	2	0	2	0.0000168221
Shewanella sp. KX20019	2803864	S	2	0	2	0.0000168221
Shewanella sp. Scap07	2589987	S	2	0	2	0.0000168221
Shewanella sp. ANA-3	94122	S	1	1	2	0.0000168221
Shewanella sp. MR-7	60481	S	1	1	2	0.0000168221
Shewanella psychrophila	225848	S	2	0	2	0.0000168221
Shewanella oneidensis	70863	S	2	0	2	0.0000168221
Shewanella benthica	43661	S	2	0	2	0.0000168221
Shewanella piezotolerans	404011	S	2	0	2	0.0000168221
Shewanella polaris	2588449	S	1	1	2	0.0000168221
Parashewanella tropica	2547970	S	2	0	2	0.0000168221
Marinobacter sp. BSs20148	490759	S	2	0	2	0.0000168221
Marinobacter sp. es.042	1761794	S	2	0	2	0.0000168221
Alteromonas sp. 76-1	2358187	S	1	1	2	0.0000168221
Paraglaciecola psychrophila	326544	S	2	0	2	0.0000168221
Catenovulum sediminis	1740262	S	2	0	2	0.0000168221
Catenovulum sp. CCB-QB4	2172099	S	2	0	2	0.0000168221
Agarivorans gilvus	680279	S	2	0	2	0.0000168221
Pseudoalteromonas sp. GCY	2003316	S	2	0	2	0.0000168221
Pseudoalteromonas sp. LC2018020214	2799564	S	1	1	2	0.0000168221
Pseudoalteromonas sp. PS1M3	87791	S	1	1	2	0.0000168221
Pseudoalteromonas piscicida	43662	S	2	0	2	0.0000168221
Pseudoalteromonas paragorgicola	166934	S	1	1	2	0.0000168221
Colwellia sp. MT41	58049	S	2	0	2	0.0000168221
Idiomarina sp. OT37-5b	2100422	S	2	0	2	0.0000168221
Halomonas sp. A40-4	2785909	S	2	0	2	0.0000168221
Halomonas sp. HG01	1609967	S	2	0	2	0.0000168221
Halomonas piezotolerans	2609667	S	2	0	2	0.0000168221
Zymobacter palmae	33074	S	2	0	2	0.0000168221
Marinomonas foliarum	491950	S	2	0	2	0.0000168221
Bacterioplanes sanyensis	1249553	S	2	0	2	0.0000168221
Ketobacter alkanivorans	1917421	S	2	0	2	0.0000168221
Kangiella geojedonensis	914150	S	2	0	2	0.0000168221
Kangiella profundi	1561924	S	2	0	2	0.0000168221
Spiribacter curvatus	1335757	S	2	0	2	0.0000168221
Spiribacter sp. 2438	2666185	S	2	0	2	0.0000168221
Vibrio harveyi	669	S	2	0	2	0.0000168221
Vibrio owensii	696485	S	2	0	2	0.0000168221
Vibrio sp. Sal10	2777577	S	2	0	2	0.0000168221
Vibrio sp. ZWAL4003	2711221	S	2	0	2	0.0000168221
Vibrio sp. Scap24	2589990	S	2	0	2	0.0000168221
Vibrio sp. THAF190c	2587865	S	2	0	2	0.0000168221
Vibrio aphrogenes	1891186	S	2	0	2	0.0000168221
Vibrio casei	673372	S	2	0	2	0.0000168221
Vibrio cholerae	666	S	2	0	2	0.0000168221
Vibrio alfacsensis	1074311	S	2	0	2	0.0000168221
Vibrio atlanticus	693153	S	2	0	2	0.0000168221
Vibrio cyclitrophicus	47951	S	2	0	2	0.0000168221
Vibrio navarrensis	29495	S	2	0	2	0.0000168221
Photobacterium profundum	74109	S	2	0	2	0.0000168221
Grimontia hollisae	673	S	2	0	2	0.0000168221
Paraphotobacterium marinum	1755811	S	2	0	2	0.0000168221
Aeromonas jandaei	650	S	2	0	2	0.0000168221
Candidatus Coxiella mudrowiae	2054173	S	2	0	2	0.0000168221
Teredinibacter turnerae	2426	S	2	0	2	0.0000168221
Microbulbifer sp. GL-2	2591606	S	2	0	2	0.0000168221
[Haemophilus] ducreyi	730	S	2	0	2	0.0000168221
Mannheimia ovis	2679994	S	1	1	2	0.0000168221
Aggregatibacter actinomycetemcomitans	714	S	2	0	2	0.0000168221
Avibacterium paragallinarum	728	S	2	0	2	0.0000168221
Rodentibacter sp. DSM 111151	2778911	S	2	0	2	0.0000168221
Bisgaardia hudsonensis	109472	S	2	0	2	0.0000168221
Francisella salina	573569	S	2	0	2	0.0000168221
Francisella marina	2249302	S	2	0	2	0.0000168221
Allofrancisella guangzhouensis	594679	S	2	0	2	0.0000168221
Thiomicrorhabdus xiamenensis	2739063	S	2	0	2	0.0000168221
Methylophaga frappieri	754477	S	2	0	2	0.0000168221
Methylomonas sp. EFPC1	2812647	S	2	0	2	0.0000168221
Candidatus Vesicomyosocius okutanii	412965	S	2	0	2	0.0000168221
Candidatus Nardonella dryophthoridicola	1971485	S	1	1	2	0.0000168221
Orbus sp. IPMB12	1635327	S	2	0	2	0.0000168221
Cardiobacterium hominis	2718	S	2	0	2	0.0000168221
Pseudorhizobium banfieldiae	1125847	S	1	1	2	0.0000168221
Candidatus Liberibacter solanacearum	556287	S	2	0	2	0.0000168221
Mesorhizobium sp. 131-2-1	2744518	S	2	0	2	0.0000168221
Bartonella sp. WD16.2	1933904	S	2	0	2	0.0000168221
Bartonella vinsonii	33047	S	2	0	2	0.0000168221
Bartonella henselae	38323	S	2	0	2	0.0000168221
Bartonella australis	388640	S	2	0	2	0.0000168221
Brucella pseudogrignonensis	419475	S	2	0	2	0.0000168221
Sphingomonas sp.	28214	S	2	0	2	0.0000168221
Sulfitobacter sp. SK025	1389011	S	1	1	2	0.0000168221
Jannaschia sp. CCS1	290400	S	2	0	2	0.0000168221
Azospirillum ramasamyi	682998	S	2	0	2	0.0000168221
Candidatus Endolissoclinum faulkneri	1263979	S	2	0	2	0.0000168221
Komagataeibacter saccharivorans	265959	S	2	0	2	0.0000168221
Acetobacter tropicalis	104102	S	2	0	2	0.0000168221
Acetobacter orientalis	146474	S	2	0	2	0.0000168221
Acetobacter ghanensis	431306	S	2	0	2	0.0000168221
Swingsia samuiensis	1293412	S	2	0	2	0.0000168221
Asaia bogorensis	91915	S	2	0	2	0.0000168221
Parasaccharibacter apium	1510841	S	2	0	2	0.0000168221
Oecophyllibacter saccharovorans	2558360	S	2	0	2	0.0000168221
Wolbachia endosymbiont of Ctenocephalides felis wCfeJ	2732594	S	2	0	2	0.0000168221
Wolbachia endosymbiont of Litomosoides sigmodontis	80850	S	2	0	2	0.0000168221
Wolbachia endosymbiont of Dipetalonema caudispina	1812112	S	2	0	2	0.0000168221
Wolbachia endosymbiont of Folsomia candida	169402	S	2	0	2	0.0000168221
Anaplasma platys	949	S	2	0	2	0.0000168221
Rickettsia asiatica	238800	S	1	1	2	0.0000168221
Rickettsia prowazekii	782	S	1	1	2	0.0000168221
Rickettsia endosymbiont of Bemisia tabaci	337479	S	2	0	2	0.0000168221
Rickettsia bellii	33990	S	2	0	2	0.0000168221
Candidatus Midichloria mitochondrii	234827	S	2	0	2	0.0000168221
Candidatus Pelagibacter sp. IMCC9063	1002672	S	2	0	2	0.0000168221
Candidatus Pelagibacter giovannonii	2563896	S	2	0	2	0.0000168221
Maricaulis maris	74318	S	2	0	2	0.0000168221
Kordiimonas pumila	2161677	S	2	0	2	0.0000168221
Aliarcobacter thereius	544718	S	2	0	2	0.0000168221
Malaciobacter marinus	505249	S	2	0	2	0.0000168221
Malaciobacter canalis	1912871	S	2	0	2	0.0000168221
Campylobacter sp. RM6137	1660073	S	2	0	2	0.0000168221
Campylobacter sp. RM16192	1660080	S	2	0	2	0.0000168221
Campylobacter hominis	76517	S	2	0	2	0.0000168221
Campylobacter volucris	1031542	S	2	0	2	0.0000168221
Campylobacter lanienae	75658	S	2	0	2	0.0000168221
Campylobacter hepaticus	1813019	S	2	0	2	0.0000168221
Campylobacter subantarcticus	497724	S	1	1	2	0.0000168221
Sulfurospirillum halorespirans	194424	S	2	0	2	0.0000168221
Helicobacter apodemus	135569	S	2	0	2	0.0000168221
Helicobacter suis	104628	S	2	0	2	0.0000168221
Helicobacter pullorum	35818	S	2	0	2	0.0000168221
Sulfuricurvum kujiense	148813	S	2	0	2	0.0000168221
Pseudodesulfovibrio piezophilus	879567	S	2	0	2	0.0000168221
Pseudodesulfovibrio sp. zrk46	2725288	S	2	0	2	0.0000168221
Maridesulfovibrio salexigens	880	S	2	0	2	0.0000168221
Desulfolutivibrio sulfoxidireducens	2773299	S	2	0	2	0.0000168221
Desulfomicrobium orale	132132	S	2	0	2	0.0000168221
Desulfuromonas soudanensis	1603606	S	2	0	2	0.0000168221
Desulfotalea psychrophila	84980	S	2	0	2	0.0000168221
Candidatus Desulfofervidus auxilii	1621989	S	2	0	2	0.0000168221
Rathayibacter tritici	33888	S	2	0	2	0.0000168221
Microcella alkaliphila	279828	S	2	0	2	0.0000168221
Arthrobacter sp. D5-1	1477518	S	2	0	2	0.0000168221
Pseudarthrobacter sp. YJ56	2697569	S	2	0	2	0.0000168221
Pseudarthrobacter sp. NIBRBAC000502770	2590785	S	1	1	2	0.0000168221
Pseudarthrobacter sulfonivorans	121292	S	2	0	2	0.0000168221
Rothia nasimurium	85336	S	2	0	2	0.0000168221
Rothia amarae	169480	S	2	0	2	0.0000168221
Rothia sp. ZJ932	2810516	S	2	0	2	0.0000168221
Glutamicibacter protophormiae	37930	S	2	0	2	0.0000168221
Paenarthrobacter aurescens	43663	S	1	1	2	0.0000168221
Auritidibacter sp. NML130574	2170745	S	2	0	2	0.0000168221
Brevibacterium sp. YB235	1496080	S	2	0	2	0.0000168221
Isoptericola variabilis	139208	S	2	0	2	0.0000168221
Propionimicrobium sp. Marseille-P3275	1871034	S	2	0	2	0.0000168221
Mycolicibacterium celeriflavum	1249101	S	2	0	2	0.0000168221
Mycobacterium marseillense	701042	S	2	0	2	0.0000168221
Mycobacterium canettii	78331	S	2	0	2	0.0000168221
Mycobacterium xenopi	1789	S	2	0	2	0.0000168221
Corynebacterium sp. NML98-0116	702967	S	2	0	2	0.0000168221
Corynebacterium sp. 1959	2675216	S	2	0	2	0.0000168221
Corynebacterium sp. MC1420	2709392	S	2	0	2	0.0000168221
Corynebacterium callunae	1721	S	2	0	2	0.0000168221
Corynebacterium pseudotuberculosis	1719	S	2	0	2	0.0000168221
Rhodococcus sp. ZPP	2749906	S	1	1	2	0.0000168221
Rhodococcus sp. S2-17	1990687	S	1	1	2	0.0000168221
Rhodococcus coprophilus	38310	S	2	0	2	0.0000168221
Rhodococcus imtechensis	262776	S	1	1	2	0.0000168221
Gordonia alkanivorans	84096	S	1	1	2	0.0000168221
Streptomyces sp. Mg1	465541	S	2	0	2	0.0000168221
Streptomyces sp. HF10	2692233	S	2	0	2	0.0000168221
Streptomyces sp. RTd22	1841249	S	2	0	2	0.0000168221
Streptomyces sp. MOE7	1961713	S	2	0	2	0.0000168221
Streptomyces sp. CLI2509	1984801	S	1	1	2	0.0000168221
Streptomyces sp. endophyte_N2	2153485	S	1	1	2	0.0000168221
Streptomyces sp. M56	1495638	S	1	1	2	0.0000168221
Streptomyces sp. Tu6071	355249	S	1	1	2	0.0000168221
Streptomyces sp. M54	2759525	S	1	1	2	0.0000168221
Streptomyces chromofuscus	42881	S	2	0	2	0.0000168221
Streptomyces xiamenensis	408015	S	2	0	2	0.0000168221
Streptomyces fulvissimus	68202	S	2	0	2	0.0000168221
Streptomyces rectiverticillatus	173860	S	2	0	2	0.0000168221
Streptomyces malaysiensis	92644	S	1	1	2	0.0000168221
Streptomyces solisilvae	1929477	S	1	1	2	0.0000168221
Streptomyces fungicidicus	68203	S	1	1	2	0.0000168221
Alloactinosynnema sp. L-07	1653480	S	2	0	2	0.0000168221
Actinomyces sp. 432	2057798	S	2	0	2	0.0000168221
Actinomyces sp. zg-332	2708340	S	2	0	2	0.0000168221
Actinomyces sp. ZJ750	2744574	S	2	0	2	0.0000168221
Actinomyces qiguomingii	2057800	S	2	0	2	0.0000168221
Winkia sp. C64	2692125	S	2	0	2	0.0000168221
Pauljensenia hongkongensis	178339	S	2	0	2	0.0000168221
Bifidobacterium lemurum	1603886	S	2	0	2	0.0000168221
Bifidobacterium scardovii	158787	S	2	0	2	0.0000168221
Bifidobacterium eulemuris	1765219	S	2	0	2	0.0000168221
Scardovia inopinata	78259	S	2	0	2	0.0000168221
Parascardovia denticolens	78258	S	2	0	2	0.0000168221
Nakamurella sp. s14-144	1902245	S	2	0	2	0.0000168221
Olsenella uli	133926	S	2	0	2	0.0000168221
Bacillus luti	2026191	S	2	0	2	0.0000168221
Bacillus sp. FDAARGOS_235	1839798	S	1	1	2	0.0000168221
Bacillus sp. FJAT-18017	1705566	S	2	0	2	0.0000168221
Bacillus sp. SB49	1071080	S	2	0	2	0.0000168221
Bacillus sp. CS13	2728853	S	2	0	2	0.0000168221
Bacillus sp. PAMC26543	2762329	S	2	0	2	0.0000168221
Bacillus sp. 1NLA3E	666686	S	2	0	2	0.0000168221
Bacillus vallismortis	72361	S	2	0	2	0.0000168221
Bacillus beveridgei	632773	S	2	0	2	0.0000168221
Bacillus pumilus	1408	S	2	0	2	0.0000168221
Lysinibacillus sp. YS11	2072025	S	2	0	2	0.0000168221
Virgibacillus sp. MSP4-1	2700081	S	2	0	2	0.0000168221
Priestia flexa	86664	S	2	0	2	0.0000168221
Peribacillus psychrosaccharolyticus	1407	S	2	0	2	0.0000168221
Geobacillus stearothermophilus	1422	S	1	1	2	0.0000168221
Salicibibacter sp. NKC21-4	2743001	S	2	0	2	0.0000168221
Salicibibacter halophilus	2502791	S	2	0	2	0.0000168221
Alkalihalobacillus clausii	79880	S	2	0	2	0.0000168221
Alkalihalobacillus halodurans	86665	S	2	0	2	0.0000168221
Oceanobacillus kimchii	746691	S	2	0	2	0.0000168221
Oceanobacillus zhaokaii	2052660	S	2	0	2	0.0000168221
Lentibacillus sp. CBA3610	2518176	S	2	0	2	0.0000168221
Metabacillus sp. KUDC1714	2745198	S	2	0	2	0.0000168221
Neobacillus mesonae	1193713	S	2	0	2	0.0000168221
Salimicrobium jeotgali	1230341	S	2	0	2	0.0000168221
Staphylococcus pseudintermedius	283734	S	2	0	2	0.0000168221
Staphylococcus lutrae	155085	S	2	0	2	0.0000168221
Staphylococcus auricularis	29379	S	2	0	2	0.0000168221
Staphylococcus arlettae	29378	S	2	0	2	0.0000168221
Staphylococcus simulans	1286	S	2	0	2	0.0000168221
Staphylococcus felis	46127	S	2	0	2	0.0000168221
Paenibacillus sp. JDR-2	324057	S	2	0	2	0.0000168221
Paenibacillus sp. PAMC21692	2762320	S	2	0	2	0.0000168221
Paenibacillus sp. TB2019	2810347	S	2	0	2	0.0000168221
Paenibacillus sp. FSL H7-0357	1536774	S	2	0	2	0.0000168221
Paenibacillus sp. CAA11	1532905	S	2	0	2	0.0000168221
Paenibacillus sp. Y412MC10	481743	S	1	1	2	0.0000168221
Paenibacillus sp. JNUCC-32	2777984	S	1	1	2	0.0000168221
Paenibacillus albus	2495582	S	2	0	2	0.0000168221
Paenibacillus swuensis	1178515	S	2	0	2	0.0000168221
Paenibacillus barcinonensis	198119	S	2	0	2	0.0000168221
Paenibacillus odorifer	189426	S	2	0	2	0.0000168221
Paenibacillus guangzhouensis	1473112	S	2	0	2	0.0000168221
Paenibacillus alvei	44250	S	2	0	2	0.0000168221
Paenibacillus kribbensis	172713	S	2	0	2	0.0000168221
Planococcus sp. PAMC 21323	1526927	S	2	0	2	0.0000168221
Planococcus plakortidis	1038856	S	2	0	2	0.0000168221
Planococcus dechangensis	1176255	S	2	0	2	0.0000168221
Sporosarcina ureilytica	298596	S	2	0	2	0.0000168221
Paenisporosarcina sp. K2R23-3	2320858	S	2	0	2	0.0000168221
Ureibacillus thermophilus	367743	S	2	0	2	0.0000168221
Rummeliibacillus stabekisii	241244	S	2	0	2	0.0000168221
Effusibacillus sp. skT53	2743772	S	2	0	2	0.0000168221
Streptococcus sp. HSISM1	1316408	S	2	0	2	0.0000168221
Streptococcus constellatus	76860	S	1	1	2	0.0000168221
Streptococcus parauberis	1348	S	2	0	2	0.0000168221
Streptococcus sobrinus	1310	S	2	0	2	0.0000168221
Lactobacillus amylolyticus	83683	S	2	0	2	0.0000168221
Lactobacillus iners	147802	S	2	0	2	0.0000168221
Lactobacillus ultunensis	227945	S	2	0	2	0.0000168221
Lactobacillus crispatus	47770	S	2	0	2	0.0000168221
Lactobacillus taiwanensis	508451	S	2	0	2	0.0000168221
Lactobacillus kullabergensis	1218493	S	2	0	2	0.0000168221
Lactobacillus acetotolerans	1600	S	2	0	2	0.0000168221
Weissella koreensis	165096	S	2	0	2	0.0000168221
Limosilactobacillus vaginalis	1633	S	2	0	2	0.0000168221
Leuconostoc carnosum	1252	S	2	0	2	0.0000168221
Companilactobacillus ginsenosidimutans	1007676	S	2	0	2	0.0000168221
Companilactobacillus heilongjiangensis	1074467	S	2	0	2	0.0000168221
Pediococcus inopinatus	114090	S	2	0	2	0.0000168221
Pediococcus claussenii	187452	S	2	0	2	0.0000168221
Oenococcus kitaharae	336988	S	2	0	2	0.0000168221
Lentilactobacillus kefiri	33962	S	2	0	2	0.0000168221
Paucilactobacillus hokkaidonensis	1193095	S	2	0	2	0.0000168221
Levilactobacillus zymae	267363	S	2	0	2	0.0000168221
Apilactobacillus kunkeei	148814	S	2	0	2	0.0000168221
Bombilactobacillus bombi	1303590	S	2	0	2	0.0000168221
Enterococcus rotai	118060	S	2	0	2	0.0000168221
Tetragenococcus koreensis	290335	S	2	0	2	0.0000168221
Vagococcus teuberi	519472	S	2	0	2	0.0000168221
Melissococcus plutonius	33970	S	2	0	2	0.0000168221
Jeotgalibaca ciconiae	2496265	S	2	0	2	0.0000168221
Aerococcus christensenii	87541	S	2	0	2	0.0000168221
Aerococcus sanguinicola	119206	S	2	0	2	0.0000168221
Aerococcus urinaehominis	128944	S	2	0	2	0.0000168221
Pseudobutyrivibrio xylanivorans	185007	S	2	0	2	0.0000168221
Clostridium sp. BNL1100	755731	S	2	0	2	0.0000168221
Fastidiosipila sanguinis	236753	S	2	0	2	0.0000168221
Desulfotomaculum ruminis	1564	S	2	0	2	0.0000168221
Thermoanaerosceptrum fracticalcis	1712410	S	2	0	2	0.0000168221
[Eubacterium] cellulosolvens	29322	S	2	0	2	0.0000168221
Eubacterium maltosivorans	2041044	S	1	1	2	0.0000168221
Syntrophomonas wolfei	863	S	2	0	2	0.0000168221
Caldicellulosiruptor sp. YA01	2806205	S	2	0	2	0.0000168221
Thermoanaerobacter brockii	29323	S	1	1	2	0.0000168221
Carboxydothermus hydrogenoformans	129958	S	2	0	2	0.0000168221
Tepidanaerobacter acetatoxydans	499229	S	2	0	2	0.0000168221
Erysipelothrix sp. HDW6A	2714928	S	2	0	2	0.0000168221
Erysipelothrix sp. HDW6B	2714929	S	2	0	2	0.0000168221
Erysipelothrix inopinata	225084	S	2	0	2	0.0000168221
Synechococcus sp. KORDI-52	585425	S	2	0	2	0.0000168221
Synechococcus sp. MEDNS5	1442554	S	2	0	2	0.0000168221
Synechococcus sp. PROS-7-1	1442556	S	2	0	2	0.0000168221
Synechococcus sp. HK01-R	2751171	S	2	0	2	0.0000168221
Synechococcus sp. BIOS-E4-1	1400864	S	2	0	2	0.0000168221
Synechococcus sp. NIES-970	1827144	S	2	0	2	0.0000168221
Synechococcus sp. RSCCF101	2511069	S	2	0	2	0.0000168221
Synechococcus sp. Minos11	221341	S	2	0	2	0.0000168221
Synechococcus sp. LTW-R	2751170	S	2	0	2	0.0000168221
Synechococcus sp. SYN20	1050714	S	1	1	2	0.0000168221
Thermosynechococcus sp. NK55a	1394889	S	1	1	2	0.0000168221
Leptolyngbya sp. PCC 6402	272136	S	2	0	2	0.0000168221
Synechocystis sp. PCC 6714	1147	S	2	0	2	0.0000168221
Halomicronema hongdechloris	1209493	S	2	0	2	0.0000168221
Mycoplasma sp. Zaradi2	547987	S	2	0	2	0.0000168221
Mycoplasma sp. Mirounga ES2805-ORL	754514	S	2	0	2	0.0000168221
Mycoplasma sp. C264-NAS	2726117	S	2	0	2	0.0000168221
Mycoplasma yeatsii	51365	S	2	0	2	0.0000168221
Mycoplasma bovoculi	45362	S	2	0	2	0.0000168221
Mycoplasma suis	57372	S	2	0	2	0.0000168221
Mycoplasma parvum	984991	S	2	0	2	0.0000168221
Mycoplasma alkalescens	45363	S	2	0	2	0.0000168221
Mycoplasma hyopneumoniae	2099	S	2	0	2	0.0000168221
Mycoplasma gallinaceum	29556	S	2	0	2	0.0000168221
Mycoplasma anatis	171279	S	2	0	2	0.0000168221
Mycoplasma pulmonis	2107	S	2	0	2	0.0000168221
Spiroplasma chrysopicola	216933	S	2	0	2	0.0000168221
Spiroplasma corruscae	216934	S	2	0	2	0.0000168221
Spiroplasma helicoides	216938	S	2	0	2	0.0000168221
Spiroplasma litorale	216942	S	2	0	2	0.0000168221
Spiroplasma eriocheiris	315358	S	2	0	2	0.0000168221
Spiroplasma tabanidicola	324079	S	2	0	2	0.0000168221
Spiroplasma taiwanense	2145	S	2	0	2	0.0000168221
Mesoplasma syrphidae	225999	S	2	0	2	0.0000168221
Entomoplasma luminosum	214888	S	2	0	2	0.0000168221
Candidatus Phytoplasma solani	69896	S	2	0	2	0.0000168221
Aster yellows witches'-broom phytoplasma	229545	S	1	1	2	0.0000168221
Thermus oshimai	56957	S	2	0	2	0.0000168221
Deinococcus geothermalis	68909	S	2	0	2	0.0000168221
Deinococcus metallilatus	1211322	S	2	0	2	0.0000168221
Deinococcus irradiatisoli	2202254	S	2	0	2	0.0000168221
Deinococcus soli Cha et al. 2016	1309411	S	1	1	2	0.0000168221
Anaerolinea thermophila	167964	S	2	0	2	0.0000168221
Capnocytophaga sp. FDAARGOS_737	2545799	S	2	0	2	0.0000168221
Myroides profundi	480520	S	2	0	2	0.0000168221
Maribacter sp. MJ134	2496865	S	2	0	2	0.0000168221
Dokdonia sp. PRO95	1239415	S	2	0	2	0.0000168221
Gilvibacter sp. SZ-19	754429	S	2	0	2	0.0000168221
Blattabacterium sp. (Mastotermes darwiniensis)	39768	S	2	0	2	0.0000168221
Blattabacterium sp. (Blaberus giganteus)	1186051	S	2	0	2	0.0000168221
Blattabacterium sp. (Periplaneta americana)	367488	S	1	1	2	0.0000168221
Prevotella scopos	589437	S	2	0	2	0.0000168221
Prevotella jejuni	1177574	S	2	0	2	0.0000168221
Sodaliphilus pleomorphus	2606626	S	2	0	2	0.0000168221
Proteiniphilum saccharofermentans	1642647	S	2	0	2	0.0000168221
Porphyromonas cangingivalis	36874	S	2	0	2	0.0000168221
Hymenobacter sp. BRD67	2675877	S	2	0	2	0.0000168221
Anseongella ginsenosidimutans	496056	S	2	0	2	0.0000168221
Pelodictyon phaeoclathratiforme	34090	S	2	0	2	0.0000168221
Gimesia algae	2527971	S	2	0	2	0.0000168221
Methylacidiphilum sp. IT5	2795384	S	1	1	2	0.0000168221
Chlamydia sp. H15-1957-10C	1967782	S	2	0	2	0.0000168221
Neochlamydia sp. S13	1353976	S	2	0	2	0.0000168221
Treponema sp. OMZ 804	120683	S	2	0	2	0.0000168221
Treponema succinifaciens	167	S	2	0	2	0.0000168221
Treponema brennaborense	81028	S	2	0	2	0.0000168221
Sphaerochaeta globosa	1131703	S	2	0	2	0.0000168221
Spirochaeta thermophila	154	S	2	0	2	0.0000168221
Sediminispirochaeta smaragdinae	55206	S	2	0	2	0.0000168221
Borrelia hermsii	140	S	2	0	2	0.0000168221
Borrelia turcica	229155	S	2	0	2	0.0000168221
Borreliella afzelii	29518	S	2	0	2	0.0000168221
Borreliella mayonii	1674146	S	2	0	2	0.0000168221
Candidatus Borrelia tachyglossi	1964448	S	2	0	2	0.0000168221
Leptospira weilii	28184	S	2	0	2	0.0000168221
Brachyspira hampsonii	1287055	S	2	0	2	0.0000168221
Thermotomaculum hydrothermale	981385	S	2	0	2	0.0000168221
Leptotrichia sp. oral taxon 498	712368	S	2	0	2	0.0000168221
Leptotrichia shahii	157691	S	2	0	2	0.0000168221
Pseudoleptotrichia goodfellowii	157692	S	2	0	2	0.0000168221
Fervidobacterium changbaicum	310769	S	1	1	2	0.0000168221
Pseudothermotoga thermarum	119394	S	2	0	2	0.0000168221
Acetomicrobium mobile	97477	S	2	0	2	0.0000168221
Geovibrio thiophilus	139438	S	2	0	2	0.0000168221
Thermodesulfobacterium commune	1741	S	2	0	2	0.0000168221
Thermodesulfatator indicus	171695	S	2	0	2	0.0000168221
Sulfurihydrogenibium azorense	309806	S	2	0	2	0.0000168221
Sulfurihydrogenibium sp. YO3AOP1	436114	S	2	0	2	0.0000168221
Dictyoglomus turgidum	513050	S	2	0	2	0.0000168221
Halopenitus persicus	1048396	S	2	0	2	0.0000168221
Haloplanus aerogenes	660522	S	2	0	2	0.0000168221
Haloplanus rallus	1816183	S	2	0	2	0.0000168221
Natronomonas sp. YPL13	1710540	S	2	0	2	0.0000168221
Natronomonas sp. C90	2747817	S	2	0	2	0.0000168221
Natronomonas pharaonis	2257	S	2	0	2	0.0000168221
Halalkalicoccus jeotgali	413810	S	2	0	2	0.0000168221
Haloterrigena sp. KZCA68	2816475	S	2	0	2	0.0000168221
Haloterrigena daqingensis	588898	S	2	0	2	0.0000168221
Natrinema sp. J7-2	406552	S	2	0	2	0.0000168221
Natrinema sp. YPL30	1710539	S	2	0	2	0.0000168221
Natronobacterium gregoryi	44930	S	2	0	2	0.0000168221
Halobiforma lacisalsi	229731	S	2	0	2	0.0000168221
Methanosarcina lacustris	170861	S	2	0	2	0.0000168221
Methanolobus zinderi	536044	S	2	0	2	0.0000168221
Methanosalsum zhilinae	39669	S	2	0	2	0.0000168221
Methanothrix thermoacetophila	2224	S	2	0	2	0.0000168221
Methanocella conradii	1175444	S	1	1	2	0.0000168221
Methanobacterium paludis	868131	S	2	0	2	0.0000168221
Methanothermobacter thermautotrophicus	145262	S	2	0	2	0.0000168221
Methanothermus fervidus	2180	S	2	0	2	0.0000168221
Methanocaldococcus infernus	67760	S	2	0	2	0.0000168221
Thermococcus barossii	54077	S	2	0	2	0.0000168221
Thermococcus siculi	72803	S	2	0	2	0.0000168221
Pyrococcus sp. NA2	342949	S	2	0	2	0.0000168221
Pyrococcus horikoshii	53953	S	2	0	2	0.0000168221
Archaeoglobus veneficus	58290	S	2	0	2	0.0000168221
Candidatus Nitrosotenuis sp. DW1	2259672	S	2	0	2	0.0000168221
Candidatus Nitrosopumilus sediminis	1229909	S	2	0	2	0.0000168221
Nitrosopumilus cobalaminigenes	1470066	S	2	0	2	0.0000168221
Candidatus Nitrosopumilus koreensis	1510466	S	2	0	2	0.0000168221
Candidatus Nitrosocaldus islandicus	2045011	S	1	1	2	0.0000168221
Sulfolobus sp. S-194	2512240	S	2	0	2	0.0000168221
Pyrobaculum aerophilum	13773	S	2	0	2	0.0000168221
Staphylothermus hellenicus	84599	S	2	0	2	0.0000168221
Fervidicoccus fontis	683846	S	2	0	2	0.0000168221
Caldisphaera lagunensis	200415	S	2	0	2	0.0000168221
Gordonia phage Tanis	2652415	S	2	0	2	0.0000168221
Streptomyces phage Yaboi	2301621	S	2	0	2	0.0000168221
Flavobacterium phage 11b	294631	S	2	0	2	0.0000168221
Actinoplanes phage phiAsp2	279303	S	2	0	2	0.0000168221
Synechococcus phage S-CBS3	753085	S	2	0	2	0.0000168221
Flavobacterium phage vB_FspS_snusmum6-1	2686273	S	1	1	2	0.0000168221
Propionibacterium phage BruceLethal	1654740	S	2	0	2	0.0000168221
Mycobacterium phage Purky	2593351	S	2	0	2	0.0000168221
Mycobacterium phage ThulaThula	2599880	S	2	0	2	0.0000168221
Mycobacterium phage Arib1	2041518	S	1	1	2	0.0000168221
Streptomyces virus Jay2Jay	2560786	S	2	0	2	0.0000168221
Salmonella phage TS13	2500149	S	2	0	2	0.0000168221
Gordonia virus GAL1	2560493	S	2	0	2	0.0000168221
Lactococcus phage P656	2662298	S	2	0	2	0.0000168221
Salmonella virus AG11	2005691	S	2	0	2	0.0000168221
Rhodococcus virus Poco6	1982369	S	2	0	2	0.0000168221
Streptomyces virus TP1604	1982746	S	1	1	2	0.0000168221
Mycobacterium virus Cooper	1983117	S	1	1	2	0.0000168221
Mycobacterium virus Deadp	1089120	S	1	1	2	0.0000168221
Halocynthia phage JM-2012	1173297	S	2	0	2	0.0000168221
Yersinia phage phiR1-37	331278	S	2	0	2	0.0000168221
Acinetobacter phage Acj9	760939	S	2	0	2	0.0000168221
Campylobacter virus CP30A	1980966	S	1	1	2	0.0000168221
Edwardsiella virus GF2	2560409	S	2	0	2	0.0000168221
Cellulophaga phage phi18:3	1327983	S	2	0	2	0.0000168221
Pseudoalteromonas phage HP1	1357706	S	2	0	2	0.0000168221
Staphylococcus virus Andhra	2732591	S	2	0	2	0.0000168221
Helicobacter virus KHP40	1987150	S	2	0	2	0.0000168221
Bacillus virus WPh	1922328	S	2	0	2	0.0000168221
Citrobacter phage CVT22	1622234	S	2	0	2	0.0000168221
Aeromonas virus AS7	2733365	S	2	0	2	0.0000168221
Sinorhizobium phage phiM9	1636182	S	2	0	2	0.0000168221
Ralstonia phage RSP15	1785960	S	2	0	2	0.0000168221
Cyprinid herpesvirus 1	317858	S	2	0	2	0.0000168221
Bufonid herpesvirus 1	2282206	S	2	0	2	0.0000168221
Acanthocystis turfacea chlorella virus 1	322019	S	2	0	2	0.0000168221
Chrysochromulina ericina virus	455364	S	2	0	2	0.0000168221
Lymphocystis disease virus - isolate China	256729	S	2	0	2	0.0000168221
Brazilian marseillevirus	1813599	S	2	0	2	0.0000168221
Yellowstone lake mimivirus	1586712	S	2	0	2	0.0000168221
Pandoravirus inopinatum	1605721	S	2	0	2	0.0000168221
Bean yellow disorder virus	267970	S	2	0	2	0.0000168221
Yellow head virus	96029	S	2	0	2	0.0000168221
Tobacco etch virus	12227	S	2	0	2	0.0000168221
Maize rough dwarf virus	10989	S	2	0	2	0.0000168221
Agrotis ipsilon multiple nucleopolyhedrovirus	208013	S	2	0	2	0.0000168221
Sucra jujuba nucleopolyhedrovirus	1563660	S	2	0	2	0.0000168221
Burkholderia sp. JP2-270	2217913	S	1	0	1	0.0000084111
Pandoraea sp. XY-2	2518599	S	1	0	1	0.0000084111
Mycoavidus sp. B2-EB	2651972	S	1	0	1	0.0000084111
Oligella urethralis	90245	S	1	0	1	0.0000084111
Neisseria flavescens	484	S	1	0	1	0.0000084111
Kingella kingae	504	S	1	0	1	0.0000084111
Candidatus Profftella armatura (Diaphorina cf. continua)	2661583	S	1	0	1	0.0000084111
Pseudomonas sp. IB20	1702250	S	1	0	1	0.0000084111
Pseudomonas sp. GR 6-02	1659194	S	1	0	1	0.0000084111
Pseudomonas sp. R3-52-08	1173284	S	1	0	1	0.0000084111
Pseudomonas sp. FDAARGOS_380	2018067	S	1	0	1	0.0000084111
Pseudomonas sp. R4-39-08	1173288	S	1	0	1	0.0000084111
Pseudomonas sp. SWI44	2083053	S	1	0	1	0.0000084111
Pseudomonas sp. FGI182	1259844	S	1	0	1	0.0000084111
Pseudomonas sp. ABC1	2748080	S	1	0	1	0.0000084111
Stenotrophomonas sp. ZAC14D2_NAIMI4_6	2072406	S	1	0	1	0.0000084111
Klebsiella quasivariicola	2026240	S	1	0	1	0.0000084111
Enterobacter cancerogenus	69218	S	1	0	1	0.0000084111
Enterobacter sp. SA187	1914861	S	1	0	1	0.0000084111
Enterobacter sp. RHB15-C17	2742619	S	1	0	1	0.0000084111
Enterobacter sp. JUb54	2724468	S	1	0	1	0.0000084111
Citrobacter sp. RHB25-C09	2742624	S	1	0	1	0.0000084111
Citrobacter koseri	545	S	1	0	1	0.0000084111
Citrobacter farmeri	67824	S	1	0	1	0.0000084111
Citrobacter tructae	2562449	S	1	0	1	0.0000084111
Citrobacter telavivum	2653932	S	1	0	1	0.0000084111
Candidatus Blochmannia pennsylvanicus	101534	S	1	0	1	0.0000084111
Candidatus Blochmannia vafer	251535	S	1	0	1	0.0000084111
Candidatus Blochmannia chromaiodes	251542	S	1	0	1	0.0000084111
secondary endosymbiont of Trabutina mannipara	1835721	S	1	0	1	0.0000084111
Candidatus Hoaglandella endobia	1778263	S	1	0	1	0.0000084111
Candidatus Gullanella endobia	1070130	S	1	0	1	0.0000084111
Enterobacteriaceae endosymbiont of Donacia cincticornis	2675773	S	1	0	1	0.0000084111
Enterobacteriaceae endosymbiont of Plateumaris rustica	2675796	S	1	0	1	0.0000084111
Enterobacteriaceae endosymbiont of Plateumaris pusilla	2675795	S	1	0	1	0.0000084111
Enterobacteriaceae endosymbiont of Neohaemonia nigricornis	2675792	S	1	0	1	0.0000084111
Leclercia sp. 29361	2714951	S	1	0	1	0.0000084111
Cronobacter universalis	535744	S	1	0	1	0.0000084111
Phytobacter sp. SCO41	1756993	S	1	0	1	0.0000084111
Lelliottia sp. WB101	2153385	S	1	0	1	0.0000084111
Pantoea sp. At-9b	592316	S	1	0	1	0.0000084111
Pantoea alhagi	1891675	S	1	0	1	0.0000084111
Erwinia tasmaniensis	338565	S	1	0	1	0.0000084111
Serratia sp. KUDC3025	2597702	S	1	0	1	0.0000084111
Serratia sp. FDAARGOS_506	2420306	S	1	0	1	0.0000084111
Yersinia similis	367190	S	1	0	1	0.0000084111
Providencia vermicola	333965	S	1	0	1	0.0000084111
Arsenophonus endosymbiont of Aleurodicus dispersus	235559	S	1	0	1	0.0000084111
Pectobacterium punjabense	2108399	S	1	0	1	0.0000084111
Dickeya sp. MK7	1224145	S	1	0	1	0.0000084111
Dickeya sp. Secpp 1600	2037915	S	1	0	1	0.0000084111
Dickeya chrysanthemi	556	S	1	0	1	0.0000084111
Limnobaculum parvum	2172103	S	1	0	1	0.0000084111
Shewanella sp. Arc9-LZ	2698686	S	1	0	1	0.0000084111
Shewanella litorisediminis	1173586	S	1	0	1	0.0000084111
Shewanella marisflavi	260364	S	1	0	1	0.0000084111
Shewanella pealeana	70864	S	1	0	1	0.0000084111
Marinobacter psychrophilus	330734	S	1	0	1	0.0000084111
Pseudoalteromonas sp. THAF3	2587843	S	1	0	1	0.0000084111
Pseudoalteromonas sp. Bsw20308	283699	S	1	0	1	0.0000084111
Pseudoalteromonas aliena	247523	S	1	0	1	0.0000084111
Pseudoalteromonas ruthenica	151081	S	1	0	1	0.0000084111
Pseudoalteromonas espejiana	28107	S	1	0	1	0.0000084111
Pseudoalteromonas atlantica	288	S	1	0	1	0.0000084111
Colwellia sp. Arc7-D	2161872	S	1	0	1	0.0000084111
Thalassotalea sp. PS06	2594005	S	1	0	1	0.0000084111
Thalassotalea sp. LPB0316	2769490	S	1	0	1	0.0000084111
Idiomarina sp. X4	2055892	S	1	0	1	0.0000084111
Idiomarina piscisalsi	1096243	S	1	0	1	0.0000084111
Idiomarina andamanensis	1940690	S	1	0	1	0.0000084111
Halomonas sp. YLGW01	2773308	S	1	0	1	0.0000084111
Halomonas sp. GT	1971364	S	1	0	1	0.0000084111
Halomonas aestuarii	1897729	S	1	0	1	0.0000084111
Kushneria marisflavi	157779	S	1	0	1	0.0000084111
Kushneria phosphatilytica	657387	S	1	0	1	0.0000084111
Marinomonas posidonica	936476	S	1	0	1	0.0000084111
Nitrincola sp. KXZD1103	2614693	S	1	0	1	0.0000084111
Alcanivorax dieselolei	285091	S	1	0	1	0.0000084111
Hahella sp. KA22	1628392	S	1	0	1	0.0000084111
Kangiella sediminilitoris	1144748	S	1	0	1	0.0000084111
Halorhodospira halochloris	1052	S	1	0	1	0.0000084111
Vibrio ponticus	265668	S	1	0	1	0.0000084111
Vibrio cidicii	1763883	S	1	0	1	0.0000084111
Vibrio cincinnatiensis	675	S	1	0	1	0.0000084111
Vibrio spartinae	1918945	S	1	0	1	0.0000084111
Vibrio nigripulchritudo	28173	S	1	0	1	0.0000084111
Vibrio aquimaris	2587862	S	1	0	1	0.0000084111
Vibrio gazogenes	687	S	1	0	1	0.0000084111
Aeromonas sp. CU5	2033033	S	1	0	1	0.0000084111
Aeromonas allosaccharophila	656	S	1	0	1	0.0000084111
Spongiibacter sp. CSC3.9	2794344	S	1	0	1	0.0000084111
Pasteurella skyensis	97481	S	1	0	1	0.0000084111
Haemophilus haemolyticus	726	S	1	0	1	0.0000084111
Haemophilus sp. oral taxon 036	712310	S	1	0	1	0.0000084111
Actinobacillus suis	716	S	1	0	1	0.0000084111
Actinobacillus succinogenes	67854	S	1	0	1	0.0000084111
Actinobacillus porcitonsillarum	189834	S	1	0	1	0.0000084111
Mannheimia sp. USDA-ARS-USMARC-1261	1432056	S	1	0	1	0.0000084111
Aggregatibacter sp. 2125159857	2820817	S	1	0	1	0.0000084111
Francisella noatunensis	657445	S	1	0	1	0.0000084111
Francisella adeliensis	2007306	S	1	0	1	0.0000084111
Allofrancisella inopinata	1085647	S	1	0	1	0.0000084111
Hydrogenovibrio marinus	28885	S	1	0	1	0.0000084111
Hydrogenovibrio thermophilus	265883	S	1	0	1	0.0000084111
Thiomicrorhabdus indica	2267253	S	1	0	1	0.0000084111
Candidatus Thioglobus autotrophicus	1705394	S	1	0	1	0.0000084111
endosymbiont of Pachyrhynchus infernalis	1971488	S	1	0	1	0.0000084111
Rhizobium acidisoli	1538158	S	1	0	1	0.0000084111
Agrobacterium sp. MA01	2664893	S	1	0	1	0.0000084111
Ensifer sojae	716925	S	1	0	1	0.0000084111
Mesorhizobium sp. M7A.F.Ce.TU.012.03.2.1	2493681	S	1	0	1	0.0000084111
Rhodoplanes piscinae	444923	S	1	0	1	0.0000084111
Bartonella bacilliformis	774	S	1	0	1	0.0000084111
Bartonella grahamii	33045	S	1	0	1	0.0000084111
Brucella intermedia	94625	S	1	0	1	0.0000084111
Sphingomonas sp. JE1	1628059	S	1	0	1	0.0000084111
Sphingobium chungbukense	56193	S	1	0	1	0.0000084111
Paracoccus marcusii	59779	S	1	0	1	0.0000084111
Sulfitobacter sp. SK011	1389004	S	1	0	1	0.0000084111
Roseovarius sp. TM1035	391613	S	1	0	1	0.0000084111
Thalassospira sp. A40-3	2785908	S	1	0	1	0.0000084111
Komagataeibacter medellinensis	1177712	S	1	0	1	0.0000084111
Gluconobacter albidus	318683	S	1	0	1	0.0000084111
Gluconobacter sphaericus	574987	S	1	0	1	0.0000084111
Commensalibacter sp. AMU001	2478912	S	1	0	1	0.0000084111
Swingsia sp. F3b2	2558361	S	1	0	1	0.0000084111
Bombella sp. KACC 21507	2697033	S	1	0	1	0.0000084111
Neorickettsia helminthoeca	33994	S	1	0	1	0.0000084111
Rickettsia akari	786	S	1	0	1	0.0000084111
Candidatus Sneabacter namystus	2601646	S	1	0	1	0.0000084111
Campylobacter sp. RM16704	1500960	S	1	0	1	0.0000084111
Campylobacter sp. RM6914	1032243	S	1	0	1	0.0000084111
Campylobacter sp. 2014D-0216	1813595	S	1	0	1	0.0000084111
Campylobacter cuniculorum	374106	S	1	0	1	0.0000084111
Campylobacter hyointestinalis	198	S	1	0	1	0.0000084111
Campylobacter avium	522485	S	1	0	1	0.0000084111
Sulfurospirillum barnesii	44674	S	1	0	1	0.0000084111
Helicobacter sp. MIT 01-6242	222136	S	1	0	1	0.0000084111
Helicobacter winghamensis	157268	S	1	0	1	0.0000084111
Helicobacter cinaedi	213	S	1	0	1	0.0000084111
Helicobacter acinonychis	212	S	1	0	1	0.0000084111
Sulfurimonas paralvinellae	317658	S	1	0	1	0.0000084111
Nitrosophilus alvini	2714855	S	1	0	1	0.0000084111
Nautilia sp. PV-1	2579250	S	1	0	1	0.0000084111
Pajaroellobacter abortibovis	1882918	S	1	0	1	0.0000084111
Desulfobulbus oralis	1986146	S	1	0	1	0.0000084111
Mariprofundus ferrinatatus	1921087	S	1	0	1	0.0000084111
Curtobacterium sp. Csp2	2495430	S	1	0	1	0.0000084111
Rathayibacter rathayi	33887	S	1	0	1	0.0000084111
Arthrobacter sp. YN	2020486	S	1	0	1	0.0000084111
Arthrobacter sp. 68b	311808	S	1	0	1	0.0000084111
Pseudarthrobacter sp. NBSH8	2596911	S	1	0	1	0.0000084111
Rothia aeria	172042	S	1	0	1	0.0000084111
Paenarthrobacter sp. YJN-5	2735316	S	1	0	1	0.0000084111
Renibacterium salmoninarum	1646	S	1	0	1	0.0000084111
Brevibacterium oceani	358099	S	1	0	1	0.0000084111
Mycolicibacter hiberniae	29314	S	1	0	1	0.0000084111
Corynebacterium frankenforstense	1230998	S	1	0	1	0.0000084111
Corynebacterium rouxii	2719119	S	1	0	1	0.0000084111
Rhodococcus sp. W8901	2742603	S	1	0	1	0.0000084111
Streptomyces sp. Rer75	2750011	S	1	0	1	0.0000084111
Streptomyces sp. F2	317660	S	1	0	1	0.0000084111
Streptomyces sp. 11-1-2	1851167	S	1	0	1	0.0000084111
Streptomyces sp. NEAU-S7GS2	2202000	S	1	0	1	0.0000084111
Streptomyces sp. Z022	1442032	S	1	0	1	0.0000084111
Streptomyces olivaceus	47716	S	1	0	1	0.0000084111
Streptomyces coeruleorubidus	116188	S	1	0	1	0.0000084111
Streptomyces antimycoticus	68175	S	1	0	1	0.0000084111
Actinomyces sp. Chiba101	1851395	S	1	0	1	0.0000084111
Actinomyces sp. HMT897	2789424	S	1	0	1	0.0000084111
Actinomyces pacaensis	1852377	S	1	0	1	0.0000084111
Actinomyces marmotae	2737173	S	1	0	1	0.0000084111
Arcanobacterium phocae	131112	S	1	0	1	0.0000084111
Fannyhessea vaginae	82135	S	1	0	1	0.0000084111
Bifidobacterium saguini	762210	S	1	0	1	0.0000084111
Bifidobacterium animalis	28025	S	1	0	1	0.0000084111
Bifidobacterium imperatoris	2020965	S	1	0	1	0.0000084111
Bifidobacterium asteroides	1684	S	1	0	1	0.0000084111
Gardnerella leopoldii	2792978	S	1	0	1	0.0000084111
Olsenella sp. LZLJ-2	2779519	S	1	0	1	0.0000084111
Olsenella umbonata	604330	S	1	0	1	0.0000084111
Gordonibacter urolithinfaciens	1335613	S	1	0	1	0.0000084111
Phoenicibacter congonensis	1944646	S	1	0	1	0.0000084111
Acidimicrobium ferrooxidans	53635	S	1	0	1	0.0000084111
Bacillus sp. V3	2795526	S	1	0	1	0.0000084111
Bacillus sp. FJAT-42376	2014076	S	1	0	1	0.0000084111
Bacillus licheniformis	1402	S	1	0	1	0.0000084111
Bacillus xiamenensis	1178537	S	1	0	1	0.0000084111
Bacillus haynesii	1925021	S	1	0	1	0.0000084111
Virgibacillus necropolis	163877	S	1	0	1	0.0000084111
Virgibacillus dokdonensis	302167	S	1	0	1	0.0000084111
Salicibibacter sp. NKC5-3	2743000	S	1	0	1	0.0000084111
Alkalihalobacillus miscanthi	2598861	S	1	0	1	0.0000084111
Metabacillus sp. cB07	2806989	S	1	0	1	0.0000084111
Anoxybacillus flavithermus	33934	S	1	0	1	0.0000084111
Anoxybacillus amylolyticus	294699	S	1	0	1	0.0000084111
Fictibacillus phosphorivorans	1221500	S	1	0	1	0.0000084111
Pontibacillus sp. HMF3514	2692425	S	1	0	1	0.0000084111
Paraliobacillus zengyii	2213194	S	1	0	1	0.0000084111
Terribacillus goriensis	386490	S	1	0	1	0.0000084111
Staphylococcus delphini	53344	S	1	0	1	0.0000084111
Staphylococcus sp. 17KM0847	2583989	S	1	0	1	0.0000084111
Staphylococcus schweitzeri	1654388	S	1	0	1	0.0000084111
Staphylococcus caprae	29380	S	1	0	1	0.0000084111
Staphylococcus saccharolyticus	33028	S	1	0	1	0.0000084111
Mammaliicoccus fleurettii	150056	S	1	0	1	0.0000084111
Macrococcus caseolyticus	69966	S	1	0	1	0.0000084111
Salinicoccus halodurans	407035	S	1	0	1	0.0000084111
Paenibacillus sp. UniB2	2726185	S	1	0	1	0.0000084111
Paenibacillus protaetiae	2509456	S	1	0	1	0.0000084111
Paenibacillus lutimineralis	2707005	S	1	0	1	0.0000084111
Paenibacillus donghaensis	414771	S	1	0	1	0.0000084111
Paenibacillus cellulosilyticus	375489	S	1	0	1	0.0000084111
Paenibacillus naphthalenovorans	162209	S	1	0	1	0.0000084111
Paenibacillus brasilensis	128574	S	1	0	1	0.0000084111
Cohnella sp. KS 22	2598458	S	1	0	1	0.0000084111
Planococcus antarcticus	161360	S	1	0	1	0.0000084111
Planococcus halocryophilus	1215089	S	1	0	1	0.0000084111
Planococcus massiliensis	1499687	S	1	0	1	0.0000084111
Sporosarcina sp. Te-1	2818390	S	1	0	1	0.0000084111
Listeria grayi	1641	S	1	0	1	0.0000084111
Listeria innocua	1642	S	1	0	1	0.0000084111
Exiguobacterium sp. MH3	1399115	S	1	0	1	0.0000084111
Exiguobacterium sp. U13-1	1849031	S	1	0	1	0.0000084111
Exiguobacterium sp. N4-1P	2051906	S	1	0	1	0.0000084111
Exiguobacterium sp. Helios	2735868	S	1	0	1	0.0000084111
Exiguobacterium antarcticum	132920	S	1	0	1	0.0000084111
Exiguobacterium mexicanum	340146	S	1	0	1	0.0000084111
Streptococcus sp. 1643	2576376	S	1	0	1	0.0000084111
Streptococcus sp. NPS 308	1902136	S	1	0	1	0.0000084111
Streptococcus sp. LPB0220	2610896	S	1	0	1	0.0000084111
Streptococcus sp. zg-86	2664091	S	1	0	1	0.0000084111
Streptococcus intermedius	1338	S	1	0	1	0.0000084111
Streptococcus periodonticum	2490633	S	1	0	1	0.0000084111
Streptococcus respiraculi	2021971	S	1	0	1	0.0000084111
Streptococcus ruminantium	1917441	S	1	0	1	0.0000084111
Streptococcus gallolyticus	315405	S	1	0	1	0.0000084111
Streptococcus pseudoporcinus	361101	S	1	0	1	0.0000084111
Streptococcus marmotae	1825069	S	1	0	1	0.0000084111
Streptococcus troglodytae	1111760	S	1	0	1	0.0000084111
Streptococcus parasanguinis	1318	S	1	0	1	0.0000084111
Lactococcus allomyrinae	2419773	S	1	0	1	0.0000084111
Lactobacillus apis	303541	S	1	0	1	0.0000084111
Ligilactobacillus murinus	1622	S	1	0	1	0.0000084111
Weissella paramesenteroides	1249	S	1	0	1	0.0000084111
Weissella soli	155866	S	1	0	1	0.0000084111
Weissella ceti	759620	S	1	0	1	0.0000084111
Weissella diestrammenae	1162633	S	1	0	1	0.0000084111
Weissella jogaejeotgali	1631871	S	1	0	1	0.0000084111
Weissella sp. HDW19	2714949	S	1	0	1	0.0000084111
Leuconostoc garlicum	255248	S	1	0	1	0.0000084111
Companilactobacillus farciminis	1612	S	1	0	1	0.0000084111
Companilactobacillus allii	1847728	S	1	0	1	0.0000084111
Lacticaseibacillus manihotivorans	88233	S	1	0	1	0.0000084111
Oenococcus sp. UCMA 16435	2259623	S	1	0	1	0.0000084111
Lentilactobacillus buchneri	1581	S	1	0	1	0.0000084111
Lentilactobacillus parabuchneri	152331	S	1	0	1	0.0000084111
Furfurilactobacillus rossiae	231049	S	1	0	1	0.0000084111
Amylolactobacillus amylophilus	1603	S	1	0	1	0.0000084111
Enterococcus gilvus	160453	S	1	0	1	0.0000084111
Enterococcus thailandicus	417368	S	1	0	1	0.0000084111
Enterococcus saigonensis	1805431	S	1	0	1	0.0000084111
Vagococcus penaei	633807	S	1	0	1	0.0000084111
Lachnoanaerobaculum umeaense	617123	S	1	0	1	0.0000084111
Anaerotignum propionicum	28446	S	1	0	1	0.0000084111
Mogibacterium pumilum	86332	S	1	0	1	0.0000084111
Thermaerobacter sp. FW80	2546351	S	1	0	1	0.0000084111
Desulfitobacterium dehalogenans	36854	S	1	0	1	0.0000084111
Desulfitobacterium dichloroeliminans	233055	S	1	0	1	0.0000084111
Desulfotomaculum nigrificans	1565	S	1	0	1	0.0000084111
Desulfotomaculum ferrireducens	1833852	S	1	0	1	0.0000084111
Alkalibacter sp. ES005	2815577	S	1	0	1	0.0000084111
Christensenella sp. Marseille-P3954	2086585	S	1	0	1	0.0000084111
Thermoanaerobacterium xylanolyticum	29329	S	1	0	1	0.0000084111
Thermoanaerobacter wiegelii	46354	S	1	0	1	0.0000084111
Thermoanaerobacter siderophilus	106578	S	1	0	1	0.0000084111
Thermoanaerobacter italicus	108150	S	1	0	1	0.0000084111
Moorella thermoacetica	1525	S	1	0	1	0.0000084111
Moorella glycerini	55779	S	1	0	1	0.0000084111
Thermacetogenium phaeum	85874	S	1	0	1	0.0000084111
Acetohalobium arabaticum	28187	S	1	0	1	0.0000084111
Biomaibacter acetigenes	2316383	S	1	0	1	0.0000084111
Thermosediminibacter oceani	291990	S	1	0	1	0.0000084111
Natranaerobius thermophilus	375929	S	1	0	1	0.0000084111
Selenomonas sp. oral taxon 136	713030	S	1	0	1	0.0000084111
Veillonella atypica	39777	S	1	0	1	0.0000084111
Erysipelothrix sp. HDW6C	2714930	S	1	0	1	0.0000084111
Peptoniphilus ivorii	54006	S	1	0	1	0.0000084111
Cylindrospermopsis curvispora	747548	S	1	0	1	0.0000084111
Synechococcus sp. PROS-U-1	1400866	S	1	0	1	0.0000084111
Synechococcus sp. A15-28	1050638	S	1	0	1	0.0000084111
Synechococcus sp. CC9311	64471	S	1	0	1	0.0000084111
Synechococcus sp. CC9902	316279	S	1	0	1	0.0000084111
Synechococcus sp. A15-127	1050624	S	1	0	1	0.0000084111
Mycoplasma sp. Mirounga ES2806-GEN	754515	S	1	0	1	0.0000084111
Mycoplasma sp. OR1901	2742195	S	1	0	1	0.0000084111
Mycoplasma tullyi	1612150	S	1	0	1	0.0000084111
Mycoplasma hyorhinis	2100	S	1	0	1	0.0000084111
Mycoplasma orale	2121	S	1	0	1	0.0000084111
Mycoplasma neurolyticum	2120	S	1	0	1	0.0000084111
Mycoplasma pneumoniae	2104	S	1	0	1	0.0000084111
Mycoplasma dispar	86660	S	1	0	1	0.0000084111
Mycoplasma arthritidis	2111	S	1	0	1	0.0000084111
Mycoplasma ovis	171632	S	1	0	1	0.0000084111
Mycoplasma meleagridis	29561	S	1	0	1	0.0000084111
Mycoplasma edwardii	53558	S	1	0	1	0.0000084111
Mycoplasma gallopavonis	76629	S	1	0	1	0.0000084111
Mycoplasma columborale	171282	S	1	0	1	0.0000084111
Ureaplasma diversum	42094	S	1	0	1	0.0000084111
Spiroplasma sp. BIUS-1	216964	S	1	0	1	0.0000084111
Spiroplasma alleghenense	216931	S	1	0	1	0.0000084111
Spiroplasma sabaudiense	216944	S	1	0	1	0.0000084111
Spiroplasma phoeniceum	47835	S	1	0	1	0.0000084111
Spiroplasma kunkelii	47834	S	1	0	1	0.0000084111
Mesoplasma entomophilum	2149	S	1	0	1	0.0000084111
Mesoplasma tabanidae	219745	S	1	0	1	0.0000084111
Entomoplasma freundtii	74700	S	1	0	1	0.0000084111
Entomoplasma melaleucae	81459	S	1	0	1	0.0000084111
Acholeplasma hippikon	264636	S	1	0	1	0.0000084111
Candidatus Phytoplasma luffae	35773	S	1	0	1	0.0000084111
Candidatus Phytoplasma mali	37692	S	1	0	1	0.0000084111
Thermus aquaticus	271	S	1	0	1	0.0000084111
Thermus caldilimi	2483360	S	1	0	1	0.0000084111
Thermus sp. CCB_US3_UF1	1111069	S	1	0	1	0.0000084111
Deinococcus puniceus	1182568	S	1	0	1	0.0000084111
Dehalogenimonas lykanthroporepellens	552810	S	1	0	1	0.0000084111
Capnocytophaga haemolytica	45243	S	1	0	1	0.0000084111
Apibacter sp. B3706	2656760	S	1	0	1	0.0000084111
Bergeyella cardium	1585976	S	1	0	1	0.0000084111
Blattabacterium sp. (Nauphoeta cinerea)	1316444	S	1	0	1	0.0000084111
Bacteroides caecimuris	1796613	S	1	0	1	0.0000084111
Prevotella sp. oral taxon 299	652716	S	1	0	1	0.0000084111
Alistipes sp. dk3624	2662363	S	1	0	1	0.0000084111
Tannerella sp. oral taxon HOT-286	712710	S	1	0	1	0.0000084111
Porphyromonas asaccharolytica	28123	S	1	0	1	0.0000084111
Chlorobium limicola	1092	S	1	0	1	0.0000084111
Prosthecochloris sp. GSB1	281093	S	1	0	1	0.0000084111
Limihaloglobus sulfuriphilus	1851148	S	1	0	1	0.0000084111
Methylacidiphilum sp. IT6	2795386	S	1	0	1	0.0000084111
Chlamydia sp. S15-834C	1967783	S	1	0	1	0.0000084111
Chlamydia pecorum	85991	S	1	0	1	0.0000084111
Chlamydia avium	1457141	S	1	0	1	0.0000084111
Candidatus Protochlamydia amoebophila	362787	S	1	0	1	0.0000084111
Treponema sp. Marseille-Q4132	2766701	S	1	0	1	0.0000084111
Treponema putidum	221027	S	1	0	1	0.0000084111
Treponema pedis	409322	S	1	0	1	0.0000084111
Sphaerochaeta coccoides	273376	S	1	0	1	0.0000084111
Borrelia turicatae	142	S	1	0	1	0.0000084111
Borrelia coriaceae	144	S	1	0	1	0.0000084111
Borrelia miyamotoi	47466	S	1	0	1	0.0000084111
Leptospira borgpetersenii	174	S	1	0	1	0.0000084111
Edaphobacter sp. 12200R-103	2703788	S	1	0	1	0.0000084111
Leptotrichia trevisanii	109328	S	1	0	1	0.0000084111
Sneathia vaginalis	187101	S	1	0	1	0.0000084111
Kosmotoga olearia	651457	S	1	0	1	0.0000084111
Dissulfurispira thermophila	2715679	S	1	0	1	0.0000084111
Thermanaerovibrio acidaminovorans	81462	S	1	0	1	0.0000084111
Thermanaerovibrio velox	108007	S	1	0	1	0.0000084111
Aminomonas paucivorans	81412	S	1	0	1	0.0000084111
Thermovirga lienii	336261	S	1	0	1	0.0000084111
Thermodesulfobacterium sp. TA1	2234087	S	1	0	1	0.0000084111
Aquifex aeolicus	63363	S	1	0	1	0.0000084111
Thermocrinis minervae	381751	S	1	0	1	0.0000084111
Hydrogenobaculum sp. Y04AAS1	380749	S	1	0	1	0.0000084111
Persephonella marina	309805	S	1	0	1	0.0000084111
Desulfurobacterium thermolithotrophum	64160	S	1	0	1	0.0000084111
Isorropodon fossajaponicum symbiont	883811	S	1	0	1	0.0000084111
Caldisericum exile	693075	S	1	0	1	0.0000084111
Halorubrum trapanicum	29284	S	1	0	1	0.0000084111
Halorubrum ezzemoulense	337243	S	1	0	1	0.0000084111
Halobonum sp. Gai3-2	2743090	S	1	0	1	0.0000084111
Halogeometricum borinquense	60847	S	1	0	1	0.0000084111
Haloprofundus sp. MHR1	2572921	S	1	0	1	0.0000084111
Natronomonas moolapensis	416273	S	1	0	1	0.0000084111
Halorientalis sp. IM1011	1932360	S	1	0	1	0.0000084111
Halapricum salinum	1457250	S	1	0	1	0.0000084111
Halanaeroarchaeum sulfurireducens	1604004	S	1	0	1	0.0000084111
Halodesulfurarchaeum formicicum	1873524	S	1	0	1	0.0000084111
Haloterrigena sp. YPL8	1699371	S	1	0	1	0.0000084111
Haloterrigena turkmenica	62320	S	1	0	1	0.0000084111
Natrinema pellirubrum	69525	S	1	0	1	0.0000084111
Halostagnicola larsenii	353800	S	1	0	1	0.0000084111
Methanohalophilus halophilus	2177	S	1	0	1	0.0000084111
Methanohalophilus portucalensis	39664	S	1	0	1	0.0000084111
Methanococcoides methylutens	2226	S	1	0	1	0.0000084111
Methanococcoides burtonii	29291	S	1	0	1	0.0000084111
Methanoculleus marisnigri	2198	S	1	0	1	0.0000084111
Methanocella paludicola	570267	S	1	0	1	0.0000084111
Methanobacterium subterraneum	59277	S	1	0	1	0.0000084111
Methanosphaera stadtmanae	2317	S	1	0	1	0.0000084111
Methanotorris igneus	2189	S	1	0	1	0.0000084111
Methanofervidicoccus sp. A16	2607662	S	1	0	1	0.0000084111
Thermococcus sp. AM4	246969	S	1	0	1	0.0000084111
Thermococcus sp. IRI35c	2016373	S	1	0	1	0.0000084111
Thermococcus sibiricus	172049	S	1	0	1	0.0000084111
Thermococcus indicus	2586643	S	1	0	1	0.0000084111
Thermococcus eurythermalis	1505907	S	1	0	1	0.0000084111
Thermococcus nautili	195522	S	1	0	1	0.0000084111
Thermococcus cleftensis	163003	S	1	0	1	0.0000084111
Thermococcus guaymasensis	110164	S	1	0	1	0.0000084111
Thermococcus barophilus	55802	S	1	0	1	0.0000084111
Thermococcus profundus	49899	S	1	0	1	0.0000084111
Pyrococcus sp. 12/1	758582	S	1	0	1	0.0000084111
Archaeoglobus sulfaticallidus	1316941	S	1	0	1	0.0000084111
Candidatus Nitrosotenuis aquarius	1846278	S	1	0	1	0.0000084111
Nitrosopumilus ureiphilus	1470067	S	1	0	1	0.0000084111
Candidatus Nitrososphaera gargensis	497727	S	1	0	1	0.0000084111
Nitrososphaera viennensis	1034015	S	1	0	1	0.0000084111
Acidianus ambivalens	2283	S	1	0	1	0.0000084111
Sulfolobus sp. A20	1891280	S	1	0	1	0.0000084111
Sulfurisphaera tokodaii	111955	S	1	0	1	0.0000084111
Metallosphaera tengchongensis	1532350	S	1	0	1	0.0000084111
Stygiolobus azoricus	41675	S	1	0	1	0.0000084111
Pyrodictium delaneyi	1273541	S	1	0	1	0.0000084111
Candidatus Korarchaeum cryptofilum	498846	S	1	0	1	0.0000084111
Gordonia phage DumpsterDude	2713262	S	1	0	1	0.0000084111
Rhizobium phage 16-3	10704	S	1	0	1	0.0000084111
Mycobacterium phage MOOREtheMARYer	1647309	S	1	0	1	0.0000084111
Salicola phage CGphi29	754067	S	1	0	1	0.0000084111
Tsukamurella phage TPA4	1647476	S	1	0	1	0.0000084111
Streptomyces phage Blueeyedbeauty	2250336	S	1	0	1	0.0000084111
Clostridium phage phi3626	190478	S	1	0	1	0.0000084111
Gordonia phage MelBins	2656540	S	1	0	1	0.0000084111
Streptomyces phage Comrade	2301714	S	1	0	1	0.0000084111
Paracoccus phage vB_PmaS-R3	2494563	S	1	0	1	0.0000084111
Lactobacillus phage LfeSau	1567453	S	1	0	1	0.0000084111
Cronobacter phage JC01	2729575	S	1	0	1	0.0000084111
Microbacterium phage PoRanda	2743924	S	1	0	1	0.0000084111
Propionibacterium phage Enoki	1654780	S	1	0	1	0.0000084111
Propionibacterium virus PHL152M00	1982295	S	1	0	1	0.0000084111
Propionibacterium virus PHL060L00	1982277	S	1	0	1	0.0000084111
Propionibacterium virus PHL041M10	1982276	S	1	0	1	0.0000084111
Propionibacterium virus PHL132N00	1982291	S	1	0	1	0.0000084111
Propionibacterium virus PAD20	1982271	S	1	0	1	0.0000084111
Propionibacterium virus Procrass1	1982304	S	1	0	1	0.0000084111
Streptomyces virus Paradiddles	2560789	S	1	0	1	0.0000084111
Caulobacter virus CcrColossus	2734194	S	1	0	1	0.0000084111
Mycobacterium phage Job42	1327771	S	1	0	1	0.0000084111
Microbacterium virus OneinaGillian	2734236	S	1	0	1	0.0000084111
Rhizobium virus P106B	2560703	S	1	0	1	0.0000084111
Arthrobacter phage Litotes	2499008	S	1	0	1	0.0000084111
Arthrobacter virus Laroye	1982087	S	1	0	1	0.0000084111
Rhizobium phage RHEph10	1220717	S	1	0	1	0.0000084111
Microbacterium virus Eden	2734230	S	1	0	1	0.0000084111
Xylella virus Sano	2560848	S	1	0	1	0.0000084111
Mycobacterium virus Predator	1982365	S	1	0	1	0.0000084111
Burkholderia virus AH2	2560359	S	1	0	1	0.0000084111
Streptomyces virus Lika	1982890	S	1	0	1	0.0000084111
Mycobacterium phage Taquito	1897500	S	1	0	1	0.0000084111
Gordonia virus BetterKatz	2560485	S	1	0	1	0.0000084111
Gordonia virus Eyre	2560492	S	1	0	1	0.0000084111
Bacillus virus Blastoid	1406782	S	1	0	1	0.0000084111
Polaribacter virus P12002S	1982246	S	1	0	1	0.0000084111
Enterococcus virus EF3	2560420	S	1	0	1	0.0000084111
Arthrobacter virus Sonali	2734279	S	1	0	1	0.0000084111
Cyanophage P-RSM1	536444	S	1	0	1	0.0000084111
Serratia phage Moabite	2587814	S	1	0	1	0.0000084111
Streptomyces phage BRock	1913591	S	1	0	1	0.0000084111
Acinetobacter phage YMC13/03/R2096	1560342	S	1	0	1	0.0000084111
Pelagibacter phage HTVC008M	1283076	S	1	0	1	0.0000084111
Pseudomonas phage OBP	1124849	S	1	0	1	0.0000084111
Acinetobacter phage Acj61	760732	S	1	0	1	0.0000084111
Acinetobacter phage Lazarus	2686289	S	1	0	1	0.0000084111
Aeromonas virus Aeh1	227470	S	1	0	1	0.0000084111
Klebsiella virus JD18	1985326	S	1	0	1	0.0000084111
Escherichia virus VpaE1	1965382	S	1	0	1	0.0000084111
Shigella virus Sf13	2560756	S	1	0	1	0.0000084111
Aeromonas virus 31	321023	S	1	0	1	0.0000084111
Synechococcus virus ST4	2734145	S	1	0	1	0.0000084111
Ralstonia virus RSL2	1980925	S	1	0	1	0.0000084111
Arthrobacter virus Colucci	2560302	S	1	0	1	0.0000084111
Pectinobacterium virus CBB	2560628	S	1	0	1	0.0000084111
Synechococcus virus Syn19	2734134	S	1	0	1	0.0000084111
Burkholderia phage BcepSaruman	2530032	S	1	0	1	0.0000084111
Klebsiella phage vB_KpnM_BIS47	1907784	S	1	0	1	0.0000084111
Synechococcus virus STIM5	2734088	S	1	0	1	0.0000084111
Bacillus virus G	1084719	S	1	0	1	0.0000084111
Prochlorococcus virus MED4-213	2734106	S	1	0	1	0.0000084111
Erwinia virus Ea35-70	1984778	S	1	0	1	0.0000084111
Prochlorococcus virus PTIM40	2734115	S	1	0	1	0.0000084111
Bordetella virus PHB04	2734129	S	1	0	1	0.0000084111
Cellulophaga phage phi19:3	1327971	S	1	0	1	0.0000084111
Bacteroides phage crAss001	2301731	S	1	0	1	0.0000084111
Enterobacter phage EcP1	942016	S	1	0	1	0.0000084111
Pseudomonas phage O4	1784982	S	1	0	1	0.0000084111
Klebsiella phage KpCHEMY26	2596966	S	1	0	1	0.0000084111
Pseudomonas virus Bjorn	2560658	S	1	0	1	0.0000084111
Bacillus virus Bobb	1910936	S	1	0	1	0.0000084111
Bacillus phage BSP38	2283013	S	1	0	1	0.0000084111
Staphylococcus virus Twort	55510	S	1	0	1	0.0000084111
Synechococcus virus SB28	2733953	S	1	0	1	0.0000084111
Pagavirus S05C849	2733940	S	1	0	1	0.0000084111
Pseudomonas virus f2	2733363	S	1	0	1	0.0000084111
Human gammaherpesvirus 4	10376	S	1	0	1	0.0000084111
Equid gammaherpesvirus 5	10371	S	1	0	1	0.0000084111
Saimiriine betaherpesvirus 4	1535247	S	1	0	1	0.0000084111
Ranid herpesvirus 2	389214	S	1	0	1	0.0000084111
Only Syngen Nebraska virus 5	1917232	S	1	0	1	0.0000084111
Paramecium bursaria Chlorella virus 1	10506	S	1	0	1	0.0000084111
Ostreococcus lucimarinus virus OlV5	754064	S	1	0	1	0.0000084111
Yellowstone lake phycodnavirus 2	1586714	S	1	0	1	0.0000084111
Emiliania huxleyi virus 86	181082	S	1	0	1	0.0000084111
Tokyovirus A1	1826170	S	1	0	1	0.0000084111
Parapoxvirus of red deer in New Zealand	129728	S	1	0	1	0.0000084111
Penguinpox virus	648998	S	1	0	1	0.0000084111
Cowpox virus	10243	S	1	0	1	0.0000084111
Salmon gillpox virus	2734576	S	1	0	1	0.0000084111
Molluscum contagiosum virus	10279	S	1	0	1	0.0000084111
Mythimna separata entomopoxvirus	1179664	S	1	0	1	0.0000084111
Melanoplus sanguinipes entomopoxvirus	83191	S	1	0	1	0.0000084111
Pandoravirus dulcis	1349409	S	1	0	1	0.0000084111
Pandoravirus salinus	1349410	S	1	0	1	0.0000084111
Pandoravirus neocaledonia	2107708	S	1	0	1	0.0000084111
Mollivirus sibericum	1678078	S	1	0	1	0.0000084111
Lettuce chlorosis virus	642478	S	1	0	1	0.0000084111
Tobacco virus 1	1692045	S	1	0	1	0.0000084111
Fathead minnow nidovirus 1	1965074	S	1	0	1	0.0000084111
Fur seal picorna-like virus	2013564	S	1	0	1	0.0000084111
Wenling hepe-like virus 1	1923493	S	1	0	1	0.0000084111
Adoxophyes orana nucleopolyhedrovirus	542343	S	1	0	1	0.0000084111
Spodoptera litura nucleopolyhedrovirus II	566270	S	1	0	1	0.0000084111
Mythimna unipuncta granulovirus B	2169746	S	1	0	1	0.0000084111
Xestia c-nigrum granulovirus	51677	S	1	0	1	0.0000084111
Clostera anastomosis granulovirus B	1986290	S	1	0	1	0.0000084111
Choristoneura fumiferana granulovirus	56947	S	1	0	1	0.0000084111
Glossina hytrosavirus	2747309	S	1	0	1	0.0000084111
Hyposoter fugitivus ichnovirus	265522	S	1	0	1	0.0000084111
Rhinolophus associated gemykibivirus 2	2004966	S	1	0	1	0.0000084111
Sulfolobus virus STSV1	285013	S	1	0	1	0.0000084111
Candidatus Kinetoplastibacterium crithidii	33056	S	8	-8	0	0.0000000000
Candidatus Kinetoplastibacterium blastocrithidii	233181	S	4	-4	0	0.0000000000
Azotobacter vinelandii	354	S	8	-8	0	0.0000000000
Dickeya paradisiaca	69223	S	2	-2	0	0.0000000000
Idiomarina loihiensis	135577	S	2	-2	0	0.0000000000
Rhodospirillum rubrum	1085	S	14	-14	0	0.0000000000
Ehrlichia chaffeensis	945	S	3	-3	0	0.0000000000
Anaplasma phagocytophilum	948	S	1	-1	0	0.0000000000
Lawsonia intracellularis	29546	S	1	-1	0	0.0000000000
Candidatus Arthromitus sp. SFB-mouse	49118	S	1	-1	0	0.0000000000
Mycoplasma capricolum	2095	S	3	-3	0	0.0000000000
Mycoplasma genitalium	2097	S	1	-1	0	0.0000000000
Chloroflexus aurantiacus	1108	S	4	-4	0	0.0000000000
Tannerella forsythia	28112	S	6	-6	0	0.0000000000
Borrelia anserina	143	S	2	-2	0	0.0000000000
Borreliella valaisiana	62088	S	1	-1	0	0.0000000000
Leptospira biflexa	172	S	10	-10	0	0.0000000000
Leptospirillum ferriphilum	178606	S	1	-1	0	0.0000000000
Methanosarcina thermophila	2210	S	1	-1	0	0.0000000000
Pyrococcus furiosus	2261	S	1	-1	0	0.0000000000
Staphylococcus virus Remus	1857890	S	1	-1	0	0.0000000000
