name	taxonomy_id	taxonomy_lvl	kraken_assigned_reads	added_reads	new_est_reads	fraction_total_reads
Bordetella parapertussis	519	S	3	1003	1006	0.0151026107
Cutibacterium acnes	1747	S	792	66	858	0.0128807554
Escherichia coli	562	S	55	778	833	0.0125054420
Klebsiella pneumoniae	573	S	302	516	818	0.0122802540
Streptomyces lividans	1916	S	122	474	596	0.0089474711
Aliarcobacter cryaerophilus	28198	S	493	63	556	0.0083469697
Xanthomonas euvesicatoria	456327	S	10	543	553	0.0083019321
Paenibacillus larvae	1464	S	2	531	533	0.0080016814
Phocaeicola vulgatus	821	S	299	95	394	0.0059149390
Candidatus Planktophila sulfonica	1884904	S	352	23	375	0.0056297008
Stenotrophomonas maltophilia	40324	S	261	98	359	0.0053895002
Oscillatoria nigro-viridis	482564	S	316	27	343	0.0051492997
Dermacoccus nishinomiyaensis	1274	S	281	55	336	0.0050442119
Pseudomonas aeruginosa	287	S	49	250	299	0.0044887481
Polynucleobacter necessarius	576610	S	256	15	271	0.0040683971
Variovorax paradoxus	34073	S	202	65	267	0.0040083470
Ralstonia solanacearum	305	S	199	66	265	0.0039783219
Limnohabitans sp. 63ED37-2	1678128	S	211	11	222	0.0033327829
Lactococcus lactis	1358	S	30	190	220	0.0033027578
Acidovorax sp. KKS102	358220	S	160	52	212	0.0031826575
Acidovorax sp. T1	1858609	S	77	133	210	0.0031526324
Duganella sp. AF9R3	2728021	S	186	24	210	0.0031526324
Acinetobacter johnsonii	40214	S	126	82	208	0.0031226074
Anabaena sp. YBS01	2490939	S	12	188	200	0.0030025071
Acinetobacter baumannii	470	S	56	142	198	0.0029724820
Pseudomonas sp. CMR12a	658629	S	118	77	195	0.0029274444
Diaphorobacter sp. JS3050	2735554	S	10	179	189	0.0028373692
Polaromonas naphthalenivorans	216465	S	176	12	188	0.0028223567
Pseudomonas oryzihabitans	47885	S	171	13	184	0.0027623065
Leptothrix cholodnii	34029	S	162	21	183	0.0027472940
Diaphorobacter sp. JS3051	2792224	S	10	169	179	0.0026872438
Acidovorax carolinensis	553814	S	119	57	176	0.0026422062
Sphaerotilus natans	34103	S	155	21	176	0.0026422062
Limnoglobus roseus	2598579	S	170	6	176	0.0026422062
Limnohabitans sp. 103DPR2	1678129	S	156	6	162	0.0024320307
Blautia sp. SC05B48	2479767	S	104	58	162	0.0024320307
Curvibacter sp. AEP1-3	1844971	S	158	3	161	0.0024170182
Flavobacterium sangjuense	2518177	S	150	9	159	0.0023869931
Klebsiella michiganensis	1134687	S	7	151	158	0.0023719806
Pseudomonas fluorescens	294	S	120	37	157	0.0023569681
Aquaspirillum sp. LM1	1938604	S	151	5	156	0.0023419555
Staphylococcus virus Andhra	2732591	S	154	0	154	0.0023119305
Bacteroides uniformis	820	S	93	60	153	0.0022969179
Faecalibacterium prausnitzii	853	S	119	32	151	0.0022668929
Staphylococcus sp. T93	2799681	S	2	146	148	0.0022218552
Acinetobacter lwoffii	28090	S	78	69	147	0.0022068427
Phocaeicola dorei	357276	S	104	42	146	0.0021918302
Rhizobacter gummiphilus	946333	S	132	12	144	0.0021618051
Halomonas sp. JS92-SW72	2306583	S	132	10	142	0.0021317800
Comamonas testosteroni	285	S	71	68	139	0.0020867424
Vitreoscilla filiformis	63	S	129	6	135	0.0020266923
Sphingomonas sp. PAMC26645	2565555	S	123	12	135	0.0020266923
Prevotella copri	165179	S	108	24	132	0.0019816547
Flavobacterium sp. Sr18	935222	S	116	14	130	0.0019516296
Flavobacterium johnsoniae	986	S	93	37	130	0.0019516296
Polynucleobacter duraquae	1835254	S	116	13	129	0.0019366171
Pseudomonas putida	303	S	62	66	128	0.0019216045
Flavobacterium nackdongense	2547394	S	118	7	125	0.0018765669
Rhodoferax sediminis	2509614	S	116	8	124	0.0018615544
Rhodoferax saidenbachensis	1484693	S	113	10	123	0.0018465419
Acidovorax sp. 1608163	2478662	S	112	9	121	0.0018165168
Flavobacterium sp. KBS0721	1179672	S	86	32	118	0.0017714792
Clostridium beijerinckii	1520	S	16	98	114	0.0017114290
Alicycliphilus denitrificans	179636	S	48	64	112	0.0016814040
Pasteurella multocida	747	S	85	27	112	0.0016814040
Urbifossiella limnaea	2528023	S	105	6	111	0.0016663914
Polaromonas sp. JS666	296591	S	78	31	109	0.0016363664
Rhodoferax sp. AJA081-3	2752316	S	100	6	106	0.0015913288
Sorangium cellulosum	56	S	97	9	106	0.0015913288
Bacteroides ovatus	28116	S	64	42	106	0.0015913288
Flavobacterium sp. MDT1-60	1979344	S	87	17	104	0.0015613037
Rhizobacter sp. AJA081-3	2753607	S	89	11	100	0.0015012535
Sphingomonas melonis	152682	S	30	69	99	0.0014862410
Pseudomonas veronii	76761	S	40	58	98	0.0014712285
Buchnera aphidicola	9	S	102	-4	98	0.0014712285
Candidatus Planktophila dulcis	1884914	S	91	6	97	0.0014562159
Ramlibacter tataouinensis	94132	S	89	6	95	0.0014261909
Flavobacterium sp. M31R6	2739062	S	84	11	95	0.0014261909
[Ruminococcus] torques	33039	S	64	29	93	0.0013961658
Rubrivivax gelatinosus	28068	S	82	10	92	0.0013811533
Rhodopseudomonas palustris	1076	S	77	15	92	0.0013811533
Sphingorhabdus lacus	392610	S	92	0	92	0.0013811533
Megamonas funiformis	437897	S	88	3	91	0.0013661407
Kocuria rhizophila	72000	S	66	23	89	0.0013361157
Rhodoferax ferrireducens	192843	S	84	4	88	0.0013211031
Sphingobium yanoikuyae	13690	S	34	54	88	0.0013211031
Acidovorax avenae	80867	S	62	25	87	0.0013060906
Rhodoferax sp. PAMC29310	2822760	S	79	8	87	0.0013060906
Aeromonas media	651	S	58	29	87	0.0013060906
Acidovorax sp. JMULE5	2518343	S	77	9	86	0.0012910781
Janthinobacterium agaricidamnosum	55508	S	70	16	86	0.0012910781
Roseburia intestinalis	166486	S	63	23	86	0.0012910781
Anaerostipes hadrus	649756	S	67	19	86	0.0012910781
Flavobacterium psychrophilum	96345	S	77	9	86	0.0012910781
Anaerobutyricum hallii	39488	S	63	22	85	0.0012760655
Hydrogenophaga sp. PBL-H3	434010	S	51	33	84	0.0012610530
Lacunisphaera limnophila	1838286	S	78	6	84	0.0012610530
Candidatus Planktophila lacus	1884913	S	81	2	83	0.0012460404
Diaphorobacter aerolatus	1288495	S	52	30	82	0.0012310279
Bradyrhizobium erythrophlei	1437360	S	78	4	82	0.0012310279
Flavobacterium sp. 140616W15	2478552	S	69	13	82	0.0012310279
Paucibacter sp. KCTC 42545	1768242	S	76	5	81	0.0012160154
Coprococcus comes	410072	S	58	23	81	0.0012160154
Frigoriglobus tundricola	2774151	S	72	9	81	0.0012160154
Massilia sp. CCM 8941	2765360	S	62	18	80	0.0012010028
Rhodococcus qingshengii	334542	S	19	59	78	0.0011709778
Blautia obeum	40520	S	55	23	78	0.0011709778
Ottowia oryzae	2109914	S	73	4	77	0.0011559652
Delftia sp. KV29	1170710	S	1	76	77	0.0011559652
Kinneretia sp. DAIF2	2714952	S	72	5	77	0.0011559652
Moraxella osloensis	34062	S	74	3	77	0.0011559652
Staphylococcus aureus	1280	S	45	31	76	0.0011409527
Flavobacterium sp. CLA17	2724135	S	65	11	76	0.0011409527
Fluviibacter phosphoraccumulans	1751046	S	68	7	75	0.0011259402
Simplicispira suum	2109915	S	63	11	74	0.0011109276
Bradyrhizobium diazoefficiens	1355477	S	43	31	74	0.0011109276
Bifidobacterium longum	216816	S	51	23	74	0.0011109276
Bacteroides thetaiotaomicron	818	S	67	7	74	0.0011109276
Sphingomonas sp. HMP9	1517554	S	64	9	73	0.0010959151
Elizabethkingia bruuniana	1756149	S	27	46	73	0.0010959151
Opitutus sp. GAS368	1882749	S	68	5	73	0.0010959151
Rhodococcus erythropolis	1833	S	23	49	72	0.0010809026
Cupriavidus taiwanensis	164546	S	53	18	71	0.0010658900
Flavobacterium sp. SLB02	2665645	S	56	15	71	0.0010658900
Flavobacterium commune	1306519	S	64	7	71	0.0010658900
Rhodoferax koreense	1842727	S	51	19	70	0.0010508775
Massilia violaceinigra	2045208	S	57	13	70	0.0010508775
Bradyrhizobium elkanii	29448	S	4	66	70	0.0010508775
Flavobacterium gilvum	1492737	S	63	7	70	0.0010508775
Acidovorax sp. RAC01	1842533	S	53	16	69	0.0010358649
Nostoc carneum	374162	S	20	49	69	0.0010358649
Flavobacterium anhuiense	459526	S	47	22	69	0.0010358649
Rhodoferax antarcticus	81479	S	65	3	68	0.0010208524
Hydrogenophaga sp. NH-16	2184519	S	32	36	68	0.0010208524
Undibacterium sp. KW1	2058624	S	49	18	67	0.0010058399
Caulobacter vibrioides	155892	S	51	16	67	0.0010058399
Rhodoluna lacicola	529884	S	64	3	67	0.0010058399
Curtobacterium flaccumfaciens	2035	S	57	10	67	0.0010058399
Vibrio anguillarum	55601	S	55	11	66	0.0009908273
Flavobacterium columnare	996	S	56	10	66	0.0009908273
Blattabacterium cuenoti	1653831	S	62	4	66	0.0009908273
Variovorax sp. 38R	2774875	S	31	34	65	0.0009758148
Variovorax sp. WDL1	207745	S	35	29	64	0.0009608023
Variovorax boronicumulans	436515	S	36	28	64	0.0009608023
Clostridium botulinum	1491	S	62	2	64	0.0009608023
Rhodoferax sp. BAB1	2741720	S	55	8	63	0.0009457897
Collinsella aerofaciens	74426	S	53	10	63	0.0009457897
Streptococcus thermophilus	1308	S	20	43	63	0.0009457897
Hylemonella gracilis	80880	S	60	2	62	0.0009307772
Pseudomonas stutzeri	316	S	54	8	62	0.0009307772
Flavobacterium sp. HYN0086	2249356	S	47	15	62	0.0009307772
Bacteroides xylanisolvens	371601	S	34	28	62	0.0009307772
Acidovorax sp. HDW3	2714923	S	54	7	61	0.0009157647
Delftia lacustris	558537	S	12	49	61	0.0009157647
Acinetobacter sp. CS-2	2798861	S	47	14	61	0.0009157647
Bacteroides fragilis	817	S	35	26	61	0.0009157647
Hydrogenophaga crassostreae	1763535	S	60	0	60	0.0009007521
Flavobacterium sp. LPB0248	2614441	S	36	24	60	0.0009007521
Arcobacter suis	1278212	S	53	6	59	0.0008857396
Acidovorax sp. JS42	232721	S	3	54	57	0.0008557145
Hydrogenophaga sp. PBC	795665	S	41	16	57	0.0008557145
Xylophilus rhododendri	2697032	S	53	4	57	0.0008557145
Rhizobium leguminosarum	384	S	41	16	57	0.0008557145
Bifidobacterium adolescentis	1680	S	52	5	57	0.0008557145
Flavobacterium branchiophilum	55197	S	54	3	57	0.0008557145
Nibricoccus aquaticus	2576891	S	56	1	57	0.0008557145
Hydrogenophaga sp. RAC07	1842537	S	45	11	56	0.0008407020
Comamonas thiooxydans	363952	S	30	26	56	0.0008407020
Delftia acidovorans	80866	S	22	34	56	0.0008407020
Polynucleobacter asymbioticus	576611	S	50	6	56	0.0008407020
Massilia sp. NR 4-1	1678028	S	48	8	56	0.0008407020
Bacillus cereus	1396	S	21	35	56	0.0008407020
Flavobacterium crocinum	2183896	S	42	14	56	0.0008407020
Hydrogenophaga sp. BPS33	2651974	S	39	16	55	0.0008256895
Massilia sp. WG5	1707785	S	36	19	55	0.0008256895
Janthinobacterium sp. HH102	1537274	S	17	38	55	0.0008256895
Pedobacter roseus	336820	S	45	10	55	0.0008256895
Achromobacter xylosoxidans	85698	S	29	25	54	0.0008106769
Bradyrhizobium lablabi	722472	S	28	26	54	0.0008106769
Brevundimonas sp. LVF2	2774190	S	50	4	54	0.0008106769
Flavobacterium nitrogenifigens	1617283	S	33	21	54	0.0008106769
Sphingobacterium multivorum	28454	S	27	27	54	0.0008106769
Variovorax sp. PMC12	2126319	S	1	52	53	0.0007956644
Comamonas aquatica	225991	S	45	8	53	0.0007956644
Cupriavidus oxalaticus	96344	S	44	9	53	0.0007956644
Mitsuaria sp. 7	1658665	S	49	4	53	0.0007956644
Prochlorococcus marinus	1219	S	43	10	53	0.0007956644
Massilia putida	1141883	S	42	10	52	0.0007806518
Pseudomonas syringae	317	S	20	32	52	0.0007806518
Rhodoplanes sp. Z2-YC6860	674703	S	49	3	52	0.0007806518
Hydrogenophaga sp. PAMC20947	2565558	S	50	1	51	0.0007656393
Streptomyces sp. S1D4-14	2594461	S	2	49	51	0.0007656393
Bacteroides cellulosilyticus	246787	S	48	3	51	0.0007656393
Gemmata obscuriglobus	114	S	48	3	51	0.0007656393
Planctomyces sp. SH-PL62	1636152	S	36	15	51	0.0007656393
Luteolibacter luteus	2728835	S	51	0	51	0.0007656393
Bradyrhizobium sp.	376	S	20	30	50	0.0007506268
Flavobacterium sp. I3-2	2748319	S	25	25	50	0.0007506268
Sphingobacterium sp. UDSM-2020	2795738	S	44	6	50	0.0007506268
Ottowia sp. 27C	2816950	S	47	2	49	0.0007356142
Cupriavidus basilensis	68895	S	40	9	49	0.0007356142
Aquabacterium olei	1296669	S	45	4	49	0.0007356142
[Ruminococcus] gnavus	33038	S	32	17	49	0.0007356142
Calothrix parasitica	1973486	S	47	2	49	0.0007356142
Porphyrobacter sp. YT40	2547601	S	29	19	48	0.0007206017
Enterobacter hormaechei	158836	S	11	36	47	0.0007055892
Sphingobium sp. CAP-1	2676077	S	27	20	47	0.0007055892
Micrococcus luteus	1270	S	28	19	47	0.0007055892
Lacticaseibacillus manihotivorans	88233	S	43	4	47	0.0007055892
Acidovorax ebreus	721785	S	4	42	46	0.0006905766
Undibacterium sp. YM2	2058625	S	34	12	46	0.0006905766
Candidatus Methylopumilus rimovensis	2588535	S	44	2	46	0.0006905766
Lysobacter enzymogenes	69	S	41	5	46	0.0006905766
Thiothrix sp.	1032	S	41	5	46	0.0006905766
Methylobacterium aquaticum	270351	S	37	9	46	0.0006905766
Sphingopyxis granuli	267128	S	10	36	46	0.0006905766
Flavobacterium sp. BB8	2816357	S	38	8	46	0.0006905766
Variovorax sp. PAMC 28711	1795631	S	43	2	45	0.0006755641
Variovorax sp. PAMC26660	2762322	S	40	5	45	0.0006755641
Verminephrobacter eiseniae	364317	S	44	1	45	0.0006755641
Schlegelella thermodepolymerans	215580	S	41	4	45	0.0006755641
Burkholderia cepacia	292	S	25	20	45	0.0006755641
Pyruvatibacter mobilis	1712261	S	42	3	45	0.0006755641
Bacillus subtilis	1423	S	16	29	45	0.0006755641
Pedobacter sp. KBS0701	2578106	S	38	7	45	0.0006755641
Mucilaginibacter rubeus	2027860	S	20	25	45	0.0006755641
Variovorax sp. RKNM96	2681552	S	34	10	44	0.0006605516
Sphingopyxis sp. EG6	1874061	S	33	11	44	0.0006605516
Rhodoluna limnophila	232537	S	42	2	44	0.0006605516
Brevibacillus laterosporus	1465	S	15	29	44	0.0006605516
Haliscomenobacter hydrossis	2350	S	44	0	44	0.0006605516
Hydrogenophaga sp. YM1	2806262	S	35	8	43	0.0006455390
Hydrogenophaga pseudoflava	47421	S	23	20	43	0.0006455390
Comamonas koreensis	160825	S	38	5	43	0.0006455390
Massilia oculi	945844	S	38	5	43	0.0006455390
Janthinobacterium sp. 1_2014MBL_MicDiv	1644131	S	35	8	43	0.0006455390
Janthinobacterium svalbardensis	368607	S	28	15	43	0.0006455390
Pseudomonas chlororaphis	587753	S	35	8	43	0.0006455390
Bibersteinia trehalosi	47735	S	2	41	43	0.0006455390
Sphingobium sp. KCTC 72723	2733867	S	41	2	43	0.0006455390
Novosphingobium sp. P6W	1609758	S	41	2	43	0.0006455390
Sphingopyxis terrae	33052	S	35	8	43	0.0006455390
Minicystis rosea	888845	S	41	2	43	0.0006455390
Bacillus thuringiensis	1428	S	18	25	43	0.0006455390
Paludisphaera borealis	1387353	S	34	9	43	0.0006455390
Comamonas kerstersii	225992	S	37	5	42	0.0006305265
Burkholderia pseudomallei	28450	S	20	22	42	0.0006305265
Paraburkholderia sp. SOS3	1926494	S	40	2	42	0.0006305265
Massilia sp. LPB0304	2769491	S	27	15	42	0.0006305265
Methylibium sp. Pch-M	2082386	S	25	17	42	0.0006305265
Thauera sp. MZ1T	85643	S	31	11	42	0.0006305265
Sinorhizobium fredii	380	S	24	18	42	0.0006305265
Parabacteroides distasonis	823	S	26	16	42	0.0006305265
Roseimicrobium sp. ORNL1	2711231	S	41	1	42	0.0006305265
Hydrogenophaga sp. BA0156	2716225	S	32	9	41	0.0006155140
Burkholderia cenocepacia	95486	S	16	25	41	0.0006155140
Nitrosomonas sp. Is79A3	261292	S	40	1	41	0.0006155140
Francisella tularensis	263	S	4	37	41	0.0006155140
Methylorubrum extorquens	408	S	19	22	41	0.0006155140
Microbacterium hominis	162426	S	35	6	41	0.0006155140
Coprococcus catus	116085	S	33	8	41	0.0006155140
Gemmata sp. SH-PL17	1630693	S	25	16	41	0.0006155140
Tautonia plasticadhaerens	2527974	S	39	2	41	0.0006155140
Variovorax sp. PDNC026	2811425	S	1	39	40	0.0006005014
Melaminivora sp. SC2-9	2109913	S	32	8	40	0.0006005014
Methylibium petroleiphilum	105560	S	26	14	40	0.0006005014
Dechloromonas sp. TW-R-39-2	2654218	S	37	3	40	0.0006005014
Agrobacterium tumefaciens	358	S	25	15	40	0.0006005014
Novosphingobium sp. ES2-1	2780074	S	29	11	40	0.0006005014
Flavobacterium sediminis	2201181	S	22	18	40	0.0006005014
Singulisphaera acidiphila	466153	S	33	7	40	0.0006005014
Verrucomicrobium spinosum	2736	S	37	3	40	0.0006005014
Acidovorax citrulli	80869	S	22	17	39	0.0005854889
Diaphorobacter polyhydroxybutyrativorans	1546149	S	5	34	39	0.0005854889
Sulfuritalea hydrogenivorans	748811	S	38	1	39	0.0005854889
Tardiphaga robiniae	943830	S	36	3	39	0.0005854889
Hyphomicrobium denitrificans	53399	S	33	6	39	0.0005854889
Caulobacter segnis	88688	S	31	8	39	0.0005854889
Polynucleobacter wuianus	1743168	S	31	7	38	0.0005704763
Massilia sp. YMA4	1593482	S	25	13	38	0.0005704763
Massilia umbonata	864828	S	30	8	38	0.0005704763
Candidatus Methylopumilus turicensis	1581680	S	35	3	38	0.0005704763
Citrobacter freundii	546	S	17	21	38	0.0005704763
Serratia marcescens	615	S	18	20	38	0.0005704763
Aeromonas caviae	648	S	12	26	38	0.0005704763
Flavobacterium faecale	1355330	S	35	3	38	0.0005704763
Chryseobacterium sp. 3008163	2478663	S	34	4	38	0.0005704763
Acidovorax antarcticus	2743470	S	30	7	37	0.0005554638
Duganella sp. GN2-R2	2728020	S	30	7	37	0.0005554638
Acinetobacter sp. WCHAc010034	1879049	S	31	6	37	0.0005554638
Acinetobacter sp. NEB 394	2743575	S	17	20	37	0.0005554638
Acinetobacter schindleri	108981	S	28	9	37	0.0005554638
Sphingobium baderi	1332080	S	14	23	37	0.0005554638
Tabrizicola piscis	2494374	S	35	2	37	0.0005554638
Caulobacter henricii	69395	S	33	4	37	0.0005554638
Caulobacter soli	2708539	S	29	8	37	0.0005554638
Microbacterium foliorum	104336	S	33	4	37	0.0005554638
Clavibacter michiganensis	28447	S	32	5	37	0.0005554638
Candidatus Planktophila versatilis	1884905	S	36	1	37	0.0005554638
Epilithonimonas vandammei	2487072	S	18	19	37	0.0005554638
Lacipirellula limnantheis	2528024	S	34	3	37	0.0005554638
Paramecium bursaria Chlorella virus A1	381899	S	37	0	37	0.0005554638
Comamonas piscis	1562974	S	34	2	36	0.0005404513
Polynucleobacter paneuropaeus	2527775	S	34	2	36	0.0005404513
Burkholderia ubonensis	101571	S	14	22	36	0.0005404513
Massilia armeniaca	2072590	S	26	10	36	0.0005404513
Acinetobacter sp. TTH0-4	1646498	S	33	3	36	0.0005404513
Sphingomonas alpina	653931	S	36	0	36	0.0005404513
Cereibacter sphaeroides	1063	S	34	2	36	0.0005404513
Actinoplanes derwentensis	113562	S	34	2	36	0.0005404513
Faecalibacillus intestinalis	1982626	S	12	24	36	0.0005404513
Flavobacterium haoranii	683124	S	29	7	36	0.0005404513
Opitutus terrae	107709	S	36	0	36	0.0005404513
Methanothrix soehngenii	2223	S	36	0	36	0.0005404513
Variovorax sp. RA8	662548	S	25	10	35	0.0005254387
Variovorax sp. PBL-H6	434009	S	17	18	35	0.0005254387
Diaphorobacter sp. HDW4A	2714924	S	26	9	35	0.0005254387
Methylotenera versatilis	1055487	S	33	2	35	0.0005254387
Methylobacterium sp. XJLW	739141	S	3	32	35	0.0005254387
Methylorubrum populi	223967	S	26	9	35	0.0005254387
Sphingomonas panacis	1560345	S	34	1	35	0.0005254387
Sphingomonas sanxanigenens	397260	S	24	11	35	0.0005254387
Novosphingobium resinovorum	158500	S	23	12	35	0.0005254387
Gemmobacter sp. HYN0069	2169400	S	32	3	35	0.0005254387
Rathayibacter festucae	110937	S	20	15	35	0.0005254387
Streptomyces venezuelae	54571	S	33	2	35	0.0005254387
Corynebacterium glutamicum	1718	S	5	30	35	0.0005254387
Anabaena sp. 90	46234	S	3	32	35	0.0005254387
Amniculibacterium sp. G2-70	2767188	S	20	15	35	0.0005254387
Alistipes onderdonkii	328813	S	33	2	35	0.0005254387
Spirosoma sp. KUDC1026	2745947	S	34	1	35	0.0005254387
Aquirufa nivalisilvae	2516557	S	33	2	35	0.0005254387
Akkermansia muciniphila	239935	S	34	1	35	0.0005254387
Variovorax sp. HW608	1034889	S	33	1	34	0.0005104262
Variovorax sp. PBS-H4	434008	S	25	9	34	0.0005104262
Serpentinomonas raichei	1458425	S	31	3	34	0.0005104262
Inhella inkyongensis	392593	S	33	1	34	0.0005104262
Dechloromonas aromatica	259537	S	32	2	34	0.0005104262
Acinetobacter sp. NEB149	2725684	S	12	22	34	0.0005104262
Caulobacter sp. K31	366602	S	29	5	34	0.0005104262
Microbacterium sp. PM5	2014534	S	31	3	34	0.0005104262
Candidatus Planktophila vernalis	1884907	S	34	0	34	0.0005104262
Lachnoclostridium sp. YL32	1834196	S	14	20	34	0.0005104262
Anatilimnocola aggregata	2528021	S	29	5	34	0.0005104262
Comamonas sp. 7D-2	1232667	S	2	31	33	0.0004954137
Pseudomonas tolaasii	29442	S	31	2	33	0.0004954137
Acinetobacter junii	40215	S	29	4	33	0.0004954137
Brevundimonas sp. LM2	1938605	S	31	2	33	0.0004954137
Brevundimonas sp. GW460-12-10-14-LB2	1827469	S	17	16	33	0.0004954137
Roseomonas mucosa	207340	S	5	28	33	0.0004954137
Campylobacter coli	195	S	5	28	33	0.0004954137
Agreia sp. COWG	2773266	S	31	2	33	0.0004954137
Faecalitalea cylindroides	39483	S	20	13	33	0.0004954137
Chryseobacterium indologenes	253	S	26	7	33	0.0004954137
Pedobacter sp. G11	2482728	S	30	3	33	0.0004954137
Acidovorax monticola	1926868	S	28	4	32	0.0004804011
Ottowia sp. oral taxon 894	1658672	S	32	0	32	0.0004804011
Roseateles depolymerans	76731	S	30	2	32	0.0004804011
Cellvibrio sp. KY-GH-1	2303332	S	26	6	32	0.0004804011
Rhizorhabdus dicambivorans	1850238	S	15	17	32	0.0004804011
Erythrobacter litoralis	39960	S	25	7	32	0.0004804011
Brevundimonas sp. CS1	2813778	S	21	11	32	0.0004804011
Caulobacter mirabilis	69666	S	29	3	32	0.0004804011
Blautia hansenii	1322	S	23	9	32	0.0004804011
Clostridioides difficile	1496	S	29	3	32	0.0004804011
Bacteroides caccae	47678	S	32	0	32	0.0004804011
Pedobacter sp. SW-16	2766984	S	28	4	32	0.0004804011
Cupriavidus pauculus	82633	S	27	4	31	0.0004653886
Collimonas pratensis	279113	S	28	3	31	0.0004653886
Thiomonas sp. X19	1050370	S	22	9	31	0.0004653886
Acinetobacter indicus	756892	S	25	6	31	0.0004653886
Thermomonas carbonis	1463158	S	31	0	31	0.0004653886
Sphingomonas wittichii	160791	S	20	11	31	0.0004653886
Sphingomonas koreensis	93064	S	20	11	31	0.0004653886
Sphingobium sp. YG1	2082188	S	22	9	31	0.0004653886
Brevundimonas sp. 'scallop'	2562582	S	14	17	31	0.0004653886
Flavobacterium sp. CJ74	2294119	S	30	1	31	0.0004653886
Chryseobacterium gleum	250	S	16	15	31	0.0004653886
Spirosoma pollinicola	2057025	S	30	1	31	0.0004653886
Polaromonas vacuolata	37448	S	27	3	30	0.0004503761
Burkholderia gladioli	28095	S	27	3	30	0.0004503761
Pseudomonas palleroniana	191390	S	29	1	30	0.0004503761
Sphingomonas sp. NIC1	1961362	S	15	15	30	0.0004503761
Sphingobium hydrophobicum	1673076	S	16	14	30	0.0004503761
Novosphingobium sp. THN1	1016987	S	25	5	30	0.0004503761
Novosphingobium sp. ABRDHK2	2571749	S	22	8	30	0.0004503761
Novosphingobium ginsenosidimutans	1176536	S	29	1	30	0.0004503761
Novosphingobium aromaticivorans	48935	S	23	7	30	0.0004503761
Sphingopyxis macrogoltabida	33050	S	23	7	30	0.0004503761
Croceicoccus marinus	450378	S	21	9	30	0.0004503761
Brevundimonas sp. Bb-A	2560058	S	13	17	30	0.0004503761
Rathayibacter sp. VKM Ac-2759	2609252	S	24	6	30	0.0004503761
Saccharothrix syringae	103733	S	26	4	30	0.0004503761
Actinoplanes sp. N902-109	649831	S	21	9	30	0.0004503761
Staphylococcus epidermidis	1282	S	26	4	30	0.0004503761
Flavobacterium indicum	312277	S	28	2	30	0.0004503761
Chryseobacterium indoltheticum	254	S	26	4	30	0.0004503761
Bacteroides sp. A1C1	2528203	S	9	21	30	0.0004503761
Symmachiella dynata	2527995	S	28	2	30	0.0004503761
Chimeric virus 14	1608440	S	30	0	30	0.0004503761
Variovorax sp. PAMC28562	2762323	S	29	0	29	0.0004353635
Polaromonas sp. H8N	1840297	S	1	28	29	0.0004353635
Diaphorobacter ruginosibacter	1715720	S	28	1	29	0.0004353635
Serpentinomonas mccroryi	1458426	S	26	3	29	0.0004353635
Burkholderia stabilis	95485	S	19	10	29	0.0004353635
Massilia albidiflava	321983	S	23	6	29	0.0004353635
Janthinobacterium tructae	2590869	S	19	10	29	0.0004353635
Herbaspirillum seropedicae	964	S	21	8	29	0.0004353635
Acinetobacter sp. 10FS3-1	2563897	S	21	8	29	0.0004353635
Bosea sp. Tri-49	1867715	S	25	4	29	0.0004353635
Caulobacter rhizosphaerae	2010972	S	24	5	29	0.0004353635
Sandaracinus amylolyticus	927083	S	29	0	29	0.0004353635
Labilithrix luteola	1391654	S	29	0	29	0.0004353635
Plantibacter sp. PA-3-X8	2480625	S	22	7	29	0.0004353635
Nocardia brasiliensis	37326	S	26	3	29	0.0004353635
Streptococcus salivarius	1304	S	21	8	29	0.0004353635
Flavobacterium crassostreae	1763534	S	25	4	29	0.0004353635
Chryseobacterium sp. NEB161	2724619	S	18	11	29	0.0004353635
Olivibacter sp. LS-1	2592345	S	3	26	29	0.0004353635
Diaphorobacter sp. HDW4B	2714925	S	28	0	28	0.0004203510
Pseudomonas knackmussii	65741	S	23	5	28	0.0004203510
Providencia rettgeri	587	S	14	14	28	0.0004203510
Vibrio vulnificus	672	S	26	2	28	0.0004203510
Bradyrhizobium guangdongense	1325090	S	19	9	28	0.0004203510
Pseudolabrys taiwanensis	331696	S	25	3	28	0.0004203510
Sphingomonas sp. AAP5	1523415	S	24	4	28	0.0004203510
Sphingomonas panacisoli	1813879	S	28	0	28	0.0004203510
Bacteriovorax stolpii	960	S	28	0	28	0.0004203510
Microbacterium paraoxydans	199592	S	4	24	28	0.0004203510
Ilumatobacter coccineus	467094	S	28	0	28	0.0004203510
Clostridium saccharoperbutylacetonicum	36745	S	28	0	28	0.0004203510
Muricauda sp. 501str8	2698672	S	18	10	28	0.0004203510
Prevotella sp. WR041	2801997	S	28	0	28	0.0004203510
Polynucleobacter difficilis	556054	S	26	1	27	0.0004053385
Massilia flava	871742	S	24	3	27	0.0004053385
Acinetobacter haemolyticus	29430	S	22	5	27	0.0004053385
Aeromonas veronii	654	S	22	5	27	0.0004053385
Solimonas sp. K1W22B-7	2303331	S	27	0	27	0.0004053385
Bosea sp. RAC05	1842539	S	21	6	27	0.0004053385
Pannonibacter phragmitetus	121719	S	13	14	27	0.0004053385
Paracoccus yeei	147645	S	12	15	27	0.0004053385
Rhodobacter blasticus	1075	S	26	1	27	0.0004053385
Haematobacter massiliensis	195105	S	16	11	27	0.0004053385
Arcobacter venerupis	1054033	S	25	2	27	0.0004053385
Haliangium ochraceum	80816	S	27	0	27	0.0004053385
Microbacterium sp. SGAir0570	2070348	S	5	22	27	0.0004053385
Rhodococcus fascians	1828	S	25	2	27	0.0004053385
Blautia producta	33035	S	20	7	27	0.0004053385
Nostoc sphaeroides	446679	S	20	7	27	0.0004053385
Mariniflexile sp. TRM1-10	2027857	S	26	1	27	0.0004053385
Pseudopedobacter saltans	151895	S	20	7	27	0.0004053385
Runella sp. SP2	2268026	S	27	0	27	0.0004053385
Gemmata massiliana	1210884	S	17	10	27	0.0004053385
Variovorax sp. SRS16	282217	S	9	17	26	0.0003903259
Comamonas serinivorans	1082851	S	24	2	26	0.0003903259
Cupriavidus necator	106590	S	23	3	26	0.0003903259
Herbaspirillum rubrisubalbicans	80842	S	20	6	26	0.0003903259
Acinetobacter guillouiae	106649	S	23	3	26	0.0003903259
Alteromonas mediterranea	314275	S	13	13	26	0.0003903259
Candidatus Thiodictyon syntrophicum	1166950	S	26	0	26	0.0003903259
Legionella pneumophila	446	S	24	2	26	0.0003903259
Afipia sp. GAS231	1882747	S	15	11	26	0.0003903259
Mesorhizobium loti	381	S	9	17	26	0.0003903259
Blastochloris tepida	2233851	S	21	5	26	0.0003903259
Sphingomonas insulae	424800	S	25	1	26	0.0003903259
Sphingosinithalassobacter sp. zrk23	2711215	S	22	4	26	0.0003903259
Tsuneonella amylolytica	2338327	S	24	2	26	0.0003903259
Aliarcobacter skirrowii	28200	S	22	4	26	0.0003903259
Aurantimicrobium sp. MWH-Mo1	1987356	S	24	2	26	0.0003903259
Clostridium perfringens	1502	S	25	1	26	0.0003903259
Geminocystis sp. NIES-3708	1615909	S	24	2	26	0.0003903259
Runella slithyformis	106	S	25	1	26	0.0003903259
Aquisphaera giovannonii	406548	S	22	4	26	0.0003903259
Fusobacterium nucleatum	851	S	20	6	26	0.0003903259
uncultured crAssphage	1211417	S	26	0	26	0.0003903259
Pulveribacter suum	2116657	S	22	3	25	0.0003753134
Herbaspirillum robiniae	2014887	S	21	4	25	0.0003753134
Azoarcus olearius	418699	S	21	4	25	0.0003753134
Thauera sp. K11	2005884	S	20	5	25	0.0003753134
Bradyrhizobium sp. 6(2017)	1197460	S	22	3	25	0.0003753134
Paracoccus sanguinis	1545044	S	22	3	25	0.0003753134
Sulfitobacter sp. AM1-D1	1917485	S	12	13	25	0.0003753134
Skermanella sp. TT6	2775420	S	11	14	25	0.0003753134
Arcobacter defluvii	873191	S	22	3	25	0.0003753134
Microterricola viridarii	412690	S	22	3	25	0.0003753134
Kocuria palustris	71999	S	21	4	25	0.0003753134
Janibacter indicus	857417	S	16	9	25	0.0003753134
Chondrocystis sp. NIES-4102	2005460	S	20	5	25	0.0003753134
Pedobacter cryoconitis	188932	S	25	0	25	0.0003753134
Mucilaginibacter ginsenosidivorax	862126	S	25	0	25	0.0003753134
Lacibacter sp. S13-6-6	2760713	S	25	0	25	0.0003753134
Humisphaera borealis	2807512	S	25	0	25	0.0003753134
Borrelia crocidurae	29520	S	17	8	25	0.0003753134
Janthinobacterium lividum	29581	S	9	15	24	0.0003603009
Bordetella petrii	94624	S	18	6	24	0.0003603009
Achromobacter spanius	217203	S	21	3	24	0.0003603009
Achromobacter denitrificans	32002	S	16	8	24	0.0003603009
Azospira restricta	404405	S	20	4	24	0.0003603009
Acinetobacter pittii	48296	S	12	12	24	0.0003603009
Acinetobacter wanghuae	2662362	S	24	0	24	0.0003603009
Bosea sp. F3-2	2599640	S	19	5	24	0.0003603009
Methylobacterium sp. C1	1479019	S	5	19	24	0.0003603009
Sphingomonas taxi	1549858	S	23	1	24	0.0003603009
Sphingopyxis sp. PAMC25046	2565556	S	19	5	24	0.0003603009
Erythrobacter mangrovi	2739433	S	22	2	24	0.0003603009
Phenylobacterium zucineum	284016	S	21	3	24	0.0003603009
Magnetospirillum magneticum	84159	S	20	4	24	0.0003603009
Stella humosa	94	S	23	1	24	0.0003603009
Archangium violaceum	83451	S	20	4	24	0.0003603009
Propionibacterium freudenreichii	1744	S	13	11	24	0.0003603009
Myroides odoratimimus	76832	S	6	18	24	0.0003603009
Empedobacter brevis	247	S	19	5	24	0.0003603009
Variovorax sp. PBL-E5	434014	S	7	16	23	0.0003452883
Comamonas sp. NLF-7-7	2597701	S	19	4	23	0.0003452883
Bordetella genomosp. 13	463040	S	20	3	23	0.0003452883
Azoarcus sp. CIB	198107	S	16	7	23	0.0003452883
Azospira sp. I09	1765049	S	9	14	23	0.0003452883
Pseudomonas sp. S150	2559074	S	14	9	23	0.0003452883
Pseudomonas fragi	296	S	16	7	23	0.0003452883
Acinetobacter sp. WCHA45	2004644	S	13	10	23	0.0003452883
Salmonella enterica	28901	S	8	15	23	0.0003452883
Stenotrophomonas rhizophila	216778	S	22	1	23	0.0003452883
Xanthomonas campestris	339	S	21	2	23	0.0003452883
Cellvibrio sp. KY-YJ-3	454662	S	19	4	23	0.0003452883
Bradyrhizobium paxllaeri	190148	S	21	2	23	0.0003452883
Marinovum algicola	42444	S	16	7	23	0.0003452883
Brevundimonas subvibrioides	74313	S	21	2	23	0.0003452883
Caulobacter flavus	1679497	S	20	3	23	0.0003452883
Aliarcobacter cibarius	255507	S	21	2	23	0.0003452883
Arthrobacter agilis	37921	S	23	0	23	0.0003452883
Propionibacterium sp. oral taxon 193	671223	S	20	3	23	0.0003452883
Baekduia soli	496014	S	22	1	23	0.0003452883
Conexibacter woesei	191495	S	21	2	23	0.0003452883
Ruminococcus bicirculans	1160721	S	22	1	23	0.0003452883
Anabaena cylindrica	1165	S	20	3	23	0.0003452883
Flavobacterium sp. xlx-214	2654325	S	21	2	23	0.0003452883
Capnocytophaga canimorsus	28188	S	19	4	23	0.0003452883
Salegentibacter sp. T436	1729720	S	12	11	23	0.0003452883
Urechidicola croceus	1850246	S	14	9	23	0.0003452883
Mucilaginibacter celer	2305508	S	23	0	23	0.0003452883
Runella sp. HYN0085	2259595	S	22	1	23	0.0003452883
Gemmatirosa kalamazoonesis	861299	S	23	0	23	0.0003452883
Candidatus Cloacimonas acidaminovorans	456827	S	23	0	23	0.0003452883
Lacipirellula parvula	2650471	S	22	1	23	0.0003452883
Pirellulimonas nuda	2528009	S	22	1	23	0.0003452883
Flavobacterium phage vB_FspS_filifjonk9-1	2686245	S	11	12	23	0.0003452883
Polynucleobacter sp. LimPoW16	1743162	S	21	1	22	0.0003302758
Massilia plicata	321984	S	19	3	22	0.0003302758
Herbaspirillum frisingense	92645	S	17	5	22	0.0003302758
Chromobacterium rhizoryzae	1778675	S	8	14	22	0.0003302758
Candidatus Methylopumilus universalis	2588536	S	20	2	22	0.0003302758
Azoarcus sp. KH32C	748247	S	21	1	22	0.0003302758
Dechloromonas sp. HYN0024	2231055	S	20	2	22	0.0003302758
Acinetobacter defluvii	1871111	S	17	5	22	0.0003302758
Xanthomonas citri	346	S	21	1	22	0.0003302758
Pseudoalteromonas tetraodonis	43659	S	5	17	22	0.0003302758
Candidatus Rickettsiella viridis	676208	S	22	0	22	0.0003302758
Bradyrhizobium sp. CCBAU 051011	858422	S	20	2	22	0.0003302758
Bradyrhizobium sp. CCBAU 51765	1325102	S	19	3	22	0.0003302758
Bradyrhizobium sp. WSM471	319017	S	6	16	22	0.0003302758
Sphingomonas sp. FARSPH	2219696	S	16	6	22	0.0003302758
Sphingobium amiense	135719	S	8	14	22	0.0003302758
Sphingopyxis sp. FD7	1914525	S	18	4	22	0.0003302758
Porphyrobacter sp. HT-58-2	2023229	S	19	3	22	0.0003302758
Qipengyuania flava	192812	S	15	7	22	0.0003302758
Rhodobacter capsulatus	1061	S	21	1	22	0.0003302758
Sagittula sp. P11	2009329	S	12	10	22	0.0003302758
Plantibacter sp. M259	2583822	S	17	5	22	0.0003302758
Actinoplanes sp. OR16	946334	S	12	10	22	0.0003302758
Nonomuraea sp. ATCC 55076	1909395	S	21	1	22	0.0003302758
Enterococcus faecium	1352	S	14	8	22	0.0003302758
Dysosmobacter welbionis	2093857	S	9	13	22	0.0003302758
Moorea producens	1155739	S	22	0	22	0.0003302758
Flavobacterium sp. P2-65	2748320	S	20	2	22	0.0003302758
Flavobacterium kingsejongi	1678728	S	20	2	22	0.0003302758
Formosa sp. L2A11	2686363	S	18	4	22	0.0003302758
Paludibacter propionicigenes	185300	S	22	0	22	0.0003302758
Pedobacter ginsengisoli	363852	S	21	1	22	0.0003302758
Sphingobacterium spiritivorum	258	S	16	6	22	0.0003302758
Maioricimonas rarisocia	2528026	S	18	4	22	0.0003302758
Methanosarcina barkeri	2208	S	22	0	22	0.0003302758
Collimonas arenae	279058	S	20	1	21	0.0003152632
Candidatus Accumulibacter phosphatis	327160	S	21	0	21	0.0003152632
Thiothrix unzii	111769	S	17	4	21	0.0003152632
Bradyrhizobium icense	1274631	S	19	2	21	0.0003152632
Kaistia sp. 32K	2795690	S	18	3	21	0.0003152632
Caenibius tardaugens	169176	S	8	13	21	0.0003152632
Pseudorhodoplanes sinuspersici	1235591	S	20	1	21	0.0003152632
Sphingomonas sp. MM-1	745310	S	10	11	21	0.0003152632
Sphingomonas lacunae	2698828	S	21	0	21	0.0003152632
Sphingomonas hengshuiensis	1609977	S	21	0	21	0.0003152632
Sphingopyxis lindanitolerans	2054227	S	17	4	21	0.0003152632
Porphyrobacter sp. LM 6	1896196	S	16	5	21	0.0003152632
Paracoccus zhejiangensis	1077935	S	17	4	21	0.0003152632
Brevundimonas sp. SGAir0440	2579977	S	15	6	21	0.0003152632
Azospirillum thermophilum	2202148	S	19	2	21	0.0003152632
Aliarcobacter butzleri	28197	S	19	2	21	0.0003152632
Helicobacter pylori	210	S	20	1	21	0.0003152632
Chondromyces crocatus	52	S	21	0	21	0.0003152632
Corallococcus coralloides	184914	S	18	3	21	0.0003152632
Microbacterium sp. YJN-G	2763257	S	18	3	21	0.0003152632
Rhodococcus sp. NJ-530	2490853	S	5	16	21	0.0003152632
Nocardioides sp. HDW12B	2714939	S	18	3	21	0.0003152632
Catenulispora acidiphila	304895	S	20	1	21	0.0003152632
Pelosinus fermentans	365349	S	18	3	21	0.0003152632
Calothrix brevissima	938406	S	14	7	21	0.0003152632
Rivularia sp. PCC 7116	373994	S	20	1	21	0.0003152632
Winogradskyella forsetii	2686077	S	16	5	21	0.0003152632
Algibacter alginicilyticus	1736674	S	17	4	21	0.0003152632
Pedobacter sp. HDW13	2714940	S	19	2	21	0.0003152632
Chitinophaga sp. 1310	2725416	S	4	17	21	0.0003152632
Caulifigura coniformis	2527983	S	20	1	21	0.0003152632
Acidovorax cattleyae	80868	S	13	7	20	0.0003002507
Cupriavidus metallidurans	119219	S	14	6	20	0.0003002507
Massilia lutea	321985	S	17	3	20	0.0003002507
Denitratisoma sp. DHT3	1981880	S	16	4	20	0.0003002507
Pseudomonas azotoformans	47878	S	17	3	20	0.0003002507
Acinetobacter lanii	2715163	S	20	0	20	0.0003002507
Yersinia enterocolitica	630	S	11	9	20	0.0003002507
Rahnella aquatilis	34038	S	15	5	20	0.0003002507
Lysobacter capsici	435897	S	18	2	20	0.0003002507
Tolumonas auensis	43948	S	19	1	20	0.0003002507
Bradyrhizobium japonicum	375	S	14	6	20	0.0003002507
Sinorhizobium meliloti	382	S	13	7	20	0.0003002507
Methylobacterium sp. 4-46	426117	S	19	1	20	0.0003002507
Sphingomonas sp. LMO-1	2681549	S	20	0	20	0.0003002507
Sphingomonas sp. CL5.1	2653203	S	17	3	20	0.0003002507
Sphingopyxis sp. OPL5	2486273	S	18	2	20	0.0003002507
Blastomonas fulva	1550728	S	4	16	20	0.0003002507
Tardibacter chloracetimidivorans	1921510	S	11	9	20	0.0003002507
Tistrella mobilis	171437	S	17	3	20	0.0003002507
Roseomonas gilardii	257708	S	16	4	20	0.0003002507
Arcobacter peruensis	2320140	S	4	16	20	0.0003002507
Archangium gephyra	48	S	17	3	20	0.0003002507
Microbacterium oxydans	82380	S	16	4	20	0.0003002507
Salinibacterium sp. UTAS2018	2508880	S	20	0	20	0.0003002507
Herbiconiux sp. SALV-R1	2735133	S	18	2	20	0.0003002507
Actinomarinicola tropica	2789776	S	19	1	20	0.0003002507
Tolypothrix sp. PCC 7910	2099387	S	10	10	20	0.0003002507
Flavobacterium pallidum	2172098	S	19	1	20	0.0003002507
Tenacibaculum todarodis	1850252	S	16	4	20	0.0003002507
Myroides odoratus	256	S	19	1	20	0.0003002507
Lacinutrix sp. 5H-3-7-4	983544	S	14	6	20	0.0003002507
Chryseobacterium shandongense	1493872	S	14	6	20	0.0003002507
Mucilaginibacter sp. 14171R-50	2703789	S	20	0	20	0.0003002507
Sphingobacterium sp. ML3W	1538644	S	18	2	20	0.0003002507
Aquiflexum balticum	280473	S	20	0	20	0.0003002507
Panacibacter ginsenosidivorans	1813871	S	20	0	20	0.0003002507
Ralstonia pickettii	329	S	16	3	19	0.0002852382
Paraburkholderia acidiphila	2571747	S	17	2	19	0.0002852382
Janthinobacterium sp. LM6	1938606	S	13	6	19	0.0002852382
Undibacterium parvum	401471	S	18	1	19	0.0002852382
Collimonas fungivorans	158899	S	18	1	19	0.0002852382
Bordetella hinzii	103855	S	18	1	19	0.0002852382
Pigmentiphaga aceris	1940612	S	19	0	19	0.0002852382
Methylotenera mobilis	359408	S	18	1	19	0.0002852382
Psychrobacter sp. DAB_AL43B	1028416	S	19	0	19	0.0002852382
Rheinheimera sp. LHK132	2498451	S	19	0	19	0.0002852382
Bosea sp. ANAM02	2020412	S	15	4	19	0.0002852382
Rhizobium phaseoli	396	S	8	11	19	0.0002852382
Agrobacterium rubi	28099	S	16	3	19	0.0002852382
Methylobacterium durans	2202825	S	18	1	19	0.0002852382
Devosia sp. A16	1736675	S	18	1	19	0.0002852382
Sphingomonas sp. DH-S5	2759526	S	19	0	19	0.0002852382
Sphingomonas sp. Cra20	1327635	S	19	0	19	0.0002852382
Sphingopyxis fribergensis	1515612	S	16	3	19	0.0002852382
Erythrobacter neustonensis	1112	S	18	1	19	0.0002852382
Altererythrobacter atlanticus	1267766	S	14	5	19	0.0002852382
Croceicoccus naphthovorans	1348774	S	9	10	19	0.0002852382
Rhodobacter sp. CZR27	2033869	S	17	2	19	0.0002852382
Polymorphum gilvum	991904	S	16	3	19	0.0002852382
Mameliella alba	561184	S	16	3	19	0.0002852382
Brevundimonas diminuta	293	S	6	13	19	0.0002852382
Brevundimonas vesicularis	41276	S	6	13	19	0.0002852382
Komagataeibacter xylinus	28448	S	11	8	19	0.0002852382
Mycolicibacterium poriferae	39694	S	5	14	19	0.0002852382
Lawsonella clevelandensis	1528099	S	18	1	19	0.0002852382
Pimelobacter simplex	2045	S	14	5	19	0.0002852382
Modestobacter marinus	477641	S	16	3	19	0.0002852382
Conexibacter sp. SYSU D00693	2812560	S	17	2	19	0.0002852382
Romboutsia ilealis	1115758	S	18	1	19	0.0002852382
Pelosinus sp. UFO1	484770	S	14	5	19	0.0002852382
Microcystis aeruginosa	1126	S	16	3	19	0.0002852382
Pedobacter sp. CJ43	2605747	S	19	0	19	0.0002852382
Mucilaginibacter paludis	423351	S	19	0	19	0.0002852382
Mucilaginibacter mallensis	652787	S	19	0	19	0.0002852382
Flavisolibacter tropicus	1492898	S	17	2	19	0.0002852382
Gemmatimonas sp. TET16	2732249	S	19	0	19	0.0002852382
Pirellula sp. SH-Sr6A	1632865	S	19	0	19	0.0002852382
Ralstonia mannitolilytica	105219	S	13	5	18	0.0002702256
Paraburkholderia acidophila	265293	S	7	11	18	0.0002702256
Pseudomonas sp. phDV1	253237	S	8	10	18	0.0002702256
Acinetobacter wuhouensis	1879050	S	15	3	18	0.0002702256
Psychrobacter sp. P11F6	1699621	S	17	1	18	0.0002702256
Dyella sp. G9	2763498	S	18	0	18	0.0002702256
Thioalkalivibrio sulfidiphilus	1033854	S	16	2	18	0.0002702256
Aeromonas salmonicida	645	S	12	6	18	0.0002702256
Cellvibrio sp. PSBB023	1945512	S	16	2	18	0.0002702256
Bradyrhizobium sp. ORS 285	115808	S	16	2	18	0.0002702256
Bosea sp. AS-1	2015316	S	15	3	18	0.0002702256
Ensifer adhaerens	106592	S	13	5	18	0.0002702256
Shinella sp. PSBB067	2715959	S	10	8	18	0.0002702256
Methylobacterium sp. 17Sr1-43	2202828	S	16	2	18	0.0002702256
Methylobacterium sp. AMS5	925818	S	12	6	18	0.0002702256
Methylobacterium phyllosphaerae	418223	S	5	13	18	0.0002702256
Mesorhizobium oceanicum	1670800	S	16	2	18	0.0002702256
Devosia sp. I507	2083786	S	16	2	18	0.0002702256
Ochrobactrum sp. MT180101	2726427	S	3	15	18	0.0002702256
Sphingomonas sp. MK52	2711156	S	18	0	18	0.0002702256
Sphingomonas sp. HMP6	1517551	S	17	1	18	0.0002702256
Novosphingobium sp. PP1Y	702113	S	11	7	18	0.0002702256
Sphingopyxis sp. 113P3	292913	S	13	5	18	0.0002702256
Brevundimonas naejangsanensis	588932	S	15	3	18	0.0002702256
Terricaulis silvestris	2686094	S	18	0	18	0.0002702256
Azospirillum brasilense	192	S	12	6	18	0.0002702256
Niveispirillum cyanobacteriorum	1612173	S	16	2	18	0.0002702256
Roseococcus sp. NIBR12	2771361	S	18	0	18	0.0002702256
Arcobacter cloacae	1054034	S	14	4	18	0.0002702256
Cystobacter fuscus	43	S	13	5	18	0.0002702256
Microbacterium sp. JZ31	1906274	S	16	2	18	0.0002702256
Microbacterium sp. PAMC 28756	1795053	S	7	11	18	0.0002702256
Leifsonia sp. 21MFCrub1.1	1798223	S	5	13	18	0.0002702256
Protaetiibacter intestinalis	2419774	S	15	3	18	0.0002702256
Streptomyces lydicus	47763	S	17	1	18	0.0002702256
Nocardioides sp. zg-579	2663857	S	14	4	18	0.0002702256
Candidatus Nanopelagicus limnes	1884634	S	17	1	18	0.0002702256
Amycolatopsis sp. FDAARGOS 1241	2778070	S	17	1	18	0.0002702256
Amycolatopsis sp. Hca4	2742131	S	15	3	18	0.0002702256
Micromonospora aurantiaca	47850	S	3	15	18	0.0002702256
Blastococcus saxobsidens	138336	S	15	3	18	0.0002702256
Clostridium pasteurianum	1501	S	18	0	18	0.0002702256
Clostridium kluyveri	1534	S	18	0	18	0.0002702256
Longibaculum sp. KGMB06250	2584943	S	6	12	18	0.0002702256
Anabaena sp. WA102	1647413	S	6	12	18	0.0002702256
Dolichospermum sp. UHCC 0315A	1914871	S	2	16	18	0.0002702256
Synechocystis sp. PCC 6714	1147	S	7	11	18	0.0002702256
Acaryochloris marina	155978	S	18	0	18	0.0002702256
Stanieria sp. NIES-3757	1807358	S	15	3	18	0.0002702256
Flavobacterium alkalisoli	2602769	S	18	0	18	0.0002702256
Winogradskyella sp. PC-19	754417	S	14	4	18	0.0002702256
Zunongwangia profunda	398743	S	9	9	18	0.0002702256
Empedobacter falsenii	343874	S	12	6	18	0.0002702256
Bacteroides sp. HF-162	2785531	S	5	13	18	0.0002702256
Pedobacter steynii	430522	S	18	0	18	0.0002702256
Bernardetia litoralis	999	S	18	0	18	0.0002702256
Niastella koreensis	354356	S	17	1	18	0.0002702256
Fuerstia marisgermanicae	1891926	S	18	0	18	0.0002702256
Cupriavidus campinensis	151783	S	14	3	17	0.0002552131
Paraburkholderia phytofirmans	261302	S	12	5	17	0.0002552131
Thiomonas intermedia	926	S	12	5	17	0.0002552131
Achromobacter sp. AONIH1	1758194	S	12	5	17	0.0002552131
Acinetobacter towneri	202956	S	9	8	17	0.0002552131
Pantoea ananatis	553	S	17	0	17	0.0002552131
Stenotrophomonas acidaminiphila	128780	S	10	7	17	0.0002552131
Ahniella affigens	2021234	S	17	0	17	0.0002552131
Rheinheimera sp. F8	1763998	S	17	0	17	0.0002552131
Legionella oakridgensis	29423	S	17	0	17	0.0002552131
Bradyrhizobium canariense	255045	S	17	0	17	0.0002552131
Agrobacterium vitis	373	S	16	1	17	0.0002552131
Methylobacterium radiotolerans	31998	S	5	12	17	0.0002552131
Aureimonas sp. OT7	2816454	S	8	9	17	0.0002552131
Sphingomonas sp. LK11	1390395	S	15	2	17	0.0002552131
Sphingobium sp. RAC03	1843368	S	15	2	17	0.0002552131
Sphingobium cloacae	120107	S	6	11	17	0.0002552131
Novosphingobium sp. Gsoil 351	2675225	S	17	0	17	0.0002552131
Novosphingobium pentaromativorans	205844	S	8	9	17	0.0002552131
Sulfitobacter sp. THAF37	2587855	S	10	7	17	0.0002552131
Phaeobacter gallaeciensis	60890	S	11	6	17	0.0002552131
Celeribacter indicus	1208324	S	9	8	17	0.0002552131
Brevundimonas sp. LVF1	2774189	S	14	3	17	0.0002552131
Hypericibacter terrae	2602015	S	16	1	17	0.0002552131
Aliarcobacter faecis	1564138	S	16	1	17	0.0002552131
Rathayibacter sp. VKM Ac-2760	2609253	S	12	5	17	0.0002552131
Agromyces badenianii	2080742	S	14	3	17	0.0002552131
Mycobacterium avium	1764	S	8	9	17	0.0002552131
Cutibacterium granulosum	33011	S	16	1	17	0.0002552131
Nocardioides sp. S-713	2760089	S	14	3	17	0.0002552131
Mammaliicoccus sciuri	1296	S	13	4	17	0.0002552131
Lactiplantibacillus plantarum	1590	S	5	12	17	0.0002552131
Coprococcus sp. ART55/1	751585	S	14	3	17	0.0002552131
Eubacterium sp. NSJ-61	2764325	S	12	5	17	0.0002552131
Nostoc sp. C052	2576902	S	15	2	17	0.0002552131
Stanieria cyanosphaera	102116	S	12	5	17	0.0002552131
Cellulophaga algicola	59600	S	16	1	17	0.0002552131
Lacinutrix sp. Bg11-31	2057808	S	15	2	17	0.0002552131
Antarcticibacterium arcticum	2585771	S	16	1	17	0.0002552131
Olleya sp. Bg11-27	2058135	S	7	10	17	0.0002552131
Chryseobacterium sp. G0162	2487063	S	9	8	17	0.0002552131
Kaistella jeonii	266749	S	17	0	17	0.0002552131
Cloacibacterium normanense	237258	S	16	1	17	0.0002552131
Mucilaginibacter ginsenosidivorans	398053	S	17	0	17	0.0002552131
Arcticibacterium luteifluviistationis	1784714	S	17	0	17	0.0002552131
Chitinophaga agri	2703787	S	12	5	17	0.0002552131
Botrimarina mediterranea	2528022	S	17	0	17	0.0002552131
Methanosarcina mazei	2209	S	17	0	17	0.0002552131
Methanobrevibacter sp. YE315	1609968	S	17	0	17	0.0002552131
Cupriavidus malaysiensis	367825	S	3	13	16	0.0002402006
Ralstonia insidiosa	190721	S	14	2	16	0.0002402006
Paraburkholderia aromaticivorans	2026199	S	12	4	16	0.0002402006
Janthinobacterium sp. 17J80-10	2497863	S	16	0	16	0.0002402006
Noviherbaspirillum sp. UKPF54	2601898	S	16	0	16	0.0002402006
Pigmentiphaga sp. H8	2488560	S	16	0	16	0.0002402006
Chitinibacter sp. 2T18	2739434	S	12	4	16	0.0002402006
Pseudomonas sp. C27(2019)	2604941	S	16	0	16	0.0002402006
Pseudomonas koreensis	198620	S	14	2	16	0.0002402006
Acinetobacter cumulans	2136182	S	14	2	16	0.0002402006
Stenotrophomonas sp. LM091	1904944	S	15	1	16	0.0002402006
Xanthomonas oryzae	347	S	16	0	16	0.0002402006
Luteimonas sp. YGD11-2	2508168	S	15	1	16	0.0002402006
Alcanivorax sp. N3-2A	2014542	S	13	3	16	0.0002402006
Aeromonas hydrophila	644	S	10	6	16	0.0002402006
Methylobacterium sp. WL1	2603276	S	15	1	16	0.0002402006
Methylobacterium brachiatum	269660	S	13	3	16	0.0002402006
Methylobacterium indicum	1775910	S	13	3	16	0.0002402006
Mesorhizobium ciceri	39645	S	7	9	16	0.0002402006
Devosia sp. S02	2657486	S	15	1	16	0.0002402006
Ancylobacter sp. TS-1	1850374	S	12	4	16	0.0002402006
Nordella sp. HKS 07	2712222	S	16	0	16	0.0002402006
Chelatococcus sp. CO-6	1702325	S	9	7	16	0.0002402006
Sphingomonas sp. IC081	304378	S	4	12	16	0.0002402006
Sphingosinithalassobacter sp. CS137	2762748	S	15	1	16	0.0002402006
Tsuneonella mangrovi	1982042	S	16	0	16	0.0002402006
Paracoccus mutanolyticus	1499308	S	4	12	16	0.0002402006
Sulfitobacter pseudonitzschiae	1402135	S	13	3	16	0.0002402006
Brevundimonas sp. MF30-B	2561924	S	15	1	16	0.0002402006
Azospirillum sp. TSA2s	709810	S	10	6	16	0.0002402006
Hypericibacter adhaerens	2602016	S	15	1	16	0.0002402006
Phreatobacter sp. NMCR1094	2570229	S	15	1	16	0.0002402006
Arcobacter ellisii	913109	S	14	2	16	0.0002402006
Corallococcus macrosporus	35	S	9	7	16	0.0002402006
Bdellovibrio bacteriovorus	959	S	16	0	16	0.0002402006
Microbacterium sp. 4R-513	2567934	S	15	1	16	0.0002402006
Streptomyces bingchenggensis	379067	S	16	0	16	0.0002402006
Mycobacteroides abscessus	36809	S	11	5	16	0.0002402006
Mycobacteroides chelonae	1774	S	7	9	16	0.0002402006
Nocardia asteroides	1824	S	13	3	16	0.0002402006
Corynebacterium jeikeium	38289	S	8	8	16	0.0002402006
Tsukamurella paurometabola	2061	S	15	1	16	0.0002402006
Amycolatopsis japonica	208439	S	7	9	16	0.0002402006
Saccharopolyspora pogona	333966	S	4	12	16	0.0002402006
Micromonospora krabiensis	307121	S	14	2	16	0.0002402006
Actinoplanes friuliensis	196914	S	15	1	16	0.0002402006
Actinoplanes missouriensis	1866	S	13	3	16	0.0002402006
Phytohabitans suffuscus	624315	S	16	0	16	0.0002402006
Roseburia hominis	301301	S	11	5	16	0.0002402006
Enterocloster bolteae	208479	S	14	2	16	0.0002402006
Clostridium bornimense	1216932	S	14	2	16	0.0002402006
Monoglobus pectinilyticus	1981510	S	13	3	16	0.0002402006
Candidatus Promineofilum breve	1806508	S	16	0	16	0.0002402006
Tenacibaculum sp. SZ-18	754423	S	15	1	16	0.0002402006
Myroides phaeus	702745	S	12	4	16	0.0002402006
Chryseobacterium aureum	2497456	S	14	2	16	0.0002402006
Fluviicola taffensis	191579	S	16	0	16	0.0002402006
Alistipes shahii	328814	S	14	2	16	0.0002402006
Pedobacter sp. JBR3-12	2789740	S	16	0	16	0.0002402006
Mucilaginibacter xinganensis	1234841	S	16	0	16	0.0002402006
Mucilaginibacter mali	2740462	S	16	0	16	0.0002402006
Spirosoma sp. KCTC 42546	2520506	S	16	0	16	0.0002402006
Spirosoma radiotolerans	1379870	S	16	0	16	0.0002402006
Cytophaga hutchinsonii	985	S	16	0	16	0.0002402006
Leadbetterella byssophila	316068	S	13	3	16	0.0002402006
Flammeovirga pectinis	2494373	S	14	2	16	0.0002402006
Pseudocnuella soli	2502779	S	15	1	16	0.0002402006
Roseimaritima ulvae	980254	S	16	0	16	0.0002402006
Paludibaculum fermentans	1473598	S	16	0	16	0.0002402006
Candidatus Solibacter usitatus	332163	S	15	1	16	0.0002402006
Luteitalea pratensis	1855912	S	16	0	16	0.0002402006
Methanoregula formicica	882104	S	14	2	16	0.0002402006
Candidatus Nitrosotalea okcheonensis	1903276	S	16	0	16	0.0002402006
Polaromonas sp.	1869339	S	2	13	15	0.0002251880
Achromobacter deleyi	1353891	S	6	9	15	0.0002251880
Neisseria meningitidis	487	S	10	5	15	0.0002251880
Usitatibacter palustris	2732487	S	15	0	15	0.0002251880
Azoarcus pumilus	2067960	S	14	1	15	0.0002251880
Pseudomonas protegens	380021	S	14	1	15	0.0002251880
Pseudomonas mendocina	300	S	14	1	15	0.0002251880
Pseudomonas alcaligenes	43263	S	13	2	15	0.0002251880
Acinetobacter radioresistens	40216	S	14	1	15	0.0002251880
Acinetobacter piscicola	2006115	S	12	3	15	0.0002251880
Arenimonas daejeonensis	370777	S	15	0	15	0.0002251880
Methylovulum psychrotolerans	1704499	S	15	0	15	0.0002251880
Immundisolibacter cernigliae	1810504	S	15	0	15	0.0002251880
Bradyrhizobium sp. ORS 278	114615	S	13	2	15	0.0002251880
Bradyrhizobium sp. CCGE-LA001	1223566	S	13	2	15	0.0002251880
Bradyrhizobium ottawaense	931866	S	3	12	15	0.0002251880
Bosea vaviloviae	1526658	S	11	4	15	0.0002251880
Rhizobium sp. Khangiran2	1435607	S	7	8	15	0.0002251880
Mesorhizobium sp. NZP2077	2483404	S	13	2	15	0.0002251880
Mesorhizobium sp. 131-2-5	2744519	S	2	13	15	0.0002251880
Ancylobacter pratisalsi	1745854	S	13	2	15	0.0002251880
Sphingomonas sp. XS-10	2599297	S	15	0	15	0.0002251880
Sphingomonas sp. KC8	1030157	S	13	2	15	0.0002251880
Sphingomonas sp. NBWT7	2596913	S	13	2	15	0.0002251880
Sphingomonas paucimobilis	13689	S	12	3	15	0.0002251880
Sphingobium sp. TKS	1315974	S	6	9	15	0.0002251880
Paracoccus aminovorans	34004	S	13	2	15	0.0002251880
Octadecabacter sp. SW4	2602067	S	12	3	15	0.0002251880
Roseicitreum antarcticum	564137	S	15	0	15	0.0002251880
Defluviimonas alba	1335048	S	11	4	15	0.0002251880
Brevundimonas sp. M20	2591463	S	14	1	15	0.0002251880
Caulobacter sp. FWC26	69665	S	11	4	15	0.0002251880
Acidibrevibacterium fodinaquatile	1969806	S	15	0	15	0.0002251880
Bdellovibrio sp. NC01	2220073	S	14	1	15	0.0002251880
Microbacterium sp. No. 7	1714373	S	12	3	15	0.0002251880
Microbacterium oleivorans	273677	S	14	1	15	0.0002251880
Humibacter sp. WJ7-1	2599293	S	13	2	15	0.0002251880
Arthrobacter alpinus	656366	S	7	8	15	0.0002251880
Brevibacterium casei	33889	S	13	2	15	0.0002251880
Xylanimicrobium sp. FW10M-9	2509457	S	12	3	15	0.0002251880
Streptomyces sp. CRPJ-33	2768068	S	14	1	15	0.0002251880
Mycolicibacterium frederiksbergense	117567	S	12	3	15	0.0002251880
Rhodococcus sp. DMU1	2722825	S	5	10	15	0.0002251880
Nocardioides ungokensis	1643322	S	13	2	15	0.0002251880
Pseudonocardia broussonetiae	2736640	S	14	1	15	0.0002251880
Kutzneria albida	43357	S	14	1	15	0.0002251880
Frankia alni	1859	S	11	4	15	0.0002251880
Eggerthella lenta	84112	S	9	6	15	0.0002251880
Bacillus velezensis	492670	S	5	10	15	0.0002251880
Bacillus circulans	1397	S	14	1	15	0.0002251880
Streptococcus equinus	1335	S	13	2	15	0.0002251880
Clostridium sp. DL-VIII	641107	S	15	0	15	0.0002251880
Ruthenibacterium lactatiformans	1550024	S	14	1	15	0.0002251880
Nostoc sp. 'Peltigera membranacea cyanobiont' N6	1261031	S	13	2	15	0.0002251880
Nostoc linckia	92942	S	11	4	15	0.0002251880
Microchaete diplosiphon	1197	S	5	10	15	0.0002251880
Cyanobacterium aponinum	379064	S	14	1	15	0.0002251880
Polaribacter haliotis	1888915	S	11	4	15	0.0002251880
Kordia sp. SMS9	2282170	S	15	0	15	0.0002251880
Wenyingzhuangia fucanilytica	1790137	S	14	1	15	0.0002251880
Oceanihabitans sp. IOP_32	2529032	S	11	4	15	0.0002251880
Chryseobacterium balustinum	246	S	12	3	15	0.0002251880
Chryseobacterium nakagawai	1241982	S	7	8	15	0.0002251880
Candidatus Sulcia muelleri	336810	S	14	1	15	0.0002251880
Pedobacter suwonensis	332999	S	13	2	15	0.0002251880
Fibrella aestuarina	651143	S	15	0	15	0.0002251880
Marivirga tractuosa	1006	S	12	3	15	0.0002251880
Chitinophaga pinensis	79329	S	12	3	15	0.0002251880
Flavihumibacter sp. SB-02	2676868	S	14	1	15	0.0002251880
Ereboglobus luteus	1796921	S	15	0	15	0.0002251880
Candidatus Saccharimonas aalborgensis	1332188	S	14	1	15	0.0002251880
Burkholderia anthina	179879	S	8	6	14	0.0002101755
Paraburkholderia phenoliruptrix	252970	S	10	4	14	0.0002101755
Paraburkholderia hospita	169430	S	7	7	14	0.0002101755
Pandoraea pnomenusa	93220	S	11	3	14	0.0002101755
Limnobacter sp. SAORIC-580	2732163	S	14	0	14	0.0002101755
Janthinobacterium sp. PLB02	2808899	S	4	10	14	0.0002101755
Alcaligenes faecalis	511	S	12	2	14	0.0002101755
Castellaniella defragrans	75697	S	12	2	14	0.0002101755
Sterolibacterium denitrificans	157592	S	13	1	14	0.0002101755
Ferriphaselus amnicola	1188319	S	14	0	14	0.0002101755
Azoarcus sp. M9-3-2	2016596	S	14	0	14	0.0002101755
Pseudomonas synxantha	47883	S	11	3	14	0.0002101755
Pseudomonas psychrophila	122355	S	14	0	14	0.0002101755
Pseudomonas graminis	158627	S	13	1	14	0.0002101755
Klebsiella grimontii	2058152	S	6	8	14	0.0002101755
Enterobacter cloacae	550	S	9	5	14	0.0002101755
Lysobacter sp. TY2-98	2290922	S	14	0	14	0.0002101755
Rhodanobacter glycinis	582702	S	14	0	14	0.0002101755
Shewanella baltica	62322	S	12	2	14	0.0002101755
Piscirickettsia salmonis	1238	S	14	0	14	0.0002101755
Bradyrhizobium sp. CCBAU 51753	1325100	S	13	1	14	0.0002101755
Bradyrhizobium sp. SK17	2057741	S	11	3	14	0.0002101755
Bradyrhizobium amphicarpaeae	1404768	S	12	2	14	0.0002101755
Rhizobium favelukesii	348824	S	11	3	14	0.0002101755
Agrobacterium fabacearum	1183401	S	3	11	14	0.0002101755
Methylobacterium sp. 17Sr1-1	2202826	S	11	3	14	0.0002101755
Aminobacter sp. MSH1	374606	S	10	4	14	0.0002101755
Xanthobacter sp. YN2	2528964	S	11	3	14	0.0002101755
Sphingomonas sp. LM7	1938607	S	14	0	14	0.0002101755
Sphingobium chlorophenolicum	46429	S	9	5	14	0.0002101755
Novosphingobium sp. KA1	164608	S	4	10	14	0.0002101755
Altererythrobacter sp. TH136	2067415	S	13	1	14	0.0002101755
Salipiger profundus	1229727	S	9	5	14	0.0002101755
Magnetospirillum sp. ME-1	1639348	S	11	3	14	0.0002101755
Magnetospirillum gryphiswaldense	55518	S	14	0	14	0.0002101755
Aliarcobacter trophiarum	708186	S	14	0	14	0.0002101755
Malaciobacter mytili	603050	S	13	1	14	0.0002101755
Microbacterium sp. NY27	2782169	S	13	1	14	0.0002101755
Microbacterium sediminis	904291	S	10	4	14	0.0002101755
Streptomyces sp. TLI_053	1855352	S	13	1	14	0.0002101755
Streptomyces albus	1888	S	14	0	14	0.0002101755
Mycolicibacterium boenickei	146017	S	5	9	14	0.0002101755
Mycobacterium intracellulare	1767	S	1	13	14	0.0002101755
Nocardia seriolae	37332	S	12	2	14	0.0002101755
Nocardioides sp. zg-1228	2763008	S	12	2	14	0.0002101755
Lentzea guizhouensis	1586287	S	13	1	14	0.0002101755
Actinoplanes teichomyceticus	1867	S	12	2	14	0.0002101755
Nonomuraea nitratireducens	2656914	S	13	1	14	0.0002101755
Actinomadura sp. WMMA1423	2591108	S	13	1	14	0.0002101755
Actinomyces oris	544580	S	6	8	14	0.0002101755
Frankia sp. EAN1pec	298653	S	14	0	14	0.0002101755
Priestia megaterium	1404	S	9	5	14	0.0002101755
Jeotgalibaca porci	1868793	S	13	1	14	0.0002101755
Aerococcus urinaeequi	51665	S	12	2	14	0.0002101755
Blautia argi	1912897	S	11	3	14	0.0002101755
Nostoc sp. PCC 7524	28072	S	13	1	14	0.0002101755
Fischerella sp. NIES-4106	2005456	S	13	1	14	0.0002101755
Geminocystis sp. NIES-3709	1617448	S	13	1	14	0.0002101755
Synechococcus sp. PCC 7502	1173263	S	14	0	14	0.0002101755
Flavobacterium magnum	2162713	S	13	1	14	0.0002101755
Nonlabens sp. Ci31	2608253	S	13	1	14	0.0002101755
Cellulophaga sp. L1A9	2686362	S	11	3	14	0.0002101755
Muricauda ruestringensis	111501	S	14	0	14	0.0002101755
Algibacter sp. L1A34	2686365	S	11	3	14	0.0002101755
Kordia antarctica	1218801	S	14	0	14	0.0002101755
Bacteroides sp. CACC 737	2755405	S	5	9	14	0.0002101755
Pedobacter sp. eg	2201271	S	14	0	14	0.0002101755
Mucilaginibacter gotjawali	1550579	S	14	0	14	0.0002101755
Spirosoma endbachense	2666025	S	9	5	14	0.0002101755
Adhaeribacter radiodurans	2745197	S	14	0	14	0.0002101755
Arachidicoccus sp. B3-10	2545455	S	14	0	14	0.0002101755
Pseudobacter ginsenosidimutans	661488	S	13	1	14	0.0002101755
Tuwongella immobilis	692036	S	14	0	14	0.0002101755
Granulicella sp. 5B5	1617967	S	13	1	14	0.0002101755
Delftia tsuruhatensis	180282	S	3	10	13	0.0001951630
Candidatus Symbiobacter mobilis	1436290	S	13	0	13	0.0001951630
Burkholderia vietnamiensis	60552	S	3	10	13	0.0001951630
Burkholderia sp. CCGE1003	640512	S	12	1	13	0.0001951630
Paraburkholderia xenovorans	36873	S	7	6	13	0.0001951630
Pandoraea pulmonicola	93221	S	12	1	13	0.0001951630
Janthinobacterium sp. Marseille	375286	S	11	2	13	0.0001951630
Achromobacter pestifer	1353889	S	9	4	13	0.0001951630
Orrella dioscoreae	1851544	S	13	0	13	0.0001951630
Denitratisoma oestradiolicum	311182	S	12	1	13	0.0001951630
Methyloversatilis sp. RAC08	1842540	S	13	0	13	0.0001951630
Gallionella capsiferriformans	370405	S	13	0	13	0.0001951630
Sulfurimicrobium lacus	2715678	S	13	0	13	0.0001951630
Azoarcus sp. DD4	2027405	S	10	3	13	0.0001951630
Azoarcus communis	41977	S	12	1	13	0.0001951630
Pseudomonas orientalis	76758	S	12	1	13	0.0001951630
Pseudomonas monteilii	76759	S	8	5	13	0.0001951630
Acinetobacter sp. MYb10	1827285	S	12	1	13	0.0001951630
Acinetobacter sp. WCHA55	2004646	S	9	4	13	0.0001951630
Acinetobacter gyllenbergii	134534	S	13	0	13	0.0001951630
Leclercia adecarboxylata	83655	S	8	5	13	0.0001951630
Serratia plymuthica	82996	S	11	2	13	0.0001951630
Yersinia pestis	632	S	5	8	13	0.0001951630
Proteus mirabilis	584	S	9	4	13	0.0001951630
Lysobacter oculi	2698682	S	13	0	13	0.0001951630
Lysobacter solisilvae	2763317	S	13	0	13	0.0001951630
Thermomonas sp. XSG	2771436	S	12	1	13	0.0001951630
Pseudoxanthomonas suwonensis	314722	S	13	0	13	0.0001951630
Aeromonas sp. WP2-W18-CRE-05	2675707	S	1	12	13	0.0001951630
Thiothrix sp. Ku-5	2735563	S	13	0	13	0.0001951630
Cellvibrio japonicus	155077	S	11	2	13	0.0001951630
Methylomonas sp. DH-1	1727196	S	7	6	13	0.0001951630
Bradyrhizobium sp. 1(2017)	1404888	S	11	2	13	0.0001951630
Bradyrhizobium cosmicum	1404864	S	12	1	13	0.0001951630
Bradyrhizobium oligotrophicum	44255	S	12	1	13	0.0001951630
Rhizobium pseudoryzae	379684	S	12	1	13	0.0001951630
Rhizobium tropici	398	S	9	4	13	0.0001951630
Agrobacterium rhizogenes	359	S	8	5	13	0.0001951630
Sinorhizobium sp. M14	430451	S	2	11	13	0.0001951630
Shinella sp. HZN7	879274	S	8	5	13	0.0001951630
Methylobacterium nodulans	114616	S	13	0	13	0.0001951630
Methylobacterium currus	2051553	S	10	3	13	0.0001951630
Methylobacterium oryzae	334852	S	1	12	13	0.0001951630
Aminobacter sp. MDW-2	2666139	S	2	11	13	0.0001951630
Roseitalea porphyridii	1852022	S	12	1	13	0.0001951630
Labrys sp. KNU-23	2789216	S	13	0	13	0.0001951630
Martelella sp. AD-3	686597	S	3	10	13	0.0001951630
Hartmannibacter diazotrophicus	1482074	S	12	1	13	0.0001951630
Sphingomonas sp. AP4-R1	2735134	S	13	0	13	0.0001951630
Tsuneonella dongtanensis	692370	S	13	0	13	0.0001951630
Roseovarius sp. THAF9	2587847	S	10	3	13	0.0001951630
Phaeobacter piscinae	1580596	S	9	4	13	0.0001951630
Ruegeria pomeroyi	89184	S	13	0	13	0.0001951630
Thioclava electrotropha	1549850	S	13	0	13	0.0001951630
Pelagibaca abyssi	1250539	S	9	4	13	0.0001951630
Brevirhabdus pacifica	1267768	S	8	5	13	0.0001951630
Azospirillum oryzae	286727	S	8	5	13	0.0001951630
Azospirillum baldaniorum	1064539	S	6	7	13	0.0001951630
Magnetospirillum sp. XM-1	1663591	S	11	2	13	0.0001951630
Ferrovibrio terrae	2594003	S	13	0	13	0.0001951630
Phreatobacter stygius	1940610	S	13	0	13	0.0001951630
Anaeromyxobacter sp. Fw109-5	404589	S	13	0	13	0.0001951630
Bdellovibrio exovorus	453816	S	13	0	13	0.0001951630
Microbacterium aurum	36805	S	11	2	13	0.0001951630
Agromyces sp. KACC 19306	2592652	S	11	2	13	0.0001951630
Cnuibacter physcomitrellae	1619308	S	2	11	13	0.0001951630
Cellulomonas sp. Y8	2591145	S	11	2	13	0.0001951630
Cellulomonas shaoxiangyii	2566013	S	11	2	13	0.0001951630
Ruania sp. HY168	2603206	S	13	0	13	0.0001951630
Streptomyces griseus	1911	S	12	1	13	0.0001951630
Streptomyces avermitilis	33903	S	13	0	13	0.0001951630
Streptomyces xinghaiensis	1038928	S	12	1	13	0.0001951630
Streptomyces luteoverticillatus	66425	S	12	1	13	0.0001951630
Mycolicibacterium rutilum	370526	S	11	2	13	0.0001951630
Mycolicibacterium vanbaalenii	110539	S	2	11	13	0.0001951630
Rhodococcus hoagii	43767	S	12	1	13	0.0001951630
Corynebacterium efficiens	152794	S	13	0	13	0.0001951630
Dietzia sp. oral taxon 368	712270	S	7	6	13	0.0001951630
Tessaracoccus aquimaris	1332264	S	10	3	13	0.0001951630
Propioniciclava sp. HDW11	2714937	S	11	2	13	0.0001951630
Pseudonocardia sp. HH130630-07	1690815	S	12	1	13	0.0001951630
Pseudonocardia sp. EC080625-04	1096868	S	1	12	13	0.0001951630
Kineococcus radiotolerans	131568	S	12	1	13	0.0001951630
Bacillus amyloliquefaciens	1390	S	5	8	13	0.0001951630
Paenibacillus polymyxa	1406	S	5	8	13	0.0001951630
Enterocloster clostridioformis	1531	S	4	9	13	0.0001951630
Lacrimispora saccharolytica	84030	S	11	2	13	0.0001951630
Clostridium butyricum	1492	S	13	0	13	0.0001951630
Clostridium tetani	1513	S	13	0	13	0.0001951630
Nostoc edaphicum	264686	S	11	2	13	0.0001951630
Calothrix parietina	32054	S	13	0	13	0.0001951630
Arthrospira platensis	118562	S	4	9	13	0.0001951630
Thermus scotoductus	37636	S	9	4	13	0.0001951630
Flavobacterium album	2175091	S	13	0	13	0.0001951630
Tenacibaculum jejuense	584609	S	13	0	13	0.0001951630
Tenacibaculum mesophilum	104268	S	8	5	13	0.0001951630
Winogradskyella schleiferi	2686078	S	9	4	13	0.0001951630
Aquimarina sp. AD10	1714849	S	13	0	13	0.0001951630
Aquimarina sp. AD1	1714848	S	12	1	13	0.0001951630
Tamlana sp. s12	1630406	S	10	3	13	0.0001951630
Arenibacter algicola	616991	S	12	1	13	0.0001951630
Chryseobacterium sp. 6424	2039166	S	12	1	13	0.0001951630
Chryseobacterium lactis	1241981	S	8	5	13	0.0001951630
Elizabethkingia anophelis	1117645	S	9	4	13	0.0001951630
Bacteroides sp. M10	2763022	S	9	4	13	0.0001951630
Mucilaginibacter gossypii	551996	S	10	3	13	0.0001951630
Spirosoma sp. PL0136	2710596	S	13	0	13	0.0001951630
Rufibacter tibetensis	512763	S	11	2	13	0.0001951630
Gemmatimonas phototrophica	1379270	S	13	0	13	0.0001951630
Stieleria maiorica	2795974	S	11	2	13	0.0001951630
Planctomyces sp. SH-PL14	1632864	S	13	0	13	0.0001951630
Planctopirus ephydatiae	2528019	S	10	3	13	0.0001951630
Rubinisphaera brasiliensis	119	S	12	1	13	0.0001951630
Natrialba magadii	13769	S	13	0	13	0.0001951630
Burkholderia sp. DHOD12	2571746	S	12	0	12	0.0001801504
Burkholderia sp. Bp7605	1740163	S	12	0	12	0.0001801504
Burkholderia sp. THE68	758782	S	11	1	12	0.0001801504
Paraburkholderia sp. PGU19	2735434	S	7	5	12	0.0001801504
Caballeronia sp. M1242	2814653	S	12	0	12	0.0001801504
Herbaspirillum sp. meg3	2025949	S	12	0	12	0.0001801504
Bordetella sp. H567	1697043	S	12	0	12	0.0001801504
Bordetella bronchialis	463025	S	12	0	12	0.0001801504
Vogesella sp. LIG4	1192162	S	12	0	12	0.0001801504
Pseudogulbenkiania sp. NH8B	748280	S	11	1	12	0.0001801504
Candidatus Methylopumilus planktonicus	1581557	S	11	1	12	0.0001801504
Methylophilus medardicus	2588534	S	11	1	12	0.0001801504
Sideroxydans lithotrophicus	63745	S	12	0	12	0.0001801504
Thauera humireducens	1134435	S	11	1	12	0.0001801504
Aromatoleum aromaticum	551760	S	10	2	12	0.0001801504
Aromatoleum petrolei	76116	S	9	3	12	0.0001801504
Pseudomonas sp. 15A4	2804761	S	11	1	12	0.0001801504
Pseudomonas poae	200451	S	10	2	12	0.0001801504
Pseudomonas xinjiangensis	487184	S	12	0	12	0.0001801504
Azotobacter chroococcum	353	S	5	7	12	0.0001801504
Acinetobacter calcoaceticus	471	S	12	0	12	0.0001801504
Yersinia aldovae	29483	S	12	0	12	0.0001801504
Yersinia ruckeri	29486	S	12	0	12	0.0001801504
Candidatus Erwinia haradaeae	1922217	S	12	0	12	0.0001801504
Erwinia sp. QL-Z3	2547962	S	6	6	12	0.0001801504
Pseudoxanthomonas spadix	415229	S	12	0	12	0.0001801504
Vibrio alginolyticus	663	S	4	8	12	0.0001801504
Nitrosococcus watsonii	473531	S	7	5	12	0.0001801504
Steroidobacter denitrificans	465721	S	12	0	12	0.0001801504
Bradyrhizobium sp. BTAi1	288000	S	11	1	12	0.0001801504
Bradyrhizobium sp. CCBAU 53421	1325120	S	10	2	12	0.0001801504
Bradyrhizobium guangzhouense	1325095	S	9	3	12	0.0001801504
Bosea sp. PAMC 26642	1792307	S	10	2	12	0.0001801504
Rhizobium bangladeshense	1138189	S	11	1	12	0.0001801504
Neorhizobium sp. NCHU2750	1825976	S	10	2	12	0.0001801504
Microvirga sp. VF16	2807101	S	11	1	12	0.0001801504
Mesorhizobium sp. Pch-S	2082387	S	11	1	12	0.0001801504
Devosia sp. LEGU1	2774137	S	12	0	12	0.0001801504
Sphingomonas sp. YZ-8	2319844	S	12	0	12	0.0001801504
Sphingobium japonicum	332056	S	8	4	12	0.0001801504
Citromicrobium sp. JL477	1634516	S	10	2	12	0.0001801504
Novosphingopyxis sp. PB63	2762729	S	10	2	12	0.0001801504
Erythrobacter sp. HL-111	1798193	S	11	1	12	0.0001801504
Qipengyuania sediminis	1532023	S	12	0	12	0.0001801504
Aurantiacibacter atlanticus	1648404	S	8	4	12	0.0001801504
Paracoccus liaowanqingii	2560053	S	12	0	12	0.0001801504
Yangia sp. CCB-MM3	1792508	S	12	0	12	0.0001801504
Rhodovulum sulfidophilum	35806	S	9	3	12	0.0001801504
Roseivivax sp. THAF197b	2588299	S	2	10	12	0.0001801504
Brevundimonas sp. AJA228-03	2752515	S	12	0	12	0.0001801504
Brevundimonas sp. DS20	1532555	S	5	7	12	0.0001801504
Brevundimonas mediterranea	74329	S	10	2	12	0.0001801504
Myxococcus xanthus	34	S	9	3	12	0.0001801504
Myxococcus stipitatus	83455	S	7	5	12	0.0001801504
Melittangium boletus	83453	S	9	3	12	0.0001801504
Geobacter sp. M18	443143	S	8	4	12	0.0001801504
Geobacter sulfurreducens	35554	S	10	2	12	0.0001801504
Persicimonas caeni	2292766	S	12	0	12	0.0001801504
Bdellovibrio sp. ZAP7	2231053	S	8	4	12	0.0001801504
Microbacterium sp. 10M-3C3	2483401	S	10	2	12	0.0001801504
Microbacterium oryzae	743009	S	11	1	12	0.0001801504
Rathayibacter sp. VKM Ac-2805	2609258	S	2	10	12	0.0001801504
Curtobacterium sp. Csp1	2495429	S	1	11	12	0.0001801504
Salinibacterium sp. ZJ450	2708338	S	11	1	12	0.0001801504
Brevibacterium linens	1703	S	8	4	12	0.0001801504
Haloactinobacterium sp. HY164	2675754	S	12	0	12	0.0001801504
Streptomyces viridosporus	67581	S	11	1	12	0.0001801504
Kitasatospora sp. MMS16-BH015	2018025	S	11	1	12	0.0001801504
Mycolicibacterium arabiense	1286181	S	12	0	12	0.0001801504
Mycobacterium sp. DL592	2675524	S	11	1	12	0.0001801504
Mycobacterium gordonae	1778	S	12	0	12	0.0001801504
Nocardia arthritidis	228602	S	12	0	12	0.0001801504
Corynebacterium xerosis	1725	S	10	2	12	0.0001801504
Corynebacterium kefirresidentii	1979527	S	9	3	12	0.0001801504
Gordonia polyisoprenivorans	84595	S	12	0	12	0.0001801504
Gordonia bronchialis	2054	S	11	1	12	0.0001801504
Cutibacterium avidum	33010	S	11	1	12	0.0001801504
Microlunatus sagamiharensis	546874	S	11	1	12	0.0001801504
Nocardioides sp. CF8	110319	S	10	2	12	0.0001801504
Nocardioides sp. S-1144	2582905	S	10	2	12	0.0001801504
Nocardioides sp. dk3136	2575373	S	10	2	12	0.0001801504
Nocardioides sp. HY056	2500546	S	10	2	12	0.0001801504
Nocardioides humi	449461	S	10	2	12	0.0001801504
Micropruina glycogenica	75385	S	11	1	12	0.0001801504
Candidatus Planktophila limnetica	573600	S	12	0	12	0.0001801504
Candidatus Nanopelagicus hibericus	1884915	S	12	0	12	0.0001801504
Amycolatopsis albispora	1804986	S	9	3	12	0.0001801504
Pseudonocardia sp. AL041005-10	445576	S	11	1	12	0.0001801504
Saccharopolyspora erythraea	1836	S	11	1	12	0.0001801504
Saccharopolyspora spinosa	60894	S	6	6	12	0.0001801504
Saccharothrix espanaensis	103731	S	11	1	12	0.0001801504
Micromonospora carbonacea	47853	S	10	2	12	0.0001801504
Micromonospora terminaliae	1914461	S	10	2	12	0.0001801504
Micromonospora narathiwatensis	299146	S	10	2	12	0.0001801504
Streptosporangium roseum	2001	S	12	0	12	0.0001801504
Frankia inefficax	298654	S	12	0	12	0.0001801504
Jiangella sp. DSM 45060	1798224	S	10	2	12	0.0001801504
Geobacillus thermodenitrificans	33940	S	4	8	12	0.0001801504
Staphylococcus capitis	29388	S	11	1	12	0.0001801504
Carnobacterium maltaromaticum	2751	S	12	0	12	0.0001801504
[Clostridium] scindens	29347	S	11	1	12	0.0001801504
Sedimentibacter sp. zth1	2816908	S	12	0	12	0.0001801504
Scytonema sp. HK-05	1137095	S	9	3	12	0.0001801504
Rippkaea orientalis	2546366	S	12	0	12	0.0001801504
Cyanobium sp. NIES-981	1851505	S	11	1	12	0.0001801504
Pseudanabaena sp. ABRG5-3	685565	S	12	0	12	0.0001801504
Flavobacterium sp. CS20	2775246	S	9	3	12	0.0001801504
Polaribacter sp. L3A8	2686361	S	11	1	12	0.0001801504
Myroides fluvii	2572594	S	11	1	12	0.0001801504
Nonlabens dokdonensis	328515	S	11	1	12	0.0001801504
Maribacter sp. T28	1836467	S	12	0	12	0.0001801504
Psychroflexus sp. ALD_RP9	2777186	S	12	0	12	0.0001801504
Chryseobacterium sp. G0186	2487064	S	8	4	12	0.0001801504
Chryseobacterium carnipullorum	1124835	S	10	2	12	0.0001801504
Chryseobacterium gallinarum	1324352	S	10	2	12	0.0001801504
Empedobacter stercoris	1628248	S	11	1	12	0.0001801504
Riemerella anatipestifer	34085	S	11	1	12	0.0001801504
Bacteroides intestinalis	329854	S	12	0	12	0.0001801504
Parabacteroides sp. CT06	2025876	S	2	10	12	0.0001801504
Mucilaginibacter ginkgonis	2682091	S	12	0	12	0.0001801504
Sphingobacterium psychroaquaticum	561061	S	12	0	12	0.0001801504
Dyadobacter sp. Q3-56	2747268	S	11	1	12	0.0001801504
Algoriphagus sp. Y33	2772483	S	12	0	12	0.0001801504
Arachidicoccus ginsenosidivorans	496057	S	11	1	12	0.0001801504
Stieleria neptunia	2527979	S	12	0	12	0.0001801504
Calycomorphotria hydatis	2528027	S	12	0	12	0.0001801504
Thalassoglobus polymorphus	2527994	S	12	0	12	0.0001801504
Kiritimatiella glycovorans	1307763	S	5	7	12	0.0001801504
Tepiditoga spiralis	2108365	S	12	0	12	0.0001801504
Methanoregula boonei	358766	S	11	1	12	0.0001801504
Methanobrevibacter smithii	2173	S	12	0	12	0.0001801504
Burkholderia multivorans	87883	S	9	2	11	0.0001651379
Burkholderia sp. IDO3	1705310	S	4	7	11	0.0001651379
Burkholderia plantarii	41899	S	10	1	11	0.0001651379
Cupriavidus neocaledonicus	1040979	S	7	4	11	0.0001651379
Paraburkholderia acidisoli	2571748	S	10	1	11	0.0001651379
Pandoraea thiooxydans	445709	S	11	0	11	0.0001651379
Caballeronia sp. SBC1	2705548	S	2	9	11	0.0001651379
Janthinobacterium sp. B9-8	1236179	S	11	0	11	0.0001651379
Achromobacter insolitus	217204	S	10	1	11	0.0001651379
Laribacter hongkongensis	168471	S	10	1	11	0.0001651379
Pseudomonas psychrotolerans	237610	S	11	0	11	0.0001651379
Pseudomonas entomophila	312306	S	11	0	11	0.0001651379
Acinetobacter sp. LoGeW2-3	1808001	S	11	0	11	0.0001651379
Acinetobacter sp. ACNIH1	1636603	S	3	8	11	0.0001651379
Acinetobacter nosocomialis	106654	S	9	2	11	0.0001651379
Acinetobacter ursingii	108980	S	9	2	11	0.0001651379
Psychrobacter sp. KCTC 72983	2733866	S	5	6	11	0.0001651379
Nissabacter sp. SGAir0207	2126321	S	11	0	11	0.0001651379
Pantoea agglomerans	549	S	11	0	11	0.0001651379
Xanthomonas arboricola	56448	S	11	0	11	0.0001651379
Thermomonas sp. SY21	2202149	S	11	0	11	0.0001651379
Pseudoxanthomonas mexicana	128785	S	10	1	11	0.0001651379
Halomonas sp. MCCC 1A13718	2733488	S	11	0	11	0.0001651379
Halomonas sp. THAF5a	2587844	S	11	0	11	0.0001651379
Alcanivorax pacificus	1306787	S	11	0	11	0.0001651379
Vibrio parahaemolyticus	670	S	10	1	11	0.0001651379
Vibrio natriegens	691	S	5	6	11	0.0001651379
Legionella sp. TUM19329	2708020	S	11	0	11	0.0001651379
Sulfuricaulis limicola	1620215	S	11	0	11	0.0001651379
Bradyrhizobium sp. CCBAU 53338	1325111	S	8	3	11	0.0001651379
Bradyrhizobium arachidis	858423	S	10	1	11	0.0001651379
Bradyrhizobium symbiodeficiens	1404367	S	10	1	11	0.0001651379
Variibacter gotjawalensis	1333996	S	11	0	11	0.0001651379
Rhizobium sp. Kim5	2020311	S	3	8	11	0.0001651379
Rhizobium rhizoryzae	451876	S	10	1	11	0.0001651379
Georhizobium profundi	2341112	S	9	2	11	0.0001651379
Methylobacterium mesophilicum	39956	S	10	1	11	0.0001651379
Mesorhizobium sp. M6A.T.Cr.TU.016.01.1.1	2493677	S	9	2	11	0.0001651379
Mesorhizobium sp. M3A.F.Ca.ET.080.04.2.1	2493676	S	9	2	11	0.0001651379
Mesorhizobium erdmanii	1777866	S	9	2	11	0.0001651379
Mesorhizobium japonicum	2066070	S	8	3	11	0.0001651379
Devosia sp. MC521	2759954	S	10	1	11	0.0001651379
Aquabacter sp. L1I39	2820278	S	10	1	11	0.0001651379
Aureimonas sp. AU20	1349819	S	11	0	11	0.0001651379
Methylosinus sp. C49	2699395	S	10	1	11	0.0001651379
Sphingobium sp. MI1205	407020	S	4	7	11	0.0001651379
Parasphingopyxis algicola	2026624	S	11	0	11	0.0001651379
Allosphingosinicella indica	941907	S	11	0	11	0.0001651379
Porphyrobacter sp. CACIAM 03H1	2003315	S	10	1	11	0.0001651379
Tsuneonella flava	2055955	S	9	2	11	0.0001651379
Paraurantiacibacter namhicola	645517	S	11	0	11	0.0001651379
Paracoccus sp. H4-D09	2812658	S	10	1	11	0.0001651379
Paracoccus pantotrophus	82367	S	9	2	11	0.0001651379
Roseovarius indicus	540747	S	7	4	11	0.0001651379
Asticcacaulis excentricus	78587	S	11	0	11	0.0001651379
Rickettsia prowazekii	782	S	10	1	11	0.0001651379
Micavibrio aeruginosavorus	349221	S	11	0	11	0.0001651379
Hyphomonas sp. CACIAM 19H1	1873716	S	11	0	11	0.0001651379
Pseudoarcobacter acticola	1849015	S	11	0	11	0.0001651379
Sulfurospirillum sp. JPD-1	220622	S	1	10	11	0.0001651379
Pyxidicoccus sp. SCPEA002	2813578	S	10	1	11	0.0001651379
Anaeromyxobacter dehalogenans	161493	S	5	6	11	0.0001651379
Microbacterium sp. BH-3-3-3	1906742	S	10	1	11	0.0001651379
Microbacterium lemovicicum	1072463	S	10	1	11	0.0001651379
Microbacterium schleiferi	69362	S	9	2	11	0.0001651379
Curtobacterium sp. BH-2-1-1	1905847	S	10	1	11	0.0001651379
Cellulosimicrobium cellulans	1710	S	7	4	11	0.0001651379
Miniimonas sp. S16	2171623	S	8	3	11	0.0001651379
Streptomyces hygroscopicus	1912	S	12	-1	11	0.0001651379
Streptomyces phaeolivaceus	2653200	S	11	0	11	0.0001651379
Streptomyces aureoverticillatus	66871	S	11	0	11	0.0001651379
Kitasatospora sp. NA04385	2742135	S	9	2	11	0.0001651379
Streptacidiphilus bronchialis	2126346	S	10	1	11	0.0001651379
Mycolicibacterium smegmatis	1772	S	10	1	11	0.0001651379
Mycolicibacterium aubagnense	319707	S	10	1	11	0.0001651379
Mycobacterium sp. EPa45	1545728	S	6	5	11	0.0001651379
Rhodococcus sp. PBTS 1	1653478	S	10	1	11	0.0001651379
Nocardia nova	37330	S	11	0	11	0.0001651379
Nocardia cyriacigeorgica	135487	S	9	2	11	0.0001651379
Nocardioides sp. JQ2195	2592334	S	10	1	11	0.0001651379
Nocardioides mesophilus	433659	S	10	1	11	0.0001651379
Aeromicrobium marinum	219314	S	10	1	11	0.0001651379
Amycolatopsis orientalis	31958	S	9	2	11	0.0001651379
Saccharothrix sp. 6-C	2781735	S	10	1	11	0.0001651379
Micromonospora sp. B006	2201999	S	8	3	11	0.0001651379
Micromonospora coxensis	356852	S	9	2	11	0.0001651379
Bacillus mycoides	1405	S	9	2	11	0.0001651379
Staphylococcus hominis	1290	S	10	1	11	0.0001651379
Staphylococcus warneri	1292	S	9	2	11	0.0001651379
Jeotgalicoccus saudimassiliensis	1461582	S	11	0	11	0.0001651379
Nostoc sp. PCC 7120 = FACHB-418	103690	S	1	10	11	0.0001651379
Fischerella sp. NIES-3754	1752063	S	7	4	11	0.0001651379
Microcystis viridis	44822	S	4	7	11	0.0001651379
Chamaesiphon minutus	1173032	S	11	0	11	0.0001651379
Gloeobacter violaceus	33072	S	10	1	11	0.0001651379
Polaribacter sp. MED152	313598	S	10	1	11	0.0001651379
Polaribacter sp. Hel1_33_78	1336804	S	10	1	11	0.0001651379
Polaribacter sp. KT25b	1855336	S	10	1	11	0.0001651379
Tenacibaculum sp. DSM 106434	2358479	S	7	4	11	0.0001651379
Tenacibaculum dicentrarchi	669041	S	9	2	11	0.0001651379
Winogradskyella helgolandensis	2697010	S	10	1	11	0.0001651379
Changchengzhania lutea	2049305	S	11	0	11	0.0001651379
Chryseobacterium sp. POL2	2713414	S	9	2	11	0.0001651379
Chryseobacterium cucumeris	1813611	S	10	1	11	0.0001651379
Phocaeicola coprophilus	387090	S	9	2	11	0.0001651379
Prevotella melaninogenica	28132	S	11	0	11	0.0001651379
Sphingobacterium mizutaii	1010	S	11	0	11	0.0001651379
Solitalea canadensis	995	S	11	0	11	0.0001651379
Spirosoma taeanense	2735870	S	11	0	11	0.0001651379
Rhodocytophaga rosea	2704465	S	11	0	11	0.0001651379
Adhaeribacter swui	2086471	S	11	0	11	0.0001651379
Arachidicoccus sp. BS20	1850526	S	10	1	11	0.0001651379
Flavisolibacter ginsenosidimutans	661481	S	11	0	11	0.0001651379
Paraflavitalea soli	2315862	S	11	0	11	0.0001651379
Rhodothermus marinus	29549	S	11	0	11	0.0001651379
Chlorobaculum limnaeum	274537	S	11	0	11	0.0001651379
Pirellula staleyi	125	S	11	0	11	0.0001651379
Bremerella volcania	2527984	S	10	1	11	0.0001651379
Lignipirellula cremea	2528010	S	10	1	11	0.0001651379
Aeoliella mucimassa	2527972	S	11	0	11	0.0001651379
Crateriforma conspicua	2527996	S	9	2	11	0.0001651379
Verrucomicrobium sp. GAS474	1882831	S	11	0	11	0.0001651379
Flavobacterium phage vB_FspS_mymlan6-1	2686266	S	4	7	11	0.0001651379
Delftia sp. Cs1-4	742013	S	3	7	10	0.0001501254
Burkholderia territorii	1503055	S	7	3	10	0.0001501254
Burkholderia lata	482957	S	7	3	10	0.0001501254
Paraburkholderia graminis	60548	S	9	1	10	0.0001501254
Paraburkholderia tropica	92647	S	9	1	10	0.0001501254
Paraburkholderia fungorum	134537	S	9	1	10	0.0001501254
Paraburkholderia caribensis	75105	S	7	3	10	0.0001501254
Chitinimonas arctica	2594795	S	10	0	10	0.0001501254
Herminiimonas arsenitoxidans	1809410	S	9	1	10	0.0001501254
Bordetella pseudohinzii	1331258	S	10	0	10	0.0001501254
Achromobacter sp. MFA1 R4	1881016	S	9	1	10	0.0001501254
Chromobacterium vaccinii	1108595	S	9	1	10	0.0001501254
Deefgea sp. D17	2739061	S	10	0	10	0.0001501254
Sulfuriferula sp. AH1	1985873	S	10	0	10	0.0001501254
Sulfuricella denitrificans	649841	S	10	0	10	0.0001501254
Thauera hydrothermalis	2184083	S	10	0	10	0.0001501254
Niveibacterium sp. HC41	2811415	S	10	0	10	0.0001501254
Pseudomonas plecoglossicida	70775	S	7	3	10	0.0001501254
Pseudomonas citronellolis	53408	S	7	3	10	0.0001501254
Pseudomonas viridiflava	33069	S	10	0	10	0.0001501254
Pseudomonas prosekii	1148509	S	10	0	10	0.0001501254
Pseudomonas oryzae	1392877	S	10	0	10	0.0001501254
Pseudomonas rhizosphaerae	216142	S	10	0	10	0.0001501254
Pseudomonas eucalypticola	2599595	S	10	0	10	0.0001501254
Pseudomonas frederiksbergensis	104087	S	9	1	10	0.0001501254
Oblitimonas alkaliphila	1697053	S	10	0	10	0.0001501254
Acinetobacter sp. YH12138	2601122	S	9	1	10	0.0001501254
Acinetobacter bereziniae	106648	S	10	0	10	0.0001501254
Acinetobacter larvae	1789224	S	10	0	10	0.0001501254
Psychrobacter sp. G	571800	S	4	6	10	0.0001501254
Klebsiella quasipneumoniae	1463165	S	5	5	10	0.0001501254
Serratia proteamaculans	28151	S	8	2	10	0.0001501254
Wigglesworthia glossinidia	51229	S	10	0	10	0.0001501254
Pectobacterium brasiliense	180957	S	6	4	10	0.0001501254
Xanthomonas hortorum	56454	S	9	1	10	0.0001501254
Rhodanobacter denitrificans	666685	S	10	0	10	0.0001501254
Halomonas sp. THAF12	2587849	S	9	1	10	0.0001501254
Halomonas sp. A3H3	1346287	S	2	8	10	0.0001501254
Vibrio campbellii	680	S	9	1	10	0.0001501254
Photobacterium damselae	38293	S	8	2	10	0.0001501254
Ectothiorhodospira haloalkaliphila	421628	S	10	0	10	0.0001501254
Ectothiorhodospira sp. BSL-9	1442136	S	10	0	10	0.0001501254
Haemophilus parainfluenzae	729	S	10	0	10	0.0001501254
Methylomonas sp. LW13	107637	S	5	5	10	0.0001501254
Methylococcus sp. EFPC2	2812648	S	9	1	10	0.0001501254
Bradyrhizobium sp. LCT2	2493093	S	4	6	10	0.0001501254
Neorhizobium sp. SOG26	2060726	S	9	1	10	0.0001501254
Ensifer sojae	716925	S	6	4	10	0.0001501254
Microvirga sp. 17 mud 1-3	2082949	S	9	1	10	0.0001501254
Mesorhizobium sp. M7D.F.Ca.US.005.01.1.1	2493678	S	8	2	10	0.0001501254
Nitratireductor sp. SY7	2599600	S	9	1	10	0.0001501254
Devosia ginsengisoli	400770	S	9	1	10	0.0001501254
Starkeya sp. ORNL1	2709380	S	9	1	10	0.0001501254
Methylocystis parvus	134	S	10	0	10	0.0001501254
Methylocella tundrae	227605	S	10	0	10	0.0001501254
Sphingomonas sp. C8-2	2492837	S	6	4	10	0.0001501254
Sphingobium sp. Cam5-1	2789327	S	7	3	10	0.0001501254
Sphingobium sp. PAMC28499	2565554	S	4	6	10	0.0001501254
Sphingobium herbicidovorans	76947	S	6	4	10	0.0001501254
Altererythrobacter sp. B11	2060312	S	8	2	10	0.0001501254
Paracoccus sp. Arc7-R13	2500532	S	9	1	10	0.0001501254
Sulfitobacter sp. SK012	1389005	S	10	0	10	0.0001501254
Pseudooceanicola algae	1537215	S	10	0	10	0.0001501254
Silicimonas algicola	1826607	S	10	0	10	0.0001501254
Azospirillum lipoferum	193	S	8	2	10	0.0001501254
Rhodospirillum centenum	34018	S	9	1	10	0.0001501254
Nitrospirillum amazonense	28077	S	10	0	10	0.0001501254
Roseomonas sp. 546	2768162	S	8	2	10	0.0001501254
Campylobacter jejuni	197	S	6	4	10	0.0001501254
Vulgatibacter incomptus	1391653	S	10	0	10	0.0001501254
Microbacterium sp. A18JL241	2782166	S	9	1	10	0.0001501254
Microbacterium sp. 1S1	2606451	S	6	4	10	0.0001501254
Microbacterium caowuchunii	2614638	S	10	0	10	0.0001501254
Microbacterium pygmaeum	370764	S	10	0	10	0.0001501254
Agromyces aureus	453304	S	9	1	10	0.0001501254
Aurantimicrobium minutum	708131	S	7	3	10	0.0001501254
Leifsonia sp. PS1209	2724914	S	8	2	10	0.0001501254
Leucobacter triazinivorans	1784719	S	9	1	10	0.0001501254
Cryobacterium arcticum	670052	S	8	2	10	0.0001501254
Microcella alkaliphila	279828	S	10	0	10	0.0001501254
Rothia kristinae	37923	S	8	2	10	0.0001501254
Zhihengliuella sp. ISTPL4	2058657	S	4	6	10	0.0001501254
Dermacoccus sp. PAMC28757	2762331	S	9	1	10	0.0001501254
Cellulomonas flavigena	1711	S	9	1	10	0.0001501254
Arsenicicoccus sp. oral taxon 190	1658671	S	9	1	10	0.0001501254
Brevibacterium sp. CS2	2575923	S	9	1	10	0.0001501254
Serinicoccus hydrothermalis	1758689	S	8	2	10	0.0001501254
Beutenbergia cavernae	84757	S	10	0	10	0.0001501254
Streptomyces sp. CdTB01	1725411	S	10	0	10	0.0001501254
Streptomyces sp. SUK 48	2582831	S	9	1	10	0.0001501254
Streptomyces sp. WAC 06738	2203210	S	7	3	10	0.0001501254
Streptomyces cattleya	29303	S	10	0	10	0.0001501254
Streptomyces nodosus	40318	S	10	0	10	0.0001501254
Streptomyces spectabilis	68270	S	10	0	10	0.0001501254
Streptomyces tsukubensis	83656	S	10	0	10	0.0001501254
Streptomyces capitiformicae	2014920	S	10	0	10	0.0001501254
Kitasatospora albolonga	68173	S	8	2	10	0.0001501254
Mycolicibacterium fluoranthenivorans	258505	S	10	0	10	0.0001501254
Mycolicibacterium chitae	1792	S	9	1	10	0.0001501254
Mycobacterium branderi	43348	S	10	0	10	0.0001501254
Gordonia ajococcus	1292359	S	5	5	10	0.0001501254
Tsukamurella tyrosinosolvens	57704	S	9	1	10	0.0001501254
Dietzia timorensis	499555	S	7	3	10	0.0001501254
Tessaracoccus defluvii	1285901	S	6	4	10	0.0001501254
Tessaracoccus flavus	1610493	S	6	4	10	0.0001501254
Nocardioides anomalus	2712223	S	9	1	10	0.0001501254
Aeromicrobium yanjiei	2662028	S	8	2	10	0.0001501254
Candidatus Nanopelagicus abundans	1884916	S	10	0	10	0.0001501254
Micromonospora echinofusca	47858	S	9	1	10	0.0001501254
Thermobispora bispora	2006	S	10	0	10	0.0001501254
Thermomonospora curvata	2020	S	9	1	10	0.0001501254
Alkalihalobacillus halodurans	86665	S	9	1	10	0.0001501254
Peribacillus simplex	1478	S	5	5	10	0.0001501254
Sporosarcina ureae	1571	S	10	0	10	0.0001501254
Lacticaseibacillus paracasei	1597	S	4	6	10	0.0001501254
Blautia sp. LZLJ-3	2779518	S	10	0	10	0.0001501254
Ruminococcus champanellensis	1161942	S	10	0	10	0.0001501254
Calothrix sp. NIES-2100	1954172	S	4	6	10	0.0001501254
Anabaenopsis elenkinii	156213	S	9	1	10	0.0001501254
Sphaerospermopsis kisseleviana	289435	S	9	1	10	0.0001501254
Trichodesmium erythraeum	1206	S	10	0	10	0.0001501254
Microcoleus sp. PCC 7113	1173027	S	9	1	10	0.0001501254
Polaribacter sp. SA4-12	1312072	S	9	1	10	0.0001501254
Nonlabens sp. MB-3u-79	2058134	S	9	1	10	0.0001501254
Maribacter sp. 1_2014MBL_MicDiv	1644130	S	6	4	10	0.0001501254
Cellulophaga lytica	979	S	9	1	10	0.0001501254
Aquimarina sp. TRL1	2736252	S	10	0	10	0.0001501254
Gramella echinicola	279359	S	10	0	10	0.0001501254
Gramella sp. MAR_2010_147	1250205	S	10	0	10	0.0001501254
Olleya aquimaris	639310	S	7	3	10	0.0001501254
Chryseobacterium sp. G0201	2487065	S	9	1	10	0.0001501254
Chryseobacterium piperi	558152	S	10	0	10	0.0001501254
Elizabethkingia sp. JS20170427COW	2583851	S	10	0	10	0.0001501254
Draconibacterium orientale	1168034	S	8	2	10	0.0001501254
Pedobacter sp. PACM 27299	1727164	S	10	0	10	0.0001501254
Sphingobacterium sp. DR205	2713573	S	10	0	10	0.0001501254
Sphingobacterium daejeonense	371142	S	9	1	10	0.0001501254
Spirosoma aerolatum	1211326	S	10	0	10	0.0001501254
Hymenobacter sp. PAMC 26628	1484118	S	10	0	10	0.0001501254
Echinicola sp. 20G	2781961	S	10	0	10	0.0001501254
Belliella baltica	232259	S	9	1	10	0.0001501254
Chitinophaga sp. XS-30	2604421	S	10	0	10	0.0001501254
Arachidicoccus soli	2341117	S	10	0	10	0.0001501254
Prosthecochloris aestuarii	1102	S	10	0	10	0.0001501254
Gimesia panareensis	2527978	S	9	1	10	0.0001501254
Gimesia chilikensis	2605989	S	7	3	10	0.0001501254
Terriglobus roseus	392734	S	10	0	10	0.0001501254
Candidatus Koribacter versatilis	658062	S	10	0	10	0.0001501254
Nitrospira moscoviensis	42253	S	10	0	10	0.0001501254
Halolamina sp. CBA1230	1853690	S	9	1	10	0.0001501254
Proteus virus Isfahan	2560650	S	10	0	10	0.0001501254
Burkholderia pyrrocinia	60550	S	6	3	9	0.0001351128
Cupriavidus sp. USMAA2-4	876364	S	2	7	9	0.0001351128
Cupriavidus gilardii	82541	S	2	7	9	0.0001351128
Pandoraea norimbergensis	93219	S	9	0	9	0.0001351128
Pandoraea fibrosis	1891094	S	7	2	9	0.0001351128
Bordetella sp. N	1746199	S	9	0	9	0.0001351128
Bordetella trematum	123899	S	9	0	9	0.0001351128
Bordetella genomosp. 9	1416803	S	9	0	9	0.0001351128
Bordetella genomosp. 8	1416806	S	9	0	9	0.0001351128
Kerstersia gyiorum	206506	S	9	0	9	0.0001351128
Chromobacterium sp. ATCC 53434	2059672	S	8	1	9	0.0001351128
Aquitalea denitrificans	519081	S	6	3	9	0.0001351128
Methylophilus sp. TWE2	1662285	S	9	0	9	0.0001351128
Candidatus Nitrotoga sp. AM1P	2559597	S	9	0	9	0.0001351128
Azoarcus sp. DN11	356837	S	7	2	9	0.0001351128
Thauera chlorobenzoica	96773	S	7	2	9	0.0001351128
Oryzomicrobium terrae	1735038	S	8	1	9	0.0001351128
Pseudomonas sp. S35	1573719	S	9	0	9	0.0001351128
Pseudomonas sp. Y39-6	2749807	S	3	6	9	0.0001351128
Pseudomonas sp. SWI7	2587597	S	2	7	9	0.0001351128
Pseudomonas fulva	47880	S	9	0	9	0.0001351128
Pseudomonas asturiensis	1190415	S	9	0	9	0.0001351128
Pseudomonas savastanoi	29438	S	2	7	9	0.0001351128
Pseudomonas yamanorum	515393	S	9	0	9	0.0001351128
Acinetobacter sp. NCu2D-2	1608473	S	9	0	9	0.0001351128
Acinetobacter dispersus	70348	S	9	0	9	0.0001351128
Acinetobacter venetianus	52133	S	9	0	9	0.0001351128
Psychrobacter sp. P2G3	1699622	S	4	5	9	0.0001351128
Enterobacter asburiae	61645	S	5	4	9	0.0001351128
Dickeya dianthicola	204039	S	5	4	9	0.0001351128
Lysobacter antibioticus	84531	S	9	0	9	0.0001351128
Thermomonas brevis	215691	S	9	0	9	0.0001351128
Luteimonas sp. MC1572	2799325	S	7	2	9	0.0001351128
Luteibacter pinisoli	2589080	S	8	1	9	0.0001351128
Alteromonas macleodii	28108	S	8	1	9	0.0001351128
Pseudoalteromonas luteoviolacea	43657	S	9	0	9	0.0001351128
Cobetia sp. AM6	2661553	S	3	6	9	0.0001351128
Marinobacterium georgiense	48076	S	9	0	9	0.0001351128
Photobacterium profundum	74109	S	9	0	9	0.0001351128
Beggiatoa leptomitoformis	288004	S	9	0	9	0.0001351128
Kineobactrum salinum	2708301	S	9	0	9	0.0001351128
Methylocaldum marinum	1432792	S	9	0	9	0.0001351128
Bradyrhizobium sp. PSBB068	2715960	S	8	1	9	0.0001351128
Bradyrhizobium sp. CCBAU 53340	1325112	S	7	2	9	0.0001351128
Rhizobium sp. CIAT894	2020312	S	7	2	9	0.0001351128
Rhizobium sp. TAL182	2020313	S	2	7	9	0.0001351128
Rhizobium ruizarguesonis	2081791	S	2	7	9	0.0001351128
Rhizobium etli	29449	S	2	7	9	0.0001351128
Methylobacterium sp. DM1	2067957	S	4	5	9	0.0001351128
Mesorhizobium sp. WSM1497	278153	S	3	6	9	0.0001351128
Hoeflea phototrophica	244596	S	9	0	9	0.0001351128
Hyphomicrobium nitrativorans	1427356	S	9	0	9	0.0001351128
Methyloligella sp. GL2	2742204	S	9	0	9	0.0001351128
Pseudolabrys sp. FHR47	2562284	S	8	1	9	0.0001351128
Azorhizobium caulinodans	7	S	8	1	9	0.0001351128
Stappia sp. ES.058	1881061	S	9	0	9	0.0001351128
Methylocystis bryophila	655015	S	9	0	9	0.0001351128
Bartonella sp. HY038	2759660	S	7	2	9	0.0001351128
Sphingomonas lutea	1045317	S	9	0	9	0.0001351128
Sphingomonas rhizophila	2071607	S	9	0	9	0.0001351128
Sphingobium sp. EP60837	1855519	S	8	1	9	0.0001351128
Sphingobium sp. SYK-6	627192	S	7	2	9	0.0001351128
Paracoccus jeotgali	2065379	S	9	0	9	0.0001351128
Paracoccus contaminans	1945662	S	8	1	9	0.0001351128
Pontivivens sp. MT2928	2789856	S	9	0	9	0.0001351128
Ketogulonicigenium vulgare	92945	S	8	1	9	0.0001351128
Brevundimonas sp. GRTSA-9	2800818	S	9	0	9	0.0001351128
Azospirillum thiophilum	528244	S	8	1	9	0.0001351128
Acetobacter pasteurianus	438	S	5	4	9	0.0001351128
Lichenicola cladoniae	1484109	S	9	0	9	0.0001351128
Orientia tsutsugamushi	784	S	9	0	9	0.0001351128
Aliarcobacter lanthieri	1355374	S	9	0	9	0.0001351128
[Arcobacter] porcinus	1935204	S	8	1	9	0.0001351128
Caminibacter mediatlanticus	291048	S	9	0	9	0.0001351128
Desulfococcus multivorans	897	S	9	0	9	0.0001351128
Desulfobacter postgatei	2293	S	8	1	9	0.0001351128
Silvanigrella aquatica	1915309	S	9	0	9	0.0001351128
Microbacterium sp. TPU 3598	1938334	S	8	1	9	0.0001351128
Microbacterium sp. LKL04	912630	S	8	1	9	0.0001351128
Microbacterium chocolatum	84292	S	8	1	9	0.0001351128
Agromyces flavus	589382	S	8	1	9	0.0001351128
Salinibacterium sp. ZJ70	2708084	S	8	1	9	0.0001351128
Leifsonia xyli	1575	S	8	1	9	0.0001351128
Agrococcus jejuensis	399736	S	7	2	9	0.0001351128
Marisediminicola antarctica	674079	S	9	0	9	0.0001351128
Glaciihabitans sp. INWT7	2596912	S	9	0	9	0.0001351128
Paenarthrobacter sp. YJN-D	2735317	S	7	2	9	0.0001351128
Janibacter limosus	53458	S	9	0	9	0.0001351128
Streptomyces sp. ZYC-3	2797636	S	9	0	9	0.0001351128
Streptomyces sp. YIM 121038	2136401	S	9	0	9	0.0001351128
Streptomyces sp. CB01881	2078691	S	9	0	9	0.0001351128
Streptomyces sp. SS52	2563602	S	4	5	9	0.0001351128
Streptomyces griseochromogenes	68214	S	9	0	9	0.0001351128
Streptomyces armeniacus	83291	S	9	0	9	0.0001351128
Streptomyces dengpaensis	2049881	S	9	0	9	0.0001351128
Streptomyces paludis	2282738	S	9	0	9	0.0001351128
Streptomyces buecherae	2763006	S	9	0	9	0.0001351128
Mycolicibacterium aurum	1791	S	9	0	9	0.0001351128
Mycolicibacterium sarraceniae	1534348	S	9	0	9	0.0001351128
Mycolicibacterium anyangense	1431246	S	9	0	9	0.0001351128
Mycolicibacterium moriokaense	39691	S	9	0	9	0.0001351128
Mycolicibacterium phlei	1771	S	8	1	9	0.0001351128
Mycolicibacterium duvalii	39688	S	8	1	9	0.0001351128
Mycobacterium sp. ELW1	1547487	S	5	4	9	0.0001351128
Rhodococcus ruber	1830	S	8	1	9	0.0001351128
Nocardia yunnanensis	2382165	S	8	1	9	0.0001351128
Corynebacterium halotolerans	225326	S	9	0	9	0.0001351128
Corynebacterium tuberculostearicum	38304	S	7	2	9	0.0001351128
Gordonia terrae	2055	S	8	1	9	0.0001351128
Gordonia rubripertincta	36822	S	7	2	9	0.0001351128
Microlunatus sp. KUDC0627	2596828	S	9	0	9	0.0001351128
Microlunatus phosphovorus	29405	S	9	0	9	0.0001351128
Microlunatus soli	630515	S	9	0	9	0.0001351128
Nocardioides sp. MC1495	2736757	S	8	1	9	0.0001351128
Nocardioides marinisabuli	419476	S	7	2	9	0.0001351128
Amycolatopsis sp. AA4	1896961	S	9	0	9	0.0001351128
Pseudonocardia sp. CGMCC 4.1532	2761535	S	9	0	9	0.0001351128
Plantactinospora sp. KBS50	2024580	S	9	0	9	0.0001351128
Verrucosispora sp. NA02020	2742132	S	7	2	9	0.0001351128
Streptosporangium sp. 'caverna'	2202249	S	9	0	9	0.0001351128
Nakamurella multipartita	53461	S	9	0	9	0.0001351128
Jatrophihabitans sp. GAS493	1907575	S	9	0	9	0.0001351128
Bacillus dafuensis	1742359	S	9	0	9	0.0001351128
Bacillus gobiensis	1441095	S	9	0	9	0.0001351128
Bacillus altitudinis	293387	S	7	2	9	0.0001351128
Streptococcus equi	1336	S	3	6	9	0.0001351128
Melissococcus plutonius	33970	S	9	0	9	0.0001351128
Herbinix luporum	1679721	S	7	2	9	0.0001351128
Clostridium sp. CT4	2320868	S	9	0	9	0.0001351128
Clostridium isatidis	182773	S	9	0	9	0.0001351128
Clostridium septicum	1504	S	9	0	9	0.0001351128
Clostridium tyrobutyricum	1519	S	9	0	9	0.0001351128
Clostridium estertheticum	238834	S	9	0	9	0.0001351128
Clostridium intestinale	36845	S	9	0	9	0.0001351128
Candidatus Arthromitus sp. SFB-rat-Yit	1041504	S	3	6	9	0.0001351128
Acidaminococcus intestini	187327	S	9	0	9	0.0001351128
Nostoc sp. CENA543	1869241	S	9	0	9	0.0001351128
Calothrix sp. PCC 7507	99598	S	7	2	9	0.0001351128
Scytonema sp. NIES-4073	2005464	S	6	3	9	0.0001351128
Brasilonema sennae	1397703	S	8	1	9	0.0001351128
Gloeothece citriformis	2546356	S	9	0	9	0.0001351128
Candidatus Atelocyanobacterium thalassa	713887	S	8	1	9	0.0001351128
Dactylococcopsis salina	292566	S	7	2	9	0.0001351128
Leptolyngbya sp. O-77	1080068	S	5	4	9	0.0001351128
Leptolyngbya boryana	1184	S	8	1	9	0.0001351128
Chroococcidiopsis thermalis	54299	S	9	0	9	0.0001351128
Brevefilum fermentans	1986204	S	9	0	9	0.0001351128
Flavobacterium arcticum	1784713	S	9	0	9	0.0001351128
Polaribacter sp. L12M9	2738844	S	7	2	9	0.0001351128
Polaribacter sp. KT 15	1896175	S	3	6	9	0.0001351128
Polaribacter reichenbachii	996801	S	9	0	9	0.0001351128
Polaribacter vadi	1774273	S	9	0	9	0.0001351128
Capnocytophaga sp. oral taxon 878	1316596	S	7	2	9	0.0001351128
Winogradskyella sp. PG-2	754409	S	9	0	9	0.0001351128
Maribacter sp. HTCC2170	313603	S	9	0	9	0.0001351128
Maribacter sp. MJ134	2496865	S	9	0	9	0.0001351128
Formosa agariphila	320324	S	8	1	9	0.0001351128
Formosa sediminum	2594004	S	8	1	9	0.0001351128
Gramella forsetii	411153	S	8	1	9	0.0001351128
Algibacter sp. L3A6	2686366	S	7	2	9	0.0001351128
Psychroflexus torquis	57029	S	9	0	9	0.0001351128
Tamlana carrageenivorans	2069432	S	7	2	9	0.0001351128
Flavivirga eckloniae	1803846	S	9	0	9	0.0001351128
Croceibacter atlanticus	313588	S	8	1	9	0.0001351128
Chryseobacterium sp. NBC 122	2547600	S	9	0	9	0.0001351128
Chryseobacterium haifense	421525	S	4	5	9	0.0001351128
Elizabethkingia miricola	172045	S	7	2	9	0.0001351128
Bacteroides sp. HF-5287	2650157	S	8	1	9	0.0001351128
Bacteroides eggerthii	28111	S	8	1	9	0.0001351128
Prevotella dentalis	52227	S	9	0	9	0.0001351128
Butyricimonas faecalis	2093856	S	6	3	9	0.0001351128
Salinivirga cyanobacteriivorans	1307839	S	9	0	9	0.0001351128
Fibrella sp. ES10-3-2-2	1834519	S	9	0	9	0.0001351128
Dyadobacter fermentans	94254	S	8	1	9	0.0001351128
Hymenobacter sp. APR13	1356852	S	8	1	9	0.0001351128
Hymenobacter sp. DG01	2584940	S	8	1	9	0.0001351128
Algoriphagus machipongonensis	388413	S	9	0	9	0.0001351128
Cyclobacterium marinum	104	S	9	0	9	0.0001351128
Chryseolinea soli	2321403	S	9	0	9	0.0001351128
Candidatus Cyclonatronum proteinivorum	1457365	S	8	1	9	0.0001351128
Rosistilla oblonga	2527990	S	8	1	9	0.0001351128
Gimesia maris	122	S	8	1	9	0.0001351128
Alienimonas californiensis	2527989	S	9	0	9	0.0001351128
Phycisphaera mikurensis	547188	S	9	0	9	0.0001351128
Fusobacterium canifelinum	285729	S	7	2	9	0.0001351128
Methanobacterium lacus	877455	S	9	0	9	0.0001351128
Polynucleobacter sp. MWH-UH21B	1743174	S	7	1	8	0.0001201003
Burkholderia sp. MSMB617WGS	1637831	S	3	5	8	0.0001201003
Burkholderia glumae	337	S	6	2	8	0.0001201003
Paraburkholderia sp. 7MH5	2547399	S	8	0	8	0.0001201003
Paraburkholderia sp. Msb3	2604047	S	5	3	8	0.0001201003
Pandoraea vervacti	656178	S	7	1	8	0.0001201003
Pandoraea sp. XY-2	2518599	S	7	1	8	0.0001201003
Pandoraea oxalativorans	573737	S	6	2	8	0.0001201003
Caballeronia insecticola	758793	S	8	0	8	0.0001201003
Lautropia mirabilis	47671	S	8	0	8	0.0001201003
Herbaspirillum hiltneri	341045	S	8	0	8	0.0001201003
Glaciimonas sp. PAMC28666	2807626	S	8	0	8	0.0001201003
Bordetella holmesii	35814	S	8	0	8	0.0001201003
Chromobacterium violaceum	536	S	7	1	8	0.0001201003
Microvirgula aerodenitrificans	57480	S	8	0	8	0.0001201003
Vitreoscilla sp. C1	96942	S	8	0	8	0.0001201003
Crenobacter cavernae	2290923	S	8	0	8	0.0001201003
Sulfuriferula plumbiphila	171865	S	8	0	8	0.0001201003
Usitatibacter rugosus	2732067	S	8	0	8	0.0001201003
Pseudomonas sp. SK	2729423	S	8	0	8	0.0001201003
Pseudomonas sp. PONIH3	1636610	S	3	5	8	0.0001201003
Pseudomonas trivialis	200450	S	7	1	8	0.0001201003
Pseudomonas marincola	437900	S	8	0	8	0.0001201003
Pseudomonas pohangensis	364197	S	8	0	8	0.0001201003
Pseudomonas extremaustralis	359110	S	8	0	8	0.0001201003
Pseudomonas brassicacearum	930166	S	4	4	8	0.0001201003
Acinetobacter sp. Marseille-Q1620	2714110	S	8	0	8	0.0001201003
Acinetobacter sp. TGL-Y2	1407071	S	8	0	8	0.0001201003
Acinetobacter seifertii	1530123	S	7	1	8	0.0001201003
Acinetobacter shaoyimingii	2715164	S	8	0	8	0.0001201003
Citrobacter sp. LUTT5	2697370	S	2	6	8	0.0001201003
Candidatus Hamiltonella defensa	138072	S	8	0	8	0.0001201003
Kluyvera intermedia	61648	S	7	1	8	0.0001201003
Serratia symbiotica	138074	S	8	0	8	0.0001201003
Pantoea sp. SO10	2575375	S	8	0	8	0.0001201003
Edwardsiella tarda	636	S	2	6	8	0.0001201003
Stenotrophomonas sp. 169	2770322	S	8	0	8	0.0001201003
Xanthomonas vesicatoria	56460	S	7	1	8	0.0001201003
Luteimonas sp. JM171	1896164	S	8	0	8	0.0001201003
Luteimonas sp. MC1750	2799326	S	8	0	8	0.0001201003
Rhodanobacter sp. FDAARGOS 1247	2778082	S	8	0	8	0.0001201003
Marinobacter sp. NP-4(2019)	2488665	S	7	1	8	0.0001201003
Paraglaciecola sp. L1A13	2686359	S	8	0	8	0.0001201003
Glaciecola amylolytica	2489595	S	8	0	8	0.0001201003
Shewanella putrefaciens	24	S	4	4	8	0.0001201003
Marinobacterium aestuarii	1821621	S	8	0	8	0.0001201003
Alcanivorax dieselolei	285091	S	5	3	8	0.0001201003
Vibrio metschnikovii	28172	S	8	0	8	0.0001201003
Thiocystis violascens	73141	S	8	0	8	0.0001201003
Thioalkalivibrio paradoxus	108010	S	8	0	8	0.0001201003
Aeromonas sp. ASNIH4	1636609	S	3	5	8	0.0001201003
Cycloclasticus sp. PY97N	728003	S	2	6	8	0.0001201003
Francisella sp. LA112445	1395624	S	8	0	8	0.0001201003
Bradyrhizobium zhanjiangense	1325107	S	8	0	8	0.0001201003
Tardiphaga sp. vice278	2592815	S	1	7	8	0.0001201003
Rhizobium sp. 11515TR	2028343	S	8	0	8	0.0001201003
Rhizobium sp. NZLR1	2731096	S	7	1	8	0.0001201003
Rhizobium oryzihabitans	2267833	S	4	4	8	0.0001201003
Neorhizobium galegae	399	S	8	0	8	0.0001201003
Mesorhizobium sp. M1A.F.Ca.IN.022.06.1.1	2493680	S	7	1	8	0.0001201003
Mesorhizobium sp. 131-2-1	2744518	S	6	2	8	0.0001201003
Mesorhizobium huakuii	28104	S	4	4	8	0.0001201003
Blastochloris viridis	1079	S	7	1	8	0.0001201003
Pelagibacterium halotolerans	531813	S	8	0	8	0.0001201003
Youhaiella tibetensis	1447062	S	8	0	8	0.0001201003
Paradevosia shaoguanensis	1335043	S	4	4	8	0.0001201003
Martelella mediterranea	293089	S	5	3	8	0.0001201003
Methylocystis rosea	173366	S	8	0	8	0.0001201003
Bartonella apis	1686310	S	8	0	8	0.0001201003
Methylovirgula ligni	569860	S	8	0	8	0.0001201003
Sphingomonas sp. HDW15C	2714944	S	8	0	8	0.0001201003
Sphingobium sp. SCG-1	2072936	S	8	0	8	0.0001201003
Sphingorhabdus sp. JK6	2725558	S	8	0	8	0.0001201003
Blastomonas sp. RAC04	1842535	S	2	6	8	0.0001201003
Erythrobacter sp. KY5	2011159	S	8	0	8	0.0001201003
Altererythrobacter sp. BO-6	2604537	S	8	0	8	0.0001201003
Altererythrobacter epoxidivorans	361183	S	7	1	8	0.0001201003
Sulfitobacter mediterraneus	83219	S	7	1	8	0.0001201003
Celeribacter marinus	1397108	S	8	0	8	0.0001201003
Rhodobaca barguzinensis	441209	S	8	0	8	0.0001201003
Oceanicola sp. D3	2587163	S	8	0	8	0.0001201003
Azospirillum ramasamyi	682998	S	6	2	8	0.0001201003
Thalassospira sp. B30-1	2785911	S	6	2	8	0.0001201003
Acidiphilium multivorum	62140	S	2	6	8	0.0001201003
Ehrlichia ruminantium	779	S	6	2	8	0.0001201003
Campylobacter concisus	199	S	8	0	8	0.0001201003
Myxococcus sp. SCHIC003	2813577	S	5	3	8	0.0001201003
Stigmatella aurantiaca	41	S	7	1	8	0.0001201003
Desulfovibrio vulgaris	881	S	8	0	8	0.0001201003
Desulfonema limicola	45656	S	8	0	8	0.0001201003
Desulfosarcina ovata	83564	S	8	0	8	0.0001201003
Desulfobacula toluolica	28223	S	8	0	8	0.0001201003
Hydrogenophilus thermoluteolus	297	S	8	0	8	0.0001201003
Microbacterium sp. CBA3102	2603598	S	7	1	8	0.0001201003
Candidatus Rhodoluna planktonica	535712	S	8	0	8	0.0001201003
Agromyces protaetiae	2509455	S	7	1	8	0.0001201003
Protaetiibacter sp. SSC-01	2759943	S	7	1	8	0.0001201003
Humibacter sp. BT305	2282656	S	1	7	8	0.0001201003
Frondihabitans sp. 762G35	1446794	S	8	0	8	0.0001201003
Gryllotalpicola protaetiae	2419771	S	8	0	8	0.0001201003
Lysinimonas sp. KACC 19322	2592654	S	7	1	8	0.0001201003
Frigoribacterium sp. NBH87	2596916	S	7	1	8	0.0001201003
Arthrobacter sp. 24S4-2	2575374	S	8	0	8	0.0001201003
Arthrobacter sp. YN	2020486	S	6	2	8	0.0001201003
Rothia mucilaginosa	43675	S	8	0	8	0.0001201003
Citricoccus sp. SGAir0253	2567881	S	8	0	8	0.0001201003
Cellulomonas sp. PSBB021	2003551	S	6	2	8	0.0001201003
Cellulomonas gilvus	11	S	7	1	8	0.0001201003
Ornithinimicrobium sp. AMA3305	2283195	S	8	0	8	0.0001201003
Brachybacterium saurashtrense	556288	S	7	1	8	0.0001201003
Isoptericola dokdonensis	372663	S	7	1	8	0.0001201003
Sanguibacter keddieii	60920	S	8	0	8	0.0001201003
Sanguibacter sp. HDW7	2714931	S	8	0	8	0.0001201003
Luteimicrobium xylanilyticum	1133546	S	8	0	8	0.0001201003
Streptomyces sp. So13.3	2136173	S	8	0	8	0.0001201003
Streptomyces sp. NHF165	2175864	S	8	0	8	0.0001201003
Streptomyces sp. NA04227	2742136	S	8	0	8	0.0001201003
Streptomyces sp. GS7	2692234	S	8	0	8	0.0001201003
Streptomyces sp. NA02950	2742137	S	8	0	8	0.0001201003
Streptomyces sp. ADI95-16	1522758	S	6	2	8	0.0001201003
Streptomyces sp. 3211	1964449	S	6	2	8	0.0001201003
Streptomyces fodineus	1904616	S	8	0	8	0.0001201003
Streptomyces cyanogenus	80860	S	8	0	8	0.0001201003
Streptomyces ferrugineus	1413221	S	8	0	8	0.0001201003
Streptomyces lunaelactis	1535768	S	8	0	8	0.0001201003
Streptomyces broussonetiae	2686304	S	8	0	8	0.0001201003
Kitasatospora setae	2066	S	7	1	8	0.0001201003
Kitasatospora aureofaciens	1894	S	2	6	8	0.0001201003
Mycolicibacterium sediminis	1286180	S	8	0	8	0.0001201003
Mycolicibacterium celeriflavum	1249101	S	8	0	8	0.0001201003
Mycolicibacterium gilvum	1804	S	5	3	8	0.0001201003
Mycobacterium saskatchewanense	220927	S	8	0	8	0.0001201003
Mycobacterium dioxanotrophicus	482462	S	7	1	8	0.0001201003
Mycobacterium grossiae	1552759	S	7	1	8	0.0001201003
Mycobacteroides salmoniphilum	404941	S	8	0	8	0.0001201003
Rhodococcus sp. W8901	2742603	S	8	0	8	0.0001201003
Rhodococcus rhodochrous	1829	S	7	1	8	0.0001201003
Nocardia mangyaensis	2213200	S	7	1	8	0.0001201003
Corynebacterium sphenisci	191493	S	8	0	8	0.0001201003
Gordonia phthalatica	1136941	S	7	1	8	0.0001201003
Aeromicrobium choanae	1736691	S	7	1	8	0.0001201003
Mumia sp. ZJ1417	2708082	S	8	0	8	0.0001201003
Kribbella flavida	182640	S	8	0	8	0.0001201003
Actinosynnema pretiosum	42197	S	5	3	8	0.0001201003
Actinosynnema mirum	40567	S	1	7	8	0.0001201003
Micromonospora sp. 28ISP2-46	2749844	S	7	1	8	0.0001201003
Micromonospora chokoriensis	356851	S	7	1	8	0.0001201003
Bifidobacterium catenulatum	1686	S	7	1	8	0.0001201003
Bifidobacterium pseudocatenulatum	28026	S	6	2	8	0.0001201003
Actinomadura sp. WMMB 499	1219491	S	8	0	8	0.0001201003
Schaalia sp. JY-X169	2758572	S	8	0	8	0.0001201003
Acidothermus cellulolyticus	28049	S	8	0	8	0.0001201003
Euzebya sp. DY32-46	1608957	S	8	0	8	0.0001201003
Bacillus sp. FJAT-22090	1581038	S	8	0	8	0.0001201003
Bacillus sp. X1(2014)	1565991	S	8	0	8	0.0001201003
Bacillus sp. Pc3	1446792	S	1	7	8	0.0001201003
Bacillus methanolicus	1471	S	8	0	8	0.0001201003
[Brevibacterium] frigoritolerans	450367	S	1	7	8	0.0001201003
Peribacillus asahii	228899	S	7	1	8	0.0001201003
Staphylococcus xylosus	1288	S	8	0	8	0.0001201003
Paenibacillus sp. FSL H7-0357	1536774	S	8	0	8	0.0001201003
Paenibacillus cellulosilyticus	375489	S	8	0	8	0.0001201003
Tumebacillus avium	1903704	S	2	6	8	0.0001201003
Listeria monocytogenes	1639	S	6	2	8	0.0001201003
Lactobacillus amylovorus	1604	S	7	1	8	0.0001201003
Streptococcus pneumoniae	1313	S	7	1	8	0.0001201003
Streptococcus gallolyticus	315405	S	6	2	8	0.0001201003
Streptococcus lutetiensis	150055	S	3	5	8	0.0001201003
Butyrivibrio fibrisolvens	831	S	8	0	8	0.0001201003
Clostridium saccharobutylicum	169679	S	8	0	8	0.0001201003
Clostridium gasigenes	94869	S	8	0	8	0.0001201003
Clostridium carboxidivorans	217159	S	8	0	8	0.0001201003
Clostridium taeniosporum	394958	S	8	0	8	0.0001201003
Caloramator sp. E03	2576307	S	8	0	8	0.0001201003
Romboutsia sp. CE17	2724150	S	8	0	8	0.0001201003
Intestinimonas butyriciproducens	1297617	S	8	0	8	0.0001201003
Flintibacter sp. KGMB00164	2610895	S	8	0	8	0.0001201003
Halobacteroides halobius	42422	S	8	0	8	0.0001201003
Erysipelatoclostridium ramosum	1547	S	8	0	8	0.0001201003
[Clostridium] innocuum	1522	S	7	1	8	0.0001201003
Tissierellia sp. JN-28	2507161	S	8	0	8	0.0001201003
Nostoc sp. TCL240-02	2572090	S	6	2	8	0.0001201003
Trichormus azollae	1164	S	8	0	8	0.0001201003
Calothrix sp. NIES-2098	1954171	S	3	5	8	0.0001201003
Oscillatoria acuminata	118323	S	8	0	8	0.0001201003
Planktothrix rubescens	59512	S	7	1	8	0.0001201003
Geminocystis herdmanii	669359	S	8	0	8	0.0001201003
Leptolyngbya sp. PCC 7376	111781	S	8	0	8	0.0001201003
Gloeobacter kilaueensis	1416614	S	7	1	8	0.0001201003
Acholeplasma axanthum	29552	S	8	0	8	0.0001201003
Anaerolinea thermophila	167964	S	7	1	8	0.0001201003
Polaribacter sejongensis	985043	S	8	0	8	0.0001201003
Capnocytophaga gingivalis	1017	S	8	0	8	0.0001201003
Lacinutrix sp. WUR7	2653681	S	7	1	8	0.0001201003
Antarcticibacterium flavum	2058175	S	7	1	8	0.0001201003
Dokdonia sp. 4H-3-7-5	983548	S	5	3	8	0.0001201003
Sediminicola sp. YIK13	1453352	S	8	0	8	0.0001201003
Costertonia aggregata	343403	S	7	1	8	0.0001201003
Leeuwenhoekiella sp. ZYFB001	2719912	S	7	1	8	0.0001201003
Chryseobacterium joostei	112234	S	6	2	8	0.0001201003
Chryseobacterium arthrosphaerae	651561	S	6	2	8	0.0001201003
Chryseobacterium manosquense	2754694	S	3	5	8	0.0001201003
Elizabethkingia meningoseptica	238	S	8	0	8	0.0001201003
Ornithobacterium rhinotracheale	28251	S	7	1	8	0.0001201003
Owenweeksia hongkongensis	253245	S	8	0	8	0.0001201003
Prevotella intermedia	28131	S	8	0	8	0.0001201003
Paraprevotella xylaniphila	454155	S	7	1	8	0.0001201003
Alistipes dispar	2585119	S	8	0	8	0.0001201003
Rufibacter radiotolerans	1379910	S	8	0	8	0.0001201003
Salinibacter ruber	146919	S	8	0	8	0.0001201003
Ignavibacterium album	591197	S	8	0	8	0.0001201003
Aureliella helgolandensis	2527968	S	8	0	8	0.0001201003
Isosphaera pallida	128	S	8	0	8	0.0001201003
Parachlamydia acanthamoebae	83552	S	7	1	8	0.0001201003
Leptospira interrogans	173	S	8	0	8	0.0001201003
Brachyspira pilosicoli	52584	S	8	0	8	0.0001201003
Deferribacter desulfuricans	197162	S	8	0	8	0.0001201003
Halorubrum sp. RHB-C	2739057	S	7	1	8	0.0001201003
Haloquadratum walsbyi	293091	S	8	0	8	0.0001201003
Halomicrobium sp. LC1Hm	2610902	S	2	6	8	0.0001201003
Halobacterium sp. DL1	751944	S	2	6	8	0.0001201003
Methanosphaera sp. BMS	1789762	S	8	0	8	0.0001201003
Candidatus Prometheoarchaeum syntrophicum	2594042	S	8	0	8	0.0001201003
Delftia sp. HK171	1920191	S	2	5	7	0.0001050877
Burkholderia seminalis	488731	S	5	2	7	0.0001050877
Burkholderia sp. MS455	2811788	S	4	3	7	0.0001050877
Burkholderia sp. KBS0801	1179675	S	2	5	7	0.0001050877
Burkholderia thailandensis	57975	S	6	1	7	0.0001050877
Burkholderia mallei	13373	S	1	6	7	0.0001050877
Cupriavidus pinatubonensis	248026	S	5	2	7	0.0001050877
Paraburkholderia terricola	169427	S	6	1	7	0.0001050877
Paraburkholderia atlantica	2654982	S	6	1	7	0.0001050877
Herbaspirillum huttiense	863372	S	5	2	7	0.0001050877
Bordetella avium	521	S	7	0	7	0.0001050877
Bordetella flabilis	463014	S	7	0	7	0.0001050877
Nitrosomonas sp. AL212	153948	S	7	0	7	0.0001050877
Nitrosomonas europaea	915	S	7	0	7	0.0001050877
Nitrosospira lacus	1288494	S	7	0	7	0.0001050877
Azospira oryzae	146939	S	3	4	7	0.0001050877
Aromatoleum bremense	76115	S	6	1	7	0.0001050877
Candidatus Kinetoplastibacterium galatii	994695	S	7	0	7	0.0001050877
Candidatus Kinetoplastibacterium sorsogonicusi	1576550	S	7	0	7	0.0001050877
Casimicrobium huifangae	2591109	S	7	0	7	0.0001050877
Pseudomonas sp. S1-A32-2	2731681	S	7	0	7	0.0001050877
Pseudomonas sp. S09G 359	2054919	S	7	0	7	0.0001050877
Pseudomonas sp. ADAK13	2730847	S	7	0	7	0.0001050877
Pseudomonas sp. K2W31S-8	2320867	S	7	0	7	0.0001050877
Pseudomonas sp. CC6-YY-74	1930532	S	7	0	7	0.0001050877
Pseudomonas sp. DY-1	1755504	S	7	0	7	0.0001050877
Pseudomonas sp. URMO17WK12:I11	1283291	S	5	2	7	0.0001050877
Pseudomonas cichorii	36746	S	7	0	7	0.0001050877
Pseudomonas lundensis	86185	S	7	0	7	0.0001050877
Pseudomonas arsenicoxydans	702115	S	7	0	7	0.0001050877
Pseudomonas guangdongensis	1245526	S	7	0	7	0.0001050877
Pseudomonas taetrolens	47884	S	7	0	7	0.0001050877
Acinetobacter sp. FDAARGOS_724	2545797	S	2	5	7	0.0001050877
Acinetobacter equi	1324350	S	7	0	7	0.0001050877
Psychrobacter sp. P11G5	1699624	S	3	4	7	0.0001050877
Psychrobacter arcticus	334543	S	7	0	7	0.0001050877
Aquirhabdus parva	2283318	S	7	0	7	0.0001050877
Klebsiella aerogenes	548	S	7	0	7	0.0001050877
Raoultella terrigena	577	S	5	2	7	0.0001050877
Erwinia gerundensis	1619313	S	7	0	7	0.0001050877
Proteus vulgaris	585	S	4	3	7	0.0001050877
Proteus terrae	1574161	S	1	6	7	0.0001050877
Hafnia alvei	569	S	5	2	7	0.0001050877
Xanthomonas translucens	343	S	7	0	7	0.0001050877
Xanthomonas cassavae	56450	S	7	0	7	0.0001050877
Lysobacter sp. H23M47	2781024	S	1	6	7	0.0001050877
Lysobacter soli	453783	S	7	0	7	0.0001050877
Lysobacter lycopersici	1324796	S	7	0	7	0.0001050877
Lysobacter arenosi	2795387	S	7	0	7	0.0001050877
Luteimonas yindakuii	2565782	S	7	0	7	0.0001050877
Dyella thiooxydans	445710	S	7	0	7	0.0001050877
Marinobacter sp. LQ44	1749259	S	4	3	7	0.0001050877
Shewanella sp. KX20019	2803864	S	7	0	7	0.0001050877
Shewanella donghaensis	238836	S	7	0	7	0.0001050877
Halomonas sp. HG01	1609967	S	7	0	7	0.0001050877
Halomonas chromatireducens	507626	S	7	0	7	0.0001050877
Neptunomonas japonica	417574	S	7	0	7	0.0001050877
Vibrio diabolicus	50719	S	5	2	7	0.0001050877
Vibrio mediterranei	689	S	7	0	7	0.0001050877
Aliivibrio fischeri	668	S	7	0	7	0.0001050877
Grimontia hollisae	673	S	7	0	7	0.0001050877
Acidihalobacter aeolianus	2792603	S	7	0	7	0.0001050877
Granulosicoccus antarcticus	437505	S	7	0	7	0.0001050877
Guyparkeria halophila	47960	S	7	0	7	0.0001050877
Cellvibrio sp. PSBB006	1987723	S	7	0	7	0.0001050877
Teredinibacter turnerae	2426	S	7	0	7	0.0001050877
Microbulbifer sp. SH-1	2681547	S	7	0	7	0.0001050877
Legionella spiritensis	452	S	7	0	7	0.0001050877
Legionella israelensis	454	S	7	0	7	0.0001050877
Legionella sainthelensi	28087	S	7	0	7	0.0001050877
Legionella lansingensis	45067	S	7	0	7	0.0001050877
Tatlockia micdadei	451	S	7	0	7	0.0001050877
Methylomonas sp. LL1	2785785	S	7	0	7	0.0001050877
Methylomonas methanica	421	S	7	0	7	0.0001050877
Methylomonas rhizoryzae	2608981	S	7	0	7	0.0001050877
Methylococcus sp. IM1	2681310	S	6	1	7	0.0001050877
Methylococcus capsulatus	414	S	7	0	7	0.0001050877
Candidatus Methylospira mobilis	1808979	S	7	0	7	0.0001050877
Sinimarinibacterium sp. NLF-5-8	2698684	S	7	0	7	0.0001050877
endosymbiont of unidentified scaly snail isolate Monju	1248727	S	7	0	7	0.0001050877
Bradyrhizobium genosp. L	83637	S	7	0	7	0.0001050877
Rhizobium sp. BG4	2613770	S	7	0	7	0.0001050877
Rhizobium sp. IE4771	1301032	S	2	5	7	0.0001050877
Rhizobium acidisoli	1538158	S	5	2	7	0.0001050877
Sinorhizobium sp. BG8	2613773	S	7	0	7	0.0001050877
Methylobacterium terrae	2202827	S	6	1	7	0.0001050877
Microvirga ossetica	1882682	S	6	1	7	0.0001050877
Mesorhizobium sp. INR15	2654248	S	7	0	7	0.0001050877
Mesorhizobium sp. J8	2777475	S	6	1	7	0.0001050877
Mesorhizobium sp. M1D.F.Ca.ET.043.01.1.1	2493669	S	5	2	7	0.0001050877
Mesorhizobium sp. L-8-3	2744522	S	2	5	7	0.0001050877
Mesorhizobium sp. L-8-10	2744523	S	2	5	7	0.0001050877
Oricola thermophila	2742145	S	7	0	7	0.0001050877
Lentilitoribacter sp. Alg239-R112	2305987	S	7	0	7	0.0001050877
Devosia sp. G19	2801335	S	7	0	7	0.0001050877
Stappia indica	538381	S	6	1	7	0.0001050877
Aureimonas populi	1701758	S	7	0	7	0.0001050877
Parvibaculum lavamentivorans	256618	S	5	2	7	0.0001050877
Sphingomonas sp. C33	2698679	S	7	0	7	0.0001050877
Sphingobium sp. YBL2	484429	S	1	6	7	0.0001050877
Sphingobium barthaii	1054037	S	2	5	7	0.0001050877
Sphingopyxis sp. QXT-31	1357916	S	6	1	7	0.0001050877
Sphingorhabdus sp. SMR4y	2584094	S	6	1	7	0.0001050877
Parasphingopyxis sp. CP4	2724527	S	7	0	7	0.0001050877
Parasphingorhabdus sp. JHSY0214	2806553	S	7	0	7	0.0001050877
Erythrobacter aureus	2182384	S	7	0	7	0.0001050877
Paracoccus suum	2259340	S	6	1	7	0.0001050877
Paracoccus denitrificans	266	S	6	1	7	0.0001050877
Rhodobacter sp. LPB0142	1850250	S	5	2	7	0.0001050877
Roseovarius sp. THAF8	2587846	S	4	3	7	0.0001050877
Roseovarius sp. TM1035	391613	S	2	5	7	0.0001050877
Roseovarius faecimaris	2494550	S	7	0	7	0.0001050877
Salipiger pacificus	311180	S	7	0	7	0.0001050877
Octadecabacter arcticus	53946	S	5	2	7	0.0001050877
Ruegeria sp. THAF33	2587853	S	6	1	7	0.0001050877
Leisingera methylohalidivorans	133924	S	6	1	7	0.0001050877
Thalassococcus sp. S3	2017482	S	7	0	7	0.0001050877
Thalassobius gelatinovorus	53501	S	7	0	7	0.0001050877
Pseudohalocynthiibacter aestuariivivens	1591409	S	6	1	7	0.0001050877
Phenylobacterium parvum	2201350	S	7	0	7	0.0001050877
Defluviicoccus vanus	111831	S	7	0	7	0.0001050877
Acetobacter aceti	435	S	7	0	7	0.0001050877
Acetobacter sp. KACC 21233	2592655	S	7	0	7	0.0001050877
Gluconacetobacter diazotrophicus	33996	S	7	0	7	0.0001050877
Kozakia baliensis	153496	S	7	0	7	0.0001050877
Phreatobacter cathodiphilus	1868589	S	7	0	7	0.0001050877
Candidatus Paracaedibacter acanthamoebae	91604	S	6	1	7	0.0001050877
Malaciobacter pacificus	1080223	S	7	0	7	0.0001050877
Halarcobacter bivalviorum	663364	S	7	0	7	0.0001050877
Poseidonibacter lekithochrous	1904463	S	7	0	7	0.0001050877
Sulfuricurvum kujiense	148813	S	6	1	7	0.0001050877
Desulfovibrio gigas	879	S	7	0	7	0.0001050877
Desulfovibrio sulfodismutans	63561	S	7	0	7	0.0001050877
Desulfovibrio marinus	370038	S	7	0	7	0.0001050877
Desulfovibrio carbinolicus	296842	S	6	1	7	0.0001050877
Desulfovibrio alaskensis	58180	S	5	2	7	0.0001050877
Pseudodesulfovibrio aespoeensis	182210	S	6	1	7	0.0001050877
Desulfuromonas sp. DDH964	1823759	S	7	0	7	0.0001050877
Desulfonema magnum	45655	S	7	0	7	0.0001050877
Bradymonas sediminis	1548548	S	7	0	7	0.0001050877
Acidithiobacillus ferrivorans	160808	S	7	0	7	0.0001050877
Acidithiobacillus caldus	33059	S	6	1	7	0.0001050877
Acidithiobacillus ferrooxidans	920	S	4	3	7	0.0001050877
Microbacterium sp. RG1	2489212	S	7	0	7	0.0001050877
Microbacterium sp. WY121	2782168	S	7	0	7	0.0001050877
Microbacterium sp. Y-01	2048898	S	6	1	7	0.0001050877
Microbacterium sp. A18JL200	2782167	S	6	1	7	0.0001050877
Rathayibacter rathayi	33887	S	6	1	7	0.0001050877
Agrococcus carbonis	684552	S	6	1	7	0.0001050877
Diaminobutyricimonas sp. LJ205	2683590	S	7	0	7	0.0001050877
Kocuria flava	446860	S	7	0	7	0.0001050877
Arthrobacter sp. ERGS1:01	1704044	S	7	0	7	0.0001050877
Arthrobacter sp. Rue61a	1118963	S	1	6	7	0.0001050877
Paenarthrobacter aurescens	43663	S	1	6	7	0.0001050877
Auritidibacter sp. NML130574	2170745	S	7	0	7	0.0001050877
Janibacter sp. YB324	2761047	S	4	3	7	0.0001050877
Ornithinimicrobium sp. HY006	2508882	S	7	0	7	0.0001050877
Brachybacterium ginsengisoli	1331682	S	6	1	7	0.0001050877
Georgenia sp. Z294	2585135	S	7	0	7	0.0001050877
Georgenia faecalis	2483799	S	7	0	7	0.0001050877
Streptomyces sp. PBH53	1577075	S	7	0	7	0.0001050877
Streptomyces sp. P3	2135430	S	7	0	7	0.0001050877
Streptomyces sp. MBT27	1488356	S	7	0	7	0.0001050877
Streptomyces sp. SM18	1736046	S	7	0	7	0.0001050877
Streptomyces sp. C8S0	2585716	S	7	0	7	0.0001050877
Streptomyces sp. SN-593	659352	S	7	0	7	0.0001050877
Streptomyces sp. 2323.1	1938841	S	7	0	7	0.0001050877
Streptomyces sp. RLB1-33	2721243	S	6	1	7	0.0001050877
Streptomyces anulatus	1892	S	6	1	7	0.0001050877
Streptomyces rimosus	1927	S	7	0	7	0.0001050877
Streptomyces galilaeus	33899	S	7	0	7	0.0001050877
Streptomyces nojiriensis	66374	S	7	0	7	0.0001050877
Streptomyces lincolnensis	1915	S	7	0	7	0.0001050877
Streptomyces griseocarneus	51201	S	7	0	7	0.0001050877
Streptomyces vietnamensis	362257	S	7	0	7	0.0001050877
Streptomyces asterosporus	285570	S	7	0	7	0.0001050877
Streptomyces roseochromogenus	285450	S	7	0	7	0.0001050877
Streptomyces bathyalis	2710756	S	7	0	7	0.0001050877
Streptomyces fulvissimus	68202	S	6	1	7	0.0001050877
Streptacidiphilus sp. P02-A3a	2704468	S	7	0	7	0.0001050877
Mycolicibacterium psychrotolerans	216929	S	7	0	7	0.0001050877
Mycolicibacterium goodii	134601	S	7	0	7	0.0001050877
Mycolicibacterium litorale	758802	S	6	1	7	0.0001050877
Mycolicibacterium insubricum	444597	S	6	1	7	0.0001050877
Mycolicibacterium monacense	85693	S	1	6	7	0.0001050877
Mycolicibacterium nivoides	2487344	S	1	6	7	0.0001050877
Mycobacterium sp. JS623	212767	S	7	0	7	0.0001050877
Mycobacterium sp. YC-RL4	1682113	S	6	1	7	0.0001050877
Mycobacterium kubicae	120959	S	6	1	7	0.0001050877
Mycobacterium kansasii	1768	S	7	0	7	0.0001050877
Mycobacterium conspicuum	44010	S	7	0	7	0.0001050877
Mycobacterium seoulense	386911	S	6	1	7	0.0001050877
Mycolicibacter minnesotensis	1118379	S	7	0	7	0.0001050877
Rhodococcus sp. SGAir0479	2567884	S	7	0	7	0.0001050877
Rhodococcus sp. ZPP	2749906	S	2	5	7	0.0001050877
Rhodococcus sp. YL-1	1045808	S	2	5	7	0.0001050877
Rhodococcus opacus	37919	S	6	1	7	0.0001050877
Rhodococcus jostii	132919	S	6	1	7	0.0001050877
Nocardia otitidiscaviarum	1823	S	7	0	7	0.0001050877
Nocardia terpenica	455432	S	7	0	7	0.0001050877
Gordonia iterans	1004901	S	6	1	7	0.0001050877
Brevilactibacter sp. MC1595	2819349	S	6	1	7	0.0001050877
Nocardioides sp. WS12	2486272	S	7	0	7	0.0001050877
Nocardioides sp. HDW12A	2714938	S	6	1	7	0.0001050877
Nocardioides sp. 603	2483798	S	6	1	7	0.0001050877
Nocardioides aromaticivorans	200618	S	6	1	7	0.0001050877
Nocardioides houyundeii	2045452	S	6	1	7	0.0001050877
Nocardioides seonyuensis	2518371	S	6	1	7	0.0001050877
Aeromicrobium sp. zg-629	2663859	S	6	1	7	0.0001050877
Pseudonocardia autotrophica	2074	S	7	0	7	0.0001050877
Allokutzneria albata	211114	S	7	0	7	0.0001050877
Micromonospora sp. HM134	2583243	S	6	1	7	0.0001050877
Micromonospora echinaurantiaca	47857	S	6	1	7	0.0001050877
Micromonospora inositola	47865	S	6	1	7	0.0001050877
Bifidobacterium thermophilum	33905	S	7	0	7	0.0001050877
Streptomonospora sp. M2	2498135	S	7	0	7	0.0001050877
Geodermatophilus obscurus	1861	S	6	1	7	0.0001050877
Olsenella timonensis	1805478	S	6	1	7	0.0001050877
Olsenella umbonata	604330	S	5	2	7	0.0001050877
Bacillus cytotoxicus	580165	S	7	0	7	0.0001050877
Lysinibacillus sp. 2017	2169540	S	7	0	7	0.0001050877
Lysinibacillus sphaericus	1421	S	6	1	7	0.0001050877
Virgibacillus halodenitrificans	1482	S	5	2	7	0.0001050877
Staphylococcus nepalensis	214473	S	7	0	7	0.0001050877
Staphylococcus haemolyticus	1283	S	6	1	7	0.0001050877
Paenibacillus sp. B01	2660554	S	7	0	7	0.0001050877
Brevibacillus sp. SCSIO 07484	2496837	S	7	0	7	0.0001050877
Sporosarcina psychrophila	1476	S	3	4	7	0.0001050877
Ligilactobacillus salivarius	1624	S	7	0	7	0.0001050877
Loigolactobacillus coryniformis	1610	S	6	1	7	0.0001050877
Streptococcus parasanguinis	1318	S	6	1	7	0.0001050877
Streptococcus pasteurianus	197614	S	1	6	7	0.0001050877
Vagococcus carniphilus	218144	S	7	0	7	0.0001050877
Anaerocolumna sedimenticola	2696063	S	7	0	7	0.0001050877
Butyrivibrio proteoclasticus	43305	S	7	0	7	0.0001050877
Anaerotignum propionicum	28446	S	7	0	7	0.0001050877
Clostridium baratii	1561	S	7	0	7	0.0001050877
Clostridium thermarum	1716543	S	6	1	7	0.0001050877
Ruminococcus sp. JE7A12	2564099	S	7	0	7	0.0001050877
Flavonifractor plautii	292800	S	7	0	7	0.0001050877
Carboxydocella thermautotrophica	178899	S	7	0	7	0.0001050877
Massilistercora timonensis	2086584	S	5	2	7	0.0001050877
Candidatus Desulforudis audaxviator	471827	S	7	0	7	0.0001050877
[Eubacterium] cellulosolvens	29322	S	7	0	7	0.0001050877
Halanaerobium praevalens	2331	S	7	0	7	0.0001050877
Megasphaera elsdenii	907	S	7	0	7	0.0001050877
Nostoc sp. C057	2576903	S	4	3	7	0.0001050877
Dolichospermum compactum	136073	S	3	4	7	0.0001050877
Raphidiopsis curvata	312883	S	3	4	7	0.0001050877
Planktothrix agardhii	1160	S	5	2	7	0.0001050877
Oxynema sp. AP17	2064643	S	7	0	7	0.0001050877
Synechococcus sp. PCC 6312	195253	S	7	0	7	0.0001050877
Prochlorococcus sp. MIT 0801	1501269	S	3	4	7	0.0001050877
Mycoplasma anserisalpingitidis	519450	S	7	0	7	0.0001050877
Mycoplasma conjunctivae	45361	S	2	5	7	0.0001050877
Spiroplasma floricola	216937	S	7	0	7	0.0001050877
Deinococcus geothermalis	68909	S	6	1	7	0.0001050877
Deinococcus actinosclerus	1768108	S	5	2	7	0.0001050877
Deinococcus soli Cha et al. 2016	1309411	S	4	3	7	0.0001050877
Thermus thermophilus	274	S	3	4	7	0.0001050877
Meiothermus silvanus	52022	S	7	0	7	0.0001050877
Capnocytophaga sp. oral taxon 323	1705617	S	2	5	7	0.0001050877
Winogradskyella sp. J14-2	1936080	S	7	0	7	0.0001050877
Winogradskyella sediminis	1382466	S	6	1	7	0.0001050877
Maribacter cobaltidurans	1178778	S	4	3	7	0.0001050877
Aequorivita sp. KX20305	2803865	S	6	1	7	0.0001050877
Aequorivita sublithincola	101385	S	6	1	7	0.0001050877
Lutibacter profundi	1622118	S	7	0	7	0.0001050877
Aureitalea sp. RR4-38	2094025	S	7	0	7	0.0001050877
Siansivirga zeaxanthinifaciens	762954	S	6	1	7	0.0001050877
Chryseobacterium sp. T16E-39	2015076	S	7	0	7	0.0001050877
Chryseobacterium sp. cx-624	2758037	S	7	0	7	0.0001050877
Chryseobacterium sp. SNU WT5	2594269	S	6	1	7	0.0001050877
Kaistella carnis	1241979	S	6	1	7	0.0001050877
Chryseobacterium taklimakanense	536441	S	6	1	7	0.0001050877
Apibacter raozihei	2500547	S	7	0	7	0.0001050877
Bacteroides sp. CBA7301	2715212	S	7	0	7	0.0001050877
Bacteroides caecimuris	1796613	S	6	1	7	0.0001050877
Phocaeicola salanitronis	376805	S	7	0	7	0.0001050877
Butyricimonas virosa	544645	S	6	1	7	0.0001050877
Muribaculum intestinale	1796646	S	7	0	7	0.0001050877
Pedobacter heparinus	984	S	7	0	7	0.0001050877
Mucilaginibacter sp. F39-2	2728022	S	7	0	7	0.0001050877
Spirosoma sp. CJU-R4	2728024	S	7	0	7	0.0001050877
Spirosoma montaniterrae	1178516	S	7	0	7	0.0001050877
Hymenobacter sp. PAMC 26554	1484116	S	7	0	7	0.0001050877
Hymenobacter sedentarius	1411621	S	7	0	7	0.0001050877
Hymenobacter swuensis	1446467	S	7	0	7	0.0001050877
Pontibacter akesuensis	388950	S	7	0	7	0.0001050877
Algoriphagus sanaruensis	1727163	S	7	0	7	0.0001050877
Gimesia aquarii	2527964	S	7	0	7	0.0001050877
Planctopirus limnophila	120	S	6	1	7	0.0001050877
Akkermansia glycaniphila	1679444	S	7	0	7	0.0001050877
Treponema denticola	158	S	4	3	7	0.0001050877
Leptospira tipperaryensis	2564040	S	7	0	7	0.0001050877
Fusobacterium mortiferum	850	S	7	0	7	0.0001050877
Defluviitoga tunisiensis	1006576	S	6	1	7	0.0001050877
Halosimplex pelagicum	869886	S	6	1	7	0.0001050877
Candidatus Nitrosopumilus koreensis	1510466	S	6	1	7	0.0001050877
Polynucleobacter acidiphobus	556053	S	6	0	6	0.0000900752
Burkholderia stagnalis	1503054	S	5	1	6	0.0000900752
Burkholderia sp. PAMC 26561	1795043	S	3	3	6	0.0000900752
Burkholderia sp. PAMC 28687	1795874	S	2	4	6	0.0000900752
Burkholderia sp. RPE67	758796	S	2	4	6	0.0000900752
Burkholderia sp. MBR-1	2732364	S	1	5	6	0.0000900752
Burkholderia sp. MSMB0266	1637837	S	3	3	6	0.0000900752
Cupriavidus nantongensis	1796606	S	3	3	6	0.0000900752
Paraburkholderia caledonica	134536	S	6	0	6	0.0000900752
Paraburkholderia ginsengisoli	311231	S	5	1	6	0.0000900752
Paraburkholderia caffeinilytica	1761016	S	5	1	6	0.0000900752
Pandoraea faecigallinarum	656179	S	5	1	6	0.0000900752
Ephemeroptericola cinctiostellae	2268024	S	6	0	6	0.0000900752
Bordetella bronchiseptica	518	S	4	2	6	0.0000900752
Achromobacter sp. B7	2282475	S	6	0	6	0.0000900752
Aquitalea sp. USM4	1590041	S	4	2	6	0.0000900752
Neisseria dentiae	194197	S	6	0	6	0.0000900752
Methylovorus glucosotrophus	266009	S	3	3	6	0.0000900752
Nitrosomonas eutropha	916	S	6	0	6	0.0000900752
Pseudomonas sp. PDNC002	2811422	S	6	0	6	0.0000900752
Pseudomonas sp. LG1E9	2219057	S	6	0	6	0.0000900752
Pseudomonas sp. TUM18999	2725477	S	6	0	6	0.0000900752
Pseudomonas sp. ATCC 13867	1294143	S	6	0	6	0.0000900752
Pseudomonas sp. R76	1573711	S	5	1	6	0.0000900752
Pseudomonas sp. IzPS59	2774459	S	5	1	6	0.0000900752
Pseudomonas sp. ADPe	2774873	S	3	3	6	0.0000900752
Pseudomonas sp. CFA	2651048	S	2	4	6	0.0000900752
Pseudomonas sp. JY-Q	1338689	S	1	5	6	0.0000900752
Pseudomonas luteola	47886	S	5	1	6	0.0000900752
Pseudomonas otitidis	319939	S	6	0	6	0.0000900752
Pseudomonas lini	163011	S	6	0	6	0.0000900752
Pseudomonas cremoricolorata	157783	S	6	0	6	0.0000900752
Pseudomonas toyotomiensis	554344	S	4	2	6	0.0000900752
Azotobacter salinestris	69964	S	2	4	6	0.0000900752
Entomomonas sp. F2A	2785331	S	6	0	6	0.0000900752
Permianibacter aggregans	1510150	S	6	0	6	0.0000900752
Acinetobacter sp. ACNIH2	1758189	S	5	1	6	0.0000900752
Acinetobacter sp. SWBY1	2079596	S	3	3	6	0.0000900752
Acinetobacter variabilis	70346	S	4	2	6	0.0000900752
Escherichia fergusonii	564	S	5	1	6	0.0000900752
Enterobacteriaceae endosymbiont of Donacia bicoloricornis	2675772	S	4	2	6	0.0000900752
Raoultella ornithinolytica	54291	S	2	4	6	0.0000900752
Shigella boydii	621	S	2	4	6	0.0000900752
Yersinia canariae	2607663	S	6	0	6	0.0000900752
Yersinia kristensenii	28152	S	2	4	6	0.0000900752
Rahnella sp. ERMR1:05	1805933	S	6	0	6	0.0000900752
Providencia vermicola	333965	S	5	1	6	0.0000900752
Stenotrophomonas sp. 364	2691571	S	6	0	6	0.0000900752
Xanthomonas sp. LMG 31887	2775162	S	3	3	6	0.0000900752
Xanthomonas cucurbitae	56453	S	6	0	6	0.0000900752
Xanthomonas vasicola	56459	S	6	0	6	0.0000900752
Xanthomonas theicola	56464	S	6	0	6	0.0000900752
Xanthomonas fragariae	48664	S	6	0	6	0.0000900752
Lysobacter sp. H21R20	2781022	S	2	4	6	0.0000900752
Lysobacter maris	1605891	S	6	0	6	0.0000900752
Luteimonas sp. MC1825	2761107	S	5	1	6	0.0000900752
Frateuria aurantia	81475	S	6	0	6	0.0000900752
Alteromonas stellipolaris	233316	S	2	4	6	0.0000900752
Catenovulum sediminis	1740262	S	6	0	6	0.0000900752
Shewanella piezotolerans	404011	S	6	0	6	0.0000900752
Shewanella bicestrii	2018305	S	3	3	6	0.0000900752
Pseudoalteromonas spongiae	298657	S	6	0	6	0.0000900752
Colwellia sp. PAMC 21821	1816219	S	6	0	6	0.0000900752
Thalassotalea sp. LPB0316	2769490	S	6	0	6	0.0000900752
Halomonas sp. 1513	1883416	S	6	0	6	0.0000900752
Halomonas elongata	2746	S	6	0	6	0.0000900752
Halomonas piezotolerans	2609667	S	6	0	6	0.0000900752
Gynuella sunshinyii	1445505	S	6	0	6	0.0000900752
Vibrio tritonius	1435069	S	6	0	6	0.0000900752
Vibrio chagasii	170679	S	6	0	6	0.0000900752
Vibrio rumoiensis	76258	S	5	1	6	0.0000900752
Salinivibrio kushneri	1908198	S	5	1	6	0.0000900752
Candidatus Nitrosacidococcus tergens	553981	S	6	0	6	0.0000900752
Acidihalobacter yilgarnenesis	2819280	S	6	0	6	0.0000900752
Sulfuriflexus mobilis	1811807	S	6	0	6	0.0000900752
Sulfurivermis fontis	1972068	S	6	0	6	0.0000900752
Histophilus somni	731	S	6	0	6	0.0000900752
Legionella cherrii	28084	S	6	0	6	0.0000900752
Coxiella burnetii	777	S	6	0	6	0.0000900752
Methylomonas denitrificans	1538553	S	6	0	6	0.0000900752
Methylomonas koyamae	702114	S	3	3	6	0.0000900752
Gilliamella apicola	1196095	S	6	0	6	0.0000900752
Dichelobacter nodosus	870	S	6	0	6	0.0000900752
Bradyrhizobium sp. TM102	2599819	S	1	5	6	0.0000900752
Bradyrhizobium guangxiense	1325115	S	5	1	6	0.0000900752
Nitrobacter winogradskyi	913	S	6	0	6	0.0000900752
Rhizobium binae	1138190	S	5	1	6	0.0000900752
Rhizobium gallicum	56730	S	4	2	6	0.0000900752
Rhizobium rosettiformans	1368430	S	4	2	6	0.0000900752
Sinorhizobium sp. RAC02	1842534	S	6	0	6	0.0000900752
Ensifer alkalisoli	1752398	S	5	1	6	0.0000900752
Ensifer sp. PDNC004	2811423	S	3	3	6	0.0000900752
Microvirga thermotolerans	2651334	S	5	1	6	0.0000900752
Mesorhizobium sp. NBSH29	2654249	S	6	0	6	0.0000900752
Mesorhizobium sp. 8	2584466	S	6	0	6	0.0000900752
Mesorhizobium sp. M2A.F.Ca.ET.043.05.1.1	2493671	S	4	2	6	0.0000900752
Mesorhizobium sp. 113-1-2	2744515	S	2	4	6	0.0000900752
Mesorhizobium sp. M2A.F.Ca.ET.046.03.2.1	2493674	S	2	4	6	0.0000900752
Mesorhizobium australicum	536018	S	5	1	6	0.0000900752
Mesorhizobium opportunistum	593909	S	5	1	6	0.0000900752
Aminobacter aminovorans	83263	S	2	4	6	0.0000900752
Chelativorans sp. BNC1	266779	S	6	0	6	0.0000900752
Methyloceanibacter caenitepidi	1384459	S	5	1	6	0.0000900752
Starkeya novella	921	S	5	1	6	0.0000900752
Labrenzia sp. CP4	1674922	S	1	5	6	0.0000900752
Aureimonas sp. AU12	1638161	S	1	5	6	0.0000900752
Methylocystis heyeri	391905	S	6	0	6	0.0000900752
Methylosinus trichosporium	426	S	6	0	6	0.0000900752
Bartonella grahamii	33045	S	4	2	6	0.0000900752
[Ochrobactrum] quorumnocens	271865	S	6	0	6	0.0000900752
Brucella pseudogrignonensis	419475	S	5	1	6	0.0000900752
Sphingomonas ginsengisoli An et al. 2013	363835	S	6	0	6	0.0000900752
Zymomonas mobilis	542	S	6	0	6	0.0000900752
Altererythrobacter sp. ZODW24	2185142	S	6	0	6	0.0000900752
Altererythrobacter ishigakiensis	476157	S	6	0	6	0.0000900752
Croceicoccus sp. YJ47	2798724	S	5	1	6	0.0000900752
Qipengyuania seohaensis	266951	S	6	0	6	0.0000900752
Paracoccus sp. AK26	2589076	S	6	0	6	0.0000900752
Paracoccus sp. MC1862	2760307	S	6	0	6	0.0000900752
Profundibacter amoris	2171755	S	6	0	6	0.0000900752
Pseudopuniceibacterium antarcticum	2613965	S	6	0	6	0.0000900752
Pseudorhodobacter turbinis	2500533	S	6	0	6	0.0000900752
Epibacterium mobile	379347	S	5	1	6	0.0000900752
Azospirillum humicireducens	1226968	S	5	1	6	0.0000900752
Skermanella pratensis	2233999	S	4	2	6	0.0000900752
Thalassospira marina	2048283	S	6	0	6	0.0000900752
Roseomonas sp. 1318	2768161	S	5	1	6	0.0000900752
Komagataeibacter hansenii	436	S	6	0	6	0.0000900752
Rickettsia raoultii	369822	S	2	4	6	0.0000900752
Rickettsia sp. Tillamook 23	2761623	S	3	3	6	0.0000900752
Candidatus Pelagibacter ubique	198252	S	4	2	6	0.0000900752
Candidatus Fonsibacter ubiquis	1925548	S	6	0	6	0.0000900752
Paremcibacter congregatus	2043170	S	6	0	6	0.0000900752
Magnetococcus marinus	1124597	S	6	0	6	0.0000900752
Arcobacter nitrofigilis	28199	S	6	0	6	0.0000900752
Arcobacter anaerophilus	877500	S	6	0	6	0.0000900752
Campylobacter corcagiensis	1448857	S	6	0	6	0.0000900752
Desulfovibrio sp. G11	631220	S	1	5	6	0.0000900752
Geobacter metallireducens	28232	S	6	0	6	0.0000900752
Geobacter pickeringii	345632	S	6	0	6	0.0000900752
Geobacter bremensis	60035	S	5	1	6	0.0000900752
Pelobacter propionicus	29543	S	5	1	6	0.0000900752
Syntrophotalea carbinolica	19	S	6	0	6	0.0000900752
Halobacteriovorax sp. BALOs_7	2109558	S	6	0	6	0.0000900752
Microbacterium sp. ABRD_28	2268461	S	6	0	6	0.0000900752
Microbacterium sp. XT11	367477	S	6	0	6	0.0000900752
Microbacterium sp. HY60	2769067	S	6	0	6	0.0000900752
Microbacterium sp. Se63.02b	2709304	S	5	1	6	0.0000900752
Microbacterium sp. Nx66	2766784	S	3	3	6	0.0000900752
Microbacterium lushaniae	2614639	S	6	0	6	0.0000900752
Microbacterium testaceum	2033	S	6	0	6	0.0000900752
Microbacterium hydrocarbonoxydans	273678	S	6	0	6	0.0000900752
Agromyces sp. HY052	2585717	S	5	1	6	0.0000900752
Aurantimicrobium sp. MWH-Uga1	2079575	S	4	2	6	0.0000900752
Frondihabitans sp. PAMC 28766	1795630	S	6	0	6	0.0000900752
Arthrobacter sp. QXT-31	1357915	S	6	0	6	0.0000900752
Paenarthrobacter sp. YJN-5	2735316	S	2	4	6	0.0000900752
Luteipulveratus mongoliensis	571913	S	6	0	6	0.0000900752
Cellulomonas sp. H30R-01	2704467	S	5	1	6	0.0000900752
Tetrasphaera sp. HKS02	1813880	S	6	0	6	0.0000900752
Ornithinimicrobium pratense	2593973	S	6	0	6	0.0000900752
Brachybacterium faecium	43669	S	5	1	6	0.0000900752
Brachybacterium vulturis	2017484	S	5	1	6	0.0000900752
Streptomyces sp. HM190	2695266	S	6	0	6	0.0000900752
Streptomyces sp. DSM 40868	2721173	S	6	0	6	0.0000900752
Streptomyces sp. Z423-1	2730915	S	6	0	6	0.0000900752
Streptomyces sp. WAC 01529	2203205	S	6	0	6	0.0000900752
Streptomyces sp. CRXT-G-22	2768066	S	6	0	6	0.0000900752
Streptomyces sp. Sge12	1972846	S	4	2	6	0.0000900752
Streptomyces sp. 604F	1476754	S	2	4	6	0.0000900752
Streptomyces globosus	68209	S	6	0	6	0.0000900752
Streptomyces prasinus	67345	S	6	0	6	0.0000900752
Streptomyces actuosus	1885	S	6	0	6	0.0000900752
Streptomyces seoulensis	73044	S	6	0	6	0.0000900752
Streptomyces exfoliatus	1905	S	6	0	6	0.0000900752
Streptomyces pratensis	1169025	S	6	0	6	0.0000900752
Streptomyces cacaoi	1898	S	6	0	6	0.0000900752
Streptomyces tirandamycinicus	2174846	S	6	0	6	0.0000900752
Streptomyces cyaneochromogenes	2496836	S	6	0	6	0.0000900752
Streptomyces qinzhouensis	2599401	S	6	0	6	0.0000900752
Streptomyces ambofaciens	1889	S	6	0	6	0.0000900752
Streptomyces griseoviridis	45398	S	6	0	6	0.0000900752
Streptomyces subrutilus	36818	S	6	0	6	0.0000900752
Streptomyces scabiei	1930	S	3	3	6	0.0000900752
Streptacidiphilus sp. PB12-B1b	2705012	S	6	0	6	0.0000900752
Mycolicibacterium sp. LJ126	2761578	S	6	0	6	0.0000900752
Mycolicibacterium madagascariense	212765	S	6	0	6	0.0000900752
Mycolicibacterium gadium	1794	S	5	1	6	0.0000900752
Mycobacterium mantenii	560555	S	6	0	6	0.0000900752
Mycobacterium canettii	78331	S	2	4	6	0.0000900752
Mycobacterium marinum	1781	S	1	5	6	0.0000900752
Mycobacteroides saopaulense	1578165	S	6	0	6	0.0000900752
[Mycobacterium] stephanolepidis	1520670	S	5	1	6	0.0000900752
Rhodococcus sp. R79	2811421	S	6	0	6	0.0000900752
Rhodococcus sp. P1Y	1302308	S	6	0	6	0.0000900752
Rhodococcus sp. AQ5-07	2054902	S	2	4	6	0.0000900752
Nocardia wallacei	480035	S	6	0	6	0.0000900752
Corynebacterium sp. 2039	2675219	S	6	0	6	0.0000900752
Corynebacterium maris	575200	S	6	0	6	0.0000900752
Corynebacterium ureicelerivorans	401472	S	6	0	6	0.0000900752
Gordonia sp. HY186	2597659	S	6	0	6	0.0000900752
Gordonia sp. PDNC005	2811424	S	6	0	6	0.0000900752
Tessaracoccus sp. MC1865	2760310	S	5	1	6	0.0000900752
Nocardioides sp. JS614	196162	S	6	0	6	0.0000900752
Nocardioides baekrokdamisoli	1804624	S	6	0	6	0.0000900752
Aeromicrobium sp. A1-2	2107713	S	6	0	6	0.0000900752
Actinopolymorpha singaporensis	117157	S	6	0	6	0.0000900752
Amycolatopsis sp. BJA-103	1911175	S	5	1	6	0.0000900752
Amycolatopsis mediterranei	33910	S	6	0	6	0.0000900752
Pseudonocardia dioxanivorans	240495	S	6	0	6	0.0000900752
Saccharopolyspora coralli	2665642	S	6	0	6	0.0000900752
Saccharomonospora azurea	40988	S	5	1	6	0.0000900752
Actinoalloteichus hoggarensis	1470176	S	6	0	6	0.0000900752
Kibdelosporangium phytohabitans	860235	S	6	0	6	0.0000900752
Alloactinosynnema sp. L-07	1653480	S	6	0	6	0.0000900752
Micromonospora siamensis	299152	S	5	1	6	0.0000900752
Micromonospora tulbaghiae	479978	S	4	2	6	0.0000900752
Actinocatenispora thailandica	227318	S	6	0	6	0.0000900752
Actinomadura sp. NAK00032	2742128	S	6	0	6	0.0000900752
Thermobifida fusca	2021	S	6	0	6	0.0000900752
Actinomyces slackii	52774	S	6	0	6	0.0000900752
Actinomyces procaprae	2560010	S	5	1	6	0.0000900752
Pauljensenia hongkongensis	178339	S	4	2	6	0.0000900752
Jiangella alkaliphila	419479	S	5	1	6	0.0000900752
Olsenella sp. LZLJ-2	2779519	S	5	1	6	0.0000900752
Eggerthella sp. HF-1101	2690837	S	4	2	6	0.0000900752
Berryella intestinalis	1531429	S	3	3	6	0.0000900752
Rubrobacter sp. SCSIO 52909	2653851	S	6	0	6	0.0000900752
Rubrobacter xylanophilus	49319	S	6	0	6	0.0000900752
Bacillus sp. DSL-17	2567941	S	6	0	6	0.0000900752
Bacillus sp. Y1	352858	S	6	0	6	0.0000900752
Bacillus cohnii	33932	S	6	0	6	0.0000900752
Lysinibacillus fusiformis	28031	S	5	1	6	0.0000900752
Alkalihalobacillus krulwichiae	199441	S	6	0	6	0.0000900752
Anoxybacillus sp. PDR2	1636720	S	1	5	6	0.0000900752
Oceanobacillus iheyensis	182710	S	6	0	6	0.0000900752
Oceanobacillus kimchii	746691	S	6	0	6	0.0000900752
Lentibacillus amyloliquefaciens	1472767	S	6	0	6	0.0000900752
Mesobacillus foraminis	279826	S	6	0	6	0.0000900752
Paenibacillus sp. JDR-2	324057	S	6	0	6	0.0000900752
Brevibacillus brevis	1393	S	6	0	6	0.0000900752
Solibacillus silvestris	76853	S	6	0	6	0.0000900752
Alicyclobacillus acidocaldarius	405212	S	6	0	6	0.0000900752
Lactobacillus crispatus	47770	S	6	0	6	0.0000900752
Weissella soli	155866	S	6	0	6	0.0000900752
Weissella cibaria	137591	S	5	1	6	0.0000900752
Leuconostoc mesenteroides	1245	S	4	2	6	0.0000900752
Companilactobacillus alimentarius	1602	S	6	0	6	0.0000900752
Fructilactobacillus sanfranciscensis	1625	S	5	1	6	0.0000900752
Streptococcus parauberis	1348	S	6	0	6	0.0000900752
Streptococcus periodonticum	2490633	S	4	2	6	0.0000900752
Enterococcus casseliflavus	37734	S	5	1	6	0.0000900752
Enterococcus saigonensis	1805431	S	5	1	6	0.0000900752
Lachnoclostridium phocaeense	1871021	S	5	1	6	0.0000900752
Clostridium sp. SY8519	1042156	S	6	0	6	0.0000900752
Clostridium scatologenes	1548	S	6	0	6	0.0000900752
Clostridium aceticum	84022	S	6	0	6	0.0000900752
Sarcina sp. JB2	2726954	S	6	0	6	0.0000900752
Geosporobacter ferrireducens	1424294	S	6	0	6	0.0000900752
Romboutsia hominis	1507512	S	6	0	6	0.0000900752
Eubacterium callanderi	53442	S	4	2	6	0.0000900752
Thermoanaerobacterium sp. RBIITD	1550240	S	5	1	6	0.0000900752
Caldanaerobacter subterraneus	911092	S	6	0	6	0.0000900752
Halothermothrix orenii	31909	S	6	0	6	0.0000900752
Gottschalkia acidurici	1556	S	6	0	6	0.0000900752
Nostoc sp. ATCC 53789	76335	S	3	3	6	0.0000900752
Cylindrospermum stagnale	142864	S	6	0	6	0.0000900752
Calothrix sp. NIES-3974	2005462	S	6	0	6	0.0000900752
Crinalium epipsammum	241425	S	6	0	6	0.0000900752
Gloeothece verrucosa	2546359	S	6	0	6	0.0000900752
Halothece sp. PCC 7418	65093	S	5	1	6	0.0000900752
Microcystis sp. MC19	1967666	S	5	1	6	0.0000900752
Synechococcus sp. JA-2-3B'a(2-13)	321332	S	6	0	6	0.0000900752
Synechococcus sp. PCC 7336	195250	S	6	0	6	0.0000900752
Synechococcus sp. SYN20	1050714	S	4	2	6	0.0000900752
Synechococcus elongatus	32046	S	2	4	6	0.0000900752
cyanobacterium endosymbiont of Epithemia turgida	718217	S	6	0	6	0.0000900752
Mycoplasma citelli	171281	S	6	0	6	0.0000900752
Spiroplasma helicoides	216938	S	6	0	6	0.0000900752
Spiroplasma chrysopicola	216933	S	5	1	6	0.0000900752
Acholeplasma laidlawii	2148	S	6	0	6	0.0000900752
Deinococcus sp. NW-56	2080419	S	6	0	6	0.0000900752
Polaribacter sp. SA4-10	754397	S	6	0	6	0.0000900752
Polaribacter sp. ALD11	2058137	S	5	1	6	0.0000900752
Capnocytophaga haemolytica	45243	S	6	0	6	0.0000900752
Capnocytophaga sputigena	1019	S	5	1	6	0.0000900752
Aquimarina sp. BL5	1714860	S	6	0	6	0.0000900752
Gramella flava	1486245	S	5	1	6	0.0000900752
Muricauda lutaonensis	516051	S	6	0	6	0.0000900752
Flagellimonas maritima	1383885	S	6	0	6	0.0000900752
Chryseobacterium bernardetii	1241978	S	3	3	6	0.0000900752
Apibacter sp. B2966	2656761	S	2	4	6	0.0000900752
Croceimicrobium hydrocarbonivorans	2761580	S	6	0	6	0.0000900752
Bacteroides heparinolyticus	28113	S	6	0	6	0.0000900752
Bacteroides coprosuis	151276	S	6	0	6	0.0000900752
Alistipes finegoldii	214856	S	6	0	6	0.0000900752
Alistipes megaguti	2364787	S	6	0	6	0.0000900752
Duncaniella dubosii	2518971	S	6	0	6	0.0000900752
Porphyromonas gingivalis	837	S	6	0	6	0.0000900752
Dysgonomonas sp. HDW5A	2714926	S	3	3	6	0.0000900752
Alkalitalea saponilacus	889453	S	6	0	6	0.0000900752
Sphingobacterium sp. CZ-2	2557994	S	6	0	6	0.0000900752
Sphingobacterium sp. dk4302	2662364	S	6	0	6	0.0000900752
Sphingobacterium hotanense	649196	S	6	0	6	0.0000900752
Sphingobacterium thalpophilum	259	S	4	2	6	0.0000900752
Spirosoma rigui	564064	S	6	0	6	0.0000900752
Spirosoma aureum	2692134	S	4	2	6	0.0000900752
Hymenobacter sp. BRD128	2675878	S	6	0	6	0.0000900752
Pontibacter sp. SGAir0037	2571030	S	6	0	6	0.0000900752
Echinicola strongylocentroti	1795355	S	6	0	6	0.0000900752
Chitinophaga sp. MD30	2033437	S	6	0	6	0.0000900752
Chitinophaga caeni	2029983	S	6	0	6	0.0000900752
Niabella ginsenosidivorans	1176587	S	6	0	6	0.0000900752
Rosistilla carotiformis	2528017	S	5	1	6	0.0000900752
Rhodopirellula baltica	265606	S	6	0	6	0.0000900752
Candidatus Kuenenia stuttgartiensis	174633	S	6	0	6	0.0000900752
Criblamydia sequanensis	340071	S	6	0	6	0.0000900752
Treponema succinifaciens	167	S	6	0	6	0.0000900752
Fusobacterium necrophorum	859	S	6	0	6	0.0000900752
Fusobacterium pseudoperiodonticum	2663009	S	5	1	6	0.0000900752
Sebaldella termitidis	826	S	6	0	6	0.0000900752
Streptobacillus moniliformis	34105	S	6	0	6	0.0000900752
Granulicella tundricola	940615	S	6	0	6	0.0000900752
Candidatus Babela massiliensis	673862	S	6	0	6	0.0000900752
Haloferax volcanii	2246	S	3	3	6	0.0000900752
Methanoculleus marisnigri	2198	S	6	0	6	0.0000900752
Methanococcus maripaludis	39152	S	4	2	6	0.0000900752
Nitrosarchaeum sp. AC2	2259673	S	6	0	6	0.0000900752
Candidatus Nitrosocosmicus hydrocola	1826872	S	6	0	6	0.0000900752
Flavobacterium phage 11b	294631	S	6	0	6	0.0000900752
Moumouvirus	985782	S	6	0	6	0.0000900752
Burkholderia metallica	488729	S	4	1	5	0.0000750627
Burkholderia ambifaria	152480	S	3	2	5	0.0000750627
Burkholderia sp. KK1	1855726	S	2	3	5	0.0000750627
Burkholderia sp. BDU8	1385592	S	5	0	5	0.0000750627
Burkholderia oklahomensis	342113	S	4	1	5	0.0000750627
Cupriavidus sp. USMAHM13	1389192	S	1	4	5	0.0000750627
Cupriavidus sp. ISTL7	2771360	S	1	4	5	0.0000750627
Paraburkholderia megapolitana	420953	S	5	0	5	0.0000750627
Paraburkholderia sprentiae	948107	S	5	0	5	0.0000750627
Paraburkholderia dokdonella	2211211	S	5	0	5	0.0000750627
Paraburkholderia phymatum	148447	S	4	1	5	0.0000750627
Mycoavidus sp. B2-EB	2651972	S	5	0	5	0.0000750627
Thiomonas arsenitoxydans	426114	S	3	2	5	0.0000750627
Alcaligenes aquatilis	323284	S	2	3	5	0.0000750627
Pusillimonas sp. T7-7	1007105	S	5	0	5	0.0000750627
Sutterella faecalis	2584944	S	5	0	5	0.0000750627
Chromobacterium paludis	2605945	S	5	0	5	0.0000750627
Neisseria sp. KEM232	655307	S	5	0	5	0.0000750627
Neisseria musculi	1815583	S	5	0	5	0.0000750627
Neisseria wadsworthii	607711	S	5	0	5	0.0000750627
Neisseria brasiliensis	2666100	S	4	1	5	0.0000750627
Kingella kingae	504	S	4	1	5	0.0000750627
Chitinolyticbacter meiyuanensis	682798	S	5	0	5	0.0000750627
Thauera aromatica	59405	S	4	1	5	0.0000750627
Pseudomonas sp. ACM7	2052956	S	5	0	5	0.0000750627
Pseudomonas sp. MPC6	2498848	S	5	0	5	0.0000750627
Pseudomonas sp. 31-12	2201356	S	5	0	5	0.0000750627
Pseudomonas sp. OIL-1	2706126	S	5	0	5	0.0000750627
Pseudomonas sp. BIGb0427	2724470	S	5	0	5	0.0000750627
Pseudomonas sp. R84	1573712	S	5	0	5	0.0000750627
Pseudomonas sp. CMR5c	658630	S	5	0	5	0.0000750627
Pseudomonas sp. Z003-0.4C(8344-21)	1855380	S	4	1	5	0.0000750627
Pseudomonas sp. NIBRBAC000502773	2590776	S	4	1	5	0.0000750627
Pseudomonas cedrina	651740	S	5	0	5	0.0000750627
Pseudomonas multiresinivorans	95301	S	3	2	5	0.0000750627
Pseudomonas resinovorans	53412	S	5	0	5	0.0000750627
Pseudomonas agarici	46677	S	5	0	5	0.0000750627
Pseudomonas alcaliphila	101564	S	4	1	5	0.0000750627
Acinetobacter tandoii	202954	S	5	0	5	0.0000750627
Acinetobacter baylyi	202950	S	5	0	5	0.0000750627
Psychrobacter sp. YP14	2203895	S	2	3	5	0.0000750627
Psychrobacter cryohalolentis	330922	S	2	3	5	0.0000750627
Klebsiella variicola	244366	S	4	1	5	0.0000750627
Enterobacter roggenkampii	1812935	S	3	2	5	0.0000750627
Enterobacter sp. JUb54	2724468	S	5	0	5	0.0000750627
Citrobacter sp. RHBSTW-00887	2742668	S	1	4	5	0.0000750627
Enterobacteriaceae endosymbiont of Donacia crassipes	2675776	S	3	2	5	0.0000750627
Kosakonia sp. CCTCC M2018092	2492396	S	3	2	5	0.0000750627
Pluralibacter gergoviae	61647	S	5	0	5	0.0000750627
Cedecea neteri	158822	S	5	0	5	0.0000750627
Serratia sp. ATCC 39006	104623	S	5	0	5	0.0000750627
Serratia grimesii	82995	S	5	0	5	0.0000750627
Serratia liquefaciens	614	S	3	2	5	0.0000750627
Serratia rubidaea	61652	S	3	2	5	0.0000750627
Yersinia entomophaga	935293	S	5	0	5	0.0000750627
Yersinia massiliensis	419257	S	2	3	5	0.0000750627
Rahnella sp. Y9602	741091	S	1	4	5	0.0000750627
Pantoea dispersa	59814	S	5	0	5	0.0000750627
Pantoea stewartii	66269	S	5	0	5	0.0000750627
Erwinia sp. J780	2681984	S	5	0	5	0.0000750627
Mixta intestinalis	1615494	S	5	0	5	0.0000750627
Providencia sneebia	516075	S	5	0	5	0.0000750627
Dickeya zeae	204042	S	5	0	5	0.0000750627
Dickeya fangzhongdai	1778540	S	1	4	5	0.0000750627
Pectobacterium versatile	2488639	S	3	2	5	0.0000750627
Brenneria sp. Ir50	2722756	S	3	2	5	0.0000750627
Pragia fontium	82985	S	5	0	5	0.0000750627
Xanthomonas albilineans	29447	S	5	0	5	0.0000750627
Lysobacter sp. CW239	2762611	S	5	0	5	0.0000750627
Lysobacter sp. H21R4	2781021	S	2	3	5	0.0000750627
Lysobacter alkalisoli	2591633	S	5	0	5	0.0000750627
Luteimonas chenhongjianii	2006110	S	5	0	5	0.0000750627
Xylella fastidiosa	2371	S	5	0	5	0.0000750627
Dyella japonica	231455	S	5	0	5	0.0000750627
Dyella caseinilytica	1849581	S	5	0	5	0.0000750627
Dokdonella koreensis	323415	S	5	0	5	0.0000750627
Aerosticca soli	2010829	S	4	1	5	0.0000750627
Marinobacter salinus	1874317	S	5	0	5	0.0000750627
Marinobacter fonticola	2603215	S	5	0	5	0.0000750627
Paraglaciecola psychrophila	326544	S	5	0	5	0.0000750627
Salinimonas sp. G2-b	2785918	S	5	0	5	0.0000750627
Shewanella sp. LC6	2589790	S	1	4	5	0.0000750627
Shewanella algae	38313	S	5	0	5	0.0000750627
Shewanella marisflavi	260364	S	5	0	5	0.0000750627
Shewanella denitrificans	192073	S	5	0	5	0.0000750627
Pseudoalteromonas rubra	43658	S	5	0	5	0.0000750627
Pseudoalteromonas tunicata	314281	S	5	0	5	0.0000750627
Colwellia psychrerythraea	28229	S	5	0	5	0.0000750627
Thalassotalea crassostreae	1763536	S	5	0	5	0.0000750627
Idiomarina sp. OT37-5b	2100422	S	5	0	5	0.0000750627
Ferrimonas balearica	44012	S	5	0	5	0.0000750627
Halomonas sp. GFAJ-1	1118153	S	5	0	5	0.0000750627
Kushneria marisflavi	157779	S	4	1	5	0.0000750627
Marinomonas sp. FW-1	2071621	S	5	0	5	0.0000750627
Hahella sp. KA22	1628392	S	5	0	5	0.0000750627
Vibrio furnissii	29494	S	4	1	5	0.0000750627
Paraphotobacterium marinum	1755811	S	5	0	5	0.0000750627
Marichromatium purpuratum	37487	S	5	0	5	0.0000750627
Thioflavicoccus mobilis	80679	S	5	0	5	0.0000750627
Thioalkalivibrio versutus	106634	S	5	0	5	0.0000750627
Thioalkalivibrio nitratireducens	186931	S	5	0	5	0.0000750627
Thioalkalivibrio sp. K90mix	396595	S	5	0	5	0.0000750627
Acidihalobacter ferrooxydans	1765967	S	5	0	5	0.0000750627
Halorhodospira halophila	1053	S	5	0	5	0.0000750627
Wenzhouxiangella marina	1579979	S	5	0	5	0.0000750627
Aeromonas rivipollensis	948519	S	3	2	5	0.0000750627
Francisella salina	573569	S	5	0	5	0.0000750627
Teredinibacter haidensis	2731755	S	5	0	5	0.0000750627
Microbulbifer hydrolyticus	48074	S	5	0	5	0.0000750627
Halioglobus pacificus	930806	S	5	0	5	0.0000750627
Spongiibacter sp. IMCC21906	1620392	S	5	0	5	0.0000750627
Spongiibacter sp. CSC3.9	2794344	S	5	0	5	0.0000750627
Haemophilus haemolyticus	726	S	5	0	5	0.0000750627
Actinobacillus pleuropneumoniae	715	S	3	2	5	0.0000750627
Legionella adelaidensis	45056	S	5	0	5	0.0000750627
Legionella endosymbiont of Polyplax serrata	2005262	S	5	0	5	0.0000750627
Candidatus Coxiella mudrowiae	2054173	S	5	0	5	0.0000750627
Methylomicrobium album	39775	S	5	0	5	0.0000750627
Bathymodiolus septemdierum thioautotrophic gill symbiont	113267	S	5	0	5	0.0000750627
Candidatus Reidiella endopervernicosa	2738883	S	5	0	5	0.0000750627
Candidatus Azoamicus ciliaticola	2652803	S	5	0	5	0.0000750627
Sulfurifustis variabilis	1675686	S	5	0	5	0.0000750627
Salinisphaera sp. LB1	2183911	S	5	0	5	0.0000750627
Bradyrhizobium genosp. B	83627	S	5	0	5	0.0000750627
Rhizobium sp. WL3	2603277	S	5	0	5	0.0000750627
Rhizobium pusense	648995	S	1	4	5	0.0000750627
Agrobacterium sp. RAC06	1842536	S	3	2	5	0.0000750627
Candidatus Liberibacter americanus	309868	S	5	0	5	0.0000750627
Mesorhizobium sp. DCY119	2108445	S	5	0	5	0.0000750627
Mesorhizobium sp. L-2-11	2744521	S	4	1	5	0.0000750627
Mesorhizobium sp. M4B.F.Ca.ET.058.02.1.1	2493675	S	4	1	5	0.0000750627
Mesorhizobium sp. M9A.F.Ca.ET.002.03.1.2	2493668	S	4	1	5	0.0000750627
Mesorhizobium sp. M7A.F.Ce.TU.012.03.2.1	2493681	S	4	1	5	0.0000750627
Nitratireductor sp. OM-1	1756988	S	5	0	5	0.0000750627
Hoeflea sp. IMCC20628	1620421	S	5	0	5	0.0000750627
Hyphomicrobium sp. MC1	717785	S	5	0	5	0.0000750627
Methyloceanibacter sp. wino2	2170729	S	4	1	5	0.0000750627
Rhodomicrobium vannielii	1069	S	5	0	5	0.0000750627
Candidatus Filomicrobium marinum	1608628	S	5	0	5	0.0000750627
Labrenzia sp. THAF82	2587861	S	5	0	5	0.0000750627
Labrenzia sp. PHM005	2590016	S	5	0	5	0.0000750627
Aureimonas sp. LMG 31693	2758041	S	5	0	5	0.0000750627
Bartonella bacilliformis	774	S	5	0	5	0.0000750627
Bartonella schoenbuchensis	165694	S	3	2	5	0.0000750627
Breoghania sp. L-A4	2304600	S	5	0	5	0.0000750627
Sphingopyxis sp. MG	1866325	S	1	4	5	0.0000750627
Sphingorhabdus sp. YGSMI21	2077182	S	5	0	5	0.0000750627
Erythrobacter sp. HKB08	2502843	S	5	0	5	0.0000750627
Sphingosinicella microcystinivorans	335406	S	5	0	5	0.0000750627
Paracoccus sp. BM15	1529068	S	5	0	5	0.0000750627
Phaeobacter inhibens	221822	S	4	1	5	0.0000750627
Celeribacter baekdonensis	875171	S	4	1	5	0.0000750627
Leisingera sp. NJS201	2508306	S	2	3	5	0.0000750627
Leisingera sp. NJS204	2508307	S	2	3	5	0.0000750627
Rhodovulum sp. P5	1564506	S	5	0	5	0.0000750627
Halocynthiibacter arcticus	1579316	S	5	0	5	0.0000750627
Parasedimentitalea marina	2483033	S	5	0	5	0.0000750627
Pelagovum pacificum	2588711	S	5	0	5	0.0000750627
Planktomarina temperata	1284658	S	5	0	5	0.0000750627
Boseongicola sp. CCM32	2552942	S	5	0	5	0.0000750627
Antarctobacter heliothermus	74033	S	5	0	5	0.0000750627
Yoonia vestfoldensis	245188	S	4	1	5	0.0000750627
Confluentimicrobium sp. EMB200-NS6	1609966	S	3	2	5	0.0000750627
Dinoroseobacter shibae	215813	S	3	2	5	0.0000750627
Azospirillum sp. TSH100	652764	S	4	1	5	0.0000750627
Azospirillum sp. TSH58	664962	S	3	2	5	0.0000750627
Pararhodospirillum photometricum	1084	S	5	0	5	0.0000750627
Acetobacter oryzoeni	2500548	S	3	2	5	0.0000750627
Komagataeibacter oboediens	65958	S	5	0	5	0.0000750627
Candidatus Sneabacter namystus	2601646	S	5	0	5	0.0000750627
Ehrlichia canis	944	S	3	2	5	0.0000750627
Candidatus Pelagibacter sp. IMCC9063	1002672	S	5	0	5	0.0000750627
Candidatus Cytomitobacter primus	2066024	S	5	0	5	0.0000750627
Candidatus Nucleicultrix amoebiphila	1509244	S	5	0	5	0.0000750627
Campylobacter fetus	196	S	5	0	5	0.0000750627
Campylobacter sputorum	206	S	5	0	5	0.0000750627
Sulfurospirillum sp. UCH001	1581011	S	5	0	5	0.0000750627
Helicobacter cholecystus	45498	S	5	0	5	0.0000750627
Sulfurimonas sp. S2-6	2590020	S	2	3	5	0.0000750627
Sulfurovum lithotrophicum	206403	S	4	1	5	0.0000750627
Nitratiruptor sp. SB155-2	387092	S	3	2	5	0.0000750627
Myxococcus hansupus	1297742	S	4	1	5	0.0000750627
Anaeromyxobacter sp. K	447217	S	1	4	5	0.0000750627
Desulfovibrio desulfuricans	876	S	5	0	5	0.0000750627
Pseudodesulfovibrio sp. zrk46	2725288	S	5	0	5	0.0000750627
Desulfohalobium retbaense	45663	S	5	0	5	0.0000750627
Geobacter sp. Jerry-YX	2815309	S	5	0	5	0.0000750627
Geobacter sp. FeAm09	2597769	S	4	1	5	0.0000750627
Geobacter daltonii	1203471	S	5	0	5	0.0000750627
Geoalkalibacter subterraneus	483547	S	4	1	5	0.0000750627
Desulfuromonas soudanensis	1603606	S	5	0	5	0.0000750627
Desulfosarcina widdelii	947919	S	5	0	5	0.0000750627
Desulfopila sp. IMCC35004	2569540	S	5	0	5	0.0000750627
Desulfarculus baarsii	453230	S	4	1	5	0.0000750627
Halobacteriovorax marinus	97084	S	5	0	5	0.0000750627
Microbacterium sp. 1.5R	1916917	S	1	4	5	0.0000750627
Microbacterium sp. CGR1	1696072	S	1	4	5	0.0000750627
Microbacterium esteraromaticum	57043	S	5	0	5	0.0000750627
Candidatus Aquiluna sp. 15G-AUS-rot	2499157	S	5	0	5	0.0000750627
Rathayibacter sp. VKM Ac-2804	2609257	S	3	2	5	0.0000750627
Curtobacterium sp. YC1	2795488	S	5	0	5	0.0000750627
Agromyces sp. LHK192	2498704	S	4	1	5	0.0000750627
Leifsonia shinshuensis	150026	S	4	1	5	0.0000750627
Leucobacter sp. CX169	2813744	S	5	0	5	0.0000750627
Cryobacterium sp. LW097	1978566	S	5	0	5	0.0000750627
Cryobacterium soli	2220095	S	4	1	5	0.0000750627
Mycetocola zhujimingii	2079792	S	5	0	5	0.0000750627
Arthrobacter sp. U41	1849032	S	5	0	5	0.0000750627
Arthrobacter sp. NEB 688	904039	S	5	0	5	0.0000750627
Arthrobacter sp. FB24	290399	S	4	1	5	0.0000750627
Arthrobacter crystallopoietes	37928	S	5	0	5	0.0000750627
Arthrobacter dokdonellae	2211210	S	5	0	5	0.0000750627
Yimella sp. cx-51	2770551	S	5	0	5	0.0000750627
Cellulomonas sp. JZ18	2654191	S	4	1	5	0.0000750627
Oerskovia sp. KBS0722	1179673	S	5	0	5	0.0000750627
Actinotalea sp. JY-7876	2758442	S	5	0	5	0.0000750627
Janibacter melonis	262209	S	5	0	5	0.0000750627
Ornithinimicrobium sp. H23M54	2594265	S	5	0	5	0.0000750627
Dermabacter vaginalis	1630135	S	2	3	5	0.0000750627
Streptomyces sp. S8	1837283	S	5	0	5	0.0000750627
Streptomyces sp. SCSIO 3032	1264596	S	5	0	5	0.0000750627
Streptomyces sp. ID38640	1265399	S	5	0	5	0.0000750627
Streptomyces sp. NEAU-sy36	2751189	S	5	0	5	0.0000750627
Streptomyces sp. HF10	2692233	S	5	0	5	0.0000750627
Streptomyces sp. Go-475	2072505	S	5	0	5	0.0000750627
Streptomyces sp. fd1-xmd	1812480	S	5	0	5	0.0000750627
Streptomyces sp. Tu 2975	2676871	S	5	0	5	0.0000750627
Streptomyces sp. JB150	2714844	S	5	0	5	0.0000750627
Streptomyces sp. Tue 6075	1661694	S	5	0	5	0.0000750627
Streptomyces nigra	1827580	S	5	0	5	0.0000750627
Streptomyces glaucescens	1907	S	5	0	5	0.0000750627
Streptomyces coeruleorubidus	116188	S	5	0	5	0.0000750627
Streptomyces koyangensis	188770	S	5	0	5	0.0000750627
Streptomyces albulus	68570	S	5	0	5	0.0000750627
Streptomyces clavuligerus	1901	S	5	0	5	0.0000750627
Streptomyces davaonensis	348043	S	5	0	5	0.0000750627
Streptomyces ficellus	1977088	S	5	0	5	0.0000750627
Streptomyces katrae	68223	S	5	0	5	0.0000750627
Streptomyces glomeroaurantiacus	68210	S	5	0	5	0.0000750627
Streptomyces hundungensis	1077946	S	5	0	5	0.0000750627
Streptomyces vinaceus	1960	S	5	0	5	0.0000750627
Streptomyces chartreusis	1969	S	5	0	5	0.0000750627
Streptomyces alboflavus	67267	S	5	0	5	0.0000750627
Streptomyces qaidamensis	1783515	S	5	0	5	0.0000750627
Streptomyces hawaiiensis	67305	S	5	0	5	0.0000750627
Streptomyces fagopyri	2662397	S	5	0	5	0.0000750627
Streptomyces pluripotens	1355015	S	5	0	5	0.0000750627
Mycolicibacterium helvum	1534349	S	5	0	5	0.0000750627
Mycolicibacterium thermoresistibile	1797	S	5	0	5	0.0000750627
Mycolicibacterium alvei	67081	S	5	0	5	0.0000750627
Mycolicibacterium confluentis	28047	S	5	0	5	0.0000750627
Mycobacterium colombiense	339268	S	5	0	5	0.0000750627
Mycolicibacter terrae	1788	S	5	0	5	0.0000750627
Mycolicibacter hiberniae	29314	S	5	0	5	0.0000750627
Rhodococcus sp. B7740	1564114	S	5	0	5	0.0000750627
Rhodococcus sp. P-2	2795031	S	5	0	5	0.0000750627
Rhodococcus sp. X156	2499145	S	5	0	5	0.0000750627
Rhodococcus sp. 2G	1570939	S	2	3	5	0.0000750627
Rhodococcus triatomae	300028	S	5	0	5	0.0000750627
Nocardia sp. WCH-YHL-001	2755382	S	5	0	5	0.0000750627
Corynebacterium sp. LMM-1652	2487892	S	5	0	5	0.0000750627
Corynebacterium sp. 2019	2675218	S	5	0	5	0.0000750627
Corynebacterium humireducens	1223514	S	5	0	5	0.0000750627
Corynebacterium glucuronolyticum	39791	S	5	0	5	0.0000750627
Corynebacterium kroppenstedtii	161879	S	5	0	5	0.0000750627
Corynebacterium suranareeae	2506452	S	5	0	5	0.0000750627
Corynebacterium bovis	36808	S	5	0	5	0.0000750627
Corynebacterium matruchotii	43768	S	5	0	5	0.0000750627
Corynebacterium doosanense	1121358	S	4	1	5	0.0000750627
Tessaracoccus flavescens	399497	S	3	2	5	0.0000750627
Pseudopropionibacterium propionicum	1750	S	5	0	5	0.0000750627
Nocardioides sp. S5	2017486	S	4	1	5	0.0000750627
Nocardioides euryhalodurans	2518370	S	5	0	5	0.0000750627
Nocardioides daphniae	402297	S	4	1	5	0.0000750627
Aeromicrobium erythreum	2041	S	5	0	5	0.0000750627
Aeromicrobium chenweiae	2079793	S	4	1	5	0.0000750627
Marmoricola scoriae	642780	S	4	1	5	0.0000750627
Kribbella qitaiheensis	1544730	S	5	0	5	0.0000750627
Amycolatopsis keratiniphila	129921	S	3	2	5	0.0000750627
Pseudonocardia sp. HH130629-09	1641402	S	5	0	5	0.0000750627
Saccharomonospora viridis	1852	S	5	0	5	0.0000750627
Actinoalloteichus fjordicus	1612552	S	1	4	5	0.0000750627
Micromonospora maris	1003110	S	5	0	5	0.0000750627
Micromonospora sagamiensis	47875	S	5	0	5	0.0000750627
Micromonospora echinospora	1877	S	5	0	5	0.0000750627
Micromonospora auratinigra	261654	S	4	1	5	0.0000750627
Micromonospora craniellae	2294034	S	4	1	5	0.0000750627
Plantactinospora sp. BB1	2071627	S	2	3	5	0.0000750627
Plantactinospora sp. BC1	2108470	S	2	3	5	0.0000750627
Actinomyces sp. oral taxon 414	712122	S	4	1	5	0.0000750627
Actinomyces sp. oral taxon 171	706438	S	3	2	5	0.0000750627
Actinomyces sp. HMT 175	2789425	S	1	4	5	0.0000750627
Actinomyces gaoshouyii	1960083	S	4	1	5	0.0000750627
Schaalia odontolytica	1660	S	4	1	5	0.0000750627
Nakamurella sp. PAMC28650	2762325	S	5	0	5	0.0000750627
Nakamurella panacisegetis	1090615	S	5	0	5	0.0000750627
Olsenella sp. oral taxon 807	712411	S	5	0	5	0.0000750627
Bacillus pseudomycoides	64104	S	5	0	5	0.0000750627
Bacillus sp. THAF10	2587848	S	5	0	5	0.0000750627
Bacillus marisflavi	189381	S	5	0	5	0.0000750627
Lysinibacillus timonensis	2086577	S	5	0	5	0.0000750627
Priestia filamentosa	1402861	S	5	0	5	0.0000750627
Salicibibacter sp. NKC5-3	2743000	S	5	0	5	0.0000750627
Mesobacillus jeotgali	129985	S	5	0	5	0.0000750627
Staphylococcus pseudintermedius	283734	S	5	0	5	0.0000750627
Staphylococcus simiae	308354	S	5	0	5	0.0000750627
Staphylococcus arlettae	29378	S	4	1	5	0.0000750627
Paenibacillus sp. FSL R5-0912	1536771	S	5	0	5	0.0000750627
Paenibacillus sp. HB172198	2565926	S	5	0	5	0.0000750627
Paenibacillus sp. 37	2607911	S	4	1	5	0.0000750627
Paenibacillus bovis	1616788	S	5	0	5	0.0000750627
Paenibacillus mucilaginosus	61624	S	5	0	5	0.0000750627
Saccharibacillus brassicae	2583377	S	5	0	5	0.0000750627
Gemella morbillorum	29391	S	4	1	5	0.0000750627
Exiguobacterium sp. AT1b	360911	S	4	1	5	0.0000750627
Lactobacillus helveticus	1587	S	5	0	5	0.0000750627
Leuconostoc citreum	33964	S	3	2	5	0.0000750627
Lentilactobacillus hilgardii	1588	S	5	0	5	0.0000750627
Latilactobacillus sakei	1599	S	5	0	5	0.0000750627
Pediococcus acidilactici	1254	S	5	0	5	0.0000750627
Streptococcus sp. oral taxon 061	712623	S	5	0	5	0.0000750627
Streptococcus oralis	1303	S	5	0	5	0.0000750627
Streptococcus urinalis	149016	S	5	0	5	0.0000750627
Streptococcus pyogenes	1314	S	5	0	5	0.0000750627
Streptococcus sanguinis	1305	S	5	0	5	0.0000750627
Enterococcus faecalis	1351	S	5	0	5	0.0000750627
Enterococcus hirae	1354	S	5	0	5	0.0000750627
Tetragenococcus halophilus	51669	S	5	0	5	0.0000750627
Carnobacterium sp. CP1	1564681	S	3	2	5	0.0000750627
Aerococcus viridans	1377	S	4	1	5	0.0000750627
Cellulosilyticum sp. WCF-2	2497860	S	5	0	5	0.0000750627
Pseudobutyrivibrio xylanivorans	185007	S	5	0	5	0.0000750627
Lachnospira eligens	39485	S	5	0	5	0.0000750627
Clostridium sp. JN-9	2507159	S	5	0	5	0.0000750627
Clostridium diolis	223919	S	4	1	5	0.0000750627
Oscillibacter sp. PEA192	2109687	S	2	3	5	0.0000750627
Paeniclostridium sordellii	1505	S	5	0	5	0.0000750627
Desulfosporosinus orientis	1563	S	5	0	5	0.0000750627
Desulfosporosinus acidiphilus	885581	S	5	0	5	0.0000750627
Thermoanaerobacterium aotearoense	47490	S	4	1	5	0.0000750627
Caldicellulosiruptor kronotskyensis	413889	S	3	2	5	0.0000750627
Moorella thermoacetica	1525	S	5	0	5	0.0000750627
Mahella australiensis	252966	S	4	1	5	0.0000750627
Selenomonas sp. oral taxon 920	1884263	S	4	1	5	0.0000750627
Phascolarctobacterium faecium	33025	S	5	0	5	0.0000750627
Erysipelothrix sp. HDW6A	2714928	S	5	0	5	0.0000750627
Erysipelothrix rhusiopathiae	1648	S	4	1	5	0.0000750627
Intestinibaculum porci	2487118	S	5	0	5	0.0000750627
Amedibacterium intestinale	2583452	S	4	1	5	0.0000750627
Parvimonas micra	33033	S	4	1	5	0.0000750627
Nostoc sp. NIES-3756	1751286	S	2	3	5	0.0000750627
[Phormidium] sp. ETS-05	222819	S	5	0	5	0.0000750627
Synechococcus sp. CBW1004	1353136	S	5	0	5	0.0000750627
Synechococcus sp. SynAce01	1916956	S	5	0	5	0.0000750627
Synechococcus sp. A15-44	1050646	S	3	2	5	0.0000750627
Cyanobium gracile	59930	S	5	0	5	0.0000750627
Mycoplasma sp. Mirounga ES2806-NAS	754516	S	5	0	5	0.0000750627
Mycoplasma hominis	2098	S	3	2	5	0.0000750627
Spiroplasma poulsonii	2138	S	5	0	5	0.0000750627
Mesoplasma syrphidae	225999	S	5	0	5	0.0000750627
Deinococcus sp. S14-83	2489213	S	5	0	5	0.0000750627
Deinococcus gobiensis	502394	S	5	0	5	0.0000750627
Deinococcus peraridilitoris	432329	S	5	0	5	0.0000750627
Deinococcus maricopensis	309887	S	5	0	5	0.0000750627
Meiothermus taiwanensis	172827	S	5	0	5	0.0000750627
Truepera radiovictrix	332249	S	5	0	5	0.0000750627
Roseiflexus castenholzii	120962	S	5	0	5	0.0000750627
Sphaerobacter thermophilus	2057	S	5	0	5	0.0000750627
Thermomicrobium roseum	500	S	5	0	5	0.0000750627
Polaribacter sp. G4M1	2808900	S	5	0	5	0.0000750627
Polaribacter sp. SM13	2818493	S	5	0	5	0.0000750627
Tenacibaculum maritimum	107401	S	5	0	5	0.0000750627
Capnocytophaga stomatis	1848904	S	5	0	5	0.0000750627
Capnocytophaga cynodegmi	28189	S	4	1	5	0.0000750627
Nonlabens sp. Hel1_33_55	1336802	S	5	0	5	0.0000750627
Maribacter dokdonensis	320912	S	3	2	5	0.0000750627
Cellulophaga baltica	76594	S	5	0	5	0.0000750627
Lacinutrix venerupis	1486034	S	4	1	5	0.0000750627
Aequorivita sp. H23M31	2494375	S	5	0	5	0.0000750627
Robiginitalea biformata	252307	S	5	0	5	0.0000750627
Altibacter sp. ALE3EI	2562285	S	5	0	5	0.0000750627
Gilvibacter sp. SZ-19	754429	S	5	0	5	0.0000750627
Euzebyella marina	1761453	S	3	2	5	0.0000750627
Psychroserpens sp. NJDZ02	2570561	S	2	3	5	0.0000750627
Chryseobacterium glaciei	1685010	S	5	0	5	0.0000750627
Kaistella antarctica	266748	S	5	0	5	0.0000750627
Alistipes indistinctus	626932	S	5	0	5	0.0000750627
Alistipes communis	2585118	S	5	0	5	0.0000750627
Odoribacter splanchnicus	28118	S	5	0	5	0.0000750627
Porphyromonas cangingivalis	36874	S	5	0	5	0.0000750627
Barnesiella viscericola	397865	S	5	0	5	0.0000750627
Coprobacter sp. 2CBH44	2751153	S	5	0	5	0.0000750627
Tenuifilum thalassicum	2590900	S	5	0	5	0.0000750627
Draconibacterium sp. M1	2706887	S	4	1	5	0.0000750627
Labilibaculum antarcticum	1717717	S	5	0	5	0.0000750627
Sphingobacterium lactis	797291	S	4	1	5	0.0000750627
Sphingobacterium siyangense	459529	S	2	3	5	0.0000750627
Olivibacter sp. SDN3	2764720	S	5	0	5	0.0000750627
Hymenobacter nivis	1850093	S	5	0	5	0.0000750627
Hymenobacter oligotrophus	2319843	S	5	0	5	0.0000750627
Hymenobacter jejuensis	2502781	S	5	0	5	0.0000750627
Hymenobacter busanensis	2607656	S	5	0	5	0.0000750627
Hymenobacter russus	2724192	S	5	0	5	0.0000750627
Pontibacter actiniarum	323450	S	5	0	5	0.0000750627
Pontibacter korlensis	400092	S	5	0	5	0.0000750627
Echinicola vietnamensis	390884	S	5	0	5	0.0000750627
Cyclobacterium amurskyense	320787	S	5	0	5	0.0000750627
Flammeovirga sp. MY04	1191459	S	5	0	5	0.0000750627
Candidatus Amoebophilus asiaticus	281120	S	5	0	5	0.0000750627
Saprospira grandis	1008	S	5	0	5	0.0000750627
Chlorobium phaeobacteroides	1096	S	5	0	5	0.0000750627
Gemmatimonas aurantiaca	173480	S	5	0	5	0.0000750627
Treponema primitia	88058	S	5	0	5	0.0000750627
Thiospirochaeta perfilievii	252967	S	5	0	5	0.0000750627
Borreliella garinii	29519	S	3	2	5	0.0000750627
Turneriella parva	29510	S	5	0	5	0.0000750627
Brachyspira hyodysenteriae	159	S	4	1	5	0.0000750627
Fusobacterium hwasookii	1583098	S	2	3	5	0.0000750627
Leptotrichia sp. oral taxon 212	712357	S	5	0	5	0.0000750627
Leptotrichia sp. oral taxon 847	1785996	S	4	1	5	0.0000750627
Leptotrichia wadei	157687	S	3	2	5	0.0000750627
Leptotrichia hongkongensis	554406	S	3	2	5	0.0000750627
Acidobacterium capsulatum	33075	S	5	0	5	0.0000750627
Edaphobacter sp. 12200R-103	2703788	S	5	0	5	0.0000750627
Acidisarcina polymorpha	2211140	S	5	0	5	0.0000750627
Candidatus Nanosynbacter lyticus	2093824	S	5	0	5	0.0000750627
Persephonella marina	309805	S	5	0	5	0.0000750627
Halogeometricum borinquense	60847	S	5	0	5	0.0000750627
Halosimplex rubrum	869889	S	4	1	5	0.0000750627
Halarchaeum sp. CBA1220	1853682	S	5	0	5	0.0000750627
Haloterrigena turkmenica	62320	S	4	1	5	0.0000750627
Natrinema pellirubrum	69525	S	4	1	5	0.0000750627
Methanosarcina sp. MTP4	1434100	S	5	0	5	0.0000750627
Methanosarcina horonobensis	418008	S	5	0	5	0.0000750627
Methanosarcina thermophila	2210	S	4	1	5	0.0000750627
Methanobacterium paludis	868131	S	5	0	5	0.0000750627
Candidatus Nitrosocosmicus oleophilus	1353260	S	5	0	5	0.0000750627
Candidatus Nitrosocosmicus franklandus	1798806	S	5	0	5	0.0000750627
Rhodoferax phage P26218	1636270	S	5	0	5	0.0000750627
Megavirus chiliensis	1094892	S	5	0	5	0.0000750627
Burkholderia sp. MS389	2811789	S	3	1	4	0.0000600501
Burkholderia sp. NRF60-BP8	1637853	S	3	1	4	0.0000600501
Paraburkholderia sp. PGU16	2735433	S	3	1	4	0.0000600501
Mycetohabitans rhizoxinica	412963	S	4	0	4	0.0000600501
Alcaligenes sp. SORT26	2813780	S	4	0	4	0.0000600501
Advenella mimigardefordensis	302406	S	4	0	4	0.0000600501
Advenella kashmirensis	310575	S	4	0	4	0.0000600501
Oligella ureolytica	90244	S	4	0	4	0.0000600501
Algicoccus marinus	2163011	S	4	0	4	0.0000600501
Sutterella megalosphaeroides	2494234	S	4	0	4	0.0000600501
Aquitalea magnusonii	332411	S	3	1	4	0.0000600501
Jeongeupia sp. USM3	1906741	S	4	0	4	0.0000600501
Neisseria chenwenguii	1853278	S	4	0	4	0.0000600501
Neisseria zoodegmatis	326523	S	4	0	4	0.0000600501
Neisseria animaloris	326522	S	4	0	4	0.0000600501
Alysiella filiformis	194196	S	4	0	4	0.0000600501
Conchiformibius steedae	153493	S	4	0	4	0.0000600501
Nitrosomonas ureae	44577	S	4	0	4	0.0000600501
Nitrosomonas stercoris	1444684	S	4	0	4	0.0000600501
Thiobacillus denitrificans	36861	S	4	0	4	0.0000600501
Rugosibacter aromaticivorans	1565605	S	4	0	4	0.0000600501
Pseudomonas sp. R32	1573704	S	4	0	4	0.0000600501
Pseudomonas sp. M30-35	1981174	S	4	0	4	0.0000600501
Pseudomonas sp. Leaf58	1736226	S	4	0	4	0.0000600501
Pseudomonas sp. 7SR1	1881017	S	4	0	4	0.0000600501
Pseudomonas sp. LAB-08	143813	S	4	0	4	0.0000600501
Pseudomonas sp. MSPm1	2726956	S	4	0	4	0.0000600501
Pseudomonas sp. StFLB209	1028989	S	4	0	4	0.0000600501
Pseudomonas sp. SCB32	2653853	S	4	0	4	0.0000600501
Pseudomonas sp. DR 5-09	1534110	S	3	1	4	0.0000600501
Pseudomonas sp. J380	2605424	S	3	1	4	0.0000600501
Pseudomonas sp. R1-43-08	1173270	S	2	2	4	0.0000600501
Pseudomonas sp. R2-37-08W	1173273	S	2	2	4	0.0000600501
Pseudomonas rhodesiae	76760	S	4	0	4	0.0000600501
Pseudomonas migulae	78543	S	4	0	4	0.0000600501
Pseudomonas mucidolens	46679	S	4	0	4	0.0000600501
Pseudomonas mandelii	75612	S	2	2	4	0.0000600501
Pseudomonas furukawaii	1149133	S	4	0	4	0.0000600501
Pseudomonas sp. Lz4W	1206777	S	2	2	4	0.0000600501
Pseudomonas balearica	74829	S	3	1	4	0.0000600501
Pseudomonas litoralis	797277	S	4	0	4	0.0000600501
Pseudomonas sabulinigri	472181	S	4	0	4	0.0000600501
Pseudomonas allokribbensis	2774460	S	4	0	4	0.0000600501
Pseudomonas alkylphenolica	237609	S	4	0	4	0.0000600501
Pseudomonas simiae	321846	S	4	0	4	0.0000600501
Pseudomonas lurida	244566	S	4	0	4	0.0000600501
Acinetobacter sp. WCHAc010052	2004647	S	3	1	4	0.0000600501
Acinetobacter soli	487316	S	4	0	4	0.0000600501
Moraxella bovis	476	S	4	0	4	0.0000600501
Escherichia albertii	208962	S	4	0	4	0.0000600501
Candidatus Mikella endobia	1778264	S	4	0	4	0.0000600501
Enterobacteriaceae endosymbiont of Donacia provostii	2675781	S	3	1	4	0.0000600501
Kluyvera ascorbata	51288	S	3	1	4	0.0000600501
Pseudescherichia vulneris	566	S	4	0	4	0.0000600501
Serratia odorifera	618	S	4	0	4	0.0000600501
Serratia fonticola	47917	S	4	0	4	0.0000600501
Serratia ficaria	61651	S	1	3	4	0.0000600501
Yersinia frederiksenii	29484	S	3	1	4	0.0000600501
Mixta theicola	1458355	S	4	0	4	0.0000600501
Providencia alcalifaciens	126385	S	4	0	4	0.0000600501
Proteus columbae	1987580	S	2	2	4	0.0000600501
Photorhabdus laumondii	2218628	S	4	0	4	0.0000600501
Arsenophonus endosymbiont of Aphis craccivora	1231049	S	4	0	4	0.0000600501
Dickeya dadantii	204038	S	3	1	4	0.0000600501
Pectobacterium atrosepticum	29471	S	4	0	4	0.0000600501
Pectobacterium parmentieri	1905730	S	4	0	4	0.0000600501
Edwardsiella hoshinae	93378	S	4	0	4	0.0000600501
Edwardsiella ictaluri	67780	S	3	1	4	0.0000600501
Stenotrophomonas sp. SAU14A_NAIMI4_5	2072413	S	4	0	4	0.0000600501
Xanthomonas sacchari	56458	S	4	0	4	0.0000600501
Marinobacter sp. Arc7-DN-1	2304594	S	4	0	4	0.0000600501
Glaciecola nitratireducens	300231	S	4	0	4	0.0000600501
Shewanella sp. MR-4	60480	S	2	2	4	0.0000600501
Shewanella aestuarii	1028752	S	4	0	4	0.0000600501
Shewanella sediminis	271097	S	4	0	4	0.0000600501
Pseudoalteromonas arabiensis	874454	S	4	0	4	0.0000600501
Pseudoalteromonas agarivorans	176102	S	2	2	4	0.0000600501
Pseudoalteromonas translucida	166935	S	2	2	4	0.0000600501
Colwellia sp. 20A7	2689569	S	4	0	4	0.0000600501
Thalassotalea sp. PS06	2594005	S	4	0	4	0.0000600501
Moritella marina	90736	S	4	0	4	0.0000600501
Halomonas sp. MCCC 1A11059	2733484	S	2	2	4	0.0000600501
Halomonas meridiana	29570	S	4	0	4	0.0000600501
Halomonas huangheensis	1178482	S	4	0	4	0.0000600501
Halomonas socia	1081866	S	4	0	4	0.0000600501
Halomonas subglaciescola	29571	S	4	0	4	0.0000600501
Cobetia sp. L2A1	2686360	S	4	0	4	0.0000600501
Chromohalobacter salexigens	158080	S	4	0	4	0.0000600501
Halotalea alkalilenta	376489	S	4	0	4	0.0000600501
Bermanella marisrubri	207949	S	4	0	4	0.0000600501
Oleiphilus messinensis	141451	S	4	0	4	0.0000600501
Vibrio sp. SM1977	2662262	S	4	0	4	0.0000600501
Vibrio sp. THAF190c	2587865	S	4	0	4	0.0000600501
Vibrio mimicus	674	S	4	0	4	0.0000600501
Vibrio taketomensis	2572923	S	4	0	4	0.0000600501
Aliivibrio salmonicida	40269	S	4	0	4	0.0000600501
Nitrosococcus wardiae	1814290	S	4	0	4	0.0000600501
Candidatus Nitrosoglobus terrae	1630141	S	4	0	4	0.0000600501
Wenzhouxiangella sp. AB-CW3	2771012	S	4	0	4	0.0000600501
Thiohalobacter sp. COW1	2795687	S	2	2	4	0.0000600501
Aeromonas sp. ASNIH2	1636607	S	1	3	4	0.0000600501
Hydrogenovibrio crunogenus	39765	S	4	0	4	0.0000600501
Thiosulfatimonas sediminis	2675054	S	4	0	4	0.0000600501
Francisella frigiditurris	1542390	S	4	0	4	0.0000600501
Teredinibacter purpureus	2731756	S	4	0	4	0.0000600501
Agarilytica rhodophyticola	1737490	S	4	0	4	0.0000600501
Microbulbifer sp. THAF38	2587856	S	4	0	4	0.0000600501
Microbulbifer agarilyticus	260552	S	4	0	4	0.0000600501
Zhongshania aliphaticivorans	1470434	S	4	0	4	0.0000600501
Haemophilus influenzae	727	S	4	0	4	0.0000600501
Actinobacillus sp. GY-402	2774188	S	4	0	4	0.0000600501
Mannheimia haemolytica	75985	S	4	0	4	0.0000600501
Mannheimia varigena	85404	S	4	0	4	0.0000600501
Legionella waltersii	66969	S	4	0	4	0.0000600501
Legionella fallonii	96230	S	4	0	4	0.0000600501
Legionella clemsonensis	1867846	S	4	0	4	0.0000600501
Fluoribacter dumoffii	463	S	4	0	4	0.0000600501
Bathymodiolus thermophilus thioautotrophic gill symbiont	2360	S	4	0	4	0.0000600501
Sedimenticola thiotaurini	1543721	S	4	0	4	0.0000600501
Rhizobium sp. ACO-34A	1571470	S	4	0	4	0.0000600501
Rhizobium jaguaris	1312183	S	4	0	4	0.0000600501
Agrobacterium larrymoorei	160699	S	4	0	4	0.0000600501
Mesorhizobium sp. N3	675281	S	4	0	4	0.0000600501
Mesorhizobium sp. 113-3-9	2744517	S	3	1	4	0.0000600501
Mesorhizobium sp. 113-3-3	2744516	S	3	1	4	0.0000600501
Mesorhizobium sp. AA22	1854057	S	3	1	4	0.0000600501
Aminobacter sp. SR38	2774562	S	1	3	4	0.0000600501
Phyllobacterium zundukense	1867719	S	4	0	4	0.0000600501
Candidatus Phaeomarinobacter ectocarpi	1458461	S	4	0	4	0.0000600501
Bartonella vinsonii	33047	S	3	1	4	0.0000600501
Brucella intermedia	94625	S	4	0	4	0.0000600501
Brucella pituitosa	571256	S	3	1	4	0.0000600501
Beijerinckia indica	533	S	4	0	4	0.0000600501
Lichenihabitans psoromatis	2528642	S	4	0	4	0.0000600501
Sphingomonas sp. HDW15A	2714942	S	4	0	4	0.0000600501
Sphingomonas sediminicola	386874	S	4	0	4	0.0000600501
Sphingomonas xanthus	2594473	S	4	0	4	0.0000600501
Sphingopyxis alaskensis	117207	S	4	0	4	0.0000600501
Pelagerythrobacter marensis	543877	S	4	0	4	0.0000600501
Sandaracinobacter sp. M6	2759707	S	4	0	4	0.0000600501
Paracoccus kondratievae	135740	S	4	0	4	0.0000600501
Paracoccus aminophilus	34003	S	4	0	4	0.0000600501
Sulfitobacter sp. D7	1968541	S	3	1	4	0.0000600501
Roseovarius sp. THAF27	2587850	S	2	2	4	0.0000600501
Phaeobacter porticola	1844006	S	4	0	4	0.0000600501
Leisingera aquaemixtae	1396826	S	4	0	4	0.0000600501
Roseibacterium elongatum	159346	S	4	0	4	0.0000600501
Tateyamaria omphalii	299262	S	4	0	4	0.0000600501
Brevundimonas vancanneytii	1325724	S	1	3	4	0.0000600501
Indioceanicola profundi	2220096	S	4	0	4	0.0000600501
Acetobacter ghanensis	431306	S	4	0	4	0.0000600501
Swingsia sp. F3b2	2558361	S	4	0	4	0.0000600501
Entomobacter blattae	2762277	S	4	0	4	0.0000600501
Granulibacter bethesdensis	364410	S	4	0	4	0.0000600501
Neoasaia chiangmaiensis	320497	S	4	0	4	0.0000600501
Rickettsia massiliae	35791	S	1	3	4	0.0000600501
Rickettsia canadensis	788	S	4	0	4	0.0000600501
Candidatus Phycorickettsia trachydisci	2115978	S	4	0	4	0.0000600501
Ehrlichia sp. HF	391036	S	2	2	4	0.0000600501
Rickettsiales endosymbiont of Stachyamoeba lipophora	2486578	S	4	0	4	0.0000600501
Candidatus Deianiraea vastatrix	2163644	S	4	0	4	0.0000600501
Candidatus Puniceispirillum marinum	767892	S	4	0	4	0.0000600501
Candidatus Pelagibacter giovannonii	2563896	S	3	1	4	0.0000600501
Hyphomonas sp. KY3	2016196	S	4	0	4	0.0000600501
Hyphobacterium sp. CCMP332	2749086	S	4	0	4	0.0000600501
Poseidonibacter parvus	1850254	S	1	3	4	0.0000600501
Campylobacter sp. RM6914	1032243	S	4	0	4	0.0000600501
Campylobacter pinnipediorum	1965231	S	4	0	4	0.0000600501
Campylobacter hepaticus	1813019	S	4	0	4	0.0000600501
Campylobacter hyointestinalis	198	S	4	0	4	0.0000600501
Campylobacter lari	201	S	4	0	4	0.0000600501
Campylobacter insulaenigrae	260714	S	4	0	4	0.0000600501
Sulfurospirillum barnesii	44674	S	4	0	4	0.0000600501
Sulfurospirillum halorespirans	194424	S	3	1	4	0.0000600501
Desulfovibrio magneticus	184917	S	4	0	4	0.0000600501
Desulfovibrio ferrophilus	241368	S	4	0	4	0.0000600501
Pseudodesulfovibrio mercurii	641491	S	4	0	4	0.0000600501
Pseudodesulfovibrio indicus	1716143	S	4	0	4	0.0000600501
Desulfolutivibrio sulfoxidireducens	2773299	S	4	0	4	0.0000600501
Geobacter sp. DSM 9736	1277350	S	4	0	4	0.0000600501
Geobacter sp. SVR	2495594	S	4	0	4	0.0000600501
Geobacter bemidjiensis	225194	S	3	1	4	0.0000600501
Syntrophotalea acetylenica	29542	S	4	0	4	0.0000600501
Desulfopila sp. IMCC35005	2569541	S	4	0	4	0.0000600501
Syntrophobacter fumaroxidans	119484	S	4	0	4	0.0000600501
Candidatus Desulfofervidus auxilii	1621989	S	4	0	4	0.0000600501
Bdellovibrio sp. KM01	2748865	S	3	1	4	0.0000600501
Acidithiobacillus thiooxidans	930	S	4	0	4	0.0000600501
Microbacterium protaetiae	2509458	S	4	0	4	0.0000600501
Microbacterium wangchenii	2541726	S	4	0	4	0.0000600501
Candidatus Aquiluna sp. UB-MaderosW2red	1855377	S	4	0	4	0.0000600501
Curtobacterium sp. 24E2	2804758	S	4	0	4	0.0000600501
Curtobacterium pusillum	69373	S	4	0	4	0.0000600501
Salinibacterium sp. dk2585	2603292	S	4	0	4	0.0000600501
Salinibacterium hongtaonis	2079791	S	4	0	4	0.0000600501
Chryseoglobus sp. 28M-23	2772253	S	2	2	4	0.0000600501
Chryseoglobus indicus	2750620	S	2	2	4	0.0000600501
Arthrobacter citreus	1670	S	4	0	4	0.0000600501
Rothia amarae	169480	S	3	1	4	0.0000600501
Rothia terrae	396015	S	3	1	4	0.0000600501
Glutamicibacter creatinolyticus	162496	S	4	0	4	0.0000600501
Glutamicibacter arilaitensis	256701	S	4	0	4	0.0000600501
Glutamicibacter protophormiae	37930	S	3	1	4	0.0000600501
Neomicrococcus aestuarii	556325	S	4	0	4	0.0000600501
Psychromicrobium lacuslunae	1618207	S	4	0	4	0.0000600501
Cellulomonas taurus	2729175	S	4	0	4	0.0000600501
Phycicoccus sp. HDW14	2714941	S	4	0	4	0.0000600501
Brevibacterium sp. o2	2697565	S	3	1	4	0.0000600501
Brevibacterium aurantiacum	273384	S	3	1	4	0.0000600501
Serinicoccus chungangensis	767452	S	4	0	4	0.0000600501
Serinicoccus marinus	247333	S	3	1	4	0.0000600501
Brachybacterium sp. P6-10-X1	1903186	S	4	0	4	0.0000600501
Xylanimonas allomyrinae	2509459	S	4	0	4	0.0000600501
Haloactinobacterium sp. RN3S43	2779775	S	4	0	4	0.0000600501
Dermatophilus congolensis	1863	S	4	0	4	0.0000600501
Streptomyces sp. RTd22	1841249	S	4	0	4	0.0000600501
Streptomyces sp. NEAU-S7GS2	2202000	S	4	0	4	0.0000600501
Streptomyces sp. S4.7	2705439	S	4	0	4	0.0000600501
Streptomyces sp. RPA4-5	2721245	S	4	0	4	0.0000600501
Streptomyces sp. WAC 01438	2203204	S	4	0	4	0.0000600501
Streptomyces sp. CRXT-Y-14	2768069	S	4	0	4	0.0000600501
Streptomyces sp. INR7	2607753	S	4	0	4	0.0000600501
Streptomyces globisporus	1908	S	4	0	4	0.0000600501
Streptomyces leeuwenhoekii	1437453	S	4	0	4	0.0000600501
Streptomyces chromofuscus	42881	S	4	0	4	0.0000600501
Streptomyces pristinaespiralis	38300	S	4	0	4	0.0000600501
Streptomyces collinus	42684	S	4	0	4	0.0000600501
Streptomyces formicae	1616117	S	4	0	4	0.0000600501
Streptomyces niveus	193462	S	4	0	4	0.0000600501
Streptomyces incarnatus	665007	S	4	0	4	0.0000600501
Streptomyces rectiverticillatus	173860	S	4	0	4	0.0000600501
Streptomyces mobaraensis	35621	S	4	0	4	0.0000600501
Streptomyces harbinensis	1176198	S	4	0	4	0.0000600501
Streptomyces kanamyceticus	1967	S	4	0	4	0.0000600501
Streptomyces lavendulae	1914	S	4	0	4	0.0000600501
Streptomyces cadmiisoli	2184053	S	4	0	4	0.0000600501
Streptomyces atratus	1893	S	4	0	4	0.0000600501
Streptomyces aquilus	2548456	S	4	0	4	0.0000600501
Streptomyces albidoflavus	1886	S	3	1	4	0.0000600501
Streptomyces fungicidicus	68203	S	3	1	4	0.0000600501
Mycolicibacterium sp. Z-34	2736649	S	4	0	4	0.0000600501
Mycolicibacterium rhodesiae	36814	S	4	0	4	0.0000600501
Mycolicibacterium phocaicum	319706	S	4	0	4	0.0000600501
Mycolicibacterium vaccae	1810	S	4	0	4	0.0000600501
Mycolicibacterium mucogenicum	56689	S	4	0	4	0.0000600501
Mycolicibacterium pulveris	36813	S	4	0	4	0.0000600501
Mycobacterium simiae	1784	S	4	0	4	0.0000600501
Mycobacterium stomatepiae	470076	S	4	0	4	0.0000600501
Mycobacterium haemophilum	29311	S	4	0	4	0.0000600501
Mycobacterium cookii	1775	S	4	0	4	0.0000600501
Mycobacterium riyadhense	486698	S	4	0	4	0.0000600501
Mycolicibacillus koreensis	1069220	S	4	0	4	0.0000600501
Rhodococcus sp. 008	1723645	S	1	3	4	0.0000600501
Corynebacterium sp. ZJ-599	2709394	S	4	0	4	0.0000600501
Corynebacterium flavescens	28028	S	4	0	4	0.0000600501
Corynebacterium glaucum	187491	S	4	0	4	0.0000600501
Corynebacterium striatum	43770	S	3	1	4	0.0000600501
Corynebacterium resistens	258224	S	3	1	4	0.0000600501
Corynebacterium minutissimum	38301	S	3	1	4	0.0000600501
Corynebacterium crudilactis	1652495	S	3	1	4	0.0000600501
Corynebacterium amycolatum	43765	S	1	3	4	0.0000600501
Gordonia sp. 1D	1737359	S	2	2	4	0.0000600501
Dietzia psychralcaliphila	139021	S	4	0	4	0.0000600501
Microlunatus sp. Gsoil 973	2672569	S	4	0	4	0.0000600501
Propionibacterium acidifaciens	556499	S	4	0	4	0.0000600501
Friedmanniella luteola	546871	S	4	0	4	0.0000600501
Amycolatopsis sp. YIM 10	2653857	S	4	0	4	0.0000600501
Saccharopolyspora sp. ASAGF58	2719023	S	1	3	4	0.0000600501
Saccharomonospora marina	632569	S	4	0	4	0.0000600501
Actinoalloteichus hymeniacidonis	340345	S	4	0	4	0.0000600501
Prauserella marina	530584	S	4	0	4	0.0000600501
Micromonospora sp. WMMC415	2675222	S	4	0	4	0.0000600501
Micromonospora zamorensis	709883	S	4	0	4	0.0000600501
Micromonospora coriariae	285665	S	4	0	4	0.0000600501
Salinispora tropica	168695	S	4	0	4	0.0000600501
Salinispora arenicola	168697	S	4	0	4	0.0000600501
Bifidobacterium eulemuris	1765219	S	4	0	4	0.0000600501
Bifidobacterium imperatoris	2020965	S	3	1	4	0.0000600501
Actinomadura verrucosospora	46165	S	4	0	4	0.0000600501
Nocardiopsis gilva	280236	S	4	0	4	0.0000600501
Nocardiopsis alba	53437	S	3	1	4	0.0000600501
Parolsenella massiliensis	1871022	S	3	1	4	0.0000600501
Lancefieldella parvula	1382	S	4	0	4	0.0000600501
Gordonibacter pamelaeae	471189	S	2	2	4	0.0000600501
Arabia massiliensis	1870985	S	4	0	4	0.0000600501
Rubrobacter sp. SCSIO 52915	2653852	S	4	0	4	0.0000600501
Egibacter rhizosphaerae	1670831	S	4	0	4	0.0000600501
Egicoccus halophilus	1670830	S	4	0	4	0.0000600501
Bacillus luti	2026191	S	4	0	4	0.0000600501
Bacillus sp. FJAT-45348	2011012	S	4	0	4	0.0000600501
Bacillus infantis	324767	S	4	0	4	0.0000600501
Bacillus weihaiensis	1547283	S	4	0	4	0.0000600501
Bacillus pumilus	1408	S	4	0	4	0.0000600501
Lysinibacillus sp. SGAir0095	2070463	S	4	0	4	0.0000600501
Alkalihalobacillus lehensis	300825	S	4	0	4	0.0000600501
Geobacillus sp. E263	391290	S	2	2	4	0.0000600501
Anoxybacillus amylolyticus	294699	S	4	0	4	0.0000600501
Anoxybacillus kamchatkensis	196180	S	2	2	4	0.0000600501
Virgibacillus sp. Bac330	2419841	S	3	1	4	0.0000600501
Peribacillus psychrosaccharolyticus	1407	S	4	0	4	0.0000600501
Priestia flexa	86664	S	4	0	4	0.0000600501
Lentibacillus sp. CBA3610	2518176	S	4	0	4	0.0000600501
Weizmannia coagulans	1398	S	4	0	4	0.0000600501
Sediminibacillus sp. DP4-553-S	2729421	S	4	0	4	0.0000600501
Parageobacillus thermoglucosidasius	1426	S	2	2	4	0.0000600501
Staphylococcus pasteuri	45972	S	4	0	4	0.0000600501
Staphylococcus lloydii	2781774	S	4	0	4	0.0000600501
Staphylococcus debuckii	2044912	S	4	0	4	0.0000600501
Staphylococcus equorum	246432	S	4	0	4	0.0000600501
Staphylococcus schleiferi	1295	S	4	0	4	0.0000600501
Mammaliicoccus lentus	42858	S	3	1	4	0.0000600501
Macrococcus canis	1855823	S	4	0	4	0.0000600501
Paenibacillus sp. CAA11	1532905	S	4	0	4	0.0000600501
Paenibacillus sp. IHBB 10380	1566358	S	4	0	4	0.0000600501
Paenibacillus thiaminolyticus	49283	S	4	0	4	0.0000600501
Paenibacillus yonginensis	1462996	S	4	0	4	0.0000600501
Paenibacillus lentus	1338368	S	4	0	4	0.0000600501
Paenibacillus naphthalenovorans	162209	S	4	0	4	0.0000600501
Brevibacillus sp. JNUCC-41	2778370	S	2	2	4	0.0000600501
Cohnella sp. LGH	1619153	S	4	0	4	0.0000600501
Planococcus donghaensis	414778	S	4	0	4	0.0000600501
Kurthia sp. 11kri321	1750719	S	4	0	4	0.0000600501
Viridibacillus sp. JNUCC-6	2779527	S	4	0	4	0.0000600501
Gemella haemolysans	1379	S	4	0	4	0.0000600501
Alicyclobacillus sp. SO9	2665646	S	4	0	4	0.0000600501
Brochothrix thermosphacta	2756	S	4	0	4	0.0000600501
Thermoactinomyces vulgaris	2026	S	4	0	4	0.0000600501
Lactobacillus delbrueckii	1584	S	4	0	4	0.0000600501
Lactobacillus jensenii	109790	S	4	0	4	0.0000600501
Leuconostoc sp. LN180020	2571156	S	1	3	4	0.0000600501
Companilactobacillus allii	1847728	S	4	0	4	0.0000600501
Companilactobacillus zhachilii	2304606	S	4	0	4	0.0000600501
Ligilactobacillus ruminis	1623	S	4	0	4	0.0000600501
Ligilactobacillus acidipiscis	89059	S	4	0	4	0.0000600501
Ligilactobacillus murinus	1622	S	3	1	4	0.0000600501
Latilactobacillus curvatus	28038	S	4	0	4	0.0000600501
Lactiplantibacillus pentosus	1589	S	4	0	4	0.0000600501
Limosilactobacillus reuteri	1598	S	4	0	4	0.0000600501
Limosilactobacillus fermentum	1613	S	4	0	4	0.0000600501
Levilactobacillus brevis	1580	S	4	0	4	0.0000600501
Lapidilactobacillus dextrinicus	51664	S	4	0	4	0.0000600501
Streptococcus sp. oral taxon 431	712633	S	4	0	4	0.0000600501
Streptococcus pluranimalium	82348	S	4	0	4	0.0000600501
Lactococcus garvieae	1363	S	4	0	4	0.0000600501
Enterococcus cecorum	44008	S	4	0	4	0.0000600501
Enterococcus mundtii	53346	S	4	0	4	0.0000600501
Vagococcus penaei	633807	S	4	0	4	0.0000600501
Jeotgalibaca arthritidis	1868794	S	3	1	4	0.0000600501
Anaerostipes caccae	105841	S	4	0	4	0.0000600501
[Clostridium] hylemonae	89153	S	4	0	4	0.0000600501
Anaerocolumna cellulosilytica	433286	S	4	0	4	0.0000600501
Anaerocolumna sp. CTTW	2736602	S	4	0	4	0.0000600501
Lachnoanaerobaculum umeaense	617123	S	4	0	4	0.0000600501
Clostridium fermenticellae	2068654	S	4	0	4	0.0000600501
Clostridium acetobutylicum	1488	S	4	0	4	0.0000600501
Clostridium novyi	1542	S	4	0	4	0.0000600501
Oscillibacter sp. NSJ-62	2763056	S	4	0	4	0.0000600501
Peptoclostridium acidaminophilum	1731	S	4	0	4	0.0000600501
Paraclostridium bifermentans	1490	S	4	0	4	0.0000600501
Aminipila sp. CBA3637	2697030	S	3	1	4	0.0000600501
Mogibacterium pumilum	86332	S	2	2	4	0.0000600501
Thermaerobacter sp. PB12/4term	2293838	S	4	0	4	0.0000600501
Thermaerobacter sp. FW80	2546351	S	4	0	4	0.0000600501
Desulfallas gibsoniae	102134	S	4	0	4	0.0000600501
Desulfofarcimen acetoxidans	58138	S	4	0	4	0.0000600501
Heliorestis convoluta	356322	S	4	0	4	0.0000600501
Christensenella sp. Marseille-P3954	2086585	S	4	0	4	0.0000600501
Thermoanaerobacterium thermosaccharolyticum	1517	S	3	1	4	0.0000600501
Thermoanaerobacter brockii	29323	S	2	2	4	0.0000600501
Anoxybacter fermentans	1323375	S	4	0	4	0.0000600501
Tepidanaerobacter acetatoxydans	499229	S	4	0	4	0.0000600501
Megamonas hypermegale	158847	S	4	0	4	0.0000600501
Acidaminococcus fermentans	905	S	4	0	4	0.0000600501
Phascolarctobacterium sp. Marseille-Q4147	2823317	S	4	0	4	0.0000600501
Erysipelothrix larvae	1514105	S	4	0	4	0.0000600501
Anaerococcus obesiensis	1287640	S	3	1	4	0.0000600501
Ezakiella massiliensis	1852374	S	3	1	4	0.0000600501
Nostoc sp. 'Lobaria pulmonaria (5183) cyanobiont'	1618022	S	4	0	4	0.0000600501
Nostoc sp. NIES-4103	2005458	S	4	0	4	0.0000600501
Nostoc sp. TCL26-01	2576904	S	4	0	4	0.0000600501
Nostoc sp. NIES-2111	1973475	S	2	2	4	0.0000600501
Nostoc piscinale	224012	S	4	0	4	0.0000600501
Geitlerinema sp. PCC 7407	1173025	S	4	0	4	0.0000600501
Synechococcus sp. LTW-R	2751170	S	4	0	4	0.0000600501
Synechococcus sp. ROS8604	1442557	S	4	0	4	0.0000600501
Synechococcus sp. KORDI-49	585423	S	3	1	4	0.0000600501
Synechococcus sp. CBW1002	1353134	S	1	3	4	0.0000600501
Synechococcus lividus	33070	S	4	0	4	0.0000600501
Pleurocapsa minor	54308	S	4	0	4	0.0000600501
cyanobacterium endosymbiont of Rhopalodia gibberula	1763363	S	4	0	4	0.0000600501
Gloeomargarita lithophora	1188228	S	4	0	4	0.0000600501
Mycoplasma putrefaciens	2123	S	4	0	4	0.0000600501
Mycoplasma struthionis	538220	S	4	0	4	0.0000600501
Mycoplasma hyorhinis	2100	S	3	1	4	0.0000600501
Mycoplasma phocirhinis	142650	S	4	0	4	0.0000600501
Spiroplasma eriocheiris	315358	S	4	0	4	0.0000600501
Acholeplasma palmae	38986	S	4	0	4	0.0000600501
Candidatus Phytoplasma mali	37692	S	4	0	4	0.0000600501
Deinococcus swuensis	1182571	S	4	0	4	0.0000600501
Roseiflexus sp. RS-1	357808	S	4	0	4	0.0000600501
Dehalococcoides mccartyi	61435	S	4	0	4	0.0000600501
Nonlabens ponticola	2496866	S	4	0	4	0.0000600501
Formosa sp. Hel1_31_208	1798225	S	4	0	4	0.0000600501
Gramella salexigens	1913577	S	4	0	4	0.0000600501
Salegentibacter salegens	143223	S	4	0	4	0.0000600501
Dokdonia donghaensis	326320	S	1	3	4	0.0000600501
Seonamhaeicola sp. S2-3	1936081	S	4	0	4	0.0000600501
Galbibacter sp. BG1	1170699	S	4	0	4	0.0000600501
Kaistella flava (ex Peng et al. 2021)	2038776	S	4	0	4	0.0000600501
Kaistella daneshvariae	2487074	S	4	0	4	0.0000600501
Bergeyella cardium	1585976	S	4	0	4	0.0000600501
Blattabacterium punctulatus	164514	S	3	1	4	0.0000600501
Ichthyobacterium seriolicida	242600	S	4	0	4	0.0000600501
Bacteroides sp. HF-5141	2650158	S	4	0	4	0.0000600501
Prevotella ruminicola	839	S	4	0	4	0.0000600501
Prevotella oris	28135	S	4	0	4	0.0000600501
Prevotella enoeca	76123	S	4	0	4	0.0000600501
Prevotella scopos	589437	S	4	0	4	0.0000600501
Alistipes sp. dk3624	2662363	S	4	0	4	0.0000600501
Parabacteroides goldsteinii	328812	S	4	0	4	0.0000600501
Petrimonas mucosa	1642646	S	4	0	4	0.0000600501
Hymenobacter baengnokdamensis	2615203	S	3	1	4	0.0000600501
Rufibacter sp. DG15C	1379909	S	3	1	4	0.0000600501
Nibribacter ruber	2698458	S	3	1	4	0.0000600501
Chitinophaga alhagiae	2203219	S	4	0	4	0.0000600501
Niabella soli	446683	S	4	0	4	0.0000600501
Filimonas lacunae	477680	S	4	0	4	0.0000600501
Chlorobium limicola	1092	S	4	0	4	0.0000600501
Gimesia fumaroli	2527976	S	4	0	4	0.0000600501
Gimesia benthica	2608982	S	2	2	4	0.0000600501
Candidatus Protochlamydia naegleriophila	389348	S	4	0	4	0.0000600501
Neochlamydia sp. S13	1353976	S	4	0	4	0.0000600501
Spirochaeta africana	46355	S	4	0	4	0.0000600501
Brachyspira hampsonii	1287055	S	4	0	4	0.0000600501
Fusobacterium gonidiaformans	849	S	4	0	4	0.0000600501
Fusobacterium varium	856	S	4	0	4	0.0000600501
Leptotrichia trevisanii	109328	S	3	1	4	0.0000600501
Leptotrichia shahii	157691	S	2	2	4	0.0000600501
Pseudoleptotrichia goodfellowii	157692	S	4	0	4	0.0000600501
Granulicella sp. WH15	2602070	S	4	0	4	0.0000600501
Granulicella mallensis	940614	S	4	0	4	0.0000600501
Thermosipho sp. 1070	1437364	S	1	3	4	0.0000600501
Thermosipho africanus	2421	S	4	0	4	0.0000600501
Mesotoga prima	1184387	S	4	0	4	0.0000600501
Candidatus Nitrospira inopinata	1715989	S	4	0	4	0.0000600501
Leptospirillum ferrooxidans	180	S	1	3	4	0.0000600501
Aminomonas paucivorans	81412	S	4	0	4	0.0000600501
Dictyoglomus turgidum	513050	S	4	0	4	0.0000600501
Salinigranum rubrum	755307	S	4	0	4	0.0000600501
Natronorubrum aibiense	348826	S	4	0	4	0.0000600501
Salinarchaeum sp. Harcht-Bsk1	1333523	S	4	0	4	0.0000600501
Methanosarcina sp. WWM596	1434103	S	3	1	4	0.0000600501
Methanocorpusculum labreanum	83984	S	4	0	4	0.0000600501
Methanocaldococcus fervens	83171	S	4	0	4	0.0000600501
Methanococcus aeolicus	42879	S	4	0	4	0.0000600501
Nitrosopumilus adriaticus	1580092	S	4	0	4	0.0000600501
Nitrososphaera viennensis	1034015	S	4	0	4	0.0000600501
Stygiolobus azoricus	41675	S	4	0	4	0.0000600501
Mycobacterium phage Collard	2301704	S	1	3	4	0.0000600501
Salmonella phage TS13	2500149	S	4	0	4	0.0000600501
Invertebrate iridescent virus 31	345199	S	4	0	4	0.0000600501
Polaromonas sp. H6N	1840293	S	2	1	3	0.0000450376
Burkholderia contaminans	488447	S	2	1	3	0.0000450376
Burkholderia sp. MSMB0856	1637869	S	2	1	3	0.0000450376
Burkholderia sp. JP2-270	2217913	S	2	1	3	0.0000450376
Burkholderia sp. YI23	1097668	S	1	2	3	0.0000450376
Burkholderia sp. BDU6	1385591	S	3	0	3	0.0000450376
Oxalobacter formigenes	847	S	3	0	3	0.0000450376
Pusillimonas sp. DMV24BSW_D	2716226	S	3	0	3	0.0000450376
Pusillimonas thiosulfatoxidans	2028345	S	3	0	3	0.0000450376
Oligella urethralis	90245	S	3	0	3	0.0000450376
Paenalcaligenes hominis	643674	S	3	0	3	0.0000450376
Turicimonas muris	1796652	S	3	0	3	0.0000450376
Chromobacterium sp. Rain0013	2292447	S	2	1	3	0.0000450376
Chitinibacter fontanus	1737446	S	3	0	3	0.0000450376
Neisseria zalophi	640030	S	3	0	3	0.0000450376
Neisseria shayeganii	607712	S	3	0	3	0.0000450376
Neisseria bacilliformis	267212	S	3	0	3	0.0000450376
Neisseria lactamica	486	S	2	1	3	0.0000450376
Eikenella exigua	2528037	S	3	0	3	0.0000450376
Eikenella corrodens	539	S	2	1	3	0.0000450376
Nitrosomonas communis	44574	S	3	0	3	0.0000450376
Nitrosospira briensis	35799	S	3	0	3	0.0000450376
Sulfuriferula nivalis	2675298	S	3	0	3	0.0000450376
Pseudomonas sp. B11D7D	2735906	S	3	0	3	0.0000450376
Pseudomonas sp. IB20	1702250	S	3	0	3	0.0000450376
Pseudomonas sp. gcc21	2726989	S	3	0	3	0.0000450376
Pseudomonas sp. 02C 26	2054914	S	3	0	3	0.0000450376
Pseudomonas sp. Tri1	2823875	S	3	0	3	0.0000450376
Pseudomonas sp. DTU12.3	2073078	S	3	0	3	0.0000450376
Pseudomonas sp. LPB0260	2614442	S	3	0	3	0.0000450376
Pseudomonas sp. SNU WT1	2518644	S	3	0	3	0.0000450376
Pseudomonas sp. LG1D9	2083054	S	2	1	3	0.0000450376
Pseudomonas sp. BIOMIG1BAC	1758730	S	2	1	3	0.0000450376
Pseudomonas sp. TKP	1415630	S	1	2	3	0.0000450376
Pseudomonas sp. SW-3	147212	S	1	2	3	0.0000450376
Pseudomonas nitroreducens	46680	S	2	1	3	0.0000450376
Pseudomonas xanthomarina	271420	S	3	0	3	0.0000450376
Pseudomonas vancouverensis	95300	S	3	0	3	0.0000450376
Pseudomonas silesiensis	1853130	S	3	0	3	0.0000450376
Pseudomonas granadensis	1421430	S	3	0	3	0.0000450376
Pseudomonas pelagia	553151	S	3	0	3	0.0000450376
Pseudomonas denitrificans (nom. rej.)	43306	S	3	0	3	0.0000450376
Pseudomonas parafulva	157782	S	3	0	3	0.0000450376
Pseudomonas reinekei	395598	S	3	0	3	0.0000450376
Pseudomonas moraviensis	321662	S	3	0	3	0.0000450376
Pseudomonas antarctica	219572	S	3	0	3	0.0000450376
Entomomonas moraniae	2213226	S	3	0	3	0.0000450376
Psychrobacter sp. 28M-43	2772254	S	3	0	3	0.0000450376
Psychrobacter sp.	56811	S	3	0	3	0.0000450376
Moraxella bovoculi	386891	S	3	0	3	0.0000450376
Klebsiella huaxiensis	2153354	S	3	0	3	0.0000450376
Enterobacter sp. 638	399742	S	3	0	3	0.0000450376
Blochmannia endosymbiont of Polyrhachis (Hedomyrma) turneri	1505596	S	3	0	3	0.0000450376
Blochmannia endosymbiont of Camponotus (Colobopsis) obliquus	1505597	S	3	0	3	0.0000450376
Candidatus Blochmannia vafer	251535	S	3	0	3	0.0000450376
secondary endosymbiont of Heteropsylla cubana	134287	S	3	0	3	0.0000450376
Enterobacteriaceae endosymbiont of Neohaemonia nigricornis	2675792	S	3	0	3	0.0000450376
Enterobacteriaceae endosymbiont of Donacia cincticornis	2675773	S	2	1	3	0.0000450376
Leclercia sp. 119287	2681308	S	2	1	3	0.0000450376
Raoultella electrica	1259973	S	2	1	3	0.0000450376
Kosakonia radicincitans	283686	S	2	1	3	0.0000450376
Cronobacter sakazakii	28141	S	2	1	3	0.0000450376
Shigella dysenteriae	622	S	2	1	3	0.0000450376
Buttiauxella agrestis	82977	S	3	0	3	0.0000450376
Yokenella regensburgei	158877	S	3	0	3	0.0000450376
Candidatus Ishikawaella capsulata	168169	S	3	0	3	0.0000450376
Shimwellia blattae	563	S	3	0	3	0.0000450376
Lelliottia amnigena	61646	S	3	0	3	0.0000450376
Serratia sp. FGI94	671990	S	2	1	3	0.0000450376
Yersinia mollaretii	33060	S	3	0	3	0.0000450376
Yersinia intermedia	631	S	1	2	3	0.0000450376
Yersinia bercovieri	634	S	1	2	3	0.0000450376
Ewingella americana	41202	S	3	0	3	0.0000450376
Rouxiella badensis	1646377	S	3	0	3	0.0000450376
Pantoea sp. 201603H	2479547	S	3	0	3	0.0000450376
Providencia rustigianii	158850	S	3	0	3	0.0000450376
Proteus sp. ZN5	2697019	S	2	1	3	0.0000450376
Xenorhabdus nematophila	628	S	3	0	3	0.0000450376
Xenorhabdus hominickii	351679	S	3	0	3	0.0000450376
Photorhabdus thracensis	230089	S	3	0	3	0.0000450376
Morganella morganii	582	S	3	0	3	0.0000450376
Dickeya chrysanthemi	556	S	3	0	3	0.0000450376
Brenneria goodwinii	1109412	S	2	1	3	0.0000450376
Lonsdalea populi	1172565	S	3	0	3	0.0000450376
Limnobaculum parvum	2172103	S	3	0	3	0.0000450376
Candidatus Sodalis pierantonius	1486991	S	1	2	3	0.0000450376
Stenotrophomonas sp. NA06056	2742129	S	3	0	3	0.0000450376
Stenotrophomonas sp. G4	2303750	S	2	1	3	0.0000450376
Stenotrophomonas sp. ASS1	2282124	S	1	2	3	0.0000450376
Xanthomonas hyacinthi	56455	S	3	0	3	0.0000450376
Lysobacter sp. HDW10	2714936	S	3	0	3	0.0000450376
Marinobacter sp. BSs20148	490759	S	2	1	3	0.0000450376
Marinobacter sp. es.042	1761794	S	2	1	3	0.0000450376
Marinobacter hydrocarbonoclasticus	2743	S	3	0	3	0.0000450376
Marinobacter salarius	1420917	S	3	0	3	0.0000450376
Alteromonas pelagimontana	1858656	S	3	0	3	0.0000450376
Catenovulum sp. CCB-QB4	2172099	S	3	0	3	0.0000450376
Lacimicrobium alkaliphilum	1526571	S	3	0	3	0.0000450376
Hydrocarboniclastica marina	2259620	S	3	0	3	0.0000450376
Shewanella sp. WE21	2029986	S	3	0	3	0.0000450376
Shewanella sp. WPAGA9	2775245	S	2	1	3	0.0000450376
Shewanella woodyi	60961	S	3	0	3	0.0000450376
Shewanella loihica	359303	S	3	0	3	0.0000450376
Shewanella halifaxensis	271098	S	3	0	3	0.0000450376
Shewanella benthica	43661	S	3	0	3	0.0000450376
Shewanella chilikensis	558541	S	2	1	3	0.0000450376
Pseudoalteromonas sp. 1_2015MBL_MicDiv	1720343	S	1	2	3	0.0000450376
Pseudoalteromonas piratica	1348114	S	3	0	3	0.0000450376
Pseudoalteromonas piscicida	43662	S	3	0	3	0.0000450376
Pseudoalteromonas phenolica	161398	S	3	0	3	0.0000450376
Colwellia sp. PAMC 20917	1816218	S	3	0	3	0.0000450376
Colwellia beringensis	1967665	S	3	0	3	0.0000450376
Psychromonas ingrahamii	357794	S	3	0	3	0.0000450376
Psychromonas sp. CNPT3	314282	S	3	0	3	0.0000450376
Halomonas sp. YLGW01	2773308	S	3	0	3	0.0000450376
Halomonas sp. SH5A2	2749040	S	3	0	3	0.0000450376
Halomonas sp. MCCC 1A13316	2733487	S	3	0	3	0.0000450376
Halomonas sp. Y2R2	2562282	S	3	0	3	0.0000450376
Halomonas sp. GT	1971364	S	3	0	3	0.0000450376
Halomonas beimenensis	475662	S	3	0	3	0.0000450376
Halomonas aestuarii	1897729	S	3	0	3	0.0000450376
Halomonas campaniensis	213554	S	2	1	3	0.0000450376
Halomonas titanicae	664683	S	2	1	3	0.0000450376
Candidatus Portiera aleyrodidarum	91844	S	3	0	3	0.0000450376
Marinomonas sp. MWYL1	400668	S	3	0	3	0.0000450376
Nitrincola sp. KXZD1103	2614693	S	3	0	3	0.0000450376
Bacterioplanes sanyensis	1249553	S	3	0	3	0.0000450376
Spartinivicinus ruber	2683272	S	3	0	3	0.0000450376
Vibrio sp. ZWAL4003	2711221	S	3	0	3	0.0000450376
Vibrio sp. Scap24	2589990	S	3	0	3	0.0000450376
Vibrio sp. 2521-89	2014742	S	1	2	3	0.0000450376
Vibrio fluvialis	676	S	3	0	3	0.0000450376
Vibrio aphrogenes	1891186	S	3	0	3	0.0000450376
Vibrio kanaloae	170673	S	3	0	3	0.0000450376
Vibrio coralliilyticus	190893	S	2	1	3	0.0000450376
Alkalilimnicola ehrlichii	351052	S	3	0	3	0.0000450376
Oceanisphaera profunda	1416627	S	3	0	3	0.0000450376
Oceanimonas sp. GK1	511062	S	3	0	3	0.0000450376
Zobellella denitrificans	347534	S	3	0	3	0.0000450376
Thiomicrorhabdus indica	2267253	S	3	0	3	0.0000450376
Thiomicrospira aerophila	92245	S	3	0	3	0.0000450376
Methylophaga nitratireducenticrescens	754476	S	3	0	3	0.0000450376
Thiosulfativibrio zosterae	2675053	S	3	0	3	0.0000450376
Francisella halioticida	549298	S	3	0	3	0.0000450376
Saccharophagus degradans	86304	S	3	0	3	0.0000450376
Microbulbifer sp. A4B17	359370	S	3	0	3	0.0000450376
Microbulbifer thermotolerans	252514	S	3	0	3	0.0000450376
Halioglobus maricola	2601894	S	3	0	3	0.0000450376
Oceanicoccus sagamiensis	716816	S	3	0	3	0.0000450376
Actinobacillus porcitonsillarum	189834	S	3	0	3	0.0000450376
Mannheimia pernigra	111844	S	1	2	3	0.0000450376
Aggregatibacter aphrophilus	732	S	3	0	3	0.0000450376
Rodentibacter heylii	1906744	S	3	0	3	0.0000450376
Bisgaardia hudsonensis	109472	S	3	0	3	0.0000450376
Vespertiliibacter pulmonis	1443036	S	3	0	3	0.0000450376
Legionella sp. PC1000	2746060	S	3	0	3	0.0000450376
Legionella jordanis	456	S	3	0	3	0.0000450376
Legionella anisa	28082	S	3	0	3	0.0000450376
Legionella longbeachae	450	S	3	0	3	0.0000450376
Aquicella lusitana	254246	S	3	0	3	0.0000450376
Methylotuvimicrobium alcaliphilum	271065	S	1	2	3	0.0000450376
Candidatus Vesicomyosocius okutanii	412965	S	3	0	3	0.0000450376
Candidatus Thioglobus singularis	1427364	S	3	0	3	0.0000450376
Bradyrhizobium vignae	1549949	S	3	0	3	0.0000450376
Rhizobium sp. ADMK78	1813451	S	3	0	3	0.0000450376
Rhizobium sp. NXC24	2048897	S	3	0	3	0.0000450376
Rhizobium sp. TCK	136098	S	1	2	3	0.0000450376
Rhizobium lentis	1138194	S	3	0	3	0.0000450376
Rhizobium flavum	1335061	S	2	1	3	0.0000450376
Rhizobium indicum	2583231	S	2	1	3	0.0000450376
Agrobacterium fabrum	1176649	S	2	1	3	0.0000450376
Ensifer mexicanus	375549	S	3	0	3	0.0000450376
Candidatus Liberibacter asiaticus	34021	S	3	0	3	0.0000450376
Mesorhizobium sp. M8A.F.Ca.ET.057.01.1.1	2493679	S	3	0	3	0.0000450376
Mesorhizobium sp. M1B.F.Ca.ET.045.04.1.1	2493673	S	3	0	3	0.0000450376
Mesorhizobium sp. M2A.F.Ca.ET.043.02.1.1	2493670	S	1	2	3	0.0000450376
Devosia sp. 1566	2499144	S	3	0	3	0.0000450376
Maritalea myrionectae	454601	S	3	0	3	0.0000450376
Labrenzia sp. VG12	2021862	S	3	0	3	0.0000450376
Pseudovibrio sp. FO-BEG1	911045	S	3	0	3	0.0000450376
Martelella endophytica	1486262	S	3	0	3	0.0000450376
Candidatus Hodgkinia cicadicola	573658	S	3	0	3	0.0000450376
Bartonella sp. WD16.2	1933904	S	1	2	3	0.0000450376
Methylocella silvestris	199596	S	3	0	3	0.0000450376
Chelatococcus daeguensis	444444	S	2	1	3	0.0000450376
Cohaesibacter sp. ES.047	1798205	S	3	0	3	0.0000450376
Sphingomonas sp. sand1-3	2764186	S	3	0	3	0.0000450376
Sphingobium chungbukense	56193	S	2	1	3	0.0000450376
Sphingopyxis sp. LPB0140	1913578	S	3	0	3	0.0000450376
Erythrobacter sp. THAF29	2587851	S	3	0	3	0.0000450376
Aurantiacibacter gangjinensis	502682	S	3	0	3	0.0000450376
Sphingosinicella sp. BN140058	1892855	S	3	0	3	0.0000450376
Sulfitobacter sp. SK011	1389004	S	3	0	3	0.0000450376
Sulfitobacter sp. JL08	2070369	S	3	0	3	0.0000450376
Sulfitobacter pontiacus	60137	S	2	1	3	0.0000450376
Roseovarius mucosus	215743	S	1	2	3	0.0000450376
Celeribacter manganoxidans	1411902	S	3	0	3	0.0000450376
Celeribacter ethanolicus	1758178	S	2	1	3	0.0000450376
Rhodovulum sp. MB263	308754	S	2	1	3	0.0000450376
Thioclava nitratireducens	1915078	S	3	0	3	0.0000450376
Roseobacter ponti	1891787	S	3	0	3	0.0000450376
Cognatishimia activa	1715691	S	3	0	3	0.0000450376
Thalassospira sp. A40-3	2785908	S	3	0	3	0.0000450376
Magnetospira sp. QH-2	1288970	S	3	0	3	0.0000450376
Gluconobacter oxydans	442	S	2	1	3	0.0000450376
Swingsia samuiensis	1293412	S	3	0	3	0.0000450376
Parasaccharibacter apium	1510841	S	3	0	3	0.0000450376
Commensalibacter sp. AMU001	2478912	S	1	2	3	0.0000450376
Bombella sp. KACC 21507	2697033	S	3	0	3	0.0000450376
Wolbachia endosymbiont of Litomosoides sigmodontis	80850	S	3	0	3	0.0000450376
Wolbachia endosymbiont of Dirofilaria (Dirofilaria) immitis	1812115	S	3	0	3	0.0000450376
Wolbachia endosymbiont of Onchocerca volvulus	77551	S	1	2	3	0.0000450376
Wolbachia endosymbiont of Bemisia tabaci	215173	S	1	2	3	0.0000450376
Candidatus Fokinia solitaria	1802984	S	3	0	3	0.0000450376
Candidatus Pelagibacter sp. HIMB1321	1388755	S	3	0	3	0.0000450376
Candidatus Pelagibacter sp. RS40	1977865	S	3	0	3	0.0000450376
Candidatus Pelagibacter sp. FZCC0015	2268451	S	3	0	3	0.0000450376
endosymbiont of Acanthamoeba sp. UWC8	86106	S	3	0	3	0.0000450376
Glycocaulis alkaliphilus	1434191	S	3	0	3	0.0000450376
Marinicauda algicola	2029849	S	3	0	3	0.0000450376
Luteithermobacter gelatinilyticus	2582913	S	3	0	3	0.0000450376
Aliarcobacter thereius	544718	S	3	0	3	0.0000450376
Arcobacter aquimarinus	1315211	S	3	0	3	0.0000450376
Malaciobacter molluscorum	1032072	S	3	0	3	0.0000450376
Malaciobacter canalis	1912871	S	1	2	3	0.0000450376
Halarcobacter ebronensis	1462615	S	3	0	3	0.0000450376
Campylobacter sp. RM16704	1500960	S	3	0	3	0.0000450376
Campylobacter ureolyticus	827	S	3	0	3	0.0000450376
Sulfurospirillum deleyianum	65553	S	3	0	3	0.0000450376
Sulfurimonas denitrificans	39766	S	2	1	3	0.0000450376
Sulfurimonas paralvinellae	317658	S	2	1	3	0.0000450376
Candidatus Sulfurimonas marisnigri	2740405	S	1	2	3	0.0000450376
Nautilia profundicola	244787	S	3	0	3	0.0000450376
Pajaroellobacter abortibovis	1882918	S	3	0	3	0.0000450376
Desulfovibrio sp. IOR2	2583823	S	3	0	3	0.0000450376
Desulfovibrio carbinoliphilus	345370	S	3	0	3	0.0000450376
Candidatus Desulfovibrio trichonymphae	1725232	S	3	0	3	0.0000450376
Desulfocurvibacter africanus	873	S	3	0	3	0.0000450376
Desulfomicrobium baculatum	899	S	3	0	3	0.0000450376
Geobacter uraniireducens	351604	S	3	0	3	0.0000450376
Desulfomonile tiedjei	2358	S	3	0	3	0.0000450376
Mariprofundus ferrinatatus	1921087	S	3	0	3	0.0000450376
Microbacterium sp. HY82	2708079	S	3	0	3	0.0000450376
Microbacterium endophyticum	1526412	S	3	0	3	0.0000450376
Rathayibacter tritici	33888	S	3	0	3	0.0000450376
Rathayibacter iranicus	59737	S	3	0	3	0.0000450376
Rathayibacter tanaceti	1671680	S	3	0	3	0.0000450376
Curtobacterium sp. SGAir0471	2070337	S	3	0	3	0.0000450376
Curtobacterium sp. Csp2	2495430	S	2	1	3	0.0000450376
Agromyces sp. G127AT	2781962	S	3	0	3	0.0000450376
Clavibacter sp. DM1	2768071	S	2	1	3	0.0000450376
Leucobacter coleopterorum	2714933	S	3	0	3	0.0000450376
Leucobacter viscericola	2714935	S	3	0	3	0.0000450376
Agrococcus sp. SGAir0287	2070347	S	3	0	3	0.0000450376
Mycetocola sp. JXN-3	2116510	S	3	0	3	0.0000450376
Kocuria sp. TGY1127_2	2711328	S	3	0	3	0.0000450376
Kocuria rosea	1275	S	3	0	3	0.0000450376
Arthrobacter sp. KBS0702	2578107	S	3	0	3	0.0000450376
Arthrobacter sp. PAMC25564	2565366	S	3	0	3	0.0000450376
Arthrobacter sp. PM3	2017685	S	3	0	3	0.0000450376
Arthrobacter sp. D5-1	1477518	S	2	1	3	0.0000450376
Arthrobacter woluwensis	156980	S	3	0	3	0.0000450376
Rothia sp. ZJ932	2810516	S	3	0	3	0.0000450376
Glutamicibacter mishrai	1775880	S	3	0	3	0.0000450376
Glutamicibacter halophytocola	1933880	S	3	0	3	0.0000450376
Glutamicibacter nicotianae	37929	S	2	1	3	0.0000450376
Pseudarthrobacter sp. YJ56	2697569	S	3	0	3	0.0000450376
Pseudarthrobacter sp. BIM B-2242	2772401	S	3	0	3	0.0000450376
Pseudarthrobacter chlorophenolicus	85085	S	3	0	3	0.0000450376
Sinomonas atrocyanea	37927	S	3	0	3	0.0000450376
Sinomonas sp. R1AF57	2020377	S	3	0	3	0.0000450376
Cellulomonas fimi	1708	S	3	0	3	0.0000450376
Phycicoccus endophyticus	1690220	S	3	0	3	0.0000450376
Brevibacterium sp. 'Marine'	2725563	S	2	1	3	0.0000450376
Brevibacterium luteolum	199591	S	3	0	3	0.0000450376
Serinicoccus profundi	1078471	S	3	0	3	0.0000450376
Brachybacterium sp. SGAir0954	2571029	S	3	0	3	0.0000450376
Kytococcus sedentarius	1276	S	3	0	3	0.0000450376
Streptomyces sp. CCM_MD2014	1561022	S	3	0	3	0.0000450376
Streptomyces sp. 769	1262452	S	3	0	3	0.0000450376
Streptomyces sp. Rer75	2750011	S	3	0	3	0.0000450376
Streptomyces sp. CB00271	2750025	S	3	0	3	0.0000450376
Streptomyces sp. M2	646637	S	3	0	3	0.0000450376
Streptomyces sp. 3214.6	1882757	S	3	0	3	0.0000450376
Streptomyces sp. SCUT-3	2684469	S	3	0	3	0.0000450376
Streptomyces sp. 2114.2	1881022	S	2	1	3	0.0000450376
Streptomyces gilvosporeus	553510	S	3	0	3	0.0000450376
Streptomyces griseorubiginosus	67304	S	3	0	3	0.0000450376
Streptomyces nitrosporeus	28894	S	3	0	3	0.0000450376
Streptomyces rapamycinicus	1226757	S	3	0	3	0.0000450376
Streptomyces albireticuli	1940	S	3	0	3	0.0000450376
Streptomyces antibioticus	1890	S	3	0	3	0.0000450376
Streptomyces alboniger	132473	S	3	0	3	0.0000450376
Streptomyces rutgersensis	53451	S	3	0	3	0.0000450376
Streptomyces gardneri	66892	S	3	0	3	0.0000450376
Streptomyces fradiae	1906	S	2	1	3	0.0000450376
Streptomyces viridifaciens	48665	S	1	2	3	0.0000450376
Mycolicibacterium mageritense	53462	S	3	0	3	0.0000450376
Mycolicibacterium chubuense	1800	S	3	0	3	0.0000450376
Mycolicibacterium hassiacum	46351	S	3	0	3	0.0000450376
Mycolicibacterium parafortuitum	39692	S	3	0	3	0.0000450376
Mycolicibacterium fallax	1793	S	3	0	3	0.0000450376
Mycobacterium sp. MS1601	1936029	S	3	0	3	0.0000450376
Mycobacterium sp. THAF192	2587868	S	1	2	3	0.0000450376
Mycobacterium heidelbergense	53376	S	3	0	3	0.0000450376
Mycobacterium parmense	185642	S	3	0	3	0.0000450376
Mycobacterium florentinum	292462	S	3	0	3	0.0000450376
Mycobacterium basiliense	2094119	S	3	0	3	0.0000450376
Mycobacteroides immunogenum	83262	S	3	0	3	0.0000450376
Rhodococcus sp. WB9	2594007	S	2	1	3	0.0000450376
Rhodococcus sp. S2-17	1990687	S	1	2	3	0.0000450376
Rhodococcus sp. H-CA8f	1727214	S	1	2	3	0.0000450376
Rhodococcus coprophilus	38310	S	3	0	3	0.0000450376
Rhodococcus koreensis	99653	S	3	0	3	0.0000450376
Nocardia farcinica	37329	S	3	0	3	0.0000450376
Corynebacterium sp. 1959	2675216	S	3	0	3	0.0000450376
Corynebacterium phocae	161895	S	3	0	3	0.0000450376
Corynebacterium segmentosum	43990	S	3	0	3	0.0000450376
Corynebacterium atypicum	191610	S	3	0	3	0.0000450376
Corynebacterium timonense	441500	S	3	0	3	0.0000450376
Corynebacterium genitalium	38288	S	3	0	3	0.0000450376
Corynebacterium kutscheri	35755	S	3	0	3	0.0000450376
Corynebacterium yudongzhengii	2080740	S	3	0	3	0.0000450376
Corynebacterium renale	1724	S	3	0	3	0.0000450376
Corynebacterium pseudotuberculosis	1719	S	3	0	3	0.0000450376
Gordonia insulae	2420509	S	3	0	3	0.0000450376
Segniliparus rotundus	286802	S	3	0	3	0.0000450376
Acidipropionibacterium jensenii	1749	S	3	0	3	0.0000450376
Nocardioides cynanchi	2558918	S	3	0	3	0.0000450376
Nocardioides sambongensis	2589074	S	3	0	3	0.0000450376
Amycolatopsis methanolica	1814	S	3	0	3	0.0000450376
Saccharomonospora xinjiangensis	75294	S	3	0	3	0.0000450376
Micromonospora sp. WMMA2032	2039870	S	3	0	3	0.0000450376
Micromonospora rifamycinica	291594	S	3	0	3	0.0000450376
Phytohabitans flavus	1076124	S	3	0	3	0.0000450376
Bifidobacterium choerinum	35760	S	3	0	3	0.0000450376
Gardnerella vaginalis	2702	S	1	2	3	0.0000450376
Actinomyces sp. zg-332	2708340	S	3	0	3	0.0000450376
Actinomyces howellii	52771	S	3	0	3	0.0000450376
Actinomyces radicidentis	111015	S	3	0	3	0.0000450376
Flaviflexus sp. dk850	2758573	S	3	0	3	0.0000450376
Trueperella bialowiezensis	312285	S	3	0	3	0.0000450376
Frankia casuarinae	106370	S	3	0	3	0.0000450376
Candidatus Frankia datiscae	2716812	S	3	0	3	0.0000450376
Nakamurella sp. s14-144	1902245	S	3	0	3	0.0000450376
Olsenella sp. GAM18	2109685	S	3	0	3	0.0000450376
Olsenella uli	133926	S	3	0	3	0.0000450376
Adlercreutzia sp. 8CFCBH1	2707299	S	2	1	3	0.0000450376
Acidimicrobium ferrooxidans	53635	S	3	0	3	0.0000450376
Rubrobacter radiotolerans	42256	S	3	0	3	0.0000450376
Bacillus sp. OxB-1	98228	S	3	0	3	0.0000450376
Bacillus sp. S3	486398	S	3	0	3	0.0000450376
Bacillus sp. 1NLA3E	666686	S	3	0	3	0.0000450376
Bacillus sp. WP8	756828	S	2	1	3	0.0000450376
Bacillus smithii	1479	S	3	0	3	0.0000450376
Alkalihalobacillus clausii	79880	S	3	0	3	0.0000450376
Alkalihalobacillus miscanthi	2598861	S	3	0	3	0.0000450376
Salicibibacter sp. NKC21-4	2743001	S	3	0	3	0.0000450376
Salicibibacter kimchii	2099786	S	3	0	3	0.0000450376
Salicibibacter halophilus	2502791	S	3	0	3	0.0000450376
Oceanobacillus zhaokaii	2052660	S	3	0	3	0.0000450376
Metabacillus litoralis	152268	S	3	0	3	0.0000450376
Pontibacillus sp. ALD_SL1	2777185	S	3	0	3	0.0000450376
Lederbergia lentus	1467	S	3	0	3	0.0000450376
Staphylococcus pettenkoferi	170573	S	3	0	3	0.0000450376
Staphylococcus carnosus	1281	S	3	0	3	0.0000450376
Staphylococcus pseudoxylosus	2282419	S	3	0	3	0.0000450376
Staphylococcus lugdunensis	28035	S	3	0	3	0.0000450376
Staphylococcus saprophyticus	29385	S	3	0	3	0.0000450376
Mammaliicoccus vitulinus	71237	S	3	0	3	0.0000450376
Paenibacillus sp. JNUCC-31	2777983	S	3	0	3	0.0000450376
Paenibacillus sp. PAMC21692	2762320	S	3	0	3	0.0000450376
Paenibacillus sp. FSL P4-0081	1536769	S	3	0	3	0.0000450376
Paenibacillus sp. UniB2	2726185	S	3	0	3	0.0000450376
Paenibacillus sp. RUD330	2023772	S	3	0	3	0.0000450376
Paenibacillus sonchi	373687	S	3	0	3	0.0000450376
Paenibacillus ihbetae	1870820	S	3	0	3	0.0000450376
Paenibacillus crassostreae	1763538	S	3	0	3	0.0000450376
Paenibacillus lycopersici	2704462	S	3	0	3	0.0000450376
Paenibacillus lutimineralis	2707005	S	3	0	3	0.0000450376
Paenibacillus swuensis	1178515	S	3	0	3	0.0000450376
Paenibacillus beijingensis	1126833	S	3	0	3	0.0000450376
Paenibacillus cellulositrophicus	562959	S	3	0	3	0.0000450376
Paenibacillus rhizovicinus	2704463	S	3	0	3	0.0000450376
Paenibacillus graminis	189425	S	3	0	3	0.0000450376
Paenibacillus alvei	44250	S	3	0	3	0.0000450376
Paenibacillus durus	44251	S	3	0	3	0.0000450376
Paenibacillus stellifer	169760	S	3	0	3	0.0000450376
Brevibacillus agri	51101	S	3	0	3	0.0000450376
Cohnella abietis	2507935	S	3	0	3	0.0000450376
Sporosarcina sp. PTS2304	2283194	S	3	0	3	0.0000450376
Sporosarcina sp. P37	1930546	S	1	2	3	0.0000450376
Planococcus antarcticus	161360	S	3	0	3	0.0000450376
Planococcus faecalis	1598147	S	2	1	3	0.0000450376
Alicyclobacillus ferrooxydans	471514	S	3	0	3	0.0000450376
Kyrpidia tusciae	33943	S	3	0	3	0.0000450376
Novibacillus thermophilus	1471761	S	3	0	3	0.0000450376
Staphylospora marina	2490858	S	3	0	3	0.0000450376
Lacticaseibacillus rhamnosus	47715	S	3	0	3	0.0000450376
Lactobacillus sp. 3B(2020)	2695882	S	3	0	3	0.0000450376
Lactobacillus taiwanensis	508451	S	3	0	3	0.0000450376
Lactobacillus gasseri	1596	S	1	2	3	0.0000450376
Weissella sp. HDW19	2714949	S	3	0	3	0.0000450376
Lentilactobacillus kefiri	33962	S	3	0	3	0.0000450376
Lentilactobacillus parabuchneri	152331	S	3	0	3	0.0000450376
Loigolactobacillus backii	375175	S	3	0	3	0.0000450376
Oenococcus oeni	1247	S	3	0	3	0.0000450376
Bombilactobacillus bombi	1303590	S	3	0	3	0.0000450376
Streptococcus sp. A12	1759399	S	3	0	3	0.0000450376
Streptococcus sp. LPB0220	2610896	S	3	0	3	0.0000450376
Streptococcus sp. I-G2	1156431	S	2	1	3	0.0000450376
Streptococcus dysgalactiae	1334	S	1	2	3	0.0000450376
Streptococcus gordonii	1302	S	3	0	3	0.0000450376
Streptococcus pantholopis	1811193	S	3	0	3	0.0000450376
Streptococcus suis	1307	S	3	0	3	0.0000450376
Streptococcus cristatus	45634	S	3	0	3	0.0000450376
Streptococcus mitis	28037	S	3	0	3	0.0000450376
Streptococcus vestibularis	1343	S	3	0	3	0.0000450376
Streptococcus milleri	33040	S	2	1	3	0.0000450376
Lactococcus cremoris	1359	S	3	0	3	0.0000450376
Enterococcus durans	53345	S	3	0	3	0.0000450376
Enterococcus gilvus	160453	S	3	0	3	0.0000450376
Enterococcus lactis	357441	S	1	2	3	0.0000450376
Vagococcus teuberi	519472	S	3	0	3	0.0000450376
Vagococcus zengguangii	2571750	S	3	0	3	0.0000450376
Vagococcus sp. CF-49	2562451	S	3	0	3	0.0000450376
Vagococcus hydrophili	2714947	S	3	0	3	0.0000450376
Carnobacterium sp. 17-4	208596	S	3	0	3	0.0000450376
Carnobacterium divergens	2748	S	3	0	3	0.0000450376
Dolosigranulum pigrum	29394	S	3	0	3	0.0000450376
Cellulosilyticum lentocellum	29360	S	3	0	3	0.0000450376
Clostridium drakei	332101	S	3	0	3	0.0000450376
Clostridium sporogenes	1509	S	3	0	3	0.0000450376
Clostridium cellulovorans	1493	S	3	0	3	0.0000450376
Alkaliphilus metalliredigens	208226	S	3	0	3	0.0000450376
Crassaminicella sp. SY095	2599308	S	3	0	3	0.0000450376
Caproiciproducens sp. NJN-50	2507162	S	3	0	3	0.0000450376
Acutalibacter muris	1796620	S	3	0	3	0.0000450376
Acetoanaerobium sticklandii	1511	S	3	0	3	0.0000450376
Peptacetobacter hiranonis	89152	S	3	0	3	0.0000450376
Aminipila sp. JN-18	2507160	S	3	0	3	0.0000450376
Desulfosporosinus meridiei	79209	S	3	0	3	0.0000450376
Desulfitobacterium metallireducens	142877	S	3	0	3	0.0000450376
Desulfotomaculum ruminis	1564	S	3	0	3	0.0000450376
Desulfotomaculum nigrificans	1565	S	3	0	3	0.0000450376
Desulfotomaculum ferrireducens	1833852	S	3	0	3	0.0000450376
Eubacterium limosum	1736	S	2	1	3	0.0000450376
Acetobacterium sp. KB-1	2184575	S	3	0	3	0.0000450376
Symbiobacterium thermophilum	2734	S	3	0	3	0.0000450376
Halanaerobium hydrogeniformans	656519	S	3	0	3	0.0000450376
Thermosediminibacter oceani	291990	S	3	0	3	0.0000450376
Natranaerobius thermophilus	375929	S	3	0	3	0.0000450376
Koleobacter methoxysyntrophicus	2751313	S	3	0	3	0.0000450376
Pectinatus frisingensis	865	S	3	0	3	0.0000450376
Methylomusa anaerophila	1930071	S	3	0	3	0.0000450376
Veillonella parvula	29466	S	3	0	3	0.0000450376
Veillonella dispar	39778	S	2	1	3	0.0000450376
Anaerococcus prevotii	33034	S	3	0	3	0.0000450376
Schnuerera ultunensis	45497	S	3	0	3	0.0000450376
endosymbiont 'TC1' of Trimyema compressum	243899	S	3	0	3	0.0000450376
Nostoc sp. UHCC 0702	2814655	S	3	0	3	0.0000450376
Nostoc punctiforme	272131	S	2	1	3	0.0000450376
Cyanothece sp. PCC 7425	395961	S	3	0	3	0.0000450376
Euhalothece natronophila	577489	S	3	0	3	0.0000450376
Synechococcus sp. RS9909	221352	S	3	0	3	0.0000450376
Synechococcus sp. WH 8020	32052	S	3	0	3	0.0000450376
Synechococcus sp. CBW1108	1353147	S	3	0	3	0.0000450376
Synechococcus sp. A18-25c	1866938	S	1	2	3	0.0000450376
Cyanobium sp. NS01	261284	S	3	0	3	0.0000450376
Leptolyngbya sp. BL0902	1115757	S	3	0	3	0.0000450376
Leptolyngbya sp. NIES-3755	1752064	S	3	0	3	0.0000450376
Halomicronema hongdechloris	1209493	S	3	0	3	0.0000450376
Mycoplasma sp. 1654_15	2725994	S	3	0	3	0.0000450376
Mycoplasma gallisepticum	2096	S	3	0	3	0.0000450376
Mycoplasma phocidae	142651	S	3	0	3	0.0000450376
Mycoplasma cynos	171284	S	3	0	3	0.0000450376
Mycoplasma gallinaceum	29556	S	3	0	3	0.0000450376
Mycoplasma meleagridis	29561	S	3	0	3	0.0000450376
Ureaplasma urealyticum	2130	S	3	0	3	0.0000450376
Ureaplasma parvum	134821	S	3	0	3	0.0000450376
Spiroplasma turonicum	216946	S	3	0	3	0.0000450376
Spiroplasma sabaudiense	216944	S	3	0	3	0.0000450376
Spiroplasma litorale	216942	S	3	0	3	0.0000450376
Spiroplasma phoeniceum	47835	S	1	2	3	0.0000450376
Candidatus Izimaplasma sp. HR1	1541959	S	3	0	3	0.0000450376
Deinococcus sp. AJ005	2652443	S	3	0	3	0.0000450376
Deinococcus ficus	317577	S	3	0	3	0.0000450376
Deinococcus radiodurans	1299	S	3	0	3	0.0000450376
Deinococcus puniceus	1182568	S	3	0	3	0.0000450376
Deinococcus metallilatus	1211322	S	3	0	3	0.0000450376
Oceanithermus profundus	187137	S	3	0	3	0.0000450376
Anaerolinea sp. 'rifampicinis'	2710758	S	3	0	3	0.0000450376
Dehalogenimonas formicexedens	1839801	S	3	0	3	0.0000450376
Ktedonosporobacter rubrisoli	2509675	S	3	0	3	0.0000450376
Tepidiforma bonchosmolovskayae	2601677	S	3	0	3	0.0000450376
Chthonomonas calidirosea	454171	S	3	0	3	0.0000450376
Capnocytophaga sp. oral taxon 864	1316593	S	1	2	3	0.0000450376
Myroides profundi	480520	S	3	0	3	0.0000450376
Nonlabens sp. MIC269	1476901	S	1	2	3	0.0000450376
Nonlabens spongiae	331648	S	3	0	3	0.0000450376
Nonlabens sediminis	319236	S	1	2	3	0.0000450376
Formosa sp. Hel1_33_131	1336794	S	3	0	3	0.0000450376
Formosa sp. Hel3_A1_48	1336795	S	3	0	3	0.0000450376
Gramella fulva	2126553	S	3	0	3	0.0000450376
Muriicola sp. MMS17-SY002	2507538	S	3	0	3	0.0000450376
Chryseobacterium sp. IHB B 17019	1721091	S	3	0	3	0.0000450376
Chryseobacterium sp. JV274	1932669	S	3	0	3	0.0000450376
Elizabethkingia ursingii	1756150	S	3	0	3	0.0000450376
Bacteroides helcogenes	290053	S	3	0	3	0.0000450376
Alloprevotella sp. E39	2133944	S	3	0	3	0.0000450376
Porphyromonas asaccharolytica	28123	S	3	0	3	0.0000450376
Proteiniphilum saccharofermentans	1642647	S	3	0	3	0.0000450376
Sphingobacterium sp. G1-14	2003121	S	1	2	3	0.0000450376
Hymenobacter sp. DG25A	1385663	S	3	0	3	0.0000450376
Hymenobacter sp. TS19	2735321	S	3	0	3	0.0000450376
Hymenobacter sp. HDW8	2714932	S	1	2	3	0.0000450376
Hymenobacter radiodurans	2496028	S	1	2	3	0.0000450376
Pontibacter russatus	2694929	S	3	0	3	0.0000450376
Fulvivirga sp. S481	2810512	S	3	0	3	0.0000450376
Chlorobium chlorochromatii	337090	S	3	0	3	0.0000450376
Pelodictyon phaeoclathratiforme	34090	S	3	0	3	0.0000450376
Prosthecochloris sp. GSB1	281093	S	3	0	3	0.0000450376
Chloroherpeton thalassium	100716	S	3	0	3	0.0000450376
Mariniblastus fucicola	980251	S	3	0	3	0.0000450376
Bythopirellula goksoyri	1400387	S	3	0	3	0.0000450376
Gimesia algae	2527971	S	3	0	3	0.0000450376
Anaerohalosphaera lusitana	1936003	S	3	0	3	0.0000450376
Coraliomargarita akajimensis	395922	S	3	0	3	0.0000450376
Methylacidiphilum kamchatkense	431057	S	3	0	3	0.0000450376
Methylacidiphilum infernorum	511746	S	3	0	3	0.0000450376
Methylacidimicrobium sp. B4	2796139	S	3	0	3	0.0000450376
Waddlia chondrophila	71667	S	3	0	3	0.0000450376
Chlamydia sp. 2742-308	1806891	S	3	0	3	0.0000450376
Chlamydia avium	1457141	S	3	0	3	0.0000450376
Chlamydia suis	83559	S	2	1	3	0.0000450376
Treponema sp. RCC2812	2787628	S	3	0	3	0.0000450376
Treponema azotonutricium	150829	S	3	0	3	0.0000450376
Treponema ruminis	744515	S	3	0	3	0.0000450376
Sphaerochaeta pleomorpha	1131707	S	3	0	3	0.0000450376
Leptospira weilii	28184	S	3	0	3	0.0000450376
Brachyspira intermedia	84377	S	3	0	3	0.0000450376
Brachyspira murdochii	84378	S	3	0	3	0.0000450376
Fusobacterium sp. NSJ-57	2764326	S	3	0	3	0.0000450376
Fusobacterium sp. oral taxon 203	671211	S	2	1	3	0.0000450376
Fusobacterium ulcerans	861	S	3	0	3	0.0000450376
Ilyobacter polytropus	167642	S	3	0	3	0.0000450376
Terriglobus albidus	1592106	S	3	0	3	0.0000450376
Chloracidobacterium thermophilum	458033	S	3	0	3	0.0000450376
Candidatus Bipolaricaulis anaerobius	2026885	S	3	0	3	0.0000450376
Nitrospira sp. KM1	1936990	S	3	0	3	0.0000450376
Jonquetella anthropi	428712	S	3	0	3	0.0000450376
Fretibacterium fastidiosum	651822	S	3	0	3	0.0000450376
Thermodesulfobacterium sp. TA1	2234087	S	3	0	3	0.0000450376
Thermodesulfobacterium commune	1741	S	2	1	3	0.0000450376
Candidatus Endomicrobium trichonymphae	1408204	S	3	0	3	0.0000450376
Caldithrix abyssi	187145	S	3	0	3	0.0000450376
Caldisericum exile	693075	S	3	0	3	0.0000450376
Halorubrum sp. CBA1229	1853699	S	3	0	3	0.0000450376
Halobonum sp. Gai3-2	2743090	S	3	0	3	0.0000450376
Natronomonas sp. YPL13	1710540	S	2	1	3	0.0000450376
Haloarcula sp. JP-L23	2716717	S	3	0	3	0.0000450376
Halorientalis sp. IM1011	1932360	S	3	0	3	0.0000450376
Halorussus sp. ZS-3	2650975	S	3	0	3	0.0000450376
Haloterrigena daqingensis	588898	S	3	0	3	0.0000450376
Halopiger xanaduensis	387343	S	3	0	3	0.0000450376
Methanosarcina acetivorans	2214	S	3	0	3	0.0000450376
Methanosarcina flavescens	1715806	S	3	0	3	0.0000450376
Methanobrevibacter millerae	230361	S	3	0	3	0.0000450376
Candidatus Nitrosopelagicus brevis	1410606	S	3	0	3	0.0000450376
Cellulophaga phage phi46:3	1327985	S	1	2	3	0.0000450376
Mycobacterium virus BBPiebs31	1032891	S	1	2	3	0.0000450376
Polaribacter virus P12002S	1982246	S	2	1	3	0.0000450376
Burkholderia virus Bcep1	244310	S	2	1	3	0.0000450376
Acholeplasma virus L2	46014	S	3	0	3	0.0000450376
Burkholderia pseudomultivorans	1207504	S	1	1	2	0.0000300251
Paraburkholderia terrae	311230	S	1	1	2	0.0000300251
Pandoraea apista	93218	S	2	0	2	0.0000300251
Pandoraea sputorum	93222	S	2	0	2	0.0000300251
Mycoavidus cysteinexigens	1553431	S	2	0	2	0.0000300251
Taylorella equigenitalis	29575	S	2	0	2	0.0000300251
Pelistega ratti	2652177	S	2	0	2	0.0000300251
Basilea psittacipulmonis	1472345	S	2	0	2	0.0000300251
Sutterella wadsworthensis	40545	S	2	0	2	0.0000300251
Chromobacterium phragmitis	2202141	S	2	0	2	0.0000300251
Iodobacter fluviatilis	537	S	2	0	2	0.0000300251
Iodobacter sp. H11R3	2496266	S	2	0	2	0.0000300251
Aquitalea aquatilis	1537400	S	2	0	2	0.0000300251
Neisseria sp. oral taxon 014	641148	S	2	0	2	0.0000300251
Neisseria sp. 10022	1853276	S	2	0	2	0.0000300251
Neisseria subflava	28449	S	2	0	2	0.0000300251
Neisseria cinerea	483	S	2	0	2	0.0000300251
Neisseria weaveri	28091	S	2	0	2	0.0000300251
Neisseria elongata	495	S	2	0	2	0.0000300251
Neisseria mucosa	488	S	2	0	2	0.0000300251
Kingella oralis	505	S	2	0	2	0.0000300251
Simonsiella muelleri	72	S	2	0	2	0.0000300251
Methylovorus sp. MP688	887061	S	1	1	2	0.0000300251
Sulfuritortus calidifontis	1914471	S	2	0	2	0.0000300251
Candidatus Kinetoplastibacterium oncopeltii	994696	S	2	0	2	0.0000300251
Candidatus Profftella armatura	669502	S	1	1	2	0.0000300251
Pseudomonas sp. TCU-HL1	1856685	S	2	0	2	0.0000300251
Pseudomonas sp. HLS-6	2049589	S	2	0	2	0.0000300251
Pseudomonas sp. S-6-2	1931241	S	2	0	2	0.0000300251
Pseudomonas sp. FDAARGOS_380	2018067	S	2	0	2	0.0000300251
Pseudomonas sp. ADAK18	2730848	S	2	0	2	0.0000300251
Pseudomonas sp. NS1(2017)	2025658	S	2	0	2	0.0000300251
Pseudomonas sp. MYb193	1827300	S	2	0	2	0.0000300251
Pseudomonas sp. UW4	1207075	S	2	0	2	0.0000300251
Pseudomonas sp. B10	118613	S	2	0	2	0.0000300251
Pseudomonas sp. S34	1573718	S	2	0	2	0.0000300251
Pseudomonas sp. SXM-1	2169583	S	1	1	2	0.0000300251
Pseudomonas sp. R4-39-08	1173288	S	1	1	2	0.0000300251
Pseudomonas sp. SWI44	2083053	S	1	1	2	0.0000300251
Pseudomonas sp. B14-6	2738843	S	1	1	2	0.0000300251
Pseudomonas sp. s211(2017)	2045200	S	1	1	2	0.0000300251
Pseudomonas extremorientalis	169669	S	2	0	2	0.0000300251
Pseudomonas mediterranea	183795	S	2	0	2	0.0000300251
Pseudomonas sp. SGAir0191	2217867	S	2	0	2	0.0000300251
Pseudomonas mosselii	78327	S	1	1	2	0.0000300251
Pseudomonas oleovorans	301	S	1	1	2	0.0000300251
Pseudomonas coronafaciens	53409	S	2	0	2	0.0000300251
Pseudomonas sediminis	1691904	S	2	0	2	0.0000300251
Pseudomonas salegens	1434072	S	2	0	2	0.0000300251
Pseudomonas soli	1306993	S	1	1	2	0.0000300251
Pseudomonas cerasi	1583341	S	1	1	2	0.0000300251
Acinetobacter oleivorans	1148157	S	2	0	2	0.0000300251
Psychrobacter sp. AntiMn-1	1720344	S	1	1	2	0.0000300251
Psychrobacter sp. PRwf-1	349106	S	1	1	2	0.0000300251
Psychrobacter urativorans	45610	S	2	0	2	0.0000300251
Psychrobacter arenosus	256326	S	2	0	2	0.0000300251
Moraxella catarrhalis	480	S	2	0	2	0.0000300251
Klebsiella africana	2489010	S	2	0	2	0.0000300251
Enterobacter sp. R4-368	1166130	S	2	0	2	0.0000300251
Enterobacter bugandensis	881260	S	2	0	2	0.0000300251
Enterobacter soli	885040	S	2	0	2	0.0000300251
Enterobacter oligotrophicus	2478464	S	2	0	2	0.0000300251
Enterobacter mori	539813	S	1	1	2	0.0000300251
Citrobacter sp. RHB25-C09	2742624	S	2	0	2	0.0000300251
Citrobacter sp. LY-1	2546350	S	2	0	2	0.0000300251
Citrobacter rodentium	67825	S	2	0	2	0.0000300251
Blochmannia endosymbiont of Camponotus nipponensis	2681986	S	2	0	2	0.0000300251
Candidatus Purcelliella pentastirinorum	472834	S	2	0	2	0.0000300251
Candidatus Gullanella endobia	1070130	S	2	0	2	0.0000300251
Enterobacteriaceae endosymbiont of Donacia clavipes	2675775	S	1	1	2	0.0000300251
Cronobacter malonaticus	413503	S	1	1	2	0.0000300251
[Enterobacter] lignolyticus	1334193	S	2	0	2	0.0000300251
Jejubacter calystegiae	2579935	S	2	0	2	0.0000300251
Serratia quinivorans	137545	S	1	1	2	0.0000300251
Yersinia rohdei	29485	S	2	0	2	0.0000300251
Yersinia aleksiciae	263819	S	2	0	2	0.0000300251
Gibbsiella quercinecans	929813	S	2	0	2	0.0000300251
Pantoea sp. At-9b	592316	S	2	0	2	0.0000300251
Pantoea sp. PSNIH1	1484158	S	2	0	2	0.0000300251
Pantoea cypripedii	55209	S	2	0	2	0.0000300251
Pantoea vagans	470934	S	2	0	2	0.0000300251
Candidatus Pantoea carbekii	1235990	S	2	0	2	0.0000300251
Erwinia persicina	55211	S	2	0	2	0.0000300251
Erwinia billingiae	182337	S	2	0	2	0.0000300251
Mixta gaviniae	665914	S	2	0	2	0.0000300251
Tatumella citrea	53336	S	2	0	2	0.0000300251
Providencia heimbachae	333962	S	2	0	2	0.0000300251
Xenorhabdus bovienii	40576	S	2	0	2	0.0000300251
Photorhabdus asymbiotica	291112	S	2	0	2	0.0000300251
Arsenophonus endosymbiont of Aleurodicus dispersus	235559	S	2	0	2	0.0000300251
Lonsdalea britannica	1082704	S	2	0	2	0.0000300251
Obesumbacterium proteus	82983	S	2	0	2	0.0000300251
Plesiomonas shigelloides	703	S	2	0	2	0.0000300251
Xanthomonas sp. SS	2724122	S	2	0	2	0.0000300251
Xanthomonas axonopodis	53413	S	2	0	2	0.0000300251
Xanthomonas phaseoli	1985254	S	2	0	2	0.0000300251
Xanthomonas euroxanthea	2259622	S	2	0	2	0.0000300251
Lysobacter gummosus	262324	S	2	0	2	0.0000300251
Pseudolysobacter antarcticus	2511995	S	2	0	2	0.0000300251
Dyella sp. M7H15-1	2501295	S	2	0	2	0.0000300251
Marinobacter sp. JH2	2547598	S	2	0	2	0.0000300251
Marinobacter sp. LPB0319	2769486	S	2	0	2	0.0000300251
Marinobacter sp. CP1	1671721	S	1	1	2	0.0000300251
Marinobacter salsuginis	418719	S	2	0	2	0.0000300251
Alteromonas sp. RKMC-009	2267264	S	2	0	2	0.0000300251
Alteromonas sp. BL110	1714845	S	1	1	2	0.0000300251
Alteromonas naphthalenivorans	715451	S	2	0	2	0.0000300251
Paraglaciecola sp. L3A3	2686358	S	2	0	2	0.0000300251
Salinimonas sp. KX18D6	2572577	S	2	0	2	0.0000300251
Salinimonas lutimaris	914153	S	2	0	2	0.0000300251
Shewanella sp. FJAT-51800	2814294	S	2	0	2	0.0000300251
Shewanella sp. Arc9-LZ	2698686	S	2	0	2	0.0000300251
Shewanella sp. FJAT-53720	2814292	S	1	1	2	0.0000300251
Shewanella maritima	2520507	S	2	0	2	0.0000300251
Parashewanella spongiae	342950	S	2	0	2	0.0000300251
Parashewanella tropica	2547970	S	2	0	2	0.0000300251
Pseudoalteromonas sp. R3	1709477	S	2	0	2	0.0000300251
Pseudoalteromonas sp. PS1M3	87791	S	1	1	2	0.0000300251
Pseudoalteromonas shioyasakiensis	1190813	S	2	0	2	0.0000300251
Pseudoalteromonas arctica	394751	S	2	0	2	0.0000300251
Pseudoalteromonas espejiana	28107	S	2	0	2	0.0000300251
Pseudoalteromonas atlantica	288	S	2	0	2	0.0000300251
Pseudoalteromonas marina	267375	S	1	1	2	0.0000300251
Psychrosphaera sp. MTZ26	2820710	S	2	0	2	0.0000300251
Colwellia sp. Arc7-D	2161872	S	2	0	2	0.0000300251
Thalassotalea sp. HSM 43	2552945	S	2	0	2	0.0000300251
Litorilituus sediminis	718192	S	2	0	2	0.0000300251
Idiomarina sp. X4	2055892	S	2	0	2	0.0000300251
Idiomarina piscisalsi	1096243	S	2	0	2	0.0000300251
Moritella yayanosii	69539	S	2	0	2	0.0000300251
Halomonas sp. A40-4	2785909	S	2	0	2	0.0000300251
Halomonas sp. PGE1	2730360	S	2	0	2	0.0000300251
Halomonas sp. BC-M4-5	2497861	S	2	0	2	0.0000300251
Halomonas sp. SF2003	2136172	S	1	1	2	0.0000300251
Halomonas hydrothermalis	115561	S	2	0	2	0.0000300251
Cobetia sp. cqz5-12	2609415	S	1	1	2	0.0000300251
Zymobacter palmae	33074	S	2	0	2	0.0000300251
Kushneria phosphatilytica	657387	S	2	0	2	0.0000300251
Marinomonas primoryensis	178399	S	2	0	2	0.0000300251
Marinomonas foliarum	491950	S	2	0	2	0.0000300251
Marinomonas posidonica	936476	S	2	0	2	0.0000300251
Neptunomonas phycophila	1572645	S	2	0	2	0.0000300251
Thalassolituus oleivorans	187493	S	2	0	2	0.0000300251
Amphritea japonica	452627	S	2	0	2	0.0000300251
Hahella chejuensis	158327	S	2	0	2	0.0000300251
Kangiella profundi	1561924	S	2	0	2	0.0000300251
Vibrio harveyi	669	S	2	0	2	0.0000300251
Vibrio jasicida	766224	S	2	0	2	0.0000300251
Vibrio sp. HDW18	2714948	S	2	0	2	0.0000300251
Vibrio sp. dhg	2163016	S	1	1	2	0.0000300251
Vibrio tubiashii	29498	S	2	0	2	0.0000300251
Vibrio europaeus	300876	S	2	0	2	0.0000300251
Vibrio cincinnatiensis	675	S	2	0	2	0.0000300251
Vibrio alfacsensis	1074311	S	2	0	2	0.0000300251
Vibrio atlanticus	693153	S	2	0	2	0.0000300251
Vibrio tapetis	52443	S	2	0	2	0.0000300251
Vibrio spartinae	1918945	S	2	0	2	0.0000300251
Vibrio aquimaris	2587862	S	2	0	2	0.0000300251
Vibrio cholerae	666	S	2	0	2	0.0000300251
Nitrosococcus halophilus	133539	S	2	0	2	0.0000300251
Thermochromatium tepidum	1050	S	2	0	2	0.0000300251
Halorhodospira halochloris	1052	S	2	0	2	0.0000300251
Aquisalimonas sp. 2447	2740807	S	2	0	2	0.0000300251
Thiohalobacter thiocyanaticus	585455	S	1	1	2	0.0000300251
Halothiobacillus sp. LS2	1860122	S	2	0	2	0.0000300251
Aeromonas sp. CA23	2033032	S	2	0	2	0.0000300251
Aeromonas sp. 1805	2560028	S	1	1	2	0.0000300251
Aeromonas encheleia	73010	S	2	0	2	0.0000300251
Succinivibrio dextrinosolvens	83771	S	2	0	2	0.0000300251
Thiomicrorhabdus xiamenensis	2739063	S	2	0	2	0.0000300251
Thiomicrospira sp. S5	1803865	S	1	1	2	0.0000300251
Hydrogenovibrio thermophilus	265883	S	1	1	2	0.0000300251
Methylophaga frappieri	754477	S	2	0	2	0.0000300251
Francisella sp. FSC1006	1547445	S	2	0	2	0.0000300251
Francisella persica	954	S	2	0	2	0.0000300251
Francisella philomiragia	28110	S	2	0	2	0.0000300251
Francisella marina	2249302	S	2	0	2	0.0000300251
Allofrancisella guangzhouensis	594679	S	2	0	2	0.0000300251
Microbulbifer sp. ALW1	1516059	S	2	0	2	0.0000300251
Microbulbifer sp. YPW1	2745199	S	2	0	2	0.0000300251
Microbulbifer aggregans	1769779	S	2	0	2	0.0000300251
Halioglobus japonicus	930805	S	2	0	2	0.0000300251
[Haemophilus] ducreyi	730	S	2	0	2	0.0000300251
Haemophilus parahaemolyticus	735	S	2	0	2	0.0000300251
Haemophilus pittmaniae	249188	S	2	0	2	0.0000300251
Actinobacillus delphinicola	51161	S	2	0	2	0.0000300251
Mannheimia sp. USDA-ARS-USMARC-1261	1432056	S	2	0	2	0.0000300251
Mannheimia bovis	2770636	S	2	0	2	0.0000300251
Aggregatibacter segnis	739	S	2	0	2	0.0000300251
Aggregatibacter sp. 2125159857	2820817	S	2	0	2	0.0000300251
Rodentibacter sp. DSM 111151	2778911	S	2	0	2	0.0000300251
Avibacterium volantium	762	S	2	0	2	0.0000300251
Legionella sp. MW5194	2662448	S	2	0	2	0.0000300251
Legionella sp. PC997	2755562	S	2	0	2	0.0000300251
Methylotuvimicrobium buryatense	95641	S	1	1	2	0.0000300251
Candidatus Thioglobus autotrophicus	1705394	S	2	0	2	0.0000300251
Candidatus Thioglobus sp. NP1	2508687	S	2	0	2	0.0000300251
Candidatus Nardonella dryophthoridicola	1971485	S	2	0	2	0.0000300251
endosymbiont of Sipalinus gigas	1972134	S	2	0	2	0.0000300251
Gallaecimonas mangrovi	2291597	S	2	0	2	0.0000300251
Pseudohongiella spirulinae	1249552	S	2	0	2	0.0000300251
Frischella perrara	1267021	S	2	0	2	0.0000300251
Cardiobacterium hominis	2718	S	2	0	2	0.0000300251
Bradyrhizobium sp. CCBAU 53351	1325114	S	2	0	2	0.0000300251
Bradyrhizobium betae	244734	S	2	0	2	0.0000300251
Nitrobacter hamburgensis	912	S	2	0	2	0.0000300251
Rhizobium lusitanum	293958	S	2	0	2	0.0000300251
Agrobacterium sp. T29	2580515	S	2	0	2	0.0000300251
Sinorhizobium sp. CCBAU 05631	794846	S	1	1	2	0.0000300251
Ciceribacter thiooxidans	1969821	S	2	0	2	0.0000300251
Mesorhizobium sp. NZP2298	2483403	S	2	0	2	0.0000300251
Mesorhizobium sp. M1E.F.Ca.ET.045.02.1.1	2493672	S	2	0	2	0.0000300251
Mesorhizobium amorphae	71433	S	2	0	2	0.0000300251
Labrenzia alexandrii	388408	S	2	0	2	0.0000300251
Methylocystis sp. SC2	187303	S	2	0	2	0.0000300251
Bartonella quintana	803	S	2	0	2	0.0000300251
Bartonella australis	388640	S	2	0	2	0.0000300251
Brucella sp. 09RB8471	1149952	S	1	1	2	0.0000300251
Sphingorhabdus sp. M41	1806885	S	2	0	2	0.0000300251
Sphingosinicella sp. UDD2	2771430	S	1	1	2	0.0000300251
Sulfitobacter sp. B30-2	2785912	S	1	1	2	0.0000300251
Octadecabacter antarcticus	1217908	S	2	0	2	0.0000300251
Ruegeria sp. TM1040	292414	S	2	0	2	0.0000300251
Roseivivax sp. THAF30	2587852	S	2	0	2	0.0000300251
Roseobacter denitrificans	2434	S	2	0	2	0.0000300251
Roseobacter litoralis	42443	S	2	0	2	0.0000300251
Jannaschia sp. CCS1	290400	S	2	0	2	0.0000300251
Monaibacterium sp. ALG8	2715211	S	2	0	2	0.0000300251
Paraoceanicella profunda	2579971	S	2	0	2	0.0000300251
Candidatus Endolissoclinum faulkneri	1263979	S	2	0	2	0.0000300251
Haematospirillum jordaniae	1549855	S	2	0	2	0.0000300251
Acetobacter ascendens	481146	S	2	0	2	0.0000300251
Acetobacter persici	1076596	S	2	0	2	0.0000300251
Komagataeibacter nataicola	265960	S	2	0	2	0.0000300251
Komagataeibacter medellinensis	1177712	S	2	0	2	0.0000300251
Gluconobacter albidus	318683	S	2	0	2	0.0000300251
Terasakiella sp. SH-1	2560057	S	2	0	2	0.0000300251
Rickettsia endosymbiont of Ixodes scapularis	444612	S	1	1	2	0.0000300251
Rickettsia amblyommatis	33989	S	1	1	2	0.0000300251
Wolbachia endosymbiont of Dipetalonema caudispina	1812112	S	2	0	2	0.0000300251
Wolbachia endosymbiont of Cruorifilaria tuberocauda	1812111	S	2	0	2	0.0000300251
Wolbachia endosymbiont of Brugia malayi	80849	S	1	1	2	0.0000300251
Candidatus Midichloria mitochondrii	234827	S	2	0	2	0.0000300251
Hyphomonas sp. Mor2	1906738	S	2	0	2	0.0000300251
Hirschia baltica	2724	S	2	0	2	0.0000300251
Maricaulis maris	74318	S	2	0	2	0.0000300251
Kordiimonas pumila	2161677	S	2	0	2	0.0000300251
Campylobacter sp. RM16192	1660080	S	2	0	2	0.0000300251
Campylobacter sp. 2014D-0216	1813595	S	2	0	2	0.0000300251
Campylobacter sp. CCUG 57310	2517362	S	2	0	2	0.0000300251
Campylobacter peloridis	488546	S	2	0	2	0.0000300251
Campylobacter armoricus	2505970	S	2	0	2	0.0000300251
Campylobacter geochelonis	1780362	S	2	0	2	0.0000300251
Campylobacter cuniculorum	374106	S	2	0	2	0.0000300251
Campylobacter lanienae	75658	S	2	0	2	0.0000300251
Campylobacter showae	204	S	2	0	2	0.0000300251
Campylobacter upsaliensis	28080	S	2	0	2	0.0000300251
Campylobacter helveticus	28898	S	2	0	2	0.0000300251
Sulfurospirillum multivorans	66821	S	2	0	2	0.0000300251
Helicobacter felis	214	S	2	0	2	0.0000300251
Helicobacter himalayensis	1591088	S	2	0	2	0.0000300251
Helicobacter pullorum	35818	S	2	0	2	0.0000300251
Sulfurimonas sp. B2	2590551	S	2	0	2	0.0000300251
Sulfurimonas sp. NW10	2509341	S	1	1	2	0.0000300251
Nitratifractor salsuginis	269261	S	2	0	2	0.0000300251
Nautilia sp. PV-1	2579250	S	2	0	2	0.0000300251
Nitratiruptor labii	2706014	S	2	0	2	0.0000300251
Desulfovibrio piger	901	S	2	0	2	0.0000300251
Pseudodesulfovibrio piezophilus	879567	S	2	0	2	0.0000300251
Geobacter lovleyi	313985	S	2	0	2	0.0000300251
Desulfococcus oleovorans	181663	S	2	0	2	0.0000300251
Desulfobacter hydrogenophilus	2291	S	2	0	2	0.0000300251
Desulfobulbus propionicus	894	S	2	0	2	0.0000300251
Desulfurivibrio alkaliphilus	427923	S	2	0	2	0.0000300251
Syntrophus aciditrophicus	316277	S	2	0	2	0.0000300251
Rathayibacter sp. VKM Ac-2801	2609255	S	1	1	2	0.0000300251
Rathayibacter toxicus	145458	S	2	0	2	0.0000300251
Curtobacterium sp. MR_MD2014	1561023	S	2	0	2	0.0000300251
Plantibacter flavus	150123	S	2	0	2	0.0000300251
Kocuria sp. TGY1120_3	2711329	S	2	0	2	0.0000300251
Kocuria sp. KD4	2719588	S	2	0	2	0.0000300251
Kocuria varians	1272	S	2	0	2	0.0000300251
Arthrobacter sp. UKPF54-2	2600159	S	2	0	2	0.0000300251
Rothia aeria	172042	S	2	0	2	0.0000300251
Glutamicibacter sp. ZJUTW	1155384	S	1	1	2	0.0000300251
Pseudarthrobacter sp. NIBRBAC000502772	2590775	S	2	0	2	0.0000300251
Pseudarthrobacter equi	728066	S	2	0	2	0.0000300251
Renibacterium salmoninarum	1646	S	2	0	2	0.0000300251
Pseudactinotalea sp. HY158	2654547	S	2	0	2	0.0000300251
Brevibacterium sp. WO024	2697563	S	2	0	2	0.0000300251
Brevibacterium siliguriense	1136497	S	2	0	2	0.0000300251
Ornithinimicrobium flavum	1288636	S	2	0	2	0.0000300251
Brachybacterium avium	2017485	S	2	0	2	0.0000300251
Cellulosimicrobium sp. 72-3	2731680	S	1	1	2	0.0000300251
Georgenia sp. Z443	2589797	S	2	0	2	0.0000300251
Austwickia chelonae	100225	S	2	0	2	0.0000300251
Jonesia denitrificans	43674	S	2	0	2	0.0000300251
Streptomyces sp. W1SF4	2305220	S	2	0	2	0.0000300251
Streptomyces sp. QHH-9511	2684468	S	2	0	2	0.0000300251
Streptomyces sp. SYP-A7193	2662065	S	2	0	2	0.0000300251
Streptomyces sp. CMB-StM0423	2059884	S	2	0	2	0.0000300251
Streptomyces sp. SirexAA-E	862751	S	2	0	2	0.0000300251
Streptomyces sp. AgN23	1188315	S	2	0	2	0.0000300251
Streptomyces sp. CNQ-509	444103	S	2	0	2	0.0000300251
Streptomyces sp. jing01	2726118	S	2	0	2	0.0000300251
Streptomyces sp. Z022	1442032	S	2	0	2	0.0000300251
Streptomyces sp. RPA4-2	2721244	S	2	0	2	0.0000300251
Streptomyces sp. Tu6071	355249	S	1	1	2	0.0000300251
Streptomyces sp. LBUM 1480	2609808	S	1	1	2	0.0000300251
Streptomyces sp. SGAir0924	2109593	S	1	1	2	0.0000300251
Streptomyces finlayi	67296	S	2	0	2	0.0000300251
Streptomyces spongiicola	1690221	S	2	0	2	0.0000300251
Streptomyces peucetius	1950	S	2	0	2	0.0000300251
Streptomyces parvulus	146923	S	2	0	2	0.0000300251
Streptomyces violaceusniger	68280	S	2	0	2	0.0000300251
Streptomyces platensis	58346	S	2	0	2	0.0000300251
Streptomyces solisilvae	1929477	S	2	0	2	0.0000300251
Streptomyces malaysiensis	92644	S	2	0	2	0.0000300251
Streptomyces xiamenensis	408015	S	2	0	2	0.0000300251
Streptomyces olivoreticuli	68246	S	2	0	2	0.0000300251
Mycolicibacterium sp. CBMA 213	1968788	S	2	0	2	0.0000300251
Mycolicibacterium tokaiense	39695	S	2	0	2	0.0000300251
Mycolicibacterium aichiense	1799	S	2	0	2	0.0000300251
Mycobacterium sp. DL440	2675523	S	2	0	2	0.0000300251
Mycobacterium marseillense	701042	S	2	0	2	0.0000300251
Mycobacterium gallinarum	39689	S	2	0	2	0.0000300251
Mycobacterium paragordonae	1389713	S	2	0	2	0.0000300251
Mycobacterium paraseoulense	590652	S	2	0	2	0.0000300251
Hoyosella subflava	639313	S	2	0	2	0.0000300251
Rhodococcus sp. MTM3W5.2	1805827	S	2	0	2	0.0000300251
Nocardia sp. CS682	1047172	S	2	0	2	0.0000300251
Corynebacterium sp. NML98-0116	702967	S	2	0	2	0.0000300251
Corynebacterium sp. zg-320	2768834	S	2	0	2	0.0000300251
Corynebacterium pseudopelargi	2080757	S	2	0	2	0.0000300251
Corynebacterium endometrii	2488819	S	2	0	2	0.0000300251
Corynebacterium singulare	161899	S	2	0	2	0.0000300251
Corynebacterium marinum	349751	S	2	0	2	0.0000300251
Corynebacterium ammoniagenes	1697	S	2	0	2	0.0000300251
Corynebacterium geronticis	2079234	S	2	0	2	0.0000300251
Corynebacterium anserum	2684406	S	2	0	2	0.0000300251
Corynebacterium variabile	1727	S	2	0	2	0.0000300251
Corynebacterium terpenotabidum	89154	S	2	0	2	0.0000300251
Corynebacterium argentoratense	42817	S	2	0	2	0.0000300251
Dietzia lutea	546160	S	2	0	2	0.0000300251
Tomitella sp. HY188	2597660	S	2	0	2	0.0000300251
Tessaracoccus timonensis	2161816	S	2	0	2	0.0000300251
Acidipropionibacterium acidipropionici	1748	S	2	0	2	0.0000300251
Auraticoccus monumenti	675864	S	2	0	2	0.0000300251
Raineyella sp. CBA3103	2662261	S	2	0	2	0.0000300251
Nocardioides sp. ZJ1313	2685869	S	2	0	2	0.0000300251
Nocardioides dokdonensis	450734	S	2	0	2	0.0000300251
Saccharomonospora cyanea	40989	S	2	0	2	0.0000300251
Saccharomonospora glauca	40990	S	2	0	2	0.0000300251
Micromonospora purpureochromogenes	47872	S	2	0	2	0.0000300251
Bifidobacterium angulatum	1683	S	2	0	2	0.0000300251
Bifidobacterium lemurum	1603886	S	2	0	2	0.0000300251
Bifidobacterium pullorum	78448	S	2	0	2	0.0000300251
Scardovia inopinata	78259	S	2	0	2	0.0000300251
Parascardovia denticolens	78258	S	2	0	2	0.0000300251
Nocardiopsis dassonvillei	2014	S	2	0	2	0.0000300251
Actinomyces sp. Chiba101	1851395	S	2	0	2	0.0000300251
Actinomyces sp. ZJ750	2744574	S	2	0	2	0.0000300251
Actinomyces viscosus	1656	S	2	0	2	0.0000300251
Actinomyces israelii	1659	S	2	0	2	0.0000300251
Actinomyces qiguomingii	2057800	S	2	0	2	0.0000300251
Arcanobacterium sp. 2701	2722751	S	2	0	2	0.0000300251
Mobiluncus curtisii	2051	S	2	0	2	0.0000300251
Actinobaculum sp. 313	2495645	S	2	0	2	0.0000300251
Frankia sp. QA3	710111	S	2	0	2	0.0000300251
Actinopolyspora erythraea	414996	S	2	0	2	0.0000300251
Epidermidibacterium keratini	1891644	S	2	0	2	0.0000300251
Stackebrandtia nassauensis	283811	S	2	0	2	0.0000300251
Slackia heliotrinireducens	84110	S	2	0	2	0.0000300251
Bacillus anthracis	1392	S	1	1	2	0.0000300251
Bacillus sp. ABP14	1892404	S	1	1	2	0.0000300251
Bacillus sp. KH172YL63	2709784	S	2	0	2	0.0000300251
Bacillus sp. M4U3P1	2592382	S	2	0	2	0.0000300251
Bacillus sp. CS13	2728853	S	2	0	2	0.0000300251
Bacillus sp. NSP9.1	1071078	S	2	0	2	0.0000300251
Bacillus sp. Cs-700	2589818	S	1	1	2	0.0000300251
Bacillus mojavensis	72360	S	2	0	2	0.0000300251
Bacillus tequilensis	227866	S	2	0	2	0.0000300251
Bacillus paralicheniformis	1648923	S	2	0	2	0.0000300251
Bacillus licheniformis	1402	S	1	1	2	0.0000300251
Bacillus horikoshii	79883	S	2	0	2	0.0000300251
Bacillus vietnamensis	218284	S	2	0	2	0.0000300251
Bacillus safensis	561879	S	2	0	2	0.0000300251
Bacillus oleronius	38875	S	2	0	2	0.0000300251
Bacillus vini	1476025	S	2	0	2	0.0000300251
Bacillus ciccensis	1670641	S	2	0	2	0.0000300251
Bacillus freudenreichii	1783501	S	2	0	2	0.0000300251
Lysinibacillus varians	1145276	S	1	1	2	0.0000300251
Geobacillus stearothermophilus	1422	S	2	0	2	0.0000300251
Geobacillus subterraneus	129338	S	2	0	2	0.0000300251
Anoxybacillus flavithermus	33934	S	2	0	2	0.0000300251
Anoxybacillus caldiproteolyticus	247480	S	2	0	2	0.0000300251
Anoxybacillus gonensis	198467	S	1	1	2	0.0000300251
Virgibacillus necropolis	163877	S	2	0	2	0.0000300251
Peribacillus muralis	264697	S	2	0	2	0.0000300251
Peribacillus butanolivorans	421767	S	2	0	2	0.0000300251
Metabacillus sp. KUDC1714	2745198	S	2	0	2	0.0000300251
Neobacillus mesonae	1193713	S	2	0	2	0.0000300251
Neobacillus cucumis	1740721	S	2	0	2	0.0000300251
Fictibacillus arsenicus	255247	S	2	0	2	0.0000300251
Fictibacillus phosphorivorans	1221500	S	2	0	2	0.0000300251
Radiobacillus deserti	2594883	S	2	0	2	0.0000300251
Caldibacillus thermoamylovorans	35841	S	2	0	2	0.0000300251
Pradoshia sp. D12	2651284	S	2	0	2	0.0000300251
Salimicrobium jeotgali	1230341	S	2	0	2	0.0000300251
Gracilibacillus sp. SCU50	2663022	S	2	0	2	0.0000300251
Staphylococcus delphini	53344	S	2	0	2	0.0000300251
Staphylococcus felis	46127	S	2	0	2	0.0000300251
Staphylococcus succinus	61015	S	2	0	2	0.0000300251
Staphylococcus chromogenes	46126	S	2	0	2	0.0000300251
[Micrococcus] candicans	946432	S	2	0	2	0.0000300251
Macrococcus sp. IME1552	1898474	S	1	1	2	0.0000300251
Paenibacillus sp. JZ16	1906272	S	2	0	2	0.0000300251
Paenibacillus sp. BIHB4019	1870819	S	2	0	2	0.0000300251
Paenibacillus sp. 32O-W	1695218	S	2	0	2	0.0000300251
Paenibacillus sp. IHB B 3084	867076	S	2	0	2	0.0000300251
Paenibacillus sp. FSL H7-0737	1536775	S	2	0	2	0.0000300251
Paenibacillus sp. FSL R7-0273	1536772	S	2	0	2	0.0000300251
Paenibacillus sp. FSL R5-0345	1536770	S	2	0	2	0.0000300251
Paenibacillus kribbensis	172713	S	2	0	2	0.0000300251
Paenibacillus baekrokdamisoli	1712516	S	2	0	2	0.0000300251
Paenibacillus jilunlii	682956	S	2	0	2	0.0000300251
Paenibacillus uliginis	683737	S	2	0	2	0.0000300251
Paenibacillus guangzhouensis	1473112	S	2	0	2	0.0000300251
Cohnella sp. KS 22	2598458	S	2	0	2	0.0000300251
Aneurinibacillus soli	1500254	S	2	0	2	0.0000300251
Aneurinibacillus sp. XH2	1450761	S	2	0	2	0.0000300251
Thermobacillus composti	377615	S	2	0	2	0.0000300251
Sporosarcina sp. Te-1	2818390	S	2	0	2	0.0000300251
Planococcus sp. Y42	2213202	S	2	0	2	0.0000300251
Planococcus plakortidis	1038856	S	2	0	2	0.0000300251
Solibacillus sp. R5-41	2048654	S	2	0	2	0.0000300251
Kurthia zopfii	1650	S	2	0	2	0.0000300251
Ureibacillus thermosphaericus	51173	S	1	1	2	0.0000300251
Jeotgalibacillus malaysiensis	1508404	S	2	0	2	0.0000300251
Rummeliibacillus stabekisii	241244	S	2	0	2	0.0000300251
Paenisporosarcina antarctica	417367	S	2	0	2	0.0000300251
Exiguobacterium acetylicum	41170	S	1	1	2	0.0000300251
Alicyclobacillus sp. TC	2606450	S	2	0	2	0.0000300251
Listeria ivanovii	1638	S	2	0	2	0.0000300251
Listeria seeligeri	1640	S	2	0	2	0.0000300251
Listeria sp. PSOL-1	1844999	S	2	0	2	0.0000300251
Lactobacillus kefiranofaciens	267818	S	2	0	2	0.0000300251
Lactobacillus kullabergensis	1218493	S	2	0	2	0.0000300251
Weissella koreensis	165096	S	2	0	2	0.0000300251
Weissella diestrammenae	1162633	S	2	0	2	0.0000300251
Leuconostoc lactis	1246	S	2	0	2	0.0000300251
Leuconostoc pseudomesenteroides	33968	S	2	0	2	0.0000300251
Companilactobacillus futsaii	938155	S	2	0	2	0.0000300251
Companilactobacillus ginsenosidimutans	1007676	S	2	0	2	0.0000300251
Companilactobacillus heilongjiangensis	1074467	S	2	0	2	0.0000300251
Lentilactobacillus buchneri	1581	S	2	0	2	0.0000300251
Latilactobacillus fuchuensis	164393	S	2	0	2	0.0000300251
Loigolactobacillus bifermentans	1607	S	2	0	2	0.0000300251
Limosilactobacillus vaginalis	1633	S	2	0	2	0.0000300251
Pediococcus pentosaceus	1255	S	2	0	2	0.0000300251
Pediococcus claussenii	187452	S	2	0	2	0.0000300251
Fructilactobacillus fructivorans	1614	S	2	0	2	0.0000300251
Apilactobacillus bombintestini	2419772	S	2	0	2	0.0000300251
Amylolactobacillus amylophilus	1603	S	2	0	2	0.0000300251
Schleiferilactobacillus harbinensis	304207	S	2	0	2	0.0000300251
Streptococcus sp. HSISM1	1316408	S	2	0	2	0.0000300251
Streptococcus sp. 116-D4	2598453	S	2	0	2	0.0000300251
Streptococcus sp. CNU G3	2698804	S	1	1	2	0.0000300251
Streptococcus intermedius	1338	S	2	0	2	0.0000300251
Streptococcus troglodytae	1111760	S	2	0	2	0.0000300251
Streptococcus porcinus	1340	S	2	0	2	0.0000300251
Streptococcus australis	113107	S	2	0	2	0.0000300251
Streptococcus agalactiae	1311	S	1	1	2	0.0000300251
Lactococcus raffinolactis	1366	S	2	0	2	0.0000300251
Lactococcus allomyrinae	2419773	S	2	0	2	0.0000300251
Enterococcus thailandicus	417368	S	2	0	2	0.0000300251
Enterococcus gallinarum	1353	S	1	1	2	0.0000300251
Vagococcus coleopterorum	2714946	S	2	0	2	0.0000300251
Jeotgalibaca ciconiae	2496265	S	2	0	2	0.0000300251
Abiotrophia defectiva	46125	S	2	0	2	0.0000300251
Suicoccus acidiformans	2036206	S	2	0	2	0.0000300251
Lachnoclostridium phytofermentans	66219	S	2	0	2	0.0000300251
Lacrimispora sphenoides	29370	S	2	0	2	0.0000300251
Clostridium sp. BNL1100	755731	S	2	0	2	0.0000300251
Clostridium sp. AWRP	2212991	S	2	0	2	0.0000300251
Clostridium sp. 'deep sea'	2779445	S	2	0	2	0.0000300251
Clostridium argentinense	29341	S	2	0	2	0.0000300251
Clostridium ljungdahlii	1538	S	2	0	2	0.0000300251
Clostridium formicaceticum	1497	S	2	0	2	0.0000300251
Clostridium cochlearium	1494	S	2	0	2	0.0000300251
Alkaliphilus oremlandii	461876	S	2	0	2	0.0000300251
Hungatella hathewayi	154046	S	2	0	2	0.0000300251
Ruminococcus albus	1264	S	2	0	2	0.0000300251
Oscillibacter valericigenes	351091	S	2	0	2	0.0000300251
Acetivibrio clariflavus	288965	S	2	0	2	0.0000300251
Acetivibrio saccincola	1677857	S	2	0	2	0.0000300251
Caproiciproducens sp. 7D4C2	2721621	S	2	0	2	0.0000300251
Ruminiclostridium cellulolyticum	1521	S	2	0	2	0.0000300251
Ruminiclostridium herbifermentans	2488810	S	2	0	2	0.0000300251
Pseudoclostridium thermosuccinogenes	84032	S	2	0	2	0.0000300251
Desulfosporosinus youngiae	339862	S	2	0	2	0.0000300251
Desulfitobacterium dehalogenans	36854	S	2	0	2	0.0000300251
Desulfitobacterium dichloroeliminans	233055	S	2	0	2	0.0000300251
Desulfotomaculum reducens	59610	S	2	0	2	0.0000300251
Thermincola potens	863643	S	2	0	2	0.0000300251
Acetobacterium woodii	33952	S	2	0	2	0.0000300251
Syntrophomonas wolfei	863	S	2	0	2	0.0000300251
Petrocella atlantisensis	2173034	S	2	0	2	0.0000300251
Caldicellulosiruptor obsidiansis	717609	S	2	0	2	0.0000300251
Ammonifex degensii	42838	S	2	0	2	0.0000300251
Halocella sp. SP3-1	2382161	S	2	0	2	0.0000300251
Biomaibacter acetigenes	2316383	S	2	0	2	0.0000300251
Selenomonas sputigena	69823	S	2	0	2	0.0000300251
Sporomusa termitida	2377	S	2	0	2	0.0000300251
Veillonella rodentium	248315	S	2	0	2	0.0000300251
Erysipelothrix inopinata	225084	S	2	0	2	0.0000300251
Bulleidia sp. zg-1006	2806552	S	2	0	2	0.0000300251
Faecalibaculum rodentium	1702221	S	2	0	2	0.0000300251
Turicibacter sanguinis	154288	S	2	0	2	0.0000300251
Turicibacter sp. H121	1712675	S	2	0	2	0.0000300251
Peptoniphilus harei	54005	S	2	0	2	0.0000300251
Finegoldia magna	1260	S	2	0	2	0.0000300251
Keratinibaculum paraultunense	1278232	S	2	0	2	0.0000300251
Limnochorda pilosa	1555112	S	2	0	2	0.0000300251
Nostoc sp. PCC 7107	317936	S	2	0	2	0.0000300251
Nostoc flagelliforme	1306274	S	2	0	2	0.0000300251
Calothrix sp. 336/3	1337936	S	2	0	2	0.0000300251
Limnospira indica	147322	S	1	1	2	0.0000300251
Crocosphaera subtropica	2546360	S	2	0	2	0.0000300251
Synechococcus sp. BIOS-U3-1	1400865	S	2	0	2	0.0000300251
Synechococcus sp. NOUM97013	1442555	S	2	0	2	0.0000300251
Synechococcus sp. KORDI-100	1280380	S	2	0	2	0.0000300251
Synechococcus sp. JA-3-3Ab	321327	S	2	0	2	0.0000300251
Synechococcus sp. CBW1107	2789857	S	2	0	2	0.0000300251
Synechococcus sp. Minos11	221341	S	2	0	2	0.0000300251
Synechococcus sp. M16.1	1442553	S	1	1	2	0.0000300251
Synechococcus sp. PCC 11901	2579791	S	1	1	2	0.0000300251
Pseudanabaena sp. PCC 7367	82654	S	2	0	2	0.0000300251
Mycoplasma sp. Phocoena C-264-GEN	754517	S	2	0	2	0.0000300251
Mycoplasma sp. (ex Biomphalaria glabrata)	1749074	S	2	0	2	0.0000300251
Mycoplasma mycoides	2102	S	2	0	2	0.0000300251
Mycoplasma wenyonii	65123	S	2	0	2	0.0000300251
Mycoplasma orale	2121	S	2	0	2	0.0000300251
Mycoplasma crocodyli	50052	S	2	0	2	0.0000300251
Mycoplasma dispar	86660	S	2	0	2	0.0000300251
Mycoplasma hyosynoviae	29559	S	2	0	2	0.0000300251
Mycoplasma synoviae	2109	S	2	0	2	0.0000300251
Mycoplasma columborale	171282	S	2	0	2	0.0000300251
Mycoplasma bovigenitalium	2112	S	2	0	2	0.0000300251
Mycoplasma bovis	28903	S	2	0	2	0.0000300251
Mycoplasma maculosum	114885	S	2	0	2	0.0000300251
Mycoplasma felis	33923	S	2	0	2	0.0000300251
Mycoplasma pullorum	48003	S	2	0	2	0.0000300251
Candidatus Hepatoplasma crinochetorum	295596	S	2	0	2	0.0000300251
Spiroplasma monobiae	2136	S	2	0	2	0.0000300251
Spiroplasma syrphidicola	216945	S	2	0	2	0.0000300251
Spiroplasma cantharicola	362837	S	2	0	2	0.0000300251
Spiroplasma taiwanense	2145	S	2	0	2	0.0000300251
Spiroplasma tabanidicola	324079	S	2	0	2	0.0000300251
Spiroplasma corruscae	216934	S	2	0	2	0.0000300251
Spiroplasma kunkelii	47834	S	1	1	2	0.0000300251
Entomoplasma luminosum	214888	S	2	0	2	0.0000300251
Acholeplasma brassicae	61635	S	2	0	2	0.0000300251
Candidatus Phytoplasma australiense	59748	S	2	0	2	0.0000300251
Aster yellows witches'-broom phytoplasma	229545	S	1	1	2	0.0000300251
Deinococcus sp. D7000	2755035	S	2	0	2	0.0000300251
Deinococcus deserti	310783	S	2	0	2	0.0000300251
Deinococcus wulumuqiensis	980427	S	2	0	2	0.0000300251
Deinococcus irradiatisoli	2202254	S	2	0	2	0.0000300251
Marinithermus hydrothermalis	186192	S	2	0	2	0.0000300251
Pelolinea submarina	913107	S	2	0	2	0.0000300251
Dehalogenimonas lykanthroporepellens	552810	S	2	0	2	0.0000300251
Thermobaculum terrenum	166501	S	2	0	2	0.0000300251
Caldilinea aerophila	133453	S	2	0	2	0.0000300251
Fimbriimonas ginsengisoli	1005039	S	2	0	2	0.0000300251
Capnocytophaga ochracea	1018	S	1	1	2	0.0000300251
Nonlabens sp. SY33080	2719911	S	1	1	2	0.0000300251
Zobellia galactanivorans	63186	S	2	0	2	0.0000300251
Chryseobacterium sp.	1871047	S	2	0	2	0.0000300251
Chryseobacterium camelliae	1265445	S	2	0	2	0.0000300251
Elizabethkingia sp. 2-6	2575699	S	1	1	2	0.0000300251
Weeksella virosa	1014	S	2	0	2	0.0000300251
Cruoricaptor ignavus	1118202	S	2	0	2	0.0000300251
Blattabacterium sp. DPU	2715232	S	2	0	2	0.0000300251
Prevotella sp. oral taxon 299	652716	S	2	0	2	0.0000300251
Prevotella denticola	28129	S	2	0	2	0.0000300251
Prevotella jejuni	1177574	S	2	0	2	0.0000300251
Muribaculum gordoncarteri	2530390	S	2	0	2	0.0000300251
Sphingobacterium sp. B29	1933220	S	1	1	2	0.0000300251
Hymenobacter sp. DG25B	1385664	S	2	0	2	0.0000300251
Hymenobacter sp. BRD67	2675877	S	2	0	2	0.0000300251
Hymenobacter qilianensis	1385715	S	2	0	2	0.0000300251
Echinicola sp. LN3S3	2591634	S	2	0	2	0.0000300251
Echinicola rosea	1807691	S	2	0	2	0.0000300251
Cardinium endosymbiont of Sogatella furcifera	650378	S	2	0	2	0.0000300251
Cardinium endosymbiont of Bemisia tabaci	672794	S	2	0	2	0.0000300251
Roseivirga pacifica	1267423	S	2	0	2	0.0000300251
Chlorobium phaeovibrioides	1094	S	2	0	2	0.0000300251
Chlorobaculum parvum	274539	S	2	0	2	0.0000300251
Melioribacter roseus	1134405	S	2	0	2	0.0000300251
Thermogutta terrifontis	1331910	S	2	0	2	0.0000300251
Gimesia alba	2527973	S	2	0	2	0.0000300251
Sedimentisphaera cyanobacteriorum	1940790	S	1	1	2	0.0000300251
Methylacidimicrobium sp. AP8	2730359	S	2	0	2	0.0000300251
Candidatus Xiphinematobacter sp. Idaho Grape	1704307	S	2	0	2	0.0000300251
Candidatus Protochlamydia amoebophila	362787	S	2	0	2	0.0000300251
Treponema medium	58231	S	2	0	2	0.0000300251
Treponema brennaborense	81028	S	2	0	2	0.0000300251
Treponema parvum	138851	S	2	0	2	0.0000300251
Sphaerochaeta globosa	1131703	S	2	0	2	0.0000300251
Oceanispirochaeta crateris	2518645	S	2	0	2	0.0000300251
Borrelia turcica	229155	S	2	0	2	0.0000300251
Candidatus Borrelia tachyglossi	1964448	S	2	0	2	0.0000300251
Borreliella bavariensis	664662	S	1	1	2	0.0000300251
Leptospira borgpetersenii	174	S	2	0	2	0.0000300251
Leptospira santarosai	28183	S	2	0	2	0.0000300251
Leptospira mayottensis	1137606	S	2	0	2	0.0000300251
Thermosipho melanesiensis	46541	S	2	0	2	0.0000300251
Fervidobacterium pennivorans	93466	S	2	0	2	0.0000300251
Thermotoga sp. Cell2	1157947	S	1	1	2	0.0000300251
Pseudothermotoga hypogea	57487	S	2	0	2	0.0000300251
Athalassotoga saccharophila	1441386	S	2	0	2	0.0000300251
Nitrospira japonica	1325564	S	2	0	2	0.0000300251
Dissulfurispira thermophila	2715679	S	2	0	2	0.0000300251
Flexistipes sinusarabici	2352	S	2	0	2	0.0000300251
Geovibrio thiophilus	139438	S	2	0	2	0.0000300251
Calditerrivibrio nitroreducens	477976	S	2	0	2	0.0000300251
Aminobacterium colombiense	81468	S	2	0	2	0.0000300251
Thermosulfurimonas marina	2047767	S	2	0	2	0.0000300251
Hydrogenobacter thermophilus	940	S	1	1	2	0.0000300251
Elusimicrobium minutum	423605	S	2	0	2	0.0000300251
Dictyoglomus thermophilum	14	S	2	0	2	0.0000300251
Halorubrum sp. BOL3-1	2497325	S	2	0	2	0.0000300251
Halobonum sp. NJ-3-1	2743089	S	2	0	2	0.0000300251
Haloferax mediterranei	2252	S	2	0	2	0.0000300251
Haloplanus rallus	1816183	S	2	0	2	0.0000300251
Halosimplex litoreum	1198301	S	2	0	2	0.0000300251
Natronomonas sp. C90	2747817	S	2	0	2	0.0000300251
Halorhabdus sp. CBA1104	1380432	S	2	0	2	0.0000300251
Halalkalicoccus jeotgali	413810	S	2	0	2	0.0000300251
Haloterrigena sp. YPL8	1699371	S	2	0	2	0.0000300251
Haloterrigena salifodinae	2675099	S	2	0	2	0.0000300251
Natrinema sp. J7-2	406552	S	2	0	2	0.0000300251
Natrinema sp. YPL30	1710539	S	2	0	2	0.0000300251
Natronococcus occultus	29288	S	2	0	2	0.0000300251
Halobiforma lacisalsi	229731	S	2	0	2	0.0000300251
Methanolobus zinderi	536044	S	2	0	2	0.0000300251
Methanohalobium evestigatum	2322	S	2	0	2	0.0000300251
Methanomethylovorans hollandica	101192	S	2	0	2	0.0000300251
Methanothrix thermoacetophila	2224	S	2	0	2	0.0000300251
Methanosaeta harundinacea	301375	S	2	0	2	0.0000300251
Methanosphaerula palustris	475088	S	2	0	2	0.0000300251
Methanobrevibacter sp. AbM4	224719	S	2	0	2	0.0000300251
Methanobrevibacter ruminantium	83816	S	2	0	2	0.0000300251
Methanobacterium formicicum	2162	S	2	0	2	0.0000300251
Methanocaldococcus jannaschii	2190	S	2	0	2	0.0000300251
Methanocaldococcus sp. FS406-22	644281	S	2	0	2	0.0000300251
Methanocaldococcus vulcanius	73913	S	1	1	2	0.0000300251
Methanotorris igneus	2189	S	2	0	2	0.0000300251
Methanococcus voltae	2188	S	2	0	2	0.0000300251
Thermococcus sp. 2319x1	1674923	S	1	1	2	0.0000300251
Nitrosopumilus ureiphilus	1470067	S	2	0	2	0.0000300251
Candidatus Nitrosotenuis aquarius	1846278	S	2	0	2	0.0000300251
Conexivisphaera calida	1874277	S	2	0	2	0.0000300251
Acidianus ambivalens	2283	S	2	0	2	0.0000300251
Acidianus brierleyi	41673	S	2	0	2	0.0000300251
Acidianus hospitalis	563177	S	2	0	2	0.0000300251
Ignicoccus islandicus	54259	S	2	0	2	0.0000300251
Ignicoccus hospitalis	160233	S	2	0	2	0.0000300251
Pyrolobus fumarii	54252	S	2	0	2	0.0000300251
Vulcanisaeta distributa	164451	S	2	0	2	0.0000300251
Candidatus Methanomethylophilus alvus	1291540	S	2	0	2	0.0000300251
Cellulophaga phage phi14:2	1327990	S	2	0	2	0.0000300251
Streptomyces phage WRightOn	2053723	S	1	1	2	0.0000300251
Pseudomonas virus LUZ7	1982596	S	2	0	2	0.0000300251
Klebsiella phage Pylas	2419682	S	2	0	2	0.0000300251
Pseudomonas phage PS-1	1573458	S	2	0	2	0.0000300251
Streptomyces phage LukeCage	2283304	S	2	0	2	0.0000300251
Streptomyces phage Gilson	2488789	S	2	0	2	0.0000300251
Gordonia phage Zipp	2591212	S	2	0	2	0.0000300251
Flavobacterium phage vB_FspS_hattifnatt9-1	2686246	S	2	0	2	0.0000300251
Streptomyces virus YDN12	1982747	S	2	0	2	0.0000300251
Lactococcus phage P680	1262537	S	2	0	2	0.0000300251
Arthrobacter phage MamaPearl	2743906	S	2	0	2	0.0000300251
Microbacterium virus Eden	2734230	S	2	0	2	0.0000300251
Rhodococcus virus Trina	2560705	S	2	0	2	0.0000300251
Gordonia virus Bowser	2560487	S	2	0	2	0.0000300251
Streptomyces virus Mildred21	2560787	S	1	1	2	0.0000300251
Streptomyces virus Scap1	2560792	S	2	0	2	0.0000300251
Gordonia virus Phistory	2734203	S	1	1	2	0.0000300251
Mycobacterium phage Mantra	2283297	S	1	1	2	0.0000300251
Streptomyces phage BRock	1913591	S	2	0	2	0.0000300251
Escherichia phage vB_EcoM_PHB05	2041347	S	1	1	2	0.0000300251
Aeromonas virus 56	2560283	S	2	0	2	0.0000300251
Erwinia virus Y3	2734143	S	2	0	2	0.0000300251
Acanthocystis turfacea chlorella virus 1	322019	S	2	0	2	0.0000300251
Aureococcus anophagefferens virus	1474867	S	2	0	2	0.0000300251
Orpheovirus IHUMI-LCC2	2023057	S	2	0	2	0.0000300251
Mimivirus terra2	1128151	S	1	1	2	0.0000300251
Tokyovirus A1	1826170	S	2	0	2	0.0000300251
Pandoravirus inopinatum	1605721	S	2	0	2	0.0000300251
Pandoravirus macleodensis	2107707	S	2	0	2	0.0000300251
Orungo virus	40058	S	2	0	2	0.0000300251
Gryllus bimaculatus nudivirus	432587	S	2	0	2	0.0000300251
Bordetella pertussis	520	S	1	0	1	0.0000150125
Bordetella genomosp. 6	463024	S	1	0	1	0.0000150125
Jeongeupia sp. HS-3	1009682	S	1	0	1	0.0000150125
Neisseria sp. ZJ785	2709396	S	1	0	1	0.0000150125
Neisseria canis	493	S	1	0	1	0.0000150125
Neisseria sicca	490	S	1	0	1	0.0000150125
Neisseria polysaccharea	489	S	1	0	1	0.0000150125
Neisseria gonorrhoeae	485	S	1	0	1	0.0000150125
Snodgrassella alvi	1196083	S	1	0	1	0.0000150125
Methylobacillus flagellatus	405	S	1	0	1	0.0000150125
Nitrosospira multiformis	1231	S	1	0	1	0.0000150125
Pseudomonas sp. CCOS 191	1649877	S	1	0	1	0.0000150125
Pseudomonas sp. LTJR-52	2479392	S	1	0	1	0.0000150125
Pseudomonas sp. DG56-2	2320270	S	1	0	1	0.0000150125
Pseudomonas sp. THAF7b	2587845	S	1	0	1	0.0000150125
Pseudomonas sp. R5-89-07	658644	S	1	0	1	0.0000150125
Pseudomonas sp. ADAK22	2730851	S	1	0	1	0.0000150125
Pseudomonas sp. ABC1	2748080	S	1	0	1	0.0000150125
Pseudomonas sp. RtIB026	2749999	S	1	0	1	0.0000150125
Pseudomonas sp. 09C 129	2054915	S	1	0	1	0.0000150125
Pseudomonas sp. MRSN12121	1611770	S	1	0	1	0.0000150125
Pseudomonas sp. LPH1	1898684	S	1	0	1	0.0000150125
Pseudomonas brenneri	129817	S	1	0	1	0.0000150125
Pseudomonas corrugata	47879	S	1	0	1	0.0000150125
Pseudomonas fuscovaginae	50340	S	1	0	1	0.0000150125
Pseudomonas gozinkensis	2774461	S	1	0	1	0.0000150125
Pseudomonas atacamensis	2565368	S	1	0	1	0.0000150125
Pseudomonas viciae	2505979	S	1	0	1	0.0000150125
Pseudomonas lactis	1615674	S	1	0	1	0.0000150125
Pseudomonas asplenii	53407	S	1	0	1	0.0000150125
Pseudomonas thivervalensis	86265	S	1	0	1	0.0000150125
Acinetobacter sp. C16S1	2609668	S	1	0	1	0.0000150125
Acinetobacter lactucae	1785128	S	1	0	1	0.0000150125
Psychrobacter sp. P11G3	1699623	S	1	0	1	0.0000150125
Psychrobacter sp. DAB_AL32B	1028414	S	1	0	1	0.0000150125
Moraxella nonliquefaciens	478	S	1	0	1	0.0000150125
Moraxella ovis	29433	S	1	0	1	0.0000150125
Klebsiella oxytoca	571	S	1	0	1	0.0000150125
Klebsiella quasivariicola	2026240	S	1	0	1	0.0000150125
Enterobacter cancerogenus	69218	S	1	0	1	0.0000150125
Enterobacter sichuanensis	2071710	S	1	0	1	0.0000150125
Enterobacter chengduensis	2494701	S	1	0	1	0.0000150125
Enterobacter sp. RHB15-C17	2742619	S	1	0	1	0.0000150125
Enterobacter sp. SA187	1914861	S	1	0	1	0.0000150125
Escherichia marmotae	1499973	S	1	0	1	0.0000150125
Escherichia sp. E4742	2044467	S	1	0	1	0.0000150125
Citrobacter sp. R56	1573676	S	1	0	1	0.0000150125
Citrobacter amalonaticus	35703	S	1	0	1	0.0000150125
Citrobacter farmeri	67824	S	1	0	1	0.0000150125
Citrobacter pasteurii	1563222	S	1	0	1	0.0000150125
Citrobacter tructae	2562449	S	1	0	1	0.0000150125
Blochmannia endosymbiont of Colobopsis nipponica	2681987	S	1	0	1	0.0000150125
Candidatus Blochmannia pennsylvanicus	101534	S	1	0	1	0.0000150125
Candidatus Blochmannia chromaiodes	251542	S	1	0	1	0.0000150125
secondary endosymbiont of Ctenarytaina eucalypti	1199245	S	1	0	1	0.0000150125
Enterobacteriaceae endosymbiont of Donacia vulgaris	2675789	S	1	0	1	0.0000150125
Enterobacteriaceae endosymbiont of Donacia tomentosa	2675787	S	1	0	1	0.0000150125
Enterobacteriaceae endosymbiont of Donacia marginata	2675779	S	1	0	1	0.0000150125
Enterobacteriaceae endosymbiont of Donacia cinerea	2675774	S	1	0	1	0.0000150125
Leclercia sp. W6	2282310	S	1	0	1	0.0000150125
Leclercia sp. J807	2681307	S	1	0	1	0.0000150125
Leclercia sp. 29361	2714951	S	1	0	1	0.0000150125
Leclercia sp. 4-9-1-25	2815358	S	1	0	1	0.0000150125
Raoultella planticola	575	S	1	0	1	0.0000150125
Kosakonia sp. SMBL-WEM22	2725560	S	1	0	1	0.0000150125
Kosakonia cowanii	208223	S	1	0	1	0.0000150125
Kosakonia oryzae	497725	S	1	0	1	0.0000150125
Salmonella bongori	54736	S	1	0	1	0.0000150125
Cronobacter universalis	535744	S	1	0	1	0.0000150125
Cronobacter condimenti	1163710	S	1	0	1	0.0000150125
Cedecea lapagei	158823	S	1	0	1	0.0000150125
Phytobacter ursingii	1972431	S	1	0	1	0.0000150125
Scandinavium goeteborgense	1851514	S	1	0	1	0.0000150125
Serratia sp. 3ACOL1	2448483	S	1	0	1	0.0000150125
Serratia sp. FDAARGOS_506	2420306	S	1	0	1	0.0000150125
Yersinia hibernica	2339259	S	1	0	1	0.0000150125
Rahnella aceris	2703885	S	1	0	1	0.0000150125
Candidatus Fukatsuia symbiotica	1878942	S	1	0	1	0.0000150125
Pantoea sp. MSR2	2052056	S	1	0	1	0.0000150125
Pantoea sp. CCBC3-3-1	2490851	S	1	0	1	0.0000150125
Pantoea eucalypti	470933	S	1	0	1	0.0000150125
Pantoea rwandensis	1076550	S	1	0	1	0.0000150125
Pantoea alhagi	1891675	S	1	0	1	0.0000150125
Erwinia sp. Ejp617	215689	S	1	0	1	0.0000150125
Erwinia amylovora	552	S	1	0	1	0.0000150125
Mixta calida	665913	S	1	0	1	0.0000150125
Tatumella ptyseos	82987	S	1	0	1	0.0000150125
Proteus hauseri	183417	S	1	0	1	0.0000150125
Xenorhabdus budapestensis	290110	S	1	0	1	0.0000150125
Xenorhabdus doucetiae	351671	S	1	0	1	0.0000150125
Arsenophonus nasoniae	638	S	1	0	1	0.0000150125
Dickeya poaceiphila	568768	S	1	0	1	0.0000150125
Pectobacterium carotovorum	554	S	1	0	1	0.0000150125
Brenneria rubrifaciens	55213	S	1	0	1	0.0000150125
Hafnia paralvei	546367	S	1	0	1	0.0000150125
Leminorella richardii	158841	S	1	0	1	0.0000150125
Sodalis endosymbiont of Henestaris halophilus	1929246	S	1	0	1	0.0000150125
Stenotrophomonas sp. ZAC14D2_NAIMI4_7	2072405	S	1	0	1	0.0000150125
Stenotrophomonas sp. ZAC14A_NAIMI4_1	2072412	S	1	0	1	0.0000150125
Stenotrophomonas sp. ESTM1D_MKCIP4_1	2072414	S	1	0	1	0.0000150125
Stenotrophomonas sp. WZN-1	2005046	S	1	0	1	0.0000150125
Stenotrophomonas sp. Pemsol	2040586	S	1	0	1	0.0000150125
Xanthomonas sp. GW	2724121	S	1	0	1	0.0000150125
Xanthomonas sp. SI	2724123	S	1	0	1	0.0000150125
Thermomonas sp. HDW16	2714945	S	1	0	1	0.0000150125
Luteimonas granuli	1176533	S	1	0	1	0.0000150125
Luteibacter rhizovicinus	242606	S	1	0	1	0.0000150125
Marinobacter psychrophilus	330734	S	1	0	1	0.0000150125
Paraglaciecola mesophila	197222	S	1	0	1	0.0000150125
Salinimonas sediminis	2303538	S	1	0	1	0.0000150125
Agarivorans gilvus	680279	S	1	0	1	0.0000150125
Saliniradius amylolyticus	2183582	S	1	0	1	0.0000150125
Shewanella sp. FJAT-52962	2814293	S	1	0	1	0.0000150125
Shewanella sp. Pdp11	2059264	S	1	0	1	0.0000150125
Shewanella polaris	2588449	S	1	0	1	0.0000150125
Shewanella psychrophila	225848	S	1	0	1	0.0000150125
Shewanella violacea	60217	S	1	0	1	0.0000150125
Shewanella japonica	93973	S	1	0	1	0.0000150125
Shewanella pealeana	70864	S	1	0	1	0.0000150125
Shewanella oneidensis	70863	S	1	0	1	0.0000150125
Pseudoalteromonas sp. A25	116092	S	1	0	1	0.0000150125
Pseudoalteromonas sp. SM1988	2744479	S	1	0	1	0.0000150125
Pseudoalteromonas sp. DL-6	1390185	S	1	0	1	0.0000150125
Pseudoalteromonas prydzensis	182141	S	1	0	1	0.0000150125
Pseudoalteromonas ulvae	107327	S	1	0	1	0.0000150125
Pseudoalteromonas xiamenensis	882626	S	1	0	1	0.0000150125
Psychrosphaera aestuarii	1266052	S	1	0	1	0.0000150125
Colwellia sp. Arc7-635	2497879	S	1	0	1	0.0000150125
Ferrimonas lipolytica	2724191	S	1	0	1	0.0000150125
Halomonas sp. hl-4	1761789	S	1	0	1	0.0000150125
Halomonas sp. KO116	1504981	S	1	0	1	0.0000150125
Halomonas venusta	44935	S	1	0	1	0.0000150125
Candidatus Carsonella ruddii	114186	S	1	0	1	0.0000150125
Candidatus Carsonella ruddii (Diaphorina cf. continua)	2661587	S	1	0	1	0.0000150125
Salinicola tamaricis	1771309	S	1	0	1	0.0000150125
Pistricoccus aurantiacus	1883414	S	1	0	1	0.0000150125
Marinomonas mediterranea	119864	S	1	0	1	0.0000150125
Marinomonas arctica	383750	S	1	0	1	0.0000150125
Marinomonas algicola	2773454	S	1	0	1	0.0000150125
Alcanivorax xenomutans	1094342	S	1	0	1	0.0000150125
Ketobacter alkanivorans	1917421	S	1	0	1	0.0000150125
Reinekea forsetii	1336806	S	1	0	1	0.0000150125
Kangiella geojedonensis	914150	S	1	0	1	0.0000150125
Litoricola lipolytica	418701	S	1	0	1	0.0000150125
Vibrio azureus	512649	S	1	0	1	0.0000150125
Vibrio owensii	696485	S	1	0	1	0.0000150125
Vibrio sp. 23023	452803	S	1	0	1	0.0000150125
Vibrio casei	673372	S	1	0	1	0.0000150125
Vibrio metoecus	1481663	S	1	0	1	0.0000150125
Vibrio zhugei	2479546	S	1	0	1	0.0000150125
Vibrio breoganii	553239	S	1	0	1	0.0000150125
Vibrio scophthalmi	45658	S	1	0	1	0.0000150125
Vibrio nigripulchritudo	28173	S	1	0	1	0.0000150125
Vibrio gazogenes	687	S	1	0	1	0.0000150125
Photobacterium gaetbulicola	1295392	S	1	0	1	0.0000150125
Candidatus Enterovibrio luxaltus	1927128	S	1	0	1	0.0000150125
Rheinheimera sp. D18	2545632	S	1	0	1	0.0000150125
Allochromatium vinosum	1049	S	1	0	1	0.0000150125
Caldichromatium japonicum	2699430	S	1	0	1	0.0000150125
Spiribacter salinus	1335746	S	1	0	1	0.0000150125
Spiribacter curvatus	1335757	S	1	0	1	0.0000150125
Spiribacter sp. 2438	2666185	S	1	0	1	0.0000150125
Halothiobacillus neapolitanus	927	S	1	0	1	0.0000150125
Aeromonas schubertii	652	S	1	0	1	0.0000150125
Aeromonas allosaccharophila	656	S	1	0	1	0.0000150125
Aeromonas dhakensis	196024	S	1	0	1	0.0000150125
Aeromonas simiae	218936	S	1	0	1	0.0000150125
Oceanisphaera avium	1903694	S	1	0	1	0.0000150125
Thiomicrorhabdus aquaedulcis	2211106	S	1	0	1	0.0000150125
Thiomicrorhabdus sediminis	2580412	S	1	0	1	0.0000150125
Thiomicrospira cyclica	147268	S	1	0	1	0.0000150125
Francisella sp. Scap27	2589986	S	1	0	1	0.0000150125
Francisella orientalis	299583	S	1	0	1	0.0000150125
Francisella uliginis	573570	S	1	0	1	0.0000150125
Francisella noatunensis	657445	S	1	0	1	0.0000150125
Francisella adeliensis	2007306	S	1	0	1	0.0000150125
Allofrancisella frigidaquae	1085644	S	1	0	1	0.0000150125
Simiduia agarivorans	447471	S	1	0	1	0.0000150125
Microbulbifer sp. GL-2	2591606	S	1	0	1	0.0000150125
Pasteurella skyensis	97481	S	1	0	1	0.0000150125
Haemophilus aegyptius	197575	S	1	0	1	0.0000150125
Actinobacillus suis	716	S	1	0	1	0.0000150125
Actinobacillus equuli	718	S	1	0	1	0.0000150125
Actinobacillus indolicus	51049	S	1	0	1	0.0000150125
Actinobacillus succinogenes	67854	S	1	0	1	0.0000150125
Mannheimia granulomatis	85402	S	1	0	1	0.0000150125
Aggregatibacter actinomycetemcomitans	714	S	1	0	1	0.0000150125
Gallibacterium anatis	750	S	1	0	1	0.0000150125
Otariodibacter oris	1032623	S	1	0	1	0.0000150125
Glaesserella parasuis	738	S	1	0	1	0.0000150125
Legionella geestiana	45065	S	1	0	1	0.0000150125
Legionella hackeliae	449	S	1	0	1	0.0000150125
Coxiella endosymbiont of Amblyomma sculptum	2487929	S	1	0	1	0.0000150125
Aquicella siphonis	254247	S	1	0	1	0.0000150125
Candidatus Ruthia magnifica	386487	S	1	0	1	0.0000150125
endosymbiont of Pachyrhynchus infernalis	1971488	S	1	0	1	0.0000150125
Thiolapillus brandeum	1076588	S	1	0	1	0.0000150125
Acidiferrobacter sp. SPIII_3	1281578	S	1	0	1	0.0000150125
Orbus sp. IPMB12	1635327	S	1	0	1	0.0000150125
endosymbiont of Euscepes postfasciatus	650377	S	1	0	1	0.0000150125
Rhizobium sp. NLR16a	2731112	S	1	0	1	0.0000150125
Rhizobium daejeonense	240521	S	1	0	1	0.0000150125
Agrobacterium sp. CGMCC 11546	2579248	S	1	0	1	0.0000150125
Sinorhizobium medicae	110321	S	1	0	1	0.0000150125
Sinorhizobium americanum	194963	S	1	0	1	0.0000150125
Candidatus Liberibacter africanus	34020	S	1	0	1	0.0000150125
Liberibacter crescens	1273132	S	1	0	1	0.0000150125
Mesorhizobium terrae	2725666	S	1	0	1	0.0000150125
Phyllobacterium sp. 628	2718938	S	1	0	1	0.0000150125
Salaquimonas pukyongi	2712698	S	1	0	1	0.0000150125
Devosia sp. D6-9	2664417	S	1	0	1	0.0000150125
Bartonella birtlesii	111504	S	1	0	1	0.0000150125
Bartonella bovis	155194	S	1	0	1	0.0000150125
Bartonella henselae	38323	S	1	0	1	0.0000150125
Brucella sp. 09RB8910	1844051	S	1	0	1	0.0000150125
Sphingomonas sp. JE1	1628059	S	1	0	1	0.0000150125
Sphingomonas sp. HDW15B	2714943	S	1	0	1	0.0000150125
Sphingomonas daechungensis	1176646	S	1	0	1	0.0000150125
Erythrobacter sp. 6D36	2782568	S	1	0	1	0.0000150125
Erythrobacter sp. A30-3	2785907	S	1	0	1	0.0000150125
Sulfitobacter sp. BSw21498	664426	S	1	0	1	0.0000150125
Sulfitobacter sp. SK025	1389011	S	1	0	1	0.0000150125
Octadecabacter temperatus	1458307	S	1	0	1	0.0000150125
Ruegeria sp. PR1b	185588	S	1	0	1	0.0000150125
Maribius sp. THAF1	2587842	S	1	0	1	0.0000150125
Marivivens sp. JLT3646	1920883	S	1	0	1	0.0000150125
Thalassospira indica	1891279	S	1	0	1	0.0000150125
Acetobacter tropicalis	104102	S	1	0	1	0.0000150125
Acetobacter orientalis	146474	S	1	0	1	0.0000150125
Acetobacter senegalensis	446692	S	1	0	1	0.0000150125
Komagataeibacter europaeus	33995	S	1	0	1	0.0000150125
Gluconobacter sphaericus	574987	S	1	0	1	0.0000150125
Neokomagataea tanensis	661191	S	1	0	1	0.0000150125
Oecophyllibacter saccharovorans	2558360	S	1	0	1	0.0000150125
Asaia bogorensis	91915	S	1	0	1	0.0000150125
Rickettsia australis	787	S	1	0	1	0.0000150125
Rickettsia typhi	785	S	1	0	1	0.0000150125
Rickettsia bellii	33990	S	1	0	1	0.0000150125
Rickettsia endosymbiont of Bemisia tabaci	337479	S	1	0	1	0.0000150125
Wolbachia endosymbiont of Ctenocephalides felis wCfeT	2732593	S	1	0	1	0.0000150125
Anaplasma platys	949	S	1	0	1	0.0000150125
Anaplasma ovis	142058	S	1	0	1	0.0000150125
Neorickettsia risticii	950	S	1	0	1	0.0000150125
Neorickettsia helminthoeca	33994	S	1	0	1	0.0000150125
Candidatus Pelagibacter sp. RS39	1977864	S	1	0	1	0.0000150125
Candidatus Nesciobacter abundans	2601668	S	1	0	1	0.0000150125
Parvularcula bermudensis	208216	S	1	0	1	0.0000150125
Arcobacter sp. FWKO B	2593672	S	1	0	1	0.0000150125
Malaciobacter halophilus	197482	S	1	0	1	0.0000150125
Campylobacter sp. RM6137	1660073	S	1	0	1	0.0000150125
Campylobacter avium	522485	S	1	0	1	0.0000150125
Campylobacter volucris	1031542	S	1	0	1	0.0000150125
Campylobacter canadensis	449520	S	1	0	1	0.0000150125
Campylobacter gracilis	824	S	1	0	1	0.0000150125
Campylobacter curvus	200	S	1	0	1	0.0000150125
Campylobacter ornithocola	1848766	S	1	0	1	0.0000150125
Campylobacter hominis	76517	S	1	0	1	0.0000150125
Campylobacter rectus	203	S	1	0	1	0.0000150125
Helicobacter cinaedi	213	S	1	0	1	0.0000150125
Helicobacter winghamensis	157268	S	1	0	1	0.0000150125
Helicobacter hepaticus	32025	S	1	0	1	0.0000150125
Helicobacter cetorum	138563	S	1	0	1	0.0000150125
Helicobacter bilis	37372	S	1	0	1	0.0000150125
Wolinella succinogenes	844	S	1	0	1	0.0000150125
Sulfurimonas sp. GYSZ_1	2590022	S	1	0	1	0.0000150125
Sulfurimonas sp. H1576	2672570	S	1	0	1	0.0000150125
Sulfurimonas autotrophica	202747	S	1	0	1	0.0000150125
Sulfurovum indicum	2779528	S	1	0	1	0.0000150125
Hydrogenimonas urashimensis	2740515	S	1	0	1	0.0000150125
Cetia pacifica	1424653	S	1	0	1	0.0000150125
Desulfovibrio fairfieldensis	44742	S	1	0	1	0.0000150125
Pseudodesulfovibrio profundus	57320	S	1	0	1	0.0000150125
Maridesulfovibrio salexigens	880	S	1	0	1	0.0000150125
Maridesulfovibrio hydrothermalis	191026	S	1	0	1	0.0000150125
Desulfomicrobium orale	132132	S	1	0	1	0.0000150125
Syntrophotalea acetylenivorans	1842532	S	1	0	1	0.0000150125
Desulfosarcina alkanivorans	571177	S	1	0	1	0.0000150125
Desulfobacterium autotrophicum	2296	S	1	0	1	0.0000150125
Desulfatibacillum aliphaticivorans	218208	S	1	0	1	0.0000150125
Desulfobulbus oligotrophicus	1909699	S	1	0	1	0.0000150125
Desulfocapsa sulfexigens	65555	S	1	0	1	0.0000150125
Desulfobacca acetoxidans	60893	S	1	0	1	0.0000150125
Desulfoglaeba alkanexedens	361111	S	1	0	1	0.0000150125
Mariprofundus aestuarium	1921086	S	1	0	1	0.0000150125
Leucobacter muris	1935379	S	1	0	1	0.0000150125
Leucobacter insecticola	2714934	S	1	0	1	0.0000150125
Kocuria turfanensis	388357	S	1	0	1	0.0000150125
Kocuria indica	1049583	S	1	0	1	0.0000150125
Arthrobacter sp. PAMC 25486	1494608	S	1	0	1	0.0000150125
Arthrobacter sp. PGP41	2079227	S	1	0	1	0.0000150125
Rothia nasimurium	85336	S	1	0	1	0.0000150125
Pseudarthrobacter sp. NIBRBAC000502771	2590774	S	1	0	1	0.0000150125
Pseudarthrobacter sp. NIBRBAC000502770	2590785	S	1	0	1	0.0000150125
Pseudarthrobacter sp. NBSH8	2596911	S	1	0	1	0.0000150125
Pseudarthrobacter sulfonivorans	121292	S	1	0	1	0.0000150125
Pseudarthrobacter phenanthrenivorans	361575	S	1	0	1	0.0000150125
Paraoerskovia marina	545619	S	1	0	1	0.0000150125
Intrasporangium calvum	53358	S	1	0	1	0.0000150125
Pedococcus dokdonensis	443156	S	1	0	1	0.0000150125
Brevibacterium sp. YB235	1496080	S	1	0	1	0.0000150125
Brevibacterium oceani	358099	S	1	0	1	0.0000150125
Brevibacterium sandarakinum	629680	S	1	0	1	0.0000150125
Cellulosimicrobium sp. JZ28	1906273	S	1	0	1	0.0000150125
Isoptericola variabilis	139208	S	1	0	1	0.0000150125
Xylanimonas cellulosilytica	186189	S	1	0	1	0.0000150125
Mobilicoccus sp. NJES-13	2716227	S	1	0	1	0.0000150125
Streptomyces sp. XC 2026	2782004	S	1	0	1	0.0000150125
Streptomyces sp. FR1	349971	S	1	0	1	0.0000150125
Streptomyces sp. HSG2	2797167	S	1	0	1	0.0000150125
Streptomyces sp. TN58	234612	S	1	0	1	0.0000150125
Streptomyces sp. Mg1	465541	S	1	0	1	0.0000150125
Streptomyces sp. MOE7	1961713	S	1	0	1	0.0000150125
Streptomyces sp. CB04723	2748873	S	1	0	1	0.0000150125
Streptomyces sp. M56	1495638	S	1	0	1	0.0000150125
Streptomyces sp. VN1	1821625	S	1	0	1	0.0000150125
Streptomyces sp. SAT1	1849967	S	1	0	1	0.0000150125
Streptomyces sp. QMT-12	2717324	S	1	0	1	0.0000150125
Streptomyces olivaceus	47716	S	1	0	1	0.0000150125
Streptomyces antimycoticus	68175	S	1	0	1	0.0000150125
Streptomyces pactum	68249	S	1	0	1	0.0000150125
Streptomyces noursei	1971	S	1	0	1	0.0000150125
Streptomyces murinus	33900	S	1	0	1	0.0000150125
Streptomyces alfalfae	1642299	S	1	0	1	0.0000150125
Mycolicibacterium fortuitum	1766	S	1	0	1	0.0000150125
Mycobacterium shigaense	722731	S	1	0	1	0.0000150125
Mycobacterium leprae	1769	S	1	0	1	0.0000150125
Mycobacterium noviomagense	459858	S	1	0	1	0.0000150125
Mycobacterium shinjukuense	398694	S	1	0	1	0.0000150125
Mycobacterium heckeshornense	110505	S	1	0	1	0.0000150125
Mycobacterium xenopi	1789	S	1	0	1	0.0000150125
Rhodococcus sp. ABRD24	2507582	S	1	0	1	0.0000150125
Rhodococcus sp. WAY2	2663121	S	1	0	1	0.0000150125
Rhodococcus sp. PBTS 2	1653479	S	1	0	1	0.0000150125
Rhodococcus sp. WMMA185	679318	S	1	0	1	0.0000150125
Corynebacterium sp. zg-917	2763010	S	1	0	1	0.0000150125
Corynebacterium sp. MC1420	2709392	S	1	0	1	0.0000150125
Corynebacterium sp. Marseille-Q3630	2754725	S	1	0	1	0.0000150125
Corynebacterium riegelii	156976	S	1	0	1	0.0000150125
Corynebacterium diphtheriae	1717	S	1	0	1	0.0000150125
Corynebacterium choanis	1862358	S	1	0	1	0.0000150125
Corynebacterium deserti	1408191	S	1	0	1	0.0000150125
Corynebacterium glyciniphilum	1404244	S	1	0	1	0.0000150125
Corynebacterium lactis	1231000	S	1	0	1	0.0000150125
Corynebacterium frankenforstense	1230998	S	1	0	1	0.0000150125
Corynebacterium cystitidis	35757	S	1	0	1	0.0000150125
Corynebacterium macginleyi	38290	S	1	0	1	0.0000150125
Corynebacterium uterequi	1072256	S	1	0	1	0.0000150125
Corynebacterium epidermidicanis	1050174	S	1	0	1	0.0000150125
Corynebacterium nuruki	1032851	S	1	0	1	0.0000150125
Corynebacterium mycetoides	38302	S	1	0	1	0.0000150125
Corynebacterium vitaeruminis	38305	S	1	0	1	0.0000150125
Corynebacterium urealyticum	43771	S	1	0	1	0.0000150125
Corynebacterium ulcerans	65058	S	1	0	1	0.0000150125
Corynebacterium aquilae	203263	S	1	0	1	0.0000150125
Corynebacterium sanguinis	2594913	S	1	0	1	0.0000150125
Corynebacterium testudinoris	136857	S	1	0	1	0.0000150125
Corynebacterium simulans	146827	S	1	0	1	0.0000150125
Corynebacterium aurimucosum	169292	S	1	0	1	0.0000150125
Corynebacterium imitans	156978	S	1	0	1	0.0000150125
Gordonia sp. KTR9	337191	S	1	0	1	0.0000150125
Gordonia sp. YC-JH1	2059875	S	1	0	1	0.0000150125
Gordonia sp. JH63	2698900	S	1	0	1	0.0000150125
Propionibacterium australiense	119981	S	1	0	1	0.0000150125
Acidipropionibacterium virtanenii	2057246	S	1	0	1	0.0000150125
Nocardioides sp. dk884	2662361	S	1	0	1	0.0000150125
Micromonospora viridifaciens	1881	S	1	0	1	0.0000150125
Bifidobacterium bifidum	1681	S	1	0	1	0.0000150125
Bifidobacterium actinocoloniiforme	638619	S	1	0	1	0.0000150125
Bifidobacterium animalis	28025	S	1	0	1	0.0000150125
Bifidobacterium pseudolongum	1694	S	1	0	1	0.0000150125
Bifidobacterium indicum	1691	S	1	0	1	0.0000150125
Bifidobacterium dentium	1689	S	1	0	1	0.0000150125
Bifidobacterium coryneforme	1687	S	1	0	1	0.0000150125
Bifidobacterium asteroides	1684	S	1	0	1	0.0000150125
Actinomyces sp. Z16	2079536	S	1	0	1	0.0000150125
Actinomyces sp. ZJ34	2722820	S	1	0	1	0.0000150125
Actinomyces naeslundii	1655	S	1	0	1	0.0000150125
Actinomyces weissii	675090	S	1	0	1	0.0000150125
Actinomyces pacaensis	1852377	S	1	0	1	0.0000150125
Actinomyces lilanjuaniae	2321394	S	1	0	1	0.0000150125
Actinomyces marmotae	2737173	S	1	0	1	0.0000150125
Schaalia sp. ZJ405	2709403	S	1	0	1	0.0000150125
Schaalia meyeri	52773	S	1	0	1	0.0000150125
Flaviflexus sp. H23T48	2496867	S	1	0	1	0.0000150125
Flaviflexus salsibiostraticola	1282737	S	1	0	1	0.0000150125
Arcanobacterium sp. JY-X040	2758440	S	1	0	1	0.0000150125
Arcanobacterium phocae	131112	S	1	0	1	0.0000150125
Trueperella pyogenes	1661	S	1	0	1	0.0000150125
Actinotignum schaalii	59505	S	1	0	1	0.0000150125
Winkia sp. C64	2692125	S	1	0	1	0.0000150125
Parolsenella catena	2003188	S	1	0	1	0.0000150125
Eggerthella sp. YY7918	502558	S	1	0	1	0.0000150125
Phoenicibacter congonensis	1944646	S	1	0	1	0.0000150125
Rubrobacter indicoceani	2051957	S	1	0	1	0.0000150125
Bacillus sp. V3	2795526	S	1	0	1	0.0000150125
Bacillus sp. FJAT-42376	2014076	S	1	0	1	0.0000150125
Bacillus sp. ms-22	2683680	S	1	0	1	0.0000150125
Bacillus sp. BD59S	2499213	S	1	0	1	0.0000150125
Bacillus sp. PAMC26543	2762329	S	1	0	1	0.0000150125
Bacillus sp. PAMC26568	2760090	S	1	0	1	0.0000150125
Bacillus sp. SB49	1071080	S	1	0	1	0.0000150125
Bacillus siamensis	659243	S	1	0	1	0.0000150125
Bacillus halotolerans	260554	S	1	0	1	0.0000150125
Bacillus atrophaeus	1452	S	1	0	1	0.0000150125
Bacillus vallismortis	72361	S	1	0	1	0.0000150125
Bacillus beveridgei	632773	S	1	0	1	0.0000150125
Bacillus sporothermodurans	46224	S	1	0	1	0.0000150125
Bacillus haynesii	1925021	S	1	0	1	0.0000150125
Bacillus cellulosilyticus	1413	S	1	0	1	0.0000150125
Bacillus glycinifermentans	1664069	S	1	0	1	0.0000150125
Lysinibacillus sp. FJAT-51161	2590012	S	1	0	1	0.0000150125
Geobacillus sp. 46C-IIa	1963025	S	1	0	1	0.0000150125
Geobacillus thermocatenulatus	33938	S	1	0	1	0.0000150125
Geobacillus genomosp. 3	1921421	S	1	0	1	0.0000150125
Virgibacillus sp. SK37	403957	S	1	0	1	0.0000150125
Virgibacillus sp. Bac332	2419842	S	1	0	1	0.0000150125
Virgibacillus sp. MSP4-1	2700081	S	1	0	1	0.0000150125
Virgibacillus dokdonensis	302167	S	1	0	1	0.0000150125
Virgibacillus phasianinus	2017483	S	1	0	1	0.0000150125
Metabacillus sp. cB07	2806989	S	1	0	1	0.0000150125
Pontibacillus sp. HMF3514	2692425	S	1	0	1	0.0000150125
Halobacillus halophilus	1570	S	1	0	1	0.0000150125
Halobacillus litoralis	45668	S	1	0	1	0.0000150125
Anaerobacillus isosaccharinicus	1532552	S	1	0	1	0.0000150125
Paraliobacillus zengyii	2213194	S	1	0	1	0.0000150125
Cytobacillus oceanisediminis	665099	S	1	0	1	0.0000150125
Terribacillus goriensis	386490	S	1	0	1	0.0000150125
Psychrobacillus glaciei	2283160	S	1	0	1	0.0000150125
Staphylococcus sp. AntiMn-1	1715860	S	1	0	1	0.0000150125
Staphylococcus cohnii	29382	S	1	0	1	0.0000150125
Staphylococcus kloosii	29384	S	1	0	1	0.0000150125
Staphylococcus muscae	1294	S	1	0	1	0.0000150125
Staphylococcus auricularis	29379	S	1	0	1	0.0000150125
Staphylococcus lutrae	155085	S	1	0	1	0.0000150125
Staphylococcus saccharolyticus	33028	S	1	0	1	0.0000150125
Staphylococcus condimenti	70255	S	1	0	1	0.0000150125
Mammaliicoccus stepanovicii	643214	S	1	0	1	0.0000150125
Macrococcus caseolyticus	69966	S	1	0	1	0.0000150125
Paenibacillus sp. JNUCC-32	2777984	S	1	0	1	0.0000150125
Paenibacillus sp. Y412MC10	481743	S	1	0	1	0.0000150125
Paenibacillus sp. E222	2748863	S	1	0	1	0.0000150125
Paenibacillus sp. FSL R7-0331	1536773	S	1	0	1	0.0000150125
Paenibacillus sp. URB8-2	2741301	S	1	0	1	0.0000150125
Paenibacillus odorifer	189426	S	1	0	1	0.0000150125
Paenibacillus psychroresistens	1778678	S	1	0	1	0.0000150125
Paenibacillus physcomitrellae	1619311	S	1	0	1	0.0000150125
Paenibacillus brasilensis	128574	S	1	0	1	0.0000150125
Paenibacillus terrae	159743	S	1	0	1	0.0000150125
Paenibacillus antarcticus	253703	S	1	0	1	0.0000150125
Paenibacillus xylanilyticus	248903	S	1	0	1	0.0000150125
Paenibacillus barcinonensis	198119	S	1	0	1	0.0000150125
Brevibacillus sp. FJAT-54423	2796470	S	1	0	1	0.0000150125
Brevibacillus choshinensis	54911	S	1	0	1	0.0000150125
Cohnella sp. MFER-1	2728023	S	1	0	1	0.0000150125
Cohnella candidum	2674991	S	1	0	1	0.0000150125
Sporosarcina pasteurii	1474	S	1	0	1	0.0000150125
Sporosarcina ureilytica	298596	S	1	0	1	0.0000150125
Planococcus sp. MB-3u-03	2058136	S	1	0	1	0.0000150125
Planococcus kocurii	1374	S	1	0	1	0.0000150125
Planococcus maritimus	192421	S	1	0	1	0.0000150125
Planococcus versutus	1302659	S	1	0	1	0.0000150125
Ureibacillus thermophilus	367743	S	1	0	1	0.0000150125
Gemella sanguinis	84135	S	1	0	1	0.0000150125
Exiguobacterium sibiricum	332410	S	1	0	1	0.0000150125
Exiguobacterium mexicanum	340146	S	1	0	1	0.0000150125
Listeria grayi	1641	S	1	0	1	0.0000150125
Kroppenstedtia eburnea	714067	S	1	0	1	0.0000150125
Kroppenstedtia pulmonis	1380685	S	1	0	1	0.0000150125
Lacticaseibacillus casei	1582	S	1	0	1	0.0000150125
Lactobacillus johnsonii	33959	S	1	0	1	0.0000150125
Lactobacillus amylolyticus	83683	S	1	0	1	0.0000150125
Lactobacillus acetotolerans	1600	S	1	0	1	0.0000150125
Lactobacillus ultunensis	227945	S	1	0	1	0.0000150125
Lactobacillus apis	303541	S	1	0	1	0.0000150125
Weissella paramesenteroides	1249	S	1	0	1	0.0000150125
Weissella confusa	1583	S	1	0	1	0.0000150125
Weissella viridescens	1629	S	1	0	1	0.0000150125
Weissella hellenica	46256	S	1	0	1	0.0000150125
Weissella ceti	759620	S	1	0	1	0.0000150125
Weissella cryptocerci	2506420	S	1	0	1	0.0000150125
Leuconostoc carnosum	1252	S	1	0	1	0.0000150125
Leuconostoc suionicum	1511761	S	1	0	1	0.0000150125
Companilactobacillus farciminis	1612	S	1	0	1	0.0000150125
Companilactobacillus crustorum	392416	S	1	0	1	0.0000150125
Ligilactobacillus agilis	1601	S	1	0	1	0.0000150125
Lentilactobacillus curieae	1138822	S	1	0	1	0.0000150125
Latilactobacillus graminis	60519	S	1	0	1	0.0000150125
Levilactobacillus zymae	267363	S	1	0	1	0.0000150125
Oenococcus kitaharae	336988	S	1	0	1	0.0000150125
Apilactobacillus kunkeei	148814	S	1	0	1	0.0000150125
Liquorilactobacillus mali	1618	S	1	0	1	0.0000150125
Liquorilactobacillus nagelii	82688	S	1	0	1	0.0000150125
Liquorilactobacillus hordei	468911	S	1	0	1	0.0000150125
Paucilactobacillus nenjiangensis	1296540	S	1	0	1	0.0000150125
Secundilactobacillus malefermentans	176292	S	1	0	1	0.0000150125
Streptococcus sp. KS 6	2598457	S	1	0	1	0.0000150125
Streptococcus sp. NPS 308	1902136	S	1	0	1	0.0000150125
Streptococcus anginosus	1328	S	1	0	1	0.0000150125
Streptococcus marmotae	1825069	S	1	0	1	0.0000150125
Streptococcus sobrinus	1310	S	1	0	1	0.0000150125
Streptococcus merionis	400065	S	1	0	1	0.0000150125
Streptococcus pseudoporcinus	361101	S	1	0	1	0.0000150125
Streptococcus pseudopneumoniae	257758	S	1	0	1	0.0000150125
Lactococcus taiwanensis	1151742	S	1	0	1	0.0000150125
Lactococcus sp. KACC 19320	2592653	S	1	0	1	0.0000150125
Enterococcus avium	33945	S	1	0	1	0.0000150125
Enterococcus wangshanyuanii	2005703	S	1	0	1	0.0000150125
Tetragenococcus koreensis	290335	S	1	0	1	0.0000150125
Carnobacterium sp. CS13	2800128	S	1	0	1	0.0000150125
Aerococcus urinae	1376	S	1	0	1	0.0000150125
Aerococcus christensenii	87541	S	1	0	1	0.0000150125
Aerococcus urinaehominis	128944	S	1	0	1	0.0000150125
Anaerostipes rhamnosivorans	1229621	S	1	0	1	0.0000150125
Butyrivibrio hungatei	185008	S	1	0	1	0.0000150125
Clostridium sp. MF28	1702238	S	1	0	1	0.0000150125
Clostridium sp. JN-1	2483110	S	1	0	1	0.0000150125
Clostridium chauvoei	46867	S	1	0	1	0.0000150125
Caloranaerobacter azorensis	116090	S	1	0	1	0.0000150125
Hathewaya histolytica	1498	S	1	0	1	0.0000150125
Fastidiosipila sanguinis	236753	S	1	0	1	0.0000150125
Mageeibacillus indolicus	884684	S	1	0	1	0.0000150125
Filifactor alocis	143361	S	1	0	1	0.0000150125
Syntrophobotulus glycolicus	51197	S	1	0	1	0.0000150125
Dehalobacterium formicoaceticum	51515	S	1	0	1	0.0000150125
Alkalibacter sp. ES005	2815577	S	1	0	1	0.0000150125
Syntrophothermus lipocalidus	86170	S	1	0	1	0.0000150125
Candidatus Syntrophocurvum alkaliphilum	2293317	S	1	0	1	0.0000150125
Caldicellulosiruptor bescii	31899	S	1	0	1	0.0000150125
Caldicellulosiruptor saccharolyticus	44001	S	1	0	1	0.0000150125
Caldicellulosiruptor hydrothermalis	413888	S	1	0	1	0.0000150125
Caldicellulosiruptor sp. YA01	2806205	S	1	0	1	0.0000150125
Thermoanaerobacter mathranii	583357	S	1	0	1	0.0000150125
Thermacetogenium phaeum	85874	S	1	0	1	0.0000150125
Thermanaeromonas toyohensis	161154	S	1	0	1	0.0000150125
Thermodesulfobium narugense	184064	S	1	0	1	0.0000150125
Selenomonas sp. Marseille-Q3039	2754044	S	1	0	1	0.0000150125
Selenomonas ruminantium	971	S	1	0	1	0.0000150125
Veillonella atypica	39777	S	1	0	1	0.0000150125
Veillonella nakazawae	2682456	S	1	0	1	0.0000150125
Megasphaera stantonii	2144175	S	1	0	1	0.0000150125
Dialister pneumosintes	39950	S	1	0	1	0.0000150125
Dialister massiliensis	2161821	S	1	0	1	0.0000150125
Erysipelothrix sp. HDW6C	2714930	S	1	0	1	0.0000150125
Anaerococcus vaginalis	33037	S	1	0	1	0.0000150125
Anaerococcus mediterraneensis	1870984	S	1	0	1	0.0000150125
Peptoniphilus ivorii	54006	S	1	0	1	0.0000150125
Murdochiella vaginalis	1852373	S	1	0	1	0.0000150125
Gudongella oleilytica	1582259	S	1	0	1	0.0000150125
Anabaenopsis circularis	109266	S	1	0	1	0.0000150125
Synechococcus sp. CB0101	232348	S	1	0	1	0.0000150125
Synechococcus sp. PROS-U-1	1400866	S	1	0	1	0.0000150125
Synechococcus sp. HK01-R	2751171	S	1	0	1	0.0000150125
Synechococcus sp. WH 8101	59932	S	1	0	1	0.0000150125
Synechococcus sp. CC9311	64471	S	1	0	1	0.0000150125
Synechococcus sp. RSCCF101	2511069	S	1	0	1	0.0000150125
Synechococcus sp. WH 8109	166314	S	1	0	1	0.0000150125
Synechococcus sp. PROS-7-1	1442556	S	1	0	1	0.0000150125
Synechococcus sp. PROS-9-1	1968775	S	1	0	1	0.0000150125
Synechococcus sp. TAK9802	1442558	S	1	0	1	0.0000150125
Synechococcus sp. KORDI-52	585425	S	1	0	1	0.0000150125
Synechococcus sp. PCC 7003	374981	S	1	0	1	0.0000150125
Synechococcus sp. CC9902	316279	S	1	0	1	0.0000150125
Thermosynechococcus sp. NK55a	1394889	S	1	0	1	0.0000150125
Thermosynechococcus sp. CL-1	2583530	S	1	0	1	0.0000150125
Thermosynechococcus sp. TA-1	2813673	S	1	0	1	0.0000150125
Mycoplasma sp. Mirounga ES2806-GEN	754515	S	1	0	1	0.0000150125
Mycoplasma sp. NEAQ87857	2683967	S	1	0	1	0.0000150125
Mycoplasma capricolum	2095	S	1	0	1	0.0000150125
Mycoplasma genitalium	2097	S	1	0	1	0.0000150125
Mycoplasma anseris	92400	S	1	0	1	0.0000150125
Mycoplasma cloacale	92401	S	1	0	1	0.0000150125
Mycoplasma haemocanis	136241	S	1	0	1	0.0000150125
Mycoplasma phocicerebrale	142649	S	1	0	1	0.0000150125
Mycoplasma nasistruthionis	353852	S	1	0	1	0.0000150125
Mycoplasma parvum	984991	S	1	0	1	0.0000150125
Mycoplasma tullyi	1612150	S	1	0	1	0.0000150125
Mycoplasma hyopneumoniae	2099	S	1	0	1	0.0000150125
Mycoplasma pneumoniae	2104	S	1	0	1	0.0000150125
Mycoplasma arthritidis	2111	S	1	0	1	0.0000150125
Mycoplasma canadense	29554	S	1	0	1	0.0000150125
Mycoplasma haemofelis	29501	S	1	0	1	0.0000150125
Mycoplasma iowae	2116	S	1	0	1	0.0000150125
Mycoplasma penetrans	28227	S	1	0	1	0.0000150125
Mycoplasma mobile	2118	S	1	0	1	0.0000150125
Mycoplasma salivarium	2124	S	1	0	1	0.0000150125
Mycoplasma glycophilum	171285	S	1	0	1	0.0000150125
Mycoplasma columbinum	114881	S	1	0	1	0.0000150125
Mycoplasma columbinasale	114880	S	1	0	1	0.0000150125
Mycoplasma gallopavonis	76629	S	1	0	1	0.0000150125
Mycoplasma californicum	2113	S	1	0	1	0.0000150125
Mycoplasma agalactiae	2110	S	1	0	1	0.0000150125
Spiroplasma alleghenense	216931	S	1	0	1	0.0000150125
Spiroplasma culicicola	216935	S	1	0	1	0.0000150125
Spiroplasma clarkii	2139	S	1	0	1	0.0000150125
Spiroplasma apis	2137	S	1	0	1	0.0000150125
Mesoplasma lactucae	138853	S	1	0	1	0.0000150125
Mesoplasma tabanidae	219745	S	1	0	1	0.0000150125
Mesoplasma coleopterae	324078	S	1	0	1	0.0000150125
Entomoplasma freundtii	74700	S	1	0	1	0.0000150125
Candidatus Phytoplasma solani	69896	S	1	0	1	0.0000150125
Candidatus Phytoplasma ziziphi	135727	S	1	0	1	0.0000150125
Candidatus Phytoplasma luffae	35773	S	1	0	1	0.0000150125
Deinococcus proteolyticus	55148	S	1	0	1	0.0000150125
Thermus aquaticus	271	S	1	0	1	0.0000150125
Thermus brockianus	56956	S	1	0	1	0.0000150125
Thermus oshimai	56957	S	1	0	1	0.0000150125
Thermus sp. CCB_US3_UF1	1111069	S	1	0	1	0.0000150125
Meiothermus ruber	277	S	1	0	1	0.0000150125
Capnocytophaga sp. FDAARGOS_737	2545799	S	1	0	1	0.0000150125
Capnocytophaga leadbetteri	327575	S	1	0	1	0.0000150125
Capnocytophaga endodontalis	2708117	S	1	0	1	0.0000150125
Nonlabens marinus	930802	S	1	0	1	0.0000150125
Dokdonia sp. Dokd-P16	2173169	S	1	0	1	0.0000150125
Gillisia sp. Hel1_33_143	1336796	S	1	0	1	0.0000150125
Chryseobacterium sp. StRB126	878220	S	1	0	1	0.0000150125
Blattabacterium sp. (Mastotermes darwiniensis)	39768	S	1	0	1	0.0000150125
Blattabacterium sp. (Blaberus giganteus)	1186051	S	1	0	1	0.0000150125
Blattabacterium clevelandi	164516	S	1	0	1	0.0000150125
Tannerella sp. oral taxon HOT-286	712710	S	1	0	1	0.0000150125
Porphyromonas crevioricanis	393921	S	1	0	1	0.0000150125
Pedobacter sp.	1411316	S	1	0	1	0.0000150125
Anseongella ginsenosidimutans	496056	S	1	0	1	0.0000150125
Hymenobacter sp. NBH84	2596915	S	1	0	1	0.0000150125
Hymenobacter sp. S2-20-2	2761579	S	1	0	1	0.0000150125
Pontibacter pudoricolor	2694930	S	1	0	1	0.0000150125
Pelodictyon luteolum	1100	S	1	0	1	0.0000150125
Prosthecochloris sp. CIB 2401	1868325	S	1	0	1	0.0000150125
Prosthecochloris sp. HL-130-GSB	1974213	S	1	0	1	0.0000150125
Fibrobacter succinogenes	833	S	1	0	1	0.0000150125
Polystyrenella longa	2528007	S	1	0	1	0.0000150125
Sedimentisphaera salicampi	1941349	S	1	0	1	0.0000150125
Limihaloglobus sulfuriphilus	1851148	S	1	0	1	0.0000150125
Methylacidiphilum sp. IT6	2795386	S	1	0	1	0.0000150125
Chlamydia sp. H15-1957-10C	1967782	S	1	0	1	0.0000150125
Chlamydia sp. S15-834C	1967783	S	1	0	1	0.0000150125
Chlamydia trachomatis	813	S	1	0	1	0.0000150125
Chlamydia caviae	83557	S	1	0	1	0.0000150125
Chlamydia gallinacea	1457153	S	1	0	1	0.0000150125
Candidatus Vampirococcus archaeovorus	1930593	S	1	0	1	0.0000150125
Treponema sp. OMZ 804	120683	S	1	0	1	0.0000150125
Treponema sp. OMZ 838	1539298	S	1	0	1	0.0000150125
Treponema phagedenis	162	S	1	0	1	0.0000150125
Treponema socranskii	53419	S	1	0	1	0.0000150125
Treponema caldarium	215591	S	1	0	1	0.0000150125
Treponema putidum	221027	S	1	0	1	0.0000150125
Sphaerochaeta coccoides	273376	S	1	0	1	0.0000150125
Salinispira pacifica	1307761	S	1	0	1	0.0000150125
Borrelia duttonii	40834	S	1	0	1	0.0000150125
Borrelia miyamotoi	47466	S	1	0	1	0.0000150125
Borreliella burgdorferi	139	S	1	0	1	0.0000150125
Borreliella bissettiae	64897	S	1	0	1	0.0000150125
Borreliella mayonii	1674146	S	1	0	1	0.0000150125
Leptospira kmetyi	408139	S	1	0	1	0.0000150125
Leptotrichia buccalis	40542	S	1	0	1	0.0000150125
Leptotrichia hofstadii	157688	S	1	0	1	0.0000150125
Sneathia vaginalis	187101	S	1	0	1	0.0000150125
Terriglobus saanensis	870903	S	1	0	1	0.0000150125
Acidobacterium sp. 4Y35	2763107	S	1	0	1	0.0000150125
Edaphobacter sp. 4G125	2763071	S	1	0	1	0.0000150125
Thermotomaculum hydrothermale	981385	S	1	0	1	0.0000150125
Thermosipho sp. FR-w03	2814656	S	1	0	1	0.0000150125
Fervidobacterium nodosum	2424	S	1	0	1	0.0000150125
Fervidobacterium changbaicum	310769	S	1	0	1	0.0000150125
Thermotoga naphthophila	93930	S	1	0	1	0.0000150125
Pseudothermotoga thermarum	119394	S	1	0	1	0.0000150125
Marinitoga piezophila	149715	S	1	0	1	0.0000150125
Marinitoga sp. 1137	1545835	S	1	0	1	0.0000150125
Petrotoga mobilis	69499	S	1	0	1	0.0000150125
Denitrovibrio acetiphilus	118000	S	1	0	1	0.0000150125
Thermanaerovibrio acidaminovorans	81462	S	1	0	1	0.0000150125
Thermanaerovibrio velox	108007	S	1	0	1	0.0000150125
Cloacibacillus porcorum	1197717	S	1	0	1	0.0000150125
Thermodesulfatator indicus	171695	S	1	0	1	0.0000150125
Caldimicrobium thiodismutans	1653476	S	1	0	1	0.0000150125
Thermosulfuriphilus ammonigenes	1936021	S	1	0	1	0.0000150125
Sulfurihydrogenibium sp. YO3AOP1	436114	S	1	0	1	0.0000150125
Thermovibrio ammonificans	228745	S	1	0	1	0.0000150125
Endomicrobium proavitum	1408281	S	1	0	1	0.0000150125
Desulfurispirillum indicum	936456	S	1	0	1	0.0000150125
Abyssogena phaseoliformis symbiont	596095	S	1	0	1	0.0000150125
Halorubrum lacusprofundi	2247	S	1	0	1	0.0000150125
Halorubrum trapanicum	29284	S	1	0	1	0.0000150125
Halorubrum ezzemoulense	337243	S	1	0	1	0.0000150125
Haloplanus aerogenes	660522	S	1	0	1	0.0000150125
Haloplanus rubicundus	1547898	S	1	0	1	0.0000150125
Haloprofundus sp. MHR1	2572921	S	1	0	1	0.0000150125
Halalkaliarchaeum desulfuricum	2055893	S	1	0	1	0.0000150125
Natronomonas pharaonis	2257	S	1	0	1	0.0000150125
Natronomonas moolapensis	416273	S	1	0	1	0.0000150125
Halorussus sp. RC-68	2505977	S	1	0	1	0.0000150125
Haloterrigena sp. KZCA68	2816475	S	1	0	1	0.0000150125
Haloterrigena longa	370324	S	1	0	1	0.0000150125
Natrinema pallidum	69527	S	1	0	1	0.0000150125
Natronorubrum bangense	61858	S	1	0	1	0.0000150125
Natronobacterium gregoryi	44930	S	1	0	1	0.0000150125
Methanosarcina vacuolata	2215	S	1	0	1	0.0000150125
Methanosarcina lacustris	170861	S	1	0	1	0.0000150125
Methanoculleus bourgensis	83986	S	1	0	1	0.0000150125
Methanoplanus limicola	2315	S	1	0	1	0.0000150125
Methanospirillum hungatei	2203	S	1	0	1	0.0000150125
Methanocella arvoryzae	1175445	S	1	0	1	0.0000150125
Methanobrevibacter olleyae	294671	S	1	0	1	0.0000150125
Methanobacterium congolense	118062	S	1	0	1	0.0000150125
Methanothermus fervidus	2180	S	1	0	1	0.0000150125
Methanocaldococcus infernus	67760	S	1	0	1	0.0000150125
Methanococcus vannielii	2187	S	1	0	1	0.0000150125
Methanothermococcus okinawensis	155863	S	1	0	1	0.0000150125
Thermococcus sibiricus	172049	S	1	0	1	0.0000150125
Thermococcus peptonophilus	53952	S	1	0	1	0.0000150125
Pyrococcus abyssi	29292	S	1	0	1	0.0000150125
Pyrococcus horikoshii	53953	S	1	0	1	0.0000150125
Pyrococcus sp. NA2	342949	S	1	0	1	0.0000150125
Archaeoglobus fulgidus	2234	S	1	0	1	0.0000150125
Archaeoglobus sulfaticallidus	1316941	S	1	0	1	0.0000150125
Geoglobus ahangari	113653	S	1	0	1	0.0000150125
Candidatus Nitrosopumilus sediminis	1229909	S	1	0	1	0.0000150125
Nitrosopumilus cobalaminigenes	1470066	S	1	0	1	0.0000150125
Nitrosopumilus oxyclinae	1959104	S	1	0	1	0.0000150125
Candidatus Nitrosopumilus sp. SW	2508726	S	1	0	1	0.0000150125
Candidatus Nitrosotenuis sp. DW1	2259672	S	1	0	1	0.0000150125
Acidianus manzaensis	282676	S	1	0	1	0.0000150125
Acidianus sulfidivorans	312539	S	1	0	1	0.0000150125
Sulfolobus sp. A20	1891280	S	1	0	1	0.0000150125
Sulfolobus sp. S-194	2512240	S	1	0	1	0.0000150125
Sulfurisphaera ohwakuensis	69656	S	1	0	1	0.0000150125
Sulfurisphaera tokodaii	111955	S	1	0	1	0.0000150125
Metallosphaera tengchongensis	1532350	S	1	0	1	0.0000150125
Staphylothermus hellenicus	84599	S	1	0	1	0.0000150125
Thermoproteus tenax	2271	S	1	0	1	0.0000150125
Pyrobaculum arsenaticum	121277	S	1	0	1	0.0000150125
Candidatus Methanomassiliicoccus intestinalis	1406512	S	1	0	1	0.0000150125
Picrophilus torridus	82076	S	1	0	1	0.0000150125
Cuniculiplasma divulgatum	1673428	S	1	0	1	0.0000150125
Microbacterium phage Arete	2713257	S	1	0	1	0.0000150125
Bacillus phage QCM11	1909400	S	1	0	1	0.0000150125
Delftia phage RG-2014	1563661	S	1	0	1	0.0000150125
Streptomyces phage Immanuel3	2053813	S	1	0	1	0.0000150125
Erwinia phage PEp14	1131315	S	1	0	1	0.0000150125
Lactococcus phage Q54	382685	S	1	0	1	0.0000150125
Bacillus phage vB_BanS-Tsamsa	1308863	S	1	0	1	0.0000150125
Bacteriophage Phobos	2662138	S	1	0	1	0.0000150125
Geobacillus phage GBK2	1458842	S	1	0	1	0.0000150125
Gordonia phage GMA4	1647471	S	1	0	1	0.0000150125
Gordonia phage GMA1	1647470	S	1	0	1	0.0000150125
Idiomarinaceae phage 1N2-2	1536592	S	1	0	1	0.0000150125
Streptococcus phage SpSL1	1566990	S	1	0	1	0.0000150125
Mycobacterium phage Aminay	2250291	S	1	0	1	0.0000150125
Streptomyces virus TP1604	1982746	S	1	0	1	0.0000150125
Caulobacter virus CcrBL9	2734192	S	1	0	1	0.0000150125
Rhodobacter virus RcSpartan	1982574	S	1	0	1	0.0000150125
Rhodobacter virus RcTitan	1982575	S	1	0	1	0.0000150125
Gordonia virus GAL1	2560493	S	1	0	1	0.0000150125
Enterococcus virus IME196	2560426	S	1	0	1	0.0000150125
Gordonia virus GodonK	2734237	S	1	0	1	0.0000150125
Microbacterium virus OneinaGillian	2734236	S	1	0	1	0.0000150125
Sphingobium virus Lacusarx	2560778	S	1	0	1	0.0000150125
Mycobacterium virus Giles	1982151	S	1	0	1	0.0000150125
Arthrobacter virus Gordon	1982154	S	1	0	1	0.0000150125
Gordonia phage Catfish	2301538	S	1	0	1	0.0000150125
Nonlabens virus P12024L	1982247	S	1	0	1	0.0000150125
Propionibacterium virus Procrass1	1982304	S	1	0	1	0.0000150125
Mycobacterium phage ThulaThula	2599880	S	1	0	1	0.0000150125
Streptomyces virus Lannister	1982889	S	1	0	1	0.0000150125
Salmonella virus Sasha	2734275	S	1	0	1	0.0000150125
Lactococcus virus c2	31537	S	1	0	1	0.0000150125
Caulobacter virus Rogue	1211643	S	1	0	1	0.0000150125
Streptomyces virus Rowa	2734271	S	1	0	1	0.0000150125
Tenacibaculum phage PTm1	2547425	S	1	0	1	0.0000150125
Vibrio phage vB_VchM-138	1127518	S	1	0	1	0.0000150125
Bacillus phage vB_BboS-125	2419618	S	1	0	1	0.0000150125
Yersinia phage phiR1-37	331278	S	1	0	1	0.0000150125
Lactobacillus phage phiAQ113	1206110	S	1	0	1	0.0000150125
Aeromonas phage 4_L372XY	2588520	S	1	0	1	0.0000150125
Synechococcus phage metaG-MbCM1	1079999	S	1	0	1	0.0000150125
Cyanophage S-RIM32	1278479	S	1	0	1	0.0000150125
Tenacibaculum phage pT24	1880590	S	1	0	1	0.0000150125
Aeromonas virus Aeh1	227470	S	1	0	1	0.0000150125
Erwinia phage pEp_SNUABM_01	2601643	S	1	0	1	0.0000150125
Synechococcus phage S-WAM1	1815521	S	1	0	1	0.0000150125
Synechococcus virus Syn19	2734134	S	1	0	1	0.0000150125
Synechococcus virus SCBWM1	2734084	S	1	0	1	0.0000150125
Synechococcus virus Bellamy	2734095	S	1	0	1	0.0000150125
Dickeya virus JA29	2734142	S	1	0	1	0.0000150125
Campylobacter virus CPt10	722418	S	1	0	1	0.0000150125
Serratia virus BF	2560751	S	1	0	1	0.0000150125
Synechococcus virus SSKS1	2734116	S	1	0	1	0.0000150125
Bordetella virus PHB04	2734129	S	1	0	1	0.0000150125
Erwinia virus EaH1	2560434	S	1	0	1	0.0000150125
Agrobacterium virus Atuph07	2560286	S	1	0	1	0.0000150125
Synechococcus virus SCAM9	2734111	S	1	0	1	0.0000150125
Synechococcus virus SCAM3	2734102	S	1	0	1	0.0000150125
Lactobacillus virus Bacchae	2734048	S	1	0	1	0.0000150125
Bacillus virus JBP901	1985180	S	1	0	1	0.0000150125
Bacillus virus SIOphi	2560335	S	1	0	1	0.0000150125
Lactobacillus phage 521B	2510942	S	1	0	1	0.0000150125
Salinivibrio phage CW02	1161935	S	1	0	1	0.0000150125
Curvibacter virus P26059B	2733926	S	1	0	1	0.0000150125
Pectobacterium virus Jarilo	2733629	S	1	0	1	0.0000150125
Vibrio virus Thalassa	2060093	S	1	0	1	0.0000150125
Escherichia virus phiLLS	2733987	S	1	0	1	0.0000150125
Escherichia phage vB_EcoS-DELF2	2697005	S	1	0	1	0.0000150125
Salmonella virus SP126	1173741	S	1	0	1	0.0000150125
Pantoea phage vB_PagM_SSEM1	2721760	S	1	0	1	0.0000150125
Murid betaherpesvirus 1	10366	S	1	0	1	0.0000150125
Murid betaherpesvirus 8	1261657	S	1	0	1	0.0000150125
Macacine betaherpesvirus 3	47929	S	1	0	1	0.0000150125
Human betaherpesvirus 7	10372	S	1	0	1	0.0000150125
Elephant endotheliotropic herpesvirus 5	768738	S	1	0	1	0.0000150125
Canid alphaherpesvirus 1	170325	S	1	0	1	0.0000150125
Rhinolophus gammaherpesvirus 1	2054179	S	1	0	1	0.0000150125
Ostreococcus tauri virus 2	696472	S	1	0	1	0.0000150125
Micromonas sp. RCC1109 virus MpV1	880161	S	1	0	1	0.0000150125
Yellowstone lake phycodnavirus 1	1586713	S	1	0	1	0.0000150125
Micromonas pusilla virus SP1	373996	S	1	0	1	0.0000150125
Cafeteria roenbergensis virus	1513235	S	1	0	1	0.0000150125
Cherax quadricarinatus iridovirus	2035708	S	1	0	1	0.0000150125
Lymphocystis disease virus Sa	1898060	S	1	0	1	0.0000150125
Brazilian marseillevirus	1813599	S	1	0	1	0.0000150125
Penguinpox virus	648998	S	1	0	1	0.0000150125
Swinepox virus	10276	S	1	0	1	0.0000150125
BeAn 58058 virus	67082	S	1	0	1	0.0000150125
Murmansk microtuspox virus	2734570	S	1	0	1	0.0000150125
African swine fever virus	10497	S	1	0	1	0.0000150125
Sea lion mastadenovirus A	1986024	S	1	0	1	0.0000150125
Bovine adenovirus E	130500	S	1	0	1	0.0000150125
Pandoravirus dulcis	1349409	S	1	0	1	0.0000150125
Umatilla virus	40060	S	1	0	1	0.0000150125
Aquareovirus G	519014	S	1	0	1	0.0000150125
Youcai mosaic virus	228578	S	1	0	1	0.0000150125
Louping ill virus	11086	S	1	0	1	0.0000150125
Shamonda orthobunyavirus	159150	S	1	0	1	0.0000150125
Hubei picorna-like virus 56	1923138	S	1	0	1	0.0000150125
Hubei tetragnatha maxillosa virus 7	1923249	S	1	0	1	0.0000150125
Shahe isopoda virus 3	1923423	S	1	0	1	0.0000150125
Murine leukemia virus	11786	S	1	0	1	0.0000150125
Mus musculus mobilized endogenous polytropic provirus	590745	S	1	0	1	0.0000150125
Spodoptera littoralis nucleopolyhedrovirus	10456	S	1	0	1	0.0000150125
Orgyia pseudotsugata multiple nucleopolyhedrovirus	262177	S	1	0	1	0.0000150125
Agrotis ipsilon multiple nucleopolyhedrovirus	208013	S	1	0	1	0.0000150125
Urbanus proteus nucleopolyhedrovirus	1675866	S	1	0	1	0.0000150125
Choristoneura fumiferana granulovirus	56947	S	1	0	1	0.0000150125
Heliothis zea nudivirus	29250	S	1	0	1	0.0000150125
Cotesia congregata bracovirus	39640	S	1	0	1	0.0000150125
Chicken associated gemycircularvirus 1	1985376	S	1	0	1	0.0000150125
Sulfolobus islandicus filamentous virus	176106	S	1	0	1	0.0000150125
Candidatus Kinetoplastibacterium crithidii	33056	S	1	-1	0	0.0000000000
Azotobacter vinelandii	354	S	2	-2	0	0.0000000000
Dickeya paradisiaca	69223	S	2	-2	0	0.0000000000
Afipia carboxidovorans	40137	S	11	-11	0	0.0000000000
Rhodospirillum rubrum	1085	S	11	-11	0	0.0000000000
Ehrlichia chaffeensis	945	S	2	-2	0	0.0000000000
Campylobacter subantarcticus	497724	S	1	-1	0	0.0000000000
Leuconostoc gelidum	1244	S	1	-1	0	0.0000000000
Candidatus Arthromitus sp. SFB-mouse	49118	S	2	-2	0	0.0000000000
Acetivibrio thermocellus	1515	S	1	-1	0	0.0000000000
Thermoclostridium stercorarium	1510	S	5	-5	0	0.0000000000
Desulfitobacterium hafniense	49338	S	5	-5	0	0.0000000000
Nodularia spumigena	70799	S	3	-3	0	0.0000000000
Mycoplasma suis	57372	S	1	-1	0	0.0000000000
Chloroflexus aurantiacus	1108	S	2	-2	0	0.0000000000
Tannerella forsythia	28112	S	3	-3	0	0.0000000000
Spirochaeta thermophila	154	S	1	-1	0	0.0000000000
Borrelia parkeri	141	S	1	-1	0	0.0000000000
Borreliella valaisiana	62088	S	2	-2	0	0.0000000000
Leptospira biflexa	172	S	2	-2	0	0.0000000000
Methanosarcina siciliae	38027	S	2	-2	0	0.0000000000
Pyrococcus furiosus	2261	S	1	-1	0	0.0000000000
