name	taxonomy_id	taxonomy_lvl	kraken_assigned_reads	added_reads	new_est_reads	fraction_total_reads
Klebsiella pneumoniae	573	S	599	846	1445	0.0360898124
Cutibacterium acnes	1747	S	777	223	1000	0.0249756487
Staphylococcus virus Andhra	2732591	S	883	0	883	0.0220534978
Ralstonia solanacearum	305	S	612	76	688	0.0171832463
Pseudomonas sp. CMR12a	658629	S	479	71	550	0.0137366068
Acinetobacter junii	40215	S	452	47	499	0.0124628487
Streptomyces lividans	1916	S	138	332	470	0.0117385549
Bacillus cereus	1396	S	209	206	415	0.0103648942
Diaphorobacter sp. HDW4A	2714924	S	235	89	324	0.0080921102
Aulosira laxa	1541975	S	1	313	314	0.0078423537
Xanthomonas euvesicatoria	456327	S	9	274	283	0.0070681086
Variovorax boronicumulans	436515	S	181	86	267	0.0066684982
Paenibacillus larvae	1464	S	1	262	263	0.0065685956
Acidovorax sp. KKS102	358220	S	199	50	249	0.0062189365
Variovorax paradoxus	34073	S	201	42	243	0.0060690826
Rhodococcus qingshengii	334542	S	53	172	225	0.0056195210
Acidovorax sp. JMULE5	2518343	S	179	20	199	0.0049701541
Staphylococcus sp. T93	2799681	S	3	193	196	0.0048952272
Rhodococcus erythropolis	1833	S	55	126	181	0.0045205924
Klebsiella grimontii	2058152	S	56	123	179	0.0044706411
Pseudomonas aeruginosa	287	S	57	121	178	0.0044456655
Acidovorax sp. T1	1858609	S	67	95	162	0.0040460551
Alicycliphilus denitrificans	179636	S	80	79	159	0.0039711282
Priestia megaterium	1404	S	123	31	154	0.0038462499
Ottowia oryzae	2109914	S	140	9	149	0.0037213717
Spirosoma sp. KUDC1026	2745947	S	141	5	146	0.0036464447
Delftia sp. KV29	1170710	S	2	143	145	0.0036214691
Flavobacterium phage vB_FspS_filifjonk9-1	2686245	S	57	87	144	0.0035964934
Janthinobacterium agaricidamnosum	55508	S	51	81	132	0.0032967856
Lysobacter enzymogenes	69	S	114	8	122	0.0030470291
Halomonas sp. JS92-SW72	2306583	S	106	10	116	0.0028971753
Variovorax sp. 38R	2774875	S	67	47	114	0.0028472240
Acidovorax sp. JS42	232721	S	10	104	114	0.0028472240
Delftia acidovorans	80866	S	50	62	112	0.0027972727
Rhizobacter sp. AJA081-3	2753607	S	99	12	111	0.0027722970
Stenotrophomonas maltophilia	40324	S	71	37	108	0.0026973701
Janthinobacterium sp. HH102	1537274	S	40	64	104	0.0025974675
Thiomonas sp. CB2	554131	S	1	103	104	0.0025974675
Clostridium botulinum	1491	S	87	17	104	0.0025974675
Anabaena sp. YBS01	2490939	S	23	81	104	0.0025974675
Kinneretia sp. DAIF2	2714952	S	91	8	99	0.0024725892
Cloacibacterium normanense	237258	S	88	10	98	0.0024476136
Diaphorobacter aerolatus	1288495	S	62	34	96	0.0023976623
Variovorax sp. PAMC26660	2762322	S	84	10	94	0.0023477110
Acinetobacter baumannii	470	S	32	62	94	0.0023477110
Acidovorax carolinensis	553814	S	64	23	87	0.0021728814
Rhodoferax koreense	1842727	S	63	22	85	0.0021229301
Cereibacter sphaeroides	1063	S	32	52	84	0.0020979545
Variovorax sp. PBL-H6	434009	S	29	53	82	0.0020480032
Rhodococcus sp. YL-1	1045808	S	22	59	81	0.0020230275
Achromobacter xylosoxidans	85698	S	44	36	80	0.0019980519
Limnohabitans sp. 63ED37-2	1678128	S	74	2	76	0.0018981493
Pasteurella multocida	747	S	60	15	75	0.0018731737
Rhizobacter gummiphilus	946333	S	68	6	74	0.0018481980
Paucibacter sp. KCTC 42545	1768242	S	68	6	74	0.0018481980
Rhodococcus sp. 008	1723645	S	17	57	74	0.0018481980
Flavobacterium psychrophilum	96345	S	52	22	74	0.0018481980
Polynucleobacter difficilis	556054	S	71	2	73	0.0018232224
Thiomonas sp. OC7	2493107	S	1	71	72	0.0017982467
Janthinobacterium sp. LM6	1938606	S	51	20	71	0.0017732711
Microbacterium sp. PM5	2014534	S	63	6	69	0.0017233198
Paenarthrobacter sp. YJN-D	2735317	S	58	11	69	0.0017233198
Staphylococcus cohnii	29382	S	62	7	69	0.0017233198
Urbifossiella limnaea	2528023	S	64	5	69	0.0017233198
Comamonas testosteroni	285	S	43	25	68	0.0016983441
Lactococcus lactis	1358	S	19	49	68	0.0016983441
Oscillatoria nigro-viridis	482564	S	66	2	68	0.0016983441
Sphingobium yanoikuyae	13690	S	35	32	67	0.0016733685
Sorangium cellulosum	56	S	62	5	67	0.0016733685
Dermacoccus nishinomiyaensis	1274	S	60	7	67	0.0016733685
Rhodopseudomonas palustris	1076	S	54	12	66	0.0016483928
Proteus virus Isfahan	2560650	S	66	0	66	0.0016483928
Variovorax sp. WDL1	207745	S	30	35	65	0.0016234172
Variovorax sp. PBL-E5	434014	S	12	53	65	0.0016234172
Cupriavidus taiwanensis	164546	S	40	25	65	0.0016234172
Hydrogenophaga sp. PBL-H3	434010	S	42	22	64	0.0015984415
Methylorubrum extorquens	408	S	33	31	64	0.0015984415
Flavobacterium phage vB_FspS_tooticki6-1	2686279	S	15	49	64	0.0015984415
Variovorax sp. PAMC 28711	1795631	S	59	3	62	0.0015484902
Hydrogenophaga sp. BPS33	2651974	S	46	16	62	0.0015484902
Pseudomonas fluorescens	294	S	48	14	62	0.0015484902
Janthinobacterium lividum	29581	S	29	32	61	0.0015235146
Diaphorobacter sp. JS3050	2735554	S	5	54	59	0.0014735633
Sphingomonas melonis	152682	S	18	41	59	0.0014735633
Acidovorax sp. 1608163	2478662	S	54	4	58	0.0014485876
Rhodoferax sediminis	2509614	S	55	3	58	0.0014485876
Moraxella osloensis	34062	S	56	2	58	0.0014485876
Aquabacterium olei	1296669	S	51	6	57	0.0014236120
Rhodococcus sp. NJ-530	2490853	S	14	43	57	0.0014236120
Staphylococcus aureus	1280	S	35	22	57	0.0014236120
Mitsuaria sp. 7	1658665	S	50	5	55	0.0013736607
Propionibacterium sp. oral taxon 193	671223	S	52	3	55	0.0013736607
Rhodoferax sp. AJA081-3	2752316	S	52	2	54	0.0013486850
Curvibacter sp. AEP1-3	1844971	S	53	1	54	0.0013486850
Nostoc sp. PCC 7524	28072	S	53	1	54	0.0013486850
Flavobacterium phage Fpv20	1814283	S	1	53	54	0.0013486850
Leptothrix cholodnii	34029	S	46	7	53	0.0013237094
Bradyrhizobium diazoefficiens	1355477	S	26	27	53	0.0013237094
Methylorubrum populi	223967	S	39	13	52	0.0012987337
Variovorax sp. SRS16	282217	S	11	40	51	0.0012737581
Ramlibacter tataouinensis	94132	S	48	3	51	0.0012737581
Burkholderia pseudomallei	28450	S	21	30	51	0.0012737581
Methylibium sp. Pch-M	2082386	S	29	22	51	0.0012737581
Rubrivivax gelatinosus	28068	S	45	6	51	0.0012737581
Pseudomonas stutzeri	316	S	44	7	51	0.0012737581
Pedobacter roseus	336820	S	37	14	51	0.0012737581
Acidovorax sp. RAC01	1842533	S	40	10	50	0.0012487824
Schlegelella thermodepolymerans	215580	S	45	5	50	0.0012487824
Rhodoferax saidenbachensis	1484693	S	46	3	49	0.0012238068
Delftia lacustris	558537	S	11	38	49	0.0012238068
Blattabacterium cuenoti	1653831	S	43	6	49	0.0012238068
Limnoglobus roseus	2598579	S	47	2	49	0.0012238068
Janthinobacterium sp. 1_2014MBL_MicDiv	1644131	S	41	7	48	0.0011988311
Tabrizicola piscis	2494374	S	47	1	48	0.0011988311
Comamonas aquatica	225991	S	41	6	47	0.0011738555
Pseudomonas putida	303	S	32	15	47	0.0011738555
Sphingorhabdus lacus	392610	S	46	0	46	0.0011488798
Azospirillum brasilense	192	S	31	14	45	0.0011239042
Hydrogenophaga sp. NH-16	2184519	S	23	21	44	0.0010989285
Delftia tsuruhatensis	180282	S	12	32	44	0.0010989285
blood disease bacterium A2-HR MARDI	1944648	S	6	38	44	0.0010989285
Janthinobacterium svalbardensis	368607	S	32	11	43	0.0010739529
Sphaerotilus natans	34103	S	37	6	43	0.0010739529
Bradyrhizobium erythrophlei	1437360	S	41	2	43	0.0010739529
Pedobacter sp. SW-16	2766984	S	36	7	43	0.0010739529
Variovorax sp. PAMC28562	2762323	S	41	1	42	0.0010489772
Cupriavidus necator	106590	S	36	6	42	0.0010489772
Buchnera aphidicola	9	S	43	-1	42	0.0010489772
Sphingomonas koreensis	93064	S	28	14	42	0.0010489772
Janthinobacterium sp. PLB02	2808899	S	15	26	41	0.0010240016
Streptomyces venezuelae	54571	S	40	1	41	0.0010240016
Pedobacter sp. G11	2482728	S	36	5	41	0.0010240016
Acidovorax avenae	80867	S	31	9	40	0.0009990259
Methylobacterium sp. XJLW	739141	S	4	36	40	0.0009990259
Variovorax sp. HW608	1034889	S	37	2	39	0.0009740503
Acinetobacter johnsonii	40214	S	19	20	39	0.0009740503
Methylobacterium oryzae	334852	S	4	35	39	0.0009740503
Frigoriglobus tundricola	2774151	S	34	5	39	0.0009740503
Polaromonas naphthalenivorans	216465	S	35	3	38	0.0009490747
Janthinobacterium tructae	2590869	S	28	10	38	0.0009490747
Simplicispira suum	2109915	S	33	4	37	0.0009240990
Citrobacter freundii	546	S	18	19	37	0.0009240990
Salmonella enterica	28901	S	16	21	37	0.0009240990
Agrobacterium tumefaciens	358	S	20	17	37	0.0009240990
Candidatus Planktophila sulfonica	1884904	S	35	2	37	0.0009240990
Acaryochloris marina	155978	S	37	0	37	0.0009240990
Variovorax sp. RA8	662548	S	23	13	36	0.0008991234
Sphingopyxis sp. EG6	1874061	S	28	8	36	0.0008991234
Staphylococcus epidermidis	1282	S	32	4	36	0.0008991234
Kaistella jeonii	266749	S	34	2	36	0.0008991234
Methylomonas sp. LL1	2785785	S	35	0	35	0.0008741477
Microbacterium hominis	162426	S	29	6	35	0.0008741477
Myroides odoratimimus	76832	S	13	21	34	0.0008491721
Pedobacter sp. HDW13	2714940	S	31	3	34	0.0008491721
Roseateles depolymerans	76731	S	30	3	33	0.0008241964
Escherichia coli	562	S	14	19	33	0.0008241964
Labilithrix luteola	1391654	S	33	0	33	0.0008241964
Variovorax sp. PBS-H4	434008	S	24	8	32	0.0007992208
Rhodoferax sp. BAB1	2741720	S	29	3	32	0.0007992208
Hydrogenophaga sp. BA0156	2716225	S	25	7	32	0.0007992208
Burkholderia gladioli	28095	S	29	3	32	0.0007992208
Pseudomonas tolaasii	29442	S	30	2	32	0.0007992208
Pseudomonas citronellolis	53408	S	22	10	32	0.0007992208
Microcystis aeruginosa	1126	S	30	2	32	0.0007992208
Flavobacterium sp. Sr18	935222	S	30	2	32	0.0007992208
Comamonas thiooxydans	363952	S	19	12	31	0.0007742451
Clostridium perfringens	1502	S	30	1	31	0.0007742451
Luteolibacter luteus	2728835	S	31	0	31	0.0007742451
Collimonas fungivorans	158899	S	25	5	30	0.0007492695
Vibrio anguillarum	55601	S	28	2	30	0.0007492695
Bosea sp. RAC05	1842539	S	25	5	30	0.0007492695
Methylobacterium aquaticum	270351	S	26	4	30	0.0007492695
Variovorax sp. RKNM96	2681552	S	24	5	29	0.0007242938
Diaphorobacter polyhydroxybutyrativorans	1546149	S	6	23	29	0.0007242938
Polaromonas sp. JS666	296591	S	28	1	29	0.0007242938
Melaminivora sp. SC2-9	2109913	S	24	5	29	0.0007242938
Inhella inkyongensis	392593	S	27	2	29	0.0007242938
Bosea sp. ANAM02	2020412	S	23	6	29	0.0007242938
Tardiphaga robiniae	943830	S	28	1	29	0.0007242938
Methylobacterium sp. 17Sr1-43	2202828	S	27	2	29	0.0007242938
Bacillus thuringiensis	1428	S	13	16	29	0.0007242938
Chryseobacterium manosquense	2754694	S	12	17	29	0.0007242938
Pseudobacter ginsenosidimutans	661488	S	27	2	29	0.0007242938
Comamonas kerstersii	225992	S	25	3	28	0.0006993182
Verminephrobacter eiseniae	364317	S	28	0	28	0.0006993182
Cupriavidus oxalaticus	96344	S	22	6	28	0.0006993182
Bordetella parapertussis	519	S	8	20	28	0.0006993182
Bradyrhizobium lablabi	722472	S	12	16	28	0.0006993182
Bacillus subtilis	1423	S	12	16	28	0.0006993182
Flavobacterium nackdongense	2547394	S	27	1	28	0.0006993182
Chryseobacterium aureum	2497456	S	26	2	28	0.0006993182
Acidovorax antarcticus	2743470	S	23	4	27	0.0006743425
Acidovorax ebreus	721785	S	4	23	27	0.0006743425
Hydrogenophaga sp. RAC07	1842537	S	22	5	27	0.0006743425
Polaromonas sp. E3S	1840265	S	2	25	27	0.0006743425
Cupriavidus basilensis	68895	S	22	5	27	0.0006743425
Sphingopyxis sp. 113P3	292913	S	20	7	27	0.0006743425
Pedobacter sp. KBS0701	2578106	S	22	5	27	0.0006743425
Ralstonia mannitolilytica	105219	S	21	5	26	0.0006493669
Polynucleobacter necessarius	576610	S	25	1	26	0.0006493669
Enterobacter hormaechei	158836	S	11	15	26	0.0006493669
Stenotrophomonas sp. PAMC25021	2565559	S	1	25	26	0.0006493669
Bradyrhizobium sp.	376	S	11	15	26	0.0006493669
Bradyrhizobium elkanii	29448	S	1	25	26	0.0006493669
Methylobacterium durans	2202825	S	25	1	26	0.0006493669
Sinorhizobium fredii	380	S	10	16	26	0.0006493669
Rhodococcus sp. BH4	1807790	S	6	20	26	0.0006493669
Rhodoferax antarcticus	81479	S	24	1	25	0.0006243912
Hydrogenophaga sp. YM1	2806262	S	21	4	25	0.0006243912
Hydrogenophaga sp. PBC	795665	S	19	6	25	0.0006243912
Methylibium petroleiphilum	105560	S	16	9	25	0.0006243912
Haemophilus parainfluenzae	729	S	23	2	25	0.0006243912
Sphingomonas sp. DH-S5	2759526	S	24	1	25	0.0006243912
Sphingopyxis granuli	267128	S	7	18	25	0.0006243912
Rhodococcus sp. AQ5-07	2054902	S	8	17	25	0.0006243912
Curtobacterium flaccumfaciens	2035	S	22	3	25	0.0006243912
Flavobacterium johnsoniae	986	S	20	5	25	0.0006243912
Gemmata obscuriglobus	114	S	23	2	25	0.0006243912
Verrucomicrobium spinosum	2736	S	24	1	25	0.0006243912
Acidovorax citrulli	80869	S	16	8	24	0.0005994156
Ottowia sp. 27C	2816950	S	23	1	24	0.0005994156
Xanthomonas citri	346	S	22	2	24	0.0005994156
Aeromonas salmonicida	645	S	14	10	24	0.0005994156
Bradyrhizobium sp. CCBAU 51765	1325102	S	20	4	24	0.0005994156
Bradyrhizobium paxllaeri	190148	S	22	2	24	0.0005994156
Bosea sp. Tri-49	1867715	S	21	3	24	0.0005994156
Methylobacterium brachiatum	269660	S	20	4	24	0.0005994156
Mesorhizobium huakuii	28104	S	8	16	24	0.0005994156
Sphingobium amiense	135719	S	10	14	24	0.0005994156
Gemmobacter sp. HYN0069	2169400	S	23	1	24	0.0005994156
Clostridioides difficile	1496	S	22	2	24	0.0005994156
Roseimicrobium sp. ORNL1	2711231	S	24	0	24	0.0005994156
Diaphorobacter sp. JS3051	2792224	S	2	21	23	0.0005744399
Bordetella hinzii	103855	S	21	2	23	0.0005744399
Xanthomonas campestris	339	S	23	0	23	0.0005744399
Sphingomonas alpina	653931	S	23	0	23	0.0005744399
Micrococcus luteus	1270	S	14	9	23	0.0005744399
Flavobacterium sp. KBS0721	1179672	S	18	5	23	0.0005744399
Flavobacterium commune	1306519	S	22	1	23	0.0005744399
Pedobacter sp. JBR3-12	2789740	S	22	1	23	0.0005744399
Gemmata massiliana	1210884	S	17	6	23	0.0005744399
Hydrogenophaga pseudoflava	47421	S	14	8	22	0.0005494643
Burkholderia multivorans	87883	S	18	4	22	0.0005494643
Pseudomonas chlororaphis	587753	S	17	5	22	0.0005494643
Serratia marcescens	615	S	14	8	22	0.0005494643
Bradyrhizobium sp. CCBAU 051011	858422	S	20	2	22	0.0005494643
Methylobacterium mesophilicum	39956	S	21	1	22	0.0005494643
Mesorhizobium sp. Pch-S	2082387	S	21	1	22	0.0005494643
Sphingomonas sp. XS-10	2599297	S	22	0	22	0.0005494643
Sphingopyxis macrogoltabida	33050	S	18	4	22	0.0005494643
Sphingobium cloacae	120107	S	9	13	22	0.0005494643
Minicystis rosea	888845	S	21	1	22	0.0005494643
Rhodococcus sp. H-CA8f	1727214	S	6	16	22	0.0005494643
Cnuibacter physcomitrellae	1619308	S	5	17	22	0.0005494643
Kocuria rhizophila	72000	S	12	10	22	0.0005494643
Clostridium kluyveri	1534	S	7	15	22	0.0005494643
Flavobacterium sp. CLA17	2724135	S	20	2	22	0.0005494643
Flavobacterium sp. SLB02	2665645	S	18	4	22	0.0005494643
Chryseobacterium indoltheticum	254	S	20	2	22	0.0005494643
Anatilimnocola aggregata	2528021	S	21	1	22	0.0005494643
Acidovorax sp. HDW3	2714923	S	19	2	21	0.0005244886
Rhodoferax ferrireducens	192843	S	21	0	21	0.0005244886
Burkholderia vietnamiensis	60552	S	5	16	21	0.0005244886
Xylophilus rhododendri	2697032	S	19	2	21	0.0005244886
Methylobacterium indicum	1775910	S	18	3	21	0.0005244886
Rhizobium leguminosarum	384	S	15	6	21	0.0005244886
Novosphingobium sp. THN1	1016987	S	18	3	21	0.0005244886
Brevundimonas vesicularis	41276	S	9	12	21	0.0005244886
Pyxidicoccus sp. SCPEA002	2813578	S	19	2	21	0.0005244886
Bacillus velezensis	492670	S	8	13	21	0.0005244886
Keratinibaculum paraultunense	1278232	S	20	1	21	0.0005244886
Nostoc sp. NIES-4103	2005458	S	21	0	21	0.0005244886
Aquisphaera giovannonii	406548	S	17	4	21	0.0005244886
Hydrogenophaga crassostreae	1763535	S	20	0	20	0.0004995130
Pseudomonas syringae	317	S	13	7	20	0.0004995130
Sphingopyxis sp. FD7	1914525	S	16	4	20	0.0004995130
Sphingopyxis fribergensis	1515612	S	17	3	20	0.0004995130
Tsukamurella paurometabola	2061	S	19	1	20	0.0004995130
Nostoc sp. TCL240-02	2572090	S	14	6	20	0.0004995130
Calothrix parasitica	1973486	S	20	0	20	0.0004995130
Prochlorococcus marinus	1219	S	17	3	20	0.0004995130
Flavobacterium nitrogenifigens	1617283	S	14	6	20	0.0004995130
Opitutus sp. GAS368	1882749	S	16	4	20	0.0004995130
Fusobacterium nucleatum	851	S	14	6	20	0.0004995130
Comamonas koreensis	160825	S	17	2	19	0.0004745373
Burkholderia cepacia	292	S	11	8	19	0.0004745373
Rhizobium pusense	648995	S	5	14	19	0.0004745373
Sphingomonas sp. CL5.1	2653203	S	17	2	19	0.0004745373
Sphingomonas sp. HMP9	1517554	S	17	2	19	0.0004745373
Sphingobium sp. YG1	2082188	S	15	4	19	0.0004745373
Caulobacter vibrioides	155892	S	16	3	19	0.0004745373
Rhodococcus fascians	1828	S	19	0	19	0.0004745373
Staphylococcus capitis	29388	S	17	2	19	0.0004745373
Flavobacterium sp. M31R6	2739062	S	18	1	19	0.0004745373
Aquirufa nivalisilvae	2516557	S	18	1	19	0.0004745373
Pedobacter suwonensis	332999	S	15	4	19	0.0004745373
Panacibacter ginsenosidivorans	1813871	S	19	0	19	0.0004745373
Paraflavitalea soli	2315862	S	18	1	19	0.0004745373
Planctomyces sp. SH-PL14	1632864	S	18	1	19	0.0004745373
Acidovorax monticola	1926868	S	17	1	18	0.0004495617
Comamonas piscis	1562974	S	17	1	18	0.0004495617
Ralstonia pickettii	329	S	15	3	18	0.0004495617
Burkholderia cenocepacia	95486	S	8	10	18	0.0004495617
Bordetella petrii	94624	S	12	6	18	0.0004495617
Mesorhizobium sp. L-8-10	2744523	S	6	12	18	0.0004495617
Hyphomicrobium denitrificans	53399	S	18	0	18	0.0004495617
Sphingomonas insulae	424800	S	17	1	18	0.0004495617
Novosphingobium aromaticivorans	48935	S	15	3	18	0.0004495617
Croceicoccus marinus	450378	S	13	5	18	0.0004495617
Mycobacteroides chelonae	1774	S	8	10	18	0.0004495617
Fischerella sp. NIES-4106	2005456	S	18	0	18	0.0004495617
Flavobacterium sp. BB8	2816357	S	16	2	18	0.0004495617
Flavobacterium branchiophilum	55197	S	18	0	18	0.0004495617
Aureliella helgolandensis	2527968	S	17	1	18	0.0004495617
Maioricimonas rarisocia	2528026	S	16	2	18	0.0004495617
Burkholderia ubonensis	101571	S	9	8	17	0.0004245860
Cupriavidus pauculus	82633	S	15	2	17	0.0004245860
Cupriavidus metallidurans	119219	S	12	5	17	0.0004245860
Collimonas arenae	279058	S	15	2	17	0.0004245860
Methylibium sp. T29	1430884	S	4	13	17	0.0004245860
Achromobacter denitrificans	32002	S	12	5	17	0.0004245860
Oryzomicrobium terrae	1735038	S	16	1	17	0.0004245860
Nitrosomonas sp. Is79A3	261292	S	17	0	17	0.0004245860
Bosea sp. PAMC 26642	1792307	S	15	2	17	0.0004245860
Sphingopyxis lindanitolerans	2054227	S	14	3	17	0.0004245860
Croceicoccus naphthovorans	1348774	S	8	9	17	0.0004245860
Caulobacter sp. FWC26	69665	S	14	3	17	0.0004245860
Tsukamurella tyrosinosolvens	57704	S	16	1	17	0.0004245860
Calothrix sp. NIES-2098	1954171	S	10	7	17	0.0004245860
Flavobacterium sp. I3-2	2748319	S	10	7	17	0.0004245860
Chryseobacterium indologenes	253	S	14	3	17	0.0004245860
Elizabethkingia bruuniana	1756149	S	6	11	17	0.0004245860
Lacibacter sp. S13-6-6	2760713	S	17	0	17	0.0004245860
Lacipirellula limnantheis	2528024	S	16	1	17	0.0004245860
Caulifigura coniformis	2527983	S	17	0	17	0.0004245860
Nibricoccus aquaticus	2576891	S	16	1	17	0.0004245860
Diaphorobacter sp. HDW4B	2714925	S	16	0	16	0.0003996104
Massilia albidiflava	321983	S	12	4	16	0.0003996104
Duganella sp. GN2-R2	2728020	S	15	1	16	0.0003996104
Achromobacter spanius	217203	S	14	2	16	0.0003996104
Pseudomonas alcaligenes	43263	S	15	1	16	0.0003996104
Acinetobacter haemolyticus	29430	S	14	2	16	0.0003996104
Bradyrhizobium sp. CCBAU 53340	1325112	S	11	5	16	0.0003996104
Bradyrhizobium icense	1274631	S	15	1	16	0.0003996104
Bradyrhizobium japonicum	375	S	10	6	16	0.0003996104
Methylobacterium sp. 4-46	426117	S	15	1	16	0.0003996104
Aminobacter sp. MSH1	374606	S	11	5	16	0.0003996104
Hypericibacter adhaerens	2602016	S	15	1	16	0.0003996104
Nitrospirillum amazonense	28077	S	16	0	16	0.0003996104
Wolbachia pipientis	955	S	2	14	16	0.0003996104
Gordonia polyisoprenivorans	84595	S	16	0	16	0.0003996104
Nostoc sp. NIES-2111	1973475	S	5	11	16	0.0003996104
Flavobacterium sp. MDT1-60	1979344	S	14	2	16	0.0003996104
Flavobacterium haoranii	683124	S	12	4	16	0.0003996104
Cellulophaga lytica	979	S	13	3	16	0.0003996104
Chryseobacterium shandongense	1493872	S	12	4	16	0.0003996104
Pedobacter sp. CJ43	2605747	S	16	0	16	0.0003996104
Chitinophaga sp. 1310	2725416	S	1	15	16	0.0003996104
Chitinophaga pinensis	79329	S	14	2	16	0.0003996104
Haliscomenobacter hydrossis	2350	S	16	0	16	0.0003996104
Candidatus Solibacter usitatus	332163	S	15	1	16	0.0003996104
Hylemonella gracilis	80880	S	15	0	15	0.0003746347
Massilia violaceinigra	2045208	S	12	3	15	0.0003746347
Thiomonas sp. X19	1050370	S	15	0	15	0.0003746347
Vitreoscilla filiformis	63	S	15	0	15	0.0003746347
Bradyrhizobium sp. SK17	2057741	S	12	3	15	0.0003746347
Tardiphaga sp. vice278	2592815	S	2	13	15	0.0003746347
Afipia sp. GAS231	1882747	S	8	7	15	0.0003746347
Sphingomonas sp. FARSPH	2219696	S	11	4	15	0.0003746347
Sphingobium sp. TKS	1315974	S	7	8	15	0.0003746347
Sphingobium baderi	1332080	S	7	8	15	0.0003746347
Novosphingobium ginsenosidimutans	1176536	S	15	0	15	0.0003746347
Tardibacter chloracetimidivorans	1921510	S	9	6	15	0.0003746347
Rhizorhabdus dicambivorans	1850238	S	8	7	15	0.0003746347
Azospirillum thermophilum	2202148	S	14	1	15	0.0003746347
Tessaracoccus defluvii	1285901	S	14	1	15	0.0003746347
Prauserella marina	530584	S	15	0	15	0.0003746347
Frankia inefficax	298654	S	15	0	15	0.0003746347
Ilumatobacter coccineus	467094	S	15	0	15	0.0003746347
Paeniclostridium sordellii	1505	S	15	0	15	0.0003746347
Flavobacterium columnare	996	S	13	2	15	0.0003746347
Maribacter sp. T28	1836467	S	15	0	15	0.0003746347
Chryseobacterium sp. T16E-39	2015076	S	15	0	15	0.0003746347
Chryseobacterium sp. NEB161	2724619	S	10	5	15	0.0003746347
Chryseobacterium taklimakanense	536441	S	12	3	15	0.0003746347
Epilithonimonas vandammei	2487072	S	8	7	15	0.0003746347
Diaphorobacter ruginosibacter	1715720	S	14	0	14	0.0003496591
Rhodoferax sp. PAMC29310	2822760	S	13	1	14	0.0003496591
Limnohabitans sp. 103DPR2	1678129	S	14	0	14	0.0003496591
Paraburkholderia tropica	92647	S	13	1	14	0.0003496591
Pandoraea pnomenusa	93220	S	12	2	14	0.0003496591
Bordetella avium	521	S	14	0	14	0.0003496591
Bordetella genomosp. 9	1416803	S	13	1	14	0.0003496591
Azospira restricta	404405	S	13	1	14	0.0003496591
Fluviibacter phosphoraccumulans	1751046	S	13	1	14	0.0003496591
Methylotenera mobilis	359408	S	12	2	14	0.0003496591
Pseudomonas protegens	380021	S	13	1	14	0.0003496591
Acinetobacter sp.	472	S	1	13	14	0.0003496591
Acinetobacter ursingii	108980	S	12	2	14	0.0003496591
Aeromonas veronii	654	S	12	2	14	0.0003496591
Bradyrhizobium sp. CCBAU 53351	1325114	S	9	5	14	0.0003496591
Bradyrhizobium genosp. L	83637	S	13	1	14	0.0003496591
Methylobacterium sp. 17Sr1-1	2202826	S	12	2	14	0.0003496591
Methylobacterium currus	2051553	S	12	2	14	0.0003496591
Aminobacter sp. MDW-2	2666139	S	1	13	14	0.0003496591
Devosia sp. A16	1736675	S	14	0	14	0.0003496591
Sphingomonas sp. HMP6	1517551	S	14	0	14	0.0003496591
Sphingomonas sp. AAP5	1523415	S	13	1	14	0.0003496591
Sphingomonas lacunae	2698828	S	14	0	14	0.0003496591
Sphingobium sp. SYK-6	627192	S	11	3	14	0.0003496591
Novosphingobium resinovorum	158500	S	10	4	14	0.0003496591
Novosphingobium pentaromativorans	205844	S	8	6	14	0.0003496591
Erythrobacter litoralis	39960	S	12	2	14	0.0003496591
Paracoccus yeei	147645	S	8	6	14	0.0003496591
Corallococcus macrosporus	35	S	9	5	14	0.0003496591
Haliangium ochraceum	80816	S	14	0	14	0.0003496591
Corynebacterium matruchotii	43768	S	14	0	14	0.0003496591
Microbacterium testaceum	2033	S	13	1	14	0.0003496591
Clavibacter michiganensis	28447	S	13	1	14	0.0003496591
Rothia dentocariosa	2047	S	12	2	14	0.0003496591
Streptomyces tsukubensis	83656	S	14	0	14	0.0003496591
Nocardioides sp. S5	2017486	S	12	2	14	0.0003496591
Saccharothrix syringae	103733	S	12	2	14	0.0003496591
Actinoplanes sp. N902-109	649831	S	9	5	14	0.0003496591
Paenibacillus polymyxa	1406	S	8	6	14	0.0003496591
Streptococcus pneumoniae	1313	S	2	12	14	0.0003496591
Nostoc carneum	374162	S	11	3	14	0.0003496591
Calothrix brevissima	938406	S	12	2	14	0.0003496591
Trichodesmium erythraeum	1206	S	12	2	14	0.0003496591
Thermus scotoductus	37636	S	13	1	14	0.0003496591
Flavobacterium sp. 140616W15	2478552	S	13	1	14	0.0003496591
Flavobacterium gilvum	1492737	S	13	1	14	0.0003496591
Flavobacterium crocinum	2183896	S	12	2	14	0.0003496591
Tenacibaculum jejuense	584609	S	14	0	14	0.0003496591
Cellulophaga baltica	76594	S	14	0	14	0.0003496591
Arachidicoccus sp. BS20	1850526	S	12	2	14	0.0003496591
Arachidicoccus soli	2341117	S	14	0	14	0.0003496591
Filimonas lacunae	477680	S	13	1	14	0.0003496591
Bacteroides fragilis	817	S	8	6	14	0.0003496591
Gemmata sp. SH-PL17	1630693	S	10	4	14	0.0003496591
Pirellula sp. SH-Sr6A	1632865	S	14	0	14	0.0003496591
Planctomyces sp. SH-PL62	1636152	S	9	5	14	0.0003496591
Paramecium bursaria Chlorella virus A1	381899	S	14	0	14	0.0003496591
Hydrogenophaga sp. PAMC20947	2565558	S	13	0	13	0.0003246834
Polynucleobacter asymbioticus	576611	S	12	1	13	0.0003246834
Massilia sp. LPB0304	2769491	S	10	3	13	0.0003246834
Massilia oculi	945844	S	12	1	13	0.0003246834
Bordetella bronchiseptica	518	S	6	7	13	0.0003246834
Chromobacterium paludis	2605945	S	12	1	13	0.0003246834
Pseudomonas sp. SWI7	2587597	S	3	10	13	0.0003246834
Acinetobacter nosocomialis	106654	S	9	4	13	0.0003246834
Klebsiella quasipneumoniae	1463165	S	6	7	13	0.0003246834
Enterobacter cloacae	550	S	8	5	13	0.0003246834
Lysobacter solisilvae	2763317	S	13	0	13	0.0003246834
Pseudoxanthomonas mexicana	128785	S	12	1	13	0.0003246834
Bradyrhizobium sp. ORS 285	115808	S	12	1	13	0.0003246834
Bradyrhizobium sp. BTAi1	288000	S	12	1	13	0.0003246834
Methylobacterium sp. C1	1479019	S	3	10	13	0.0003246834
Rhizobium phaseoli	396	S	6	7	13	0.0003246834
Stappia indica	538381	S	12	1	13	0.0003246834
Pannonibacter phragmitetus	121719	S	8	5	13	0.0003246834
Sphingomonas sp. NIC1	1961362	S	7	6	13	0.0003246834
Sphingomonas panacis	1560345	S	13	0	13	0.0003246834
Sphingomonas wittichii	160791	S	9	4	13	0.0003246834
Sphingopyxis sp. QXT-31	1357916	S	11	2	13	0.0003246834
Sphingobium hydrophobicum	1673076	S	8	5	13	0.0003246834
Novosphingobium sp. ABRDHK2	2571749	S	10	3	13	0.0003246834
Sagittula sp. P11	2009329	S	10	3	13	0.0003246834
Sandaracinus amylolyticus	927083	S	13	0	13	0.0003246834
Aliarcobacter cryaerophilus	28198	S	11	2	13	0.0003246834
Nocardia terpenica	455432	S	13	0	13	0.0003246834
Nocardia cyriacigeorgica	135487	S	12	1	13	0.0003246834
Mycobacterium intracellulare	1767	S	5	8	13	0.0003246834
Corynebacterium jeikeium	38289	S	8	5	13	0.0003246834
Microbacterium lemovicicum	1072463	S	12	1	13	0.0003246834
Microbacterium oxydans	82380	S	10	3	13	0.0003246834
Leucobacter triazinivorans	1784719	S	11	2	13	0.0003246834
Frigoribacterium sp. NBH87	2596916	S	12	1	13	0.0003246834
Serinicoccus hydrothermalis	1758689	S	9	4	13	0.0003246834
Saccharopolyspora pogona	333966	S	3	10	13	0.0003246834
Staphylococcus hominis	1290	S	12	1	13	0.0003246834
Streptococcus thermophilus	1308	S	12	1	13	0.0003246834
Paucilactobacillus hokkaidonensis	1193095	S	12	1	13	0.0003246834
Enterococcus cecorum	44008	S	12	1	13	0.0003246834
Nostoc sp. CENA543	1869241	S	13	0	13	0.0003246834
Flavobacterium sp. HYN0086	2249356	S	11	2	13	0.0003246834
Flavobacterium indicum	312277	S	13	0	13	0.0003246834
Polaribacter sp. L12M9	2738844	S	11	2	13	0.0003246834
Aquimarina sp. BL5	1714860	S	12	1	13	0.0003246834
Algibacter alginicilyticus	1736674	S	12	1	13	0.0003246834
Seonamhaeicola sp. S2-3	1936081	S	12	1	13	0.0003246834
Salegentibacter sp. T436	1729720	S	8	5	13	0.0003246834
Sphingobacterium multivorum	28454	S	8	5	13	0.0003246834
Paludibacter propionicigenes	185300	S	13	0	13	0.0003246834
Comamonas serinivorans	1082851	S	12	0	12	0.0002997078
Pulveribacter suum	2116657	S	11	1	12	0.0002997078
Burkholderia lata	482957	S	9	3	12	0.0002997078
Burkholderia anthina	179879	S	7	5	12	0.0002997078
Massilia lutea	321985	S	10	2	12	0.0002997078
Herbaspirillum seropedicae	964	S	9	3	12	0.0002997078
Duganella sp. AF9R3	2728021	S	12	0	12	0.0002997078
Pigmentiphaga aceris	1940612	S	12	0	12	0.0002997078
Azoarcus sp. CIB	198107	S	10	2	12	0.0002997078
Pseudomonas veronii	76761	S	5	7	12	0.0002997078
Leclercia adecarboxylata	83655	S	6	6	12	0.0002997078
Serratia plymuthica	82996	S	11	1	12	0.0002997078
Lysobacter antibioticus	84531	S	12	0	12	0.0002997078
Pseudoxanthomonas suwonensis	314722	S	12	0	12	0.0002997078
Aeromonas caviae	648	S	5	7	12	0.0002997078
Bradyrhizobium symbiodeficiens	1404367	S	10	2	12	0.0002997078
Bosea sp. F3-2	2599640	S	10	2	12	0.0002997078
Methylobacterium sp. WL1	2603276	S	12	0	12	0.0002997078
Methylobacterium sp. DM1	2067957	S	3	9	12	0.0002997078
Sinorhizobium meliloti	382	S	11	1	12	0.0002997078
Brucella anthropi	529	S	4	8	12	0.0002997078
Sphingomonas taxi	1549858	S	12	0	12	0.0002997078
Sphingomonas hengshuiensis	1609977	S	12	0	12	0.0002997078
Sphingomonas panacisoli	1813879	S	12	0	12	0.0002997078
Sphingopyxis sp. MG	1866325	S	3	9	12	0.0002997078
Porphyrobacter sp. YT40	2547601	S	7	5	12	0.0002997078
Paracoccus suum	2259340	S	11	1	12	0.0002997078
Roseovarius indicus	540747	S	10	2	12	0.0002997078
Lichenicola cladoniae	1484109	S	12	0	12	0.0002997078
Brevundimonas sp. LVF1	2774189	S	11	1	12	0.0002997078
Brevundimonas naejangsanensis	588932	S	11	1	12	0.0002997078
Brevundimonas diminuta	293	S	6	6	12	0.0002997078
Caulobacter flavus	1679497	S	11	1	12	0.0002997078
Phreatobacter cathodiphilus	1868589	S	11	1	12	0.0002997078
Campylobacter jejuni	197	S	4	8	12	0.0002997078
Bdellovibrio sp. NC01	2220073	S	12	0	12	0.0002997078
Mycolicibacterium phlei	1771	S	11	1	12	0.0002997078
Corynebacterium lactis	1231000	S	12	0	12	0.0002997078
Microbacterium sp. No. 7	1714373	S	10	2	12	0.0002997078
Arthrobacter sp. Rue61a	1118963	S	3	9	12	0.0002997078
Janibacter sp. YB324	2761047	S	8	4	12	0.0002997078
Streptomyces buecherae	2763006	S	12	0	12	0.0002997078
Kitasatospora sp. MMS16-BH015	2018025	S	12	0	12	0.0002997078
Nocardioides sp. S-1144	2582905	S	11	1	12	0.0002997078
Nocardioides sp. dk884	2662361	S	8	4	12	0.0002997078
Amycolatopsis mediterranei	33910	S	12	0	12	0.0002997078
Lentzea guizhouensis	1586287	S	12	0	12	0.0002997078
Actinomadura sp. WMMB 499	1219491	S	12	0	12	0.0002997078
Candidatus Planktophila lacus	1884913	S	12	0	12	0.0002997078
Euzebya sp. DY32-46	1608957	S	12	0	12	0.0002997078
Streptococcus salivarius	1304	S	8	4	12	0.0002997078
Clostridium beijerinckii	1520	S	8	4	12	0.0002997078
Megamonas funiformis	437897	S	12	0	12	0.0002997078
Nostoc sp. C057	2576903	S	5	7	12	0.0002997078
Sphaerospermopsis kisseleviana	289435	S	12	0	12	0.0002997078
Flavobacterium sp. CS20	2775246	S	10	2	12	0.0002997078
Flavobacterium faecale	1355330	S	12	0	12	0.0002997078
Flavobacterium sangjuense	2518177	S	12	0	12	0.0002997078
Chryseobacterium sp. G0162	2487063	S	7	5	12	0.0002997078
Chryseobacterium bernardetii	1241978	S	6	6	12	0.0002997078
Chryseobacterium nakagawai	1241982	S	6	6	12	0.0002997078
Elizabethkingia anophelis	1117645	S	5	7	12	0.0002997078
Empedobacter brevis	247	S	9	3	12	0.0002997078
Spirosoma pollinicola	2057025	S	12	0	12	0.0002997078
Rhodocytophaga rosea	2704465	S	12	0	12	0.0002997078
Hymenobacter sedentarius	1411621	S	12	0	12	0.0002997078
Pedobacter ginsengisoli	363852	S	12	0	12	0.0002997078
Niabella soli	446683	S	12	0	12	0.0002997078
Flavisolibacter tropicus	1492898	S	11	1	12	0.0002997078
Gemmatimonas sp. TET16	2732249	S	11	1	12	0.0002997078
Serpentinomonas raichei	1458425	S	10	1	11	0.0002747321
Ralstonia insidiosa	190721	S	10	1	11	0.0002747321
Cupriavidus campinensis	151783	S	9	2	11	0.0002747321
Bordetella pseudohinzii	1331258	S	10	1	11	0.0002747321
Pigmentiphaga sp. H8	2488560	S	11	0	11	0.0002747321
Azoarcus sp. KH32C	748247	S	11	0	11	0.0002747321
Azoarcus pumilus	2067960	S	11	0	11	0.0002747321
Dechloromonas aromatica	259537	S	10	1	11	0.0002747321
Sulfurimicrobium lacus	2715678	S	11	0	11	0.0002747321
Pseudomonas brassicacearum	930166	S	3	8	11	0.0002747321
Enterobacter sp. RHBSTW-00422	2742646	S	1	10	11	0.0002747321
Pantoea agglomerans	549	S	10	1	11	0.0002747321
Bradyrhizobium guangdongense	1325090	S	7	4	11	0.0002747321
Methylobacterium phyllosphaerae	418223	S	4	7	11	0.0002747321
Shinella sp. HZN7	879274	S	7	4	11	0.0002747321
Mesorhizobium opportunistum	593909	S	9	2	11	0.0002747321
Sphingomonas sp. C33	2698679	S	11	0	11	0.0002747321
Sphingomonas sanxanigenens	397260	S	8	3	11	0.0002747321
Sphingopyxis sp. PAMC25046	2565556	S	9	2	11	0.0002747321
Citromicrobium sp. JL477	1634516	S	9	2	11	0.0002747321
Sphingosinicella sp. BN140058	1892855	S	11	0	11	0.0002747321
Paracoccus sanguinis	1545044	S	10	1	11	0.0002747321
Magnetospirillum magneticum	84159	S	10	1	11	0.0002747321
Hypericibacter terrae	2602015	S	11	0	11	0.0002747321
Brevundimonas sp. Bb-A	2560058	S	3	8	11	0.0002747321
Phenylobacterium parvum	2201350	S	11	0	11	0.0002747321
Anaeromyxobacter dehalogenans	161493	S	7	4	11	0.0002747321
Rhodococcus opacus	37919	S	9	2	11	0.0002747321
Nocardia brasiliensis	37326	S	11	0	11	0.0002747321
Microbacterium sp. 4R-513	2567934	S	11	0	11	0.0002747321
Agromyces sp. KACC 19306	2592652	S	10	1	11	0.0002747321
Rathayibacter festucae	110937	S	6	5	11	0.0002747321
Sinomonas sp. R1AF57	2020377	S	11	0	11	0.0002747321
Brevibacterium casei	33889	S	10	1	11	0.0002747321
Streptomyces sp. NHF165	2175864	S	11	0	11	0.0002747321
Streptomyces sp. KPB2	2305221	S	2	9	11	0.0002747321
Streptomyces lydicus	47763	S	11	0	11	0.0002747321
Streptomyces griseorubiginosus	67304	S	11	0	11	0.0002747321
Streptacidiphilus sp. PB12-B1b	2705012	S	11	0	11	0.0002747321
Amycolatopsis sp. AA4	1896961	S	11	0	11	0.0002747321
Enterococcus faecalis	1351	S	10	1	11	0.0002747321
Geminocystis sp. NIES-3708	1615909	S	11	0	11	0.0002747321
Flavobacterium sp. LPB0248	2614441	S	8	3	11	0.0002747321
Flavobacterium sediminis	2201181	S	7	4	11	0.0002747321
Aequorivita sublithincola	101385	S	11	0	11	0.0002747321
Chryseobacterium gallinarum	1324352	S	10	1	11	0.0002747321
Kaistella carnis	1241979	S	9	2	11	0.0002747321
Empedobacter falsenii	343874	S	7	4	11	0.0002747321
Ornithobacterium rhinotracheale	28251	S	9	2	11	0.0002747321
Hymenobacter busanensis	2607656	S	11	0	11	0.0002747321
Mucilaginibacter rubeus	2027860	S	5	6	11	0.0002747321
Arachidicoccus sp. B3-10	2545455	S	11	0	11	0.0002747321
Opitutus terrae	107709	S	11	0	11	0.0002747321
Rhodoferax phage P26218	1636270	S	11	0	11	0.0002747321
Yellowstone lake phycodnavirus 2	1586714	S	11	0	11	0.0002747321
Ottowia sp. oral taxon 894	1658672	S	10	0	10	0.0002497565
Burkholderia contaminans	488447	S	7	3	10	0.0002497565
Paraburkholderia sp. SOS3	1926494	S	10	0	10	0.0002497565
Pandoraea norimbergensis	93219	S	10	0	10	0.0002497565
Caballeronia sp. SBC2	2705547	S	6	4	10	0.0002497565
Massilia umbonata	864828	S	8	2	10	0.0002497565
Massilia putida	1141883	S	8	2	10	0.0002497565
Herbaspirillum rubrisubalbicans	80842	S	7	3	10	0.0002497565
Undibacterium sp. KW1	2058624	S	9	1	10	0.0002497565
Bordetella trematum	123899	S	9	1	10	0.0002497565
Achromobacter deleyi	1353891	S	5	5	10	0.0002497565
Advenella mimigardefordensis	302406	S	10	0	10	0.0002497565
Azoarcus communis	41977	S	9	1	10	0.0002497565
Candidatus Erwinia haradaeae	1922217	S	10	0	10	0.0002497565
Providencia huaxiensis	2027290	S	2	8	10	0.0002497565
Xanthomonas oryzae	347	S	10	0	10	0.0002497565
Xanthomonas hyacinthi	56455	S	10	0	10	0.0002497565
Actinobacillus pleuropneumoniae	715	S	8	2	10	0.0002497565
Bradyrhizobium sp. ORS 278	114615	S	9	1	10	0.0002497565
Bradyrhizobium sp. CCBAU 51753	1325100	S	9	1	10	0.0002497565
Bradyrhizobium sp. CCBAU 53338	1325111	S	7	3	10	0.0002497565
Variibacter gotjawalensis	1333996	S	10	0	10	0.0002497565
Rhizobium etli	29449	S	5	5	10	0.0002497565
Mesorhizobium ciceri	39645	S	5	5	10	0.0002497565
Pseudolabrys sp. FHR47	2562284	S	10	0	10	0.0002497565
Starkeya novella	921	S	9	1	10	0.0002497565
Sphingomonas sp. AP4-R1	2735134	S	10	0	10	0.0002497565
Sphingomonas sp. LK11	1390395	S	9	1	10	0.0002497565
Sphingomonas sp. NBWT7	2596913	S	9	1	10	0.0002497565
Sphingomonas sp. PAMC26645	2565555	S	9	1	10	0.0002497565
Sphingomonas sp. MM-1	745310	S	5	5	10	0.0002497565
Sphingopyxis sp. OPL5	2486273	S	9	1	10	0.0002497565
Sphingopyxis terrae	33052	S	9	1	10	0.0002497565
Novosphingobium sp. Gsoil 351	2675225	S	10	0	10	0.0002497565
Parasphingopyxis algicola	2026624	S	10	0	10	0.0002497565
Erythrobacter sp. HL-111	1798193	S	10	0	10	0.0002497565
Paracoccus sp. AK26	2589076	S	10	0	10	0.0002497565
Paracoccus jeotgali	2065379	S	10	0	10	0.0002497565
Paracoccus contaminans	1945662	S	10	0	10	0.0002497565
Paracoccus denitrificans	266	S	9	1	10	0.0002497565
Rhodobacter blasticus	1075	S	10	0	10	0.0002497565
Phaeobacter gallaeciensis	60890	S	6	4	10	0.0002497565
Azospirillum sp. TSH58	664962	S	6	4	10	0.0002497565
Brevundimonas sp. LVF2	2774190	S	10	0	10	0.0002497565
Brevundimonas mediterranea	74329	S	9	1	10	0.0002497565
Chondromyces crocatus	52	S	10	0	10	0.0002497565
Myxococcus xanthus	34	S	8	2	10	0.0002497565
Corynebacterium kroppenstedtii	161879	S	10	0	10	0.0002497565
Corynebacterium segmentosum	43990	S	10	0	10	0.0002497565
Microbacterium sp. Se63.02b	2709304	S	8	2	10	0.0002497565
Microbacterium sp. PAMC 28756	1795053	S	4	6	10	0.0002497565
Microbacterium pygmaeum	370764	S	10	0	10	0.0002497565
Microterricola viridarii	412690	S	10	0	10	0.0002497565
Humibacter sp. BT305	2282656	S	2	8	10	0.0002497565
Phycicoccus sp. HDW14	2714941	S	10	0	10	0.0002497565
Streptomyces sp. SN-593	659352	S	10	0	10	0.0002497565
Streptomyces fagopyri	2662397	S	10	0	10	0.0002497565
Streptomyces chartreusis	1969	S	10	0	10	0.0002497565
Streptacidiphilus sp. P02-A3a	2704468	S	10	0	10	0.0002497565
Amycolatopsis sp. FDAARGOS 1241	2778070	S	10	0	10	0.0002497565
Amycolatopsis sp. YIM 10	2653857	S	9	1	10	0.0002497565
Micromonospora echinospora	1877	S	10	0	10	0.0002497565
Actinoplanes derwentensis	113562	S	10	0	10	0.0002497565
Phytohabitans suffuscus	624315	S	9	1	10	0.0002497565
Nonomuraea sp. ATCC 55076	1909395	S	9	1	10	0.0002497565
Nonomuraea nitratireducens	2656914	S	9	1	10	0.0002497565
Actinomyces oris	544580	S	6	4	10	0.0002497565
Lactococcus cremoris	1359	S	9	1	10	0.0002497565
Clostridium taeniosporum	394958	S	10	0	10	0.0002497565
Clostridium saccharobutylicum	169679	S	10	0	10	0.0002497565
Nostoc sp. C052	2576902	S	9	1	10	0.0002497565
Pseudanabaena sp. ABRG5-3	685565	S	10	0	10	0.0002497565
Chamaesiphon minutus	1173032	S	10	0	10	0.0002497565
Spiroplasma melliferum	2134	S	4	6	10	0.0002497565
Flavobacterium sp. P2-65	2748320	S	10	0	10	0.0002497565
Flavobacterium anhuiense	459526	S	8	2	10	0.0002497565
Polaribacter sejongensis	985043	S	10	0	10	0.0002497565
Polaribacter vadi	1774273	S	10	0	10	0.0002497565
Formosa sp. L2A11	2686363	S	9	1	10	0.0002497565
Maribacter sp. 1_2014MBL_MicDiv	1644130	S	3	7	10	0.0002497565
Lacinutrix sp. 5H-3-7-4	983544	S	8	2	10	0.0002497565
Psychroserpens sp. NJDZ02	2570561	S	5	5	10	0.0002497565
Chryseobacterium sp. POL2	2713414	S	8	2	10	0.0002497565
Cytophaga hutchinsonii	985	S	10	0	10	0.0002497565
Marivirga tractuosa	1006	S	9	1	10	0.0002497565
Pedobacter sp. eg	2201271	S	10	0	10	0.0002497565
Mucilaginibacter sp. F39-2	2728022	S	10	0	10	0.0002497565
Pseudopedobacter saltans	151895	S	8	2	10	0.0002497565
Bacteroides uniformis	820	S	6	4	10	0.0002497565
Candidatus Saccharimonas aalborgensis	1332188	S	8	2	10	0.0002497565
Methanosarcina barkeri	2208	S	10	0	10	0.0002497565
Flavobacterium phage vB_FspS_mymlan6-1	2686266	S	3	7	10	0.0002497565
Serpentinomonas mccroryi	1458426	S	9	0	9	0.0002247808
Burkholderia ambifaria	152480	S	5	4	9	0.0002247808
Burkholderia sp. KK1	1855726	S	6	3	9	0.0002247808
Paraburkholderia aromaticivorans	2026199	S	7	2	9	0.0002247808
Limnobacter sp. SAORIC-580	2732163	S	9	0	9	0.0002247808
Massilia sp. CCM 8941	2765360	S	7	2	9	0.0002247808
Massilia flava	871742	S	8	1	9	0.0002247808
Azospira sp. I09	1765049	S	4	5	9	0.0002247808
Pseudogulbenkiania sp. NH8B	748280	S	9	0	9	0.0002247808
Pseudomonas mendocina	300	S	9	0	9	0.0002247808
Pseudomonas oryzihabitans	47885	S	9	0	9	0.0002247808
Pseudomonas monteilii	76759	S	6	3	9	0.0002247808
Pseudomonas otitidis	319939	S	9	0	9	0.0002247808
Acinetobacter guillouiae	106649	S	9	0	9	0.0002247808
Psychrobacter sp. G	571800	S	4	5	9	0.0002247808
Stenotrophomonas acidaminiphila	128780	S	7	2	9	0.0002247808
Legionella pneumophila	446	S	9	0	9	0.0002247808
Bradyrhizobium sp. CCBAU 53421	1325120	S	8	1	9	0.0002247808
Bosea vaviloviae	1526658	S	8	1	9	0.0002247808
Methylobacterium nodulans	114616	S	9	0	9	0.0002247808
Mesorhizobium sp. N3	675281	S	8	1	9	0.0002247808
Devosia sp. S02	2657486	S	9	0	9	0.0002247808
Xanthobacter sp. YN2	2528964	S	8	1	9	0.0002247808
Parvibaculum lavamentivorans	256618	S	7	2	9	0.0002247808
Sphingomonas sp. LMO-1	2681549	S	9	0	9	0.0002247808
Sphingomonas sp. LM7	1938607	S	9	0	9	0.0002247808
Sphingobium sp. CAP-1	2676077	S	6	3	9	0.0002247808
Sphingobium japonicum	332056	S	7	2	9	0.0002247808
Sphingosinithalassobacter sp. CS137	2762748	S	9	0	9	0.0002247808
Porphyrobacter sp. CACIAM 03H1	2003315	S	8	1	9	0.0002247808
Porphyrobacter sp. LM 6	1896196	S	7	2	9	0.0002247808
Sulfitobacter sp. AM1-D1	1917485	S	6	3	9	0.0002247808
Sulfitobacter pseudonitzschiae	1402135	S	8	1	9	0.0002247808
Rhodobacter capsulatus	1061	S	9	0	9	0.0002247808
Rhodovulum sp. P5	1564506	S	9	0	9	0.0002247808
Rhodobaca barguzinensis	441209	S	9	0	9	0.0002247808
Brevundimonas sp. MF30-B	2561924	S	9	0	9	0.0002247808
Caulobacter soli	2708539	S	8	1	9	0.0002247808
Phenylobacterium zucineum	284016	S	9	0	9	0.0002247808
Ehrlichia ruminantium	779	S	9	0	9	0.0002247808
Hyphobacterium sp. CCMP332	2749086	S	9	0	9	0.0002247808
Archangium violaceum	83451	S	7	2	9	0.0002247808
Anaeromyxobacter sp. K	447217	S	4	5	9	0.0002247808
Pseudodesulfovibrio indicus	1716143	S	8	1	9	0.0002247808
Arcobacter suis	1278212	S	9	0	9	0.0002247808
Arcobacter ellisii	913109	S	8	1	9	0.0002247808
Sulfurimonas sp. 1-1N	2590021	S	3	6	9	0.0002247808
Helicobacter pylori	210	S	9	0	9	0.0002247808
Nocardia sp. CS682	1047172	S	9	0	9	0.0002247808
Mycolicibacterium sediminis	1286180	S	9	0	9	0.0002247808
Mycolicibacterium aubagnense	319707	S	9	0	9	0.0002247808
Mycolicibacterium fluoranthenivorans	258505	S	9	0	9	0.0002247808
Mycobacterium gordonae	1778	S	9	0	9	0.0002247808
Corynebacterium sp. L2-79-05	373068	S	1	8	9	0.0002247808
Corynebacterium tuberculostearicum	38304	S	8	1	9	0.0002247808
Gordonia sp. YC-JH1	2059875	S	7	2	9	0.0002247808
Gordonia terrae	2055	S	7	2	9	0.0002247808
Microbacterium aurum	36805	S	8	1	9	0.0002247808
Paenarthrobacter ureafaciens	37931	S	2	7	9	0.0002247808
Rothia mucilaginosa	43675	S	9	0	9	0.0002247808
Sanguibacter keddieii	60920	S	9	0	9	0.0002247808
Streptomyces sp. NEAU-sy36	2751189	S	9	0	9	0.0002247808
Streptomyces capitiformicae	2014920	S	9	0	9	0.0002247808
Streptomyces luteoverticillatus	66425	S	9	0	9	0.0002247808
Streptomyces rimosus	1927	S	9	0	9	0.0002247808
Nocardioides sp. JS614	196162	S	9	0	9	0.0002247808
Nocardioides humi	449461	S	8	1	9	0.0002247808
Amycolatopsis japonica	208439	S	6	3	9	0.0002247808
Pseudonocardia sp. EC080625-04	1096868	S	1	8	9	0.0002247808
Pseudonocardia broussonetiae	2736640	S	9	0	9	0.0002247808
Saccharothrix sp. 6-C	2781735	S	8	1	9	0.0002247808
Actinoplanes teichomyceticus	1867	S	9	0	9	0.0002247808
Actinomadura verrucosospora	46165	S	9	0	9	0.0002247808
Bifidobacterium longum	216816	S	4	5	9	0.0002247808
Catenulispora acidiphila	304895	S	9	0	9	0.0002247808
Gordonibacter pamelaeae	471189	S	8	1	9	0.0002247808
Bacillus toyonensis	155322	S	2	7	9	0.0002247808
Caldibacillus thermoamylovorans	35841	S	9	0	9	0.0002247808
Staphylococcus simulans	1286	S	9	0	9	0.0002247808
Staphylococcus equorum	246432	S	8	1	9	0.0002247808
Brevibacillus brevis	1393	S	9	0	9	0.0002247808
Listeria innocua	1642	S	7	2	9	0.0002247808
Streptococcus oralis	1303	S	7	2	9	0.0002247808
Clostridium sp. MF28	1702238	S	2	7	9	0.0002247808
Clostridium novyi	1542	S	5	4	9	0.0002247808
Crassaminicella sp. SY095	2599308	S	9	0	9	0.0002247808
Ethanoligenens harbinense	253239	S	9	0	9	0.0002247808
Nostoc edaphicum	264686	S	8	1	9	0.0002247808
Planktothrix rubescens	59512	S	5	4	9	0.0002247808
Halomicronema hongdechloris	1209493	S	9	0	9	0.0002247808
Deinococcus wulumuqiensis	980427	S	8	1	9	0.0002247808
Flavobacterium kingsejongi	1678728	S	9	0	9	0.0002247808
Polaribacter sp. BM10	1529069	S	3	6	9	0.0002247808
Tenacibaculum sp. SZ-18	754423	S	9	0	9	0.0002247808
Capnocytophaga sputigena	1019	S	8	1	9	0.0002247808
Formosa agariphila	320324	S	8	1	9	0.0002247808
Chryseobacterium haifense	421525	S	4	5	9	0.0002247808
Hymenobacter sp. PAMC 26628	1484118	S	9	0	9	0.0002247808
Hymenobacter sp. BRD67	2675877	S	6	3	9	0.0002247808
Sphingobacterium spiritivorum	258	S	7	2	9	0.0002247808
Olivibacter sp. LS-1	2592345	S	1	8	9	0.0002247808
Niabella ginsenosidivorans	1176587	S	9	0	9	0.0002247808
Flavisolibacter ginsenosidimutans	661481	S	9	0	9	0.0002247808
Bacteroides thetaiotaomicron	818	S	9	0	9	0.0002247808
Gemmatimonas phototrophica	1379270	S	8	1	9	0.0002247808
Lignipirellula cremea	2528010	S	9	0	9	0.0002247808
Symmachiella dynata	2527995	S	9	0	9	0.0002247808
Tautonia plasticadhaerens	2527974	S	9	0	9	0.0002247808
Humisphaera borealis	2807512	S	9	0	9	0.0002247808
Verrucomicrobium sp. GAS474	1882831	S	9	0	9	0.0002247808
Paludibaculum fermentans	1473598	S	9	0	9	0.0002247808
Human betaherpesvirus 7	10372	S	9	0	9	0.0002247808
Delftia sp. Cs1-4	742013	S	3	5	8	0.0001998052
Burkholderia sp. THE68	758782	S	8	0	8	0.0001998052
Cupriavidus pinatubonensis	248026	S	6	2	8	0.0001998052
Cupriavidus gilardii	82541	S	2	6	8	0.0001998052
Polynucleobacter duraquae	1835254	S	8	0	8	0.0001998052
Massilia sp. NR 4-1	1678028	S	8	0	8	0.0001998052
Massilia plicata	321984	S	7	1	8	0.0001998052
Achromobacter insolitus	217204	S	7	1	8	0.0001998052
Thauera sp. K11	2005884	S	7	1	8	0.0001998052
Aromatoleum aromaticum	551760	S	8	0	8	0.0001998052
Methylophilus sp. TWE2	1662285	S	8	0	8	0.0001998052
Methyloversatilis sp. RAC08	1842540	S	8	0	8	0.0001998052
Usitatibacter rugosus	2732067	S	8	0	8	0.0001998052
Casimicrobium huifangae	2591109	S	8	0	8	0.0001998052
Pseudomonas oleovorans	301	S	4	4	8	0.0001998052
Pseudomonas yamanorum	515393	S	8	0	8	0.0001998052
Pseudomonas entomophila	312306	S	8	0	8	0.0001998052
Acinetobacter sp. MYb10	1827285	S	8	0	8	0.0001998052
Psychrobacter urativorans	45610	S	8	0	8	0.0001998052
Escherichia fergusonii	564	S	7	1	8	0.0001998052
Raoultella ornithinolytica	54291	S	4	4	8	0.0001998052
Pantoea dispersa	59814	S	8	0	8	0.0001998052
Yersinia kristensenii	28152	S	4	4	8	0.0001998052
Proteus vulgaris	585	S	5	3	8	0.0001998052
Lysobacter capsici	435897	S	8	0	8	0.0001998052
Halomonas sp. THAF5a	2587844	S	8	0	8	0.0001998052
Hahella sp. KA22	1628392	S	6	2	8	0.0001998052
Paraglaciecola sp. L3A3	2686358	S	8	0	8	0.0001998052
Candidatus Thiodictyon syntrophicum	1166950	S	8	0	8	0.0001998052
Marichromatium purpuratum	37487	S	8	0	8	0.0001998052
Thioflavicoccus mobilis	80679	S	8	0	8	0.0001998052
Nitrobacter hamburgensis	912	S	8	0	8	0.0001998052
Microvirga ossetica	1882682	S	8	0	8	0.0001998052
Rhizobium sp. N324	1703969	S	1	7	8	0.0001998052
Rhizobium oryzihabitans	2267833	S	5	3	8	0.0001998052
Ensifer sojae	716925	S	5	3	8	0.0001998052
Mesorhizobium amorphae	71433	S	7	1	8	0.0001998052
Aquabacter sp. L1I39	2820278	S	8	0	8	0.0001998052
Ancylobacter sp. TS-1	1850374	S	6	2	8	0.0001998052
Nordella sp. HKS 07	2712222	S	8	0	8	0.0001998052
Sphingomonas sp. Cra20	1327635	S	8	0	8	0.0001998052
Sphingomonas sp. C8-2	2492837	S	5	3	8	0.0001998052
Sphingobium chlorophenolicum	46429	S	6	2	8	0.0001998052
Erythrobacter sp. HKB08	2502843	S	8	0	8	0.0001998052
Croceicoccus sp. YJ47	2798724	S	7	1	8	0.0001998052
Paracoccus zhejiangensis	1077935	S	7	1	8	0.0001998052
Magnetospirillum sp. XM-1	1663591	S	7	1	8	0.0001998052
Tistrella mobilis	171437	S	7	1	8	0.0001998052
Roseococcus sp. NIBR12	2771361	S	8	0	8	0.0001998052
Brevundimonas sp. CS1	2813778	S	5	3	8	0.0001998052
Caulobacter henricii	69395	S	8	0	8	0.0001998052
Caulobacter segnis	88688	S	7	1	8	0.0001998052
Candidatus Pelagibacter sp. RS39	1977864	S	8	0	8	0.0001998052
Cystobacter fuscus	43	S	5	3	8	0.0001998052
Melittangium boletus	83453	S	5	3	8	0.0001998052
Campylobacter lanienae	75658	S	8	0	8	0.0001998052
Sulfurospirillum sp. UCH001	1581011	S	7	1	8	0.0001998052
Rhodococcus ruber	1830	S	8	0	8	0.0001998052
Nocardia mangyaensis	2213200	S	8	0	8	0.0001998052
Mycolicibacterium chitae	1792	S	8	0	8	0.0001998052
Corynebacterium kefirresidentii	1979527	S	7	1	8	0.0001998052
Gordonia bronchialis	2054	S	8	0	8	0.0001998052
Microbacterium sp. 10M-3C3	2483401	S	7	1	8	0.0001998052
Microbacterium foliorum	104336	S	7	1	8	0.0001998052
Microbacterium sediminis	904291	S	6	2	8	0.0001998052
Rathayibacter sp. VKM Ac-2760	2609253	S	6	2	8	0.0001998052
Leifsonia xyli	1575	S	7	1	8	0.0001998052
Herbiconiux sp. SALV-R1	2735133	S	8	0	8	0.0001998052
Arthrobacter sp. PM3	2017685	S	8	0	8	0.0001998052
Arthrobacter crystallopoietes	37928	S	8	0	8	0.0001998052
Brevibacterium linens	1703	S	5	3	8	0.0001998052
Cellulosimicrobium cellulans	1710	S	5	3	8	0.0001998052
Miniimonas sp. S16	2171623	S	7	1	8	0.0001998052
Streptomyces sp. INR7	2607753	S	7	1	8	0.0001998052
Streptomyces griseus	1911	S	7	1	8	0.0001998052
Streptomyces griseochromogenes	68214	S	8	0	8	0.0001998052
Streptomyces vinaceus	1960	S	8	0	8	0.0001998052
Streptomyces seoulensis	73044	S	8	0	8	0.0001998052
Kitasatospora sp. NA04385	2742135	S	8	0	8	0.0001998052
Microlunatus soli	630515	S	8	0	8	0.0001998052
Nocardioides sambongensis	2589074	S	8	0	8	0.0001998052
Nocardioides marinisabuli	419476	S	7	1	8	0.0001998052
Amycolatopsis sp. Hca4	2742131	S	8	0	8	0.0001998052
Amycolatopsis keratiniphila	129921	S	6	2	8	0.0001998052
Kibdelosporangium phytohabitans	860235	S	8	0	8	0.0001998052
Micromonospora sp. B006	2201999	S	7	1	8	0.0001998052
Micromonospora tulbaghiae	479978	S	7	1	8	0.0001998052
Actinoplanes sp. OR16	946334	S	4	4	8	0.0001998052
Actinoplanes missouriensis	1866	S	8	0	8	0.0001998052
Actinomadura sp. WMMA1423	2591108	S	8	0	8	0.0001998052
Frankia alni	1859	S	7	1	8	0.0001998052
Baekduia soli	496014	S	8	0	8	0.0001998052
Conexibacter sp. SYSU D00693	2812560	S	8	0	8	0.0001998052
Bacillus circulans	1397	S	8	0	8	0.0001998052
Bacillus vini	1476025	S	8	0	8	0.0001998052
Macrococcus bohemicus	1903056	S	1	7	8	0.0001998052
Mammaliicoccus sciuri	1296	S	8	0	8	0.0001998052
Streptococcus gordonii	1302	S	8	0	8	0.0001998052
Lactococcus garvieae	1363	S	7	1	8	0.0001998052
Tetragenococcus halophilus	51669	S	8	0	8	0.0001998052
Clostridium sp. CT4	2320868	S	8	0	8	0.0001998052
Clostridium sp. JN-9	2507159	S	8	0	8	0.0001998052
Clostridium pasteurianum	1501	S	8	0	8	0.0001998052
Clostridium butyricum	1492	S	8	0	8	0.0001998052
Faecalibacterium prausnitzii	853	S	7	1	8	0.0001998052
Thermaerobacter sp. PB12/4term	2293838	S	5	3	8	0.0001998052
Symbiobacterium thermophilum	2734	S	8	0	8	0.0001998052
Phascolarctobacterium faecium	33025	S	8	0	8	0.0001998052
Finegoldia magna	1260	S	7	1	8	0.0001998052
Geminocystis sp. NIES-3709	1617448	S	8	0	8	0.0001998052
Synechococcus sp. WH 8102	84588	S	1	7	8	0.0001998052
Thermosynechococcus sp. TA-1	2813673	S	1	7	8	0.0001998052
Spiroplasma corruscae	216934	S	8	0	8	0.0001998052
Deinococcus actinosclerus	1768108	S	7	1	8	0.0001998052
Winogradskyella schleiferi	2686078	S	5	3	8	0.0001998052
Chryseobacterium sp. 3008163	2478663	S	8	0	8	0.0001998052
Chryseobacterium sp. NBC 122	2547600	S	8	0	8	0.0001998052
Chryseobacterium carnipullorum	1124835	S	7	1	8	0.0001998052
Kaistella flava (ex Peng et al. 2021)	2038776	S	7	1	8	0.0001998052
Riemerella anatipestifer	34085	S	4	4	8	0.0001998052
Spirosoma sp. KCTC 42546	2520506	S	8	0	8	0.0001998052
Runella sp. HYN0085	2259595	S	8	0	8	0.0001998052
Hymenobacter sp. APR13	1356852	S	7	1	8	0.0001998052
Flammeovirga sp. MY04	1191459	S	8	0	8	0.0001998052
Pedobacter sp. PACM 27299	1727164	S	8	0	8	0.0001998052
Pedobacter cryoconitis	188932	S	8	0	8	0.0001998052
Sphingobacterium sp. ML3W	1538644	S	8	0	8	0.0001998052
Mucilaginibacter mallensis	652787	S	8	0	8	0.0001998052
Phocaeicola vulgatus	821	S	5	3	8	0.0001998052
Planctopirus ephydatiae	2528019	S	7	1	8	0.0001998052
Paludisphaera borealis	1387353	S	6	2	8	0.0001998052
Luteitalea pratensis	1855912	S	8	0	8	0.0001998052
Leptospirillum ferrooxidans	180	S	1	7	8	0.0001998052
Acidianus manzaensis	282676	S	8	0	8	0.0001998052
Flavobacterium phage vB_FspS_snork6-1	2686270	S	1	7	8	0.0001998052
Flavobacterium phage vB_FspS_mumin9-1	2686263	S	1	7	8	0.0001998052
Burkholderia pseudomultivorans	1207504	S	4	3	7	0.0001748295
Burkholderia glumae	337	S	7	0	7	0.0001748295
Burkholderia plantarii	41899	S	7	0	7	0.0001748295
Cupriavidus sp. USMAA2-4	876364	S	1	6	7	0.0001748295
Paraburkholderia atlantica	2654982	S	7	0	7	0.0001748295
Paraburkholderia acidisoli	2571748	S	7	0	7	0.0001748295
Pandoraea oxalativorans	573737	S	6	1	7	0.0001748295
Massilia sp. WG5	1707785	S	5	2	7	0.0001748295
Massilia armeniaca	2072590	S	5	2	7	0.0001748295
Collimonas pratensis	279113	S	6	1	7	0.0001748295
Undibacterium parvum	401471	S	7	0	7	0.0001748295
Noviherbaspirillum sp. UKPF54	2601898	S	7	0	7	0.0001748295
Orrella dioscoreae	1851544	S	7	0	7	0.0001748295
Thauera sp. MZ1T	85643	S	5	2	7	0.0001748295
Aromatoleum petrolei	76116	S	7	0	7	0.0001748295
Neisseria sicca	490	S	6	1	7	0.0001748295
Sulfuriferula plumbiphila	171865	S	7	0	7	0.0001748295
Denitratisoma sp. DHT3	1981880	S	6	1	7	0.0001748295
Candidatus Accumulibacter phosphatis	327160	S	7	0	7	0.0001748295
Pseudomonas sp. ABC1	2748080	S	7	0	7	0.0001748295
Pseudomonas sp. ATCC 13867	1294143	S	7	0	7	0.0001748295
Pseudomonas sp. CCOS 191	1649877	S	6	1	7	0.0001748295
Pseudomonas sp. MRSN12121	1611770	S	4	3	7	0.0001748295
Pseudomonas granadensis	1421430	S	6	1	7	0.0001748295
Acinetobacter bereziniae	106648	S	7	0	7	0.0001748295
Acinetobacter schindleri	108981	S	6	1	7	0.0001748295
Acinetobacter lwoffii	28090	S	5	2	7	0.0001748295
Klebsiella michiganensis	1134687	S	4	3	7	0.0001748295
Enterobacter sp. 638	399742	S	7	0	7	0.0001748295
Pantoea sp. MT58	2768165	S	1	6	7	0.0001748295
Xenorhabdus bovienii	40576	S	7	0	7	0.0001748295
Morganella morganii	582	S	7	0	7	0.0001748295
Luteimonas sp. JM171	1896164	S	7	0	7	0.0001748295
Dokdonella koreensis	323415	S	7	0	7	0.0001748295
Halomonas campisalis	74661	S	1	6	7	0.0001748295
Shewanella sp. Scap07	2589987	S	7	0	7	0.0001748295
Salinimonas sp. G2-b	2785918	S	7	0	7	0.0001748295
Vibrio campbellii	680	S	7	0	7	0.0001748295
Rheinheimera sp. LHK132	2498451	S	7	0	7	0.0001748295
Aeromonas sp. ASNIH4	1636609	S	3	4	7	0.0001748295
Francisella tularensis	263	S	6	1	7	0.0001748295
Legionella waltersii	66969	S	7	0	7	0.0001748295
Bradyrhizobium sp. 1(2017)	1404888	S	6	1	7	0.0001748295
Bradyrhizobium sp. TM102	2599819	S	1	6	7	0.0001748295
Bradyrhizobium canariense	255045	S	7	0	7	0.0001748295
Bradyrhizobium arachidis	858423	S	6	1	7	0.0001748295
Bradyrhizobium cosmicum	1404864	S	6	1	7	0.0001748295
Bradyrhizobium guangxiense	1325115	S	5	2	7	0.0001748295
Methylorubrum zatmanii	29429	S	1	6	7	0.0001748295
Rhizobium sp. Khangiran2	1435607	S	4	3	7	0.0001748295
Rhizobium daejeonense	240521	S	5	2	7	0.0001748295
Agrobacterium vitis	373	S	7	0	7	0.0001748295
Sinorhizobium medicae	110321	S	6	1	7	0.0001748295
Ensifer adhaerens	106592	S	7	0	7	0.0001748295
Mesorhizobium sp. M8A.F.Ca.ET.057.01.1.1	2493679	S	6	1	7	0.0001748295
Mesorhizobium loti	381	S	2	5	7	0.0001748295
Phyllobacterium sp. 628	2718938	S	7	0	7	0.0001748295
Devosia ginsengisoli	400770	S	7	0	7	0.0001748295
Hyphomicrobium sp. MC1	717785	S	7	0	7	0.0001748295
Rhodoplanes sp. Z2-YC6860	674703	S	7	0	7	0.0001748295
Paradevosia shaoguanensis	1335043	S	2	5	7	0.0001748295
Pseudolabrys taiwanensis	331696	S	7	0	7	0.0001748295
Azorhizobium caulinodans	7	S	7	0	7	0.0001748295
Aureimonas sp. AU20	1349819	S	7	0	7	0.0001748295
Aureimonas sp. LMG 31693	2758041	S	7	0	7	0.0001748295
Aureimonas sp. OT7	2816454	S	4	3	7	0.0001748295
Brucella sp. 09RB8910	1844051	S	1	6	7	0.0001748295
Methylocella silvestris	199596	S	7	0	7	0.0001748295
Sphingomonas sp. YZ-8	2319844	S	7	0	7	0.0001748295
Sphingobium sp. EP60837	1855519	S	6	1	7	0.0001748295
Sphingobium sp. YBL2	484429	S	1	6	7	0.0001748295
Novosphingobium sp. PP1Y	702113	S	6	1	7	0.0001748295
Sphingosinithalassobacter sp. zrk23	2711215	S	6	1	7	0.0001748295
Porphyrobacter sp. HT-58-2	2023229	S	6	1	7	0.0001748295
Sandaracinobacter sp. M6	2759707	S	7	0	7	0.0001748295
Paracoccus pantotrophus	82367	S	7	0	7	0.0001748295
Rhodobacter sp. CZR27	2033869	S	7	0	7	0.0001748295
Salipiger profundus	1229727	S	6	1	7	0.0001748295
Pontivivens sp. MT2928	2789856	S	7	0	7	0.0001748295
Antarctobacter heliothermus	74033	S	7	0	7	0.0001748295
Dinoroseobacter shibae	215813	S	6	1	7	0.0001748295
Azospirillum lipoferum	193	S	6	1	7	0.0001748295
Azospirillum thiophilum	528244	S	6	1	7	0.0001748295
Skermanella pratensis	2233999	S	6	1	7	0.0001748295
Gluconacetobacter diazotrophicus	33996	S	7	0	7	0.0001748295
Brevundimonas sp. SGAir0440	2579977	S	5	2	7	0.0001748295
Caulobacter sp. K31	366602	S	7	0	7	0.0001748295
Rickettsia raoultii	369822	S	5	2	7	0.0001748295
Orientia tsutsugamushi	784	S	7	0	7	0.0001748295
Anaeromyxobacter sp. Fw109-5	404589	S	7	0	7	0.0001748295
Geobacter sp. SVR	2495594	S	7	0	7	0.0001748295
Desulfotalea psychrophila	84980	S	7	0	7	0.0001748295
Aliarcobacter butzleri	28197	S	7	0	7	0.0001748295
Campylobacter iguaniorum	1244531	S	7	0	7	0.0001748295
Nitratiruptor sp. SB155-2	387092	S	6	1	7	0.0001748295
Rhodococcus sp. MTM3W5.2	1805827	S	7	0	7	0.0001748295
Nocardia farcinica	37329	S	7	0	7	0.0001748295
Mycobacterium dioxanotrophicus	482462	S	7	0	7	0.0001748295
Corynebacterium marinum	349751	S	7	0	7	0.0001748295
Microbacterium sp. NY27	2782169	S	7	0	7	0.0001748295
Microbacterium sp. RG1	2489212	S	7	0	7	0.0001748295
Microbacterium oleivorans	273677	S	7	0	7	0.0001748295
Arthrobacter sp. D5-1	1477518	S	6	1	7	0.0001748295
Arthrobacter sp. AQ5-05	2184581	S	2	5	7	0.0001748295
Arthrobacter agilis	37921	S	7	0	7	0.0001748295
Janibacter melonis	262209	S	7	0	7	0.0001748295
Cellulomonas sp. PSBB021	2003551	S	6	1	7	0.0001748295
Brevibacterium sp. CS2	2575923	S	7	0	7	0.0001748295
Isoptericola dokdonensis	372663	S	7	0	7	0.0001748295
Brachybacterium faecium	43669	S	7	0	7	0.0001748295
Georgenia sp. Z443	2589797	S	7	0	7	0.0001748295
Haloactinobacterium sp. HY164	2675754	S	7	0	7	0.0001748295
Streptomyces sp. CRXT-G-22	2768066	S	7	0	7	0.0001748295
Streptomyces mobaraensis	35621	S	7	0	7	0.0001748295
Streptomyces lavendulae	1914	S	7	0	7	0.0001748295
Streptomyces galilaeus	33899	S	7	0	7	0.0001748295
Streptomyces cattleya	29303	S	7	0	7	0.0001748295
Streptomyces bathyalis	2710756	S	7	0	7	0.0001748295
Streptomyces alboflavus	67267	S	7	0	7	0.0001748295
Cutibacterium granulosum	33011	S	7	0	7	0.0001748295
Microlunatus phosphovorus	29405	S	7	0	7	0.0001748295
Brevilactibacter sp. MC1595	2819349	S	7	0	7	0.0001748295
Nocardioides sp. zg-579	2663857	S	6	1	7	0.0001748295
Nocardioides euryhalodurans	2518370	S	7	0	7	0.0001748295
Friedmanniella luteola	546871	S	7	0	7	0.0001748295
Kribbella flavida	182640	S	7	0	7	0.0001748295
Pseudonocardia sp. CGMCC 4.1532	2761535	S	7	0	7	0.0001748295
Pseudonocardia dioxanivorans	240495	S	7	0	7	0.0001748295
Allokutzneria albata	211114	S	7	0	7	0.0001748295
Micromonospora echinaurantiaca	47857	S	7	0	7	0.0001748295
Micromonospora krabiensis	307121	S	7	0	7	0.0001748295
Micromonospora narathiwatensis	299146	S	7	0	7	0.0001748295
Micromonospora craniellae	2294034	S	6	1	7	0.0001748295
Plantactinospora sp. KBS50	2024580	S	7	0	7	0.0001748295
Streptosporangium roseum	2001	S	6	1	7	0.0001748295
Streptosporangium sp. 'caverna'	2202249	S	6	1	7	0.0001748295
Conexibacter woesei	191495	S	7	0	7	0.0001748295
Bacillus cytotoxicus	580165	S	7	0	7	0.0001748295
Bacillus pumilus	1408	S	7	0	7	0.0001748295
Lysinibacillus sphaericus	1421	S	4	3	7	0.0001748295
Staphylococcus pseudintermedius	283734	S	7	0	7	0.0001748295
Listeria monocytogenes	1639	S	7	0	7	0.0001748295
Streptococcus pyogenes	1314	S	6	1	7	0.0001748295
Limosilactobacillus fermentum	1613	S	7	0	7	0.0001748295
Ligilactobacillus salivarius	1624	S	7	0	7	0.0001748295
Enterococcus faecium	1352	S	5	2	7	0.0001748295
Clostridium septicum	1504	S	7	0	7	0.0001748295
Lachnoclostridium phytofermentans	66219	S	7	0	7	0.0001748295
Halanaerobium praevalens	2331	S	7	0	7	0.0001748295
Dialister pneumosintes	39950	S	6	1	7	0.0001748295
Nostoc sphaeroides	446679	S	6	1	7	0.0001748295
Nostoc punctiforme	272131	S	5	2	7	0.0001748295
Rivularia sp. PCC 7116	373994	S	7	0	7	0.0001748295
Moorea producens	1155739	S	7	0	7	0.0001748295
Mycoplasma yeatsii	51365	S	6	1	7	0.0001748295
Mycoplasma hominis	2098	S	6	1	7	0.0001748295
Candidatus Promineofilum breve	1806508	S	7	0	7	0.0001748295
Flavobacterium crassostreae	1763534	S	7	0	7	0.0001748295
Flavobacterium alkalisoli	2602769	S	7	0	7	0.0001748295
Polaribacter sp. Hel1_33_78	1336804	S	7	0	7	0.0001748295
Polaribacter sp. KT25b	1855336	S	7	0	7	0.0001748295
Tenacibaculum dicentrarchi	669041	S	6	1	7	0.0001748295
Capnocytophaga stomatis	1848904	S	7	0	7	0.0001748295
Cellulophaga algicola	59600	S	7	0	7	0.0001748295
Nonlabens dokdonensis	328515	S	7	0	7	0.0001748295
Nonlabens sediminis	319236	S	2	5	7	0.0001748295
Aequorivita sp. H23M31	2494375	S	7	0	7	0.0001748295
Psychroflexus torquis	57029	S	7	0	7	0.0001748295
Changchengzhania lutea	2049305	S	7	0	7	0.0001748295
Chryseobacterium joostei	112234	S	6	1	7	0.0001748295
Elizabethkingia sp. JS20170427COW	2583851	S	7	0	7	0.0001748295
Elizabethkingia sp. M8	2796140	S	2	5	7	0.0001748295
Elizabethkingia meningoseptica	238	S	7	0	7	0.0001748295
Elizabethkingia miricola	172045	S	5	2	7	0.0001748295
Spirosoma sp. PL0136	2710596	S	7	0	7	0.0001748295
Spirosoma montaniterrae	1178516	S	7	0	7	0.0001748295
Pontibacter akesuensis	388950	S	7	0	7	0.0001748295
Aquiflexum balticum	280473	S	7	0	7	0.0001748295
Chryseolinea soli	2321403	S	7	0	7	0.0001748295
Bernardetia litoralis	999	S	7	0	7	0.0001748295
Sphingobacterium sp. UDSM-2020	2795738	S	7	0	7	0.0001748295
Mucilaginibacter xinganensis	1234841	S	7	0	7	0.0001748295
Arachidicoccus ginsenosidivorans	496057	S	7	0	7	0.0001748295
Niastella koreensis	354356	S	7	0	7	0.0001748295
Pseudocnuella soli	2502779	S	7	0	7	0.0001748295
Chlorobium phaeobacteroides	1096	S	6	1	7	0.0001748295
Stieleria maiorica	2795974	S	5	2	7	0.0001748295
Botrimarina mediterranea	2528022	S	7	0	7	0.0001748295
Gimesia benthica	2608982	S	5	2	7	0.0001748295
Singulisphaera acidiphila	466153	S	6	1	7	0.0001748295
Akkermansia glycaniphila	1679444	S	7	0	7	0.0001748295
Candidatus Protochlamydia amoebophila	362787	S	5	2	7	0.0001748295
Borrelia crocidurae	29520	S	4	3	7	0.0001748295
Streptobacillus moniliformis	34105	S	7	0	7	0.0001748295
Candidatus Nanosynbacter lyticus	2093824	S	5	2	7	0.0001748295
Dictyoglomus turgidum	513050	S	7	0	7	0.0001748295
Nitrosopumilus adriaticus	1580092	S	7	0	7	0.0001748295
Flavobacterium phage vB_FspS_snusmum6-1	2686273	S	4	3	7	0.0001748295
Flavobacterium virus 2A	2560471	S	1	6	7	0.0001748295
Acidovorax cattleyae	80868	S	5	1	6	0.0001498539
Polaromonas sp. H8N	1840297	S	4	2	6	0.0001498539
Ralstonia syzygii	28097	S	2	4	6	0.0001498539
Burkholderia stagnalis	1503054	S	5	1	6	0.0001498539
Burkholderia sp. MSMB0852	1637841	S	4	2	6	0.0001498539
Paraburkholderia graminis	60548	S	6	0	6	0.0001498539
Paraburkholderia megapolitana	420953	S	6	0	6	0.0001498539
Paraburkholderia fungorum	134537	S	6	0	6	0.0001498539
Caballeronia sp. M1242	2814653	S	6	0	6	0.0001498539
Chitinimonas arctica	2594795	S	6	0	6	0.0001498539
Janthinobacterium sp. 17J80-10	2497863	S	6	0	6	0.0001498539
Herbaspirillum frisingense	92645	S	5	1	6	0.0001498539
Thiomonas intermedia	926	S	6	0	6	0.0001498539
Bordetella sp. H567	1697043	S	6	0	6	0.0001498539
Bordetella sp. N	1746199	S	6	0	6	0.0001498539
Bordetella genomosp. 13	463040	S	5	1	6	0.0001498539
Castellaniella defragrans	75697	S	5	1	6	0.0001498539
Azoarcus olearius	418699	S	6	0	6	0.0001498539
Niveibacterium sp. HC41	2811415	S	6	0	6	0.0001498539
Crenobacter cavernae	2290923	S	6	0	6	0.0001498539
Sulfuriferula sp. AH1	1985873	S	6	0	6	0.0001498539
Sulfuriferula nivalis	2675298	S	6	0	6	0.0001498539
Sterolibacterium denitrificans	157592	S	6	0	6	0.0001498539
Candidatus Nitrotoga sp. AM1P	2559597	S	6	0	6	0.0001498539
Pseudomonas sp. HLS-6	2049589	S	6	0	6	0.0001498539
Pseudomonas sp. Tri1	2823875	S	6	0	6	0.0001498539
Pseudomonas sp. S1-A32-2	2731681	S	6	0	6	0.0001498539
Pseudomonas sp. MPC6	2498848	S	6	0	6	0.0001498539
Pseudomonas sp. DY-1	1755504	S	6	0	6	0.0001498539
Pseudomonas sp. Y39-6	2749807	S	2	4	6	0.0001498539
Pseudomonas rhodesiae	76760	S	6	0	6	0.0001498539
Pseudomonas synxantha	47883	S	5	1	6	0.0001498539
Pseudomonas libanensis	75588	S	4	2	6	0.0001498539
Pseudomonas multiresinivorans	95301	S	6	0	6	0.0001498539
Pseudomonas fulva	47880	S	3	3	6	0.0001498539
Pseudomonas syringae group genomosp. 3	251701	S	4	2	6	0.0001498539
Pseudomonas psychrophila	122355	S	6	0	6	0.0001498539
Pseudomonas psychrotolerans	237610	S	6	0	6	0.0001498539
Pseudomonas knackmussii	65741	S	5	1	6	0.0001498539
Acinetobacter sp. WCHA45	2004644	S	4	2	6	0.0001498539
Citrobacter portucalensis	1639133	S	2	4	6	0.0001498539
Serratia proteamaculans	28151	S	6	0	6	0.0001498539
Pragia fontium	82985	S	6	0	6	0.0001498539
Lysobacter lycopersici	1324796	S	6	0	6	0.0001498539
Stenotrophomonas sp. LM091	1904944	S	6	0	6	0.0001498539
Luteimonas granuli	1176533	S	6	0	6	0.0001498539
Arenimonas daejeonensis	370777	S	6	0	6	0.0001498539
Ahniella affigens	2021234	S	6	0	6	0.0001498539
Halomonas sp. SF2003	2136172	S	3	3	6	0.0001498539
Halomonas beimenensis	475662	S	6	0	6	0.0001498539
Alcanivorax sp. N3-2A	2014542	S	5	1	6	0.0001498539
Parashewanella tropica	2547970	S	6	0	6	0.0001498539
Alteromonas australica	589873	S	1	5	6	0.0001498539
Haemophilus influenzae	727	S	3	3	6	0.0001498539
Aliivibrio fischeri	668	S	6	0	6	0.0001498539
Thioalkalivibrio nitratireducens	186931	S	4	2	6	0.0001498539
Acidihalobacter aeolianus	2792603	S	6	0	6	0.0001498539
Alkalilimnicola ehrlichii	351052	S	6	0	6	0.0001498539
Wenzhouxiangella marina	1579979	S	6	0	6	0.0001498539
Legionella fallonii	96230	S	6	0	6	0.0001498539
Bradyrhizobium sp. PSBB068	2715960	S	5	1	6	0.0001498539
Bradyrhizobium sp. WSM471	319017	S	2	4	6	0.0001498539
Bradyrhizobium sp. LCT2	2493093	S	2	4	6	0.0001498539
Bradyrhizobium vignae	1549949	S	6	0	6	0.0001498539
Bradyrhizobium oligotrophicum	44255	S	6	0	6	0.0001498539
Bradyrhizobium genosp. B	83627	S	6	0	6	0.0001498539
Agrobacterium fabrum	1176649	S	2	4	6	0.0001498539
Mesorhizobium sp. J8	2777475	S	6	0	6	0.0001498539
Roseitalea porphyridii	1852022	S	6	0	6	0.0001498539
Aureimonas populi	1701758	S	6	0	6	0.0001498539
Pseudorhodoplanes sinuspersici	1235591	S	6	0	6	0.0001498539
Methylocystis rosea	173366	S	5	1	6	0.0001498539
Candidatus Phaeomarinobacter ectocarpi	1458461	S	6	0	6	0.0001498539
Sphingobium sp. RSMS	520734	S	1	5	6	0.0001498539
Blastomonas fulva	1550728	S	2	4	6	0.0001498539
Erythrobacter mangrovi	2739433	S	5	1	6	0.0001498539
Altererythrobacter atlanticus	1267766	S	5	1	6	0.0001498539
Thioclava electrotropha	1549850	S	6	0	6	0.0001498539
Pseudopuniceibacterium antarcticum	2613965	S	6	0	6	0.0001498539
Epibacterium mobile	379347	S	5	1	6	0.0001498539
Defluviimonas alba	1335048	S	5	1	6	0.0001498539
Magnetospirillum sp. ME-1	1639348	S	5	1	6	0.0001498539
Magnetospirillum gryphiswaldense	55518	S	6	0	6	0.0001498539
Roseomonas mucosa	207340	S	2	4	6	0.0001498539
Gluconobacter oxydans	442	S	4	2	6	0.0001498539
Komagataeibacter xylinus	28448	S	4	2	6	0.0001498539
Brevundimonas sp. M20	2591463	S	6	0	6	0.0001498539
Brevundimonas sp. AJA228-03	2752515	S	6	0	6	0.0001498539
Brevundimonas sp. GRTSA-9	2800818	S	6	0	6	0.0001498539
Brevundimonas sp. GW460-12-10-14-LB2	1827469	S	3	3	6	0.0001498539
Brevundimonas sp. 'scallop'	2562582	S	3	3	6	0.0001498539
Terricaulis silvestris	2686094	S	6	0	6	0.0001498539
Ehrlichia chaffeensis	945	S	1	5	6	0.0001498539
Rickettsiales endosymbiont of Stachyamoeba lipophora	2486578	S	6	0	6	0.0001498539
Candidatus Fonsibacter ubiquis	1925548	S	6	0	6	0.0001498539
Corallococcus coralloides	184914	S	6	0	6	0.0001498539
Desulfovibrio vulgaris	881	S	6	0	6	0.0001498539
Desulfosarcina ovata	83564	S	6	0	6	0.0001498539
Arcobacter cloacae	1054034	S	5	1	6	0.0001498539
Malaciobacter mytili	603050	S	6	0	6	0.0001498539
Campylobacter subantarcticus	497724	S	4	2	6	0.0001498539
Nitratiruptor labii	2706014	S	6	0	6	0.0001498539
Bdellovibrio bacteriovorus	959	S	6	0	6	0.0001498539
Bacteriovorax stolpii	960	S	6	0	6	0.0001498539
Silvanigrella aquatica	1915309	S	6	0	6	0.0001498539
Rhodococcus sp. W8901	2742603	S	6	0	6	0.0001498539
Rhodococcus sp. PBTS 1	1653478	S	6	0	6	0.0001498539
Rhodococcus sp. ZPP	2749906	S	2	4	6	0.0001498539
Rhodococcus sp. S2-17	1990687	S	2	4	6	0.0001498539
Rhodococcus coprophilus	38310	S	6	0	6	0.0001498539
Rhodococcus jostii	132919	S	5	1	6	0.0001498539
Nocardia seriolae	37332	S	6	0	6	0.0001498539
Mycolicibacterium madagascariense	212765	S	6	0	6	0.0001498539
Mycolicibacterium chubuense	1800	S	6	0	6	0.0001498539
Mycolicibacterium poriferae	39694	S	2	4	6	0.0001498539
Mycolicibacterium vanbaalenii	110539	S	2	4	6	0.0001498539
Mycobacterium simiae	1784	S	6	0	6	0.0001498539
Mycobacterium florentinum	292462	S	6	0	6	0.0001498539
Mycobacterium paragordonae	1389713	S	6	0	6	0.0001498539
Mycobacterium kansasii	1768	S	6	0	6	0.0001498539
Mycobacteroides immunogenum	83262	S	5	1	6	0.0001498539
Mycolicibacter hiberniae	29314	S	6	0	6	0.0001498539
Corynebacterium striatum	43770	S	5	1	6	0.0001498539
Corynebacterium glutamicum	1718	S	1	5	6	0.0001498539
Gordonia sp. JH63	2698900	S	3	3	6	0.0001498539
Dietzia sp. oral taxon 368	712270	S	3	3	6	0.0001498539
Microbacterium sp. WY121	2782168	S	6	0	6	0.0001498539
Microbacterium sp. YJN-G	2763257	S	6	0	6	0.0001498539
Microbacterium sp. Y-01	2048898	S	5	1	6	0.0001498539
Microbacterium caowuchunii	2614638	S	6	0	6	0.0001498539
Curtobacterium sp. 24E2	2804758	S	6	0	6	0.0001498539
Agromyces sp. LHK192	2498704	S	6	0	6	0.0001498539
Leifsonia sp. 21MFCrub1.1	1798223	S	2	4	6	0.0001498539
Humibacter sp. WJ7-1	2599293	S	6	0	6	0.0001498539
Marisediminicola antarctica	674079	S	6	0	6	0.0001498539
Arthrobacter sp. YN	2020486	S	6	0	6	0.0001498539
Arthrobacter sp. NEB 688	904039	S	6	0	6	0.0001498539
Kocuria sp. TGY1120_3	2711329	S	5	1	6	0.0001498539
Micrococcus sp. KBS0714	1179670	S	1	5	6	0.0001498539
Sinomonas atrocyanea	37927	S	6	0	6	0.0001498539
Phycicoccus endophyticus	1690220	S	6	0	6	0.0001498539
Tetrasphaera sp. HKS02	1813880	S	6	0	6	0.0001498539
Brevibacterium sp. PAMC23299	2762330	S	3	3	6	0.0001498539
Cellulosimicrobium sp. BI34T	2587808	S	6	0	6	0.0001498539
Brachybacterium sp. P6-10-X1	1903186	S	6	0	6	0.0001498539
Kytococcus sedentarius	1276	S	6	0	6	0.0001498539
Streptomyces sp. PBH53	1577075	S	6	0	6	0.0001498539
Streptomyces sp. SS52	2563602	S	2	4	6	0.0001498539
Streptomyces hygroscopicus	1912	S	8	-2	6	0.0001498539
Streptomyces griseoviridis	45398	S	6	0	6	0.0001498539
Streptomyces formicae	1616117	S	6	0	6	0.0001498539
Streptomyces lincolnensis	1915	S	6	0	6	0.0001498539
Nocardioides sp. MC1495	2736757	S	6	0	6	0.0001498539
Nocardioides sp. HDW12B	2714939	S	6	0	6	0.0001498539
Actinopolymorpha singaporensis	117157	S	6	0	6	0.0001498539
Amycolatopsis methanolica	1814	S	6	0	6	0.0001498539
Amycolatopsis orientalis	31958	S	6	0	6	0.0001498539
Pseudonocardia sp. HH130630-07	1690815	S	6	0	6	0.0001498539
Saccharopolyspora erythraea	1836	S	6	0	6	0.0001498539
Kutzneria albida	43357	S	6	0	6	0.0001498539
Micromonospora sp. WMMA2032	2039870	S	5	1	6	0.0001498539
Micromonospora carbonacea	47853	S	6	0	6	0.0001498539
Micromonospora auratinigra	261654	S	6	0	6	0.0001498539
Actinoplanes friuliensis	196914	S	6	0	6	0.0001498539
Actinomadura sp. NAK00032	2742128	S	6	0	6	0.0001498539
Candidatus Planktophila vernalis	1884907	S	6	0	6	0.0001498539
Geodermatophilus obscurus	1861	S	6	0	6	0.0001498539
Actinomarinicola tropica	2789776	S	6	0	6	0.0001498539
Bacillus tropicus	2026188	S	1	5	6	0.0001498539
Geobacillus sp. 46C-IIa	1963025	S	2	4	6	0.0001498539
Metabacillus litoralis	152268	S	6	0	6	0.0001498539
Weizmannia coagulans	1398	S	6	0	6	0.0001498539
Staphylococcus haemolyticus	1283	S	6	0	6	0.0001498539
Paenibacillus mucilaginosus	61624	S	6	0	6	0.0001498539
Streptococcus sanguinis	1305	S	6	0	6	0.0001498539
Streptococcus equinus	1335	S	5	1	6	0.0001498539
Streptococcus infantarius	102684	S	3	3	6	0.0001498539
Companilactobacillus zhachilii	2304606	S	6	0	6	0.0001498539
Leuconostoc mesenteroides	1245	S	4	2	6	0.0001498539
Pediococcus acidilactici	1254	S	5	1	6	0.0001498539
Enterococcus mundtii	53346	S	6	0	6	0.0001498539
Clostridium sp. DL-VIII	641107	S	6	0	6	0.0001498539
Clostridium sp. 'deep sea'	2779445	S	6	0	6	0.0001498539
Clostridium bornimense	1216932	S	6	0	6	0.0001498539
Clostridium tetani	1513	S	6	0	6	0.0001498539
Clostridium estertheticum	238834	S	6	0	6	0.0001498539
Clostridium gasigenes	94869	S	6	0	6	0.0001498539
Sarcina sp. JB2	2726954	S	6	0	6	0.0001498539
Anaerobutyricum hallii	39488	S	5	1	6	0.0001498539
Methylomusa anaerophila	1930071	S	6	0	6	0.0001498539
Nostoc sp. TCL26-01	2576904	S	6	0	6	0.0001498539
Anabaena sp. WA102	1647413	S	5	1	6	0.0001498539
Oxynema sp. AP17	2064643	S	4	2	6	0.0001498539
Dactylococcopsis salina	292566	S	6	0	6	0.0001498539
Mycoplasma crocodyli	50052	S	6	0	6	0.0001498539
Flavobacterium pallidum	2172098	S	6	0	6	0.0001498539
Polaribacter sp. ALD11	2058137	S	6	0	6	0.0001498539
Polaribacter sp. G4M1	2808900	S	6	0	6	0.0001498539
Polaribacter sp. SM13	2818493	S	6	0	6	0.0001498539
Polaribacter haliotis	1888915	S	5	1	6	0.0001498539
Cellulophaga sp. L1A9	2686362	S	6	0	6	0.0001498539
Formosa sp. Hel1_33_131	1336794	S	6	0	6	0.0001498539
Winogradskyella sediminis	1382466	S	5	1	6	0.0001498539
Aquimarina sp. AD1	1714848	S	6	0	6	0.0001498539
Aquimarina sp. AD10	1714849	S	6	0	6	0.0001498539
Algibacter sp. L3A6	2686366	S	5	1	6	0.0001498539
Kordia antarctica	1218801	S	6	0	6	0.0001498539
Tamlana carrageenivorans	2069432	S	5	1	6	0.0001498539
Siansivirga zeaxanthinifaciens	762954	S	6	0	6	0.0001498539
Flagellimonas maritima	1383885	S	6	0	6	0.0001498539
Mariniflexile sp. TRM1-10	2027857	S	6	0	6	0.0001498539
Oceanihabitans sp. IOP_32	2529032	S	5	1	6	0.0001498539
Amniculibacterium sp. G2-70	2767188	S	4	2	6	0.0001498539
Chryseobacterium sp. StRB126	878220	S	6	0	6	0.0001498539
Chryseobacterium sp. 6424	2039166	S	6	0	6	0.0001498539
Chryseobacterium balustinum	246	S	5	1	6	0.0001498539
Kaistella daneshvariae	2487074	S	6	0	6	0.0001498539
Dyadobacter fermentans	94254	S	6	0	6	0.0001498539
Algoriphagus machipongonensis	388413	S	6	0	6	0.0001498539
Algoriphagus sanaruensis	1727163	S	6	0	6	0.0001498539
Echinicola strongylocentroti	1795355	S	6	0	6	0.0001498539
Belliella baltica	232259	S	6	0	6	0.0001498539
Sphingobacterium daejeonense	371142	S	6	0	6	0.0001498539
Sphingobacterium psychroaquaticum	561061	S	6	0	6	0.0001498539
Mucilaginibacter gotjawali	1550579	S	6	0	6	0.0001498539
Chitinophaga sp. MD30	2033437	S	6	0	6	0.0001498539
Chitinophaga agri	2703787	S	5	1	6	0.0001498539
Flavihumibacter sp. SB-02	2676868	S	6	0	6	0.0001498539
Bacteroides xylanisolvens	371601	S	4	2	6	0.0001498539
Phocaeicola dorei	357276	S	4	2	6	0.0001498539
Dysgonomonas sp. HDW5A	2714926	S	3	3	6	0.0001498539
Gemmatirosa kalamazoonesis	861299	S	5	1	6	0.0001498539
Pirellula staleyi	125	S	6	0	6	0.0001498539
Stieleria neptunia	2527979	S	5	1	6	0.0001498539
Rosistilla oblonga	2527990	S	5	1	6	0.0001498539
Gimesia maris	122	S	6	0	6	0.0001498539
Thalassoglobus polymorphus	2527994	S	6	0	6	0.0001498539
Crateriforma conspicua	2527996	S	5	1	6	0.0001498539
Akkermansia muciniphila	239935	S	6	0	6	0.0001498539
Ereboglobus luteus	1796921	S	6	0	6	0.0001498539
Borreliella burgdorferi	139	S	4	2	6	0.0001498539
Leptotrichia buccalis	40542	S	4	2	6	0.0001498539
Leptotrichia wadei	157687	S	4	2	6	0.0001498539
Leptotrichia hofstadii	157688	S	4	2	6	0.0001498539
Thermosipho africanus	2421	S	6	0	6	0.0001498539
Methanothermus fervidus	2180	S	5	1	6	0.0001498539
Nitrosopumilus ureiphilus	1470067	S	6	0	6	0.0001498539
Cellulophaga phage phi14:2	1327990	S	5	1	6	0.0001498539
Curvibacter virus P26059B	2733926	S	6	0	6	0.0001498539
Polaromonas sp.	1869339	S	3	2	5	0.0001248782
Burkholderia pyrrocinia	60550	S	4	1	5	0.0001248782
Burkholderia stabilis	95485	S	4	1	5	0.0001248782
Burkholderia latens	488446	S	2	3	5	0.0001248782
Burkholderia sp. Bp7605	1740163	S	5	0	5	0.0001248782
Paraburkholderia sp. 7MH5	2547399	S	5	0	5	0.0001248782
Paraburkholderia sp. PGU16	2735433	S	4	1	5	0.0001248782
Paraburkholderia hospita	169430	S	3	2	5	0.0001248782
Caballeronia insecticola	758793	S	5	0	5	0.0001248782
Mycoavidus cysteinexigens	1553431	S	5	0	5	0.0001248782
Lautropia mirabilis	47671	S	5	0	5	0.0001248782
Herbaspirillum hiltneri	341045	S	5	0	5	0.0001248782
Herminiimonas arsenitoxidans	1809410	S	5	0	5	0.0001248782
Bordetella bronchialis	463025	S	5	0	5	0.0001248782
Bordetella genomosp. 8	1416806	S	5	0	5	0.0001248782
Achromobacter sp. AONIH1	1758194	S	4	1	5	0.0001248782
Achromobacter pestifer	1353889	S	4	1	5	0.0001248782
Azoarcus sp. DN11	356837	S	4	1	5	0.0001248782
Rugosibacter aromaticivorans	1565605	S	5	0	5	0.0001248782
Dechloromonas sp. HYN0024	2231055	S	5	0	5	0.0001248782
Dechloromonas sp. TW-R-39-2	2654218	S	5	0	5	0.0001248782
Chromobacterium sp. ATCC 53434	2059672	S	5	0	5	0.0001248782
Chromobacterium haemolyticum	394935	S	1	4	5	0.0001248782
Aquitalea magnusonii	332411	S	4	1	5	0.0001248782
Laribacter hongkongensis	168471	S	5	0	5	0.0001248782
Neisseria elongata	495	S	5	0	5	0.0001248782
Neisseria animaloris	326522	S	5	0	5	0.0001248782
Methylotenera versatilis	1055487	S	5	0	5	0.0001248782
Methylophilus medardicus	2588534	S	5	0	5	0.0001248782
Usitatibacter palustris	2732487	S	5	0	5	0.0001248782
Pseudomonas sp. ADAK13	2730847	S	5	0	5	0.0001248782
Pseudomonas sp. ACM7	2052956	S	5	0	5	0.0001248782
Pseudomonas sp. SCB32	2653853	S	5	0	5	0.0001248782
Pseudomonas orientalis	76758	S	5	0	5	0.0001248782
Pseudomonas nitroreducens	46680	S	5	0	5	0.0001248782
Pseudomonas marincola	437900	S	5	0	5	0.0001248782
Pseudomonas pohangensis	364197	S	5	0	5	0.0001248782
Pseudomonas moraviensis	321662	S	4	1	5	0.0001248782
Pseudomonas soli	1306993	S	2	3	5	0.0001248782
Acinetobacter larvae	1789224	S	5	0	5	0.0001248782
Acinetobacter soli	487316	S	5	0	5	0.0001248782
Acinetobacter indicus	756892	S	5	0	5	0.0001248782
Acinetobacter towneri	202956	S	3	2	5	0.0001248782
Psychrobacter sp. P11F6	1699621	S	5	0	5	0.0001248782
Klebsiella oxytoca	571	S	4	1	5	0.0001248782
Enterobacter kobei	208224	S	2	3	5	0.0001248782
Leclercia sp. 29361	2714951	S	3	2	5	0.0001248782
Pantoea stewartii	66269	S	5	0	5	0.0001248782
Ewingella americana	41202	S	5	0	5	0.0001248782
Dickeya dadantii	204038	S	4	1	5	0.0001248782
Pectobacterium punjabense	2108399	S	5	0	5	0.0001248782
Hafnia alvei	569	S	4	1	5	0.0001248782
Obesumbacterium proteus	82983	S	5	0	5	0.0001248782
Plesiomonas shigelloides	703	S	5	0	5	0.0001248782
Lysobacter oculi	2698682	S	5	0	5	0.0001248782
Xanthomonas sp. GW	2724121	S	4	1	5	0.0001248782
Pseudoxanthomonas spadix	415229	S	5	0	5	0.0001248782
Dyella thiooxydans	445710	S	5	0	5	0.0001248782
Luteibacter pinisoli	2589080	S	5	0	5	0.0001248782
Halomonas meridiana	29570	S	4	1	5	0.0001248782
Kangiella sediminilitoris	1144748	S	5	0	5	0.0001248782
Alteromonas sp. RKMC-009	2267264	S	1	4	5	0.0001248782
Catenovulum sp. CCB-QB4	2172099	S	5	0	5	0.0001248782
Pseudoalteromonas luteoviolacea	43657	S	5	0	5	0.0001248782
Pseudoalteromonas prydzensis	182141	S	5	0	5	0.0001248782
Pseudoalteromonas lipolytica	570156	S	1	4	5	0.0001248782
Psychrosphaera aestuarii	1266052	S	5	0	5	0.0001248782
Thalassotalea sp. HSM 43	2552945	S	5	0	5	0.0001248782
Glaesserella parasuis	738	S	5	0	5	0.0001248782
Gallibacterium anatis	750	S	5	0	5	0.0001248782
Vibrio vulnificus	672	S	5	0	5	0.0001248782
Vibrio kanaloae	170673	S	5	0	5	0.0001248782
Sulfurivermis fontis	1972068	S	5	0	5	0.0001248782
Francisella sp. FSC1006	1547445	S	5	0	5	0.0001248782
Francisella orientalis	299583	S	3	2	5	0.0001248782
Allofrancisella guangzhouensis	594679	S	5	0	5	0.0001248782
Hydrogenovibrio crunogenus	39765	S	5	0	5	0.0001248782
Methylococcus capsulatus	414	S	5	0	5	0.0001248782
Agarilytica rhodophyticola	1737490	S	5	0	5	0.0001248782
Sulfurifustis variabilis	1675686	S	5	0	5	0.0001248782
Immundisolibacter cernigliae	1810504	S	5	0	5	0.0001248782
Bradyrhizobium betae	244734	S	4	1	5	0.0001248782
Bosea sp. AS-1	2015316	S	4	1	5	0.0001248782
Microvirga sp. VF16	2807101	S	5	0	5	0.0001248782
Kaistia sp. 32K	2795690	S	5	0	5	0.0001248782
Georhizobium profundi	2341112	S	5	0	5	0.0001248782
Mesorhizobium sp. M4B.F.Ca.ET.058.02.1.1	2493675	S	4	1	5	0.0001248782
Mesorhizobium sp. M2A.F.Ca.ET.043.02.1.1	2493670	S	2	3	5	0.0001248782
Pelagibacterium halotolerans	531813	S	5	0	5	0.0001248782
Youhaiella tibetensis	1447062	S	5	0	5	0.0001248782
Labrys sp. KNU-23	2789216	S	5	0	5	0.0001248782
Labrenzia sp. THAF35	2587854	S	4	1	5	0.0001248782
Bartonella birtlesii	111504	S	5	0	5	0.0001248782
Hartmannibacter diazotrophicus	1482074	S	5	0	5	0.0001248782
Pyruvatibacter mobilis	1712261	S	5	0	5	0.0001248782
Chelatococcus sp. CO-6	1702325	S	4	1	5	0.0001248782
Sphingomonas sp. HDW15C	2714944	S	5	0	5	0.0001248782
Sphingomonas sp. HDW15B	2714943	S	5	0	5	0.0001248782
Sphingomonas sp. MK52	2711156	S	5	0	5	0.0001248782
Sphingomonas rhizophila	2071607	S	5	0	5	0.0001248782
Sphingopyxis alaskensis	117207	S	5	0	5	0.0001248782
Sphingobium sp. RAC03	1843368	S	5	0	5	0.0001248782
Sphingobium sp. KCTC 72723	2733867	S	5	0	5	0.0001248782
Sphingobium sp. PAMC28499	2565554	S	3	2	5	0.0001248782
Novosphingobium sp. ES2-1	2780074	S	4	1	5	0.0001248782
Sphingorhabdus sp. SMR4y	2584094	S	5	0	5	0.0001248782
Tsuneonella amylolytica	2338327	S	5	0	5	0.0001248782
Pelagerythrobacter marensis	543877	S	5	0	5	0.0001248782
Paracoccus sp. BM15	1529068	S	5	0	5	0.0001248782
Paracoccus sp. MC1862	2760307	S	5	0	5	0.0001248782
Paracoccus liaowanqingii	2560053	S	5	0	5	0.0001248782
Paracoccus aminovorans	34004	S	5	0	5	0.0001248782
Sulfitobacter sp. THAF37	2587855	S	4	1	5	0.0001248782
Phaeobacter piscinae	1580596	S	2	3	5	0.0001248782
Yangia sp. CCB-MM3	1792508	S	5	0	5	0.0001248782
Leisingera aquaemixtae	1396826	S	5	0	5	0.0001248782
Ruegeria pomeroyi	89184	S	5	0	5	0.0001248782
Yoonia vestfoldensis	245188	S	5	0	5	0.0001248782
Oceanicola sp. D3	2587163	S	5	0	5	0.0001248782
Brevirhabdus pacifica	1267768	S	4	1	5	0.0001248782
Haematobacter massiliensis	195105	S	4	1	5	0.0001248782
Confluentimicrobium sp. EMB200-NS6	1609966	S	4	1	5	0.0001248782
Azospirillum ramasamyi	682998	S	4	1	5	0.0001248782
Skermanella sp. TT6	2775420	S	3	2	5	0.0001248782
Defluviicoccus vanus	111831	S	5	0	5	0.0001248782
Ferrovibrio terrae	2594003	S	5	0	5	0.0001248782
Pararhodospirillum photometricum	1084	S	5	0	5	0.0001248782
Stella humosa	94	S	5	0	5	0.0001248782
Asticcacaulis excentricus	78587	S	5	0	5	0.0001248782
Hyphomonas sp. CACIAM 19H1	1873716	S	5	0	5	0.0001248782
Candidatus Cytomitobacter indipagum	2601575	S	3	2	5	0.0001248782
Desulfosarcina alkanivorans	571177	S	5	0	5	0.0001248782
Desulfonema limicola	45656	S	5	0	5	0.0001248782
Desulfocapsa sulfexigens	65555	S	5	0	5	0.0001248782
Desulfomonile tiedjei	2358	S	5	0	5	0.0001248782
Persicimonas caeni	2292766	S	4	1	5	0.0001248782
Desulfarculus baarsii	453230	S	4	1	5	0.0001248782
Arcobacter defluvii	873191	S	5	0	5	0.0001248782
Arcobacter sp. FWKO B	2593672	S	5	0	5	0.0001248782
Halarcobacter ebronensis	1462615	S	5	0	5	0.0001248782
Poseidonibacter lekithochrous	1904463	S	5	0	5	0.0001248782
Pseudoarcobacter acticola	1849015	S	5	0	5	0.0001248782
Campylobacter sp. RM16704	1500960	S	5	0	5	0.0001248782
Campylobacter fetus	196	S	5	0	5	0.0001248782
Helicobacter typhlonius	76936	S	5	0	5	0.0001248782
Rhodococcus hoagii	43767	S	5	0	5	0.0001248782
Rhodococcus pyridinivorans	103816	S	2	3	5	0.0001248782
Nocardia asteroides	1824	S	5	0	5	0.0001248782
Nocardia nova	37330	S	5	0	5	0.0001248782
Nocardia arthritidis	228602	S	5	0	5	0.0001248782
Nocardia yunnanensis	2382165	S	5	0	5	0.0001248782
Mycolicibacterium sp. LJ126	2761578	S	5	0	5	0.0001248782
Mycolicibacterium phocaicum	319706	S	5	0	5	0.0001248782
Mycolicibacterium gilvum	1804	S	5	0	5	0.0001248782
Mycolicibacterium insubricum	444597	S	5	0	5	0.0001248782
Mycolicibacterium doricum	126673	S	5	0	5	0.0001248782
Mycolicibacterium moriokaense	39691	S	5	0	5	0.0001248782
Mycolicibacterium litorale	758802	S	5	0	5	0.0001248782
Mycolicibacterium mucogenicum	56689	S	5	0	5	0.0001248782
Mycolicibacterium boenickei	146017	S	3	2	5	0.0001248782
Mycobacterium sp. YC-RL4	1682113	S	5	0	5	0.0001248782
Mycobacterium avium	1764	S	5	0	5	0.0001248782
Mycobacterium paraintracellulare	1138383	S	1	4	5	0.0001248782
Mycobacterium grossiae	1552759	S	5	0	5	0.0001248782
Mycobacteroides abscessus	36809	S	5	0	5	0.0001248782
Mycobacteroides salmoniphilum	404941	S	5	0	5	0.0001248782
Corynebacterium xerosis	1725	S	5	0	5	0.0001248782
Corynebacterium aurimucosum	169292	S	5	0	5	0.0001248782
Gordonia sp. KTR9	337191	S	5	0	5	0.0001248782
Gordonia sp. PDNC005	2811424	S	5	0	5	0.0001248782
Gordonia rubripertincta	36822	S	4	1	5	0.0001248782
Microbacterium sp. ABRD_28	2268461	S	5	0	5	0.0001248782
Microbacterium sp. HY82	2708079	S	5	0	5	0.0001248782
Microbacterium sp. A18JL200	2782167	S	4	1	5	0.0001248782
Microbacterium sp. CBA3102	2603598	S	4	1	5	0.0001248782
Microbacterium sp. Nx66	2766784	S	3	2	5	0.0001248782
Microbacterium hydrocarbonoxydans	273678	S	5	0	5	0.0001248782
Microbacterium schleiferi	69362	S	4	1	5	0.0001248782
Leifsonia sp. PS1209	2724914	S	5	0	5	0.0001248782
Rhodoluna limnophila	232537	S	5	0	5	0.0001248782
Salinibacterium sp. ZJ70	2708084	S	5	0	5	0.0001248782
Agrococcus sp. SGAir0287	2070347	S	5	0	5	0.0001248782
Agreia sp. COWG	2773266	S	5	0	5	0.0001248782
Rothia kristinae	37923	S	5	0	5	0.0001248782
Rothia amarae	169480	S	4	1	5	0.0001248782
Psychromicrobium lacuslunae	1618207	S	5	0	5	0.0001248782
Janibacter indicus	857417	S	4	1	5	0.0001248782
Arsenicicoccus sp. oral taxon 190	1658671	S	5	0	5	0.0001248782
Cellulomonas sp. H30R-01	2704467	S	5	0	5	0.0001248782
Cellulomonas shaoxiangyii	2566013	S	5	0	5	0.0001248782
Ornithinimicrobium sp. H23M54	2594265	S	5	0	5	0.0001248782
Brachybacterium sp. SGAir0954	2571029	S	5	0	5	0.0001248782
Streptomyces sp. TLI_053	1855352	S	5	0	5	0.0001248782
Streptomyces sp. QHH-9511	2684468	S	5	0	5	0.0001248782
Streptomyces sp. SCSIO 3032	1264596	S	5	0	5	0.0001248782
Streptomyces sp. 769	1262452	S	5	0	5	0.0001248782
Streptomyces sp. CCM_MD2014	1561022	S	4	1	5	0.0001248782
Streptomyces violaceusniger	68280	S	5	0	5	0.0001248782
Streptomyces aureoverticillatus	66871	S	5	0	5	0.0001248782
Streptomyces pratensis	1169025	S	5	0	5	0.0001248782
Streptomyces hundungensis	1077946	S	5	0	5	0.0001248782
Streptomyces griseocarneus	51201	S	5	0	5	0.0001248782
Streptomyces platensis	58346	S	5	0	5	0.0001248782
Streptomyces davaonensis	348043	S	5	0	5	0.0001248782
Streptomyces asterosporus	285570	S	5	0	5	0.0001248782
Streptomyces niveus	193462	S	5	0	5	0.0001248782
Streptomyces pactum	68249	S	5	0	5	0.0001248782
Streptomyces nodosus	40318	S	5	0	5	0.0001248782
Streptomyces kanamyceticus	1967	S	5	0	5	0.0001248782
Streptomyces dengpaensis	2049881	S	5	0	5	0.0001248782
Streptomyces cyaneochromogenes	2496836	S	5	0	5	0.0001248782
Streptomyces broussonetiae	2686304	S	5	0	5	0.0001248782
Streptomyces ambofaciens	1889	S	5	0	5	0.0001248782
Kitasatospora setae	2066	S	5	0	5	0.0001248782
Kitasatospora albolonga	68173	S	5	0	5	0.0001248782
Microlunatus sp. KUDC0627	2596828	S	5	0	5	0.0001248782
Microlunatus sagamiharensis	546874	S	5	0	5	0.0001248782
Nocardioides aromaticivorans	200618	S	5	0	5	0.0001248782
Nocardioides anomalus	2712223	S	5	0	5	0.0001248782
Aeromicrobium sp. A1-2	2107713	S	5	0	5	0.0001248782
Aeromicrobium erythreum	2041	S	5	0	5	0.0001248782
Marmoricola scoriae	642780	S	5	0	5	0.0001248782
Amycolatopsis sp. BJA-103	1911175	S	5	0	5	0.0001248782
Amycolatopsis albispora	1804986	S	4	1	5	0.0001248782
Saccharopolyspora sp. ASAGF58	2719023	S	1	4	5	0.0001248782
Saccharomonospora xinjiangensis	75294	S	5	0	5	0.0001248782
Saccharomonospora glauca	40990	S	4	1	5	0.0001248782
Actinosynnema mirum	40567	S	1	4	5	0.0001248782
Micromonospora sp. HM134	2583243	S	5	0	5	0.0001248782
Micromonospora zamorensis	709883	S	5	0	5	0.0001248782
Micromonospora aurantiaca	47850	S	2	3	5	0.0001248782
Actinocatenispora thailandica	227318	S	5	0	5	0.0001248782
Thermomonospora curvata	2020	S	5	0	5	0.0001248782
Nocardiopsis dassonvillei	2014	S	5	0	5	0.0001248782
Streptomonospora sp. M2	2498135	S	5	0	5	0.0001248782
Frankia casuarinae	106370	S	5	0	5	0.0001248782
Blastococcus saxobsidens	138336	S	5	0	5	0.0001248782
Nakamurella sp. PAMC28650	2762325	S	5	0	5	0.0001248782
Jiangella alkaliphila	419479	S	5	0	5	0.0001248782
Epidermidibacterium keratini	1891644	S	5	0	5	0.0001248782
Egibacter rhizosphaerae	1670831	S	5	0	5	0.0001248782
Egicoccus halophilus	1670830	S	5	0	5	0.0001248782
Bacillus amyloliquefaciens	1390	S	2	3	5	0.0001248782
Bacillus sp. M4U3P1	2592382	S	5	0	5	0.0001248782
Bacillus cohnii	33932	S	5	0	5	0.0001248782
Bacillus altitudinis	293387	S	4	1	5	0.0001248782
Anoxybacillus amylolyticus	294699	S	5	0	5	0.0001248782
Oceanobacillus iheyensis	182710	S	5	0	5	0.0001248782
Anaerobacillus isosaccharinicus	1532552	S	5	0	5	0.0001248782
Lentibacillus amyloliquefaciens	1472767	S	5	0	5	0.0001248782
Staphylococcus schweitzeri	1654388	S	5	0	5	0.0001248782
Staphylococcus simiae	308354	S	5	0	5	0.0001248782
Staphylococcus lugdunensis	28035	S	5	0	5	0.0001248782
Staphylococcus caprae	29380	S	5	0	5	0.0001248782
Macrococcus canis	1855823	S	5	0	5	0.0001248782
Paenibacillus guangzhouensis	1473112	S	5	0	5	0.0001248782
Paenibacillus cellulositrophicus	562959	S	5	0	5	0.0001248782
Alicyclobacillus acidocaldarius	405212	S	5	0	5	0.0001248782
Streptococcus suis	1307	S	5	0	5	0.0001248782
Lactobacillus acetotolerans	1600	S	5	0	5	0.0001248782
Lactobacillus gasseri	1596	S	4	1	5	0.0001248782
Latilactobacillus sakei	1599	S	3	2	5	0.0001248782
Lentilactobacillus hilgardii	1588	S	5	0	5	0.0001248782
Enterococcus casseliflavus	37734	S	4	1	5	0.0001248782
Clostridium diolis	223919	S	1	4	5	0.0001248782
[Ruminococcus] torques	33039	S	4	1	5	0.0001248782
Desulfosporosinus youngiae	339862	S	5	0	5	0.0001248782
Aminipila sp. CBA3637	2697030	S	5	0	5	0.0001248782
Aminipila butyrica	433296	S	5	0	5	0.0001248782
Acetobacterium woodii	33952	S	5	0	5	0.0001248782
Natranaerobius thermophilus	375929	S	5	0	5	0.0001248782
Veillonella parvula	29466	S	5	0	5	0.0001248782
Schnuerera ultunensis	45497	S	5	0	5	0.0001248782
Parvimonas micra	33033	S	4	1	5	0.0001248782
Erysipelothrix sp. HDW6B	2714929	S	5	0	5	0.0001248782
Nostoc flagelliforme	1306274	S	5	0	5	0.0001248782
Brasilonema sennae	1397703	S	5	0	5	0.0001248782
Gloeobacter violaceus	33072	S	5	0	5	0.0001248782
Mycoplasma anserisalpingitidis	519450	S	5	0	5	0.0001248782
Mycoplasma flocculare	2128	S	3	2	5	0.0001248782
Deinococcus gobiensis	502394	S	5	0	5	0.0001248782
Deinococcus swuensis	1182571	S	5	0	5	0.0001248782
Deinococcus peraridilitoris	432329	S	5	0	5	0.0001248782
Deinococcus ficus	317577	S	5	0	5	0.0001248782
Flavobacterium sp. xlx-214	2654325	S	5	0	5	0.0001248782
Flavobacterium sp. CJ74	2294119	S	5	0	5	0.0001248782
Polaribacter sp. SA4-10	754397	S	5	0	5	0.0001248782
Polaribacter sp. SA4-12	1312072	S	5	0	5	0.0001248782
Polaribacter sp. L3A8	2686361	S	5	0	5	0.0001248782
Polaribacter reichenbachii	996801	S	5	0	5	0.0001248782
Tenacibaculum mesophilum	104268	S	4	1	5	0.0001248782
Capnocytophaga sp. oral taxon 323	1705617	S	3	2	5	0.0001248782
Capnocytophaga gingivalis	1017	S	5	0	5	0.0001248782
Myroides profundi	480520	S	5	0	5	0.0001248782
Winogradskyella helgolandensis	2697010	S	5	0	5	0.0001248782
Winogradskyella forsetii	2686077	S	4	1	5	0.0001248782
Lacinutrix venerupis	1486034	S	5	0	5	0.0001248782
Gramella echinicola	279359	S	4	1	5	0.0001248782
Gillisia sp. Hel1_33_143	1336796	S	4	1	5	0.0001248782
Chryseobacterium sp. IHB B 17019	1721091	S	5	0	5	0.0001248782
Chryseobacterium sp. SNU WT5	2594269	S	5	0	5	0.0001248782
Chryseobacterium cucumeris	1813611	S	5	0	5	0.0001248782
Chryseobacterium piperi	558152	S	5	0	5	0.0001248782
Chryseobacterium gleum	250	S	3	2	5	0.0001248782
Chryseobacterium lactis	1241981	S	3	2	5	0.0001248782
Bergeyella cardium	1585976	S	5	0	5	0.0001248782
Weeksella virosa	1014	S	4	1	5	0.0001248782
Ichthyobacterium seriolicida	242600	S	5	0	5	0.0001248782
Spirosoma aureum	2692134	S	4	1	5	0.0001248782
Dyadobacter sp. Q3-56	2747268	S	5	0	5	0.0001248782
Hymenobacter sp. DG25B	1385664	S	5	0	5	0.0001248782
Hymenobacter nivis	1850093	S	5	0	5	0.0001248782
Pontibacter korlensis	400092	S	5	0	5	0.0001248782
Rufibacter tibetensis	512763	S	5	0	5	0.0001248782
Algoriphagus sp. Y33	2772483	S	5	0	5	0.0001248782
Echinicola sp. 20G	2781961	S	5	0	5	0.0001248782
Flammeovirga pectinis	2494373	S	5	0	5	0.0001248782
Roseivirga pacifica	1267423	S	5	0	5	0.0001248782
Pedobacter steynii	430522	S	5	0	5	0.0001248782
Sphingobacterium sp. B29	1933220	S	4	1	5	0.0001248782
Mucilaginibacter sp. 14171R-50	2703789	S	5	0	5	0.0001248782
Chitinophaga caeni	2029983	S	5	0	5	0.0001248782
Bacteroides sp. M10	2763022	S	4	1	5	0.0001248782
Bacteroides coprosuis	151276	S	5	0	5	0.0001248782
Bacteroides cellulosilyticus	246787	S	5	0	5	0.0001248782
Bacteroides ovatus	28116	S	3	2	5	0.0001248782
Rhodothermus marinus	29549	S	5	0	5	0.0001248782
Chlorobium chlorochromatii	337090	S	5	0	5	0.0001248782
Roseimaritima ulvae	980254	S	5	0	5	0.0001248782
Bremerella volcania	2527984	S	5	0	5	0.0001248782
Lacipirellula parvula	2650471	S	5	0	5	0.0001248782
Fuerstia marisgermanicae	1891926	S	5	0	5	0.0001248782
Alienimonas californiensis	2527989	S	5	0	5	0.0001248782
Phycisphaera mikurensis	547188	S	5	0	5	0.0001248782
Candidatus Xiphinematobacter sp. Idaho Grape	1704307	S	5	0	5	0.0001248782
Borrelia turcica	229155	S	5	0	5	0.0001248782
Leptospira interrogans	173	S	5	0	5	0.0001248782
Turneriella parva	29510	S	5	0	5	0.0001248782
Fusobacterium sp. oral taxon 203	671211	S	2	3	5	0.0001248782
Fusobacterium varium	856	S	5	0	5	0.0001248782
Fusobacterium ulcerans	861	S	5	0	5	0.0001248782
Fusobacterium pseudoperiodonticum	2663009	S	3	2	5	0.0001248782
Tepiditoga spiralis	2108365	S	5	0	5	0.0001248782
Natronomonas sp. YPL13	1710540	S	4	1	5	0.0001248782
Methanobacterium paludis	868131	S	3	2	5	0.0001248782
Nitrosopumilus cobalaminigenes	1470066	S	5	0	5	0.0001248782
Acidianus sulfidivorans	312539	S	5	0	5	0.0001248782
Flavobacterium phage 11b	294631	S	5	0	5	0.0001248782
Mycobacterium virus Astro	1195075	S	2	3	5	0.0001248782
Yellowstone lake phycodnavirus 3	1586715	S	5	0	5	0.0001248782
Comamonas sp. NLF-7-7	2597701	S	4	0	4	0.0000999026
Candidatus Symbiobacter mobilis	1436290	S	4	0	4	0.0000999026
Burkholderia sp. BDU8	1385592	S	4	0	4	0.0000999026
Burkholderia sp. MSMB1588	1636423	S	1	3	4	0.0000999026
Burkholderia sp. LA-2-3-30-S1-D2	1637862	S	3	1	4	0.0000999026
Polynucleobacter sp. LimPoW16	1743162	S	4	0	4	0.0000999026
Paraburkholderia terricola	169427	S	4	0	4	0.0000999026
Paraburkholderia ginsengisoli	311231	S	4	0	4	0.0000999026
Paraburkholderia phytofirmans	261302	S	3	1	4	0.0000999026
Paraburkholderia caribensis	75105	S	3	1	4	0.0000999026
Pandoraea sputorum	93222	S	4	0	4	0.0000999026
Pandoraea thiooxydans	445709	S	4	0	4	0.0000999026
Pandoraea vervacti	656178	S	4	0	4	0.0000999026
Mycetohabitans rhizoxinica	412963	S	4	0	4	0.0000999026
Ephemeroptericola cinctiostellae	2268024	S	4	0	4	0.0000999026
Janthinobacterium sp. Marseille	375286	S	4	0	4	0.0000999026
Massilia sp. YMA4	1593482	S	3	1	4	0.0000999026
Herbaspirillum robiniae	2014887	S	4	0	4	0.0000999026
Herbaspirillum huttiense	863372	S	3	1	4	0.0000999026
Undibacterium sp. YM2	2058625	S	4	0	4	0.0000999026
Glaciimonas sp. PAMC28666	2807626	S	4	0	4	0.0000999026
Bordetella holmesii	35814	S	4	0	4	0.0000999026
Bordetella flabilis	463014	S	4	0	4	0.0000999026
Alcaligenes aquatilis	323284	S	2	2	4	0.0000999026
Azoarcus sp. M9-3-2	2016596	S	4	0	4	0.0000999026
Thauera hydrothermalis	2184083	S	4	0	4	0.0000999026
Azospira oryzae	146939	S	2	2	4	0.0000999026
Aromatoleum bremense	76115	S	4	0	4	0.0000999026
Chromobacterium sp. Rain0013	2292447	S	3	1	4	0.0000999026
Chromobacterium violaceum	536	S	4	0	4	0.0000999026
Chromobacterium phragmitis	2202141	S	4	0	4	0.0000999026
Chromobacterium rhizoryzae	1778675	S	1	3	4	0.0000999026
Aquitalea sp. USM4	1590041	S	3	1	4	0.0000999026
Jeongeupia sp. USM3	1906741	S	4	0	4	0.0000999026
Microvirgula aerodenitrificans	57480	S	4	0	4	0.0000999026
Neisseria subflava	28449	S	4	0	4	0.0000999026
Simonsiella muelleri	72	S	4	0	4	0.0000999026
Sulfuritalea hydrogenivorans	748811	S	4	0	4	0.0000999026
Sulfuritortus calidifontis	1914471	S	4	0	4	0.0000999026
Pseudomonas sp. SDM007	2812000	S	4	0	4	0.0000999026
Pseudomonas sp. PDNC002	2811422	S	4	0	4	0.0000999026
Pseudomonas sp. IB20	1702250	S	4	0	4	0.0000999026
Pseudomonas sp. BIGb0427	2724470	S	4	0	4	0.0000999026
Pseudomonas sp. URMO17WK12:I11	1283291	S	3	1	4	0.0000999026
Pseudomonas brenneri	129817	S	4	0	4	0.0000999026
Pseudomonas cichorii	36746	S	4	0	4	0.0000999026
Pseudomonas fragi	296	S	3	1	4	0.0000999026
Pseudomonas gozinkensis	2774461	S	4	0	4	0.0000999026
Pseudomonas guangdongensis	1245526	S	4	0	4	0.0000999026
Pseudomonas sihuiensis	1274359	S	3	1	4	0.0000999026
Azotobacter chroococcum	353	S	4	0	4	0.0000999026
Acinetobacter pittii	48296	S	2	2	4	0.0000999026
Acinetobacter sp. TTH0-4	1646498	S	4	0	4	0.0000999026
Acinetobacter sp. YH12138	2601122	S	4	0	4	0.0000999026
Acinetobacter sp. ACNIH1	1636603	S	3	1	4	0.0000999026
Acinetobacter piscicola	2006115	S	4	0	4	0.0000999026
Acinetobacter venetianus	52133	S	4	0	4	0.0000999026
Acinetobacter radioresistens	40216	S	4	0	4	0.0000999026
Klebsiella aerogenes	548	S	4	0	4	0.0000999026
Enterobacteriaceae endosymbiont of Neohaemonia nigricornis	2675792	S	4	0	4	0.0000999026
Cronobacter malonaticus	413503	S	2	2	4	0.0000999026
Raoultella planticola	575	S	4	0	4	0.0000999026
Shimwellia blattae	563	S	4	0	4	0.0000999026
Pantoea sp. MSR2	2052056	S	4	0	4	0.0000999026
Pantoea sp. CCBC3-3-1	2490851	S	4	0	4	0.0000999026
Candidatus Pantoea carbekii	1235990	S	4	0	4	0.0000999026
Serratia liquefaciens	614	S	3	1	4	0.0000999026
Proteus mirabilis	584	S	4	0	4	0.0000999026
Providencia sneebia	516075	S	4	0	4	0.0000999026
Providencia rettgeri	587	S	3	1	4	0.0000999026
Photorhabdus thracensis	230089	S	4	0	4	0.0000999026
Dickeya chrysanthemi	556	S	4	0	4	0.0000999026
Pectobacterium parmentieri	1905730	S	4	0	4	0.0000999026
Brenneria rubrifaciens	55213	S	4	0	4	0.0000999026
Edwardsiella tarda	636	S	2	2	4	0.0000999026
Lysobacter sp. CW239	2762611	S	4	0	4	0.0000999026
Lysobacter sp. H23M41	2781023	S	1	3	4	0.0000999026
Stenotrophomonas sp. SAU14A_NAIMI4_5	2072413	S	4	0	4	0.0000999026
Stenotrophomonas sp. ZAC14D2_NAIMI4_7	2072405	S	3	1	4	0.0000999026
Stenotrophomonas sp. 169	2770322	S	4	0	4	0.0000999026
Stenotrophomonas sp. CW117	2775920	S	1	3	4	0.0000999026
Stenotrophomonas rhizophila	216778	S	4	0	4	0.0000999026
Xanthomonas hortorum	56454	S	4	0	4	0.0000999026
Xanthomonas translucens	343	S	4	0	4	0.0000999026
Luteimonas sp. MC1572	2799325	S	4	0	4	0.0000999026
Dyella sp. M7H15-1	2501295	S	4	0	4	0.0000999026
Dyella caseinilytica	1849581	S	4	0	4	0.0000999026
Halomonas sp. BC-M4-5	2497861	S	4	0	4	0.0000999026
Spartinivicinus ruber	2683272	S	4	0	4	0.0000999026
Shewanella violacea	60217	S	4	0	4	0.0000999026
Shewanella aestuarii	1028752	S	4	0	4	0.0000999026
Shewanella denitrificans	192073	S	4	0	4	0.0000999026
Shewanella polaris	2588449	S	2	2	4	0.0000999026
Marinobacter sp. LV10R510-11A	1415568	S	4	0	4	0.0000999026
Marinobacter sp. CP1	1671721	S	3	1	4	0.0000999026
Pseudoalteromonas agarivorans	176102	S	2	2	4	0.0000999026
Colwellia sp. Arc7-635	2497879	S	4	0	4	0.0000999026
Psychromonas sp. CNPT3	314282	S	4	0	4	0.0000999026
Haemophilus parahaemolyticus	735	S	4	0	4	0.0000999026
Mannheimia varigena	85404	S	4	0	4	0.0000999026
Mannheimia pernigra	111844	S	3	1	4	0.0000999026
Frederiksenia canicola	123824	S	4	0	4	0.0000999026
Rodentibacter heylii	1906744	S	4	0	4	0.0000999026
Vibrio diabolicus	50719	S	3	1	4	0.0000999026
Vibrio mediterranei	689	S	4	0	4	0.0000999026
Vibrio neocaledonicus	1208308	S	1	3	4	0.0000999026
Photobacterium damselae	38293	S	4	0	4	0.0000999026
Aeromonas hydrophila	644	S	2	2	4	0.0000999026
Francisella sp. LA112445	1395624	S	4	0	4	0.0000999026
Francisella sp. Scap27	2589986	S	3	1	4	0.0000999026
Francisella frigiditurris	1542390	S	4	0	4	0.0000999026
Thiothrix sp.	1032	S	4	0	4	0.0000999026
Methylomonas methanica	421	S	4	0	4	0.0000999026
Methylomonas rhizoryzae	2608981	S	4	0	4	0.0000999026
Methylococcus sp. EFPC2	2812648	S	4	0	4	0.0000999026
Methylomicrobium album	39775	S	4	0	4	0.0000999026
Methylocaldum marinum	1432792	S	4	0	4	0.0000999026
Legionella sp. PC997	2755562	S	4	0	4	0.0000999026
Legionella longbeachae	450	S	4	0	4	0.0000999026
Legionella anisa	28082	S	4	0	4	0.0000999026
Legionella sainthelensi	28087	S	4	0	4	0.0000999026
Candidatus Coxiella mudrowiae	2054173	S	4	0	4	0.0000999026
Aquicella lusitana	254246	S	4	0	4	0.0000999026
Microbulbifer sp. YPW1	2745199	S	4	0	4	0.0000999026
Candidatus Vesicomyosocius sp. SY067_SCS001	2732590	S	1	3	4	0.0000999026
Gilliamella apicola	1196095	S	4	0	4	0.0000999026
Bradyrhizobium zhanjiangense	1325107	S	4	0	4	0.0000999026
Rhizobium sp. WL3	2603277	S	4	0	4	0.0000999026
Rhizobium sp. 11515TR	2028343	S	4	0	4	0.0000999026
Rhizobium favelukesii	348824	S	4	0	4	0.0000999026
Rhizobium flavum	1335061	S	3	1	4	0.0000999026
Rhizobium ruizarguesonis	2081791	S	1	3	4	0.0000999026
Neorhizobium sp. SOG26	2060726	S	4	0	4	0.0000999026
Neorhizobium galegae	399	S	4	0	4	0.0000999026
Sinorhizobium sp. BG8	2613773	S	4	0	4	0.0000999026
Ensifer mexicanus	375549	S	4	0	4	0.0000999026
Ensifer alkalisoli	1752398	S	4	0	4	0.0000999026
Ciceribacter thiooxidans	1969821	S	4	0	4	0.0000999026
Mesorhizobium sp. M3A.F.Ca.ET.080.04.2.1	2493676	S	4	0	4	0.0000999026
Mesorhizobium sp. 131-2-1	2744518	S	3	1	4	0.0000999026
Mesorhizobium sp. M1D.F.Ca.ET.043.01.1.1	2493669	S	3	1	4	0.0000999026
Devosia sp. LEGU1	2774137	S	4	0	4	0.0000999026
Methyloligella sp. GL2	2742204	S	4	0	4	0.0000999026
Caenibius tardaugens	169176	S	2	2	4	0.0000999026
Starkeya sp. ORNL1	2709380	S	4	0	4	0.0000999026
Labrenzia sp. VG12	2021862	S	4	0	4	0.0000999026
Labrenzia aggregata	187304	S	3	1	4	0.0000999026
Bartonella australis	388640	S	4	0	4	0.0000999026
Methylocystis parvus	134	S	4	0	4	0.0000999026
Methylocella tundrae	227605	S	4	0	4	0.0000999026
Methylovirgula ligni	569860	S	4	0	4	0.0000999026
Chelatococcus daeguensis	444444	S	3	1	4	0.0000999026
Sphingomonas sp. sand1-3	2764186	S	4	0	4	0.0000999026
Sphingobium sp. SCG-1	2072936	S	4	0	4	0.0000999026
Sphingobium sp. Cam5-1	2789327	S	3	1	4	0.0000999026
Novosphingobium sp. P6W	1609758	S	4	0	4	0.0000999026
Parasphingopyxis sp. CP4	2724527	S	4	0	4	0.0000999026
Parasphingorhabdus sp. JHSY0214	2806553	S	4	0	4	0.0000999026
Allosphingosinicella indica	941907	S	4	0	4	0.0000999026
Erythrobacter sp. 6D36	2782568	S	4	0	4	0.0000999026
Tsuneonella mangrovi	1982042	S	4	0	4	0.0000999026
Qipengyuania seohaensis	266951	S	4	0	4	0.0000999026
Paraurantiacibacter namhicola	645517	S	4	0	4	0.0000999026
Sphingosinicella microcystinivorans	335406	S	4	0	4	0.0000999026
Paracoccus sp. Arc7-R13	2500532	S	4	0	4	0.0000999026
Paracoccus sp. H4-D09	2812658	S	4	0	4	0.0000999026
Roseovarius sp. THAF9	2587847	S	2	2	4	0.0000999026
Celeribacter indicus	1208324	S	3	1	4	0.0000999026
Roseobacter ponti	1891787	S	4	0	4	0.0000999026
Paraoceanicella profunda	2579971	S	4	0	4	0.0000999026
Roseivivax sp. THAF30	2587852	S	2	2	4	0.0000999026
Polymorphum gilvum	991904	S	4	0	4	0.0000999026
Azospirillum baldaniorum	1064539	S	2	2	4	0.0000999026
Thalassospira sp. B30-1	2785911	S	2	2	4	0.0000999026
Thalassospira indica	1891279	S	3	1	4	0.0000999026
Candidatus Endolissoclinum faulkneri	1263979	S	4	0	4	0.0000999026
Brevundimonas sp. LM2	1938605	S	4	0	4	0.0000999026
Brevundimonas subvibrioides	74313	S	4	0	4	0.0000999026
Caulobacter mirabilis	69666	S	4	0	4	0.0000999026
Caulobacter rhizosphaerae	2010972	S	4	0	4	0.0000999026
Wolbachia endosymbiont of Dirofilaria (Dirofilaria) immitis	1812115	S	3	1	4	0.0000999026
Rickettsia bellii	33990	S	4	0	4	0.0000999026
Candidatus Pelagibacter sp. RS40	1977865	S	4	0	4	0.0000999026
Marinicauda algicola	2029849	S	4	0	4	0.0000999026
Hyphomonas sp. Mor2	1906738	S	4	0	4	0.0000999026
Myxococcus hansupus	1297742	S	4	0	4	0.0000999026
Archangium gephyra	48	S	3	1	4	0.0000999026
Desulfovibrio sulfodismutans	63561	S	4	0	4	0.0000999026
Geobacter sp. DSM 9736	1277350	S	4	0	4	0.0000999026
Arcobacter nitrofigilis	28199	S	4	0	4	0.0000999026
Arcobacter venerupis	1054033	S	4	0	4	0.0000999026
Arcobacter peruensis	2320140	S	1	3	4	0.0000999026
Aliarcobacter lanthieri	1355374	S	4	0	4	0.0000999026
Aliarcobacter faecis	1564138	S	4	0	4	0.0000999026
Aliarcobacter skirrowii	28200	S	3	1	4	0.0000999026
Malaciobacter marinus	505249	S	4	0	4	0.0000999026
Campylobacter lari	201	S	4	0	4	0.0000999026
Campylobacter mucosalis	202	S	4	0	4	0.0000999026
Campylobacter concisus	199	S	4	0	4	0.0000999026
Campylobacter blaseri	2042961	S	4	0	4	0.0000999026
Campylobacter peloridis	488546	S	4	0	4	0.0000999026
Sulfurimonas sp. S2-6	2590020	S	4	0	4	0.0000999026
Halobacteriovorax sp. BALOs_7	2109558	S	4	0	4	0.0000999026
Rhodococcus sp. X156	2499145	S	4	0	4	0.0000999026
Rhodococcus sp. R79	2811421	S	4	0	4	0.0000999026
Rhodococcus koreensis	99653	S	4	0	4	0.0000999026
Nocardia sp. WCH-YHL-001	2755382	S	4	0	4	0.0000999026
Nocardia otitidiscaviarum	1823	S	4	0	4	0.0000999026
Nocardia wallacei	480035	S	4	0	4	0.0000999026
Mycolicibacterium aurum	1791	S	4	0	4	0.0000999026
Mycolicibacterium rutilum	370526	S	4	0	4	0.0000999026
Mycolicibacterium goodii	134601	S	4	0	4	0.0000999026
Mycolicibacterium helvum	1534349	S	4	0	4	0.0000999026
Mycolicibacterium smegmatis	1772	S	4	0	4	0.0000999026
Mycolicibacterium alvei	67081	S	4	0	4	0.0000999026
Mycolicibacterium mageritense	53462	S	4	0	4	0.0000999026
Mycobacterium kubicae	120959	S	4	0	4	0.0000999026
Mycobacterium saskatchewanense	220927	S	4	0	4	0.0000999026
Mycobacterium cookii	1775	S	4	0	4	0.0000999026
Mycolicibacter terrae	1788	S	4	0	4	0.0000999026
Corynebacterium sp. 1864	2820399	S	2	2	4	0.0000999026
Corynebacterium sanguinis	2594913	S	4	0	4	0.0000999026
Corynebacterium bovis	36808	S	4	0	4	0.0000999026
Corynebacterium nuruki	1032851	S	4	0	4	0.0000999026
Lawsonella clevelandensis	1528099	S	4	0	4	0.0000999026
Microbacterium sp. HY60	2769067	S	4	0	4	0.0000999026
Microbacterium sp. 1S1	2606451	S	3	1	4	0.0000999026
Microbacterium chocolatum	84292	S	4	0	4	0.0000999026
Agromyces sp. G127AT	2781962	S	4	0	4	0.0000999026
Agromyces aureus	453304	S	4	0	4	0.0000999026
Agromyces badenianii	2080742	S	4	0	4	0.0000999026
Agromyces protaetiae	2509455	S	4	0	4	0.0000999026
Leucobacter coleopterorum	2714933	S	4	0	4	0.0000999026
Candidatus Rhodoluna planktonica	535712	S	4	0	4	0.0000999026
Agrococcus jejuensis	399736	S	4	0	4	0.0000999026
Chryseoglobus sp. 28M-23	2772253	S	2	2	4	0.0000999026
Chryseoglobus indicus	2750620	S	2	2	4	0.0000999026
Plantibacter flavus	150123	S	3	1	4	0.0000999026
Protaetiibacter sp. SSC-01	2759943	S	4	0	4	0.0000999026
Frondihabitans sp. 762G35	1446794	S	4	0	4	0.0000999026
Rothia aeria	172042	S	4	0	4	0.0000999026
Rothia terrae	396015	S	3	1	4	0.0000999026
Kocuria turfanensis	388357	S	4	0	4	0.0000999026
Micrococcus sp. A1	404583	S	2	2	4	0.0000999026
Luteipulveratus mongoliensis	571913	S	4	0	4	0.0000999026
Cellulomonas fimi	1708	S	4	0	4	0.0000999026
Isoptericola variabilis	139208	S	4	0	4	0.0000999026
Xylanimicrobium sp. FW10M-9	2509457	S	4	0	4	0.0000999026
Ornithinimicrobium flavum	1288636	S	4	0	4	0.0000999026
Georgenia faecalis	2483799	S	4	0	4	0.0000999026
Beutenbergia cavernae	84757	S	4	0	4	0.0000999026
Austwickia chelonae	100225	S	4	0	4	0.0000999026
Streptomyces sp. SirexAA-E	862751	S	4	0	4	0.0000999026
Streptomyces sp. 2323.1	1938841	S	4	0	4	0.0000999026
Streptomyces sp. RPA4-2	2721244	S	4	0	4	0.0000999026
Streptomyces sp. RTd22	1841249	S	4	0	4	0.0000999026
Streptomyces sp. Z423-1	2730915	S	4	0	4	0.0000999026
Streptomyces sp. fd1-xmd	1812480	S	4	0	4	0.0000999026
Streptomyces sp. W1SF4	2305220	S	4	0	4	0.0000999026
Streptomyces sp. WAC 01529	2203205	S	4	0	4	0.0000999026
Streptomyces sp. HM190	2695266	S	4	0	4	0.0000999026
Streptomyces sp. ZYC-3	2797636	S	4	0	4	0.0000999026
Streptomyces sp. DSM 40868	2721173	S	4	0	4	0.0000999026
Streptomyces sp. SCUT-3	2684469	S	4	0	4	0.0000999026
Streptomyces sp. CB01881	2078691	S	4	0	4	0.0000999026
Streptomyces sp. CMB-StM0423	2059884	S	4	0	4	0.0000999026
Streptomyces sp. CRPJ-33	2768068	S	4	0	4	0.0000999026
Streptomyces sp. Go-475	2072505	S	4	0	4	0.0000999026
Streptomyces sp. 604F	1476754	S	1	3	4	0.0000999026
Streptomyces atratus	1893	S	4	0	4	0.0000999026
Streptomyces roseochromogenus	285450	S	4	0	4	0.0000999026
Streptomyces armeniacus	83291	S	4	0	4	0.0000999026
Streptomyces bingchenggensis	379067	S	4	0	4	0.0000999026
Streptomyces koyangensis	188770	S	4	0	4	0.0000999026
Streptomyces actuosus	1885	S	4	0	4	0.0000999026
Streptomyces globosus	68209	S	4	0	4	0.0000999026
Streptomyces tendae	1932	S	4	0	4	0.0000999026
Streptomyces rapamycinicus	1226757	S	4	0	4	0.0000999026
Streptomyces collinus	42684	S	4	0	4	0.0000999026
Streptomyces hawaiiensis	67305	S	4	0	4	0.0000999026
Streptomyces albireticuli	1940	S	4	0	4	0.0000999026
Streptomyces peucetius	1950	S	4	0	4	0.0000999026
Streptomyces ficellus	1977088	S	4	0	4	0.0000999026
Streptomyces olivaceus	47716	S	4	0	4	0.0000999026
Streptomyces spongiicola	1690221	S	4	0	4	0.0000999026
Streptomyces avermitilis	33903	S	4	0	4	0.0000999026
Streptomyces nojiriensis	66374	S	4	0	4	0.0000999026
Streptomyces tirandamycinicus	2174846	S	4	0	4	0.0000999026
Streptomyces lunaelactis	1535768	S	4	0	4	0.0000999026
Cutibacterium avidum	33010	S	4	0	4	0.0000999026
Tessaracoccus aquimaris	1332264	S	4	0	4	0.0000999026
Nocardioides sp. zg-1228	2763008	S	4	0	4	0.0000999026
Nocardioides sp. S-713	2760089	S	4	0	4	0.0000999026
Nocardioides ungokensis	1643322	S	4	0	4	0.0000999026
Aeromicrobium sp. zg-629	2663859	S	4	0	4	0.0000999026
Micropruina glycogenica	75385	S	4	0	4	0.0000999026
Pseudonocardia sp. AL041005-10	445576	S	4	0	4	0.0000999026
Pseudonocardia sp. HH130629-09	1641402	S	4	0	4	0.0000999026
Saccharopolyspora coralli	2665642	S	4	0	4	0.0000999026
Saccharomonospora viridis	1852	S	4	0	4	0.0000999026
Actinoalloteichus hymeniacidonis	340345	S	4	0	4	0.0000999026
Alloactinosynnema sp. L-07	1653480	S	4	0	4	0.0000999026
Micromonospora sp. WMMC415	2675222	S	4	0	4	0.0000999026
Micromonospora sp. 28ISP2-46	2749844	S	4	0	4	0.0000999026
Micromonospora coriariae	285665	S	4	0	4	0.0000999026
Micromonospora terminaliae	1914461	S	4	0	4	0.0000999026
Micromonospora siamensis	299152	S	4	0	4	0.0000999026
Micromonospora echinofusca	47858	S	4	0	4	0.0000999026
Micromonospora coxensis	356852	S	4	0	4	0.0000999026
Phytohabitans flavus	1076124	S	4	0	4	0.0000999026
Nocardiopsis alba	53437	S	4	0	4	0.0000999026
Thermobifida fusca	2021	S	4	0	4	0.0000999026
Actinomyces sp. zg-332	2708340	S	4	0	4	0.0000999026
Actinomyces sp. oral taxon 169	712116	S	3	1	4	0.0000999026
Candidatus Planktophila dulcis	1884914	S	4	0	4	0.0000999026
Frankia sp. EAN1pec	298653	S	4	0	4	0.0000999026
Modestobacter marinus	477641	S	4	0	4	0.0000999026
Bacillus wiedmannii	1890302	S	4	0	4	0.0000999026
Bacillus sp. FJAT-45348	2011012	S	4	0	4	0.0000999026
Bacillus sp. SDLI1	1774743	S	1	3	4	0.0000999026
Bacillus cellulosilyticus	1413	S	4	0	4	0.0000999026
Bacillus freudenreichii	1783501	S	4	0	4	0.0000999026
[Brevibacterium] frigoritolerans	450367	S	2	2	4	0.0000999026
Metabacillus sp. KUDC1714	2745198	S	4	0	4	0.0000999026
Oceanobacillus zhaokaii	2052660	S	4	0	4	0.0000999026
Alkalihalobacillus miscanthi	2598861	S	4	0	4	0.0000999026
Halobacillus litoralis	45668	S	4	0	4	0.0000999026
Gracilibacillus sp. SCU50	2663022	S	4	0	4	0.0000999026
Paraliobacillus zengyii	2213194	S	4	0	4	0.0000999026
Staphylococcus xylosus	1288	S	4	0	4	0.0000999026
Staphylococcus arlettae	29378	S	4	0	4	0.0000999026
Paenibacillus sp. FSL R7-0331	1536773	S	4	0	4	0.0000999026
Paenibacillus bovis	1616788	S	4	0	4	0.0000999026
Cohnella sp. MFER-1	2728023	S	4	0	4	0.0000999026
Thermobacillus composti	377615	S	4	0	4	0.0000999026
Alicyclobacillus sp. SO9	2665646	S	4	0	4	0.0000999026
Gemella haemolysans	1379	S	4	0	4	0.0000999026
Streptococcus sp. NSJ-72	2763068	S	1	3	4	0.0000999026
Streptococcus mitis	28037	S	4	0	4	0.0000999026
Lactobacillus helveticus	1587	S	4	0	4	0.0000999026
Liquorilactobacillus hordei	468911	S	4	0	4	0.0000999026
Enterococcus hirae	1354	S	4	0	4	0.0000999026
Enterococcus sp. DA9	2603296	S	1	3	4	0.0000999026
Dolosigranulum pigrum	29394	S	4	0	4	0.0000999026
Clostridium aceticum	84022	S	4	0	4	0.0000999026
Clostridium intestinale	36845	S	4	0	4	0.0000999026
Clostridium isatidis	182773	S	4	0	4	0.0000999026
Clostridium carboxidivorans	217159	S	4	0	4	0.0000999026
Clostridium drakei	332101	S	4	0	4	0.0000999026
Hathewaya histolytica	1498	S	4	0	4	0.0000999026
Blautia producta	33035	S	3	1	4	0.0000999026
Anaerocolumna cellulosilytica	433286	S	4	0	4	0.0000999026
Anaerostipes rhamnosivorans	1229621	S	4	0	4	0.0000999026
Lacrimispora saccharolytica	84030	S	4	0	4	0.0000999026
Butyrivibrio fibrisolvens	831	S	4	0	4	0.0000999026
Cellulosilyticum sp. WCF-2	2497860	S	2	2	4	0.0000999026
Romboutsia ilealis	1115758	S	4	0	4	0.0000999026
Acetoanaerobium sticklandii	1511	S	4	0	4	0.0000999026
Acetivibrio clariflavus	288965	S	4	0	4	0.0000999026
Caproiciproducens sp. 7D4C2	2721621	S	4	0	4	0.0000999026
Thermoanaerobacterium sp. RBIITD	1550240	S	4	0	4	0.0000999026
Thermoanaerobacter mathranii	583357	S	1	3	4	0.0000999026
Megasphaera elsdenii	907	S	4	0	4	0.0000999026
Sedimentibacter sp. zth1	2816908	S	4	0	4	0.0000999026
Ezakiella massiliensis	1852374	S	3	1	4	0.0000999026
Faecalitalea cylindroides	39483	S	1	3	4	0.0000999026
Calothrix sp. NIES-3974	2005462	S	4	0	4	0.0000999026
Calothrix parietina	32054	S	4	0	4	0.0000999026
Scytonema sp. HK-05	1137095	S	3	1	4	0.0000999026
Scytonema sp. NIES-4073	2005464	S	3	1	4	0.0000999026
Chondrocystis sp. NIES-4102	2005460	S	4	0	4	0.0000999026
Gloeothece citriformis	2546356	S	4	0	4	0.0000999026
Gloeothece verrucosa	2546359	S	4	0	4	0.0000999026
Halothece sp. PCC 7418	65093	S	4	0	4	0.0000999026
Prochlorococcus sp. MIT 0604	1501268	S	2	2	4	0.0000999026
Gloeobacter kilaueensis	1416614	S	4	0	4	0.0000999026
Mycoplasma sp. (ex Biomphalaria glabrata)	1749074	S	4	0	4	0.0000999026
Mycoplasma capricolum	2095	S	2	2	4	0.0000999026
Mycoplasma tullyi	1612150	S	4	0	4	0.0000999026
Mycoplasma citelli	171281	S	4	0	4	0.0000999026
Mycoplasma gallinaceum	29556	S	3	1	4	0.0000999026
Spiroplasma culicicola	216935	S	4	0	4	0.0000999026
Spiroplasma cantharicola	362837	S	4	0	4	0.0000999026
Spiroplasma gladiatoris	2143	S	4	0	4	0.0000999026
Mesoplasma coleopterae	324078	S	3	1	4	0.0000999026
Thermus thermophilus	274	S	3	1	4	0.0000999026
Dehalococcoides mccartyi	61435	S	3	1	4	0.0000999026
Ktedonosporobacter rubrisoli	2509675	S	4	0	4	0.0000999026
Flavobacterium arcticum	1784713	S	4	0	4	0.0000999026
Flavobacterium album	2175091	S	4	0	4	0.0000999026
Tenacibaculum sp. DSM 106434	2358479	S	3	1	4	0.0000999026
Tenacibaculum maritimum	107401	S	4	0	4	0.0000999026
Capnocytophaga canimorsus	28188	S	4	0	4	0.0000999026
Formosa sp. Hel1_31_208	1798225	S	4	0	4	0.0000999026
Winogradskyella sp. PG-2	754409	S	4	0	4	0.0000999026
Aequorivita sp. KX20305	2803865	S	4	0	4	0.0000999026
Lacinutrix sp. WUR7	2653681	S	4	0	4	0.0000999026
Gramella salexigens	1913577	S	4	0	4	0.0000999026
Gramella sp. MAR_2010_147	1250205	S	3	1	4	0.0000999026
Salegentibacter salegens	143223	S	4	0	4	0.0000999026
Psychroflexus sp. ALD_RP9	2777186	S	4	0	4	0.0000999026
Kordia sp. SMS9	2282170	S	4	0	4	0.0000999026
Muricauda sp. 501str8	2698672	S	3	1	4	0.0000999026
Zobellia galactanivorans	63186	S	4	0	4	0.0000999026
Arenibacter algicola	616991	S	4	0	4	0.0000999026
Croceibacter atlanticus	313588	S	4	0	4	0.0000999026
Urechidicola croceus	1850246	S	3	1	4	0.0000999026
Chryseobacterium sp. G0201	2487065	S	4	0	4	0.0000999026
Chryseobacterium sp. cx-624	2758037	S	4	0	4	0.0000999026
Chryseobacterium sp. G0186	2487064	S	3	1	4	0.0000999026
Elizabethkingia sp. 2-6	2575699	S	2	2	4	0.0000999026
Candidatus Sulcia muelleri	336810	S	4	0	4	0.0000999026
Fluviicola taffensis	191579	S	4	0	4	0.0000999026
Runella sp. SP2	2268026	S	4	0	4	0.0000999026
Runella slithyformis	106	S	4	0	4	0.0000999026
Fibrella aestuarina	651143	S	4	0	4	0.0000999026
Hymenobacter sp. DG25A	1385663	S	4	0	4	0.0000999026
Hymenobacter sp. PAMC 26554	1484116	S	4	0	4	0.0000999026
Hymenobacter sp. DG01	2584940	S	4	0	4	0.0000999026
Hymenobacter sp. TS19	2735321	S	4	0	4	0.0000999026
Hymenobacter sp. HDW8	2714932	S	1	3	4	0.0000999026
Hymenobacter qilianensis	1385715	S	4	0	4	0.0000999026
Hymenobacter swuensis	1446467	S	4	0	4	0.0000999026
Hymenobacter oligotrophus	2319843	S	4	0	4	0.0000999026
Hymenobacter radiodurans	2496028	S	1	3	4	0.0000999026
Sphingobacterium sp. dk4302	2662364	S	4	0	4	0.0000999026
Sphingobacterium sp. G1-14	2003121	S	2	2	4	0.0000999026
Sphingobacterium hotanense	649196	S	4	0	4	0.0000999026
Anseongella ginsenosidimutans	496056	S	4	0	4	0.0000999026
Chitinophaga alhagiae	2203219	S	4	0	4	0.0000999026
Phocaeicola salanitronis	376805	S	4	0	4	0.0000999026
Muribaculum intestinale	1796646	S	4	0	4	0.0000999026
Parabacteroides goldsteinii	328812	S	1	3	4	0.0000999026
Draconibacterium sp. M1	2706887	S	4	0	4	0.0000999026
Alkalitalea saponilacus	889453	S	4	0	4	0.0000999026
Ignavibacterium album	591197	S	4	0	4	0.0000999026
Gemmatimonas aurantiaca	173480	S	4	0	4	0.0000999026
Tuwongella immobilis	692036	S	4	0	4	0.0000999026
Rosistilla carotiformis	2528017	S	3	1	4	0.0000999026
Pirellulimonas nuda	2528009	S	4	0	4	0.0000999026
Gimesia panareensis	2527978	S	4	0	4	0.0000999026
Gimesia chilikensis	2605989	S	4	0	4	0.0000999026
Rubinisphaera brasiliensis	119	S	4	0	4	0.0000999026
Lacunisphaera limnophila	1838286	S	3	1	4	0.0000999026
Coraliomargarita akajimensis	395922	S	4	0	4	0.0000999026
Simkania negevensis	83561	S	4	0	4	0.0000999026
Chlamydia sp. 2742-308	1806891	S	4	0	4	0.0000999026
Borrelia coriaceae	144	S	4	0	4	0.0000999026
Borrelia miyamotoi	47466	S	4	0	4	0.0000999026
Treponema ruminis	744515	S	4	0	4	0.0000999026
Treponema denticola	158	S	3	1	4	0.0000999026
Brachyspira intermedia	84377	S	4	0	4	0.0000999026
Brachyspira murdochii	84378	S	4	0	4	0.0000999026
Brachyspira hampsonii	1287055	S	4	0	4	0.0000999026
Leptospira kmetyi	408139	S	4	0	4	0.0000999026
Fusobacterium sp. NSJ-57	2764326	S	4	0	4	0.0000999026
Ilyobacter polytropus	167642	S	4	0	4	0.0000999026
Sebaldella termitidis	826	S	4	0	4	0.0000999026
Acidobacterium capsulatum	33075	S	4	0	4	0.0000999026
Thermosipho melanesiensis	46541	S	4	0	4	0.0000999026
Fervidobacterium nodosum	2424	S	3	1	4	0.0000999026
Natronomonas sp. C90	2747817	S	4	0	4	0.0000999026
Halorientalis sp. IM1011	1932360	S	3	1	4	0.0000999026
Halobacterium sp. DL1	751944	S	3	1	4	0.0000999026
Halorussus sp. RC-68	2505977	S	4	0	4	0.0000999026
Halopiger xanaduensis	387343	S	4	0	4	0.0000999026
Halobonum sp. Gai3-2	2743090	S	4	0	4	0.0000999026
Candidatus Nitrosotenuis cloacae	1603555	S	4	0	4	0.0000999026
Candidatus Nitrosopelagicus brevis	1410606	S	4	0	4	0.0000999026
Sulfolobus sp. A20	1891280	S	2	2	4	0.0000999026
Sulfolobus acidocaldarius	2285	S	4	0	4	0.0000999026
Sulfolobus islandicus	43080	S	3	1	4	0.0000999026
Candidatus Prometheoarchaeum syntrophicum	2594042	S	4	0	4	0.0000999026
Flavobacterium phage vB_FspS_hattifnatt9-1	2686246	S	3	1	4	0.0000999026
Polaribacter virus P12002S	1982246	S	4	0	4	0.0000999026
Cellulophaga virus Cba121	1918193	S	2	2	4	0.0000999026
Pseudomonas phage PA11	347327	S	4	0	4	0.0000999026
Ralstonia virus RSJ2	2733594	S	4	0	4	0.0000999026
Klebsiella virus IME260	2560539	S	4	0	4	0.0000999026
Mimivirus terra2	1128151	S	3	1	4	0.0000999026
Amsacta moorei entomopoxvirus	28321	S	4	0	4	0.0000999026
Delftia sp. HK171	1920191	S	1	2	3	0.0000749269
Polaromonas vacuolata	37448	S	3	0	3	0.0000749269
Burkholderia thailandensis	57975	S	3	0	3	0.0000749269
Burkholderia sp. DHOD12	2571746	S	3	0	3	0.0000749269
Burkholderia sp. KBS0801	1179675	S	1	2	3	0.0000749269
Paraburkholderia sp. Msb3	2604047	S	2	1	3	0.0000749269
Paraburkholderia caffeinilytica	1761016	S	3	0	3	0.0000749269
Paraburkholderia dokdonella	2211211	S	3	0	3	0.0000749269
Paraburkholderia acidiphila	2571747	S	3	0	3	0.0000749269
Paraburkholderia caledonica	134536	S	3	0	3	0.0000749269
Pandoraea apista	93218	S	3	0	3	0.0000749269
Pandoraea faecigallinarum	656179	S	3	0	3	0.0000749269
Pandoraea sp. XY-2	2518599	S	3	0	3	0.0000749269
Mycoavidus sp. B2-EB	2651972	S	3	0	3	0.0000749269
Bordetella pertussis	520	S	1	2	3	0.0000749269
Achromobacter sp. MFA1 R4	1881016	S	3	0	3	0.0000749269
Achromobacter sp. B7	2282475	S	3	0	3	0.0000749269
Alcaligenes faecalis	511	S	3	0	3	0.0000749269
Kerstersia gyiorum	206506	S	3	0	3	0.0000749269
Algicoccus marinus	2163011	S	3	0	3	0.0000749269
Thauera humireducens	1134435	S	3	0	3	0.0000749269
Thauera aromatica	59405	S	2	1	3	0.0000749269
Thauera chlorobenzoica	96773	S	2	1	3	0.0000749269
Chromobacterium vaccinii	1108595	S	3	0	3	0.0000749269
Aquitalea denitrificans	519081	S	3	0	3	0.0000749269
Neisseria animalis	492	S	3	0	3	0.0000749269
Candidatus Methylopumilus planktonicus	1581557	S	3	0	3	0.0000749269
Candidatus Methylopumilus turicensis	1581680	S	3	0	3	0.0000749269
Candidatus Methylopumilus rimovensis	2588535	S	3	0	3	0.0000749269
Candidatus Methylopumilus universalis	2588536	S	3	0	3	0.0000749269
Sulfuricella denitrificans	649841	S	3	0	3	0.0000749269
Sideroxydans lithotrophicus	63745	S	3	0	3	0.0000749269
Candidatus Kinetoplastibacterium galatii	994695	S	3	0	3	0.0000749269
Pseudomonas sp. DG56-2	2320270	S	3	0	3	0.0000749269
Pseudomonas sp. R32	1573704	S	3	0	3	0.0000749269
Pseudomonas sp. S34	1573718	S	3	0	3	0.0000749269
Pseudomonas sp. TUM18999	2725477	S	3	0	3	0.0000749269
Pseudomonas sp. TCU-HL1	1856685	S	3	0	3	0.0000749269
Pseudomonas sp. 7SR1	1881017	S	3	0	3	0.0000749269
Pseudomonas sp. NS1(2017)	2025658	S	3	0	3	0.0000749269
Pseudomonas sp. LTJR-52	2479392	S	3	0	3	0.0000749269
Pseudomonas mediterranea	183795	S	3	0	3	0.0000749269
Pseudomonas trivialis	200450	S	3	0	3	0.0000749269
Pseudomonas furukawaii	1149133	S	3	0	3	0.0000749269
Pseudomonas coronafaciens	53409	S	3	0	3	0.0000749269
Pseudomonas asturiensis	1190415	S	3	0	3	0.0000749269
Pseudomonas salegens	1434072	S	3	0	3	0.0000749269
Pseudomonas taetrolens	47884	S	3	0	3	0.0000749269
Pseudomonas alkylphenolica	237609	S	3	0	3	0.0000749269
Pseudomonas reinekei	395598	S	3	0	3	0.0000749269
Pseudomonas frederiksbergensis	104087	S	3	0	3	0.0000749269
Acinetobacter seifertii	1530123	S	3	0	3	0.0000749269
Acinetobacter sp. NEB 394	2743575	S	2	1	3	0.0000749269
Moraxella bovoculi	386891	S	2	1	3	0.0000749269
Aquirhabdus parva	2283318	S	3	0	3	0.0000749269
Enterobacter sp. HK169	1868135	S	2	1	3	0.0000749269
Citrobacter sp. LY-1	2546350	S	2	1	3	0.0000749269
Citrobacter rodentium	67825	S	3	0	3	0.0000749269
Escherichia albertii	208962	S	3	0	3	0.0000749269
Enterobacteriaceae endosymbiont of Donacia cincticornis	2675773	S	3	0	3	0.0000749269
Blochmannia endosymbiont of Camponotus nipponensis	2681986	S	1	2	3	0.0000749269
Cronobacter dublinensis	413497	S	3	0	3	0.0000749269
Cronobacter condimenti	1163710	S	3	0	3	0.0000749269
Cronobacter sakazakii	28141	S	2	1	3	0.0000749269
Kosakonia sacchari	1158459	S	3	0	3	0.0000749269
Cedecea neteri	158822	S	3	0	3	0.0000749269
Jejubacter calystegiae	2579935	S	3	0	3	0.0000749269
Pseudescherichia vulneris	566	S	3	0	3	0.0000749269
Pantoea ananatis	553	S	3	0	3	0.0000749269
Pantoea cypripedii	55209	S	3	0	3	0.0000749269
Pantoea alhagi	1891675	S	3	0	3	0.0000749269
Serratia fonticola	47917	S	3	0	3	0.0000749269
Yersinia pestis	632	S	1	2	3	0.0000749269
Yersinia ruckeri	29486	S	3	0	3	0.0000749269
Rahnella sp. ERMR1:05	1805933	S	3	0	3	0.0000749269
Arsenophonus endosymbiont of Aphis craccivora	1231049	S	3	0	3	0.0000749269
Pectobacterium carotovorum	554	S	2	1	3	0.0000749269
Limnobaculum parvum	2172103	S	3	0	3	0.0000749269
Sodalis endosymbiont of Henestaris halophilus	1929246	S	3	0	3	0.0000749269
Lysobacter sp. TY2-98	2290922	S	3	0	3	0.0000749269
Lysobacter sp. HDW10	2714936	S	3	0	3	0.0000749269
Lysobacter gummosus	262324	S	3	0	3	0.0000749269
Lysobacter maris	1605891	S	3	0	3	0.0000749269
Lysobacter alkalisoli	2591633	S	3	0	3	0.0000749269
Stenotrophomonas sp. ZAC14D2_NAIMI4_6	2072406	S	2	1	3	0.0000749269
Stenotrophomonas sp. NA06056	2742129	S	3	0	3	0.0000749269
Xanthomonas cucurbitae	56453	S	3	0	3	0.0000749269
Xanthomonas fragariae	48664	S	3	0	3	0.0000749269
Luteimonas sp. MC1825	2761107	S	3	0	3	0.0000749269
Luteimonas sp. MC1750	2799326	S	3	0	3	0.0000749269
Thermomonas carbonis	1463158	S	3	0	3	0.0000749269
Xylella taiwanensis	1444770	S	3	0	3	0.0000749269
Dyella sp. G9	2763498	S	3	0	3	0.0000749269
Rhodanobacter denitrificans	666685	S	3	0	3	0.0000749269
Rhodanobacter sp. FDAARGOS 1247	2778082	S	3	0	3	0.0000749269
Frateuria aurantia	81475	S	3	0	3	0.0000749269
Halomonas sp. PGE1	2730360	S	3	0	3	0.0000749269
Halomonas elongata	2746	S	3	0	3	0.0000749269
Halomonas aestuarii	1897729	S	3	0	3	0.0000749269
Halomonas venusta	44935	S	2	1	3	0.0000749269
Chromohalobacter salexigens	158080	S	3	0	3	0.0000749269
Salinicola tamaricis	1771309	S	3	0	3	0.0000749269
Kushneria konosiri	698828	S	3	0	3	0.0000749269
Alcanivorax pacificus	1306787	S	3	0	3	0.0000749269
Marinobacterium sp. LSUCC0821	2668067	S	3	0	3	0.0000749269
Bacterioplanes sanyensis	1249553	S	3	0	3	0.0000749269
Shewanella sp. FJAT-53720	2814292	S	1	2	3	0.0000749269
Shewanella algae	38313	S	3	0	3	0.0000749269
Shewanella benthica	43661	S	3	0	3	0.0000749269
Shewanella frigidimarina	56812	S	3	0	3	0.0000749269
Shewanella maritima	2520507	S	3	0	3	0.0000749269
Shewanella halifaxensis	271098	S	3	0	3	0.0000749269
Alteromonas pelagimontana	1858656	S	3	0	3	0.0000749269
Pseudoalteromonas sp. Bsw20308	283699	S	3	0	3	0.0000749269
Pseudoalteromonas sp. SM1988	2744479	S	3	0	3	0.0000749269
Pseudoalteromonas piscicida	43662	S	3	0	3	0.0000749269
Idiomarina sp. X4	2055892	S	3	0	3	0.0000749269
Mannheimia bovis	2770636	S	3	0	3	0.0000749269
Vibrio taketomensis	2572923	S	3	0	3	0.0000749269
Vibrio gazogenes	687	S	3	0	3	0.0000749269
Vibrio fluvialis	676	S	3	0	3	0.0000749269
Aliivibrio salmonicida	40269	S	3	0	3	0.0000749269
Candidatus Nitrosoglobus terrae	1630141	S	3	0	3	0.0000749269
Thioalkalivibrio sulfidiphilus	1033854	S	3	0	3	0.0000749269
Thioalkalivibrio sp. K90mix	396595	S	3	0	3	0.0000749269
Thioalkalivibrio paradoxus	108010	S	2	1	3	0.0000749269
Acidihalobacter yilgarnenesis	2819280	S	3	0	3	0.0000749269
Granulosicoccus antarcticus	437505	S	3	0	3	0.0000749269
Sulfuriflexus mobilis	1811807	S	3	0	3	0.0000749269
Halothiobacillus neapolitanus	927	S	3	0	3	0.0000749269
Thiohalobacter sp. COW1	2795687	S	3	0	3	0.0000749269
Aeromonas sp. CA23	2033032	S	3	0	3	0.0000749269
Aeromonas sp. CU5	2033033	S	3	0	3	0.0000749269
Aeromonas schubertii	652	S	3	0	3	0.0000749269
Dongshaea marina	2047966	S	3	0	3	0.0000749269
Francisella philomiragia	28110	S	2	1	3	0.0000749269
Piscirickettsia salmonis	1238	S	3	0	3	0.0000749269
Methylophaga frappieri	754477	S	3	0	3	0.0000749269
Simiduia agarivorans	447471	S	3	0	3	0.0000749269
Halioglobus japonicus	930805	S	3	0	3	0.0000749269
Halioglobus pacificus	930806	S	3	0	3	0.0000749269
Bathymodiolus thermophilus thioautotrophic gill symbiont	2360	S	3	0	3	0.0000749269
Candidatus Thioglobus singularis	1427364	S	3	0	3	0.0000749269
endosymbiont of Pachyrhynchus infernalis	1971488	S	3	0	3	0.0000749269
Sulfuricaulis limicola	1620215	S	3	0	3	0.0000749269
Solimonas sp. K1W22B-7	2303331	S	3	0	3	0.0000749269
Sinimarinibacterium sp. NLF-5-8	2698684	S	3	0	3	0.0000749269
Steroidobacter denitrificans	465721	S	3	0	3	0.0000749269
Bradyrhizobium sp. CCGE-LA001	1223566	S	3	0	3	0.0000749269
Nitrobacter winogradskyi	913	S	3	0	3	0.0000749269
Methylobacterium sp. AMS5	925818	S	2	1	3	0.0000749269
Rhizobium sp. ACO-34A	1571470	S	3	0	3	0.0000749269
Rhizobium sp. NXC24	2048897	S	3	0	3	0.0000749269
Rhizobium pseudoryzae	379684	S	3	0	3	0.0000749269
Rhizobium indicum	2583231	S	2	1	3	0.0000749269
Agrobacterium sp. RAC06	1842536	S	2	1	3	0.0000749269
Agrobacterium sp. T29	2580515	S	2	1	3	0.0000749269
Ensifer sp. PDNC004	2811423	S	3	0	3	0.0000749269
Shinella sp. PSBB067	2715959	S	2	1	3	0.0000749269
Liberibacter crescens	1273132	S	3	0	3	0.0000749269
Mesorhizobium sp. M9A.F.Ca.ET.002.03.1.2	2493668	S	3	0	3	0.0000749269
Mesorhizobium sp. 8	2584466	S	3	0	3	0.0000749269
Mesorhizobium sp. M1E.F.Ca.ET.045.02.1.1	2493672	S	3	0	3	0.0000749269
Mesorhizobium sp. M1B.F.Ca.ET.045.04.1.1	2493673	S	3	0	3	0.0000749269
Mesorhizobium sp. AA22	1854057	S	2	1	3	0.0000749269
Lentilitoribacter sp. Alg239-R112	2305987	S	3	0	3	0.0000749269
Salaquimonas pukyongi	2712698	S	3	0	3	0.0000749269
Blastochloris tepida	2233851	S	3	0	3	0.0000749269
Stappia sp. ES.058	1881061	S	3	0	3	0.0000749269
Pseudovibrio sp. FO-BEG1	911045	S	3	0	3	0.0000749269
Martelella endophytica	1486262	S	3	0	3	0.0000749269
Bartonella elizabethae	807	S	1	2	3	0.0000749269
Candidatus Hodgkinia cicadicola	573658	S	3	0	3	0.0000749269
Methylosinus sp. C49	2699395	S	3	0	3	0.0000749269
Brucella intermedia	94625	S	3	0	3	0.0000749269
Brucella pituitosa	571256	S	1	2	3	0.0000749269
Lichenihabitans psoromatis	2528642	S	3	0	3	0.0000749269
Sphingomonas sp. HDW15A	2714942	S	3	0	3	0.0000749269
Sphingomonas sp. KC8	1030157	S	3	0	3	0.0000749269
Sphingomonas sp. IC081	304378	S	1	2	3	0.0000749269
Sphingomonas xanthus	2594473	S	3	0	3	0.0000749269
Erythrobacter sp. A30-3	2785907	S	2	1	3	0.0000749269
Erythrobacter neustonensis	1112	S	3	0	3	0.0000749269
Altererythrobacter sp. TH136	2067415	S	3	0	3	0.0000749269
Altererythrobacter sp. ZODW24	2185142	S	3	0	3	0.0000749269
Aurantiacibacter atlanticus	1648404	S	2	1	3	0.0000749269
Sulfitobacter sp. JL08	2070369	S	3	0	3	0.0000749269
Phaeobacter inhibens	221822	S	2	1	3	0.0000749269
Phaeobacter porticola	1844006	S	2	1	3	0.0000749269
Rhodovulum sp. MB263	308754	S	3	0	3	0.0000749269
Salipiger pacificus	311180	S	3	0	3	0.0000749269
Celeribacter marinus	1397108	S	3	0	3	0.0000749269
Celeribacter ethanolicus	1758178	S	3	0	3	0.0000749269
Octadecabacter sp. SW4	2602067	S	3	0	3	0.0000749269
Octadecabacter antarcticus	1217908	S	3	0	3	0.0000749269
Ruegeria sp. TM1040	292414	S	3	0	3	0.0000749269
Roseobacter litoralis	42443	S	3	0	3	0.0000749269
Pseudohalocynthiibacter aestuariivivens	1591409	S	3	0	3	0.0000749269
Boseongicola sp. CCM32	2552942	S	3	0	3	0.0000749269
Roseicitreum antarcticum	564137	S	3	0	3	0.0000749269
Roseibacterium elongatum	159346	S	3	0	3	0.0000749269
Silicimonas algicola	1826607	S	3	0	3	0.0000749269
Thalassospira marina	2048283	S	3	0	3	0.0000749269
Magnetospira sp. QH-2	1288970	S	3	0	3	0.0000749269
Niveispirillum cyanobacteriorum	1612173	S	3	0	3	0.0000749269
Roseomonas sp. 1318	2768161	S	3	0	3	0.0000749269
Roseomonas sp. 546	2768162	S	3	0	3	0.0000749269
Roseomonas gilardii	257708	S	3	0	3	0.0000749269
Acetobacter ghanensis	431306	S	3	0	3	0.0000749269
Granulibacter bethesdensis	364410	S	3	0	3	0.0000749269
Acidiphilium multivorum	62140	S	2	1	3	0.0000749269
Brevundimonas sp. DS20	1532555	S	1	2	3	0.0000749269
Wolbachia endosymbiont of Folsomia candida	169402	S	3	0	3	0.0000749269
Rickettsia endosymbiont of Ixodes scapularis	444612	S	3	0	3	0.0000749269
Rickettsia asiatica	238800	S	2	1	3	0.0000749269
Rickettsia prowazekii	782	S	3	0	3	0.0000749269
Rickettsia typhi	785	S	3	0	3	0.0000749269
Rickettsia sp. Tillamook 23	2761623	S	3	0	3	0.0000749269
Phreatobacter stygius	1940610	S	3	0	3	0.0000749269
Glycocaulis alkaliphilus	1434191	S	3	0	3	0.0000749269
Hyphomonas sp. KY3	2016196	S	3	0	3	0.0000749269
Myxococcus sp. SCHIC003	2813577	S	3	0	3	0.0000749269
Stigmatella aurantiaca	41	S	3	0	3	0.0000749269
Desulfovibrio sp. IOR2	2583823	S	3	0	3	0.0000749269
Desulfocurvibacter africanus	873	S	3	0	3	0.0000749269
Maridesulfovibrio salexigens	880	S	3	0	3	0.0000749269
Geobacter uraniireducens	351604	S	3	0	3	0.0000749269
Desulfosarcina widdelii	947919	S	3	0	3	0.0000749269
Desulfococcus multivorans	897	S	3	0	3	0.0000749269
Arcobacter anaerophilus	877500	S	3	0	3	0.0000749269
Malaciobacter pacificus	1080223	S	3	0	3	0.0000749269
Poseidonibacter parvus	1850254	S	1	2	3	0.0000749269
Campylobacter armoricus	2505970	S	3	0	3	0.0000749269
Campylobacter hyointestinalis	198	S	3	0	3	0.0000749269
Sulfurimonas sp. B2	2590551	S	3	0	3	0.0000749269
Sulfurovum lithotrophicum	206403	S	1	2	3	0.0000749269
Caminibacter mediatlanticus	291048	S	3	0	3	0.0000749269
Bdellovibrio sp. ZAP7	2231053	S	3	0	3	0.0000749269
Halobacteriovorax marinus	97084	S	3	0	3	0.0000749269
Hydrogenophilus thermoluteolus	297	S	3	0	3	0.0000749269
Rhodococcus sp. P1Y	1302308	S	3	0	3	0.0000749269
Rhodococcus sp. M8	1925550	S	1	2	3	0.0000749269
Rhodococcus rhodochrous	1829	S	3	0	3	0.0000749269
Rhodococcus imtechensis	262776	S	1	2	3	0.0000749269
Mycolicibacterium aichiense	1799	S	3	0	3	0.0000749269
Mycolicibacterium tokaiense	39695	S	3	0	3	0.0000749269
Mycolicibacterium confluentis	28047	S	3	0	3	0.0000749269
Mycolicibacterium nivoides	2487344	S	1	2	3	0.0000749269
Mycolicibacterium austroafricanum	39687	S	1	2	3	0.0000749269
Mycobacterium stomatepiae	470076	S	3	0	3	0.0000749269
Mycobacterium shigaense	722731	S	3	0	3	0.0000749269
Mycobacterium sp. MS1601	1936029	S	3	0	3	0.0000749269
Mycobacterium sp. DL592	2675524	S	3	0	3	0.0000749269
Mycobacterium sp. EPa45	1545728	S	2	1	3	0.0000749269
Mycobacterium sp. ELW1	1547487	S	2	1	3	0.0000749269
Mycobacterium sp. THAF192	2587868	S	1	2	3	0.0000749269
Mycobacterium mantenii	560555	S	3	0	3	0.0000749269
Mycobacterium seoulense	386911	S	3	0	3	0.0000749269
Mycobacterium paraseoulense	590652	S	3	0	3	0.0000749269
Mycobacterium heckeshornense	110505	S	3	0	3	0.0000749269
Mycobacteroides saopaulense	1578165	S	3	0	3	0.0000749269
Mycolicibacillus koreensis	1069220	S	3	0	3	0.0000749269
Corynebacterium glucuronolyticum	39791	S	3	0	3	0.0000749269
Corynebacterium camporealensis	161896	S	3	0	3	0.0000749269
Corynebacterium ammoniagenes	1697	S	3	0	3	0.0000749269
Corynebacterium riegelii	156976	S	3	0	3	0.0000749269
Corynebacterium vitaeruminis	38305	S	3	0	3	0.0000749269
Corynebacterium halotolerans	225326	S	3	0	3	0.0000749269
Corynebacterium amycolatum	43765	S	1	2	3	0.0000749269
Gordonia sp. 135	2676309	S	1	2	3	0.0000749269
Gordonia phthalatica	1136941	S	3	0	3	0.0000749269
Microbacterium sp. LKL04	912630	S	3	0	3	0.0000749269
Microbacterium sp. JZ31	1906274	S	3	0	3	0.0000749269
Microbacterium sp. BH-3-3-3	1906742	S	3	0	3	0.0000749269
Microbacterium lushaniae	2614639	S	3	0	3	0.0000749269
Microbacterium wangchenii	2541726	S	3	0	3	0.0000749269
Microbacterium esteraromaticum	57043	S	3	0	3	0.0000749269
Curtobacterium sp. BH-2-1-1	1905847	S	3	0	3	0.0000749269
Agromyces flavus	589382	S	3	0	3	0.0000749269
Rathayibacter sp. VKM Ac-2759	2609252	S	3	0	3	0.0000749269
Rathayibacter sp. VKM Ac-2801	2609255	S	2	1	3	0.0000749269
Leucobacter denitrificans	683042	S	3	0	3	0.0000749269
Salinibacterium sp. UTAS2018	2508880	S	3	0	3	0.0000749269
Salinibacterium hongtaonis	2079791	S	3	0	3	0.0000749269
Gryllotalpicola protaetiae	2419771	S	3	0	3	0.0000749269
Arthrobacter sp. 24S4-2	2575374	S	3	0	3	0.0000749269
Arthrobacter sp. PAMC25564	2565366	S	3	0	3	0.0000749269
Arthrobacter sp. PAMC 25486	1494608	S	3	0	3	0.0000749269
Arthrobacter sp. J3.40	347209	S	1	2	3	0.0000749269
Arthrobacter citreus	1670	S	3	0	3	0.0000749269
Arthrobacter woluwensis	156980	S	3	0	3	0.0000749269
Arthrobacter dokdonellae	2211210	S	3	0	3	0.0000749269
Kocuria varians	1272	S	3	0	3	0.0000749269
Pseudarthrobacter sp. BIM B-2242	2772401	S	3	0	3	0.0000749269
Zhihengliuella sp. ISTPL4	2058657	S	2	1	3	0.0000749269
Intrasporangium calvum	53358	S	3	0	3	0.0000749269
Cellulomonas sp. Y8	2591145	S	3	0	3	0.0000749269
Cellulomonas gilvus	11	S	3	0	3	0.0000749269
Oerskovia sp. KBS0722	1179673	S	3	0	3	0.0000749269
Pseudactinotalea sp. HY158	2654547	S	3	0	3	0.0000749269
Brevibacterium sandarakinum	629680	S	3	0	3	0.0000749269
Cellulosimicrobium sp. 72-3	2731680	S	1	2	3	0.0000749269
Xylanimonas allomyrinae	2509459	S	3	0	3	0.0000749269
Ornithinimicrobium sp. AMA3305	2283195	S	3	0	3	0.0000749269
Ornithinimicrobium sp. HY006	2508882	S	3	0	3	0.0000749269
Brachybacterium saurashtrense	556288	S	3	0	3	0.0000749269
Brachybacterium ginsengisoli	1331682	S	3	0	3	0.0000749269
Streptomyces sp. JB150	2714844	S	3	0	3	0.0000749269
Streptomyces sp. 3214.6	1882757	S	3	0	3	0.0000749269
Streptomyces sp. CdTB01	1725411	S	3	0	3	0.0000749269
Streptomyces sp. SM18	1736046	S	3	0	3	0.0000749269
Streptomyces sp. S063	2005885	S	3	0	3	0.0000749269
Streptomyces sp. P3	2135430	S	3	0	3	0.0000749269
Streptomyces sp. MOE7	1961713	S	3	0	3	0.0000749269
Streptomyces sp. RLB1-33	2721243	S	3	0	3	0.0000749269
Streptomyces sp. Tu 2975	2676871	S	3	0	3	0.0000749269
Streptomyces sp. MBT27	1488356	S	3	0	3	0.0000749269
Streptomyces sp. jing01	2726118	S	3	0	3	0.0000749269
Streptomyces sp. C8S0	2585716	S	3	0	3	0.0000749269
Streptomyces sp. Rer75	2750011	S	3	0	3	0.0000749269
Streptomyces sp. CB04723	2748873	S	3	0	3	0.0000749269
Streptomyces sp. CNQ-509	444103	S	2	1	3	0.0000749269
Streptomyces sp. Mg1	465541	S	2	1	3	0.0000749269
Streptomyces sp. WAC 06738	2203210	S	2	1	3	0.0000749269
Streptomyces cyaneogriseus	68192	S	3	0	3	0.0000749269
Streptomyces antibioticus	1890	S	3	0	3	0.0000749269
Streptomyces coeruleorubidus	116188	S	3	0	3	0.0000749269
Streptomyces pristinaespiralis	38300	S	3	0	3	0.0000749269
Streptomyces vietnamensis	362257	S	3	0	3	0.0000749269
Streptomyces rutgersensis	53451	S	3	0	3	0.0000749269
Streptomyces phaeolivaceus	2653200	S	3	0	3	0.0000749269
Streptomyces albulus	68570	S	3	0	3	0.0000749269
Streptomyces glaucescens	1907	S	3	0	3	0.0000749269
Streptomyces aquilus	2548456	S	3	0	3	0.0000749269
Streptomyces ferrugineus	1413221	S	3	0	3	0.0000749269
Streptomyces incarnatus	665007	S	3	0	3	0.0000749269
Streptomyces katrae	68223	S	3	0	3	0.0000749269
Streptomyces cadmiisoli	2184053	S	3	0	3	0.0000749269
Streptomyces noursei	1971	S	3	0	3	0.0000749269
Streptomyces antimycoticus	68175	S	3	0	3	0.0000749269
Streptomyces alfalfae	1642299	S	2	1	3	0.0000749269
Microlunatus sp. Gsoil 973	2672569	S	3	0	3	0.0000749269
Acidipropionibacterium acidipropionici	1748	S	3	0	3	0.0000749269
Raineyella sp. CBA3103	2662261	S	3	0	3	0.0000749269
Pseudopropionibacterium propionicum	1750	S	3	0	3	0.0000749269
Nocardioides sp. dk3136	2575373	S	3	0	3	0.0000749269
Nocardioides sp. WS12	2486272	S	3	0	3	0.0000749269
Nocardioides sp. ZJ1313	2685869	S	2	1	3	0.0000749269
Nocardioides mesophilus	433659	S	3	0	3	0.0000749269
Nocardioides dokdonensis	450734	S	3	0	3	0.0000749269
Nocardioides baekrokdamisoli	1804624	S	3	0	3	0.0000749269
Nocardioides houyundeii	2045452	S	3	0	3	0.0000749269
Nocardioides cynanchi	2558918	S	3	0	3	0.0000749269
Aeromicrobium choanae	1736691	S	3	0	3	0.0000749269
Pimelobacter simplex	2045	S	3	0	3	0.0000749269
Kribbella qitaiheensis	1544730	S	3	0	3	0.0000749269
Pseudonocardia autotrophica	2074	S	3	0	3	0.0000749269
Saccharothrix espanaensis	103731	S	3	0	3	0.0000749269
Actinoalloteichus sp. GBA129-24	1612551	S	1	2	3	0.0000749269
Micromonospora sagamiensis	47875	S	3	0	3	0.0000749269
Plantactinospora sp. BB1	2071627	S	1	2	3	0.0000749269
Plantactinospora sp. BC1	2108470	S	1	2	3	0.0000749269
Salinispora tropica	168695	S	3	0	3	0.0000749269
Actinomyces radicidentis	111015	S	3	0	3	0.0000749269
Schaalia odontolytica	1660	S	3	0	3	0.0000749269
Schaalia cardiffensis	181487	S	3	0	3	0.0000749269
Flaviflexus sp. H23T48	2496867	S	3	0	3	0.0000749269
Boudabousia tangfeifanii	1912795	S	3	0	3	0.0000749269
Frankia sp. QA3	710111	S	3	0	3	0.0000749269
Bifidobacterium scardovii	158787	S	3	0	3	0.0000749269
Bifidobacterium adolescentis	1680	S	3	0	3	0.0000749269
Nakamurella multipartita	53461	S	3	0	3	0.0000749269
Kineococcus radiotolerans	131568	S	3	0	3	0.0000749269
Eggerthella sp. HF-1101	2690837	S	3	0	3	0.0000749269
Arabia massiliensis	1870985	S	3	0	3	0.0000749269
Collinsella aerofaciens	74426	S	3	0	3	0.0000749269
Rubrobacter xylanophilus	49319	S	3	0	3	0.0000749269
Bacillus luti	2026191	S	3	0	3	0.0000749269
Bacillus licheniformis	1402	S	2	1	3	0.0000749269
Bacillus inaquosorum	483913	S	1	2	3	0.0000749269
Bacillus sp. Y1	352858	S	3	0	3	0.0000749269
Bacillus sp. N1-1	2682541	S	3	0	3	0.0000749269
Bacillus sp. DSL-17	2567941	S	3	0	3	0.0000749269
Bacillus dafuensis	1742359	S	3	0	3	0.0000749269
Geobacillus kaustophilus	1462	S	1	2	3	0.0000749269
Lysinibacillus sp. SGAir0095	2070463	S	3	0	3	0.0000749269
Lysinibacillus sp. FJAT-51161	2590012	S	3	0	3	0.0000749269
Lysinibacillus fusiformis	28031	S	2	1	3	0.0000749269
Halobacillus halophilus	1570	S	3	0	3	0.0000749269
Salicibibacter sp. NKC21-4	2743001	S	3	0	3	0.0000749269
Salicibibacter kimchii	2099786	S	3	0	3	0.0000749269
Peribacillus simplex	1478	S	3	0	3	0.0000749269
Staphylococcus pseudoxylosus	2282419	S	3	0	3	0.0000749269
Staphylococcus condimenti	70255	S	3	0	3	0.0000749269
Staphylococcus pasteuri	45972	S	3	0	3	0.0000749269
Staphylococcus saccharolyticus	33028	S	3	0	3	0.0000749269
Staphylococcus auricularis	29379	S	3	0	3	0.0000749269
Paenibacillus sp. JDR-2	324057	S	3	0	3	0.0000749269
Paenibacillus sp. B01	2660554	S	3	0	3	0.0000749269
Paenibacillus sp. 37	2607911	S	3	0	3	0.0000749269
Paenibacillus sp. FSL P4-0081	1536769	S	2	1	3	0.0000749269
Paenibacillus sp. Y412MC10	481743	S	1	2	3	0.0000749269
Paenibacillus sabinae	365617	S	3	0	3	0.0000749269
Paenibacillus psychroresistens	1778678	S	3	0	3	0.0000749269
Paenibacillus cellulosilyticus	375489	S	3	0	3	0.0000749269
Paenibacillus odorifer	189426	S	3	0	3	0.0000749269
Paenibacillus thiaminolyticus	49283	S	3	0	3	0.0000749269
Cohnella candidum	2674991	S	3	0	3	0.0000749269
Aneurinibacillus soli	1500254	S	3	0	3	0.0000749269
Sporosarcina ureae	1571	S	3	0	3	0.0000749269
Listeria welshimeri	1643	S	3	0	3	0.0000749269
Alicyclobacillus ferrooxydans	471514	S	3	0	3	0.0000749269
Gemella sanguinis	84135	S	3	0	3	0.0000749269
Exiguobacterium sp. MH3	1399115	S	2	1	3	0.0000749269
Thermoactinomyces vulgaris	2026	S	3	0	3	0.0000749269
Laceyella sacchari	37482	S	3	0	3	0.0000749269
Streptococcus equi	1336	S	3	0	3	0.0000749269
Streptococcus pantholopis	1811193	S	3	0	3	0.0000749269
Lactobacillus delbrueckii	1584	S	3	0	3	0.0000749269
Lactobacillus iners	147802	S	3	0	3	0.0000749269
Lactobacillus jensenii	109790	S	3	0	3	0.0000749269
Lactobacillus crispatus	47770	S	3	0	3	0.0000749269
Lactobacillus amylovorus	1604	S	3	0	3	0.0000749269
Paucilactobacillus nenjiangensis	1296540	S	3	0	3	0.0000749269
Weissella hellenica	46256	S	3	0	3	0.0000749269
Weissella soli	155866	S	3	0	3	0.0000749269
Limosilactobacillus reuteri	1598	S	3	0	3	0.0000749269
Latilactobacillus graminis	60519	S	2	1	3	0.0000749269
Lentilactobacillus buchneri	1581	S	3	0	3	0.0000749269
Furfurilactobacillus rossiae	231049	S	3	0	3	0.0000749269
Lactiplantibacillus plantarum	1590	S	1	2	3	0.0000749269
Lacticaseibacillus rhamnosus	47715	S	2	1	3	0.0000749269
Enterococcus thailandicus	417368	S	3	0	3	0.0000749269
Melissococcus plutonius	33970	S	3	0	3	0.0000749269
Carnobacterium maltaromaticum	2751	S	3	0	3	0.0000749269
Jeotgalibaca porci	1868793	S	3	0	3	0.0000749269
Clostridium acetobutylicum	1488	S	3	0	3	0.0000749269
Clostridium saccharoperbutylacetonicum	36745	S	3	0	3	0.0000749269
Clostridium argentinense	29341	S	3	0	3	0.0000749269
Clostridium cochlearium	1494	S	3	0	3	0.0000749269
Clostridium cellulovorans	1493	S	3	0	3	0.0000749269
Clostridium autoethanogenum	84023	S	1	2	3	0.0000749269
Clostridium sporogenes	1509	S	1	2	3	0.0000749269
Alkaliphilus metalliredigens	208226	S	3	0	3	0.0000749269
Alkaliphilus oremlandii	461876	S	3	0	3	0.0000749269
Candidatus Arthromitus sp. SFB-rat-Yit	1041504	S	2	1	3	0.0000749269
Caloranaerobacter azorensis	116090	S	3	0	3	0.0000749269
Geosporobacter ferrireducens	1424294	S	3	0	3	0.0000749269
Blautia sp. SC05B48	2479767	S	3	0	3	0.0000749269
Blautia obeum	40520	S	3	0	3	0.0000749269
Anaerocolumna sedimenticola	2696063	S	3	0	3	0.0000749269
[Ruminococcus] gnavus	33038	S	3	0	3	0.0000749269
Roseburia intestinalis	166486	S	2	1	3	0.0000749269
Lachnospira eligens	39485	S	3	0	3	0.0000749269
Romboutsia sp. CE17	2724150	S	3	0	3	0.0000749269
Acetivibrio saccincola	1677857	S	3	0	3	0.0000749269
Pseudoclostridium thermosuccinogenes	84032	S	3	0	3	0.0000749269
Desulfitobacterium dehalogenans	36854	S	3	0	3	0.0000749269
Dehalobacterium formicoaceticum	51515	S	3	0	3	0.0000749269
Eubacterium sp. NSJ-61	2764325	S	2	1	3	0.0000749269
Heliorestis convoluta	356322	S	3	0	3	0.0000749269
Caldicellulosiruptor bescii	31899	S	3	0	3	0.0000749269
Caldicellulosiruptor sp. YA01	2806205	S	3	0	3	0.0000749269
Caldanaerobacter subterraneus	911092	S	3	0	3	0.0000749269
Halanaerobium hydrogeniformans	656519	S	3	0	3	0.0000749269
Halobacteroides halobius	42422	S	3	0	3	0.0000749269
Biomaibacter acetigenes	2316383	S	3	0	3	0.0000749269
Selenomonas sp. oral taxon 920	1884263	S	3	0	3	0.0000749269
Acidaminococcus intestini	187327	S	3	0	3	0.0000749269
Tissierellia sp. JN-28	2507161	S	3	0	3	0.0000749269
Peptoniphilus harei	54005	S	3	0	3	0.0000749269
Gottschalkia acidurici	1556	S	3	0	3	0.0000749269
Erysipelothrix rhusiopathiae	1648	S	3	0	3	0.0000749269
Nostoc sp. UHCC 0702	2814655	S	3	0	3	0.0000749269
Nostoc linckia	92942	S	3	0	3	0.0000749269
Calothrix sp. PCC 7507	99598	S	3	0	3	0.0000749269
Calothrix sp. 336/3	1337936	S	3	0	3	0.0000749269
Calothrix sp. NIES-2100	1954172	S	2	1	3	0.0000749269
Raphidiopsis curvata	312883	S	2	1	3	0.0000749269
Fischerella sp. NIES-3754	1752063	S	3	0	3	0.0000749269
Oscillatoria acuminata	118323	S	2	1	3	0.0000749269
Microcoleus sp. PCC 7113	1173027	S	3	0	3	0.0000749269
Crinalium epipsammum	241425	S	3	0	3	0.0000749269
Geminocystis herdmanii	669359	S	3	0	3	0.0000749269
Crocosphaera subtropica	2546360	S	3	0	3	0.0000749269
Synechococcus sp. KORDI-100	1280380	S	3	0	3	0.0000749269
Synechococcus sp. PCC 7502	1173263	S	3	0	3	0.0000749269
Synechococcus sp. RSCCF101	2511069	S	3	0	3	0.0000749269
Synechococcus sp. RS9902	221345	S	2	1	3	0.0000749269
Synechococcus sp. PCC 8807	195248	S	1	2	3	0.0000749269
Prochlorococcus sp. MIT 0801	1501269	S	2	1	3	0.0000749269
Leptolyngbya sp. PCC 7376	111781	S	3	0	3	0.0000749269
Leptolyngbya sp. BL0902	1115757	S	3	0	3	0.0000749269
Stanieria cyanosphaera	102116	S	3	0	3	0.0000749269
cyanobacterium endosymbiont of Rhopalodia gibberula	1763363	S	3	0	3	0.0000749269
Mycoplasma sp. Mirounga ES2806-NAS	754516	S	3	0	3	0.0000749269
Mycoplasma hyopneumoniae	2099	S	3	0	3	0.0000749269
Mycoplasma neurolyticum	2120	S	3	0	3	0.0000749269
Mycoplasma conjunctivae	45361	S	1	2	3	0.0000749269
Mycoplasma pullorum	48003	S	3	0	3	0.0000749269
Spiroplasma sp. TIUS-1	216963	S	3	0	3	0.0000749269
Mesoplasma chauliocola	216427	S	3	0	3	0.0000749269
Acholeplasma axanthum	29552	S	3	0	3	0.0000749269
Deinococcus sp. NW-56	2080419	S	3	0	3	0.0000749269
Deinococcus sp. AJ005	2652443	S	3	0	3	0.0000749269
Deinococcus geothermalis	68909	S	3	0	3	0.0000749269
Deinococcus proteolyticus	55148	S	3	0	3	0.0000749269
Truepera radiovictrix	332249	S	3	0	3	0.0000749269
Roseiflexus sp. RS-1	357808	S	3	0	3	0.0000749269
Pelolinea submarina	913107	S	2	1	3	0.0000749269
Sphaerobacter thermophilus	2057	S	3	0	3	0.0000749269
Caldilinea aerophila	133453	S	3	0	3	0.0000749269
Chthonomonas calidirosea	454171	S	3	0	3	0.0000749269
Fimbriimonas ginsengisoli	1005039	S	3	0	3	0.0000749269
Flavobacterium sp. KI723T1	408956	S	1	2	3	0.0000749269
Polaribacter sp. MED152	313598	S	3	0	3	0.0000749269
Tenacibaculum todarodis	1850252	S	3	0	3	0.0000749269
Capnocytophaga leadbetteri	327575	S	3	0	3	0.0000749269
Capnocytophaga endodontalis	2708117	S	3	0	3	0.0000749269
Myroides odoratus	256	S	3	0	3	0.0000749269
Myroides phaeus	702745	S	3	0	3	0.0000749269
Myroides fluvii	2572594	S	3	0	3	0.0000749269
Maribacter sp. MJ134	2496865	S	3	0	3	0.0000749269
Maribacter cobaltidurans	1178778	S	2	1	3	0.0000749269
Nonlabens sp. Hel1_33_55	1336802	S	3	0	3	0.0000749269
Lacinutrix sp. Bg11-31	2057808	S	3	0	3	0.0000749269
Gramella forsetii	411153	S	2	1	3	0.0000749269
Gramella flava	1486245	S	2	1	3	0.0000749269
Muricauda lutaonensis	516051	S	3	0	3	0.0000749269
Antarcticibacterium arcticum	2585771	S	3	0	3	0.0000749269
Galbibacter sp. BG1	1170699	S	3	0	3	0.0000749269
Costertonia aggregata	343403	S	3	0	3	0.0000749269
Olleya sp. Bg11-27	2058135	S	2	1	3	0.0000749269
Dokdonia sp. PRO95	1239415	S	2	1	3	0.0000749269
Aureitalea sp. RR4-38	2094025	S	3	0	3	0.0000749269
Flavivirga eckloniae	1803846	S	3	0	3	0.0000749269
Robiginitalea biformata	252307	S	3	0	3	0.0000749269
Wenyingzhuangia fucanilytica	1790137	S	3	0	3	0.0000749269
Chryseobacterium sp. JV274	1932669	S	3	0	3	0.0000749269
Chryseobacterium glaciei	1685010	S	3	0	3	0.0000749269
Apibacter raozihei	2500547	S	3	0	3	0.0000749269
Spirosoma taeanense	2735870	S	3	0	3	0.0000749269
Hymenobacter sp. BRD128	2675878	S	3	0	3	0.0000749269
Hymenobacter russus	2724192	S	3	0	3	0.0000749269
Hymenobacter baengnokdamensis	2615203	S	2	1	3	0.0000749269
Pontibacter actiniarum	323450	S	3	0	3	0.0000749269
Pontibacter pudoricolor	2694930	S	3	0	3	0.0000749269
Adhaeribacter swui	2086471	S	3	0	3	0.0000749269
Cyclobacterium marinum	104	S	3	0	3	0.0000749269
Cyclobacterium amurskyense	320787	S	3	0	3	0.0000749269
Candidatus Cardinium hertigii	247481	S	2	1	3	0.0000749269
Pedobacter heparinus	984	S	3	0	3	0.0000749269
Sphingobacterium sp. CZ-2	2557994	S	3	0	3	0.0000749269
Sphingobacterium thalpophilum	259	S	2	1	3	0.0000749269
Mucilaginibacter paludis	423351	S	3	0	3	0.0000749269
Mucilaginibacter celer	2305508	S	3	0	3	0.0000749269
Solitalea canadensis	995	S	3	0	3	0.0000749269
Chitinophaga sp. XS-30	2604421	S	3	0	3	0.0000749269
Prevotella sp. oral taxon 299	652716	S	3	0	3	0.0000749269
Prevotella sp. WR041	2801997	S	3	0	3	0.0000749269
Prevotella dentalis	52227	S	3	0	3	0.0000749269
Prevotella scopos	589437	S	3	0	3	0.0000749269
Petrimonas mucosa	1642646	S	3	0	3	0.0000749269
Alistipes dispar	2585119	S	3	0	3	0.0000749269
Coprobacter sp. 2CBH44	2751153	S	3	0	3	0.0000749269
Labilibaculum antarcticum	1717717	S	3	0	3	0.0000749269
Fibrobacter succinogenes	833	S	3	0	3	0.0000749269
Rhodopirellula baltica	265606	S	3	0	3	0.0000749269
Bythopirellula goksoyri	1400387	S	3	0	3	0.0000749269
Gimesia alba	2527973	S	3	0	3	0.0000749269
Limihaloglobus sulfuriphilus	1851148	S	3	0	3	0.0000749269
Neochlamydia sp. S13	1353976	S	3	0	3	0.0000749269
Treponema azotonutricium	150829	S	3	0	3	0.0000749269
Treponema sp. RCC2812	2787628	S	3	0	3	0.0000749269
Brachyspira hyodysenteriae	159	S	3	0	3	0.0000749269
Brachyspira pilosicoli	52584	S	3	0	3	0.0000749269
Fusobacterium mortiferum	850	S	3	0	3	0.0000749269
Fusobacterium necrophorum	859	S	3	0	3	0.0000749269
Pseudoleptotrichia goodfellowii	157692	S	3	0	3	0.0000749269
Granulicella sp. WH15	2602070	S	3	0	3	0.0000749269
Granulicella mallensis	940614	S	3	0	3	0.0000749269
Granulicella tundricola	940615	S	3	0	3	0.0000749269
Terriglobus roseus	392734	S	3	0	3	0.0000749269
Chloracidobacterium thermophilum	458033	S	3	0	3	0.0000749269
Thermosipho sp. 1070	1437364	S	2	1	3	0.0000749269
Defluviitoga tunisiensis	1006576	S	3	0	3	0.0000749269
Candidatus Babela massiliensis	673862	S	3	0	3	0.0000749269
Nitrospira japonica	1325564	S	3	0	3	0.0000749269
Candidatus Nitrospira inopinata	1715989	S	3	0	3	0.0000749269
Nitrospira sp. KM1	1936990	S	3	0	3	0.0000749269
Sulfurihydrogenibium azorense	309806	S	3	0	3	0.0000749269
Flexistipes sinusarabici	2352	S	3	0	3	0.0000749269
Aminomonas paucivorans	81412	S	3	0	3	0.0000749269
Halosimplex pelagicum	869886	S	2	1	3	0.0000749269
Haloterrigena sp. YPL8	1699371	S	3	0	3	0.0000749269
Natrialba magadii	13769	S	3	0	3	0.0000749269
Natronorubrum aibiense	348826	S	3	0	3	0.0000749269
Halorubrum sp. RHB-C	2739057	S	3	0	3	0.0000749269
Halobellus limi	699433	S	3	0	3	0.0000749269
Haloprofundus sp. MHR1	2572921	S	3	0	3	0.0000749269
Methanosarcina vacuolata	2215	S	2	1	3	0.0000749269
Methanosalsum zhilinae	39669	S	3	0	3	0.0000749269
Methanobrevibacter millerae	230361	S	3	0	3	0.0000749269
Methanocaldococcus fervens	83171	S	3	0	3	0.0000749269
Methanococcus maripaludis	39152	S	2	1	3	0.0000749269
Nitrosarchaeum sp. AC2	2259673	S	3	0	3	0.0000749269
Candidatus Nitrosocosmicus franklandus	1798806	S	3	0	3	0.0000749269
Sulfolobus sp. S-194	2512240	S	1	2	3	0.0000749269
Sulfodiicoccus acidiphilus	1670455	S	3	0	3	0.0000749269
uncultured crAssphage	1211417	S	3	0	3	0.0000749269
Puniceispirillum phage HMO-2011	948071	S	3	0	3	0.0000749269
Synechococcus phage S-CBS3	753085	S	3	0	3	0.0000749269
Vibrio phage pYD21-A	754049	S	3	0	3	0.0000749269
Streptococcus phage SpSL1	1566990	S	3	0	3	0.0000749269
Mycobacterium phage LilMcDreamy	2652422	S	2	1	3	0.0000749269
Gordonia virus Twister6	2170253	S	3	0	3	0.0000749269
Acanthocystis turfacea chlorella virus 1	322019	S	3	0	3	0.0000749269
Moumouvirus	985782	S	3	0	3	0.0000749269
Lymantria dispar multiple nucleopolyhedrovirus	10449	S	3	0	3	0.0000749269
Catopsilia pomona nucleopolyhedrovirus	1850906	S	3	0	3	0.0000749269
Pandoravirus macleodensis	2107707	S	3	0	3	0.0000749269
Polaromonas sp. W9N	1840323	S	2	0	2	0.0000499513
Burkholderia territorii	1503055	S	2	0	2	0.0000499513
Burkholderia sp. JP2-270	2217913	S	2	0	2	0.0000499513
Burkholderia sp. IDO3	1705310	S	1	1	2	0.0000499513
Cupriavidus nantongensis	1796606	S	1	1	2	0.0000499513
Polynucleobacter wuianus	1743168	S	2	0	2	0.0000499513
Paraburkholderia phenoliruptrix	252970	S	2	0	2	0.0000499513
Paraburkholderia phymatum	148447	S	2	0	2	0.0000499513
Pandoraea pulmonicola	93221	S	2	0	2	0.0000499513
Pandoraea fibrosis	1891094	S	2	0	2	0.0000499513
Herbaspirillum sp. meg3	2025949	S	2	0	2	0.0000499513
Thiomonas arsenitoxydans	426114	S	2	0	2	0.0000499513
Alcaligenes sp. SORT26	2813780	S	2	0	2	0.0000499513
Pusillimonas sp. DMV24BSW_D	2716226	S	2	0	2	0.0000499513
Sutterella faecalis	2584944	S	2	0	2	0.0000499513
Azoarcus sp. DD4	2027405	S	2	0	2	0.0000499513
Iodobacter fluviatilis	537	S	2	0	2	0.0000499513
Aquaspirillum sp. LM1	1938604	S	2	0	2	0.0000499513
Vogesella sp. LIG4	1192162	S	2	0	2	0.0000499513
Neisseria sp. oral taxon 014	641148	S	2	0	2	0.0000499513
Neisseria lactamica	486	S	2	0	2	0.0000499513
Neisseria meningitidis	487	S	2	0	2	0.0000499513
Neisseria mucosa	488	S	2	0	2	0.0000499513
Neisseria zoodegmatis	326523	S	2	0	2	0.0000499513
Neisseria bacilliformis	267212	S	2	0	2	0.0000499513
Alysiella filiformis	194196	S	2	0	2	0.0000499513
Chitinolyticbacter meiyuanensis	682798	S	2	0	2	0.0000499513
Methylovorus glucosotrophus	266009	S	1	1	2	0.0000499513
Denitratisoma oestradiolicum	311182	S	2	0	2	0.0000499513
Thiobacillus denitrificans	36861	S	2	0	2	0.0000499513
Candidatus Kinetoplastibacterium oncopeltii	994696	S	2	0	2	0.0000499513
Candidatus Profftella armatura (Diaphorina cf. continua)	2661583	S	2	0	2	0.0000499513
Pseudomonas sp. LPB0260	2614442	S	2	0	2	0.0000499513
Pseudomonas sp. StFLB209	1028989	S	2	0	2	0.0000499513
Pseudomonas sp. CMR5c	658630	S	2	0	2	0.0000499513
Pseudomonas sp. DTU12.1	2654238	S	2	0	2	0.0000499513
Pseudomonas sp. B10	118613	S	2	0	2	0.0000499513
Pseudomonas sp. CC6-YY-74	1930532	S	2	0	2	0.0000499513
Pseudomonas sp. S-6-2	1931241	S	2	0	2	0.0000499513
Pseudomonas sp. 31-12	2201356	S	2	0	2	0.0000499513
Pseudomonas sp. K2W31S-8	2320867	S	2	0	2	0.0000499513
Pseudomonas sp. C27(2019)	2604941	S	2	0	2	0.0000499513
Pseudomonas azotoformans	47878	S	2	0	2	0.0000499513
Pseudomonas migulae	78543	S	2	0	2	0.0000499513
Pseudomonas cedrina	651740	S	2	0	2	0.0000499513
Pseudomonas luteola	47886	S	2	0	2	0.0000499513
Pseudomonas balearica	74829	S	2	0	2	0.0000499513
Pseudomonas lundensis	86185	S	2	0	2	0.0000499513
Pseudomonas agarici	46677	S	2	0	2	0.0000499513
Pseudomonas eucalypticola	2599595	S	2	0	2	0.0000499513
Pseudomonas kribbensis	1628086	S	2	0	2	0.0000499513
Pseudomonas sabulinigri	472181	S	2	0	2	0.0000499513
Pseudomonas alcaliphila	101564	S	2	0	2	0.0000499513
Pseudomonas extremaustralis	359110	S	2	0	2	0.0000499513
Pseudomonas lurida	244566	S	2	0	2	0.0000499513
Pseudomonas umsongensis	198618	S	2	0	2	0.0000499513
Pseudomonas simiae	321846	S	2	0	2	0.0000499513
Pseudomonas rhizosphaerae	216142	S	2	0	2	0.0000499513
Pseudomonas antarctica	219572	S	2	0	2	0.0000499513
Pseudomonas cerasi	1583341	S	1	1	2	0.0000499513
Acinetobacter sp. 10FS3-1	2563897	S	2	0	2	0.0000499513
Acinetobacter sp. WCHAc010034	1879049	S	2	0	2	0.0000499513
Acinetobacter shaoyimingii	2715164	S	2	0	2	0.0000499513
Acinetobacter wuhouensis	1879050	S	2	0	2	0.0000499513
Moraxella catarrhalis	480	S	2	0	2	0.0000499513
Moraxella ovis	29433	S	1	1	2	0.0000499513
Enterobacter roggenkampii	1812935	S	1	1	2	0.0000499513
Enterobacter sp. YSU	648691	S	1	1	2	0.0000499513
Citrobacter werkmanii	67827	S	2	0	2	0.0000499513
Citrobacter braakii	57706	S	1	1	2	0.0000499513
Citrobacter farmeri	67824	S	2	0	2	0.0000499513
Citrobacter telavivum	2653932	S	2	0	2	0.0000499513
Enterobacteriaceae endosymbiont of Donacia bicoloricornis	2675772	S	2	0	2	0.0000499513
Enterobacteriaceae endosymbiont of Donacia tomentosa	2675787	S	2	0	2	0.0000499513
Blochmannia endosymbiont of Colobopsis nipponica	2681987	S	2	0	2	0.0000499513
secondary endosymbiont of Heteropsylla cubana	134287	S	2	0	2	0.0000499513
Candidatus Hamiltonella defensa	138072	S	2	0	2	0.0000499513
secondary endosymbiont of Trabutina mannipara	1835721	S	2	0	2	0.0000499513
Kosakonia cowanii	208223	S	2	0	2	0.0000499513
Cedecea lapagei	158823	S	2	0	2	0.0000499513
Kluyvera genomosp. 3	2774055	S	2	0	2	0.0000499513
[Enterobacter] lignolyticus	1334193	S	2	0	2	0.0000499513
Pantoea sp. 201603H	2479547	S	2	0	2	0.0000499513
Pantoea sp. SO10	2575375	S	2	0	2	0.0000499513
Pantoea rwandensis	1076550	S	2	0	2	0.0000499513
Erwinia pyrifoliae	79967	S	1	1	2	0.0000499513
Mixta gaviniae	665914	S	2	0	2	0.0000499513
Serratia sp. KUDC3025	2597702	S	2	0	2	0.0000499513
Serratia sp. P2ACOL2	2482769	S	1	1	2	0.0000499513
Serratia symbiotica	138074	S	2	0	2	0.0000499513
Yersinia similis	367190	S	2	0	2	0.0000499513
Yersinia enterocolitica	630	S	2	0	2	0.0000499513
Yersinia canariae	2607663	S	2	0	2	0.0000499513
Rahnella aquatilis	34038	S	1	1	2	0.0000499513
Nissabacter sp. SGAir0207	2126321	S	2	0	2	0.0000499513
Proteus hauseri	183417	S	2	0	2	0.0000499513
Providencia alcalifaciens	126385	S	2	0	2	0.0000499513
Xenorhabdus nematophila	628	S	2	0	2	0.0000499513
Xenorhabdus budapestensis	290110	S	2	0	2	0.0000499513
Photorhabdus asymbiotica	291112	S	2	0	2	0.0000499513
Photorhabdus laumondii	2218628	S	2	0	2	0.0000499513
Candidatus Arsenophonus lipoptenae	634113	S	2	0	2	0.0000499513
Dickeya poaceiphila	568768	S	2	0	2	0.0000499513
Dickeya solani	1089444	S	2	0	2	0.0000499513
Brenneria goodwinii	1109412	S	2	0	2	0.0000499513
Brenneria sp. Ir50	2722756	S	2	0	2	0.0000499513
Candidatus Sodalis pierantonius	1486991	S	2	0	2	0.0000499513
Lysobacter soli	453783	S	2	0	2	0.0000499513
Lysobacter arenosi	2795387	S	2	0	2	0.0000499513
Stenotrophomonas sp. Pemsol	2040586	S	2	0	2	0.0000499513
Xanthomonas sp. SI	2724123	S	2	0	2	0.0000499513
Xanthomonas cassavae	56450	S	2	0	2	0.0000499513
Xanthomonas sacchari	56458	S	2	0	2	0.0000499513
Luteimonas chenhongjianii	2006110	S	2	0	2	0.0000499513
Luteimonas yindakuii	2565782	S	2	0	2	0.0000499513
Thermomonas sp. SY21	2202149	S	2	0	2	0.0000499513
Thermomonas sp. HDW16	2714945	S	2	0	2	0.0000499513
Thermomonas brevis	215691	S	2	0	2	0.0000499513
Pseudolysobacter antarcticus	2511995	S	2	0	2	0.0000499513
Dyella japonica	231455	S	2	0	2	0.0000499513
Luteibacter rhizovicinus	242606	S	2	0	2	0.0000499513
Aerosticca soli	2010829	S	2	0	2	0.0000499513
Halomonas sp. Y2R2	2562282	S	2	0	2	0.0000499513
Halomonas sp. HG01	1609967	S	2	0	2	0.0000499513
Halomonas sp. MCCC 1A13316	2733487	S	2	0	2	0.0000499513
Halomonas sp. THAF12	2587849	S	2	0	2	0.0000499513
Halomonas socia	1081866	S	2	0	2	0.0000499513
Candidatus Portiera aleyrodidarum	91844	S	2	0	2	0.0000499513
Halotalea alkalilenta	376489	S	2	0	2	0.0000499513
Alcanivorax dieselolei	285091	S	1	1	2	0.0000499513
Alcanivorax xenomutans	1094342	S	1	1	2	0.0000499513
Hahella chejuensis	158327	S	2	0	2	0.0000499513
Marinomonas sp. FW-1	2071621	S	2	0	2	0.0000499513
Bermanella marisrubri	207949	S	2	0	2	0.0000499513
Kangiella koreensis	261964	S	2	0	2	0.0000499513
Shewanella sp. WE21	2029986	S	2	0	2	0.0000499513
Shewanella sp. YLB-06	2593655	S	2	0	2	0.0000499513
Shewanella psychrophila	225848	S	2	0	2	0.0000499513
Shewanella baltica	62322	S	2	0	2	0.0000499513
Shewanella livingstonensis	150120	S	2	0	2	0.0000499513
Shewanella woodyi	60961	S	2	0	2	0.0000499513
Shewanella putrefaciens	24	S	1	1	2	0.0000499513
Parashewanella spongiae	342950	S	2	0	2	0.0000499513
Alteromonas macleodii	28108	S	2	0	2	0.0000499513
Alteromonas mediterranea	314275	S	2	0	2	0.0000499513
Marinobacter sp. LPB0319	2769486	S	2	0	2	0.0000499513
Marinobacter hydrocarbonoclasticus	2743	S	2	0	2	0.0000499513
Paraglaciecola psychrophila	326544	S	2	0	2	0.0000499513
Salinimonas sediminis	2303538	S	2	0	2	0.0000499513
Pseudoalteromonas sp. NC201	1514074	S	2	0	2	0.0000499513
Pseudoalteromonas piratica	1348114	S	2	0	2	0.0000499513
Pseudoalteromonas xiamenensis	882626	S	2	0	2	0.0000499513
Pseudoalteromonas arctica	394751	S	2	0	2	0.0000499513
Pseudoalteromonas aliena	247523	S	2	0	2	0.0000499513
Pseudoalteromonas translucida	166935	S	2	0	2	0.0000499513
Pseudoalteromonas phenolica	161398	S	2	0	2	0.0000499513
Pseudoalteromonas atlantica	288	S	2	0	2	0.0000499513
Pseudoalteromonas marina	267375	S	1	1	2	0.0000499513
Colwellia sp. PAMC 21821	1816219	S	2	0	2	0.0000499513
Colwellia sp. Arc7-D	2161872	S	2	0	2	0.0000499513
Colwellia sp. 20A7	2689569	S	2	0	2	0.0000499513
Colwellia psychrerythraea	28229	S	2	0	2	0.0000499513
Mannheimia haemolytica	75985	S	2	0	2	0.0000499513
Actinobacillus delphinicola	51161	S	2	0	2	0.0000499513
Aggregatibacter actinomycetemcomitans	714	S	2	0	2	0.0000499513
Aggregatibacter aphrophilus	732	S	2	0	2	0.0000499513
Vibrio parahaemolyticus	670	S	2	0	2	0.0000499513
Vibrio nigripulchritudo	28173	S	2	0	2	0.0000499513
Vibrio spartinae	1918945	S	2	0	2	0.0000499513
Vibrio navarrensis	29495	S	2	0	2	0.0000499513
Vibrio tapetis	52443	S	2	0	2	0.0000499513
Vibrio alfacsensis	1074311	S	2	0	2	0.0000499513
Vibrio coralliilyticus	190893	S	2	0	2	0.0000499513
Vibrio cincinnatiensis	675	S	2	0	2	0.0000499513
Paraphotobacterium marinum	1755811	S	2	0	2	0.0000499513
Nitrosococcus halophilus	133539	S	2	0	2	0.0000499513
Allochromatium vinosum	1049	S	2	0	2	0.0000499513
Ectothiorhodospira sp. BSL-9	1442136	S	2	0	2	0.0000499513
Spiribacter salinus	1335746	S	2	0	2	0.0000499513
Halothiobacillus sp. LS2	1860122	S	2	0	2	0.0000499513
Woeseia oceani	1548547	S	2	0	2	0.0000499513
Guyparkeria halophila	47960	S	2	0	2	0.0000499513
Aeromonas jandaei	650	S	2	0	2	0.0000499513
Aeromonas media	651	S	2	0	2	0.0000499513
Aeromonas encheleia	73010	S	2	0	2	0.0000499513
Tolumonas auensis	43948	S	2	0	2	0.0000499513
Oceanimonas sp. GK1	511062	S	2	0	2	0.0000499513
Zobellella denitrificans	347534	S	2	0	2	0.0000499513
Succinivibrio dextrinosolvens	83771	S	2	0	2	0.0000499513
Allofrancisella inopinata	1085647	S	2	0	2	0.0000499513
Thiomicrospira cyclica	147268	S	2	0	2	0.0000499513
Thiosulfativibrio zosterae	2675053	S	2	0	2	0.0000499513
Beggiatoa leptomitoformis	288004	S	2	0	2	0.0000499513
Methylomonas sp. DH-1	1727196	S	2	0	2	0.0000499513
Methylomonas denitrificans	1538553	S	2	0	2	0.0000499513
Methylomicrobium sp. wino1	2049332	S	2	0	2	0.0000499513
Candidatus Methylospira mobilis	1808979	S	2	0	2	0.0000499513
Methylotuvimicrobium alcaliphilum	271065	S	1	1	2	0.0000499513
Legionella sp. PC1000	2746060	S	2	0	2	0.0000499513
Legionella israelensis	454	S	2	0	2	0.0000499513
Tatlockia micdadei	451	S	2	0	2	0.0000499513
Coxiella burnetii	777	S	2	0	2	0.0000499513
Cellvibrio sp. PSBB023	1945512	S	2	0	2	0.0000499513
Cellvibrio sp. KY-GH-1	2303332	S	2	0	2	0.0000499513
Teredinibacter turnerae	2426	S	2	0	2	0.0000499513
Microbulbifer sp. A4B17	359370	S	2	0	2	0.0000499513
Microbulbifer sp. ALW1	1516059	S	2	0	2	0.0000499513
Microbulbifer sp. GL-2	2591606	S	2	0	2	0.0000499513
Microbulbifer thermotolerans	252514	S	2	0	2	0.0000499513
Congregibacter litoralis	393662	S	2	0	2	0.0000499513
Candidatus Thioglobus autotrophicus	1705394	S	2	0	2	0.0000499513
Sedimenticola thiotaurini	1543721	S	2	0	2	0.0000499513
Pseudohongiella spirulinae	1249552	S	2	0	2	0.0000499513
Thiolapillus brandeum	1076588	S	2	0	2	0.0000499513
Candidatus Azoamicus ciliaticola	2652803	S	2	0	2	0.0000499513
Acidiferrobacter sp. SPIII_3	1281578	S	2	0	2	0.0000499513
Frischella perrara	1267021	S	2	0	2	0.0000499513
Cardiobacterium hominis	2718	S	2	0	2	0.0000499513
endosymbiont of unidentified scaly snail isolate Monju	1248727	S	2	0	2	0.0000499513
Salinisphaera sp. LB1	2183911	S	2	0	2	0.0000499513
Bradyrhizobium sp. 6(2017)	1197460	S	2	0	2	0.0000499513
Bradyrhizobium amphicarpaeae	1404768	S	2	0	2	0.0000499513
Methylobacterium radiotolerans	31998	S	1	1	2	0.0000499513
Microvirga sp. 17 mud 1-3	2082949	S	2	0	2	0.0000499513
Rhizobium sp. BG4	2613770	S	2	0	2	0.0000499513
Rhizobium sp. Kim5	2020311	S	1	1	2	0.0000499513
Rhizobium lusitanum	293958	S	2	0	2	0.0000499513
Rhizobium binae	1138190	S	2	0	2	0.0000499513
Rhizobium lentis	1138194	S	2	0	2	0.0000499513
Agrobacterium larrymoorei	160699	S	2	0	2	0.0000499513
Agrobacterium rhizogenes	359	S	1	1	2	0.0000499513
Sinorhizobium sp. RAC02	1842534	S	2	0	2	0.0000499513
Candidatus Liberibacter americanus	309868	S	2	0	2	0.0000499513
Mesorhizobium sp. M6A.T.Cr.TU.016.01.1.1	2493677	S	2	0	2	0.0000499513
Mesorhizobium sp. NBSH29	2654249	S	2	0	2	0.0000499513
Mesorhizobium sp. DCY119	2108445	S	2	0	2	0.0000499513
Mesorhizobium australicum	536018	S	2	0	2	0.0000499513
Mesorhizobium oceanicum	1670800	S	2	0	2	0.0000499513
Mesorhizobium japonicum	2066070	S	2	0	2	0.0000499513
Hoeflea phototrophica	244596	S	2	0	2	0.0000499513
Hoeflea sp. IMCC20628	1620421	S	2	0	2	0.0000499513
Nitratireductor sp. SY7	2599600	S	2	0	2	0.0000499513
Chelativorans sp. BNC1	266779	S	2	0	2	0.0000499513
Oricola thermophila	2742145	S	2	0	2	0.0000499513
Devosia sp. I507	2083786	S	2	0	2	0.0000499513
Devosia sp. 1566	2499144	S	2	0	2	0.0000499513
Hyphomicrobium nitrativorans	1427356	S	2	0	2	0.0000499513
Rhodoplanes piscinae	444923	S	2	0	2	0.0000499513
Blastochloris viridis	1079	S	2	0	2	0.0000499513
Methyloceanibacter caenitepidi	1384459	S	2	0	2	0.0000499513
Bartonella sp. 1-1C	515256	S	2	0	2	0.0000499513
Bartonella sp. HY038	2759660	S	2	0	2	0.0000499513
Bartonella henselae	38323	S	2	0	2	0.0000499513
Bartonella apis	1686310	S	2	0	2	0.0000499513
Bartonella tribocorum	85701	S	1	1	2	0.0000499513
Methylocystis bryophila	655015	S	2	0	2	0.0000499513
Methylosinus trichosporium	426	S	2	0	2	0.0000499513
Ochrobactrum sp. MT180101	2726427	S	1	1	2	0.0000499513
Cohaesibacter sp. ES.047	1798205	S	2	0	2	0.0000499513
Breoghania sp. L-A4	2304600	S	2	0	2	0.0000499513
Sphingomonas ginsengisoli An et al. 2013	363835	S	2	0	2	0.0000499513
Sphingomonas lutea	1045317	S	2	0	2	0.0000499513
Sphingobium sp. MI1205	407020	S	1	1	2	0.0000499513
Sphingobium barthaii	1054037	S	1	1	2	0.0000499513
Sphingorhabdus sp. M41	1806885	S	2	0	2	0.0000499513
Sphingorhabdus sp. JK6	2725558	S	2	0	2	0.0000499513
Zymomonas mobilis	542	S	2	0	2	0.0000499513
Novosphingopyxis sp. PB63	2762729	S	2	0	2	0.0000499513
Erythrobacter sp. KY5	2011159	S	2	0	2	0.0000499513
Erythrobacter aureus	2182384	S	2	0	2	0.0000499513
Altererythrobacter epoxidivorans	361183	S	2	0	2	0.0000499513
Tsuneonella dongtanensis	692370	S	2	0	2	0.0000499513
Tsuneonella flava	2055955	S	2	0	2	0.0000499513
Qipengyuania sediminis	1532023	S	2	0	2	0.0000499513
Aurantiacibacter gangjinensis	502682	S	2	0	2	0.0000499513
Sphingosinicella sp. UDD2	2771430	S	2	0	2	0.0000499513
Paracoccus kondratievae	135740	S	2	0	2	0.0000499513
Paracoccus mutanolyticus	1499308	S	1	1	2	0.0000499513
Sulfitobacter sp. SK011	1389004	S	2	0	2	0.0000499513
Sulfitobacter sp. D7	1968541	S	2	0	2	0.0000499513
Sulfitobacter sp. B30-2	2785912	S	1	1	2	0.0000499513
Rhodovulum sulfidophilum	35806	S	2	0	2	0.0000499513
Celeribacter baekdonensis	875171	S	2	0	2	0.0000499513
Celeribacter manganoxidans	1411902	S	2	0	2	0.0000499513
Leisingera methylohalidivorans	133924	S	2	0	2	0.0000499513
Leisingera sp. NJS201	2508306	S	1	1	2	0.0000499513
Octadecabacter temperatus	1458307	S	2	0	2	0.0000499513
Marivivens sp. JLT3646	1920883	S	2	0	2	0.0000499513
Parasedimentitalea marina	2483033	S	2	0	2	0.0000499513
Maribius sp. THAF1	2587842	S	2	0	2	0.0000499513
Mameliella alba	561184	S	2	0	2	0.0000499513
Jannaschia sp. CCS1	290400	S	2	0	2	0.0000499513
Pelagibaca abyssi	1250539	S	2	0	2	0.0000499513
Pseudorhodobacter turbinis	2500533	S	2	0	2	0.0000499513
Tateyamaria omphalii	299262	S	2	0	2	0.0000499513
Azospirillum sp. TSH100	652764	S	2	0	2	0.0000499513
Azospirillum humicireducens	1226968	S	2	0	2	0.0000499513
Thalassospira sp. A40-3	2785908	S	2	0	2	0.0000499513
Rhodospirillum centenum	34018	S	2	0	2	0.0000499513
Acetobacter pasteurianus	438	S	2	0	2	0.0000499513
Acetobacter orientalis	146474	S	2	0	2	0.0000499513
Acetobacter sp. KACC 21233	2592655	S	2	0	2	0.0000499513
Gluconobacter sphaericus	574987	S	2	0	2	0.0000499513
Komagataeibacter saccharivorans	265959	S	2	0	2	0.0000499513
Neoasaia chiangmaiensis	320497	S	2	0	2	0.0000499513
Asaia bogorensis	91915	S	2	0	2	0.0000499513
Swingsia samuiensis	1293412	S	2	0	2	0.0000499513
Acidibrevibacterium fodinaquatile	1969806	S	2	0	2	0.0000499513
Entomobacter blattae	2762277	S	2	0	2	0.0000499513
Brevundimonas vancanneytii	1325724	S	1	1	2	0.0000499513
Wolbachia endosymbiont of Ctenocephalides felis wCfeT	2732593	S	2	0	2	0.0000499513
Wolbachia endosymbiont of Ctenocephalides felis wCfeJ	2732594	S	1	1	2	0.0000499513
Ehrlichia canis	944	S	2	0	2	0.0000499513
Rickettsia akari	786	S	2	0	2	0.0000499513
Rickettsia heilongjiangensis	226665	S	1	1	2	0.0000499513
Rickettsia endosymbiont of Ixodes pacificus	1133329	S	2	0	2	0.0000499513
Candidatus Midichloria mitochondrii	234827	S	2	0	2	0.0000499513
Phreatobacter sp. NMCR1094	2570229	S	2	0	2	0.0000499513
Hirschia baltica	2724	S	2	0	2	0.0000499513
endosymbiont of Acanthamoeba sp. UWC8	86106	S	2	0	2	0.0000499513
Candidatus Paracaedibacter acanthamoebae	91604	S	2	0	2	0.0000499513
Myxococcus stipitatus	83455	S	2	0	2	0.0000499513
Vulgatibacter incomptus	1391653	S	2	0	2	0.0000499513
Desulfovibrio gigas	879	S	2	0	2	0.0000499513
Candidatus Desulfovibrio trichonymphae	1725232	S	2	0	2	0.0000499513
Desulfovibrio magneticus	184917	S	1	1	2	0.0000499513
Desulfovibrio carbinolicus	296842	S	1	1	2	0.0000499513
Pseudodesulfovibrio piezophilus	879567	S	2	0	2	0.0000499513
Pseudodesulfovibrio sp. zrk46	2725288	S	2	0	2	0.0000499513
Pseudodesulfovibrio cashew	2678688	S	2	0	2	0.0000499513
Geobacter sp. M18	443143	S	2	0	2	0.0000499513
Geobacter metallireducens	28232	S	2	0	2	0.0000499513
Geobacter sulfurreducens	35554	S	2	0	2	0.0000499513
Geobacter bremensis	60035	S	2	0	2	0.0000499513
Geobacter bemidjiensis	225194	S	2	0	2	0.0000499513
Geobacter lovleyi	313985	S	2	0	2	0.0000499513
Geobacter pickeringii	345632	S	2	0	2	0.0000499513
Geobacter daltonii	1203471	S	2	0	2	0.0000499513
Desulfuromonas soudanensis	1603606	S	2	0	2	0.0000499513
Desulfuromonas sp. DDH964	1823759	S	2	0	2	0.0000499513
Pelobacter propionicus	29543	S	2	0	2	0.0000499513
Syntrophotalea carbinolica	19	S	2	0	2	0.0000499513
Syntrophotalea acetylenica	29542	S	2	0	2	0.0000499513
Desulfatibacillum aliphaticivorans	218208	S	2	0	2	0.0000499513
Desulfopila sp. IMCC35005	2569541	S	2	0	2	0.0000499513
Desulfurivibrio alkaliphilus	427923	S	2	0	2	0.0000499513
Syntrophobacter fumaroxidans	119484	S	2	0	2	0.0000499513
Arcobacter aquimarinus	1315211	S	2	0	2	0.0000499513
Aliarcobacter thereius	544718	S	2	0	2	0.0000499513
Malaciobacter halophilus	197482	S	2	0	2	0.0000499513
Malaciobacter molluscorum	1032072	S	2	0	2	0.0000499513
Malaciobacter canalis	1912871	S	2	0	2	0.0000499513
Campylobacter sp. RM8964	1660074	S	2	0	2	0.0000499513
Campylobacter sp. RM6914	1032243	S	2	0	2	0.0000499513
Campylobacter sp. CCUG 57310	2517362	S	2	0	2	0.0000499513
Campylobacter curvus	200	S	2	0	2	0.0000499513
Campylobacter hepaticus	1813019	S	2	0	2	0.0000499513
Campylobacter geochelonis	1780362	S	2	0	2	0.0000499513
Campylobacter volucris	1031542	S	2	0	2	0.0000499513
Sulfurospirillum multivorans	66821	S	1	1	2	0.0000499513
Sulfurimonas autotrophica	202747	S	2	0	2	0.0000499513
Candidatus Sulfurimonas baltica	2740404	S	2	0	2	0.0000499513
Sulfuricurvum kujiense	148813	S	2	0	2	0.0000499513
Helicobacter sp. MIT 01-6242	222136	S	2	0	2	0.0000499513
Helicobacter cetorum	138563	S	2	0	2	0.0000499513
Helicobacter canadensis	123841	S	2	0	2	0.0000499513
Helicobacter pullorum	35818	S	2	0	2	0.0000499513
Nitratifractor salsuginis	269261	S	2	0	2	0.0000499513
Nautilia profundicola	244787	S	2	0	2	0.0000499513
Bdellovibrio exovorus	453816	S	2	0	2	0.0000499513
Acidithiobacillus ferrooxidans	920	S	2	0	2	0.0000499513
Acidithiobacillus ferrivorans	160808	S	2	0	2	0.0000499513
Rhodococcus sp. B7740	1564114	S	2	0	2	0.0000499513
Rhodococcus sp. P-2	2795031	S	2	0	2	0.0000499513
Rhodococcus sp. SGAir0479	2567884	S	2	0	2	0.0000499513
Mycolicibacterium arabiense	1286181	S	2	0	2	0.0000499513
Mycolicibacterium anyangense	1431246	S	2	0	2	0.0000499513
Mycolicibacterium duvalii	39688	S	2	0	2	0.0000499513
Mycolicibacterium rhodesiae	36814	S	2	0	2	0.0000499513
Mycolicibacterium vaccae	1810	S	2	0	2	0.0000499513
Mycolicibacterium fallax	1793	S	2	0	2	0.0000499513
Mycobacterium basiliense	2094119	S	2	0	2	0.0000499513
Mycobacterium noviomagense	459858	S	2	0	2	0.0000499513
Mycobacterium riyadhense	486698	S	2	0	2	0.0000499513
Mycobacterium lacus	169765	S	2	0	2	0.0000499513
Mycobacterium conspicuum	44010	S	2	0	2	0.0000499513
Corynebacterium sp. NML98-0116	702967	S	2	0	2	0.0000499513
Corynebacterium sp. 2019	2675218	S	2	0	2	0.0000499513
Corynebacterium sp. zg-917	2763010	S	2	0	2	0.0000499513
Corynebacterium liangguodongii	2079535	S	2	0	2	0.0000499513
Corynebacterium geronticis	2079234	S	2	0	2	0.0000499513
Corynebacterium timonense	441500	S	2	0	2	0.0000499513
Corynebacterium glyciniphilum	1404244	S	2	0	2	0.0000499513
Corynebacterium terpenotabidum	89154	S	2	0	2	0.0000499513
Corynebacterium variabile	1727	S	2	0	2	0.0000499513
Corynebacterium anserum	2684406	S	2	0	2	0.0000499513
Dietzia lutea	546160	S	2	0	2	0.0000499513
Tomitella sp. HY172	2760083	S	1	1	2	0.0000499513
Microbacterium oryzae	743009	S	2	0	2	0.0000499513
Curtobacterium sp. SGAir0471	2070337	S	2	0	2	0.0000499513
Curtobacterium sp. Csp2	2495430	S	1	1	2	0.0000499513
Curtobacterium pusillum	69373	S	2	0	2	0.0000499513
Rathayibacter iranicus	59737	S	2	0	2	0.0000499513
Rathayibacter tanaceti	1671680	S	2	0	2	0.0000499513
Leucobacter insecticola	2714934	S	2	0	2	0.0000499513
Clavibacter sp. DM1	2768071	S	2	0	2	0.0000499513
Rhodoluna lacicola	529884	S	2	0	2	0.0000499513
Candidatus Aquiluna sp. 15G-AUS-rot	2499157	S	2	0	2	0.0000499513
Agrococcus carbonis	684552	S	2	0	2	0.0000499513
Protaetiibacter intestinalis	2419774	S	2	0	2	0.0000499513
Cryobacterium arcticum	670052	S	2	0	2	0.0000499513
Microcella alkaliphila	279828	S	2	0	2	0.0000499513
Diaminobutyricimonas sp. LJ205	2683590	S	2	0	2	0.0000499513
Lysinimonas sp. KACC 19322	2592654	S	2	0	2	0.0000499513
Aurantimicrobium sp. MWH-Mo1	1987356	S	2	0	2	0.0000499513
Arthrobacter sp. FB24	290399	S	2	0	2	0.0000499513
Arthrobacter sp. U41	1849032	S	2	0	2	0.0000499513
Arthrobacter sp. YC-RL1	1652545	S	2	0	2	0.0000499513
Arthrobacter sp. QXT-31	1357915	S	2	0	2	0.0000499513
Arthrobacter alpinus	656366	S	2	0	2	0.0000499513
Kocuria sp. TGY1127_2	2711328	S	2	0	2	0.0000499513
Kocuria rosea	1275	S	2	0	2	0.0000499513
Glutamicibacter protophormiae	37930	S	2	0	2	0.0000499513
Glutamicibacter creatinolyticus	162496	S	2	0	2	0.0000499513
Glutamicibacter mishrai	1775880	S	2	0	2	0.0000499513
Glutamicibacter sp. ZJUTW	1155384	S	2	0	2	0.0000499513
Pseudarthrobacter phenanthrenivorans	361575	S	2	0	2	0.0000499513
Pseudarthrobacter sulfonivorans	121292	S	1	1	2	0.0000499513
Nesterenkonia sp. NBAIMH1	2600320	S	2	0	2	0.0000499513
Citricoccus sp. SGAir0253	2567881	S	2	0	2	0.0000499513
Dermacoccus sp. PAMC28757	2762331	S	2	0	2	0.0000499513
Janibacter limosus	53458	S	2	0	2	0.0000499513
Pedococcus dokdonensis	443156	S	2	0	2	0.0000499513
Cellulomonas sp. JZ18	2654191	S	2	0	2	0.0000499513
Cellulomonas flavigena	1711	S	2	0	2	0.0000499513
Cellulomonas taurus	2729175	S	2	0	2	0.0000499513
Brevibacterium sp. WO024	2697563	S	2	0	2	0.0000499513
Brevibacterium oceani	358099	S	2	0	2	0.0000499513
Xylanimonas cellulosilytica	186189	S	2	0	2	0.0000499513
Serinicoccus marinus	247333	S	2	0	2	0.0000499513
Serinicoccus profundi	1078471	S	2	0	2	0.0000499513
Ornithinimicrobium pratense	2593973	S	2	0	2	0.0000499513
Brachybacterium vulturis	2017484	S	2	0	2	0.0000499513
Dermabacter vaginalis	1630135	S	2	0	2	0.0000499513
Georgenia sp. Z294	2585135	S	2	0	2	0.0000499513
Sanguibacter sp. HDW7	2714931	S	2	0	2	0.0000499513
Haloactinobacterium sp. RN3S43	2779775	S	2	0	2	0.0000499513
Mobilicoccus sp. NJES-13	2716227	S	2	0	2	0.0000499513
Luteimicrobium xylanilyticum	1133546	S	2	0	2	0.0000499513
Streptomyces sp. S4.7	2705439	S	2	0	2	0.0000499513
Streptomyces sp. HF10	2692233	S	2	0	2	0.0000499513
Streptomyces sp. CRXT-Y-14	2768069	S	2	0	2	0.0000499513
Streptomyces sp. QMT-12	2717324	S	2	0	2	0.0000499513
Streptomyces sp. M2	646637	S	2	0	2	0.0000499513
Streptomyces sp. NA02950	2742137	S	2	0	2	0.0000499513
Streptomyces sp. TN58	234612	S	2	0	2	0.0000499513
Streptomyces sp. So13.3	2136173	S	2	0	2	0.0000499513
Streptomyces sp. NA02536	2742133	S	2	0	2	0.0000499513
Streptomyces sp. YIM 121038	2136401	S	2	0	2	0.0000499513
Streptomyces sp. endophyte_N2	2153485	S	2	0	2	0.0000499513
Streptomyces sp. ID38640	1265399	S	2	0	2	0.0000499513
Streptomyces sp. WAC 01438	2203204	S	2	0	2	0.0000499513
Streptomyces sp. M56	1495638	S	2	0	2	0.0000499513
Streptomyces sp. Sge12	1972846	S	1	1	2	0.0000499513
Streptomyces gilvosporeus	553510	S	2	0	2	0.0000499513
Streptomyces xiamenensis	408015	S	2	0	2	0.0000499513
Streptomyces paludis	2282738	S	2	0	2	0.0000499513
Streptomyces glomeroaurantiacus	68210	S	2	0	2	0.0000499513
Streptomyces leeuwenhoekii	1437453	S	2	0	2	0.0000499513
Streptomyces xinghaiensis	1038928	S	2	0	2	0.0000499513
Streptomyces nigra	1827580	S	2	0	2	0.0000499513
Streptomyces gardneri	66892	S	2	0	2	0.0000499513
Streptomyces rectiverticillatus	173860	S	2	0	2	0.0000499513
Streptomyces cyanogenus	80860	S	2	0	2	0.0000499513
Streptomyces prasinus	67345	S	2	0	2	0.0000499513
Streptomyces californicus	67351	S	2	0	2	0.0000499513
Propionibacterium freudenreichii	1744	S	2	0	2	0.0000499513
Propionibacterium australiense	119981	S	2	0	2	0.0000499513
Acidipropionibacterium jensenii	1749	S	2	0	2	0.0000499513
Auraticoccus monumenti	675864	S	2	0	2	0.0000499513
Nocardioides sp. JQ2195	2592334	S	2	0	2	0.0000499513
Nocardioides sp. 603	2483798	S	2	0	2	0.0000499513
Nocardioides daphniae	402297	S	2	0	2	0.0000499513
Nocardioides seonyuensis	2518371	S	2	0	2	0.0000499513
Aeromicrobium marinum	219314	S	2	0	2	0.0000499513
Aeromicrobium yanjiei	2662028	S	2	0	2	0.0000499513
Mumia sp. ZJ1417	2708082	S	2	0	2	0.0000499513
Saccharopolyspora spinosa	60894	S	1	1	2	0.0000499513
Saccharomonospora azurea	40988	S	2	0	2	0.0000499513
Saccharomonospora marina	632569	S	2	0	2	0.0000499513
Actinoalloteichus hoggarensis	1470176	S	2	0	2	0.0000499513
Micromonospora viridifaciens	1881	S	2	0	2	0.0000499513
Micromonospora purpureochromogenes	47872	S	2	0	2	0.0000499513
Micromonospora inositola	47865	S	2	0	2	0.0000499513
Verrucosispora sp. NA02020	2742132	S	2	0	2	0.0000499513
Nocardiopsis gilva	280236	S	2	0	2	0.0000499513
Actinomyces sp. oral taxon 414	712122	S	2	0	2	0.0000499513
Actinomyces sp. ZJ34	2722820	S	2	0	2	0.0000499513
Actinomyces sp. HMT 175	2789425	S	1	1	2	0.0000499513
Actinomyces naeslundii	1655	S	2	0	2	0.0000499513
Actinomyces viscosus	1656	S	2	0	2	0.0000499513
Actinomyces wuliandei	2057743	S	2	0	2	0.0000499513
Schaalia sp. JY-X169	2758572	S	2	0	2	0.0000499513
Trueperella pyogenes	1661	S	2	0	2	0.0000499513
Candidatus Planktophila versatilis	1884905	S	2	0	2	0.0000499513
Bifidobacterium breve	1685	S	2	0	2	0.0000499513
Gardnerella vaginalis	2702	S	2	0	2	0.0000499513
Gardnerella leopoldii	2792978	S	2	0	2	0.0000499513
Nakamurella sp. s14-144	1902245	S	2	0	2	0.0000499513
Nakamurella panacisegetis	1090615	S	2	0	2	0.0000499513
Jiangella sp. DSM 45060	1798224	S	2	0	2	0.0000499513
Stackebrandtia nassauensis	283811	S	2	0	2	0.0000499513
Olsenella uli	133926	S	2	0	2	0.0000499513
Acidimicrobium ferrooxidans	53635	S	2	0	2	0.0000499513
Rubrobacter sp. SCSIO 52915	2653852	S	2	0	2	0.0000499513
Bacillus mycoides	1405	S	2	0	2	0.0000499513
Bacillus anthracis	1392	S	1	1	2	0.0000499513
Bacillus siamensis	659243	S	2	0	2	0.0000499513
Bacillus vallismortis	72361	S	2	0	2	0.0000499513
Bacillus sp. Cs-700	2589818	S	2	0	2	0.0000499513
Bacillus glycinifermentans	1664069	S	2	0	2	0.0000499513
Bacillus sporothermodurans	46224	S	2	0	2	0.0000499513
Priestia aryabhattai	412384	S	1	1	2	0.0000499513
Geobacillus subterraneus	129338	S	2	0	2	0.0000499513
Geobacillus genomosp. 3	1921421	S	2	0	2	0.0000499513
Geobacillus zalihae	213419	S	1	1	2	0.0000499513
Metabacillus sp. cB07	2806989	S	2	0	2	0.0000499513
Anoxybacillus flavithermus	33934	S	2	0	2	0.0000499513
Oceanobacillus kimchii	746691	S	2	0	2	0.0000499513
Alkalihalobacillus pseudofirmus	79885	S	2	0	2	0.0000499513
Alkalihalobacillus krulwichiae	199441	S	2	0	2	0.0000499513
Halobacillus mangrovi	402384	S	2	0	2	0.0000499513
Salicibibacter sp. NKC5-3	2743000	S	2	0	2	0.0000499513
Peribacillus asahii	228899	S	2	0	2	0.0000499513
Peribacillus muralis	264697	S	2	0	2	0.0000499513
Virgibacillus halodenitrificans	1482	S	2	0	2	0.0000499513
Neobacillus mesonae	1193713	S	2	0	2	0.0000499513
Neobacillus thermocopriae	1215031	S	2	0	2	0.0000499513
Neobacillus cucumis	1740721	S	2	0	2	0.0000499513
Cytobacillus oceanisediminis	665099	S	2	0	2	0.0000499513
Cytobacillus kochii	859143	S	2	0	2	0.0000499513
Pontibacillus sp. ALD_SL1	2777185	S	2	0	2	0.0000499513
Lederbergia lentus	1467	S	2	0	2	0.0000499513
Aeribacillus pallidus	33936	S	2	0	2	0.0000499513
Staphylococcus delphini	53344	S	2	0	2	0.0000499513
Staphylococcus saprophyticus	29385	S	2	0	2	0.0000499513
Staphylococcus debuckii	2044912	S	2	0	2	0.0000499513
Staphylococcus warneri	1292	S	2	0	2	0.0000499513
Staphylococcus schleiferi	1295	S	2	0	2	0.0000499513
Staphylococcus nepalensis	214473	S	2	0	2	0.0000499513
Staphylococcus pettenkoferi	170573	S	2	0	2	0.0000499513
Macrococcus caseolyticus	69966	S	2	0	2	0.0000499513
Mammaliicoccus stepanovicii	643214	S	2	0	2	0.0000499513
Paenibacillus sp. TB2019	2810347	S	2	0	2	0.0000499513
Paenibacillus sp. JNUCC-31	2777983	S	2	0	2	0.0000499513
Paenibacillus sp. PAMC21692	2762320	S	2	0	2	0.0000499513
Paenibacillus sp. RUD330	2023772	S	2	0	2	0.0000499513
Paenibacillus sp. JZ16	1906272	S	2	0	2	0.0000499513
Paenibacillus sp. BIHB4019	1870819	S	2	0	2	0.0000499513
Paenibacillus sp. FSL H7-0737	1536775	S	2	0	2	0.0000499513
Paenibacillus sp. FSL R7-0273	1536772	S	2	0	2	0.0000499513
Paenibacillus brasilensis	128574	S	2	0	2	0.0000499513
Paenibacillus chitinolyticus	79263	S	2	0	2	0.0000499513
Paenibacillus borealis	160799	S	2	0	2	0.0000499513
Paenibacillus naphthalenovorans	162209	S	2	0	2	0.0000499513
Paenibacillus physcomitrellae	1619311	S	2	0	2	0.0000499513
Paenibacillus baekrokdamisoli	1712516	S	2	0	2	0.0000499513
Paenibacillus beijingensis	1126833	S	2	0	2	0.0000499513
Paenibacillus uliginis	683737	S	2	0	2	0.0000499513
Paenibacillus antarcticus	253703	S	2	0	2	0.0000499513
Brevibacillus laterosporus	1465	S	2	0	2	0.0000499513
Brevibacillus choshinensis	54911	S	2	0	2	0.0000499513
Brevibacillus formosus	54913	S	2	0	2	0.0000499513
Cohnella abietis	2507935	S	2	0	2	0.0000499513
Sporosarcina sp. PTS2304	2283194	S	2	0	2	0.0000499513
Sporosarcina sp. P37	1930546	S	1	1	2	0.0000499513
Planococcus halocryophilus	1215089	S	2	0	2	0.0000499513
Kurthia zopfii	1650	S	2	0	2	0.0000499513
Kurthia sp. 11kri321	1750719	S	2	0	2	0.0000499513
Paenisporosarcina antarctica	417367	S	2	0	2	0.0000499513
Listeria ivanovii	1638	S	2	0	2	0.0000499513
Listeria seeligeri	1640	S	2	0	2	0.0000499513
Effusibacillus sp. skT53	2743772	S	2	0	2	0.0000499513
Streptococcus sp. oral taxon 431	712633	S	2	0	2	0.0000499513
Streptococcus sp. HSISM1	1316408	S	2	0	2	0.0000499513
Streptococcus dysgalactiae	1334	S	1	1	2	0.0000499513
Streptococcus mutans	1309	S	2	0	2	0.0000499513
Streptococcus constellatus	76860	S	1	1	2	0.0000499513
Streptococcus pseudoporcinus	361101	S	2	0	2	0.0000499513
Streptococcus cristatus	45634	S	2	0	2	0.0000499513
Streptococcus ferus	1345	S	2	0	2	0.0000499513
Streptococcus porcinus	1340	S	2	0	2	0.0000499513
Streptococcus milleri	33040	S	1	1	2	0.0000499513
Lactococcus piscium	1364	S	2	0	2	0.0000499513
Lactobacillus kullabergensis	1218493	S	2	0	2	0.0000499513
Weissella paramesenteroides	1249	S	2	0	2	0.0000499513
Weissella cibaria	137591	S	2	0	2	0.0000499513
Companilactobacillus alimentarius	1602	S	2	0	2	0.0000499513
Limosilactobacillus mucosae	97478	S	2	0	2	0.0000499513
Latilactobacillus curvatus	28038	S	1	1	2	0.0000499513
Pediococcus inopinatus	114090	S	1	1	2	0.0000499513
Liquorilactobacillus mali	1618	S	2	0	2	0.0000499513
Lactiplantibacillus paraplantarum	60520	S	2	0	2	0.0000499513
Oenococcus oeni	1247	S	2	0	2	0.0000499513
Enterococcus saigonensis	1805431	S	2	0	2	0.0000499513
Enterococcus wangshanyuanii	2005703	S	2	0	2	0.0000499513
Enterococcus sp. FDAARGOS_375	2060307	S	1	1	2	0.0000499513
Enterococcus gallinarum	1353	S	1	1	2	0.0000499513
Vagococcus penaei	633807	S	2	0	2	0.0000499513
Carnobacterium inhibens	147709	S	2	0	2	0.0000499513
Marinilactibacillus sp. 15R	1911586	S	2	0	2	0.0000499513
Clostridium sp. JN-1	2483110	S	2	0	2	0.0000499513
Clostridium baratii	1561	S	2	0	2	0.0000499513
Clostridium scatologenes	1548	S	2	0	2	0.0000499513
Clostridium tyrobutyricum	1519	S	2	0	2	0.0000499513
Hungatella hathewayi	154046	S	2	0	2	0.0000499513
[Clostridium] scindens	29347	S	2	0	2	0.0000499513
Lachnoclostridium phocaeense	1871021	S	2	0	2	0.0000499513
Anaerostipes hadrus	649756	S	2	0	2	0.0000499513
Lacrimispora sphenoides	29370	S	2	0	2	0.0000499513
Anaerotignum propionicum	28446	S	2	0	2	0.0000499513
Romboutsia hominis	1507512	S	2	0	2	0.0000499513
Peptoclostridium acidaminophilum	1731	S	2	0	2	0.0000499513
Paraclostridium bifermentans	1490	S	2	0	2	0.0000499513
Peptacetobacter hiranonis	89152	S	2	0	2	0.0000499513
Flavonifractor plautii	292800	S	2	0	2	0.0000499513
Acutalibacter muris	1796620	S	2	0	2	0.0000499513
Dysosmobacter welbionis	2093857	S	2	0	2	0.0000499513
Desulfosporosinus orientis	1563	S	2	0	2	0.0000499513
Desulfotomaculum ferrireducens	1833852	S	2	0	2	0.0000499513
Syntrophobotulus glycolicus	51197	S	2	0	2	0.0000499513
Thermincola potens	863643	S	2	0	2	0.0000499513
Desulfofarcimen acetoxidans	58138	S	2	0	2	0.0000499513
Aminipila sp. JN-18	2507160	S	2	0	2	0.0000499513
Massilistercora timonensis	2086584	S	2	0	2	0.0000499513
Christensenella sp. Marseille-P3954	2086585	S	2	0	2	0.0000499513
Caldicellulosiruptor kristjanssonii	52765	S	2	0	2	0.0000499513
Thermoanaerobacterium aotearoense	47490	S	2	0	2	0.0000499513
Thermanaeromonas toyohensis	161154	S	2	0	2	0.0000499513
Mahella australiensis	252966	S	2	0	2	0.0000499513
Halocella sp. SP3-1	2382161	S	2	0	2	0.0000499513
Thermosediminibacter oceani	291990	S	2	0	2	0.0000499513
Koleobacter methoxysyntrophicus	2751313	S	2	0	2	0.0000499513
Megamonas hypermegale	158847	S	2	0	2	0.0000499513
Sporomusa termitida	2377	S	2	0	2	0.0000499513
Pelosinus sp. UFO1	484770	S	2	0	2	0.0000499513
Veillonella nakazawae	2682456	S	1	1	2	0.0000499513
Acidaminococcus fermentans	905	S	2	0	2	0.0000499513
Peptoniphilus ivorii	54006	S	2	0	2	0.0000499513
Anaerococcus mediterraneensis	1870984	S	2	0	2	0.0000499513
Erysipelothrix larvae	1514105	S	2	0	2	0.0000499513
Erysipelatoclostridium ramosum	1547	S	2	0	2	0.0000499513
Nostoc sp. 'Lobaria pulmonaria (5183) cyanobiont'	1618022	S	2	0	2	0.0000499513
Nostoc sp. ATCC 53789	76335	S	1	1	2	0.0000499513
Nostoc piscinale	224012	S	2	0	2	0.0000499513
Anabaena sp. 90	46234	S	1	1	2	0.0000499513
Trichormus azollae	1164	S	2	0	2	0.0000499513
Anabaenopsis circularis	109266	S	2	0	2	0.0000499513
Dolichospermum flos-aquae	1166	S	1	1	2	0.0000499513
Dolichospermum sp. UHCC 0315A	1914871	S	1	1	2	0.0000499513
Tolypothrix sp. PCC 7910	2099387	S	2	0	2	0.0000499513
Geitlerinema sp. PCC 7407	1173025	S	2	0	2	0.0000499513
Microcystis viridis	44822	S	1	1	2	0.0000499513
Candidatus Atelocyanobacterium thalassa	713887	S	2	0	2	0.0000499513
Synechococcus sp. HK01-R	2751171	S	2	0	2	0.0000499513
Synechococcus sp. PROS-7-1	1442556	S	2	0	2	0.0000499513
Synechococcus sp. SynAce01	1916956	S	2	0	2	0.0000499513
Synechococcus sp. PCC 6312	195253	S	2	0	2	0.0000499513
Cyanobium gracile	59930	S	2	0	2	0.0000499513
Pseudanabaena sp. PCC 7367	82654	S	2	0	2	0.0000499513
Leptolyngbya sp. NIES-3755	1752064	S	2	0	2	0.0000499513
Leptolyngbya boryana	1184	S	2	0	2	0.0000499513
Synechocystis sp. CACIAM 05	1933929	S	1	1	2	0.0000499513
Stanieria sp. NIES-3757	1807358	S	2	0	2	0.0000499513
Pleurocapsa minor	54308	S	2	0	2	0.0000499513
Chroococcidiopsis thermalis	54299	S	2	0	2	0.0000499513
Mycoplasma leachii	2105	S	2	0	2	0.0000499513
Mycoplasma mycoides	2102	S	1	1	2	0.0000499513
Mycoplasma canadense	29554	S	2	0	2	0.0000499513
Mycoplasma bovigenitalium	2112	S	2	0	2	0.0000499513
Mycoplasma bovirhinis	29553	S	2	0	2	0.0000499513
Mycoplasma meleagridis	29561	S	2	0	2	0.0000499513
Spiroplasma monobiae	2136	S	2	0	2	0.0000499513
Spiroplasma floricola	216937	S	2	0	2	0.0000499513
Spiroplasma alleghenense	216931	S	2	0	2	0.0000499513
Spiroplasma eriocheiris	315358	S	2	0	2	0.0000499513
Spiroplasma phoeniceum	47835	S	1	1	2	0.0000499513
Mesoplasma florum	2151	S	2	0	2	0.0000499513
Entomoplasma luminosum	214888	S	2	0	2	0.0000499513
Acholeplasma laidlawii	2148	S	2	0	2	0.0000499513
Acholeplasma hippikon	264636	S	2	0	2	0.0000499513
Candidatus Phytoplasma solani	69896	S	2	0	2	0.0000499513
Deinococcus metallilatus	1211322	S	2	0	2	0.0000499513
Thermus aquaticus	271	S	2	0	2	0.0000499513
Thermus caldilimi	2483360	S	2	0	2	0.0000499513
Meiothermus ruber	277	S	2	0	2	0.0000499513
Meiothermus silvanus	52022	S	2	0	2	0.0000499513
Marinithermus hydrothermalis	186192	S	2	0	2	0.0000499513
Oceanithermus profundus	187137	S	2	0	2	0.0000499513
Dehalogenimonas lykanthroporepellens	552810	S	2	0	2	0.0000499513
Dehalogenimonas formicexedens	1839801	S	2	0	2	0.0000499513
Anaerolinea sp. 'rifampicinis'	2710758	S	2	0	2	0.0000499513
Capnocytophaga sp. FDAARGOS_737	2545799	S	2	0	2	0.0000499513
Capnocytophaga sp. H2931	1945657	S	1	1	2	0.0000499513
Capnocytophaga haemolytica	45243	S	2	0	2	0.0000499513
Myroides sp. ZB35	1458492	S	1	1	2	0.0000499513
Myroides sp. A21	1583100	S	1	1	2	0.0000499513
Formosa sp. Hel3_A1_48	1336795	S	2	0	2	0.0000499513
Winogradskyella sp. PC-19	754417	S	2	0	2	0.0000499513
Winogradskyella sp. J14-2	1936080	S	2	0	2	0.0000499513
Aquimarina sp. TRL1	2736252	S	2	0	2	0.0000499513
Nonlabens sp. MB-3u-79	2058134	S	2	0	2	0.0000499513
Nonlabens spongiae	331648	S	2	0	2	0.0000499513
Nonlabens marinus	930802	S	2	0	2	0.0000499513
Algibacter sp. L1A34	2686365	S	2	0	2	0.0000499513
Gilvibacter sp. SZ-19	754429	S	2	0	2	0.0000499513
Altibacter sp. ALE3EI	2562285	S	2	0	2	0.0000499513
Muriicola sp. MMS17-SY002	2507538	S	2	0	2	0.0000499513
Lutibacter profundi	1622118	S	2	0	2	0.0000499513
Chryseobacterium camelliae	1265445	S	2	0	2	0.0000499513
Chryseobacterium arthrosphaerae	651561	S	2	0	2	0.0000499513
Kaistella antarctica	266748	S	2	0	2	0.0000499513
Elizabethkingia ursingii	1756150	S	2	0	2	0.0000499513
Apibacter sp. B3706	2656760	S	1	1	2	0.0000499513
Apibacter sp. B2966	2656761	S	1	1	2	0.0000499513
Cruoricaptor ignavus	1118202	S	2	0	2	0.0000499513
Blattabacterium sp. (Blaberus giganteus)	1186051	S	2	0	2	0.0000499513
Owenweeksia hongkongensis	253245	S	2	0	2	0.0000499513
Spirosoma sp. CJU-R4	2728024	S	2	0	2	0.0000499513
Spirosoma aerolatum	1211326	S	2	0	2	0.0000499513
Spirosoma radiotolerans	1379870	S	2	0	2	0.0000499513
Spirosoma endbachense	2666025	S	2	0	2	0.0000499513
Leadbetterella byssophila	316068	S	2	0	2	0.0000499513
Hymenobacter sp. NBH84	2596915	S	2	0	2	0.0000499513
Hymenobacter sp. S2-20-2	2761579	S	2	0	2	0.0000499513
Pontibacter sp. SGAir0037	2571030	S	2	0	2	0.0000499513
Rufibacter radiotolerans	1379910	S	2	0	2	0.0000499513
Nibribacter ruber	2698458	S	2	0	2	0.0000499513
Echinicola sp. LN3S3	2591634	S	2	0	2	0.0000499513
Echinicola vietnamensis	390884	S	2	0	2	0.0000499513
Candidatus Amoebophilus asiaticus	281120	S	2	0	2	0.0000499513
Mucilaginibacter ginsenosidivorans	398053	S	2	0	2	0.0000499513
Mucilaginibacter ginsenosidivorax	862126	S	2	0	2	0.0000499513
Mucilaginibacter mali	2740462	S	2	0	2	0.0000499513
Olivibacter sp. SDN3	2764720	S	2	0	2	0.0000499513
Bacteroides sp. HF-5287	2650157	S	2	0	2	0.0000499513
Bacteroides sp. A1C1	2528203	S	1	1	2	0.0000499513
Bacteroides heparinolyticus	28113	S	2	0	2	0.0000499513
Bacteroides helcogenes	290053	S	2	0	2	0.0000499513
Prevotella ruminicola	839	S	2	0	2	0.0000499513
Prevotella melaninogenica	28132	S	2	0	2	0.0000499513
Prevotella copri	165179	S	2	0	2	0.0000499513
Proteiniphilum saccharofermentans	1642647	S	2	0	2	0.0000499513
Butyricimonas faecalis	2093856	S	2	0	2	0.0000499513
Odoribacter splanchnicus	28118	S	2	0	2	0.0000499513
Barnesiella viscericola	397865	S	2	0	2	0.0000499513
Porphyromonas asaccharolytica	28123	S	2	0	2	0.0000499513
Salinivirga cyanobacteriivorans	1307839	S	2	0	2	0.0000499513
Salinibacter ruber	146919	S	2	0	2	0.0000499513
Chlorobium limicola	1092	S	2	0	2	0.0000499513
Pelodictyon luteolum	1100	S	2	0	2	0.0000499513
Pelodictyon phaeoclathratiforme	34090	S	2	0	2	0.0000499513
Chlorobaculum parvum	274539	S	2	0	2	0.0000499513
Chloroherpeton thalassium	100716	S	2	0	2	0.0000499513
Candidatus Cyclonatronum proteinivorum	1457365	S	2	0	2	0.0000499513
Candidatus Cloacimonas acidaminovorans	456827	S	2	0	2	0.0000499513
Mariniblastus fucicola	980251	S	2	0	2	0.0000499513
Aeoliella mucimassa	2527972	S	2	0	2	0.0000499513
Isosphaera pallida	128	S	2	0	2	0.0000499513
Methylacidimicrobium sp. B4	2796139	S	2	0	2	0.0000499513
Candidatus Protochlamydia naegleriophila	389348	S	2	0	2	0.0000499513
Parachlamydia acanthamoebae	83552	S	2	0	2	0.0000499513
Waddlia chondrophila	71667	S	2	0	2	0.0000499513
Criblamydia sequanensis	340071	S	2	0	2	0.0000499513
Chlamydia psittaci	83554	S	2	0	2	0.0000499513
Chlamydia caviae	83557	S	2	0	2	0.0000499513
Chlamydia pneumoniae	83558	S	2	0	2	0.0000499513
Chlamydia gallinacea	1457153	S	2	0	2	0.0000499513
Kiritimatiella glycovorans	1307763	S	1	1	2	0.0000499513
Borrelia recurrentis	44449	S	1	1	2	0.0000499513
Candidatus Borrelia tachyglossi	1964448	S	2	0	2	0.0000499513
Treponema succinifaciens	167	S	2	0	2	0.0000499513
Spirochaeta africana	46355	S	2	0	2	0.0000499513
Oceanispirochaeta crateris	2518645	S	2	0	2	0.0000499513
Leptotrichia trevisanii	109328	S	2	0	2	0.0000499513
Edaphobacter sp. 4G125	2763071	S	2	0	2	0.0000499513
Candidatus Koribacter versatilis	658062	S	2	0	2	0.0000499513
Thermotomaculum hydrothermale	981385	S	2	0	2	0.0000499513
Thermosipho sp. FR-w03	2814656	S	2	0	2	0.0000499513
Marinitoga sp. 1137	1545835	S	1	1	2	0.0000499513
Athalassotoga saccharophila	1441386	S	2	0	2	0.0000499513
Candidatus Chazhemtobacterium aquaticus	2715735	S	2	0	2	0.0000499513
Thermodesulfobacterium commune	1741	S	2	0	2	0.0000499513
Thermodesulfobacterium sp. TA1	2234087	S	2	0	2	0.0000499513
Caldimicrobium thiodismutans	1653476	S	2	0	2	0.0000499513
Deferribacter desulfuricans	197162	S	2	0	2	0.0000499513
Desulfurispirillum indicum	936456	S	2	0	2	0.0000499513
Endomicrobium proavitum	1408281	S	2	0	2	0.0000499513
Abyssogena phaseoliformis symbiont	596095	S	2	0	2	0.0000499513
Caldithrix abyssi	187145	S	2	0	2	0.0000499513
Caldisericum exile	693075	S	2	0	2	0.0000499513
Halosimplex rubrum	869889	S	1	1	2	0.0000499513
Halorhabdus utahensis	146826	S	2	0	2	0.0000499513
Halomicrobium sp. LC1Hm	2610902	S	1	1	2	0.0000499513
Haloterrigena sp. KZCA68	2816475	S	2	0	2	0.0000499513
Haloterrigena longa	370324	S	2	0	2	0.0000499513
Halovivax ruber	387341	S	2	0	2	0.0000499513
Natronococcus occultus	29288	S	2	0	2	0.0000499513
Natrinema pellirubrum	69525	S	1	1	2	0.0000499513
Halobiforma lacisalsi	229731	S	2	0	2	0.0000499513
Halorubrum sp. CBA1229	1853699	S	2	0	2	0.0000499513
Halopenitus persicus	1048396	S	2	0	2	0.0000499513
Haloferax volcanii	2246	S	1	1	2	0.0000499513
Methanosarcina acetivorans	2214	S	2	0	2	0.0000499513
Methanohalophilus portucalensis	39664	S	2	0	2	0.0000499513
Methanomethylovorans hollandica	101192	S	2	0	2	0.0000499513
Methanothrix soehngenii	2223	S	2	0	2	0.0000499513
Methanobrevibacter sp. AbM4	224719	S	2	0	2	0.0000499513
Methanobrevibacter smithii	2173	S	2	0	2	0.0000499513
Methanosphaera sp. BMS	1789762	S	2	0	2	0.0000499513
Methanocaldococcus infernus	67760	S	2	0	2	0.0000499513
Methanococcus aeolicus	42879	S	2	0	2	0.0000499513
Methanococcus vannielii	2187	S	1	1	2	0.0000499513
Thermococcus litoralis	2265	S	2	0	2	0.0000499513
Thermococcus paralvinellae	582419	S	2	0	2	0.0000499513
Thermococcus pacificus	71998	S	2	0	2	0.0000499513
Candidatus Nitrosopumilus koreensis	1510466	S	2	0	2	0.0000499513
Conexivisphaera calida	1874277	S	1	1	2	0.0000499513
Acidianus brierleyi	41673	S	2	0	2	0.0000499513
Sulfurisphaera ohwakuensis	69656	S	1	1	2	0.0000499513
Thermofilum adornatum	1365176	S	2	0	2	0.0000499513
Aciduliprofundum sp. MAR08-339	673860	S	1	1	2	0.0000499513
Sulfitobacter phage EE36phi1	490913	S	2	0	2	0.0000499513
Cronobacter phage JC01	2729575	S	2	0	2	0.0000499513
Rhodobacter phage RcapNL	1131316	S	2	0	2	0.0000499513
Gordonia phage GMA1	1647470	S	2	0	2	0.0000499513
Cellulophaga phage phi10:1	1327981	S	2	0	2	0.0000499513
Flavobacterium phage vB_FspS_morran9-1	2686258	S	1	1	2	0.0000499513
Mycobacterium phage Demsculpinboyz	2041528	S	2	0	2	0.0000499513
Mycobacterium phage Misha28	2126810	S	1	1	2	0.0000499513
Nonlabens virus P12024L	1982247	S	2	0	2	0.0000499513
Mycobacterium virus Bernal13	1982102	S	2	0	2	0.0000499513
Salmonella virus Sasha	2734275	S	2	0	2	0.0000499513
Cyanophage S-RIM32	1278479	S	2	0	2	0.0000499513
Prochlorococcus virus PSSM2	2734140	S	2	0	2	0.0000499513
Pseudomonas virus Psa374	2560680	S	2	0	2	0.0000499513
Synechococcus virus Bellamy	2734095	S	2	0	2	0.0000499513
Bacillus virus G	1084719	S	2	0	2	0.0000499513
Aeromonas virus 56	2560283	S	2	0	2	0.0000499513
Arthrobacter phage DrYang	2686080	S	2	0	2	0.0000499513
Prochlorococcus virus PSSP7	268748	S	2	0	2	0.0000499513
Bacillus virus BCP82	1985177	S	2	0	2	0.0000499513
Enterococcus virus EFP01	2734044	S	2	0	2	0.0000499513
Chrysochromulina ericina virus	455364	S	2	0	2	0.0000499513
Cafeteria roenbergensis virus	1513235	S	2	0	2	0.0000499513
Choristoneura rosaceana entomopoxvirus	1993631	S	2	0	2	0.0000499513
Leucania separata nucleopolyhedrovirus	1307956	S	2	0	2	0.0000499513
Pacmanvirus A23	1932881	S	2	0	2	0.0000499513
Sclerophthora macrospora virus B	75914	S	2	0	2	0.0000499513
Tipula oleracea nudivirus	1546257	S	2	0	2	0.0000499513
Torque teno virus 18	687357	S	2	0	2	0.0000499513
Polaromonas sp. H6N	1840293	S	1	0	1	0.0000249756
Ralstonia pseudosolanacearum	1310165	S	1	0	1	0.0000249756
Burkholderia diffusa	488732	S	1	0	1	0.0000249756
Burkholderia oklahomensis	342113	S	1	0	1	0.0000249756
Burkholderia sp. BDU6	1385591	S	1	0	1	0.0000249756
Burkholderia sp. MSMB0266	1637837	S	1	0	1	0.0000249756
Burkholderia sp. CCGE1003	640512	S	1	0	1	0.0000249756
Burkholderia sp. RPE67	758796	S	1	0	1	0.0000249756
Burkholderia sp. MSMB0856	1637869	S	1	0	1	0.0000249756
Polynucleobacter sp. MWH-UH21B	1743174	S	1	0	1	0.0000249756
Paraburkholderia acidophila	265293	S	1	0	1	0.0000249756
Paraburkholderia sprentiae	948107	S	1	0	1	0.0000249756
Paraburkholderia xenovorans	36873	S	1	0	1	0.0000249756
Janthinobacterium sp. B9-8	1236179	S	1	0	1	0.0000249756
Advenella kashmirensis	310575	S	1	0	1	0.0000249756
Pusillimonas thiosulfatoxidans	2028345	S	1	0	1	0.0000249756
Taylorella equigenitalis	29575	S	1	0	1	0.0000249756
Oligella urethralis	90245	S	1	0	1	0.0000249756
Pelistega ratti	2652177	S	1	0	1	0.0000249756
Paenalcaligenes hominis	643674	S	1	0	1	0.0000249756
Basilea psittacipulmonis	1472345	S	1	0	1	0.0000249756
Sutterella wadsworthensis	40545	S	1	0	1	0.0000249756
Sutterella megalosphaeroides	2494234	S	1	0	1	0.0000249756
Turicimonas muris	1796652	S	1	0	1	0.0000249756
Aquitalea aquatilis	1537400	S	1	0	1	0.0000249756
Jeongeupia sp. HS-3	1009682	S	1	0	1	0.0000249756
Chitinibacter sp. 2T18	2739434	S	1	0	1	0.0000249756
Deefgea sp. D17	2739061	S	1	0	1	0.0000249756
Neisseria sp. KEM232	655307	S	1	0	1	0.0000249756
Neisseria sp. ZJ785	2709396	S	1	0	1	0.0000249756
Neisseria canis	493	S	1	0	1	0.0000249756
Neisseria musculi	1815583	S	1	0	1	0.0000249756
Neisseria wadsworthii	607711	S	1	0	1	0.0000249756
Neisseria dentiae	194197	S	1	0	1	0.0000249756
Neisseria gonorrhoeae	485	S	1	0	1	0.0000249756
Neisseria cinerea	483	S	1	0	1	0.0000249756
Vitreoscilla sp. C1	96942	S	1	0	1	0.0000249756
Kingella denitrificans	502	S	1	0	1	0.0000249756
Kingella kingae	504	S	1	0	1	0.0000249756
Kingella oralis	505	S	1	0	1	0.0000249756
Conchiformibius steedae	153493	S	1	0	1	0.0000249756
Methylobacillus flagellatus	405	S	1	0	1	0.0000249756
Nitrosomonas communis	44574	S	1	0	1	0.0000249756
Nitrosomonas ureae	44577	S	1	0	1	0.0000249756
Nitrosomonas stercoris	1444684	S	1	0	1	0.0000249756
Nitrosospira briensis	35799	S	1	0	1	0.0000249756
Nitrosospira lacus	1288494	S	1	0	1	0.0000249756
Ferriphaselus amnicola	1188319	S	1	0	1	0.0000249756
Candidatus Kinetoplastibacterium desouzaii	994692	S	1	0	1	0.0000249756
Candidatus Kinetoplastibacterium sorsogonicusi	1576550	S	1	0	1	0.0000249756
Pseudomonas sp. RtIB026	2749999	S	1	0	1	0.0000249756
Pseudomonas sp. IzPS59	2774459	S	1	0	1	0.0000249756
Pseudomonas sp. Z003-0.4C(8344-21)	1855380	S	1	0	1	0.0000249756
Pseudomonas sp. MYb193	1827300	S	1	0	1	0.0000249756
Pseudomonas sp. MPDS	2762896	S	1	0	1	0.0000249756
Pseudomonas sp. J380	2605424	S	1	0	1	0.0000249756
Pseudomonas sp. FDAARGOS_380	2018067	S	1	0	1	0.0000249756
Pseudomonas sp. S49	1573720	S	1	0	1	0.0000249756
Pseudomonas sp. NIBRBAC000502773	2590776	S	1	0	1	0.0000249756
Pseudomonas sp. MSPm1	2726956	S	1	0	1	0.0000249756
Pseudomonas sp. UW4	1207075	S	1	0	1	0.0000249756
Pseudomonas sp. B11D7D	2735906	S	1	0	1	0.0000249756
Pseudomonas sp. R4-39-08	1173288	S	1	0	1	0.0000249756
Pseudomonas sp. LG1E9	2219057	S	1	0	1	0.0000249756
Pseudomonas sp. VLB120	69328	S	1	0	1	0.0000249756
Pseudomonas sp. Os17	1500686	S	1	0	1	0.0000249756
Pseudomonas sp. LG1D9	2083054	S	1	0	1	0.0000249756
Pseudomonas sp. SK	2729423	S	1	0	1	0.0000249756
Pseudomonas sp. DR 5-09	1534110	S	1	0	1	0.0000249756
Pseudomonas sp. gcc21	2726989	S	1	0	1	0.0000249756
Pseudomonas sp. R84	1573712	S	1	0	1	0.0000249756
Pseudomonas sp. R1-43-08	1173270	S	1	0	1	0.0000249756
Pseudomonas resinovorans	53412	S	1	0	1	0.0000249756
Pseudomonas viciae	2505979	S	1	0	1	0.0000249756
Pseudomonas versuta	1788301	S	1	0	1	0.0000249756
Pseudomonas silesiensis	1853130	S	1	0	1	0.0000249756
Pseudomonas graminis	158627	S	1	0	1	0.0000249756
Pseudomonas lactis	1615674	S	1	0	1	0.0000249756
Pseudomonas saudiphocaensis	1499686	S	1	0	1	0.0000249756
Pseudomonas oryzae	1392877	S	1	0	1	0.0000249756
Pseudomonas palleroniana	191390	S	1	0	1	0.0000249756
Pseudomonas lalkuanensis	2604832	S	1	0	1	0.0000249756
Pseudomonas arsenicoxydans	702115	S	1	0	1	0.0000249756
Pseudomonas toyotomiensis	554344	S	1	0	1	0.0000249756
Pseudomonas pelagia	553151	S	1	0	1	0.0000249756
Pseudomonas xinjiangensis	487184	S	1	0	1	0.0000249756
Pseudomonas vancouverensis	95300	S	1	0	1	0.0000249756
Pseudomonas allokribbensis	2774460	S	1	0	1	0.0000249756
Permianibacter aggregans	1510150	S	1	0	1	0.0000249756
Oblitimonas alkaliphila	1697053	S	1	0	1	0.0000249756
Entomomonas moraniae	2213226	S	1	0	1	0.0000249756
Acinetobacter calcoaceticus	471	S	1	0	1	0.0000249756
Acinetobacter lactucae	1785128	S	1	0	1	0.0000249756
Acinetobacter sp. CS-2	2798861	S	1	0	1	0.0000249756
Acinetobacter sp. TGL-Y2	1407071	S	1	0	1	0.0000249756
Acinetobacter sp. NCu2D-2	1608473	S	1	0	1	0.0000249756
Acinetobacter tandoii	202954	S	1	0	1	0.0000249756
Acinetobacter oleivorans	1148157	S	1	0	1	0.0000249756
Acinetobacter equi	1324350	S	1	0	1	0.0000249756
Acinetobacter baylyi	202950	S	1	0	1	0.0000249756
Acinetobacter chinensis	2004650	S	1	0	1	0.0000249756
Acinetobacter variabilis	70346	S	1	0	1	0.0000249756
Moraxella bovis	476	S	1	0	1	0.0000249756
Psychrobacter sp. 28M-43	2772254	S	1	0	1	0.0000249756
Psychrobacter sp.	56811	S	1	0	1	0.0000249756
Psychrobacter sp. DAB_AL43B	1028416	S	1	0	1	0.0000249756
Klebsiella variicola	244366	S	1	0	1	0.0000249756
Klebsiella africana	2489010	S	1	0	1	0.0000249756
Enterobacter cancerogenus	69218	S	1	0	1	0.0000249756
Enterobacter chengduensis	2494701	S	1	0	1	0.0000249756
Enterobacter sp. RHBSTW-00175	2742639	S	1	0	1	0.0000249756
Enterobacter sp. SA187	1914861	S	1	0	1	0.0000249756
Enterobacter sp. JUb54	2724468	S	1	0	1	0.0000249756
Enterobacter sp. E76	2596949	S	1	0	1	0.0000249756
Enterobacter soli	885040	S	1	0	1	0.0000249756
Enterobacter oligotrophicus	2478464	S	1	0	1	0.0000249756
Citrobacter freundii complex sp. CFNIH2	2066049	S	1	0	1	0.0000249756
Citrobacter sp. RHB25-C09	2742624	S	1	0	1	0.0000249756
Citrobacter koseri	545	S	1	0	1	0.0000249756
Escherichia marmotae	1499973	S	1	0	1	0.0000249756
Salmonella bongori	54736	S	1	0	1	0.0000249756
Enterobacteriaceae endosymbiont of Plateumaris sericea	2675797	S	1	0	1	0.0000249756
Enterobacteriaceae endosymbiont of Plateumaris rustica	2675796	S	1	0	1	0.0000249756
Enterobacteriaceae endosymbiont of Plateumaris braccata	2675793	S	1	0	1	0.0000249756
Enterobacteriaceae endosymbiont of Macroplea mutica	2675791	S	1	0	1	0.0000249756
Enterobacteriaceae endosymbiont of Donacia thalassina	2675786	S	1	0	1	0.0000249756
Enterobacteriaceae endosymbiont of Donacia piscatrix	2675780	S	1	0	1	0.0000249756
Enterobacteriaceae endosymbiont of Donacia provostii	2675781	S	1	0	1	0.0000249756
Leclercia sp. 4-9-1-25	2815358	S	1	0	1	0.0000249756
Candidatus Blochmannia vafer	251535	S	1	0	1	0.0000249756
secondary endosymbiont of Ctenarytaina eucalypti	1199245	S	1	0	1	0.0000249756
Candidatus Tachikawaea gelatinosa	1410383	S	1	0	1	0.0000249756
Candidatus Doolittlea endobia	1778262	S	1	0	1	0.0000249756
Cronobacter universalis	535744	S	1	0	1	0.0000249756
Kosakonia oryzae	497725	S	1	0	1	0.0000249756
Kosakonia arachidis	551989	S	1	0	1	0.0000249756
Kosakonia sp. MUSA4	2067958	S	1	0	1	0.0000249756
Cedecea sp. FDAARGOS_727	2545798	S	1	0	1	0.0000249756
Kluyvera intermedia	61648	S	1	0	1	0.0000249756
Phytobacter ursingii	1972431	S	1	0	1	0.0000249756
Lelliottia nimipressuralis	69220	S	1	0	1	0.0000249756
Yokenella regensburgei	158877	S	1	0	1	0.0000249756
Atlantibacter hermannii	565	S	1	0	1	0.0000249756
Metakosakonia sp. MRY16-398	2487150	S	1	0	1	0.0000249756
Scandinavium goeteborgense	1851514	S	1	0	1	0.0000249756
Pantoea sp. PSNIH1	1484158	S	1	0	1	0.0000249756
Pantoea vagans	470934	S	1	0	1	0.0000249756
Erwinia amylovora	552	S	1	0	1	0.0000249756
Erwinia persicina	55211	S	1	0	1	0.0000249756
Erwinia tasmaniensis	338565	S	1	0	1	0.0000249756
Erwinia gerundensis	1619313	S	1	0	1	0.0000249756
Tatumella sp. TA1	2487345	S	1	0	1	0.0000249756
Serratia sp. ATCC 39006	104623	S	1	0	1	0.0000249756
Serratia rubidaea	61652	S	1	0	1	0.0000249756
Yersinia aldovae	29483	S	1	0	1	0.0000249756
Yersinia rohdei	29485	S	1	0	1	0.0000249756
Yersinia mollaretii	33060	S	1	0	1	0.0000249756
Yersinia aleksiciae	263819	S	1	0	1	0.0000249756
Yersinia massiliensis	419257	S	1	0	1	0.0000249756
Yersinia entomophaga	935293	S	1	0	1	0.0000249756
Gibbsiella quercinecans	929813	S	1	0	1	0.0000249756
Rouxiella badensis	1646377	S	1	0	1	0.0000249756
Candidatus Fukatsuia symbiotica	1878942	S	1	0	1	0.0000249756
Proteus sp. ZN5	2697019	S	1	0	1	0.0000249756
Providencia vermicola	333965	S	1	0	1	0.0000249756
Xenorhabdus hominickii	351679	S	1	0	1	0.0000249756
Arsenophonus endosymbiont of Aleurodicus dispersus	235559	S	1	0	1	0.0000249756
Dickeya dianthicola	204039	S	1	0	1	0.0000249756
Dickeya sp. NCPPB 3274	568766	S	1	0	1	0.0000249756
Pectobacterium atrosepticum	29471	S	1	0	1	0.0000249756
Lonsdalea populi	1172565	S	1	0	1	0.0000249756
Hafnia paralvei	546367	S	1	0	1	0.0000249756
Edwardsiella hoshinae	93378	S	1	0	1	0.0000249756
Jinshanibacter zhutongyuii	2498113	S	1	0	1	0.0000249756
Stenotrophomonas sp. ZAC14A_NAIMI4_1	2072412	S	1	0	1	0.0000249756
Stenotrophomonas sp. WZN-1	2005046	S	1	0	1	0.0000249756
Stenotrophomonas sp. ASS1	2282124	S	1	0	1	0.0000249756
Stenotrophomonas sp. 364	2691571	S	1	0	1	0.0000249756
Stenotrophomonas indicatrix	2045451	S	1	0	1	0.0000249756
Xanthomonas arboricola	56448	S	1	0	1	0.0000249756
Xanthomonas axonopodis	53413	S	1	0	1	0.0000249756
Xanthomonas vasicola	56459	S	1	0	1	0.0000249756
Xanthomonas vesicatoria	56460	S	1	0	1	0.0000249756
Xanthomonas albilineans	29447	S	1	0	1	0.0000249756
Xanthomonas euroxanthea	2259622	S	1	0	1	0.0000249756
Luteimonas sp. YGD11-2	2508168	S	1	0	1	0.0000249756
Xylella fastidiosa	2371	S	1	0	1	0.0000249756
Halomonas sp. YLGW01	2773308	S	1	0	1	0.0000249756
Halomonas sp. MCCC 1A13718	2733488	S	1	0	1	0.0000249756
Halomonas sp. 1513	1883416	S	1	0	1	0.0000249756
Halomonas subglaciescola	29571	S	1	0	1	0.0000249756
Halomonas hydrothermalis	115561	S	1	0	1	0.0000249756
Halomonas huangheensis	1178482	S	1	0	1	0.0000249756
Ketobacter alkanivorans	1917421	S	1	0	1	0.0000249756
Marinomonas sp. MWYL1	400668	S	1	0	1	0.0000249756
Marinomonas primoryensis	178399	S	1	0	1	0.0000249756
Nitrincola sp. KXZD1103	2614693	S	1	0	1	0.0000249756
Amphritea japonica	452627	S	1	0	1	0.0000249756
Kangiella geojedonensis	914150	S	1	0	1	0.0000249756
Kangiella profundi	1561924	S	1	0	1	0.0000249756
Oleiphilus messinensis	141451	S	1	0	1	0.0000249756
Reinekea forsetii	1336806	S	1	0	1	0.0000249756
Litoricola lipolytica	418701	S	1	0	1	0.0000249756
Shewanella sp. FJAT-51800	2814294	S	1	0	1	0.0000249756
Shewanella sp. FJAT-52962	2814293	S	1	0	1	0.0000249756
Shewanella sp. Pdp11	2059264	S	1	0	1	0.0000249756
Shewanella sp. M2	2487742	S	1	0	1	0.0000249756
Shewanella sp. KX20019	2803864	S	1	0	1	0.0000249756
Shewanella sp. Arc9-LZ	2698686	S	1	0	1	0.0000249756
Shewanella pealeana	70864	S	1	0	1	0.0000249756
Shewanella donghaensis	238836	S	1	0	1	0.0000249756
Shewanella marisflavi	260364	S	1	0	1	0.0000249756
Shewanella khirikhana	1965282	S	1	0	1	0.0000249756
Shewanella loihica	359303	S	1	0	1	0.0000249756
Shewanella piezotolerans	404011	S	1	0	1	0.0000249756
Shewanella litorisediminis	1173586	S	1	0	1	0.0000249756
Marinobacter sp. BSs20148	490759	S	1	0	1	0.0000249756
Marinobacter sp. JH2	2547598	S	1	0	1	0.0000249756
Marinobacter salsuginis	418719	S	1	0	1	0.0000249756
Marinobacter adhaerens	1033846	S	1	0	1	0.0000249756
Marinobacter salinus	1874317	S	1	0	1	0.0000249756
Paraglaciecola sp. L1A13	2686359	S	1	0	1	0.0000249756
Salinimonas sp. KX18D6	2572577	S	1	0	1	0.0000249756
Catenovulum sediminis	1740262	S	1	0	1	0.0000249756
Glaciecola nitratireducens	300231	S	1	0	1	0.0000249756
Glaciecola amylolytica	2489595	S	1	0	1	0.0000249756
Agarivorans gilvus	680279	S	1	0	1	0.0000249756
Pseudoalteromonas sp. A25	116092	S	1	0	1	0.0000249756
Pseudoalteromonas sp. R3	1709477	S	1	0	1	0.0000249756
Pseudoalteromonas sp. 1_2015MBL_MicDiv	1720343	S	1	0	1	0.0000249756
Pseudoalteromonas sp. GCY	2003316	S	1	0	1	0.0000249756
Pseudoalteromonas spongiae	298657	S	1	0	1	0.0000249756
Pseudoalteromonas shioyasakiensis	1190813	S	1	0	1	0.0000249756
Pseudoalteromonas tunicata	314281	S	1	0	1	0.0000249756
Pseudoalteromonas rubra	43658	S	1	0	1	0.0000249756
Pseudoalteromonas ulvae	107327	S	1	0	1	0.0000249756
Colwellia sp. MT41	58049	S	1	0	1	0.0000249756
Colwellia sp. PAMC 20917	1816218	S	1	0	1	0.0000249756
Colwellia beringensis	1967665	S	1	0	1	0.0000249756
Thalassotalea crassostreae	1763536	S	1	0	1	0.0000249756
Litorilituus sediminis	718192	S	1	0	1	0.0000249756
Moritella yayanosii	69539	S	1	0	1	0.0000249756
Moritella marina	90736	S	1	0	1	0.0000249756
Ferrimonas lipolytica	2724191	S	1	0	1	0.0000249756
Mannheimia granulomatis	85402	S	1	0	1	0.0000249756
Mannheimia sp. USDA-ARS-USMARC-1261	1432056	S	1	0	1	0.0000249756
Actinobacillus equuli	718	S	1	0	1	0.0000249756
Glaesserella sp. 15-184	2030797	S	1	0	1	0.0000249756
Aggregatibacter sp. 2125159857	2820817	S	1	0	1	0.0000249756
Avibacterium paragallinarum	728	S	1	0	1	0.0000249756
Otariodibacter oris	1032623	S	1	0	1	0.0000249756
Bisgaardia hudsonensis	109472	S	1	0	1	0.0000249756
Vibrio harveyi	669	S	1	0	1	0.0000249756
Vibrio rotiferianus	190895	S	1	0	1	0.0000249756
Vibrio owensii	696485	S	1	0	1	0.0000249756
Vibrio sp. Sal10	2777577	S	1	0	1	0.0000249756
Vibrio sp. HDW18	2714948	S	1	0	1	0.0000249756
Vibrio sp. Scap24	2589990	S	1	0	1	0.0000249756
Vibrio cholerae	666	S	1	0	1	0.0000249756
Vibrio cidicii	1763883	S	1	0	1	0.0000249756
Vibrio panuliri	1381081	S	1	0	1	0.0000249756
Vibrio atlanticus	693153	S	1	0	1	0.0000249756
Vibrio casei	673372	S	1	0	1	0.0000249756
Vibrio ponticus	265668	S	1	0	1	0.0000249756
Vibrio furnissii	29494	S	1	0	1	0.0000249756
Photobacterium profundum	74109	S	1	0	1	0.0000249756
Photobacterium ganghwense	320778	S	1	0	1	0.0000249756
Salinivibrio costicola	51367	S	1	0	1	0.0000249756
Salinivibrio kushneri	1908198	S	1	0	1	0.0000249756
Rheinheimera sp. F8	1763998	S	1	0	1	0.0000249756
Thiocystis violascens	73141	S	1	0	1	0.0000249756
Acidihalobacter ferrooxydans	1765967	S	1	0	1	0.0000249756
Ectothiorhodospira haloalkaliphila	421628	S	1	0	1	0.0000249756
Spiribacter curvatus	1335757	S	1	0	1	0.0000249756
Halorhodospira halophila	1053	S	1	0	1	0.0000249756
Thiohalobacter thiocyanaticus	585455	S	1	0	1	0.0000249756
Aeromonas sp. Ne-1	1675689	S	1	0	1	0.0000249756
Aeromonas rivipollensis	948519	S	1	0	1	0.0000249756
Aeromonas simiae	218936	S	1	0	1	0.0000249756
Oceanisphaera profunda	1416627	S	1	0	1	0.0000249756
Francisella halioticida	549298	S	1	0	1	0.0000249756
Francisella hispaniensis	622488	S	1	0	1	0.0000249756
Francisella adeliensis	2007306	S	1	0	1	0.0000249756
Thiomicrospira aerophila	92245	S	1	0	1	0.0000249756
Thiomicrorhabdus aquaedulcis	2211106	S	1	0	1	0.0000249756
Thiomicrorhabdus sediminis	2580412	S	1	0	1	0.0000249756
Thiomicrorhabdus xiamenensis	2739063	S	1	0	1	0.0000249756
Cycloclasticus sp. P1	385025	S	1	0	1	0.0000249756
Cycloclasticus sp. PY97N	728003	S	1	0	1	0.0000249756
Thiosulfatimonas sediminis	2675054	S	1	0	1	0.0000249756
Thiothrix sp. Ku-5	2735563	S	1	0	1	0.0000249756
Methylomonas koyamae	702114	S	1	0	1	0.0000249756
Methylococcus sp. IM1	2681310	S	1	0	1	0.0000249756
Legionella sp. MW5194	2662448	S	1	0	1	0.0000249756
Legionella sp. TUM19329	2708020	S	1	0	1	0.0000249756
Legionella oakridgensis	29423	S	1	0	1	0.0000249756
Legionella endosymbiont of Polyplax serrata	2005262	S	1	0	1	0.0000249756
Legionella clemsonensis	1867846	S	1	0	1	0.0000249756
Legionella geestiana	45065	S	1	0	1	0.0000249756
Legionella jordanis	456	S	1	0	1	0.0000249756
Legionella hackeliae	449	S	1	0	1	0.0000249756
Candidatus Rickettsiella viridis	676208	S	1	0	1	0.0000249756
Cellvibrio japonicus	155077	S	1	0	1	0.0000249756
Saccharophagus degradans	86304	S	1	0	1	0.0000249756
Microbulbifer aggregans	1769779	S	1	0	1	0.0000249756
Kineobactrum salinum	2708301	S	1	0	1	0.0000249756
Spongiibacter sp. CSC3.9	2794344	S	1	0	1	0.0000249756
Oceanicoccus sagamiensis	716816	S	1	0	1	0.0000249756
Zhongshania aliphaticivorans	1470434	S	1	0	1	0.0000249756
Candidatus Ruthia magnifica	386487	S	1	0	1	0.0000249756
Candidatus Ruthia endofausta	2738852	S	1	0	1	0.0000249756
Candidatus Thioglobus sp. NP1	2508687	S	1	0	1	0.0000249756
endosymbiont of Sipalinus gigas	1972134	S	1	0	1	0.0000249756
Gallaecimonas mangrovi	2291597	S	1	0	1	0.0000249756
Orbus sp. IPMB12	1635327	S	1	0	1	0.0000249756
Dichelobacter nodosus	870	S	1	0	1	0.0000249756
Methylobacterium terrae	2202827	S	1	0	1	0.0000249756
Microvirga thermotolerans	2651334	S	1	0	1	0.0000249756
Rhizobium sp. NLR16a	2731112	S	1	0	1	0.0000249756
Rhizobium sp. NZLR1	2731096	S	1	0	1	0.0000249756
Rhizobium sp. NXC14	1981173	S	1	0	1	0.0000249756
Rhizobium sp. ADMK78	1813451	S	1	0	1	0.0000249756
Rhizobium tropici	398	S	1	0	1	0.0000249756
Rhizobium jaguaris	1312183	S	1	0	1	0.0000249756
Rhizobium gallicum	56730	S	1	0	1	0.0000249756
Agrobacterium rubi	28099	S	1	0	1	0.0000249756
Neorhizobium sp. NCHU2750	1825976	S	1	0	1	0.0000249756
Sinorhizobium americanum	194963	S	1	0	1	0.0000249756
Candidatus Liberibacter africanus	34020	S	1	0	1	0.0000249756
Candidatus Liberibacter asiaticus	34021	S	1	0	1	0.0000249756
Candidatus Liberibacter solanacearum	556287	S	1	0	1	0.0000249756
Mesorhizobium sp. M2A.F.Ca.ET.043.05.1.1	2493671	S	1	0	1	0.0000249756
Mesorhizobium sp. M1A.F.Ca.IN.022.06.1.1	2493680	S	1	0	1	0.0000249756
Mesorhizobium sp. M7A.F.Ce.TU.012.03.2.1	2493681	S	1	0	1	0.0000249756
Mesorhizobium sp. INR15	2654248	S	1	0	1	0.0000249756
Mesorhizobium sp. 113-3-3	2744516	S	1	0	1	0.0000249756
Mesorhizobium erdmanii	1777866	S	1	0	1	0.0000249756
Phyllobacterium zundukense	1867719	S	1	0	1	0.0000249756
Nitratireductor sp. OM-1	1756988	S	1	0	1	0.0000249756
Devosia sp. MC521	2759954	S	1	0	1	0.0000249756
Devosia sp. G19	2801335	S	1	0	1	0.0000249756
Rhodomicrobium vannielii	1069	S	1	0	1	0.0000249756
Maritalea myrionectae	454601	S	1	0	1	0.0000249756
Ancylobacter pratisalsi	1745854	S	1	0	1	0.0000249756
Labrenzia alexandrii	388408	S	1	0	1	0.0000249756
Martelella mediterranea	293089	S	1	0	1	0.0000249756
Martelella lutilitoris	2583532	S	1	0	1	0.0000249756
Bartonella vinsonii	33047	S	1	0	1	0.0000249756
Bartonella alsatica	52764	S	1	0	1	0.0000249756
Bartonella bacilliformis	774	S	1	0	1	0.0000249756
Methylocystis heyeri	391905	S	1	0	1	0.0000249756
Methylocystis sp. SC2	187303	S	1	0	1	0.0000249756
[Ochrobactrum] quorumnocens	271865	S	1	0	1	0.0000249756
Sphingomonas sp. ERG5	1381597	S	1	0	1	0.0000249756
Sphingomonas sediminicola	386874	S	1	0	1	0.0000249756
Sphingomonas paucimobilis	13689	S	1	0	1	0.0000249756
Sphingomonas daechungensis	1176646	S	1	0	1	0.0000249756
Sphingopyxis sp. LPB0140	1913578	S	1	0	1	0.0000249756
Sphingobium herbicidovorans	76947	S	1	0	1	0.0000249756
Sphingorhabdus sp. YGSMI21	2077182	S	1	0	1	0.0000249756
Altererythrobacter sp. B11	2060312	S	1	0	1	0.0000249756
Qipengyuania flava	192812	S	1	0	1	0.0000249756
Sulfitobacter pontiacus	60137	S	1	0	1	0.0000249756
Sulfitobacter mediterraneus	83219	S	1	0	1	0.0000249756
Rhodobacter sp. LPB0142	1850250	S	1	0	1	0.0000249756
Octadecabacter arcticus	53946	S	1	0	1	0.0000249756
Ruegeria sp. AD91A	2293862	S	1	0	1	0.0000249756
Thioclava nitratireducens	1915078	S	1	0	1	0.0000249756
Ketogulonicigenium vulgare	92945	S	1	0	1	0.0000249756
Ketogulonicigenium robustum	92947	S	1	0	1	0.0000249756
Monaibacterium sp. ALG8	2715211	S	1	0	1	0.0000249756
Pelagovum pacificum	2588711	S	1	0	1	0.0000249756
Profundibacter amoris	2171755	S	1	0	1	0.0000249756
Cognatishimia activa	1715691	S	1	0	1	0.0000249756
Halocynthiibacter arcticus	1579316	S	1	0	1	0.0000249756
Thalassobius gelatinovorus	53501	S	1	0	1	0.0000249756
Planktomarina temperata	1284658	S	1	0	1	0.0000249756
Pseudooceanicola algae	1537215	S	1	0	1	0.0000249756
Azospirillum sp. TSA2s	709810	S	1	0	1	0.0000249756
Azospirillum oryzae	286727	S	1	0	1	0.0000249756
Haematospirillum jordaniae	1549855	S	1	0	1	0.0000249756
Acetobacter tropicalis	104102	S	1	0	1	0.0000249756
Acetobacter aceti	435	S	1	0	1	0.0000249756
Acetobacter senegalensis	446692	S	1	0	1	0.0000249756
Acetobacter persici	1076596	S	1	0	1	0.0000249756
Gluconobacter albidus	318683	S	1	0	1	0.0000249756
Commensalibacter sp. ESL0284	2070537	S	1	0	1	0.0000249756
Commensalibacter sp. AMU001	2478912	S	1	0	1	0.0000249756
Kozakia baliensis	153496	S	1	0	1	0.0000249756
Terasakiella sp. SH-1	2560057	S	1	0	1	0.0000249756
Wolbachia endosymbiont of Cruorifilaria tuberocauda	1812111	S	1	0	1	0.0000249756
Neorickettsia sennetsu	951	S	1	0	1	0.0000249756
Neorickettsia findlayensis	2686014	S	1	0	1	0.0000249756
Rickettsia massiliae	35791	S	1	0	1	0.0000249756
Rickettsia endosymbiont of Bemisia tabaci	337479	S	1	0	1	0.0000249756
Candidatus Sneabacter namystus	2601646	S	1	0	1	0.0000249756
Candidatus Phycorickettsia trachydisci	2115978	S	1	0	1	0.0000249756
Candidatus Fokinia solitaria	1802984	S	1	0	1	0.0000249756
Candidatus Pelagibacter sp. IMCC9063	1002672	S	1	0	1	0.0000249756
Candidatus Pelagibacter sp. FZCC0015	2268451	S	1	0	1	0.0000249756
Micavibrio aeruginosavorus	349221	S	1	0	1	0.0000249756
Maricaulis maris	74318	S	1	0	1	0.0000249756
Candidatus Nucleicultrix amoebiphila	1509244	S	1	0	1	0.0000249756
Parvularcula bermudensis	208216	S	1	0	1	0.0000249756
Magnetococcus marinus	1124597	S	1	0	1	0.0000249756
Paremcibacter congregatus	2043170	S	1	0	1	0.0000249756
Pajaroellobacter abortibovis	1882918	S	1	0	1	0.0000249756
Desulfovibrio sp. 86	2666132	S	1	0	1	0.0000249756
Desulfovibrio desulfuricans	876	S	1	0	1	0.0000249756
Desulfovibrio piger	901	S	1	0	1	0.0000249756
Desulfovibrio marinus	370038	S	1	0	1	0.0000249756
Pseudodesulfovibrio aespoeensis	182210	S	1	0	1	0.0000249756
Pseudodesulfovibrio mercurii	641491	S	1	0	1	0.0000249756
Desulfolutivibrio sulfoxidireducens	2773299	S	1	0	1	0.0000249756
Desulfomicrobium baculatum	899	S	1	0	1	0.0000249756
Desulfomicrobium orale	132132	S	1	0	1	0.0000249756
Desulfohalobium retbaense	45663	S	1	0	1	0.0000249756
Geobacter sp. Jerry-YX	2815309	S	1	0	1	0.0000249756
Syntrophotalea acetylenivorans	1842532	S	1	0	1	0.0000249756
Desulfococcus oleovorans	181663	S	1	0	1	0.0000249756
Desulfobacter hydrogenophilus	2291	S	1	0	1	0.0000249756
Desulfopila sp. IMCC35004	2569540	S	1	0	1	0.0000249756
Desulfobulbus propionicus	894	S	1	0	1	0.0000249756
Desulfobacca acetoxidans	60893	S	1	0	1	0.0000249756
Desulfoglaeba alkanexedens	361111	S	1	0	1	0.0000249756
Hippea maritima	84405	S	1	0	1	0.0000249756
Candidatus Desulfofervidus auxilii	1621989	S	1	0	1	0.0000249756
Aliarcobacter cibarius	255507	S	1	0	1	0.0000249756
Aliarcobacter trophiarum	708186	S	1	0	1	0.0000249756
[Arcobacter] porcinus	1935204	S	1	0	1	0.0000249756
Halarcobacter bivalviorum	663364	S	1	0	1	0.0000249756
Campylobacter sp. RM6137	1660073	S	1	0	1	0.0000249756
Campylobacter sp. RM12175	1660076	S	1	0	1	0.0000249756
Campylobacter sp. RM16192	1660080	S	1	0	1	0.0000249756
Campylobacter coli	195	S	1	0	1	0.0000249756
Campylobacter ornithocola	1848766	S	1	0	1	0.0000249756
Campylobacter avium	522485	S	1	0	1	0.0000249756
Campylobacter canadensis	449520	S	1	0	1	0.0000249756
Campylobacter gracilis	824	S	1	0	1	0.0000249756
Campylobacter sputorum	206	S	1	0	1	0.0000249756
Sulfurospirillum barnesii	44674	S	1	0	1	0.0000249756
Sulfurimonas sp. GYSZ_1	2590022	S	1	0	1	0.0000249756
Sulfurimonas sp. H1576	2672570	S	1	0	1	0.0000249756
Sulfurimonas denitrificans	39766	S	1	0	1	0.0000249756
Sulfurimonas paralvinellae	317658	S	1	0	1	0.0000249756
Sulfurimonas gotlandica	1176482	S	1	0	1	0.0000249756
Candidatus Sulfurimonas marisnigri	2740405	S	1	0	1	0.0000249756
Helicobacter himalayensis	1591088	S	1	0	1	0.0000249756
Helicobacter apodemus	135569	S	1	0	1	0.0000249756
Helicobacter bilis	37372	S	1	0	1	0.0000249756
Nitrosophilus alvini	2714855	S	1	0	1	0.0000249756
Acidithiobacillus thiooxidans	930	S	1	0	1	0.0000249756
Acidithiobacillus caldus	33059	S	1	0	1	0.0000249756
Rhodococcus sp. ABRD24	2507582	S	1	0	1	0.0000249756
Rhodococcus sp. WB9	2594007	S	1	0	1	0.0000249756
Rhodococcus sp. WAY2	2663121	S	1	0	1	0.0000249756
Rhodococcus sp. PBTS 2	1653479	S	1	0	1	0.0000249756
Mycolicibacterium sp. Z-34	2736649	S	1	0	1	0.0000249756
Mycolicibacterium thermoresistibile	1797	S	1	0	1	0.0000249756
Mycolicibacterium fortuitum	1766	S	1	0	1	0.0000249756
Mycolicibacterium gadium	1794	S	1	0	1	0.0000249756
Mycolicibacterium parafortuitum	39692	S	1	0	1	0.0000249756
Mycolicibacterium pulveris	36813	S	1	0	1	0.0000249756
Mycobacterium heidelbergense	53376	S	1	0	1	0.0000249756
Mycobacterium parmense	185642	S	1	0	1	0.0000249756
Mycobacterium sp. DL440	2675523	S	1	0	1	0.0000249756
Mycobacterium marseillense	701042	S	1	0	1	0.0000249756
Mycobacterium canettii	78331	S	1	0	1	0.0000249756
Mycobacterium branderi	43348	S	1	0	1	0.0000249756
Mycobacterium gallinarum	39689	S	1	0	1	0.0000249756
Mycobacterium haemophilum	29311	S	1	0	1	0.0000249756
Mycolicibacter minnesotensis	1118379	S	1	0	1	0.0000249756
Hoyosella subflava	639313	S	1	0	1	0.0000249756
Corynebacterium sp. FDAARGOS 1242	2778078	S	1	0	1	0.0000249756
Corynebacterium sp. LMM-1652	2487892	S	1	0	1	0.0000249756
Corynebacterium sp. sy039	2599641	S	1	0	1	0.0000249756
Corynebacterium sp. 1959	2675216	S	1	0	1	0.0000249756
Corynebacterium sp. zg-320	2768834	S	1	0	1	0.0000249756
Corynebacterium sp. MC1420	2709392	S	1	0	1	0.0000249756
Corynebacterium sp. ZJ-599	2709394	S	1	0	1	0.0000249756
Corynebacterium atypicum	191610	S	1	0	1	0.0000249756
Corynebacterium glaucum	187491	S	1	0	1	0.0000249756
Corynebacterium aquilae	203263	S	1	0	1	0.0000249756
Corynebacterium ureicelerivorans	401472	S	1	0	1	0.0000249756
Corynebacterium phocae	161895	S	1	0	1	0.0000249756
Corynebacterium casei	160386	S	1	0	1	0.0000249756
Corynebacterium humireducens	1223514	S	1	0	1	0.0000249756
Corynebacterium choanis	1862358	S	1	0	1	0.0000249756
Corynebacterium flavescens	28028	S	1	0	1	0.0000249756
Corynebacterium cystitidis	35757	S	1	0	1	0.0000249756
Corynebacterium macginleyi	38290	S	1	0	1	0.0000249756
Corynebacterium yudongzhengii	2080740	S	1	0	1	0.0000249756
Corynebacterium argentoratense	42817	S	1	0	1	0.0000249756
Corynebacterium urealyticum	43771	S	1	0	1	0.0000249756
Corynebacterium ulcerans	65058	S	1	0	1	0.0000249756
Corynebacterium testudinoris	136857	S	1	0	1	0.0000249756
Corynebacterium simulans	146827	S	1	0	1	0.0000249756
Corynebacterium provencense	1737425	S	1	0	1	0.0000249756
Gordonia sp. HY186	2597659	S	1	0	1	0.0000249756
Gordonia iterans	1004901	S	1	0	1	0.0000249756
Gordonia insulae	2420509	S	1	0	1	0.0000249756
Dietzia psychralcaliphila	139021	S	1	0	1	0.0000249756
Dietzia timorensis	499555	S	1	0	1	0.0000249756
Microbacterium sp. A18JL241	2782166	S	1	0	1	0.0000249756
Microbacterium sp. TPU 3598	1938334	S	1	0	1	0.0000249756
Microbacterium amylolyticum	936337	S	1	0	1	0.0000249756
Microbacterium endophyticum	1526412	S	1	0	1	0.0000249756
Microbacterium protaetiae	2509458	S	1	0	1	0.0000249756
Curtobacterium sp. MR_MD2014	1561023	S	1	0	1	0.0000249756
Curtobacterium sp. YC1	2795488	S	1	0	1	0.0000249756
Agromyces sp. HY052	2585717	S	1	0	1	0.0000249756
Rathayibacter sp. VKM Ac-2804	2609257	S	1	0	1	0.0000249756
Rathayibacter rathayi	33887	S	1	0	1	0.0000249756
Rathayibacter toxicus	145458	S	1	0	1	0.0000249756
Leucobacter muris	1935379	S	1	0	1	0.0000249756
Leucobacter viscericola	2714935	S	1	0	1	0.0000249756
Leifsonia shinshuensis	150026	S	1	0	1	0.0000249756
Salinibacterium sp. dk2585	2603292	S	1	0	1	0.0000249756
Salinibacterium sp. ZJ450	2708338	S	1	0	1	0.0000249756
Plantibacter sp. M259	2583822	S	1	0	1	0.0000249756
Frondihabitans sp. PAMC 28766	1795630	S	1	0	1	0.0000249756
Cryobacterium sp.	1926290	S	1	0	1	0.0000249756
Cryobacterium sp. LW097	1978566	S	1	0	1	0.0000249756
Mycetocola zhujimingii	2079792	S	1	0	1	0.0000249756
Mycetocola sp. JXN-3	2116510	S	1	0	1	0.0000249756
Arthrobacter sp. Chr15	447032	S	1	0	1	0.0000249756
Arthrobacter sp. UKPF54-2	2600159	S	1	0	1	0.0000249756
Arthrobacter sp. KBS0702	2578107	S	1	0	1	0.0000249756
Rothia nasimurium	85336	S	1	0	1	0.0000249756
Rothia sp. ZJ932	2810516	S	1	0	1	0.0000249756
Kocuria palustris	71999	S	1	0	1	0.0000249756
Kocuria flava	446860	S	1	0	1	0.0000249756
Glutamicibacter nicotianae	37929	S	1	0	1	0.0000249756
Glutamicibacter arilaitensis	256701	S	1	0	1	0.0000249756
Glutamicibacter halophytocola	1933880	S	1	0	1	0.0000249756
Pseudarthrobacter sp. NIBRBAC000502771	2590774	S	1	0	1	0.0000249756
Pseudarthrobacter sp. NBSH8	2596911	S	1	0	1	0.0000249756
Pseudarthrobacter chlorophenolicus	85085	S	1	0	1	0.0000249756
Renibacterium salmoninarum	1646	S	1	0	1	0.0000249756
Auritidibacter sp. NML130574	2170745	S	1	0	1	0.0000249756
Yimella sp. cx-51	2770551	S	1	0	1	0.0000249756
Actinotalea sp. JY-7876	2758442	S	1	0	1	0.0000249756
Paraoerskovia marina	545619	S	1	0	1	0.0000249756
Brevibacterium sp. 'Marine'	2725563	S	1	0	1	0.0000249756
Brevibacterium aurantiacum	273384	S	1	0	1	0.0000249756
Serinicoccus chungangensis	767452	S	1	0	1	0.0000249756
Ruania sp. HY168	2603206	S	1	0	1	0.0000249756
Streptomyces sp. SYP-A7193	2662065	S	1	0	1	0.0000249756
Streptomyces sp. SUK 48	2582831	S	1	0	1	0.0000249756
Streptomyces sp. GS7	2692234	S	1	0	1	0.0000249756
Streptomyces sp. NEAU-S7GS2	2202000	S	1	0	1	0.0000249756
Streptomyces sp. CB09001	2083284	S	1	0	1	0.0000249756
Streptomyces sp. HSG2	2797167	S	1	0	1	0.0000249756
Streptomyces sp. XC 2026	2782004	S	1	0	1	0.0000249756
Streptomyces sp. CB00271	2750025	S	1	0	1	0.0000249756
Streptomyces sp. NA04227	2742136	S	1	0	1	0.0000249756
Streptomyces sp. AgN23	1188315	S	1	0	1	0.0000249756
Streptomyces sp. F12	1436084	S	1	0	1	0.0000249756
Streptomyces sp. RPA4-5	2721245	S	1	0	1	0.0000249756
Streptomyces sp. Z022	1442032	S	1	0	1	0.0000249756
Streptomyces sp. ADI95-16	1522758	S	1	0	1	0.0000249756
Streptomyces sp. CFMR 7	1649184	S	1	0	1	0.0000249756
Streptomyces sp. Tue 6075	1661694	S	1	0	1	0.0000249756
Streptomyces sp. VN1	1821625	S	1	0	1	0.0000249756
Streptomyces sp. S8	1837283	S	1	0	1	0.0000249756
Streptomyces sp. SAT1	1849967	S	1	0	1	0.0000249756
Streptomyces sp. WAC00288	2094021	S	1	0	1	0.0000249756
Streptomyces globisporus	1908	S	1	0	1	0.0000249756
Streptomyces anulatus	1892	S	1	0	1	0.0000249756
Streptomyces albidoflavus	1886	S	1	0	1	0.0000249756
Streptomyces coelicolor	1902	S	1	0	1	0.0000249756
Streptomyces sampsonii	42239	S	1	0	1	0.0000249756
Streptomyces albus	1888	S	1	0	1	0.0000249756
Streptomyces fodineus	1904616	S	1	0	1	0.0000249756
Streptomyces chromofuscus	42881	S	1	0	1	0.0000249756
Streptomyces qaidamensis	1783515	S	1	0	1	0.0000249756
Streptomyces murinus	33900	S	1	0	1	0.0000249756
Streptomyces finlayi	67296	S	1	0	1	0.0000249756
Streptomyces pluripotens	1355015	S	1	0	1	0.0000249756
Streptomyces nitrosporeus	28894	S	1	0	1	0.0000249756
Streptomyces violaceoruber	1935	S	1	0	1	0.0000249756
Streptomyces viridosporus	67581	S	1	0	1	0.0000249756
Streptomyces fulvissimus	68202	S	1	0	1	0.0000249756
Streptomyces olivoreticuli	68246	S	1	0	1	0.0000249756
Streptomyces spectabilis	68270	S	1	0	1	0.0000249756
Streptomyces fradiae	1906	S	1	0	1	0.0000249756
Streptomyces alboniger	132473	S	1	0	1	0.0000249756
Streptomyces clavuligerus	1901	S	1	0	1	0.0000249756
Streptomyces cacaoi	1898	S	1	0	1	0.0000249756
Streptacidiphilus bronchialis	2126346	S	1	0	1	0.0000249756
Tessaracoccus flavescens	399497	S	1	0	1	0.0000249756
Tessaracoccus flavus	1610493	S	1	0	1	0.0000249756
Nocardioides sp. HDW12A	2714938	S	1	0	1	0.0000249756
Micromonospora chokoriensis	356851	S	1	0	1	0.0000249756
Micromonospora rifamycinica	291594	S	1	0	1	0.0000249756
Micromonospora maris	1003110	S	1	0	1	0.0000249756
Salinispora arenicola	168697	S	1	0	1	0.0000249756
Actinomyces sp. oral taxon 171	706438	S	1	0	1	0.0000249756
Actinomyces sp. Chiba101	1851395	S	1	0	1	0.0000249756
Actinomyces sp. zg-993	2763540	S	1	0	1	0.0000249756
Actinomyces sp. HMT897	2789424	S	1	0	1	0.0000249756
Actinomyces israelii	1659	S	1	0	1	0.0000249756
Actinomyces howellii	52771	S	1	0	1	0.0000249756
Actinomyces gaoshouyii	1960083	S	1	0	1	0.0000249756
Actinomyces procaprae	2560010	S	1	0	1	0.0000249756
Actinomyces marmotae	2737173	S	1	0	1	0.0000249756
Schaalia meyeri	52773	S	1	0	1	0.0000249756
Flaviflexus sp. dk850	2758573	S	1	0	1	0.0000249756
Flaviflexus salsibiostraticola	1282737	S	1	0	1	0.0000249756
Trueperella sp. 19M2397	2733571	S	1	0	1	0.0000249756
Arcanobacterium haemolyticum	28264	S	1	0	1	0.0000249756
Arcanobacterium phocae	131112	S	1	0	1	0.0000249756
Mobiluncus curtisii	2051	S	1	0	1	0.0000249756
Winkia sp. C64	2692125	S	1	0	1	0.0000249756
Pauljensenia hongkongensis	178339	S	1	0	1	0.0000249756
Fannyhessea vaginae	82135	S	1	0	1	0.0000249756
Candidatus Nanopelagicus abundans	1884916	S	1	0	1	0.0000249756
Candidatus Frankia datiscae	2716812	S	1	0	1	0.0000249756
Bifidobacterium eulemuris	1765219	S	1	0	1	0.0000249756
Bifidobacterium pullorum	78448	S	1	0	1	0.0000249756
Bifidobacterium pseudocatenulatum	28026	S	1	0	1	0.0000249756
Bifidobacterium animalis	28025	S	1	0	1	0.0000249756
Bifidobacterium dentium	1689	S	1	0	1	0.0000249756
Bifidobacterium catenulatum	1686	S	1	0	1	0.0000249756
Bifidobacterium angulatum	1683	S	1	0	1	0.0000249756
Bifidobacterium bifidum	1681	S	1	0	1	0.0000249756
Scardovia inopinata	78259	S	1	0	1	0.0000249756
Acidothermus cellulolyticus	28049	S	1	0	1	0.0000249756
Gordonibacter urolithinfaciens	1335613	S	1	0	1	0.0000249756
Eggerthella lenta	84112	S	1	0	1	0.0000249756
Denitrobacterium detoxificans	79604	S	1	0	1	0.0000249756
Adlercreutzia equolifaciens	446660	S	1	0	1	0.0000249756
Olsenella umbonata	604330	S	1	0	1	0.0000249756
Olsenella timonensis	1805478	S	1	0	1	0.0000249756
Olsenella sp. GAM18	2109685	S	1	0	1	0.0000249756
Parolsenella catena	2003188	S	1	0	1	0.0000249756
Coriobacterium glomerans	33871	S	1	0	1	0.0000249756
Rubrobacter sp. SCSIO 52909	2653851	S	1	0	1	0.0000249756
Rubrobacter radiotolerans	42256	S	1	0	1	0.0000249756
Rubrobacter indicoceani	2051957	S	1	0	1	0.0000249756
Bacillus pseudomycoides	64104	S	1	0	1	0.0000249756
Bacillus atrophaeus	1452	S	1	0	1	0.0000249756
Bacillus sonorensis	119858	S	1	0	1	0.0000249756
Bacillus tequilensis	227866	S	1	0	1	0.0000249756
Bacillus halotolerans	260554	S	1	0	1	0.0000249756
Bacillus paralicheniformis	1648923	S	1	0	1	0.0000249756
Bacillus sp. FJAT-22090	1581038	S	1	0	1	0.0000249756
Bacillus sp. FJAT-18017	1705566	S	1	0	1	0.0000249756
Bacillus sp. N3536	2666127	S	1	0	1	0.0000249756
Bacillus sp. V3	2795526	S	1	0	1	0.0000249756
Bacillus sp. SB49	1071080	S	1	0	1	0.0000249756
Bacillus sp. NSP9.1	1071078	S	1	0	1	0.0000249756
Bacillus sp. THAF10	2587848	S	1	0	1	0.0000249756
Bacillus aerophilus	293389	S	1	0	1	0.0000249756
Bacillus vietnamensis	218284	S	1	0	1	0.0000249756
Bacillus marisflavi	189381	S	1	0	1	0.0000249756
Bacillus safensis	561879	S	1	0	1	0.0000249756
Bacillus horikoshii	79883	S	1	0	1	0.0000249756
Bacillus oleronius	38875	S	1	0	1	0.0000249756
Bacillus smithii	1479	S	1	0	1	0.0000249756
Bacillus gobiensis	1441095	S	1	0	1	0.0000249756
Bacillus methanolicus	1471	S	1	0	1	0.0000249756
Priestia filamentosa	1402861	S	1	0	1	0.0000249756
Geobacillus stearothermophilus	1422	S	1	0	1	0.0000249756
Lysinibacillus timonensis	2086577	S	1	0	1	0.0000249756
Anoxybacillus caldiproteolyticus	247480	S	1	0	1	0.0000249756
Alkalihalobacillus clausii	79880	S	1	0	1	0.0000249756
Alkalihalobacillus lehensis	300825	S	1	0	1	0.0000249756
Peribacillus psychrosaccharolyticus	1407	S	1	0	1	0.0000249756
Peribacillus butanolivorans	421767	S	1	0	1	0.0000249756
Virgibacillus sp. SK37	403957	S	1	0	1	0.0000249756
Virgibacillus sp. 6R	1911587	S	1	0	1	0.0000249756
Virgibacillus sp. MSP4-1	2700081	S	1	0	1	0.0000249756
Virgibacillus necropolis	163877	S	1	0	1	0.0000249756
Virgibacillus dokdonensis	302167	S	1	0	1	0.0000249756
Pontibacillus sp. HMF3514	2692425	S	1	0	1	0.0000249756
Mesobacillus jeotgali	129985	S	1	0	1	0.0000249756
Mesobacillus foraminis	279826	S	1	0	1	0.0000249756
Sediminibacillus sp. DP4-553-S	2729421	S	1	0	1	0.0000249756
Amphibacillus xylanus	1449	S	1	0	1	0.0000249756
Radiobacillus deserti	2594883	S	1	0	1	0.0000249756
Pradoshia sp. D12	2651284	S	1	0	1	0.0000249756
Parageobacillus thermoglucosidasius	1426	S	1	0	1	0.0000249756
Fictibacillus phosphorivorans	1221500	S	1	0	1	0.0000249756
Staphylococcus kloosii	29384	S	1	0	1	0.0000249756
Staphylococcus succinus	61015	S	1	0	1	0.0000249756
Staphylococcus felis	46127	S	1	0	1	0.0000249756
Staphylococcus lloydii	2781774	S	1	0	1	0.0000249756
Mammaliicoccus lentus	42858	S	1	0	1	0.0000249756
Mammaliicoccus vitulinus	71237	S	1	0	1	0.0000249756
[Micrococcus] candicans	946432	S	1	0	1	0.0000249756
Jeotgalicoccus saudimassiliensis	1461582	S	1	0	1	0.0000249756
Paenibacillus sp. 32O-W	1695218	S	1	0	1	0.0000249756
Paenibacillus sp. FSL R5-0345	1536770	S	1	0	1	0.0000249756
Paenibacillus sp. IHB B 3084	867076	S	1	0	1	0.0000249756
Paenibacillus sp. HB172198	2565926	S	1	0	1	0.0000249756
Paenibacillus alvei	44250	S	1	0	1	0.0000249756
Paenibacillus durus	44251	S	1	0	1	0.0000249756
Paenibacillus lentus	1338368	S	1	0	1	0.0000249756
Paenibacillus xylanexedens	528191	S	1	0	1	0.0000249756
Paenibacillus donghaensis	414771	S	1	0	1	0.0000249756
Paenibacillus ihbetae	1870820	S	1	0	1	0.0000249756
Paenibacillus riograndensis	483937	S	1	0	1	0.0000249756
Paenibacillus barcinonensis	198119	S	1	0	1	0.0000249756
Paenibacillus protaetiae	2509456	S	1	0	1	0.0000249756
Paenibacillus lycopersici	2704462	S	1	0	1	0.0000249756
Paenibacillus rhizovicinus	2704463	S	1	0	1	0.0000249756
Paenibacillus stellifer	169760	S	1	0	1	0.0000249756
Brevibacillus sp. SCSIO 07484	2496837	S	1	0	1	0.0000249756
Brevibacillus sp. 7WMA2	2683193	S	1	0	1	0.0000249756
Brevibacillus sp. FJAT-54423	2796470	S	1	0	1	0.0000249756
Cohnella sp. LGH	1619153	S	1	0	1	0.0000249756
Aneurinibacillus sp. XH2	1450761	S	1	0	1	0.0000249756
Sporosarcina sp. resist	2762563	S	1	0	1	0.0000249756
Sporosarcina sp. Te-1	2818390	S	1	0	1	0.0000249756
Sporosarcina pasteurii	1474	S	1	0	1	0.0000249756
Sporosarcina ureilytica	298596	S	1	0	1	0.0000249756
Planococcus maritimus	192421	S	1	0	1	0.0000249756
Planococcus rifietoensis	200991	S	1	0	1	0.0000249756
Planococcus donghaensis	414778	S	1	0	1	0.0000249756
Planococcus dechangensis	1176255	S	1	0	1	0.0000249756
Planococcus versutus	1302659	S	1	0	1	0.0000249756
Planococcus sp. MB-3u-03	2058136	S	1	0	1	0.0000249756
Paenisporosarcina sp. K2R23-3	2320858	S	1	0	1	0.0000249756
Listeria weihenstephanensis	1006155	S	1	0	1	0.0000249756
Listeria sp. PSOL-1	1844999	S	1	0	1	0.0000249756
Brochothrix thermosphacta	2756	S	1	0	1	0.0000249756
Alicyclobacillus sp. TC	2606450	S	1	0	1	0.0000249756
Tumebacillus avium	1903704	S	1	0	1	0.0000249756
Kyrpidia tusciae	33943	S	1	0	1	0.0000249756
Gemella morbillorum	29391	S	1	0	1	0.0000249756
Exiguobacterium sp. AT1b	360911	S	1	0	1	0.0000249756
Exiguobacterium mexicanum	340146	S	1	0	1	0.0000249756
Streptococcus sp. I-G2	1156431	S	1	0	1	0.0000249756
Streptococcus sp. I-P16	1156433	S	1	0	1	0.0000249756
Streptococcus sp. HSISS2	1316411	S	1	0	1	0.0000249756
Streptococcus sp. LPB0220	2610896	S	1	0	1	0.0000249756
Streptococcus sp. 116-D4	2598453	S	1	0	1	0.0000249756
Streptococcus anginosus	1328	S	1	0	1	0.0000249756
Streptococcus pluranimalium	82348	S	1	0	1	0.0000249756
Streptococcus merionis	400065	S	1	0	1	0.0000249756
Streptococcus gwangjuense	1433513	S	1	0	1	0.0000249756
Streptococcus chenjunshii	2173853	S	1	0	1	0.0000249756
Streptococcus koreensis	2382163	S	1	0	1	0.0000249756
Streptococcus uberis	1349	S	1	0	1	0.0000249756
Streptococcus parauberis	1348	S	1	0	1	0.0000249756
Lactococcus raffinolactis	1366	S	1	0	1	0.0000249756
Lactococcus taiwanensis	1151742	S	1	0	1	0.0000249756
Lactococcus allomyrinae	2419773	S	1	0	1	0.0000249756
Lactococcus sp. KACC 19320	2592653	S	1	0	1	0.0000249756
Lactococcus carnosus	2749961	S	1	0	1	0.0000249756
Lactobacillus johnsonii	33959	S	1	0	1	0.0000249756
Lactobacillus amylolyticus	83683	S	1	0	1	0.0000249756
Lactobacillus acidophilus	1579	S	1	0	1	0.0000249756
Lactobacillus terrae	2269374	S	1	0	1	0.0000249756
Paucilactobacillus oligofermentans	293371	S	1	0	1	0.0000249756
Weissella confusa	1583	S	1	0	1	0.0000249756
Weissella koreensis	165096	S	1	0	1	0.0000249756
Weissella jogaejeotgali	1631871	S	1	0	1	0.0000249756
Weissella cryptocerci	2506420	S	1	0	1	0.0000249756
Companilactobacillus farciminis	1612	S	1	0	1	0.0000249756
Companilactobacillus paralimentarius	83526	S	1	0	1	0.0000249756
Companilactobacillus crustorum	392416	S	1	0	1	0.0000249756
Companilactobacillus ginsenosidimutans	1007676	S	1	0	1	0.0000249756
Leuconostoc gelidum	1244	S	1	0	1	0.0000249756
Leuconostoc lactis	1246	S	1	0	1	0.0000249756
Leuconostoc carnosum	1252	S	1	0	1	0.0000249756
Leuconostoc pseudomesenteroides	33968	S	1	0	1	0.0000249756
Ligilactobacillus animalis	1605	S	1	0	1	0.0000249756
Ligilactobacillus murinus	1622	S	1	0	1	0.0000249756
Ligilactobacillus ruminis	1623	S	1	0	1	0.0000249756
Liquorilactobacillus nagelii	82688	S	1	0	1	0.0000249756
Levilactobacillus brevis	1580	S	1	0	1	0.0000249756
Levilactobacillus suantsaii	2292255	S	1	0	1	0.0000249756
Loigolactobacillus bifermentans	1607	S	1	0	1	0.0000249756
Loigolactobacillus coryniformis	1610	S	1	0	1	0.0000249756
Bombilactobacillus bombi	1303590	S	1	0	1	0.0000249756
Acetilactobacillus jinshanensis	1720083	S	1	0	1	0.0000249756
Fructilactobacillus fructivorans	1614	S	1	0	1	0.0000249756
Schleiferilactobacillus harbinensis	304207	S	1	0	1	0.0000249756
Vagococcus carniphilus	218144	S	1	0	1	0.0000249756
Vagococcus teuberi	519472	S	1	0	1	0.0000249756
Vagococcus zengguangii	2571750	S	1	0	1	0.0000249756
Carnobacterium sp. 17-4	208596	S	1	0	1	0.0000249756
Aerococcus urinae	1376	S	1	0	1	0.0000249756
Clostridium sp. SY8519	1042156	S	1	0	1	0.0000249756
Blautia sp. LZLJ-3	2779518	S	1	0	1	0.0000249756
Blautia hansenii	1322	S	1	0	1	0.0000249756
Blautia argi	1912897	S	1	0	1	0.0000249756
Anaerocolumna sp. CTTW	2736602	S	1	0	1	0.0000249756
Anaerostipes caccae	105841	S	1	0	1	0.0000249756
Butyrivibrio proteoclasticus	43305	S	1	0	1	0.0000249756
Roseburia hominis	301301	S	1	0	1	0.0000249756
Enterocloster bolteae	208479	S	1	0	1	0.0000249756
Herbinix luporum	1679721	S	1	0	1	0.0000249756
Coprococcus catus	116085	S	1	0	1	0.0000249756
Oscillibacter sp. PEA192	2109687	S	1	0	1	0.0000249756
Oscillibacter sp. NSJ-62	2763056	S	1	0	1	0.0000249756
Oscillibacter valericigenes	351091	S	1	0	1	0.0000249756
Ruminococcus champanellensis	1161942	S	1	0	1	0.0000249756
Ruminococcus sp. JE7A12	2564099	S	1	0	1	0.0000249756
Fastidiosipila sanguinis	236753	S	1	0	1	0.0000249756
Ruminiclostridium herbifermentans	2488810	S	1	0	1	0.0000249756
Mageeibacillus indolicus	884684	S	1	0	1	0.0000249756
Desulfosporosinus meridiei	79209	S	1	0	1	0.0000249756
Desulfitobacterium metallireducens	142877	S	1	0	1	0.0000249756
Desulfitobacterium dichloroeliminans	233055	S	1	0	1	0.0000249756
Desulfotomaculum reducens	59610	S	1	0	1	0.0000249756
Thermaerobacter marianensis	73919	S	1	0	1	0.0000249756
Intestinimonas butyriciproducens	1297617	S	1	0	1	0.0000249756
Flintibacter sp. KGMB00164	2610895	S	1	0	1	0.0000249756
[Eubacterium] cellulosolvens	29322	S	1	0	1	0.0000249756
Heliobacterium modesticaldum	35701	S	1	0	1	0.0000249756
Christensenella minuta	626937	S	1	0	1	0.0000249756
Syntrophomonas wolfei	863	S	1	0	1	0.0000249756
Candidatus Syntrophocurvum alkaliphilum	2293317	S	1	0	1	0.0000249756
Caldicellulosiruptor saccharolyticus	44001	S	1	0	1	0.0000249756
Caldicellulosiruptor lactoaceticus	52766	S	1	0	1	0.0000249756
Caldicellulosiruptor owensensis	55205	S	1	0	1	0.0000249756
Caldicellulosiruptor kronotskyensis	413889	S	1	0	1	0.0000249756
Thermoanaerobacterium thermosaccharolyticum	1517	S	1	0	1	0.0000249756
Thermoanaerobacterium xylanolyticum	29329	S	1	0	1	0.0000249756
Thermoanaerobacter kivui	2325	S	1	0	1	0.0000249756
Moorella glycerini	55779	S	1	0	1	0.0000249756
Thermacetogenium phaeum	85874	S	1	0	1	0.0000249756
Thermodesulfobium acidiphilum	1794699	S	1	0	1	0.0000249756
Anoxybacter fermentans	1323375	S	1	0	1	0.0000249756
Tepidanaerobacter acetatoxydans	499229	S	1	0	1	0.0000249756
Selenomonas sp. oral taxon 126	712528	S	1	0	1	0.0000249756
Selenomonas sputigena	69823	S	1	0	1	0.0000249756
Pectinatus frisingensis	865	S	1	0	1	0.0000249756
Veillonella atypica	39777	S	1	0	1	0.0000249756
Veillonella rodentium	248315	S	1	0	1	0.0000249756
Megasphaera stantonii	2144175	S	1	0	1	0.0000249756
Phascolarctobacterium sp. Marseille-Q4147	2823317	S	1	0	1	0.0000249756
Anaerococcus vaginalis	33037	S	1	0	1	0.0000249756
Anaerococcus obesiensis	1287640	S	1	0	1	0.0000249756
Erysipelothrix sp. HDW6A	2714928	S	1	0	1	0.0000249756
Erysipelothrix sp. HDW6C	2714930	S	1	0	1	0.0000249756
Erysipelothrix inopinata	225084	S	1	0	1	0.0000249756
Erysipelothrix piscisicarius	2485784	S	1	0	1	0.0000249756
Bulleidia sp. zg-1006	2806552	S	1	0	1	0.0000249756
Nostoc sp. PCC 7107	317936	S	1	0	1	0.0000249756
Nostoc sp. 'Peltigera membranacea cyanobiont' N6	1261031	S	1	0	1	0.0000249756
Cylindrospermum stagnale	142864	S	1	0	1	0.0000249756
Microchaete diplosiphon	1197	S	1	0	1	0.0000249756
Cyanothece sp. PCC 7425	395961	S	1	0	1	0.0000249756
[Phormidium] sp. ETS-05	222819	S	1	0	1	0.0000249756
Microcystis sp. MC19	1967666	S	1	0	1	0.0000249756
Gloeocapsa sp. PCC 7428	1173026	S	1	0	1	0.0000249756
Euhalothece natronophila	577489	S	1	0	1	0.0000249756
Cyanobacterium aponinum	379064	S	1	0	1	0.0000249756
Synechococcus sp. BMK-MC-1	1442551	S	1	0	1	0.0000249756
Synechococcus sp. CB0101	232348	S	1	0	1	0.0000249756
Synechococcus sp. JA-3-3Ab	321327	S	1	0	1	0.0000249756
Synechococcus sp. PCC 7003	374981	S	1	0	1	0.0000249756
Synechococcus sp. NOUM97013	1442555	S	1	0	1	0.0000249756
Synechococcus sp. KORDI-49	585423	S	1	0	1	0.0000249756
Synechococcus sp. KORDI-52	585425	S	1	0	1	0.0000249756
Synechococcus sp. CBW1107	2789857	S	1	0	1	0.0000249756
Synechococcus sp. BIOS-U3-1	1400865	S	1	0	1	0.0000249756
Synechococcus sp. BIOS-E4-1	1400864	S	1	0	1	0.0000249756
Synechococcus sp. MVIR-18-1	1386941	S	1	0	1	0.0000249756
Synechococcus sp. RS9909	221352	S	1	0	1	0.0000249756
Synechococcus sp. NIES-970	1827144	S	1	0	1	0.0000249756
Synechococcus sp. PCC 7336	195250	S	1	0	1	0.0000249756
Synechococcus sp. LTW-R	2751170	S	1	0	1	0.0000249756
Synechococcus sp. PROS-9-1	1968775	S	1	0	1	0.0000249756
Leptolyngbya sp. O-77	1080068	S	1	0	1	0.0000249756
cyanobacterium endosymbiont of Epithemia turgida	718217	S	1	0	1	0.0000249756
Gloeomargarita lithophora	1188228	S	1	0	1	0.0000249756
Mycoplasma sp. Zaradi2	547987	S	1	0	1	0.0000249756
Mycoplasma sp. Pen4	640330	S	1	0	1	0.0000249756
Mycoplasma sp. Mirounga ES2806-GEN	754515	S	1	0	1	0.0000249756
Mycoplasma sp. 1654_15	2725994	S	1	0	1	0.0000249756
Mycoplasma sp. OR1901	2742195	S	1	0	1	0.0000249756
Mycoplasma struthionis	538220	S	1	0	1	0.0000249756
Mycoplasma nasistruthionis	353852	S	1	0	1	0.0000249756
Mycoplasma phocidae	142651	S	1	0	1	0.0000249756
Mycoplasma phocicerebrale	142649	S	1	0	1	0.0000249756
Mycoplasma cloacale	92401	S	1	0	1	0.0000249756
Mycoplasma anseris	92400	S	1	0	1	0.0000249756
Mycoplasma alkalescens	45363	S	1	0	1	0.0000249756
Mycoplasma hyosynoviae	29559	S	1	0	1	0.0000249756
Mycoplasma mobile	2118	S	1	0	1	0.0000249756
Mycoplasma cynos	171284	S	1	0	1	0.0000249756
Mycoplasma anatis	171279	S	1	0	1	0.0000249756
Mycoplasma bovis	28903	S	1	0	1	0.0000249756
Mycoplasma felis	33923	S	1	0	1	0.0000249756
Spiroplasma sp. BIUS-1	216964	S	1	0	1	0.0000249756
Spiroplasma taiwanense	2145	S	1	0	1	0.0000249756
Spiroplasma chinense	216932	S	1	0	1	0.0000249756
Spiroplasma chrysopicola	216933	S	1	0	1	0.0000249756
Spiroplasma tabanidicola	324079	S	1	0	1	0.0000249756
Spiroplasma turonicum	216946	S	1	0	1	0.0000249756
Spiroplasma syrphidicola	216945	S	1	0	1	0.0000249756
Spiroplasma litorale	216942	S	1	0	1	0.0000249756
Mesoplasma tabanidae	219745	S	1	0	1	0.0000249756
Entomoplasma freundtii	74700	S	1	0	1	0.0000249756
Entomoplasma melaleucae	81459	S	1	0	1	0.0000249756
Entomoplasma somnilux	215578	S	1	0	1	0.0000249756
Acholeplasma palmae	38986	S	1	0	1	0.0000249756
Acholeplasma brassicae	61635	S	1	0	1	0.0000249756
Candidatus Phytoplasma australiense	59748	S	1	0	1	0.0000249756
Candidatus Phytoplasma luffae	35773	S	1	0	1	0.0000249756
Candidatus Phytoplasma mali	37692	S	1	0	1	0.0000249756
Deinococcus sp. S14-83	2489213	S	1	0	1	0.0000249756
Deinococcus sp. D7000	2755035	S	1	0	1	0.0000249756
Deinococcus maricopensis	309887	S	1	0	1	0.0000249756
Deinococcus irradiatisoli	2202254	S	1	0	1	0.0000249756
Thermus brockianus	56956	S	1	0	1	0.0000249756
Thermus oshimai	56957	S	1	0	1	0.0000249756
Thermus sp. CCB_US3_UF1	1111069	S	1	0	1	0.0000249756
Meiothermus taiwanensis	172827	S	1	0	1	0.0000249756
Roseiflexus castenholzii	120962	S	1	0	1	0.0000249756
Chloroflexus aggregans	152260	S	1	0	1	0.0000249756
Tepidiforma bonchosmolovskayae	2601677	S	1	0	1	0.0000249756
Flavobacterium magnum	2162713	S	1	0	1	0.0000249756
Capnocytophaga sp. oral taxon 878	1316596	S	1	0	1	0.0000249756
Capnocytophaga cynodegmi	28189	S	1	0	1	0.0000249756
Formosa sediminum	2594004	S	1	0	1	0.0000249756
Maribacter sp. HTCC2170	313603	S	1	0	1	0.0000249756
Nonlabens sp. Ci31	2608253	S	1	0	1	0.0000249756
Nonlabens ponticola	2496866	S	1	0	1	0.0000249756
Muricauda ruestringensis	111501	S	1	0	1	0.0000249756
Tamlana sp. s12	1630406	S	1	0	1	0.0000249756
Antarcticibacterium flavum	2058175	S	1	0	1	0.0000249756
Olleya aquimaris	639310	S	1	0	1	0.0000249756
Euzebyella marina	1761453	S	1	0	1	0.0000249756
Leeuwenhoekiella sp. ZYFB001	2719912	S	1	0	1	0.0000249756
Zunongwangia profunda	398743	S	1	0	1	0.0000249756
Empedobacter stercoris	1628248	S	1	0	1	0.0000249756
Blattabacterium sp. (Nauphoeta cinerea)	1316444	S	1	0	1	0.0000249756
Blattabacterium sp. DPU	2715232	S	1	0	1	0.0000249756
Candidatus Walczuchella monophlebidarum	1415657	S	1	0	1	0.0000249756
Croceimicrobium hydrocarbonivorans	2761580	S	1	0	1	0.0000249756
Spirosoma rigui	564064	S	1	0	1	0.0000249756
Fibrella sp. ES10-3-2-2	1834519	S	1	0	1	0.0000249756
Arcticibacterium luteifluviistationis	1784714	S	1	0	1	0.0000249756
Hymenobacter jejuensis	2502781	S	1	0	1	0.0000249756
Rufibacter sp. DG15C	1379909	S	1	0	1	0.0000249756
Adhaeribacter radiodurans	2745197	S	1	0	1	0.0000249756
Fulvivirga sp. S481	2810512	S	1	0	1	0.0000249756
Sphingobacterium sp. DR205	2713573	S	1	0	1	0.0000249756
Sphingobacterium mizutaii	1010	S	1	0	1	0.0000249756
Sphingobacterium siyangense	459529	S	1	0	1	0.0000249756
Sphingobacterium lactis	797291	S	1	0	1	0.0000249756
Mucilaginibacter ginkgonis	2682091	S	1	0	1	0.0000249756
Bacteroides sp. CBA7301	2715212	S	1	0	1	0.0000249756
Bacteroides caecimuris	1796613	S	1	0	1	0.0000249756
Prevotella intermedia	28131	S	1	0	1	0.0000249756
Prevotella oris	28135	S	1	0	1	0.0000249756
Prevotella jejuni	1177574	S	1	0	1	0.0000249756
Paraprevotella xylaniphila	454155	S	1	0	1	0.0000249756
Phocaeicola coprophilus	387090	S	1	0	1	0.0000249756
Butyricimonas virosa	544645	S	1	0	1	0.0000249756
Muribaculum gordoncarteri	2530390	S	1	0	1	0.0000249756
Duncaniella dubosii	2518971	S	1	0	1	0.0000249756
Alistipes indistinctus	626932	S	1	0	1	0.0000249756
Alistipes megaguti	2364787	S	1	0	1	0.0000249756
Tannerella sp. oral taxon HOT-286	712710	S	1	0	1	0.0000249756
Porphyromonas cangingivalis	36874	S	1	0	1	0.0000249756
Porphyromonas crevioricanis	393921	S	1	0	1	0.0000249756
Tenuifilum thalassicum	2590900	S	1	0	1	0.0000249756
Draconibacterium orientale	1168034	S	1	0	1	0.0000249756
Chlorobaculum tepidum	1097	S	1	0	1	0.0000249756
Prosthecochloris aestuarii	1102	S	1	0	1	0.0000249756
Prosthecochloris sp. GSB1	281093	S	1	0	1	0.0000249756
Thermogutta terrifontis	1331910	S	1	0	1	0.0000249756
Gimesia algae	2527971	S	1	0	1	0.0000249756
Polystyrenella longa	2528007	S	1	0	1	0.0000249756
Calycomorphotria hydatis	2528027	S	1	0	1	0.0000249756
Poriferisphaera corsica	2528020	S	1	0	1	0.0000249756
Candidatus Kuenenia stuttgartiensis	174633	S	1	0	1	0.0000249756
Chlamydia trachomatis	813	S	1	0	1	0.0000249756
Chlamydia abortus	83555	S	1	0	1	0.0000249756
Chlamydia pecorum	85991	S	1	0	1	0.0000249756
Chlamydia avium	1457141	S	1	0	1	0.0000249756
Borrelia hermsii	140	S	1	0	1	0.0000249756
Borrelia sp. A-FGy1	2608247	S	1	0	1	0.0000249756
Borreliella bavariensis	664662	S	1	0	1	0.0000249756
Borreliella mayonii	1674146	S	1	0	1	0.0000249756
Treponema primitia	88058	S	1	0	1	0.0000249756
Treponema parvum	138851	S	1	0	1	0.0000249756
Treponema caldarium	215591	S	1	0	1	0.0000249756
Treponema putidum	221027	S	1	0	1	0.0000249756
Spirochaeta thermophila	154	S	1	0	1	0.0000249756
Sediminispirochaeta smaragdinae	55206	S	1	0	1	0.0000249756
Leptospira borgpetersenii	174	S	1	0	1	0.0000249756
Leptospira santarosai	28183	S	1	0	1	0.0000249756
Fusobacterium gonidiaformans	849	S	1	0	1	0.0000249756
Fusobacterium hwasookii	1583098	S	1	0	1	0.0000249756
Leptotrichia shahii	157691	S	1	0	1	0.0000249756
Leptotrichia hongkongensis	554406	S	1	0	1	0.0000249756
Leptotrichia sp. oral taxon 212	712357	S	1	0	1	0.0000249756
Granulicella sp. 5B5	1617967	S	1	0	1	0.0000249756
Terriglobus saanensis	870903	S	1	0	1	0.0000249756
Terriglobus albidus	1592106	S	1	0	1	0.0000249756
Edaphobacter sp. 12200R-103	2703788	S	1	0	1	0.0000249756
Thermotoga caldifontis	1508419	S	1	0	1	0.0000249756
Thermotoga profunda	1508420	S	1	0	1	0.0000249756
Petrotoga mobilis	69499	S	1	0	1	0.0000249756
Kosmotoga pacifica	1330330	S	1	0	1	0.0000249756
Mesotoga prima	1184387	S	1	0	1	0.0000249756
Nitrospira moscoviensis	42253	S	1	0	1	0.0000249756
Thermocrinis albus	136094	S	1	0	1	0.0000249756
Sulfurihydrogenibium sp. YO3AOP1	436114	S	1	0	1	0.0000249756
Thermosulfidibacter takaii	412593	S	1	0	1	0.0000249756
Thermovibrio ammonificans	228745	S	1	0	1	0.0000249756
Thermodesulfobacterium geofontis	1295609	S	1	0	1	0.0000249756
Thermosulfurimonas marina	2047767	S	1	0	1	0.0000249756
Thermosulfuriphilus ammonigenes	1936021	S	1	0	1	0.0000249756
Geovibrio thiophilus	139438	S	1	0	1	0.0000249756
Denitrovibrio acetiphilus	118000	S	1	0	1	0.0000249756
Thermanaerovibrio velox	108007	S	1	0	1	0.0000249756
Cloacibacillus porcorum	1197717	S	1	0	1	0.0000249756
Fretibacterium fastidiosum	651822	S	1	0	1	0.0000249756
Coprothermobacter proteolyticus	35786	S	1	0	1	0.0000249756
Natronomonas moolapensis	416273	S	1	0	1	0.0000249756
Haloarcula sp. JP-L23	2716717	S	1	0	1	0.0000249756
Haloterrigena turkmenica	62320	S	1	0	1	0.0000249756
Haloterrigena daqingensis	588898	S	1	0	1	0.0000249756
Halovivax sp. KZCA124	2817025	S	1	0	1	0.0000249756
Halostagnicola larsenii	353800	S	1	0	1	0.0000249756
Salinarchaeum sp. Harcht-Bsk1	1333523	S	1	0	1	0.0000249756
Natrarchaeobaculum aegyptiacum	745377	S	1	0	1	0.0000249756
Halorubrum trapanicum	29284	S	1	0	1	0.0000249756
Halorubrum ezzemoulense	337243	S	1	0	1	0.0000249756
Halobonum sp. NJ-3-1	2743089	S	1	0	1	0.0000249756
Halolamina sp. CBA1230	1853690	S	1	0	1	0.0000249756
Haloferax gibbonsii	35746	S	1	0	1	0.0000249756
Haloplanus rubicundus	1547898	S	1	0	1	0.0000249756
Haloplanus rallus	1816183	S	1	0	1	0.0000249756
Halalkaliarchaeum desulfuricum	2055893	S	1	0	1	0.0000249756
Methanosarcina mazei	2209	S	1	0	1	0.0000249756
Methanosarcina lacustris	170861	S	1	0	1	0.0000249756
Methanosarcina horonobensis	418008	S	1	0	1	0.0000249756
Methanosarcina sp. MTP4	1434100	S	1	0	1	0.0000249756
Methanoculleus bourgensis	83986	S	1	0	1	0.0000249756
Methanospirillum hungatei	2203	S	1	0	1	0.0000249756
Methanocella conradii	1175444	S	1	0	1	0.0000249756
Methanobrevibacter sp. YE315	1609968	S	1	0	1	0.0000249756
Methanobrevibacter ruminantium	83816	S	1	0	1	0.0000249756
Methanobrevibacter olleyae	294671	S	1	0	1	0.0000249756
Methanothermobacter sp. THM-1	2606911	S	1	0	1	0.0000249756
Methanocaldococcus jannaschii	2190	S	1	0	1	0.0000249756
Methanocaldococcus sp. FS406-22	644281	S	1	0	1	0.0000249756
Thermococcus sp. 2319x1	1674923	S	1	0	1	0.0000249756
Thermococcus onnurineus	342948	S	1	0	1	0.0000249756
Thermococcus sibiricus	172049	S	1	0	1	0.0000249756
Thermococcus profundus	49899	S	1	0	1	0.0000249756
Thermococcus barophilus	55802	S	1	0	1	0.0000249756
Pyrococcus sp. NA2	342949	S	1	0	1	0.0000249756
Nitrosopumilus maritimus	338192	S	1	0	1	0.0000249756
Candidatus Nitrosopumilus sediminis	1229909	S	1	0	1	0.0000249756
Nitrosopumilus piranensis	1582439	S	1	0	1	0.0000249756
Nitrosopumilus oxyclinae	1959104	S	1	0	1	0.0000249756
Candidatus Nitrosopumilus sp. SW	2508726	S	1	0	1	0.0000249756
Candidatus Nitrosomarinus catalina	1898749	S	1	0	1	0.0000249756
Candidatus Nitrosotenuis aquarius	1846278	S	1	0	1	0.0000249756
Candidatus Nitrosocosmicus hydrocola	1826872	S	1	0	1	0.0000249756
Candidatus Nitrososphaera gargensis	497727	S	1	0	1	0.0000249756
Metallosphaera hakonensis	79601	S	1	0	1	0.0000249756
Metallosphaera cuprina	1006005	S	1	0	1	0.0000249756
Saccharolobus solfataricus	2287	S	1	0	1	0.0000249756
Thermofilum sp. 3507LT	2776706	S	1	0	1	0.0000249756
Pyrobaculum islandicum	2277	S	1	0	1	0.0000249756
Thermosphaera aggregans	54254	S	1	0	1	0.0000249756
Cuniculiplasma divulgatum	1673428	S	1	0	1	0.0000249756
Candidatus Methanomassiliicoccus intestinalis	1406512	S	1	0	1	0.0000249756
Candidatus Micrarchaeum sp.	2282148	S	1	0	1	0.0000249756
Candidatus Mancarchaeum acidiphilum	1920749	S	1	0	1	0.0000249756
Cellulophaga phage phi19:3	1327971	S	1	0	1	0.0000249756
Vibrio phage phi 1	1589297	S	1	0	1	0.0000249756
Xanthomonas phage RiverRider	2108116	S	1	0	1	0.0000249756
Sulfitobacter phage NYA-2014a	1526550	S	1	0	1	0.0000249756
Sulfitobacter phage pCB2047-C	754043	S	1	0	1	0.0000249756
Pseudomonas phage O4	1784982	S	1	0	1	0.0000249756
Dinoroseobacter phage DS-1410Ws-06	1815983	S	1	0	1	0.0000249756
Dinoroseobacter virus DFL12	2169868	S	1	0	1	0.0000249756
Achromobacter virus Axp3	2169962	S	1	0	1	0.0000249756
Klebsiella phage Pylas	2419682	S	1	0	1	0.0000249756
Yersinia phage PY54	172667	S	1	0	1	0.0000249756
Streptococcus phage 5093	646413	S	1	0	1	0.0000249756
Gordonia phage GMA4	1647471	S	1	0	1	0.0000249756
Aeromonas phage vB_AhyS-A18P4	2608321	S	1	0	1	0.0000249756
Clostridium phage phiCTP1	871584	S	1	0	1	0.0000249756
Polaribacter virus P12002L	1982245	S	1	0	1	0.0000249756
Mycobacterium phage Imvubu	2686233	S	1	0	1	0.0000249756
Mycobacterium phage MooMoo	2108127	S	1	0	1	0.0000249756
Propionibacterium virus Stormborn	1982307	S	1	0	1	0.0000249756
Propionibacterium virus PHL070N00	1982279	S	1	0	1	0.0000249756
Propionibacterium virus PHL009M11	1982273	S	1	0	1	0.0000249756
Microbacterium virus Hendrix	2734268	S	1	0	1	0.0000249756
Mycobacterium phage Taquito	1897500	S	1	0	1	0.0000249756
Escherichia virus K1G	1911008	S	1	0	1	0.0000249756
Salmonella virus 9NA	1921123	S	1	0	1	0.0000249756
Enterococcus virus AUEF3	2560417	S	1	0	1	0.0000249756
Arthrobacter virus Galaxy	2560303	S	1	0	1	0.0000249756
Burkholderia virus AH2	2560359	S	1	0	1	0.0000249756
Gordonia virus Bantam	2560484	S	1	0	1	0.0000249756
Salmonella phage TS13	2500149	S	1	0	1	0.0000249756
Bordetella virus CN1	2734287	S	1	0	1	0.0000249756
Escherichia virus N15	40631	S	1	0	1	0.0000249756
Gordonia virus Schnabeltier	2734276	S	1	0	1	0.0000249756
Caulobacter phage Cr30	1357714	S	1	0	1	0.0000249756
Tenacibaculum phage pT24	1880590	S	1	0	1	0.0000249756
Arthrobacter phage Abba	2713256	S	1	0	1	0.0000249756
Pseudomonas phage PPpW-3	1279082	S	1	0	1	0.0000249756
Pseudoalteromonas phage H101	1654919	S	1	0	1	0.0000249756
Prochlorococcus phage P-SSM4	268747	S	1	0	1	0.0000249756
Synechococcus phage S-CRM01	1026955	S	1	0	1	0.0000249756
Aeromonas phage 4_L372XY	2588520	S	1	0	1	0.0000249756
Aeromonas virus Aeh1	227470	S	1	0	1	0.0000249756
Vibrio virus ValKK3	1914021	S	1	0	1	0.0000249756
Salmonella virus S16	1913658	S	1	0	1	0.0000249756
Escherichia virus CVM10	1918726	S	1	0	1	0.0000249756
Serratia virus BF	2560751	S	1	0	1	0.0000249756
Pseudomonas virus pf16	2560689	S	1	0	1	0.0000249756
Pseudomonas virus EL	1984787	S	1	0	1	0.0000249756
Cyanophage P-RSM6	929832	S	1	0	1	0.0000249756
Escherichia virus 121Q	2560436	S	1	0	1	0.0000249756
Bordetella virus PHB04	2734129	S	1	0	1	0.0000249756
Salinivibrio phage CW02	1161935	S	1	0	1	0.0000249756
Xylella phage Paz	1415145	S	1	0	1	0.0000249756
Erwinia phage phiEa100	925983	S	1	0	1	0.0000249756
Escherichia virus K1E	344022	S	1	0	1	0.0000249756
Yersinia virus fHeYen301	2733374	S	1	0	1	0.0000249756
Rhizobium virus RHEph01	2733939	S	1	0	1	0.0000249756
Bacillus phage Eldridge	1776293	S	1	0	1	0.0000249756
Lactobacillus virus LP65	298338	S	1	0	1	0.0000249756
Bacillus virus Camphawk	1986015	S	1	0	1	0.0000249756
Klebsiella virus KpS110	2731623	S	1	0	1	0.0000249756
Murine roseolovirus	1940555	S	1	0	1	0.0000249756
Cynomolgus cytomegalovirus	1919083	S	1	0	1	0.0000249756
Acipenserid herpesvirus 2	320884	S	1	0	1	0.0000249756
Paramecium bursaria Chlorella virus 1	10506	S	1	0	1	0.0000249756
Paramecium bursaria Chlorella virus NY2A	46021	S	1	0	1	0.0000249756
Micromonas pusilla virus 12T	755272	S	1	0	1	0.0000249756
Yellowstone lake phycodnavirus 1	1586713	S	1	0	1	0.0000249756
Aureococcus anophagefferens virus	1474867	S	1	0	1	0.0000249756
Orpheovirus IHUMI-LCC2	2023057	S	1	0	1	0.0000249756
Singapore grouper iridovirus	262968	S	1	0	1	0.0000249756
Invertebrate iridescent virus 31	345199	S	1	0	1	0.0000249756
Brazilian marseillevirus	1813599	S	1	0	1	0.0000249756
Choristoneura biennis entomopoxvirus	10288	S	1	0	1	0.0000249756
Melanoplus sanguinipes entomopoxvirus	83191	S	1	0	1	0.0000249756
Yellowstone Lake virophage 6	1557034	S	1	0	1	0.0000249756
Yellowstone Lake virophage 7	1557035	S	1	0	1	0.0000249756
Spodoptera littoralis nucleopolyhedrovirus	10456	S	1	0	1	0.0000249756
Mythimna unipuncta nucleopolyhedrovirus	447897	S	1	0	1	0.0000249756
Spodoptera litura nucleopolyhedrovirus II	566270	S	1	0	1	0.0000249756
Cryptophlebia leucotreta granulovirus	35254	S	1	0	1	0.0000249756
Pandoravirus neocaledonia	2107708	S	1	0	1	0.0000249756
Pandoravirus quercus	2107709	S	1	0	1	0.0000249756
Imjin thottimvirus	2501369	S	1	0	1	0.0000249756
Aino orthobunyavirus	2560289	S	1	0	1	0.0000249756
Insect inshuvirus	1980541	S	1	0	1	0.0000249756
Varroa destructor virus 1	232800	S	1	0	1	0.0000249756
Human associated porprismacovirus 1	2170113	S	1	0	1	0.0000249756
Cassava mosaic Madagascar virus	1125764	S	1	0	1	0.0000249756
Vicugna pacos polyomavirus 1	2169757	S	1	0	1	0.0000249756
Esparto virus	2072209	S	1	0	1	0.0000249756
Torque teno virus 19	687358	S	1	0	1	0.0000249756
Cotesia congregata bracovirus	39640	S	1	0	1	0.0000249756
Azotobacter vinelandii	354	S	3	-3	0	0.0000000000
Candidatus Moranella endobia	1048758	S	1	-1	0	0.0000000000
Dickeya paradisiaca	69223	S	3	-3	0	0.0000000000
Fluoribacter dumoffii	463	S	3	-3	0	0.0000000000
Afipia carboxidovorans	40137	S	10	-10	0	0.0000000000
Rhodospirillum rubrum	1085	S	4	-4	0	0.0000000000
Tropheryma whipplei	2039	S	1	-1	0	0.0000000000
Acetivibrio thermocellus	1515	S	1	-1	0	0.0000000000
Thermoclostridium stercorarium	1510	S	2	-2	0	0.0000000000
Desulfitobacterium hafniense	49338	S	1	-1	0	0.0000000000
Nodularia spumigena	70799	S	1	-1	0	0.0000000000
Rippkaea orientalis	2546366	S	1	-1	0	0.0000000000
Synechococcus elongatus	32046	S	1	-1	0	0.0000000000
Chloroflexus aurantiacus	1108	S	2	-2	0	0.0000000000
Borrelia anserina	143	S	1	-1	0	0.0000000000
Borreliella valaisiana	62088	S	1	-1	0	0.0000000000
Leptospira biflexa	172	S	2	-2	0	0.0000000000
Methanosarcina siciliae	38027	S	1	-1	0	0.0000000000
