name	taxonomy_id	taxonomy_lvl	kraken_assigned_reads	added_reads	new_est_reads	fraction_total_reads
Cutibacterium acnes	1747	S	1038	70	1108	0.0497351647
Acinetobacter junii	40215	S	288	32	320	0.0143639465
Bacillus cereus	1396	S	160	142	302	0.0135559745
Ralstonia solanacearum	305	S	241	49	290	0.0130173265
Pseudomonas sp. CMR12a	658629	S	247	37	284	0.0127480025
Paenibacillus larvae	1464	S	1	266	267	0.0119849179
Acidovorax sp. KKS102	358220	S	205	60	265	0.0118951432
Escherichia coli	562	S	11	192	203	0.0091121286
Klebsiella pneumoniae	573	S	53	149	202	0.0090672412
Diaphorobacter sp. HDW4A	2714924	S	127	61	188	0.0084388186
Xanthomonas euvesicatoria	456327	S	3	170	173	0.0077655086
Acidovorax sp. JMULE5	2518343	S	143	16	159	0.0071370859
Variovorax paradoxus	34073	S	130	28	158	0.0070921986
Delftia sp. KV29	1170710	S	2	152	154	0.0069126493
Streptomyces lividans	1916	S	20	114	134	0.0060149026
Variovorax boronicumulans	436515	S	89	41	130	0.0058353533
Pseudomonas aeruginosa	287	S	40	89	129	0.0057904659
Acidovorax sp. T1	1858609	S	44	74	118	0.0052967053
Spirosoma sp. KUDC1026	2745947	S	111	4	115	0.0051620433
Flavobacterium sp. M31R6	2739062	S	98	10	108	0.0048478319
Oscillatoria nigro-viridis	482564	S	104	2	106	0.0047580573
Priestia megaterium	1404	S	74	23	97	0.0043540713
Anabaena sp. YBS01	2490939	S	8	82	90	0.0040398600
Rhodococcus erythropolis	1833	S	25	64	89	0.0039949726
Rhodococcus qingshengii	334542	S	18	67	85	0.0038154233
Acinetobacter baumannii	470	S	29	51	80	0.0035909866
Dermacoccus nishinomiyaensis	1274	S	70	9	79	0.0035460993
Kinneretia sp. DAIF2	2714952	S	67	9	76	0.0034114373
Halomonas sp. JS92-SW72	2306583	S	60	14	74	0.0033216626
Roseburia intestinalis	166486	S	63	10	73	0.0032767753
Janthinobacterium sp. HH102	1537274	S	31	37	68	0.0030523386
Stenotrophomonas maltophilia	40324	S	39	29	68	0.0030523386
Acidovorax carolinensis	553814	S	44	20	64	0.0028727893
Variovorax sp. PMC12	2126319	S	2	62	64	0.0028727893
Acidovorax sp. RAC01	1842533	S	49	14	63	0.0028279020
Proteus virus Isfahan	2560650	S	63	0	63	0.0028279020
Pseudomonas fluorescens	294	S	45	16	61	0.0027381273
Lysobacter enzymogenes	69	S	50	9	59	0.0026483526
Rhodoferax koreense	1842727	S	41	16	57	0.0025585780
Comamonas testosteroni	285	S	33	24	57	0.0025585780
Variovorax sp. PAMC 28711	1795631	S	53	3	56	0.0025136906
Variovorax sp. PAMC26660	2762322	S	51	5	56	0.0025136906
Delftia acidovorans	80866	S	23	33	56	0.0025136906
Pasteurella multocida	747	S	43	12	55	0.0024688033
Bacillus thuringiensis	1428	S	9	45	54	0.0024239160
Acidovorax sp. 1608163	2478662	S	48	4	52	0.0023341413
Alicycliphilus denitrificans	179636	S	28	24	52	0.0023341413
Moraxella osloensis	34062	S	51	1	52	0.0023341413
Sorangium cellulosum	56	S	48	4	52	0.0023341413
Staphylococcus aureus	1280	S	19	32	51	0.0022892540
Variovorax sp. WDL1	207745	S	29	20	49	0.0021994793
Sphingomonas melonis	152682	S	24	25	49	0.0021994793
Paenarthrobacter sp. YJN-D	2735317	S	40	8	48	0.0021545920
Variovorax sp. 38R	2774875	S	29	18	47	0.0021097046
Limnohabitans sp. 63ED37-2	1678128	S	44	2	46	0.0020648173
Paucibacter sp. KCTC 42545	1768242	S	41	5	46	0.0020648173
Clostridium botulinum	1491	S	41	5	46	0.0020648173
Rhizobacter gummiphilus	946333	S	39	6	45	0.0020199300
Flavobacterium phage vB_FspS_filifjonk9-1	2686245	S	21	24	45	0.0020199300
Acidovorax avenae	80867	S	32	12	44	0.0019750426
Polynucleobacter difficilis	556054	S	43	1	44	0.0019750426
Bradyrhizobium elkanii	29448	S	3	41	44	0.0019750426
Flavobacterium phage Fpv20	1814283	S	1	43	44	0.0019750426
Diaphorobacter sp. JS3051	2792224	S	3	38	41	0.0018403806
Rhizobacter sp. AJA081-3	2753607	S	34	7	41	0.0018403806
Planktothrix agardhii	1160	S	27	14	41	0.0018403806
Urbifossiella limnaea	2528023	S	39	2	41	0.0018403806
Acidovorax sp. JS42	232721	S	3	37	40	0.0017954933
Achromobacter xylosoxidans	85698	S	21	19	40	0.0017954933
Pseudomonas putida	303	S	26	14	40	0.0017954933
Propionibacterium sp. oral taxon 193	671223	S	36	4	40	0.0017954933
Polaromonas sp. JS666	296591	S	22	17	39	0.0017506060
Rhodococcus sp. 008	1723645	S	8	30	38	0.0017057186
Staphylococcus epidermidis	1282	S	33	5	38	0.0017057186
Roseateles depolymerans	76731	S	33	4	37	0.0016608313
Pedobacter sp. SW-16	2766984	S	32	5	37	0.0016608313
Ottowia oryzae	2109914	S	34	2	36	0.0016159440
Rhodococcus sp. YL-1	1045808	S	9	27	36	0.0016159440
Cloacibacterium normanense	237258	S	32	4	36	0.0016159440
Aquabacterium olei	1296669	S	30	5	35	0.0015710566
Cupriavidus taiwanensis	164546	S	28	6	34	0.0015261693
Janthinobacterium agaricidamnosum	55508	S	17	17	34	0.0015261693
Acaryochloris marina	155978	S	34	0	34	0.0015261693
Variovorax sp. PBL-E5	434014	S	12	21	33	0.0014812820
Diaphorobacter aerolatus	1288495	S	19	14	33	0.0014812820
Curvibacter sp. AEP1-3	1844971	S	33	0	33	0.0014812820
Burkholderia pseudomallei	28450	S	14	19	33	0.0014812820
Nostoc carneum	374162	S	11	22	33	0.0014812820
Hydrogenophaga sp. BPS33	2651974	S	24	8	32	0.0014363946
Comamonas thiooxydans	363952	S	18	13	31	0.0013915073
Rubrivivax gelatinosus	28068	S	26	5	31	0.0013915073
Rhodococcus sp. NJ-530	2490853	S	7	24	31	0.0013915073
Lactococcus lactis	1358	S	24	7	31	0.0013915073
Hydrogenophaga sp. NH-16	2184519	S	14	16	30	0.0013466200
Polaromonas naphthalenivorans	216465	S	28	2	30	0.0013466200
Pseudobacter ginsenosidimutans	661488	S	28	2	30	0.0013466200
Janthinobacterium sp. LM6	1938606	S	23	6	29	0.0013017327
Sphaerotilus natans	34103	S	24	5	29	0.0013017327
Pseudomonas stutzeri	316	S	25	4	29	0.0013017327
Rhodopseudomonas palustris	1076	S	26	3	29	0.0013017327
Flavobacterium psychrophilum	96345	S	27	2	29	0.0013017327
Pedobacter sp. HDW13	2714940	S	27	2	29	0.0013017327
Rhodoferax sp. BAB1	2741720	S	25	3	28	0.0012568453
Mycobacterium intracellulare	1767	S	4	24	28	0.0012568453
Diaphorobacter sp. JS3050	2735554	S	2	25	27	0.0012119580
Hydrogenophaga sp. PBL-H3	434010	S	18	9	27	0.0012119580
Mitsuaria sp. 7	1658665	S	24	3	27	0.0012119580
Sphingopyxis granuli	267128	S	4	23	27	0.0012119580
Microbacterium sp. PM5	2014534	S	23	4	27	0.0012119580
Flavobacterium nackdongense	2547394	S	26	1	27	0.0012119580
Blattabacterium cuenoti	1653831	S	25	2	27	0.0012119580
Variovorax sp. PBS-H4	434008	S	20	6	26	0.0011670707
Hydrogenophaga pseudoflava	47421	S	14	12	26	0.0011670707
Delftia lacustris	558537	S	5	21	26	0.0011670707
Xanthomonas campestris	339	S	26	0	26	0.0011670707
Azospirillum brasilense	192	S	20	6	26	0.0011670707
Calothrix parasitica	1973486	S	26	0	26	0.0011670707
Limnoglobus roseus	2598579	S	26	0	26	0.0011670707
Acidovorax antarcticus	2743470	S	20	5	25	0.0011221833
Delftia tsuruhatensis	180282	S	6	19	25	0.0011221833
Ramlibacter tataouinensis	94132	S	23	2	25	0.0011221833
Bradyrhizobium lablabi	722472	S	14	11	25	0.0011221833
Methylobacterium oryzae	334852	S	2	23	25	0.0011221833
Methylorubrum populi	223967	S	20	5	25	0.0011221833
Microcystis aeruginosa	1126	S	23	2	25	0.0011221833
Variovorax sp. PDNC026	2811425	S	1	23	24	0.0010772960
Rhodoferax sediminis	2509614	S	23	1	24	0.0010772960
Rhodoferax saidenbachensis	1484693	S	22	2	24	0.0010772960
Leptothrix cholodnii	34029	S	20	4	24	0.0010772960
Sphingorhabdus lacus	392610	S	23	1	24	0.0010772960
Flavobacterium johnsoniae	986	S	19	5	24	0.0010772960
Pedobacter roseus	336820	S	20	4	24	0.0010772960
Comamonas kerstersii	225992	S	20	3	23	0.0010324087
Janthinobacterium sp. 1_2014MBL_MicDiv	1644131	S	20	3	23	0.0010324087
Janthinobacterium lividum	29581	S	13	10	23	0.0010324087
Sphingobium yanoikuyae	13690	S	12	11	23	0.0010324087
Roseimicrobium sp. ORNL1	2711231	S	22	1	23	0.0010324087
Rhodoferax sp. AJA081-3	2752316	S	21	1	22	0.0009875213
Comamonas aquatica	225991	S	19	3	22	0.0009875213
Bradyrhizobium icense	1274631	S	21	1	22	0.0009875213
Bradyrhizobium diazoefficiens	1355477	S	14	8	22	0.0009875213
Sphingopyxis macrogoltabida	33050	S	16	6	22	0.0009875213
Variovorax sp. HW608	1034889	S	20	1	21	0.0009426340
Methylibium sp. Pch-M	2082386	S	11	10	21	0.0009426340
Bibersteinia trehalosi	47735	S	1	20	21	0.0009426340
Bosea sp. ANAM02	2020412	S	17	4	21	0.0009426340
Methylorubrum extorquens	408	S	11	10	21	0.0009426340
Kocuria rhizophila	72000	S	15	6	21	0.0009426340
Flavobacterium gilvum	1492737	S	20	1	21	0.0009426340
Flavobacterium phage vB_FspS_tooticki6-1	2686279	S	6	15	21	0.0009426340
Hydrogenophaga sp. RAC07	1842537	S	18	2	20	0.0008977467
Immundisolibacter cernigliae	1810504	S	20	0	20	0.0008977467
Sphingomonas koreensis	93064	S	14	6	20	0.0008977467
Brevundimonas vesicularis	41276	S	7	13	20	0.0008977467
Variovorax sp. RKNM96	2681552	S	16	3	19	0.0008528593
Hydrogenophaga sp. BA0156	2716225	S	15	4	19	0.0008528593
Delftia sp. Cs1-4	742013	S	6	13	19	0.0008528593
Schlegelella thermodepolymerans	215580	S	17	2	19	0.0008528593
Burkholderia ubonensis	101571	S	10	9	19	0.0008528593
Cupriavidus nantongensis	1796606	S	10	9	19	0.0008528593
Janthinobacterium svalbardensis	368607	S	15	4	19	0.0008528593
Buchnera aphidicola	9	S	20	-1	19	0.0008528593
Sphingobium amiense	135719	S	8	11	19	0.0008528593
Curtobacterium flaccumfaciens	2035	S	16	3	19	0.0008528593
Flavobacterium columnare	996	S	17	2	19	0.0008528593
Sphingobacterium multivorum	28454	S	10	9	19	0.0008528593
Cupriavidus necator	106590	S	16	2	18	0.0008079720
Methylibium petroleiphilum	105560	S	10	8	18	0.0008079720
Bradyrhizobium sp.	376	S	6	12	18	0.0008079720
Agrobacterium tumefaciens	358	S	11	7	18	0.0008079720
Tsukamurella tyrosinosolvens	57704	S	16	2	18	0.0008079720
Frigoriglobus tundricola	2774151	S	16	2	18	0.0008079720
Paracoccus yeei	147645	S	7	10	17	0.0007630847
Brevundimonas sp. LVF1	2774189	S	15	2	17	0.0007630847
Flavobacterium sp. I3-2	2748319	S	9	8	17	0.0007630847
Chryseobacterium manosquense	2754694	S	6	11	17	0.0007630847
Kaistella jeonii	266749	S	16	1	17	0.0007630847
Olivibacter sp. LS-1	2592345	S	5	12	17	0.0007630847
Variovorax sp. PAMC28562	2762323	S	16	0	16	0.0007181973
Variovorax sp. RA8	662548	S	11	5	16	0.0007181973
Hydrogenophaga sp. YM1	2806262	S	14	2	16	0.0007181973
Hydrogenophaga sp. PBC	795665	S	12	4	16	0.0007181973
Ottowia sp. 27C	2816950	S	16	0	16	0.0007181973
Janthinobacterium tructae	2590869	S	13	3	16	0.0007181973
Inhella inkyongensis	392593	S	15	1	16	0.0007181973
Pseudomonas chlororaphis	587753	S	12	4	16	0.0007181973
Citrobacter freundii	546	S	8	8	16	0.0007181973
Bradyrhizobium erythrophlei	1437360	S	16	0	16	0.0007181973
Sinorhizobium meliloti	382	S	15	1	16	0.0007181973
Brevundimonas naejangsanensis	588932	S	14	2	16	0.0007181973
Labilithrix luteola	1391654	S	16	0	16	0.0007181973
Streptomyces venezuelae	54571	S	15	1	16	0.0007181973
Staphylococcus capitis	29388	S	14	2	16	0.0007181973
Dolichospermum sp. UHCC 0315A	1914871	S	2	14	16	0.0007181973
Prochlorococcus marinus	1219	S	13	3	16	0.0007181973
Acidovorax ebreus	721785	S	2	13	15	0.0006733100
Melaminivora sp. SC2-9	2109913	S	12	3	15	0.0006733100
Burkholderia cenocepacia	95486	S	7	8	15	0.0006733100
Pseudomonas alcaligenes	43263	S	13	2	15	0.0006733100
Vibrio anguillarum	55601	S	13	2	15	0.0006733100
Bradyrhizobium paxllaeri	190148	S	14	1	15	0.0006733100
Tabrizicola piscis	2494374	S	15	0	15	0.0006733100
Caulobacter vibrioides	155892	S	12	3	15	0.0006733100
Mycolicibacterium boenickei	146017	S	4	11	15	0.0006733100
Micrococcus sp. KBS0714	1179670	S	3	12	15	0.0006733100
Clostridium perfringens	1502	S	15	0	15	0.0006733100
Chryseobacterium sp. SNU WT5	2594269	S	13	2	15	0.0006733100
Epilithonimonas vandammei	2487072	S	7	8	15	0.0006733100
Pedobacter sp. G11	2482728	S	14	1	15	0.0006733100
Pedobacter sp. KBS0701	2578106	S	13	2	15	0.0006733100
Sphingobacterium spiritivorum	258	S	10	5	15	0.0006733100
Lacibacter sp. S13-6-6	2760713	S	15	0	15	0.0006733100
Phocaeicola dorei	357276	S	13	2	15	0.0006733100
Verrucomicrobium spinosum	2736	S	14	1	15	0.0006733100
Rhodoferax sp. PAMC29310	2822760	S	13	1	14	0.0006284227
Comamonas koreensis	160825	S	13	1	14	0.0006284227
Pandoraea pnomenusa	93220	S	10	4	14	0.0006284227
Collimonas arenae	279058	S	13	1	14	0.0006284227
Acinetobacter johnsonii	40214	S	11	3	14	0.0006284227
Rhizobium pusense	648995	S	4	10	14	0.0006284227
Nocardia asteroides	1824	S	12	2	14	0.0006284227
Micrococcus luteus	1270	S	9	5	14	0.0006284227
Pseudonocardia sp. AL041005-10	445576	S	12	2	14	0.0006284227
Calothrix sp. NIES-2098	1954171	S	8	6	14	0.0006284227
Flavobacterium sp. Sr18	935222	S	13	1	14	0.0006284227
Chryseobacterium aureum	2497456	S	12	2	14	0.0006284227
Gemmata massiliana	1210884	S	11	3	14	0.0006284227
Tautonia plasticadhaerens	2527974	S	14	0	14	0.0006284227
Acidovorax monticola	1926868	S	12	1	13	0.0005835353
Diaphorobacter sp. HDW4B	2714925	S	13	0	13	0.0005835353
Comamonas sp. NLF-7-7	2597701	S	11	2	13	0.0005835353
Verminephrobacter eiseniae	364317	S	13	0	13	0.0005835353
Burkholderia vietnamiensis	60552	S	3	10	13	0.0005835353
Cupriavidus basilensis	68895	S	10	3	13	0.0005835353
Janthinobacterium sp. PLB02	2808899	S	6	7	13	0.0005835353
Duganella sp. GN2-R2	2728020	S	12	1	13	0.0005835353
Oryzomicrobium terrae	1735038	S	13	0	13	0.0005835353
Pseudomonas citronellolis	53408	S	9	4	13	0.0005835353
Serratia marcescens	615	S	7	6	13	0.0005835353
Mesorhizobium loti	381	S	4	9	13	0.0005835353
Aminobacter sp. MDW-2	2666139	S	3	10	13	0.0005835353
Gemmobacter sp. HYN0069	2169400	S	12	1	13	0.0005835353
Rhodococcus fascians	1828	S	11	2	13	0.0005835353
Rothia terrae	396015	S	9	4	13	0.0005835353
Flavobacterium anhuiense	459526	S	10	3	13	0.0005835353
Flavobacterium sediminis	2201181	S	8	5	13	0.0005835353
Panacibacter ginsenosidivorans	1813871	S	13	0	13	0.0005835353
Phocaeicola vulgatus	821	S	12	1	13	0.0005835353
Planctomyces sp. SH-PL14	1632864	S	13	0	13	0.0005835353
Opitutus sp. GAS368	1882749	S	12	1	13	0.0005835353
Flavobacterium phage vB_FspS_snork6-1	2686270	S	2	11	13	0.0005835353
Variovorax sp. PBL-H6	434009	S	7	5	12	0.0005386480
Rhodoferax antarcticus	81479	S	12	0	12	0.0005386480
Undibacterium sp. YM2	2058625	S	9	3	12	0.0005386480
Bordetella parapertussis	519	S	3	9	12	0.0005386480
Acinetobacter haemolyticus	29430	S	11	1	12	0.0005386480
Bradyrhizobium sp. BTAi1	288000	S	11	1	12	0.0005386480
Sinorhizobium fredii	380	S	9	3	12	0.0005386480
Sphingomonas hengshuiensis	1609977	S	12	0	12	0.0005386480
Tardibacter chloracetimidivorans	1921510	S	7	5	12	0.0005386480
Gordonia bronchialis	2054	S	11	1	12	0.0005386480
Microbacterium hominis	162426	S	9	3	12	0.0005386480
Actinoplanes teichomyceticus	1867	S	11	1	12	0.0005386480
Enterococcus faecium	1352	S	6	6	12	0.0005386480
Flavobacterium sp. MDT1-60	1979344	S	11	1	12	0.0005386480
Flavobacterium crocinum	2183896	S	10	2	12	0.0005386480
Zunongwangia profunda	398743	S	8	4	12	0.0005386480
Kaistella flava (ex Peng et al. 2021)	2038776	S	11	1	12	0.0005386480
Spirosoma pollinicola	2057025	S	12	0	12	0.0005386480
Runella sp. SP2	2268026	S	12	0	12	0.0005386480
Paraflavitalea soli	2315862	S	12	0	12	0.0005386480
Gemmata sp. SH-PL17	1630693	S	9	3	12	0.0005386480
Lacipirellula limnantheis	2528024	S	11	1	12	0.0005386480
Luteolibacter luteus	2728835	S	12	0	12	0.0005386480
Flavobacterium phage vB_FspS_mymlan6-1	2686266	S	4	8	12	0.0005386480
Acidovorax sp. HDW3	2714923	S	10	1	11	0.0004937607
Diaphorobacter polyhydroxybutyrativorans	1546149	S	2	9	11	0.0004937607
Burkholderia cepacia	292	S	7	4	11	0.0004937607
Achromobacter sp. AONIH1	1758194	S	8	3	11	0.0004937607
Acinetobacter pittii	48296	S	7	4	11	0.0004937607
Enterobacter cloacae	550	S	7	4	11	0.0004937607
Leclercia adecarboxylata	83655	S	2	9	11	0.0004937607
Bradyrhizobium sp. CCBAU 53351	1325114	S	8	3	11	0.0004937607
Methylobacterium mesophilicum	39956	S	11	0	11	0.0004937607
Aminobacter sp. SR38	2774562	S	3	8	11	0.0004937607
Pannonibacter phragmitetus	121719	S	6	5	11	0.0004937607
Sphingopyxis terrae	33052	S	8	3	11	0.0004937607
Novosphingobium sp. ABRDHK2	2571749	S	9	2	11	0.0004937607
Novosphingobium pentaromativorans	205844	S	5	6	11	0.0004937607
Blastomonas sp. RAC04	1842535	S	7	4	11	0.0004937607
Porphyrobacter sp. CACIAM 03H1	2003315	S	9	2	11	0.0004937607
Cereibacter sphaeroides	1063	S	11	0	11	0.0004937607
Confluentimicrobium sp. EMB200-NS6	1609966	S	6	5	11	0.0004937607
Archangium violaceum	83451	S	10	1	11	0.0004937607
Campylobacter jejuni	197	S	3	8	11	0.0004937607
Cutibacterium granulosum	33011	S	11	0	11	0.0004937607
Tsukamurella paurometabola	2061	S	11	0	11	0.0004937607
Staphylococcus haemolyticus	1283	S	10	1	11	0.0004937607
Clostridium sporogenes	1509	S	5	6	11	0.0004937607
Flavobacterium indicum	312277	S	11	0	11	0.0004937607
Flavobacterium sangjuense	2518177	S	11	0	11	0.0004937607
Flavobacterium nitrogenifigens	1617283	S	8	3	11	0.0004937607
Chryseobacterium indologenes	253	S	8	3	11	0.0004937607
Kaistella antarctica	266748	S	10	1	11	0.0004937607
Elizabethkingia bruuniana	1756149	S	4	7	11	0.0004937607
Empedobacter falsenii	343874	S	8	3	11	0.0004937607
Pedobacter suwonensis	332999	S	10	1	11	0.0004937607
Sphingobacterium thalpophilum	259	S	6	5	11	0.0004937607
Haliscomenobacter hydrossis	2350	S	11	0	11	0.0004937607
Gemmata obscuriglobus	114	S	11	0	11	0.0004937607
Aquisphaera giovannonii	406548	S	10	1	11	0.0004937607
Diaphorobacter ruginosibacter	1715720	S	10	0	10	0.0004488733
Rhodoferax ferrireducens	192843	S	10	0	10	0.0004488733
Polaromonas vacuolata	37448	S	9	1	10	0.0004488733
Xylophilus rhododendri	2697032	S	9	1	10	0.0004488733
Azoarcus pumilus	2067960	S	10	0	10	0.0004488733
Enterobacter hormaechei	158836	S	2	8	10	0.0004488733
Proteus mirabilis	584	S	8	2	10	0.0004488733
Xanthomonas arboricola	56448	S	5	5	10	0.0004488733
Bradyrhizobium sp. CCBAU 53338	1325111	S	8	2	10	0.0004488733
Tardiphaga robiniae	943830	S	10	0	10	0.0004488733
Methylobacterium sp. 17Sr1-43	2202828	S	10	0	10	0.0004488733
Sphingomonas panacisoli	1813879	S	10	0	10	0.0004488733
Sphingorhabdus sp. SMR4y	2584094	S	9	1	10	0.0004488733
Defluviimonas alba	1335048	S	8	2	10	0.0004488733
Sandaracinus amylolyticus	927083	S	10	0	10	0.0004488733
Mycobacteroides chelonae	1774	S	6	4	10	0.0004488733
Corynebacterium terpenotabidum	89154	S	9	1	10	0.0004488733
Leifsonia xyli	1575	S	10	0	10	0.0004488733
Arthrobacter sp. ZXY-2	1806905	S	1	9	10	0.0004488733
Kocuria palustris	71999	S	9	1	10	0.0004488733
Candidatus Planktophila sulfonica	1884904	S	10	0	10	0.0004488733
Streptococcus thermophilus	1308	S	9	1	10	0.0004488733
Flavobacterium sp. CLA17	2724135	S	9	1	10	0.0004488733
Flavobacterium sp. KBS0721	1179672	S	8	2	10	0.0004488733
Flavobacterium branchiophilum	55197	S	10	0	10	0.0004488733
Flavobacterium commune	1306519	S	10	0	10	0.0004488733
Flavobacterium haoranii	683124	S	9	1	10	0.0004488733
Myroides odoratimimus	76832	S	4	6	10	0.0004488733
Chryseobacterium joostei	112234	S	7	3	10	0.0004488733
Marivirga tractuosa	1006	S	8	2	10	0.0004488733
Pedobacter cryoconitis	188932	S	10	0	10	0.0004488733
Chitinophaga pinensis	79329	S	9	1	10	0.0004488733
Arachidicoccus ginsenosidivorans	496057	S	9	1	10	0.0004488733
Flavisolibacter tropicus	1492898	S	9	1	10	0.0004488733
Gimesia panareensis	2527978	S	10	0	10	0.0004488733
Maioricimonas rarisocia	2528026	S	10	0	10	0.0004488733
Luteitalea pratensis	1855912	S	10	0	10	0.0004488733
Comamonas piscis	1562974	S	9	0	9	0.0004039860
Burkholderia contaminans	488447	S	7	2	9	0.0004039860
Burkholderia gladioli	28095	S	9	0	9	0.0004039860
Cupriavidus pinatubonensis	248026	S	7	2	9	0.0004039860
Polynucleobacter necessarius	576610	S	9	0	9	0.0004039860
Massilia sp. WG5	1707785	S	7	2	9	0.0004039860
Massilia violaceinigra	2045208	S	8	1	9	0.0004039860
Collimonas fungivorans	158899	S	8	1	9	0.0004039860
Undibacterium sp. KW1	2058624	S	7	2	9	0.0004039860
Orrella dioscoreae	1851544	S	8	1	9	0.0004039860
Rugosibacter aromaticivorans	1565605	S	9	0	9	0.0004039860
Denitratisoma sp. DHT3	1981880	S	7	2	9	0.0004039860
Pseudomonas syringae	317	S	6	3	9	0.0004039860
Enterobacter sp. RHBSTW-00422	2742646	S	1	8	9	0.0004039860
Salmonella enterica	28901	S	5	4	9	0.0004039860
Stenotrophomonas sp. CW117	2775920	S	1	8	9	0.0004039860
Haemophilus parainfluenzae	729	S	9	0	9	0.0004039860
Bradyrhizobium sp. CCBAU 051011	858422	S	9	0	9	0.0004039860
Bradyrhizobium sp. ORS 285	115808	S	8	1	9	0.0004039860
Bradyrhizobium sp. CCBAU 51753	1325100	S	8	1	9	0.0004039860
Bradyrhizobium sp. SK17	2057741	S	7	2	9	0.0004039860
Bosea sp. RAC05	1842539	S	8	1	9	0.0004039860
Rhizobium etli	29449	S	7	2	9	0.0004039860
Rhizobium leguminosarum	384	S	6	3	9	0.0004039860
Methylobacterium sp. 17Sr1-1	2202826	S	8	1	9	0.0004039860
Mesorhizobium sp. Pch-S	2082387	S	9	0	9	0.0004039860
Mesorhizobium sp. L-8-3	2744522	S	3	6	9	0.0004039860
Sphingomonas wittichii	160791	S	7	2	9	0.0004039860
Sphingopyxis fribergensis	1515612	S	7	2	9	0.0004039860
Phaeobacter piscinae	1580596	S	4	5	9	0.0004039860
Brevundimonas sp. DS20	1532555	S	3	6	9	0.0004039860
Caulobacter soli	2708539	S	8	1	9	0.0004039860
Myxococcus xanthus	34	S	7	2	9	0.0004039860
Anaeromyxobacter sp. K	447217	S	1	8	9	0.0004039860
Haliangium ochraceum	80816	S	9	0	9	0.0004039860
Malaciobacter halophilus	197482	S	8	1	9	0.0004039860
Cutibacterium avidum	33010	S	9	0	9	0.0004039860
Rhodococcus sp. BH4	1807790	S	2	7	9	0.0004039860
Corynebacterium xerosis	1725	S	8	1	9	0.0004039860
Corynebacterium amycolatum	43765	S	1	8	9	0.0004039860
Microbacterium aurum	36805	S	7	2	9	0.0004039860
Humibacter sp. BT305	2282656	S	2	7	9	0.0004039860
Micromonospora sp. WMMA2032	2039870	S	7	2	9	0.0004039860
Pseudonocardia dioxanivorans	240495	S	9	0	9	0.0004039860
Ilumatobacter coccineus	467094	S	9	0	9	0.0004039860
Limosilactobacillus fermentum	1613	S	6	3	9	0.0004039860
Paucilactobacillus hokkaidonensis	1193095	S	8	1	9	0.0004039860
Enterococcus faecalis	1351	S	8	1	9	0.0004039860
Nostoc sp. CENA543	1869241	S	9	0	9	0.0004039860
Flavobacterium crassostreae	1763534	S	8	1	9	0.0004039860
Myroides phaeus	702745	S	7	2	9	0.0004039860
Psychroserpens sp. NJDZ02	2570561	S	5	4	9	0.0004039860
Chryseobacterium sp. G0162	2487063	S	4	5	9	0.0004039860
Chryseobacterium balustinum	246	S	7	2	9	0.0004039860
Elizabethkingia meningoseptica	238	S	9	0	9	0.0004039860
Cytophaga hutchinsonii	985	S	9	0	9	0.0004039860
Pedobacter sp. PACM 27299	1727164	S	9	0	9	0.0004039860
Pedobacter sp. JBR3-12	2789740	S	9	0	9	0.0004039860
Mucilaginibacter rubeus	2027860	S	2	7	9	0.0004039860
Solitalea canadensis	995	S	9	0	9	0.0004039860
Gemmatirosa kalamazoonesis	861299	S	9	0	9	0.0004039860
Fusobacterium nucleatum	851	S	7	2	9	0.0004039860
Fusobacterium periodonticum	860	S	3	6	9	0.0004039860
Ottowia sp. oral taxon 894	1658672	S	8	0	8	0.0003590987
Ralstonia pickettii	329	S	7	1	8	0.0003590987
Ralstonia insidiosa	190721	S	7	1	8	0.0003590987
Burkholderia thailandensis	57975	S	7	1	8	0.0003590987
Cupriavidus metallidurans	119219	S	6	2	8	0.0003590987
Collimonas pratensis	279113	S	7	1	8	0.0003590987
Bordetella hinzii	103855	S	7	1	8	0.0003590987
Usitatibacter palustris	2732487	S	8	0	8	0.0003590987
Xanthomonas oryzae	347	S	8	0	8	0.0003590987
Shewanella putrefaciens	24	S	4	4	8	0.0003590987
Candidatus Thiodictyon syntrophicum	1166950	S	8	0	8	0.0003590987
Bradyrhizobium ottawaense	931866	S	2	6	8	0.0003590987
Bosea sp. Tri-49	1867715	S	7	1	8	0.0003590987
Shinella sp. HZN7	879274	S	5	3	8	0.0003590987
Methylobacterium durans	2202825	S	8	0	8	0.0003590987
Aureimonas sp. AU20	1349819	S	8	0	8	0.0003590987
Sphingomonas sp. FARSPH	2219696	S	6	2	8	0.0003590987
Sphingomonas alpina	653931	S	8	0	8	0.0003590987
Sphingomonas sanxanigenens	397260	S	6	2	8	0.0003590987
Sphingopyxis sp. QXT-31	1357916	S	7	1	8	0.0003590987
Sphingopyxis sp. EG6	1874061	S	6	2	8	0.0003590987
Sphingobium sp. TKS	1315974	S	4	4	8	0.0003590987
Sphingobium fuliginis	336203	S	3	5	8	0.0003590987
Blastomonas fulva	1550728	S	4	4	8	0.0003590987
Erythrobacter litoralis	39960	S	6	2	8	0.0003590987
Altererythrobacter epoxidivorans	361183	S	7	1	8	0.0003590987
Paracoccus suum	2259340	S	7	1	8	0.0003590987
Rhodobacter blasticus	1075	S	8	0	8	0.0003590987
Brevundimonas sp. LM2	1938605	S	8	0	8	0.0003590987
Brevundimonas mediterranea	74329	S	7	1	8	0.0003590987
Skermanella sp. TT6	2775420	S	4	4	8	0.0003590987
Minicystis rosea	888845	S	8	0	8	0.0003590987
Archangium gephyra	48	S	7	1	8	0.0003590987
Aliarcobacter cryaerophilus	28198	S	6	2	8	0.0003590987
Microlunatus sagamiharensis	546874	S	8	0	8	0.0003590987
Mycobacteroides abscessus	36809	S	8	0	8	0.0003590987
Corynebacterium tuberculostearicum	38304	S	6	2	8	0.0003590987
Corynebacterium jeikeium	38289	S	3	5	8	0.0003590987
Dietzia sp. oral taxon 368	712270	S	7	1	8	0.0003590987
Microbacterium lemovicicum	1072463	S	7	1	8	0.0003590987
Paenarthrobacter ureafaciens	37931	S	4	4	8	0.0003590987
Glutamicibacter arilaitensis	256701	S	7	1	8	0.0003590987
Streptomyces sp. SYP-A7193	2662065	S	6	2	8	0.0003590987
Streptomyces cattleya	29303	S	8	0	8	0.0003590987
Micromonospora echinofusca	47858	S	7	1	8	0.0003590987
Micromonospora narathiwatensis	299146	S	7	1	8	0.0003590987
Actinoplanes sp. N902-109	649831	S	8	0	8	0.0003590987
Amycolatopsis sp. YIM 10	2653857	S	7	1	8	0.0003590987
Amycolatopsis mediterranei	33910	S	8	0	8	0.0003590987
Gardnerella vaginalis	2702	S	7	1	8	0.0003590987
Streptococcus mitis	28037	S	6	2	8	0.0003590987
Lactococcus cremoris	1359	S	7	1	8	0.0003590987
Enterococcus cecorum	44008	S	7	1	8	0.0003590987
Clostridium intestinale	36845	S	8	0	8	0.0003590987
Clostridium beijerinckii	1520	S	6	2	8	0.0003590987
Clostridioides difficile	1496	S	7	1	8	0.0003590987
Nostoc sp. NIES-4103	2005458	S	8	0	8	0.0003590987
Rivularia sp. PCC 7116	373994	S	8	0	8	0.0003590987
Microchaete diplosiphon	1197	S	3	5	8	0.0003590987
Planktothrix rubescens	59512	S	6	2	8	0.0003590987
Flavobacterium faecale	1355330	S	8	0	8	0.0003590987
Tenacibaculum sp. DSM 106434	2358479	S	7	1	8	0.0003590987
Flammeovirga sp. MY04	1191459	S	8	0	8	0.0003590987
Pedobacter ginsengisoli	363852	S	8	0	8	0.0003590987
Sphingobacterium sp. UDSM-2020	2795738	S	7	1	8	0.0003590987
Paludibacter propionicigenes	185300	S	8	0	8	0.0003590987
Coprobacter sp. 2CBH44	2751153	S	7	1	8	0.0003590987
Lignipirellula cremea	2528010	S	7	1	8	0.0003590987
Opitutus terrae	107709	S	8	0	8	0.0003590987
Kiritimatiella glycovorans	1307763	S	4	4	8	0.0003590987
Human betaherpesvirus 7	10372	S	8	0	8	0.0003590987
Variovorax sp. SRS16	282217	S	3	4	7	0.0003142113
Hydrogenophaga sp. PAMC20947	2565558	S	7	0	7	0.0003142113
Hydrogenophaga crassostreae	1763535	S	7	0	7	0.0003142113
Limnohabitans sp. 103DPR2	1678129	S	7	0	7	0.0003142113
Cupriavidus malaysiensis	367825	S	2	5	7	0.0003142113
Paraburkholderia sp. Msb3	2604047	S	5	2	7	0.0003142113
Paraburkholderia aromaticivorans	2026199	S	6	1	7	0.0003142113
Massilia albidiflava	321983	S	6	1	7	0.0003142113
Massilia putida	1141883	S	6	1	7	0.0003142113
Herbaspirillum seropedicae	964	S	6	1	7	0.0003142113
Herbaspirillum frisingense	92645	S	6	1	7	0.0003142113
Noviherbaspirillum sp. UKPF54	2601898	S	7	0	7	0.0003142113
Bordetella bronchiseptica	518	S	3	4	7	0.0003142113
Azoarcus sp. M9-3-2	2016596	S	7	0	7	0.0003142113
Azoarcus sp. CIB	198107	S	5	2	7	0.0003142113
Azospira oryzae	146939	S	2	5	7	0.0003142113
Vitreoscilla filiformis	63	S	7	0	7	0.0003142113
Pseudomonas veronii	76761	S	3	4	7	0.0003142113
Pseudomonas koreensis	198620	S	6	1	7	0.0003142113
Azotobacter chroococcum	353	S	6	1	7	0.0003142113
Acinetobacter venetianus	52133	S	7	0	7	0.0003142113
Acinetobacter ursingii	108980	S	6	1	7	0.0003142113
Dokdonella koreensis	323415	S	7	0	7	0.0003142113
Aeromonas veronii	654	S	6	1	7	0.0003142113
Bradyrhizobium sp. CCBAU 53421	1325120	S	6	1	7	0.0003142113
Bradyrhizobium sp. CCBAU 51765	1325102	S	6	1	7	0.0003142113
Bradyrhizobium canariense	255045	S	7	0	7	0.0003142113
Bosea vaviloviae	1526658	S	6	1	7	0.0003142113
Rhizobium bangladeshense	1138189	S	7	0	7	0.0003142113
Ensifer adhaerens	106592	S	7	0	7	0.0003142113
Methylobacterium nodulans	114616	S	7	0	7	0.0003142113
Mesorhizobium ciceri	39645	S	3	4	7	0.0003142113
Devosia sp. A16	1736675	S	7	0	7	0.0003142113
Sphingomonas sp. LM7	1938607	S	7	0	7	0.0003142113
Sphingomonas sp. CL5.1	2653203	S	6	1	7	0.0003142113
Sphingomonas sp. HMP9	1517554	S	6	1	7	0.0003142113
Sphingomonas sp. IC081	304378	S	2	5	7	0.0003142113
Sphingomonas panacis	1560345	S	7	0	7	0.0003142113
Sphingopyxis sp. PAMC25046	2565556	S	5	2	7	0.0003142113
Sphingopyxis lindanitolerans	2054227	S	6	1	7	0.0003142113
Sphingobium sp. LF-16	2185111	S	1	6	7	0.0003142113
Sphingobium cloacae	120107	S	3	4	7	0.0003142113
Novosphingobium sp. ES2-1	2780074	S	6	1	7	0.0003142113
Paracoccus denitrificans	266	S	6	1	7	0.0003142113
Pseudohalocynthiibacter aestuariivivens	1591409	S	6	1	7	0.0003142113
Marinovum algicola	42444	S	5	2	7	0.0003142113
Caulobacter sp. FWC26	69665	S	6	1	7	0.0003142113
Caulobacter rhizosphaerae	2010972	S	6	1	7	0.0003142113
Asticcacaulis excentricus	78587	S	7	0	7	0.0003142113
Phreatobacter stygius	1940610	S	7	0	7	0.0003142113
Hyphomonas sp. CACIAM 19H1	1873716	S	7	0	7	0.0003142113
Cystobacter fuscus	43	S	6	1	7	0.0003142113
Persicimonas caeni	2292766	S	7	0	7	0.0003142113
Nocardioides sp. HDW12B	2714939	S	7	0	7	0.0003142113
Nocardioides ungokensis	1643322	S	7	0	7	0.0003142113
Rhodococcus sp. AQ5-07	2054902	S	2	5	7	0.0003142113
Rhodococcus imtechensis	262776	S	2	5	7	0.0003142113
Nocardia brasiliensis	37326	S	7	0	7	0.0003142113
Nocardia mangyaensis	2213200	S	7	0	7	0.0003142113
Corynebacterium kefirresidentii	1979527	S	5	2	7	0.0003142113
Corynebacterium casei	160386	S	4	3	7	0.0003142113
Microbacterium sp. No. 7	1714373	S	6	1	7	0.0003142113
Microbacterium sp. Nx66	2766784	S	3	4	7	0.0003142113
Agromyces sp. G127AT	2781962	S	6	1	7	0.0003142113
Arthrobacter alpinus	656366	S	7	0	7	0.0003142113
Brevibacterium sp. PAMC23299	2762330	S	1	6	7	0.0003142113
Streptomyces sp. SN-593	659352	S	7	0	7	0.0003142113
Streptomyces griseorubiginosus	67304	S	7	0	7	0.0003142113
Streptomyces tsukubensis	83656	S	7	0	7	0.0003142113
Micromonospora sp. B006	2201999	S	5	2	7	0.0003142113
Micromonospora chokoriensis	356851	S	6	1	7	0.0003142113
Amycolatopsis sp. AA4	1896961	S	7	0	7	0.0003142113
Pseudonocardia sp. HH130630-07	1690815	S	5	2	7	0.0003142113
Actinomadura sp. WMMA1423	2591108	S	7	0	7	0.0003142113
Catenulispora acidiphila	304895	S	7	0	7	0.0003142113
Actinomarinicola tropica	2789776	S	7	0	7	0.0003142113
Staphylococcus succinus	61015	S	7	0	7	0.0003142113
Staphylococcus cohnii	29382	S	6	1	7	0.0003142113
Staphylococcus equorum	246432	S	4	3	7	0.0003142113
Brevibacillus laterosporus	1465	S	3	4	7	0.0003142113
Faecalibacterium prausnitzii	853	S	6	1	7	0.0003142113
Calothrix sp. PCC 7507	99598	S	6	1	7	0.0003142113
Candidatus Promineofilum breve	1806508	S	7	0	7	0.0003142113
Aquimarina sp. AD1	1714848	S	7	0	7	0.0003142113
Chryseobacterium sp. 3008163	2478663	S	6	1	7	0.0003142113
Chryseobacterium sp. NEB161	2724619	S	4	3	7	0.0003142113
Chryseobacterium bernardetii	1241978	S	3	4	7	0.0003142113
Apibacter sp. B3706	2656760	S	1	6	7	0.0003142113
Hymenobacter sp. HDW8	2714932	S	2	5	7	0.0003142113
Sphingobacterium sp. ML3W	1538644	S	6	1	7	0.0003142113
Sphingobacterium hotanense	649196	S	6	1	7	0.0003142113
Chitinophaga sp. 1303	2725414	S	1	6	7	0.0003142113
Arachidicoccus sp. B3-10	2545455	S	7	0	7	0.0003142113
Filimonas lacunae	477680	S	7	0	7	0.0003142113
Bacteroides eggerthii	28111	S	6	1	7	0.0003142113
Bacteroides fragilis	817	S	4	3	7	0.0003142113
Gemmatimonas sp. TET16	2732249	S	7	0	7	0.0003142113
Planctomyces sp. SH-PL62	1636152	S	5	2	7	0.0003142113
Lacipirellula parvula	2650471	S	7	0	7	0.0003142113
Hylemonella gracilis	80880	S	6	0	6	0.0002693240
Burkholderia sp. PAMC 26561	1795043	S	3	3	6	0.0002693240
Burkholderia plantarii	41899	S	6	0	6	0.0002693240
Cupriavidus oxalaticus	96344	S	5	1	6	0.0002693240
Pandoraea apista	93218	S	4	2	6	0.0002693240
Massilia sp. CCM 8941	2765360	S	5	1	6	0.0002693240
Massilia oculi	945844	S	6	0	6	0.0002693240
Herbaspirillum hiltneri	341045	S	6	0	6	0.0002693240
Herbaspirillum huttiense	863372	S	5	1	6	0.0002693240
Achromobacter sp. B7	2282475	S	6	0	6	0.0002693240
Alcaligenes faecalis	511	S	5	1	6	0.0002693240
Azoarcus sp. DD4	2027405	S	5	1	6	0.0002693240
Thauera sp. K11	2005884	S	5	1	6	0.0002693240
Sulfuritalea hydrogenivorans	748811	S	6	0	6	0.0002693240
Nitrosomonas sp. Is79A3	261292	S	6	0	6	0.0002693240
Pseudomonas sp. JY-Q	1338689	S	1	5	6	0.0002693240
Pseudomonas mendocina	300	S	6	0	6	0.0002693240
Pseudomonas oryzihabitans	47885	S	6	0	6	0.0002693240
Pseudomonas monteilii	76759	S	4	2	6	0.0002693240
Pseudomonas cichorii	36746	S	6	0	6	0.0002693240
Pseudomonas guangdongensis	1245526	S	6	0	6	0.0002693240
Acinetobacter calcoaceticus	471	S	6	0	6	0.0002693240
Acinetobacter sp. MYb10	1827285	S	6	0	6	0.0002693240
Acinetobacter guillouiae	106649	S	6	0	6	0.0002693240
Acinetobacter indicus	756892	S	5	1	6	0.0002693240
Acinetobacter towneri	202956	S	4	2	6	0.0002693240
Acinetobacter lwoffii	28090	S	4	2	6	0.0002693240
Psychrobacter sp. DAB_AL43B	1028416	S	6	0	6	0.0002693240
Psychrobacter sp.	56811	S	5	1	6	0.0002693240
Pantoea sp. PSNIH1	1484158	S	4	2	6	0.0002693240
Proteus vulgaris	585	S	3	3	6	0.0002693240
Providencia sp. 2.29	2791982	S	1	5	6	0.0002693240
Morganella morganii	582	S	6	0	6	0.0002693240
Xanthomonas sp. GW	2724121	S	4	2	6	0.0002693240
Pseudoxanthomonas suwonensis	314722	S	6	0	6	0.0002693240
Rhodanobacter glycinis	582702	S	6	0	6	0.0002693240
Halomonas sp. THAF5a	2587844	S	6	0	6	0.0002693240
Alcanivorax sp. N3-2A	2014542	S	5	1	6	0.0002693240
Vibrio parahaemolyticus	670	S	6	0	6	0.0002693240
Aeromonas sp. ASNIH2	1636607	S	1	5	6	0.0002693240
Kineobactrum salinum	2708301	S	6	0	6	0.0002693240
Bradyrhizobium sp. 6(2017)	1197460	S	6	0	6	0.0002693240
Bradyrhizobium sp. PSBB068	2715960	S	5	1	6	0.0002693240
Bradyrhizobium zhanjiangense	1325107	S	6	0	6	0.0002693240
Bosea sp. F3-2	2599640	S	5	1	6	0.0002693240
Afipia sp. GAS231	1882747	S	4	2	6	0.0002693240
Variibacter gotjawalensis	1333996	S	6	0	6	0.0002693240
Rhizobium phaseoli	396	S	3	3	6	0.0002693240
Agrobacterium rhizogenes	359	S	3	3	6	0.0002693240
Methylobacterium sp. WL1	2603276	S	6	0	6	0.0002693240
Methylobacterium sp. DM1	2067957	S	3	3	6	0.0002693240
Methylobacterium brachiatum	269660	S	5	1	6	0.0002693240
Methylobacterium aquaticum	270351	S	5	1	6	0.0002693240
Microvirga thermotolerans	2651334	S	6	0	6	0.0002693240
Mesorhizobium sp. N3	675281	S	6	0	6	0.0002693240
Rhodoplanes sp. Z2-YC6860	674703	S	6	0	6	0.0002693240
Pseudolabrys taiwanensis	331696	S	6	0	6	0.0002693240
Xanthobacter sp. YN2	2528964	S	6	0	6	0.0002693240
Aureimonas populi	1701758	S	6	0	6	0.0002693240
Sphingomonas sp. DH-S5	2759526	S	6	0	6	0.0002693240
Sphingomonas sp. MK52	2711156	S	6	0	6	0.0002693240
Sphingomonas sp. C33	2698679	S	6	0	6	0.0002693240
Sphingomonas sp. NBWT7	2596913	S	6	0	6	0.0002693240
Sphingomonas sp. KC8	1030157	S	5	1	6	0.0002693240
Sphingomonas sp. MM-1	745310	S	3	3	6	0.0002693240
Sphingomonas lutea	1045317	S	6	0	6	0.0002693240
Sphingopyxis sp. OPL5	2486273	S	6	0	6	0.0002693240
Sphingopyxis sp. 113P3	292913	S	5	1	6	0.0002693240
Sphingobium sp. RAC03	1843368	S	6	0	6	0.0002693240
Sphingobium sp. CAP-1	2676077	S	4	2	6	0.0002693240
Novosphingobium aromaticivorans	48935	S	5	1	6	0.0002693240
Erythrobacter sp. THAF29	2587851	S	5	1	6	0.0002693240
Altererythrobacter sp. BO-6	2604537	S	6	0	6	0.0002693240
Qipengyuania flava	192812	S	4	2	6	0.0002693240
Sphingosinicella sp. BN140058	1892855	S	6	0	6	0.0002693240
Paracoccus pantotrophus	82367	S	5	1	6	0.0002693240
Rhodobaca barguzinensis	441209	S	6	0	6	0.0002693240
Brevundimonas sp. GW460-12-10-14-LB2	1827469	S	3	3	6	0.0002693240
Brevundimonas sp. Bb-A	2560058	S	2	4	6	0.0002693240
Phenylobacterium zucineum	284016	S	6	0	6	0.0002693240
Magnetospirillum sp. XM-1	1663591	S	5	1	6	0.0002693240
Magnetospirillum magneticum	84159	S	5	1	6	0.0002693240
Stella humosa	94	S	6	0	6	0.0002693240
Ehrlichia ruminantium	779	S	6	0	6	0.0002693240
Marinicauda algicola	2029849	S	6	0	6	0.0002693240
Myxococcus hansupus	1297742	S	5	1	6	0.0002693240
Corallococcus coralloides	184914	S	6	0	6	0.0002693240
Desulfovibrio sp. 86	2666132	S	5	1	6	0.0002693240
Desulfovibrio carbinoliphilus	345370	S	6	0	6	0.0002693240
Desulfarculus baarsii	453230	S	5	1	6	0.0002693240
Helicobacter pylori	210	S	6	0	6	0.0002693240
Rhodococcus coprophilus	38310	S	6	0	6	0.0002693240
Nocardia nova	37330	S	6	0	6	0.0002693240
Mycolicibacterium sediminis	1286180	S	6	0	6	0.0002693240
Mycobacteroides immunogenum	83262	S	6	0	6	0.0002693240
Corynebacterium matruchotii	43768	S	6	0	6	0.0002693240
Gordonia iterans	1004901	S	6	0	6	0.0002693240
Gordonia terrae	2055	S	4	2	6	0.0002693240
Microbacterium sp. CGR1	1696072	S	1	5	6	0.0002693240
Rathayibacter festucae	110937	S	5	1	6	0.0002693240
Leifsonia sp. 21MFCrub1.1	1798223	S	5	1	6	0.0002693240
Protaetiibacter sp. SSC-01	2759943	S	6	0	6	0.0002693240
Rhodoluna limnophila	232537	S	6	0	6	0.0002693240
Herbiconiux sp. SALV-R1	2735133	S	6	0	6	0.0002693240
Streptomyces sp. TLI_053	1855352	S	6	0	6	0.0002693240
Streptomyces sp. CLI2509	1984801	S	1	5	6	0.0002693240
Streptomyces fagopyri	2662397	S	6	0	6	0.0002693240
Streptomyces vietnamensis	362257	S	6	0	6	0.0002693240
Streptomyces lunaelactis	1535768	S	6	0	6	0.0002693240
Streptomyces hygroscopicus	1912	S	5	1	6	0.0002693240
Streptomyces viridifaciens	48665	S	2	4	6	0.0002693240
Streptacidiphilus sp. PB12-B1b	2705012	S	6	0	6	0.0002693240
Micromonospora sp. 28ISP2-46	2749844	S	5	1	6	0.0002693240
Micromonospora echinaurantiaca	47857	S	5	1	6	0.0002693240
Actinoplanes missouriensis	1866	S	6	0	6	0.0002693240
Amycolatopsis sp. Hca4	2742131	S	5	1	6	0.0002693240
Saccharothrix sp. 6-C	2781735	S	6	0	6	0.0002693240
Actinomadura verrucosospora	46165	S	5	1	6	0.0002693240
Bacillus vini	1476025	S	6	0	6	0.0002693240
Staphylococcus saprophyticus	29385	S	6	0	6	0.0002693240
Staphylococcus hominis	1290	S	6	0	6	0.0002693240
Brevibacillus brevis	1393	S	6	0	6	0.0002693240
Streptococcus gordonii	1302	S	6	0	6	0.0002693240
Lactococcus garvieae	1363	S	5	1	6	0.0002693240
Clostridium saccharoperbutylacetonicum	36745	S	6	0	6	0.0002693240
Clostridium novyi	1542	S	6	0	6	0.0002693240
Romboutsia ilealis	1115758	S	6	0	6	0.0002693240
Finegoldia magna	1260	S	5	1	6	0.0002693240
Nostoc sp. PCC 7524	28072	S	6	0	6	0.0002693240
Fischerella sp. NIES-4106	2005456	S	6	0	6	0.0002693240
Gloeothece citriformis	2546356	S	6	0	6	0.0002693240
Flavobacterium sp. HYN0086	2249356	S	5	1	6	0.0002693240
Flavobacterium sp. SLB02	2665645	S	5	1	6	0.0002693240
Polaribacter sp. Hel1_33_78	1336804	S	6	0	6	0.0002693240
Polaribacter sp. G4M1	2808900	S	6	0	6	0.0002693240
Capnocytophaga gingivalis	1017	S	6	0	6	0.0002693240
Winogradskyella sediminis	1382466	S	6	0	6	0.0002693240
Lacinutrix venerupis	1486034	S	5	1	6	0.0002693240
Cellulophaga sp. L1A9	2686362	S	5	1	6	0.0002693240
Salegentibacter salegens	143223	S	6	0	6	0.0002693240
Salegentibacter sp. T436	1729720	S	4	2	6	0.0002693240
Maribacter sp. T28	1836467	S	5	1	6	0.0002693240
Chryseobacterium sp. StRB126	878220	S	5	1	6	0.0002693240
Chryseobacterium glaciei	1685010	S	5	1	6	0.0002693240
Chryseobacterium gleum	250	S	3	3	6	0.0002693240
Empedobacter brevis	247	S	5	1	6	0.0002693240
Spirosoma sp. KCTC 42546	2520506	S	6	0	6	0.0002693240
Aquirufa nivalisilvae	2516557	S	6	0	6	0.0002693240
Hymenobacter sp. APR13	1356852	S	4	2	6	0.0002693240
Hymenobacter sedentarius	1411621	S	6	0	6	0.0002693240
Flammeovirga pectinis	2494373	S	6	0	6	0.0002693240
Pedobacter sp. CJ43	2605747	S	6	0	6	0.0002693240
Mucilaginibacter ginsenosidivorax	862126	S	6	0	6	0.0002693240
Niastella koreensis	354356	S	6	0	6	0.0002693240
Petrimonas mucosa	1642646	S	6	0	6	0.0002693240
Chlorobium phaeobacteroides	1096	S	6	0	6	0.0002693240
Crateriforma conspicua	2527996	S	5	1	6	0.0002693240
Anatilimnocola aggregata	2528021	S	6	0	6	0.0002693240
Singulisphaera acidiphila	466153	S	5	1	6	0.0002693240
Humisphaera borealis	2807512	S	6	0	6	0.0002693240
Halosimplex litoreum	1198301	S	6	0	6	0.0002693240
Methanococcus maripaludis	39152	S	4	2	6	0.0002693240
Comamonas serinivorans	1082851	S	5	0	5	0.0002244367
Burkholderia latens	488446	S	2	3	5	0.0002244367
Burkholderia sp. KK1	1855726	S	2	3	5	0.0002244367
Paraburkholderia phymatum	148447	S	5	0	5	0.0002244367
Paraburkholderia acidophila	265293	S	3	2	5	0.0002244367
Pandoraea sp. XY-2	2518599	S	4	1	5	0.0002244367
Caballeronia sp. M1242	2814653	S	3	2	5	0.0002244367
Massilia sp. NR 4-1	1678028	S	5	0	5	0.0002244367
Herbaspirillum robiniae	2014887	S	5	0	5	0.0002244367
Herbaspirillum rubrisubalbicans	80842	S	4	1	5	0.0002244367
Duganella sp. AF9R3	2728021	S	5	0	5	0.0002244367
Methylibium sp. T29	1430884	S	1	4	5	0.0002244367
Thiomonas arsenitoxydans	426114	S	1	4	5	0.0002244367
Bordetella avium	521	S	5	0	5	0.0002244367
Bordetella genomosp. 9	1416803	S	5	0	5	0.0002244367
Thauera humireducens	1134435	S	5	0	5	0.0002244367
Azospira restricta	404405	S	5	0	5	0.0002244367
Aromatoleum aromaticum	551760	S	4	1	5	0.0002244367
Dechloromonas sp. TW-R-39-2	2654218	S	5	0	5	0.0002244367
Chromobacterium vaccinii	1108595	S	5	0	5	0.0002244367
Chromobacterium violaceum	536	S	4	1	5	0.0002244367
Vogesella sp. LIG4	1192162	S	5	0	5	0.0002244367
Methylophilus medardicus	2588534	S	5	0	5	0.0002244367
Sideroxydans lithotrophicus	63745	S	5	0	5	0.0002244367
Casimicrobium huifangae	2591109	S	5	0	5	0.0002244367
Pseudomonas sp. TCU-HL1	1856685	S	5	0	5	0.0002244367
Pseudomonas sp. DY-1	1755504	S	5	0	5	0.0002244367
Pseudomonas sp. S1-A32-2	2731681	S	5	0	5	0.0002244367
Pseudomonas tolaasii	29442	S	5	0	5	0.0002244367
Pseudomonas protegens	380021	S	5	0	5	0.0002244367
Pseudomonas poae	200451	S	4	1	5	0.0002244367
Pseudomonas synxantha	47883	S	4	1	5	0.0002244367
Pseudomonas palleroniana	191390	S	5	0	5	0.0002244367
Pseudomonas psychrophila	122355	S	5	0	5	0.0002244367
Acinetobacter seifertii	1530123	S	5	0	5	0.0002244367
Acinetobacter sp. WCHA45	2004644	S	3	2	5	0.0002244367
Acinetobacter wuhouensis	1879050	S	5	0	5	0.0002244367
Acinetobacter bereziniae	106648	S	5	0	5	0.0002244367
Escherichia fergusonii	564	S	5	0	5	0.0002244367
Pantoea cypripedii	55209	S	5	0	5	0.0002244367
Serratia plymuthica	82996	S	5	0	5	0.0002244367
Yersinia intermedia	631	S	2	3	5	0.0002244367
Stenotrophomonas rhizophila	216778	S	5	0	5	0.0002244367
Pseudoxanthomonas mexicana	128785	S	5	0	5	0.0002244367
Luteibacter rhizovicinus	242606	S	2	3	5	0.0002244367
Marinobacter fonticola	2603215	S	5	0	5	0.0002244367
Alteromonas addita	287094	S	1	4	5	0.0002244367
Agarivorans gilvus	680279	S	5	0	5	0.0002244367
Vibrio vulnificus	672	S	5	0	5	0.0002244367
Vibrio coralliilyticus	190893	S	3	2	5	0.0002244367
Sulfurivermis fontis	1972068	S	5	0	5	0.0002244367
Aeromonas hydrophila	644	S	3	2	5	0.0002244367
Methylomonas sp. DH-1	1727196	S	1	4	5	0.0002244367
Bradyrhizobium arachidis	858423	S	5	0	5	0.0002244367
Bradyrhizobium oligotrophicum	44255	S	5	0	5	0.0002244367
Bradyrhizobium symbiodeficiens	1404367	S	5	0	5	0.0002244367
Bradyrhizobium betae	244734	S	4	1	5	0.0002244367
Bradyrhizobium japonicum	375	S	4	1	5	0.0002244367
Bradyrhizobium guangxiense	1325115	S	4	1	5	0.0002244367
Bosea sp. AS-1	2015316	S	4	1	5	0.0002244367
Rhizobium oryzihabitans	2267833	S	3	2	5	0.0002244367
Agrobacterium vitis	373	S	5	0	5	0.0002244367
Neorhizobium sp. NCHU2750	1825976	S	5	0	5	0.0002244367
Shinella sp. PSBB067	2715959	S	3	2	5	0.0002244367
Methylobacterium currus	2051553	S	4	1	5	0.0002244367
Mesorhizobium sp. INR15	2654248	S	5	0	5	0.0002244367
Mesorhizobium sp. M4B.F.Ca.ET.058.02.1.1	2493675	S	4	1	5	0.0002244367
Mesorhizobium sp. M1E.F.Ca.ET.045.02.1.1	2493672	S	4	1	5	0.0002244367
Mesorhizobium opportunistum	593909	S	4	1	5	0.0002244367
Devosia sp. G19	2801335	S	5	0	5	0.0002244367
Youhaiella tibetensis	1447062	S	5	0	5	0.0002244367
Aureimonas sp. OT7	2816454	S	3	2	5	0.0002244367
Sphingomonas sp. HMP6	1517551	S	5	0	5	0.0002244367
Sphingomonas sp. PAMC26645	2565555	S	5	0	5	0.0002244367
Sphingomonas sp. YZ-8	2319844	S	5	0	5	0.0002244367
Sphingomonas sp. AAP5	1523415	S	5	0	5	0.0002244367
Sphingomonas sp. NIC1	1961362	S	3	2	5	0.0002244367
Sphingomonas taxi	1549858	S	5	0	5	0.0002244367
Sphingomonas ginsengisoli An et al. 2013	363835	S	5	0	5	0.0002244367
Sphingopyxis sp. FD7	1914525	S	4	1	5	0.0002244367
Sphingobium sp. YG1	2082188	S	4	1	5	0.0002244367
Sphingobium japonicum	332056	S	4	1	5	0.0002244367
Sphingobium hydrophobicum	1673076	S	3	2	5	0.0002244367
Novosphingobium resinovorum	158500	S	4	1	5	0.0002244367
Rhizorhabdus dicambivorans	1850238	S	3	2	5	0.0002244367
Porphyrobacter sp. YT40	2547601	S	3	2	5	0.0002244367
Croceicoccus sp. YJ47	2798724	S	4	1	5	0.0002244367
Paracoccus sp. Arc7-R13	2500532	S	5	0	5	0.0002244367
Paracoccus sp. AK26	2589076	S	5	0	5	0.0002244367
Paracoccus sanguinis	1545044	S	5	0	5	0.0002244367
Sulfitobacter pseudonitzschiae	1402135	S	4	1	5	0.0002244367
Phaeobacter gallaeciensis	60890	S	3	2	5	0.0002244367
Salipiger pacificus	311180	S	5	0	5	0.0002244367
Jannaschia sp. CCS1	290400	S	5	0	5	0.0002244367
Pontivivens sp. MT2928	2789856	S	5	0	5	0.0002244367
Brevundimonas sp. AJA228-03	2752515	S	5	0	5	0.0002244367
Caulobacter flavus	1679497	S	5	0	5	0.0002244367
Terricaulis silvestris	2686094	S	5	0	5	0.0002244367
Roseomonas sp. 1318	2768161	S	5	0	5	0.0002244367
Acetobacter aceti	435	S	3	2	5	0.0002244367
Acetobacter ghanensis	431306	S	3	2	5	0.0002244367
Komagataeibacter xylinus	28448	S	2	3	5	0.0002244367
Orientia tsutsugamushi	784	S	5	0	5	0.0002244367
Desulfovibrio vulgaris	881	S	5	0	5	0.0002244367
Desulfovibrio piger	901	S	5	0	5	0.0002244367
Desulfococcus oleovorans	181663	S	5	0	5	0.0002244367
Bdellovibrio sp. NC01	2220073	S	5	0	5	0.0002244367
Bdellovibrio bacteriovorus	959	S	5	0	5	0.0002244367
Nocardioides sp. S5	2017486	S	5	0	5	0.0002244367
Nocardioides sp. zg-579	2663857	S	5	0	5	0.0002244367
Aeromicrobium erythreum	2041	S	5	0	5	0.0002244367
Kribbella flavida	182640	S	5	0	5	0.0002244367
Kribbella qitaiheensis	1544730	S	5	0	5	0.0002244367
Rhodococcus sp. P-2	2795031	S	5	0	5	0.0002244367
Rhodococcus sp. PBTS 2	1653479	S	4	1	5	0.0002244367
Nocardia farcinica	37329	S	5	0	5	0.0002244367
Nocardia terpenica	455432	S	5	0	5	0.0002244367
Mycolicibacterium aubagnense	319707	S	5	0	5	0.0002244367
Corynebacterium sphenisci	191493	S	5	0	5	0.0002244367
Gordonia sp. JH63	2698900	S	2	3	5	0.0002244367
Gordonia polyisoprenivorans	84595	S	5	0	5	0.0002244367
Microbacterium sp. BH-3-3-3	1906742	S	5	0	5	0.0002244367
Microbacterium sp. A18JL241	2782166	S	5	0	5	0.0002244367
Microbacterium sp. 10M-3C3	2483401	S	4	1	5	0.0002244367
Clavibacter michiganensis	28447	S	5	0	5	0.0002244367
Arthrobacter sp. QXT-31	1357915	S	5	0	5	0.0002244367
Arthrobacter sp. D5-1	1477518	S	4	1	5	0.0002244367
Kocuria flava	446860	S	5	0	5	0.0002244367
Rothia mucilaginosa	43675	S	5	0	5	0.0002244367
Luteipulveratus mongoliensis	571913	S	5	0	5	0.0002244367
Janibacter limosus	53458	S	5	0	5	0.0002244367
Pseudactinotalea sp. HY158	2654547	S	5	0	5	0.0002244367
Ornithinimicrobium sp. HY006	2508882	S	5	0	5	0.0002244367
Brevibacterium sp. CS2	2575923	S	5	0	5	0.0002244367
Streptomyces sp. MBT27	1488356	S	5	0	5	0.0002244367
Streptomyces albus	1888	S	5	0	5	0.0002244367
Streptomyces nodosus	40318	S	5	0	5	0.0002244367
Streptomyces griseochromogenes	68214	S	5	0	5	0.0002244367
Streptomyces antibioticus	1890	S	5	0	5	0.0002244367
Kitasatospora setae	2066	S	5	0	5	0.0002244367
Micromonospora echinospora	1877	S	5	0	5	0.0002244367
Plantactinospora sp. BC1	2108470	S	1	4	5	0.0002244367
Amycolatopsis sp. FDAARGOS 1241	2778070	S	5	0	5	0.0002244367
Pseudonocardia broussonetiae	2736640	S	5	0	5	0.0002244367
Saccharomonospora marina	632569	S	5	0	5	0.0002244367
Kibdelosporangium phytohabitans	860235	S	5	0	5	0.0002244367
Streptosporangium roseum	2001	S	5	0	5	0.0002244367
Thermobifida fusca	2021	S	5	0	5	0.0002244367
Frankia inefficax	298654	S	5	0	5	0.0002244367
Rubrobacter radiotolerans	42256	S	5	0	5	0.0002244367
Bacillus subtilis	1423	S	3	2	5	0.0002244367
Bacillus velezensis	492670	S	2	3	5	0.0002244367
Caldibacillus thermoamylovorans	35841	S	5	0	5	0.0002244367
Staphylococcus sp. SB1-57	2813777	S	1	4	5	0.0002244367
Staphylococcus saccharolyticus	33028	S	5	0	5	0.0002244367
Staphylococcus warneri	1292	S	4	1	5	0.0002244367
Paenibacillus sp. UniB2	2726185	S	5	0	5	0.0002244367
Paenibacillus lycopersici	2704462	S	5	0	5	0.0002244367
Lacticaseibacillus paracasei	1597	S	5	0	5	0.0002244367
Roseburia hominis	301301	S	4	1	5	0.0002244367
Romboutsia sp. CE17	2724150	S	5	0	5	0.0002244367
Veillonella parvula	29466	S	5	0	5	0.0002244367
Nostoc sp. PCC 7107	317936	S	4	1	5	0.0002244367
Nostoc sphaeroides	446679	S	5	0	5	0.0002244367
Anabaena sp. WA102	1647413	S	2	3	5	0.0002244367
Calothrix sp. NIES-2100	1954172	S	3	2	5	0.0002244367
Calothrix brevissima	938406	S	4	1	5	0.0002244367
Leptolyngbya sp. NIES-3755	1752064	S	5	0	5	0.0002244367
Polaribacter sp. MED152	313598	S	5	0	5	0.0002244367
Polaribacter sp. SA4-12	1312072	S	5	0	5	0.0002244367
Polaribacter sp. BM10	1529069	S	1	4	5	0.0002244367
Polaribacter reichenbachii	996801	S	5	0	5	0.0002244367
Capnocytophaga sputigena	1019	S	5	0	5	0.0002244367
Tenacibaculum jejuense	584609	S	5	0	5	0.0002244367
Lacinutrix sp. Bg11-31	2057808	S	5	0	5	0.0002244367
Tamlana carrageenivorans	2069432	S	5	0	5	0.0002244367
Arenibacter algicola	616991	S	5	0	5	0.0002244367
Changchengzhania lutea	2049305	S	5	0	5	0.0002244367
Olleya sp. Bg11-27	2058135	S	3	2	5	0.0002244367
Urechidicola croceus	1850246	S	4	1	5	0.0002244367
Chryseobacterium sp. NBC 122	2547600	S	5	0	5	0.0002244367
Chryseobacterium sp. POL2	2713414	S	4	1	5	0.0002244367
Chryseobacterium carnipullorum	1124835	S	4	1	5	0.0002244367
Apibacter raozihei	2500547	S	5	0	5	0.0002244367
Runella sp. HYN0085	2259595	S	5	0	5	0.0002244367
Runella slithyformis	106	S	5	0	5	0.0002244367
Arcticibacterium luteifluviistationis	1784714	S	5	0	5	0.0002244367
Hymenobacter sp. PAMC 26628	1484118	S	5	0	5	0.0002244367
Hymenobacter sp. S2-20-2	2761579	S	5	0	5	0.0002244367
Cyclobacterium amurskyense	320787	S	5	0	5	0.0002244367
Aquiflexum balticum	280473	S	5	0	5	0.0002244367
Chryseolinea soli	2321403	S	5	0	5	0.0002244367
Bernardetia litoralis	999	S	5	0	5	0.0002244367
Pedobacter sp. eg	2201271	S	5	0	5	0.0002244367
Pedobacter steynii	430522	S	5	0	5	0.0002244367
Chitinophaga sp. XS-30	2604421	S	5	0	5	0.0002244367
Arachidicoccus soli	2341117	S	5	0	5	0.0002244367
Bacteroides thetaiotaomicron	818	S	5	0	5	0.0002244367
Bacteroides ovatus	28116	S	3	2	5	0.0002244367
Phocaeicola salanitronis	376805	S	5	0	5	0.0002244367
Candidatus Cloacimonas acidaminovorans	456827	S	5	0	5	0.0002244367
Fuerstia marisgermanicae	1891926	S	5	0	5	0.0002244367
Caulifigura coniformis	2527983	S	5	0	5	0.0002244367
Thalassoglobus polymorphus	2527994	S	5	0	5	0.0002244367
Pirellula sp. SH-Sr6A	1632865	S	5	0	5	0.0002244367
Roseimaritima ulvae	980254	S	5	0	5	0.0002244367
Bythopirellula goksoyri	1400387	S	5	0	5	0.0002244367
Nibricoccus aquaticus	2576891	S	5	0	5	0.0002244367
Leptotrichia trevisanii	109328	S	4	1	5	0.0002244367
Borrelia crocidurae	29520	S	3	2	5	0.0002244367
Candidatus Nitrospira inopinata	1715989	S	4	1	5	0.0002244367
Candidatus Babela massiliensis	673862	S	5	0	5	0.0002244367
Deferribacter desulfuricans	197162	S	5	0	5	0.0002244367
Methanosarcina mazei	2209	S	5	0	5	0.0002244367
Candidatus Prometheoarchaeum syntrophicum	2594042	S	5	0	5	0.0002244367
Rhodoferax phage P26218	1636270	S	5	0	5	0.0002244367
Sulfitobacter phage NYA-2014a	1526550	S	1	4	5	0.0002244367
Heliothis zea nudivirus	29250	S	5	0	5	0.0002244367
Simplicispira suum	2109915	S	4	0	4	0.0001795493
Ralstonia mannitolilytica	105219	S	3	1	4	0.0001795493
Burkholderia pyrrocinia	60550	S	3	1	4	0.0001795493
Burkholderia sp. MSMB617WGS	1637831	S	2	2	4	0.0001795493
Cupriavidus pauculus	82633	S	4	0	4	0.0001795493
Paraburkholderia acidisoli	2571748	S	4	0	4	0.0001795493
Paraburkholderia fungorum	134537	S	4	0	4	0.0001795493
Paraburkholderia xenovorans	36873	S	3	1	4	0.0001795493
Paraburkholderia phytofirmans	261302	S	3	1	4	0.0001795493
Polynucleobacter sp. LimPoW16	1743162	S	4	0	4	0.0001795493
Polynucleobacter asymbioticus	576611	S	4	0	4	0.0001795493
Polynucleobacter duraquae	1835254	S	4	0	4	0.0001795493
Massilia sp. YMA4	1593482	S	3	1	4	0.0001795493
Massilia plicata	321984	S	4	0	4	0.0001795493
Massilia umbonata	864828	S	4	0	4	0.0001795493
Achromobacter sp. MFA1 R4	1881016	S	4	0	4	0.0001795493
Achromobacter spanius	217203	S	4	0	4	0.0001795493
Achromobacter insolitus	217204	S	4	0	4	0.0001795493
Achromobacter deleyi	1353891	S	2	2	4	0.0001795493
Bordetella bronchialis	463025	S	4	0	4	0.0001795493
Bordetella petrii	94624	S	3	1	4	0.0001795493
Castellaniella defragrans	75697	S	4	0	4	0.0001795493
Thauera hydrothermalis	2184083	S	4	0	4	0.0001795493
Thauera chlorobenzoica	96773	S	3	1	4	0.0001795493
Aromatoleum petrolei	76116	S	4	0	4	0.0001795493
Niveibacterium sp. HC41	2811415	S	4	0	4	0.0001795493
Dechloromonas sp. HYN0024	2231055	S	4	0	4	0.0001795493
Chromobacterium haemolyticum	394935	S	2	2	4	0.0001795493
Deefgea sp. D17	2739061	S	4	0	4	0.0001795493
Pseudogulbenkiania sp. NH8B	748280	S	4	0	4	0.0001795493
Kingella oralis	505	S	4	0	4	0.0001795493
Methyloversatilis sp. RAC08	1842540	S	4	0	4	0.0001795493
Methylotenera mobilis	359408	S	4	0	4	0.0001795493
Candidatus Nitrotoga sp. AM1P	2559597	S	4	0	4	0.0001795493
Pseudomonas sp. URMO17WK12:I11	1283291	S	3	1	4	0.0001795493
Pseudomonas sp. ADPe	2774873	S	2	2	4	0.0001795493
Pseudomonas sp. SWI7	2587597	S	1	3	4	0.0001795493
Pseudomonas oleovorans	301	S	2	2	4	0.0001795493
Pseudomonas sp. SGAir0191	2217867	S	3	1	4	0.0001795493
Pseudomonas fulva	47880	S	1	3	4	0.0001795493
Pseudomonas savastanoi	29438	S	2	2	4	0.0001795493
Pseudomonas syringae group genomosp. 3	251701	S	1	3	4	0.0001795493
Pseudomonas yamanorum	515393	S	4	0	4	0.0001795493
Pseudomonas pelagia	553151	S	4	0	4	0.0001795493
Acinetobacter tandoii	202954	S	4	0	4	0.0001795493
Klebsiella michiganensis	1134687	S	3	1	4	0.0001795493
Klebsiella quasipneumoniae	1463165	S	3	1	4	0.0001795493
Citrobacter sp. RHBSTW-00881	2742667	S	1	3	4	0.0001795493
Citrobacter cronae	1748967	S	2	2	4	0.0001795493
Raoultella ornithinolytica	54291	S	1	3	4	0.0001795493
Candidatus Erwinia haradaeae	1922217	S	4	0	4	0.0001795493
Serratia odorifera	618	S	4	0	4	0.0001795493
Serratia symbiotica	138074	S	4	0	4	0.0001795493
Obesumbacterium proteus	82983	S	4	0	4	0.0001795493
Xanthomonas citri	346	S	4	0	4	0.0001795493
Lysobacter antibioticus	84531	S	4	0	4	0.0001795493
Lysobacter oculi	2698682	S	4	0	4	0.0001795493
Pseudoxanthomonas spadix	415229	S	4	0	4	0.0001795493
Thermomonas brevis	215691	S	4	0	4	0.0001795493
Thermomonas carbonis	1463158	S	4	0	4	0.0001795493
Luteimonas sp. MC1750	2799326	S	4	0	4	0.0001795493
Rhodanobacter denitrificans	666685	S	4	0	4	0.0001795493
Dyella caseinilytica	1849581	S	4	0	4	0.0001795493
Marinobacter sp. Arc7-DN-1	2304594	S	3	1	4	0.0001795493
Shewanella algae	38313	S	4	0	4	0.0001795493
Vibrio fluvialis	676	S	4	0	4	0.0001795493
Photobacterium damselae	38293	S	4	0	4	0.0001795493
Aliivibrio fischeri	668	S	4	0	4	0.0001795493
Actinobacillus pleuropneumoniae	715	S	3	1	4	0.0001795493
Thioalkalivibrio nitratireducens	186931	S	4	0	4	0.0001795493
Legionella pneumophila	446	S	4	0	4	0.0001795493
Hydrogenovibrio crunogenus	39765	S	4	0	4	0.0001795493
Methylovulum psychrotolerans	1704499	S	4	0	4	0.0001795493
Bradyrhizobium sp. ORS 278	114615	S	4	0	4	0.0001795493
Bradyrhizobium vignae	1549949	S	4	0	4	0.0001795493
Bradyrhizobium guangdongense	1325090	S	3	1	4	0.0001795493
Rhizobium rosettiformans	1368430	S	3	1	4	0.0001795493
Rhizobium tropici	398	S	3	1	4	0.0001795493
Neorhizobium sp. SOG26	2060726	S	4	0	4	0.0001795493
Neorhizobium galegae	399	S	4	0	4	0.0001795493
Georhizobium profundi	2341112	S	4	0	4	0.0001795493
Methylobacterium sp. AMS5	925818	S	3	1	4	0.0001795493
Methylobacterium indicum	1775910	S	4	0	4	0.0001795493
Mesorhizobium sp. 131-2-1	2744518	S	3	1	4	0.0001795493
Mesorhizobium japonicum	2066070	S	3	1	4	0.0001795493
Aminobacter sp. MSH1	374606	S	3	1	4	0.0001795493
Hyphomicrobium sp. MC1	717785	S	4	0	4	0.0001795493
Stappia indica	538381	S	4	0	4	0.0001795493
Methylocystis bryophila	655015	S	4	0	4	0.0001795493
Methylosinus sp. C49	2699395	S	4	0	4	0.0001795493
Beijerinckia indica	533	S	4	0	4	0.0001795493
Hartmannibacter diazotrophicus	1482074	S	4	0	4	0.0001795493
Sphingomonas sp. AP4-R1	2735134	S	4	0	4	0.0001795493
Sphingomonas sp. LMO-1	2681549	S	4	0	4	0.0001795493
Sphingomonas sp. C8-2	2492837	S	3	1	4	0.0001795493
Sphingomonas paucimobilis	13689	S	4	0	4	0.0001795493
Sphingomonas lacunae	2698828	S	4	0	4	0.0001795493
Sphingopyxis alaskensis	117207	S	4	0	4	0.0001795493
Sphingobium sp. SYK-6	627192	S	4	0	4	0.0001795493
Sphingobium sp. SCG-1	2072936	S	4	0	4	0.0001795493
Sphingobium chlorophenolicum	46429	S	3	1	4	0.0001795493
Sphingobium herbicidovorans	76947	S	3	1	4	0.0001795493
Sphingobium baderi	1332080	S	2	2	4	0.0001795493
Novosphingobium sp. THN1	1016987	S	4	0	4	0.0001795493
Novosphingobium ginsenosidimutans	1176536	S	4	0	4	0.0001795493
Sphingosinithalassobacter sp. zrk23	2711215	S	4	0	4	0.0001795493
Parasphingopyxis algicola	2026624	S	4	0	4	0.0001795493
Allosphingosinicella indica	941907	S	4	0	4	0.0001795493
Erythrobacter mangrovi	2739433	S	4	0	4	0.0001795493
Porphyrobacter sp. LM 6	1896196	S	3	1	4	0.0001795493
Tsuneonella dongtanensis	692370	S	4	0	4	0.0001795493
Tsuneonella mangrovi	1982042	S	4	0	4	0.0001795493
Pelagerythrobacter marensis	543877	S	4	0	4	0.0001795493
Sphingosinicella sp. UDD2	2771430	S	4	0	4	0.0001795493
Paracoccus zhejiangensis	1077935	S	4	0	4	0.0001795493
Sulfitobacter sp. AM1-D1	1917485	S	2	2	4	0.0001795493
Rhodobacter capsulatus	1061	S	4	0	4	0.0001795493
Yangia sp. CCB-MM3	1792508	S	4	0	4	0.0001795493
Salipiger profundus	1229727	S	3	1	4	0.0001795493
Roseovarius faecimaris	2494550	S	4	0	4	0.0001795493
Roseovarius sp. THAF27	2587850	S	2	2	4	0.0001795493
Leisingera aquaemixtae	1396826	S	4	0	4	0.0001795493
Roseobacter litoralis	42443	S	4	0	4	0.0001795493
Haematobacter massiliensis	195105	S	3	1	4	0.0001795493
Brevundimonas sp. 'scallop'	2562582	S	2	2	4	0.0001795493
Caulobacter mirabilis	69666	S	4	0	4	0.0001795493
Magnetospirillum gryphiswaldense	55518	S	4	0	4	0.0001795493
Skermanella pratensis	2233999	S	3	1	4	0.0001795493
Ferrovibrio terrae	2594003	S	4	0	4	0.0001795493
Niveispirillum cyanobacteriorum	1612173	S	4	0	4	0.0001795493
Nitrospirillum amazonense	28077	S	4	0	4	0.0001795493
Gluconobacter oxydans	442	S	2	2	4	0.0001795493
Roseococcus sp. NIBR12	2771361	S	4	0	4	0.0001795493
Rickettsia montanensis	33991	S	2	2	4	0.0001795493
Wolbachia endosymbiont of Diaphorina citri	116598	S	1	3	4	0.0001795493
Rickettsiales endosymbiont of Stachyamoeba lipophora	2486578	S	4	0	4	0.0001795493
Phreatobacter cathodiphilus	1868589	S	4	0	4	0.0001795493
Chondromyces crocatus	52	S	4	0	4	0.0001795493
Anaeromyxobacter sp. Fw109-5	404589	S	4	0	4	0.0001795493
Geobacter sp. SVR	2495594	S	4	0	4	0.0001795493
Geobacter bremensis	60035	S	4	0	4	0.0001795493
Campylobacter lanienae	75658	S	4	0	4	0.0001795493
Sulfurospirillum sp. UCH001	1581011	S	2	2	4	0.0001795493
Sulfurimonas sp. 1-1N	2590021	S	1	3	4	0.0001795493
Caminibacter mediatlanticus	291048	S	4	0	4	0.0001795493
Nitratiruptor sp. YY09-18	2724901	S	1	3	4	0.0001795493
Bdellovibrio exovorus	453816	S	4	0	4	0.0001795493
Microlunatus soli	630515	S	4	0	4	0.0001795493
Tessaracoccus flavescens	399497	S	3	1	4	0.0001795493
Nocardioides aromaticivorans	200618	S	4	0	4	0.0001795493
Nocardioides daphniae	402297	S	4	0	4	0.0001795493
Nocardioides marinisabuli	419476	S	4	0	4	0.0001795493
Nocardioides cynanchi	2558918	S	4	0	4	0.0001795493
Nocardioides anomalus	2712223	S	4	0	4	0.0001795493
Aeromicrobium sp. A1-2	2107713	S	4	0	4	0.0001795493
Aeromicrobium yanjiei	2662028	S	4	0	4	0.0001795493
Actinopolymorpha singaporensis	117157	S	4	0	4	0.0001795493
Rhodococcus sp. B7740	1564114	S	4	0	4	0.0001795493
Rhodococcus sp. H-CA8f	1727214	S	1	3	4	0.0001795493
Nocardia sp. CS682	1047172	S	4	0	4	0.0001795493
Mycolicibacterium goodii	134601	S	4	0	4	0.0001795493
Mycolicibacterium aurum	1791	S	4	0	4	0.0001795493
Mycolicibacterium chitae	1792	S	4	0	4	0.0001795493
Mycolicibacterium helvum	1534349	S	4	0	4	0.0001795493
Mycolicibacterium arabiense	1286181	S	4	0	4	0.0001795493
Mycobacterium mantenii	560555	S	4	0	4	0.0001795493
Mycobacterium kansasii	1768	S	4	0	4	0.0001795493
Mycobacterium cookii	1775	S	4	0	4	0.0001795493
Mycobacterium dioxanotrophicus	482462	S	4	0	4	0.0001795493
Mycolicibacter terrae	1788	S	4	0	4	0.0001795493
Corynebacterium lactis	1231000	S	4	0	4	0.0001795493
Corynebacterium kroppenstedtii	161879	S	4	0	4	0.0001795493
Corynebacterium bovis	36808	S	4	0	4	0.0001795493
Corynebacterium yudongzhengii	2080740	S	4	0	4	0.0001795493
Gordonia alkanivorans	84096	S	1	3	4	0.0001795493
Microbacterium sp. 4R-513	2567934	S	4	0	4	0.0001795493
Microbacterium sp. JZ31	1906274	S	4	0	4	0.0001795493
Microbacterium sp. A18JL200	2782167	S	3	1	4	0.0001795493
Microbacterium caowuchunii	2614638	S	4	0	4	0.0001795493
Microbacterium foliorum	104336	S	3	1	4	0.0001795493
Microbacterium wangchenii	2541726	S	3	1	4	0.0001795493
Curtobacterium sp. Csp2	2495430	S	3	1	4	0.0001795493
Leifsonia shinshuensis	150026	S	4	0	4	0.0001795493
Agromyces aureus	453304	S	4	0	4	0.0001795493
Protaetiibacter intestinalis	2419774	S	4	0	4	0.0001795493
Leucobacter coleopterorum	2714933	S	4	0	4	0.0001795493
Microcella alkaliphila	279828	S	4	0	4	0.0001795493
Gryllotalpicola protaetiae	2419771	S	4	0	4	0.0001795493
Cnuibacter physcomitrellae	1619308	S	1	3	4	0.0001795493
Arthrobacter sp. PAMC 25486	1494608	S	4	0	4	0.0001795493
Arthrobacter sp. 24S4-2	2575374	S	4	0	4	0.0001795493
Arthrobacter sp. NEB 688	904039	S	4	0	4	0.0001795493
Arthrobacter crystallopoietes	37928	S	4	0	4	0.0001795493
Paenarthrobacter aurescens	43663	S	2	2	4	0.0001795493
Pseudarthrobacter sp. YJ56	2697569	S	4	0	4	0.0001795493
Cellulosimicrobium sp. 72-3	2731680	S	3	1	4	0.0001795493
Isoptericola dokdonensis	372663	S	4	0	4	0.0001795493
Xylanimicrobium sp. FW10M-9	2509457	S	3	1	4	0.0001795493
Janibacter melonis	262209	S	4	0	4	0.0001795493
Ornithinimicrobium pratense	2593973	S	4	0	4	0.0001795493
Serinicoccus marinus	247333	S	4	0	4	0.0001795493
Brevibacterium casei	33889	S	4	0	4	0.0001795493
Brachybacterium faecium	43669	S	4	0	4	0.0001795493
Streptomyces sp. CRXT-Y-14	2768069	S	4	0	4	0.0001795493
Streptomyces sp. NHF165	2175864	S	4	0	4	0.0001795493
Streptomyces sp. PBH53	1577075	S	4	0	4	0.0001795493
Streptomyces sp. NEAU-sy36	2751189	S	4	0	4	0.0001795493
Streptomyces sp. CRXT-G-22	2768066	S	4	0	4	0.0001795493
Streptomyces sp. W1SF4	2305220	S	4	0	4	0.0001795493
Streptomyces sp. CMB-StM0423	2059884	S	3	1	4	0.0001795493
Streptomyces sp. RTd22	1841249	S	3	1	4	0.0001795493
Streptomyces sp. SGAir0924	2109593	S	1	3	4	0.0001795493
Streptomyces griseus	1911	S	3	1	4	0.0001795493
Streptomyces gilvosporeus	553510	S	4	0	4	0.0001795493
Streptomyces atratus	1893	S	4	0	4	0.0001795493
Streptomyces seoulensis	73044	S	4	0	4	0.0001795493
Streptomyces cacaoi	1898	S	4	0	4	0.0001795493
Streptomyces ficellus	1977088	S	4	0	4	0.0001795493
Streptomyces alboflavus	67267	S	4	0	4	0.0001795493
Streptomyces niveus	193462	S	4	0	4	0.0001795493
Streptomyces broussonetiae	2686304	S	4	0	4	0.0001795493
Streptomyces albireticuli	1940	S	4	0	4	0.0001795493
Streptomyces nojiriensis	66374	S	4	0	4	0.0001795493
Streptomyces incarnatus	665007	S	4	0	4	0.0001795493
Streptomyces rapamycinicus	1226757	S	4	0	4	0.0001795493
Streptomyces griseoviridis	45398	S	4	0	4	0.0001795493
Streptomyces lydicus	47763	S	4	0	4	0.0001795493
Streptacidiphilus sp. P02-A3a	2704468	S	4	0	4	0.0001795493
Micromonospora tulbaghiae	479978	S	2	2	4	0.0001795493
Actinoplanes derwentensis	113562	S	4	0	4	0.0001795493
Phytohabitans suffuscus	624315	S	4	0	4	0.0001795493
Phytohabitans flavus	1076124	S	4	0	4	0.0001795493
Saccharothrix syringae	103733	S	4	0	4	0.0001795493
Alloactinosynnema sp. L-07	1653480	S	4	0	4	0.0001795493
Allokutzneria albata	211114	S	4	0	4	0.0001795493
Actinomyces sp. oral taxon 169	712116	S	2	2	4	0.0001795493
Actinomyces oris	544580	S	2	2	4	0.0001795493
Schaalia odontolytica	1660	S	4	0	4	0.0001795493
Pauljensenia hongkongensis	178339	S	4	0	4	0.0001795493
Actinomadura sp. WMMB 499	1219491	S	4	0	4	0.0001795493
Nonomuraea sp. ATCC 55076	1909395	S	4	0	4	0.0001795493
Bifidobacterium longum	216816	S	4	0	4	0.0001795493
Nakamurella multipartita	53461	S	4	0	4	0.0001795493
Geodermatophilus obscurus	1861	S	4	0	4	0.0001795493
Slackia heliotrinireducens	84110	S	4	0	4	0.0001795493
Conexibacter sp. SYSU D00693	2812560	S	4	0	4	0.0001795493
Euzebya sp. DY32-46	1608957	S	4	0	4	0.0001795493
Lysinibacillus sp. YS11	2072025	S	3	1	4	0.0001795493
Paenibacillus sp. FSL R7-0273	1536772	S	4	0	4	0.0001795493
Paenibacillus glucanolyticus	59843	S	3	1	4	0.0001795493
Brevibacillus sp. 7WMA2	2683193	S	3	1	4	0.0001795493
Streptococcus sanguinis	1305	S	4	0	4	0.0001795493
Streptococcus salivarius	1304	S	2	2	4	0.0001795493
Streptococcus sp. oral taxon 064	712624	S	1	3	4	0.0001795493
Lactobacillus amylovorus	1604	S	3	1	4	0.0001795493
Leuconostoc sp. LN180020	2571156	S	1	3	4	0.0001795493
Clostridium acetobutylicum	1488	S	4	0	4	0.0001795493
Clostridium taeniosporum	394958	S	4	0	4	0.0001795493
Clostridium saccharobutylicum	169679	S	4	0	4	0.0001795493
Clostridium tetani	1513	S	4	0	4	0.0001795493
Blautia sp. SC05B48	2479767	S	2	2	4	0.0001795493
Cellulosilyticum lentocellum	29360	S	1	3	4	0.0001795493
Paeniclostridium sordellii	1505	S	4	0	4	0.0001795493
Ruminiclostridium herbifermentans	2488810	S	3	1	4	0.0001795493
Monoglobus pectinilyticus	1981510	S	4	0	4	0.0001795493
Caldicellulosiruptor kronotskyensis	413889	S	4	0	4	0.0001795493
Caldicellulosiruptor sp. YA01	2806205	S	4	0	4	0.0001795493
Megamonas hypermegale	158847	S	4	0	4	0.0001795493
Phascolarctobacterium faecium	33025	S	4	0	4	0.0001795493
Gottschalkia acidurici	1556	S	4	0	4	0.0001795493
Amedibacterium intestinale	2583452	S	3	1	4	0.0001795493
Nostoc sp. TCL26-01	2576904	S	4	0	4	0.0001795493
Moorea producens	1155739	S	4	0	4	0.0001795493
Gloeothece verrucosa	2546359	S	4	0	4	0.0001795493
Mesoplasma tabanidae	219745	S	4	0	4	0.0001795493
Deinococcus proteolyticus	55148	S	4	0	4	0.0001795493
Tepidiforma bonchosmolovskayae	2601677	S	4	0	4	0.0001795493
Flavobacterium sp. BB8	2816357	S	4	0	4	0.0001795493
Flavobacterium sp. P2-65	2748320	S	4	0	4	0.0001795493
Flavobacterium sp. 140616W15	2478552	S	4	0	4	0.0001795493
Flavobacterium magnum	2162713	S	4	0	4	0.0001795493
Polaribacter sp. KT25b	1855336	S	4	0	4	0.0001795493
Polaribacter sp. L3A8	2686361	S	4	0	4	0.0001795493
Polaribacter vadi	1774273	S	4	0	4	0.0001795493
Capnocytophaga canimorsus	28188	S	4	0	4	0.0001795493
Tenacibaculum dicentrarchi	669041	S	4	0	4	0.0001795493
Myroides sp. A21	1583100	S	2	2	4	0.0001795493
Winogradskyella sp. PC-19	754417	S	4	0	4	0.0001795493
Winogradskyella forsetii	2686077	S	4	0	4	0.0001795493
Nonlabens sp. Hel1_33_55	1336802	S	4	0	4	0.0001795493
Nonlabens sp. Ci31	2608253	S	4	0	4	0.0001795493
Aquimarina sp. BL5	1714860	S	4	0	4	0.0001795493
Cellulophaga baltica	76594	S	4	0	4	0.0001795493
Algibacter sp. L1A34	2686365	S	4	0	4	0.0001795493
Formosa agariphila	320324	S	4	0	4	0.0001795493
Kordia antarctica	1218801	S	4	0	4	0.0001795493
Mariniflexile sp. TRM1-10	2027857	S	4	0	4	0.0001795493
Wenyingzhuangia fucanilytica	1790137	S	4	0	4	0.0001795493
Dokdonia sp. Dokd-P16	2173169	S	2	2	4	0.0001795493
Chryseobacterium sp. IHB B 17019	1721091	S	4	0	4	0.0001795493
Chryseobacterium sp. 6424	2039166	S	4	0	4	0.0001795493
Chryseobacterium indoltheticum	254	S	4	0	4	0.0001795493
Chryseobacterium arthrosphaerae	651561	S	3	1	4	0.0001795493
Chryseobacterium lactis	1241981	S	2	2	4	0.0001795493
Spirosoma sp. PL0136	2710596	S	4	0	4	0.0001795493
Spirosoma endbachense	2666025	S	4	0	4	0.0001795493
Hymenobacter sp. PAMC 26554	1484116	S	4	0	4	0.0001795493
Hymenobacter sp. NBH84	2596915	S	4	0	4	0.0001795493
Hymenobacter sp. TS19	2735321	S	4	0	4	0.0001795493
Belliella baltica	232259	S	3	1	4	0.0001795493
Sphingobacterium daejeonense	371142	S	4	0	4	0.0001795493
Mucilaginibacter sp. 14171R-50	2703789	S	4	0	4	0.0001795493
Mucilaginibacter xinganensis	1234841	S	4	0	4	0.0001795493
Mucilaginibacter gotjawali	1550579	S	4	0	4	0.0001795493
Pseudopedobacter saltans	151895	S	3	1	4	0.0001795493
Chitinophaga caeni	2029983	S	4	0	4	0.0001795493
Niabella ginsenosidivorans	1176587	S	4	0	4	0.0001795493
Bacteroides caccae	47678	S	4	0	4	0.0001795493
Bacteroides cellulosilyticus	246787	S	4	0	4	0.0001795493
Prevotella dentalis	52227	S	4	0	4	0.0001795493
Prevotella melaninogenica	28132	S	3	1	4	0.0001795493
Parabacteroides sp. CT06	2025876	S	1	3	4	0.0001795493
Planctopirus ephydatiae	2528019	S	4	0	4	0.0001795493
Alienimonas californiensis	2527989	S	4	0	4	0.0001795493
Pirellula staleyi	125	S	4	0	4	0.0001795493
Rosistilla oblonga	2527990	S	4	0	4	0.0001795493
Rhodopirellula baltica	265606	S	4	0	4	0.0001795493
Bremerella volcania	2527984	S	4	0	4	0.0001795493
Stieleria maiorica	2795974	S	4	0	4	0.0001795493
Verrucomicrobium sp. GAS474	1882831	S	4	0	4	0.0001795493
Akkermansia muciniphila	239935	S	4	0	4	0.0001795493
Ereboglobus luteus	1796921	S	4	0	4	0.0001795493
Fusobacterium varium	856	S	4	0	4	0.0001795493
Fusobacterium necrophorum	859	S	4	0	4	0.0001795493
Leptotrichia wadei	157687	S	3	1	4	0.0001795493
Leptotrichia hofstadii	157688	S	3	1	4	0.0001795493
Borreliella burgdorferi	139	S	3	1	4	0.0001795493
Leptospira interrogans	173	S	4	0	4	0.0001795493
Turneriella parva	29510	S	4	0	4	0.0001795493
Brachyspira pilosicoli	52584	S	4	0	4	0.0001795493
Granulicella mallensis	940614	S	4	0	4	0.0001795493
Candidatus Solibacter usitatus	332163	S	4	0	4	0.0001795493
Fretibacterium fastidiosum	651822	S	4	0	4	0.0001795493
Caldithrix abyssi	187145	S	4	0	4	0.0001795493
Halopiger xanaduensis	387343	S	4	0	4	0.0001795493
Halorubrum sp. BOL3-1	2497325	S	2	2	4	0.0001795493
Saccharolobus solfataricus	2287	S	2	2	4	0.0001795493
Curvibacter virus P26059B	2733926	S	4	0	4	0.0001795493
Acidovorax citrulli	80869	S	2	1	3	0.0001346620
Serpentinomonas raichei	1458425	S	2	1	3	0.0001346620
Serpentinomonas mccroryi	1458426	S	2	1	3	0.0001346620
Burkholderia anthina	179879	S	2	1	3	0.0001346620
Burkholderia stabilis	95485	S	2	1	3	0.0001346620
Burkholderia sp. MS389	2811789	S	2	1	3	0.0001346620
Burkholderia glumae	337	S	3	0	3	0.0001346620
Paraburkholderia sp. SOS3	1926494	S	3	0	3	0.0001346620
Paraburkholderia atlantica	2654982	S	3	0	3	0.0001346620
Paraburkholderia acidiphila	2571747	S	3	0	3	0.0001346620
Paraburkholderia phenoliruptrix	252970	S	3	0	3	0.0001346620
Paraburkholderia tropica	92647	S	3	0	3	0.0001346620
Paraburkholderia caribensis	75105	S	3	0	3	0.0001346620
Paraburkholderia hospita	169430	S	2	1	3	0.0001346620
Paraburkholderia terrae	311230	S	2	1	3	0.0001346620
Pandoraea thiooxydans	445709	S	3	0	3	0.0001346620
Pandoraea vervacti	656178	S	2	1	3	0.0001346620
Lautropia mirabilis	47671	S	3	0	3	0.0001346620
Chitinimonas arctica	2594795	S	3	0	3	0.0001346620
Ephemeroptericola cinctiostellae	2268024	S	3	0	3	0.0001346620
Massilia sp. LPB0304	2769491	S	2	1	3	0.0001346620
Massilia lutea	321985	S	3	0	3	0.0001346620
Massilia flava	871742	S	3	0	3	0.0001346620
Thiomonas sp. X19	1050370	S	3	0	3	0.0001346620
Achromobacter denitrificans	32002	S	2	1	3	0.0001346620
Bordetella trematum	123899	S	3	0	3	0.0001346620
Bordetella genomosp. 13	463040	S	3	0	3	0.0001346620
Bordetella pseudohinzii	1331258	S	3	0	3	0.0001346620
Bordetella genomosp. 8	1416806	S	3	0	3	0.0001346620
Bordetella pertussis	520	S	1	2	3	0.0001346620
Pigmentiphaga aceris	1940612	S	3	0	3	0.0001346620
Azoarcus sp. KH32C	748247	S	3	0	3	0.0001346620
Thauera aromatica	59405	S	2	1	3	0.0001346620
Azospira sp. I09	1765049	S	1	2	3	0.0001346620
Dechloromonas aromatica	259537	S	3	0	3	0.0001346620
Chromobacterium phragmitis	2202141	S	3	0	3	0.0001346620
Aquaspirillum sp. LM1	1938604	S	3	0	3	0.0001346620
Jeongeupia sp. USM3	1906741	S	3	0	3	0.0001346620
Neisseria sicca	490	S	3	0	3	0.0001346620
Neisseria shayeganii	607712	S	3	0	3	0.0001346620
Neisseria zoodegmatis	326523	S	3	0	3	0.0001346620
Methylophilus sp. TWE2	1662285	S	3	0	3	0.0001346620
Ferriphaselus amnicola	1188319	S	3	0	3	0.0001346620
Nitrosomonas communis	44574	S	3	0	3	0.0001346620
Usitatibacter rugosus	2732067	S	3	0	3	0.0001346620
Sulfuriferula plumbiphila	171865	S	3	0	3	0.0001346620
Sulfuricella denitrificans	649841	S	3	0	3	0.0001346620
Sulfurimicrobium lacus	2715678	S	3	0	3	0.0001346620
Sulfuritortus calidifontis	1914471	S	3	0	3	0.0001346620
Pseudomonas sp. DTU12.3	2073078	S	3	0	3	0.0001346620
Pseudomonas sp. C27(2019)	2604941	S	3	0	3	0.0001346620
Pseudomonas sp. BIGb0427	2724470	S	3	0	3	0.0001346620
Pseudomonas sp. 15A4	2804761	S	3	0	3	0.0001346620
Pseudomonas sp. LPH1	1898684	S	2	1	3	0.0001346620
Pseudomonas sp. MRSN12121	1611770	S	2	1	3	0.0001346620
Pseudomonas nitroreducens	46680	S	2	1	3	0.0001346620
Pseudomonas furukawaii	1149133	S	3	0	3	0.0001346620
Pseudomonas orientalis	76758	S	3	0	3	0.0001346620
Pseudomonas taetrolens	47884	S	3	0	3	0.0001346620
Pseudomonas knackmussii	65741	S	3	0	3	0.0001346620
Pseudomonas psychrotolerans	237610	S	3	0	3	0.0001346620
Pseudomonas entomophila	312306	S	3	0	3	0.0001346620
Pseudomonas otitidis	319939	S	3	0	3	0.0001346620
Pseudomonas sabulinigri	472181	S	3	0	3	0.0001346620
Pseudomonas versuta	1788301	S	3	0	3	0.0001346620
Acinetobacter sp. WCHAc010052	2004647	S	3	0	3	0.0001346620
Leclercia sp. 29361	2714951	S	1	2	3	0.0001346620
Cronobacter malonaticus	413503	S	2	1	3	0.0001346620
Kluyvera intermedia	61648	S	3	0	3	0.0001346620
Pluralibacter gergoviae	61647	S	3	0	3	0.0001346620
Metakosakonia sp. MRY16-398	2487150	S	2	1	3	0.0001346620
Pantoea sp. CCBC3-3-1	2490851	S	3	0	3	0.0001346620
Pantoea sp. SO10	2575375	S	3	0	3	0.0001346620
Pantoea ananatis	553	S	3	0	3	0.0001346620
Candidatus Pantoea carbekii	1235990	S	3	0	3	0.0001346620
Pantoea agglomerans	549	S	2	1	3	0.0001346620
Mixta intestinalis	1615494	S	3	0	3	0.0001346620
Serratia rubidaea	61652	S	2	1	3	0.0001346620
Gibbsiella quercinecans	929813	S	3	0	3	0.0001346620
Providencia rustigianii	158850	S	3	0	3	0.0001346620
Providencia stuartii	588	S	2	1	3	0.0001346620
Xenorhabdus bovienii	40576	S	3	0	3	0.0001346620
Pectobacterium atrosepticum	29471	S	3	0	3	0.0001346620
Pectobacterium carotovorum	554	S	2	1	3	0.0001346620
Pectobacterium brasiliense	180957	S	2	1	3	0.0001346620
Edwardsiella piscicida	1263550	S	2	1	3	0.0001346620
Hafnia alvei	569	S	2	1	3	0.0001346620
Jinshanibacter zhutongyuii	2498113	S	3	0	3	0.0001346620
Xanthomonas hyacinthi	56455	S	3	0	3	0.0001346620
Xanthomonas cassavae	56450	S	3	0	3	0.0001346620
Stenotrophomonas sp. ESTM1D_MKCIP4_1	2072414	S	3	0	3	0.0001346620
Stenotrophomonas sp. 169	2770322	S	3	0	3	0.0001346620
Lysobacter solisilvae	2763317	S	3	0	3	0.0001346620
Thermomonas sp. SY21	2202149	S	3	0	3	0.0001346620
Thermomonas sp. XSG	2771436	S	3	0	3	0.0001346620
Dyella thiooxydans	445710	S	3	0	3	0.0001346620
Ahniella affigens	2021234	S	3	0	3	0.0001346620
Alteromonas sp. BL110	1714845	S	1	2	3	0.0001346620
Salinimonas sp. KX18D6	2572577	S	3	0	3	0.0001346620
Glaciecola amylolytica	2489595	S	3	0	3	0.0001346620
Shewanella sp. LC6	2589790	S	1	2	3	0.0001346620
Shewanella psychrophila	225848	S	3	0	3	0.0001346620
Pseudoalteromonas sp. DL-6	1390185	S	2	1	3	0.0001346620
Pseudoalteromonas prydzensis	182141	S	3	0	3	0.0001346620
Pseudoalteromonas undina	43660	S	1	2	3	0.0001346620
Colwellia beringensis	1967665	S	3	0	3	0.0001346620
Psychromonas ingrahamii	357794	S	3	0	3	0.0001346620
Psychromonas sp. CNPT3	314282	S	3	0	3	0.0001346620
Halomonas sp. HG01	1609967	S	3	0	3	0.0001346620
Halomonas sp. MCCC 1A13316	2733487	S	3	0	3	0.0001346620
Vibrio diabolicus	50719	S	3	0	3	0.0001346620
Vibrio mimicus	674	S	3	0	3	0.0001346620
Haemophilus influenzae	727	S	2	1	3	0.0001346620
Mannheimia pernigra	111844	S	2	1	3	0.0001346620
Gallibacterium anatis	750	S	3	0	3	0.0001346620
Basfia succiniciproducens	653940	S	2	1	3	0.0001346620
Nitrosococcus wardiae	1814290	S	3	0	3	0.0001346620
Marichromatium purpuratum	37487	S	3	0	3	0.0001346620
Ectothiorhodospira sp. BSL-9	1442136	S	3	0	3	0.0001346620
Aeromonas sp. CA23	2033032	S	3	0	3	0.0001346620
Aeromonas simiae	218936	S	3	0	3	0.0001346620
Aeromonas schubertii	652	S	3	0	3	0.0001346620
Congregibacter litoralis	393662	S	2	1	3	0.0001346620
Oceanicoccus sagamiensis	716816	S	3	0	3	0.0001346620
Zhongshania aliphaticivorans	1470434	S	3	0	3	0.0001346620
Legionella cherrii	28084	S	3	0	3	0.0001346620
Legionella hackeliae	449	S	2	1	3	0.0001346620
Francisella tularensis	263	S	2	1	3	0.0001346620
Thiothrix sp.	1032	S	2	1	3	0.0001346620
Methylomicrobium album	39775	S	3	0	3	0.0001346620
Methylococcus capsulatus	414	S	1	2	3	0.0001346620
Sulfurifustis variabilis	1675686	S	3	0	3	0.0001346620
Orbus sp. IPMB12	1635327	S	3	0	3	0.0001346620
Bradyrhizobium sp. CCBAU 53340	1325112	S	3	0	3	0.0001346620
Bradyrhizobium sp. CCGE-LA001	1223566	S	3	0	3	0.0001346620
Bradyrhizobium cosmicum	1404864	S	3	0	3	0.0001346620
Bradyrhizobium amphicarpaeae	1404768	S	3	0	3	0.0001346620
Bradyrhizobium genosp. L	83637	S	3	0	3	0.0001346620
Bosea sp. PAMC 26642	1792307	S	3	0	3	0.0001346620
Nitrobacter hamburgensis	912	S	3	0	3	0.0001346620
Nitrobacter winogradskyi	913	S	3	0	3	0.0001346620
Rhizobium sp. BG4	2613770	S	3	0	3	0.0001346620
Rhizobium sp. TAL182	2020313	S	1	2	3	0.0001346620
Rhizobium gallicum	56730	S	3	0	3	0.0001346620
Rhizobium lusitanum	293958	S	3	0	3	0.0001346620
Rhizobium ruizarguesonis	2081791	S	1	2	3	0.0001346620
Agrobacterium sp. MA01	2664893	S	2	1	3	0.0001346620
Sinorhizobium sp. RAC02	1842534	S	3	0	3	0.0001346620
Sinorhizobium sp. BG8	2613773	S	3	0	3	0.0001346620
Ensifer mexicanus	375549	S	3	0	3	0.0001346620
Ensifer sp. PDNC004	2811423	S	3	0	3	0.0001346620
Kaistia sp. 32K	2795690	S	3	0	3	0.0001346620
Ciceribacter thiooxidans	1969821	S	3	0	3	0.0001346620
Methylobacterium sp. 4-46	426117	S	3	0	3	0.0001346620
Methylobacterium radiotolerans	31998	S	1	2	3	0.0001346620
Mesorhizobium sp. M7A.F.Ce.TU.012.03.2.1	2493681	S	3	0	3	0.0001346620
Mesorhizobium sp. M1A.F.Ca.IN.022.06.1.1	2493680	S	3	0	3	0.0001346620
Mesorhizobium amorphae	71433	S	3	0	3	0.0001346620
Aminobacter aminovorans	83263	S	3	0	3	0.0001346620
Hoeflea phototrophica	244596	S	3	0	3	0.0001346620
Devosia sp. MC521	2759954	S	3	0	3	0.0001346620
Devosia ginsengisoli	400770	S	3	0	3	0.0001346620
Hyphomicrobium denitrificans	53399	S	3	0	3	0.0001346620
Candidatus Filomicrobium marinum	1608628	S	3	0	3	0.0001346620
Pseudolabrys sp. FHR47	2562284	S	3	0	3	0.0001346620
Ancylobacter sp. TS-1	1850374	S	3	0	3	0.0001346620
Brucella pseudogrignonensis	419475	S	2	1	3	0.0001346620
Brucella sp. 6810	2769351	S	1	2	3	0.0001346620
Breoghania sp. L-A4	2304600	S	3	0	3	0.0001346620
Chelatococcus daeguensis	444444	S	3	0	3	0.0001346620
Sphingomonas sp. HDW15C	2714944	S	3	0	3	0.0001346620
Sphingobium sp. KCTC 72723	2733867	S	3	0	3	0.0001346620
Sphingobium sp. Cam5-1	2789327	S	3	0	3	0.0001346620
Sphingobium sp. YBL2	484429	S	1	2	3	0.0001346620
Novosphingobium sp. PP1Y	702113	S	2	1	3	0.0001346620
Novosphingobium sp. KA1	164608	S	1	2	3	0.0001346620
Sphingosinithalassobacter sp. CS137	2762748	S	3	0	3	0.0001346620
Citromicrobium sp. JL477	1634516	S	3	0	3	0.0001346620
Erythrobacter sp. 6D36	2782568	S	3	0	3	0.0001346620
Altererythrobacter sp. TH136	2067415	S	3	0	3	0.0001346620
Croceicoccus marinus	450378	S	2	1	3	0.0001346620
Paraurantiacibacter namhicola	645517	S	3	0	3	0.0001346620
Sphingosinicella microcystinivorans	335406	S	3	0	3	0.0001346620
Paracoccus liaowanqingii	2560053	S	3	0	3	0.0001346620
Paracoccus jeotgali	2065379	S	3	0	3	0.0001346620
Sulfitobacter sp. THAF37	2587855	S	2	1	3	0.0001346620
Sulfitobacter mediterraneus	83219	S	3	0	3	0.0001346620
Roseovarius indicus	540747	S	2	1	3	0.0001346620
Leisingera sp. NJS204	2508307	S	2	1	3	0.0001346620
Octadecabacter arcticus	53946	S	3	0	3	0.0001346620
Ruegeria sp. THAF33	2587853	S	2	1	3	0.0001346620
Thioclava nitratireducens	1915078	S	3	0	3	0.0001346620
Rhodovulum sulfidophilum	35806	S	1	2	3	0.0001346620
Thalassobius gelatinovorus	53501	S	3	0	3	0.0001346620
Mameliella alba	561184	S	3	0	3	0.0001346620
Parasedimentitalea marina	2483033	S	3	0	3	0.0001346620
Brevirhabdus pacifica	1267768	S	2	1	3	0.0001346620
Brevundimonas sp. MF30-B	2561924	S	3	0	3	0.0001346620
Brevundimonas sp. M20	2591463	S	3	0	3	0.0001346620
Brevundimonas sp. LVF2	2774190	S	3	0	3	0.0001346620
Brevundimonas sp. GRTSA-9	2800818	S	3	0	3	0.0001346620
Azospirillum lipoferum	193	S	3	0	3	0.0001346620
Azospirillum baldaniorum	1064539	S	2	1	3	0.0001346620
Magnetospirillum sp. ME-1	1639348	S	3	0	3	0.0001346620
Rhodospirillum centenum	34018	S	3	0	3	0.0001346620
Hypericibacter terrae	2602015	S	3	0	3	0.0001346620
Tistrella mobilis	171437	S	3	0	3	0.0001346620
Roseomonas mucosa	207340	S	1	2	3	0.0001346620
Gluconacetobacter diazotrophicus	33996	S	3	0	3	0.0001346620
Candidatus Pelagibacter giovannonii	2563896	S	3	0	3	0.0001346620
Myxococcus stipitatus	83455	S	2	1	3	0.0001346620
Corallococcus macrosporus	35	S	2	1	3	0.0001346620
Melittangium boletus	83453	S	3	0	3	0.0001346620
Vulgatibacter incomptus	1391653	S	3	0	3	0.0001346620
Geobacter lovleyi	313985	S	3	0	3	0.0001346620
Syntrophotalea carbinolica	19	S	3	0	3	0.0001346620
Desulfosarcina ovata	83564	S	3	0	3	0.0001346620
Desulfosarcina widdelii	947919	S	3	0	3	0.0001346620
Arcobacter nitrofigilis	28199	S	3	0	3	0.0001346620
Arcobacter sp. FWKO B	2593672	S	3	0	3	0.0001346620
Poseidonibacter lekithochrous	1904463	S	3	0	3	0.0001346620
Campylobacter sp. RM16192	1660080	S	2	1	3	0.0001346620
Campylobacter coli	195	S	3	0	3	0.0001346620
Campylobacter concisus	199	S	3	0	3	0.0001346620
Campylobacter sputorum	206	S	3	0	3	0.0001346620
Helicobacter apodemus	135569	S	3	0	3	0.0001346620
Sulfurimonas gotlandica	1176482	S	3	0	3	0.0001346620
Hydrogenimonas urashimensis	2740515	S	3	0	3	0.0001346620
Bacteriovorax stolpii	960	S	3	0	3	0.0001346620
Acidithiobacillus ferrooxidans	920	S	3	0	3	0.0001346620
Microlunatus phosphovorus	29405	S	3	0	3	0.0001346620
Tessaracoccus aquimaris	1332264	S	3	0	3	0.0001346620
Auraticoccus monumenti	675864	S	3	0	3	0.0001346620
Brevilactibacter sp. MC1595	2819349	S	3	0	3	0.0001346620
Nocardioides sp. JQ2195	2592334	S	3	0	3	0.0001346620
Nocardioides sp. dk884	2662361	S	2	1	3	0.0001346620
Nocardioides humi	449461	S	3	0	3	0.0001346620
Nocardioides dokdonensis	450734	S	3	0	3	0.0001346620
Nocardioides baekrokdamisoli	1804624	S	3	0	3	0.0001346620
Nocardioides sambongensis	2589074	S	3	0	3	0.0001346620
Mumia sp. ZJ1417	2708082	S	3	0	3	0.0001346620
Rhodococcus sp. WMMA185	679318	S	3	0	3	0.0001346620
Rhodococcus ruber	1830	S	3	0	3	0.0001346620
Rhodococcus pyridinivorans	103816	S	1	2	3	0.0001346620
Nocardia arthritidis	228602	S	3	0	3	0.0001346620
Mycolicibacterium tokaiense	39695	S	3	0	3	0.0001346620
Mycolicibacterium moriokaense	39691	S	3	0	3	0.0001346620
Mycolicibacterium duvalii	39688	S	3	0	3	0.0001346620
Mycobacterium sp. YC-RL4	1682113	S	3	0	3	0.0001346620
Mycobacterium sp. MS1601	1936029	S	3	0	3	0.0001346620
Mycobacterium leprae	1769	S	3	0	3	0.0001346620
Mycobacterium seoulense	386911	S	3	0	3	0.0001346620
Mycobacterium canettii	78331	S	1	2	3	0.0001346620
Mycobacterium conspicuum	44010	S	3	0	3	0.0001346620
Mycobacterium gordonae	1778	S	3	0	3	0.0001346620
Mycolicibacter sinensis	875328	S	1	2	3	0.0001346620
Corynebacterium sp. NML98-0116	702967	S	3	0	3	0.0001346620
Corynebacterium macginleyi	38290	S	3	0	3	0.0001346620
Corynebacterium vitaeruminis	38305	S	3	0	3	0.0001346620
Corynebacterium glaucum	187491	S	3	0	3	0.0001346620
Gordonia sp. KTR9	337191	S	3	0	3	0.0001346620
Gordonia sp. PDNC005	2811424	S	3	0	3	0.0001346620
Gordonia phthalatica	1136941	S	3	0	3	0.0001346620
Lawsonella clevelandensis	1528099	S	3	0	3	0.0001346620
Microbacterium sp. RG1	2489212	S	3	0	3	0.0001346620
Microbacterium sp. 1S1	2606451	S	2	1	3	0.0001346620
Microbacterium sp. Y-01	2048898	S	2	1	3	0.0001346620
Microbacterium esteraromaticum	57043	S	3	0	3	0.0001346620
Microbacterium oleivorans	273677	S	3	0	3	0.0001346620
Microbacterium pygmaeum	370764	S	3	0	3	0.0001346620
Microbacterium sediminis	904291	S	2	1	3	0.0001346620
Microbacterium oxydans	82380	S	2	1	3	0.0001346620
Rathayibacter sp. VKM Ac-2759	2609252	S	3	0	3	0.0001346620
Rathayibacter sp. VKM Ac-2801	2609255	S	3	0	3	0.0001346620
Rathayibacter sp. VKM Ac-2805	2609258	S	2	1	3	0.0001346620
Leifsonia sp. PS1209	2724914	S	3	0	3	0.0001346620
Agromyces protaetiae	2509455	S	3	0	3	0.0001346620
Agrococcus jejuensis	399736	S	3	0	3	0.0001346620
Agrococcus sp. SGAir0287	2070347	S	3	0	3	0.0001346620
Plantibacter sp. PA-3-X8	2480625	S	3	0	3	0.0001346620
Marisediminicola antarctica	674079	S	3	0	3	0.0001346620
Arthrobacter sp. YC-RL1	1652545	S	3	0	3	0.0001346620
Arthrobacter sp. YN	2020486	S	3	0	3	0.0001346620
Arthrobacter citreus	1670	S	3	0	3	0.0001346620
Arthrobacter agilis	37921	S	3	0	3	0.0001346620
Arthrobacter dokdonellae	2211210	S	3	0	3	0.0001346620
Rothia dentocariosa	2047	S	3	0	3	0.0001346620
Rothia aeria	172042	S	3	0	3	0.0001346620
Pseudarthrobacter sp. BIM B-2242	2772401	S	3	0	3	0.0001346620
Pseudarthrobacter sulfonivorans	121292	S	3	0	3	0.0001346620
Glutamicibacter nicotianae	37929	S	2	1	3	0.0001346620
Cellulosimicrobium sp. TH-20	1980001	S	2	1	3	0.0001346620
Xylanimonas cellulosilytica	186189	S	3	0	3	0.0001346620
Phycicoccus endophyticus	1690220	S	3	0	3	0.0001346620
Phycicoccus sp. HDW14	2714941	S	3	0	3	0.0001346620
Oerskovia sp. KBS0722	1179673	S	3	0	3	0.0001346620
Ornithinimicrobium sp. AMA3305	2283195	S	3	0	3	0.0001346620
Serinicoccus profundi	1078471	S	3	0	3	0.0001346620
Brevibacterium sp. YB235	1496080	S	2	1	3	0.0001346620
Brachybacterium saurashtrense	556288	S	3	0	3	0.0001346620
Brachybacterium vulturis	2017484	S	3	0	3	0.0001346620
Beutenbergia cavernae	84757	S	3	0	3	0.0001346620
Miniimonas sp. S16	2171623	S	3	0	3	0.0001346620
Georgenia faecalis	2483799	S	3	0	3	0.0001346620
Streptomyces sp. RPA4-2	2721244	S	3	0	3	0.0001346620
Streptomyces sp. JB150	2714844	S	3	0	3	0.0001346620
Streptomyces sp. QMT-12	2717324	S	3	0	3	0.0001346620
Streptomyces sp. WAC 01438	2203204	S	3	0	3	0.0001346620
Streptomyces sp. 2323.1	1938841	S	3	0	3	0.0001346620
Streptomyces sp. SCSIO 3032	1264596	S	3	0	3	0.0001346620
Streptomyces sp. 3214.6	1882757	S	3	0	3	0.0001346620
Streptomyces sp. M2	646637	S	3	0	3	0.0001346620
Streptomyces sp. CB00271	2750025	S	3	0	3	0.0001346620
Streptomyces sp. ZYC-3	2797636	S	3	0	3	0.0001346620
Streptomyces sp. So13.3	2136173	S	3	0	3	0.0001346620
Streptomyces armeniacus	83291	S	3	0	3	0.0001346620
Streptomyces aureoverticillatus	66871	S	3	0	3	0.0001346620
Streptomyces buecherae	2763006	S	3	0	3	0.0001346620
Streptomyces spectabilis	68270	S	3	0	3	0.0001346620
Streptomyces violaceusniger	68280	S	3	0	3	0.0001346620
Streptomyces phaeolivaceus	2653200	S	3	0	3	0.0001346620
Streptomyces davaonensis	348043	S	3	0	3	0.0001346620
Streptomyces cyaneochromogenes	2496836	S	3	0	3	0.0001346620
Streptomyces paludis	2282738	S	3	0	3	0.0001346620
Streptomyces harbinensis	1176198	S	3	0	3	0.0001346620
Streptomyces pluripotens	1355015	S	3	0	3	0.0001346620
Streptomyces capitiformicae	2014920	S	3	0	3	0.0001346620
Streptomyces clavuligerus	1901	S	3	0	3	0.0001346620
Streptomyces exfoliatus	1905	S	3	0	3	0.0001346620
Streptomyces chartreusis	1969	S	3	0	3	0.0001346620
Streptomyces kanamyceticus	1967	S	3	0	3	0.0001346620
Streptomyces tendae	1932	S	3	0	3	0.0001346620
Kitasatospora sp. MMS16-BH015	2018025	S	3	0	3	0.0001346620
Kitasatospora albolonga	68173	S	3	0	3	0.0001346620
Micromonospora carbonacea	47853	S	3	0	3	0.0001346620
Micromonospora coxensis	356852	S	3	0	3	0.0001346620
Micromonospora sagamiensis	47875	S	3	0	3	0.0001346620
Micromonospora krabiensis	307121	S	3	0	3	0.0001346620
Actinoplanes sp. OR16	946334	S	3	0	3	0.0001346620
Plantactinospora sp. KBS50	2024580	S	3	0	3	0.0001346620
Pseudonocardia sp. CGMCC 4.1532	2761535	S	3	0	3	0.0001346620
Saccharopolyspora erythraea	1836	S	3	0	3	0.0001346620
Saccharopolyspora pogona	333966	S	1	2	3	0.0001346620
Saccharopolyspora sp. ASAGF58	2719023	S	1	2	3	0.0001346620
Saccharomonospora azurea	40988	S	3	0	3	0.0001346620
Actinosynnema pretiosum	42197	S	2	1	3	0.0001346620
Actinomyces sp. zg-993	2763540	S	3	0	3	0.0001346620
Actinomyces sp. HMT 175	2789425	S	1	2	3	0.0001346620
Nocardiopsis dassonvillei	2014	S	3	0	3	0.0001346620
Frankia sp. EAN1pec	298653	S	3	0	3	0.0001346620
Frankia sp. QA3	710111	S	3	0	3	0.0001346620
Frankia alni	1859	S	3	0	3	0.0001346620
Jiangella alkaliphila	419479	S	3	0	3	0.0001346620
Eggerthella sp. YY7918	502558	S	3	0	3	0.0001346620
Baekduia soli	496014	S	3	0	3	0.0001346620
Conexibacter woesei	191495	S	3	0	3	0.0001346620
Bacillus wiedmannii	1890302	S	3	0	3	0.0001346620
Bacillus sp. PAMC26568	2760090	S	3	0	3	0.0001346620
Bacillus sp. Y1	352858	S	3	0	3	0.0001346620
Bacillus sp. S3	486398	S	3	0	3	0.0001346620
Priestia filamentosa	1402861	S	3	0	3	0.0001346620
Lysinibacillus sp. SGAir0095	2070463	S	3	0	3	0.0001346620
Virgibacillus sp. SK37	403957	S	2	1	3	0.0001346620
Anoxybacillus kamchatkensis	196180	S	1	2	3	0.0001346620
Oceanobacillus iheyensis	182710	S	3	0	3	0.0001346620
Neobacillus cucumis	1740721	S	3	0	3	0.0001346620
Alkalihalobacillus miscanthi	2598861	S	2	1	3	0.0001346620
Amphibacillus xylanus	1449	S	3	0	3	0.0001346620
Staphylococcus xylosus	1288	S	3	0	3	0.0001346620
Staphylococcus pasteuri	45972	S	3	0	3	0.0001346620
Staphylococcus auricularis	29379	S	3	0	3	0.0001346620
Staphylococcus debuckii	2044912	S	3	0	3	0.0001346620
Mammaliicoccus lentus	42858	S	3	0	3	0.0001346620
Paenibacillus cellulosilyticus	375489	S	3	0	3	0.0001346620
Paenibacillus terrae	159743	S	3	0	3	0.0001346620
Cohnella sp. LGH	1619153	S	3	0	3	0.0001346620
Sporosarcina ureae	1571	S	3	0	3	0.0001346620
Planomicrobium glaciei	459472	S	3	0	3	0.0001346620
Alicyclobacillus acidocaldarius	405212	S	3	0	3	0.0001346620
Listeria monocytogenes	1639	S	3	0	3	0.0001346620
Listeria innocua	1642	S	2	1	3	0.0001346620
Streptococcus equi	1336	S	3	0	3	0.0001346620
Streptococcus oralis	1303	S	2	1	3	0.0001346620
Lactobacillus johnsonii	33959	S	3	0	3	0.0001346620
Ligilactobacillus agilis	1601	S	3	0	3	0.0001346620
Ligilactobacillus murinus	1622	S	3	0	3	0.0001346620
Ligilactobacillus salivarius	1624	S	3	0	3	0.0001346620
Weissella hellenica	46256	S	3	0	3	0.0001346620
Loigolactobacillus coryniformis	1610	S	3	0	3	0.0001346620
Enterococcus mundtii	53346	S	3	0	3	0.0001346620
Enterococcus sp. CR-Ec1	2057791	S	1	2	3	0.0001346620
Clostridium butyricum	1492	S	3	0	3	0.0001346620
Clostridium isatidis	182773	S	3	0	3	0.0001346620
Clostridium gasigenes	94869	S	3	0	3	0.0001346620
Clostridium baratii	1561	S	3	0	3	0.0001346620
Clostridium cellulovorans	1493	S	3	0	3	0.0001346620
Clostridium formicaceticum	1497	S	3	0	3	0.0001346620
Clostridium tyrobutyricum	1519	S	3	0	3	0.0001346620
Clostridium kluyveri	1534	S	3	0	3	0.0001346620
Candidatus Arthromitus sp. SFB-mouse-NL	1508644	S	2	1	3	0.0001346620
Caloranaerobacter azorensis	116090	S	3	0	3	0.0001346620
Anaerostipes caccae	105841	S	3	0	3	0.0001346620
Lachnoanaerobaculum umeaense	617123	S	3	0	3	0.0001346620
Anaerobutyricum hallii	39488	S	3	0	3	0.0001346620
Ruminococcus champanellensis	1161942	S	3	0	3	0.0001346620
Desulfitobacterium dichloroeliminans	233055	S	3	0	3	0.0001346620
Desulfosporosinus youngiae	339862	S	3	0	3	0.0001346620
Thermoanaerobacter kivui	2325	S	1	2	3	0.0001346620
Carboxydothermus hydrogenoformans	129958	S	3	0	3	0.0001346620
Megasphaera elsdenii	907	S	3	0	3	0.0001346620
Megamonas funiformis	437897	S	3	0	3	0.0001346620
Pelosinus fermentans	365349	S	3	0	3	0.0001346620
Sedimentibacter sp. zth1	2816908	S	3	0	3	0.0001346620
Erysipelatoclostridium ramosum	1547	S	3	0	3	0.0001346620
Nostoc sp. 'Peltigera membranacea cyanobiont' N6	1261031	S	3	0	3	0.0001346620
Nostoc sp. 'Lobaria pulmonaria (5183) cyanobiont'	1618022	S	3	0	3	0.0001346620
Nostoc sp. C052	2576902	S	3	0	3	0.0001346620
Nostoc sp. C057	2576903	S	1	2	3	0.0001346620
Anabaena cylindrica	1165	S	3	0	3	0.0001346620
Calothrix parietina	32054	S	3	0	3	0.0001346620
Fischerella sp. NIES-3754	1752063	S	2	1	3	0.0001346620
Tolypothrix sp. PCC 7910	2099387	S	2	1	3	0.0001346620
Trichodesmium erythraeum	1206	S	3	0	3	0.0001346620
Crinalium epipsammum	241425	S	3	0	3	0.0001346620
Geminocystis sp. NIES-3708	1615909	S	3	0	3	0.0001346620
Cyanobacterium aponinum	379064	S	3	0	3	0.0001346620
Synechococcus sp. BIOS-E4-1	1400864	S	3	0	3	0.0001346620
Synechococcus sp. PCC 7502	1173263	S	3	0	3	0.0001346620
Synechococcus sp. PCC 7336	195250	S	3	0	3	0.0001346620
Cyanobium sp. NS01	261284	S	3	0	3	0.0001346620
Cyanobium gracile	59930	S	3	0	3	0.0001346620
Gloeobacter violaceus	33072	S	2	1	3	0.0001346620
Gloeomargarita lithophora	1188228	S	3	0	3	0.0001346620
Mycoplasma sp. Zaradi2	547987	S	3	0	3	0.0001346620
Mycoplasma hominis	2098	S	3	0	3	0.0001346620
Mycoplasma hyosynoviae	29559	S	3	0	3	0.0001346620
Mycoplasma putrefaciens	2123	S	3	0	3	0.0001346620
Mycoplasma bovirhinis	29553	S	3	0	3	0.0001346620
Mycoplasma canis	29555	S	3	0	3	0.0001346620
Mycoplasma gallopavonis	76629	S	3	0	3	0.0001346620
Spiroplasma alleghenense	216931	S	3	0	3	0.0001346620
Spiroplasma citri	2133	S	2	1	3	0.0001346620
Deinococcus sp. S14-83	2489213	S	3	0	3	0.0001346620
Deinococcus geothermalis	68909	S	3	0	3	0.0001346620
Deinococcus irradiatisoli	2202254	S	3	0	3	0.0001346620
Deinococcus actinosclerus	1768108	S	2	1	3	0.0001346620
Dehalococcoides mccartyi	61435	S	2	1	3	0.0001346620
Flavobacterium sp. xlx-214	2654325	S	3	0	3	0.0001346620
Flavobacterium sp. LPB0248	2614441	S	2	1	3	0.0001346620
Polaribacter sp. SA4-10	754397	S	3	0	3	0.0001346620
Polaribacter sp. ALD11	2058137	S	3	0	3	0.0001346620
Polaribacter sejongensis	985043	S	3	0	3	0.0001346620
Polaribacter haliotis	1888915	S	3	0	3	0.0001346620
Capnocytophaga sp. H4358	1945658	S	2	1	3	0.0001346620
Tenacibaculum maritimum	107401	S	3	0	3	0.0001346620
Tenacibaculum todarodis	1850252	S	3	0	3	0.0001346620
Winogradskyella helgolandensis	2697010	S	3	0	3	0.0001346620
Nonlabens sp. SY33080	2719911	S	1	2	3	0.0001346620
Nonlabens spongiae	331648	S	3	0	3	0.0001346620
Nonlabens ponticola	2496866	S	3	0	3	0.0001346620
Cellulophaga lytica	979	S	3	0	3	0.0001346620
Algibacter sp. L3A6	2686366	S	3	0	3	0.0001346620
Maribacter cobaltidurans	1178778	S	2	1	3	0.0001346620
Aequorivita sp. KX20305	2803865	S	3	0	3	0.0001346620
Antarcticibacterium arcticum	2585771	S	3	0	3	0.0001346620
Seonamhaeicola sp. S2-3	1936081	S	3	0	3	0.0001346620
Siansivirga zeaxanthinifaciens	762954	S	3	0	3	0.0001346620
Chryseobacterium camelliae	1265445	S	2	1	3	0.0001346620
Chryseobacterium shandongense	1493872	S	2	1	3	0.0001346620
Kaistella carnis	1241979	S	3	0	3	0.0001346620
Elizabethkingia sp. JS20170427COW	2583851	S	3	0	3	0.0001346620
Ornithobacterium rhinotracheale	28251	S	3	0	3	0.0001346620
Riemerella anatipestifer	34085	S	3	0	3	0.0001346620
Blattabacterium sp. (Mastotermes darwiniensis)	39768	S	3	0	3	0.0001346620
Blattabacterium punctulatus	164514	S	3	0	3	0.0001346620
Spirosoma sp. CJU-R4	2728024	S	3	0	3	0.0001346620
Rhodocytophaga rosea	2704465	S	3	0	3	0.0001346620
Cyclobacterium marinum	104	S	3	0	3	0.0001346620
Algoriphagus sp. Y33	2772483	S	3	0	3	0.0001346620
Echinicola rosea	1807691	S	3	0	3	0.0001346620
Pedobacter heparinus	984	S	3	0	3	0.0001346620
Sphingobacterium psychroaquaticum	561061	S	3	0	3	0.0001346620
Sphingobacterium lactis	797291	S	2	1	3	0.0001346620
Mucilaginibacter celer	2305508	S	3	0	3	0.0001346620
Mucilaginibacter mali	2740462	S	3	0	3	0.0001346620
Chitinophaga sp. MD30	2033437	S	3	0	3	0.0001346620
Chitinophaga agri	2703787	S	2	1	3	0.0001346620
Flavihumibacter sp. SB-02	2676868	S	3	0	3	0.0001346620
Bacteroides sp. M10	2763022	S	1	2	3	0.0001346620
Bacteroides caecimuris	1796613	S	3	0	3	0.0001346620
Prevotella sp. oral taxon 299	652716	S	3	0	3	0.0001346620
Alistipes megaguti	2364787	S	3	0	3	0.0001346620
Alistipes communis	2585118	S	3	0	3	0.0001346620
Parabacteroides distasonis	823	S	2	1	3	0.0001346620
Butyricimonas virosa	544645	S	3	0	3	0.0001346620
Salinivirga cyanobacteriivorans	1307839	S	3	0	3	0.0001346620
Draconibacterium sp. M1	2706887	S	3	0	3	0.0001346620
Labilibaculum antarcticum	1717717	S	3	0	3	0.0001346620
Rhodothermus marinus	29549	S	3	0	3	0.0001346620
Salinibacter ruber	146919	S	3	0	3	0.0001346620
Prosthecochloris aestuarii	1102	S	3	0	3	0.0001346620
Gemmatimonas aurantiaca	173480	S	3	0	3	0.0001346620
Botrimarina mediterranea	2528022	S	3	0	3	0.0001346620
Phycisphaera mikurensis	547188	S	3	0	3	0.0001346620
Akkermansia glycaniphila	1679444	S	3	0	3	0.0001346620
Lacunisphaera limnophila	1838286	S	3	0	3	0.0001346620
Coraliomargarita akajimensis	395922	S	3	0	3	0.0001346620
Chlamydia abortus	83555	S	2	1	3	0.0001346620
Fusobacterium mortiferum	850	S	3	0	3	0.0001346620
Sebaldella termitidis	826	S	3	0	3	0.0001346620
Sphaerochaeta pleomorpha	1131707	S	3	0	3	0.0001346620
Brachyspira hyodysenteriae	159	S	3	0	3	0.0001346620
Brachyspira hampsonii	1287055	S	3	0	3	0.0001346620
Acidobacterium sp. 4Y35	2763107	S	3	0	3	0.0001346620
Paludibaculum fermentans	1473598	S	3	0	3	0.0001346620
Tepiditoga spiralis	2108365	S	3	0	3	0.0001346620
Candidatus Saccharimonas aalborgensis	1332188	S	3	0	3	0.0001346620
Haloterrigena salifodinae	2675099	S	3	0	3	0.0001346620
Natrialba magadii	13769	S	3	0	3	0.0001346620
Halosimplex rubrum	869889	S	3	0	3	0.0001346620
Methanothermococcus okinawensis	155863	S	3	0	3	0.0001346620
Methanobacterium formicicum	2162	S	2	1	3	0.0001346620
Thermococcus profundus	49899	S	3	0	3	0.0001346620
Nitrosarchaeum sp. AC2	2259673	S	3	0	3	0.0001346620
Flavobacterium phage vB_FspS_snusmum6-1	2686273	S	2	1	3	0.0001346620
Lactococcus phage M6162	1862961	S	1	2	3	0.0001346620
Cellulophaga virus Cba121	1918193	S	2	1	3	0.0001346620
Prochlorococcus phage P-TIM68	1542477	S	3	0	3	0.0001346620
Microcystis phage MaMV-DC	1357715	S	1	2	3	0.0001346620
Aeromonas virus 56	2560283	S	3	0	3	0.0001346620
Synechococcus virus ST4	2734145	S	3	0	3	0.0001346620
Yellowstone lake phycodnavirus 2	1586714	S	3	0	3	0.0001346620
Paramecium bursaria Chlorella virus A1	381899	S	3	0	3	0.0001346620
Lymantria dispar multiple nucleopolyhedrovirus	10449	S	3	0	3	0.0001346620
Acidovorax cattleyae	80868	S	2	0	2	0.0000897747
Polaromonas sp. W10N	1840301	S	2	0	2	0.0000897747
Candidatus Symbiobacter mobilis	1436290	S	2	0	2	0.0000897747
Pulveribacter suum	2116657	S	2	0	2	0.0000897747
Burkholderia multivorans	87883	S	2	0	2	0.0000897747
Burkholderia sp. BDU8	1385592	S	2	0	2	0.0000897747
Burkholderia sp. IDO3	1705310	S	1	1	2	0.0000897747
Burkholderia sp. PAMC 28687	1795874	S	1	1	2	0.0000897747
Cupriavidus gilardii	82541	S	1	1	2	0.0000897747
Paraburkholderia sp. PGU16	2735433	S	2	0	2	0.0000897747
Paraburkholderia sp. PGU19	2735434	S	2	0	2	0.0000897747
Paraburkholderia megapolitana	420953	S	2	0	2	0.0000897747
Paraburkholderia sprentiae	948107	S	2	0	2	0.0000897747
Paraburkholderia terricola	169427	S	2	0	2	0.0000897747
Paraburkholderia dokdonella	2211211	S	2	0	2	0.0000897747
Paraburkholderia graminis	60548	S	2	0	2	0.0000897747
Pandoraea pulmonicola	93221	S	2	0	2	0.0000897747
Pandoraea faecigallinarum	656179	S	2	0	2	0.0000897747
Caballeronia insecticola	758793	S	2	0	2	0.0000897747
Limnobacter sp. SAORIC-580	2732163	S	2	0	2	0.0000897747
Janthinobacterium sp. 17J80-10	2497863	S	2	0	2	0.0000897747
Massilia armeniaca	2072590	S	2	0	2	0.0000897747
Herbaspirillum sp. meg3	2025949	S	2	0	2	0.0000897747
Undibacterium parvum	401471	S	2	0	2	0.0000897747
Herminiimonas arsenitoxidans	1809410	S	2	0	2	0.0000897747
Thiomonas intermedia	926	S	2	0	2	0.0000897747
Alcaligenes aquatilis	323284	S	1	1	2	0.0000897747
Pigmentiphaga sp. H8	2488560	S	2	0	2	0.0000897747
Pusillimonas sp. T7-7	1007105	S	2	0	2	0.0000897747
Oligella urethralis	90245	S	2	0	2	0.0000897747
Kerstersia gyiorum	206506	S	2	0	2	0.0000897747
Azoarcus communis	41977	S	2	0	2	0.0000897747
Azoarcus olearius	418699	S	2	0	2	0.0000897747
Chromobacterium paludis	2605945	S	2	0	2	0.0000897747
Chitinibacter sp. 2T18	2739434	S	2	0	2	0.0000897747
Laribacter hongkongensis	168471	S	2	0	2	0.0000897747
Neisseria sp. oral taxon 014	641148	S	2	0	2	0.0000897747
Neisseria mucosa	488	S	2	0	2	0.0000897747
Crenobacter cavernae	2290923	S	2	0	2	0.0000897747
Denitratisoma oestradiolicum	311182	S	2	0	2	0.0000897747
Sterolibacterium denitrificans	157592	S	2	0	2	0.0000897747
Candidatus Methylopumilus turicensis	1581680	S	2	0	2	0.0000897747
Nitrosomonas ureae	44577	S	2	0	2	0.0000897747
Thiobacillus denitrificans	36861	S	2	0	2	0.0000897747
Candidatus Accumulibacter phosphatis	327160	S	2	0	2	0.0000897747
Candidatus Profftella armatura (Diaphorina cf. continua)	2661583	S	2	0	2	0.0000897747
Pseudomonas sp. J380	2605424	S	2	0	2	0.0000897747
Pseudomonas sp. DG56-2	2320270	S	2	0	2	0.0000897747
Pseudomonas sp. K2W31S-8	2320867	S	2	0	2	0.0000897747
Pseudomonas sp. CC6-YY-74	1930532	S	2	0	2	0.0000897747
Pseudomonas sp. StFLB209	1028989	S	2	0	2	0.0000897747
Pseudomonas sp. ATCC 13867	1294143	S	2	0	2	0.0000897747
Pseudomonas sp. PDNC002	2811422	S	2	0	2	0.0000897747
Pseudomonas sp. UW4	1207075	S	2	0	2	0.0000897747
Pseudomonas sp. ABC1	2748080	S	2	0	2	0.0000897747
Pseudomonas sp. MSPm1	2726956	S	2	0	2	0.0000897747
Pseudomonas sp. SK	2729423	S	2	0	2	0.0000897747
Pseudomonas sp. PONIH3	1636610	S	1	1	2	0.0000897747
Pseudomonas sp. phDV1	253237	S	1	1	2	0.0000897747
Pseudomonas resinovorans	53412	S	2	0	2	0.0000897747
Pseudomonas rhodesiae	76760	S	2	0	2	0.0000897747
Pseudomonas coronafaciens	53409	S	2	0	2	0.0000897747
Pseudomonas asturiensis	1190415	S	2	0	2	0.0000897747
Pseudomonas agarici	46677	S	2	0	2	0.0000897747
Pseudomonas simiae	321846	S	2	0	2	0.0000897747
Pseudomonas granadensis	1421430	S	2	0	2	0.0000897747
Pseudomonas denitrificans (nom. rej.)	43306	S	2	0	2	0.0000897747
Pseudomonas allokribbensis	2774460	S	2	0	2	0.0000897747
Pseudomonas cerasi	1583341	S	1	1	2	0.0000897747
Pseudomonas brassicacearum	930166	S	1	1	2	0.0000897747
Pseudomonas glycinae	1785145	S	1	1	2	0.0000897747
Azotobacter salinestris	69964	S	2	0	2	0.0000897747
Acinetobacter sp. TGL-Y2	1407071	S	2	0	2	0.0000897747
Acinetobacter sp. WCHAc010034	1879049	S	2	0	2	0.0000897747
Acinetobacter gyllenbergii	134534	S	2	0	2	0.0000897747
Acinetobacter piscicola	2006115	S	2	0	2	0.0000897747
Acinetobacter dispersus	70348	S	2	0	2	0.0000897747
Acinetobacter equi	1324350	S	2	0	2	0.0000897747
Acinetobacter defluvii	1871111	S	2	0	2	0.0000897747
Moraxella catarrhalis	480	S	2	0	2	0.0000897747
Psychrobacter sp. P11G5	1699624	S	1	1	2	0.0000897747
Klebsiella aerogenes	548	S	2	0	2	0.0000897747
Klebsiella oxytoca	571	S	2	0	2	0.0000897747
Klebsiella grimontii	2058152	S	1	1	2	0.0000897747
Citrobacter sp. R56	1573676	S	2	0	2	0.0000897747
Citrobacter rodentium	67825	S	2	0	2	0.0000897747
Citrobacter amalonaticus	35703	S	1	1	2	0.0000897747
Escherichia albertii	208962	S	2	0	2	0.0000897747
Escherichia marmotae	1499973	S	2	0	2	0.0000897747
Cronobacter dublinensis	413497	S	2	0	2	0.0000897747
Cronobacter condimenti	1163710	S	2	0	2	0.0000897747
Candidatus Blochmannia pennsylvanicus	101534	S	1	1	2	0.0000897747
Enterobacteriaceae endosymbiont of Macroplea appendiculata	2675790	S	2	0	2	0.0000897747
Lelliottia amnigena	61646	S	2	0	2	0.0000897747
Pantoea sp. At-9b	592316	S	2	0	2	0.0000897747
Mixta theicola	1458355	S	2	0	2	0.0000897747
Yersinia aleksiciae	263819	S	2	0	2	0.0000897747
Yersinia massiliensis	419257	S	1	1	2	0.0000897747
Ewingella americana	41202	S	2	0	2	0.0000897747
Providencia rettgeri	587	S	2	0	2	0.0000897747
Providencia heimbachae	333962	S	2	0	2	0.0000897747
Xenorhabdus budapestensis	290110	S	2	0	2	0.0000897747
Candidatus Arsenophonus lipoptenae	634113	S	2	0	2	0.0000897747
Photorhabdus laumondii	2218628	S	2	0	2	0.0000897747
Pectobacterium parmentieri	1905730	S	2	0	2	0.0000897747
Dickeya zeae	204042	S	2	0	2	0.0000897747
Dickeya sp. NCPPB 3274	568766	S	1	1	2	0.0000897747
Brenneria goodwinii	1109412	S	2	0	2	0.0000897747
Edwardsiella ictaluri	67780	S	2	0	2	0.0000897747
Xanthomonas axonopodis	53413	S	2	0	2	0.0000897747
Xanthomonas euroxanthea	2259622	S	2	0	2	0.0000897747
Xanthomonas translucens	343	S	2	0	2	0.0000897747
Stenotrophomonas sp. LM091	1904944	S	2	0	2	0.0000897747
Lysobacter sp. TY2-98	2290922	S	1	1	2	0.0000897747
Lysobacter arenosi	2795387	S	2	0	2	0.0000897747
Luteimonas sp. JM171	1896164	S	2	0	2	0.0000897747
Luteimonas sp. YGD11-2	2508168	S	2	0	2	0.0000897747
Luteimonas yindakuii	2565782	S	2	0	2	0.0000897747
Arenimonas daejeonensis	370777	S	2	0	2	0.0000897747
Dyella japonica	231455	S	2	0	2	0.0000897747
Luteibacter pinisoli	2589080	S	1	1	2	0.0000897747
Marinobacter sp. LV10R510-11A	1415568	S	2	0	2	0.0000897747
Marinobacter hydrocarbonoclasticus	2743	S	2	0	2	0.0000897747
Marinobacter salinus	1874317	S	2	0	2	0.0000897747
Alteromonas macleodii	28108	S	2	0	2	0.0000897747
Alteromonas mediterranea	314275	S	2	0	2	0.0000897747
Alteromonas pelagimontana	1858656	S	2	0	2	0.0000897747
Salinimonas sp. G2-b	2785918	S	2	0	2	0.0000897747
Catenovulum sediminis	1740262	S	2	0	2	0.0000897747
Shewanella sp. Scap07	2589987	S	2	0	2	0.0000897747
Shewanella sp. Arc9-LZ	2698686	S	2	0	2	0.0000897747
Shewanella sp. YLB-06	2593655	S	2	0	2	0.0000897747
Shewanella sp. WPAGA9	2775245	S	1	1	2	0.0000897747
Shewanella benthica	43661	S	2	0	2	0.0000897747
Parashewanella tropica	2547970	S	2	0	2	0.0000897747
Pseudoalteromonas atlantica	288	S	2	0	2	0.0000897747
Pseudoalteromonas spongiae	298657	S	2	0	2	0.0000897747
Pseudoalteromonas luteoviolacea	43657	S	2	0	2	0.0000897747
Psychrosphaera sp. MTZ26	2820710	S	2	0	2	0.0000897747
Colwellia sp. PAMC 21821	1816219	S	2	0	2	0.0000897747
Idiomarina andamanensis	1940690	S	2	0	2	0.0000897747
Halomonas sp. THAF12	2587849	S	2	0	2	0.0000897747
Halomonas sp. KO116	1504981	S	2	0	2	0.0000897747
Halomonas sp. A3H3	1346287	S	1	1	2	0.0000897747
Halomonas elongata	2746	S	2	0	2	0.0000897747
Halomonas piezotolerans	2609667	S	2	0	2	0.0000897747
Halomonas chromatireducens	507626	S	2	0	2	0.0000897747
Candidatus Portiera aleyrodidarum	91844	S	2	0	2	0.0000897747
Kushneria phosphatilytica	657387	S	2	0	2	0.0000897747
Marinomonas sp. FW-1	2071621	S	1	1	2	0.0000897747
Marinomonas posidonica	936476	S	2	0	2	0.0000897747
Marinomonas algicola	2773454	S	2	0	2	0.0000897747
Thalassolituus oleivorans	187493	S	2	0	2	0.0000897747
Reinekea forsetii	1336806	S	2	0	2	0.0000897747
Vibrio campbellii	680	S	2	0	2	0.0000897747
Vibrio natriegens	691	S	1	1	2	0.0000897747
Vibrio sp. THAF190c	2587865	S	2	0	2	0.0000897747
Vibrio panuliri	1381081	S	2	0	2	0.0000897747
Vibrio tapetis	52443	S	2	0	2	0.0000897747
Vibrio rumoiensis	76258	S	2	0	2	0.0000897747
Photobacterium profundum	74109	S	2	0	2	0.0000897747
Aliivibrio salmonicida	40269	S	2	0	2	0.0000897747
Candidatus Enterovibrio luxaltus	1927128	S	2	0	2	0.0000897747
Paraphotobacterium marinum	1755811	S	2	0	2	0.0000897747
Actinobacillus porcitonsillarum	189834	S	2	0	2	0.0000897747
Rodentibacter sp. DSM 111151	2778911	S	2	0	2	0.0000897747
Vespertiliibacter pulmonis	1443036	S	2	0	2	0.0000897747
Rheinheimera sp. F8	1763998	S	2	0	2	0.0000897747
Candidatus Nitrosoglobus terrae	1630141	S	2	0	2	0.0000897747
Candidatus Nitrosacidococcus tergens	553981	S	2	0	2	0.0000897747
Thioalkalivibrio versutus	106634	S	2	0	2	0.0000897747
Thioalkalivibrio paradoxus	108010	S	2	0	2	0.0000897747
Acidihalobacter aeolianus	2792603	S	2	0	2	0.0000897747
Granulosicoccus antarcticus	437505	S	2	0	2	0.0000897747
Sulfuriflexus mobilis	1811807	S	2	0	2	0.0000897747
Woeseia oceani	1548547	S	2	0	2	0.0000897747
Guyparkeria halophila	47960	S	2	0	2	0.0000897747
Aeromonas jandaei	650	S	2	0	2	0.0000897747
Tolumonas auensis	43948	S	2	0	2	0.0000897747
Oceanisphaera profunda	1416627	S	2	0	2	0.0000897747
Cellvibrio japonicus	155077	S	2	0	2	0.0000897747
Agarilytica rhodophyticola	1737490	S	2	0	2	0.0000897747
Spongiibacter sp. CSC3.9	2794344	S	2	0	2	0.0000897747
Microbulbifer sp. A4B17	359370	S	2	0	2	0.0000897747
Microbulbifer sp. SH-1	2681547	S	2	0	2	0.0000897747
Legionella sainthelensi	28087	S	2	0	2	0.0000897747
Legionella anisa	28082	S	2	0	2	0.0000897747
Aquicella siphonis	254247	S	2	0	2	0.0000897747
Methylophaga frappieri	754477	S	2	0	2	0.0000897747
Piscirickettsia salmonis	1238	S	2	0	2	0.0000897747
Thiosulfativibrio zosterae	2675053	S	2	0	2	0.0000897747
Methylomonas sp. LL1	2785785	S	2	0	2	0.0000897747
Methylomonas rhizoryzae	2608981	S	2	0	2	0.0000897747
Methylocaldum marinum	1432792	S	2	0	2	0.0000897747
Acidiferrobacter sp. SPIII_3	1281578	S	2	0	2	0.0000897747
Sulfuricaulis limicola	1620215	S	2	0	2	0.0000897747
Bathymodiolus thermophilus thioautotrophic gill symbiont	2360	S	2	0	2	0.0000897747
Candidatus Reidiella endopervernicosa	2738883	S	2	0	2	0.0000897747
Solimonas sp. K1W22B-7	2303331	S	2	0	2	0.0000897747
Bradyrhizobium sp. 1(2017)	1404888	S	2	0	2	0.0000897747
Bradyrhizobium guangzhouense	1325095	S	2	0	2	0.0000897747
Bradyrhizobium genosp. B	83627	S	2	0	2	0.0000897747
Rhizobium sp. 11515TR	2028343	S	2	0	2	0.0000897747
Rhizobium pseudoryzae	379684	S	2	0	2	0.0000897747
Ensifer sojae	716925	S	2	0	2	0.0000897747
Methylobacterium terrae	2202827	S	2	0	2	0.0000897747
Mesorhizobium sp. M1B.F.Ca.ET.045.04.1.1	2493673	S	2	0	2	0.0000897747
Mesorhizobium sp. M8A.F.Ca.ET.057.01.1.1	2493679	S	2	0	2	0.0000897747
Mesorhizobium sp. M7D.F.Ca.US.005.01.1.1	2493678	S	2	0	2	0.0000897747
Mesorhizobium sp. M3A.F.Ca.ET.080.04.2.1	2493676	S	2	0	2	0.0000897747
Mesorhizobium sp. M2A.F.Ca.ET.043.05.1.1	2493671	S	2	0	2	0.0000897747
Mesorhizobium oceanicum	1670800	S	2	0	2	0.0000897747
Hoeflea sp. IMCC20628	1620421	S	2	0	2	0.0000897747
Phyllobacterium sp. 628	2718938	S	2	0	2	0.0000897747
Nitratireductor sp. SY7	2599600	S	2	0	2	0.0000897747
Chelativorans sp. BNC1	266779	S	2	0	2	0.0000897747
Methyloceanibacter sp. wino2	2170729	S	2	0	2	0.0000897747
Blastochloris tepida	2233851	S	2	0	2	0.0000897747
Paradevosia shaoguanensis	1335043	S	1	1	2	0.0000897747
Caenibius tardaugens	169176	S	1	1	2	0.0000897747
Ancylobacter pratisalsi	1745854	S	2	0	2	0.0000897747
Azorhizobium caulinodans	7	S	2	0	2	0.0000897747
Aureimonas sp. LMG 31693	2758041	S	2	0	2	0.0000897747
Martelella sp. AD-3	686597	S	1	1	2	0.0000897747
Labrenzia alexandrii	388408	S	2	0	2	0.0000897747
Methylocystis parvus	134	S	2	0	2	0.0000897747
Methylocystis rosea	173366	S	2	0	2	0.0000897747
Bartonella vinsonii	33047	S	2	0	2	0.0000897747
Bartonella ancashensis	1318743	S	2	0	2	0.0000897747
[Ochrobactrum] quorumnocens	271865	S	2	0	2	0.0000897747
Methylocella silvestris	199596	S	2	0	2	0.0000897747
Methylocella tundrae	227605	S	2	0	2	0.0000897747
Candidatus Hodgkinia cicadicola	573658	S	2	0	2	0.0000897747
Cohaesibacter sp. ES.047	1798205	S	2	0	2	0.0000897747
Chelatococcus sp. CO-6	1702325	S	2	0	2	0.0000897747
Pyruvatibacter mobilis	1712261	S	2	0	2	0.0000897747
Sphingomonas sp. HDW15A	2714942	S	2	0	2	0.0000897747
Sphingomonas sp. Cra20	1327635	S	2	0	2	0.0000897747
Sphingomonas sp. LK11	1390395	S	2	0	2	0.0000897747
Sphingomonas sp. XS-10	2599297	S	2	0	2	0.0000897747
Sphingomonas insulae	424800	S	2	0	2	0.0000897747
Sphingomonas rhizophila	2071607	S	2	0	2	0.0000897747
Sphingomonas xanthus	2594473	S	2	0	2	0.0000897747
Sphingobium sp. MI1205	407020	S	1	1	2	0.0000897747
Novosphingobium sp. Gsoil 351	2675225	S	2	0	2	0.0000897747
Sphingorhabdus sp. YGSMI21	2077182	S	2	0	2	0.0000897747
Parasphingopyxis sp. CP4	2724527	S	2	0	2	0.0000897747
Parasphingorhabdus sp. JHSY0214	2806553	S	2	0	2	0.0000897747
Novosphingopyxis sp. PB63	2762729	S	2	0	2	0.0000897747
Erythrobacter sp. KY5	2011159	S	2	0	2	0.0000897747
Erythrobacter sp. HKB08	2502843	S	2	0	2	0.0000897747
Erythrobacter aureus	2182384	S	2	0	2	0.0000897747
Porphyrobacter sp. HT-58-2	2023229	S	2	0	2	0.0000897747
Altererythrobacter atlanticus	1267766	S	2	0	2	0.0000897747
Tsuneonella amylolytica	2338327	S	2	0	2	0.0000897747
Croceicoccus naphthovorans	1348774	S	1	1	2	0.0000897747
Aurantiacibacter gangjinensis	502682	S	2	0	2	0.0000897747
Paracoccus sp. MC1862	2760307	S	2	0	2	0.0000897747
Paracoccus aestuarii	453842	S	2	0	2	0.0000897747
Paracoccus kondratievae	135740	S	2	0	2	0.0000897747
Paracoccus aminovorans	34004	S	2	0	2	0.0000897747
Paracoccus aminophilus	34003	S	2	0	2	0.0000897747
Sulfitobacter sp. SK011	1389004	S	2	0	2	0.0000897747
Sulfitobacter sp. JL08	2070369	S	2	0	2	0.0000897747
Rhodobacter sp. LPB0142	1850250	S	2	0	2	0.0000897747
Rhodobacter sp. CZR27	2033869	S	2	0	2	0.0000897747
Qingshengfaniella alkalisoli	2599296	S	2	0	2	0.0000897747
Marivivens sp. JLT3646	1920883	S	2	0	2	0.0000897747
Pseudooceanicola algae	1537215	S	2	0	2	0.0000897747
Yoonia vestfoldensis	245188	S	2	0	2	0.0000897747
Roseicitreum antarcticum	564137	S	2	0	2	0.0000897747
Pseudorhodobacter turbinis	2500533	S	2	0	2	0.0000897747
Polymorphum gilvum	991904	S	2	0	2	0.0000897747
Caulobacter sp. K31	366602	S	2	0	2	0.0000897747
Caulobacter henricii	69395	S	2	0	2	0.0000897747
Azospirillum sp. TSH100	652764	S	2	0	2	0.0000897747
Azospirillum thiophilum	528244	S	2	0	2	0.0000897747
Indioceanicola profundi	2220096	S	2	0	2	0.0000897747
Roseomonas sp. 546	2768162	S	2	0	2	0.0000897747
Roseomonas sp. FDAARGOS_362	2018065	S	1	1	2	0.0000897747
Roseomonas gilardii	257708	S	2	0	2	0.0000897747
Komagataeibacter medellinensis	1177712	S	1	1	2	0.0000897747
Lichenicola cladoniae	1484109	S	2	0	2	0.0000897747
Rickettsia endosymbiont of Ixodes pacificus	1133329	S	1	1	2	0.0000897747
Rickettsia sp. Tillamook 23	2761623	S	1	1	2	0.0000897747
Wolbachia endosymbiont of Litomosoides sigmodontis	80850	S	2	0	2	0.0000897747
Phreatobacter sp. NMCR1094	2570229	S	2	0	2	0.0000897747
Hyphomonas sp. Mor2	1906738	S	2	0	2	0.0000897747
Candidatus Pelagibacter sp. RS39	1977864	S	2	0	2	0.0000897747
Candidatus Nucleicultrix amoebiphila	1509244	S	2	0	2	0.0000897747
Parvularcula bermudensis	208216	S	2	0	2	0.0000897747
Luteithermobacter gelatinilyticus	2582913	S	2	0	2	0.0000897747
Pyxidicoccus sp. SCPEA002	2813578	S	2	0	2	0.0000897747
Desulfovibrio sp. IOR2	2583823	S	2	0	2	0.0000897747
Desulfovibrio carbinolicus	296842	S	1	1	2	0.0000897747
Pseudodesulfovibrio aespoeensis	182210	S	2	0	2	0.0000897747
Pseudodesulfovibrio mercurii	641491	S	2	0	2	0.0000897747
Syntrophotalea acetylenica	29542	S	2	0	2	0.0000897747
Syntrophotalea acetylenivorans	1842532	S	2	0	2	0.0000897747
Desulfuromonas sp. DDH964	1823759	S	2	0	2	0.0000897747
Pelobacter propionicus	29543	S	2	0	2	0.0000897747
Bradymonas sediminis	1548548	S	2	0	2	0.0000897747
Candidatus Desulfofervidus auxilii	1621989	S	2	0	2	0.0000897747
Malaciobacter mytili	603050	S	2	0	2	0.0000897747
Halarcobacter bivalviorum	663364	S	2	0	2	0.0000897747
Halarcobacter ebronensis	1462615	S	2	0	2	0.0000897747
Campylobacter blaseri	2042961	S	2	0	2	0.0000897747
Campylobacter geochelonis	1780362	S	2	0	2	0.0000897747
Campylobacter pinnipediorum	1965231	S	2	0	2	0.0000897747
Sulfurospirillum deleyianum	65553	S	2	0	2	0.0000897747
Helicobacter acinonychis	212	S	2	0	2	0.0000897747
Bdellovibrio sp. KM01	2748865	S	2	0	2	0.0000897747
Mariprofundus aestuarium	1921086	S	2	0	2	0.0000897747
Hydrogenophilus thermoluteolus	297	S	2	0	2	0.0000897747
Microlunatus sp. KUDC0627	2596828	S	2	0	2	0.0000897747
Tessaracoccus defluvii	1285901	S	2	0	2	0.0000897747
Acidipropionibacterium acidipropionici	1748	S	2	0	2	0.0000897747
Nocardioides sp. zg-1228	2763008	S	2	0	2	0.0000897747
Nocardioides sp. MC1495	2736757	S	2	0	2	0.0000897747
Nocardioides sp. HDW12A	2714938	S	2	0	2	0.0000897747
Nocardioides sp. JS614	196162	S	2	0	2	0.0000897747
Nocardioides houyundeii	2045452	S	2	0	2	0.0000897747
Micropruina glycogenica	75385	S	2	0	2	0.0000897747
Rhodococcus rhodochrous	1829	S	2	0	2	0.0000897747
Rhodococcus hoagii	43767	S	2	0	2	0.0000897747
Rhodococcus koreensis	99653	S	2	0	2	0.0000897747
Rhodococcus triatomae	300028	S	2	0	2	0.0000897747
Nocardia cyriacigeorgica	135487	S	2	0	2	0.0000897747
Mycolicibacterium rutilum	370526	S	2	0	2	0.0000897747
Mycolicibacterium frederiksbergense	117567	S	2	0	2	0.0000897747
Mycolicibacterium mageritense	53462	S	2	0	2	0.0000897747
Mycolicibacterium hassiacum	46351	S	2	0	2	0.0000897747
Mycolicibacterium parafortuitum	39692	S	2	0	2	0.0000897747
Mycolicibacterium phocaicum	319706	S	2	0	2	0.0000897747
Mycolicibacterium insubricum	444597	S	2	0	2	0.0000897747
Mycolicibacterium litorale	758802	S	2	0	2	0.0000897747
Mycolicibacterium chubuense	1800	S	2	0	2	0.0000897747
Mycolicibacterium smegmatis	1772	S	2	0	2	0.0000897747
Mycobacterium avium	1764	S	2	0	2	0.0000897747
Mycobacterium colombiense	339268	S	2	0	2	0.0000897747
Mycobacterium sp. EPa45	1545728	S	2	0	2	0.0000897747
Mycobacterium sp. QIA-37	1561223	S	1	1	2	0.0000897747
Mycobacterium stomatepiae	470076	S	2	0	2	0.0000897747
Mycobacterium shinjukuense	398694	S	2	0	2	0.0000897747
Mycobacterium marinum	1781	S	2	0	2	0.0000897747
Mycobacterium xenopi	1789	S	2	0	2	0.0000897747
Mycobacterium noviomagense	459858	S	2	0	2	0.0000897747
Mycobacterium heckeshornense	110505	S	2	0	2	0.0000897747
Mycobacterium gallinarum	39689	S	2	0	2	0.0000897747
[Mycobacterium] stephanolepidis	1520670	S	2	0	2	0.0000897747
Corynebacterium sp. zg-917	2763010	S	2	0	2	0.0000897747
Corynebacterium liangguodongii	2079535	S	2	0	2	0.0000897747
Corynebacterium aurimucosum	169292	S	2	0	2	0.0000897747
Corynebacterium glucuronolyticum	39791	S	2	0	2	0.0000897747
Corynebacterium variabile	1727	S	2	0	2	0.0000897747
Corynebacterium atypicum	191610	S	2	0	2	0.0000897747
Corynebacterium sanguinis	2594913	S	2	0	2	0.0000897747
Corynebacterium ulcerans	65058	S	2	0	2	0.0000897747
Corynebacterium testudinoris	136857	S	2	0	2	0.0000897747
Gordonia sp. HY186	2597659	S	2	0	2	0.0000897747
Tomitella sp. HY172	2760083	S	2	0	2	0.0000897747
Microbacterium sp. Se63.02b	2709304	S	2	0	2	0.0000897747
Microbacterium sp. YJN-G	2763257	S	2	0	2	0.0000897747
Microbacterium sp. TPU 3598	1938334	S	2	0	2	0.0000897747
Microbacterium sp. XT11	367477	S	2	0	2	0.0000897747
Microbacterium lushaniae	2614639	S	2	0	2	0.0000897747
Microbacterium testaceum	2033	S	2	0	2	0.0000897747
Microbacterium hydrocarbonoxydans	273678	S	2	0	2	0.0000897747
Microbacterium chocolatum	84292	S	2	0	2	0.0000897747
Curtobacterium sp. BH-2-1-1	1905847	S	2	0	2	0.0000897747
Curtobacterium sp. YC1	2795488	S	2	0	2	0.0000897747
Rathayibacter sp. VKM Ac-2760	2609253	S	2	0	2	0.0000897747
Agromyces sp. KACC 19306	2592652	S	2	0	2	0.0000897747
Agrococcus carbonis	684552	S	2	0	2	0.0000897747
Clavibacter sp. DM1	2768071	S	2	0	2	0.0000897747
Salinibacterium hongtaonis	2079791	S	2	0	2	0.0000897747
Salinibacterium sp. UTAS2018	2508880	S	2	0	2	0.0000897747
Humibacter sp. WJ7-1	2599293	S	2	0	2	0.0000897747
Frondihabitans sp. 762G35	1446794	S	2	0	2	0.0000897747
Glaciihabitans sp. INWT7	2596912	S	2	0	2	0.0000897747
Kocuria sp. TGY1120_3	2711329	S	2	0	2	0.0000897747
Kocuria varians	1272	S	2	0	2	0.0000897747
Rothia kristinae	37923	S	2	0	2	0.0000897747
Rothia nasimurium	85336	S	2	0	2	0.0000897747
Pseudarthrobacter sp. NBSH8	2596911	S	2	0	2	0.0000897747
Pseudarthrobacter phenanthrenivorans	361575	S	2	0	2	0.0000897747
Pseudarthrobacter equi	728066	S	2	0	2	0.0000897747
Citricoccus sp. SGAir0253	2567881	S	2	0	2	0.0000897747
Zhihengliuella sp. ISTPL4	2058657	S	1	1	2	0.0000897747
Dermacoccus sp. PAMC28757	2762331	S	2	0	2	0.0000897747
Cellulosimicrobium sp. BI34T	2587808	S	2	0	2	0.0000897747
Isoptericola variabilis	139208	S	2	0	2	0.0000897747
Janibacter indicus	857417	S	1	1	2	0.0000897747
Janibacter sp. YB324	2761047	S	1	1	2	0.0000897747
Pedococcus dokdonensis	443156	S	2	0	2	0.0000897747
Cellulomonas sp. PSBB021	2003551	S	2	0	2	0.0000897747
Cellulomonas sp. H30R-01	2704467	S	2	0	2	0.0000897747
Cellulomonas fimi	1708	S	2	0	2	0.0000897747
Actinotalea sp. JY-7876	2758442	S	2	0	2	0.0000897747
Brevibacterium luteolum	199591	S	2	0	2	0.0000897747
Brachybacterium avium	2017485	S	2	0	2	0.0000897747
Haloactinobacterium sp. RN3S43	2779775	S	2	0	2	0.0000897747
Kytococcus sedentarius	1276	S	2	0	2	0.0000897747
Streptomyces sp. HM190	2695266	S	2	0	2	0.0000897747
Streptomyces sp. Tue 6075	1661694	S	2	0	2	0.0000897747
Streptomyces sp. SM18	1736046	S	2	0	2	0.0000897747
Streptomyces sp. WAC 01529	2203205	S	2	0	2	0.0000897747
Streptomyces sp. GS7	2692234	S	2	0	2	0.0000897747
Streptomyces sp. DSM 40868	2721173	S	2	0	2	0.0000897747
Streptomyces sp. SAT1	1849967	S	2	0	2	0.0000897747
Streptomyces sp. ID38640	1265399	S	2	0	2	0.0000897747
Streptomyces sp. TN58	234612	S	2	0	2	0.0000897747
Streptomyces sp. CB01881	2078691	S	2	0	2	0.0000897747
Streptomyces sp. SUK 48	2582831	S	2	0	2	0.0000897747
Streptomyces sp. Rer75	2750011	S	2	0	2	0.0000897747
Streptomyces sp. HSG2	2797167	S	2	0	2	0.0000897747
Streptomyces sp. CRPJ-33	2768068	S	2	0	2	0.0000897747
Streptomyces sp. INR7	2607753	S	2	0	2	0.0000897747
Streptomyces sp. Sge12	1972846	S	1	1	2	0.0000897747
Streptomyces leeuwenhoekii	1437453	S	2	0	2	0.0000897747
Streptomyces glomeroaurantiacus	68210	S	2	0	2	0.0000897747
Streptomyces mobaraensis	35621	S	2	0	2	0.0000897747
Streptomyces galilaeus	33899	S	2	0	2	0.0000897747
Streptomyces nitrosporeus	28894	S	2	0	2	0.0000897747
Streptomyces alboniger	132473	S	2	0	2	0.0000897747
Streptomyces vinaceus	1960	S	2	0	2	0.0000897747
Streptomyces rimosus	1927	S	2	0	2	0.0000897747
Streptomyces ferrugineus	1413221	S	2	0	2	0.0000897747
Streptomyces sampsonii	42239	S	1	1	2	0.0000897747
Streptomyces formicae	1616117	S	2	0	2	0.0000897747
Streptomyces lincolnensis	1915	S	2	0	2	0.0000897747
Streptomyces lavendulae	1914	S	2	0	2	0.0000897747
Streptomyces tirandamycinicus	2174846	S	2	0	2	0.0000897747
Streptomyces cadmiisoli	2184053	S	2	0	2	0.0000897747
Streptomyces glaucescens	1907	S	2	0	2	0.0000897747
Streptomyces ambofaciens	1889	S	2	0	2	0.0000897747
Streptomyces actuosus	1885	S	2	0	2	0.0000897747
Streptomyces collinus	42684	S	2	0	2	0.0000897747
Streptomyces gardneri	66892	S	2	0	2	0.0000897747
Streptomyces globosus	68209	S	2	0	2	0.0000897747
Streptomyces hawaiiensis	67305	S	2	0	2	0.0000897747
Streptomyces subrutilus	36818	S	2	0	2	0.0000897747
Streptomyces alfalfae	1642299	S	1	1	2	0.0000897747
Micromonospora sp. HM134	2583243	S	2	0	2	0.0000897747
Micromonospora rifamycinica	291594	S	2	0	2	0.0000897747
Micromonospora maris	1003110	S	2	0	2	0.0000897747
Micromonospora siamensis	299152	S	2	0	2	0.0000897747
Micromonospora auratinigra	261654	S	2	0	2	0.0000897747
Micromonospora viridifaciens	1881	S	2	0	2	0.0000897747
Verrucosispora sp. NA02020	2742132	S	2	0	2	0.0000897747
Actinocatenispora thailandica	227318	S	2	0	2	0.0000897747
Amycolatopsis sp. BJA-103	1911175	S	2	0	2	0.0000897747
Amycolatopsis orientalis	31958	S	2	0	2	0.0000897747
Amycolatopsis albispora	1804986	S	2	0	2	0.0000897747
Saccharopolyspora coralli	2665642	S	2	0	2	0.0000897747
Saccharothrix espanaensis	103731	S	2	0	2	0.0000897747
Actinoalloteichus hoggarensis	1470176	S	1	1	2	0.0000897747
Kutzneria albida	43357	S	2	0	2	0.0000897747
Prauserella marina	530584	S	2	0	2	0.0000897747
Lentzea guizhouensis	1586287	S	2	0	2	0.0000897747
Actinomyces sp. oral taxon 171	706438	S	2	0	2	0.0000897747
Actinomyces sp. Chiba101	1851395	S	2	0	2	0.0000897747
Actinomyces sp. Z16	2079536	S	2	0	2	0.0000897747
Actinomyces howellii	52771	S	2	0	2	0.0000897747
Actinomyces wuliandei	2057743	S	2	0	2	0.0000897747
Actinomyces qiguomingii	2057800	S	2	0	2	0.0000897747
Flaviflexus sp. H23T48	2496867	S	2	0	2	0.0000897747
Thermobispora bispora	2006	S	2	0	2	0.0000897747
Bifidobacterium bifidum	1681	S	2	0	2	0.0000897747
Bifidobacterium adolescentis	1680	S	2	0	2	0.0000897747
Bifidobacterium eulemuris	1765219	S	2	0	2	0.0000897747
Bifidobacterium animalis	28025	S	2	0	2	0.0000897747
Bifidobacterium scardovii	158787	S	2	0	2	0.0000897747
Candidatus Planktophila lacus	1884913	S	2	0	2	0.0000897747
Candidatus Planktophila dulcis	1884914	S	2	0	2	0.0000897747
Nakamurella sp. PAMC28650	2762325	S	2	0	2	0.0000897747
Nakamurella panacisegetis	1090615	S	2	0	2	0.0000897747
Epidermidibacterium keratini	1891644	S	2	0	2	0.0000897747
Kineococcus radiotolerans	131568	S	2	0	2	0.0000897747
Acidothermus cellulolyticus	28049	S	2	0	2	0.0000897747
Rubrobacter sp. SCSIO 52909	2653851	S	2	0	2	0.0000897747
Rubrobacter indicoceani	2051957	S	2	0	2	0.0000897747
Bacillus pseudomycoides	64104	S	2	0	2	0.0000897747
Bacillus cytotoxicus	580165	S	2	0	2	0.0000897747
Bacillus luti	2026191	S	2	0	2	0.0000897747
Bacillus sp. V3	2795526	S	2	0	2	0.0000897747
Bacillus sp. 1NLA3E	666686	S	2	0	2	0.0000897747
Bacillus sp. FJAT-42376	2014076	S	2	0	2	0.0000897747
Bacillus cellulosilyticus	1413	S	2	0	2	0.0000897747
Bacillus gobiensis	1441095	S	2	0	2	0.0000897747
Bacillus dafuensis	1742359	S	2	0	2	0.0000897747
Bacillus vietnamensis	218284	S	2	0	2	0.0000897747
Priestia flexa	86664	S	2	0	2	0.0000897747
Lysinibacillus timonensis	2086577	S	2	0	2	0.0000897747
Virgibacillus sp. Bac330	2419841	S	1	1	2	0.0000897747
Anoxybacillus caldiproteolyticus	247480	S	2	0	2	0.0000897747
Oceanobacillus zhaokaii	2052660	S	2	0	2	0.0000897747
Geobacillus subterraneus	129338	S	1	1	2	0.0000897747
Peribacillus butanolivorans	421767	S	2	0	2	0.0000897747
Mesobacillus foraminis	279826	S	2	0	2	0.0000897747
Weizmannia coagulans	1398	S	2	0	2	0.0000897747
Fictibacillus phosphorivorans	1221500	S	2	0	2	0.0000897747
Salicibibacter kimchii	2099786	S	2	0	2	0.0000897747
Anaerobacillus isosaccharinicus	1532552	S	2	0	2	0.0000897747
Paraliobacillus zengyii	2213194	S	2	0	2	0.0000897747
Staphylococcus sp. 17KM0847	2583989	S	2	0	2	0.0000897747
Mammaliicoccus vitulinus	71237	S	2	0	2	0.0000897747
Paenibacillus sp. TB2019	2810347	S	2	0	2	0.0000897747
Paenibacillus sp. B01	2660554	S	2	0	2	0.0000897747
Paenibacillus sp. FSL H7-0357	1536774	S	2	0	2	0.0000897747
Paenibacillus sp. FSL H7-0737	1536775	S	2	0	2	0.0000897747
Paenibacillus rhizovicinus	2704463	S	2	0	2	0.0000897747
Paenibacillus physcomitrellae	1619311	S	2	0	2	0.0000897747
Paenibacillus crassostreae	1763538	S	2	0	2	0.0000897747
Paenibacillus chitinolyticus	79263	S	2	0	2	0.0000897747
Paenibacillus psychroresistens	1778678	S	2	0	2	0.0000897747
Paenibacillus polymyxa	1406	S	1	1	2	0.0000897747
Cohnella candidum	2674991	S	2	0	2	0.0000897747
Thermobacillus composti	377615	S	2	0	2	0.0000897747
Planococcus donghaensis	414778	S	2	0	2	0.0000897747
Planococcus versutus	1302659	S	2	0	2	0.0000897747
Solibacillus silvestris	76853	S	2	0	2	0.0000897747
Alicyclobacillus sp. SO9	2665646	S	2	0	2	0.0000897747
Tumebacillus algifaecis	1214604	S	1	1	2	0.0000897747
Laceyella sacchari	37482	S	2	0	2	0.0000897747
Novibacillus thermophilus	1471761	S	2	0	2	0.0000897747
Sporolactobacillus terrae	269673	S	2	0	2	0.0000897747
Streptococcus parauberis	1348	S	2	0	2	0.0000897747
Streptococcus uberis	1349	S	2	0	2	0.0000897747
Streptococcus troglodytae	1111760	S	2	0	2	0.0000897747
Streptococcus mutans	1309	S	2	0	2	0.0000897747
Streptococcus anginosus	1328	S	1	1	2	0.0000897747
Streptococcus australis	113107	S	1	1	2	0.0000897747
Lactobacillus helveticus	1587	S	2	0	2	0.0000897747
Lactobacillus terrae	2269374	S	2	0	2	0.0000897747
Lactobacillus amylolyticus	83683	S	2	0	2	0.0000897747
Limosilactobacillus reuteri	1598	S	2	0	2	0.0000897747
Leuconostoc carnosum	1252	S	2	0	2	0.0000897747
Weissella paramesenteroides	1249	S	2	0	2	0.0000897747
Weissella soli	155866	S	2	0	2	0.0000897747
Companilactobacillus crustorum	392416	S	2	0	2	0.0000897747
Liquorilactobacillus mali	1618	S	2	0	2	0.0000897747
Lactiplantibacillus paraplantarum	60520	S	1	1	2	0.0000897747
Lentilactobacillus buchneri	1581	S	2	0	2	0.0000897747
Enterococcus saigonensis	1805431	S	2	0	2	0.0000897747
Vagococcus teuberi	519472	S	2	0	2	0.0000897747
Vagococcus penaei	633807	S	2	0	2	0.0000897747
Tetragenococcus halophilus	51669	S	2	0	2	0.0000897747
Carnobacterium divergens	2748	S	2	0	2	0.0000897747
Jeotgalibaca arthritidis	1868794	S	1	1	2	0.0000897747
Clostridium sp. JN-1	2483110	S	2	0	2	0.0000897747
Clostridium sp. 'deep sea'	2779445	S	2	0	2	0.0000897747
Clostridium cochlearium	1494	S	2	0	2	0.0000897747
Clostridium septicum	1504	S	2	0	2	0.0000897747
Clostridium estertheticum	238834	S	2	0	2	0.0000897747
Clostridium drakei	332101	S	2	0	2	0.0000897747
Clostridium autoethanogenum	84023	S	1	1	2	0.0000897747
Candidatus Arthromitus sp. SFB-rat-Yit	1041504	S	2	0	2	0.0000897747
Hungatella hathewayi	154046	S	2	0	2	0.0000897747
Hathewaya histolytica	1498	S	2	0	2	0.0000897747
Anaerostipes hadrus	649756	S	2	0	2	0.0000897747
Anaerocolumna sp. CTTW	2736602	S	2	0	2	0.0000897747
Lachnoclostridium phocaeense	1871021	S	2	0	2	0.0000897747
Coprococcus sp. ART55/1	751585	S	2	0	2	0.0000897747
Butyrivibrio proteoclasticus	43305	S	2	0	2	0.0000897747
Herbinix luporum	1679721	S	2	0	2	0.0000897747
[Ruminococcus] gnavus	33038	S	2	0	2	0.0000897747
Lachnospira eligens	39485	S	2	0	2	0.0000897747
Acetoanaerobium sticklandii	1511	S	2	0	2	0.0000897747
Ruminococcus bicirculans	1160721	S	2	0	2	0.0000897747
Acetivibrio saccincola	1677857	S	2	0	2	0.0000897747
Desulfitobacterium dehalogenans	36854	S	2	0	2	0.0000897747
Syntrophobotulus glycolicus	51197	S	2	0	2	0.0000897747
Eubacterium sp. NSJ-61	2764325	S	2	0	2	0.0000897747
Christensenella sp. Marseille-P3954	2086585	S	2	0	2	0.0000897747
Petrocella atlantisensis	2173034	S	2	0	2	0.0000897747
Thermoanaerobacterium thermosaccharolyticum	1517	S	2	0	2	0.0000897747
Acetohalobium arabaticum	28187	S	2	0	2	0.0000897747
Veillonella nakazawae	2682456	S	2	0	2	0.0000897747
Dialister massiliensis	2161821	S	1	1	2	0.0000897747
Methylomusa anaerophila	1930071	S	2	0	2	0.0000897747
Acidaminococcus intestini	187327	S	2	0	2	0.0000897747
Tissierellia sp. JN-28	2507161	S	2	0	2	0.0000897747
Schnuerera ultunensis	45497	S	2	0	2	0.0000897747
Ezakiella massiliensis	1852374	S	2	0	2	0.0000897747
Erysipelothrix rhusiopathiae	1648	S	2	0	2	0.0000897747
Erysipelothrix piscisicarius	2485784	S	2	0	2	0.0000897747
Turicibacter sanguinis	154288	S	2	0	2	0.0000897747
Turicibacter sp. H121	1712675	S	2	0	2	0.0000897747
Nostoc edaphicum	264686	S	2	0	2	0.0000897747
Dolichospermum compactum	136073	S	1	1	2	0.0000897747
Cylindrospermopsis curvispora	747548	S	2	0	2	0.0000897747
Sphaerospermopsis kisseleviana	289435	S	2	0	2	0.0000897747
Scytonema sp. NIES-4073	2005464	S	2	0	2	0.0000897747
Brasilonema sennae	1397703	S	2	0	2	0.0000897747
[Phormidium] sp. ETS-05	222819	S	2	0	2	0.0000897747
Geminocystis herdmanii	669359	S	2	0	2	0.0000897747
Synechococcus sp. CBW1107	2789857	S	2	0	2	0.0000897747
Cyanobium sp. NIES-981	1851505	S	2	0	2	0.0000897747
Prochlorococcus sp. MIT 0801	1501269	S	1	1	2	0.0000897747
Leptolyngbya sp. BL0902	1115757	S	2	0	2	0.0000897747
Pseudanabaena sp. ABRG5-3	685565	S	2	0	2	0.0000897747
Stanieria cyanosphaera	102116	S	2	0	2	0.0000897747
Mycoplasma capricolum	2095	S	1	1	2	0.0000897747
Mycoplasma iowae	2116	S	2	0	2	0.0000897747
Mycoplasma yeatsii	51365	S	2	0	2	0.0000897747
Mycoplasma citelli	171281	S	2	0	2	0.0000897747
Mycoplasma anatis	171279	S	2	0	2	0.0000897747
Mycoplasma bovis	28903	S	2	0	2	0.0000897747
Mycoplasma meleagridis	29561	S	2	0	2	0.0000897747
Spiroplasma phoeniceum	47835	S	2	0	2	0.0000897747
Spiroplasma helicoides	216938	S	2	0	2	0.0000897747
Spiroplasma culicicola	216935	S	2	0	2	0.0000897747
Spiroplasma tabanidicola	324079	S	2	0	2	0.0000897747
Spiroplasma gladiatoris	2143	S	2	0	2	0.0000897747
Spiroplasma poulsonii	2138	S	2	0	2	0.0000897747
Mesoplasma florum	2151	S	2	0	2	0.0000897747
Acholeplasma axanthum	29552	S	2	0	2	0.0000897747
Aster yellows witches'-broom phytoplasma	229545	S	1	1	2	0.0000897747
Deinococcus sp. NW-56	2080419	S	2	0	2	0.0000897747
Deinococcus sp. D7000	2755035	S	2	0	2	0.0000897747
Deinococcus deserti	310783	S	2	0	2	0.0000897747
Deinococcus ficus	317577	S	2	0	2	0.0000897747
Deinococcus wulumuqiensis	980427	S	2	0	2	0.0000897747
Thermus thermophilus	274	S	2	0	2	0.0000897747
Thermus scotoductus	37636	S	2	0	2	0.0000897747
Thermus caldilimi	2483360	S	2	0	2	0.0000897747
Thermus sp. CCB_US3_UF1	1111069	S	2	0	2	0.0000897747
Dehalogenimonas lykanthroporepellens	552810	S	2	0	2	0.0000897747
Roseiflexus sp. RS-1	357808	S	2	0	2	0.0000897747
Flavobacterium album	2175091	S	2	0	2	0.0000897747
Flavobacterium arcticum	1784713	S	2	0	2	0.0000897747
Flavobacterium kingsejongi	1678728	S	2	0	2	0.0000897747
Flavobacterium alkalisoli	2602769	S	2	0	2	0.0000897747
Polaribacter sp. L12M9	2738844	S	2	0	2	0.0000897747
Capnocytophaga sp. oral taxon 878	1316596	S	2	0	2	0.0000897747
Capnocytophaga haemolytica	45243	S	2	0	2	0.0000897747
Capnocytophaga endodontalis	2708117	S	2	0	2	0.0000897747
Myroides odoratus	256	S	2	0	2	0.0000897747
Myroides profundi	480520	S	2	0	2	0.0000897747
Myroides fluvii	2572594	S	2	0	2	0.0000897747
Winogradskyella sp. PG-2	754409	S	2	0	2	0.0000897747
Winogradskyella sp. J14-2	1936080	S	2	0	2	0.0000897747
Winogradskyella schleiferi	2686078	S	2	0	2	0.0000897747
Aquimarina sp. AD10	1714849	S	2	0	2	0.0000897747
Lacinutrix sp. WUR7	2653681	S	2	0	2	0.0000897747
Algibacter alginicilyticus	1736674	S	2	0	2	0.0000897747
Formosa sp. Hel1_33_131	1336794	S	2	0	2	0.0000897747
Formosa sediminum	2594004	S	2	0	2	0.0000897747
Aequorivita sublithincola	101385	S	2	0	2	0.0000897747
Olleya aquimaris	639310	S	2	0	2	0.0000897747
Psychroflexus torquis	57029	S	2	0	2	0.0000897747
Psychroflexus sp. ALD_RP9	2777186	S	2	0	2	0.0000897747
Muricauda sp. 501str8	2698672	S	2	0	2	0.0000897747
Costertonia aggregata	343403	S	2	0	2	0.0000897747
Muriicola sp. MMS17-SY002	2507538	S	2	0	2	0.0000897747
Croceibacter atlanticus	313588	S	2	0	2	0.0000897747
Gillisia sp. Hel1_33_143	1336796	S	2	0	2	0.0000897747
Robiginitalea biformata	252307	S	2	0	2	0.0000897747
Leeuwenhoekiella sp. ZYFB001	2719912	S	2	0	2	0.0000897747
Lutibacter profundi	1622118	S	2	0	2	0.0000897747
Chryseobacterium sp. T16E-39	2015076	S	2	0	2	0.0000897747
Chryseobacterium nakagawai	1241982	S	1	1	2	0.0000897747
Kaistella daneshvariae	2487074	S	2	0	2	0.0000897747
Chryseobacterium haifense	421525	S	1	1	2	0.0000897747
Chryseobacterium taklimakanense	536441	S	2	0	2	0.0000897747
Elizabethkingia anophelis	1117645	S	2	0	2	0.0000897747
Empedobacter stercoris	1628248	S	2	0	2	0.0000897747
Blattabacterium sp. DPU	2715232	S	2	0	2	0.0000897747
Fluviicola taffensis	191579	S	2	0	2	0.0000897747
Spirosoma montaniterrae	1178516	S	2	0	2	0.0000897747
Spirosoma aerolatum	1211326	S	2	0	2	0.0000897747
Spirosoma radiotolerans	1379870	S	2	0	2	0.0000897747
Spirosoma taeanense	2735870	S	2	0	2	0.0000897747
Dyadobacter fermentans	94254	S	2	0	2	0.0000897747
Hymenobacter sp. BRD67	2675877	S	2	0	2	0.0000897747
Hymenobacter qilianensis	1385715	S	2	0	2	0.0000897747
Hymenobacter nivis	1850093	S	2	0	2	0.0000897747
Hymenobacter jejuensis	2502781	S	2	0	2	0.0000897747
Hymenobacter busanensis	2607656	S	2	0	2	0.0000897747
Pontibacter akesuensis	388950	S	2	0	2	0.0000897747
Pontibacter sp. SGAir0037	2571030	S	2	0	2	0.0000897747
Rufibacter radiotolerans	1379910	S	2	0	2	0.0000897747
Rufibacter sp. DG15C	1379909	S	2	0	2	0.0000897747
Nibribacter ruber	2698458	S	2	0	2	0.0000897747
Algoriphagus machipongonensis	388413	S	2	0	2	0.0000897747
Echinicola vietnamensis	390884	S	2	0	2	0.0000897747
Fulvivirga sp. S481	2810512	S	2	0	2	0.0000897747
Cardinium endosymbiont of Sogatella furcifera	650378	S	2	0	2	0.0000897747
Candidatus Amoebophilus asiaticus	281120	S	2	0	2	0.0000897747
Roseivirga pacifica	1267423	S	2	0	2	0.0000897747
Sphingobacterium sp. DR205	2713573	S	2	0	2	0.0000897747
Sphingobacterium sp. B29	1933220	S	1	1	2	0.0000897747
Mucilaginibacter ginsenosidivorans	398053	S	2	0	2	0.0000897747
Mucilaginibacter mallensis	652787	S	2	0	2	0.0000897747
Olivibacter sp. SDN3	2764720	S	2	0	2	0.0000897747
Anseongella ginsenosidimutans	496056	S	2	0	2	0.0000897747
Chitinophaga alhagiae	2203219	S	2	0	2	0.0000897747
Pseudocnuella soli	2502779	S	2	0	2	0.0000897747
Bacteroides coprosuis	151276	S	2	0	2	0.0000897747
Alistipes onderdonkii	328813	S	2	0	2	0.0000897747
Tannerella sp. oral taxon HOT-286	712710	S	2	0	2	0.0000897747
Muribaculum intestinale	1796646	S	2	0	2	0.0000897747
Tenuifilum thalassicum	2590900	S	2	0	2	0.0000897747
Draconibacterium orientale	1168034	S	2	0	2	0.0000897747
Gemmatimonas phototrophica	1379270	S	2	0	2	0.0000897747
Gimesia algae	2527971	S	2	0	2	0.0000897747
Gimesia chilikensis	2605989	S	2	0	2	0.0000897747
Planctopirus limnophila	120	S	2	0	2	0.0000897747
Rubinisphaera brasiliensis	119	S	2	0	2	0.0000897747
Calycomorphotria hydatis	2528027	S	2	0	2	0.0000897747
Aeoliella mucimassa	2527972	S	2	0	2	0.0000897747
Pirellulimonas nuda	2528009	S	2	0	2	0.0000897747
Isosphaera pallida	128	S	2	0	2	0.0000897747
Paludisphaera borealis	1387353	S	2	0	2	0.0000897747
Methylacidimicrobium sp. AP8	2730359	S	2	0	2	0.0000897747
Neochlamydia sp. S13	1353976	S	2	0	2	0.0000897747
Candidatus Protochlamydia naegleriophila	389348	S	1	1	2	0.0000897747
Simkania negevensis	83561	S	2	0	2	0.0000897747
Waddlia chondrophila	71667	S	2	0	2	0.0000897747
Fusobacterium pseudoperiodonticum	2663009	S	2	0	2	0.0000897747
Leptotrichia sp. oral taxon 212	712357	S	2	0	2	0.0000897747
Leptotrichia sp. oral taxon 498	712368	S	2	0	2	0.0000897747
Leptotrichia buccalis	40542	S	2	0	2	0.0000897747
Borrelia sp. A-FGy1	2608247	S	2	0	2	0.0000897747
Treponema succinifaciens	167	S	2	0	2	0.0000897747
Treponema socranskii	53419	S	2	0	2	0.0000897747
Spirochaeta thermophila	154	S	2	0	2	0.0000897747
Leptospira kmetyi	408139	S	2	0	2	0.0000897747
Brachyspira intermedia	84377	S	2	0	2	0.0000897747
Terriglobus roseus	392734	S	2	0	2	0.0000897747
Edaphobacter sp. 4G125	2763071	S	2	0	2	0.0000897747
Thermotomaculum hydrothermale	981385	S	2	0	2	0.0000897747
Chloracidobacterium thermophilum	458033	S	2	0	2	0.0000897747
Thermosipho sp. 1070	1437364	S	1	1	2	0.0000897747
Thermosipho sp. 1063	1462747	S	1	1	2	0.0000897747
Nitrospira moscoviensis	42253	S	2	0	2	0.0000897747
Leptospirillum ferrooxidans	180	S	1	1	2	0.0000897747
Candidatus Bipolaricaulis anaerobius	2026885	S	2	0	2	0.0000897747
Thermodesulfatator indicus	171695	S	2	0	2	0.0000897747
Dictyoglomus turgidum	513050	S	1	1	2	0.0000897747
Caldisericum exile	693075	S	2	0	2	0.0000897747
Natrinema versiforme	88724	S	2	0	2	0.0000897747
Halovivax ruber	387341	S	2	0	2	0.0000897747
Halovivax sp. KZCA124	2817025	S	2	0	2	0.0000897747
Natronomonas sp. YPL13	1710540	S	2	0	2	0.0000897747
Halorientalis sp. IM1011	1932360	S	2	0	2	0.0000897747
Salarchaeum sp. JOR-1	2599399	S	2	0	2	0.0000897747
Halanaeroarchaeum sulfurireducens	1604004	S	2	0	2	0.0000897747
Haloferax mediterranei	2252	S	2	0	2	0.0000897747
Haloplanus rallus	1816183	S	2	0	2	0.0000897747
Halorubrum trapanicum	29284	S	2	0	2	0.0000897747
Methanosarcina barkeri	2208	S	2	0	2	0.0000897747
Methanocella paludicola	570267	S	2	0	2	0.0000897747
Methanocella arvoryzae	1175445	S	2	0	2	0.0000897747
Methanococcus aeolicus	42879	S	2	0	2	0.0000897747
Methanosphaera sp. BMS	1789762	S	2	0	2	0.0000897747
Methanothermus fervidus	2180	S	2	0	2	0.0000897747
Sulfolobus sp. E5-1-F	2663019	S	1	1	2	0.0000897747
Pyrobaculum calidifontis	181486	S	2	0	2	0.0000897747
Fervidicoccus fontis	683846	S	2	0	2	0.0000897747
Caldisphaera lagunensis	200415	S	2	0	2	0.0000897747
Candidatus Nitrosopumilus sediminis	1229909	S	2	0	2	0.0000897747
Candidatus Nitrosopumilus koreensis	1510466	S	2	0	2	0.0000897747
Thermoplasma acidophilum	2303	S	1	1	2	0.0000897747
Staphylococcus phage StB12	1147042	S	2	0	2	0.0000897747
Flavobacterium phage vB_FspS_hattifnatt9-1	2686246	S	2	0	2	0.0000897747
Sinorhizobium phage phiLM21	1524882	S	2	0	2	0.0000897747
Cellulophaga phage phi14:2	1327990	S	2	0	2	0.0000897747
Escherichia virus T4	10665	S	1	1	2	0.0000897747
Acinetobacter virus AbP2	2560264	S	1	1	2	0.0000897747
Dickeya virus JA29	2734142	S	2	0	2	0.0000897747
Aeromonas virus AhSzw1	2733999	S	2	0	2	0.0000897747
Orpheovirus IHUMI-LCC2	2023057	S	2	0	2	0.0000897747
Invertebrate iridescent virus 22	345198	S	1	1	2	0.0000897747
Mollivirus sibericum	1678078	S	2	0	2	0.0000897747
Burkholderia metallica	488729	S	1	0	1	0.0000448873
Burkholderia seminalis	488731	S	1	0	1	0.0000448873
Burkholderia diffusa	488732	S	1	0	1	0.0000448873
Burkholderia stagnalis	1503054	S	1	0	1	0.0000448873
Burkholderia sp. BDU6	1385591	S	1	0	1	0.0000448873
Burkholderia sp. MSMB0852	1637841	S	1	0	1	0.0000448873
Burkholderia sp. DHOD12	2571746	S	1	0	1	0.0000448873
Burkholderia sp. JP2-270	2217913	S	1	0	1	0.0000448873
Burkholderia sp. Bp7605	1740163	S	1	0	1	0.0000448873
Burkholderia sp. NRF60-BP8	1637853	S	1	0	1	0.0000448873
Burkholderia sp. CCGE1003	640512	S	1	0	1	0.0000448873
Cupriavidus campinensis	151783	S	1	0	1	0.0000448873
Paraburkholderia sp. 7MH5	2547399	S	1	0	1	0.0000448873
Paraburkholderia caledonica	134536	S	1	0	1	0.0000448873
Polynucleobacter sp. MWH-UH21B	1743174	S	1	0	1	0.0000448873
Pandoraea norimbergensis	93219	S	1	0	1	0.0000448873
Pandoraea sputorum	93222	S	1	0	1	0.0000448873
Janthinobacterium sp. Marseille	375286	S	1	0	1	0.0000448873
Glaciimonas sp. PAMC28666	2807626	S	1	0	1	0.0000448873
Achromobacter pestifer	1353889	S	1	0	1	0.0000448873
Bordetella holmesii	35814	S	1	0	1	0.0000448873
Bordetella sp. N	1746199	S	1	0	1	0.0000448873
Pusillimonas thiosulfatoxidans	2028345	S	1	0	1	0.0000448873
Advenella mimigardefordensis	302406	S	1	0	1	0.0000448873
Advenella kashmirensis	310575	S	1	0	1	0.0000448873
Sutterella wadsworthensis	40545	S	1	0	1	0.0000448873
Sutterella megalosphaeroides	2494234	S	1	0	1	0.0000448873
Turicimonas muris	1796652	S	1	0	1	0.0000448873
Azoarcus sp. DN11	356837	S	1	0	1	0.0000448873
Thauera sp. MZ1T	85643	S	1	0	1	0.0000448873
Aromatoleum bremense	76115	S	1	0	1	0.0000448873
Fluviibacter phosphoraccumulans	1751046	S	1	0	1	0.0000448873
Chromobacterium sp. ATCC 53434	2059672	S	1	0	1	0.0000448873
Chromobacterium sp. Rain0013	2292447	S	1	0	1	0.0000448873
Chromobacterium rhizoryzae	1778675	S	1	0	1	0.0000448873
Iodobacter fluviatilis	537	S	1	0	1	0.0000448873
Iodobacter sp. H11R3	2496266	S	1	0	1	0.0000448873
Chitinibacter fontanus	1737446	S	1	0	1	0.0000448873
Aquitalea magnusonii	332411	S	1	0	1	0.0000448873
Aquitalea aquatilis	1537400	S	1	0	1	0.0000448873
Microvirgula aerodenitrificans	57480	S	1	0	1	0.0000448873
Neisseria sp. KEM232	655307	S	1	0	1	0.0000448873
Neisseria sp. 10022	1853276	S	1	0	1	0.0000448873
Neisseria meningitidis	487	S	1	0	1	0.0000448873
Neisseria musculi	1815583	S	1	0	1	0.0000448873
Neisseria animaloris	326522	S	1	0	1	0.0000448873
Vitreoscilla sp. C1	96942	S	1	0	1	0.0000448873
Kingella denitrificans	502	S	1	0	1	0.0000448873
Eikenella corrodens	539	S	1	0	1	0.0000448873
Alysiella filiformis	194196	S	1	0	1	0.0000448873
Snodgrassella alvi	1196083	S	1	0	1	0.0000448873
Methylotenera versatilis	1055487	S	1	0	1	0.0000448873
Candidatus Methylopumilus rimovensis	2588535	S	1	0	1	0.0000448873
Methylobacillus flagellatus	405	S	1	0	1	0.0000448873
Sulfuriferula nivalis	2675298	S	1	0	1	0.0000448873
Candidatus Kinetoplastibacterium galatii	994695	S	1	0	1	0.0000448873
Candidatus Kinetoplastibacterium sorsogonicusi	1576550	S	1	0	1	0.0000448873
Pseudomonas sp. LTJR-52	2479392	S	1	0	1	0.0000448873
Pseudomonas sp. S49	1573720	S	1	0	1	0.0000448873
Pseudomonas sp. NS1(2017)	2025658	S	1	0	1	0.0000448873
Pseudomonas sp. S-6-2	1931241	S	1	0	1	0.0000448873
Pseudomonas sp. 7SR1	1881017	S	1	0	1	0.0000448873
Pseudomonas sp. BIOMIG1BAC	1758730	S	1	0	1	0.0000448873
Pseudomonas sp. SWI6	2083051	S	1	0	1	0.0000448873
Pseudomonas sp. LBUM920	2126069	S	1	0	1	0.0000448873
Pseudomonas sp. 31-12	2201356	S	1	0	1	0.0000448873
Pseudomonas sp. LG1E9	2219057	S	1	0	1	0.0000448873
Pseudomonas sp. HLS-6	2049589	S	1	0	1	0.0000448873
Pseudomonas sp. MPC6	2498848	S	1	0	1	0.0000448873
Pseudomonas sp. THAF7b	2587845	S	1	0	1	0.0000448873
Pseudomonas sp. LPB0260	2614442	S	1	0	1	0.0000448873
Pseudomonas sp. OIL-1	2706126	S	1	0	1	0.0000448873
Pseudomonas sp. TUM18999	2725477	S	1	0	1	0.0000448873
Pseudomonas sp. gcc21	2726989	S	1	0	1	0.0000448873
Pseudomonas sp. B11D7D	2735906	S	1	0	1	0.0000448873
Pseudomonas sp. Tri1	2823875	S	1	0	1	0.0000448873
Pseudomonas sp. CMR5c	658630	S	1	0	1	0.0000448873
Pseudomonas sp. R32	1573704	S	1	0	1	0.0000448873
Pseudomonas sp. R5-89-07	658644	S	1	0	1	0.0000448873
Pseudomonas sp. FGI182	1259844	S	1	0	1	0.0000448873
Pseudomonas sp. LAB-08	143813	S	1	0	1	0.0000448873
Pseudomonas sp. Os17	1500686	S	1	0	1	0.0000448873
Pseudomonas multiresinivorans	95301	S	1	0	1	0.0000448873
Pseudomonas brenneri	129817	S	1	0	1	0.0000448873
Pseudomonas extremorientalis	169669	S	1	0	1	0.0000448873
Pseudomonas mediterranea	183795	S	1	0	1	0.0000448873
Pseudomonas trivialis	200450	S	1	0	1	0.0000448873
Pseudomonas mosselii	78327	S	1	0	1	0.0000448873
Pseudomonas balearica	74829	S	1	0	1	0.0000448873
Pseudomonas amygdali	47877	S	1	0	1	0.0000448873
Pseudomonas viridiflava	33069	S	1	0	1	0.0000448873
Pseudomonas fragi	296	S	1	0	1	0.0000448873
Pseudomonas salegens	1434072	S	1	0	1	0.0000448873
Pseudomonas oryzae	1392877	S	1	0	1	0.0000448873
Pseudomonas sihuiensis	1274359	S	1	0	1	0.0000448873
Pseudomonas saudiphocaensis	1499686	S	1	0	1	0.0000448873
Pseudomonas kribbensis	1628086	S	1	0	1	0.0000448873
Pseudomonas litoralis	797277	S	1	0	1	0.0000448873
Pseudomonas viciae	2505979	S	1	0	1	0.0000448873
Pseudomonas eucalypticola	2599595	S	1	0	1	0.0000448873
Pseudomonas marincola	437900	S	1	0	1	0.0000448873
Pseudomonas alkylphenolica	237609	S	1	0	1	0.0000448873
Pseudomonas parafulva	157782	S	1	0	1	0.0000448873
Pseudomonas alcaliphila	101564	S	1	0	1	0.0000448873
Pseudomonas umsongensis	198618	S	1	0	1	0.0000448873
Pseudomonas rhizosphaerae	216142	S	1	0	1	0.0000448873
Pseudomonas extremaustralis	359110	S	1	0	1	0.0000448873
Pseudomonas pohangensis	364197	S	1	0	1	0.0000448873
Pseudomonas reinekei	395598	S	1	0	1	0.0000448873
Entomomonas moraniae	2213226	S	1	0	1	0.0000448873
Entomomonas sp. F2A	2785331	S	1	0	1	0.0000448873
Oblitimonas alkaliphila	1697053	S	1	0	1	0.0000448873
Acinetobacter nosocomialis	106654	S	1	0	1	0.0000448873
Acinetobacter sp. WCHA55	2004646	S	1	0	1	0.0000448873
Acinetobacter sp. CS-2	2798861	S	1	0	1	0.0000448873
Acinetobacter sp. 10FS3-1	2563897	S	1	0	1	0.0000448873
Acinetobacter sp. SWBY1	2079596	S	1	0	1	0.0000448873
Acinetobacter sp. NCu2D-2	1608473	S	1	0	1	0.0000448873
Acinetobacter shaoyimingii	2715164	S	1	0	1	0.0000448873
Acinetobacter baylyi	202950	S	1	0	1	0.0000448873
Acinetobacter chinensis	2004650	S	1	0	1	0.0000448873
Acinetobacter radioresistens	40216	S	1	0	1	0.0000448873
Acinetobacter schindleri	108981	S	1	0	1	0.0000448873
Moraxella ovis	29433	S	1	0	1	0.0000448873
Moraxella bovoculi	386891	S	1	0	1	0.0000448873
Psychrobacter sp. G	571800	S	1	0	1	0.0000448873
Psychrobacter sp. P11F6	1699621	S	1	0	1	0.0000448873
Psychrobacter arenosus	256326	S	1	0	1	0.0000448873
Psychrobacter arcticus	334543	S	1	0	1	0.0000448873
Klebsiella variicola	244366	S	1	0	1	0.0000448873
Klebsiella sp. STW0522-44	2681387	S	1	0	1	0.0000448873
Citrobacter werkmanii	67827	S	1	0	1	0.0000448873
Citrobacter sp. LY-1	2546350	S	1	0	1	0.0000448873
Citrobacter telavivum	2653932	S	1	0	1	0.0000448873
Enterobacter asburiae	61645	S	1	0	1	0.0000448873
Enterobacter cancerogenus	69218	S	1	0	1	0.0000448873
Enterobacter sichuanensis	2071710	S	1	0	1	0.0000448873
Enterobacter sp. 638	399742	S	1	0	1	0.0000448873
Enterobacter sp. SA187	1914861	S	1	0	1	0.0000448873
Cronobacter sakazakii	28141	S	1	0	1	0.0000448873
Cronobacter universalis	535744	S	1	0	1	0.0000448873
Candidatus Blochmannia vafer	251535	S	1	0	1	0.0000448873
Candidatus Hamiltonella defensa	138072	S	1	0	1	0.0000448873
secondary endosymbiont of Trabutina mannipara	1835721	S	1	0	1	0.0000448873
Candidatus Annandia adelgestsuga	1302411	S	1	0	1	0.0000448873
Candidatus Tachikawaea gelatinosa	1410383	S	1	0	1	0.0000448873
Candidatus Gullanella endobia	1070130	S	1	0	1	0.0000448873
Enterobacteriaceae endosymbiont of Macroplea mutica	2675791	S	1	0	1	0.0000448873
Enterobacteriaceae endosymbiont of Donacia provostii	2675781	S	1	0	1	0.0000448873
Enterobacteriaceae endosymbiont of Donacia vulgaris	2675789	S	1	0	1	0.0000448873
Enterobacteriaceae endosymbiont of Donacia semicuprea	2675783	S	1	0	1	0.0000448873
Raoultella planticola	575	S	1	0	1	0.0000448873
Raoultella terrigena	577	S	1	0	1	0.0000448873
Kosakonia sacchari	1158459	S	1	0	1	0.0000448873
Kosakonia sp. MUSA4	2067958	S	1	0	1	0.0000448873
Lelliottia sp. WB101	2153385	S	1	0	1	0.0000448873
Cedecea neteri	158822	S	1	0	1	0.0000448873
Cedecea lapagei	158823	S	1	0	1	0.0000448873
Scandinavium goeteborgense	1851514	S	1	0	1	0.0000448873
Candidatus Riesia pediculicola	401619	S	1	0	1	0.0000448873
Phytobacter ursingii	1972431	S	1	0	1	0.0000448873
Buttiauxella sp. 3AFRM03	2479367	S	1	0	1	0.0000448873
Pantoea sp. MSR2	2052056	S	1	0	1	0.0000448873
Pantoea dispersa	59814	S	1	0	1	0.0000448873
Pantoea stewartii	66269	S	1	0	1	0.0000448873
Pantoea rwandensis	1076550	S	1	0	1	0.0000448873
Erwinia persicina	55211	S	1	0	1	0.0000448873
Erwinia tasmaniensis	338565	S	1	0	1	0.0000448873
Erwinia gerundensis	1619313	S	1	0	1	0.0000448873
Mixta gaviniae	665914	S	1	0	1	0.0000448873
Serratia liquefaciens	614	S	1	0	1	0.0000448873
Serratia proteamaculans	28151	S	1	0	1	0.0000448873
Serratia fonticola	47917	S	1	0	1	0.0000448873
Serratia grimesii	82995	S	1	0	1	0.0000448873
Serratia quinivorans	137545	S	1	0	1	0.0000448873
Serratia sp. ATCC 39006	104623	S	1	0	1	0.0000448873
Yersinia pseudotuberculosis	633	S	1	0	1	0.0000448873
Yersinia similis	367190	S	1	0	1	0.0000448873
Yersinia enterocolitica	630	S	1	0	1	0.0000448873
Yersinia aldovae	29483	S	1	0	1	0.0000448873
Yersinia frederiksenii	29484	S	1	0	1	0.0000448873
Yersinia entomophaga	935293	S	1	0	1	0.0000448873
Yersinia canariae	2607663	S	1	0	1	0.0000448873
Nissabacter sp. SGAir0207	2126321	S	1	0	1	0.0000448873
Proteus hauseri	183417	S	1	0	1	0.0000448873
Providencia vermicola	333965	S	1	0	1	0.0000448873
Xenorhabdus doucetiae	351671	S	1	0	1	0.0000448873
Pectobacterium punjabense	2108399	S	1	0	1	0.0000448873
Dickeya dadantii	204038	S	1	0	1	0.0000448873
Dickeya solani	1089444	S	1	0	1	0.0000448873
Brenneria rubrifaciens	55213	S	1	0	1	0.0000448873
Lonsdalea britannica	1082704	S	1	0	1	0.0000448873
Edwardsiella tarda	636	S	1	0	1	0.0000448873
Edwardsiella hoshinae	93378	S	1	0	1	0.0000448873
Hafnia paralvei	546367	S	1	0	1	0.0000448873
Plesiomonas shigelloides	703	S	1	0	1	0.0000448873
Xanthomonas hortorum	56454	S	1	0	1	0.0000448873
Xanthomonas vasicola	56459	S	1	0	1	0.0000448873
Xanthomonas theicola	56464	S	1	0	1	0.0000448873
Stenotrophomonas sp. WZN-1	2005046	S	1	0	1	0.0000448873
Stenotrophomonas sp. 364	2691571	S	1	0	1	0.0000448873
Stenotrophomonas acidaminiphila	128780	S	1	0	1	0.0000448873
Lysobacter sp. HDW10	2714936	S	1	0	1	0.0000448873
Lysobacter gummosus	262324	S	1	0	1	0.0000448873
Lysobacter soli	453783	S	1	0	1	0.0000448873
Lysobacter lycopersici	1324796	S	1	0	1	0.0000448873
Lysobacter maris	1605891	S	1	0	1	0.0000448873
Lysobacter alkalisoli	2591633	S	1	0	1	0.0000448873
Thermomonas sp. HDW16	2714945	S	1	0	1	0.0000448873
Xylella fastidiosa	2371	S	1	0	1	0.0000448873
Frateuria aurantia	81475	S	1	0	1	0.0000448873
Aerosticca soli	2010829	S	1	0	1	0.0000448873
Marinobacter sp. NP-4(2019)	2488665	S	1	0	1	0.0000448873
Salinimonas sediminis	2303538	S	1	0	1	0.0000448873
Catenovulum sp. CCB-QB4	2172099	S	1	0	1	0.0000448873
Paraglaciecola sp. L3A3	2686358	S	1	0	1	0.0000448873
Lacimicrobium alkaliphilum	1526571	S	1	0	1	0.0000448873
Shewanella sp. MR-7	60481	S	1	0	1	0.0000448873
Shewanella sp. MR-4	60480	S	1	0	1	0.0000448873
Shewanella sp. FJAT-51800	2814294	S	1	0	1	0.0000448873
Shewanella sp. WE21	2029986	S	1	0	1	0.0000448873
Shewanella sp. LZH-2	2806008	S	1	0	1	0.0000448873
Shewanella sp. KX20019	2803864	S	1	0	1	0.0000448873
Shewanella violacea	60217	S	1	0	1	0.0000448873
Shewanella baltica	62322	S	1	0	1	0.0000448873
Shewanella khirikhana	1965282	S	1	0	1	0.0000448873
Shewanella decolorationis	256839	S	1	0	1	0.0000448873
Shewanella aestuarii	1028752	S	1	0	1	0.0000448873
Pseudoalteromonas sp. A25	116092	S	1	0	1	0.0000448873
Pseudoalteromonas sp. GCY	2003316	S	1	0	1	0.0000448873
Pseudoalteromonas piratica	1348114	S	1	0	1	0.0000448873
Pseudoalteromonas xiamenensis	882626	S	1	0	1	0.0000448873
Pseudoalteromonas aliena	247523	S	1	0	1	0.0000448873
Pseudoalteromonas ulvae	107327	S	1	0	1	0.0000448873
Pseudoalteromonas espejiana	28107	S	1	0	1	0.0000448873
Pseudoalteromonas piscicida	43662	S	1	0	1	0.0000448873
Colwellia sp. MT41	58049	S	1	0	1	0.0000448873
Colwellia psychrerythraea	28229	S	1	0	1	0.0000448873
Thalassotalea crassostreae	1763536	S	1	0	1	0.0000448873
Moritella yayanosii	69539	S	1	0	1	0.0000448873
Moritella marina	90736	S	1	0	1	0.0000448873
Ferrimonas balearica	44012	S	1	0	1	0.0000448873
Halomonas sp. MCCC 1A11059	2733484	S	1	0	1	0.0000448873
Halomonas sp. GT	1971364	S	1	0	1	0.0000448873
Halomonas sp. 1513	1883416	S	1	0	1	0.0000448873
Halomonas sp. SH5A2	2749040	S	1	0	1	0.0000448873
Halomonas meridiana	29570	S	1	0	1	0.0000448873
Halomonas socia	1081866	S	1	0	1	0.0000448873
Halomonas titanicae	664683	S	1	0	1	0.0000448873
Halomonas beimenensis	475662	S	1	0	1	0.0000448873
Halomonas subglaciescola	29571	S	1	0	1	0.0000448873
Candidatus Carsonella ruddii	114186	S	1	0	1	0.0000448873
Kushneria konosiri	698828	S	1	0	1	0.0000448873
Chromohalobacter salexigens	158080	S	1	0	1	0.0000448873
Marinobacterium georgiense	48076	S	1	0	1	0.0000448873
Neptunomonas japonica	417574	S	1	0	1	0.0000448873
Amphritea japonica	452627	S	1	0	1	0.0000448873
Bacterioplanes sanyensis	1249553	S	1	0	1	0.0000448873
Alcanivorax dieselolei	285091	S	1	0	1	0.0000448873
Alcanivorax xenomutans	1094342	S	1	0	1	0.0000448873
Alcanivorax pacificus	1306787	S	1	0	1	0.0000448873
Ketobacter alkanivorans	1917421	S	1	0	1	0.0000448873
Saccharospirillum mangrovi	2161747	S	1	0	1	0.0000448873
Gynuella sunshinyii	1445505	S	1	0	1	0.0000448873
Hahella chejuensis	158327	S	1	0	1	0.0000448873
Kangiella sediminilitoris	1144748	S	1	0	1	0.0000448873
Endozoicomonas montiporae	1027273	S	1	0	1	0.0000448873
Vibrio harveyi	669	S	1	0	1	0.0000448873
Vibrio rotiferianus	190895	S	1	0	1	0.0000448873
Vibrio jasicida	766224	S	1	0	1	0.0000448873
Vibrio sp. HDW18	2714948	S	1	0	1	0.0000448873
Vibrio sp. SM1977	2662262	S	1	0	1	0.0000448873
Vibrio tubiashii	29498	S	1	0	1	0.0000448873
Vibrio europaeus	300876	S	1	0	1	0.0000448873
Vibrio taketomensis	2572923	S	1	0	1	0.0000448873
Vibrio spartinae	1918945	S	1	0	1	0.0000448873
Vibrio scophthalmi	45658	S	1	0	1	0.0000448873
Vibrio crassostreae	246167	S	1	0	1	0.0000448873
Vibrio astriarenae	1481923	S	1	0	1	0.0000448873
Salinivibrio sp. YCSC6	2003370	S	1	0	1	0.0000448873
Haemophilus haemolyticus	726	S	1	0	1	0.0000448873
Haemophilus pittmaniae	249188	S	1	0	1	0.0000448873
Actinobacillus suis	716	S	1	0	1	0.0000448873
Mannheimia varigena	85404	S	1	0	1	0.0000448873
Aggregatibacter actinomycetemcomitans	714	S	1	0	1	0.0000448873
Aggregatibacter sp. 2125159857	2820817	S	1	0	1	0.0000448873
Avibacterium volantium	762	S	1	0	1	0.0000448873
Rheinheimera sp. LHK132	2498451	S	1	0	1	0.0000448873
Rheinheimera sp. D18	2545632	S	1	0	1	0.0000448873
Thioalkalivibrio sulfidiphilus	1033854	S	1	0	1	0.0000448873
Acidihalobacter ferrooxydans	1765967	S	1	0	1	0.0000448873
Halorhodospira halophila	1053	S	1	0	1	0.0000448873
Alkalilimnicola ehrlichii	351052	S	1	0	1	0.0000448873
Spiribacter salinus	1335746	S	1	0	1	0.0000448873
Wenzhouxiangella marina	1579979	S	1	0	1	0.0000448873
Wenzhouxiangella sp. AB-CW3	2771012	S	1	0	1	0.0000448873
Halothiobacillus neapolitanus	927	S	1	0	1	0.0000448873
Aeromonas salmonicida	645	S	1	0	1	0.0000448873
Aeromonas encheleia	73010	S	1	0	1	0.0000448873
Aeromonas allosaccharophila	656	S	1	0	1	0.0000448873
Oceanimonas sp. GK1	511062	S	1	0	1	0.0000448873
Zobellella denitrificans	347534	S	1	0	1	0.0000448873
Succinivibrio dextrinosolvens	83771	S	1	0	1	0.0000448873
Cellvibrio sp. PSBB006	1987723	S	1	0	1	0.0000448873
Cellvibrio sp. KY-GH-1	2303332	S	1	0	1	0.0000448873
Teredinibacter purpureus	2731756	S	1	0	1	0.0000448873
Saccharophagus degradans	86304	S	1	0	1	0.0000448873
Simiduia agarivorans	447471	S	1	0	1	0.0000448873
Legionella sp. TUM19329	2708020	S	1	0	1	0.0000448873
Legionella sp. PC997	2755562	S	1	0	1	0.0000448873
Legionella spiritensis	452	S	1	0	1	0.0000448873
Legionella oakridgensis	29423	S	1	0	1	0.0000448873
Legionella geestiana	45065	S	1	0	1	0.0000448873
Legionella waltersii	66969	S	1	0	1	0.0000448873
Legionella fallonii	96230	S	1	0	1	0.0000448873
Legionella clemsonensis	1867846	S	1	0	1	0.0000448873
Tatlockia micdadei	451	S	1	0	1	0.0000448873
Aquicella lusitana	254246	S	1	0	1	0.0000448873
Coxiella burnetii	777	S	1	0	1	0.0000448873
Candidatus Coxiella mudrowiae	2054173	S	1	0	1	0.0000448873
Candidatus Rickettsiella viridis	676208	S	1	0	1	0.0000448873
Methylophaga nitratireducenticrescens	754476	S	1	0	1	0.0000448873
Thiomicrospira cyclica	147268	S	1	0	1	0.0000448873
Thiosulfatimonas sediminis	2675054	S	1	0	1	0.0000448873
Francisella sp. FSC1006	1547445	S	1	0	1	0.0000448873
Francisella sp. Scap27	2589986	S	1	0	1	0.0000448873
Francisella orientalis	299583	S	1	0	1	0.0000448873
Francisella hispaniensis	622488	S	1	0	1	0.0000448873
Allofrancisella guangzhouensis	594679	S	1	0	1	0.0000448873
Allofrancisella inopinata	1085647	S	1	0	1	0.0000448873
Thiothrix unzii	111769	S	1	0	1	0.0000448873
Methylomonas denitrificans	1538553	S	1	0	1	0.0000448873
Methylomicrobium sp. wino1	2049332	S	1	0	1	0.0000448873
Methylotuvimicrobium buryatense	95641	S	1	0	1	0.0000448873
Candidatus Ruthia magnifica	386487	S	1	0	1	0.0000448873
Candidatus Thioglobus autotrophicus	1705394	S	1	0	1	0.0000448873
Gilliamella apicola	1196095	S	1	0	1	0.0000448873
Frischella perrara	1267021	S	1	0	1	0.0000448873
Sinimarinibacterium sp. NLF-5-8	2698684	S	1	0	1	0.0000448873
Steroidobacter denitrificans	465721	S	1	0	1	0.0000448873
Cardiobacterium hominis	2718	S	1	0	1	0.0000448873
Rhizobium sp. NXC14	1981173	S	1	0	1	0.0000448873
Rhizobium sp. Khangiran2	1435607	S	1	0	1	0.0000448873
Rhizobium sp. ACO-34A	1571470	S	1	0	1	0.0000448873
Rhizobium sp. NZLR1	2731096	S	1	0	1	0.0000448873
Rhizobium sp. NXC24	2048897	S	1	0	1	0.0000448873
Rhizobium indicum	2583231	S	1	0	1	0.0000448873
Rhizobium favelukesii	348824	S	1	0	1	0.0000448873
Rhizobium daejeonense	240521	S	1	0	1	0.0000448873
Rhizobium lentis	1138194	S	1	0	1	0.0000448873
Rhizobium jaguaris	1312183	S	1	0	1	0.0000448873
Agrobacterium sp. T29	2580515	S	1	0	1	0.0000448873
Agrobacterium rubi	28099	S	1	0	1	0.0000448873
Agrobacterium larrymoorei	160699	S	1	0	1	0.0000448873
Sinorhizobium medicae	110321	S	1	0	1	0.0000448873
Sinorhizobium americanum	194963	S	1	0	1	0.0000448873
Ensifer alkalisoli	1752398	S	1	0	1	0.0000448873
Microvirga ossetica	1882682	S	1	0	1	0.0000448873
Microvirga sp. 17 mud 1-3	2082949	S	1	0	1	0.0000448873
Mesorhizobium sp. M1D.F.Ca.ET.043.01.1.1	2493669	S	1	0	1	0.0000448873
Mesorhizobium sp. M9A.F.Ca.ET.002.03.1.2	2493668	S	1	0	1	0.0000448873
Mesorhizobium sp. NZP2298	2483403	S	1	0	1	0.0000448873
Mesorhizobium sp. 113-3-9	2744517	S	1	0	1	0.0000448873
Mesorhizobium sp. NBSH29	2654249	S	1	0	1	0.0000448873
Mesorhizobium australicum	536018	S	1	0	1	0.0000448873
Phyllobacterium zundukense	1867719	S	1	0	1	0.0000448873
Nitratireductor sp. OM-1	1756988	S	1	0	1	0.0000448873
Lentilitoribacter sp. Alg239-R112	2305987	S	1	0	1	0.0000448873
Devosia sp. 1566	2499144	S	1	0	1	0.0000448873
Hyphomicrobium nitrativorans	1427356	S	1	0	1	0.0000448873
Methyloceanibacter caenitepidi	1384459	S	1	0	1	0.0000448873
Aquabacter sp. L1I39	2820278	S	1	0	1	0.0000448873
Maritalea myrionectae	454601	S	1	0	1	0.0000448873
Starkeya novella	921	S	1	0	1	0.0000448873
Starkeya sp. ORNL1	2709380	S	1	0	1	0.0000448873
Labrys sp. KNU-23	2789216	S	1	0	1	0.0000448873
Martelella mediterranea	293089	S	1	0	1	0.0000448873
Martelella endophytica	1486262	S	1	0	1	0.0000448873
Martelella lutilitoris	2583532	S	1	0	1	0.0000448873
Stappia sp. ES.058	1881061	S	1	0	1	0.0000448873
Labrenzia aggregata	187304	S	1	0	1	0.0000448873
Methylocystis heyeri	391905	S	1	0	1	0.0000448873
Methylocystis sp. SC2	187303	S	1	0	1	0.0000448873
Bartonella sp. HY038	2759660	S	1	0	1	0.0000448873
Bartonella grahamii	33045	S	1	0	1	0.0000448873
Bartonella henselae	38323	S	1	0	1	0.0000448873
Bartonella apis	1686310	S	1	0	1	0.0000448873
Bartonella australis	388640	S	1	0	1	0.0000448873
Brucella pituitosa	571256	S	1	0	1	0.0000448873
Methylovirgula ligni	569860	S	1	0	1	0.0000448873
Nordella sp. HKS 07	2712222	S	1	0	1	0.0000448873
Parvibaculum lavamentivorans	256618	S	1	0	1	0.0000448873
Lichenihabitans psoromatis	2528642	S	1	0	1	0.0000448873
Sphingomonas sp. sand1-3	2764186	S	1	0	1	0.0000448873
Sphingomonas daechungensis	1176646	S	1	0	1	0.0000448873
Sphingopyxis sp. LPB0140	1913578	S	1	0	1	0.0000448873
Novosphingobium sp. P6W	1609758	S	1	0	1	0.0000448873
Sphingorhabdus sp. M41	1806885	S	1	0	1	0.0000448873
Erythrobacter neustonensis	1112	S	1	0	1	0.0000448873
Altererythrobacter sp. B11	2060312	S	1	0	1	0.0000448873
Altererythrobacter ishigakiensis	476157	S	1	0	1	0.0000448873
Tsuneonella flava	2055955	S	1	0	1	0.0000448873
Qipengyuania seohaensis	266951	S	1	0	1	0.0000448873
Sandaracinobacter sp. M6	2759707	S	1	0	1	0.0000448873
Paracoccus sp. BM15	1529068	S	1	0	1	0.0000448873
Paracoccus sp. H4-D09	2812658	S	1	0	1	0.0000448873
Sulfitobacter sp. SK012	1389005	S	1	0	1	0.0000448873
Sulfitobacter sp. SK025	1389011	S	1	0	1	0.0000448873
Sulfitobacter sp. B30-2	2785912	S	1	0	1	0.0000448873
Roseovarius sp. THAF9	2587847	S	1	0	1	0.0000448873
Leisingera sp. NJS201	2508306	S	1	0	1	0.0000448873
Octadecabacter sp. SW4	2602067	S	1	0	1	0.0000448873
Octadecabacter antarcticus	1217908	S	1	0	1	0.0000448873
Ruegeria sp. AD91A	2293862	S	1	0	1	0.0000448873
Thioclava electrotropha	1549850	S	1	0	1	0.0000448873
Rhodovulum sp. P5	1564506	S	1	0	1	0.0000448873
Celeribacter marinus	1397108	S	1	0	1	0.0000448873
Celeribacter ethanolicus	1758178	S	1	0	1	0.0000448873
Sagittula sp. P11	2009329	S	1	0	1	0.0000448873
Thalassococcus sp. S3	2017482	S	1	0	1	0.0000448873
Profundibacter amoris	2171755	S	1	0	1	0.0000448873
Antarctobacter heliothermus	74033	S	1	0	1	0.0000448873
Paraoceanicella profunda	2579971	S	1	0	1	0.0000448873
Pseudopuniceibacterium antarcticum	2613965	S	1	0	1	0.0000448873
Ketogulonicigenium robustum	92947	S	1	0	1	0.0000448873
Silicimonas algicola	1826607	S	1	0	1	0.0000448873
Roseibacterium elongatum	159346	S	1	0	1	0.0000448873
Boseongicola sp. CCM32	2552942	S	1	0	1	0.0000448873
Maribius sp. THAF1	2587842	S	1	0	1	0.0000448873
Brevundimonas subvibrioides	74313	S	1	0	1	0.0000448873
Caulobacter segnis	88688	S	1	0	1	0.0000448873
Phenylobacterium parvum	2201350	S	1	0	1	0.0000448873
Azospirillum sp. TSA2s	709810	S	1	0	1	0.0000448873
Azospirillum oryzae	286727	S	1	0	1	0.0000448873
Azospirillum ramasamyi	682998	S	1	0	1	0.0000448873
Azospirillum humicireducens	1226968	S	1	0	1	0.0000448873
Hypericibacter adhaerens	2602016	S	1	0	1	0.0000448873
Thalassospira indica	1891279	S	1	0	1	0.0000448873
Thalassospira marina	2048283	S	1	0	1	0.0000448873
Thalassospira sp. B30-1	2785911	S	1	0	1	0.0000448873
Defluviicoccus vanus	111831	S	1	0	1	0.0000448873
Candidatus Endolissoclinum faulkneri	1263979	S	1	0	1	0.0000448873
Acetobacter persici	1076596	S	1	0	1	0.0000448873
Komagataeibacter oboediens	65958	S	1	0	1	0.0000448873
Entomobacter blattae	2762277	S	1	0	1	0.0000448873
Oecophyllibacter saccharovorans	2558360	S	1	0	1	0.0000448873
Swingsia samuiensis	1293412	S	1	0	1	0.0000448873
Granulibacter bethesdensis	364410	S	1	0	1	0.0000448873
Kozakia baliensis	153496	S	1	0	1	0.0000448873
Rickettsia endosymbiont of Ixodes scapularis	444612	S	1	0	1	0.0000448873
Rickettsia raoultii	369822	S	1	0	1	0.0000448873
Rickettsia endosymbiont of Bemisia tabaci	337479	S	1	0	1	0.0000448873
Candidatus Phycorickettsia trachydisci	2115978	S	1	0	1	0.0000448873
Wolbachia endosymbiont of Ctenocephalides felis wCfeT	2732593	S	1	0	1	0.0000448873
Wolbachia endosymbiont of Folsomia candida	169402	S	1	0	1	0.0000448873
Candidatus Wolbachia massiliensis	1845000	S	1	0	1	0.0000448873
Micavibrio aeruginosavorus	349221	S	1	0	1	0.0000448873
Hyphomonas sp. KY3	2016196	S	1	0	1	0.0000448873
Hirschia baltica	2724	S	1	0	1	0.0000448873
Candidatus Pelagibacter sp. HIMB1321	1388755	S	1	0	1	0.0000448873
Candidatus Fonsibacter ubiquis	1925548	S	1	0	1	0.0000448873
Maricaulis maris	74318	S	1	0	1	0.0000448873
Hyphobacterium sp. CCMP332	2749086	S	1	0	1	0.0000448873
Candidatus Nesciobacter abundans	2601668	S	1	0	1	0.0000448873
Candidatus Paracaedibacter acanthamoebae	91604	S	1	0	1	0.0000448873
Magnetococcus marinus	1124597	S	1	0	1	0.0000448873
Stigmatella aurantiaca	41	S	1	0	1	0.0000448873
Desulfovibrio desulfuricans	876	S	1	0	1	0.0000448873
Desulfovibrio gigas	879	S	1	0	1	0.0000448873
Desulfovibrio fairfieldensis	44742	S	1	0	1	0.0000448873
Desulfovibrio alaskensis	58180	S	1	0	1	0.0000448873
Desulfovibrio marinus	370038	S	1	0	1	0.0000448873
Pseudodesulfovibrio indicus	1716143	S	1	0	1	0.0000448873
Pseudodesulfovibrio sp. zrk46	2725288	S	1	0	1	0.0000448873
Pseudodesulfovibrio cashew	2678688	S	1	0	1	0.0000448873
Maridesulfovibrio salexigens	880	S	1	0	1	0.0000448873
Maridesulfovibrio hydrothermalis	191026	S	1	0	1	0.0000448873
Desulfomicrobium baculatum	899	S	1	0	1	0.0000448873
Geobacter sp. M21	443144	S	1	0	1	0.0000448873
Geobacter sp. DSM 9736	1277350	S	1	0	1	0.0000448873
Geobacter sp. Jerry-YX	2815309	S	1	0	1	0.0000448873
Geobacter sulfurreducens	35554	S	1	0	1	0.0000448873
Geobacter bemidjiensis	225194	S	1	0	1	0.0000448873
Geobacter pickeringii	345632	S	1	0	1	0.0000448873
Geobacter uraniireducens	351604	S	1	0	1	0.0000448873
Desulfuromonas soudanensis	1603606	S	1	0	1	0.0000448873
Desulfosarcina alkanivorans	571177	S	1	0	1	0.0000448873
Desulfobacter hydrogenophilus	2291	S	1	0	1	0.0000448873
Desulfobacterium autotrophicum	2296	S	1	0	1	0.0000448873
Desulfonema limicola	45656	S	1	0	1	0.0000448873
Desulfatibacillum aliphaticivorans	218208	S	1	0	1	0.0000448873
Desulfobulbus oralis	1986146	S	1	0	1	0.0000448873
Desulfotalea psychrophila	84980	S	1	0	1	0.0000448873
Desulfurivibrio alkaliphilus	427923	S	1	0	1	0.0000448873
Desulfopila sp. IMCC35004	2569540	S	1	0	1	0.0000448873
Syntrophobacter fumaroxidans	119484	S	1	0	1	0.0000448873
Desulfoglaeba alkanexedens	361111	S	1	0	1	0.0000448873
Syntrophus aciditrophicus	316277	S	1	0	1	0.0000448873
Aliarcobacter skirrowii	28200	S	1	0	1	0.0000448873
Aliarcobacter cibarius	255507	S	1	0	1	0.0000448873
Aliarcobacter thereius	544718	S	1	0	1	0.0000448873
Aliarcobacter trophiarum	708186	S	1	0	1	0.0000448873
Aliarcobacter lanthieri	1355374	S	1	0	1	0.0000448873
Aliarcobacter faecis	1564138	S	1	0	1	0.0000448873
[Arcobacter] porcinus	1935204	S	1	0	1	0.0000448873
Malaciobacter molluscorum	1032072	S	1	0	1	0.0000448873
Arcobacter ellisii	913109	S	1	0	1	0.0000448873
Arcobacter venerupis	1054033	S	1	0	1	0.0000448873
Campylobacter sp. RM16704	1500960	S	1	0	1	0.0000448873
Campylobacter sp. CCUG 57310	2517362	S	1	0	1	0.0000448873
Campylobacter showae	204	S	1	0	1	0.0000448873
Campylobacter mucosalis	202	S	1	0	1	0.0000448873
Campylobacter curvus	200	S	1	0	1	0.0000448873
Campylobacter hyointestinalis	198	S	1	0	1	0.0000448873
Campylobacter corcagiensis	1448857	S	1	0	1	0.0000448873
Campylobacter canadensis	449520	S	1	0	1	0.0000448873
Sulfurospirillum barnesii	44674	S	1	0	1	0.0000448873
Helicobacter mustelae	217	S	1	0	1	0.0000448873
Helicobacter cetorum	138563	S	1	0	1	0.0000448873
Helicobacter canadensis	123841	S	1	0	1	0.0000448873
Helicobacter bilis	37372	S	1	0	1	0.0000448873
Sulfurimonas sp. GYSZ_1	2590022	S	1	0	1	0.0000448873
Sulfurimonas sp. H1576	2672570	S	1	0	1	0.0000448873
Candidatus Sulfurimonas baltica	2740404	S	1	0	1	0.0000448873
Candidatus Sulfurimonas marisnigri	2740405	S	1	0	1	0.0000448873
Nitratifractor salsuginis	269261	S	1	0	1	0.0000448873
Cetia pacifica	1424653	S	1	0	1	0.0000448873
Bdellovibrio sp. ZAP7	2231053	S	1	0	1	0.0000448873
Halobacteriovorax marinus	97084	S	1	0	1	0.0000448873
Acidithiobacillus caldus	33059	S	1	0	1	0.0000448873
Acidithiobacillus ferrivorans	160808	S	1	0	1	0.0000448873
Mariprofundus ferrinatatus	1921087	S	1	0	1	0.0000448873
Propionibacterium australiense	119981	S	1	0	1	0.0000448873
Propionibacterium acidifaciens	556499	S	1	0	1	0.0000448873
Microlunatus sp. Gsoil 973	2672569	S	1	0	1	0.0000448873
Tessaracoccus flavus	1610493	S	1	0	1	0.0000448873
Tessaracoccus timonensis	2161816	S	1	0	1	0.0000448873
Acidipropionibacterium jensenii	1749	S	1	0	1	0.0000448873
Acidipropionibacterium virtanenii	2057246	S	1	0	1	0.0000448873
Propioniciclava sp. HDW11	2714937	S	1	0	1	0.0000448873
Raineyella sp. CBA3103	2662261	S	1	0	1	0.0000448873
Nocardioides sp. dk3136	2575373	S	1	0	1	0.0000448873
Nocardioides sp. HY056	2500546	S	1	0	1	0.0000448873
Nocardioides sp. WS12	2486272	S	1	0	1	0.0000448873
Nocardioides sp. 603	2483798	S	1	0	1	0.0000448873
Nocardioides sp. S-713	2760089	S	1	0	1	0.0000448873
Nocardioides sp. CF8	110319	S	1	0	1	0.0000448873
Nocardioides mesophilus	433659	S	1	0	1	0.0000448873
Nocardioides euryhalodurans	2518370	S	1	0	1	0.0000448873
Nocardioides seonyuensis	2518371	S	1	0	1	0.0000448873
Aeromicrobium sp. zg-629	2663859	S	1	0	1	0.0000448873
Aeromicrobium marinum	219314	S	1	0	1	0.0000448873
Aeromicrobium choanae	1736691	S	1	0	1	0.0000448873
Pimelobacter simplex	2045	S	1	0	1	0.0000448873
Friedmanniella luteola	546871	S	1	0	1	0.0000448873
Marmoricola scoriae	642780	S	1	0	1	0.0000448873
Rhodococcus sp. PBTS 1	1653478	S	1	0	1	0.0000448873
Rhodococcus sp. W8901	2742603	S	1	0	1	0.0000448873
Rhodococcus sp. ABRD24	2507582	S	1	0	1	0.0000448873
Rhodococcus sp. MTM3W5.2	1805827	S	1	0	1	0.0000448873
Rhodococcus sp. P1Y	1302308	S	1	0	1	0.0000448873
Rhodococcus opacus	37919	S	1	0	1	0.0000448873
Nocardia sp. WCH-YHL-001	2755382	S	1	0	1	0.0000448873
Nocardia otitidiscaviarum	1823	S	1	0	1	0.0000448873
Nocardia seriolae	37332	S	1	0	1	0.0000448873
Nocardia wallacei	480035	S	1	0	1	0.0000448873
Mycolicibacterium psychrotolerans	216929	S	1	0	1	0.0000448873
Mycolicibacterium mucogenicum	56689	S	1	0	1	0.0000448873
Mycolicibacterium celeriflavum	1249101	S	1	0	1	0.0000448873
Mycolicibacterium sarraceniae	1534348	S	1	0	1	0.0000448873
Mycolicibacterium sp. LJ126	2761578	S	1	0	1	0.0000448873
Mycolicibacterium alvei	67081	S	1	0	1	0.0000448873
Mycolicibacterium fortuitum	1766	S	1	0	1	0.0000448873
Mycolicibacterium poriferae	39694	S	1	0	1	0.0000448873
Mycolicibacterium fallax	1793	S	1	0	1	0.0000448873
Mycolicibacterium gadium	1794	S	1	0	1	0.0000448873
Mycolicibacterium rhodesiae	36814	S	1	0	1	0.0000448873
Mycolicibacterium pulveris	36813	S	1	0	1	0.0000448873
Mycolicibacterium confluentis	28047	S	1	0	1	0.0000448873
Mycobacterium marseillense	701042	S	1	0	1	0.0000448873
Mycobacterium sp. JS623	212767	S	1	0	1	0.0000448873
Mycobacterium sp. ELW1	1547487	S	1	0	1	0.0000448873
Mycobacterium sp. THAF192	2587868	S	1	0	1	0.0000448873
Mycobacterium sp. DL440	2675523	S	1	0	1	0.0000448873
Mycobacterium heidelbergense	53376	S	1	0	1	0.0000448873
Mycobacterium parmense	185642	S	1	0	1	0.0000448873
Mycobacterium ulcerans	1809	S	1	0	1	0.0000448873
Mycobacterium branderi	43348	S	1	0	1	0.0000448873
Mycobacterium riyadhense	486698	S	1	0	1	0.0000448873
Mycobacterium paraseoulense	590652	S	1	0	1	0.0000448873
Mycobacterium paragordonae	1389713	S	1	0	1	0.0000448873
Mycobacterium grossiae	1552759	S	1	0	1	0.0000448873
Mycobacterium haemophilum	29311	S	1	0	1	0.0000448873
Mycobacteroides salmoniphilum	404941	S	1	0	1	0.0000448873
Mycobacteroides saopaulense	1578165	S	1	0	1	0.0000448873
Mycolicibacter hiberniae	29314	S	1	0	1	0.0000448873
Mycolicibacillus koreensis	1069220	S	1	0	1	0.0000448873
Corynebacterium sp. 1864	2820399	S	1	0	1	0.0000448873
Corynebacterium sp. LMM-1652	2487892	S	1	0	1	0.0000448873
Corynebacterium sp. sy039	2599641	S	1	0	1	0.0000448873
Corynebacterium sp. zg-320	2768834	S	1	0	1	0.0000448873
Corynebacterium sp. 2019	2675218	S	1	0	1	0.0000448873
Corynebacterium sp. ZJ-599	2709394	S	1	0	1	0.0000448873
Corynebacterium ureicelerivorans	401472	S	1	0	1	0.0000448873
Corynebacterium frankenforstense	1230998	S	1	0	1	0.0000448873
Corynebacterium simulans	146827	S	1	0	1	0.0000448873
Corynebacterium riegelii	156976	S	1	0	1	0.0000448873
Corynebacterium imitans	156978	S	1	0	1	0.0000448873
Corynebacterium provencense	1737425	S	1	0	1	0.0000448873
Corynebacterium stationis	1705	S	1	0	1	0.0000448873
Corynebacterium urealyticum	43771	S	1	0	1	0.0000448873
Corynebacterium ammoniagenes	1697	S	1	0	1	0.0000448873
Corynebacterium anserum	2684406	S	1	0	1	0.0000448873
Corynebacterium kutscheri	35755	S	1	0	1	0.0000448873
Corynebacterium mycetoides	38302	S	1	0	1	0.0000448873
Corynebacterium propinquum	43769	S	1	0	1	0.0000448873
Corynebacterium striatum	43770	S	1	0	1	0.0000448873
Corynebacterium segmentosum	43990	S	1	0	1	0.0000448873
Gordonia sp. YC-JH1	2059875	S	1	0	1	0.0000448873
Gordonia insulae	2420509	S	1	0	1	0.0000448873
Dietzia psychralcaliphila	139021	S	1	0	1	0.0000448873
Dietzia timorensis	499555	S	1	0	1	0.0000448873
Segniliparus rotundus	286802	S	1	0	1	0.0000448873
Microbacterium sp. WY121	2782168	S	1	0	1	0.0000448873
Microbacterium sp. HY82	2708079	S	1	0	1	0.0000448873
Microbacterium sp. NY27	2782169	S	1	0	1	0.0000448873
Microbacterium sp. ABRD_28	2268461	S	1	0	1	0.0000448873
Microbacterium oryzae	743009	S	1	0	1	0.0000448873
Microbacterium amylolyticum	936337	S	1	0	1	0.0000448873
Microbacterium endophyticum	1526412	S	1	0	1	0.0000448873
Microbacterium protaetiae	2509458	S	1	0	1	0.0000448873
Microbacterium schleiferi	69362	S	1	0	1	0.0000448873
Curtobacterium pusillum	69373	S	1	0	1	0.0000448873
Rathayibacter sp. VKM Ac-2762	2609254	S	1	0	1	0.0000448873
Rathayibacter sp. VKM Ac-2804	2609257	S	1	0	1	0.0000448873
Rathayibacter tritici	33888	S	1	0	1	0.0000448873
Rathayibacter iranicus	59737	S	1	0	1	0.0000448873
Rathayibacter toxicus	145458	S	1	0	1	0.0000448873
Rathayibacter tanaceti	1671680	S	1	0	1	0.0000448873
Agromyces sp. LHK192	2498704	S	1	0	1	0.0000448873
Agromyces flavus	589382	S	1	0	1	0.0000448873
Agromyces badenianii	2080742	S	1	0	1	0.0000448873
Rhodoluna lacicola	529884	S	1	0	1	0.0000448873
Candidatus Aquiluna sp. UB-MaderosW2red	1855377	S	1	0	1	0.0000448873
Leucobacter muris	1935379	S	1	0	1	0.0000448873
Leucobacter sp. CX169	2813744	S	1	0	1	0.0000448873
Leucobacter viscericola	2714935	S	1	0	1	0.0000448873
Plantibacter sp. M259	2583822	S	1	0	1	0.0000448873
Frondihabitans sp. PAMC 28766	1795630	S	1	0	1	0.0000448873
Mycetocola zhujimingii	2079792	S	1	0	1	0.0000448873
Mycetocola sp. JXN-3	2116510	S	1	0	1	0.0000448873
Frigoribacterium sp. NBH87	2596916	S	1	0	1	0.0000448873
Microterricola viridarii	412690	S	1	0	1	0.0000448873
Diaminobutyricimonas sp. LJ205	2683590	S	1	0	1	0.0000448873
Lysinimonas sp. KACC 19322	2592654	S	1	0	1	0.0000448873
Agreia sp. COWG	2773266	S	1	0	1	0.0000448873
Arthrobacter sp. ERGS1:01	1704044	S	1	0	1	0.0000448873
Arthrobacter sp. PM3	2017685	S	1	0	1	0.0000448873
Arthrobacter sp. PAMC25564	2565366	S	1	0	1	0.0000448873
Arthrobacter woluwensis	156980	S	1	0	1	0.0000448873
Kocuria sp. KD4	2719588	S	1	0	1	0.0000448873
Kocuria rosea	1275	S	1	0	1	0.0000448873
Kocuria turfanensis	388357	S	1	0	1	0.0000448873
Rothia amarae	169480	S	1	0	1	0.0000448873
Pseudarthrobacter chlorophenolicus	85085	S	1	0	1	0.0000448873
Glutamicibacter creatinolyticus	162496	S	1	0	1	0.0000448873
Sinomonas atrocyanea	37927	S	1	0	1	0.0000448873
Sinomonas sp. R1AF57	2020377	S	1	0	1	0.0000448873
Xylanimonas allomyrinae	2509459	S	1	0	1	0.0000448873
Cellulomonas sp. Y8	2591145	S	1	0	1	0.0000448873
Cellulomonas sp. JZ18	2654191	S	1	0	1	0.0000448873
Cellulomonas flavigena	1711	S	1	0	1	0.0000448873
Cellulomonas taurus	2729175	S	1	0	1	0.0000448873
Serinicoccus chungangensis	767452	S	1	0	1	0.0000448873
Brevibacterium aurantiacum	273384	S	1	0	1	0.0000448873
Brevibacterium sandarakinum	629680	S	1	0	1	0.0000448873
Brachybacterium ginsengisoli	1331682	S	1	0	1	0.0000448873
Dermabacter jinjuensis	1667168	S	1	0	1	0.0000448873
Georgenia sp. Z294	2585135	S	1	0	1	0.0000448873
Ruania sp. HY168	2603206	S	1	0	1	0.0000448873
Haloactinobacterium sp. HY164	2675754	S	1	0	1	0.0000448873
Sanguibacter keddieii	60920	S	1	0	1	0.0000448873
Sanguibacter sp. HDW7	2714931	S	1	0	1	0.0000448873
Austwickia chelonae	100225	S	1	0	1	0.0000448873
Streptomyces sp. YIM 121038	2136401	S	1	0	1	0.0000448873
Streptomyces sp. QHH-9511	2684468	S	1	0	1	0.0000448873
Streptomyces sp. HF10	2692233	S	1	0	1	0.0000448873
Streptomyces sp. P3	2135430	S	1	0	1	0.0000448873
Streptomyces sp. SCUT-3	2684469	S	1	0	1	0.0000448873
Streptomyces sp. endophyte_N2	2153485	S	1	0	1	0.0000448873
Streptomyces sp. CB09001	2083284	S	1	0	1	0.0000448873
Streptomyces sp. CdTB01	1725411	S	1	0	1	0.0000448873
Streptomyces sp. CFMR 7	1649184	S	1	0	1	0.0000448873
Streptomyces sp. CCM_MD2014	1561022	S	1	0	1	0.0000448873
Streptomyces sp. S8	1837283	S	1	0	1	0.0000448873
Streptomyces sp. RLB1-33	2721243	S	1	0	1	0.0000448873
Streptomyces sp. XC 2026	2782004	S	1	0	1	0.0000448873
Streptomyces sp. AgN23	1188315	S	1	0	1	0.0000448873
Streptomyces sp. C8S0	2585716	S	1	0	1	0.0000448873
Streptomyces sp. Mg1	465541	S	1	0	1	0.0000448873
Streptomyces sp. SirexAA-E	862751	S	1	0	1	0.0000448873
Streptomyces sp. NA04227	2742136	S	1	0	1	0.0000448873
Streptomyces sp. NA02950	2742137	S	1	0	1	0.0000448873
Streptomyces globisporus	1908	S	1	0	1	0.0000448873
Streptomyces albidoflavus	1886	S	1	0	1	0.0000448873
Streptomyces roseochromogenus	285450	S	1	0	1	0.0000448873
Streptomyces rubrolavendulae	285473	S	1	0	1	0.0000448873
Streptomyces asterosporus	285570	S	1	0	1	0.0000448873
Streptomyces xiamenensis	408015	S	1	0	1	0.0000448873
Streptomyces hundungensis	1077946	S	1	0	1	0.0000448873
Streptomyces pristinaespiralis	38300	S	1	0	1	0.0000448873
Streptomyces cavourensis	67258	S	1	0	1	0.0000448873
Streptomyces violaceoruber	1935	S	1	0	1	0.0000448873
Streptomyces spongiicola	1690221	S	1	0	1	0.0000448873
Streptomyces qaidamensis	1783515	S	1	0	1	0.0000448873
Streptomyces nigra	1827580	S	1	0	1	0.0000448873
Streptomyces fodineus	1904616	S	1	0	1	0.0000448873
Streptomyces aquilus	2548456	S	1	0	1	0.0000448873
Streptomyces griseocarneus	51201	S	1	0	1	0.0000448873
Streptomyces bathyalis	2710756	S	1	0	1	0.0000448873
Streptomyces olivaceus	47716	S	1	0	1	0.0000448873
Streptomyces albulus	68570	S	1	0	1	0.0000448873
Streptomyces fulvissimus	68202	S	1	0	1	0.0000448873
Streptomyces parvulus	146923	S	1	0	1	0.0000448873
Streptomyces autolyticus	75293	S	1	0	1	0.0000448873
Streptomyces koyangensis	188770	S	1	0	1	0.0000448873
Streptomyces murinus	33900	S	1	0	1	0.0000448873
Streptomyces avermitilis	33903	S	1	0	1	0.0000448873
Streptomyces antimycoticus	68175	S	1	0	1	0.0000448873
Streptomyces noursei	1971	S	1	0	1	0.0000448873
Kitasatospora sp. NA04385	2742135	S	1	0	1	0.0000448873
Streptacidiphilus bronchialis	2126346	S	1	0	1	0.0000448873
Micromonospora sp. WMMC415	2675222	S	1	0	1	0.0000448873
Micromonospora inositola	47865	S	1	0	1	0.0000448873
Micromonospora craniellae	2294034	S	1	0	1	0.0000448873
Salinispora tropica	168695	S	1	0	1	0.0000448873
Amycolatopsis methanolica	1814	S	1	0	1	0.0000448873
Pseudonocardia sp. HH130629-09	1641402	S	1	0	1	0.0000448873
Saccharopolyspora spinosa	60894	S	1	0	1	0.0000448873
Saccharomonospora glauca	40990	S	1	0	1	0.0000448873
Actinoalloteichus hymeniacidonis	340345	S	1	0	1	0.0000448873
Actinomyces sp. oral taxon 414	712122	S	1	0	1	0.0000448873
Actinomyces sp. ZJ34	2722820	S	1	0	1	0.0000448873
Actinomyces naeslundii	1655	S	1	0	1	0.0000448873
Actinomyces viscosus	1656	S	1	0	1	0.0000448873
Actinomyces radicidentis	111015	S	1	0	1	0.0000448873
Actinomyces gaoshouyii	1960083	S	1	0	1	0.0000448873
Actinomyces procaprae	2560010	S	1	0	1	0.0000448873
Schaalia sp. ZJ405	2709403	S	1	0	1	0.0000448873
Flaviflexus salsibiostraticola	1282737	S	1	0	1	0.0000448873
Streptosporangium sp. 'caverna'	2202249	S	1	0	1	0.0000448873
Nocardiopsis gilva	280236	S	1	0	1	0.0000448873
Streptomonospora sp. M2	2498135	S	1	0	1	0.0000448873
Bifidobacterium indicum	1691	S	1	0	1	0.0000448873
Bifidobacterium pseudolongum	1694	S	1	0	1	0.0000448873
Bifidobacterium pseudocatenulatum	28026	S	1	0	1	0.0000448873
Gardnerella leopoldii	2792978	S	1	0	1	0.0000448873
Candidatus Planktophila versatilis	1884905	S	1	0	1	0.0000448873
Candidatus Planktophila vernalis	1884907	S	1	0	1	0.0000448873
Candidatus Nanopelagicus abundans	1884916	S	1	0	1	0.0000448873
Nakamurella sp. s14-144	1902245	S	1	0	1	0.0000448873
Blastococcus saxobsidens	138336	S	1	0	1	0.0000448873
Jiangella sp. DSM 45060	1798224	S	1	0	1	0.0000448873
Jatrophihabitans sp. GAS493	1907575	S	1	0	1	0.0000448873
Actinopolyspora erythraea	414996	S	1	0	1	0.0000448873
Stackebrandtia nassauensis	283811	S	1	0	1	0.0000448873
Eggerthella sp. HF-1101	2690837	S	1	0	1	0.0000448873
Eggerthella lenta	84112	S	1	0	1	0.0000448873
Gordonibacter pamelaeae	471189	S	1	0	1	0.0000448873
Gordonibacter urolithinfaciens	1335613	S	1	0	1	0.0000448873
Adlercreutzia sp. 8CFCBH1	2707299	S	1	0	1	0.0000448873
Phoenicibacter congonensis	1944646	S	1	0	1	0.0000448873
Parolsenella massiliensis	1871022	S	1	0	1	0.0000448873
Parolsenella catena	2003188	S	1	0	1	0.0000448873
Olsenella uli	133926	S	1	0	1	0.0000448873
Rubrobacter sp. SCSIO 52915	2653852	S	1	0	1	0.0000448873
Rubrobacter xylanophilus	49319	S	1	0	1	0.0000448873
Egibacter rhizosphaerae	1670831	S	1	0	1	0.0000448873
Bacillus mycoides	1405	S	1	0	1	0.0000448873
Bacillus sp. OxB-1	98228	S	1	0	1	0.0000448873
Bacillus sp. DSL-17	2567941	S	1	0	1	0.0000448873
Bacillus sp. SYJ	2529386	S	1	0	1	0.0000448873
Bacillus sp. BD59S	2499213	S	1	0	1	0.0000448873
Bacillus sp. FJAT-45348	2011012	S	1	0	1	0.0000448873
Bacillus sp. HD4P25	2779776	S	1	0	1	0.0000448873
Bacillus atrophaeus	1452	S	1	0	1	0.0000448873
Bacillus sonorensis	119858	S	1	0	1	0.0000448873
Bacillus tequilensis	227866	S	1	0	1	0.0000448873
Bacillus freudenreichii	1783501	S	1	0	1	0.0000448873
Bacillus ciccensis	1670641	S	1	0	1	0.0000448873
Bacillus circulans	1397	S	1	0	1	0.0000448873
Bacillus marisflavi	189381	S	1	0	1	0.0000448873
Lysinibacillus sp. 2017	2169540	S	1	0	1	0.0000448873
Lysinibacillus sp. FJAT-51161	2590012	S	1	0	1	0.0000448873
Virgibacillus sp. MSP4-1	2700081	S	1	0	1	0.0000448873
Virgibacillus necropolis	163877	S	1	0	1	0.0000448873
Anoxybacillus flavithermus	33934	S	1	0	1	0.0000448873
Anoxybacillus amylolyticus	294699	S	1	0	1	0.0000448873
Oceanobacillus kimchii	746691	S	1	0	1	0.0000448873
Geobacillus sp. E263	391290	S	1	0	1	0.0000448873
Geobacillus sp. 46C-IIa	1963025	S	1	0	1	0.0000448873
Peribacillus simplex	1478	S	1	0	1	0.0000448873
Peribacillus asahii	228899	S	1	0	1	0.0000448873
Neobacillus mesonae	1193713	S	1	0	1	0.0000448873
Mesobacillus jeotgali	129985	S	1	0	1	0.0000448873
Aeribacillus pallidus	33936	S	1	0	1	0.0000448873
Lentibacillus amyloliquefaciens	1472767	S	1	0	1	0.0000448873
Pontibacillus sp. HMF3514	2692425	S	1	0	1	0.0000448873
Pradoshia sp. D12	2651284	S	1	0	1	0.0000448873
Parageobacillus genomosp. 1	1295642	S	1	0	1	0.0000448873
Sediminibacillus sp. DP4-553-S	2729421	S	1	0	1	0.0000448873
Staphylococcus delphini	53344	S	1	0	1	0.0000448873
Staphylococcus pseudintermedius	283734	S	1	0	1	0.0000448873
Staphylococcus caprae	29380	S	1	0	1	0.0000448873
Staphylococcus lugdunensis	28035	S	1	0	1	0.0000448873
Staphylococcus pseudoxylosus	2282419	S	1	0	1	0.0000448873
Staphylococcus schleiferi	1295	S	1	0	1	0.0000448873
Staphylococcus hyicus	1284	S	1	0	1	0.0000448873
Staphylococcus lutrae	155085	S	1	0	1	0.0000448873
Staphylococcus pettenkoferi	170573	S	1	0	1	0.0000448873
Staphylococcus simulans	1286	S	1	0	1	0.0000448873
Mammaliicoccus fleurettii	150056	S	1	0	1	0.0000448873
Paenibacillus sp. JZ16	1906272	S	1	0	1	0.0000448873
Paenibacillus sp. E222	2748863	S	1	0	1	0.0000448873
Paenibacillus sp. URB8-2	2741301	S	1	0	1	0.0000448873
Paenibacillus sp. 37	2607911	S	1	0	1	0.0000448873
Paenibacillus sp. BIHB4019	1870819	S	1	0	1	0.0000448873
Paenibacillus sp. 32O-W	1695218	S	1	0	1	0.0000448873
Paenibacillus sp. Y412MC10	481743	S	1	0	1	0.0000448873
Paenibacillus sp. FSL R5-0345	1536770	S	1	0	1	0.0000448873
Paenibacillus xylanexedens	528191	S	1	0	1	0.0000448873
Paenibacillus guangzhouensis	1473112	S	1	0	1	0.0000448873
Paenibacillus antarcticus	253703	S	1	0	1	0.0000448873
Paenibacillus kribbensis	172713	S	1	0	1	0.0000448873
Paenibacillus stellifer	169760	S	1	0	1	0.0000448873
Paenibacillus naphthalenovorans	162209	S	1	0	1	0.0000448873
Paenibacillus albus	2495582	S	1	0	1	0.0000448873
Paenibacillus protaetiae	2509456	S	1	0	1	0.0000448873
Brevibacillus sp. SCSIO 07484	2496837	S	1	0	1	0.0000448873
Brevibacillus choshinensis	54911	S	1	0	1	0.0000448873
Brevibacillus formosus	54913	S	1	0	1	0.0000448873
Cohnella sp. KS 22	2598458	S	1	0	1	0.0000448873
Cohnella sp. MFER-1	2728023	S	1	0	1	0.0000448873
Cohnella abietis	2507935	S	1	0	1	0.0000448873
Planococcus antarcticus	161360	S	1	0	1	0.0000448873
Planococcus rifietoensis	200991	S	1	0	1	0.0000448873
Planococcus sp. MB-3u-03	2058136	S	1	0	1	0.0000448873
Sporosarcina sp. P33	1930764	S	1	0	1	0.0000448873
Ureibacillus thermosphaericus	51173	S	1	0	1	0.0000448873
Ureibacillus thermophilus	367743	S	1	0	1	0.0000448873
Jeotgalibacillus malaysiensis	1508404	S	1	0	1	0.0000448873
Paenisporosarcina antarctica	417367	S	1	0	1	0.0000448873
Listeria ivanovii	1638	S	1	0	1	0.0000448873
Listeria seeligeri	1640	S	1	0	1	0.0000448873
Kroppenstedtia pulmonis	1380685	S	1	0	1	0.0000448873
Staphylospora marina	2490858	S	1	0	1	0.0000448873
Gemella haemolysans	1379	S	1	0	1	0.0000448873
Gemella morbillorum	29391	S	1	0	1	0.0000448873
Gemella sanguinis	84135	S	1	0	1	0.0000448873
Streptococcus himalayensis	1888195	S	1	0	1	0.0000448873
Streptococcus marmotae	1825069	S	1	0	1	0.0000448873
Streptococcus halotolerans	1814128	S	1	0	1	0.0000448873
Streptococcus respiraculi	2021971	S	1	0	1	0.0000448873
Streptococcus merionis	400065	S	1	0	1	0.0000448873
Streptococcus chenjunshii	2173853	S	1	0	1	0.0000448873
Streptococcus cristatus	45634	S	1	0	1	0.0000448873
Streptococcus suis	1307	S	1	0	1	0.0000448873
Streptococcus pneumoniae	1313	S	1	0	1	0.0000448873
Streptococcus pyogenes	1314	S	1	0	1	0.0000448873
Streptococcus parasanguinis	1318	S	1	0	1	0.0000448873
Lactococcus allomyrinae	2419773	S	1	0	1	0.0000448873
Lactobacillus iners	147802	S	1	0	1	0.0000448873
Lactobacillus sp. wkB8	1545702	S	1	0	1	0.0000448873
Lactobacillus kefiranofaciens	267818	S	1	0	1	0.0000448873
Lactobacillus acidophilus	1579	S	1	0	1	0.0000448873
Lactobacillus jensenii	109790	S	1	0	1	0.0000448873
Lactobacillus crispatus	47770	S	1	0	1	0.0000448873
Limosilactobacillus pontis	35787	S	1	0	1	0.0000448873
Limosilactobacillus mucosae	97478	S	1	0	1	0.0000448873
Leuconostoc mesenteroides	1245	S	1	0	1	0.0000448873
Leuconostoc pseudomesenteroides	33968	S	1	0	1	0.0000448873
Lacticaseibacillus rhamnosus	47715	S	1	0	1	0.0000448873
Loigolactobacillus backii	375175	S	1	0	1	0.0000448873
Companilactobacillus allii	1847728	S	1	0	1	0.0000448873
Companilactobacillus zhachilii	2304606	S	1	0	1	0.0000448873
Pediococcus pentosaceus	1255	S	1	0	1	0.0000448873
Pediococcus claussenii	187452	S	1	0	1	0.0000448873
Pediococcus acidilactici	1254	S	1	0	1	0.0000448873
Liquorilactobacillus nagelii	82688	S	1	0	1	0.0000448873
Latilactobacillus sakei	1599	S	1	0	1	0.0000448873
Latilactobacillus curvatus	28038	S	1	0	1	0.0000448873
Lapidilactobacillus dextrinicus	51664	S	1	0	1	0.0000448873
Apilactobacillus bombintestini	2419772	S	1	0	1	0.0000448873
Oenococcus sp. UCMA 16435	2259623	S	1	0	1	0.0000448873
Enterococcus hirae	1354	S	1	0	1	0.0000448873
Enterococcus avium	33945	S	1	0	1	0.0000448873
Vagococcus zengguangii	2571750	S	1	0	1	0.0000448873
Carnobacterium maltaromaticum	2751	S	1	0	1	0.0000448873
Carnobacterium inhibens	147709	S	1	0	1	0.0000448873
Carnobacterium sp. 17-4	208596	S	1	0	1	0.0000448873
Jeotgalibaca porci	1868793	S	1	0	1	0.0000448873
Dolosigranulum pigrum	29394	S	1	0	1	0.0000448873
Aerococcus viridans	1377	S	1	0	1	0.0000448873
Aerococcus christensenii	87541	S	1	0	1	0.0000448873
Clostridium sp. DL-VIII	641107	S	1	0	1	0.0000448873
Clostridium sp. BNL1100	755731	S	1	0	1	0.0000448873
Clostridium sp. JN-9	2507159	S	1	0	1	0.0000448873
Clostridium chauvoei	46867	S	1	0	1	0.0000448873
Clostridium aceticum	84022	S	1	0	1	0.0000448873
Clostridium argentinense	29341	S	1	0	1	0.0000448873
Clostridium scatologenes	1548	S	1	0	1	0.0000448873
Clostridium pasteurianum	1501	S	1	0	1	0.0000448873
Clostridium bornimense	1216932	S	1	0	1	0.0000448873
Alkaliphilus metalliredigens	208226	S	1	0	1	0.0000448873
Alkaliphilus oremlandii	461876	S	1	0	1	0.0000448873
Geosporobacter ferrireducens	1424294	S	1	0	1	0.0000448873
Blautia sp. LZLJ-3	2779518	S	1	0	1	0.0000448873
Blautia obeum	40520	S	1	0	1	0.0000448873
Anaerocolumna cellulosilytica	433286	S	1	0	1	0.0000448873
Anaerocolumna sedimenticola	2696063	S	1	0	1	0.0000448873
[Clostridium] scindens	29347	S	1	0	1	0.0000448873
Lachnoclostridium phytofermentans	66219	S	1	0	1	0.0000448873
Coprococcus comes	410072	S	1	0	1	0.0000448873
Pseudobutyrivibrio xylanivorans	185007	S	1	0	1	0.0000448873
Enterocloster clostridioformis	1531	S	1	0	1	0.0000448873
Filifactor alocis	143361	S	1	0	1	0.0000448873
Peptacetobacter hiranonis	89152	S	1	0	1	0.0000448873
Ruminococcus albus	1264	S	1	0	1	0.0000448873
Acetivibrio clariflavus	288965	S	1	0	1	0.0000448873
Ruminiclostridium cellulolyticum	1521	S	1	0	1	0.0000448873
Flavonifractor plautii	292800	S	1	0	1	0.0000448873
Caproiciproducens sp. NJN-50	2507162	S	1	0	1	0.0000448873
Ruthenibacterium lactatiformans	1550024	S	1	0	1	0.0000448873
Pseudoclostridium thermosuccinogenes	84032	S	1	0	1	0.0000448873
Desulfosporosinus meridiei	79209	S	1	0	1	0.0000448873
Desulfosporosinus acidiphilus	885581	S	1	0	1	0.0000448873
Desulfotomaculum reducens	59610	S	1	0	1	0.0000448873
Thermincola potens	863643	S	1	0	1	0.0000448873
Desulfofarcimen acetoxidans	58138	S	1	0	1	0.0000448873
Thermaerobacter sp. PB12/4term	2293838	S	1	0	1	0.0000448873
Thermaerobacter sp. FW80	2546351	S	1	0	1	0.0000448873
Thermaerobacter marianensis	73919	S	1	0	1	0.0000448873
Mogibacterium pumilum	86332	S	1	0	1	0.0000448873
Mogibacterium diversum	114527	S	1	0	1	0.0000448873
Aminipila sp. JN-18	2507160	S	1	0	1	0.0000448873
Eubacterium limosum	1736	S	1	0	1	0.0000448873
Acetobacterium sp. KB-1	2184575	S	1	0	1	0.0000448873
Alkalibacter sp. ES005	2815577	S	1	0	1	0.0000448873
Symbiobacterium thermophilum	2734	S	1	0	1	0.0000448873
Caldicellulosiruptor owensensis	55205	S	1	0	1	0.0000448873
Thermoanaerobacterium xylanolyticum	29329	S	1	0	1	0.0000448873
Thermoanaerobacterium sp. RBIITD	1550240	S	1	0	1	0.0000448873
Moorella thermoacetica	1525	S	1	0	1	0.0000448873
Thermanaeromonas toyohensis	161154	S	1	0	1	0.0000448873
Caldanaerobacter subterraneus	911092	S	1	0	1	0.0000448873
Thermodesulfobium narugense	184064	S	1	0	1	0.0000448873
Thermodesulfobium acidiphilum	1794699	S	1	0	1	0.0000448873
Halanaerobium hydrogeniformans	656519	S	1	0	1	0.0000448873
Halothermothrix orenii	31909	S	1	0	1	0.0000448873
Halocella sp. SP3-1	2382161	S	1	0	1	0.0000448873
Anoxybacter fermentans	1323375	S	1	0	1	0.0000448873
Natranaerobius thermophilus	375929	S	1	0	1	0.0000448873
Koleobacter methoxysyntrophicus	2751313	S	1	0	1	0.0000448873
Veillonella atypica	39777	S	1	0	1	0.0000448873
Megasphaera stantonii	2144175	S	1	0	1	0.0000448873
Pelosinus sp. UFO1	484770	S	1	0	1	0.0000448873
Phascolarctobacterium sp. Marseille-Q4147	2823317	S	1	0	1	0.0000448873
Anaerococcus prevotii	33034	S	1	0	1	0.0000448873
Anaerococcus vaginalis	33037	S	1	0	1	0.0000448873
Anaerococcus mediterraneensis	1870984	S	1	0	1	0.0000448873
Peptoniphilus harei	54005	S	1	0	1	0.0000448873
Keratinibaculum paraultunense	1278232	S	1	0	1	0.0000448873
Gudongella oleilytica	1582259	S	1	0	1	0.0000448873
Erysipelothrix inopinata	225084	S	1	0	1	0.0000448873
Erysipelothrix sp. HDW6C	2714930	S	1	0	1	0.0000448873
Faecalibaculum rodentium	1702221	S	1	0	1	0.0000448873
endosymbiont 'TC1' of Trimyema compressum	243899	S	1	0	1	0.0000448873
Nostoc sp. UHCC 0702	2814655	S	1	0	1	0.0000448873
Nostoc punctiforme	272131	S	1	0	1	0.0000448873
Nostoc flagelliforme	1306274	S	1	0	1	0.0000448873
Cylindrospermum stagnale	142864	S	1	0	1	0.0000448873
Trichormus azollae	1164	S	1	0	1	0.0000448873
Calothrix sp. 336/3	1337936	S	1	0	1	0.0000448873
Calothrix sp. NIES-3974	2005462	S	1	0	1	0.0000448873
Anabaenopsis circularis	109266	S	1	0	1	0.0000448873
Microcoleus sp. PCC 7113	1173027	S	1	0	1	0.0000448873
Oxynema sp. AP17	2064643	S	1	0	1	0.0000448873
Cyanothece sp. PCC 7425	395961	S	1	0	1	0.0000448873
Geitlerinema sp. PCC 7407	1173025	S	1	0	1	0.0000448873
Microcystis viridis	44822	S	1	0	1	0.0000448873
Halothece sp. PCC 7418	65093	S	1	0	1	0.0000448873
Chondrocystis sp. NIES-4102	2005460	S	1	0	1	0.0000448873
Synechococcus sp. WH 8103	29410	S	1	0	1	0.0000448873
Synechococcus sp. SynAce01	1916956	S	1	0	1	0.0000448873
Synechococcus sp. NOUM97013	1442555	S	1	0	1	0.0000448873
Synechococcus sp. BOUM118	1442552	S	1	0	1	0.0000448873
Synechococcus sp. BMK-MC-1	1442551	S	1	0	1	0.0000448873
Synechococcus sp. CBW1108	1353147	S	1	0	1	0.0000448873
Synechococcus sp. PCC 7003	374981	S	1	0	1	0.0000448873
Synechococcus sp. CB0101	232348	S	1	0	1	0.0000448873
Synechococcus sp. RS9902	221345	S	1	0	1	0.0000448873
Synechococcus sp. CC9605	110662	S	1	0	1	0.0000448873
Synechococcus sp. PCC 6312	195253	S	1	0	1	0.0000448873
Synechococcus sp. PCC 7002	32049	S	1	0	1	0.0000448873
Synechococcus sp. MIT S9220	166309	S	1	0	1	0.0000448873
Synechococcus sp. WH 8109	166314	S	1	0	1	0.0000448873
Synechococcus sp. WH 8101	59932	S	1	0	1	0.0000448873
Synechococcus lividus	33070	S	1	0	1	0.0000448873
Leptolyngbya boryana	1184	S	1	0	1	0.0000448873
Pseudanabaena sp. PCC 7367	82654	S	1	0	1	0.0000448873
Synechocystis sp. CACIAM 05	1933929	S	1	0	1	0.0000448873
Chamaesiphon minutus	1173032	S	1	0	1	0.0000448873
Halomicronema hongdechloris	1209493	S	1	0	1	0.0000448873
Stanieria sp. NIES-3757	1807358	S	1	0	1	0.0000448873
Pleurocapsa minor	54308	S	1	0	1	0.0000448873
Mycoplasma sp. (ex Biomphalaria glabrata)	1749074	S	1	0	1	0.0000448873
Mycoplasma sp. NEAQ87857	2683967	S	1	0	1	0.0000448873
Mycoplasma sp. C264-NAS	2726117	S	1	0	1	0.0000448873
Mycoplasma mycoides	2102	S	1	0	1	0.0000448873
Mycoplasma bovoculi	45362	S	1	0	1	0.0000448873
Mycoplasma conjunctivae	45361	S	1	0	1	0.0000448873
Mycoplasma haemofelis	29501	S	1	0	1	0.0000448873
Mycoplasma penetrans	28227	S	1	0	1	0.0000448873
Mycoplasma crocodyli	50052	S	1	0	1	0.0000448873
Mycoplasma salivarium	2124	S	1	0	1	0.0000448873
Mycoplasma anserisalpingitidis	519450	S	1	0	1	0.0000448873
Mycoplasma tullyi	1612150	S	1	0	1	0.0000448873
Mycoplasma glycophilum	171285	S	1	0	1	0.0000448873
Mycoplasma cynos	171284	S	1	0	1	0.0000448873
Mycoplasma columbinum	114881	S	1	0	1	0.0000448873
Spiroplasma sp. TIUS-1	216963	S	1	0	1	0.0000448873
Spiroplasma kunkelii	47834	S	1	0	1	0.0000448873
Spiroplasma chinense	216932	S	1	0	1	0.0000448873
Spiroplasma chrysopicola	216933	S	1	0	1	0.0000448873
Spiroplasma apis	2137	S	1	0	1	0.0000448873
Spiroplasma turonicum	216946	S	1	0	1	0.0000448873
Spiroplasma floricola	216937	S	1	0	1	0.0000448873
Spiroplasma litorale	216942	S	1	0	1	0.0000448873
Spiroplasma sabaudiense	216944	S	1	0	1	0.0000448873
Mesoplasma lactucae	138853	S	1	0	1	0.0000448873
Mesoplasma chauliocola	216427	S	1	0	1	0.0000448873
Mesoplasma coleopterae	324078	S	1	0	1	0.0000448873
Entomoplasma melaleucae	81459	S	1	0	1	0.0000448873
Acholeplasma laidlawii	2148	S	1	0	1	0.0000448873
Deinococcus peraridilitoris	432329	S	1	0	1	0.0000448873
Deinococcus gobiensis	502394	S	1	0	1	0.0000448873
Deinococcus swuensis	1182571	S	1	0	1	0.0000448873
Deinococcus radiodurans	1299	S	1	0	1	0.0000448873
Thermus oshimai	56957	S	1	0	1	0.0000448873
Truepera radiovictrix	332249	S	1	0	1	0.0000448873
Roseiflexus castenholzii	120962	S	1	0	1	0.0000448873
Sphaerobacter thermophilus	2057	S	1	0	1	0.0000448873
Thermomicrobium roseum	500	S	1	0	1	0.0000448873
Anaerolinea sp. 'rifampicinis'	2710758	S	1	0	1	0.0000448873
Pelolinea submarina	913107	S	1	0	1	0.0000448873
Caldilinea aerophila	133453	S	1	0	1	0.0000448873
Chthonomonas calidirosea	454171	S	1	0	1	0.0000448873
Fimbriimonas ginsengisoli	1005039	S	1	0	1	0.0000448873
Flavobacterium sp. CJ74	2294119	S	1	0	1	0.0000448873
Flavobacterium pallidum	2172098	S	1	0	1	0.0000448873
Capnocytophaga sp. oral taxon 864	1316593	S	1	0	1	0.0000448873
Capnocytophaga sp. FDAARGOS_737	2545799	S	1	0	1	0.0000448873
Capnocytophaga cynodegmi	28189	S	1	0	1	0.0000448873
Capnocytophaga stomatis	1848904	S	1	0	1	0.0000448873
Tenacibaculum mesophilum	104268	S	1	0	1	0.0000448873
Aquimarina sp. TRL1	2736252	S	1	0	1	0.0000448873
Maribacter sp. HTCC2170	313603	S	1	0	1	0.0000448873
Formosa sp. Hel1_31_208	1798225	S	1	0	1	0.0000448873
Kordia sp. SMS9	2282170	S	1	0	1	0.0000448873
Aequorivita sp. H23M31	2494375	S	1	0	1	0.0000448873
Muricauda ruestringensis	111501	S	1	0	1	0.0000448873
Muricauda lutaonensis	516051	S	1	0	1	0.0000448873
Gramella echinicola	279359	S	1	0	1	0.0000448873
Gramella salexigens	1913577	S	1	0	1	0.0000448873
Gramella sp. MAR_2010_147	1250205	S	1	0	1	0.0000448873
Flagellimonas maritima	1383885	S	1	0	1	0.0000448873
Sediminicola sp. YIK13	1453352	S	1	0	1	0.0000448873
Flavivirga eckloniae	1803846	S	1	0	1	0.0000448873
Zobellia galactanivorans	63186	S	1	0	1	0.0000448873
Altibacter sp. ALE3EI	2562285	S	1	0	1	0.0000448873
Gilvibacter sp. SZ-19	754429	S	1	0	1	0.0000448873
Oceanihabitans sp. IOP_32	2529032	S	1	0	1	0.0000448873
Chryseobacterium sp. JV274	1932669	S	1	0	1	0.0000448873
Chryseobacterium sp. G0186	2487064	S	1	0	1	0.0000448873
Chryseobacterium sp. G0201	2487065	S	1	0	1	0.0000448873
Chryseobacterium sp. cx-624	2758037	S	1	0	1	0.0000448873
Chryseobacterium piperi	558152	S	1	0	1	0.0000448873
Bergeyella cardium	1585976	S	1	0	1	0.0000448873
Cruoricaptor ignavus	1118202	S	1	0	1	0.0000448873
Blattabacterium sp. (Blattella germanica)	624186	S	1	0	1	0.0000448873
Owenweeksia hongkongensis	253245	S	1	0	1	0.0000448873
Croceimicrobium hydrocarbonivorans	2761580	S	1	0	1	0.0000448873
Spirosoma rigui	564064	S	1	0	1	0.0000448873
Spirosoma aureum	2692134	S	1	0	1	0.0000448873
Fibrella sp. ES10-3-2-2	1834519	S	1	0	1	0.0000448873
Hymenobacter sp. DG25A	1385663	S	1	0	1	0.0000448873
Hymenobacter sp. BRD128	2675878	S	1	0	1	0.0000448873
Hymenobacter swuensis	1446467	S	1	0	1	0.0000448873
Hymenobacter oligotrophus	2319843	S	1	0	1	0.0000448873
Hymenobacter baengnokdamensis	2615203	S	1	0	1	0.0000448873
Hymenobacter russus	2724192	S	1	0	1	0.0000448873
Pontibacter actiniarum	323450	S	1	0	1	0.0000448873
Pontibacter korlensis	400092	S	1	0	1	0.0000448873
Pontibacter russatus	2694929	S	1	0	1	0.0000448873
Pontibacter pudoricolor	2694930	S	1	0	1	0.0000448873
Rufibacter tibetensis	512763	S	1	0	1	0.0000448873
Sphingobacterium sp. CZ-2	2557994	S	1	0	1	0.0000448873
Sphingobacterium sp. dk4302	2662364	S	1	0	1	0.0000448873
Mucilaginibacter sp. F39-2	2728022	S	1	0	1	0.0000448873
Mucilaginibacter paludis	423351	S	1	0	1	0.0000448873
Arachidicoccus sp. BS20	1850526	S	1	0	1	0.0000448873
Flavisolibacter ginsenosidimutans	661481	S	1	0	1	0.0000448873
Niabella soli	446683	S	1	0	1	0.0000448873
Bacteroides sp. CBA7301	2715212	S	1	0	1	0.0000448873
Bacteroides uniformis	820	S	1	0	1	0.0000448873
Prevotella sp. WR041	2801997	S	1	0	1	0.0000448873
Prevotella oris	28135	S	1	0	1	0.0000448873
Prevotella enoeca	76123	S	1	0	1	0.0000448873
Prevotella copri	165179	S	1	0	1	0.0000448873
Prevotella fusca	589436	S	1	0	1	0.0000448873
Prevotella scopos	589437	S	1	0	1	0.0000448873
Alistipes sp. dk3624	2662363	S	1	0	1	0.0000448873
Butyricimonas faecalis	2093856	S	1	0	1	0.0000448873
Odoribacter splanchnicus	28118	S	1	0	1	0.0000448873
Porphyromonas gingivalis	837	S	1	0	1	0.0000448873
Porphyromonas crevioricanis	393921	S	1	0	1	0.0000448873
Alkalitalea saponilacus	889453	S	1	0	1	0.0000448873
Saprospira grandis	1008	S	1	0	1	0.0000448873
Chlorobium phaeovibrioides	1094	S	1	0	1	0.0000448873
Candidatus Cyclonatronum proteinivorum	1457365	S	1	0	1	0.0000448873
Tuwongella immobilis	692036	S	1	0	1	0.0000448873
Gimesia maris	122	S	1	0	1	0.0000448873
Gimesia aquarii	2527964	S	1	0	1	0.0000448873
Gimesia fumaroli	2527976	S	1	0	1	0.0000448873
Polystyrenella longa	2528007	S	1	0	1	0.0000448873
Symmachiella dynata	2527995	S	1	0	1	0.0000448873
Rosistilla carotiformis	2528017	S	1	0	1	0.0000448873
Mariniblastus fucicola	980251	S	1	0	1	0.0000448873
Aureliella helgolandensis	2527968	S	1	0	1	0.0000448873
Limihaloglobus sulfuriphilus	1851148	S	1	0	1	0.0000448873
Anaerohalosphaera lusitana	1936003	S	1	0	1	0.0000448873
Candidatus Kuenenia stuttgartiensis	174633	S	1	0	1	0.0000448873
Methylacidimicrobium sp. B4	2796139	S	1	0	1	0.0000448873
Candidatus Xiphinematobacter sp. Idaho Grape	1704307	S	1	0	1	0.0000448873
Methylacidiphilum kamchatkense	431057	S	1	0	1	0.0000448873
Parachlamydia acanthamoebae	83552	S	1	0	1	0.0000448873
Chlamydia avium	1457141	S	1	0	1	0.0000448873
Candidatus Vampirococcus archaeovorus	1930593	S	1	0	1	0.0000448873
Fusobacterium gonidiaformans	849	S	1	0	1	0.0000448873
Fusobacterium ulcerans	861	S	1	0	1	0.0000448873
Fusobacterium hwasookii	1583098	S	1	0	1	0.0000448873
Ilyobacter polytropus	167642	S	1	0	1	0.0000448873
Leptotrichia hongkongensis	554406	S	1	0	1	0.0000448873
Streptobacillus moniliformis	34105	S	1	0	1	0.0000448873
Sneathia vaginalis	187101	S	1	0	1	0.0000448873
Borrelia hermsii	140	S	1	0	1	0.0000448873
Borrelia miyamotoi	47466	S	1	0	1	0.0000448873
Borrelia turcica	229155	S	1	0	1	0.0000448873
Treponema denticola	158	S	1	0	1	0.0000448873
Treponema brennaborense	81028	S	1	0	1	0.0000448873
Treponema parvum	138851	S	1	0	1	0.0000448873
Treponema caldarium	215591	S	1	0	1	0.0000448873
Treponema sp. RCC2812	2787628	S	1	0	1	0.0000448873
Leptospira borgpetersenii	174	S	1	0	1	0.0000448873
Leptospira tipperaryensis	2564040	S	1	0	1	0.0000448873
Brachyspira murdochii	84378	S	1	0	1	0.0000448873
Granulicella sp. 5B5	1617967	S	1	0	1	0.0000448873
Acidobacterium capsulatum	33075	S	1	0	1	0.0000448873
Terriglobus saanensis	870903	S	1	0	1	0.0000448873
Terriglobus albidus	1592106	S	1	0	1	0.0000448873
Candidatus Koribacter versatilis	658062	S	1	0	1	0.0000448873
Acidisarcina polymorpha	2211140	S	1	0	1	0.0000448873
Thermosipho sp. FR-w03	2814656	S	1	0	1	0.0000448873
Thermosipho melanesiensis	46541	S	1	0	1	0.0000448873
Fervidobacterium nodosum	2424	S	1	0	1	0.0000448873
Petrotoga mobilis	69499	S	1	0	1	0.0000448873
Defluviitoga tunisiensis	1006576	S	1	0	1	0.0000448873
Mesotoga infera	1236046	S	1	0	1	0.0000448873
Athalassotoga saccharophila	1441386	S	1	0	1	0.0000448873
Nitrospira sp. KM1	1936990	S	1	0	1	0.0000448873
Denitrovibrio acetiphilus	118000	S	1	0	1	0.0000448873
Aminomonas paucivorans	81412	S	1	0	1	0.0000448873
Jonquetella anthropi	428712	S	1	0	1	0.0000448873
Thermodesulfobacterium commune	1741	S	1	0	1	0.0000448873
Thermodesulfobacterium geofontis	1295609	S	1	0	1	0.0000448873
Thermosulfuriphilus ammonigenes	1936021	S	1	0	1	0.0000448873
Thermocrinis ruber	75906	S	1	0	1	0.0000448873
Thermocrinis minervae	381751	S	1	0	1	0.0000448873
Hydrogenobaculum sp. Y04AAS1	380749	S	1	0	1	0.0000448873
Endomicrobium proavitum	1408281	S	1	0	1	0.0000448873
Abyssogena phaseoliformis symbiont	596095	S	1	0	1	0.0000448873
Haloterrigena longa	370324	S	1	0	1	0.0000448873
Haloterrigena daqingensis	588898	S	1	0	1	0.0000448873
Haloterrigena sp. KZCA68	2816475	S	1	0	1	0.0000448873
Natrinema pellirubrum	69525	S	1	0	1	0.0000448873
Natrinema pallidum	69527	S	1	0	1	0.0000448873
Natronorubrum aibiense	348826	S	1	0	1	0.0000448873
Salinarchaeum sp. Harcht-Bsk1	1333523	S	1	0	1	0.0000448873
Natronomonas moolapensis	416273	S	1	0	1	0.0000448873
Halorhabdus sp. CBA1104	1380432	S	1	0	1	0.0000448873
Halapricum salinum	1457250	S	1	0	1	0.0000448873
Halobacterium hubeiense	1407499	S	1	0	1	0.0000448873
Haloferax gibbonsii	35746	S	1	0	1	0.0000448873
Haloferax alexandrinus	114529	S	1	0	1	0.0000448873
Halobellus limi	699433	S	1	0	1	0.0000448873
Methanosarcina thermophila	2210	S	1	0	1	0.0000448873
Methanocaldococcus jannaschii	2190	S	1	0	1	0.0000448873
Methanocaldococcus fervens	83171	S	1	0	1	0.0000448873
Methanocaldococcus sp. FS406-22	644281	S	1	0	1	0.0000448873
Methanobacterium congolense	118062	S	1	0	1	0.0000448873
Methanobrevibacter sp. AbM4	224719	S	1	0	1	0.0000448873
Thermococcus sp. 4557	1042877	S	1	0	1	0.0000448873
Thermococcus sp. IRI35c	2016373	S	1	0	1	0.0000448873
Thermococcus litoralis	2265	S	1	0	1	0.0000448873
Thermococcus paralvinellae	582419	S	1	0	1	0.0000448873
Thermococcus guaymasensis	110164	S	1	0	1	0.0000448873
Palaeococcus pacificus	971279	S	1	0	1	0.0000448873
Sulfolobus sp. A20	1891280	S	1	0	1	0.0000448873
Sulfolobus acidocaldarius	2285	S	1	0	1	0.0000448873
Acidianus sulfidivorans	312539	S	1	0	1	0.0000448873
Acidianus hospitalis	563177	S	1	0	1	0.0000448873
Pyrobaculum neutrophilum	70771	S	1	0	1	0.0000448873
Thermoproteus uzoniensis	184117	S	1	0	1	0.0000448873
Thermofilum adornatum	1365176	S	1	0	1	0.0000448873
Aeropyrum pernix	56636	S	1	0	1	0.0000448873
Nitrosopumilus ureiphilus	1470067	S	1	0	1	0.0000448873
Nitrosopumilus piranensis	1582439	S	1	0	1	0.0000448873
Candidatus Nitrosomarinus catalina	1898749	S	1	0	1	0.0000448873
Candidatus Nitrosopelagicus brevis	1410606	S	1	0	1	0.0000448873
Candidatus Nitrosotenuis aquarius	1846278	S	1	0	1	0.0000448873
Candidatus Nitrosocosmicus oleophilus	1353260	S	1	0	1	0.0000448873
Candidatus Nitrosocosmicus hydrocola	1826872	S	1	0	1	0.0000448873
Streptomyces phage Wofford	2283267	S	1	0	1	0.0000448873
Salicola phage CGphi29	754067	S	1	0	1	0.0000448873
Gordonia phage GMA1	1647470	S	1	0	1	0.0000448873
Pseudomonas phage Epa5	2719575	S	1	0	1	0.0000448873
Anoxybacillus phage A403	2099336	S	1	0	1	0.0000448873
Streptococcus phage SpSL1	1566990	S	1	0	1	0.0000448873
Cellulophaga phage phi19:1	1327970	S	1	0	1	0.0000448873
Propionibacterium virus PHL152M00	1982295	S	1	0	1	0.0000448873
Propionibacterium virus Kubed	1982256	S	1	0	1	0.0000448873
Propionibacterium virus PHL070N00	1982279	S	1	0	1	0.0000448873
Propionibacterium virus P100A	1982265	S	1	0	1	0.0000448873
Propionibacterium virus PHL132N00	1982291	S	1	0	1	0.0000448873
Lactococcus virus c2	31537	S	1	0	1	0.0000448873
Caulobacter virus CcrBL9	2734192	S	1	0	1	0.0000448873
Caulobacter virus CcrPW	2734195	S	1	0	1	0.0000448873
Xanthomonas virus Xp10	232237	S	1	0	1	0.0000448873
Mycobacterium phage Aminay	2250291	S	1	0	1	0.0000448873
Xylella virus Sano	2560848	S	1	0	1	0.0000448873
Pseudomonas phage PaMx42	1175662	S	1	0	1	0.0000448873
Staphylococcus virus SEP9	1922247	S	1	0	1	0.0000448873
Gordonia virus Wizard	2170254	S	1	0	1	0.0000448873
Salmonella phage TS13	2500149	S	1	0	1	0.0000448873
Mycobacterium phage Bromden	2283252	S	1	0	1	0.0000448873
Mycobacterium phage DrLupo	2499037	S	1	0	1	0.0000448873
Polaribacter virus P12002L	1982245	S	1	0	1	0.0000448873
Cellulophaga phage phi18:3	1327983	S	1	0	1	0.0000448873
Pseudomonas phage O4	1784982	S	1	0	1	0.0000448873
Serratia phage Parlo	2557554	S	1	0	1	0.0000448873
Sinorhizobium phage PBC5	179237	S	1	0	1	0.0000448873
Dinoroseobacter virus DFL12	2169868	S	1	0	1	0.0000448873
Sulfitobacter phage EE36phi1	490913	S	1	0	1	0.0000448873
Pseudomonas virus phCDa	2734187	S	1	0	1	0.0000448873
Escherichia virus Pollock	2170215	S	1	0	1	0.0000448873
Pseudomonas phage Persinger	2749430	S	1	0	1	0.0000448873
Rhizobium phage vB_RleM_PPF1	1498228	S	1	0	1	0.0000448873
Acinetobacter phage ZZ1	1049283	S	1	0	1	0.0000448873
Escherichia virus HX01	1914155	S	1	0	1	0.0000448873
Synechococcus virus AC2014fSyn7803C8	2734085	S	1	0	1	0.0000448873
Aeromonas virus 31	321023	S	1	0	1	0.0000448873
Prochlorococcus virus PSSM2	2734140	S	1	0	1	0.0000448873
Cronobacter virus GAP32	2560400	S	1	0	1	0.0000448873
Arthrobacter phage DrYang	2686080	S	1	0	1	0.0000448873
Synechococcus phage S-CAM8	754038	S	1	0	1	0.0000448873
Serratia virus CHI14	2560752	S	1	0	1	0.0000448873
Tetrasphaera virus TJE1	2560802	S	1	0	1	0.0000448873
Rheinheimera virus Barba19A	2734091	S	1	0	1	0.0000448873
Yersinia virus Yen9-04	2560849	S	1	0	1	0.0000448873
Pseudomonas phage PA11	347327	S	1	0	1	0.0000448873
Acinetobacter virus Petty	2733321	S	1	0	1	0.0000448873
Leporid alphaherpesvirus 4	481315	S	1	0	1	0.0000448873
Canid alphaherpesvirus 1	170325	S	1	0	1	0.0000448873
Human gammaherpesvirus 4	10376	S	1	0	1	0.0000448873
Yellowstone lake phycodnavirus 1	1586713	S	1	0	1	0.0000448873
Yellowstone lake phycodnavirus 3	1586715	S	1	0	1	0.0000448873
Paramecium bursaria Chlorella virus 1	10506	S	1	0	1	0.0000448873
Chrysochromulina ericina virus	455364	S	1	0	1	0.0000448873
Aureococcus anophagefferens virus	1474867	S	1	0	1	0.0000448873
Heterosigma akashiwo virus 01	97195	S	1	0	1	0.0000448873
Moumouvirus	985782	S	1	0	1	0.0000448873
Choristoneura biennis entomopoxvirus	10288	S	1	0	1	0.0000448873
Anomala cuprea entomopoxvirus	62099	S	1	0	1	0.0000448873
Mimivirus-dependent virus Sputnik	1932927	S	1	0	1	0.0000448873
Deer mastadenovirus B	2170000	S	1	0	1	0.0000448873
Esparto virus	2072209	S	1	0	1	0.0000448873
Hemileuca species nucleopolyhedrovirus	2560521	S	1	0	1	0.0000448873
Gokushovirinae Bog5712_52	1655649	S	1	0	1	0.0000448873
Taro bacilliform virus	178354	S	1	0	1	0.0000448873
Azotobacter vinelandii	354	S	5	-5	0	0.0000000000
Afipia carboxidovorans	40137	S	4	-4	0	0.0000000000
Rhodospirillum rubrum	1085	S	2	-2	0	0.0000000000
Rickettsia canadensis	788	S	1	-1	0	0.0000000000
Lawsonia intracellularis	29546	S	2	-2	0	0.0000000000
Campylobacter subantarcticus	497724	S	1	-1	0	0.0000000000
Adlercreutzia equolifaciens	446660	S	1	-1	0	0.0000000000
Paenibacillus mucilaginosus	61624	S	1	-1	0	0.0000000000
Acetivibrio thermocellus	1515	S	1	-1	0	0.0000000000
Thermoclostridium stercorarium	1510	S	1	-1	0	0.0000000000
Chloroflexus aurantiacus	1108	S	1	-1	0	0.0000000000
Borrelia parkeri	141	S	1	-1	0	0.0000000000
Leptospira biflexa	172	S	7	-7	0	0.0000000000
Archaeoglobus fulgidus	2234	S	2	-2	0	0.0000000000
