name	taxonomy_id	taxonomy_lvl	kraken_assigned_reads	added_reads	new_est_reads	fraction_total_reads
Cutibacterium acnes	1747	S	216	16	232	0.0242881072
Klebsiella pneumoniae	573	S	16	183	199	0.0208333333
Listeria monocytogenes	1639	S	9	170	179	0.0187395310
Acinetobacter junii	40215	S	156	16	172	0.0180067002
Bacillus cereus	1396	S	90	75	165	0.0172738693
Ralstonia solanacearum	305	S	81	11	92	0.0096314908
Diaphorobacter sp. HDW4A	2714924	S	64	23	87	0.0091080402
Pseudomonas aeruginosa	287	S	27	50	77	0.0080611390
Spirosoma sp. KUDC1026	2745947	S	74	3	77	0.0080611390
Acidovorax sp. KKS102	358220	S	56	13	69	0.0072236181
Pasteurella multocida	747	S	55	13	68	0.0071189280
Oscillatoria nigro-viridis	482564	S	60	3	63	0.0065954774
Streptomyces lividans	1916	S	7	54	61	0.0063860972
Rhodococcus qingshengii	334542	S	11	48	59	0.0061767169
Anabaena sp. YBS01	2490939	S	3	53	56	0.0058626466
Acidovorax sp. JMULE5	2518343	S	49	4	53	0.0055485762
Rhodococcus sp. YL-1	1045808	S	12	41	53	0.0055485762
Acidovorax sp. T1	1858609	S	22	30	52	0.0054438861
Priestia megaterium	1404	S	43	9	52	0.0054438861
Variovorax boronicumulans	436515	S	35	16	51	0.0053391960
Burkholderia pseudomallei	28450	S	8	43	51	0.0053391960
Nostoc carneum	374162	S	11	38	49	0.0051298157
Variovorax paradoxus	34073	S	38	8	46	0.0048157454
Pseudomonas sp. CMR12a	658629	S	35	10	45	0.0047110553
Flavobacterium phage vB_FspS_filifjonk9-1	2686245	S	18	27	45	0.0047110553
Proteus virus Isfahan	2560650	S	40	0	40	0.0041876047
Rhodococcus erythropolis	1833	S	9	26	35	0.0036641541
Janthinobacterium sp. HH102	1537274	S	17	14	31	0.0032453936
Halomonas sp. JS92-SW72	2306583	S	28	3	31	0.0032453936
Curtobacterium flaccumfaciens	2035	S	28	3	31	0.0032453936
Urbifossiella limnaea	2528023	S	29	2	31	0.0032453936
Lysobacter enzymogenes	69	S	29	1	30	0.0031407035
Janthinobacterium agaricidamnosum	55508	S	15	13	28	0.0029313233
Rhodopseudomonas palustris	1076	S	22	5	27	0.0028266332
Dermacoccus nishinomiyaensis	1274	S	24	3	27	0.0028266332
Staphylococcus aureus	1280	S	15	12	27	0.0028266332
Diaphorobacter sp. JS3051	2792224	S	2	22	24	0.0025125628
Acinetobacter baumannii	470	S	9	15	24	0.0025125628
Moraxella osloensis	34062	S	23	1	24	0.0025125628
Acidovorax sp. JS42	232721	S	2	21	23	0.0024078727
Delftia lacustris	558537	S	7	16	23	0.0024078727
Limnohabitans sp. 63ED37-2	1678128	S	23	0	23	0.0024078727
Rhizobacter sp. AJA081-3	2753607	S	19	4	23	0.0024078727
Sorangium cellulosum	56	S	22	1	23	0.0024078727
Variovorax sp. PAMC 28711	1795631	S	22	0	22	0.0023031826
Variovorax sp. PMC12	2126319	S	1	21	22	0.0023031826
Acaryochloris marina	155978	S	21	0	21	0.0021984925
Acidovorax carolinensis	553814	S	15	5	20	0.0020938023
Comamonas testosteroni	285	S	13	7	20	0.0020938023
Delftia acidovorans	80866	S	11	9	20	0.0020938023
Kinneretia sp. DAIF2	2714952	S	19	1	20	0.0020938023
Stenotrophomonas maltophilia	40324	S	14	6	20	0.0020938023
Clostridium botulinum	1491	S	17	3	20	0.0020938023
Variovorax sp. PAMC26660	2762322	S	18	1	19	0.0019891122
Variovorax sp. WDL1	207745	S	13	6	19	0.0019891122
Variovorax sp. 38R	2774875	S	12	7	19	0.0019891122
Diaphorobacter aerolatus	1288495	S	13	6	19	0.0019891122
Hydrogenophaga sp. NH-16	2184519	S	8	11	19	0.0019891122
Paucibacter sp. KCTC 42545	1768242	S	17	2	19	0.0019891122
Achromobacter xylosoxidans	85698	S	13	6	19	0.0019891122
Citrobacter freundii complex sp. CFNIH4	2077148	S	1	18	19	0.0019891122
Polynucleobacter difficilis	556054	S	18	0	18	0.0018844221
Aquabacterium olei	1296669	S	16	2	18	0.0018844221
Candidatus Planktophila sulfonica	1884904	S	14	4	18	0.0018844221
Pseudomonas putida	303	S	11	6	17	0.0017797320
Variovorax sp. PDNC026	2811425	S	1	15	16	0.0016750419
Hydrogenophaga sp. RAC07	1842537	S	13	3	16	0.0016750419
Cupriavidus taiwanensis	164546	S	14	2	16	0.0016750419
Pseudomonas stutzeri	316	S	15	1	16	0.0016750419
Mycobacteroides chelonae	1774	S	13	3	16	0.0016750419
Hydrogenophaga sp. PBL-H3	434010	S	10	5	15	0.0015703518
Polaromonas naphthalenivorans	216465	S	15	0	15	0.0015703518
Microbacterium sp. PM5	2014534	S	14	1	15	0.0015703518
Streptomyces sp. RLB3-17	2594455	S	3	12	15	0.0015703518
Pedobacter sp. SW-16	2766984	S	13	2	15	0.0015703518
Rhodoferax sediminis	2509614	S	14	0	14	0.0014656616
Alicycliphilus denitrificans	179636	S	8	6	14	0.0014656616
Methylorubrum extorquens	408	S	10	4	14	0.0014656616
Acidovorax sp. RAC01	1842533	S	11	2	13	0.0013609715
Delftia tsuruhatensis	180282	S	5	8	13	0.0013609715
Inhella inkyongensis	392593	S	12	1	13	0.0013609715
Acinetobacter haemolyticus	29430	S	12	1	13	0.0013609715
Staphylococcus epidermidis	1282	S	12	1	13	0.0013609715
Calothrix parasitica	1973486	S	13	0	13	0.0013609715
Flavobacterium nackdongense	2547394	S	13	0	13	0.0013609715
Cloacibacterium normanense	237258	S	12	1	13	0.0013609715
Gemmata obscuriglobus	114	S	12	1	13	0.0013609715
Acidovorax avenae	80867	S	10	2	12	0.0012562814
Rhodoferax saidenbachensis	1484693	S	12	0	12	0.0012562814
Comamonas aquatica	225991	S	11	1	12	0.0012562814
Curvibacter sp. AEP1-3	1844971	S	12	0	12	0.0012562814
Schlegelella thermodepolymerans	215580	S	11	1	12	0.0012562814
Janthinobacterium sp. 1_2014MBL_MicDiv	1644131	S	11	1	12	0.0012562814
Sphingomonas melonis	152682	S	6	6	12	0.0012562814
Sphingobium cloacae	120107	S	4	8	12	0.0012562814
Paenarthrobacter sp. YJN-D	2735317	S	10	2	12	0.0012562814
Variovorax sp. HW608	1034889	S	11	0	11	0.0011515913
Acidovorax monticola	1926868	S	10	1	11	0.0011515913
Janthinobacterium tructae	2590869	S	9	2	11	0.0011515913
Sphaerotilus natans	34103	S	9	2	11	0.0011515913
Pseudomonas syringae	317	S	6	5	11	0.0011515913
Buchnera aphidicola	9	S	11	0	11	0.0011515913
Bradyrhizobium erythrophlei	1437360	S	11	0	11	0.0011515913
Methylorubrum populi	223967	S	9	2	11	0.0011515913
Microbacterium sp. str. 'China'	2103230	S	1	10	11	0.0011515913
Propionibacterium sp. oral taxon 193	671223	S	10	1	11	0.0011515913
Flavobacterium psychrophilum	96345	S	10	1	11	0.0011515913
Limnoglobus roseus	2598579	S	11	0	11	0.0011515913
Flavobacterium phage Fpv3	1814284	S	1	10	11	0.0011515913
Variovorax sp. RKNM96	2681552	S	9	1	10	0.0010469012
Diaphorobacter polyhydroxybutyrativorans	1546149	S	2	8	10	0.0010469012
Hydrogenophaga sp. BPS33	2651974	S	8	2	10	0.0010469012
Hydrogenophaga sp. BA0156	2716225	S	8	2	10	0.0010469012
Rhodoferax sp. AJA081-3	2752316	S	10	0	10	0.0010469012
Rhodoferax sp. BAB1	2741720	S	9	1	10	0.0010469012
Rhodoferax antarcticus	81479	S	10	0	10	0.0010469012
Rhodoferax koreense	1842727	S	8	2	10	0.0010469012
Polaromonas sp.	1869339	S	1	9	10	0.0010469012
Collimonas fungivorans	158899	S	8	2	10	0.0010469012
Achromobacter deleyi	1353891	S	7	3	10	0.0010469012
Bradyrhizobium sp. WSM471	319017	S	2	8	10	0.0010469012
Bradyrhizobium symbiodeficiens	1404367	S	8	2	10	0.0010469012
Bradyrhizobium diazoefficiens	1355477	S	4	6	10	0.0010469012
Bradyrhizobium ottawaense	931866	S	1	9	10	0.0010469012
Rhodococcus sp. BH4	1807790	S	2	8	10	0.0010469012
Lactococcus lactis	1358	S	8	2	10	0.0010469012
Enterococcus casseliflavus	37734	S	8	2	10	0.0010469012
Kaistella jeonii	266749	S	10	0	10	0.0010469012
Pedobacter sp. KBS0701	2578106	S	8	2	10	0.0010469012
Variovorax sp. PAMC28562	2762323	S	9	0	9	0.0009422111
Acidovorax sp. 1608163	2478662	S	9	0	9	0.0009422111
Acidovorax antarcticus	2743470	S	8	1	9	0.0009422111
Hydrogenophaga sp. YM1	2806262	S	8	1	9	0.0009422111
Pulveribacter suum	2116657	S	9	0	9	0.0009422111
Janthinobacterium sp. LM6	1938606	S	8	1	9	0.0009422111
Janthinobacterium sp. PLB02	2808899	S	5	4	9	0.0009422111
Mitsuaria sp. 7	1658665	S	8	1	9	0.0009422111
Achromobacter sp. AONIH1	1758194	S	7	2	9	0.0009422111
Pseudomonas fulva	47880	S	3	6	9	0.0009422111
Xanthomonas oryzae	347	S	7	2	9	0.0009422111
Xanthomonas citri	346	S	3	6	9	0.0009422111
Bradyrhizobium sp. CCBAU 051011	858422	S	8	1	9	0.0009422111
Rhizobium pusense	648995	S	3	6	9	0.0009422111
Micrococcus luteus	1270	S	4	5	9	0.0009422111
Corynebacterium tuberculostearicum	38304	S	7	2	9	0.0009422111
Tsukamurella paurometabola	2061	S	8	1	9	0.0009422111
Streptomyces venezuelae	54571	S	9	0	9	0.0009422111
Bacillus subtilis	1423	S	5	4	9	0.0009422111
Flavobacterium columnare	996	S	7	2	9	0.0009422111
Flavobacterium johnsoniae	986	S	7	2	9	0.0009422111
Blattabacterium cuenoti	1653831	S	8	1	9	0.0009422111
Opitutus sp. GAS368	1882749	S	8	1	9	0.0009422111
Acidovorax sp. HDW3	2714923	S	8	0	8	0.0008375209
Hydrogenophaga sp. PBC	795665	S	6	2	8	0.0008375209
Ottowia oryzae	2109914	S	8	0	8	0.0008375209
Burkholderia cenocepacia	95486	S	6	2	8	0.0008375209
Rhizobacter gummiphilus	946333	S	7	1	8	0.0008375209
Methylibium sp. Pch-M	2082386	S	4	4	8	0.0008375209
Leptothrix cholodnii	34029	S	7	1	8	0.0008375209
Rubrivivax gelatinosus	28068	S	7	1	8	0.0008375209
Pseudomonas fluorescens	294	S	7	1	8	0.0008375209
Citrobacter freundii	546	S	5	3	8	0.0008375209
Sphingopyxis fribergensis	1515612	S	7	1	8	0.0008375209
Sphingopyxis macrogoltabida	33050	S	6	2	8	0.0008375209
Sphingobium sp. YBL2	484429	S	2	6	8	0.0008375209
Sphingobium yanoikuyae	13690	S	4	4	8	0.0008375209
Arthrobacter sp. Rue61a	1118963	S	3	5	8	0.0008375209
Bacillus thuringiensis	1428	S	6	2	8	0.0008375209
Bacillus licheniformis	1402	S	3	5	8	0.0008375209
Pedobacter suwonensis	332999	S	7	1	8	0.0008375209
Frigoriglobus tundricola	2774151	S	7	1	8	0.0008375209
Paludisphaera borealis	1387353	S	7	1	8	0.0008375209
Flavobacterium phage vB_FspS_snork6-1	2686270	S	1	7	8	0.0008375209
Acidovorax ebreus	721785	S	1	6	7	0.0007328308
Comamonas sp. NLF-7-7	2597701	S	6	1	7	0.0007328308
Hylemonella gracilis	80880	S	7	0	7	0.0007328308
Ralstonia mannitolilytica	105219	S	6	1	7	0.0007328308
Pandoraea pnomenusa	93220	S	6	1	7	0.0007328308
Collimonas arenae	279058	S	6	1	7	0.0007328308
Duganella sp. GN2-R2	2728020	S	7	0	7	0.0007328308
Achromobacter sp. MFA1 R4	1881016	S	7	0	7	0.0007328308
Chromobacterium paludis	2605945	S	7	0	7	0.0007328308
Pseudomonas graminis	158627	S	7	0	7	0.0007328308
Bradyrhizobium japonicum	375	S	4	3	7	0.0007328308
Tardiphaga robiniae	943830	S	7	0	7	0.0007328308
Devosia sp. A16	1736675	S	7	0	7	0.0007328308
Novosphingobium sp. ABRDHK2	2571749	S	5	2	7	0.0007328308
Paracoccus yeei	147645	S	5	2	7	0.0007328308
Persicimonas caeni	2292766	S	6	1	7	0.0007328308
Bdellovibrio bacteriovorus	959	S	7	0	7	0.0007328308
Microbacterium hominis	162426	S	6	1	7	0.0007328308
Saccharopolyspora sp. ASAGF58	2719023	S	1	6	7	0.0007328308
Clostridium saccharobutylicum	169679	S	7	0	7	0.0007328308
Clostridium perfringens	1502	S	7	0	7	0.0007328308
Fischerella sp. NIES-4106	2005456	S	7	0	7	0.0007328308
Spiroplasma melliferum	2134	S	2	5	7	0.0007328308
Flavobacterium sp. MDT1-60	1979344	S	6	1	7	0.0007328308
Flavobacterium branchiophilum	55197	S	7	0	7	0.0007328308
Kaistella flava (ex Peng et al. 2021)	2038776	S	7	0	7	0.0007328308
Spirosoma pollinicola	2057025	S	7	0	7	0.0007328308
Pedobacter sp. eg	2201271	S	7	0	7	0.0007328308
Flavihumibacter sp. SB-02	2676868	S	7	0	7	0.0007328308
Gemmata massiliana	1210884	S	7	0	7	0.0007328308
Humisphaera borealis	2807512	S	7	0	7	0.0007328308
Flavobacterium phage vB_FspS_snusmum6-1	2686273	S	4	3	7	0.0007328308
Flavobacterium phage vB_FspS_mymlan6-1	2686266	S	2	5	7	0.0007328308
Variovorax sp. PBL-H6	434009	S	4	2	6	0.0006281407
Variovorax sp. PBL-E5	434014	S	3	3	6	0.0006281407
Acidovorax cattleyae	80868	S	5	1	6	0.0006281407
Diaphorobacter sp. HDW4B	2714925	S	6	0	6	0.0006281407
Comamonas serinivorans	1082851	S	6	0	6	0.0006281407
Ottowia sp. 27C	2816950	S	6	0	6	0.0006281407
Cupriavidus basilensis	68895	S	5	1	6	0.0006281407
Janthinobacterium svalbardensis	368607	S	5	1	6	0.0006281407
Janthinobacterium lividum	29581	S	4	2	6	0.0006281407
Massilia sp. CCM 8941	2765360	S	5	1	6	0.0006281407
Massilia sp. WG5	1707785	S	4	2	6	0.0006281407
Bordetella parapertussis	519	S	2	4	6	0.0006281407
Escherichia coli	562	S	3	3	6	0.0006281407
Salmonella enterica	28901	S	4	2	6	0.0006281407
Aeromonas hydrophila	644	S	5	1	6	0.0006281407
Bradyrhizobium paxllaeri	190148	S	6	0	6	0.0006281407
Bosea sp. PAMC 26642	1792307	S	6	0	6	0.0006281407
Afipia sp. GAS231	1882747	S	3	3	6	0.0006281407
Methylobacterium sp. C1	1479019	S	2	4	6	0.0006281407
Methylobacterium sp. XJLW	739141	S	1	5	6	0.0006281407
Methylobacterium radiotolerans	31998	S	3	3	6	0.0006281407
Mesorhizobium sp. L-8-3	2744522	S	2	4	6	0.0006281407
Sphingomonas sp. HMP6	1517551	S	6	0	6	0.0006281407
Sphingomonas hengshuiensis	1609977	S	6	0	6	0.0006281407
Sphingomonas alpina	653931	S	6	0	6	0.0006281407
Sphingopyxis sp. FD7	1914525	S	5	1	6	0.0006281407
Novosphingobium ginsenosidimutans	1176536	S	6	0	6	0.0006281407
Novosphingobium resinovorum	158500	S	4	2	6	0.0006281407
Sphingorhabdus lacus	392610	S	6	0	6	0.0006281407
Croceicoccus naphthovorans	1348774	S	3	3	6	0.0006281407
Rhodobacter blasticus	1075	S	6	0	6	0.0006281407
Cereibacter sphaeroides	1063	S	6	0	6	0.0006281407
Terricaulis silvestris	2686094	S	6	0	6	0.0006281407
Hyphobacterium sp. CCMP332	2749086	S	6	0	6	0.0006281407
Minicystis rosea	888845	S	6	0	6	0.0006281407
Labilithrix luteola	1391654	S	6	0	6	0.0006281407
Archangium gephyra	48	S	5	1	6	0.0006281407
Campylobacter lanienae	75658	S	5	1	6	0.0006281407
Sulfurimonas sp. H1576	2672570	S	3	3	6	0.0006281407
Microbacterium lushaniae	2614639	S	6	0	6	0.0006281407
Microterricola viridarii	412690	S	6	0	6	0.0006281407
Corynebacterium jeikeium	38289	S	3	3	6	0.0006281407
Tessaracoccus defluvii	1285901	S	5	1	6	0.0006281407
Streptomyces lydicus	47763	S	6	0	6	0.0006281407
Amycolatopsis sp. Hca4	2742131	S	6	0	6	0.0006281407
Amycolatopsis methanolica	1814	S	6	0	6	0.0006281407
Actinosynnema pretiosum	42197	S	1	5	6	0.0006281407
Micromonospora sp. HM134	2583243	S	5	1	6	0.0006281407
Micromonospora tulbaghiae	479978	S	3	3	6	0.0006281407
Staphylococcus capitis	29388	S	6	0	6	0.0006281407
Staphylococcus equorum	246432	S	5	1	6	0.0006281407
Pediococcus pentosaceus	1255	S	5	1	6	0.0006281407
Streptococcus agalactiae	1311	S	1	5	6	0.0006281407
Enterococcus faecium	1352	S	4	2	6	0.0006281407
Calothrix sp. NIES-2098	1954171	S	5	1	6	0.0006281407
Flavobacterium sp. BB8	2816357	S	6	0	6	0.0006281407
Flavobacterium commune	1306519	S	6	0	6	0.0006281407
Myroides odoratimimus	76832	S	2	4	6	0.0006281407
Ichthyobacterium seriolicida	242600	S	6	0	6	0.0006281407
Pedobacter sp. G11	2482728	S	6	0	6	0.0006281407
Pedobacter sp. JBR3-12	2789740	S	6	0	6	0.0006281407
Bacteroides thetaiotaomicron	818	S	6	0	6	0.0006281407
Paludibacter propionicigenes	185300	S	6	0	6	0.0006281407
Rosistilla oblonga	2527990	S	5	1	6	0.0006281407
Lignipirellula cremea	2528010	S	5	1	6	0.0006281407
Luteolibacter luteus	2728835	S	6	0	6	0.0006281407
Leptospira interrogans	173	S	6	0	6	0.0006281407
Rhodoferax sp. PAMC29310	2822760	S	5	0	5	0.0005234506
Comamonas koreensis	160825	S	5	0	5	0.0005234506
Serpentinomonas mccroryi	1458426	S	4	1	5	0.0005234506
Verminephrobacter eiseniae	364317	S	5	0	5	0.0005234506
Ramlibacter tataouinensis	94132	S	5	0	5	0.0005234506
Cupriavidus oxalaticus	96344	S	5	0	5	0.0005234506
Cupriavidus necator	106590	S	5	0	5	0.0005234506
Cupriavidus metallidurans	119219	S	4	1	5	0.0005234506
Paraburkholderia xenovorans	36873	S	4	1	5	0.0005234506
Limnobacter sp. SAORIC-580	2732163	S	5	0	5	0.0005234506
Undibacterium parvum	401471	S	5	0	5	0.0005234506
Methylibium petroleiphilum	105560	S	3	2	5	0.0005234506
Roseateles depolymerans	76731	S	5	0	5	0.0005234506
Achromobacter denitrificans	32002	S	4	1	5	0.0005234506
Bordetella sp. H567	1697043	S	5	0	5	0.0005234506
Dechloromonas aromatica	259537	S	5	0	5	0.0005234506
Pseudomonas chlororaphis	587753	S	5	0	5	0.0005234506
Entomomonas sp. F2A	2785331	S	5	0	5	0.0005234506
Acinetobacter johnsonii	40214	S	4	1	5	0.0005234506
Serratia plymuthica	82996	S	4	1	5	0.0005234506
Xanthomonas phaseoli	1985254	S	2	3	5	0.0005234506
Alteromonas mediterranea	314275	S	3	2	5	0.0005234506
Shewanella sp. Scap07	2589987	S	5	0	5	0.0005234506
Bradyrhizobium icense	1274631	S	5	0	5	0.0005234506
Bradyrhizobium arachidis	858423	S	4	1	5	0.0005234506
Bosea sp. ANAM02	2020412	S	5	0	5	0.0005234506
Bosea vaviloviae	1526658	S	5	0	5	0.0005234506
Methylobacterium sp. AMS5	925818	S	4	1	5	0.0005234506
Methylobacterium brachiatum	269660	S	5	0	5	0.0005234506
Agrobacterium sp. T29	2580515	S	1	4	5	0.0005234506
Ensifer adhaerens	106592	S	5	0	5	0.0005234506
Aquabacter sp. L1I39	2820278	S	5	0	5	0.0005234506
Xanthobacter sp. YN2	2528964	S	4	1	5	0.0005234506
Martelella endophytica	1486262	S	5	0	5	0.0005234506
Chelatococcus sp. CO-6	1702325	S	5	0	5	0.0005234506
Sphingomonas sp. Cra20	1327635	S	5	0	5	0.0005234506
Sphingomonas sp. FARSPH	2219696	S	4	1	5	0.0005234506
Sphingomonas sp. NIC1	1961362	S	3	2	5	0.0005234506
Sphingopyxis sp. EG6	1874061	S	4	1	5	0.0005234506
Sphingopyxis lindanitolerans	2054227	S	4	1	5	0.0005234506
Sphingobium amiense	135719	S	2	3	5	0.0005234506
Sphingosinithalassobacter sp. CS137	2762748	S	5	0	5	0.0005234506
Porphyrobacter sp. LM 6	1896196	S	4	1	5	0.0005234506
Croceicoccus marinus	450378	S	4	1	5	0.0005234506
Rhodobacter sp. CZR27	2033869	S	5	0	5	0.0005234506
Confluentimicrobium sp. EMB200-NS6	1609966	S	3	2	5	0.0005234506
Brevundimonas sp. LVF1	2774189	S	5	0	5	0.0005234506
Brevundimonas vancanneytii	1325724	S	2	3	5	0.0005234506
Magnetospirillum sp. XM-1	1663591	S	2	3	5	0.0005234506
Microbacterium sp. Nx66	2766784	S	3	2	5	0.0005234506
Microbacterium oxydans	82380	S	4	1	5	0.0005234506
Arthrobacter sp. KBS0702	2578107	S	4	1	5	0.0005234506
Rothia terrae	396015	S	3	2	5	0.0005234506
Cellulosimicrobium sp. BI34T	2587808	S	1	4	5	0.0005234506
Rhodococcus sp. NJ-530	2490853	S	1	4	5	0.0005234506
Mycobacterium gordonae	1778	S	5	0	5	0.0005234506
Corynebacterium kroppenstedtii	161879	S	5	0	5	0.0005234506
Corynebacterium vitaeruminis	38305	S	5	0	5	0.0005234506
Dietzia sp. oral taxon 368	712270	S	3	2	5	0.0005234506
Nocardioides sp. WS12	2486272	S	5	0	5	0.0005234506
Nocardioides sp. S-713	2760089	S	4	1	5	0.0005234506
Streptomyces sp. 2114.2	1881022	S	2	3	5	0.0005234506
Streptomyces davaonensis	348043	S	5	0	5	0.0005234506
Streptomyces griseochromogenes	68214	S	5	0	5	0.0005234506
Streptomyces gilvosporeus	553510	S	5	0	5	0.0005234506
Kibdelosporangium phytohabitans	860235	S	5	0	5	0.0005234506
Micromonospora viridifaciens	1881	S	4	1	5	0.0005234506
Micromonospora echinofusca	47858	S	4	1	5	0.0005234506
Actinomyces procaprae	2560010	S	5	0	5	0.0005234506
Candidatus Frankia datiscae	2716812	S	5	0	5	0.0005234506
Catenulispora acidiphila	304895	S	5	0	5	0.0005234506
Psychrobacillus glaciei	2283160	S	5	0	5	0.0005234506
Caldibacillus thermoamylovorans	35841	S	5	0	5	0.0005234506
Lactobacillus jensenii	109790	S	5	0	5	0.0005234506
Paucilactobacillus hokkaidonensis	1193095	S	5	0	5	0.0005234506
Limosilactobacillus fermentum	1613	S	5	0	5	0.0005234506
Lactococcus cremoris	1359	S	4	1	5	0.0005234506
Lactococcus garvieae	1363	S	4	1	5	0.0005234506
Clostridium sporogenes	1509	S	2	3	5	0.0005234506
Nostoc sphaeroides	446679	S	5	0	5	0.0005234506
Planktothrix agardhii	1160	S	3	2	5	0.0005234506
Flavobacterium crassostreae	1763534	S	5	0	5	0.0005234506
Flavobacterium faecale	1355330	S	5	0	5	0.0005234506
Flavobacterium gilvum	1492737	S	5	0	5	0.0005234506
Polaribacter sp. L12M9	2738844	S	3	2	5	0.0005234506
Tenacibaculum mesophilum	104268	S	5	0	5	0.0005234506
Lacinutrix sp. 5H-3-7-4	983544	S	4	1	5	0.0005234506
Kordia sp. SMS9	2282170	S	5	0	5	0.0005234506
Salegentibacter sp. T436	1729720	S	3	2	5	0.0005234506
Mariniflexile sp. TRM1-10	2027857	S	5	0	5	0.0005234506
Zunongwangia profunda	398743	S	3	2	5	0.0005234506
Amniculibacterium sp. G2-70	2767188	S	3	2	5	0.0005234506
Chryseobacterium piperi	558152	S	5	0	5	0.0005234506
Elizabethkingia sp. M8	2796140	S	2	3	5	0.0005234506
Elizabethkingia bruuniana	1756149	S	2	3	5	0.0005234506
Runella slithyformis	106	S	5	0	5	0.0005234506
Fibrella aestuarina	651143	S	5	0	5	0.0005234506
Hymenobacter sedentarius	1411621	S	5	0	5	0.0005234506
Pedobacter sp. CJ43	2605747	S	5	0	5	0.0005234506
Pedobacter sp. HDW13	2714940	S	5	0	5	0.0005234506
Pedobacter roseus	336820	S	4	1	5	0.0005234506
Phocaeicola vulgatus	821	S	5	0	5	0.0005234506
Arachidicoccus sp. B3-10	2545455	S	5	0	5	0.0005234506
Pseudobacter ginsenosidimutans	661488	S	5	0	5	0.0005234506
Panacibacter ginsenosidivorans	1813871	S	5	0	5	0.0005234506
Planctomyces sp. SH-PL14	1632864	S	5	0	5	0.0005234506
Tautonia plasticadhaerens	2527974	S	5	0	5	0.0005234506
Luteitalea pratensis	1855912	S	5	0	5	0.0005234506
Paramecium bursaria Chlorella virus A1	381899	S	5	0	5	0.0005234506
Acidovorax citrulli	80869	S	3	1	4	0.0004187605
Hydrogenophaga sp. PAMC20947	2565558	S	4	0	4	0.0004187605
Rhodoferax ferrireducens	192843	S	4	0	4	0.0004187605
Serpentinomonas raichei	1458425	S	3	1	4	0.0004187605
Ralstonia pickettii	329	S	4	0	4	0.0004187605
Ralstonia syzygii	28097	S	1	3	4	0.0004187605
Cupriavidus pauculus	82633	S	4	0	4	0.0004187605
Polynucleobacter sp. LimPoW16	1743162	S	4	0	4	0.0004187605
Paraburkholderia atlantica	2654982	S	4	0	4	0.0004187605
Paraburkholderia fungorum	134537	S	4	0	4	0.0004187605
Herbaspirillum huttiense	863372	S	4	0	4	0.0004187605
Thiomonas intermedia	926	S	3	1	4	0.0004187605
Xylophilus rhododendri	2697032	S	4	0	4	0.0004187605
Bordetella hinzii	103855	S	4	0	4	0.0004187605
Alcaligenes aquatilis	323284	S	3	1	4	0.0004187605
Castellaniella defragrans	75697	S	4	0	4	0.0004187605
Chromobacterium vaccinii	1108595	S	4	0	4	0.0004187605
Vitreoscilla filiformis	63	S	4	0	4	0.0004187605
Azoarcus sp. KH32C	748247	S	4	0	4	0.0004187605
Pseudomonas sp. UW4	1207075	S	3	1	4	0.0004187605
Pseudomonas sp. phDV1	253237	S	2	2	4	0.0004187605
Pseudomonas yamanorum	515393	S	4	0	4	0.0004187605
Pseudomonas cerasi	1583341	S	2	2	4	0.0004187605
Acinetobacter calcoaceticus	471	S	4	0	4	0.0004187605
Acinetobacter schindleri	108981	S	4	0	4	0.0004187605
Acinetobacter bereziniae	106648	S	4	0	4	0.0004187605
Klebsiella grimontii	2058152	S	2	2	4	0.0004187605
Enterobacter asburiae	61645	S	3	1	4	0.0004187605
Escherichia fergusonii	564	S	3	1	4	0.0004187605
Serratia marcescens	615	S	2	2	4	0.0004187605
Proteus vulgaris	585	S	2	2	4	0.0004187605
Edwardsiella piscicida	1263550	S	2	2	4	0.0004187605
Xanthomonas campestris	339	S	4	0	4	0.0004187605
Xanthomonas cassavae	56450	S	3	1	4	0.0004187605
Stenotrophomonas sp. ESTM1D_MKCIP4_1	2072414	S	4	0	4	0.0004187605
Stenotrophomonas acidaminiphila	128780	S	2	2	4	0.0004187605
Halomonas hydrothermalis	115561	S	3	1	4	0.0004187605
Pseudoalteromonas sp. 3J6	649161	S	2	2	4	0.0004187605
Vibrio parahaemolyticus	670	S	4	0	4	0.0004187605
Vibrio fluvialis	676	S	4	0	4	0.0004187605
Vibrio anguillarum	55601	S	4	0	4	0.0004187605
Paraphotobacterium marinum	1755811	S	4	0	4	0.0004187605
Legionella cherrii	28084	S	4	0	4	0.0004187605
Cardiobacterium hominis	2718	S	4	0	4	0.0004187605
Bradyrhizobium sp. CCBAU 51753	1325100	S	4	0	4	0.0004187605
Bradyrhizobium genosp. L	83637	S	4	0	4	0.0004187605
Bradyrhizobium betae	244734	S	3	1	4	0.0004187605
Bosea sp. Tri-49	1867715	S	4	0	4	0.0004187605
Methylobacterium sp. WL1	2603276	S	4	0	4	0.0004187605
Rhizobium leguminosarum	384	S	4	0	4	0.0004187605
Sinorhizobium fredii	380	S	3	1	4	0.0004187605
Mesorhizobium japonicum	2066070	S	3	1	4	0.0004187605
Hyphomicrobium denitrificans	53399	S	4	0	4	0.0004187605
Labrys sp. KNU-23	2789216	S	4	0	4	0.0004187605
Methylosinus sp. C49	2699395	S	4	0	4	0.0004187605
Hartmannibacter diazotrophicus	1482074	S	4	0	4	0.0004187605
Sphingomonas sp. DH-S5	2759526	S	4	0	4	0.0004187605
Sphingomonas sp. CL5.1	2653203	S	4	0	4	0.0004187605
Sphingomonas sp. XS-10	2599297	S	4	0	4	0.0004187605
Sphingomonas sp. HMP9	1517554	S	4	0	4	0.0004187605
Sphingomonas panacisoli	1813879	S	4	0	4	0.0004187605
Sphingomonas wittichii	160791	S	3	1	4	0.0004187605
Sphingobium sp. RSMS	520734	S	1	3	4	0.0004187605
Sphingobium hydrophobicum	1673076	S	2	2	4	0.0004187605
Roseovarius sp. THAF8	2587846	S	2	2	4	0.0004187605
Gemmobacter sp. HYN0069	2169400	S	4	0	4	0.0004187605
Tabrizicola piscis	2494374	S	4	0	4	0.0004187605
Phaeobacter gallaeciensis	60890	S	3	1	4	0.0004187605
Brevundimonas sp. DS20	1532555	S	2	2	4	0.0004187605
Brevundimonas mediterranea	74329	S	4	0	4	0.0004187605
Brevundimonas diminuta	293	S	2	2	4	0.0004187605
Caulobacter vibrioides	155892	S	3	1	4	0.0004187605
Caulobacter soli	2708539	S	3	1	4	0.0004187605
Azospirillum sp. TSA2s	709810	S	3	1	4	0.0004187605
Azospirillum brasilense	192	S	3	1	4	0.0004187605
Azospirillum lipoferum	193	S	3	1	4	0.0004187605
Hyphomonas sp. CACIAM 19H1	1873716	S	4	0	4	0.0004187605
Archangium violaceum	83451	S	3	1	4	0.0004187605
Myxococcus stipitatus	83455	S	3	1	4	0.0004187605
Corallococcus macrosporus	35	S	3	1	4	0.0004187605
Desulfuromonas sp. DDH964	1823759	S	2	2	4	0.0004187605
Syntrophotalea carbinolica	19	S	4	0	4	0.0004187605
Desulfovibrio alaskensis	58180	S	2	2	4	0.0004187605
Malaciobacter halophilus	197482	S	4	0	4	0.0004187605
Helicobacter pylori	210	S	4	0	4	0.0004187605
Caminibacter mediatlanticus	291048	S	4	0	4	0.0004187605
Bdellovibrio sp. ZAP7	2231053	S	4	0	4	0.0004187605
Microbacterium sp. 1S1	2606451	S	3	1	4	0.0004187605
Microbacterium aurum	36805	S	4	0	4	0.0004187605
Microbacterium oleivorans	273677	S	4	0	4	0.0004187605
Microbacterium foliorum	104336	S	4	0	4	0.0004187605
Microbacterium esteraromaticum	57043	S	4	0	4	0.0004187605
Microbacterium chocolatum	84292	S	4	0	4	0.0004187605
Microbacterium sediminis	904291	S	3	1	4	0.0004187605
Microbacterium schleiferi	69362	S	3	1	4	0.0004187605
Curtobacterium sp. BH-2-1-1	1905847	S	3	1	4	0.0004187605
Chryseoglobus sp. 28M-23	2772253	S	3	1	4	0.0004187605
Salinibacterium sp. ZJ70	2708084	S	4	0	4	0.0004187605
Kocuria rhizophila	72000	S	3	1	4	0.0004187605
Xylanimonas allomyrinae	2509459	S	4	0	4	0.0004187605
Luteimicrobium xylanilyticum	1133546	S	4	0	4	0.0004187605
Mycobacterium sp. JS623	212767	S	4	0	4	0.0004187605
Mycobacterium saskatchewanense	220927	S	4	0	4	0.0004187605
Mycobacterium intracellulare	1767	S	1	3	4	0.0004187605
Mycolicibacterium boenickei	146017	S	3	1	4	0.0004187605
Mycolicibacter sinensis	875328	S	2	2	4	0.0004187605
Corynebacterium lactis	1231000	S	4	0	4	0.0004187605
Corynebacterium striatum	43770	S	3	1	4	0.0004187605
Corynebacterium simulans	146827	S	3	1	4	0.0004187605
Gordonia phthalatica	1136941	S	4	0	4	0.0004187605
Gordonia sp. JH63	2698900	S	3	1	4	0.0004187605
Microlunatus sagamiharensis	546874	S	4	0	4	0.0004187605
Streptomyces sp. SN-593	659352	S	4	0	4	0.0004187605
Streptomyces sp. W1SF4	2305220	S	4	0	4	0.0004187605
Streptomyces sp. RPA4-2	2721244	S	4	0	4	0.0004187605
Streptomyces sp. CRXT-Y-14	2768069	S	4	0	4	0.0004187605
Streptomyces griseus	1911	S	4	0	4	0.0004187605
Streptomyces buecherae	2763006	S	4	0	4	0.0004187605
Streptomyces spectabilis	68270	S	4	0	4	0.0004187605
Streptomyces rimosus	1927	S	4	0	4	0.0004187605
Streptomyces cacaoi	1898	S	4	0	4	0.0004187605
Streptomyces clavuligerus	1901	S	4	0	4	0.0004187605
Amycolatopsis albispora	1804986	S	4	0	4	0.0004187605
Pseudonocardia sp. EC080610-09	1688404	S	1	3	4	0.0004187605
Prauserella marina	530584	S	4	0	4	0.0004187605
Micromonospora sagamiensis	47875	S	4	0	4	0.0004187605
Actinoplanes sp. N902-109	649831	S	3	1	4	0.0004187605
Actinoplanes friuliensis	196914	S	4	0	4	0.0004187605
Geodermatophilus obscurus	1861	S	4	0	4	0.0004187605
Metabacillus sp. KUDC1714	2745198	S	4	0	4	0.0004187605
Staphylococcus cohnii	29382	S	4	0	4	0.0004187605
Enterococcus faecalis	1351	S	4	0	4	0.0004187605
Enterococcus sp. FDAARGOS_375	2060307	S	2	2	4	0.0004187605
Aerococcus urinaeequi	51665	S	4	0	4	0.0004187605
Clostridium baratii	1561	S	4	0	4	0.0004187605
Thermoanaerobacterium thermosaccharolyticum	1517	S	4	0	4	0.0004187605
Nostoc sp. C052	2576902	S	4	0	4	0.0004187605
Nostoc linckia	92942	S	3	1	4	0.0004187605
Tolypothrix sp. PCC 7910	2099387	S	2	2	4	0.0004187605
Moorea producens	1155739	S	4	0	4	0.0004187605
Microcystis viridis	44822	S	1	3	4	0.0004187605
Gloeothece verrucosa	2546359	S	4	0	4	0.0004187605
Synechococcus sp. PCC 7502	1173263	S	4	0	4	0.0004187605
Synechococcus sp. NOUM97013	1442555	S	3	1	4	0.0004187605
Mycoplasma crocodyli	50052	S	4	0	4	0.0004187605
Mycoplasma mycoides	2102	S	2	2	4	0.0004187605
Flavobacterium sp. M31R6	2739062	S	4	0	4	0.0004187605
Flavobacterium sp. 140616W15	2478552	S	4	0	4	0.0004187605
Flavobacterium crocinum	2183896	S	4	0	4	0.0004187605
Flavobacterium nitrogenifigens	1617283	S	3	1	4	0.0004187605
Capnocytophaga sp. H2931	1945657	S	1	3	4	0.0004187605
Capnocytophaga cynodegmi	28189	S	3	1	4	0.0004187605
Myroides profundi	480520	S	4	0	4	0.0004187605
Aquimarina sp. BL5	1714860	S	4	0	4	0.0004187605
Maribacter cobaltidurans	1178778	S	2	2	4	0.0004187605
Tamlana carrageenivorans	2069432	S	4	0	4	0.0004187605
Cellulophaga baltica	76594	S	3	1	4	0.0004187605
Chryseobacterium aureum	2497456	S	4	0	4	0.0004187605
Chryseobacterium indologenes	253	S	3	1	4	0.0004187605
Chryseobacterium arthrosphaerae	651561	S	3	1	4	0.0004187605
Elizabethkingia sp. 2-6	2575699	S	2	2	4	0.0004187605
Elizabethkingia meningoseptica	238	S	4	0	4	0.0004187605
Runella sp. HYN0085	2259595	S	4	0	4	0.0004187605
Cytophaga hutchinsonii	985	S	4	0	4	0.0004187605
Aquirufa nivalisilvae	2516557	S	4	0	4	0.0004187605
Hymenobacter sp. PAMC 26628	1484118	S	4	0	4	0.0004187605
Hymenobacter baengnokdamensis	2615203	S	3	1	4	0.0004187605
Sphingobacterium spiritivorum	258	S	3	1	4	0.0004187605
Mucilaginibacter ginsenosidivorans	398053	S	4	0	4	0.0004187605
Olivibacter sp. SDN3	2764720	S	4	0	4	0.0004187605
Olivibacter sp. LS-1	2592345	S	2	2	4	0.0004187605
Chitinophaga sp. MD30	2033437	S	4	0	4	0.0004187605
Filimonas lacunae	477680	S	4	0	4	0.0004187605
Lacibacter sp. S13-6-6	2760713	S	4	0	4	0.0004187605
Paraflavitalea soli	2315862	S	4	0	4	0.0004187605
Haliscomenobacter hydrossis	2350	S	4	0	4	0.0004187605
Lacipirellula limnantheis	2528024	S	4	0	4	0.0004187605
Ereboglobus luteus	1796921	S	4	0	4	0.0004187605
Fusobacterium nucleatum	851	S	4	0	4	0.0004187605
Halorussus sp. ZS-3	2650975	S	4	0	4	0.0004187605
Variovorax sp. PBS-H4	434008	S	3	0	3	0.0003140704
Variovorax sp. RA8	662548	S	3	0	3	0.0003140704
Variovorax sp. SRS16	282217	S	2	1	3	0.0003140704
Diaphorobacter ruginosibacter	1715720	S	3	0	3	0.0003140704
Polaromonas sp. JS666	296591	S	2	1	3	0.0003140704
Melaminivora sp. SC2-9	2109913	S	3	0	3	0.0003140704
Ralstonia insidiosa	190721	S	3	0	3	0.0003140704
Burkholderia stabilis	95485	S	3	0	3	0.0003140704
Burkholderia lata	482957	S	3	0	3	0.0003140704
Burkholderia contaminans	488447	S	3	0	3	0.0003140704
Burkholderia sp. Bp7605	1740163	S	3	0	3	0.0003140704
Burkholderia sp. YI23	1097668	S	2	1	3	0.0003140704
Burkholderia sp. KK1	1855726	S	2	1	3	0.0003140704
Cupriavidus malaysiensis	367825	S	1	2	3	0.0003140704
Polynucleobacter asymbioticus	576611	S	3	0	3	0.0003140704
Polynucleobacter duraquae	1835254	S	3	0	3	0.0003140704
Paraburkholderia caffeinilytica	1761016	S	3	0	3	0.0003140704
Pandoraea pulmonicola	93221	S	3	0	3	0.0003140704
Janthinobacterium sp. Marseille	375286	S	3	0	3	0.0003140704
Massilia sp. YMA4	1593482	S	2	1	3	0.0003140704
Massilia umbonata	864828	S	3	0	3	0.0003140704
Massilia putida	1141883	S	3	0	3	0.0003140704
Herbaspirillum seropedicae	964	S	3	0	3	0.0003140704
Herbaspirillum robiniae	2014887	S	3	0	3	0.0003140704
Undibacterium sp. KW1	2058624	S	3	0	3	0.0003140704
Achromobacter pestifer	1353889	S	3	0	3	0.0003140704
Bordetella bronchialis	463025	S	3	0	3	0.0003140704
Bordetella pseudohinzii	1331258	S	3	0	3	0.0003140704
Bordetella bronchiseptica	518	S	2	1	3	0.0003140704
Laribacter hongkongensis	168471	S	3	0	3	0.0003140704
Thauera humireducens	1134435	S	3	0	3	0.0003140704
Thauera sp. K11	2005884	S	3	0	3	0.0003140704
Denitratisoma oestradiolicum	311182	S	3	0	3	0.0003140704
Usitatibacter palustris	2732487	S	3	0	3	0.0003140704
Casimicrobium huifangae	2591109	S	3	0	3	0.0003140704
Pseudomonas sp. 15A4	2804761	S	3	0	3	0.0003140704
Pseudomonas sp. MPC6	2498848	S	3	0	3	0.0003140704
Pseudomonas mendocina	300	S	3	0	3	0.0003140704
Pseudomonas alcaligenes	43263	S	3	0	3	0.0003140704
Pseudomonas protegens	380021	S	3	0	3	0.0003140704
Pseudomonas azotoformans	47878	S	3	0	3	0.0003140704
Pseudomonas libanensis	75588	S	2	1	3	0.0003140704
Pseudomonas entomophila	312306	S	3	0	3	0.0003140704
Pseudomonas cremoricolorata	157783	S	3	0	3	0.0003140704
Azotobacter salinestris	69964	S	2	1	3	0.0003140704
Acinetobacter dispersus	70348	S	3	0	3	0.0003140704
Acinetobacter radioresistens	40216	S	3	0	3	0.0003140704
Cronobacter malonaticus	413503	S	1	2	3	0.0003140704
Pantoea ananatis	553	S	3	0	3	0.0003140704
Candidatus Erwinia haradaeae	1922217	S	3	0	3	0.0003140704
Yersinia enterocolitica	630	S	3	0	3	0.0003140704
Providencia rettgeri	587	S	2	1	3	0.0003140704
Pectobacterium brasiliense	180957	S	3	0	3	0.0003140704
Lysobacter oculi	2698682	S	3	0	3	0.0003140704
Lysobacter solisilvae	2763317	S	3	0	3	0.0003140704
Thermomonas sp. SY21	2202149	S	3	0	3	0.0003140704
Thermomonas carbonis	1463158	S	3	0	3	0.0003140704
Pseudoxanthomonas suwonensis	314722	S	3	0	3	0.0003140704
Rhodanobacter denitrificans	666685	S	2	1	3	0.0003140704
Dokdonella koreensis	323415	S	3	0	3	0.0003140704
Histophilus somni	731	S	3	0	3	0.0003140704
Oleiphilus messinensis	141451	S	3	0	3	0.0003140704
Marinobacter sp. Arc7-DN-1	2304594	S	3	0	3	0.0003140704
Shewanella sp. ANA-3	94122	S	2	1	3	0.0003140704
Shewanella marisflavi	260364	S	3	0	3	0.0003140704
Vibrio gazogenes	687	S	3	0	3	0.0003140704
Rheinheimera sp. LHK132	2498451	S	3	0	3	0.0003140704
Sulfurivermis fontis	1972068	S	3	0	3	0.0003140704
Legionella sainthelensi	28087	S	3	0	3	0.0003140704
Legionella pneumophila	446	S	3	0	3	0.0003140704
Candidatus Coxiella mudrowiae	2054173	S	3	0	3	0.0003140704
Francisella hispaniensis	622488	S	3	0	3	0.0003140704
Bradyrhizobium sp. PSBB068	2715960	S	3	0	3	0.0003140704
Bradyrhizobium sp. CCBAU 53421	1325120	S	3	0	3	0.0003140704
Bradyrhizobium sp. CCBAU 53338	1325111	S	2	1	3	0.0003140704
Bradyrhizobium cosmicum	1404864	S	3	0	3	0.0003140704
Bosea sp. AS-1	2015316	S	3	0	3	0.0003140704
Methylobacterium sp. 17Sr1-43	2202828	S	3	0	3	0.0003140704
Methylobacterium durans	2202825	S	3	0	3	0.0003140704
Methylobacterium terrae	2202827	S	3	0	3	0.0003140704
Microvirga sp. 17 mud 1-3	2082949	S	3	0	3	0.0003140704
Rhizobium sp. ADMK78	1813451	S	3	0	3	0.0003140704
Agrobacterium vitis	373	S	3	0	3	0.0003140704
Sinorhizobium meliloti	382	S	3	0	3	0.0003140704
Shinella sp. PSBB067	2715959	S	3	0	3	0.0003140704
Aminobacter sp. MSH1	374606	S	1	2	3	0.0003140704
Pelagibacterium halotolerans	531813	S	3	0	3	0.0003140704
Methylosinus trichosporium	426	S	3	0	3	0.0003140704
Methylocystis heyeri	391905	S	3	0	3	0.0003140704
Pannonibacter phragmitetus	121719	S	2	1	3	0.0003140704
Brucella anthropi	529	S	1	2	3	0.0003140704
Ochrobactrum sp. MT180101	2726427	S	1	2	3	0.0003140704
Nordella sp. HKS 07	2712222	S	3	0	3	0.0003140704
Sphingomonas sp. AAP5	1523415	S	3	0	3	0.0003140704
Sphingomonas sp. C8-2	2492837	S	2	1	3	0.0003140704
Sphingomonas lacunae	2698828	S	3	0	3	0.0003140704
Sphingomonas panacis	1560345	S	3	0	3	0.0003140704
Sphingomonas insulae	424800	S	3	0	3	0.0003140704
Sphingomonas koreensis	93064	S	2	1	3	0.0003140704
Sphingopyxis sp. OPL5	2486273	S	3	0	3	0.0003140704
Sphingopyxis sp. MG	1866325	S	1	2	3	0.0003140704
Sphingobium herbicidovorans	76947	S	2	1	3	0.0003140704
Sphingorhabdus sp. M41	1806885	S	3	0	3	0.0003140704
Erythrobacter neustonensis	1112	S	3	0	3	0.0003140704
Tsuneonella flava	2055955	S	3	0	3	0.0003140704
Paracoccus sp. BM15	1529068	S	3	0	3	0.0003140704
Paracoccus sp. Arc7-R13	2500532	S	3	0	3	0.0003140704
Paracoccus sp. MC1862	2760307	S	3	0	3	0.0003140704
Paracoccus aminophilus	34003	S	3	0	3	0.0003140704
Paracoccus suum	2259340	S	3	0	3	0.0003140704
Sulfitobacter pseudonitzschiae	1402135	S	3	0	3	0.0003140704
Brevundimonas subvibrioides	74313	S	3	0	3	0.0003140704
Caulobacter flavus	1679497	S	3	0	3	0.0003140704
Azospirillum baldaniorum	1064539	S	2	1	3	0.0003140704
Wolbachia endosymbiont of Wiebesia pumilae	2742717	S	1	2	3	0.0003140704
Ehrlichia ruminantium	779	S	3	0	3	0.0003140704
Rickettsia endosymbiont of Ixodes scapularis	444612	S	1	2	3	0.0003140704
Rickettsiales endosymbiont of Stachyamoeba lipophora	2486578	S	3	0	3	0.0003140704
Maricaulis maris	74318	S	3	0	3	0.0003140704
Glycocaulis alkaliphilus	1434191	S	3	0	3	0.0003140704
Desulfuromonas soudanensis	1603606	S	2	1	3	0.0003140704
Geobacter sp. SVR	2495594	S	3	0	3	0.0003140704
Malaciobacter molluscorum	1032072	S	3	0	3	0.0003140704
Poseidonibacter parvus	1850254	S	2	1	3	0.0003140704
Campylobacter coli	195	S	2	1	3	0.0003140704
Campylobacter lari	201	S	2	1	3	0.0003140704
Microbacterium sp. No. 7	1714373	S	3	0	3	0.0003140704
Microbacterium sp. ABRD_28	2268461	S	3	0	3	0.0003140704
Microbacterium lemovicicum	1072463	S	3	0	3	0.0003140704
Microbacterium pygmaeum	370764	S	3	0	3	0.0003140704
Agromyces sp. LHK192	2498704	S	3	0	3	0.0003140704
Agromyces aureus	453304	S	3	0	3	0.0003140704
Agromyces flavus	589382	S	3	0	3	0.0003140704
Leucobacter muris	1935379	S	3	0	3	0.0003140704
Leucobacter sp. CX169	2813744	S	3	0	3	0.0003140704
Agrococcus jejuensis	399736	S	3	0	3	0.0003140704
Candidatus Aquiluna sp. 15G-AUS-rot	2499157	S	3	0	3	0.0003140704
Humibacter sp. WJ7-1	2599293	S	3	0	3	0.0003140704
Arthrobacter sp. PM3	2017685	S	3	0	3	0.0003140704
Arthrobacter sp. D5-1	1477518	S	2	1	3	0.0003140704
Rothia kristinae	37923	S	3	0	3	0.0003140704
Pedococcus dokdonensis	443156	S	3	0	3	0.0003140704
Serinicoccus profundi	1078471	S	3	0	3	0.0003140704
Ornithinimicrobium sp. HY006	2508882	S	3	0	3	0.0003140704
Beutenbergia cavernae	84757	S	3	0	3	0.0003140704
Ruania sp. HY168	2603206	S	3	0	3	0.0003140704
Georgenia sp. Z294	2585135	S	2	1	3	0.0003140704
Rhodococcus sp. X156	2499145	S	3	0	3	0.0003140704
Rhodococcus sp. P-2	2795031	S	3	0	3	0.0003140704
Rhodococcus sp. AQ5-07	2054902	S	1	2	3	0.0003140704
Nocardia terpenica	455432	S	3	0	3	0.0003140704
Nocardia sp. CS682	1047172	S	3	0	3	0.0003140704
Mycobacterium sp. KMS	189918	S	2	1	3	0.0003140704
Mycobacterium shottsii	133549	S	1	2	3	0.0003140704
Mycolicibacterium goodii	134601	S	3	0	3	0.0003140704
Mycolicibacterium nivoides	2487344	S	1	2	3	0.0003140704
Corynebacterium sphenisci	191493	S	3	0	3	0.0003140704
Corynebacterium ureicelerivorans	401472	S	3	0	3	0.0003140704
Gordonia polyisoprenivorans	84595	S	3	0	3	0.0003140704
Tsukamurella tyrosinosolvens	57704	S	3	0	3	0.0003140704
Cutibacterium avidum	33010	S	3	0	3	0.0003140704
Propioniciclava sp. HDW11	2714937	S	3	0	3	0.0003140704
Nocardioides sp. ZJ1313	2685869	S	2	1	3	0.0003140704
Nocardioides marinisabuli	419476	S	2	1	3	0.0003140704
Micropruina glycogenica	75385	S	3	0	3	0.0003140704
Streptomyces sp. So13.3	2136173	S	3	0	3	0.0003140704
Streptomyces sp. HM190	2695266	S	3	0	3	0.0003140704
Streptomyces sp. CRXT-G-22	2768066	S	3	0	3	0.0003140704
Streptomyces sp. TLI_053	1855352	S	3	0	3	0.0003140704
Streptomyces hygroscopicus	1912	S	6	-3	3	0.0003140704
Streptomyces nitrosporeus	28894	S	3	0	3	0.0003140704
Streptomyces broussonetiae	2686304	S	3	0	3	0.0003140704
Streptomyces mobaraensis	35621	S	3	0	3	0.0003140704
Streptomyces fagopyri	2662397	S	3	0	3	0.0003140704
Streptomyces griseorubiginosus	67304	S	3	0	3	0.0003140704
Streptomyces hundungensis	1077946	S	3	0	3	0.0003140704
Streptomyces finlayi	67296	S	3	0	3	0.0003140704
Streptomyces harbinensis	1176198	S	3	0	3	0.0003140704
Streptomyces cavourensis	67258	S	2	1	3	0.0003140704
Pseudonocardia sp. HH130630-07	1690815	S	3	0	3	0.0003140704
Saccharomonospora viridis	1852	S	3	0	3	0.0003140704
Micromonospora inositola	47865	S	3	0	3	0.0003140704
Micromonospora krabiensis	307121	S	3	0	3	0.0003140704
Micromonospora siamensis	299152	S	3	0	3	0.0003140704
Actinoplanes sp. OR16	946334	S	2	1	3	0.0003140704
Actinocatenispora thailandica	227318	S	3	0	3	0.0003140704
Actinomyces sp. oral taxon 171	706438	S	1	2	3	0.0003140704
Actinomyces radicidentis	111015	S	3	0	3	0.0003140704
Nonomuraea sp. ATCC 55076	1909395	S	3	0	3	0.0003140704
Nonomuraea nitratireducens	2656914	S	3	0	3	0.0003140704
Actinomadura verrucosospora	46165	S	3	0	3	0.0003140704
Frankia alni	1859	S	3	0	3	0.0003140704
Frankia sp. QA3	710111	S	3	0	3	0.0003140704
Bifidobacterium choerinum	35760	S	3	0	3	0.0003140704
Blastococcus saxobsidens	138336	S	3	0	3	0.0003140704
Nakamurella multipartita	53461	S	3	0	3	0.0003140704
Epidermidibacterium keratini	1891644	S	3	0	3	0.0003140704
Jiangella alkaliphila	419479	S	3	0	3	0.0003140704
Euzebya sp. DY32-46	1608957	S	3	0	3	0.0003140704
Actinomarinicola tropica	2789776	S	3	0	3	0.0003140704
Bacillus luti	2026191	S	3	0	3	0.0003140704
Bacillus sp. Y1	352858	S	3	0	3	0.0003140704
Bacillus sporothermodurans	46224	S	3	0	3	0.0003140704
Geobacillus thermocatenulatus	33938	S	3	0	3	0.0003140704
Staphylococcus auricularis	29379	S	3	0	3	0.0003140704
Paenibacillus sp. B01	2660554	S	3	0	3	0.0003140704
Lactobacillus delbrueckii	1584	S	3	0	3	0.0003140704
Lactobacillus crispatus	47770	S	3	0	3	0.0003140704
Lactobacillus amylovorus	1604	S	2	1	3	0.0003140704
Paucilactobacillus nenjiangensis	1296540	S	3	0	3	0.0003140704
Fructilactobacillus sanfranciscensis	1625	S	2	1	3	0.0003140704
Streptococcus gordonii	1302	S	3	0	3	0.0003140704
Streptococcus sanguinis	1305	S	3	0	3	0.0003140704
Streptococcus suis	1307	S	3	0	3	0.0003140704
Streptococcus thermophilus	1308	S	3	0	3	0.0003140704
Streptococcus salivarius	1304	S	2	1	3	0.0003140704
Vagococcus penaei	633807	S	3	0	3	0.0003140704
Clostridium sp. MF28	1702238	S	1	2	3	0.0003140704
Clostridium pasteurianum	1501	S	3	0	3	0.0003140704
Clostridium acetobutylicum	1488	S	3	0	3	0.0003140704
Clostridium carboxidivorans	217159	S	3	0	3	0.0003140704
Clostridium aceticum	84022	S	3	0	3	0.0003140704
Sarcina sp. JB2	2726954	S	3	0	3	0.0003140704
Lachnoanaerobaculum umeaense	617123	S	3	0	3	0.0003140704
Paraclostridium bifermentans	1490	S	3	0	3	0.0003140704
Tissierellia sp. JN-28	2507161	S	3	0	3	0.0003140704
Nostoc sp. PCC 7524	28072	S	3	0	3	0.0003140704
Anabaena sp. WA102	1647413	S	1	2	3	0.0003140704
Anabaena cylindrica	1165	S	3	0	3	0.0003140704
Calothrix sp. NIES-3974	2005462	S	3	0	3	0.0003140704
Calothrix brevissima	938406	S	2	1	3	0.0003140704
Fischerella sp. NIES-3754	1752063	S	2	1	3	0.0003140704
Scytonema sp. HK-05	1137095	S	2	1	3	0.0003140704
Cyanobacterium aponinum	379064	S	3	0	3	0.0003140704
Prochlorococcus marinus	1219	S	3	0	3	0.0003140704
Mycoplasma neurolyticum	2120	S	3	0	3	0.0003140704
Candidatus Promineofilum breve	1806508	S	3	0	3	0.0003140704
Flavobacterium sp. P2-65	2748320	S	3	0	3	0.0003140704
Flavobacterium sp. CLA17	2724135	S	3	0	3	0.0003140704
Flavobacterium sp. HYN0086	2249356	S	3	0	3	0.0003140704
Flavobacterium haoranii	683124	S	3	0	3	0.0003140704
Flavobacterium anhuiense	459526	S	3	0	3	0.0003140704
Polaribacter sp. KT25b	1855336	S	3	0	3	0.0003140704
Polaribacter sp. G4M1	2808900	S	3	0	3	0.0003140704
Polaribacter reichenbachii	996801	S	3	0	3	0.0003140704
Polaribacter haliotis	1888915	S	2	1	3	0.0003140704
Tenacibaculum dicentrarchi	669041	S	3	0	3	0.0003140704
Winogradskyella sp. PC-19	754417	S	3	0	3	0.0003140704
Winogradskyella forsetii	2686077	S	2	1	3	0.0003140704
Lacinutrix sp. WUR7	2653681	S	3	0	3	0.0003140704
Nonlabens sp. Hel1_33_55	1336802	S	3	0	3	0.0003140704
Zobellia galactanivorans	63186	S	3	0	3	0.0003140704
Chryseobacterium sp. POL2	2713414	S	3	0	3	0.0003140704
Chryseobacterium manosquense	2754694	S	1	2	3	0.0003140704
Kaistella carnis	1241979	S	3	0	3	0.0003140704
Chryseobacterium lactis	1241981	S	2	1	3	0.0003140704
Blattabacterium sp. (Blaberus giganteus)	1186051	S	1	2	3	0.0003140704
Spirosoma sp. KCTC 42546	2520506	S	3	0	3	0.0003140704
Spirosoma aerolatum	1211326	S	3	0	3	0.0003140704
Hymenobacter sp. PAMC 26554	1484116	S	3	0	3	0.0003140704
Hymenobacter sp. S2-20-2	2761579	S	3	0	3	0.0003140704
Pedobacter cryoconitis	188932	S	3	0	3	0.0003140704
Sphingobacterium sp. UDSM-2020	2795738	S	3	0	3	0.0003140704
Sphingobacterium multivorum	28454	S	1	2	3	0.0003140704
Mucilaginibacter paludis	423351	S	3	0	3	0.0003140704
Mucilaginibacter gotjawali	1550579	S	3	0	3	0.0003140704
Solitalea canadensis	995	S	3	0	3	0.0003140704
Bacteroides ovatus	28116	S	2	1	3	0.0003140704
Bacteroides xylanisolvens	371601	S	2	1	3	0.0003140704
Prevotella intermedia	28131	S	3	0	3	0.0003140704
Prevotella sp. oral taxon 299	652716	S	3	0	3	0.0003140704
Draconibacterium orientale	1168034	S	3	0	3	0.0003140704
Chitinophaga pinensis	79329	S	3	0	3	0.0003140704
Pseudocnuella soli	2502779	S	3	0	3	0.0003140704
Gemmatimonas sp. TET16	2732249	S	3	0	3	0.0003140704
Gemmata sp. SH-PL17	1630693	S	3	0	3	0.0003140704
Pirellula sp. SH-Sr6A	1632865	S	3	0	3	0.0003140704
Mariniblastus fucicola	980251	S	3	0	3	0.0003140704
Bremerella volcania	2527984	S	3	0	3	0.0003140704
Aeoliella mucimassa	2527972	S	3	0	3	0.0003140704
Gimesia algae	2527971	S	2	1	3	0.0003140704
Nibricoccus aquaticus	2576891	S	3	0	3	0.0003140704
Verrucomicrobium spinosum	2736	S	3	0	3	0.0003140704
Neochlamydia sp. S13	1353976	S	2	1	3	0.0003140704
Borrelia turcica	229155	S	1	2	3	0.0003140704
Candidatus Borrelia tachyglossi	1964448	S	1	2	3	0.0003140704
Sebaldella termitidis	826	S	3	0	3	0.0003140704
Paludibaculum fermentans	1473598	S	3	0	3	0.0003140704
Thermodesulfobacterium sp. TA1	2234087	S	3	0	3	0.0003140704
Methanothermus fervidus	2180	S	3	0	3	0.0003140704
Streptococcus phage SpSL1	1566990	S	3	0	3	0.0003140704
Lactococcus phage 936 group phage PhiF0139	1636578	S	1	2	3	0.0003140704
Cellulophaga virus Cba121	1918193	S	3	0	3	0.0003140704
Pseudomonas virus PMW	2560676	S	3	0	3	0.0003140704
Comamonas piscis	1562974	S	2	0	2	0.0002093802
Delftia sp. HK171	1920191	S	1	1	2	0.0002093802
Polaromonas vacuolata	37448	S	2	0	2	0.0002093802
Limnohabitans sp. 103DPR2	1678129	S	2	0	2	0.0002093802
Ottowia sp. oral taxon 894	1658672	S	2	0	2	0.0002093802
Burkholderia stagnalis	1503054	S	2	0	2	0.0002093802
Burkholderia multivorans	87883	S	2	0	2	0.0002093802
Burkholderia anthina	179879	S	2	0	2	0.0002093802
Burkholderia sp. DHOD12	2571746	S	2	0	2	0.0002093802
Burkholderia glumae	337	S	2	0	2	0.0002093802
Cupriavidus campinensis	151783	S	2	0	2	0.0002093802
Cupriavidus gilardii	82541	S	1	1	2	0.0002093802
Polynucleobacter acidiphobus	556053	S	2	0	2	0.0002093802
Polynucleobacter necessarius	576610	S	2	0	2	0.0002093802
Paraburkholderia sp. 7MH5	2547399	S	2	0	2	0.0002093802
Paraburkholderia acidiphila	2571747	S	2	0	2	0.0002093802
Paraburkholderia aromaticivorans	2026199	S	2	0	2	0.0002093802
Pandoraea norimbergensis	93219	S	2	0	2	0.0002093802
Pandoraea thiooxydans	445709	S	2	0	2	0.0002093802
Pandoraea vervacti	656178	S	2	0	2	0.0002093802
Caballeronia insecticola	758793	S	2	0	2	0.0002093802
Massilia lutea	321985	S	2	0	2	0.0002093802
Massilia oculi	945844	S	2	0	2	0.0002093802
Massilia violaceinigra	2045208	S	2	0	2	0.0002093802
Massilia armeniaca	2072590	S	2	0	2	0.0002093802
Herbaspirillum rubrisubalbicans	80842	S	2	0	2	0.0002093802
Herbaspirillum frisingense	92645	S	2	0	2	0.0002093802
Achromobacter spanius	217203	S	2	0	2	0.0002093802
Bordetella petrii	94624	S	2	0	2	0.0002093802
Bordetella trematum	123899	S	2	0	2	0.0002093802
Alcaligenes faecalis	511	S	2	0	2	0.0002093802
Pigmentiphaga sp. H8	2488560	S	2	0	2	0.0002093802
Advenella mimigardefordensis	302406	S	2	0	2	0.0002093802
Basilea psittacipulmonis	1472345	S	2	0	2	0.0002093802
Algicoccus marinus	2163011	S	2	0	2	0.0002093802
Sutterella wadsworthensis	40545	S	2	0	2	0.0002093802
Jeongeupia sp. HS-3	1009682	S	2	0	2	0.0002093802
Aquaspirillum sp. LM1	1938604	S	2	0	2	0.0002093802
Neisseria shayeganii	607712	S	2	0	2	0.0002093802
Neisseria elongata	495	S	2	0	2	0.0002093802
Neisseria meningitidis	487	S	1	1	2	0.0002093802
Azoarcus sp. CIB	198107	S	2	0	2	0.0002093802
Azoarcus communis	41977	S	2	0	2	0.0002093802
Azoarcus olearius	418699	S	2	0	2	0.0002093802
Azospira oryzae	146939	S	1	1	2	0.0002093802
Azospira sp. I09	1765049	S	1	1	2	0.0002093802
Aromatoleum petrolei	76116	S	2	0	2	0.0002093802
Oryzomicrobium terrae	1735038	S	2	0	2	0.0002093802
Fluviibacter phosphoraccumulans	1751046	S	2	0	2	0.0002093802
Denitratisoma sp. DHT3	1981880	S	2	0	2	0.0002093802
Methyloversatilis sp. RAC08	1842540	S	2	0	2	0.0002093802
Nitrosomonas ureae	44577	S	2	0	2	0.0002093802
Candidatus Methylopumilus turicensis	1581680	S	2	0	2	0.0002093802
Candidatus Methylopumilus universalis	2588536	S	1	1	2	0.0002093802
Candidatus Nitrotoga sp. AM1P	2559597	S	2	0	2	0.0002093802
Pseudomonas sp. 31-12	2201356	S	2	0	2	0.0002093802
Pseudomonas sp. DY-1	1755504	S	2	0	2	0.0002093802
Pseudomonas sp. DTU12.3	2073078	S	2	0	2	0.0002093802
Pseudomonas sp. PONIH3	1636610	S	1	1	2	0.0002093802
Pseudomonas sp. LH1G9	2083055	S	1	1	2	0.0002093802
Pseudomonas sp. VLB120	69328	S	1	1	2	0.0002093802
Pseudomonas citronellolis	53408	S	2	0	2	0.0002093802
Pseudomonas oleovorans	301	S	1	1	2	0.0002093802
Pseudomonas orientalis	76758	S	2	0	2	0.0002093802
Pseudomonas oryzihabitans	47885	S	2	0	2	0.0002093802
Pseudomonas psychrotolerans	237610	S	2	0	2	0.0002093802
Pseudomonas antarctica	219572	S	2	0	2	0.0002093802
Pseudomonas lurida	244566	S	2	0	2	0.0002093802
Pseudomonas oryzae	1392877	S	2	0	2	0.0002093802
Pseudomonas toyotomiensis	554344	S	2	0	2	0.0002093802
Pseudomonas lalkuanensis	2604832	S	2	0	2	0.0002093802
Pseudomonas litoralis	797277	S	2	0	2	0.0002093802
Pseudomonas knackmussii	65741	S	2	0	2	0.0002093802
Pseudomonas sihuiensis	1274359	S	2	0	2	0.0002093802
Pseudomonas soli	1306993	S	1	1	2	0.0002093802
Oblitimonas alkaliphila	1697053	S	2	0	2	0.0002093802
Acinetobacter lanii	2715163	S	2	0	2	0.0002093802
Acinetobacter guillouiae	106649	S	2	0	2	0.0002093802
Acinetobacter cumulans	2136182	S	2	0	2	0.0002093802
Acinetobacter indicus	756892	S	2	0	2	0.0002093802
Acinetobacter defluvii	1871111	S	2	0	2	0.0002093802
Psychrobacter sp. DAB_AL43B	1028416	S	2	0	2	0.0002093802
Psychrobacter arenosus	256326	S	2	0	2	0.0002093802
Klebsiella michiganensis	1134687	S	2	0	2	0.0002093802
Citrobacter sp. BDA59-3	2781952	S	2	0	2	0.0002093802
Citrobacter farmeri	67824	S	2	0	2	0.0002093802
Enterobacter cloacae	550	S	2	0	2	0.0002093802
Enterobacter kobei	208224	S	1	1	2	0.0002093802
Cronobacter sp. JZ38	1906275	S	2	0	2	0.0002093802
Candidatus Purcelliella pentastirinorum	472834	S	2	0	2	0.0002093802
Kluyvera intermedia	61648	S	2	0	2	0.0002093802
Yokenella regensburgei	158877	S	2	0	2	0.0002093802
Pantoea vagans	470934	S	2	0	2	0.0002093802
Erwinia gerundensis	1619313	S	2	0	2	0.0002093802
Serratia fonticola	47917	S	2	0	2	0.0002093802
Rahnella sp. Y9602	741091	S	1	1	2	0.0002093802
Proteus mirabilis	584	S	2	0	2	0.0002093802
Photorhabdus asymbiotica	291112	S	2	0	2	0.0002093802
Morganella morganii	582	S	2	0	2	0.0002093802
Edwardsiella tarda	636	S	2	0	2	0.0002093802
Hafnia paralvei	546367	S	2	0	2	0.0002093802
Obesumbacterium proteus	82983	S	2	0	2	0.0002093802
Lysobacter sp. CW239	2762611	S	2	0	2	0.0002093802
Lysobacter alkalisoli	2591633	S	2	0	2	0.0002093802
Xanthomonas sp. SS	2724122	S	1	1	2	0.0002093802
Xanthomonas cucurbitae	56453	S	2	0	2	0.0002093802
Xanthomonas sacchari	56458	S	2	0	2	0.0002093802
Thermomonas sp. XSG	2771436	S	2	0	2	0.0002093802
Thermomonas brevis	215691	S	2	0	2	0.0002093802
Pseudoxanthomonas mexicana	128785	S	2	0	2	0.0002093802
Luteimonas sp. JM171	1896164	S	2	0	2	0.0002093802
Haemophilus parainfluenzae	729	S	2	0	2	0.0002093802
Actinobacillus pleuropneumoniae	715	S	2	0	2	0.0002093802
Mannheimia bovis	2770636	S	2	0	2	0.0002093802
Vespertiliibacter pulmonis	1443036	S	2	0	2	0.0002093802
Salinicola tamaricis	1771309	S	2	0	2	0.0002093802
Neptunomonas japonica	417574	S	2	0	2	0.0002093802
Nitrincola sp. KXZD1103	2614693	S	2	0	2	0.0002093802
Alcanivorax sp. N3-2A	2014542	S	2	0	2	0.0002093802
Gynuella sunshinyii	1445505	S	2	0	2	0.0002093802
Marinobacter sp. CP1	1671721	S	2	0	2	0.0002093802
Salinimonas lutimaris	914153	S	2	0	2	0.0002093802
Shewanella denitrificans	192073	S	2	0	2	0.0002093802
Pseudoalteromonas viridis	339617	S	2	0	2	0.0002093802
Vibrio owensii	696485	S	2	0	2	0.0002093802
Vibrio sp. Scap24	2589990	S	2	0	2	0.0002093802
Vibrio sp. 2521-89	2014742	S	1	1	2	0.0002093802
Vibrio metoecus	1481663	S	2	0	2	0.0002093802
Vibrio panuliri	1381081	S	2	0	2	0.0002093802
Vibrio navarrensis	29495	S	2	0	2	0.0002093802
Photobacterium damselae	38293	S	2	0	2	0.0002093802
Salinivibrio kushneri	1908198	S	2	0	2	0.0002093802
Allochromatium vinosum	1049	S	2	0	2	0.0002093802
Marichromatium purpuratum	37487	S	2	0	2	0.0002093802
Ectothiorhodospira sp. BSL-9	1442136	S	2	0	2	0.0002093802
Legionella sp. PC997	2755562	S	1	1	2	0.0002093802
Legionella fallonii	96230	S	2	0	2	0.0002093802
Legionella lansingensis	45067	S	2	0	2	0.0002093802
Coxiella burnetii	777	S	2	0	2	0.0002093802
Aeromonas sp. CU5	2033033	S	2	0	2	0.0002093802
Aeromonas sp. ASNIH2	1636607	S	1	1	2	0.0002093802
Aeromonas encheleia	73010	S	2	0	2	0.0002093802
Aeromonas salmonicida	645	S	1	1	2	0.0002093802
Oceanisphaera profunda	1416627	S	2	0	2	0.0002093802
Succinivibrio dextrinosolvens	83771	S	2	0	2	0.0002093802
Hydrogenovibrio marinus	28885	S	2	0	2	0.0002093802
Beggiatoa leptomitoformis	288004	S	2	0	2	0.0002093802
Methylomonas sp. LL1	2785785	S	2	0	2	0.0002093802
Methylomonas methanica	421	S	2	0	2	0.0002093802
Methylotuvimicrobium buryatense	95641	S	2	0	2	0.0002093802
Methylovulum psychrotolerans	1704499	S	2	0	2	0.0002093802
Microbulbifer sp. THAF38	2587856	S	2	0	2	0.0002093802
Cellvibrio sp. PSBB006	1987723	S	1	1	2	0.0002093802
Candidatus Thioglobus singularis	1427364	S	2	0	2	0.0002093802
endosymbiont of Euscepes postfasciatus	650377	S	2	0	2	0.0002093802
Gilliamella apicola	1196095	S	2	0	2	0.0002093802
Bradyrhizobium sp. ORS 278	114615	S	2	0	2	0.0002093802
Bradyrhizobium sp. CCBAU 51765	1325102	S	2	0	2	0.0002093802
Bradyrhizobium sp. 6(2017)	1197460	S	2	0	2	0.0002093802
Bradyrhizobium sp. BTAi1	288000	S	2	0	2	0.0002093802
Bradyrhizobium sp. CCGE-LA001	1223566	S	2	0	2	0.0002093802
Bradyrhizobium genosp. B	83627	S	2	0	2	0.0002093802
Bosea sp. F3-2	2599640	S	2	0	2	0.0002093802
Nitrobacter winogradskyi	913	S	2	0	2	0.0002093802
Variibacter gotjawalensis	1333996	S	2	0	2	0.0002093802
Methylobacterium sp. 17Sr1-1	2202826	S	2	0	2	0.0002093802
Methylobacterium mesophilicum	39956	S	2	0	2	0.0002093802
Methylobacterium nodulans	114616	S	2	0	2	0.0002093802
Methylobacterium aquaticum	270351	S	2	0	2	0.0002093802
Methylobacterium currus	2051553	S	2	0	2	0.0002093802
Rhizobium sp. TCK	136098	S	1	1	2	0.0002093802
Rhizobium sp. Kim5	2020311	S	1	1	2	0.0002093802
Rhizobium bangladeshense	1138189	S	2	0	2	0.0002093802
Rhizobium indicum	2583231	S	2	0	2	0.0002093802
Rhizobium rosettiformans	1368430	S	2	0	2	0.0002093802
Rhizobium flavum	1335061	S	2	0	2	0.0002093802
Rhizobium etli	29449	S	2	0	2	0.0002093802
Rhizobium phaseoli	396	S	1	1	2	0.0002093802
Agrobacterium larrymoorei	160699	S	2	0	2	0.0002093802
Agrobacterium fabrum	1176649	S	1	1	2	0.0002093802
Kaistia sp. 32K	2795690	S	2	0	2	0.0002093802
Mesorhizobium sp. INR15	2654248	S	2	0	2	0.0002093802
Mesorhizobium australicum	536018	S	2	0	2	0.0002093802
Mesorhizobium erdmanii	1777866	S	2	0	2	0.0002093802
Phyllobacterium zundukense	1867719	S	2	0	2	0.0002093802
Lentilitoribacter sp. Alg239-R112	2305987	S	2	0	2	0.0002093802
Roseitalea porphyridii	1852022	S	2	0	2	0.0002093802
Devosia sp. S02	2657486	S	2	0	2	0.0002093802
Devosia ginsengisoli	400770	S	2	0	2	0.0002093802
Hyphomicrobium nitrativorans	1427356	S	2	0	2	0.0002093802
Hyphomicrobium sp. MC1	717785	S	2	0	2	0.0002093802
Blastochloris tepida	2233851	S	2	0	2	0.0002093802
Candidatus Filomicrobium marinum	1608628	S	2	0	2	0.0002093802
Ancylobacter sp. TS-1	1850374	S	2	0	2	0.0002093802
Starkeya sp. ORNL1	2709380	S	2	0	2	0.0002093802
Methylocystis rosea	173366	S	2	0	2	0.0002093802
Bartonella schoenbuchensis	165694	S	2	0	2	0.0002093802
Bartonella birtlesii	111504	S	2	0	2	0.0002093802
Bartonella clarridgeiae	56426	S	2	0	2	0.0002093802
Bartonella tribocorum	85701	S	1	1	2	0.0002093802
Martelella sp. AD-3	686597	S	1	1	2	0.0002093802
Stappia indica	538381	S	2	0	2	0.0002093802
Brucella pseudogrignonensis	419475	S	1	1	2	0.0002093802
Chelatococcus daeguensis	444444	S	2	0	2	0.0002093802
Parvibaculum lavamentivorans	256618	S	2	0	2	0.0002093802
Methylocella silvestris	199596	S	2	0	2	0.0002093802
Sphingomonas sp. sand1-3	2764186	S	2	0	2	0.0002093802
Sphingomonas sp. AP4-R1	2735134	S	2	0	2	0.0002093802
Sphingomonas sp. MK52	2711156	S	2	0	2	0.0002093802
Sphingomonas sp. PAMC26645	2565555	S	2	0	2	0.0002093802
Sphingomonas taxi	1549858	S	2	0	2	0.0002093802
Sphingomonas paucimobilis	13689	S	2	0	2	0.0002093802
Sphingopyxis sp. 113P3	292913	S	2	0	2	0.0002093802
Sphingopyxis terrae	33052	S	2	0	2	0.0002093802
Sphingobium sp. SYK-6	627192	S	2	0	2	0.0002093802
Sphingobium sp. YG1	2082188	S	2	0	2	0.0002093802
Sphingobium sp. Cam5-1	2789327	S	2	0	2	0.0002093802
Sphingobium sp. MI1205	407020	S	1	1	2	0.0002093802
Sphingobium sp. TKS	1315974	S	1	1	2	0.0002093802
Sphingobium baderi	1332080	S	1	1	2	0.0002093802
Novosphingobium sp. P6W	1609758	S	2	0	2	0.0002093802
Novosphingobium sp. ES2-1	2780074	S	1	1	2	0.0002093802
Novosphingobium aromaticivorans	48935	S	1	1	2	0.0002093802
Sphingosinithalassobacter sp. zrk23	2711215	S	2	0	2	0.0002093802
Parasphingopyxis algicola	2026624	S	2	0	2	0.0002093802
Novosphingopyxis sp. PB63	2762729	S	2	0	2	0.0002093802
Tardibacter chloracetimidivorans	1921510	S	1	1	2	0.0002093802
Erythrobacter sp. KY5	2011159	S	2	0	2	0.0002093802
Erythrobacter sp. HKB08	2502843	S	2	0	2	0.0002093802
Porphyrobacter sp. CACIAM 03H1	2003315	S	2	0	2	0.0002093802
Porphyrobacter sp. HT-58-2	2023229	S	2	0	2	0.0002093802
Tsuneonella dongtanensis	692370	S	2	0	2	0.0002093802
Tsuneonella mangrovi	1982042	S	2	0	2	0.0002093802
Tsuneonella amylolytica	2338327	S	2	0	2	0.0002093802
Aurantiacibacter atlanticus	1648404	S	2	0	2	0.0002093802
Sandaracinobacter sp. M6	2759707	S	2	0	2	0.0002093802
Paracoccus sp. AK26	2589076	S	2	0	2	0.0002093802
Paracoccus sanguinis	1545044	S	2	0	2	0.0002093802
Paracoccus contaminans	1945662	S	2	0	2	0.0002093802
Rhodobacter sp. LPB0142	1850250	S	2	0	2	0.0002093802
Roseovarius sp. THAF27	2587850	S	1	1	2	0.0002093802
Sulfitobacter sp. THAF37	2587855	S	1	1	2	0.0002093802
Salipiger pacificus	311180	S	2	0	2	0.0002093802
Rhodovulum sp. P5	1564506	S	2	0	2	0.0002093802
Yoonia vestfoldensis	245188	S	2	0	2	0.0002093802
Haematobacter massiliensis	195105	S	2	0	2	0.0002093802
Pelagibaca abyssi	1250539	S	2	0	2	0.0002093802
Thalassobius gelatinovorus	53501	S	2	0	2	0.0002093802
Pseudopuniceibacterium antarcticum	2613965	S	2	0	2	0.0002093802
Pseudorhodobacter turbinis	2500533	S	2	0	2	0.0002093802
Roseobacter ponti	1891787	S	2	0	2	0.0002093802
Pelagovum pacificum	2588711	S	2	0	2	0.0002093802
Jannaschia sp. CCS1	290400	S	2	0	2	0.0002093802
Paraoceanicella profunda	2579971	S	2	0	2	0.0002093802
Brevundimonas sp. M20	2591463	S	2	0	2	0.0002093802
Brevundimonas sp. LVF2	2774190	S	2	0	2	0.0002093802
Brevundimonas sp. Bb-A	2560058	S	1	1	2	0.0002093802
Brevundimonas naejangsanensis	588932	S	2	0	2	0.0002093802
Phenylobacterium zucineum	284016	S	2	0	2	0.0002093802
Azospirillum humicireducens	1226968	S	2	0	2	0.0002093802
Magnetospirillum gryphiswaldense	55518	S	2	0	2	0.0002093802
Magnetospirillum magneticum	84159	S	2	0	2	0.0002093802
Thalassospira indica	1891279	S	2	0	2	0.0002093802
Indioceanicola profundi	2220096	S	2	0	2	0.0002093802
Acetobacter pasteurianus	438	S	2	0	2	0.0002093802
Komagataeibacter hansenii	436	S	2	0	2	0.0002093802
Roseomonas mucosa	207340	S	1	1	2	0.0002093802
Lichenicola cladoniae	1484109	S	2	0	2	0.0002093802
Neorickettsia sennetsu	951	S	2	0	2	0.0002093802
Rickettsia sp. Tillamook 23	2761623	S	1	1	2	0.0002093802
Hyphomonas sp. Mor2	1906738	S	2	0	2	0.0002093802
Candidatus Pelagibacter sp. FZCC0015	2268451	S	2	0	2	0.0002093802
Phreatobacter cathodiphilus	1868589	S	2	0	2	0.0002093802
Magnetococcus marinus	1124597	S	2	0	2	0.0002093802
Paremcibacter congregatus	2043170	S	2	0	2	0.0002093802
Sandaracinus amylolyticus	927083	S	2	0	2	0.0002093802
Stigmatella aurantiaca	41	S	2	0	2	0.0002093802
Anaeromyxobacter dehalogenans	161493	S	2	0	2	0.0002093802
Vulgatibacter incomptus	1391653	S	2	0	2	0.0002093802
Desulfococcus multivorans	897	S	2	0	2	0.0002093802
Desulfocapsa sulfexigens	65555	S	2	0	2	0.0002093802
Aliarcobacter butzleri	28197	S	2	0	2	0.0002093802
Aliarcobacter cryaerophilus	28198	S	2	0	2	0.0002093802
Aliarcobacter thereius	544718	S	2	0	2	0.0002093802
Aliarcobacter lanthieri	1355374	S	2	0	2	0.0002093802
Arcobacter anaerophilus	877500	S	2	0	2	0.0002093802
Arcobacter suis	1278212	S	2	0	2	0.0002093802
Poseidonibacter lekithochrous	1904463	S	2	0	2	0.0002093802
Pseudoarcobacter acticola	1849015	S	2	0	2	0.0002093802
Campylobacter sp. RM6914	1032243	S	2	0	2	0.0002093802
Campylobacter sputorum	206	S	2	0	2	0.0002093802
Campylobacter concisus	199	S	2	0	2	0.0002093802
Sulfurospirillum sp. UCH001	1581011	S	1	1	2	0.0002093802
Sulfuricurvum kujiense	148813	S	2	0	2	0.0002093802
Helicobacter hepaticus	32025	S	2	0	2	0.0002093802
Nitratiruptor sp. YY09-18	2724901	S	1	1	2	0.0002093802
Halobacteriovorax marinus	97084	S	2	0	2	0.0002093802
Silvanigrella aquatica	1915309	S	2	0	2	0.0002093802
Acidithiobacillus thiooxidans	930	S	2	0	2	0.0002093802
Microbacterium sp. A18JL200	2782167	S	2	0	2	0.0002093802
Microbacterium sp. 4R-513	2567934	S	2	0	2	0.0002093802
Microbacterium sp. RG1	2489212	S	2	0	2	0.0002093802
Microbacterium sp. 10M-3C3	2483401	S	2	0	2	0.0002093802
Microbacterium testaceum	2033	S	2	0	2	0.0002093802
Chryseoglobus indicus	2750620	S	2	0	2	0.0002093802
Rathayibacter rathayi	33887	S	2	0	2	0.0002093802
Cryobacterium arcticum	670052	S	2	0	2	0.0002093802
Cryobacterium sp. LW097	1978566	S	2	0	2	0.0002093802
Protaetiibacter intestinalis	2419774	S	2	0	2	0.0002093802
Clavibacter michiganensis	28447	S	2	0	2	0.0002093802
Marisediminicola antarctica	674079	S	2	0	2	0.0002093802
Arthrobacter sp. YC-RL1	1652545	S	2	0	2	0.0002093802
Kocuria sp. TGY1127_2	2711328	S	2	0	2	0.0002093802
Kocuria sp. KD4	2719588	S	2	0	2	0.0002093802
Rothia mucilaginosa	43675	S	2	0	2	0.0002093802
Paenarthrobacter aurescens	43663	S	1	1	2	0.0002093802
Pseudarthrobacter phenanthrenivorans	361575	S	2	0	2	0.0002093802
Sinomonas atrocyanea	37927	S	2	0	2	0.0002093802
Janibacter melonis	262209	S	2	0	2	0.0002093802
Intrasporangium calvum	53358	S	2	0	2	0.0002093802
Phycicoccus sp. HDW14	2714941	S	2	0	2	0.0002093802
Isoptericola dokdonensis	372663	S	2	0	2	0.0002093802
Serinicoccus hydrothermalis	1758689	S	2	0	2	0.0002093802
Brachybacterium sp. P6-10-X1	1903186	S	2	0	2	0.0002093802
Brachybacterium saurashtrense	556288	S	2	0	2	0.0002093802
Cellulomonas sp. Y8	2591145	S	2	0	2	0.0002093802
Cellulomonas sp. H30R-01	2704467	S	2	0	2	0.0002093802
Brevibacterium linens	1703	S	1	1	2	0.0002093802
Sanguibacter keddieii	60920	S	2	0	2	0.0002093802
Rhodococcus sp. P1Y	1302308	S	2	0	2	0.0002093802
Rhodococcus sp. MTM3W5.2	1805827	S	2	0	2	0.0002093802
Rhodococcus hoagii	43767	S	2	0	2	0.0002093802
Nocardia farcinica	37329	S	2	0	2	0.0002093802
Nocardia cyriacigeorgica	135487	S	2	0	2	0.0002093802
Nocardia arthritidis	228602	S	2	0	2	0.0002093802
Nocardia yunnanensis	2382165	S	2	0	2	0.0002093802
Mycobacterium sp. DL592	2675524	S	2	0	2	0.0002093802
Mycobacterium sp. PYR15	2051552	S	1	1	2	0.0002093802
Mycobacterium mantenii	560555	S	2	0	2	0.0002093802
Mycobacterium lacus	169765	S	2	0	2	0.0002093802
Mycobacterium kansasii	1768	S	2	0	2	0.0002093802
Mycolicibacterium madagascariense	212765	S	2	0	2	0.0002093802
Mycolicibacterium chitae	1792	S	2	0	2	0.0002093802
Mycolicibacterium phocaicum	319706	S	2	0	2	0.0002093802
Mycolicibacterium tokaiense	39695	S	2	0	2	0.0002093802
Mycolicibacterium litorale	758802	S	2	0	2	0.0002093802
Mycolicibacterium sediminis	1286180	S	2	0	2	0.0002093802
Mycolicibacterium anyangense	1431246	S	2	0	2	0.0002093802
Mycobacteroides abscessus	36809	S	2	0	2	0.0002093802
Mycobacteroides immunogenum	83262	S	2	0	2	0.0002093802
Corynebacterium sp. NML98-0116	702967	S	2	0	2	0.0002093802
Corynebacterium sp. zg-917	2763010	S	2	0	2	0.0002093802
Corynebacterium epidermidicanis	1050174	S	2	0	2	0.0002093802
Corynebacterium urealyticum	43771	S	2	0	2	0.0002093802
Corynebacterium glyciniphilum	1404244	S	2	0	2	0.0002093802
Corynebacterium efficiens	152794	S	2	0	2	0.0002093802
Corynebacterium glucuronolyticum	39791	S	2	0	2	0.0002093802
Corynebacterium riegelii	156976	S	2	0	2	0.0002093802
Corynebacterium kefirresidentii	1979527	S	2	0	2	0.0002093802
Corynebacterium atypicum	191610	S	2	0	2	0.0002093802
Gordonia bronchialis	2054	S	2	0	2	0.0002093802
Gordonia terrae	2055	S	2	0	2	0.0002093802
Gordonia iterans	1004901	S	2	0	2	0.0002093802
Cutibacterium granulosum	33011	S	2	0	2	0.0002093802
Tessaracoccus flavescens	399497	S	2	0	2	0.0002093802
Pseudopropionibacterium propionicum	1750	S	2	0	2	0.0002093802
Nocardioides sp. zg-1228	2763008	S	2	0	2	0.0002093802
Nocardioides sp. S5	2017486	S	2	0	2	0.0002093802
Nocardioides sp. MC1495	2736757	S	2	0	2	0.0002093802
Nocardioides sp. dk3136	2575373	S	2	0	2	0.0002093802
Nocardioides humi	449461	S	2	0	2	0.0002093802
Nocardioides euryhalodurans	2518370	S	2	0	2	0.0002093802
Nocardioides cynanchi	2558918	S	2	0	2	0.0002093802
Nocardioides anomalus	2712223	S	2	0	2	0.0002093802
Friedmanniella luteola	546871	S	2	0	2	0.0002093802
Kribbella qitaiheensis	1544730	S	2	0	2	0.0002093802
Streptomyces sp. CCM_MD2014	1561022	S	2	0	2	0.0002093802
Streptomyces sp. CdTB01	1725411	S	2	0	2	0.0002093802
Streptomyces sp. S4.7	2705439	S	2	0	2	0.0002093802
Streptomyces sp. AgN23	1188315	S	2	0	2	0.0002093802
Streptomyces sp. jing01	2726118	S	2	0	2	0.0002093802
Streptomyces sp. SCSIO 3032	1264596	S	2	0	2	0.0002093802
Streptomyces sp. P3	2135430	S	2	0	2	0.0002093802
Streptomyces sp. YIM 121038	2136401	S	2	0	2	0.0002093802
Streptomyces sp. Z022	1442032	S	2	0	2	0.0002093802
Streptomyces sp. M2	646637	S	2	0	2	0.0002093802
Streptomyces sp. 11-1-2	1851167	S	2	0	2	0.0002093802
Streptomyces sp. XC 2026	2782004	S	2	0	2	0.0002093802
Streptomyces sp. TN58	234612	S	2	0	2	0.0002093802
Streptomyces avermitilis	33903	S	2	0	2	0.0002093802
Streptomyces lavendulae	1914	S	2	0	2	0.0002093802
Streptomyces albulus	68570	S	2	0	2	0.0002093802
Streptomyces pactum	68249	S	2	0	2	0.0002093802
Streptomyces olivoreticuli	68246	S	2	0	2	0.0002093802
Streptomyces tsukubensis	83656	S	2	0	2	0.0002093802
Streptomyces rectiverticillatus	173860	S	2	0	2	0.0002093802
Streptomyces niveus	193462	S	2	0	2	0.0002093802
Streptomyces roseochromogenus	285450	S	2	0	2	0.0002093802
Streptomyces lunaelactis	1535768	S	2	0	2	0.0002093802
Streptomyces galilaeus	33899	S	2	0	2	0.0002093802
Streptomyces exfoliatus	1905	S	2	0	2	0.0002093802
Streptomyces griseocarneus	51201	S	2	0	2	0.0002093802
Streptomyces chartreusis	1969	S	2	0	2	0.0002093802
Streptomyces kanamyceticus	1967	S	2	0	2	0.0002093802
Streptomyces pluripotens	1355015	S	2	0	2	0.0002093802
Streptomyces gardneri	66892	S	2	0	2	0.0002093802
Streptomyces violaceoruber	1935	S	1	1	2	0.0002093802
Amycolatopsis sp. YIM 10	2653857	S	2	0	2	0.0002093802
Amycolatopsis orientalis	31958	S	2	0	2	0.0002093802
Amycolatopsis keratiniphila	129921	S	2	0	2	0.0002093802
Saccharopolyspora erythraea	1836	S	2	0	2	0.0002093802
Saccharopolyspora coralli	2665642	S	2	0	2	0.0002093802
Pseudonocardia sp. AL041005-10	445576	S	2	0	2	0.0002093802
Pseudonocardia sp. CGMCC 4.1532	2761535	S	2	0	2	0.0002093802
Saccharomonospora marina	632569	S	2	0	2	0.0002093802
Saccharothrix espanaensis	103731	S	2	0	2	0.0002093802
Micromonospora sp. 28ISP2-46	2749844	S	2	0	2	0.0002093802
Actinoplanes teichomyceticus	1867	S	2	0	2	0.0002093802
Plantactinospora sp. KBS50	2024580	S	1	1	2	0.0002093802
Candidatus Planktophila versatilis	1884905	S	2	0	2	0.0002093802
Actinomyces howellii	52771	S	2	0	2	0.0002093802
Actinomyces weissii	675090	S	2	0	2	0.0002093802
Actinomadura sp. NAK00032	2742128	S	2	0	2	0.0002093802
Nocardiopsis dassonvillei	2014	S	2	0	2	0.0002093802
Bifidobacterium thermophilum	33905	S	2	0	2	0.0002093802
Nakamurella sp. PAMC28650	2762325	S	2	0	2	0.0002093802
Stackebrandtia nassauensis	283811	S	2	0	2	0.0002093802
Olsenella sp. oral taxon 807	712411	S	2	0	2	0.0002093802
Baekduia soli	496014	S	2	0	2	0.0002093802
Bacillus sp. FJAT-18017	1705566	S	2	0	2	0.0002093802
Bacillus sp. X1(2014)	1565991	S	2	0	2	0.0002093802
Bacillus sp. V3	2795526	S	2	0	2	0.0002093802
Bacillus vini	1476025	S	2	0	2	0.0002093802
Lysinibacillus sp. FJAT-51161	2590012	S	2	0	2	0.0002093802
Lysinibacillus fusiformis	28031	S	1	1	2	0.0002093802
Metabacillus sp. cB07	2806989	S	2	0	2	0.0002093802
Anoxybacillus flavithermus	33934	S	2	0	2	0.0002093802
Oceanobacillus iheyensis	182710	S	2	0	2	0.0002093802
Virgibacillus dokdonensis	302167	S	1	1	2	0.0002093802
Peribacillus simplex	1478	S	2	0	2	0.0002093802
Staphylococcus carnosus	1281	S	2	0	2	0.0002093802
Staphylococcus nepalensis	214473	S	2	0	2	0.0002093802
Staphylococcus hominis	1290	S	2	0	2	0.0002093802
Staphylococcus warneri	1292	S	2	0	2	0.0002093802
Paenibacillus sp. FSL R7-0331	1536773	S	2	0	2	0.0002093802
Paenibacillus sp. URB8-2	2741301	S	2	0	2	0.0002093802
Paenibacillus alvei	44250	S	2	0	2	0.0002093802
Paenibacillus ihbetae	1870820	S	2	0	2	0.0002093802
Cohnella candidum	2674991	S	2	0	2	0.0002093802
Thermobacillus composti	377615	S	2	0	2	0.0002093802
Brochothrix thermosphacta	2756	S	2	0	2	0.0002093802
Sporosarcina psychrophila	1476	S	1	1	2	0.0002093802
Planococcus sp. PAMC 21323	1526927	S	1	1	2	0.0002093802
Kyrpidia spormannii	2055160	S	2	0	2	0.0002093802
Kroppenstedtia pulmonis	1380685	S	2	0	2	0.0002093802
Lactobacillus kullabergensis	1218493	S	2	0	2	0.0002093802
Weissella koreensis	165096	S	2	0	2	0.0002093802
Secundilactobacillus malefermentans	176292	S	2	0	2	0.0002093802
Streptococcus dysgalactiae	1334	S	1	1	2	0.0002093802
Streptococcus oralis	1303	S	2	0	2	0.0002093802
Streptococcus mitis	28037	S	2	0	2	0.0002093802
Enterococcus avium	33945	S	2	0	2	0.0002093802
Tetragenococcus halophilus	51669	S	2	0	2	0.0002093802
Melissococcus plutonius	33970	S	2	0	2	0.0002093802
Jeotgalibaca ciconiae	2496265	S	2	0	2	0.0002093802
Clostridium sp. CT4	2320868	S	2	0	2	0.0002093802
Clostridium beijerinckii	1520	S	2	0	2	0.0002093802
Clostridium butyricum	1492	S	2	0	2	0.0002093802
Clostridium gasigenes	94869	S	2	0	2	0.0002093802
Clostridium intestinale	36845	S	2	0	2	0.0002093802
Clostridium saccharoperbutylacetonicum	36745	S	2	0	2	0.0002093802
Caloranaerobacter azorensis	116090	S	2	0	2	0.0002093802
Hathewaya histolytica	1498	S	2	0	2	0.0002093802
Crassaminicella sp. SY095	2599308	S	2	0	2	0.0002093802
Anaerocolumna cellulosilytica	433286	S	2	0	2	0.0002093802
Anaerocolumna sedimenticola	2696063	S	2	0	2	0.0002093802
Enterocloster bolteae	208479	S	2	0	2	0.0002093802
Lachnoclostridium phocaeense	1871021	S	2	0	2	0.0002093802
Anaerotignum propionicum	28446	S	2	0	2	0.0002093802
Paeniclostridium sordellii	1505	S	2	0	2	0.0002093802
Clostridioides difficile	1496	S	2	0	2	0.0002093802
Ethanoligenens harbinense	253239	S	2	0	2	0.0002093802
Oscillibacter valericigenes	351091	S	2	0	2	0.0002093802
Pseudoclostridium thermosuccinogenes	84032	S	2	0	2	0.0002093802
Thermaerobacter sp. PB12/4term	2293838	S	2	0	2	0.0002093802
Thermaerobacter sp. FW80	2546351	S	2	0	2	0.0002093802
[Eubacterium] cellulosolvens	29322	S	2	0	2	0.0002093802
Halanaerobium hydrogeniformans	656519	S	2	0	2	0.0002093802
Pelosinus fermentans	365349	S	2	0	2	0.0002093802
Veillonella parvula	29466	S	2	0	2	0.0002093802
Keratinibaculum paraultunense	1278232	S	2	0	2	0.0002093802
Finegoldia magna	1260	S	2	0	2	0.0002093802
Nostoc sp. 'Peltigera membranacea cyanobiont' N6	1261031	S	2	0	2	0.0002093802
Nostoc sp. 'Lobaria pulmonaria (5183) cyanobiont'	1618022	S	2	0	2	0.0002093802
Nostoc sp. NIES-4103	2005458	S	2	0	2	0.0002093802
Nostoc sp. TCL240-02	2572090	S	2	0	2	0.0002093802
Nostoc sp. TCL26-01	2576904	S	2	0	2	0.0002093802
Nostoc sp. C057	2576903	S	1	1	2	0.0002093802
Nostoc piscinale	224012	S	2	0	2	0.0002093802
Nostoc edaphicum	264686	S	2	0	2	0.0002093802
Calothrix sp. PCC 7507	99598	S	2	0	2	0.0002093802
Calothrix parietina	32054	S	2	0	2	0.0002093802
Oscillatoria acuminata	118323	S	2	0	2	0.0002093802
Planktothrix rubescens	59512	S	2	0	2	0.0002093802
Trichodesmium erythraeum	1206	S	2	0	2	0.0002093802
Microcoleus sp. PCC 7113	1173027	S	2	0	2	0.0002093802
[Phormidium] sp. ETS-05	222819	S	2	0	2	0.0002093802
Microcystis aeruginosa	1126	S	2	0	2	0.0002093802
Halothece sp. PCC 7418	65093	S	2	0	2	0.0002093802
Chondrocystis sp. NIES-4102	2005460	S	2	0	2	0.0002093802
Synechococcus sp. ROS8604	1442557	S	1	1	2	0.0002093802
Synechococcus sp. PCC 7003	374981	S	1	1	2	0.0002093802
Dactylococcopsis salina	292566	S	2	0	2	0.0002093802
Pseudanabaena sp. PCC 7367	82654	S	2	0	2	0.0002093802
Gloeobacter violaceus	33072	S	2	0	2	0.0002093802
Gloeobacter kilaueensis	1416614	S	2	0	2	0.0002093802
Stanieria cyanosphaera	102116	S	1	1	2	0.0002093802
Mycoplasma hominis	2098	S	2	0	2	0.0002093802
Mycoplasma yeatsii	51365	S	2	0	2	0.0002093802
Mycoplasma glycophilum	171285	S	2	0	2	0.0002093802
Mycoplasma citelli	171281	S	2	0	2	0.0002093802
Spiroplasma helicoides	216938	S	2	0	2	0.0002093802
Spiroplasma diminutum	216936	S	2	0	2	0.0002093802
Spiroplasma gladiatoris	2143	S	2	0	2	0.0002093802
Thermus caldilimi	2483360	S	2	0	2	0.0002093802
Marinithermus hydrothermalis	186192	S	2	0	2	0.0002093802
Oceanithermus profundus	187137	S	2	0	2	0.0002093802
Tepidiforma bonchosmolovskayae	2601677	S	2	0	2	0.0002093802
Flavobacterium sp. LPB0248	2614441	S	2	0	2	0.0002093802
Flavobacterium sp. SLB02	2665645	S	2	0	2	0.0002093802
Flavobacterium sp. CJ74	2294119	S	2	0	2	0.0002093802
Flavobacterium sp. Sr18	935222	S	2	0	2	0.0002093802
Flavobacterium sp. I3-2	2748319	S	1	1	2	0.0002093802
Flavobacterium arcticum	1784713	S	2	0	2	0.0002093802
Flavobacterium magnum	2162713	S	2	0	2	0.0002093802
Polaribacter sp. L3A8	2686361	S	2	0	2	0.0002093802
Polaribacter sp. SM13	2818493	S	2	0	2	0.0002093802
Tenacibaculum sp. SZ-18	754423	S	2	0	2	0.0002093802
Tenacibaculum sp. DSM 106434	2358479	S	2	0	2	0.0002093802
Tenacibaculum jejuense	584609	S	2	0	2	0.0002093802
Capnocytophaga sputigena	1019	S	2	0	2	0.0002093802
Myroides fluvii	2572594	S	2	0	2	0.0002093802
Winogradskyella sp. PG-2	754409	S	2	0	2	0.0002093802
Winogradskyella helgolandensis	2697010	S	2	0	2	0.0002093802
Lacinutrix venerupis	1486034	S	2	0	2	0.0002093802
Algibacter sp. L3A6	2686366	S	2	0	2	0.0002093802
Algibacter alginicilyticus	1736674	S	2	0	2	0.0002093802
Maribacter sp. HTCC2170	313603	S	1	1	2	0.0002093802
Gramella sp. MAR_2010_147	1250205	S	2	0	2	0.0002093802
Salegentibacter salegens	143223	S	2	0	2	0.0002093802
Formosa sp. Hel1_33_131	1336794	S	2	0	2	0.0002093802
Aequorivita sp. KX20305	2803865	S	2	0	2	0.0002093802
Leeuwenhoekiella sp. ZYFB001	2719912	S	2	0	2	0.0002093802
Psychroflexus torquis	57029	S	2	0	2	0.0002093802
Flagellimonas maritima	1383885	S	2	0	2	0.0002093802
Psychroserpens sp. NJDZ02	2570561	S	1	1	2	0.0002093802
Olleya sp. Bg11-27	2058135	S	1	1	2	0.0002093802
Chryseobacterium sp. JV274	1932669	S	2	0	2	0.0002093802
Chryseobacterium sp. NBC 122	2547600	S	2	0	2	0.0002093802
Chryseobacterium indoltheticum	254	S	2	0	2	0.0002093802
Chryseobacterium joostei	112234	S	2	0	2	0.0002093802
Chryseobacterium bernardetii	1241978	S	1	1	2	0.0002093802
Chryseobacterium nakagawai	1241982	S	1	1	2	0.0002093802
Chryseobacterium gleum	250	S	1	1	2	0.0002093802
Kaistella antarctica	266748	S	2	0	2	0.0002093802
Epilithonimonas vandammei	2487072	S	1	1	2	0.0002093802
Chryseobacterium taklimakanense	536441	S	2	0	2	0.0002093802
Apibacter raozihei	2500547	S	2	0	2	0.0002093802
Apibacter sp. B2966	2656761	S	1	1	2	0.0002093802
Spirosoma sp. PL0136	2710596	S	2	0	2	0.0002093802
Spirosoma taeanense	2735870	S	2	0	2	0.0002093802
Leadbetterella byssophila	316068	S	2	0	2	0.0002093802
Rhodocytophaga rosea	2704465	S	2	0	2	0.0002093802
Arcticibacterium luteifluviistationis	1784714	S	2	0	2	0.0002093802
Hymenobacter sp. APR13	1356852	S	2	0	2	0.0002093802
Hymenobacter sp. DG25B	1385664	S	2	0	2	0.0002093802
Hymenobacter sp. BRD67	2675877	S	2	0	2	0.0002093802
Hymenobacter sp. BRD128	2675878	S	2	0	2	0.0002093802
Hymenobacter oligotrophus	2319843	S	2	0	2	0.0002093802
Hymenobacter busanensis	2607656	S	2	0	2	0.0002093802
Adhaeribacter swui	2086471	S	2	0	2	0.0002093802
Adhaeribacter radiodurans	2745197	S	2	0	2	0.0002093802
Pontibacter russatus	2694929	S	2	0	2	0.0002093802
Cyclobacterium marinum	104	S	1	1	2	0.0002093802
Cyclobacterium amurskyense	320787	S	1	1	2	0.0002093802
Belliella baltica	232259	S	2	0	2	0.0002093802
Aquiflexum balticum	280473	S	2	0	2	0.0002093802
Flammeovirga pectinis	2494373	S	2	0	2	0.0002093802
Candidatus Amoebophilus asiaticus	281120	S	2	0	2	0.0002093802
Sphingobacterium sp. ML3W	1538644	S	2	0	2	0.0002093802
Sphingobacterium sp. 21	743722	S	1	1	2	0.0002093802
Sphingobacterium hotanense	649196	S	2	0	2	0.0002093802
Mucilaginibacter ginsenosidivorax	862126	S	2	0	2	0.0002093802
Mucilaginibacter xinganensis	1234841	S	2	0	2	0.0002093802
Mucilaginibacter rubeus	2027860	S	1	1	2	0.0002093802
Bacteroides caecimuris	1796613	S	2	0	2	0.0002093802
Prevotella melaninogenica	28132	S	2	0	2	0.0002093802
Phocaeicola dorei	357276	S	2	0	2	0.0002093802
Alistipes megaguti	2364787	S	2	0	2	0.0002093802
Salinivirga cyanobacteriivorans	1307839	S	2	0	2	0.0002093802
Labilibaculum antarcticum	1717717	S	2	0	2	0.0002093802
Chitinophaga sp. 1303	2725414	S	1	1	2	0.0002093802
Flavisolibacter ginsenosidimutans	661481	S	2	0	2	0.0002093802
Niastella koreensis	354356	S	2	0	2	0.0002093802
Niabella soli	446683	S	2	0	2	0.0002093802
Saprospira grandis	1008	S	2	0	2	0.0002093802
Gemmatimonas aurantiaca	173480	S	2	0	2	0.0002093802
Rosistilla carotiformis	2528017	S	2	0	2	0.0002093802
Stieleria maiorica	2795974	S	2	0	2	0.0002093802
Anatilimnocola aggregata	2528021	S	2	0	2	0.0002093802
Botrimarina mediterranea	2528022	S	2	0	2	0.0002093802
Pirellulimonas nuda	2528009	S	2	0	2	0.0002093802
Gimesia maris	122	S	2	0	2	0.0002093802
Rubinisphaera brasiliensis	119	S	2	0	2	0.0002093802
Fuerstia marisgermanicae	1891926	S	2	0	2	0.0002093802
Alienimonas californiensis	2527989	S	2	0	2	0.0002093802
Maioricimonas rarisocia	2528026	S	2	0	2	0.0002093802
Isosphaera pallida	128	S	2	0	2	0.0002093802
Singulisphaera acidiphila	466153	S	2	0	2	0.0002093802
Opitutus terrae	107709	S	2	0	2	0.0002093802
Lacunisphaera limnophila	1838286	S	2	0	2	0.0002093802
Verrucomicrobium sp. GAS474	1882831	S	2	0	2	0.0002093802
Roseimicrobium sp. ORNL1	2711231	S	2	0	2	0.0002093802
Methylacidimicrobium sp. AP8	2730359	S	2	0	2	0.0002093802
Chlamydia suis	83559	S	2	0	2	0.0002093802
Kiritimatiella glycovorans	1307763	S	2	0	2	0.0002093802
Treponema azotonutricium	150829	S	2	0	2	0.0002093802
Turneriella parva	29510	S	2	0	2	0.0002093802
Fusobacterium hwasookii	1583098	S	2	0	2	0.0002093802
Granulicella tundricola	940615	S	2	0	2	0.0002093802
Granulicella sp. WH15	2602070	S	2	0	2	0.0002093802
Chloracidobacterium thermophilum	458033	S	2	0	2	0.0002093802
Defluviitoga tunisiensis	1006576	S	2	0	2	0.0002093802
Candidatus Nanosynbacter lyticus	2093824	S	1	1	2	0.0002093802
Haloplanus rallus	1816183	S	2	0	2	0.0002093802
Natrialba magadii	13769	S	2	0	2	0.0002093802
Thermococcus sibiricus	172049	S	2	0	2	0.0002093802
Thermococcus guaymasensis	110164	S	2	0	2	0.0002093802
Sulfolobus islandicus	43080	S	2	0	2	0.0002093802
Ferroplasma acidarmanus	97393	S	1	1	2	0.0002093802
Flavobacterium phage vB_FspS_hattifnatt9-1	2686246	S	2	0	2	0.0002093802
Rhodococcus phage Whack	2591132	S	2	0	2	0.0002093802
Pseudomonas virus PAE1	1981048	S	1	1	2	0.0002093802
Cellulophaga phage phi18:3	1327983	S	1	1	2	0.0002093802
Rhodoferax phage P26218	1636270	S	2	0	2	0.0002093802
Synechococcus virus SSKS1	2734116	S	2	0	2	0.0002093802
Ralstonia virus RSJ5	2733595	S	2	0	2	0.0002093802
Yellowstone lake phycodnavirus 1	1586713	S	2	0	2	0.0002093802
Yellowstone lake phycodnavirus 2	1586714	S	2	0	2	0.0002093802
Yellowstone lake phycodnavirus 3	1586715	S	2	0	2	0.0002093802
Megavirus chiliensis	1094892	S	1	1	2	0.0002093802
Hydrogenophaga crassostreae	1763535	S	1	0	1	0.0001046901
Comamonas thiooxydans	363952	S	1	0	1	0.0001046901
Polaromonas sp. W9N	1840323	S	1	0	1	0.0001046901
Simplicispira suum	2109915	S	1	0	1	0.0001046901
Candidatus Symbiobacter mobilis	1436290	S	1	0	1	0.0001046901
Burkholderia cepacia	292	S	1	0	1	0.0001046901
Burkholderia ubonensis	101571	S	1	0	1	0.0001046901
Burkholderia pseudomultivorans	1207504	S	1	0	1	0.0001046901
Burkholderia latens	488446	S	1	0	1	0.0001046901
Burkholderia metallica	488729	S	1	0	1	0.0001046901
Burkholderia sp. THE68	758782	S	1	0	1	0.0001046901
Burkholderia sp. BDU8	1385592	S	1	0	1	0.0001046901
Burkholderia sp. MSMB0852	1637841	S	1	0	1	0.0001046901
Burkholderia gladioli	28095	S	1	0	1	0.0001046901
Cupriavidus nantongensis	1796606	S	1	0	1	0.0001046901
Polynucleobacter paneuropaeus	2527775	S	1	0	1	0.0001046901
Paraburkholderia sp. Msb3	2604047	S	1	0	1	0.0001046901
Paraburkholderia sp. PGU16	2735433	S	1	0	1	0.0001046901
Paraburkholderia sp. PGU19	2735434	S	1	0	1	0.0001046901
Paraburkholderia acidisoli	2571748	S	1	0	1	0.0001046901
Paraburkholderia hospita	169430	S	1	0	1	0.0001046901
Paraburkholderia megapolitana	420953	S	1	0	1	0.0001046901
Paraburkholderia ginsengisoli	311231	S	1	0	1	0.0001046901
Pandoraea faecigallinarum	656179	S	1	0	1	0.0001046901
Mycoavidus cysteinexigens	1553431	S	1	0	1	0.0001046901
Mycoavidus sp. B2-EB	2651972	S	1	0	1	0.0001046901
Lautropia mirabilis	47671	S	1	0	1	0.0001046901
Mycetohabitans rhizoxinica	412963	S	1	0	1	0.0001046901
Janthinobacterium sp. B9-8	1236179	S	1	0	1	0.0001046901
Janthinobacterium sp. 17J80-10	2497863	S	1	0	1	0.0001046901
Massilia sp. LPB0304	2769491	S	1	0	1	0.0001046901
Massilia albidiflava	321983	S	1	0	1	0.0001046901
Massilia flava	871742	S	1	0	1	0.0001046901
Collimonas pratensis	279113	S	1	0	1	0.0001046901
Duganella sp. AF9R3	2728021	S	1	0	1	0.0001046901
Herminiimonas arsenitoxidans	1809410	S	1	0	1	0.0001046901
Thiomonas sp. X19	1050370	S	1	0	1	0.0001046901
Bordetella avium	521	S	1	0	1	0.0001046901
Bordetella genomosp. 13	463040	S	1	0	1	0.0001046901
Bordetella genomosp. 9	1416803	S	1	0	1	0.0001046901
Alcaligenes sp. SORT26	2813780	S	1	0	1	0.0001046901
Pigmentiphaga aceris	1940612	S	1	0	1	0.0001046901
Kerstersia gyiorum	206506	S	1	0	1	0.0001046901
Pusillimonas sp. DMV24BSW_D	2716226	S	1	0	1	0.0001046901
Orrella dioscoreae	1851544	S	1	0	1	0.0001046901
Chromobacterium violaceum	536	S	1	0	1	0.0001046901
Chromobacterium phragmitis	2202141	S	1	0	1	0.0001046901
Chromobacterium sp. ATCC 53434	2059672	S	1	0	1	0.0001046901
Iodobacter fluviatilis	537	S	1	0	1	0.0001046901
Jeongeupia sp. USM3	1906741	S	1	0	1	0.0001046901
Microvirgula aerodenitrificans	57480	S	1	0	1	0.0001046901
Chitinibacter sp. 2T18	2739434	S	1	0	1	0.0001046901
Aquitalea magnusonii	332411	S	1	0	1	0.0001046901
Neisseria subflava	28449	S	1	0	1	0.0001046901
Neisseria brasiliensis	2666100	S	1	0	1	0.0001046901
Neisseria sp. oral taxon 014	641148	S	1	0	1	0.0001046901
Neisseria animaloris	326522	S	1	0	1	0.0001046901
Simonsiella muelleri	72	S	1	0	1	0.0001046901
Eikenella corrodens	539	S	1	0	1	0.0001046901
Kingella oralis	505	S	1	0	1	0.0001046901
Chitinolyticbacter meiyuanensis	682798	S	1	0	1	0.0001046901
Azoarcus sp. DD4	2027405	S	1	0	1	0.0001046901
Azoarcus pumilus	2067960	S	1	0	1	0.0001046901
Thauera aromatica	59405	S	1	0	1	0.0001046901
Thauera chlorobenzoica	96773	S	1	0	1	0.0001046901
Thauera hydrothermalis	2184083	S	1	0	1	0.0001046901
Azospira restricta	404405	S	1	0	1	0.0001046901
Aromatoleum aromaticum	551760	S	1	0	1	0.0001046901
Rugosibacter aromaticivorans	1565605	S	1	0	1	0.0001046901
Dechloromonas sp. HYN0024	2231055	S	1	0	1	0.0001046901
Dechloromonas sp. TW-R-39-2	2654218	S	1	0	1	0.0001046901
Sterolibacterium denitrificans	157592	S	1	0	1	0.0001046901
Sulfuritalea hydrogenivorans	748811	S	1	0	1	0.0001046901
Nitrosomonas europaea	915	S	1	0	1	0.0001046901
Nitrosomonas communis	44574	S	1	0	1	0.0001046901
Nitrosomonas stercoris	1444684	S	1	0	1	0.0001046901
Nitrosomonas sp. Is79A3	261292	S	1	0	1	0.0001046901
Nitrosospira lacus	1288494	S	1	0	1	0.0001046901
Methylophilus sp. TWE2	1662285	S	1	0	1	0.0001046901
Methylotenera mobilis	359408	S	1	0	1	0.0001046901
Sideroxydans lithotrophicus	63745	S	1	0	1	0.0001046901
Sulfuriferula sp. AH1	1985873	S	1	0	1	0.0001046901
Candidatus Accumulibacter phosphatis	327160	S	1	0	1	0.0001046901
Pseudomonas sp. CC6-YY-74	1930532	S	1	0	1	0.0001046901
Pseudomonas sp. Tri1	2823875	S	1	0	1	0.0001046901
Pseudomonas sp. R76	1573711	S	1	0	1	0.0001046901
Pseudomonas sp. S49	1573720	S	1	0	1	0.0001046901
Pseudomonas sp. MRSN12121	1611770	S	1	0	1	0.0001046901
Pseudomonas sp. Leaf58	1736226	S	1	0	1	0.0001046901
Pseudomonas sp. ABC1	2748080	S	1	0	1	0.0001046901
Pseudomonas sp. Z003-0.4C(8344-21)	1855380	S	1	0	1	0.0001046901
Pseudomonas sp. TCU-HL1	1856685	S	1	0	1	0.0001046901
Pseudomonas sp. NIBRBAC000502773	2590776	S	1	0	1	0.0001046901
Pseudomonas sp. BIGb0427	2724470	S	1	0	1	0.0001046901
Pseudomonas sp. SWI44	2083053	S	1	0	1	0.0001046901
Pseudomonas sp. K2W31S-8	2320867	S	1	0	1	0.0001046901
Pseudomonas sp. LPB0260	2614442	S	1	0	1	0.0001046901
Pseudomonas sp. LTJR-52	2479392	S	1	0	1	0.0001046901
Pseudomonas sp. J380	2605424	S	1	0	1	0.0001046901
Pseudomonas sp. SNU WT1	2518644	S	1	0	1	0.0001046901
Pseudomonas sp. R4-39-08	1173288	S	1	0	1	0.0001046901
Pseudomonas sp. StFLB209	1028989	S	1	0	1	0.0001046901
Pseudomonas sp. ATCC 43928	676210	S	1	0	1	0.0001046901
Pseudomonas tolaasii	29442	S	1	0	1	0.0001046901
Pseudomonas poae	200451	S	1	0	1	0.0001046901
Pseudomonas rhodesiae	76760	S	1	0	1	0.0001046901
Pseudomonas synxantha	47883	S	1	0	1	0.0001046901
Pseudomonas plecoglossicida	70775	S	1	0	1	0.0001046901
Pseudomonas monteilii	76759	S	1	0	1	0.0001046901
Pseudomonas balearica	74829	S	1	0	1	0.0001046901
Pseudomonas cichorii	36746	S	1	0	1	0.0001046901
Pseudomonas asturiensis	1190415	S	1	0	1	0.0001046901
Pseudomonas xinjiangensis	487184	S	1	0	1	0.0001046901
Pseudomonas pelagia	553151	S	1	0	1	0.0001046901
Pseudomonas simiae	321846	S	1	0	1	0.0001046901
Pseudomonas brassicacearum	930166	S	1	0	1	0.0001046901
Pseudomonas rhizosphaerae	216142	S	1	0	1	0.0001046901
Pseudomonas versuta	1788301	S	1	0	1	0.0001046901
Pseudomonas silesiensis	1853130	S	1	0	1	0.0001046901
Pseudomonas eucalypticola	2599595	S	1	0	1	0.0001046901
Pseudomonas alkylphenolica	237609	S	1	0	1	0.0001046901
Entomomonas moraniae	2213226	S	1	0	1	0.0001046901
Acinetobacter sp. SWBY1	2079596	S	1	0	1	0.0001046901
Acinetobacter sp. 10FS3-1	2563897	S	1	0	1	0.0001046901
Acinetobacter sp. ACNIH2	1758189	S	1	0	1	0.0001046901
Acinetobacter sp. TTH0-4	1646498	S	1	0	1	0.0001046901
Acinetobacter lwoffii	28090	S	1	0	1	0.0001046901
Acinetobacter ursingii	108980	S	1	0	1	0.0001046901
Acinetobacter baylyi	202950	S	1	0	1	0.0001046901
Acinetobacter piscicola	2006115	S	1	0	1	0.0001046901
Acinetobacter wuhouensis	1879050	S	1	0	1	0.0001046901
Moraxella bovis	476	S	1	0	1	0.0001046901
Moraxella nonliquefaciens	478	S	1	0	1	0.0001046901
Psychrobacter sp. P11G5	1699624	S	1	0	1	0.0001046901
Psychrobacter sp. P11F6	1699621	S	1	0	1	0.0001046901
Psychrobacter cryohalolentis	330922	S	1	0	1	0.0001046901
Klebsiella aerogenes	548	S	1	0	1	0.0001046901
Klebsiella oxytoca	571	S	1	0	1	0.0001046901
Klebsiella quasipneumoniae	1463165	S	1	0	1	0.0001046901
Citrobacter youngae	133448	S	1	0	1	0.0001046901
Citrobacter sp. R56	1573676	S	1	0	1	0.0001046901
Citrobacter pasteurii	1563222	S	1	0	1	0.0001046901
Enterobacter cancerogenus	69218	S	1	0	1	0.0001046901
Enterobacter roggenkampii	1812935	S	1	0	1	0.0001046901
Enterobacter sp. 638	399742	S	1	0	1	0.0001046901
Enterobacter sp. E76	2596949	S	1	0	1	0.0001046901
Escherichia albertii	208962	S	1	0	1	0.0001046901
Cronobacter sakazakii	28141	S	1	0	1	0.0001046901
Cronobacter dublinensis	413497	S	1	0	1	0.0001046901
Cronobacter condimenti	1163710	S	1	0	1	0.0001046901
Enterobacteriaceae endosymbiont of Donacia cinerea	2675774	S	1	0	1	0.0001046901
Enterobacteriaceae endosymbiont of Plateumaris braccata	2675793	S	1	0	1	0.0001046901
Enterobacteriaceae endosymbiont of Donacia provostii	2675781	S	1	0	1	0.0001046901
Enterobacteriaceae endosymbiont of Donacia thalassina	2675786	S	1	0	1	0.0001046901
Blochmannia endosymbiont of Camponotus (Colobopsis) obliquus	1505597	S	1	0	1	0.0001046901
Blochmannia endosymbiont of Camponotus nipponensis	2681986	S	1	0	1	0.0001046901
Candidatus Tachikawaea gelatinosa	1410383	S	1	0	1	0.0001046901
Kluyvera genomosp. 3	2774055	S	1	0	1	0.0001046901
Kosakonia sacchari	1158459	S	1	0	1	0.0001046901
Kosakonia sp. CCTCC M2018092	2492396	S	1	0	1	0.0001046901
Raoultella ornithinolytica	54291	S	1	0	1	0.0001046901
Leclercia adecarboxylata	83655	S	1	0	1	0.0001046901
Scandinavium goeteborgense	1851514	S	1	0	1	0.0001046901
Pantoea dispersa	59814	S	1	0	1	0.0001046901
Pantoea stewartii	66269	S	1	0	1	0.0001046901
Candidatus Pantoea carbekii	1235990	S	1	0	1	0.0001046901
Pantoea agglomerans	549	S	1	0	1	0.0001046901
Pantoea alhagi	1891675	S	1	0	1	0.0001046901
Pantoea sp. At-9b	592316	S	1	0	1	0.0001046901
Erwinia tasmaniensis	338565	S	1	0	1	0.0001046901
Mixta gaviniae	665914	S	1	0	1	0.0001046901
Mixta theicola	1458355	S	1	0	1	0.0001046901
Serratia proteamaculans	28151	S	1	0	1	0.0001046901
Serratia symbiotica	138074	S	1	0	1	0.0001046901
Serratia sp. FDAARGOS_506	2420306	S	1	0	1	0.0001046901
Yersinia ruckeri	29486	S	1	0	1	0.0001046901
Yersinia mollaretii	33060	S	1	0	1	0.0001046901
Yersinia pseudotuberculosis	633	S	1	0	1	0.0001046901
Yersinia canariae	2607663	S	1	0	1	0.0001046901
Chania multitudinisentens	1639108	S	1	0	1	0.0001046901
Candidatus Fukatsuia symbiotica	1878942	S	1	0	1	0.0001046901
Photorhabdus laumondii	2218628	S	1	0	1	0.0001046901
Dickeya chrysanthemi	556	S	1	0	1	0.0001046901
Dickeya dadantii	204038	S	1	0	1	0.0001046901
Dickeya zeae	204042	S	1	0	1	0.0001046901
Pectobacterium punjabense	2108399	S	1	0	1	0.0001046901
Brenneria sp. Ir50	2722756	S	1	0	1	0.0001046901
Lysobacter sp. TY2-98	2290922	S	1	0	1	0.0001046901
Lysobacter sp. H21R4	2781021	S	1	0	1	0.0001046901
Lysobacter sp. H23M41	2781023	S	1	0	1	0.0001046901
Lysobacter sp. H23M47	2781024	S	1	0	1	0.0001046901
Lysobacter antibioticus	84531	S	1	0	1	0.0001046901
Lysobacter capsici	435897	S	1	0	1	0.0001046901
Lysobacter soli	453783	S	1	0	1	0.0001046901
Lysobacter arenosi	2795387	S	1	0	1	0.0001046901
Xanthomonas theicola	56464	S	1	0	1	0.0001046901
Xanthomonas axonopodis	53413	S	1	0	1	0.0001046901
Xanthomonas fragariae	48664	S	1	0	1	0.0001046901
Xanthomonas albilineans	29447	S	1	0	1	0.0001046901
Stenotrophomonas sp. SAU14A_NAIMI4_5	2072413	S	1	0	1	0.0001046901
Stenotrophomonas sp. WZN-1	2005046	S	1	0	1	0.0001046901
Stenotrophomonas sp. 364	2691571	S	1	0	1	0.0001046901
Stenotrophomonas sp. NA06056	2742129	S	1	0	1	0.0001046901
Stenotrophomonas rhizophila	216778	S	1	0	1	0.0001046901
Pseudoxanthomonas spadix	415229	S	1	0	1	0.0001046901
Luteimonas sp. MC1572	2799325	S	1	0	1	0.0001046901
Pseudolysobacter antarcticus	2511995	S	1	0	1	0.0001046901
Rhodanobacter glycinis	582702	S	1	0	1	0.0001046901
Dyella sp. M7H15-1	2501295	S	1	0	1	0.0001046901
Dyella sp. G9	2763498	S	1	0	1	0.0001046901
Dyella caseinilytica	1849581	S	1	0	1	0.0001046901
Luteibacter rhizovicinus	242606	S	1	0	1	0.0001046901
Luteibacter pinisoli	2589080	S	1	0	1	0.0001046901
Frateuria aurantia	81475	S	1	0	1	0.0001046901
Ahniella affigens	2021234	S	1	0	1	0.0001046901
Aerosticca soli	2010829	S	1	0	1	0.0001046901
Pasteurella skyensis	97481	S	1	0	1	0.0001046901
Haemophilus influenzae	727	S	1	0	1	0.0001046901
[Haemophilus] ducreyi	730	S	1	0	1	0.0001046901
Actinobacillus succinogenes	67854	S	1	0	1	0.0001046901
Aggregatibacter sp. 2125159857	2820817	S	1	0	1	0.0001046901
Rodentibacter heylii	1906744	S	1	0	1	0.0001046901
Halomonas sp. YLGW01	2773308	S	1	0	1	0.0001046901
Halomonas sp. SH5A2	2749040	S	1	0	1	0.0001046901
Halomonas sp. GT	1971364	S	1	0	1	0.0001046901
Halomonas sp. THAF12	2587849	S	1	0	1	0.0001046901
Halomonas sp. PGE1	2730360	S	1	0	1	0.0001046901
Halomonas meridiana	29570	S	1	0	1	0.0001046901
Halomonas socia	1081866	S	1	0	1	0.0001046901
Chromohalobacter salexigens	158080	S	1	0	1	0.0001046901
Candidatus Portiera aleyrodidarum	91844	S	1	0	1	0.0001046901
Pistricoccus aurantiacus	1883414	S	1	0	1	0.0001046901
Marinomonas primoryensis	178399	S	1	0	1	0.0001046901
Marinomonas algicola	2773454	S	1	0	1	0.0001046901
Marinobacterium georgiense	48076	S	1	0	1	0.0001046901
Bermanella marisrubri	207949	S	1	0	1	0.0001046901
Bacterioplanes sanyensis	1249553	S	1	0	1	0.0001046901
Alcanivorax xenomutans	1094342	S	1	0	1	0.0001046901
Reinekea forsetii	1336806	S	1	0	1	0.0001046901
Kangiella sediminilitoris	1144748	S	1	0	1	0.0001046901
Endozoicomonas montiporae	1027273	S	1	0	1	0.0001046901
Marinobacter sp. LV10R510-11A	1415568	S	1	0	1	0.0001046901
Marinobacter sp. es.042	1761794	S	1	0	1	0.0001046901
Marinobacter hydrocarbonoclasticus	2743	S	1	0	1	0.0001046901
Marinobacter salarius	1420917	S	1	0	1	0.0001046901
Marinobacter salinus	1874317	S	1	0	1	0.0001046901
Alteromonas pelagimontana	1858656	S	1	0	1	0.0001046901
Salinimonas sediminis	2303538	S	1	0	1	0.0001046901
Glaciecola nitratireducens	300231	S	1	0	1	0.0001046901
Catenovulum sediminis	1740262	S	1	0	1	0.0001046901
Lacimicrobium alkaliphilum	1526571	S	1	0	1	0.0001046901
Shewanella sp. Pdp11	2059264	S	1	0	1	0.0001046901
Shewanella maritima	2520507	S	1	0	1	0.0001046901
Shewanella violacea	60217	S	1	0	1	0.0001046901
Shewanella decolorationis	256839	S	1	0	1	0.0001046901
Shewanella putrefaciens	24	S	1	0	1	0.0001046901
Shewanella pealeana	70864	S	1	0	1	0.0001046901
Shewanella piezotolerans	404011	S	1	0	1	0.0001046901
Pseudoalteromonas piratica	1348114	S	1	0	1	0.0001046901
Pseudoalteromonas shioyasakiensis	1190813	S	1	0	1	0.0001046901
Pseudoalteromonas arctica	394751	S	1	0	1	0.0001046901
Pseudoalteromonas piscicida	43662	S	1	0	1	0.0001046901
Pseudoalteromonas tunicata	314281	S	1	0	1	0.0001046901
Pseudoalteromonas prydzensis	182141	S	1	0	1	0.0001046901
Psychrosphaera aestuarii	1266052	S	1	0	1	0.0001046901
Colwellia sp. PAMC 21821	1816219	S	1	0	1	0.0001046901
Colwellia beringensis	1967665	S	1	0	1	0.0001046901
Litorilituus sediminis	718192	S	1	0	1	0.0001046901
Thalassotalea crassostreae	1763536	S	1	0	1	0.0001046901
Moritella yayanosii	69539	S	1	0	1	0.0001046901
Moritella marina	90736	S	1	0	1	0.0001046901
Idiomarina andamanensis	1940690	S	1	0	1	0.0001046901
Idiomarina sp. OT37-5b	2100422	S	1	0	1	0.0001046901
Psychromonas sp. CNPT3	314282	S	1	0	1	0.0001046901
Vibrio diabolicus	50719	S	1	0	1	0.0001046901
Vibrio sp. Sal10	2777577	S	1	0	1	0.0001046901
Vibrio vulnificus	672	S	1	0	1	0.0001046901
Vibrio spartinae	1918945	S	1	0	1	0.0001046901
Vibrio tubiashii	29498	S	1	0	1	0.0001046901
Vibrio aphrogenes	1891186	S	1	0	1	0.0001046901
Vibrio alfacsensis	1074311	S	1	0	1	0.0001046901
Vibrio rumoiensis	76258	S	1	0	1	0.0001046901
Vibrio mimicus	674	S	1	0	1	0.0001046901
Vibrio cincinnatiensis	675	S	1	0	1	0.0001046901
Vibrio mediterranei	689	S	1	0	1	0.0001046901
Vibrio splendidus	29497	S	1	0	1	0.0001046901
Vibrio metschnikovii	28172	S	1	0	1	0.0001046901
Photobacterium profundum	74109	S	1	0	1	0.0001046901
Aliivibrio salmonicida	40269	S	1	0	1	0.0001046901
Thiocystis violascens	73141	S	1	0	1	0.0001046901
Candidatus Thiodictyon syntrophicum	1166950	S	1	0	1	0.0001046901
Thermochromatium tepidum	1050	S	1	0	1	0.0001046901
Thioflavicoccus mobilis	80679	S	1	0	1	0.0001046901
Candidatus Nitrosacidococcus tergens	553981	S	1	0	1	0.0001046901
Caldichromatium japonicum	2699430	S	1	0	1	0.0001046901
Thioalkalivibrio sulfidiphilus	1033854	S	1	0	1	0.0001046901
Thioalkalivibrio sp. K90mix	396595	S	1	0	1	0.0001046901
Acidihalobacter ferrooxydans	1765967	S	1	0	1	0.0001046901
Acidihalobacter yilgarnenesis	2819280	S	1	0	1	0.0001046901
Halorhodospira halophila	1053	S	1	0	1	0.0001046901
Spiribacter sp. 2438	2666185	S	1	0	1	0.0001046901
Granulosicoccus antarcticus	437505	S	1	0	1	0.0001046901
Sulfuriflexus mobilis	1811807	S	1	0	1	0.0001046901
Wenzhouxiangella marina	1579979	S	1	0	1	0.0001046901
Wenzhouxiangella sp. AB-CW3	2771012	S	1	0	1	0.0001046901
Halothiobacillus neapolitanus	927	S	1	0	1	0.0001046901
Woeseia oceani	1548547	S	1	0	1	0.0001046901
Legionella israelensis	454	S	1	0	1	0.0001046901
Legionella adelaidensis	45056	S	1	0	1	0.0001046901
Coxiella endosymbiont of Amblyomma sculptum	2487929	S	1	0	1	0.0001046901
Aquicella lusitana	254246	S	1	0	1	0.0001046901
Aquicella siphonis	254247	S	1	0	1	0.0001046901
Aeromonas allosaccharophila	656	S	1	0	1	0.0001046901
Aeromonas veronii	654	S	1	0	1	0.0001046901
Aeromonas schubertii	652	S	1	0	1	0.0001046901
Zobellella denitrificans	347534	S	1	0	1	0.0001046901
Dongshaea marina	2047966	S	1	0	1	0.0001046901
Francisella uliginis	573570	S	1	0	1	0.0001046901
Francisella frigiditurris	1542390	S	1	0	1	0.0001046901
Francisella adeliensis	2007306	S	1	0	1	0.0001046901
Francisella sp. FSC1006	1547445	S	1	0	1	0.0001046901
Hydrogenovibrio crunogenus	39765	S	1	0	1	0.0001046901
Thiomicrorhabdus aquaedulcis	2211106	S	1	0	1	0.0001046901
Thiomicrorhabdus indica	2267253	S	1	0	1	0.0001046901
Methylophaga frappieri	754477	S	1	0	1	0.0001046901
Thiosulfativibrio zosterae	2675053	S	1	0	1	0.0001046901
Methylomonas sp. DH-1	1727196	S	1	0	1	0.0001046901
Methylomonas denitrificans	1538553	S	1	0	1	0.0001046901
Methylococcus sp. IM1	2681310	S	1	0	1	0.0001046901
Methylococcus sp. EFPC2	2812648	S	1	0	1	0.0001046901
Methylococcus capsulatus	414	S	1	0	1	0.0001046901
Methylotuvimicrobium alcaliphilum	271065	S	1	0	1	0.0001046901
Methylomicrobium album	39775	S	1	0	1	0.0001046901
Methylocaldum marinum	1432792	S	1	0	1	0.0001046901
Microbulbifer sp. A4B17	359370	S	1	0	1	0.0001046901
Kineobactrum salinum	2708301	S	1	0	1	0.0001046901
Spongiibacter sp. IMCC21906	1620392	S	1	0	1	0.0001046901
Candidatus Thioglobus sp. NP1	2508687	S	1	0	1	0.0001046901
Candidatus Ruthia endofausta	2738852	S	1	0	1	0.0001046901
Thiolapillus brandeum	1076588	S	1	0	1	0.0001046901
Sulfurifustis variabilis	1675686	S	1	0	1	0.0001046901
Sulfuricaulis limicola	1620215	S	1	0	1	0.0001046901
Solimonas sp. K1W22B-7	2303331	S	1	0	1	0.0001046901
Steroidobacter denitrificans	465721	S	1	0	1	0.0001046901
Salinisphaera sp. LB1	2183911	S	1	0	1	0.0001046901
Bradyrhizobium sp. CCBAU 53340	1325112	S	1	0	1	0.0001046901
Bradyrhizobium sp. CCBAU 53351	1325114	S	1	0	1	0.0001046901
Bradyrhizobium sp. SK17	2057741	S	1	0	1	0.0001046901
Bradyrhizobium canariense	255045	S	1	0	1	0.0001046901
Bradyrhizobium guangdongense	1325090	S	1	0	1	0.0001046901
Bradyrhizobium guangzhouense	1325095	S	1	0	1	0.0001046901
Bradyrhizobium vignae	1549949	S	1	0	1	0.0001046901
Bosea sp. RAC05	1842539	S	1	0	1	0.0001046901
Nitrobacter hamburgensis	912	S	1	0	1	0.0001046901
Methylobacterium sp. 4-46	426117	S	1	0	1	0.0001046901
Methylobacterium indicum	1775910	S	1	0	1	0.0001046901
Microvirga sp. VF16	2807101	S	1	0	1	0.0001046901
Rhizobium sp. NZLR1	2731096	S	1	0	1	0.0001046901
Rhizobium sp. BG4	2613770	S	1	0	1	0.0001046901
Rhizobium sp. WL3	2603277	S	1	0	1	0.0001046901
Rhizobium sp. NXC24	2048897	S	1	0	1	0.0001046901
Rhizobium daejeonense	240521	S	1	0	1	0.0001046901
Rhizobium binae	1138190	S	1	0	1	0.0001046901
Agrobacterium tumefaciens	358	S	1	0	1	0.0001046901
Agrobacterium rubi	28099	S	1	0	1	0.0001046901
Sinorhizobium medicae	110321	S	1	0	1	0.0001046901
Sinorhizobium sp. BG8	2613773	S	1	0	1	0.0001046901
Shinella sp. HZN7	879274	S	1	0	1	0.0001046901
Candidatus Liberibacter americanus	309868	S	1	0	1	0.0001046901
Liberibacter crescens	1273132	S	1	0	1	0.0001046901
Mesorhizobium sp. M1A.F.Ca.IN.022.06.1.1	2493680	S	1	0	1	0.0001046901
Mesorhizobium sp. M8A.F.Ca.ET.057.01.1.1	2493679	S	1	0	1	0.0001046901
Mesorhizobium sp. Pch-S	2082387	S	1	0	1	0.0001046901
Mesorhizobium sp. M3A.F.Ca.ET.080.04.2.1	2493676	S	1	0	1	0.0001046901
Mesorhizobium sp. M9A.F.Ca.ET.002.03.1.2	2493668	S	1	0	1	0.0001046901
Mesorhizobium sp. 131-2-1	2744518	S	1	0	1	0.0001046901
Mesorhizobium sp. M4B.F.Ca.ET.058.02.1.1	2493675	S	1	0	1	0.0001046901
Mesorhizobium ciceri	39645	S	1	0	1	0.0001046901
Mesorhizobium amorphae	71433	S	1	0	1	0.0001046901
Mesorhizobium opportunistum	593909	S	1	0	1	0.0001046901
Mesorhizobium oceanicum	1670800	S	1	0	1	0.0001046901
Phyllobacterium sp. 628	2718938	S	1	0	1	0.0001046901
Nitratireductor sp. SY7	2599600	S	1	0	1	0.0001046901
Devosia sp. I507	2083786	S	1	0	1	0.0001046901
Devosia sp. LEGU1	2774137	S	1	0	1	0.0001046901
Blastochloris viridis	1079	S	1	0	1	0.0001046901
Methyloceanibacter caenitepidi	1384459	S	1	0	1	0.0001046901
Methyloligella sp. GL2	2742204	S	1	0	1	0.0001046901
Azorhizobium caulinodans	7	S	1	0	1	0.0001046901
Pseudolabrys taiwanensis	331696	S	1	0	1	0.0001046901
Methylocystis parvus	134	S	1	0	1	0.0001046901
Bartonella sp. HY038	2759660	S	1	0	1	0.0001046901
Bartonella australis	388640	S	1	0	1	0.0001046901
Bartonella quintana	803	S	1	0	1	0.0001046901
Martelella lutilitoris	2583532	S	1	0	1	0.0001046901
Aureimonas populi	1701758	S	1	0	1	0.0001046901
Aureimonas sp. AU20	1349819	S	1	0	1	0.0001046901
Labrenzia sp. VG12	2021862	S	1	0	1	0.0001046901
Labrenzia sp. THAF82	2587861	S	1	0	1	0.0001046901
Pseudovibrio sp. FO-BEG1	911045	S	1	0	1	0.0001046901
[Ochrobactrum] quorumnocens	271865	S	1	0	1	0.0001046901
Pyruvatibacter mobilis	1712261	S	1	0	1	0.0001046901
Cohaesibacter sp. ES.047	1798205	S	1	0	1	0.0001046901
Breoghania sp. L-A4	2304600	S	1	0	1	0.0001046901
Sphingomonas sp. LM7	1938607	S	1	0	1	0.0001046901
Sphingomonas sp. LMO-1	2681549	S	1	0	1	0.0001046901
Sphingomonas sp. C33	2698679	S	1	0	1	0.0001046901
Sphingomonas sanxanigenens	397260	S	1	0	1	0.0001046901
Sphingomonas daechungensis	1176646	S	1	0	1	0.0001046901
Sphingomonas rhizophila	2071607	S	1	0	1	0.0001046901
Sphingomonas xanthus	2594473	S	1	0	1	0.0001046901
Sphingopyxis sp. QXT-31	1357916	S	1	0	1	0.0001046901
Sphingopyxis sp. LPB0140	1913578	S	1	0	1	0.0001046901
Sphingopyxis sp. PAMC25046	2565556	S	1	0	1	0.0001046901
Sphingopyxis alaskensis	117207	S	1	0	1	0.0001046901
Sphingobium sp. SCG-1	2072936	S	1	0	1	0.0001046901
Sphingobium sp. PAMC28499	2565554	S	1	0	1	0.0001046901
Novosphingobium sp. Gsoil 351	2675225	S	1	0	1	0.0001046901
Sphingorhabdus sp. SMR4y	2584094	S	1	0	1	0.0001046901
Blastomonas fulva	1550728	S	1	0	1	0.0001046901
Blastomonas sp. RAC04	1842535	S	1	0	1	0.0001046901
Parasphingorhabdus sp. JHSY0214	2806553	S	1	0	1	0.0001046901
Erythrobacter sp. HL-111	1798193	S	1	0	1	0.0001046901
Erythrobacter sp. 6D36	2782568	S	1	0	1	0.0001046901
Altererythrobacter ishigakiensis	476157	S	1	0	1	0.0001046901
Altererythrobacter atlanticus	1267766	S	1	0	1	0.0001046901
Qipengyuania flava	192812	S	1	0	1	0.0001046901
Qipengyuania seohaensis	266951	S	1	0	1	0.0001046901
Paraurantiacibacter namhicola	645517	S	1	0	1	0.0001046901
Pelagerythrobacter marensis	543877	S	1	0	1	0.0001046901
Sphingosinicella sp. BN140058	1892855	S	1	0	1	0.0001046901
Paracoccus pantotrophus	82367	S	1	0	1	0.0001046901
Paracoccus kondratievae	135740	S	1	0	1	0.0001046901
Rhodobacter capsulatus	1061	S	1	0	1	0.0001046901
Roseovarius sp. THAF9	2587847	S	1	0	1	0.0001046901
Roseovarius faecimaris	2494550	S	1	0	1	0.0001046901
Sulfitobacter sp. SK011	1389004	S	1	0	1	0.0001046901
Sulfitobacter sp. JL08	2070369	S	1	0	1	0.0001046901
Phaeobacter inhibens	221822	S	1	0	1	0.0001046901
Yangia sp. CCB-MM3	1792508	S	1	0	1	0.0001046901
Ruegeria sp. TM1040	292414	S	1	0	1	0.0001046901
Ruegeria sp. AD91A	2293862	S	1	0	1	0.0001046901
Ruegeria pomeroyi	89184	S	1	0	1	0.0001046901
Celeribacter baekdonensis	875171	S	1	0	1	0.0001046901
Celeribacter manganoxidans	1411902	S	1	0	1	0.0001046901
Celeribacter ethanolicus	1758178	S	1	0	1	0.0001046901
Rhodovulum sulfidophilum	35806	S	1	0	1	0.0001046901
Octadecabacter sp. SW4	2602067	S	1	0	1	0.0001046901
Octadecabacter temperatus	1458307	S	1	0	1	0.0001046901
Roseicitreum antarcticum	564137	S	1	0	1	0.0001046901
Pseudooceanicola algae	1537215	S	1	0	1	0.0001046901
Pseudohalocynthiibacter aestuariivivens	1591409	S	1	0	1	0.0001046901
Pontivivens sp. MT2928	2789856	S	1	0	1	0.0001046901
Thioclava electrotropha	1549850	S	1	0	1	0.0001046901
Brevirhabdus pacifica	1267768	S	1	0	1	0.0001046901
Antarctobacter heliothermus	74033	S	1	0	1	0.0001046901
Dinoroseobacter shibae	215813	S	1	0	1	0.0001046901
Polymorphum gilvum	991904	S	1	0	1	0.0001046901
Marinovum algicola	42444	S	1	0	1	0.0001046901
Rhodobaca barguzinensis	441209	S	1	0	1	0.0001046901
Leisingera methylohalidivorans	133924	S	1	0	1	0.0001046901
Brevundimonas sp. GW460-12-10-14-LB2	1827469	S	1	0	1	0.0001046901
Brevundimonas sp. LM2	1938605	S	1	0	1	0.0001046901
Brevundimonas sp. 'scallop'	2562582	S	1	0	1	0.0001046901
Brevundimonas sp. SGAir0440	2579977	S	1	0	1	0.0001046901
Brevundimonas sp. GRTSA-9	2800818	S	1	0	1	0.0001046901
Caulobacter henricii	69395	S	1	0	1	0.0001046901
Caulobacter mirabilis	69666	S	1	0	1	0.0001046901
Caulobacter segnis	88688	S	1	0	1	0.0001046901
Caulobacter rhizosphaerae	2010972	S	1	0	1	0.0001046901
Caulobacter sp. FWC26	69665	S	1	0	1	0.0001046901
Phenylobacterium parvum	2201350	S	1	0	1	0.0001046901
Azospirillum sp. TSH100	652764	S	1	0	1	0.0001046901
Azospirillum ramasamyi	682998	S	1	0	1	0.0001046901
Rhodospirillum centenum	34018	S	1	0	1	0.0001046901
Tistrella mobilis	171437	S	1	0	1	0.0001046901
Magnetospira sp. QH-2	1288970	S	1	0	1	0.0001046901
Haematospirillum jordaniae	1549855	S	1	0	1	0.0001046901
Hypericibacter adhaerens	2602016	S	1	0	1	0.0001046901
Acetobacter sp. KACC 21233	2592655	S	1	0	1	0.0001046901
Komagataeibacter xylinus	28448	S	1	0	1	0.0001046901
Roseomonas sp. 1318	2768161	S	1	0	1	0.0001046901
Roseomonas sp. 546	2768162	S	1	0	1	0.0001046901
Granulibacter bethesdensis	364410	S	1	0	1	0.0001046901
Oecophyllibacter saccharovorans	2558360	S	1	0	1	0.0001046901
Acidibrevibacterium fodinaquatile	1969806	S	1	0	1	0.0001046901
Stella humosa	94	S	1	0	1	0.0001046901
Kozakia baliensis	153496	S	1	0	1	0.0001046901
Gluconacetobacter diazotrophicus	33996	S	1	0	1	0.0001046901
Acidiphilium cryptum	524	S	1	0	1	0.0001046901
Wolbachia endosymbiont of Litomosoides sigmodontis	80850	S	1	0	1	0.0001046901
Wolbachia endosymbiont of Dipetalonema caudispina	1812112	S	1	0	1	0.0001046901
Ehrlichia muris	35795	S	1	0	1	0.0001046901
Rickettsia akari	786	S	1	0	1	0.0001046901
Candidatus Pelagibacter ubique	198252	S	1	0	1	0.0001046901
Candidatus Fonsibacter ubiquis	1925548	S	1	0	1	0.0001046901
Phreatobacter sp. NMCR1094	2570229	S	1	0	1	0.0001046901
Micavibrio aeruginosavorus	349221	S	1	0	1	0.0001046901
Candidatus Nesciobacter abundans	2601668	S	1	0	1	0.0001046901
Candidatus Paracaedibacter acanthamoebae	91604	S	1	0	1	0.0001046901
Cystobacter fuscus	43	S	1	0	1	0.0001046901
Melittangium boletus	83453	S	1	0	1	0.0001046901
Myxococcus xanthus	34	S	1	0	1	0.0001046901
Pyxidicoccus sp. SCPEA002	2813578	S	1	0	1	0.0001046901
Anaeromyxobacter sp. Fw109-5	404589	S	1	0	1	0.0001046901
Geobacter sp. FeAm09	2597769	S	1	0	1	0.0001046901
Geobacter bremensis	60035	S	1	0	1	0.0001046901
Geobacter daltonii	1203471	S	1	0	1	0.0001046901
Desulfococcus oleovorans	181663	S	1	0	1	0.0001046901
Desulfonema magnum	45655	S	1	0	1	0.0001046901
Desulfonema limicola	45656	S	1	0	1	0.0001046901
Desulfobacter postgatei	2293	S	1	0	1	0.0001046901
Desulfobacula toluolica	28223	S	1	0	1	0.0001046901
Desulfatibacillum aliphaticivorans	218208	S	1	0	1	0.0001046901
Desulfobulbus propionicus	894	S	1	0	1	0.0001046901
Desulfurivibrio alkaliphilus	427923	S	1	0	1	0.0001046901
Desulfovibrio gigas	879	S	1	0	1	0.0001046901
Desulfovibrio vulgaris	881	S	1	0	1	0.0001046901
Desulfovibrio magneticus	184917	S	1	0	1	0.0001046901
Desulfovibrio carbinoliphilus	345370	S	1	0	1	0.0001046901
Desulfovibrio sp. 86	2666132	S	1	0	1	0.0001046901
Pseudodesulfovibrio mercurii	641491	S	1	0	1	0.0001046901
Pseudodesulfovibrio indicus	1716143	S	1	0	1	0.0001046901
Desulfarculus baarsii	453230	S	1	0	1	0.0001046901
Candidatus Desulfofervidus auxilii	1621989	S	1	0	1	0.0001046901
Aliarcobacter skirrowii	28200	S	1	0	1	0.0001046901
Aliarcobacter cibarius	255507	S	1	0	1	0.0001046901
Malaciobacter marinus	505249	S	1	0	1	0.0001046901
Malaciobacter mytili	603050	S	1	0	1	0.0001046901
Arcobacter nitrofigilis	28199	S	1	0	1	0.0001046901
Arcobacter defluvii	873191	S	1	0	1	0.0001046901
Arcobacter aquimarinus	1315211	S	1	0	1	0.0001046901
Halarcobacter bivalviorum	663364	S	1	0	1	0.0001046901
Halarcobacter ebronensis	1462615	S	1	0	1	0.0001046901
Campylobacter sp. RM16704	1500960	S	1	0	1	0.0001046901
Campylobacter armoricus	2505970	S	1	0	1	0.0001046901
Campylobacter mucosalis	202	S	1	0	1	0.0001046901
Campylobacter blaseri	2042961	S	1	0	1	0.0001046901
Campylobacter pinnipediorum	1965231	S	1	0	1	0.0001046901
Campylobacter ureolyticus	827	S	1	0	1	0.0001046901
Campylobacter hyointestinalis	198	S	1	0	1	0.0001046901
Campylobacter corcagiensis	1448857	S	1	0	1	0.0001046901
Candidatus Campylobacter infans	2561898	S	1	0	1	0.0001046901
Campylobacter iguaniorum	1244531	S	1	0	1	0.0001046901
Sulfurimonas denitrificans	39766	S	1	0	1	0.0001046901
Sulfurimonas autotrophica	202747	S	1	0	1	0.0001046901
Candidatus Sulfurimonas baltica	2740404	S	1	0	1	0.0001046901
Candidatus Sulfurimonas marisnigri	2740405	S	1	0	1	0.0001046901
Helicobacter apodemus	135569	S	1	0	1	0.0001046901
Sulfurovum indicum	2779528	S	1	0	1	0.0001046901
Bdellovibrio sp. NC01	2220073	S	1	0	1	0.0001046901
Halobacteriovorax sp. BALOs_7	2109558	S	1	0	1	0.0001046901
Microbacterium sp. NY27	2782169	S	1	0	1	0.0001046901
Microbacterium sp. XT11	367477	S	1	0	1	0.0001046901
Microbacterium sp. WY121	2782168	S	1	0	1	0.0001046901
Microbacterium sp. A18JL241	2782166	S	1	0	1	0.0001046901
Microbacterium sp. HY82	2708079	S	1	0	1	0.0001046901
Microbacterium sp. Y-01	2048898	S	1	0	1	0.0001046901
Microbacterium hydrocarbonoxydans	273678	S	1	0	1	0.0001046901
Microbacterium wangchenii	2541726	S	1	0	1	0.0001046901
Curtobacterium sp. MR_MD2014	1561023	S	1	0	1	0.0001046901
Curtobacterium sp. YC1	2795488	S	1	0	1	0.0001046901
Curtobacterium pusillum	69373	S	1	0	1	0.0001046901
Agromyces sp. KACC 19306	2592652	S	1	0	1	0.0001046901
Agromyces badenianii	2080742	S	1	0	1	0.0001046901
Rathayibacter festucae	110937	S	1	0	1	0.0001046901
Salinibacterium hongtaonis	2079791	S	1	0	1	0.0001046901
Agrococcus sp. SGAir0287	2070347	S	1	0	1	0.0001046901
Rhodoluna lacicola	529884	S	1	0	1	0.0001046901
Frigoribacterium sp. NBH87	2596916	S	1	0	1	0.0001046901
Aurantimicrobium sp. MWH-Mo1	1987356	S	1	0	1	0.0001046901
Lysinimonas sp. KACC 19322	2592654	S	1	0	1	0.0001046901
Plantibacter sp. PA-3-X8	2480625	S	1	0	1	0.0001046901
Herbiconiux sp. SALV-R1	2735133	S	1	0	1	0.0001046901
Leifsonia xyli	1575	S	1	0	1	0.0001046901
Frondihabitans sp. PAMC 28766	1795630	S	1	0	1	0.0001046901
Microcella alkaliphila	279828	S	1	0	1	0.0001046901
Arthrobacter sp.	1667	S	1	0	1	0.0001046901
Arthrobacter sp. UKPF54-2	2600159	S	1	0	1	0.0001046901
Arthrobacter sp. PAMC 25486	1494608	S	1	0	1	0.0001046901
Arthrobacter sp. NEB 688	904039	S	1	0	1	0.0001046901
Arthrobacter citreus	1670	S	1	0	1	0.0001046901
Arthrobacter crystallopoietes	37928	S	1	0	1	0.0001046901
Arthrobacter woluwensis	156980	S	1	0	1	0.0001046901
Kocuria rosea	1275	S	1	0	1	0.0001046901
Kocuria palustris	71999	S	1	0	1	0.0001046901
Kocuria turfanensis	388357	S	1	0	1	0.0001046901
Rothia dentocariosa	2047	S	1	0	1	0.0001046901
Rothia amarae	169480	S	1	0	1	0.0001046901
Glutamicibacter protophormiae	37930	S	1	0	1	0.0001046901
Glutamicibacter halophytocola	1933880	S	1	0	1	0.0001046901
Pseudarthrobacter sp. YJ56	2697569	S	1	0	1	0.0001046901
Psychromicrobium lacuslunae	1618207	S	1	0	1	0.0001046901
Janibacter limosus	53458	S	1	0	1	0.0001046901
Janibacter indicus	857417	S	1	0	1	0.0001046901
Tetrasphaera sp. HKS02	1813880	S	1	0	1	0.0001046901
Arsenicicoccus sp. oral taxon 190	1658671	S	1	0	1	0.0001046901
Ornithinimicrobium sp. AMA3305	2283195	S	1	0	1	0.0001046901
Ornithinimicrobium pratense	2593973	S	1	0	1	0.0001046901
Brachybacterium sp. SGAir0954	2571029	S	1	0	1	0.0001046901
Brachybacterium faecium	43669	S	1	0	1	0.0001046901
Brachybacterium ginsengisoli	1331682	S	1	0	1	0.0001046901
Brachybacterium avium	2017485	S	1	0	1	0.0001046901
Cellulomonas sp. PSBB021	2003551	S	1	0	1	0.0001046901
Cellulomonas fimi	1708	S	1	0	1	0.0001046901
Cellulomonas flavigena	1711	S	1	0	1	0.0001046901
Cellulomonas taurus	2729175	S	1	0	1	0.0001046901
Paraoerskovia marina	545619	S	1	0	1	0.0001046901
Brevibacterium casei	33889	S	1	0	1	0.0001046901
Brevibacterium aurantiacum	273384	S	1	0	1	0.0001046901
Brevibacterium oceani	358099	S	1	0	1	0.0001046901
Brevibacterium siliguriense	1136497	S	1	0	1	0.0001046901
Brevibacterium sp. CS2	2575923	S	1	0	1	0.0001046901
Miniimonas sp. S16	2171623	S	1	0	1	0.0001046901
Haloactinobacterium sp. HY164	2675754	S	1	0	1	0.0001046901
Rhodococcus sp. WMMA185	679318	S	1	0	1	0.0001046901
Rhodococcus sp. R79	2811421	S	1	0	1	0.0001046901
Rhodococcus ruber	1830	S	1	0	1	0.0001046901
Nocardia otitidiscaviarum	1823	S	1	0	1	0.0001046901
Nocardia asteroides	1824	S	1	0	1	0.0001046901
Nocardia brasiliensis	37326	S	1	0	1	0.0001046901
Nocardia wallacei	480035	S	1	0	1	0.0001046901
Nocardia mangyaensis	2213200	S	1	0	1	0.0001046901
Mycobacterium sp. EPa45	1545728	S	1	0	1	0.0001046901
Mycobacterium simiae	1784	S	1	0	1	0.0001046901
Mycobacterium kubicae	120959	S	1	0	1	0.0001046901
Mycobacterium colombiense	339268	S	1	0	1	0.0001046901
Mycobacterium riyadhense	486698	S	1	0	1	0.0001046901
Mycobacterium dioxanotrophicus	482462	S	1	0	1	0.0001046901
Mycobacterium noviomagense	459858	S	1	0	1	0.0001046901
Mycobacterium gallinarum	39689	S	1	0	1	0.0001046901
Mycobacterium xenopi	1789	S	1	0	1	0.0001046901
Mycolicibacterium phlei	1771	S	1	0	1	0.0001046901
Mycolicibacterium alvei	67081	S	1	0	1	0.0001046901
Mycolicibacterium rutilum	370526	S	1	0	1	0.0001046901
Mycolicibacterium parafortuitum	39692	S	1	0	1	0.0001046901
Mycolicibacterium vaccae	1810	S	1	0	1	0.0001046901
Mycolicibacterium aurum	1791	S	1	0	1	0.0001046901
Mycolicibacterium gadium	1794	S	1	0	1	0.0001046901
Mycolicibacterium helvum	1534349	S	1	0	1	0.0001046901
Mycolicibacterium thermoresistibile	1797	S	1	0	1	0.0001046901
Mycolicibacterium aichiense	1799	S	1	0	1	0.0001046901
Mycolicibacterium chubuense	1800	S	1	0	1	0.0001046901
Mycolicibacterium confluentis	28047	S	1	0	1	0.0001046901
Mycobacteroides salmoniphilum	404941	S	1	0	1	0.0001046901
Mycolicibacter minnesotensis	1118379	S	1	0	1	0.0001046901
Mycolicibacillus koreensis	1069220	S	1	0	1	0.0001046901
Corynebacterium sp. 4H37-19	2684405	S	1	0	1	0.0001046901
Corynebacterium imitans	156978	S	1	0	1	0.0001046901
Corynebacterium pelargi	1471400	S	1	0	1	0.0001046901
Corynebacterium cystitidis	35757	S	1	0	1	0.0001046901
Corynebacterium aurimucosum	169292	S	1	0	1	0.0001046901
Corynebacterium nuruki	1032851	S	1	0	1	0.0001046901
Gordonia sp. KTR9	337191	S	1	0	1	0.0001046901
Gordonia rubripertincta	36822	S	1	0	1	0.0001046901
Gordonia insulae	2420509	S	1	0	1	0.0001046901
Tomitella sp. HY188	2597660	S	1	0	1	0.0001046901
Tomitella sp. HY172	2760083	S	1	0	1	0.0001046901
Propionibacterium acidifaciens	556499	S	1	0	1	0.0001046901
Tessaracoccus timonensis	2161816	S	1	0	1	0.0001046901
Tessaracoccus sp. MC1865	2760310	S	1	0	1	0.0001046901
Microlunatus soli	630515	S	1	0	1	0.0001046901
Microlunatus sp. KUDC0627	2596828	S	1	0	1	0.0001046901
Nocardioides sp. JQ2195	2592334	S	1	0	1	0.0001046901
Nocardioides sp. HDW12B	2714939	S	1	0	1	0.0001046901
Nocardioides sp. HDW12A	2714938	S	1	0	1	0.0001046901
Nocardioides sp. zg-579	2663857	S	1	0	1	0.0001046901
Nocardioides sp. CF8	110319	S	1	0	1	0.0001046901
Nocardioides sp. S-1144	2582905	S	1	0	1	0.0001046901
Nocardioides sp. HY056	2500546	S	1	0	1	0.0001046901
Nocardioides sp. 603	2483798	S	1	0	1	0.0001046901
Nocardioides sp. JS614	196162	S	1	0	1	0.0001046901
Nocardioides aromaticivorans	200618	S	1	0	1	0.0001046901
Nocardioides mesophilus	433659	S	1	0	1	0.0001046901
Nocardioides ungokensis	1643322	S	1	0	1	0.0001046901
Nocardioides sambongensis	2589074	S	1	0	1	0.0001046901
Aeromicrobium erythreum	2041	S	1	0	1	0.0001046901
Aeromicrobium yanjiei	2662028	S	1	0	1	0.0001046901
Marmoricola scoriae	642780	S	1	0	1	0.0001046901
Kribbella flavida	182640	S	1	0	1	0.0001046901
Actinopolymorpha singaporensis	117157	S	1	0	1	0.0001046901
Streptomyces sp. PBH53	1577075	S	1	0	1	0.0001046901
Streptomyces sp. Tue 6075	1661694	S	1	0	1	0.0001046901
Streptomyces sp. ID38640	1265399	S	1	0	1	0.0001046901
Streptomyces sp. QHH-9511	2684468	S	1	0	1	0.0001046901
Streptomyces sp. MBT27	1488356	S	1	0	1	0.0001046901
Streptomyces sp. 2323.1	1938841	S	1	0	1	0.0001046901
Streptomyces sp. CMB-StM0423	2059884	S	1	0	1	0.0001046901
Streptomyces sp. INR7	2607753	S	1	0	1	0.0001046901
Streptomyces sp. CLI2509	1984801	S	1	0	1	0.0001046901
Streptomyces sp. NA02950	2742137	S	1	0	1	0.0001046901
Streptomyces sp. C8S0	2585716	S	1	0	1	0.0001046901
Streptomyces sp. CRPJ-33	2768068	S	1	0	1	0.0001046901
Streptomyces sp. Rer75	2750011	S	1	0	1	0.0001046901
Streptomyces sp. DSM 40868	2721173	S	1	0	1	0.0001046901
Streptomyces sp. ZYC-3	2797636	S	1	0	1	0.0001046901
Streptomyces sp. NA04227	2742136	S	1	0	1	0.0001046901
Streptomyces sp. NHF165	2175864	S	1	0	1	0.0001046901
Streptomyces sp. SirexAA-E	862751	S	1	0	1	0.0001046901
Streptomyces sp. Z423-1	2730915	S	1	0	1	0.0001046901
Streptomyces sp. RPA4-5	2721245	S	1	0	1	0.0001046901
Streptomyces globisporus	1908	S	1	0	1	0.0001046901
Streptomyces anulatus	1892	S	1	0	1	0.0001046901
Streptomyces prasinus	67345	S	1	0	1	0.0001046901
Streptomyces glomeroaurantiacus	68210	S	1	0	1	0.0001046901
Streptomyces katrae	68223	S	1	0	1	0.0001046901
Streptomyces actuosus	1885	S	1	0	1	0.0001046901
Streptomyces globosus	68209	S	1	0	1	0.0001046901
Streptomyces tuirus	68278	S	1	0	1	0.0001046901
Streptomyces seoulensis	73044	S	1	0	1	0.0001046901
Streptomyces armeniacus	83291	S	1	0	1	0.0001046901
Streptomyces coeruleorubidus	116188	S	1	0	1	0.0001046901
Streptomyces vietnamensis	362257	S	1	0	1	0.0001046901
Streptomyces pratensis	1169025	S	1	0	1	0.0001046901
Streptomyces rapamycinicus	1226757	S	1	0	1	0.0001046901
Streptomyces ferrugineus	1413221	S	1	0	1	0.0001046901
Streptomyces fodineus	1904616	S	1	0	1	0.0001046901
Streptomyces tirandamycinicus	2174846	S	1	0	1	0.0001046901
Streptomyces phaeolivaceus	2653200	S	1	0	1	0.0001046901
Streptomyces bathyalis	2710756	S	1	0	1	0.0001046901
Streptomyces ambofaciens	1889	S	1	0	1	0.0001046901
Streptomyces hawaiiensis	67305	S	1	0	1	0.0001046901
Streptomyces cattleya	29303	S	1	0	1	0.0001046901
Streptomyces griseoviridis	45398	S	1	0	1	0.0001046901
Streptomyces olivaceus	47716	S	1	0	1	0.0001046901
Streptomyces peucetius	1950	S	1	0	1	0.0001046901
Streptomyces lincolnensis	1915	S	1	0	1	0.0001046901
Kitasatospora sp. MMS16-BH015	2018025	S	1	0	1	0.0001046901
Kitasatospora sp. NA04385	2742135	S	1	0	1	0.0001046901
Kitasatospora setae	2066	S	1	0	1	0.0001046901
Kitasatospora albolonga	68173	S	1	0	1	0.0001046901
Streptacidiphilus bronchialis	2126346	S	1	0	1	0.0001046901
Streptacidiphilus sp. P02-A3a	2704468	S	1	0	1	0.0001046901
Amycolatopsis sp. BJA-103	1911175	S	1	0	1	0.0001046901
Amycolatopsis sp. FDAARGOS 1241	2778070	S	1	0	1	0.0001046901
Pseudonocardia autotrophica	2074	S	1	0	1	0.0001046901
Pseudonocardia broussonetiae	2736640	S	1	0	1	0.0001046901
Saccharomonospora cyanea	40989	S	1	0	1	0.0001046901
Saccharothrix syringae	103733	S	1	0	1	0.0001046901
Saccharothrix sp. 6-C	2781735	S	1	0	1	0.0001046901
Actinoalloteichus hymeniacidonis	340345	S	1	0	1	0.0001046901
Actinoalloteichus hoggarensis	1470176	S	1	0	1	0.0001046901
Lentzea guizhouensis	1586287	S	1	0	1	0.0001046901
Alloactinosynnema sp. L-07	1653480	S	1	0	1	0.0001046901
Allokutzneria albata	211114	S	1	0	1	0.0001046901
Micromonospora sp. WMMA2032	2039870	S	1	0	1	0.0001046901
Micromonospora sp. B006	2201999	S	1	0	1	0.0001046901
Micromonospora carbonacea	47853	S	1	0	1	0.0001046901
Micromonospora coxensis	356852	S	1	0	1	0.0001046901
Micromonospora chokoriensis	356851	S	1	0	1	0.0001046901
Micromonospora coriariae	285665	S	1	0	1	0.0001046901
Phytohabitans flavus	1076124	S	1	0	1	0.0001046901
Candidatus Planktophila lacus	1884913	S	1	0	1	0.0001046901
Candidatus Planktophila dulcis	1884914	S	1	0	1	0.0001046901
Actinomyces sp. Chiba101	1851395	S	1	0	1	0.0001046901
Flaviflexus sp. H23T48	2496867	S	1	0	1	0.0001046901
Schaalia odontolytica	1660	S	1	0	1	0.0001046901
Thermobispora bispora	2006	S	1	0	1	0.0001046901
Actinomadura sp. WMMA1423	2591108	S	1	0	1	0.0001046901
Nocardiopsis alba	53437	S	1	0	1	0.0001046901
Nocardiopsis gilva	280236	S	1	0	1	0.0001046901
Frankia inefficax	298654	S	1	0	1	0.0001046901
Bifidobacterium adolescentis	1680	S	1	0	1	0.0001046901
Bifidobacterium animalis	28025	S	1	0	1	0.0001046901
Bifidobacterium subtile	77635	S	1	0	1	0.0001046901
Gardnerella leopoldii	2792978	S	1	0	1	0.0001046901
Jatrophihabitans sp. GAS493	1907575	S	1	0	1	0.0001046901
Slackia heliotrinireducens	84110	S	1	0	1	0.0001046901
Eggerthella lenta	84112	S	1	0	1	0.0001046901
Cryptobacterium curtum	84163	S	1	0	1	0.0001046901
Berryella intestinalis	1531429	S	1	0	1	0.0001046901
Collinsella aerofaciens	74426	S	1	0	1	0.0001046901
Rubrobacter radiotolerans	42256	S	1	0	1	0.0001046901
Rubrobacter sp. SCSIO 52915	2653852	S	1	0	1	0.0001046901
Egicoccus halophilus	1670830	S	1	0	1	0.0001046901
Conexibacter sp. SYSU D00693	2812560	S	1	0	1	0.0001046901
Bacillus sp. FJAT-22090	1581038	S	1	0	1	0.0001046901
Bacillus sp. M4U3P1	2592382	S	1	0	1	0.0001046901
Bacillus sp. FJAT-45348	2011012	S	1	0	1	0.0001046901
Bacillus sp. SB49	1071080	S	1	0	1	0.0001046901
Bacillus sp. NSP9.1	1071078	S	1	0	1	0.0001046901
Bacillus sp. KH172YL63	2709784	S	1	0	1	0.0001046901
Bacillus tequilensis	227866	S	1	0	1	0.0001046901
Bacillus mojavensis	72360	S	1	0	1	0.0001046901
Bacillus cellulosilyticus	1413	S	1	0	1	0.0001046901
Bacillus smithii	1479	S	1	0	1	0.0001046901
Bacillus freudenreichii	1783501	S	1	0	1	0.0001046901
Bacillus circulans	1397	S	1	0	1	0.0001046901
Priestia filamentosa	1402861	S	1	0	1	0.0001046901
Lysinibacillus sp. SGAir0095	2070463	S	1	0	1	0.0001046901
Lysinibacillus sp. 2017	2169540	S	1	0	1	0.0001046901
Geobacillus kaustophilus	1462	S	1	0	1	0.0001046901
Geobacillus thermoleovorans	33941	S	1	0	1	0.0001046901
Geobacillus stearothermophilus	1422	S	1	0	1	0.0001046901
Geobacillus subterraneus	129338	S	1	0	1	0.0001046901
Alkalihalobacillus clausii	79880	S	1	0	1	0.0001046901
Alkalihalobacillus pseudofirmus	79885	S	1	0	1	0.0001046901
Pontibacillus sp. HMF3514	2692425	S	1	0	1	0.0001046901
Pontibacillus sp. ALD_SL1	2777185	S	1	0	1	0.0001046901
Mesobacillus jeotgali	129985	S	1	0	1	0.0001046901
Salicibibacter sp. NKC21-4	2743001	S	1	0	1	0.0001046901
Radiobacillus deserti	2594883	S	1	0	1	0.0001046901
Weizmannia coagulans	1398	S	1	0	1	0.0001046901
Anaerobacillus isosaccharinicus	1532552	S	1	0	1	0.0001046901
Salimicrobium jeotgali	1230341	S	1	0	1	0.0001046901
Paraliobacillus zengyii	2213194	S	1	0	1	0.0001046901
Staphylococcus pasteuri	45972	S	1	0	1	0.0001046901
Staphylococcus xylosus	1288	S	1	0	1	0.0001046901
Mammaliicoccus sciuri	1296	S	1	0	1	0.0001046901
Mammaliicoccus vitulinus	71237	S	1	0	1	0.0001046901
[Micrococcus] candicans	946432	S	1	0	1	0.0001046901
Paenibacillus sp. RUD330	2023772	S	1	0	1	0.0001046901
Paenibacillus sp. DCT19	2211212	S	1	0	1	0.0001046901
Paenibacillus sp. 32O-W	1695218	S	1	0	1	0.0001046901
Paenibacillus sp. FSL H7-0357	1536774	S	1	0	1	0.0001046901
Paenibacillus sp. UniB2	2726185	S	1	0	1	0.0001046901
Paenibacillus sp. IHB B 3084	867076	S	1	0	1	0.0001046901
Paenibacillus sabinae	365617	S	1	0	1	0.0001046901
Paenibacillus lutimineralis	2707005	S	1	0	1	0.0001046901
Paenibacillus albus	2495582	S	1	0	1	0.0001046901
Paenibacillus psychroresistens	1778678	S	1	0	1	0.0001046901
Paenibacillus lentus	1338368	S	1	0	1	0.0001046901
Paenibacillus beijingensis	1126833	S	1	0	1	0.0001046901
Paenibacillus cellulositrophicus	562959	S	1	0	1	0.0001046901
Paenibacillus lautus	1401	S	1	0	1	0.0001046901
Paenibacillus kribbensis	172713	S	1	0	1	0.0001046901
Paenibacillus naphthalenovorans	162209	S	1	0	1	0.0001046901
Paenibacillus borealis	160799	S	1	0	1	0.0001046901
Cohnella sp. LGH	1619153	S	1	0	1	0.0001046901
Cohnella sp. KS 22	2598458	S	1	0	1	0.0001046901
Aneurinibacillus sp. XH2	1450761	S	1	0	1	0.0001046901
Saccharibacillus brassicae	2583377	S	1	0	1	0.0001046901
Listeria seeligeri	1640	S	1	0	1	0.0001046901
Sporosarcina sp. PTS2304	2283194	S	1	0	1	0.0001046901
Sporosarcina sp. Te-1	2818390	S	1	0	1	0.0001046901
Sporosarcina pasteurii	1474	S	1	0	1	0.0001046901
Sporosarcina ureilytica	298596	S	1	0	1	0.0001046901
Ureibacillus thermosphaericus	51173	S	1	0	1	0.0001046901
Solibacillus sp. R5-41	2048654	S	1	0	1	0.0001046901
Paenisporosarcina antarctica	417367	S	1	0	1	0.0001046901
Alicyclobacillus acidocaldarius	405212	S	1	0	1	0.0001046901
Tumebacillus algifaecis	1214604	S	1	0	1	0.0001046901
Exiguobacterium mexicanum	340146	S	1	0	1	0.0001046901
Exiguobacterium sp. AT1b	360911	S	1	0	1	0.0001046901
Lactobacillus iners	147802	S	1	0	1	0.0001046901
Lactobacillus johnsonii	33959	S	1	0	1	0.0001046901
Lactobacillus acetotolerans	1600	S	1	0	1	0.0001046901
Lactobacillus helveticus	1587	S	1	0	1	0.0001046901
Pediococcus damnosus	51663	S	1	0	1	0.0001046901
Weissella confusa	1583	S	1	0	1	0.0001046901
Weissella cryptocerci	2506420	S	1	0	1	0.0001046901
Ligilactobacillus agilis	1601	S	1	0	1	0.0001046901
Ligilactobacillus murinus	1622	S	1	0	1	0.0001046901
Ligilactobacillus salivarius	1624	S	1	0	1	0.0001046901
Loigolactobacillus bifermentans	1607	S	1	0	1	0.0001046901
Loigolactobacillus coryniformis	1610	S	1	0	1	0.0001046901
Leuconostoc lactis	1246	S	1	0	1	0.0001046901
Leuconostoc pseudomesenteroides	33968	S	1	0	1	0.0001046901
Lactiplantibacillus plantarum	1590	S	1	0	1	0.0001046901
Furfurilactobacillus rossiae	231049	S	1	0	1	0.0001046901
Oenococcus sicerae	2203724	S	1	0	1	0.0001046901
Streptococcus sp. oral taxon 061	712623	S	1	0	1	0.0001046901
Streptococcus sp. oral taxon 431	712633	S	1	0	1	0.0001046901
Streptococcus sp. NPS 308	1902136	S	1	0	1	0.0001046901
Streptococcus pneumoniae	1313	S	1	0	1	0.0001046901
Streptococcus chenjunshii	2173853	S	1	0	1	0.0001046901
Streptococcus intermedius	1338	S	1	0	1	0.0001046901
Streptococcus merionis	400065	S	1	0	1	0.0001046901
Streptococcus gallolyticus	315405	S	1	0	1	0.0001046901
Streptococcus cristatus	45634	S	1	0	1	0.0001046901
Streptococcus sobrinus	1310	S	1	0	1	0.0001046901
Streptococcus pyogenes	1314	S	1	0	1	0.0001046901
Streptococcus acidominimus	1326	S	1	0	1	0.0001046901
Enterococcus sp. CR-Ec1	2057791	S	1	0	1	0.0001046901
Enterococcus cecorum	44008	S	1	0	1	0.0001046901
Enterococcus rotai	118060	S	1	0	1	0.0001046901
Enterococcus gilvus	160453	S	1	0	1	0.0001046901
Tetragenococcus osmophilus	526944	S	1	0	1	0.0001046901
Jeotgalibaca arthritidis	1868794	S	1	0	1	0.0001046901
Dolosigranulum pigrum	29394	S	1	0	1	0.0001046901
Clostridium sp. DL-VIII	641107	S	1	0	1	0.0001046901
Clostridium tetani	1513	S	1	0	1	0.0001046901
Clostridium estertheticum	238834	S	1	0	1	0.0001046901
Clostridium septicum	1504	S	1	0	1	0.0001046901
Clostridium chauvoei	46867	S	1	0	1	0.0001046901
Clostridium tyrobutyricum	1519	S	1	0	1	0.0001046901
Clostridium argentinense	29341	S	1	0	1	0.0001046901
Alkaliphilus oremlandii	461876	S	1	0	1	0.0001046901
Anaerocolumna sp. CTTW	2736602	S	1	0	1	0.0001046901
Enterocloster clostridioformis	1531	S	1	0	1	0.0001046901
[Clostridium] hylemonae	89153	S	1	0	1	0.0001046901
Butyrivibrio fibrisolvens	831	S	1	0	1	0.0001046901
Butyrivibrio hungatei	185008	S	1	0	1	0.0001046901
Coprococcus catus	116085	S	1	0	1	0.0001046901
Coprococcus sp. ART55/1	751585	S	1	0	1	0.0001046901
Pseudobutyrivibrio xylanivorans	185007	S	1	0	1	0.0001046901
Herbinix luporum	1679721	S	1	0	1	0.0001046901
Lachnospira eligens	39485	S	1	0	1	0.0001046901
Lacrimispora saccharolytica	84030	S	1	0	1	0.0001046901
Roseburia hominis	301301	S	1	0	1	0.0001046901
Romboutsia hominis	1507512	S	1	0	1	0.0001046901
Romboutsia sp. CE17	2724150	S	1	0	1	0.0001046901
Acetoanaerobium sticklandii	1511	S	1	0	1	0.0001046901
Ruminococcus sp. JE7A12	2564099	S	1	0	1	0.0001046901
Acetivibrio thermocellus	1515	S	1	0	1	0.0001046901
Flavonifractor plautii	292800	S	1	0	1	0.0001046901
Acutalibacter muris	1796620	S	1	0	1	0.0001046901
Desulfitobacterium dehalogenans	36854	S	1	0	1	0.0001046901
Desulfitobacterium metallireducens	142877	S	1	0	1	0.0001046901
Desulfosporosinus orientis	1563	S	1	0	1	0.0001046901
Desulfosporosinus acidiphilus	885581	S	1	0	1	0.0001046901
Desulfotomaculum reducens	59610	S	1	0	1	0.0001046901
Dehalobacterium formicoaceticum	51515	S	1	0	1	0.0001046901
Desulfofarcimen acetoxidans	58138	S	1	0	1	0.0001046901
Aminipila butyrica	433296	S	1	0	1	0.0001046901
Flintibacter sp. KGMB00164	2610895	S	1	0	1	0.0001046901
Heliobacterium modesticaldum	35701	S	1	0	1	0.0001046901
Heliorestis convoluta	356322	S	1	0	1	0.0001046901
Christensenella sp. Marseille-P3954	2086585	S	1	0	1	0.0001046901
Thermoanaerobacterium xylanolyticum	29329	S	1	0	1	0.0001046901
Thermoanaerobacterium sp. RBIITD	1550240	S	1	0	1	0.0001046901
Thermanaeromonas toyohensis	161154	S	1	0	1	0.0001046901
Thermodesulfobium narugense	184064	S	1	0	1	0.0001046901
Halanaerobium praevalens	2331	S	1	0	1	0.0001046901
Acetohalobium arabaticum	28187	S	1	0	1	0.0001046901
Halobacteroides halobius	42422	S	1	0	1	0.0001046901
Selenomonas ruminantium	971	S	1	0	1	0.0001046901
Selenomonas sputigena	69823	S	1	0	1	0.0001046901
Selenomonas sp. Marseille-Q3039	2754044	S	1	0	1	0.0001046901
Pectinatus frisingensis	865	S	1	0	1	0.0001046901
Veillonella nakazawae	2682456	S	1	0	1	0.0001046901
Dialister massiliensis	2161821	S	1	0	1	0.0001046901
Acidaminococcus intestini	187327	S	1	0	1	0.0001046901
Peptoniphilus harei	54005	S	1	0	1	0.0001046901
Anaerococcus prevotii	33034	S	1	0	1	0.0001046901
Ezakiella massiliensis	1852374	S	1	0	1	0.0001046901
[Clostridium] innocuum	1522	S	1	0	1	0.0001046901
Faecalitalea cylindroides	39483	S	1	0	1	0.0001046901
Limnochorda pilosa	1555112	S	1	0	1	0.0001046901
Nostoc sp. CENA543	1869241	S	1	0	1	0.0001046901
Nostoc sp. UHCC 0702	2814655	S	1	0	1	0.0001046901
Nostoc punctiforme	272131	S	1	0	1	0.0001046901
Nostoc flagelliforme	1306274	S	1	0	1	0.0001046901
Cylindrospermum stagnale	142864	S	1	0	1	0.0001046901
Trichormus azollae	1164	S	1	0	1	0.0001046901
Calothrix sp. NIES-2100	1954172	S	1	0	1	0.0001046901
Anabaenopsis circularis	109266	S	1	0	1	0.0001046901
Sphaerospermopsis kisseleviana	289435	S	1	0	1	0.0001046901
Rivularia sp. PCC 7116	373994	S	1	0	1	0.0001046901
Crinalium epipsammum	241425	S	1	0	1	0.0001046901
Geminocystis herdmanii	669359	S	1	0	1	0.0001046901
Geminocystis sp. NIES-3708	1615909	S	1	0	1	0.0001046901
Synechococcus sp. NIES-970	1827144	S	1	0	1	0.0001046901
Prochlorococcus sp. MIT 0604	1501268	S	1	0	1	0.0001046901
Prochlorococcus sp. MIT 0801	1501269	S	1	0	1	0.0001046901
Leptolyngbya boryana	1184	S	1	0	1	0.0001046901
Leptolyngbya sp. BL0902	1115757	S	1	0	1	0.0001046901
Synechocystis sp. PCC 6714	1147	S	1	0	1	0.0001046901
Chamaesiphon minutus	1173032	S	1	0	1	0.0001046901
Chroococcidiopsis thermalis	54299	S	1	0	1	0.0001046901
cyanobacterium endosymbiont of Rhopalodia gibberula	1763363	S	1	0	1	0.0001046901
Mycoplasma sp. Phocoena C-264-GEN	754517	S	1	0	1	0.0001046901
Mycoplasma cloacale	92401	S	1	0	1	0.0001046901
Mycoplasma haemofelis	29501	S	1	0	1	0.0001046901
Mycoplasma penetrans	28227	S	1	0	1	0.0001046901
Mycoplasma putrefaciens	2123	S	1	0	1	0.0001046901
Mycoplasma iowae	2116	S	1	0	1	0.0001046901
Mycoplasma hyopneumoniae	2099	S	1	0	1	0.0001046901
Mycoplasma synoviae	2109	S	1	0	1	0.0001046901
Mycoplasma agalactiae	2110	S	1	0	1	0.0001046901
Mycoplasma bovis	28903	S	1	0	1	0.0001046901
Mycoplasma bovirhinis	29553	S	1	0	1	0.0001046901
Mycoplasma canis	29555	S	1	0	1	0.0001046901
Mycoplasma arginini	2094	S	1	0	1	0.0001046901
Mycoplasma edwardii	53558	S	1	0	1	0.0001046901
Ureaplasma parvum	134821	S	1	0	1	0.0001046901
Spiroplasma corruscae	216934	S	1	0	1	0.0001046901
Spiroplasma turonicum	216946	S	1	0	1	0.0001046901
Spiroplasma syrphidicola	216945	S	1	0	1	0.0001046901
Spiroplasma alleghenense	216931	S	1	0	1	0.0001046901
Spiroplasma monobiae	2136	S	1	0	1	0.0001046901
Spiroplasma apis	2137	S	1	0	1	0.0001046901
Spiroplasma poulsonii	2138	S	1	0	1	0.0001046901
Candidatus Phytoplasma luffae	35773	S	1	0	1	0.0001046901
Thermus aquaticus	271	S	1	0	1	0.0001046901
Thermus scotoductus	37636	S	1	0	1	0.0001046901
Deinococcus radiodurans	1299	S	1	0	1	0.0001046901
Deinococcus deserti	310783	S	1	0	1	0.0001046901
Deinococcus ficus	317577	S	1	0	1	0.0001046901
Deinococcus metallilatus	1211322	S	1	0	1	0.0001046901
Deinococcus gobiensis	502394	S	1	0	1	0.0001046901
Deinococcus swuensis	1182571	S	1	0	1	0.0001046901
Chloroflexus aggregans	152260	S	1	0	1	0.0001046901
Roseiflexus castenholzii	120962	S	1	0	1	0.0001046901
Thermobaculum terrenum	166501	S	1	0	1	0.0001046901
Pelolinea submarina	913107	S	1	0	1	0.0001046901
Dehalogenimonas lykanthroporepellens	552810	S	1	0	1	0.0001046901
Caldilinea aerophila	133453	S	1	0	1	0.0001046901
Flavobacterium sp. xlx-214	2654325	S	1	0	1	0.0001046901
Flavobacterium kingsejongi	1678728	S	1	0	1	0.0001046901
Flavobacterium pallidum	2172098	S	1	0	1	0.0001046901
Flavobacterium album	2175091	S	1	0	1	0.0001046901
Flavobacterium sediminis	2201181	S	1	0	1	0.0001046901
Flavobacterium sangjuense	2518177	S	1	0	1	0.0001046901
Flavobacterium indicum	312277	S	1	0	1	0.0001046901
Polaribacter sp. MED152	313598	S	1	0	1	0.0001046901
Polaribacter sp. SA4-10	754397	S	1	0	1	0.0001046901
Polaribacter sp. SA4-12	1312072	S	1	0	1	0.0001046901
Polaribacter sp. Hel1_33_78	1336804	S	1	0	1	0.0001046901
Polaribacter sp. ALD11	2058137	S	1	0	1	0.0001046901
Polaribacter vadi	1774273	S	1	0	1	0.0001046901
Tenacibaculum todarodis	1850252	S	1	0	1	0.0001046901
Capnocytophaga canimorsus	28188	S	1	0	1	0.0001046901
Capnocytophaga endodontalis	2708117	S	1	0	1	0.0001046901
Myroides odoratus	256	S	1	0	1	0.0001046901
Winogradskyella sp. J14-2	1936080	S	1	0	1	0.0001046901
Aquimarina sp. AD1	1714848	S	1	0	1	0.0001046901
Aquimarina sp. AD10	1714849	S	1	0	1	0.0001046901
Aquimarina sp. TRL1	2736252	S	1	0	1	0.0001046901
Kordia antarctica	1218801	S	1	0	1	0.0001046901
Algibacter sp. L1A34	2686365	S	1	0	1	0.0001046901
Gramella forsetii	411153	S	1	0	1	0.0001046901
Gramella salexigens	1913577	S	1	0	1	0.0001046901
Gramella fulva	2126553	S	1	0	1	0.0001046901
Nonlabens sp. Ci31	2608253	S	1	0	1	0.0001046901
Nonlabens spongiae	331648	S	1	0	1	0.0001046901
Tamlana sp. s12	1630406	S	1	0	1	0.0001046901
Cellulophaga algicola	59600	S	1	0	1	0.0001046901
Formosa agariphila	320324	S	1	0	1	0.0001046901
Aequorivita sublithincola	101385	S	1	0	1	0.0001046901
Dokdonia donghaensis	326320	S	1	0	1	0.0001046901
Dokdonia sp. PRO95	1239415	S	1	0	1	0.0001046901
Muricauda ruestringensis	111501	S	1	0	1	0.0001046901
Muricauda sp. 501str8	2698672	S	1	0	1	0.0001046901
Urechidicola croceus	1850246	S	1	0	1	0.0001046901
Antarcticibacterium flavum	2058175	S	1	0	1	0.0001046901
Changchengzhania lutea	2049305	S	1	0	1	0.0001046901
Seonamhaeicola sp. S2-3	1936081	S	1	0	1	0.0001046901
Wenyingzhuangia fucanilytica	1790137	S	1	0	1	0.0001046901
Galbibacter sp. BG1	1170699	S	1	0	1	0.0001046901
Croceibacter atlanticus	313588	S	1	0	1	0.0001046901
Costertonia aggregata	343403	S	1	0	1	0.0001046901
Lutibacter profundi	1622118	S	1	0	1	0.0001046901
Chryseobacterium sp. 6424	2039166	S	1	0	1	0.0001046901
Chryseobacterium sp. G0186	2487064	S	1	0	1	0.0001046901
Chryseobacterium sp. NEB161	2724619	S	1	0	1	0.0001046901
Chryseobacterium gallinarum	1324352	S	1	0	1	0.0001046901
Chryseobacterium camelliae	1265445	S	1	0	1	0.0001046901
Kaistella daneshvariae	2487074	S	1	0	1	0.0001046901
Elizabethkingia sp. JS20170427COW	2583851	S	1	0	1	0.0001046901
Elizabethkingia anophelis	1117645	S	1	0	1	0.0001046901
Empedobacter brevis	247	S	1	0	1	0.0001046901
Empedobacter stercoris	1628248	S	1	0	1	0.0001046901
Ornithobacterium rhinotracheale	28251	S	1	0	1	0.0001046901
Bergeyella cardium	1585976	S	1	0	1	0.0001046901
Blattabacterium punctulatus	164514	S	1	0	1	0.0001046901
Candidatus Sulcia muelleri	336810	S	1	0	1	0.0001046901
Owenweeksia hongkongensis	253245	S	1	0	1	0.0001046901
Spirosoma rigui	564064	S	1	0	1	0.0001046901
Spirosoma montaniterrae	1178516	S	1	0	1	0.0001046901
Spirosoma endbachense	2666025	S	1	0	1	0.0001046901
Runella sp. SP2	2268026	S	1	0	1	0.0001046901
Dyadobacter fermentans	94254	S	1	0	1	0.0001046901
Hymenobacter sp. DG01	2584940	S	1	0	1	0.0001046901
Hymenobacter jejuensis	2502781	S	1	0	1	0.0001046901
Hymenobacter russus	2724192	S	1	0	1	0.0001046901
Pontibacter akesuensis	388950	S	1	0	1	0.0001046901
Pontibacter sp. SGAir0037	2571030	S	1	0	1	0.0001046901
Rufibacter tibetensis	512763	S	1	0	1	0.0001046901
Nibribacter ruber	2698458	S	1	0	1	0.0001046901
Algoriphagus machipongonensis	388413	S	1	0	1	0.0001046901
Algoriphagus sp. Y33	2772483	S	1	0	1	0.0001046901
Echinicola sp. 20G	2781961	S	1	0	1	0.0001046901
Flammeovirga sp. MY04	1191459	S	1	0	1	0.0001046901
Bernardetia litoralis	999	S	1	0	1	0.0001046901
Chryseolinea soli	2321403	S	1	0	1	0.0001046901
Roseivirga pacifica	1267423	S	1	0	1	0.0001046901
Pedobacter sp. PACM 27299	1727164	S	1	0	1	0.0001046901
Pedobacter heparinus	984	S	1	0	1	0.0001046901
Pedobacter ginsengisoli	363852	S	1	0	1	0.0001046901
Pedobacter steynii	430522	S	1	0	1	0.0001046901
Sphingobacterium sp. CZ-2	2557994	S	1	0	1	0.0001046901
Sphingobacterium sp. dk4302	2662364	S	1	0	1	0.0001046901
Sphingobacterium daejeonense	371142	S	1	0	1	0.0001046901
Bacteroides fragilis	817	S	1	0	1	0.0001046901
Bacteroides eggerthii	28111	S	1	0	1	0.0001046901
Bacteroides heparinolyticus	28113	S	1	0	1	0.0001046901
Bacteroides sp. CBA7301	2715212	S	1	0	1	0.0001046901
Prevotella denticola	28129	S	1	0	1	0.0001046901
Prevotella jejuni	1177574	S	1	0	1	0.0001046901
Phocaeicola coprophilus	387090	S	1	0	1	0.0001046901
Alistipes finegoldii	214856	S	1	0	1	0.0001046901
Alistipes communis	2585118	S	1	0	1	0.0001046901
Alistipes sp. dk3624	2662363	S	1	0	1	0.0001046901
Duncaniella dubosii	2518971	S	1	0	1	0.0001046901
Sodaliphilus pleomorphus	2606626	S	1	0	1	0.0001046901
Coprobacter sp. 2CBH44	2751153	S	1	0	1	0.0001046901
Dysgonomonas sp. HDW5B	2714927	S	1	0	1	0.0001046901
Tenuifilum thalassicum	2590900	S	1	0	1	0.0001046901
Draconibacterium sp. M1	2706887	S	1	0	1	0.0001046901
Alkalitalea saponilacus	889453	S	1	0	1	0.0001046901
Chitinophaga sp. XS-30	2604421	S	1	0	1	0.0001046901
Chitinophaga caeni	2029983	S	1	0	1	0.0001046901
Arachidicoccus sp. BS20	1850526	S	1	0	1	0.0001046901
Arachidicoccus soli	2341117	S	1	0	1	0.0001046901
Flavisolibacter tropicus	1492898	S	1	0	1	0.0001046901
Rhodothermus marinus	29549	S	1	0	1	0.0001046901
Chlorobaculum limnaeum	274537	S	1	0	1	0.0001046901
Chlorobaculum parvum	274539	S	1	0	1	0.0001046901
Chlorobium phaeobacteroides	1096	S	1	0	1	0.0001046901
Pelodictyon phaeoclathratiforme	34090	S	1	0	1	0.0001046901
Ignavibacterium album	591197	S	1	0	1	0.0001046901
Candidatus Cyclonatronum proteinivorum	1457365	S	1	0	1	0.0001046901
Gemmatirosa kalamazoonesis	861299	S	1	0	1	0.0001046901
Tuwongella immobilis	692036	S	1	0	1	0.0001046901
Pirellula staleyi	125	S	1	0	1	0.0001046901
Roseimaritima ulvae	980254	S	1	0	1	0.0001046901
Lacipirellula parvula	2650471	S	1	0	1	0.0001046901
Thermogutta terrifontis	1331910	S	1	0	1	0.0001046901
Planctomyces sp. SH-PL62	1636152	S	1	0	1	0.0001046901
Calycomorphotria hydatis	2528027	S	1	0	1	0.0001046901
Symmachiella dynata	2527995	S	1	0	1	0.0001046901
Thalassoglobus polymorphus	2527994	S	1	0	1	0.0001046901
Aquisphaera giovannonii	406548	S	1	0	1	0.0001046901
Sedimentisphaera cyanobacteriorum	1940790	S	1	0	1	0.0001046901
Limihaloglobus sulfuriphilus	1851148	S	1	0	1	0.0001046901
Phycisphaera mikurensis	547188	S	1	0	1	0.0001046901
Candidatus Kuenenia stuttgartiensis	174633	S	1	0	1	0.0001046901
Coraliomargarita akajimensis	395922	S	1	0	1	0.0001046901
Parachlamydia acanthamoebae	83552	S	1	0	1	0.0001046901
Waddlia chondrophila	71667	S	1	0	1	0.0001046901
Chlamydia trachomatis	813	S	1	0	1	0.0001046901
Chlamydia caviae	83557	S	1	0	1	0.0001046901
Chlamydia pecorum	85991	S	1	0	1	0.0001046901
Treponema pedis	409322	S	1	0	1	0.0001046901
Sediminispirochaeta smaragdinae	55206	S	1	0	1	0.0001046901
Leptospira mayottensis	1137606	S	1	0	1	0.0001046901
Leptospira tipperaryensis	2564040	S	1	0	1	0.0001046901
Brachyspira hyodysenteriae	159	S	1	0	1	0.0001046901
Brachyspira hampsonii	1287055	S	1	0	1	0.0001046901
Fusobacterium gonidiaformans	849	S	1	0	1	0.0001046901
Fusobacterium ulcerans	861	S	1	0	1	0.0001046901
Fusobacterium sp. NSJ-57	2764326	S	1	0	1	0.0001046901
Fusobacterium pseudoperiodonticum	2663009	S	1	0	1	0.0001046901
Leptotrichia trevisanii	109328	S	1	0	1	0.0001046901
Leptotrichia wadei	157687	S	1	0	1	0.0001046901
Leptotrichia hofstadii	157688	S	1	0	1	0.0001046901
Leptotrichia shahii	157691	S	1	0	1	0.0001046901
Leptotrichia sp. oral taxon 212	712357	S	1	0	1	0.0001046901
Streptobacillus moniliformis	34105	S	1	0	1	0.0001046901
Sneathia vaginalis	187101	S	1	0	1	0.0001046901
Acidobacterium capsulatum	33075	S	1	0	1	0.0001046901
Acidobacterium sp. 4Y35	2763107	S	1	0	1	0.0001046901
Terriglobus roseus	392734	S	1	0	1	0.0001046901
Terriglobus saanensis	870903	S	1	0	1	0.0001046901
Acidisarcina polymorpha	2211140	S	1	0	1	0.0001046901
Candidatus Solibacter usitatus	332163	S	1	0	1	0.0001046901
Thermotomaculum hydrothermale	981385	S	1	0	1	0.0001046901
Thermosipho melanesiensis	46541	S	1	0	1	0.0001046901
Fervidobacterium nodosum	2424	S	1	0	1	0.0001046901
Thermodesulfobacterium commune	1741	S	1	0	1	0.0001046901
Caldimicrobium thiodismutans	1653476	S	1	0	1	0.0001046901
Nitrospira japonica	1325564	S	1	0	1	0.0001046901
Nitrospira sp. KM1	1936990	S	1	0	1	0.0001046901
Dissulfurispira thermophila	2715679	S	1	0	1	0.0001046901
Sulfurihydrogenibium azorense	309806	S	1	0	1	0.0001046901
Sulfurihydrogenibium sp. YO3AOP1	436114	S	1	0	1	0.0001046901
Hydrogenobacter sp. T-8	1632019	S	1	0	1	0.0001046901
Jonquetella anthropi	428712	S	1	0	1	0.0001046901
Fretibacterium fastidiosum	651822	S	1	0	1	0.0001046901
Denitrovibrio acetiphilus	118000	S	1	0	1	0.0001046901
Desulfurispirillum indicum	936456	S	1	0	1	0.0001046901
Elusimicrobium minutum	423605	S	1	0	1	0.0001046901
Halogeometricum borinquense	60847	S	1	0	1	0.0001046901
Halobellus limi	699433	S	1	0	1	0.0001046901
Halobonum sp. NJ-3-1	2743089	S	1	0	1	0.0001046901
Halobonum sp. Gai3-2	2743090	S	1	0	1	0.0001046901
Salinigranum rubrum	755307	S	1	0	1	0.0001046901
Haloterrigena turkmenica	62320	S	1	0	1	0.0001046901
Haloterrigena longa	370324	S	1	0	1	0.0001046901
Haloterrigena daqingensis	588898	S	1	0	1	0.0001046901
Haloterrigena sp. YPL8	1699371	S	1	0	1	0.0001046901
Natrinema pallidum	69527	S	1	0	1	0.0001046901
Natronorubrum aibiense	348826	S	1	0	1	0.0001046901
Halovivax sp. KZCA124	2817025	S	1	0	1	0.0001046901
Halorussus sp. RC-68	2505977	S	1	0	1	0.0001046901
Haloarcula sp. JP-L23	2716717	S	1	0	1	0.0001046901
Halorhabdus utahensis	146826	S	1	0	1	0.0001046901
Halorientalis sp. IM1011	1932360	S	1	0	1	0.0001046901
Methanosarcina barkeri	2208	S	1	0	1	0.0001046901
Methanosarcina siciliae	38027	S	1	0	1	0.0001046901
Methanothrix thermoacetophila	2224	S	1	0	1	0.0001046901
Methanofollis liminatans	2201	S	1	0	1	0.0001046901
Methanocella paludicola	570267	S	1	0	1	0.0001046901
Methanobacterium subterraneum	59277	S	1	0	1	0.0001046901
Methanobacterium lacus	877455	S	1	0	1	0.0001046901
Methanococcus voltae	2188	S	1	0	1	0.0001046901
Methanococcus aeolicus	42879	S	1	0	1	0.0001046901
Methanotorris igneus	2189	S	1	0	1	0.0001046901
Thermococcus sp. IRI35c	2016373	S	1	0	1	0.0001046901
Thermococcus gorgonarius	71997	S	1	0	1	0.0001046901
Methanopyrus sp. KOL6	1937004	S	1	0	1	0.0001046901
Nitrosopumilus maritimus	338192	S	1	0	1	0.0001046901
Nitrosopumilus cobalaminigenes	1470066	S	1	0	1	0.0001046901
Candidatus Nitrosopumilus koreensis	1510466	S	1	0	1	0.0001046901
Nitrosopumilus piranensis	1582439	S	1	0	1	0.0001046901
Nitrosarchaeum sp. AC2	2259673	S	1	0	1	0.0001046901
Candidatus Nitrosomarinus catalina	1898749	S	1	0	1	0.0001046901
Candidatus Nitrosotenuis sp. DW1	2259672	S	1	0	1	0.0001046901
Acidianus brierleyi	41673	S	1	0	1	0.0001046901
Pyrobaculum islandicum	2277	S	1	0	1	0.0001046901
Caldisphaera lagunensis	200415	S	1	0	1	0.0001046901
Candidatus Methanomassiliicoccus intestinalis	1406512	S	1	0	1	0.0001046901
Salicola phage CGphi29	754067	S	1	0	1	0.0001046901
Staphylococcus phage phiRS7	1403390	S	1	0	1	0.0001046901
Alphaproteobacteria virus phiJl001	279383	S	1	0	1	0.0001046901
Escherichia phage Envy	1883200	S	1	0	1	0.0001046901
Burkholderia virus AH2	2560359	S	1	0	1	0.0001046901
Propionibacterium virus PAD20	1982271	S	1	0	1	0.0001046901
Mycobacterium phage BirdsNest	2686231	S	1	0	1	0.0001046901
Mycobacterium phage ThulaThula	2599880	S	1	0	1	0.0001046901
Mycobacterium phage Aminay	2250291	S	1	0	1	0.0001046901
Cellulophaga phage phi14:2	1327990	S	1	0	1	0.0001046901
uncultured crAssphage	1211417	S	1	0	1	0.0001046901
Xanthomonas citri phage CP2	1188795	S	1	0	1	0.0001046901
Vibrio phage PVA1	1461743	S	1	0	1	0.0001046901
Caulobacter phage Cr30	1357714	S	1	0	1	0.0001046901
Pseudoalteromonas phage SL20	2023998	S	1	0	1	0.0001046901
Aeromonas phage 4_L372XY	2588520	S	1	0	1	0.0001046901
Prochlorococcus phage P-SSM4	268747	S	1	0	1	0.0001046901
Tetrasphaera virus TJE1	2560802	S	1	0	1	0.0001046901
Pectinobacterium virus CBB	2560628	S	1	0	1	0.0001046901
Sphingomonas virus Scott	2733954	S	1	0	1	0.0001046901
Curvibacter virus P26059B	2733926	S	1	0	1	0.0001046901
Bacillus virus Agate	1910935	S	1	0	1	0.0001046901
Salmonella phage SE11	2592195	S	1	0	1	0.0001046901
Human betaherpesvirus 7	10372	S	1	0	1	0.0001046901
Acanthocystis turfacea chlorella virus 1	322019	S	1	0	1	0.0001046901
Lymantria dispar multiple nucleopolyhedrovirus	10449	S	1	0	1	0.0001046901
Trichoplusia ni single nucleopolyhedrovirus	332054	S	1	0	1	0.0001046901
Choristoneura fumiferana granulovirus	56947	S	1	0	1	0.0001046901
Wenling hepe-like virus 2	1923494	S	1	0	1	0.0001046901
Rosavirus C	1902502	S	1	0	1	0.0001046901
Gammapapillomavirus 15	1513260	S	1	0	1	0.0001046901
Candidatus Kinetoplastibacterium blastocrithidii	233181	S	1	-1	0	0.0000000000
Azotobacter vinelandii	354	S	1	-1	0	0.0000000000
Dickeya paradisiaca	69223	S	1	-1	0	0.0000000000
Xanthomonas translucens	343	S	1	-1	0	0.0000000000
Fluoribacter dumoffii	463	S	1	-1	0	0.0000000000
Afipia carboxidovorans	40137	S	1	-1	0	0.0000000000
Rhodospirillum rubrum	1085	S	3	-3	0	0.0000000000
Anaplasma phagocytophilum	948	S	1	-1	0	0.0000000000
Paenibacillus mucilaginosus	61624	S	1	-1	0	0.0000000000
Streptococcus equi	1336	S	2	-2	0	0.0000000000
Mycoplasma genitalium	2097	S	1	-1	0	0.0000000000
Tannerella forsythia	28112	S	1	-1	0	0.0000000000
Spirochaeta thermophila	154	S	3	-3	0	0.0000000000
Leptospira biflexa	172	S	1	-1	0	0.0000000000
