name	taxonomy_id	taxonomy_lvl	kraken_assigned_reads	added_reads	new_est_reads	fraction_total_reads
Limosilactobacillus fermentum	1613	S	8891516	299919	9191435	0.1493187021
Salmonella enterica	28901	S	2847454	6031894	8879348	0.1442487184
Staphylococcus aureus	1280	S	2549151	5267255	7816406	0.1269807815
Listeria monocytogenes	1639	S	7118068	642601	7760669	0.1260753106
Enterococcus faecalis	1351	S	7306553	279653	7586206	0.1232410863
Escherichia coli	562	S	1396988	4912643	6309631	0.1025025920
Pseudomonas aeruginosa	287	S	1917879	3449705	5367584	0.0871986449
Bacillus intestinalis	1963032	S	6708	4059840	4066548	0.0660627714
Bacillus subtilis	1423	S	112370	1495574	1607944	0.0261217221
Bacillus spizizenii	96241	S	14673	872890	887563	0.0144188318
Bacillus sp. KBS0812	2582827	S	13	283386	283399	0.0046039352
Bacillus cereus	1396	S	10115	197261	207376	0.0033689098
Shigella sp. PAMC 28760	1813821	S	80	156749	156829	0.0025477526
Bacillus sp. HNA3	2585772	S	190	136288	136478	0.0022171421
Bacillus velezensis	492670	S	5865	124209	130074	0.0021131065
Bacillus vallismortis	72361	S	47378	47822	95200	0.0015465638
Staphylococcus sp. SM9054	2807624	S	10	90517	90527	0.0014706489
Staphylococcus sp. SM3655	2807625	S	30	61034	61064	0.0009920102
Bacillus sp. BH072	1570330	S	38	57726	57764	0.0009384003
Bacillus sp. WR11	2448811	S	552	55852	56404	0.0009163065
Bacillus inaquosorum	483913	S	8572	43600	52172	0.0008475559
Bacillus atrophaeus	1452	S	4735	43369	48104	0.0007814696
Shigella sonnei	624	S	457	38272	38729	0.0006291688
Bacillus amyloliquefaciens	1390	S	1459	28838	30297	0.0004921874
Bacillus tequilensis	227866	S	27044	3041	30085	0.0004887434
Bacillus thuringiensis	1428	S	409	28373	28782	0.0004675756
Bacillus halotolerans	260554	S	5523	17017	22540	0.0003661717
Salmonella sp. SAL-007	2816952	S	9	20866	20875	0.0003391231
Bacillus mojavensis	72360	S	13030	7745	20775	0.0003374986
Bacillus sp. Lzh-5	2049935	S	11	17726	17737	0.0002881450
Bacillus sp. LM 4-2	1628753	S	14	16794	16808	0.0002730530
Bacillus sp. MBGLi79	2070759	S	3189	13363	16552	0.0002688942
Shigella boydii	621	S	2827	12389	15216	0.0002471903
Shigella flexneri	623	S	2512	12570	15082	0.0002450134
Vibrio anguillarum	55601	S	14740	31	14771	0.0002399611
Streptococcus agalactiae	1311	S	11265	1161	12426	0.0002018656
Bacillus sp. PAMC26543	2762329	S	1299	10021	11320	0.0001838981
Enterococcus faecium	1352	S	7743	3044	10787	0.0001752393
Klebsiella pneumoniae	573	S	6400	3972	10372	0.0001684975
Bacillus sp. JS	1127744	S	1293	8265	9558	0.0001552737
Bacillus sp. MD-5	2009331	S	1380	8132	9512	0.0001545264
Citrobacter freundii	546	S	4919	4574	9493	0.0001542178
Bacillus anthracis	1392	S	200	9212	9412	0.0001529019
Staphylococcus schweitzeri	1654388	S	8460	514	8974	0.0001457864
Escherichia fergusonii	564	S	4379	3449	7828	0.0001271691
Staphylococcus saprophyticus	29385	S	7425	210	7635	0.0001240338
Escherichia albertii	208962	S	6755	753	7508	0.0001219706
Salmonella sp. SSDFZ54	2500542	S	551	6884	7435	0.0001207847
Shigella dysenteriae	622	S	2796	4623	7419	0.0001205248
Listeria innocua	1642	S	6615	713	7328	0.0001190464
Actinomyces oris	544580	S	7108	43	7151	0.0001161710
Staphylococcus sp. T93	2799681	S	49	6908	6957	0.0001130194
Salmonella sp. SJTUF14170	2745894	S	16	6546	6562	0.0001066024
Escherichia marmotae	1499973	S	5330	481	5811	0.0000944021
Salmonella bongori	54736	S	4978	694	5672	0.0000921440
Staphylococcus argenteus	985002	S	2823	2791	5614	0.0000912018
Salmonella sp. SJTUF14178	2745895	S	16	5347	5363	0.0000871242
Staphylococcus simiae	308354	S	5226	47	5273	0.0000856621
Listeria welshimeri	1643	S	4428	346	4774	0.0000775556
Escherichia sp. E4742	2044467	S	3858	532	4390	0.0000713174
Enterobacter hormaechei	158836	S	2355	1979	4334	0.0000704076
Bacillus sp. LJBS06	2809036	S	557	3742	4299	0.0000698391
Salmonella sp. SAL-020	2816953	S	11	4220	4231	0.0000687344
Listeria ivanovii	1638	S	3848	246	4094	0.0000665087
Bacillus sp. FJAT-14266	1837130	S	31	4049	4080	0.0000662813
Bacillus sp. DM2	2267265	S	33	3726	3759	0.0000610665
Enterobacteria phage UAB_Phi20	876449	S	464	3292	3756	0.0000610178
Halomonas sp. JS92-SW72	2306583	S	3679	75	3754	0.0000609853
Bacillus siamensis	659243	S	664	2679	3343	0.0000543084
Bacillus altitudinis	293387	S	471	2362	2833	0.0000460233
Salmonella sp. SAL-045	2816951	S	6	2747	2753	0.0000447236
Salmonella sp. SJTUF14152	2745892	S	29	2713	2742	0.0000445449
Salmonella sp. SJTUF14146	2745891	S	8	2668	2676	0.0000434727
Bacillus sp. YP1	1574141	S	18	2436	2454	0.0000398663
Listeria seeligeri	1640	S	2376	74	2450	0.0000398013
Staphylococcus cohnii	29382	S	1988	317	2305	0.0000374457
Xanthomonas euvesicatoria	456327	S	826	1472	2298	0.0000373320
Staphylococcus virus Andhra	2732591	S	2102	0	2102	0.0000341479
Pseudomonas sp. FDAARGOS_761	2545800	S	222	1840	2062	0.0000334981
Bacillus licheniformis	1402	S	95	1877	1972	0.0000320360
Salmonella sp. SJTUF14076	2745890	S	9	1864	1873	0.0000304277
Limosilactobacillus reuteri	1598	S	1807	48	1855	0.0000301353
Lactiplantibacillus plantarum	1590	S	975	841	1816	0.0000295017
Alcanivorax sp. N3-2A	2014542	S	1663	24	1687	0.0000274060
Bacillus sp. ZY-1-1	2093834	S	21	1631	1652	0.0000268374
Staphylococcus epidermidis	1282	S	1528	52	1580	0.0000256678
Pseudomonas putida	303	S	1168	375	1543	0.0000250667
Bacillus safensis	561879	S	504	1029	1533	0.0000249042
Streptomyces lividans	1916	S	1284	185	1469	0.0000238645
Enterobacter cloacae	550	S	1127	338	1465	0.0000237995
Staphylococcus hominis	1290	S	1409	41	1450	0.0000235559
Bacillus sp. NSP9.1	1071078	S	1350	35	1385	0.0000224999
Raoultella ornithinolytica	54291	S	881	494	1375	0.0000223374
Pseudomonas stutzeri	316	S	1267	106	1373	0.0000223050
Lactobacillus delbrueckii	1584	S	1262	81	1343	0.0000218176
Serratia marcescens	615	S	1275	56	1331	0.0000216227
Staphylococcus saccharolyticus	33028	S	1245	9	1254	0.0000203718
Streptomyces cyaneochromogenes	2496836	S	1235	2	1237	0.0000200956
Clostridium botulinum	1491	S	1182	47	1229	0.0000199656
Bacillus glycinifermentans	1664069	S	1142	85	1227	0.0000199331
Pseudomonas tolaasii	29442	S	1110	73	1183	0.0000192183
Staphylococcus capitis	29388	S	1128	33	1161	0.0000188609
Escherichia sp. SCLE84	2725997	S	55	1081	1136	0.0000184548
Pseudomonas fluorescens	294	S	891	199	1090	0.0000177075
Bacillus pumilus	1408	S	565	513	1078	0.0000175126
Spirosoma pollinicola	2057025	S	1066	5	1071	0.0000173988
Staphylococcus warneri	1292	S	890	164	1054	0.0000171227
Enterobacter roggenkampii	1812935	S	706	329	1035	0.0000168140
Staphylococcus pasteuri	45972	S	965	36	1001	0.0000162617
Staphylococcus haemolyticus	1283	S	961	34	995	0.0000161642
Cutibacterium acnes	1747	S	950	25	975	0.0000158393
Pseudomonas syringae	317	S	173	763	936	0.0000152057
Bacillus paralicheniformis	1648923	S	591	340	931	0.0000151245
Bacillus sonorensis	119858	S	838	78	916	0.0000148808
Weissella paramesenteroides	1249	S	886	19	905	0.0000147021
Hydrogenophaga sp. NH-16	2184519	S	814	80	894	0.0000145234
Enterococcus sp. DA9	2603296	S	339	541	880	0.0000142960
Staphylococcus lugdunensis	28035	S	866	11	877	0.0000142472
Bacillus mycoides	1405	S	692	122	814	0.0000132238
Citrobacter sp. RHB25-C09	2742624	S	774	22	796	0.0000129314
Staphylococcus debuckii	2044912	S	779	10	789	0.0000128176
Salmonella sp. SSDFZ69	2500543	S	162	617	779	0.0000126552
Citrobacter portucalensis	1639133	S	272	496	768	0.0000124765
Staphylococcus caprae	29380	S	721	17	738	0.0000119891
Priestia megaterium	1404	S	299	432	731	0.0000118754
Citrobacter amalonaticus	35703	S	507	205	712	0.0000115667
Lacticaseibacillus paracasei	1597	S	652	49	701	0.0000113880
Pseudomonas chlororaphis	587753	S	574	85	659	0.0000107057
[Enterobacter] lignolyticus	1334193	S	627	18	645	0.0000104783
Raoultella sp. XY-1	2799495	S	165	459	624	0.0000101371
Salmonella sp. SJTUF14154	2745893	S	8	598	606	0.0000098447
Klebsiella aerogenes	548	S	574	32	606	0.0000098447
Enterobacter kobei	208224	S	338	259	597	0.0000096985
Bacillus sp. PAMC28748	2762328	S	3	592	595	0.0000096660
Pseudomonas sp. ADAK21	2730850	S	1	572	573	0.0000093086
Listeria weihenstephanensis	1006155	S	555	1	556	0.0000090325
Citrobacter youngae	133448	S	252	283	535	0.0000086913
Staphylococcus nepalensis	214473	S	523	8	531	0.0000086263
Salmonella sp. SCFS4	2725417	S	10	517	527	0.0000085613
Enterobacter asburiae	61645	S	376	150	526	0.0000085451
Stenotrophomonas maltophilia	40324	S	84	442	526	0.0000085451
Staphylococcus simulans	1286	S	494	6	500	0.0000081227
Enterobacter sp. SA187	1914861	S	496	4	500	0.0000081227
Klebsiella quasipneumoniae	1463165	S	352	147	499	0.0000081065
Kosakonia cowanii	208223	S	261	226	487	0.0000079115
Aquareovirus A	56094	S	480	0	480	0.0000077978
Yokenella regensburgei	158877	S	454	12	466	0.0000075704
Pseudomonas mendocina	300	S	443	18	461	0.0000074891
Pseudomonas knackmussii	65741	S	447	10	457	0.0000074242
Cupriavidus pauculus	82633	S	439	8	447	0.0000072617
Citrobacter sp. R56	1573676	S	423	10	433	0.0000070343
Leclercia adecarboxylata	83655	S	226	204	430	0.0000069855
Listeria grayi	1641	S	425	3	428	0.0000069530
Klebsiella variicola	244366	S	336	91	427	0.0000069368
Staphylococcus felis	46127	S	423	3	426	0.0000069205
Staphylococcus sp. 17KM0847	2583989	S	416	3	419	0.0000068068
Pseudomonas sp. TUM18999	2725477	S	386	11	397	0.0000064494
Bacillus sp. OxB-1	98228	S	392	1	393	0.0000063844
Citrobacter rodentium	67825	S	371	14	385	0.0000062545
Bacillus haynesii	1925021	S	269	112	381	0.0000061895
Citrobacter werkmanii	67827	S	252	129	381	0.0000061895
Scandinavium goeteborgense	1851514	S	377	3	380	0.0000061733
Klebsiella oxytoca	571	S	350	29	379	0.0000061570
Oenococcus oeni	1247	S	368	7	375	0.0000060920
Desulfovibrio piger	901	S	360	6	366	0.0000059458
Bacillus gobiensis	1441095	S	363	1	364	0.0000059133
Salmonella phage TS13	2500149	S	354	0	354	0.0000057509
Jejubacter calystegiae	2579935	S	351	1	352	0.0000057184
Pseudomonas sp. PDNC002	2811422	S	336	16	352	0.0000057184
Enterobacter ludwigii	299767	S	228	123	351	0.0000057021
Tetragenococcus halophilus	51669	S	342	4	346	0.0000056209
Cedecea neteri	158822	S	325	20	345	0.0000056047
Enterobacter sp. 638	399742	S	332	10	342	0.0000055559
Enterobacter sp. JUb54	2724468	S	334	7	341	0.0000055397
Leclercia sp. 4-9-1-25	2815358	S	332	8	340	0.0000055234
Pseudomonas sp. ATCC 13867	1294143	S	321	14	335	0.0000054422
Pseudomonas protegens	380021	S	317	13	330	0.0000053610
Klebsiella michiganensis	1134687	S	223	103	326	0.0000052960
Pseudomonas otitidis	319939	S	321	5	326	0.0000052960
Staphylococcus xylosus	1288	S	318	5	323	0.0000052473
Staphylococcus kloosii	29384	S	311	5	316	0.0000051336
Selenomonas ruminantium	971	S	311	5	316	0.0000051336
Enterococcus cecorum	44008	S	310	4	314	0.0000051011
Staphylococcus pseudintermedius	283734	S	283	24	307	0.0000049873
Yersinia pestis	632	S	64	240	304	0.0000049386
Staphylococcus arlettae	29378	S	292	11	303	0.0000049224
Enterobacter sp. RHBSTW-00994	2742676	S	289	6	295	0.0000047924
Klebsiella huaxiensis	2153354	S	283	11	294	0.0000047762
Bacillus marisflavi	189381	S	291	2	293	0.0000047599
Enterobacter sp. RHBSTW-00175	2742639	S	276	16	292	0.0000047437
Cronobacter sp. JZ38	1906275	S	121	170	291	0.0000047274
Aquabacterium olei	1296669	S	274	16	290	0.0000047112
Enterococcus hirae	1354	S	283	5	288	0.0000046787
Clostridioides difficile	1496	S	67	220	287	0.0000046624
Klebsiella sp. WP3-W18-ESBL-02	2675710	S	14	272	286	0.0000046462
Klebsiella grimontii	2058152	S	167	116	283	0.0000045975
Bacillus sp. Pc3	1446792	S	3	276	279	0.0000045325
Enterobacter sp. E76	2596949	S	265	13	278	0.0000045162
Lelliottia amnigena	61646	S	266	6	272	0.0000044188
Staphylococcus chromogenes	46126	S	266	5	271	0.0000044025
Staphylococcus lutrae	155085	S	259	3	262	0.0000042563
Citrobacter tructae	2562449	S	248	12	260	0.0000042238
Staphylococcus lloydii	2781774	S	255	4	259	0.0000042076
Bacillus sp. 1NLA3E	666686	S	257	1	258	0.0000041913
Pseudomonas denitrificans (nom. rej.)	43306	S	248	9	257	0.0000041751
Phytobacter ursingii	1972431	S	233	19	252	0.0000040938
Bacillus sp. CS13	2728853	S	244	1	245	0.0000039801
Bacillus sp. DSL-17	2567941	S	242	2	244	0.0000039639
Pseudomonas oryzihabitans	47885	S	235	9	244	0.0000039639
Caldicellulosiruptor kronotskyensis	413889	S	235	8	243	0.0000039476
Leclercia sp. 29361	2714951	S	221	22	243	0.0000039476
Bacillus sp. SJ-10	563169	S	2	240	242	0.0000039314
Enterococcus avium	33945	S	236	4	240	0.0000038989
Staphylococcus auricularis	29379	S	237	1	238	0.0000038664
Citrobacter sp. RHBSTW-00535	2742654	S	3	235	238	0.0000038664
Citrobacter cronae	1748967	S	62	176	238	0.0000038664
Kluyvera genomosp. 3	2774055	S	228	9	237	0.0000038502
Leclercia sp. LSNIH3	1920116	S	8	227	235	0.0000038177
Pseudomonas sp. SCB32	2653853	S	227	7	234	0.0000038014
Acinetobacter johnsonii	40214	S	217	16	233	0.0000037852
Chondrocystis sp. NIES-4102	2005460	S	199	30	229	0.0000037202
Bacillus sp. FJAT-18017	1705566	S	227	1	228	0.0000037040
Bacillus sp. N3536	2666127	S	203	25	228	0.0000037040
Bacillus pseudomycoides	64104	S	224	4	228	0.0000037040
Pseudomonas furukawaii	1149133	S	224	4	228	0.0000037040
Novosphingobium ginsenosidimutans	1176536	S	223	3	226	0.0000036715
Halanaerobium praevalens	2331	S	220	0	220	0.0000035740
Pseudomonas lalkuanensis	2604832	S	217	3	220	0.0000035740
Streptococcus constellatus	76860	S	17	196	213	0.0000034603
Selenomonas sputigena	69823	S	211	2	213	0.0000034603
Streptomyces sp. NEAU-S7GS2	2202000	S	212	1	213	0.0000034603
Citrobacter sp. RHBSTW-00881	2742667	S	41	170	211	0.0000034278
Bacillus sp. AM1(2019)	2665175	S	8	202	210	0.0000034115
Pseudomonas alcaligenes	43263	S	206	4	210	0.0000034115
Pseudomonas citronellolis	53408	S	164	46	210	0.0000034115
Acinetobacter baumannii	470	S	100	109	209	0.0000033953
Citrobacter farmeri	67824	S	190	18	208	0.0000033790
Atlantibacter hermannii	565	S	205	2	207	0.0000033628
Pseudomonas multiresinivorans	95301	S	134	73	207	0.0000033628
Staphylococcus pettenkoferi	170573	S	203	2	205	0.0000033303
Citrobacter koseri	545	S	133	69	202	0.0000032816
Bacillus paranthracis	2026186	S	9	189	198	0.0000032166
Enterococcus wangshanyuanii	2005703	S	198	0	198	0.0000032166
Mycolicibacterium neoaurum	1795	S	1	197	198	0.0000032166
Pseudomonas corrugata	47879	S	185	13	198	0.0000032166
Kluyvera intermedia	61648	S	189	7	196	0.0000031841
Citrobacter sp. RHBSTW-00446	2742648	S	1	194	195	0.0000031679
Loigolactobacillus bifermentans	1607	S	181	10	191	0.0000031029
Cronobacter dublinensis	413497	S	175	16	191	0.0000031029
Citrobacter braakii	57706	S	64	125	189	0.0000030704
Klebsiella sp. BDA134-6	2787706	S	159	30	189	0.0000030704
Cronobacter sakazakii	28141	S	111	78	189	0.0000030704
Pseudomonas psychrotolerans	237610	S	180	7	187	0.0000030379
Enterobacter oligotrophicus	2478464	S	181	5	186	0.0000030216
Pseudomonas nitroreducens	46680	S	129	56	185	0.0000030054
Stenotrophomonas sp. CW117	2775920	S	2	183	185	0.0000030054
Pseudescherichia vulneris	566	S	182	1	183	0.0000029729
Bacillus sp. LJBV19	2821409	S	10	172	182	0.0000029567
Paucilactobacillus nenjiangensis	1296540	S	173	9	182	0.0000029567
Lysobacter sp. H21R4	2781021	S	182	0	182	0.0000029567
Candidatus Vesicomyosocius sp. SY067_SCS001	2732590	S	175	6	181	0.0000029404
Staphylococcus pseudoxylosus	2282419	S	176	4	180	0.0000029242
Pseudomonas sp. K2W31S-8	2320867	S	178	2	180	0.0000029242
Nostoc carneum	374162	S	28	150	178	0.0000028917
Pluralibacter gergoviae	61647	S	171	6	177	0.0000028754
Pseudomonas sp. DY-1	1755504	S	175	2	177	0.0000028754
Pseudomonas entomophila	312306	S	169	5	174	0.0000028267
Citrobacter telavivum	2653932	S	151	21	172	0.0000027942
Staphylococcus equorum	246432	S	117	54	171	0.0000027780
Enterococcus mundtii	53346	S	170	1	171	0.0000027780
Staphylococcus muscae	1294	S	169	1	170	0.0000027617
Pseudomonas resinovorans	53412	S	163	6	169	0.0000027455
Enterobacter cancerogenus	69218	S	164	4	168	0.0000027292
Morganella morganii	582	S	141	27	168	0.0000027292
Edwardsiella tarda	636	S	158	10	168	0.0000027292
Francisella halioticida	549298	S	165	0	165	0.0000026805
Pseudomonas sp. S1-A32-2	2731681	S	161	2	163	0.0000026480
Carnobacterium sp. 17-4	208596	S	146	14	160	0.0000025993
Delftia acidovorans	80866	S	121	38	159	0.0000025830
Shimwellia blattae	563	S	157	1	158	0.0000025668
Diaphorobacter polyhydroxybutyrativorans	1546149	S	86	72	158	0.0000025668
Kosakonia sacchari	1158459	S	103	54	157	0.0000025505
Buttiauxella agrestis	82977	S	133	23	156	0.0000025343
Pseudomonas oryzae	1392877	S	154	2	156	0.0000025343
Burkholderia gladioli	28095	S	146	10	156	0.0000025343
Pseudomonas monteilii	76759	S	116	39	155	0.0000025180
Staphylococcus carnosus	1281	S	148	6	154	0.0000025018
Lactobacillus sp. 3B(2020)	2695882	S	150	2	152	0.0000024693
Bacillus sp. THAF10	2587848	S	150	1	151	0.0000024531
Staphylococcus succinus	61015	S	150	1	151	0.0000024531
Enterococcus durans	53345	S	147	4	151	0.0000024531
Vagococcus coleopterorum	2714946	S	145	5	150	0.0000024368
Pseudomonas balearica	74829	S	136	14	150	0.0000024368
Citrobacter sp. LY-1	2546350	S	134	15	149	0.0000024206
Kosakonia radicincitans	283686	S	68	81	149	0.0000024206
Levilactobacillus brevis	1580	S	139	9	148	0.0000024043
Pseudomonas sp. TCU-HL1	1856685	S	145	2	147	0.0000023881
Buchnera aphidicola	9	S	146	0	146	0.0000023718
Limosilactobacillus mucosae	97478	S	142	1	143	0.0000023231
Kosakonia sp. MUSA4	2067958	S	74	69	143	0.0000023231
Cedecea sp. FDAARGOS_727	2545798	S	136	5	141	0.0000022906
Buttiauxella sp. 3AFRM03	2479367	S	123	17	140	0.0000022744
Aeromonas sp. ASNIH1	1636606	S	115	24	139	0.0000022581
Bacillus sp. HBCD-sjtu	2053832	S	32	106	138	0.0000022419
Staphylococcus hyicus	1284	S	135	3	138	0.0000022419
Kosakonia oryzae	497725	S	66	72	138	0.0000022419
Pseudomonas fulva	47880	S	130	8	138	0.0000022419
Proteus mirabilis	584	S	83	53	136	0.0000022094
Lysinibacillus sphaericus	1421	S	98	36	134	0.0000021769
Alcaligenes faecalis	511	S	127	7	134	0.0000021769
Enterococcus rotai	118060	S	133	0	133	0.0000021606
Aeromonas sp. Ne-1	1675689	S	130	3	133	0.0000021606
Staphylococcus agnetis	985762	S	130	2	132	0.0000021444
Pseudomonas guangdongensis	1245526	S	129	1	130	0.0000021119
Mammaliicoccus sciuri	1296	S	119	9	128	0.0000020794
Peribacillus simplex	1478	S	122	4	126	0.0000020469
Xenorhabdus nematophila	628	S	14	112	126	0.0000020469
Sphaerospermopsis kisseleviana	289435	S	105	19	124	0.0000020144
Bacillus xiamenensis	1178537	S	18	103	121	0.0000019657
Kosakonia arachidis	551989	S	102	19	121	0.0000019657
Kosakonia sp. SMBL-WEM22	2725560	S	82	37	119	0.0000019332
Microchaete diplosiphon	1197	S	21	97	118	0.0000019170
Citrobacter sp. RHBSTW-01013	2742677	S	5	113	118	0.0000019170
Pseudomonas sp. ADPe	2774873	S	81	37	118	0.0000019170
Polaribacter sp. G4M1	2808900	S	115	3	118	0.0000019170
Cloacibacterium normanense	237258	S	110	8	118	0.0000019170
Piscirickettsia salmonis	1238	S	116	0	116	0.0000018845
Streptococcus thermophilus	1308	S	96	19	115	0.0000018682
Staphylococcus schleiferi	1295	S	108	6	114	0.0000018520
Pseudomonas sp. JY-Q	1338689	S	27	87	114	0.0000018520
Pseudomonas parafulva	157782	S	105	7	112	0.0000018195
Bacillus sp. FDAARGOS_235	1839798	S	5	106	111	0.0000018032
Staphylococcus condimenti	70255	S	111	0	111	0.0000018032
Haloplanus rubicundus	1547898	S	109	1	110	0.0000017870
Paenibacillus polymyxa	1406	S	63	46	109	0.0000017708
Bacillus sp. ms-22	2683680	S	15	92	107	0.0000017383
Jeotgalibaca arthritidis	1868794	S	93	14	107	0.0000017383
Enterobacter soli	885040	S	104	3	107	0.0000017383
Cedecea lapagei	158823	S	98	9	107	0.0000017383
Bacillus sp. BS98	2608254	S	7	99	106	0.0000017220
Kosakonia sp. CCTCC M2018092	2492396	S	47	59	106	0.0000017220
Corallococcus macrosporus	35	S	105	1	106	0.0000017220
Listeria sp. PSOL-1	1844999	S	105	0	105	0.0000017058
Pseudomonas orientalis	76758	S	97	8	105	0.0000017058
Pseudomonas sp. LPB0260	2614442	S	103	1	104	0.0000016895
Pseudomonas synxantha	47883	S	79	25	104	0.0000016895
Bacillus vietnamensis	218284	S	101	2	103	0.0000016733
Acinetobacter junii	40215	S	102	1	103	0.0000016733
Crassaminicella sp. SY095	2599308	S	102	0	102	0.0000016570
Pseudomonas sp. CC6-YY-74	1930532	S	102	0	102	0.0000016570
Pectobacterium brasiliense	180957	S	87	14	101	0.0000016408
Citrobacter sp. RHBSTW-00424	2742647	S	1	99	100	0.0000016245
Bacillus sp. FJAT-42376	2014076	S	99	0	99	0.0000016083
Weizmannia coagulans	1398	S	96	3	99	0.0000016083
Thiomonas sp. X19	1050370	S	94	5	99	0.0000016083
Pseudomonas brassicacearum	930166	S	55	43	98	0.0000015921
Immundisolibacter cernigliae	1810504	S	98	0	98	0.0000015921
Paenibacillus alvei	44250	S	96	1	97	0.0000015758
Anabaena sp. 90	46234	S	4	93	97	0.0000015758
Halobacteriovorax marinus	97084	S	97	0	97	0.0000015758
Clostridium butyricum	1492	S	96	0	96	0.0000015596
Deinococcus deserti	310783	S	96	0	96	0.0000015596
Citrobacter sp. ABFQG	2529121	S	1	95	96	0.0000015596
Acinetobacter pittii	48296	S	83	13	96	0.0000015596
Blattabacterium cuenoti	1653831	S	92	4	96	0.0000015596
Pseudomonas sp. DG56-2	2320270	S	94	1	95	0.0000015433
Pseudomonas sp. ABC1	2748080	S	94	1	95	0.0000015433
Ruminococcus albus	1264	S	94	0	94	0.0000015271
Raoultella planticola	575	S	87	7	94	0.0000015271
Gimesia panareensis	2527978	S	90	4	94	0.0000015271
Trichormus azollae	1164	S	84	9	93	0.0000015108
Cronobacter condimenti	1163710	S	88	5	93	0.0000015108
Burkholderia pseudomallei	28450	S	25	68	93	0.0000015108
Brevibacillus sp. JNUCC-41	2778370	S	86	6	92	0.0000014946
Moraxella osloensis	34062	S	92	0	92	0.0000014946
Jeotgalicoccus saudimassiliensis	1461582	S	88	2	90	0.0000014621
Pseudomonas plecoglossicida	70775	S	71	19	90	0.0000014621
Streptococcus suis	1307	S	84	5	89	0.0000014458
Enterobacter sp. CRENT-193	2051905	S	2	87	89	0.0000014458
Pseudomonas sp. CMR5c	658630	S	81	8	89	0.0000014458
Rubinisphaera brasiliensis	119	S	89	0	89	0.0000014458
Bacillus bombysepticus	658666	S	3	85	88	0.0000014296
Bacillus ciccensis	1670641	S	88	0	88	0.0000014296
Enterobacter bugandensis	881260	S	81	6	87	0.0000014134
Cronobacter universalis	535744	S	72	15	87	0.0000014134
Pseudomonas sp. StFLB209	1028989	S	86	0	86	0.0000013971
Yersinia pseudotuberculosis	633	S	10	75	85	0.0000013809
Clostridium perfringens	1502	S	84	0	84	0.0000013646
Spiroplasma turonicum	216946	S	80	4	84	0.0000013646
Flavobacterium sediminis	2201181	S	62	21	83	0.0000013484
Moorea producens	1155739	S	81	1	82	0.0000013321
Pseudomonas saudiphocaensis	1499686	S	82	0	82	0.0000013321
Alistipes onderdonkii	328813	S	6	76	82	0.0000013321
Citrobacter sp. RHBSTW-00524	2742653	S	13	68	81	0.0000013159
Pseudomonas azotoformans	47878	S	70	11	81	0.0000013159
Pseudomonas xanthomarina	271420	S	78	3	81	0.0000013159
Pseudomonas eucalypticola	2599595	S	81	0	81	0.0000013159
Brachyspira pilosicoli	52584	S	80	1	81	0.0000013159
Bacillus circulans	1397	S	80	0	80	0.0000012996
Brevibacillus laterosporus	1465	S	59	21	80	0.0000012996
Citrobacter sp. RHBSTW-00986	2742675	S	13	66	79	0.0000012834
Candidatus Coxiella mudrowiae	2054173	S	74	5	79	0.0000012834
Acidovorax sp. T1	1858609	S	57	22	79	0.0000012834
Flavobacterium sp. Sr18	935222	S	78	1	79	0.0000012834
Planktothrix agardhii	1160	S	28	50	78	0.0000012671
Kosakonia pseudosacchari	1646340	S	54	24	78	0.0000012671
Pseudomonas alkylphenolica	237609	S	77	1	78	0.0000012671
Pseudomonas cremoricolorata	157783	S	77	1	78	0.0000012671
Vibrio parahaemolyticus	670	S	47	31	78	0.0000012671
Ligilactobacillus salivarius	1624	S	75	2	77	0.0000012509
Clostridium sp. BNL1100	755731	S	77	0	77	0.0000012509
Stenotrophomonas acidaminiphila	128780	S	8	69	77	0.0000012509
Aliarcobacter cryaerophilus	28198	S	69	8	77	0.0000012509
Sporosarcina ureae	1571	S	68	8	76	0.0000012347
Winogradskyella sp. PG-2	754409	S	75	1	76	0.0000012347
Bacillus sporothermodurans	46224	S	71	4	75	0.0000012184
Pseudomonas frederiksbergensis	104087	S	69	6	75	0.0000012184
Halobacillus halophilus	1570	S	74	0	74	0.0000012022
Enterobacter cloacae complex sp.	2027919	S	46	28	74	0.0000012022
Lelliottia sp. WB101	2153385	S	61	12	73	0.0000011859
Sphingorhabdus sp. JK6	2725558	S	73	0	73	0.0000011859
Bacillus vini	1476025	S	69	3	72	0.0000011697
Calothrix brevissima	938406	S	36	36	72	0.0000011697
Edwardsiella ictaluri	67780	S	64	8	72	0.0000011697
Pseudomonas sp. R32	1573704	S	68	4	72	0.0000011697
Enterobacter sp. R4-368	1166130	S	51	20	71	0.0000011534
Pseudomonas sp. 02C 26	2054914	S	70	1	71	0.0000011534
Achromobacter sp. B7	2282475	S	70	1	71	0.0000011534
Leclercia sp. W17	2282309	S	28	42	70	0.0000011372
Proteus vulgaris	585	S	34	36	70	0.0000011372
Pseudomonas sp. HLS-6	2049589	S	69	1	70	0.0000011372
Alistipes shahii	328814	S	3	67	70	0.0000011372
Melioribacter roseus	1134405	S	70	0	70	0.0000011372
Pseudomonas pohangensis	364197	S	69	0	69	0.0000011209
Pseudomonas rhizosphaerae	216142	S	69	0	69	0.0000011209
Cupriavidus taiwanensis	164546	S	66	3	69	0.0000011209
Ralstonia solanacearum	305	S	53	16	69	0.0000011209
Pseudomonas agarici	46677	S	68	0	68	0.0000011047
Marivivens sp. JLT3646	1920883	S	66	2	68	0.0000011047
Chroococcidiopsis thermalis	54299	S	65	2	67	0.0000010884
Serratia symbiotica	138074	S	67	0	67	0.0000010884
Proteus terrae	1574161	S	9	58	67	0.0000010884
Pseudomonas sp. MSPm1	2726956	S	64	3	67	0.0000010884
Pseudoalteromonas ulvae	107327	S	67	0	67	0.0000010884
Lactococcus sp. LG592	2816911	S	7	59	66	0.0000010722
Citrobacter sp. TBCP-5362	2576406	S	3	63	66	0.0000010722
Leclercia sp. J807	2681307	S	31	35	66	0.0000010722
Erwinia amylovora	552	S	10	56	66	0.0000010722
Bacillus oleronius	38875	S	65	0	65	0.0000010560
Pseudomonas cichorii	36746	S	65	0	65	0.0000010560
Wolbachia endosymbiont of Trichogramma pretiosum	125593	S	63	2	65	0.0000010560
Streptomyces sp. SM18	1736046	S	64	0	64	0.0000010397
Citrobacter freundii complex sp. CFNIH2	2066049	S	47	17	64	0.0000010397
Citrobacter sp. CRE-46	1703250	S	23	41	64	0.0000010397
Klebsiella sp. WP4-W18-ESBL-05	2675713	S	3	61	64	0.0000010397
Cronobacter malonaticus	413503	S	40	24	64	0.0000010397
Marivirga tractuosa	1006	S	62	2	64	0.0000010397
Paenibacillus larvae	1464	S	3	60	63	0.0000010235
Cronobacter muytjensii	413501	S	22	41	63	0.0000010235
Pseudomonas sp. B11D7D	2735906	S	61	2	63	0.0000010235
Vibrio cholerae	666	S	45	18	63	0.0000010235
Fusobacterium nucleatum	851	S	42	21	63	0.0000010235
Lactococcus garvieae	1363	S	46	16	62	0.0000010072
Pseudomonas sp. SK	2729423	S	60	2	62	0.0000010072
Citrobacter sp. RHB36-C18	2742627	S	9	52	61	0.0000009910
Bacillus sp. Y1	352858	S	60	0	60	0.0000009747
Pseudomonas viridiflava	33069	S	60	0	60	0.0000009747
Sphingobacterium hotanense	649196	S	56	4	60	0.0000009747
Bacillus sp. PAMC26568	2760090	S	59	0	59	0.0000009585
Streptomyces sp. S1A1-8	2594460	S	1	58	59	0.0000009585
Pseudomonas sp. SNU WT1	2518644	S	57	2	59	0.0000009585
Pseudomonas mediterranea	183795	S	54	5	59	0.0000009585
Vibrio coralliilyticus	190893	S	59	0	59	0.0000009585
Neisseria lactamica	486	S	52	7	59	0.0000009585
Rhizobium leguminosarum	384	S	45	14	59	0.0000009585
Sphingobium yanoikuyae	13690	S	30	29	59	0.0000009585
Bacillus sp. KH172YL63	2709784	S	58	0	58	0.0000009422
Bacillus sp. SDLI1	1774743	S	1	57	58	0.0000009422
Mammaliicoccus lentus	42858	S	51	7	58	0.0000009422
Pediococcus pentosaceus	1255	S	54	4	58	0.0000009422
Calothrix sp. NIES-2098	1954171	S	35	23	58	0.0000009422
Dolichospermum sp. UHCC 0315A	1914871	S	3	55	58	0.0000009422
Microcystis aeruginosa	1126	S	45	13	58	0.0000009422
Helicobacter pylori	210	S	56	2	58	0.0000009422
Lactobacillus sp. D1501	2108362	S	3	54	57	0.0000009260
Anaerocolumna cellulosilytica	433286	S	57	0	57	0.0000009260
Anabaenopsis circularis	109266	S	24	33	57	0.0000009260
Bdellovibrio bacteriovorus	959	S	56	1	57	0.0000009260
Amphibacillus xylanus	1449	S	56	0	56	0.0000009097
Caloranaerobacter azorensis	116090	S	56	0	56	0.0000009097
Leclercia sp. W6	2282310	S	23	33	56	0.0000009097
Pseudomonas moraviensis	321662	S	52	4	56	0.0000009097
Latilactobacillus sakei	1599	S	51	4	55	0.0000008935
Clostridium saccharoperbutylacetonicum	36745	S	55	0	55	0.0000008935
Klebsiella sp. WP8-S18-ESBL-06	2675726	S	10	45	55	0.0000008935
Klebsiella africana	2489010	S	53	2	55	0.0000008935
Pseudomonas sp. 7SR1	1881017	S	54	1	55	0.0000008935
Pseudomonas sp. Leaf58	1736226	S	54	1	55	0.0000008935
Pseudomonas sp. BIGb0427	2724470	S	52	3	55	0.0000008935
Heterosigma akashiwo virus 01	97195	S	55	0	55	0.0000008935
Bacillus horikoshii	79883	S	54	0	54	0.0000008773
Staphylococcus sp. 11-B-312	2799680	S	38	16	54	0.0000008773
Ligilactobacillus murinus	1622	S	47	7	54	0.0000008773
Klebsiella quasivariicola	2026240	S	49	5	54	0.0000008773
Leclercia sp. 1106151	2681309	S	11	43	54	0.0000008773
Pseudomonas oleovorans	301	S	35	19	54	0.0000008773
Pseudomonas marincola	437900	S	54	0	54	0.0000008773
Pseudomonas yamanorum	515393	S	51	3	54	0.0000008773
Mollivirus sibericum	1678078	S	54	0	54	0.0000008773
Alkalihalobacillus clausii	79880	S	53	0	53	0.0000008610
Psychrobacillus glaciei	2283160	S	53	0	53	0.0000008610
Lactobacillus helveticus	1587	S	50	3	53	0.0000008610
Streptococcus oralis	1303	S	53	0	53	0.0000008610
Pantoea agglomerans	549	S	50	3	53	0.0000008610
Pseudomonas lundensis	86185	S	53	0	53	0.0000008610
Acinetobacter indicus	756892	S	52	1	53	0.0000008610
Paraburkholderia sp. 7MH5	2547399	S	51	2	53	0.0000008610
Aquimarina sp. AD1	1714848	S	52	1	53	0.0000008610
Aquimarina sp. BL5	1714860	S	52	1	53	0.0000008610
Phocaeicola dorei	357276	S	46	7	53	0.0000008610
Propionibacterium freudenreichii	1744	S	50	2	52	0.0000008448
Amycolatopsis albispora	1804986	S	47	5	52	0.0000008448
Enterobacter chengduensis	2494701	S	47	5	52	0.0000008448
Pseudomonas poae	200451	S	45	7	52	0.0000008448
Pseudomonas koreensis	198620	S	48	4	52	0.0000008448
Alteromonas sp. RW2A1	1917158	S	39	13	52	0.0000008448
Rheinheimera sp. F8	1763998	S	51	1	52	0.0000008448
Methanobrevibacter smithii	2173	S	52	0	52	0.0000008448
Lysinibacillus fusiformis	28031	S	51	0	51	0.0000008285
Streptococcus pneumoniae	1313	S	30	21	51	0.0000008285
Clostridium acetobutylicum	1488	S	51	0	51	0.0000008285
Clostridium bornimense	1216932	S	51	0	51	0.0000008285
Pseudomonas trivialis	200450	S	46	5	51	0.0000008285
Burkholderia ubonensis	101571	S	47	4	51	0.0000008285
Arcobacter venerupis	1054033	S	48	3	51	0.0000008285
Candidatus Nitrosopumilus koreensis	1510466	S	43	8	51	0.0000008285
Shamonda orthobunyavirus	159150	S	51	0	51	0.0000008285
Lysinibacillus timonensis	2086577	S	50	0	50	0.0000008123
Streptococcus gallolyticus	315405	S	46	4	50	0.0000008123
Carnobacterium divergens	2748	S	48	2	50	0.0000008123
Aeromicrobium erythreum	2041	S	50	0	50	0.0000008123
Kluyvera ascorbata	51288	S	33	17	50	0.0000008123
Candidatus Ishikawaella capsulata	168169	S	50	0	50	0.0000008123
Bacillus sp. TK-2	2801342	S	3	46	49	0.0000007960
Bacillus freudenreichii	1783501	S	49	0	49	0.0000007960
Citrobacter sp. RHBSTW-00053	2742632	S	2	47	49	0.0000007960
Pseudomonas sp. S-6-2	1931241	S	49	0	49	0.0000007960
Pseudomonas sp. RtIB026	2749999	S	45	4	49	0.0000007960
Pseudomonas asturiensis	1190415	S	49	0	49	0.0000007960
Stenotrophomonas sp. MYb57	1827305	S	2	47	49	0.0000007960
Thiothrix sp. Ku-5	2735563	S	48	1	49	0.0000007960
Chryseobacterium indologenes	253	S	40	9	49	0.0000007960
Bacillus sp. HD4P25	2779776	S	48	0	48	0.0000007798
Neobacillus mesonae	1193713	S	48	0	48	0.0000007798
Streptococcus mitis	28037	S	48	0	48	0.0000007798
Citrobacter sp. RHBSTW-01044	2742678	S	7	41	48	0.0000007798
Pantoea sp. 201603H	2479547	S	48	0	48	0.0000007798
Elizabethkingia anophelis	1117645	S	21	27	48	0.0000007798
Empedobacter brevis	247	S	42	6	48	0.0000007798
Methanomethylovorans hollandica	101192	S	48	0	48	0.0000007798
Plasmid pUB110	2655	S	48	0	48	0.0000007798
Staphylococcus delphini	53344	S	43	4	47	0.0000007635
Ruminiclostridium herbifermentans	2488810	S	47	0	47	0.0000007635
Mycobacterium kansasii	1768	S	47	0	47	0.0000007635
Citrobacter sp. RHBSTW-00887	2742668	S	9	38	47	0.0000007635
Citrobacter sp. RHBSTW-00678	2742661	S	2	45	47	0.0000007635
Enterobacter sp. RHB15-C17	2742619	S	40	7	47	0.0000007635
Leclercia sp. LSNIH1	1920114	S	10	37	47	0.0000007635
Pseudomonas coronafaciens	53409	S	47	0	47	0.0000007635
Pseudomonas arsenicoxydans	702115	S	46	1	47	0.0000007635
Pseudomonas sediminis	1691904	S	45	2	47	0.0000007635
Photobacterium damselae	38293	S	47	0	47	0.0000007635
Virgibacillus halodenitrificans	1482	S	42	4	46	0.0000007473
Fictibacillus arsenicus	255247	S	46	0	46	0.0000007473
Enterococcus saigonensis	1805431	S	44	2	46	0.0000007473
Streptococcus uberis	1349	S	46	0	46	0.0000007473
Moorella thermoacetica	1525	S	41	5	46	0.0000007473
Frankia sp. QA3	710111	S	46	0	46	0.0000007473
Providencia stuartii	588	S	5	41	46	0.0000007473
Candidatus Pelagibacter sp. RS40	1977865	S	46	0	46	0.0000007473
Mucilaginibacter sp. F39-2	2728022	S	46	0	46	0.0000007473
Bacillus cellulosilyticus	1413	S	45	0	45	0.0000007310
Geobacillus thermoleovorans	33941	S	7	38	45	0.0000007310
Staphylococcus sp. MI 10-1553	1912064	S	44	1	45	0.0000007310
Lactobacillus acidophilus	1579	S	27	18	45	0.0000007310
Citrobacter sp. RHBSTW-00229	2742641	S	1	44	45	0.0000007310
Enterobacter sichuanensis	2071710	S	38	7	45	0.0000007310
Pseudomonas rhodesiae	76760	S	43	2	45	0.0000007310
Variovorax paradoxus	34073	S	40	5	45	0.0000007310
Mucilaginibacter ginsenosidivorax	862126	S	45	0	45	0.0000007310
Staphylococcus sp. M0911	2025492	S	22	22	44	0.0000007148
Lactiplantibacillus pentosus	1589	S	44	0	44	0.0000007148
Fructilactobacillus sanfranciscensis	1625	S	41	3	44	0.0000007148
Eggerthella sp. YY7918	502558	S	44	0	44	0.0000007148
Citrobacter sp. CFNIH10	1920110	S	13	31	44	0.0000007148
Pseudomonas sp. CCOS 191	1649877	S	38	6	44	0.0000007148
Pseudomonas sp. URMO17WK12:I11	1283291	S	34	10	44	0.0000007148
Pseudomonas vancouverensis	95300	S	43	1	44	0.0000007148
Campylobacter jejuni	197	S	21	23	44	0.0000007148
Polaribacter vadi	1774273	S	44	0	44	0.0000007148
Tenacibaculum sp. DSM 106434	2358479	S	44	0	44	0.0000007148
Sphingobacterium multivorum	28454	S	30	14	44	0.0000007148
Dermacoccus nishinomiyaensis	1274	S	39	4	43	0.0000006986
Tolypothrix sp. PCC 7910	2099387	S	14	29	43	0.0000006986
Citrobacter sp. FDAARGOS_156	1702170	S	22	21	43	0.0000006986
Pseudomonas sp. LAB-08	143813	S	42	1	43	0.0000006986
Halomonas sp. GT	1971364	S	39	4	43	0.0000006986
Methylomonas methanica	421	S	43	0	43	0.0000006986
Cupriavidus gilardii	82541	S	34	9	43	0.0000006986
Burkholderia ambifaria	152480	S	7	36	43	0.0000006986
Alistipes finegoldii	214856	S	2	41	43	0.0000006986
Paenibacillus sp. TB2019	2810347	S	41	1	42	0.0000006823
Klebsiella sp. STW0522-44	2681387	S	29	13	42	0.0000006823
Alteromonas naphthalenivorans	715451	S	39	3	42	0.0000006823
Comamonas aquatica	225991	S	40	2	42	0.0000006823
Burkholderia thailandensis	57975	S	8	34	42	0.0000006823
Bacillus sp. S3	486398	S	41	0	41	0.0000006661
Bacillus methanolicus	1471	S	41	0	41	0.0000006661
Terribacillus goriensis	386490	S	41	0	41	0.0000006661
Vagococcus carniphilus	218144	S	35	6	41	0.0000006661
Citrobacter freundii complex sp. CFNIH3	2077147	S	2	39	41	0.0000006661
Candidatus Erwinia haradaeae	1922217	S	41	0	41	0.0000006661
Pseudomonas silesiensis	1853130	S	40	1	41	0.0000006661
Bacteroides sp. PHL 2737	2162637	S	1	40	41	0.0000006661
Bacillus sp. FJAT-45348	2011012	S	40	0	40	0.0000006498
Bacillus sp. PDNC022	2812759	S	8	32	40	0.0000006498
Metabacillus sp. KUDC1714	2745198	S	40	0	40	0.0000006498
Mesobacillus foraminis	279826	S	40	0	40	0.0000006498
Propionibacterium sp. oral taxon 193	671223	S	40	0	40	0.0000006498
Serratia sp. CMO1	2785630	S	28	12	40	0.0000006498
Providencia rettgeri	587	S	14	26	40	0.0000006498
Pantoea ananatis	553	S	38	2	40	0.0000006498
Bacillus sp. FJAT-22090	1581038	S	39	0	39	0.0000006336
Bacillus sp. V3	2795526	S	39	0	39	0.0000006336
Bacillus dafuensis	1742359	S	39	0	39	0.0000006336
Clostridium sp. 'deep sea'	2779445	S	39	0	39	0.0000006336
Clostridium estertheticum	238834	S	39	0	39	0.0000006336
Corynebacterium diphtheriae	1717	S	39	0	39	0.0000006336
Enterobacter sp. BWH 37	1329836	S	1	38	39	0.0000006336
Lelliottia nimipressuralis	69220	S	31	8	39	0.0000006336
Pseudomonas sp. ADAK13	2730847	S	37	2	39	0.0000006336
Pseudomonas sp. CMR12a	658629	S	15	24	39	0.0000006336
Pseudomonas cedrina	651740	S	36	3	39	0.0000006336
Pseudomonas litoralis	797277	S	39	0	39	0.0000006336
Pseudomonas taetrolens	47884	S	39	0	39	0.0000006336
Pseudomonas umsongensis	198618	S	38	1	39	0.0000006336
Taylorella equigenitalis	29575	S	14	25	39	0.0000006336
Brucella melitensis	29459	S	2	37	39	0.0000006336
Staphylococcus sp. SB1-57	2813777	S	16	22	38	0.0000006173
Paenibacillus sp.	58172	S	34	4	38	0.0000006173
Streptococcus pyogenes	1314	S	36	2	38	0.0000006173
Anabaena sp. WA102	1647413	S	7	31	38	0.0000006173
Pseudomonas sp. NS1(2017)	2025658	S	35	3	38	0.0000006173
Pseudomonas sabulinigri	472181	S	38	0	38	0.0000006173
Pseudoalteromonas translucida	166935	S	23	15	38	0.0000006173
Agrobacterium tumefaciens	358	S	23	15	38	0.0000006173
Myroides odoratus	256	S	38	0	38	0.0000006173
Geobacillus zalihae	213419	S	7	30	37	0.0000006011
Lactococcus sp. LG606	2816912	S	12	25	37	0.0000006011
Streptomyces tsukubensis	83656	S	37	0	37	0.0000006011
Streptomyces coelicolor	1902	S	35	2	37	0.0000006011
Citrobacter sp. BIDMC107	1686384	S	10	27	37	0.0000006011
Citrobacter sp. 172116965	2683822	S	6	31	37	0.0000006011
Citrobacter sp. RHBSTW-00570	2742655	S	3	34	37	0.0000006011
Raoultella terrigena	577	S	33	4	37	0.0000006011
Pseudomonas sp. gcc21	2726989	S	37	0	37	0.0000006011
Pseudomonas sp. R5-89-07	658644	S	34	3	37	0.0000006011
Pseudomonas pelagia	553151	S	37	0	37	0.0000006011
Comamonas testosteroni	285	S	27	10	37	0.0000006011
Cupriavidus basilensis	68895	S	36	1	37	0.0000006011
Aliarcobacter faecis	1564138	S	33	4	37	0.0000006011
Bacillus sp. 3a	580459	S	4	32	36	0.0000005848
Bacillus weihaiensis	1547283	S	36	0	36	0.0000005848
Bacillus infantis	324767	S	36	0	36	0.0000005848
Bacillus cohnii	33932	S	36	0	36	0.0000005848
Lentibacillus sp. CBA3610	2518176	S	35	1	36	0.0000005848
Cohnella sp. KS 22	2598458	S	35	1	36	0.0000005848
Limosilactobacillus gastricus	227942	S	36	0	36	0.0000005848
Enterococcus gilvus	160453	S	36	0	36	0.0000005848
Vagococcus penaei	633807	S	34	2	36	0.0000005848
Streptococcus sanguinis	1305	S	36	0	36	0.0000005848
Aerococcus urinae	1376	S	36	0	36	0.0000005848
Petrocella atlantisensis	2173034	S	36	0	36	0.0000005848
Caldanaerobacter subterraneus	911092	S	4	32	36	0.0000005848
Citrobacter sp. BDA59-3	2781952	S	28	8	36	0.0000005848
Pectobacterium carotovorum	554	S	28	8	36	0.0000005848
Pseudomonas sp. M30-35	1981174	S	36	0	36	0.0000005848
Pseudomonas brenneri	129817	S	33	3	36	0.0000005848
Pseudomonas simiae	321846	S	34	2	36	0.0000005848
Pseudomonas cerasi	1583341	S	20	16	36	0.0000005848
Mesorhizobium sp. L-8-10	2744523	S	31	5	36	0.0000005848
Enterococcus phage vB_EfaS_IME197	1747326	S	20	16	36	0.0000005848
Bacillus sp. SB49	1071080	S	35	0	35	0.0000005686
Bacillus cytotoxicus	580165	S	35	0	35	0.0000005686
Alicyclobacillus ferrooxydans	471514	S	35	0	35	0.0000005686
Pediococcus acidilactici	1254	S	35	0	35	0.0000005686
Citrobacter sp. TSA-1	184912	S	7	28	35	0.0000005686
Citrobacter sp. RHBSTW-00944	2742671	S	1	34	35	0.0000005686
Raoultella electrica	1259973	S	29	6	35	0.0000005686
Pseudomonas sp. S34	1573718	S	34	1	35	0.0000005686
Pseudomonas xinjiangensis	487184	S	35	0	35	0.0000005686
Pseudomonas palleroniana	191390	S	34	1	35	0.0000005686
Pseudomonas alcaliphila	101564	S	29	6	35	0.0000005686
Acinetobacter schindleri	108981	S	34	1	35	0.0000005686
Paucibacter sp. KCTC 42545	1768242	S	34	1	35	0.0000005686
Achromobacter deleyi	1353891	S	30	5	35	0.0000005686
Azoarcus sp. KH32C	748247	S	35	0	35	0.0000005686
Agrobacterium vitis	373	S	34	1	35	0.0000005686
Pedobacter sp. SW-16	2766984	S	35	0	35	0.0000005686
Paenibacillus peoriae	59893	S	20	14	34	0.0000005523
Corynebacterium glutamicum	1718	S	9	25	34	0.0000005523
Olsenella sp. LZLJ-2	2779519	S	34	0	34	0.0000005523
Candidatus Riesia pediculicola	401619	S	32	2	34	0.0000005523
Pseudomonas sp. 31-12	2201356	S	32	2	34	0.0000005523
Pseudomonas sp. MRSN12121	1611770	S	24	10	34	0.0000005523
Pseudomonas lurida	244566	S	33	1	34	0.0000005523
Pseudomonas antarctica	219572	S	32	2	34	0.0000005523
Acinetobacter larvae	1789224	S	34	0	34	0.0000005523
Pseudoalteromonas prydzensis	182141	S	34	0	34	0.0000005523
Acidovorax carolinensis	553814	S	30	4	34	0.0000005523
Poseidonibacter lekithochrous	1904463	S	33	1	34	0.0000005523
Winogradskyella helgolandensis	2697010	S	33	1	34	0.0000005523
Epilithonimonas vandammei	2487072	S	19	15	34	0.0000005523
Borrelia hermsii	140	S	23	11	34	0.0000005523
Loigolactobacillus backii	375175	S	30	3	33	0.0000005361
Leptolyngbya sp. O-77	1080068	S	30	3	33	0.0000005361
Rahnella aquatilis	34038	S	11	22	33	0.0000005361
Pseudomonas sp. OIL-1	2706126	S	33	0	33	0.0000005361
Pseudomonas migulae	78543	S	31	2	33	0.0000005361
Pseudomonas fragi	296	S	26	7	33	0.0000005361
Acinetobacter haemolyticus	29430	S	32	1	33	0.0000005361
Chryseobacterium gallinarum	1324352	S	29	4	33	0.0000005361
Haloterrigena sp. YPL8	1699371	S	33	0	33	0.0000005361
Geobacillus thermodenitrificans	33940	S	5	27	32	0.0000005199
Anoxybacillus kamchatkensis	196180	S	1	31	32	0.0000005199
Kutzneria albida	43357	S	32	0	32	0.0000005199
Candidatus Hamiltonella defensa	138072	S	32	0	32	0.0000005199
Pseudomonas sp. MPC6	2498848	S	31	1	32	0.0000005199
Pseudomonas prosekii	1148509	S	32	0	32	0.0000005199
Pseudomonas salegens	1434072	S	32	0	32	0.0000005199
Shewanella pealeana	70864	S	32	0	32	0.0000005199
Azospira oryzae	146939	S	17	15	32	0.0000005199
Liberibacter crescens	1273132	S	32	0	32	0.0000005199
Rhodospirillum centenum	34018	S	30	2	32	0.0000005199
Polaribacter sp. L12M9	2738844	S	30	2	32	0.0000005199
Chitinophaga pinensis	79329	S	30	2	32	0.0000005199
Thermogutta terrifontis	1331910	S	23	9	32	0.0000005199
Magnaporthe oryzae virus 3	1661396	S	32	0	32	0.0000005199
Pontibacillus sp. ALD_SL1	2777185	S	31	0	31	0.0000005036
Cohnella abietis	2507935	S	31	0	31	0.0000005036
Lactobacillus johnsonii	33959	S	30	1	31	0.0000005036
Leuconostoc mesenteroides	1245	S	25	6	31	0.0000005036
Lachnoanaerobaculum umeaense	617123	S	31	0	31	0.0000005036
Microcystis sp. MC19	1967666	S	24	7	31	0.0000005036
Mycoplasma hominis	2098	S	30	1	31	0.0000005036
Citrobacter pasteurii	1563222	S	17	14	31	0.0000005036
Leclercia sp. 119287	2681308	S	14	17	31	0.0000005036
Pectobacterium parmentieri	1905730	S	30	1	31	0.0000005036
Pseudomonas granadensis	1421430	S	27	4	31	0.0000005036
Moraxella catarrhalis	480	S	31	0	31	0.0000005036
Moritella yayanosii	69539	S	30	1	31	0.0000005036
Francisella tularensis	263	S	7	24	31	0.0000005036
Sphingomonas wittichii	160791	S	25	6	31	0.0000005036
Campylobacter lari	201	S	31	0	31	0.0000005036
Flavobacterium nitrogenifigens	1617283	S	30	1	31	0.0000005036
Bufonid herpesvirus 1	2282206	S	31	0	31	0.0000005036
Bacillus sp. X1(2014)	1565991	S	30	0	30	0.0000004874
Bacillus sp. WP8	756828	S	13	17	30	0.0000004874
Geobacillus stearothermophilus	1422	S	18	12	30	0.0000004874
Lacticaseibacillus rhamnosus	47715	S	29	1	30	0.0000004874
Tetragenococcus osmophilus	526944	S	30	0	30	0.0000004874
Bifidobacterium pullorum	78448	S	30	0	30	0.0000004874
Candidatus Sodalis pierantonius	1486991	S	26	4	30	0.0000004874
Pseudomonas sp. BIOMIG1BAC	1758730	S	13	17	30	0.0000004874
Pseudomonas sp. VLB120	69328	S	5	25	30	0.0000004874
Pseudomonas fuscovaginae	50340	S	25	5	30	0.0000004874
Pseudomonas kribbensis	1628086	S	27	3	30	0.0000004874
Pseudomonas toyotomiensis	554344	S	23	7	30	0.0000004874
Vibrio campbellii	680	S	30	0	30	0.0000004874
Vibrio nigripulchritudo	28173	S	30	0	30	0.0000004874
Alicycliphilus denitrificans	179636	S	24	6	30	0.0000004874
Burkholderia oklahomensis	342113	S	30	0	30	0.0000004874
Bacillus sp. M4U3P1	2592382	S	28	1	29	0.0000004711
Alkalihalobacillus miscanthi	2598861	S	26	3	29	0.0000004711
Brevibacillus sp. SCSIO 07484	2496837	S	25	4	29	0.0000004711
Brevibacillus brevis	1393	S	28	1	29	0.0000004711
Companilactobacillus paralimentarius	83526	S	25	4	29	0.0000004711
Lentilactobacillus buchneri	1581	S	24	5	29	0.0000004711
Dolosigranulum pigrum	29394	S	29	0	29	0.0000004711
Rhodococcus aetherivorans	191292	S	12	17	29	0.0000004711
Micrococcus luteus	1270	S	19	10	29	0.0000004711
Eggerthella sp. HF-1101	2690837	S	29	0	29	0.0000004711
Synechococcus sp. A15-62	1050657	S	24	5	29	0.0000004711
Prochlorococcus sp. MIT 0604	1501268	S	27	2	29	0.0000004711
Citrobacter freundii complex sp. CFNIH4	2077148	S	2	27	29	0.0000004711
Enterobacter sp. 18A13	2565914	S	16	13	29	0.0000004711
Pseudomonas sp. R84	1573712	S	26	3	29	0.0000004711
Pseudomonas extremorientalis	169669	S	24	5	29	0.0000004711
Pseudomonas libanensis	75588	S	19	10	29	0.0000004711
Pseudomonas sihuiensis	1274359	S	23	6	29	0.0000004711
Pseudomonas khazarica	2502979	S	20	9	29	0.0000004711
Candidatus Ruthia endofausta	2738852	S	21	8	29	0.0000004711
Pasteurella multocida	747	S	25	4	29	0.0000004711
Acidiphilium multivorum	62140	S	28	1	29	0.0000004711
Orientia tsutsugamushi	784	S	29	0	29	0.0000004711
Bacillus sp. RZ2MS9	1806216	S	1	27	28	0.0000004549
Tumebacillus avium	1903704	S	2	26	28	0.0000004549
Lactobacillus jensenii	109790	S	22	6	28	0.0000004549
Furfurilactobacillus rossiae	231049	S	28	0	28	0.0000004549
Streptococcus sp. HSISS3	1316412	S	26	2	28	0.0000004549
Clostridium taeniosporum	394958	S	28	0	28	0.0000004549
Paenarthrobacter sp. YJN-D	2735317	S	23	5	28	0.0000004549
cyanobacterium endosymbiont of Rhopalodia gibberula	1763363	S	26	2	28	0.0000004549
Arsenophonus endosymbiont of Aphis craccivora	1231049	S	23	5	28	0.0000004549
Pantoea vagans	470934	S	19	9	28	0.0000004549
Pseudomonas sp. ACM7	2052956	S	27	1	28	0.0000004549
Pseudomonas sp. IB20	1702250	S	26	2	28	0.0000004549
Pseudomonas mucidolens	46679	S	28	0	28	0.0000004549
Simiduia agarivorans	447471	S	28	0	28	0.0000004549
Methylibium petroleiphilum	105560	S	18	10	28	0.0000004549
Paracoccus yeei	147645	S	13	15	28	0.0000004549
Chondromyces crocatus	52	S	28	0	28	0.0000004549
Kordia sp. SMS9	2282170	S	28	0	28	0.0000004549
Spirosoma sp. KCTC 42546	2520506	S	28	0	28	0.0000004549
Algoriphagus sp. Y33	2772483	S	28	0	28	0.0000004549
Bacillus sp. Cs-700	2589818	S	26	1	27	0.0000004386
Solibacillus silvestris	76853	S	27	0	27	0.0000004386
Limosilactobacillus pontis	35787	S	27	0	27	0.0000004386
Clostridium chauvoei	46867	S	21	6	27	0.0000004386
Mesoplasma coleopterae	324078	S	8	19	27	0.0000004386
Citrobacter sp. CF971	2566012	S	5	22	27	0.0000004386
Sodalis endosymbiont of Henestaris halophilus	1929246	S	27	0	27	0.0000004386
Pseudomonas sp. PONIH3	1636610	S	15	12	27	0.0000004386
Pseudomonas mosselii	78327	S	14	13	27	0.0000004386
Pseudomonas amygdali	47877	S	9	18	27	0.0000004386
Pseudomonas versuta	1788301	S	27	0	27	0.0000004386
Pseudomonas psychrophila	122355	S	27	0	27	0.0000004386
Pseudomonas extremaustralis	359110	S	26	1	27	0.0000004386
Permianibacter aggregans	1510150	S	27	0	27	0.0000004386
Shewanella sp. YLB-08	2593656	S	4	23	27	0.0000004386
Apibacter sp. B3706	2656760	S	5	22	27	0.0000004386
Bacillus sp. BS-02	887059	S	12	14	26	0.0000004224
Peribacillus butanolivorans	421767	S	26	0	26	0.0000004224
Macrococcus caseolyticus	69966	S	24	2	26	0.0000004224
Companilactobacillus crustorum	392416	S	24	2	26	0.0000004224
Vagococcus teuberi	519472	S	24	2	26	0.0000004224
Streptococcus gordonii	1302	S	26	0	26	0.0000004224
Jeotgalibaca porci	1868793	S	26	0	26	0.0000004224
Clostridium scatologenes	1548	S	25	1	26	0.0000004224
Eubacterium limosum	1736	S	25	1	26	0.0000004224
Calothrix parasitica	1973486	S	25	1	26	0.0000004224
Brasilonema sennae	1397703	S	24	2	26	0.0000004224
Citrobacter sp. RHB35-C17	2742625	S	9	17	26	0.0000004224
Pseudomonas sp. DTU12.3	2073078	S	25	1	26	0.0000004224
Pseudomonas sp. S35	1573719	S	25	1	26	0.0000004224
Pseudomonas sp. IzPS59	2774459	S	23	3	26	0.0000004224
Pseudomonas sp. R2A2	2213057	S	18	8	26	0.0000004224
Pseudomonas reinekei	395598	S	26	0	26	0.0000004224
Pseudomonas gozinkensis	2774461	S	23	3	26	0.0000004224
Vibrio splendidus	29497	S	26	0	26	0.0000004224
Colwellia sp. Arc7-635	2497879	S	26	0	26	0.0000004224
Legionella cherrii	28084	S	26	0	26	0.0000004224
Laribacter hongkongensis	168471	S	26	0	26	0.0000004224
Flavobacterium columnare	996	S	26	0	26	0.0000004224
Empedobacter falsenii	343874	S	21	5	26	0.0000004224
Natrinema pallidum	69527	S	26	0	26	0.0000004224
Palaeococcus pacificus	971279	S	26	0	26	0.0000004224
Fictibacillus phosphorivorans	1221500	S	25	0	25	0.0000004061
Oceanobacillus kimchii	746691	S	25	0	25	0.0000004061
Ligilactobacillus ruminis	1623	S	25	0	25	0.0000004061
Clostridium sp. AWRP	2212991	S	25	0	25	0.0000004061
Agromyces flavus	589382	S	23	2	25	0.0000004061
Nostoc edaphicum	264686	S	14	11	25	0.0000004061
Synechococcus sp. A18-25c	1866938	S	9	16	25	0.0000004061
Leptolyngbya sp. NIES-3755	1752064	S	25	0	25	0.0000004061
Mycoplasma capricolum	2095	S	23	2	25	0.0000004061
Pseudomonas sp. R3-18-08	1173283	S	11	14	25	0.0000004061
Pseudomonas sp. R2-37-08W	1173273	S	8	17	25	0.0000004061
Pseudomonas veronii	76761	S	14	11	25	0.0000004061
Pseudomonas lini	163011	S	24	1	25	0.0000004061
Pseudomonas thivervalensis	86265	S	24	1	25	0.0000004061
Acinetobacter ursingii	108980	S	25	0	25	0.0000004061
Pseudoxanthomonas mexicana	128785	S	25	0	25	0.0000004061
Coxiella burnetii	777	S	24	1	25	0.0000004061
Haemophilus parainfluenzae	729	S	25	0	25	0.0000004061
Haemophilus influenzae	727	S	23	2	25	0.0000004061
Bradyrhizobium erythrophlei	1437360	S	25	0	25	0.0000004061
Mesorhizobium opportunistum	593909	S	24	1	25	0.0000004061
Sorangium cellulosum	56	S	24	1	25	0.0000004061
Desulfonema magnum	45655	S	25	0	25	0.0000004061
Formosa agariphila	320324	S	25	0	25	0.0000004061
Urechidicola croceus	1850246	S	23	2	25	0.0000004061
Chryseobacterium sp. JV274	1932669	S	22	3	25	0.0000004061
Chryseobacterium indoltheticum	254	S	23	2	25	0.0000004061
Coprobacter sp. 2CBH44	2751153	S	23	2	25	0.0000004061
Lignipirellula cremea	2528010	S	15	10	25	0.0000004061
Fusobacterium ulcerans	861	S	24	1	25	0.0000004061
Thermodesulfobacterium geofontis	1295609	S	24	1	25	0.0000004061
Methanothrix soehngenii	2223	S	9	16	25	0.0000004061
Lysinibacillus sp. FJAT-51161	2590012	S	24	0	24	0.0000003899
Virgibacillus necropolis	163877	S	24	0	24	0.0000003899
Sediminibacillus sp. DP4-553-S	2729421	S	24	0	24	0.0000003899
Geosporobacter ferrireducens	1424294	S	24	0	24	0.0000003899
Caproiciproducens sp. 7D4C2	2721621	S	24	0	24	0.0000003899
Thermoanaerobacterium xylanolyticum	29329	S	23	1	24	0.0000003899
Halobacteroides halobius	42422	S	24	0	24	0.0000003899
Streptomyces cyaneogriseus	68192	S	24	0	24	0.0000003899
Mycobacterium tuberculosis	1773	S	21	3	24	0.0000003899
Corynebacterium deserti	1408191	S	24	0	24	0.0000003899
Calothrix sp. NIES-2100	1954172	S	15	9	24	0.0000003899
Citrobacter sp. LUTT5	2697370	S	4	20	24	0.0000003899
Enterobacter sp. RHBSTW-00422	2742646	S	2	22	24	0.0000003899
Phytobacter diazotrophicus	395631	S	11	13	24	0.0000003899
secondary endosymbiont of Ctenarytaina eucalypti	1199245	S	24	0	24	0.0000003899
Candidatus Hoaglandella endobia	1778263	S	24	0	24	0.0000003899
Pseudomonas sp. S09G 359	2054919	S	23	1	24	0.0000003899
Pseudomonas sp. SDM007	2812000	S	21	3	24	0.0000003899
Pseudomonas sp. phDV1	253237	S	15	9	24	0.0000003899
Pseudomonas sp. S49	1573720	S	11	13	24	0.0000003899
Pseudomonas sp. Os17	1500686	S	11	13	24	0.0000003899
Pseudomonas mandelii	75612	S	13	11	24	0.0000003899
Vibrio mediterranei	689	S	24	0	24	0.0000003899
Aliivibrio fischeri	668	S	24	0	24	0.0000003899
Thalassolituus oleivorans	187493	S	24	0	24	0.0000003899
Granulosicoccus antarcticus	437505	S	24	0	24	0.0000003899
Microbulbifer sp. GL-2	2591606	S	23	1	24	0.0000003899
Diaphorobacter sp. JS3051	2792224	S	8	16	24	0.0000003899
Ottowia sp. 27C	2816950	S	24	0	24	0.0000003899
Burkholderia stabilis	95485	S	23	1	24	0.0000003899
Rhizobacter sp. AJA081-3	2753607	S	23	1	24	0.0000003899
Thauera humireducens	1134435	S	24	0	24	0.0000003899
Roseovarius faecimaris	2494550	S	24	0	24	0.0000003899
Lutibacter profundi	1622118	S	24	0	24	0.0000003899
Chryseobacterium camelliae	1265445	S	19	5	24	0.0000003899
Fusobacterium pseudoperiodonticum	2663009	S	16	8	24	0.0000003899
Sneathia vaginalis	187101	S	24	0	24	0.0000003899
Luteitalea pratensis	1855912	S	24	0	24	0.0000003899
Bacillus smithii	1479	S	23	0	23	0.0000003736
Priestia flexa	86664	S	23	0	23	0.0000003736
Alkalihalobacillus halodurans	86665	S	23	0	23	0.0000003736
Alicyclobacillus acidocaldarius	405212	S	23	0	23	0.0000003736
Weissella cryptocerci	2506420	S	23	0	23	0.0000003736
Loigolactobacillus coryniformis	1610	S	20	3	23	0.0000003736
Streptococcus ratti	1341	S	23	0	23	0.0000003736
Alkaliphilus metalliredigens	208226	S	23	0	23	0.0000003736
Mageeibacillus indolicus	884684	S	23	0	23	0.0000003736
Nostoc linckia	92942	S	13	10	23	0.0000003736
Fischerella sp. NIES-3754	1752063	S	10	13	23	0.0000003736
Candidatus Izimaplasma sp. HR1	1541959	S	23	0	23	0.0000003736
secondary endosymbiont of Heteropsylla cubana	134287	S	23	0	23	0.0000003736
Yersinia enterocolitica	630	S	23	0	23	0.0000003736
Pseudomonas sp. Tri1	2823875	S	22	1	23	0.0000003736
Pseudomonas sp. 14181154	2662033	S	19	4	23	0.0000003736
Pseudomonas sp. THAF7b	2587845	S	14	9	23	0.0000003736
Pseudomonas sp. LBUM920	2126069	S	11	12	23	0.0000003736
Pseudomonas asplenii	53407	S	19	4	23	0.0000003736
Vibrio harveyi	669	S	23	0	23	0.0000003736
Salinivibrio costicola	51367	S	2	21	23	0.0000003736
Xanthomonas citri	346	S	23	0	23	0.0000003736
Stenotrophomonas sp. Pemsol	2040586	S	3	20	23	0.0000003736
Legionella jordanis	456	S	22	1	23	0.0000003736
Mannheimia haemolytica	75985	S	22	1	23	0.0000003736
Sphaerotilus natans	34103	S	22	1	23	0.0000003736
Arcobacter peruensis	2320140	S	2	21	23	0.0000003736
Flavobacterium sp. I3-2	2748319	S	16	7	23	0.0000003736
Polaribacter haliotis	1888915	S	22	1	23	0.0000003736
Methanosarcina mazei	2209	S	21	2	23	0.0000003736
Sulfolobus islandicus	43080	S	23	0	23	0.0000003736
Lederbergia lentus	1467	S	22	0	22	0.0000003574
Enterococcus thailandicus	417368	S	22	0	22	0.0000003574
Streptococcus dysgalactiae	1334	S	21	1	22	0.0000003574
Carnobacterium maltaromaticum	2751	S	21	1	22	0.0000003574
Clostridium septicum	1504	S	22	0	22	0.0000003574
Cellulosilyticum lentocellum	29360	S	14	8	22	0.0000003574
Anaerobutyricum hallii	39488	S	22	0	22	0.0000003574
Intestinibaculum porci	2487118	S	22	0	22	0.0000003574
Mycobacterium avium	1764	S	22	0	22	0.0000003574
Mycoplasma hyosynoviae	29559	S	22	0	22	0.0000003574
Enterobacter sp. SES19	2705458	S	17	5	22	0.0000003574
Edwardsiella hoshinae	93378	S	22	0	22	0.0000003574
Pseudomonas sp. J380	2605424	S	14	8	22	0.0000003574
Pseudomonas graminis	158627	S	21	1	22	0.0000003574
Pseudomonas viciae	2505979	S	21	1	22	0.0000003574
Acinetobacter bereziniae	106648	S	22	0	22	0.0000003574
Vibrio azureus	512649	S	22	0	22	0.0000003574
Francisella sp. LA112445	1395624	S	22	0	22	0.0000003574
Aeromonas veronii	654	S	22	0	22	0.0000003574
Legionella anisa	28082	S	20	2	22	0.0000003574
Acidovorax sp. 1608163	2478662	S	21	1	22	0.0000003574
Comamonas thiooxydans	363952	S	14	8	22	0.0000003574
Xylophilus rhododendri	2697032	S	21	1	22	0.0000003574
Azospira sp. I09	1765049	S	13	9	22	0.0000003574
Desulfuromonas soudanensis	1603606	S	22	0	22	0.0000003574
Arcobacter defluvii	873191	S	20	2	22	0.0000003574
Flavobacterium sp. CS20	2775246	S	21	1	22	0.0000003574
Salegentibacter sp. T436	1729720	S	19	3	22	0.0000003574
Pedobacter sp. HDW13	2714940	S	22	0	22	0.0000003574
Methanolacinia petrolearia	54120	S	22	0	22	0.0000003574
Bacillus wiedmannii	1890302	S	15	6	21	0.0000003412
Alkalihalobacillus pseudofirmus	79885	S	21	0	21	0.0000003412
Anoxybacillus flavithermus	33934	S	13	8	21	0.0000003412
Abyssicoccus albus	1817405	S	21	0	21	0.0000003412
Brochothrix thermosphacta	2756	S	21	0	21	0.0000003412
Planococcus sp. MB-3u-03	2058136	S	20	1	21	0.0000003412
Planococcus halocryophilus	1215089	S	20	1	21	0.0000003412
Lactobacillus crispatus	47770	S	21	0	21	0.0000003412
Lactobacillus amylovorus	1604	S	20	1	21	0.0000003412
Liquorilactobacillus nagelii	82688	S	18	3	21	0.0000003412
Streptococcus salivarius	1304	S	21	0	21	0.0000003412
Streptococcus pantholopis	1811193	S	21	0	21	0.0000003412
Aerococcus urinaeequi	51665	S	12	9	21	0.0000003412
Blautia sp. LZLJ-3	2779518	S	21	0	21	0.0000003412
Schnuerera ultunensis	45497	S	21	0	21	0.0000003412
Streptomyces venezuelae	54571	S	21	0	21	0.0000003412
Planktothrix rubescens	59512	S	9	12	21	0.0000003412
Candidatus Purcelliella pentastirinorum	472834	S	21	0	21	0.0000003412
Candidatus Doolittlea endobia	1778262	S	21	0	21	0.0000003412
Dickeya zeae	204042	S	20	1	21	0.0000003412
Pseudomonas sp. 15A4	2804761	S	20	1	21	0.0000003412
Pseudomonas sp. FDAARGOS_380	2018067	S	17	4	21	0.0000003412
Pseudomonas sp. LPH1	1898684	S	16	5	21	0.0000003412
Acinetobacter oleivorans	1148157	S	21	0	21	0.0000003412
Vibrio owensii	696485	S	21	0	21	0.0000003412
Photobacterium profundum	74109	S	21	0	21	0.0000003412
Xanthomonas campestris	339	S	21	0	21	0.0000003412
Alteromonas mediterranea	314275	S	20	1	21	0.0000003412
Methylotuvimicrobium buryatense	95641	S	14	7	21	0.0000003412
Frischella perrara	1267021	S	20	1	21	0.0000003412
Acidovorax sp. RAC01	1842533	S	19	2	21	0.0000003412
Cupriavidus metallidurans	119219	S	20	1	21	0.0000003412
Citromicrobium sp. JL477	1634516	S	21	0	21	0.0000003412
Brevundimonas diminuta	293	S	9	12	21	0.0000003412
Candidatus Paracaedibacter acanthamoebae	91604	S	21	0	21	0.0000003412
Helicobacter bilis	37372	S	21	0	21	0.0000003412
Flavobacterium johnsoniae	986	S	21	0	21	0.0000003412
Aequorivita sp. KX20305	2803865	S	21	0	21	0.0000003412
Bernardetia litoralis	999	S	21	0	21	0.0000003412
Alkalitalea saponilacus	889453	S	21	0	21	0.0000003412
Paenibacillus sp. FSL H7-0737	1536775	S	18	2	20	0.0000003249
Paenibacillus physcomitrellae	1619311	S	20	0	20	0.0000003249
Aneurinibacillus sp. XH2	1450761	S	20	0	20	0.0000003249
Jeotgalibacillus malaysiensis	1508404	S	20	0	20	0.0000003249
Levilactobacillus suantsaii	2292255	S	19	1	20	0.0000003249
Lentilactobacillus kefiri	33962	S	18	2	20	0.0000003249
Geitlerinema sp. PCC 7407	1173025	S	19	1	20	0.0000003249
Mycoplasma nasistruthionis	353852	S	20	0	20	0.0000003249
Candidatus Phytoplasma luffae	35773	S	16	4	20	0.0000003249
Citrobacter sp. B72	2807631	S	7	13	20	0.0000003249
Enterobacter sp. YSU	648691	S	7	13	20	0.0000003249
Phytobacter sp. SCO41	1756993	S	9	11	20	0.0000003249
Pseudomonas sp. ADAK18	2730848	S	20	0	20	0.0000003249
Pseudomonas sp. NIBRBAC000502773	2590776	S	17	3	20	0.0000003249
Pseudomonas sp. S150	2559074	S	14	6	20	0.0000003249
Pseudomonas sp. MYb193	1827300	S	14	6	20	0.0000003249
Pseudomonas sp. GR 6-02	1659194	S	9	11	20	0.0000003249
Acinetobacter sp. 10FS3-1	2563897	S	19	1	20	0.0000003249
Acinetobacter radioresistens	40216	S	20	0	20	0.0000003249
Vibrio alginolyticus	663	S	20	0	20	0.0000003249
Vibrio sp. ZWAL4003	2711221	S	20	0	20	0.0000003249
Vibrio vulnificus	672	S	20	0	20	0.0000003249
Stenotrophomonas sp. WZN-1	2005046	S	3	17	20	0.0000003249
Shewanella baltica	62322	S	12	8	20	0.0000003249
Nitrosococcus watsonii	473531	S	19	1	20	0.0000003249
Variovorax sp. RA8	662548	S	18	2	20	0.0000003249
Cupriavidus necator	106590	S	20	0	20	0.0000003249
Herbaspirillum huttiense	863372	S	19	1	20	0.0000003249
Acetobacter pasteurianus	438	S	13	7	20	0.0000003249
Wolbachia endosymbiont of Drosophila simulans	77038	S	5	15	20	0.0000003249
Myxococcus xanthus	34	S	20	0	20	0.0000003249
Flavobacterium crocinum	2183896	S	20	0	20	0.0000003249
Tenacibaculum jejuense	584609	S	20	0	20	0.0000003249
Candidatus Sulcia muelleri	336810	S	20	0	20	0.0000003249
Coraliomargarita akajimensis	395922	S	20	0	20	0.0000003249
Thermosulfidibacter takaii	412593	S	20	0	20	0.0000003249
Dissulfurispira thermophila	2715679	S	20	0	20	0.0000003249
Methanosarcina sp. MTP4	1434100	S	5	15	20	0.0000003249
Enterobacteria phage BP-4795	196242	S	3	17	20	0.0000003249
Cyanophage P-RSM6	929832	S	20	0	20	0.0000003249
Virgibacillus sp. Bac330	2419841	S	5	14	19	0.0000003087
Anoxybacillus sp. PDR2	1636720	S	3	16	19	0.0000003087
Lactobacillus apis	303541	S	19	0	19	0.0000003087
Companilactobacillus alimentarius	1602	S	18	1	19	0.0000003087
Acetilactobacillus jinshanensis	1720083	S	19	0	19	0.0000003087
Enterococcus casseliflavus	37734	S	17	2	19	0.0000003087
Streptococcus cristatus	45634	S	18	1	19	0.0000003087
Lactococcus cremoris	1359	S	17	2	19	0.0000003087
Lactococcus lactis	1358	S	14	5	19	0.0000003087
Clostridium sp. DL-VIII	641107	S	19	0	19	0.0000003087
Clostridium intestinale	36845	S	19	0	19	0.0000003087
Desulfosporosinus youngiae	339862	S	18	1	19	0.0000003087
Alkalibacter sp. ES005	2815577	S	19	0	19	0.0000003087
Megamonas hypermegale	158847	S	13	6	19	0.0000003087
Longibaculum sp. KGMB06250	2584943	S	6	13	19	0.0000003087
Jiangella alkaliphila	419479	S	19	0	19	0.0000003087
Nostoc flagelliforme	1306274	S	10	9	19	0.0000003087
Nostoc sphaeroides	446679	S	8	11	19	0.0000003087
Dolichospermum compactum	136073	S	5	14	19	0.0000003087
Scytonema sp. HK-05	1137095	S	18	1	19	0.0000003087
Fischerella sp. NIES-4106	2005456	S	17	2	19	0.0000003087
Microcoleus sp. PCC 7113	1173027	S	17	2	19	0.0000003087
Mycoplasma bovirhinis	29553	S	19	0	19	0.0000003087
Enterobacter sp. N18-03635	2500132	S	14	5	19	0.0000003087
Nissabacter sp. SGAir0207	2126321	S	19	0	19	0.0000003087
Erwinia gerundensis	1619313	S	19	0	19	0.0000003087
Dickeya dianthicola	204039	S	8	11	19	0.0000003087
Brenneria rubrifaciens	55213	S	16	3	19	0.0000003087
Pseudomonas sp. LG1E9	2219057	S	18	1	19	0.0000003087
Pseudomonas sp. DR 5-09	1534110	S	16	3	19	0.0000003087
Pseudomonas soli	1306993	S	11	8	19	0.0000003087
Halomonas sp. Y2R2	2562282	S	19	0	19	0.0000003087
Marinobacterium georgiense	48076	S	19	0	19	0.0000003087
Thiomicrorhabdus aquaedulcis	2211106	S	18	1	19	0.0000003087
Histophilus somni	731	S	19	0	19	0.0000003087
Gilliamella apicola	1196095	S	18	1	19	0.0000003087
Schlegelella thermodepolymerans	215580	S	19	0	19	0.0000003087
Undibacterium sp. KW1	2058624	S	15	4	19	0.0000003087
Chromobacterium paludis	2605945	S	16	3	19	0.0000003087
Sinorhizobium fredii	380	S	15	4	19	0.0000003087
Croceicoccus sp. YJ47	2798724	S	18	1	19	0.0000003087
Paracoccus sanguinis	1545044	S	17	2	19	0.0000003087
Desulfocapsa sulfexigens	65555	S	19	0	19	0.0000003087
Polaribacter sp. SA4-12	1312072	S	19	0	19	0.0000003087
Gramella fulva	2126553	S	17	2	19	0.0000003087
Costertonia aggregata	343403	S	19	0	19	0.0000003087
Chryseobacterium carnipullorum	1124835	S	16	3	19	0.0000003087
Elizabethkingia meningoseptica	238	S	19	0	19	0.0000003087
Elizabethkingia miricola	172045	S	10	9	19	0.0000003087
Borrelia crocidurae	29520	S	3	16	19	0.0000003087
Brachyspira hyodysenteriae	159	S	16	3	19	0.0000003087
Natrialba magadii	13769	S	19	0	19	0.0000003087
Anoxybacillus caldiproteolyticus	247480	S	18	0	18	0.0000002924
Pontibacillus sp. HMF3514	2692425	S	18	0	18	0.0000002924
Ligilactobacillus acidipiscis	89059	S	18	0	18	0.0000002924
Clostridium baratii	1561	S	18	0	18	0.0000002924
Desulfitobacterium hafniense	49338	S	18	0	18	0.0000002924
Ezakiella massiliensis	1852374	S	18	0	18	0.0000002924
Nostoc sp. NIES-4103	2005458	S	16	2	18	0.0000002924
Nodularia spumigena	70799	S	7	11	18	0.0000002924
Spiroplasma tabanidicola	324079	S	17	1	18	0.0000002924
Candidatus Gullanella endobia	1070130	S	18	0	18	0.0000002924
Enterobacteriaceae endosymbiont of Plateumaris consimilis	2675794	S	17	1	18	0.0000002924
Serratia fonticola	47917	S	18	0	18	0.0000002924
Providencia alcalifaciens	126385	S	12	6	18	0.0000002924
Brenneria sp. Ir50	2722756	S	11	7	18	0.0000002924
Pseudomonas sp. SWI36	2083052	S	8	10	18	0.0000002924
Pseudomonas sp. 13159349	2662034	S	5	13	18	0.0000002924
Vibrio sp. THAF191c	2661921	S	3	15	18	0.0000002924
Aeromonas hydrophila	644	S	18	0	18	0.0000002924
Acidovorax sp. KKS102	358220	S	16	2	18	0.0000002924
Acidovorax avenae	80867	S	14	4	18	0.0000002924
Pandoraea apista	93218	S	17	1	18	0.0000002924
Pandoraea vervacti	656178	S	17	1	18	0.0000002924
Rubrivivax gelatinosus	28068	S	17	1	18	0.0000002924
Aquitalea sp. USM4	1590041	S	15	3	18	0.0000002924
Thauera hydrothermalis	2184083	S	18	0	18	0.0000002924
Rhodopseudomonas palustris	1076	S	17	1	18	0.0000002924
Mesorhizobium sp. M1B.F.Ca.ET.045.04.1.1	2493673	S	18	0	18	0.0000002924
Phaeobacter inhibens	221822	S	14	4	18	0.0000002924
Aliarcobacter butzleri	28197	S	16	2	18	0.0000002924
Flavobacterium sp. KBS0721	1179672	S	18	0	18	0.0000002924
Flavobacterium sp. 140616W15	2478552	S	18	0	18	0.0000002924
Polaribacter sp. ALD11	2058137	S	18	0	18	0.0000002924
Chryseobacterium gleum	250	S	11	7	18	0.0000002924
Elizabethkingia sp. 2-6	2575699	S	8	10	18	0.0000002924
Brachyspira murdochii	84378	S	15	3	18	0.0000002924
Leptospira santarosai	28183	S	18	0	18	0.0000002924
Leptospira borgpetersenii	174	S	15	3	18	0.0000002924
Granulicella tundricola	940615	S	18	0	18	0.0000002924
Methanocella conradii	1175444	S	18	0	18	0.0000002924
Moumouvirus	985782	S	18	0	18	0.0000002924
Bacillus albus	2026189	S	13	4	17	0.0000002762
Geobacillus thermocatenulatus	33938	S	12	5	17	0.0000002762
Caldibacillus thermoamylovorans	35841	S	17	0	17	0.0000002762
Staphylococcus sp. AntiMn-1	1715860	S	5	12	17	0.0000002762
Paenibacillus sp. M-152	2487928	S	6	11	17	0.0000002762
Sporosarcina sp. PTS2304	2283194	S	16	1	17	0.0000002762
Lentilactobacillus hilgardii	1588	S	17	0	17	0.0000002762
Fructilactobacillus lindneri	53444	S	16	1	17	0.0000002762
Vagococcus hydrophili	2714947	S	15	2	17	0.0000002762
Sarcina sp. JB2	2726954	S	17	0	17	0.0000002762
Streptomyces rapamycinicus	1226757	S	17	0	17	0.0000002762
Nocardioides sp. zg-579	2663857	S	17	0	17	0.0000002762
Nocardioides sp. JQ2195	2592334	S	17	0	17	0.0000002762
Micromonospora sp. WMMA2032	2039870	S	16	1	17	0.0000002762
Bifidobacterium longum	216816	S	13	4	17	0.0000002762
Rivularia sp. PCC 7116	373994	S	16	1	17	0.0000002762
Trichodesmium erythraeum	1206	S	17	0	17	0.0000002762
Prochlorococcus marinus	1219	S	17	0	17	0.0000002762
Enterobacter sp. E20	1560339	S	10	7	17	0.0000002762
Metakosakonia sp. MRY16-398	2487150	S	9	8	17	0.0000002762
Serratia proteamaculans	28151	S	17	0	17	0.0000002762
Serratia plymuthica	82996	S	16	1	17	0.0000002762
Yersinia massiliensis	419257	S	16	1	17	0.0000002762
Proteus penneri	102862	S	7	10	17	0.0000002762
Mixta calida	665913	S	15	2	17	0.0000002762
Leminorella richardii	158841	S	17	0	17	0.0000002762
Pseudomonas sp. LH1G9	2083055	S	8	9	17	0.0000002762
Pseudomonas sp. RU47	2005388	S	8	9	17	0.0000002762
Pseudomonas sp. R2-60-08W	1173280	S	4	13	17	0.0000002762
Pseudomonas allokribbensis	2774460	S	16	1	17	0.0000002762
Pseudomonas lactis	1615674	S	14	3	17	0.0000002762
Moraxella ovis	29433	S	12	5	17	0.0000002762
Candidatus Carsonella ruddii (Diaphorina cf. continua)	2661587	S	16	1	17	0.0000002762
Shewanella maritima	2520507	S	17	0	17	0.0000002762
Colwellia sp. Arc7-D	2161872	S	17	0	17	0.0000002762
Legionella pneumophila	446	S	16	1	17	0.0000002762
Rhodoferax ferrireducens	192843	S	17	0	17	0.0000002762
Nitrosomonas communis	44574	S	16	1	17	0.0000002762
Bradyrhizobium lablabi	722472	S	9	8	17	0.0000002762
Breoghania sp. L-A4	2304600	S	17	0	17	0.0000002762
Paracoccus sp. MC1862	2760307	S	17	0	17	0.0000002762
Polaribacter sejongensis	985043	S	17	0	17	0.0000002762
Echinicola sp. LN3S3	2591634	S	15	2	17	0.0000002762
Bacteroides fragilis	817	S	15	2	17	0.0000002762
Barnesiella viscericola	397865	S	16	1	17	0.0000002762
Chitinophaga sp. MD30	2033437	S	12	5	17	0.0000002762
Rhodopirellula baltica	265606	S	13	4	17	0.0000002762
Treponema denticola	158	S	17	0	17	0.0000002762
Leptospira weilii	28184	S	15	2	17	0.0000002762
Sebaldella termitidis	826	S	17	0	17	0.0000002762
Haloquadratum walsbyi	293091	S	17	0	17	0.0000002762
Acidianus brierleyi	41673	S	17	0	17	0.0000002762
Bacillus sp. SYJ	2529386	S	4	12	16	0.0000002599
Priestia filamentosa	1402861	S	16	0	16	0.0000002599
Alkalihalobacillus krulwichiae	199441	S	16	0	16	0.0000002599
Alkalihalobacillus lehensis	300825	S	14	2	16	0.0000002599
Limosilactobacillus frumenti	104955	S	16	0	16	0.0000002599
Lactobacillus acetotolerans	1600	S	16	0	16	0.0000002599
Lactobacillus gasseri	1596	S	9	7	16	0.0000002599
Weissella hellenica	46256	S	16	0	16	0.0000002599
Fructilactobacillus fructivorans	1614	S	16	0	16	0.0000002599
Liquorilactobacillus mali	1618	S	15	1	16	0.0000002599
Streptomyces parvulus	146923	S	16	0	16	0.0000002599
Amycolatopsis keratiniphila	129921	S	15	1	16	0.0000002599
Actinoalloteichus hoggarensis	1470176	S	14	2	16	0.0000002599
Micromonospora craniellae	2294034	S	15	1	16	0.0000002599
Frankia casuarinae	106370	S	16	0	16	0.0000002599
Nostoc sp. PCC 7107	317936	S	9	7	16	0.0000002599
Geminocystis herdmanii	669359	S	14	2	16	0.0000002599
Oscillatoria nigro-viridis	482564	S	15	1	16	0.0000002599
Mycoplasma gallinaceum	29556	S	16	0	16	0.0000002599
Citrobacter sp. RHB35-C21	2742626	S	3	13	16	0.0000002599
Enterobacter cloacae complex sp. ECNIH7	1915310	S	8	8	16	0.0000002599
Enterobacter sp. RHBSTW-00975	2742673	S	8	8	16	0.0000002599
Enterobacter mori	539813	S	10	6	16	0.0000002599
Providencia heimbachae	333962	S	10	6	16	0.0000002599
Pantoea eucalypti	470933	S	4	12	16	0.0000002599
Pseudomonas sp. MPDS	2762896	S	4	12	16	0.0000002599
Pseudomonas syringae group genomosp. 3	251701	S	13	3	16	0.0000002599
Acinetobacter sp. MYb10	1827285	S	16	0	16	0.0000002599
Lysobacter enzymogenes	69	S	16	0	16	0.0000002599
Thermomonas brevis	215691	S	16	0	16	0.0000002599
Pseudoalteromonas sp. R3	1709477	S	16	0	16	0.0000002599
Shewanella sp. WPAGA9	2775245	S	8	8	16	0.0000002599
Actinobacillus pleuropneumoniae	715	S	11	5	16	0.0000002599
Hydrogenophaga sp. PBL-H3	434010	S	15	1	16	0.0000002599
Delftia tsuruhatensis	180282	S	10	6	16	0.0000002599
Burkholderia cepacia	292	S	15	1	16	0.0000002599
Burkholderia sp. CCGE1003	640512	S	16	0	16	0.0000002599
Paraburkholderia phytofirmans	261302	S	14	2	16	0.0000002599
Polynucleobacter necessarius	576610	S	14	2	16	0.0000002599
Massilia lutea	321985	S	15	1	16	0.0000002599
Herbaspirillum rubrisubalbicans	80842	S	16	0	16	0.0000002599
Rhizobium sp. BG4	2613770	S	15	1	16	0.0000002599
Agrobacterium rhizogenes	359	S	10	6	16	0.0000002599
Methylobacterium aquaticum	270351	S	14	2	16	0.0000002599
Bartonella sp. HY038	2759660	S	16	0	16	0.0000002599
Archangium violaceum	83451	S	16	0	16	0.0000002599
Campylobacter sp. CFSAN093238	2572084	S	1	15	16	0.0000002599
Nitratiruptor labii	2706014	S	16	0	16	0.0000002599
Capnocytophaga sputigena	1019	S	14	2	16	0.0000002599
Psychroflexus sp. ALD_RP9	2777186	S	16	0	16	0.0000002599
Chryseobacterium arthrosphaerae	651561	S	13	3	16	0.0000002599
Weeksella virosa	1014	S	14	2	16	0.0000002599
Spirosoma sp. PL0136	2710596	S	16	0	16	0.0000002599
Flammeovirga pectinis	2494373	S	16	0	16	0.0000002599
Phocaeicola coprophilus	387090	S	14	2	16	0.0000002599
Symmachiella dynata	2527995	S	16	0	16	0.0000002599
Mesotoga prima	1184387	S	16	0	16	0.0000002599
Mesotoga infera	1236046	S	16	0	16	0.0000002599
Thermococcus sibiricus	172049	S	16	0	16	0.0000002599
Thermococcus gorgonarius	71997	S	15	1	16	0.0000002599
Rhinolophus gammaherpesvirus 1	2054179	S	16	0	16	0.0000002599
Bacillus sp. BD59S	2499213	S	5	10	15	0.0000002437
Lysinibacillus sp. SGAir0095	2070463	S	15	0	15	0.0000002437
Geobacillus sp. GHH01	1233873	S	2	13	15	0.0000002437
Oceanobacillus iheyensis	182710	S	15	0	15	0.0000002437
Brevibacillus formosus	54913	S	14	1	15	0.0000002437
Ureibacillus thermosphaericus	51173	S	15	0	15	0.0000002437
Ligilactobacillus saerimneri	228229	S	15	0	15	0.0000002437
Leuconostoc gelidum	1244	S	15	0	15	0.0000002437
Tetragenococcus koreensis	290335	S	15	0	15	0.0000002437
Aerococcus sanguinicola	119206	S	15	0	15	0.0000002437
Clostridium gasigenes	94869	S	15	0	15	0.0000002437
Clostridium cellulovorans	1493	S	15	0	15	0.0000002437
Desulfotomaculum nigrificans	1565	S	11	4	15	0.0000002437
Thermoanaerobacterium thermosaccharolyticum	1517	S	14	1	15	0.0000002437
Keratinibaculum paraultunense	1278232	S	15	0	15	0.0000002437
Streptomyces sp. ZYC-3	2797636	S	15	0	15	0.0000002437
Streptomyces sp. RTd22	1841249	S	15	0	15	0.0000002437
Streptomyces phaeolivaceus	2653200	S	15	0	15	0.0000002437
Nostoc sp. TCL26-01	2576904	S	14	1	15	0.0000002437
Nostoc sp. UHCC 0702	2814655	S	13	2	15	0.0000002437
Acholeplasma brassicae	61635	S	10	5	15	0.0000002437
Deinococcus swuensis	1182571	S	15	0	15	0.0000002437
Providencia sneebia	516075	S	12	3	15	0.0000002437
Pantoea sp. SO10	2575375	S	15	0	15	0.0000002437
Dickeya chrysanthemi	556	S	15	0	15	0.0000002437
Pseudomonas sp. UW4	1207075	S	12	3	15	0.0000002437
Pseudomonas sp. FGI182	1259844	S	11	4	15	0.0000002437
Pseudomonas sp. R4-34-07	658642	S	4	11	15	0.0000002437
Pseudomonas atacamensis	2565368	S	12	3	15	0.0000002437
Vibrio sp. Scap24	2589990	S	15	0	15	0.0000002437
Vibrio europaeus	300876	S	9	6	15	0.0000002437
Vibrio ponticus	265668	S	15	0	15	0.0000002437
Pseudoalteromonas xiamenensis	882626	S	15	0	15	0.0000002437
Pseudoalteromonas phenolica	161398	S	14	1	15	0.0000002437
Pseudoalteromonas paragorgicola	166934	S	9	6	15	0.0000002437
Shewanella aestuarii	1028752	S	15	0	15	0.0000002437
Shewanella woodyi	60961	S	15	0	15	0.0000002437
Alteromonas macleodii	28108	S	15	0	15	0.0000002437
Colwellia psychrerythraea	28229	S	15	0	15	0.0000002437
Thalassotalea crassostreae	1763536	S	15	0	15	0.0000002437
Oceanisphaera profunda	1416627	S	9	6	15	0.0000002437
Microbulbifer sp. A4B17	359370	S	14	1	15	0.0000002437
Hydrogenophaga sp. RAC07	1842537	S	15	0	15	0.0000002437
Acidovorax antarcticus	2743470	S	15	0	15	0.0000002437
Candidatus Symbiobacter mobilis	1436290	S	15	0	15	0.0000002437
Achromobacter xylosoxidans	85698	S	14	1	15	0.0000002437
Janthinobacterium lividum	29581	S	11	4	15	0.0000002437
Candidatus Liberibacter asiaticus	34021	S	9	6	15	0.0000002437
Methylobacterium sp. WL1	2603276	S	15	0	15	0.0000002437
Halocynthiibacter arcticus	1579316	S	15	0	15	0.0000002437
Azospirillum lipoferum	193	S	11	4	15	0.0000002437
Brevundimonas sp. LM2	1938605	S	15	0	15	0.0000002437
Pseudodesulfovibrio cashew	2678688	S	14	1	15	0.0000002437
Malaciobacter halophilus	197482	S	13	2	15	0.0000002437
Campylobacter sp. RM8964	1660074	S	15	0	15	0.0000002437
Polaribacter sp. KT25b	1855336	S	15	0	15	0.0000002437
Aequorivita sp. H23M31	2494375	S	15	0	15	0.0000002437
Spirosoma endbachense	2666025	S	14	1	15	0.0000002437
Pedobacter cryoconitis	188932	S	15	0	15	0.0000002437
Rosistilla oblonga	2527990	S	12	3	15	0.0000002437
Stieleria maiorica	2795974	S	9	6	15	0.0000002437
Candidatus Protochlamydia naegleriophila	389348	S	14	1	15	0.0000002437
Treponema caldarium	215591	S	15	0	15	0.0000002437
Treponema putidum	221027	S	15	0	15	0.0000002437
Fusobacterium sp. NSJ-57	2764326	S	15	0	15	0.0000002437
Persephonella marina	309805	S	15	0	15	0.0000002437
Bacillus sp. N1-1	2682541	S	14	0	14	0.0000002274
Bacillus sp. Y-01	2052936	S	3	11	14	0.0000002274
Lysinibacillus sp. 2017	2169540	S	14	0	14	0.0000002274
Geobacillus kaustophilus	1462	S	2	12	14	0.0000002274
Peribacillus asahii	228899	S	14	0	14	0.0000002274
Anaerobacillus isosaccharinicus	1532552	S	14	0	14	0.0000002274
Exiguobacterium sp. N4-1P	2051906	S	12	2	14	0.0000002274
Exiguobacterium antarcticum	132920	S	10	4	14	0.0000002274
Pediococcus inopinatus	114090	S	13	1	14	0.0000002274
Lentilactobacillus parabuchneri	152331	S	13	1	14	0.0000002274
Latilactobacillus curvatus	28038	S	13	1	14	0.0000002274
Melissococcus plutonius	33970	S	14	0	14	0.0000002274
Streptococcus equi	1336	S	14	0	14	0.0000002274
Clostridium fermenticellae	2068654	S	14	0	14	0.0000002274
Clostridium aceticum	84022	S	14	0	14	0.0000002274
Caldicellulosiruptor saccharolyticus	44001	S	14	0	14	0.0000002274
Acetohalobium arabaticum	28187	S	14	0	14	0.0000002274
Pelosinus fermentans	365349	S	14	0	14	0.0000002274
Streptomyces sp. GS7	2692234	S	14	0	14	0.0000002274
Mycobacteroides abscessus	36809	S	13	1	14	0.0000002274
Arthrobacter woluwensis	156980	S	14	0	14	0.0000002274
Rothia amarae	169480	S	14	0	14	0.0000002274
Nonomuraea sp. ATCC 55076	1909395	S	13	1	14	0.0000002274
Gloeothece verrucosa	2546359	S	14	0	14	0.0000002274
Citrobacter freundii complex sp. CFNIH9	2077149	S	5	9	14	0.0000002274
Serratia odorifera	618	S	14	0	14	0.0000002274
Dickeya dadantii	204038	S	11	3	14	0.0000002274
Pseudomonas sp. SXM-1	2169583	S	7	7	14	0.0000002274
Pseudomonas luteola	47886	S	13	1	14	0.0000002274
Pseudomonas bijieensis	2681983	S	6	8	14	0.0000002274
Psychrobacter urativorans	45610	S	14	0	14	0.0000002274
Xanthomonas vesicatoria	56460	S	14	0	14	0.0000002274
Sedimenticola thiotaurini	1543721	S	14	0	14	0.0000002274
Bibersteinia trehalosi	47735	S	3	11	14	0.0000002274
Oceanicoccus sagamiensis	716816	S	14	0	14	0.0000002274
Salinisphaera sp. LB1	2183911	S	14	0	14	0.0000002274
Variovorax sp. PBS-H4	434008	S	14	0	14	0.0000002274
Variovorax sp. PDNC026	2811425	S	1	13	14	0.0000002274
Rhodoferax antarcticus	81479	S	14	0	14	0.0000002274
Polaromonas naphthalenivorans	216465	S	14	0	14	0.0000002274
Pulveribacter suum	2116657	S	14	0	14	0.0000002274
Kinneretia sp. DAIF2	2714952	S	14	0	14	0.0000002274
Ralstonia pickettii	329	S	13	1	14	0.0000002274
Bordetella petrii	94624	S	13	1	14	0.0000002274
Sulfuriferula sp. AH1	1985873	S	12	2	14	0.0000002274
Sinorhizobium meliloti	382	S	14	0	14	0.0000002274
Bradyrhizobium japonicum	375	S	10	4	14	0.0000002274
Ehrlichia canis	944	S	11	3	14	0.0000002274
Geoalkalibacter subterraneus	483547	S	12	2	14	0.0000002274
Campylobacter iguaniorum	1244531	S	14	0	14	0.0000002274
Sediminicola sp. YIK13	1453352	S	14	0	14	0.0000002274
Seonamhaeicola sp. S2-3	1936081	S	14	0	14	0.0000002274
Chryseobacterium balustinum	246	S	12	2	14	0.0000002274
Kaistella antarctica	266748	S	14	0	14	0.0000002274
Cytophaga hutchinsonii	985	S	14	0	14	0.0000002274
Nibribacter ruber	2698458	S	14	0	14	0.0000002274
Pedobacter suwonensis	332999	S	14	0	14	0.0000002274
Pedobacter steynii	430522	S	14	0	14	0.0000002274
Chlorobium phaeobacteroides	1096	S	12	2	14	0.0000002274
Fuerstia marisgermanicae	1891926	S	14	0	14	0.0000002274
Streptobacillus moniliformis	34105	S	13	1	14	0.0000002274
Candidatus Solibacter usitatus	332163	S	14	0	14	0.0000002274
Haloplanus aerogenes	660522	S	14	0	14	0.0000002274
Methanosphaerula palustris	475088	S	14	0	14	0.0000002274
Methanosphaera stadtmanae	2317	S	14	0	14	0.0000002274
Cuniculiplasma divulgatum	1673428	S	14	0	14	0.0000002274
Geobacillus subterraneus	129338	S	11	2	13	0.0000002112
Virgibacillus phasianinus	2017483	S	13	0	13	0.0000002112
Metabacillus sp. cB07	2806989	S	13	0	13	0.0000002112
Parageobacillus thermoglucosidasius	1426	S	10	3	13	0.0000002112
Cytobacillus kochii	859143	S	13	0	13	0.0000002112
Gracilibacillus sp. SCU50	2663022	S	13	0	13	0.0000002112
Aeribacillus pallidus	33936	S	13	0	13	0.0000002112
Mammaliicoccus vitulinus	71237	S	12	1	13	0.0000002112
Paenibacillus sp. FSL R7-0273	1536772	S	13	0	13	0.0000002112
Paenibacillus sp. 32O-W	1695218	S	13	0	13	0.0000002112
Paenibacillus odorifer	189426	S	13	0	13	0.0000002112
Saccharibacillus brassicae	2583377	S	13	0	13	0.0000002112
Planococcus rifietoensis	200991	S	12	1	13	0.0000002112
Viridibacillus sp. JNUCC-6	2779527	S	13	0	13	0.0000002112
Weissella cibaria	137591	S	13	0	13	0.0000002112
Secundilactobacillus paracollinoides	240427	S	13	0	13	0.0000002112
Lactococcus raffinolactis	1366	S	13	0	13	0.0000002112
Blautia producta	33035	S	13	0	13	0.0000002112
Intestinimonas butyriciproducens	1297617	S	13	0	13	0.0000002112
Candidatus Syntrophocurvum alkaliphilum	2293317	S	7	6	13	0.0000002112
Megamonas funiformis	437897	S	10	3	13	0.0000002112
Streptacidiphilus bronchialis	2126346	S	13	0	13	0.0000002112
Corynebacterium striatum	43770	S	13	0	13	0.0000002112
Amycolatopsis japonica	208439	S	12	1	13	0.0000002112
Microcystis viridis	44822	S	5	8	13	0.0000002112
Synechococcus sp. CBW1006	1353138	S	4	9	13	0.0000002112
Halomicronema hongdechloris	1209493	S	13	0	13	0.0000002112
Mycoplasma conjunctivae	45361	S	6	7	13	0.0000002112
Spiroplasma melliferum	2134	S	3	10	13	0.0000002112
Pantoea sp. At-9b	592316	S	13	0	13	0.0000002112
Pantoea dispersa	59814	S	13	0	13	0.0000002112
Pantoea stewartii	66269	S	13	0	13	0.0000002112
Pseudomonas sp. B10	118613	S	11	2	13	0.0000002112
Pseudomonas sp. R76	1573711	S	11	2	13	0.0000002112
Pseudomonas sp. 09C 129	2054915	S	9	4	13	0.0000002112
Pseudomonas sp. BJP69	2597770	S	7	6	13	0.0000002112
Pseudomonas sp. LG1D9	2083054	S	5	8	13	0.0000002112
Pseudomonas sp. SGAir0191	2217867	S	11	2	13	0.0000002112
Candidatus Pseudomonas adelgestsugas	1302376	S	13	0	13	0.0000002112
Oblitimonas alkaliphila	1697053	S	13	0	13	0.0000002112
Halomonas sp. A3H3	1346287	S	1	12	13	0.0000002112
Xylella fastidiosa	2371	S	13	0	13	0.0000002112
Shewanella algae	38313	S	12	1	13	0.0000002112
Marinobacter salarius	1420917	S	12	1	13	0.0000002112
Catenovulum sediminis	1740262	S	13	0	13	0.0000002112
Moritella marina	90736	S	13	0	13	0.0000002112
Methylophaga nitratireducenticrescens	754476	S	13	0	13	0.0000002112
Sulfurifustis variabilis	1675686	S	11	2	13	0.0000002112
Acidovorax sp. JMULE5	2518343	S	12	1	13	0.0000002112
Delftia sp. Cs1-4	742013	S	9	4	13	0.0000002112
Burkholderia glumae	337	S	13	0	13	0.0000002112
Lautropia mirabilis	47671	S	13	0	13	0.0000002112
Turicimonas muris	1796652	S	13	0	13	0.0000002112
Chromobacterium haemolyticum	394935	S	1	12	13	0.0000002112
Bradyrhizobium diazoefficiens	1355477	S	7	6	13	0.0000002112
Sphingomonas melonis	152682	S	6	7	13	0.0000002112
Sulfurovum lithotrophicum	206403	S	13	0	13	0.0000002112
Bdellovibrio sp. NC01	2220073	S	13	0	13	0.0000002112
Mariprofundus aestuarium	1921086	S	13	0	13	0.0000002112
Kordia antarctica	1218801	S	13	0	13	0.0000002112
Algibacter sp. L1A34	2686365	S	13	0	13	0.0000002112
Flavivirga eckloniae	1803846	S	13	0	13	0.0000002112
Chryseobacterium taklimakanense	536441	S	11	2	13	0.0000002112
Spirosoma montaniterrae	1178516	S	13	0	13	0.0000002112
Hymenobacter oligotrophus	2319843	S	13	0	13	0.0000002112
Flammeovirga sp. MY04	1191459	S	13	0	13	0.0000002112
Candidatus Amoebophilus asiaticus	281120	S	13	0	13	0.0000002112
Prevotella intermedia	28131	S	13	0	13	0.0000002112
Niabella ginsenosidivorans	1176587	S	13	0	13	0.0000002112
Urbifossiella limnaea	2528023	S	13	0	13	0.0000002112
Poriferisphaera corsica	2528020	S	11	2	13	0.0000002112
Humisphaera borealis	2807512	S	11	2	13	0.0000002112
Treponema medium	58231	S	13	0	13	0.0000002112
Leptotrichia wadei	157687	S	12	1	13	0.0000002112
Methanobrevibacter ruminantium	83816	S	13	0	13	0.0000002112
Stygiolobus azoricus	41675	S	13	0	13	0.0000002112
Candidatus Mancarchaeum acidiphilum	1920749	S	13	0	13	0.0000002112
Bacillus beveridgei	632773	S	12	0	12	0.0000001949
[Brevibacterium] frigoritolerans	450367	S	9	3	12	0.0000001949
Oceanobacillus zhaokaii	2052660	S	12	0	12	0.0000001949
Pradoshia sp. D12	2651284	S	12	0	12	0.0000001949
[Micrococcus] candicans	946432	S	12	0	12	0.0000001949
Paenibacillus lentus	1338368	S	12	0	12	0.0000001949
Paenisporosarcina antarctica	417367	S	12	0	12	0.0000001949
Tumebacillus algifaecis	1214604	S	1	11	12	0.0000001949
Gemella morbillorum	29391	S	8	4	12	0.0000001949
Kroppenstedtia pulmonis	1380685	S	12	0	12	0.0000001949
Limosilactobacillus vaginalis	1633	S	12	0	12	0.0000001949
Ligilactobacillus agilis	1601	S	12	0	12	0.0000001949
Paucilactobacillus hokkaidonensis	1193095	S	12	0	12	0.0000001949
Pediococcus damnosus	51663	S	11	1	12	0.0000001949
Leuconostoc citreum	33964	S	5	7	12	0.0000001949
Leuconostoc sp. C2	979982	S	3	9	12	0.0000001949
Enterococcus sp. FDAARGOS_553	2420313	S	5	7	12	0.0000001949
Vagococcus sp. CF-49	2562451	S	9	3	12	0.0000001949
Clostridium sp. CT4	2320868	S	12	0	12	0.0000001949
Clostridium carboxidivorans	217159	S	12	0	12	0.0000001949
Clostridium isatidis	182773	S	12	0	12	0.0000001949
[Ruminococcus] gnavus	33038	S	11	1	12	0.0000001949
Romboutsia sp. CE17	2724150	S	12	0	12	0.0000001949
Carboxydocella thermautotrophica	178899	S	12	0	12	0.0000001949
Streptomyces sp. Tue 6075	1661694	S	12	0	12	0.0000001949
Streptomyces chartreusis	1969	S	12	0	12	0.0000001949
Mycobacterium ulcerans	1809	S	5	7	12	0.0000001949
Gordonia sp. 135	2676309	S	7	5	12	0.0000001949
Salinibacterium sp. ZJ450	2708338	S	12	0	12	0.0000001949
Salinispora arenicola	168697	S	12	0	12	0.0000001949
Actinomadura sp. WMMA1423	2591108	S	11	1	12	0.0000001949
Cryptobacterium curtum	84163	S	12	0	12	0.0000001949
Nostoc sp. PCC 7524	28072	S	11	1	12	0.0000001949
Gloeothece citriformis	2546356	S	12	0	12	0.0000001949
Cyanobacterium aponinum	379064	S	11	1	12	0.0000001949
Crinalium epipsammum	241425	S	11	1	12	0.0000001949
Pseudanabaena sp. ABRG5-3	685565	S	12	0	12	0.0000001949
Roseiflexus castenholzii	120962	S	10	2	12	0.0000001949
Candidatus Promineofilum breve	1806508	S	12	0	12	0.0000001949
Citrobacter sp. RHBSTW-00599	2742657	S	2	10	12	0.0000001949
Enterobacter cloacae complex sp. FDA-CDC-AR_0164	2077136	S	6	6	12	0.0000001949
Enterobacter sp. HK169	1868135	S	7	5	12	0.0000001949
Yersinia ruckeri	29486	S	12	0	12	0.0000001949
Yersinia entomophaga	935293	S	12	0	12	0.0000001949
Candidatus Fukatsuia symbiotica	1878942	S	12	0	12	0.0000001949
Xenorhabdus poinarii	40577	S	11	1	12	0.0000001949
Hafnia alvei	569	S	4	8	12	0.0000001949
Pseudomonas sp. LTJR-52	2479392	S	11	1	12	0.0000001949
Pseudomonas sp. Z003-0.4C(8344-21)	1855380	S	10	2	12	0.0000001949
Pseudomonas sp. XWY-1	2069256	S	4	8	12	0.0000001949
Entomomonas moraniae	2213226	S	12	0	12	0.0000001949
Acinetobacter tandoii	202954	S	12	0	12	0.0000001949
Acinetobacter guillouiae	106649	S	12	0	12	0.0000001949
Acinetobacter lwoffii	28090	S	10	2	12	0.0000001949
Moraxella bovis	476	S	12	0	12	0.0000001949
Paraphotobacterium marinum	1755811	S	12	0	12	0.0000001949
Gynuella sunshinyii	1445505	S	12	0	12	0.0000001949
Xanthomonas oryzae	347	S	12	0	12	0.0000001949
Lysobacter sp. H23M41	2781023	S	12	0	12	0.0000001949
Xylella taiwanensis	1444770	S	12	0	12	0.0000001949
Luteibacter pinisoli	2589080	S	11	1	12	0.0000001949
Parashewanella spongiae	342950	S	12	0	12	0.0000001949
Glaciecola amylolytica	2489595	S	12	0	12	0.0000001949
Francisella orientalis	299583	S	11	1	12	0.0000001949
Aeromonas sp. CU5	2033033	S	12	0	12	0.0000001949
Candidatus Reidiella endopervernicosa	2738883	S	12	0	12	0.0000001949
Haemophilus sp. oral taxon 036	712310	S	12	0	12	0.0000001949
Glaesserella parasuis	738	S	12	0	12	0.0000001949
Hydrogenophaga sp. BPS33	2651974	S	12	0	12	0.0000001949
Acidovorax ebreus	721785	S	5	7	12	0.0000001949
Variovorax boronicumulans	436515	S	9	3	12	0.0000001949
Ottowia sp. oral taxon 894	1658672	S	12	0	12	0.0000001949
Simplicispira suum	2109915	S	12	0	12	0.0000001949
Burkholderia sp. PAMC 28687	1795874	S	11	1	12	0.0000001949
Burkholderia plantarii	41899	S	12	0	12	0.0000001949
Paraburkholderia caribensis	75105	S	10	2	12	0.0000001949
Ralstonia insidiosa	190721	S	12	0	12	0.0000001949
Achromobacter spanius	217203	S	12	0	12	0.0000001949
Bordetella parapertussis	519	S	5	7	12	0.0000001949
Dechloromonas aromatica	259537	S	12	0	12	0.0000001949
Candidatus Methylopumilus planktonicus	1581557	S	12	0	12	0.0000001949
Methylotenera versatilis	1055487	S	12	0	12	0.0000001949
Bradyrhizobium sp. CCBAU 51765	1325102	S	11	1	12	0.0000001949
Aquabacter sp. L1I39	2820278	S	12	0	12	0.0000001949
Sphingomonas xanthus	2594473	S	12	0	12	0.0000001949
Sphingobium hydrophobicum	1673076	S	8	4	12	0.0000001949
Sphingorhabdus sp. M41	1806885	S	12	0	12	0.0000001949
Sphingopyxis macrogoltabida	33050	S	11	1	12	0.0000001949
Rhodobacter capsulatus	1061	S	12	0	12	0.0000001949
Brevundimonas sp. Bb-A	2560058	S	7	5	12	0.0000001949
Caulobacter vibrioides	155892	S	11	1	12	0.0000001949
Parvularcula bermudensis	208216	S	11	1	12	0.0000001949
Desulfopila sp. IMCC35005	2569541	S	12	0	12	0.0000001949
Arcobacter sp. FWKO B	2593672	S	12	0	12	0.0000001949
Malaciobacter marinus	505249	S	7	5	12	0.0000001949
Malaciobacter canalis	1912871	S	7	5	12	0.0000001949
Pseudoarcobacter acticola	1849015	S	11	1	12	0.0000001949
Flavobacterium sp. CLA17	2724135	S	12	0	12	0.0000001949
Formosa sp. Hel3_A1_48	1336795	S	12	0	12	0.0000001949
Maribacter sp. T28	1836467	S	12	0	12	0.0000001949
Maribacter dokdonensis	320912	S	12	0	12	0.0000001949
Nonlabens sp. MB-3u-79	2058134	S	12	0	12	0.0000001949
Dokdonia donghaensis	326320	S	9	3	12	0.0000001949
Chryseobacterium sp. StRB126	878220	S	11	1	12	0.0000001949
Kaistella flava (ex Peng et al. 2021)	2038776	S	12	0	12	0.0000001949
Spirosoma rigui	564064	S	12	0	12	0.0000001949
Spirosoma aerolatum	1211326	S	12	0	12	0.0000001949
Hymenobacter radiodurans	2496028	S	3	9	12	0.0000001949
Petrimonas mucosa	1642646	S	12	0	12	0.0000001949
Tenuifilum thalassicum	2590900	S	12	0	12	0.0000001949
Panacibacter ginsenosidivorans	1813871	S	12	0	12	0.0000001949
Salinibacter ruber	146919	S	12	0	12	0.0000001949
Parachlamydia acanthamoebae	83552	S	11	1	12	0.0000001949
Kiritimatiella glycovorans	1307763	S	11	1	12	0.0000001949
Borreliella burgdorferi	139	S	12	0	12	0.0000001949
Mule deerpox virus	304399	S	12	0	12	0.0000001949
Kallithea virus	1654582	S	12	0	12	0.0000001949
Virgibacillus sp. MSP4-1	2700081	S	11	0	11	0.0000001787
Neobacillus cucumis	1740721	S	11	0	11	0.0000001787
Cytobacillus oceanisediminis	665099	S	11	0	11	0.0000001787
Macrococcus canis	1855823	S	11	0	11	0.0000001787
Paenibacillus rhizovicinus	2704463	S	11	0	11	0.0000001787
Paenibacillus brasilensis	128574	S	11	0	11	0.0000001787
Paenibacillus glucanolyticus	59843	S	7	4	11	0.0000001787
Brevibacillus agri	51101	S	11	0	11	0.0000001787
Solibacillus sp. R5-41	2048654	S	11	0	11	0.0000001787
Ureibacillus thermophilus	367743	S	11	0	11	0.0000001787
Paenisporosarcina sp. K2R23-3	2320858	S	11	0	11	0.0000001787
Thermoactinomyces vulgaris	2026	S	9	2	11	0.0000001787
Lactobacillus taiwanensis	508451	S	11	0	11	0.0000001787
Lactiplantibacillus paraplantarum	60520	S	11	0	11	0.0000001787
Lacticaseibacillus manihotivorans	88233	S	11	0	11	0.0000001787
Levilactobacillus zymae	267363	S	11	0	11	0.0000001787
Companilactobacillus pabuli	2714036	S	8	3	11	0.0000001787
Schleiferilactobacillus harbinensis	304207	S	11	0	11	0.0000001787
Carnobacterium inhibens	147709	S	10	1	11	0.0000001787
Clostridium tyrobutyricum	1519	S	11	0	11	0.0000001787
Butyrivibrio fibrisolvens	831	S	11	0	11	0.0000001787
Desulfosporosinus meridiei	79209	S	11	0	11	0.0000001787
Thermoanaerosceptrum fracticalcis	1712410	S	11	0	11	0.0000001787
Peptoniphilus harei	54005	S	11	0	11	0.0000001787
Streptomyces niveus	193462	S	11	0	11	0.0000001787
Propionibacterium acidifaciens	556499	S	9	2	11	0.0000001787
Mycolicibacterium gilvum	1804	S	9	2	11	0.0000001787
Corynebacterium tuberculostearicum	38304	S	11	0	11	0.0000001787
Corynebacterium flavescens	28028	S	11	0	11	0.0000001787
Rhodococcus erythropolis	1833	S	8	3	11	0.0000001787
Pseudonocardia sp. CGMCC 4.1532	2761535	S	11	0	11	0.0000001787
Saccharomonospora xinjiangensis	75294	S	11	0	11	0.0000001787
Gardnerella vaginalis	2702	S	10	1	11	0.0000001787
Calothrix sp. 336/3	1337936	S	11	0	11	0.0000001787
Acaryochloris marina	155978	S	11	0	11	0.0000001787
Mycoplasma neurolyticum	2120	S	11	0	11	0.0000001787
Meiothermus taiwanensis	172827	S	11	0	11	0.0000001787
Ktedonosporobacter rubrisoli	2509675	S	11	0	11	0.0000001787
Candidatus Tachikawaea gelatinosa	1410383	S	11	0	11	0.0000001787
Candidatus Riesia pediculischaeffi	428411	S	11	0	11	0.0000001787
Yersinia aleksiciae	263819	S	11	0	11	0.0000001787
Yersinia frederiksenii	29484	S	6	5	11	0.0000001787
Providencia vermicola	333965	S	10	1	11	0.0000001787
Xenorhabdus doucetiae	351671	S	11	0	11	0.0000001787
Photorhabdus asymbiotica	291112	S	10	1	11	0.0000001787
Photorhabdus thracensis	230089	S	9	2	11	0.0000001787
Dickeya sp. MK7	1224145	S	2	9	11	0.0000001787
Pseudomonas sp.	306	S	5	6	11	0.0000001787
Pseudomonas sp. NC02	2067572	S	5	6	11	0.0000001787
Pseudomonas sp. KUIN-1	2609418	S	3	8	11	0.0000001787
Pseudomonas sp. R1-43-08	1173270	S	3	8	11	0.0000001787
Pseudomonas sp. SWI44	2083053	S	2	9	11	0.0000001787
Pseudomonas savastanoi	29438	S	7	4	11	0.0000001787
Entomomonas sp. F2A	2785331	S	11	0	11	0.0000001787
Acinetobacter calcoaceticus	471	S	11	0	11	0.0000001787
Moraxella bovoculi	386891	S	9	2	11	0.0000001787
Psychrobacter sp. G	571800	S	6	5	11	0.0000001787
Vibrio diabolicus	50719	S	2	9	11	0.0000001787
Vibrio taketomensis	2572923	S	11	0	11	0.0000001787
Salinivibrio sp. YCSC6	2003370	S	1	10	11	0.0000001787
Halomonas hydrothermalis	115561	S	9	2	11	0.0000001787
Halomonas titanicae	664683	S	4	7	11	0.0000001787
Shewanella sp. YLB-06	2593655	S	11	0	11	0.0000001787
Shewanella psychrophila	225848	S	11	0	11	0.0000001787
Shewanella putrefaciens	24	S	6	5	11	0.0000001787
Colwellia sp. 20A7	2689569	S	11	0	11	0.0000001787
Legionella sp. PC997	2755562	S	10	1	11	0.0000001787
Thioflavicoccus mobilis	80679	S	11	0	11	0.0000001787
Acidovorax sp. HDW3	2714923	S	11	0	11	0.0000001787
Delftia lacustris	558537	S	6	5	11	0.0000001787
Diaphorobacter sp. HDW4A	2714924	S	11	0	11	0.0000001787
Diaphorobacter sp. HDW4B	2714925	S	11	0	11	0.0000001787
Mitsuaria sp. 7	1658665	S	11	0	11	0.0000001787
Bordetella sp. N	1746199	S	11	0	11	0.0000001787
Massilia flava	871742	S	11	0	11	0.0000001787
Herbaspirillum sp. meg3	2025949	S	11	0	11	0.0000001787
Duganella sp. AF9R3	2728021	S	10	1	11	0.0000001787
Sulfurimicrobium lacus	2715678	S	11	0	11	0.0000001787
Agrobacterium rubi	28099	S	11	0	11	0.0000001787
Mesorhizobium sp. Pch-S	2082387	S	11	0	11	0.0000001787
Bartonella clarridgeiae	56426	S	11	0	11	0.0000001787
Martelella endophytica	1486262	S	8	3	11	0.0000001787
Sphingobium sp. YG1	2082188	S	9	2	11	0.0000001787
Sphingobium sp. TKS	1315974	S	6	5	11	0.0000001787
Rhizorhabdus dicambivorans	1850238	S	6	5	11	0.0000001787
Leisingera sp. NJS204	2508307	S	5	6	11	0.0000001787
Planktomarina temperata	1284658	S	11	0	11	0.0000001787
Gluconobacter oxydans	442	S	9	2	11	0.0000001787
Oecophyllibacter saccharovorans	2558360	S	11	0	11	0.0000001787
Geobacter lovleyi	313985	S	11	0	11	0.0000001787
Syntrophus aciditrophicus	316277	S	11	0	11	0.0000001787
Halarcobacter ebronensis	1462615	S	11	0	11	0.0000001787
Campylobacter sp. RM6914	1032243	S	11	0	11	0.0000001787
Candidatus Sulfurimonas baltica	2740404	S	9	2	11	0.0000001787
Bdellovibrio exovorus	453816	S	11	0	11	0.0000001787
Winogradskyella schleiferi	2686078	S	10	1	11	0.0000001787
Formosa sp. L2A11	2686363	S	11	0	11	0.0000001787
Olleya sp. Bg11-27	2058135	S	9	2	11	0.0000001787
Chryseobacterium sp. POL2	2713414	S	10	1	11	0.0000001787
Riemerella anatipestifer	34085	S	11	0	11	0.0000001787
Blattabacterium punctulatus	164514	S	9	2	11	0.0000001787
Runella slithyformis	106	S	11	0	11	0.0000001787
Rhodocytophaga rosea	2704465	S	11	0	11	0.0000001787
Hymenobacter busanensis	2607656	S	11	0	11	0.0000001787
Bacteroides zoogleoformans	28119	S	11	0	11	0.0000001787
Pedobacter sp. KBS0701	2578106	S	11	0	11	0.0000001787
Mucilaginibacter rubeus	2027860	S	7	4	11	0.0000001787
Arachidicoccus sp. B3-10	2545455	S	11	0	11	0.0000001787
Gimesia chilikensis	2605989	S	8	3	11	0.0000001787
Spirochaeta thermophila	154	S	11	0	11	0.0000001787
Borrelia miyamotoi	47466	S	11	0	11	0.0000001787
Borreliella valaisiana	62088	S	11	0	11	0.0000001787
Fusobacterium mortiferum	850	S	11	0	11	0.0000001787
Halorubrum trapanicum	29284	S	9	2	11	0.0000001787
Methanospirillum hungatei	2203	S	11	0	11	0.0000001787
Candidatus Prometheoarchaeum syntrophicum	2594042	S	11	0	11	0.0000001787
King virus	1911104	S	11	0	11	0.0000001787
Halobacillus litoralis	45668	S	10	0	10	0.0000001625
Staphylococcus sp. 693-2	373067	S	5	5	10	0.0000001625
Paenibacillus sp. IHBB 10380	1566358	S	10	0	10	0.0000001625
Paenibacillus antarcticus	253703	S	10	0	10	0.0000001625
Paenibacillus barcinonensis	198119	S	10	0	10	0.0000001625
Paenibacillus guangzhouensis	1473112	S	10	0	10	0.0000001625
Sporosarcina sp. Te-1	2818390	S	10	0	10	0.0000001625
Exiguobacterium sp. AT1b	360911	S	10	0	10	0.0000001625
Lactobacillus iners	147802	S	10	0	10	0.0000001625
Leuconostoc pseudomesenteroides	33968	S	10	0	10	0.0000001625
Bombilactobacillus bombi	1303590	S	10	0	10	0.0000001625
Streptococcus chenjunshii	2173853	S	10	0	10	0.0000001625
Streptococcus iniae	1346	S	10	0	10	0.0000001625
Jeotgalibaca dankookensis	708126	S	10	0	10	0.0000001625
Aerococcus christensenii	87541	S	10	0	10	0.0000001625
Suicoccus acidiformans	2036206	S	10	0	10	0.0000001625
Clostridium cochlearium	1494	S	10	0	10	0.0000001625
Clostridium saccharobutylicum	169679	S	10	0	10	0.0000001625
Anaerocolumna sedimenticola	2696063	S	10	0	10	0.0000001625
Lacrimispora saccharolytica	84030	S	10	0	10	0.0000001625
Faecalibacterium prausnitzii	853	S	10	0	10	0.0000001625
Thermoclostridium stercorarium	1510	S	10	0	10	0.0000001625
Desulfallas gibsoniae	102134	S	10	0	10	0.0000001625
Paeniclostridium sordellii	1505	S	10	0	10	0.0000001625
Aminipila butyrica	433296	S	10	0	10	0.0000001625
Heliorestis convoluta	356322	S	10	0	10	0.0000001625
Thermoanaerobacter italicus	108150	S	1	9	10	0.0000001625
Mahella australiensis	252966	S	10	0	10	0.0000001625
Streptomyces glomeroaurantiacus	68210	S	10	0	10	0.0000001625
Streptomyces griseorubiginosus	67304	S	10	0	10	0.0000001625
Streptomyces cacaoi	1898	S	10	0	10	0.0000001625
Streptomyces avermitilis	33903	S	10	0	10	0.0000001625
Microbacterium hominis	162426	S	10	0	10	0.0000001625
Curtobacterium flaccumfaciens	2035	S	7	3	10	0.0000001625
Clavibacter michiganensis	28447	S	10	0	10	0.0000001625
Kocuria rhizophila	72000	S	6	4	10	0.0000001625
Brachybacterium ginsengisoli	1331682	S	10	0	10	0.0000001625
Bifidobacterium pseudolongum	1694	S	10	0	10	0.0000001625
Bifidobacterium bifidum	1681	S	10	0	10	0.0000001625
Bifidobacterium breve	1685	S	9	1	10	0.0000001625
Catenulispora acidiphila	304895	S	10	0	10	0.0000001625
Nostoc sp. NIES-3756	1751286	S	4	6	10	0.0000001625
Nostoc punctiforme	272131	S	3	7	10	0.0000001625
Cylindrospermum stagnale	142864	S	8	2	10	0.0000001625
Calothrix sp. NIES-3974	2005462	S	10	0	10	0.0000001625
Scytonema sp. NIES-4073	2005464	S	7	3	10	0.0000001625
Crocosphaera subtropica	2546360	S	10	0	10	0.0000001625
[Phormidium] sp. ETS-05	222819	S	8	2	10	0.0000001625
Prochlorococcus sp. MIT 0801	1501269	S	10	0	10	0.0000001625
Mycoplasma mycoides	2102	S	10	0	10	0.0000001625
Mycoplasma anserisalpingitidis	519450	S	10	0	10	0.0000001625
Entomoplasma freundtii	74700	S	9	1	10	0.0000001625
Providencia rustigianii	158850	S	6	4	10	0.0000001625
Arsenophonus nasoniae	638	S	10	0	10	0.0000001625
Photorhabdus laumondii	2218628	S	9	1	10	0.0000001625
Pantoea sp. PSNIH1	1484158	S	10	0	10	0.0000001625
Pantoea sp. CCBC3-3-1	2490851	S	10	0	10	0.0000001625
Candidatus Pantoea carbekii	1235990	S	10	0	10	0.0000001625
Mixta theicola	1458355	S	10	0	10	0.0000001625
Edwardsiella piscicida	1263550	S	9	1	10	0.0000001625
Hafnia paralvei	546367	S	10	0	10	0.0000001625
Plesiomonas shigelloides	703	S	10	0	10	0.0000001625
Pseudomonas sp. ADAK22	2730851	S	5	5	10	0.0000001625
Pseudomonas sp. SW-3	147212	S	4	6	10	0.0000001625
Pseudomonas sp. CFSAN084952	2664899	S	4	6	10	0.0000001625
Pseudomonas glycinae	1785145	S	6	4	10	0.0000001625
Vibrio tapetis	52443	S	10	0	10	0.0000001625
Aliivibrio salmonicida	40269	S	10	0	10	0.0000001625
Halomonas sp. PGE1	2730360	S	10	0	10	0.0000001625
Marinomonas algicola	2773454	S	10	0	10	0.0000001625
Xanthomonas translucens	343	S	10	0	10	0.0000001625
Xanthomonas hortorum	56454	S	10	0	10	0.0000001625
Pseudoalteromonas tunicata	314281	S	10	0	10	0.0000001625
Paraglaciecola psychrophila	326544	S	10	0	10	0.0000001625
Francisella uliginis	573570	S	10	0	10	0.0000001625
Francisella frigiditurris	1542390	S	10	0	10	0.0000001625
Thiomicrorhabdus indica	2267253	S	10	0	10	0.0000001625
Aeromonas jandaei	650	S	10	0	10	0.0000001625
Legionella fallonii	96230	S	10	0	10	0.0000001625
Thioalkalivibrio sp. K90mix	396595	S	9	1	10	0.0000001625
Zhongshania aliphaticivorans	1470434	S	10	0	10	0.0000001625
Methylomicrobium sp. wino1	2049332	S	6	4	10	0.0000001625
Variovorax sp. 38R	2774875	S	7	3	10	0.0000001625
Comamonas sp. NLF-7-7	2597701	S	10	0	10	0.0000001625
Comamonas koreensis	160825	S	10	0	10	0.0000001625
Comamonas kerstersii	225992	S	10	0	10	0.0000001625
Rhodoferax saidenbachensis	1484693	S	10	0	10	0.0000001625
Burkholderia lata	482957	S	10	0	10	0.0000001625
Paraburkholderia hospita	169430	S	7	3	10	0.0000001625
Pandoraea pnomenusa	93220	S	10	0	10	0.0000001625
Roseateles depolymerans	76731	S	10	0	10	0.0000001625
Inhella inkyongensis	392593	S	10	0	10	0.0000001625
Massilia putida	1141883	S	9	1	10	0.0000001625
Aromatoleum petrolei	76116	S	9	1	10	0.0000001625
Ensifer adhaerens	106592	S	10	0	10	0.0000001625
Candidatus Liberibacter africanus	34020	S	10	0	10	0.0000001625
Bradyrhizobium sp. CCGE-LA001	1223566	S	10	0	10	0.0000001625
Ochrobactrum sp. MT180101	2726427	S	6	4	10	0.0000001625
Sphingomonas taxi	1549858	S	10	0	10	0.0000001625
Croceicoccus naphthovorans	1348774	S	8	2	10	0.0000001625
Roseovarius mucosus	215743	S	8	2	10	0.0000001625
Gemmobacter sp. HYN0069	2169400	S	10	0	10	0.0000001625
Thalassospira marina	2048283	S	10	0	10	0.0000001625
Anaplasma platys	949	S	10	0	10	0.0000001625
Rickettsia heilongjiangensis	226665	S	3	7	10	0.0000001625
Brevundimonas sp. CS1	2813778	S	8	2	10	0.0000001625
Caulobacter sp. K31	366602	S	10	0	10	0.0000001625
Caulobacter sp. FWC26	69665	S	9	1	10	0.0000001625
Candidatus Nucleicultrix amoebiphila	1509244	S	10	0	10	0.0000001625
Desulfovibrio sp. IOR2	2583823	S	10	0	10	0.0000001625
Desulfococcus oleovorans	181663	S	10	0	10	0.0000001625
Aliarcobacter lanthieri	1355374	S	10	0	10	0.0000001625
Poseidonibacter parvus	1850254	S	1	9	10	0.0000001625
Campylobacter mucosalis	202	S	10	0	10	0.0000001625
Polaribacter sp. SM13	2818493	S	10	0	10	0.0000001625
Capnocytophaga endodontalis	2708117	S	8	2	10	0.0000001625
Lacinutrix sp. Bg11-31	2057808	S	10	0	10	0.0000001625
Lacinutrix venerupis	1486034	S	10	0	10	0.0000001625
Wenyingzhuangia fucanilytica	1790137	S	10	0	10	0.0000001625
Chryseobacterium glaciei	1685010	S	9	1	10	0.0000001625
Echinicola strongylocentroti	1795355	S	6	4	10	0.0000001625
Cyclobacterium amurskyense	320787	S	10	0	10	0.0000001625
Bacteroides sp. M10	2763022	S	5	5	10	0.0000001625
Parabacteroides distasonis	823	S	6	4	10	0.0000001625
Odoribacter splanchnicus	28118	S	10	0	10	0.0000001625
Pedobacter sp. PACM 27299	1727164	S	10	0	10	0.0000001625
Pedobacter sp. eg	2201271	S	10	0	10	0.0000001625
Sphingobacterium spiritivorum	258	S	9	1	10	0.0000001625
Lacibacter sp. S13-6-6	2760713	S	10	0	10	0.0000001625
Candidatus Cyclonatronum proteinivorum	1457365	S	10	0	10	0.0000001625
Caulifigura coniformis	2527983	S	10	0	10	0.0000001625
Lacipirellula limnantheis	2528024	S	7	3	10	0.0000001625
Chlamydia psittaci	83554	S	7	3	10	0.0000001625
Fusobacterium varium	856	S	10	0	10	0.0000001625
Caldithrix abyssi	187145	S	10	0	10	0.0000001625
Methanocorpusculum labreanum	83984	S	10	0	10	0.0000001625
Sulfolobus sp. S-194	2512240	S	10	0	10	0.0000001625
Candidatus Nitrososphaera gargensis	497727	S	10	0	10	0.0000001625
Synechococcus virus SIOM18	2734147	S	9	1	10	0.0000001625
Macaca mulatta papillomavirus 6	2364646	S	10	0	10	0.0000001625
Bacillus luti	2026191	S	8	1	9	0.0000001462
Geobacillus genomosp. 3	1921421	S	9	0	9	0.0000001462
Metabacillus litoralis	152268	S	9	0	9	0.0000001462
Salicibibacter kimchii	2099786	S	9	0	9	0.0000001462
Salicibibacter halophilus	2502791	S	8	1	9	0.0000001462
Parageobacillus genomosp. 1	1295642	S	9	0	9	0.0000001462
Paraliobacillus zengyii	2213194	S	9	0	9	0.0000001462
Salimicrobium jeotgali	1230341	S	9	0	9	0.0000001462
Mammaliicoccus stepanovicii	643214	S	9	0	9	0.0000001462
Paenibacillus sp. PAMC21692	2762320	S	9	0	9	0.0000001462
Paenibacillus sp. 37	2607911	S	9	0	9	0.0000001462
Paenibacillus sp. HB172198	2565926	S	9	0	9	0.0000001462
Paenibacillus sp. FSL R7-0331	1536773	S	9	0	9	0.0000001462
Paenibacillus sonchi	373687	S	9	0	9	0.0000001462
Paenibacillus psychroresistens	1778678	S	9	0	9	0.0000001462
Planococcus versutus	1302659	S	9	0	9	0.0000001462
Kyrpidia spormannii	2055160	S	6	3	9	0.0000001462
Effusibacillus sp. skT53	2743772	S	9	0	9	0.0000001462
Exiguobacterium sp. S3-2	1389960	S	5	4	9	0.0000001462
Laceyella sacchari	37482	S	7	2	9	0.0000001462
Lactobacillus terrae	2269374	S	9	0	9	0.0000001462
Weissella ceti	759620	S	9	0	9	0.0000001462
Companilactobacillus allii	1847728	S	9	0	9	0.0000001462
Apilactobacillus bombintestini	2419772	S	8	1	9	0.0000001462
Streptococcus anginosus	1328	S	9	0	9	0.0000001462
Streptococcus pseudoporcinus	361101	S	9	0	9	0.0000001462
Abiotrophia defectiva	46125	S	9	0	9	0.0000001462
Clostridium pasteurianum	1501	S	9	0	9	0.0000001462
Clostridium beijerinckii	1520	S	9	0	9	0.0000001462
Clostridium sporogenes	1509	S	7	2	9	0.0000001462
Candidatus Arthromitus sp. SFB-rat-Yit	1041504	S	2	7	9	0.0000001462
Fastidiosipila sanguinis	236753	S	9	0	9	0.0000001462
Syntrophobotulus glycolicus	51197	S	9	0	9	0.0000001462
Halocella sp. SP3-1	2382161	S	9	0	9	0.0000001462
Anaerococcus obesiensis	1287640	S	7	2	9	0.0000001462
Gottschalkia acidurici	1556	S	9	0	9	0.0000001462
Actinomyces lilanjuaniae	2321394	S	9	0	9	0.0000001462
Streptomyces sp. NHF165	2175864	S	9	0	9	0.0000001462
Streptomyces sp. YIM 121038	2136401	S	9	0	9	0.0000001462
Streptomyces asterosporus	285570	S	9	0	9	0.0000001462
Streptomyces olivoreticuli	68246	S	9	0	9	0.0000001462
Streptomyces harbinensis	1176198	S	9	0	9	0.0000001462
Streptomyces buecherae	2763006	S	9	0	9	0.0000001462
Streptomyces hygroscopicus	1912	S	9	0	9	0.0000001462
Streptomyces viridifaciens	48665	S	5	4	9	0.0000001462
Streptacidiphilus sp. PB12-B1b	2705012	S	9	0	9	0.0000001462
Pseudopropionibacterium propionicum	1750	S	9	0	9	0.0000001462
Mycobacterium sp. THAF192	2587868	S	4	5	9	0.0000001462
Mycolicibacterium vanbaalenii	110539	S	3	6	9	0.0000001462
Corynebacterium rouxii	2719119	S	9	0	9	0.0000001462
Corynebacterium kroppenstedtii	161879	S	9	0	9	0.0000001462
Paenarthrobacter aurescens	43663	S	2	7	9	0.0000001462
Brevibacterium casei	33889	S	9	0	9	0.0000001462
Saccharopolyspora pogona	333966	S	9	0	9	0.0000001462
Micromonospora sp. HM134	2583243	S	9	0	9	0.0000001462
Scardovia inopinata	78259	S	9	0	9	0.0000001462
Streptosporangium sp. 'caverna'	2202249	S	9	0	9	0.0000001462
Conexibacter sp. SYSU D00693	2812560	S	9	0	9	0.0000001462
Nostoc sp. 'Lobaria pulmonaria (5183) cyanobiont'	1618022	S	7	2	9	0.0000001462
Calothrix parietina	32054	S	9	0	9	0.0000001462
Cyanothece sp. PCC 7425	395961	S	9	0	9	0.0000001462
Synechococcus sp. RSCCF101	2511069	S	9	0	9	0.0000001462
Dactylococcopsis salina	292566	S	8	1	9	0.0000001462
Pseudanabaena sp. PCC 7367	82654	S	9	0	9	0.0000001462
Chamaesiphon minutus	1173032	S	9	0	9	0.0000001462
Pleurocapsa minor	54308	S	9	0	9	0.0000001462
Mycoplasma sp. (ex Biomphalaria glabrata)	1749074	S	9	0	9	0.0000001462
Mycoplasma mobile	2118	S	9	0	9	0.0000001462
Mycoplasma maculosum	114885	S	9	0	9	0.0000001462
Thermus thermophilus	274	S	7	2	9	0.0000001462
Anaerolinea sp. 'rifampicinis'	2710758	S	9	0	9	0.0000001462
Enterobacter sp. ODB01	1827481	S	4	5	9	0.0000001462
Raoultella sp. X13	2259647	S	4	5	9	0.0000001462
Candidatus Mikella endobia	1778264	S	9	0	9	0.0000001462
Xenorhabdus bovienii	40576	S	9	0	9	0.0000001462
Candidatus Arsenophonus lipoptenae	634113	S	9	0	9	0.0000001462
Erwinia persicina	55211	S	9	0	9	0.0000001462
Tatumella sp. TA1	2487345	S	9	0	9	0.0000001462
Pseudomonas sp. SWI6	2083051	S	1	8	9	0.0000001462
Pseudomonas sp. Lz4W	1206777	S	5	4	9	0.0000001462
Acinetobacter soli	487316	S	9	0	9	0.0000001462
Moraxella cuniculi	34061	S	9	0	9	0.0000001462
Psychrobacter sp. P2G3	1699622	S	5	4	9	0.0000001462
Halomonas subglaciescola	29571	S	9	0	9	0.0000001462
Cobetia sp. AM6	2661553	S	9	0	9	0.0000001462
Halotalea alkalilenta	376489	S	9	0	9	0.0000001462
Kangiella sediminilitoris	1144748	S	8	1	9	0.0000001462
Hahella sp. KA22	1628392	S	6	3	9	0.0000001462
Shewanella marisflavi	260364	S	9	0	9	0.0000001462
Colwellia sp. MT41	58049	S	9	0	9	0.0000001462
Thalassotalea sp. HSM 43	2552945	S	9	0	9	0.0000001462
Legionella israelensis	454	S	9	0	9	0.0000001462
Allochromatium vinosum	1049	S	8	1	9	0.0000001462
Cellvibrio japonicus	155077	S	9	0	9	0.0000001462
Hydrogenophaga sp. PAMC20947	2565558	S	9	0	9	0.0000001462
Variovorax sp. WDL1	207745	S	8	1	9	0.0000001462
Diaphorobacter aerolatus	1288495	S	9	0	9	0.0000001462
Rhodoferax sp. BAB1	2741720	S	9	0	9	0.0000001462
Rhodoferax sediminis	2509614	S	9	0	9	0.0000001462
Cupriavidus oxalaticus	96344	S	9	0	9	0.0000001462
Rhizobacter gummiphilus	946333	S	9	0	9	0.0000001462
Bordetella hinzii	103855	S	9	0	9	0.0000001462
Orrella dioscoreae	1851544	S	9	0	9	0.0000001462
Herbaspirillum seropedicae	964	S	9	0	9	0.0000001462
Sutterella faecalis	2584944	S	9	0	9	0.0000001462
Neisseria gonorrhoeae	485	S	9	0	9	0.0000001462
Neisseria meningitidis	487	S	4	5	9	0.0000001462
Rhizobium etli	29449	S	7	2	9	0.0000001462
Aminobacter sp. MSH1	374606	S	1	8	9	0.0000001462
Roseitalea porphyridii	1852022	S	9	0	9	0.0000001462
Methylobacterium sp. DM1	2067957	S	4	5	9	0.0000001462
Methyloligella sp. GL2	2742204	S	9	0	9	0.0000001462
Brucella pseudogrignonensis	419475	S	9	0	9	0.0000001462
Labrenzia sp. CP4	1674922	S	4	5	9	0.0000001462
Candidatus Hodgkinia cicadicola	573658	S	9	0	9	0.0000001462
Sphingomonas sp. MM-1	745310	S	5	4	9	0.0000001462
Qingshengfaniella alkalisoli	2599296	S	9	0	9	0.0000001462
Cereibacter sphaeroides	1063	S	9	0	9	0.0000001462
Oceanicola sp. D3	2587163	S	9	0	9	0.0000001462
Lichenicola cladoniae	1484109	S	9	0	9	0.0000001462
Commensalibacter sp. AMU001	2478912	S	5	4	9	0.0000001462
Pararhodospirillum photometricum	1084	S	9	0	9	0.0000001462
Wolbachia pipientis	955	S	6	3	9	0.0000001462
Candidatus Pelagibacter sp. FZCC0015	2268451	S	9	0	9	0.0000001462
Candidatus Cytomitobacter indipagum	2601575	S	7	2	9	0.0000001462
Phreatobacter stygius	1940610	S	9	0	9	0.0000001462
Pseudodesulfovibrio sp. zrk46	2725288	S	9	0	9	0.0000001462
Desulfomicrobium baculatum	899	S	9	0	9	0.0000001462
Sandaracinus amylolyticus	927083	S	9	0	9	0.0000001462
Malaciobacter mytili	603050	S	9	0	9	0.0000001462
Sulfurovum indicum	2779528	S	9	0	9	0.0000001462
Silvanigrella aquatica	1915309	S	9	0	9	0.0000001462
Capnocytophaga gingivalis	1017	S	9	0	9	0.0000001462
Tamlana sp. s12	1630406	S	9	0	9	0.0000001462
Chryseobacterium sp. T16E-39	2015076	S	9	0	9	0.0000001462
Pontibacter actiniarum	323450	S	9	0	9	0.0000001462
Rufibacter radiotolerans	1379910	S	9	0	9	0.0000001462
Algoriphagus machipongonensis	388413	S	9	0	9	0.0000001462
Fulvivirga sp. S481	2810512	S	9	0	9	0.0000001462
Bacteroides sp. HF-5287	2650157	S	5	4	9	0.0000001462
Phocaeicola vulgatus	821	S	8	1	9	0.0000001462
Prevotella copri	165179	S	8	1	9	0.0000001462
Parabacteroides goldsteinii	328812	S	9	0	9	0.0000001462
Sphingobacterium sp. DR205	2713573	S	9	0	9	0.0000001462
Paraflavitalea soli	2315862	S	9	0	9	0.0000001462
Ignavibacterium album	591197	S	9	0	9	0.0000001462
Chloroherpeton thalassium	100716	S	9	0	9	0.0000001462
Pirellula sp. SH-Sr6A	1632865	S	8	1	9	0.0000001462
Borrelia coriaceae	144	S	9	0	9	0.0000001462
Fusobacterium hwasookii	1583098	S	4	5	9	0.0000001462
Leptotrichia buccalis	40542	S	8	1	9	0.0000001462
Leptotrichia shahii	157691	S	8	1	9	0.0000001462
Edaphobacter sp. 12200R-103	2703788	S	9	0	9	0.0000001462
Paludibaculum fermentans	1473598	S	9	0	9	0.0000001462
Thermotomaculum hydrothermale	981385	S	9	0	9	0.0000001462
Thermosipho sp. FR-w03	2814656	S	1	8	9	0.0000001462
Deferribacter desulfuricans	197162	S	9	0	9	0.0000001462
Methanothermobacter thermautotrophicus	145262	S	5	4	9	0.0000001462
Methanothermus fervidus	2180	S	9	0	9	0.0000001462
Acidianus ambivalens	2283	S	9	0	9	0.0000001462
Lactococcus phage 28201	1871678	S	7	2	9	0.0000001462
Erwinia virus Alexandra	2734081	S	9	0	9	0.0000001462
Atlantic salmon swim bladder sarcoma virus	348296	S	9	0	9	0.0000001462
Orpheovirus IHUMI-LCC2	2023057	S	9	0	9	0.0000001462
Brazilian marseillevirus	1813599	S	9	0	9	0.0000001462
Cafeteria roenbergensis virus	1513235	S	9	0	9	0.0000001462
Lysinibacillus sp. YS11	2072025	S	8	0	8	0.0000001300
Virgibacillus pantothenticus	1473	S	1	7	8	0.0000001300
Radiobacillus deserti	2594883	S	8	0	8	0.0000001300
Mammaliicoccus fleurettii	150056	S	8	0	8	0.0000001300
Macrococcus sp. IME1552	1898474	S	2	6	8	0.0000001300
Paenibacillus sp. UniB2	2726185	S	8	0	8	0.0000001300
Paenibacillus sp. FSL H7-0357	1536774	S	8	0	8	0.0000001300
Paenibacillus albus	2495582	S	8	0	8	0.0000001300
Paenibacillus cellulositrophicus	562959	S	8	0	8	0.0000001300
Kroppenstedtia eburnea	714067	S	8	0	8	0.0000001300
Lactobacillus kefiranofaciens	267818	S	8	0	8	0.0000001300
Lactobacillus amylolyticus	83683	S	8	0	8	0.0000001300
Weissella jogaejeotgali	1631871	S	8	0	8	0.0000001300
Weissella sp. HDW19	2714949	S	8	0	8	0.0000001300
Levilactobacillus koreensis	637971	S	8	0	8	0.0000001300
Pediococcus claussenii	187452	S	7	1	8	0.0000001300
Companilactobacillus ginsenosidimutans	1007676	S	8	0	8	0.0000001300
Secundilactobacillus malefermentans	176292	S	8	0	8	0.0000001300
Vagococcus zengguangii	2571750	S	6	2	8	0.0000001300
Streptococcus parauberis	1348	S	8	0	8	0.0000001300
Jeotgalibaca sp. PTS2502	1903686	S	7	1	8	0.0000001300
Marinilactibacillus sp. 15R	1911586	S	8	0	8	0.0000001300
Pseudoclostridium thermosuccinogenes	84032	S	8	0	8	0.0000001300
Desulfitobacterium metallireducens	142877	S	8	0	8	0.0000001300
Thermaerobacter sp. PB12/4term	2293838	S	8	0	8	0.0000001300
Finegoldia magna	1260	S	8	0	8	0.0000001300
Erysipelatoclostridium ramosum	1547	S	8	0	8	0.0000001300
Turicibacter sanguinis	154288	S	8	0	8	0.0000001300
Streptomyces sp. 769	1262452	S	8	0	8	0.0000001300
Streptomyces sp. TN58	234612	S	8	0	8	0.0000001300
Streptomyces spongiicola	1690221	S	8	0	8	0.0000001300
Streptomyces xinghaiensis	1038928	S	8	0	8	0.0000001300
Streptomyces paludis	2282738	S	8	0	8	0.0000001300
Streptacidiphilus sp. P02-A3a	2704468	S	8	0	8	0.0000001300
Mycolicibacterium madagascariense	212765	S	8	0	8	0.0000001300
Mycolicibacterium mageritense	53462	S	8	0	8	0.0000001300
Gordonia bronchialis	2054	S	8	0	8	0.0000001300
Tsukamurella tyrosinosolvens	57704	S	6	2	8	0.0000001300
Agromyces badenianii	2080742	S	7	1	8	0.0000001300
Salinibacterium sp. dk2585	2603292	S	8	0	8	0.0000001300
Leucobacter sp. CX169	2813744	S	8	0	8	0.0000001300
Pseudonocardia sp. AL041005-10	445576	S	6	2	8	0.0000001300
Phytohabitans flavus	1076124	S	8	0	8	0.0000001300
Bifidobacterium asteroides	1684	S	8	0	8	0.0000001300
Frankia sp. EAN1pec	298653	S	8	0	8	0.0000001300
Nonomuraea nitratireducens	2656914	S	8	0	8	0.0000001300
Rubrobacter xylanophilus	49319	S	8	0	8	0.0000001300
Nostoc sp. TCL240-02	2572090	S	4	4	8	0.0000001300
Geminocystis sp. NIES-3709	1617448	S	7	1	8	0.0000001300
Euhalothece natronophila	577489	S	8	0	8	0.0000001300
Synechococcus sp. PROS-7-1	1442556	S	8	0	8	0.0000001300
Leptolyngbya sp. PCC 7376	111781	S	8	0	8	0.0000001300
Candidatus Hepatoplasma crinochetorum	295596	S	8	0	8	0.0000001300
Mesoplasma florum	2151	S	3	5	8	0.0000001300
Mesoplasma tabanidae	219745	S	3	5	8	0.0000001300
Acholeplasma palmae	38986	S	7	1	8	0.0000001300
Fimbriimonas ginsengisoli	1005039	S	8	0	8	0.0000001300
Citrobacter sp. Y3	2716879	S	1	7	8	0.0000001300
Candidatus Blochmannia chromaiodes	251542	S	2	6	8	0.0000001300
Serratia sp. ATCC 39006	104623	S	8	0	8	0.0000001300
Xenorhabdus budapestensis	290110	S	8	0	8	0.0000001300
Pantoea alhagi	1891675	S	8	0	8	0.0000001300
Tatumella ptyseos	82987	S	7	1	8	0.0000001300
Lonsdalea populi	1172565	S	6	2	8	0.0000001300
Edwardsiella anguillarum	1821960	S	4	4	8	0.0000001300
Pseudomonas sp. DTU12.1	2654238	S	3	5	8	0.0000001300
Pseudomonas sp. R4-35-07	658643	S	2	6	8	0.0000001300
Pseudomonas asiatica	2219225	S	2	6	8	0.0000001300
Azotobacter chroococcum	353	S	5	3	8	0.0000001300
Acinetobacter piscicola	2006115	S	8	0	8	0.0000001300
Pseudoalteromonas sp. A25	116092	S	8	0	8	0.0000001300
Pseudoalteromonas sp. DL-6	1390185	S	6	2	8	0.0000001300
Marinobacter psychrophilus	330734	S	5	3	8	0.0000001300
Catenovulum sp. CCB-QB4	2172099	S	8	0	8	0.0000001300
Aeromonas caviae	648	S	9	-1	8	0.0000001300
Aeromonas media	651	S	8	0	8	0.0000001300
Candidatus Thioglobus sp. NP1	2508687	S	8	0	8	0.0000001300
Thiohalobacter thiocyanaticus	585455	S	2	6	8	0.0000001300
Halothiobacillus sp. LS2	1860122	S	7	1	8	0.0000001300
Mannheimia varigena	85404	S	8	0	8	0.0000001300
Rhodoferax sp. AJA081-3	2752316	S	8	0	8	0.0000001300
Rhodoferax koreense	1842727	S	8	0	8	0.0000001300
Polaromonas sp. JS666	296591	S	5	3	8	0.0000001300
Verminephrobacter eiseniae	364317	S	8	0	8	0.0000001300
Paraburkholderia ginsengisoli	311231	S	8	0	8	0.0000001300
Methylophilus medardicus	2588534	S	8	0	8	0.0000001300
Methyloversatilis sp. RAC08	1842540	S	8	0	8	0.0000001300
Sinorhizobium sp. RAC02	1842534	S	8	0	8	0.0000001300
Kaistia sp. 32K	2795690	S	8	0	8	0.0000001300
Bradyrhizobium betae	244734	S	7	1	8	0.0000001300
Mesorhizobium sp. NZP2077	2483404	S	8	0	8	0.0000001300
Microvirga ossetica	1882682	S	8	0	8	0.0000001300
Novosphingobium resinovorum	158500	S	6	2	8	0.0000001300
Yoonia vestfoldensis	245188	S	8	0	8	0.0000001300
Acetobacter oryzifermentans	1633874	S	1	7	8	0.0000001300
Tistrella mobilis	171437	S	8	0	8	0.0000001300
Wolbachia endosymbiont of Ctenocephalides felis wCfeT	2732593	S	8	0	8	0.0000001300
Ehrlichia ruminantium	779	S	8	0	8	0.0000001300
Brevundimonas sp. AJA228-03	2752515	S	8	0	8	0.0000001300
Stigmatella aurantiaca	41	S	8	0	8	0.0000001300
Haliangium ochraceum	80816	S	8	0	8	0.0000001300
Desulfobacter hydrogenophilus	2291	S	8	0	8	0.0000001300
Geobacter sp. DSM 9736	1277350	S	8	0	8	0.0000001300
Geobacter metallireducens	28232	S	8	0	8	0.0000001300
Bradymonas sediminis	1548548	S	8	0	8	0.0000001300
Arcobacter cloacae	1054034	S	8	0	8	0.0000001300
Arcobacter aquimarinus	1315211	S	8	0	8	0.0000001300
Halarcobacter bivalviorum	663364	S	8	0	8	0.0000001300
Campylobacter pinnipediorum	1965231	S	8	0	8	0.0000001300
Campylobacter ornithocola	1848766	S	8	0	8	0.0000001300
Sulfurospirillum sp. UCH001	1581011	S	8	0	8	0.0000001300
Flavobacterium sp. CJ74	2294119	S	8	0	8	0.0000001300
Flavobacterium sp. LPB0248	2614441	S	8	0	8	0.0000001300
Flavobacterium faecale	1355330	S	8	0	8	0.0000001300
Flavobacterium psychrophilum	96345	S	8	0	8	0.0000001300
Aquimarina sp. AD10	1714849	S	8	0	8	0.0000001300
Maribacter sp. HTCC2170	313603	S	8	0	8	0.0000001300
Maribacter cobaltidurans	1178778	S	7	1	8	0.0000001300
Kaistella jeonii	266749	S	8	0	8	0.0000001300
Runella sp. HYN0085	2259595	S	8	0	8	0.0000001300
Dyadobacter fermentans	94254	S	8	0	8	0.0000001300
Alistipes communis	2585118	S	2	6	8	0.0000001300
Bacteroides intestinalis	329854	S	8	0	8	0.0000001300
Dysgonomonas sp. HDW5A	2714926	S	7	1	8	0.0000001300
Labilibaculum antarcticum	1717717	S	8	0	8	0.0000001300
Sphingobacterium sp. UDSM-2020	2795738	S	8	0	8	0.0000001300
Arachidicoccus ginsenosidivorans	496057	S	8	0	8	0.0000001300
Flavisolibacter tropicus	1492898	S	8	0	8	0.0000001300
Chlorobium phaeovibrioides	1094	S	8	0	8	0.0000001300
Fibrobacter succinogenes	833	S	8	0	8	0.0000001300
Candidatus Cloacimonas acidaminovorans	456827	S	8	0	8	0.0000001300
Gimesia algae	2527971	S	7	1	8	0.0000001300
Singulisphaera acidiphila	466153	S	8	0	8	0.0000001300
Luteolibacter luteus	2728835	S	8	0	8	0.0000001300
Candidatus Vampirococcus archaeovorus	1930593	S	8	0	8	0.0000001300
Sphaerochaeta globosa	1131703	S	6	2	8	0.0000001300
Oceanispirochaeta crateris	2518645	S	8	0	8	0.0000001300
Chloracidobacterium thermophilum	458033	S	8	0	8	0.0000001300
Nitrospira sp. KM1	1936990	S	8	0	8	0.0000001300
Leptospirillum ferrooxidans	180	S	1	7	8	0.0000001300
Thermovirga lienii	336261	S	7	1	8	0.0000001300
Aminomonas paucivorans	81412	S	6	2	8	0.0000001300
Endomicrobium proavitum	1408281	S	7	1	8	0.0000001300
Methanosarcina barkeri	2208	S	8	0	8	0.0000001300
Archaeoglobus profundus	84156	S	8	0	8	0.0000001300
Acidianus sulfidivorans	312539	S	8	0	8	0.0000001300
Metallosphaera cuprina	1006005	S	6	2	8	0.0000001300
Staphylothermus hellenicus	84599	S	8	0	8	0.0000001300
Thermogladius calderae	1200300	S	8	0	8	0.0000001300
Vulcanisaeta moutnovskia	985052	S	8	0	8	0.0000001300
Bacillus virus G	1084719	S	8	0	8	0.0000001300
Pseudomonas virus PaBG	2734089	S	8	0	8	0.0000001300
Influenza A virus	11320	S	8	0	8	0.0000001300
Hepatovirus G	1987128	S	8	0	8	0.0000001300
Pygoscelis adeliae polyomavirus 1	1891750	S	8	0	8	0.0000001300
Peribacillus muralis	264697	S	7	0	7	0.0000001137
Salinicoccus halodurans	407035	S	7	0	7	0.0000001137
Paenibacillus sp. CAA11	1532905	S	7	0	7	0.0000001137
Paenibacillus chitinolyticus	79263	S	7	0	7	0.0000001137
Paenibacillus durus	44251	S	7	0	7	0.0000001137
Paenibacillus donghaensis	414771	S	7	0	7	0.0000001137
Kurthia sp. 11kri321	1750719	S	7	0	7	0.0000001137
Gemella haemolysans	1379	S	5	2	7	0.0000001137
Weissella confusa	1583	S	7	0	7	0.0000001137
Weissella soli	155866	S	7	0	7	0.0000001137
Enterococcus gallinarum	1353	S	5	2	7	0.0000001137
Streptococcus acidominimus	1326	S	7	0	7	0.0000001137
Lactococcus carnosus	2749961	S	3	4	7	0.0000001137
Jeotgalibaca ciconiae	2496265	S	7	0	7	0.0000001137
Aerococcus viridans	1377	S	3	4	7	0.0000001137
Clostridium sp. JN-1	2483110	S	7	0	7	0.0000001137
Clostridium kluyveri	1534	S	7	0	7	0.0000001137
Clostridium formicaceticum	1497	S	7	0	7	0.0000001137
Alkaliphilus oremlandii	461876	S	7	0	7	0.0000001137
Hathewaya histolytica	1498	S	7	0	7	0.0000001137
Blautia argi	1912897	S	7	0	7	0.0000001137
[Clostridium] scindens	29347	S	7	0	7	0.0000001137
Lachnospira eligens	39485	S	7	0	7	0.0000001137
Desulfofarcimen acetoxidans	58138	S	7	0	7	0.0000001137
Eubacterium sp. NSJ-61	2764325	S	7	0	7	0.0000001137
Heliobacterium modesticaldum	35701	S	7	0	7	0.0000001137
Caldicellulosiruptor kristjanssonii	52765	S	7	0	7	0.0000001137
Caldicellulosiruptor changbaiensis	1222016	S	7	0	7	0.0000001137
Thermoanaerobacter wiegelii	46354	S	1	6	7	0.0000001137
Sedimentibacter sp. zth1	2816908	S	7	0	7	0.0000001137
Erysipelothrix rhusiopathiae	1648	S	4	3	7	0.0000001137
Actinomyces sp. oral taxon 169	712116	S	3	4	7	0.0000001137
Streptomyces sp. CB01881	2078691	S	7	0	7	0.0000001137
Streptomyces sp. Sge12	1972846	S	7	0	7	0.0000001137
Streptomyces sp. 3214.6	1882757	S	7	0	7	0.0000001137
Streptomyces sp. TLI_053	1855352	S	7	0	7	0.0000001137
Streptomyces sp. So13.3	2136173	S	7	0	7	0.0000001137
Streptomyces sp. SCSIO 3032	1264596	S	7	0	7	0.0000001137
Streptomyces peucetius	1950	S	7	0	7	0.0000001137
Streptomyces griseochromogenes	68214	S	7	0	7	0.0000001137
Streptomyces lydicus	47763	S	7	0	7	0.0000001137
Streptomyces exfoliatus	1905	S	7	0	7	0.0000001137
Streptomyces antibioticus	1890	S	7	0	7	0.0000001137
Streptomyces tendae	1932	S	7	0	7	0.0000001137
Streptomyces fagopyri	2662397	S	7	0	7	0.0000001137
Streptomyces broussonetiae	2686304	S	7	0	7	0.0000001137
Kitasatospora setae	2066	S	7	0	7	0.0000001137
Acidipropionibacterium jensenii	1749	S	7	0	7	0.0000001137
Nocardioides sp. zg-1228	2763008	S	7	0	7	0.0000001137
Nocardioides humi	449461	S	7	0	7	0.0000001137
Mycobacterium paraintracellulare	1138383	S	2	5	7	0.0000001137
Mycolicibacterium rhodesiae	36814	S	7	0	7	0.0000001137
Mycolicibacterium vaccae	1810	S	7	0	7	0.0000001137
Mycolicibacterium fortuitum	1766	S	7	0	7	0.0000001137
Microbacterium testaceum	2033	S	7	0	7	0.0000001137
Arthrobacter sp. YN	2020486	S	6	1	7	0.0000001137
Renibacterium salmoninarum	1646	S	7	0	7	0.0000001137
Cellulomonas gilvus	11	S	7	0	7	0.0000001137
Amycolatopsis orientalis	31958	S	7	0	7	0.0000001137
Actinoplanes missouriensis	1866	S	6	1	7	0.0000001137
Bifidobacterium pseudocatenulatum	28026	S	5	2	7	0.0000001137
Streptosporangium roseum	2001	S	7	0	7	0.0000001137
Actinopolyspora erythraea	414996	S	7	0	7	0.0000001137
Rubrobacter sp. SCSIO 52915	2653852	S	7	0	7	0.0000001137
Nostoc sp. 'Peltigera membranacea cyanobiont' N6	1261031	S	5	2	7	0.0000001137
Calothrix sp. PCC 7507	99598	S	6	1	7	0.0000001137
Synechococcus sp. CBW1002	1353134	S	2	5	7	0.0000001137
Stanieria cyanosphaera	102116	S	6	1	7	0.0000001137
Mycoplasma citelli	171281	S	7	0	7	0.0000001137
Mycoplasma arginini	2094	S	7	0	7	0.0000001137
Mycoplasma bovis	28903	S	7	0	7	0.0000001137
Candidatus Phytoplasma solani	69896	S	7	0	7	0.0000001137
Thermus oshimai	56957	S	7	0	7	0.0000001137
Klebsiella sp. MPUS7	2697371	S	4	3	7	0.0000001137
Enterobacter sp. DSM 30060	2747372	S	3	4	7	0.0000001137
Candidatus Annandia adelgestsuga	1302411	S	7	0	7	0.0000001137
Serratia rubidaea	61652	S	7	0	7	0.0000001137
Yersinia canariae	2607663	S	7	0	7	0.0000001137
Xenorhabdus hominickii	351679	S	7	0	7	0.0000001137
Pantoea rwandensis	1076550	S	7	0	7	0.0000001137
Erwinia sp. Ejp617	215689	S	6	1	7	0.0000001137
Mixta gaviniae	665914	S	7	0	7	0.0000001137
Pectobacterium atrosepticum	29471	S	7	0	7	0.0000001137
Pectobacterium odoriferum	78398	S	7	0	7	0.0000001137
Dickeya solani	1089444	S	6	1	7	0.0000001137
Sodalis praecaptivus	1239307	S	7	0	7	0.0000001137
Pseudomonas sp. C27(2019)	2604941	S	7	0	7	0.0000001137
Pseudomonas sp. R4-39-08	1173288	S	2	5	7	0.0000001137
Acinetobacter sp. ACNIH2	1758189	S	7	0	7	0.0000001137
Acinetobacter venetianus	52133	S	7	0	7	0.0000001137
Psychrobacter sp. P11G3	1699623	S	7	0	7	0.0000001137
Vibrio furnissii	29494	S	7	0	7	0.0000001137
Vibrio spartinae	1918945	S	7	0	7	0.0000001137
Vibrio casei	673372	S	7	0	7	0.0000001137
Vibrio chagasii	170679	S	7	0	7	0.0000001137
Halomonas sp. SH5A2	2749040	S	7	0	7	0.0000001137
Kushneria phosphatilytica	657387	S	5	2	7	0.0000001137
Reinekea forsetii	1336806	S	7	0	7	0.0000001137
Lysobacter sp. CW239	2762611	S	7	0	7	0.0000001137
Dyella sp. M7H15-1	2501295	S	7	0	7	0.0000001137
Pseudoalteromonas atlantica	288	S	7	0	7	0.0000001137
Colwellia sp. PAMC 21821	1816219	S	7	0	7	0.0000001137
Francisella philomiragia	28110	S	6	1	7	0.0000001137
Legionella longbeachae	450	S	7	0	7	0.0000001137
Nitrosococcus wardiae	1814290	S	7	0	7	0.0000001137
Microbulbifer sp. SH-1	2681547	S	7	0	7	0.0000001137
Halioglobus pacificus	930806	S	7	0	7	0.0000001137
Methylocaldum marinum	1432792	S	7	0	7	0.0000001137
Orbus sp. IPMB12	1635327	S	7	0	7	0.0000001137
endosymbiont of unidentified scaly snail isolate Monju	1248727	S	7	0	7	0.0000001137
Hydrogenophaga sp. PBC	795665	S	7	0	7	0.0000001137
Hydrogenophaga sp. BA0156	2716225	S	7	0	7	0.0000001137
Hydrogenophaga pseudoflava	47421	S	7	0	7	0.0000001137
Polaromonas vacuolata	37448	S	7	0	7	0.0000001137
Melaminivora sp. SC2-9	2109913	S	7	0	7	0.0000001137
Ramlibacter tataouinensis	94132	S	7	0	7	0.0000001137
Pandoraea faecigallinarum	656179	S	7	0	7	0.0000001137
Methylibium sp. Pch-M	2082386	S	4	3	7	0.0000001137
Achromobacter sp. MFA1 R4	1881016	S	7	0	7	0.0000001137
Achromobacter denitrificans	32002	S	7	0	7	0.0000001137
Pusillimonas sp. DMV24BSW_D	2716226	S	7	0	7	0.0000001137
Massilia plicata	321984	S	7	0	7	0.0000001137
Janthinobacterium agaricidamnosum	55508	S	7	0	7	0.0000001137
Janthinobacterium svalbardensis	368607	S	6	1	7	0.0000001137
Neisseria sp. KEM232	655307	S	7	0	7	0.0000001137
Neisseria brasiliensis	2666100	S	7	0	7	0.0000001137
Vitreoscilla filiformis	63	S	7	0	7	0.0000001137
Chromobacterium vaccinii	1108595	S	6	1	7	0.0000001137
Aquitalea denitrificans	519081	S	6	1	7	0.0000001137
Niveibacterium sp. HC41	2811415	S	7	0	7	0.0000001137
Oryzomicrobium terrae	1735038	S	7	0	7	0.0000001137
Denitratisoma sp. DHT3	1981880	S	6	1	7	0.0000001137
Candidatus Accumulibacter phosphatis	327160	S	7	0	7	0.0000001137
Bradyrhizobium guangdongense	1325090	S	5	2	7	0.0000001137
Mesorhizobium sp. J8	2777475	S	7	0	7	0.0000001137
Methylobacterium brachiatum	269660	S	6	1	7	0.0000001137
Microvirga sp. VF16	2807101	S	7	0	7	0.0000001137
Bartonella alsatica	52764	S	7	0	7	0.0000001137
Brucella intermedia	94625	S	7	0	7	0.0000001137
Pseudolabrys sp. FHR47	2562284	S	7	0	7	0.0000001137
Xanthobacter sp. YN2	2528964	S	7	0	7	0.0000001137
Sphingomonas sp. DH-S5	2759526	S	7	0	7	0.0000001137
Sphingomonas sanxanigenens	397260	S	6	1	7	0.0000001137
Aurantiacibacter atlanticus	1648404	S	5	2	7	0.0000001137
Paracoccus sp. BM15	1529068	S	7	0	7	0.0000001137
Roseovarius sp. THAF27	2587850	S	6	1	7	0.0000001137
Rhodobacter sp. CZR27	2033869	S	7	0	7	0.0000001137
Sulfitobacter sp. SK011	1389004	S	7	0	7	0.0000001137
Sulfitobacter sp. THAF37	2587855	S	4	3	7	0.0000001137
Profundibacter amoris	2171755	S	7	0	7	0.0000001137
Paraoceanicella profunda	2579971	S	7	0	7	0.0000001137
Acetobacter aceti	435	S	7	0	7	0.0000001137
Azospirillum baldaniorum	1064539	S	2	5	7	0.0000001137
Thalassospira indica	1891279	S	6	1	7	0.0000001137
Rickettsia bellii	33990	S	5	2	7	0.0000001137
Rickettsia typhi	785	S	7	0	7	0.0000001137
Brevundimonas sp. GRTSA-9	2800818	S	7	0	7	0.0000001137
Brevundimonas naejangsanensis	588932	S	6	1	7	0.0000001137
Brevundimonas vancanneytii	1325724	S	2	5	7	0.0000001137
Asticcacaulis excentricus	78587	S	7	0	7	0.0000001137
Candidatus Pelagibacter sp. HIMB1321	1388755	S	7	0	7	0.0000001137
Desulfovibrio carbinolicus	296842	S	6	1	7	0.0000001137
Desulfolutivibrio sulfoxidireducens	2773299	S	7	0	7	0.0000001137
Archangium gephyra	48	S	7	0	7	0.0000001137
Melittangium boletus	83453	S	7	0	7	0.0000001137
Minicystis rosea	888845	S	7	0	7	0.0000001137
Desulfomonile tiedjei	2358	S	7	0	7	0.0000001137
Campylobacter concisus	199	S	7	0	7	0.0000001137
Campylobacter corcagiensis	1448857	S	7	0	7	0.0000001137
Sulfurospirillum sp. ACSTCE	1854493	S	1	6	7	0.0000001137
Nautilia sp. PV-1	2579250	S	7	0	7	0.0000001137
Flavobacterium sp. SLB02	2665645	S	7	0	7	0.0000001137
Flavobacterium indicum	312277	S	7	0	7	0.0000001137
Flavobacterium sangjuense	2518177	S	7	0	7	0.0000001137
Gramella echinicola	279359	S	6	1	7	0.0000001137
Lacinutrix sp. WUR7	2653681	S	7	0	7	0.0000001137
Nonlabens marinus	930802	S	7	0	7	0.0000001137
Dokdonia sp. 4H-3-7-5	983548	S	6	1	7	0.0000001137
Aureitalea sp. RR4-38	2094025	S	7	0	7	0.0000001137
Altibacter sp. ALE3EI	2562285	S	7	0	7	0.0000001137
Croceibacter atlanticus	313588	S	7	0	7	0.0000001137
Chryseobacterium sp. G0186	2487064	S	5	2	7	0.0000001137
Chryseobacterium joostei	112234	S	6	1	7	0.0000001137
Chryseobacterium bernardetii	1241978	S	4	3	7	0.0000001137
Kaistella daneshvariae	2487074	S	7	0	7	0.0000001137
Apibacter raozihei	2500547	S	7	0	7	0.0000001137
Croceimicrobium hydrocarbonivorans	2761580	S	6	1	7	0.0000001137
Hymenobacter sedentarius	1411621	S	7	0	7	0.0000001137
Roseivirga pacifica	1267423	S	7	0	7	0.0000001137
Bacteroides heparinolyticus	28113	S	7	0	7	0.0000001137
Prevotella melaninogenica	28132	S	7	0	7	0.0000001137
Proteiniphilum saccharofermentans	1642647	S	7	0	7	0.0000001137
Porphyromonas gingivalis	837	S	7	0	7	0.0000001137
Salinivirga cyanobacteriivorans	1307839	S	7	0	7	0.0000001137
Sphingobacterium sp. ML3W	1538644	S	7	0	7	0.0000001137
Sphingobacterium sp. G1-14	2003121	S	4	3	7	0.0000001137
Niastella koreensis	354356	S	7	0	7	0.0000001137
Filimonas lacunae	477680	S	7	0	7	0.0000001137
Prosthecochloris sp. CIB 2401	1868325	S	6	1	7	0.0000001137
Aeoliella mucimassa	2527972	S	5	2	7	0.0000001137
Pirellulimonas nuda	2528009	S	5	2	7	0.0000001137
Tautonia plasticadhaerens	2527974	S	7	0	7	0.0000001137
Verrucomicrobium sp. GAS474	1882831	S	7	0	7	0.0000001137
Akkermansia muciniphila	239935	S	7	0	7	0.0000001137
Treponema parvum	138851	S	7	0	7	0.0000001137
Leptospira interrogans	173	S	7	0	7	0.0000001137
Leptotrichia hongkongensis	554406	S	6	1	7	0.0000001137
Thermodesulfatator indicus	171695	S	7	0	7	0.0000001137
Haloferax gibbonsii	35746	S	7	0	7	0.0000001137
Methanobrevibacter millerae	230361	S	7	0	7	0.0000001137
Methanobacterium paludis	868131	S	2	5	7	0.0000001137
Methanocaldococcus jannaschii	2190	S	7	0	7	0.0000001137
Methanotorris igneus	2189	S	7	0	7	0.0000001137
Thermococcus barophilus	55802	S	7	0	7	0.0000001137
Nitrosopumilus maritimus	338192	S	6	1	7	0.0000001137
Nitrosopumilus oxyclinae	1959104	S	6	1	7	0.0000001137
Candidatus Nitrosopumilus sp. SW	2508726	S	6	1	7	0.0000001137
Candidatus Nitrosocosmicus hydrocola	1826872	S	7	0	7	0.0000001137
Thermoplasma acidophilum	2303	S	7	0	7	0.0000001137
Vibrio virus pTD1	2560834	S	7	0	7	0.0000001137
Escherichia virus T5	10726	S	3	4	7	0.0000001137
Parageobacillus toebii	153151	S	5	1	6	0.0000000975
Paenibacillus sp. JDR-2	324057	S	6	0	6	0.0000000975
Paenibacillus mucilaginosus	61624	S	6	0	6	0.0000000975
Paenibacillus xylanilyticus	248903	S	6	0	6	0.0000000975
Paenibacillus beijingensis	1126833	S	6	0	6	0.0000000975
Cohnella sp. LGH	1619153	S	6	0	6	0.0000000975
Cohnella sp. MFER-1	2728023	S	6	0	6	0.0000000975
Aneurinibacillus soli	1500254	S	6	0	6	0.0000000975
Sporosarcina sp. P37	1930546	S	3	3	6	0.0000000975
Rummeliibacillus stabekisii	241244	S	6	0	6	0.0000000975
Alicyclobacillus sp. TC	2606450	S	6	0	6	0.0000000975
Lactiplantibacillus argentoratensis	271881	S	3	3	6	0.0000000975
Paucilactobacillus oligofermentans	293371	S	6	0	6	0.0000000975
Leuconostoc falkenbergense	2766470	S	5	1	6	0.0000000975
Lapidilactobacillus dextrinicus	51664	S	6	0	6	0.0000000975
Streptococcus sp. zg-86	2664091	S	6	0	6	0.0000000975
Streptococcus australis	113107	S	6	0	6	0.0000000975
Streptococcus vestibularis	1343	S	6	0	6	0.0000000975
Streptococcus porcinus	1340	S	6	0	6	0.0000000975
Streptococcus parasanguinis	1318	S	6	0	6	0.0000000975
Lactococcus allomyrinae	2419773	S	6	0	6	0.0000000975
Carnobacterium sp. CP1	1564681	S	2	4	6	0.0000000975
Clostridium thermarum	1716543	S	6	0	6	0.0000000975
Clostridium argentinense	29341	S	6	0	6	0.0000000975
Lachnoclostridium sp. YL32	1834196	S	6	0	6	0.0000000975
Anaerostipes hadrus	649756	S	6	0	6	0.0000000975
Anaerostipes rhamnosivorans	1229621	S	6	0	6	0.0000000975
Oscillibacter sp. NSJ-62	2763056	S	6	0	6	0.0000000975
Oscillibacter sp. PEA192	2109687	S	2	4	6	0.0000000975
Romboutsia ilealis	1115758	S	6	0	6	0.0000000975
Monoglobus pectinilyticus	1981510	S	6	0	6	0.0000000975
Moorella glycerini	55779	S	5	1	6	0.0000000975
Carboxydothermus hydrogenoformans	129958	S	6	0	6	0.0000000975
Thermacetogenium phaeum	85874	S	6	0	6	0.0000000975
Natranaerobius thermophilus	375929	S	6	0	6	0.0000000975
Selenomonas sp. oral taxon 478	712538	S	3	3	6	0.0000000975
Pelosinus sp. UFO1	484770	S	6	0	6	0.0000000975
Erysipelothrix piscisicarius	2485784	S	3	3	6	0.0000000975
[Clostridium] innocuum	1522	S	6	0	6	0.0000000975
Actinomyces sp. Z16	2079536	S	6	0	6	0.0000000975
Streptomyces sp. SYP-A7193	2662065	S	6	0	6	0.0000000975
Streptomyces sp. QMT-12	2717324	S	6	0	6	0.0000000975
Streptomyces griseus	1911	S	6	0	6	0.0000000975
Streptomyces bingchenggensis	379067	S	6	0	6	0.0000000975
Streptomyces armeniacus	83291	S	6	0	6	0.0000000975
Streptomyces roseochromogenus	285450	S	6	0	6	0.0000000975
Streptomyces pluripotens	1355015	S	6	0	6	0.0000000975
Streptomyces kanamyceticus	1967	S	6	0	6	0.0000000975
Mycobacterium sp. MS1601	1936029	S	6	0	6	0.0000000975
Mycobacterium heckeshornense	110505	S	6	0	6	0.0000000975
Mycobacterium marinum	1781	S	3	3	6	0.0000000975
Mycolicibacterium litorale	758802	S	6	0	6	0.0000000975
Mycobacteroides immunogenum	83262	S	6	0	6	0.0000000975
Hoyosella subflava	639313	S	6	0	6	0.0000000975
Corynebacterium segmentosum	43990	S	6	0	6	0.0000000975
Corynebacterium genitalium	38288	S	6	0	6	0.0000000975
Corynebacterium terpenotabidum	89154	S	6	0	6	0.0000000975
Corynebacterium endometrii	2488819	S	6	0	6	0.0000000975
Rhodococcus sp. X156	2499145	S	6	0	6	0.0000000975
Rhodococcus sp. p52	935199	S	4	2	6	0.0000000975
Rhodococcus fascians	1828	S	6	0	6	0.0000000975
Nocardia brasiliensis	37326	S	6	0	6	0.0000000975
Nocardia nova	37330	S	6	0	6	0.0000000975
Nocardia yunnanensis	2382165	S	6	0	6	0.0000000975
Microbacterium sp. A18JL200	2782167	S	6	0	6	0.0000000975
Curtobacterium sp. Csp2	2495430	S	1	5	6	0.0000000975
Leifsonia xyli	1575	S	6	0	6	0.0000000975
Leifsonia shinshuensis	150026	S	6	0	6	0.0000000975
Rothia terrae	396015	S	6	0	6	0.0000000975
Cellulomonas shaoxiangyii	2566013	S	6	0	6	0.0000000975
Janibacter sp. YB324	2761047	S	5	1	6	0.0000000975
Brachybacterium sp. P6-10-X1	1903186	S	6	0	6	0.0000000975
Serinicoccus marinus	247333	S	4	2	6	0.0000000975
Mobilicoccus sp. NJES-13	2716227	S	6	0	6	0.0000000975
Jonesia denitrificans	43674	S	6	0	6	0.0000000975
Actinoplanes sp. OR16	946334	S	5	1	6	0.0000000975
Actinomadura verrucosospora	46165	S	6	0	6	0.0000000975
Nocardiopsis dassonvillei	2014	S	6	0	6	0.0000000975
Conexibacter woesei	191495	S	6	0	6	0.0000000975
Nostoc sp. CENA543	1869241	S	6	0	6	0.0000000975
Nostoc sp. C057	2576903	S	2	4	6	0.0000000975
Nostoc piscinale	224012	S	4	2	6	0.0000000975
Anabaenopsis elenkinii	156213	S	6	0	6	0.0000000975
Synechococcus sp. CC9902	316279	S	6	0	6	0.0000000975
Synechocystis sp. PCC 6714	1147	S	6	0	6	0.0000000975
Synechocystis sp. CACIAM 05	1933929	S	3	3	6	0.0000000975
Mycoplasma alkalescens	45363	S	6	0	6	0.0000000975
Mycoplasma californicum	2113	S	6	0	6	0.0000000975
Spiroplasma sp. BIUS-1	216964	S	6	0	6	0.0000000975
Spiroplasma chinense	216932	S	6	0	6	0.0000000975
Caldilinea aerophila	133453	S	6	0	6	0.0000000975
Blochmannia endosymbiont of Colobopsis nipponica	2681987	S	5	1	6	0.0000000975
Serratia ureilytica	300181	S	5	1	6	0.0000000975
Rahnella sp. ERMR1:05	1805933	S	6	0	6	0.0000000975
Gibbsiella quercinecans	929813	S	6	0	6	0.0000000975
Rouxiella badensis	1646377	S	6	0	6	0.0000000975
Pantoea cypripedii	55209	S	6	0	6	0.0000000975
Tatumella citrea	53336	S	6	0	6	0.0000000975
Brenneria goodwinii	1109412	S	4	2	6	0.0000000975
Pragia fontium	82985	S	6	0	6	0.0000000975
Pseudomonas sp. ATCC 43928	676210	S	3	3	6	0.0000000975
Pseudomonas sp. St29	1500687	S	3	3	6	0.0000000975
Pseudomonas sp. OST1909	2777367	S	3	3	6	0.0000000975
Pseudomonas sp. CFA	2651048	S	2	4	6	0.0000000975
Acinetobacter seifertii	1530123	S	6	0	6	0.0000000975
Acinetobacter sp. YH12138	2601122	S	6	0	6	0.0000000975
Acinetobacter towneri	202956	S	6	0	6	0.0000000975
Acinetobacter equi	1324350	S	6	0	6	0.0000000975
Psychrobacter sp. P11F6	1699621	S	6	0	6	0.0000000975
Vibrio astriarenae	1481923	S	6	0	6	0.0000000975
Vibrio gazogenes	687	S	6	0	6	0.0000000975
Vibrio mimicus	674	S	6	0	6	0.0000000975
Photobacterium gaetbulicola	1295392	S	6	0	6	0.0000000975
Lysobacter solisilvae	2763317	S	6	0	6	0.0000000975
Pseudoxanthomonas suwonensis	314722	S	6	0	6	0.0000000975
Pseudoalteromonas sp. 16-SW-7	2583375	S	2	4	6	0.0000000975
Pseudoalteromonas piscicida	43662	S	6	0	6	0.0000000975
Pseudoalteromonas carrageenovora	227	S	6	0	6	0.0000000975
Shewanella sp. FJAT-51800	2814294	S	6	0	6	0.0000000975
Alteromonas australica	589873	S	5	1	6	0.0000000975
Salinimonas sp. G2-b	2785918	S	6	0	6	0.0000000975
Francisella marina	2249302	S	4	2	6	0.0000000975
Aeromonas salmonicida	645	S	6	0	6	0.0000000975
Legionella sp. TUM19329	2708020	S	6	0	6	0.0000000975
Legionella sp. PC1000	2746060	S	6	0	6	0.0000000975
Legionella sainthelensi	28087	S	6	0	6	0.0000000975
Legionella lansingensis	45067	S	6	0	6	0.0000000975
Gallaecimonas mangrovi	2291597	S	6	0	6	0.0000000975
Acidihalobacter aeolianus	2792603	S	6	0	6	0.0000000975
Aquisalimonas sp. 2447	2740807	S	6	0	6	0.0000000975
Otariodibacter oris	1032623	S	6	0	6	0.0000000975
Cellvibrio sp. KY-GH-1	2303332	S	6	0	6	0.0000000975
Saccharophagus degradans	86304	S	6	0	6	0.0000000975
Microbulbifer aggregans	1769779	S	6	0	6	0.0000000975
Methylomonas rhizoryzae	2608981	S	6	0	6	0.0000000975
Hydrogenophaga crassostreae	1763535	S	6	0	6	0.0000000975
Acidovorax sp. JS42	232721	S	2	4	6	0.0000000975
Variovorax sp. PBL-H6	434009	S	5	1	6	0.0000000975
Serpentinomonas mccroryi	1458426	S	6	0	6	0.0000000975
Curvibacter sp. AEP1-3	1844971	S	6	0	6	0.0000000975
Hylemonella gracilis	80880	S	6	0	6	0.0000000975
Paraburkholderia acidiphila	2571747	S	6	0	6	0.0000000975
Polynucleobacter sp. LimPoW16	1743162	S	6	0	6	0.0000000975
Polynucleobacter asymbioticus	576611	S	5	1	6	0.0000000975
Thiomonas intermedia	926	S	6	0	6	0.0000000975
Leptothrix cholodnii	34029	S	6	0	6	0.0000000975
Achromobacter pestifer	1353889	S	6	0	6	0.0000000975
Bordetella pseudohinzii	1331258	S	6	0	6	0.0000000975
Pusillimonas thiosulfatoxidans	2028345	S	6	0	6	0.0000000975
Massilia sp. NR 4-1	1678028	S	6	0	6	0.0000000975
Janthinobacterium sp. Marseille	375286	S	5	1	6	0.0000000975
Neisseria wadsworthii	607711	S	6	0	6	0.0000000975
Neisseria sicca	490	S	6	0	6	0.0000000975
Azoarcus communis	41977	S	6	0	6	0.0000000975
Rugosibacter aromaticivorans	1565605	S	6	0	6	0.0000000975
Candidatus Methylopumilus universalis	2588536	S	6	0	6	0.0000000975
Sulfuritalea hydrogenivorans	748811	S	6	0	6	0.0000000975
Candidatus Nitrotoga sp. AM1P	2559597	S	6	0	6	0.0000000975
Candidatus Kinetoplastibacterium galatii	994695	S	5	1	6	0.0000000975
Rhizobium sp. NXC24	2048897	S	6	0	6	0.0000000975
Rhizobium acidisoli	1538158	S	5	1	6	0.0000000975
Rhizobium phaseoli	396	S	3	3	6	0.0000000975
Ensifer alkalisoli	1752398	S	6	0	6	0.0000000975
Bradyrhizobium sp. CCBAU 53421	1325120	S	6	0	6	0.0000000975
Bradyrhizobium sp. BTAi1	288000	S	6	0	6	0.0000000975
Bradyrhizobium sp. CCBAU 051011	858422	S	6	0	6	0.0000000975
Bradyrhizobium icense	1274631	S	6	0	6	0.0000000975
Bosea sp. Tri-49	1867715	S	6	0	6	0.0000000975
Mesorhizobium erdmanii	1777866	S	6	0	6	0.0000000975
Bartonella sp. 1-1C	515256	S	1	5	6	0.0000000975
Bartonella birtlesii	111504	S	6	0	6	0.0000000975
Sphingopyxis sp. EG6	1874061	S	6	0	6	0.0000000975
Sphingosinithalassobacter sp. CS137	2762748	S	6	0	6	0.0000000975
Paracoccus aminophilus	34003	S	6	0	6	0.0000000975
Phaeobacter gallaeciensis	60890	S	5	1	6	0.0000000975
Roseobacter litoralis	42443	S	6	0	6	0.0000000975
Salipiger profundus	1229727	S	5	1	6	0.0000000975
Epibacterium mobile	379347	S	6	0	6	0.0000000975
Thalassococcus sp. S3	2017482	S	6	0	6	0.0000000975
Granulibacter bethesdensis	364410	S	6	0	6	0.0000000975
Azospirillum brasilense	192	S	3	3	6	0.0000000975
Candidatus Endolissoclinum faulkneri	1263979	S	6	0	6	0.0000000975
Candidatus Midichloria mitochondrii	234827	S	6	0	6	0.0000000975
Caulobacter flavus	1679497	S	6	0	6	0.0000000975
Micavibrio aeruginosavorus	349221	S	6	0	6	0.0000000975
Hyphomonas sp. KY3	2016196	S	6	0	6	0.0000000975
Paremcibacter congregatus	2043170	S	6	0	6	0.0000000975
Desulfovibrio alaskensis	58180	S	5	1	6	0.0000000975
Maridesulfovibrio hydrothermalis	191026	S	6	0	6	0.0000000975
Corallococcus coralloides	184914	S	6	0	6	0.0000000975
Desulfosarcina widdelii	947919	S	6	0	6	0.0000000975
Desulfobulbus propionicus	894	S	6	0	6	0.0000000975
Geobacter sp. M18	443143	S	6	0	6	0.0000000975
Candidatus Desulfofervidus auxilii	1621989	S	6	0	6	0.0000000975
[Arcobacter] porcinus	1935204	S	5	1	6	0.0000000975
Campylobacter insulaenigrae	260714	S	6	0	6	0.0000000975
Campylobacter cuniculorum	374106	S	6	0	6	0.0000000975
Helicobacter himalayensis	1591088	S	6	0	6	0.0000000975
Sulfurimonas sp. GYSZ_1	2590022	S	6	0	6	0.0000000975
Sulfurimonas sp. NW10	2509341	S	5	1	6	0.0000000975
Sulfurimonas gotlandica	1176482	S	6	0	6	0.0000000975
Nitratiruptor sp. SB155-2	387092	S	4	2	6	0.0000000975
Flavobacterium sp. P2-65	2748320	S	6	0	6	0.0000000975
Flavobacterium sp. HYN0086	2249356	S	6	0	6	0.0000000975
Flavobacterium sp. xlx-214	2654325	S	6	0	6	0.0000000975
Polaribacter sp. MED152	313598	S	6	0	6	0.0000000975
Tenacibaculum todarodis	1850252	S	6	0	6	0.0000000975
Formosa sp. Hel1_31_208	1798225	S	6	0	6	0.0000000975
Myroides phaeus	702745	S	6	0	6	0.0000000975
Muricauda lutaonensis	516051	S	6	0	6	0.0000000975
Muricauda sp. 501str8	2698672	S	6	0	6	0.0000000975
Psychroserpens sp. NJDZ02	2570561	S	5	1	6	0.0000000975
Chryseobacterium sp. IHB B 17019	1721091	S	6	0	6	0.0000000975
Chryseobacterium aureum	2497456	S	6	0	6	0.0000000975
Chryseobacterium cucumeris	1813611	S	6	0	6	0.0000000975
Spirosoma sp. CJU-R4	2728024	S	6	0	6	0.0000000975
Spirosoma sp. KUDC1026	2745947	S	6	0	6	0.0000000975
Aquirufa nivalisilvae	2516557	S	6	0	6	0.0000000975
Hymenobacter sp. DG25A	1385663	S	6	0	6	0.0000000975
Hymenobacter baengnokdamensis	2615203	S	4	2	6	0.0000000975
Adhaeribacter radiodurans	2745197	S	6	0	6	0.0000000975
Bacteroides caecimuris	1796613	S	6	0	6	0.0000000975
Dysgonomonas sp. HDW5B	2714927	S	5	1	6	0.0000000975
Paludibacter propionicigenes	185300	S	6	0	6	0.0000000975
Pedobacter sp. JBR3-12	2789740	S	6	0	6	0.0000000975
Pedobacter roseus	336820	S	6	0	6	0.0000000975
Sphingobacterium daejeonense	371142	S	6	0	6	0.0000000975
Mucilaginibacter celer	2305508	S	6	0	6	0.0000000975
Olivibacter sp. LS-1	2592345	S	2	4	6	0.0000000975
Flavisolibacter ginsenosidimutans	661481	S	6	0	6	0.0000000975
Calycomorphotria hydatis	2528027	S	6	0	6	0.0000000975
Rosistilla carotiformis	2528017	S	5	1	6	0.0000000975
Botrimarina mediterranea	2528022	S	4	2	6	0.0000000975
Gemmata massiliana	1210884	S	4	2	6	0.0000000975
Chlamydia gallinacea	1457153	S	6	0	6	0.0000000975
Fusobacterium periodonticum	860	S	2	4	6	0.0000000975
Candidatus Bipolaricaulis anaerobius	2026885	S	6	0	6	0.0000000975
Candidatus Babela massiliensis	673862	S	6	0	6	0.0000000975
Natrinema sp. YPL30	1710539	S	6	0	6	0.0000000975
Natronococcus occultus	29288	S	6	0	6	0.0000000975
Haloarcula taiwanensis	1932004	S	6	0	6	0.0000000975
Methanohalophilus halophilus	2177	S	6	0	6	0.0000000975
Methanohalobium evestigatum	2322	S	6	0	6	0.0000000975
Methanoculleus marisnigri	2198	S	6	0	6	0.0000000975
Methanobacterium congolense	118062	S	2	4	6	0.0000000975
Methanococcus maripaludis	39152	S	6	0	6	0.0000000975
Pyrococcus yayanosii	1008460	S	6	0	6	0.0000000975
Candidatus Nitrosocosmicus oleophilus	1353260	S	6	0	6	0.0000000975
Candidatus Methanoplasma termitum	1577791	S	6	0	6	0.0000000975
Ectocarpus siliculosus virus 1	37665	S	6	0	6	0.0000000975
Tokyovirus A1	1826170	S	6	0	6	0.0000000975
Bacillus sp. JAS24-2	2217832	S	1	4	5	0.0000000812
Geobacillus sp. 44B	1963023	S	5	0	5	0.0000000812
Lentibacillus amyloliquefaciens	1472767	S	5	0	5	0.0000000812
Salicibibacter sp. NKC21-4	2743001	S	5	0	5	0.0000000812
Paenibacillus sp. JZ16	1906272	S	5	0	5	0.0000000812
Paenibacillus sp. JNUCC-31	2777983	S	5	0	5	0.0000000812
Paenibacillus lutimineralis	2707005	S	5	0	5	0.0000000812
Paenibacillus swuensis	1178515	S	5	0	5	0.0000000812
Paenibacillus lycopersici	2704462	S	5	0	5	0.0000000812
Paenibacillus cellulosilyticus	375489	S	5	0	5	0.0000000812
Paenibacillus kribbensis	172713	S	5	0	5	0.0000000812
Sporosarcina sp. P33	1930764	S	2	3	5	0.0000000812
Sporosarcina ureilytica	298596	S	4	1	5	0.0000000812
Alicyclobacillus sp. SO9	2665646	S	5	0	5	0.0000000812
Novibacillus thermophilus	1471761	S	5	0	5	0.0000000812
Sporolactobacillus terrae	269673	S	5	0	5	0.0000000812
Lactobacillus sp. CBA3605	2099788	S	5	0	5	0.0000000812
Weissella koreensis	165096	S	5	0	5	0.0000000812
Weissella diestrammenae	1162633	S	5	0	5	0.0000000812
Lacticaseibacillus casei	1582	S	5	0	5	0.0000000812
Ligilactobacillus animalis	1605	S	5	0	5	0.0000000812
Leuconostoc lactis	1246	S	5	0	5	0.0000000812
Liquorilactobacillus hordei	468911	S	5	0	5	0.0000000812
Apilactobacillus kunkeei	148814	S	5	0	5	0.0000000812
Amylolactobacillus amylophilus	1603	S	5	0	5	0.0000000812
Streptococcus sp. KS 6	2598457	S	5	0	5	0.0000000812
Streptococcus sp. oral taxon 431	712633	S	5	0	5	0.0000000812
Streptococcus sp. I-P16	1156433	S	5	0	5	0.0000000812
Streptococcus intermedius	1338	S	5	0	5	0.0000000812
Streptococcus mutans	1309	S	3	2	5	0.0000000812
Clostridium tetani	1513	S	5	0	5	0.0000000812
Caloramator sp. E03	2576307	S	5	0	5	0.0000000812
Lachnoclostridium phytofermentans	66219	S	5	0	5	0.0000000812
Pseudobutyrivibrio xylanivorans	185007	S	5	0	5	0.0000000812
Caproiciproducens sp. NJN-50	2507162	S	5	0	5	0.0000000812
Acetivibrio clariflavus	288965	S	5	0	5	0.0000000812
Ethanoligenens harbinense	253239	S	5	0	5	0.0000000812
Desulfosporosinus orientis	1563	S	5	0	5	0.0000000812
Romboutsia hominis	1507512	S	5	0	5	0.0000000812
Peptacetobacter hiranonis	89152	S	5	0	5	0.0000000812
[Eubacterium] cellulosolvens	29322	S	5	0	5	0.0000000812
Caldicellulosiruptor obsidiansis	717609	S	5	0	5	0.0000000812
Thermoanaerobacter kivui	2325	S	1	4	5	0.0000000812
Thermodesulfobium acidiphilum	1794699	S	3	2	5	0.0000000812
Biomaibacter acetigenes	2316383	S	5	0	5	0.0000000812
Parvimonas micra	33033	S	5	0	5	0.0000000812
Erysipelothrix sp. HDW6A	2714928	S	5	0	5	0.0000000812
Erysipelothrix larvae	1514105	S	5	0	5	0.0000000812
Turicibacter sp. H121	1712675	S	5	0	5	0.0000000812
Actinomyces sp. 432	2057798	S	5	0	5	0.0000000812
Schaalia odontolytica	1660	S	5	0	5	0.0000000812
Streptomyces sp. SAT1	1849967	S	5	0	5	0.0000000812
Streptomyces sp. P3	2135430	S	5	0	5	0.0000000812
Streptomyces sp. MBT27	1488356	S	5	0	5	0.0000000812
Streptomyces sp. ADI95-16	1522758	S	5	0	5	0.0000000812
Streptomyces sp. NA04227	2742136	S	5	0	5	0.0000000812
Streptomyces sp. NA02950	2742137	S	5	0	5	0.0000000812
Streptomyces californicus	67351	S	5	0	5	0.0000000812
Streptomyces viridosporus	67581	S	5	0	5	0.0000000812
Streptomyces ferrugineus	1413221	S	5	0	5	0.0000000812
Streptomyces rectiverticillatus	173860	S	5	0	5	0.0000000812
Streptomyces griseocarneus	51201	S	5	0	5	0.0000000812
Streptomyces katrae	68223	S	5	0	5	0.0000000812
Streptomyces nodosus	40318	S	5	0	5	0.0000000812
Acidipropionibacterium acidipropionici	1748	S	5	0	5	0.0000000812
Nocardioides sp. WS12	2486272	S	5	0	5	0.0000000812
Mycobacterium mantenii	560555	S	5	0	5	0.0000000812
Mycobacterium sp. PYR15	2051552	S	4	1	5	0.0000000812
Mycobacterium leprae	1769	S	5	0	5	0.0000000812
Mycobacterium conspicuum	44010	S	5	0	5	0.0000000812
Mycolicibacterium sp. LJ126	2761578	S	5	0	5	0.0000000812
Mycolicibacterium smegmatis	1772	S	5	0	5	0.0000000812
Mycolicibacterium boenickei	146017	S	3	2	5	0.0000000812
Mycolicibacter hiberniae	29314	S	5	0	5	0.0000000812
Corynebacterium sp. zg-320	2768834	S	5	0	5	0.0000000812
Corynebacterium xerosis	1725	S	5	0	5	0.0000000812
Corynebacterium bovis	36808	S	5	0	5	0.0000000812
Corynebacterium simulans	146827	S	5	0	5	0.0000000812
Rhodococcus sp. ABRD24	2507582	S	5	0	5	0.0000000812
Rhodococcus sp. B7740	1564114	S	5	0	5	0.0000000812
Rhodococcus sp. S2-17	1990687	S	3	2	5	0.0000000812
Rhodococcus ruber	1830	S	5	0	5	0.0000000812
Nocardia otitidiscaviarum	1823	S	5	0	5	0.0000000812
Nocardia arthritidis	228602	S	5	0	5	0.0000000812
Gordonia terrae	2055	S	5	0	5	0.0000000812
Microbacterium chocolatum	84292	S	5	0	5	0.0000000812
Microbacterium foliorum	104336	S	5	0	5	0.0000000812
Curtobacterium pusillum	69373	S	4	1	5	0.0000000812
Glaciihabitans sp. INWT7	2596912	S	5	0	5	0.0000000812
Arthrobacter citreus	1670	S	5	0	5	0.0000000812
Rothia dentocariosa	2047	S	5	0	5	0.0000000812
Rothia mucilaginosa	43675	S	5	0	5	0.0000000812
Neomicrococcus aestuarii	556325	S	5	0	5	0.0000000812
Brevibacterium sp. YB235	1496080	S	5	0	5	0.0000000812
Brevibacterium sp. PAMC23299	2762330	S	4	1	5	0.0000000812
Paraoerskovia marina	545619	S	5	0	5	0.0000000812
Oerskovia sp. KBS0722	1179673	S	4	1	5	0.0000000812
Intrasporangium calvum	53358	S	5	0	5	0.0000000812
Serinicoccus hydrothermalis	1758689	S	4	1	5	0.0000000812
Pseudonocardia sp. HH130630-07	1690815	S	3	2	5	0.0000000812
Kibdelosporangium phytohabitans	860235	S	5	0	5	0.0000000812
Allokutzneria albata	211114	S	5	0	5	0.0000000812
Micromonospora krabiensis	307121	S	5	0	5	0.0000000812
Rubrobacter sp. SCSIO 52909	2653851	S	5	0	5	0.0000000812
Baekduia soli	496014	S	5	0	5	0.0000000812
Anabaena cylindrica	1165	S	4	1	5	0.0000000812
Geminocystis sp. NIES-3708	1615909	S	5	0	5	0.0000000812
Synechococcus sp. A15-28	1050638	S	5	0	5	0.0000000812
Synechococcus sp. PCC 6312	195253	S	5	0	5	0.0000000812
Synechococcus sp. PCC 7502	1173263	S	5	0	5	0.0000000812
Mycoplasma sp. Mirounga ES2805-ORL	754514	S	5	0	5	0.0000000812
Mycoplasma sp. OR1901	2742195	S	5	0	5	0.0000000812
Mycoplasma pneumoniae	2104	S	5	0	5	0.0000000812
Spiroplasma litorale	216942	S	5	0	5	0.0000000812
Spiroplasma taiwanense	2145	S	5	0	5	0.0000000812
Mesoplasma chauliocola	216427	S	2	3	5	0.0000000812
Entomoplasma luminosum	214888	S	5	0	5	0.0000000812
Truepera radiovictrix	332249	S	5	0	5	0.0000000812
Roseiflexus sp. RS-1	357808	S	5	0	5	0.0000000812
Klebsiella sp. P1CD1	2267618	S	3	2	5	0.0000000812
Klebsiella sp. LY	2015795	S	2	3	5	0.0000000812
secondary endosymbiont of Trabutina mannipara	1835721	S	5	0	5	0.0000000812
Enterobacteriaceae endosymbiont of Macroplea mutica	2675791	S	5	0	5	0.0000000812
Yersinia aldovae	29483	S	5	0	5	0.0000000812
Yersinia rohdei	29485	S	5	0	5	0.0000000812
Arsenophonus endosymbiont of Aleurodicus dispersus	235559	S	5	0	5	0.0000000812
Erwinia billingiae	182337	S	5	0	5	0.0000000812
Erwinia tasmaniensis	338565	S	5	0	5	0.0000000812
Pectobacterium polaris	2042057	S	5	0	5	0.0000000812
Dickeya sp. Secpp 1600	2037915	S	1	4	5	0.0000000812
Limnobaculum parvum	2172103	S	4	1	5	0.0000000812
Jinshanibacter zhutongyuii	2498113	S	4	1	5	0.0000000812
Pseudomonas sp. TKP	1415630	S	2	3	5	0.0000000812
Pseudomonas sp. R11-23-07	658632	S	1	4	5	0.0000000812
Acinetobacter sp. WCHA45	2004644	S	5	0	5	0.0000000812
Psychrobacter sp. PRwf-1	349106	S	3	2	5	0.0000000812
Psychrobacter sp. YP14	2203895	S	3	2	5	0.0000000812
Vibrio cyclitrophicus	47951	S	5	0	5	0.0000000812
Grimontia hollisae	673	S	5	0	5	0.0000000812
Halomonas sp. 1513	1883416	S	5	0	5	0.0000000812
Halomonas sp. SF2003	2136172	S	5	0	5	0.0000000812
Halomonas huangheensis	1178482	S	5	0	5	0.0000000812
Marinomonas sp. MWYL1	400668	S	5	0	5	0.0000000812
Marinomonas foliarum	491950	S	4	1	5	0.0000000812
Nitrincola sp. KXZD1103	2614693	S	5	0	5	0.0000000812
Kangiella koreensis	261964	S	4	1	5	0.0000000812
Oleiphilus messinensis	141451	S	5	0	5	0.0000000812
Endozoicomonas montiporae	1027273	S	5	0	5	0.0000000812
Xanthomonas cassavae	56450	S	5	0	5	0.0000000812
Lysobacter gummosus	262324	S	5	0	5	0.0000000812
Lysobacter capsici	435897	S	5	0	5	0.0000000812
Luteimonas chenhongjianii	2006110	S	5	0	5	0.0000000812
Shewanella sp. MEBiC00475	2575361	S	3	2	5	0.0000000812
Shewanella donghaensis	238836	S	5	0	5	0.0000000812
Shewanella denitrificans	192073	S	5	0	5	0.0000000812
Shewanella benthica	43661	S	5	0	5	0.0000000812
Salinimonas sp. KX18D6	2572577	S	5	0	5	0.0000000812
Psychromonas ingrahamii	357794	S	2	3	5	0.0000000812
Ferrimonas balearica	44012	S	5	0	5	0.0000000812
Thiosulfatimonas sediminis	2675054	S	5	0	5	0.0000000812
Succinivibrio dextrinosolvens	83771	S	5	0	5	0.0000000812
Legionella sp. MW5194	2662448	S	5	0	5	0.0000000812
Candidatus Vesicomyosocius okutanii	412965	S	5	0	5	0.0000000812
Candidatus Thioglobus singularis	1427364	S	5	0	5	0.0000000812
Thiolapillus brandeum	1076588	S	5	0	5	0.0000000812
Thioalkalivibrio sulfidiphilus	1033854	S	5	0	5	0.0000000812
Halorhodospira halophila	1053	S	5	0	5	0.0000000812
Woeseia oceani	1548547	S	5	0	5	0.0000000812
Haemophilus parahaemolyticus	735	S	5	0	5	0.0000000812
Rodentibacter sp. DSM 111151	2778911	S	5	0	5	0.0000000812
Bisgaardia hudsonensis	109472	S	5	0	5	0.0000000812
Cellvibrio sp. PSBB023	1945512	S	5	0	5	0.0000000812
Cellvibrio sp. PSBB006	1987723	S	5	0	5	0.0000000812
Agarilytica rhodophyticola	1737490	S	5	0	5	0.0000000812
Methylomonas sp. LW13	107637	S	4	1	5	0.0000000812
Acidovorax cattleyae	80868	S	4	1	5	0.0000000812
Variovorax sp. HW608	1034889	S	5	0	5	0.0000000812
Comamonas serinivorans	1082851	S	5	0	5	0.0000000812
Limnohabitans sp. 103DPR2	1678129	S	5	0	5	0.0000000812
Burkholderia vietnamiensis	60552	S	5	0	5	0.0000000812
Burkholderia metallica	488729	S	5	0	5	0.0000000812
Burkholderia sp. MSMB617WGS	1637831	S	5	0	5	0.0000000812
Paraburkholderia graminis	60548	S	5	0	5	0.0000000812
Polynucleobacter wuianus	1743168	S	3	2	5	0.0000000812
Bordetella trematum	123899	S	5	0	5	0.0000000812
Bordetella genomosp. 8	1416806	S	5	0	5	0.0000000812
Bordetella bronchiseptica	518	S	3	2	5	0.0000000812
Pigmentiphaga sp. H8	2488560	S	5	0	5	0.0000000812
Massilia sp. YMA4	1593482	S	4	1	5	0.0000000812
Massilia albidiflava	321983	S	5	0	5	0.0000000812
Massilia oculi	945844	S	5	0	5	0.0000000812
Massilia armeniaca	2072590	S	5	0	5	0.0000000812
Collimonas pratensis	279113	S	5	0	5	0.0000000812
Glaciimonas sp. PAMC28666	2807626	S	5	0	5	0.0000000812
Neisseria animaloris	326522	S	5	0	5	0.0000000812
Chitinibacter sp. 2T18	2739434	S	5	0	5	0.0000000812
Dechloromonas sp. TW-R-39-2	2654218	S	5	0	5	0.0000000812
Methylobacillus flagellatus	405	S	5	0	5	0.0000000812
Nitrosomonas eutropha	916	S	4	1	5	0.0000000812
Sulfuritortus calidifontis	1914471	S	5	0	5	0.0000000812
Candidatus Kinetoplastibacterium oncopeltii	994696	S	5	0	5	0.0000000812
Rhizobium sp. 11515TR	2028343	S	5	0	5	0.0000000812
Rhizobium sp. TCK	136098	S	1	4	5	0.0000000812
Rhizobium pusense	648995	S	2	3	5	0.0000000812
Ensifer mexicanus	375549	S	5	0	5	0.0000000812
Candidatus Liberibacter americanus	309868	S	5	0	5	0.0000000812
Bradyrhizobium sp. ORS 278	114615	S	5	0	5	0.0000000812
Bradyrhizobium sp. PSBB068	2715960	S	5	0	5	0.0000000812
Bradyrhizobium sp. CCBAU 53340	1325112	S	4	1	5	0.0000000812
Bradyrhizobium sp. WSM471	319017	S	2	3	5	0.0000000812
Bradyrhizobium oligotrophicum	44255	S	5	0	5	0.0000000812
Bradyrhizobium ottawaense	931866	S	1	4	5	0.0000000812
Bosea sp. F3-2	2599640	S	5	0	5	0.0000000812
Mesorhizobium sp. M6A.T.Cr.TU.016.01.1.1	2493677	S	5	0	5	0.0000000812
Phyllobacterium zundukense	1867719	S	5	0	5	0.0000000812
Nitratireductor sp. OM-1	1756988	S	5	0	5	0.0000000812
Salaquimonas pukyongi	2712698	S	5	0	5	0.0000000812
Microvirga sp. 17 mud 1-3	2082949	S	5	0	5	0.0000000812
Bartonella kosoyi	2133959	S	2	3	5	0.0000000812
Brucella anthropi	529	S	3	2	5	0.0000000812
Labrenzia sp. PHM005	2590016	S	5	0	5	0.0000000812
Azorhizobium caulinodans	7	S	5	0	5	0.0000000812
Labrys sp. KNU-23	2789216	S	5	0	5	0.0000000812
Methylocystis sp. SC2	187303	S	5	0	5	0.0000000812
Sphingobium barthaii	1054037	S	2	3	5	0.0000000812
Sphingopyxis fribergensis	1515612	S	5	0	5	0.0000000812
Paracoccus sp. AK26	2589076	S	5	0	5	0.0000000812
Paracoccus contaminans	1945662	S	5	0	5	0.0000000812
Roseobacter denitrificans	2434	S	5	0	5	0.0000000812
Yangia sp. CCB-MM3	1792508	S	5	0	5	0.0000000812
Celeribacter marinus	1397108	S	5	0	5	0.0000000812
Rhodobaca barguzinensis	441209	S	5	0	5	0.0000000812
Confluentimicrobium sp. EMB200-NS6	1609966	S	4	1	5	0.0000000812
Acetobacter orientalis	146474	S	5	0	5	0.0000000812
Azospirillum sp. TSH58	664962	S	2	3	5	0.0000000812
Magnetospirillum gryphiswaldense	55518	S	5	0	5	0.0000000812
Hyphobacterium sp. CCMP332	2749086	S	5	0	5	0.0000000812
Pseudodesulfovibrio piezophilus	879567	S	5	0	5	0.0000000812
Myxococcus stipitatus	83455	S	5	0	5	0.0000000812
Labilithrix luteola	1391654	S	5	0	5	0.0000000812
Desulfonema limicola	45656	S	5	0	5	0.0000000812
Desulfobacula toluolica	28223	S	5	0	5	0.0000000812
Syntrophotalea acetylenica	29542	S	5	0	5	0.0000000812
Arcobacter ellisii	913109	S	5	0	5	0.0000000812
Arcobacter suis	1278212	S	5	0	5	0.0000000812
Campylobacter canadensis	449520	S	5	0	5	0.0000000812
Sulfurospirillum multivorans	66821	S	5	0	5	0.0000000812
Nitratiruptor sp. YY09-18	2724901	S	4	1	5	0.0000000812
Nautilia profundicola	244787	S	5	0	5	0.0000000812
Acidithiobacillus ferrivorans	160808	S	5	0	5	0.0000000812
Flavobacterium sp. M31R6	2739062	S	5	0	5	0.0000000812
Polaribacter sp. L3A8	2686361	S	5	0	5	0.0000000812
Polaribacter sp. BM10	1529069	S	3	2	5	0.0000000812
Tenacibaculum maritimum	107401	S	5	0	5	0.0000000812
Capnocytophaga stomatis	1848904	S	5	0	5	0.0000000812
Cellulophaga lytica	979	S	5	0	5	0.0000000812
Antarcticibacterium flavum	2058175	S	5	0	5	0.0000000812
Zobellia galactanivorans	63186	S	5	0	5	0.0000000812
Changchengzhania lutea	2049305	S	5	0	5	0.0000000812
Zunongwangia profunda	398743	S	5	0	5	0.0000000812
Chryseobacterium piperi	558152	S	5	0	5	0.0000000812
Apibacter sp. B2966	2656761	S	1	4	5	0.0000000812
Blattabacterium sp. (Blattella germanica)	624186	S	5	0	5	0.0000000812
Spirosoma radiotolerans	1379870	S	5	0	5	0.0000000812
Pontibacter russatus	2694929	S	5	0	5	0.0000000812
Adhaeribacter swui	2086471	S	5	0	5	0.0000000812
Aquiflexum balticum	280473	S	5	0	5	0.0000000812
Chryseolinea soli	2321403	S	5	0	5	0.0000000812
Alloprevotella sp. E39	2133944	S	5	0	5	0.0000000812
Butyricimonas virosa	544645	S	5	0	5	0.0000000812
Butyricimonas faecalis	2093856	S	5	0	5	0.0000000812
Pedobacter ginsengisoli	363852	S	5	0	5	0.0000000812
Sphingobacterium mizutaii	1010	S	5	0	5	0.0000000812
Sphingobacterium thalpophilum	259	S	4	1	5	0.0000000812
Mucilaginibacter sp. 14171R-50	2703789	S	5	0	5	0.0000000812
Mucilaginibacter mali	2740462	S	5	0	5	0.0000000812
Arachidicoccus sp. BS20	1850526	S	5	0	5	0.0000000812
Arachidicoccus soli	2341117	S	5	0	5	0.0000000812
Gemmatimonas aurantiaca	173480	S	5	0	5	0.0000000812
Gimesia maris	122	S	5	0	5	0.0000000812
Planctomyces sp. SH-PL62	1636152	S	4	1	5	0.0000000812
Crateriforma conspicua	2527996	S	5	0	5	0.0000000812
Paludisphaera borealis	1387353	S	5	0	5	0.0000000812
Leptospira kmetyi	408139	S	5	0	5	0.0000000812
Fusobacterium necrophorum	859	S	5	0	5	0.0000000812
Leptotrichia sp. oral taxon 498	712368	S	5	0	5	0.0000000812
Leptotrichia trevisanii	109328	S	5	0	5	0.0000000812
Acidobacterium capsulatum	33075	S	5	0	5	0.0000000812
Kosmotoga olearia	651457	S	5	0	5	0.0000000812
Defluviitoga tunisiensis	1006576	S	5	0	5	0.0000000812
Hydrogenobacter sp. T-8	1632019	S	4	1	5	0.0000000812
Candidatus Endomicrobium trichonymphae	1408204	S	5	0	5	0.0000000812
Natronorubrum aibiense	348826	S	5	0	5	0.0000000812
Methanosarcina siciliae	38027	S	5	0	5	0.0000000812
Methanothrix thermoacetophila	2224	S	3	2	5	0.0000000812
Methanoplanus limicola	2315	S	5	0	5	0.0000000812
Methanoregula boonei	358766	S	5	0	5	0.0000000812
Methanosphaera sp. BMS	1789762	S	5	0	5	0.0000000812
Methanococcus vannielii	2187	S	5	0	5	0.0000000812
Thermococcus litoralis	2265	S	4	1	5	0.0000000812
Fervidicoccus fontis	683846	S	5	0	5	0.0000000812
Candidatus Nitrosomarinus catalina	1898749	S	4	1	5	0.0000000812
Picrophilus torridus	82076	S	5	0	5	0.0000000812
Ferroplasma acidiphilum	74969	S	4	1	5	0.0000000812
Escherichia virus ECB2	1987939	S	5	0	5	0.0000000812
Synechococcus phage S-SSM7	445686	S	5	0	5	0.0000000812
Ralstonia virus RSL2	1980925	S	5	0	5	0.0000000812
Vibrio phage VAP7	2584487	S	5	0	5	0.0000000812
Macacine gammaherpesvirus 5	154334	S	5	0	5	0.0000000812
Invertebrate iridovirus 25	1301280	S	5	0	5	0.0000000812
Spodoptera frugiperda granulovirus	307454	S	5	0	5	0.0000000812
Bacillus sp. IHB B 7164	1827146	S	1	3	4	0.0000000650
Geobacillus sp. C56-T3	691437	S	1	3	4	0.0000000650
Anoxybacillus amylolyticus	294699	S	4	0	4	0.0000000650
Mesobacillus jeotgali	129985	S	4	0	4	0.0000000650
Paenibacillus sp. FSL R5-0912	1536771	S	4	0	4	0.0000000650
Paenibacillus protaetiae	2509456	S	4	0	4	0.0000000650
Paenibacillus stellifer	169760	S	4	0	4	0.0000000650
Paenibacillus crassostreae	1763538	S	4	0	4	0.0000000650
Planococcus kocurii	1374	S	3	1	4	0.0000000650
Exiguobacterium sibiricum	332410	S	2	2	4	0.0000000650
Lactobacillus ultunensis	227945	S	4	0	4	0.0000000650
Companilactobacillus farciminis	1612	S	3	1	4	0.0000000650
Enterococcus sp. CR-Ec1	2057791	S	3	1	4	0.0000000650
Streptococcus sp. 116-D4	2598453	S	4	0	4	0.0000000650
Streptococcus himalayensis	1888195	S	4	0	4	0.0000000650
Aerococcus urinaehominis	128944	S	4	0	4	0.0000000650
Clostridium novyi	1542	S	4	0	4	0.0000000650
Clostridium ljungdahlii	1538	S	3	1	4	0.0000000650
Coprococcus catus	116085	S	4	0	4	0.0000000650
Coprococcus sp. ART55/1	751585	S	4	0	4	0.0000000650
Roseburia intestinalis	166486	S	4	0	4	0.0000000650
Roseburia hominis	301301	S	4	0	4	0.0000000650
Herbinix luporum	1679721	S	4	0	4	0.0000000650
Ruminococcus sp. JE7A12	2564099	S	4	0	4	0.0000000650
Desulfitobacterium dehalogenans	36854	S	4	0	4	0.0000000650
Desulfotomaculum ruminis	1564	S	4	0	4	0.0000000650
Paraclostridium bifermentans	1490	S	4	0	4	0.0000000650
Symbiobacterium thermophilum	2734	S	4	0	4	0.0000000650
Christensenella sp. Marseille-P3954	2086585	S	4	0	4	0.0000000650
Thermoanaerobacterium aotearoense	47490	S	4	0	4	0.0000000650
Thermoanaerobacterium sp. RBIITD	1550240	S	4	0	4	0.0000000650
Koleobacter methoxysyntrophicus	2751313	S	4	0	4	0.0000000650
Pectinatus frisingensis	865	S	4	0	4	0.0000000650
Tissierellia sp. JN-28	2507161	S	4	0	4	0.0000000650
Schaalia sp. ZJ405	2709403	S	4	0	4	0.0000000650
Streptomyces sp. SUK 48	2582831	S	4	0	4	0.0000000650
Streptomyces sp. QHH-9511	2684468	S	4	0	4	0.0000000650
Streptomyces sp. CMB-StM0423	2059884	S	4	0	4	0.0000000650
Streptomyces sp. RLB1-33	2721243	S	4	0	4	0.0000000650
Streptomyces sp. HF10	2692233	S	4	0	4	0.0000000650
Streptomyces anulatus	1892	S	4	0	4	0.0000000650
Streptomyces vietnamensis	362257	S	4	0	4	0.0000000650
Streptomyces clavuligerus	1901	S	4	0	4	0.0000000650
Streptomyces tuirus	68278	S	4	0	4	0.0000000650
Streptomyces leeuwenhoekii	1437453	S	4	0	4	0.0000000650
Streptomyces atratus	1893	S	4	0	4	0.0000000650
Streptomyces albulus	68570	S	4	0	4	0.0000000650
Streptomyces lunaelactis	1535768	S	4	0	4	0.0000000650
Streptomyces koyangensis	188770	S	4	0	4	0.0000000650
Streptomyces griseoviridis	45398	S	4	0	4	0.0000000650
Streptomyces olivaceus	47716	S	4	0	4	0.0000000650
Streptomyces rutgersensis	53451	S	4	0	4	0.0000000650
Streptomyces aquilus	2548456	S	4	0	4	0.0000000650
Streptomyces tirandamycinicus	2174846	S	4	0	4	0.0000000650
Streptomyces albus	1888	S	4	0	4	0.0000000650
Microlunatus phosphovorus	29405	S	4	0	4	0.0000000650
Nocardioides sp. 603	2483798	S	4	0	4	0.0000000650
Nocardioides sp. dk3136	2575373	S	4	0	4	0.0000000650
Nocardioides aromaticivorans	200618	S	4	0	4	0.0000000650
Nocardioides mesophilus	433659	S	4	0	4	0.0000000650
Nocardioides seonyuensis	2518371	S	4	0	4	0.0000000650
Nocardioides sambongensis	2589074	S	4	0	4	0.0000000650
Pimelobacter simplex	2045	S	4	0	4	0.0000000650
Marmoricola scoriae	642780	S	4	0	4	0.0000000650
Mycobacterium shigaense	722731	S	4	0	4	0.0000000650
Mycolicibacterium aurum	1791	S	4	0	4	0.0000000650
Mycolicibacterium anyangense	1431246	S	4	0	4	0.0000000650
Mycolicibacterium arabiense	1286181	S	4	0	4	0.0000000650
Mycolicibacterium parafortuitum	39692	S	4	0	4	0.0000000650
Mycolicibacterium monacense	85693	S	1	3	4	0.0000000650
Mycolicibacter terrae	1788	S	4	0	4	0.0000000650
Corynebacterium sp. Marseille-Q3630	2754725	S	4	0	4	0.0000000650
Corynebacterium ammoniagenes	1697	S	4	0	4	0.0000000650
Corynebacterium ulcerans	65058	S	4	0	4	0.0000000650
Corynebacterium riegelii	156976	S	4	0	4	0.0000000650
Corynebacterium cystitidis	35757	S	4	0	4	0.0000000650
Corynebacterium kefirresidentii	1979527	S	4	0	4	0.0000000650
Rhodococcus sp. P-2	2795031	S	4	0	4	0.0000000650
Rhodococcus opacus	37919	S	4	0	4	0.0000000650
Rhodococcus triatomae	300028	S	4	0	4	0.0000000650
Nocardia farcinica	37329	S	4	0	4	0.0000000650
Microbacterium sp. LKL04	912630	S	4	0	4	0.0000000650
Microbacterium sp. JZ31	1906274	S	4	0	4	0.0000000650
Microbacterium aurum	36805	S	4	0	4	0.0000000650
Microbacterium pygmaeum	370764	S	4	0	4	0.0000000650
Microbacterium oleivorans	273677	S	4	0	4	0.0000000650
Leucobacter triazinivorans	1784719	S	4	0	4	0.0000000650
Rathayibacter sp. VKM Ac-2759	2609252	S	4	0	4	0.0000000650
Rathayibacter sp. VKM Ac-2760	2609253	S	4	0	4	0.0000000650
Arthrobacter sp. YC-RL1	1652545	S	4	0	4	0.0000000650
Kocuria turfanensis	388357	S	4	0	4	0.0000000650
Kocuria sp. TGY1127_2	2711328	S	4	0	4	0.0000000650
Pseudarthrobacter sp. YJ56	2697569	S	4	0	4	0.0000000650
Pseudarthrobacter sp. NIBRBAC000502771	2590774	S	3	1	4	0.0000000650
Brevibacterium sp. JNUCC-42	2777985	S	3	1	4	0.0000000650
Brevibacterium linens	1703	S	4	0	4	0.0000000650
Brevibacterium oceani	358099	S	4	0	4	0.0000000650
Janibacter limosus	53458	S	4	0	4	0.0000000650
Phycicoccus sp. HDW14	2714941	S	4	0	4	0.0000000650
Xylanimonas cellulosilytica	186189	S	4	0	4	0.0000000650
Isoptericola variabilis	139208	S	4	0	4	0.0000000650
Cellulosimicrobium cellulans	1710	S	3	1	4	0.0000000650
Ruania sp. HY168	2603206	S	4	0	4	0.0000000650
Haloactinobacterium sp. RN3S43	2779775	S	4	0	4	0.0000000650
Amycolatopsis sp. FDAARGOS 1241	2778070	S	4	0	4	0.0000000650
Saccharopolyspora erythraea	1836	S	4	0	4	0.0000000650
Saccharothrix espanaensis	103731	S	4	0	4	0.0000000650
Actinosynnema pretiosum	42197	S	2	2	4	0.0000000650
Micromonospora sp. B006	2201999	S	4	0	4	0.0000000650
Micromonospora narathiwatensis	299146	S	4	0	4	0.0000000650
Phytohabitans suffuscus	624315	S	4	0	4	0.0000000650
Bifidobacterium adolescentis	1680	S	4	0	4	0.0000000650
Frankia alni	1859	S	4	0	4	0.0000000650
Geodermatophilus obscurus	1861	S	4	0	4	0.0000000650
Nakamurella panacisegetis	1090615	S	4	0	4	0.0000000650
Stackebrandtia nassauensis	283811	S	4	0	4	0.0000000650
Oscillatoria acuminata	118323	S	3	1	4	0.0000000650
Synechococcus sp. PCC 7336	195250	S	4	0	4	0.0000000650
Thermosynechococcus elongatus	146786	S	4	0	4	0.0000000650
Leptolyngbya boryana	1184	S	4	0	4	0.0000000650
Mycoplasma sp. NEAQ87857	2683967	S	4	0	4	0.0000000650
Mycoplasma gallisepticum	2096	S	4	0	4	0.0000000650
Mycoplasma pulmonis	2107	S	4	0	4	0.0000000650
Ureaplasma parvum	134821	S	3	1	4	0.0000000650
Spiroplasma cantharicola	362837	S	4	0	4	0.0000000650
Spiroplasma clarkii	2139	S	4	0	4	0.0000000650
'Brassica napus' phytoplasma	469009	S	2	2	4	0.0000000650
Deinococcus wulumuqiensis	980427	S	4	0	4	0.0000000650
Deinococcus gobiensis	502394	S	4	0	4	0.0000000650
Deinococcus ficus	317577	S	4	0	4	0.0000000650
Thermobaculum terrenum	166501	S	4	0	4	0.0000000650
Tepidiforma bonchosmolovskayae	2601677	S	4	0	4	0.0000000650
Klebsiella sp. FDAARGOS_511	2488567	S	2	2	4	0.0000000650
Klebsiella sp. LTGPAF-6F	1905288	S	1	3	4	0.0000000650
Enterobacter cloacae complex sp. FDA-CDC-AR_0132	2077137	S	2	2	4	0.0000000650
Blochmannia endosymbiont of Polyrhachis (Hedomyrma) turneri	1505596	S	4	0	4	0.0000000650
Blochmannia endosymbiont of Camponotus (Colobopsis) obliquus	1505597	S	3	1	4	0.0000000650
Enterobacteriaceae endosymbiont of Donacia cincticornis	2675773	S	4	0	4	0.0000000650
Serratia sp. P2ACOL2	2482769	S	4	0	4	0.0000000650
Serratia sp. LS-1	2485839	S	3	1	4	0.0000000650
Yersinia similis	367190	S	4	0	4	0.0000000650
Yersinia kristensenii	28152	S	4	0	4	0.0000000650
Yersinia mollaretii	33060	S	4	0	4	0.0000000650
Chania multitudinisentens	1639108	S	4	0	4	0.0000000650
Pantoea sp. MSR2	2052056	S	4	0	4	0.0000000650
Erwinia sp. J780	2681984	S	4	0	4	0.0000000650
Mixta intestinalis	1615494	S	4	0	4	0.0000000650
Pectobacterium versatile	2488639	S	4	0	4	0.0000000650
Lonsdalea britannica	1082704	S	3	1	4	0.0000000650
Pseudomonas sp. B14-6	2738843	S	2	2	4	0.0000000650
Pseudomonas sp. Y39-6	2749807	S	2	2	4	0.0000000650
Pseudomonas sp. s211(2017)	2045200	S	1	3	4	0.0000000650
Acinetobacter sp. C16S1	2609668	S	4	0	4	0.0000000650
Acinetobacter sp. WCHAc010052	2004647	S	4	0	4	0.0000000650
Acinetobacter shaoyimingii	2715164	S	4	0	4	0.0000000650
Acinetobacter wuhouensis	1879050	S	4	0	4	0.0000000650
Psychrobacter arenosus	256326	S	4	0	4	0.0000000650
Vibrio sp. HDW18	2714948	S	4	0	4	0.0000000650
Vibrio rumoiensis	76258	S	4	0	4	0.0000000650
Candidatus Enterovibrio luxaltus	1927128	S	4	0	4	0.0000000650
Halomonas sp. YLGW01	2773308	S	4	0	4	0.0000000650
Halomonas sp. THAF12	2587849	S	4	0	4	0.0000000650
Halomonas chromatireducens	507626	S	4	0	4	0.0000000650
Candidatus Portiera aleyrodidarum	91844	S	4	0	4	0.0000000650
Alcanivorax dieselolei	285091	S	4	0	4	0.0000000650
Alcanivorax xenomutans	1094342	S	4	0	4	0.0000000650
Alcanivorax pacificus	1306787	S	4	0	4	0.0000000650
Marinobacterium sp. LSUCC0821	2668067	S	4	0	4	0.0000000650
Spartinivicinus ruber	2683272	S	4	0	4	0.0000000650
Xanthomonas vasicola	56459	S	4	0	4	0.0000000650
Xanthomonas arboricola	56448	S	4	0	4	0.0000000650
Xanthomonas fragariae	48664	S	4	0	4	0.0000000650
Stenotrophomonas sp. ZAC14D2_NAIMI4_6	2072406	S	1	3	4	0.0000000650
Stenotrophomonas sp. ZAC14A_NAIMI4_1	2072412	S	1	3	4	0.0000000650
Lysobacter maris	1605891	S	4	0	4	0.0000000650
Dokdonella koreensis	323415	S	4	0	4	0.0000000650
Pseudoalteromonas sp. Xi13	2490635	S	3	1	4	0.0000000650
Pseudoalteromonas sp. 3J6	649161	S	1	3	4	0.0000000650
Pseudoalteromonas luteoviolacea	43657	S	4	0	4	0.0000000650
Pseudoalteromonas aliena	247523	S	4	0	4	0.0000000650
Shewanella sp. Scap07	2589987	S	4	0	4	0.0000000650
Shewanella piezotolerans	404011	S	4	0	4	0.0000000650
Shewanella japonica	93973	S	2	2	4	0.0000000650
Marinobacter sp. LV10R510-11A	1415568	S	4	0	4	0.0000000650
Marinobacter salsuginis	418719	S	4	0	4	0.0000000650
Paraglaciecola sp. L3A3	2686358	S	4	0	4	0.0000000650
Lacimicrobium alkaliphilum	1526571	S	4	0	4	0.0000000650
Idiomarina andamanensis	1940690	S	4	0	4	0.0000000650
Thiomicrorhabdus xiamenensis	2739063	S	4	0	4	0.0000000650
Hydrogenovibrio crunogenus	39765	S	3	1	4	0.0000000650
Tolumonas auensis	43948	S	4	0	4	0.0000000650
Legionella oakridgensis	29423	S	4	0	4	0.0000000650
Legionella adelaidensis	45056	S	4	0	4	0.0000000650
Legionella spiritensis	452	S	4	0	4	0.0000000650
Coxiella endosymbiont of Amblyomma sculptum	2487929	S	4	0	4	0.0000000650
endosymbiont of Pachyrhynchus infernalis	1971488	S	4	0	4	0.0000000650
Rheinheimera sp. LHK132	2498451	S	4	0	4	0.0000000650
Nitrosococcus halophilus	133539	S	4	0	4	0.0000000650
Thiocystis violascens	73141	S	4	0	4	0.0000000650
Candidatus Thiodictyon syntrophicum	1166950	S	4	0	4	0.0000000650
Halorhodospira halochloris	1052	S	4	0	4	0.0000000650
Mannheimia granulomatis	85402	S	4	0	4	0.0000000650
Gallibacterium anatis	750	S	4	0	4	0.0000000650
Cellvibrio sp. KY-YJ-3	454662	S	4	0	4	0.0000000650
Microbulbifer sp. YPW1	2745199	S	4	0	4	0.0000000650
Spongiibacter sp. IMCC21906	1620392	S	4	0	4	0.0000000650
Methylococcus sp. EFPC2	2812648	S	4	0	4	0.0000000650
Sulfuricaulis limicola	1620215	S	3	1	4	0.0000000650
Acidovorax monticola	1926868	S	4	0	4	0.0000000650
Variovorax sp. PAMC 28711	1795631	S	4	0	4	0.0000000650
Diaphorobacter ruginosibacter	1715720	S	4	0	4	0.0000000650
Rhodoferax sp. PAMC29310	2822760	S	4	0	4	0.0000000650
Ottowia oryzae	2109914	S	4	0	4	0.0000000650
Limnohabitans sp. 63ED37-2	1678128	S	4	0	4	0.0000000650
Cupriavidus campinensis	151783	S	4	0	4	0.0000000650
Cupriavidus sp. USMAHM13	1389192	S	2	2	4	0.0000000650
Burkholderia multivorans	87883	S	4	0	4	0.0000000650
Burkholderia cenocepacia	95486	S	4	0	4	0.0000000650
Burkholderia diffusa	488732	S	4	0	4	0.0000000650
Burkholderia sp. KK1	1855726	S	4	0	4	0.0000000650
Burkholderia sp. PAMC 26561	1795043	S	4	0	4	0.0000000650
Paraburkholderia dokdonella	2211211	S	4	0	4	0.0000000650
Paraburkholderia phymatum	148447	S	4	0	4	0.0000000650
Paraburkholderia caledonica	134536	S	4	0	4	0.0000000650
Caballeronia insecticola	758793	S	4	0	4	0.0000000650
Caballeronia sp. M1242	2814653	S	2	2	4	0.0000000650
Bordetella bronchialis	463025	S	4	0	4	0.0000000650
Oligella urethralis	90245	S	4	0	4	0.0000000650
Pelistega ratti	2652177	S	4	0	4	0.0000000650
Kerstersia gyiorum	206506	S	4	0	4	0.0000000650
Castellaniella defragrans	75697	S	4	0	4	0.0000000650
Massilia sp. WG5	1707785	S	3	1	4	0.0000000650
Massilia sp. LPB0304	2769491	S	3	1	4	0.0000000650
Collimonas arenae	279058	S	4	0	4	0.0000000650
Sutterella megalosphaeroides	2494234	S	4	0	4	0.0000000650
Neisseria sp. ZJ785	2709396	S	4	0	4	0.0000000650
Kingella oralis	505	S	4	0	4	0.0000000650
Eikenella corrodens	539	S	2	2	4	0.0000000650
Chromobacterium violaceum	536	S	4	0	4	0.0000000650
Vogesella sp. LIG4	1192162	S	4	0	4	0.0000000650
Azoarcus sp. CIB	198107	S	4	0	4	0.0000000650
Azoarcus sp. M9-3-2	2016596	S	4	0	4	0.0000000650
Azoarcus pumilus	2067960	S	4	0	4	0.0000000650
Thauera sp. K11	2005884	S	4	0	4	0.0000000650
Rhizobium sp. ACO-34A	1571470	S	4	0	4	0.0000000650
Rhizobium tropici	398	S	4	0	4	0.0000000650
Rhizobium jaguaris	1312183	S	4	0	4	0.0000000650
Rhizobium pseudoryzae	379684	S	4	0	4	0.0000000650
Rhizobium binae	1138190	S	4	0	4	0.0000000650
Rhizobium hidalgonense	1538159	S	2	2	4	0.0000000650
Agrobacterium fabacearum	1183401	S	2	2	4	0.0000000650
Neorhizobium sp. NCHU2750	1825976	S	4	0	4	0.0000000650
Neorhizobium sp. SOG26	2060726	S	4	0	4	0.0000000650
Bradyrhizobium sp. CCBAU 53338	1325111	S	3	1	4	0.0000000650
Bradyrhizobium sp. CCBAU 53351	1325114	S	3	1	4	0.0000000650
Bradyrhizobium paxllaeri	190148	S	4	0	4	0.0000000650
Bradyrhizobium guangxiense	1325115	S	3	1	4	0.0000000650
Tardiphaga robiniae	943830	S	4	0	4	0.0000000650
Mesorhizobium sp. L-2-11	2744521	S	4	0	4	0.0000000650
Mesorhizobium huakuii	28104	S	3	1	4	0.0000000650
Chelativorans sp. BNC1	266779	S	4	0	4	0.0000000650
Methylorubrum populi	223967	S	3	1	4	0.0000000650
Bartonella tribocorum	85701	S	3	1	4	0.0000000650
Devosia sp. MC521	2759954	S	3	1	4	0.0000000650
Caenibius tardaugens	169176	S	2	2	4	0.0000000650
Stappia indica	538381	S	4	0	4	0.0000000650
Methylocystis parvus	134	S	4	0	4	0.0000000650
Methylosinus trichosporium	426	S	4	0	4	0.0000000650
Martelella mediterranea	293089	S	1	3	4	0.0000000650
Aureimonas populi	1701758	S	4	0	4	0.0000000650
Pyruvatibacter mobilis	1712261	S	4	0	4	0.0000000650
Novosphingobium aromaticivorans	48935	S	4	0	4	0.0000000650
Sphingomonas sp. Cra20	1327635	S	4	0	4	0.0000000650
Sphingomonas alpina	653931	S	4	0	4	0.0000000650
Sphingobium sp. PAMC28499	2565554	S	2	2	4	0.0000000650
Sphingobium cloacae	120107	S	2	2	4	0.0000000650
Sphingobium amiense	135719	S	2	2	4	0.0000000650
Sphingorhabdus sp. YGSMI21	2077182	S	4	0	4	0.0000000650
Sphingopyxis sp. 113P3	292913	S	4	0	4	0.0000000650
Parasphingorhabdus sp. JHSY0214	2806553	S	4	0	4	0.0000000650
Erythrobacter neustonensis	1112	S	4	0	4	0.0000000650
Erythrobacter litoralis	39960	S	4	0	4	0.0000000650
Sphingosinicella microcystinivorans	335406	S	4	0	4	0.0000000650
Paracoccus mutanolyticus	1499308	S	1	3	4	0.0000000650
Roseobacter ponti	1891787	S	4	0	4	0.0000000650
Brevirhabdus pacifica	1267768	S	4	0	4	0.0000000650
Komagataeibacter medellinensis	1177712	S	3	1	4	0.0000000650
Gluconacetobacter diazotrophicus	33996	S	4	0	4	0.0000000650
Azospirillum sp. TSH100	652764	S	3	1	4	0.0000000650
Skermanella sp. TT6	2775420	S	3	1	4	0.0000000650
Nitrospirillum amazonense	28077	S	4	0	4	0.0000000650
Neorickettsia helminthoeca	33994	S	3	1	4	0.0000000650
Brevundimonas sp. LVF1	2774189	S	4	0	4	0.0000000650
Brevundimonas subvibrioides	74313	S	4	0	4	0.0000000650
Caulobacter segnis	88688	S	4	0	4	0.0000000650
Caulobacter rhizosphaerae	2010972	S	4	0	4	0.0000000650
Candidatus Fonsibacter ubiquis	1925548	S	4	0	4	0.0000000650
Candidatus Nesciobacter abundans	2601668	S	4	0	4	0.0000000650
Glycocaulis alkaliphilus	1434191	S	4	0	4	0.0000000650
Desulfovibrio vulgaris	881	S	4	0	4	0.0000000650
Desulfovibrio marinus	370038	S	4	0	4	0.0000000650
Pseudodesulfovibrio aespoeensis	182210	S	4	0	4	0.0000000650
Pseudodesulfovibrio profundus	57320	S	3	1	4	0.0000000650
Desulfocurvibacter africanus	873	S	4	0	4	0.0000000650
Myxococcus hansupus	1297742	S	4	0	4	0.0000000650
Desulfococcus multivorans	897	S	4	0	4	0.0000000650
Aliarcobacter skirrowii	28200	S	3	1	4	0.0000000650
Arcobacter nitrofigilis	28199	S	4	0	4	0.0000000650
Campylobacter sp. RM16704	1500960	S	4	0	4	0.0000000650
Campylobacter ureolyticus	827	S	4	0	4	0.0000000650
Campylobacter fetus	196	S	4	0	4	0.0000000650
Campylobacter sputorum	206	S	4	0	4	0.0000000650
Campylobacter coli	195	S	4	0	4	0.0000000650
Campylobacter gracilis	824	S	4	0	4	0.0000000650
Campylobacter helveticus	28898	S	4	0	4	0.0000000650
Helicobacter heilmannii	35817	S	4	0	4	0.0000000650
Helicobacter suis	104628	S	4	0	4	0.0000000650
Sulfurimonas denitrificans	39766	S	4	0	4	0.0000000650
Halobacteriovorax sp. BALOs_7	2109558	S	4	0	4	0.0000000650
Flavobacterium sp. BB8	2816357	S	4	0	4	0.0000000650
Flavobacterium gilvum	1492737	S	4	0	4	0.0000000650
Flavobacterium album	2175091	S	4	0	4	0.0000000650
Polaribacter sp. SA4-10	754397	S	4	0	4	0.0000000650
Winogradskyella sp. PC-19	754417	S	4	0	4	0.0000000650
Tenacibaculum mesophilum	104268	S	4	0	4	0.0000000650
Myroides sp. ZB35	1458492	S	2	2	4	0.0000000650
Lacinutrix sp. 5H-3-7-4	983544	S	4	0	4	0.0000000650
Nonlabens ponticola	2496866	S	4	0	4	0.0000000650
Galbibacter sp. BG1	1170699	S	4	0	4	0.0000000650
Muriicola sp. MMS17-SY002	2507538	S	4	0	4	0.0000000650
Amniculibacterium sp. G2-70	2767188	S	3	1	4	0.0000000650
Kaistella carnis	1241979	S	4	0	4	0.0000000650
Elizabethkingia ursingii	1756150	S	4	0	4	0.0000000650
Empedobacter stercoris	1628248	S	4	0	4	0.0000000650
Spirosoma aureum	2692134	S	4	0	4	0.0000000650
Spirosoma taeanense	2735870	S	4	0	4	0.0000000650
Dyadobacter sp. Q3-56	2747268	S	4	0	4	0.0000000650
Pontibacter pudoricolor	2694930	S	4	0	4	0.0000000650
Echinicola sp. 20G	2781961	S	4	0	4	0.0000000650
Echinicola vietnamensis	390884	S	2	2	4	0.0000000650
Echinicola rosea	1807691	S	2	2	4	0.0000000650
Cyclobacterium marinum	104	S	4	0	4	0.0000000650
Bacteroides sp. CBA7301	2715212	S	4	0	4	0.0000000650
Porphyromonas cangingivalis	36874	S	4	0	4	0.0000000650
Pedobacter heparinus	984	S	4	0	4	0.0000000650
Mucilaginibacter paludis	423351	S	4	0	4	0.0000000650
Mucilaginibacter xinganensis	1234841	S	4	0	4	0.0000000650
Pseudobacter ginsenosidimutans	661488	S	4	0	4	0.0000000650
Chlorobium chlorochromatii	337090	S	4	0	4	0.0000000650
Pelodictyon phaeoclathratiforme	34090	S	4	0	4	0.0000000650
Gimesia aquarii	2527964	S	4	0	4	0.0000000650
Maioricimonas rarisocia	2528026	S	4	0	4	0.0000000650
Roseimaritima ulvae	980254	S	4	0	4	0.0000000650
Aureliella helgolandensis	2527968	S	3	1	4	0.0000000650
Bythopirellula goksoyri	1400387	S	3	1	4	0.0000000650
Candidatus Kuenenia stuttgartiensis	174633	S	4	0	4	0.0000000650
Verrucomicrobium spinosum	2736	S	4	0	4	0.0000000650
Roseimicrobium sp. ORNL1	2711231	S	4	0	4	0.0000000650
Opitutus sp. GAS368	1882749	S	2	2	4	0.0000000650
Treponema pedis	409322	S	4	0	4	0.0000000650
Spirochaeta africana	46355	S	4	0	4	0.0000000650
Sphaerochaeta pleomorpha	1131707	S	3	1	4	0.0000000650
Leptotrichia sp. oral taxon 212	712357	S	4	0	4	0.0000000650
Pseudoleptotrichia goodfellowii	157692	S	4	0	4	0.0000000650
Thermosipho africanus	2421	S	4	0	4	0.0000000650
Fervidobacterium nodosum	2424	S	4	0	4	0.0000000650
Fervidobacterium islandicum	2423	S	2	2	4	0.0000000650
Athalassotoga saccharophila	1441386	S	4	0	4	0.0000000650
Thermosulfuriphilus ammonigenes	1936021	S	4	0	4	0.0000000650
Desulfurispirillum indicum	936456	S	4	0	4	0.0000000650
Halolamina sp. CBA1230	1853690	S	4	0	4	0.0000000650
Halosimplex litoreum	1198301	S	3	1	4	0.0000000650
Methanosarcina horonobensis	418008	S	4	0	4	0.0000000650
Methanobacterium lacus	877455	S	2	2	4	0.0000000650
Archaeoglobus sulfaticallidus	1316941	S	4	0	4	0.0000000650
Acidianus manzaensis	282676	S	4	0	4	0.0000000650
Thermoproteus tenax	2271	S	4	0	4	0.0000000650
Caldivirga maquilingensis	76887	S	4	0	4	0.0000000650
Enterobacterial phage mEp213	1147156	S	1	3	4	0.0000000650
Mycobacterium virus Che9c	205872	S	4	0	4	0.0000000650
Pseudomonas virus UNOSLW1	2733661	S	4	0	4	0.0000000650
Feldmannia species virus	39420	S	4	0	4	0.0000000650
Paramecium bursaria Chlorella virus A1	381899	S	4	0	4	0.0000000650
Micromonas sp. RCC1109 virus MpV1	880161	S	2	2	4	0.0000000650
Invertebrate iridovirus 22	1301279	S	4	0	4	0.0000000650
Pandoravirus macleodensis	2107707	S	4	0	4	0.0000000650
Catopsilia pomona nucleopolyhedrovirus	1850906	S	4	0	4	0.0000000650
Geobacillus sp. JS12	1813182	S	1	2	3	0.0000000487
Peribacillus psychrosaccharolyticus	1407	S	3	0	3	0.0000000487
Halobacillus mangrovi	402384	S	3	0	3	0.0000000487
Psychrobacillus sp. AK 1817	2303505	S	3	0	3	0.0000000487
Paenibacillus sp. FSL P4-0081	1536769	S	3	0	3	0.0000000487
Paenibacillus sp. E222	2748863	S	3	0	3	0.0000000487
Paenibacillus sp. lzh-N1	2069255	S	1	2	3	0.0000000487
Paenibacillus riograndensis	483937	S	3	0	3	0.0000000487
Paenibacillus thiaminolyticus	49283	S	3	0	3	0.0000000487
Paenibacillus yonginensis	1462996	S	3	0	3	0.0000000487
Paenibacillus terrae	159743	S	3	0	3	0.0000000487
Planococcus donghaensis	414778	S	3	0	3	0.0000000487
Planococcus plakortidis	1038856	S	3	0	3	0.0000000487
Planomicrobium glaciei	459472	S	3	0	3	0.0000000487
Lactobacillus kullabergensis	1218493	S	3	0	3	0.0000000487
Companilactobacillus futsaii	938155	S	3	0	3	0.0000000487
Leuconostoc carnosum	1252	S	3	0	3	0.0000000487
Latilactobacillus fuchuensis	164393	S	3	0	3	0.0000000487
Streptococcus sp. FDAARGOS_192	1839799	S	3	0	3	0.0000000487
Streptococcus troglodytae	1111760	S	3	0	3	0.0000000487
Streptococcus sobrinus	1310	S	3	0	3	0.0000000487
Streptococcus canis	1329	S	3	0	3	0.0000000487
Streptococcus equinus	1335	S	3	0	3	0.0000000487
Streptococcus milleri	33040	S	3	0	3	0.0000000487
Clostridium sp. MF28	1702238	S	2	1	3	0.0000000487
Lacrimispora sphenoides	29370	S	3	0	3	0.0000000487
Coprococcus comes	410072	S	3	0	3	0.0000000487
Ruminiclostridium cellulolyticum	1521	S	3	0	3	0.0000000487
Acetivibrio saccincola	1677857	S	3	0	3	0.0000000487
Oscillibacter valericigenes	351091	S	3	0	3	0.0000000487
Flavonifractor plautii	292800	S	3	0	3	0.0000000487
Ruthenibacterium lactatiformans	1550024	S	3	0	3	0.0000000487
Desulfosporosinus acidiphilus	885581	S	3	0	3	0.0000000487
Desulfitobacterium dichloroeliminans	233055	S	3	0	3	0.0000000487
Dehalobacter sp. CF	1131462	S	1	2	3	0.0000000487
Acetobacterium woodii	33952	S	3	0	3	0.0000000487
Acetobacterium sp. KB-1	2184575	S	3	0	3	0.0000000487
Aminipila sp. JN-18	2507160	S	3	0	3	0.0000000487
Flintibacter sp. KGMB00164	2610895	S	3	0	3	0.0000000487
Ammonifex degensii	42838	S	3	0	3	0.0000000487
Halothermothrix orenii	31909	S	3	0	3	0.0000000487
Anoxybacter fermentans	1323375	S	3	0	3	0.0000000487
Tepidanaerobacter acetatoxydans	499229	S	3	0	3	0.0000000487
Selenomonas sp. oral taxon 126	712528	S	3	0	3	0.0000000487
Sporomusa termitida	2377	S	3	0	3	0.0000000487
Methylomusa anaerophila	1930071	S	3	0	3	0.0000000487
Veillonella parvula	29466	S	3	0	3	0.0000000487
Veillonella sp. OK1	1096935	S	3	0	3	0.0000000487
Megasphaera elsdenii	907	S	3	0	3	0.0000000487
Bulleidia sp. zg-1006	2806552	S	3	0	3	0.0000000487
Ndongobacter massiliensis	1871025	S	3	0	3	0.0000000487
Limnochorda pilosa	1555112	S	3	0	3	0.0000000487
Actinomyces sp. ZJ750	2744574	S	3	0	3	0.0000000487
Actinomyces israelii	1659	S	3	0	3	0.0000000487
Streptomyces sp. Z022	1442032	S	3	0	3	0.0000000487
Streptomyces sp. S8	1837283	S	3	0	3	0.0000000487
Streptomyces sp. M2	646637	S	3	0	3	0.0000000487
Streptomyces sp. WAC00288	2094021	S	3	0	3	0.0000000487
Streptomyces sp. Z423-1	2730915	S	3	0	3	0.0000000487
Streptomyces sp. CRXT-Y-14	2768069	S	3	0	3	0.0000000487
Streptomyces sp. W1SF4	2305220	S	3	0	3	0.0000000487
Streptomyces sp. 2114.2	1881022	S	3	0	3	0.0000000487
Streptomyces sp. ID38640	1265399	S	3	0	3	0.0000000487
Streptomyces sp. 2323.1	1938841	S	3	0	3	0.0000000487
Streptomyces sp. WAC 01529	2203205	S	3	0	3	0.0000000487
Streptomyces platensis	58346	S	3	0	3	0.0000000487
Streptomyces pactum	68249	S	3	0	3	0.0000000487
Streptomyces griseofuscus	146922	S	3	0	3	0.0000000487
Streptomyces dengpaensis	2049881	S	3	0	3	0.0000000487
Streptomyces capitiformicae	2014920	S	3	0	3	0.0000000487
Streptomyces ficellus	1977088	S	3	0	3	0.0000000487
Streptomyces alboniger	132473	S	3	0	3	0.0000000487
Streptomyces bathyalis	2710756	S	3	0	3	0.0000000487
Streptomyces violaceusniger	68280	S	3	0	3	0.0000000487
Streptomyces formicae	1616117	S	3	0	3	0.0000000487
Streptomyces subrutilus	36818	S	3	0	3	0.0000000487
Kitasatospora sp. MMS16-BH015	2018025	S	3	0	3	0.0000000487
Nocardioides sp. HY056	2500546	S	3	0	3	0.0000000487
Nocardioides sp. JS614	196162	S	3	0	3	0.0000000487
Nocardioides sp. MC1495	2736757	S	3	0	3	0.0000000487
Nocardioides baekrokdamisoli	1804624	S	3	0	3	0.0000000487
Nocardioides anomalus	2712223	S	3	0	3	0.0000000487
Aeromicrobium marinum	219314	S	3	0	3	0.0000000487
Friedmanniella luteola	546871	S	3	0	3	0.0000000487
Mycobacterium intracellulare	1767	S	2	1	3	0.0000000487
Mycobacterium sp. YC-RL4	1682113	S	3	0	3	0.0000000487
Mycobacterium heidelbergense	53376	S	3	0	3	0.0000000487
Mycobacterium parmense	185642	S	3	0	3	0.0000000487
Mycobacterium gordonae	1778	S	3	0	3	0.0000000487
Mycolicibacterium moriokaense	39691	S	3	0	3	0.0000000487
Mycolicibacterium mucogenicum	56689	S	3	0	3	0.0000000487
Mycolicibacterium phocaicum	319706	S	3	0	3	0.0000000487
Mycolicibacterium phlei	1771	S	3	0	3	0.0000000487
Mycolicibacterium duvalii	39688	S	3	0	3	0.0000000487
Mycolicibacterium thermoresistibile	1797	S	3	0	3	0.0000000487
Mycolicibacter minnesotensis	1118379	S	3	0	3	0.0000000487
Corynebacterium anserum	2684406	S	3	0	3	0.0000000487
Corynebacterium aurimucosum	169292	S	3	0	3	0.0000000487
Corynebacterium sanguinis	2594913	S	3	0	3	0.0000000487
Corynebacterium phocae	161895	S	3	0	3	0.0000000487
Corynebacterium argentoratense	42817	S	3	0	3	0.0000000487
Corynebacterium glucuronolyticum	39791	S	3	0	3	0.0000000487
Rhodococcus sp. WMMA185	679318	S	3	0	3	0.0000000487
Rhodococcus sp. R79	2811421	S	3	0	3	0.0000000487
Rhodococcus koreensis	99653	S	3	0	3	0.0000000487
Nocardia asteroides	1824	S	3	0	3	0.0000000487
Nocardia cyriacigeorgica	135487	S	3	0	3	0.0000000487
Nocardia mangyaensis	2213200	S	3	0	3	0.0000000487
Tomitella sp. HY172	2760083	S	3	0	3	0.0000000487
Lawsonella clevelandensis	1528099	S	3	0	3	0.0000000487
Microbacterium sp. TPU 3598	1938334	S	3	0	3	0.0000000487
Microbacterium sp. Y-01	2048898	S	3	0	3	0.0000000487
Microbacterium sp. Nx66	2766784	S	2	1	3	0.0000000487
Microbacterium oryzae	743009	S	3	0	3	0.0000000487
Microbacterium endophyticum	1526412	S	3	0	3	0.0000000487
Plantibacter flavus	150123	S	3	0	3	0.0000000487
Arthrobacter sp. 24S4-2	2575374	S	3	0	3	0.0000000487
Arthrobacter sp. U41	1849032	S	3	0	3	0.0000000487
Pseudarthrobacter sp. BIM B-2242	2772401	S	3	0	3	0.0000000487
Glutamicibacter creatinolyticus	162496	S	3	0	3	0.0000000487
Brevibacterium sp. WO024	2697563	S	3	0	3	0.0000000487
Brachybacterium sp. SGAir0954	2571029	S	3	0	3	0.0000000487
Brachybacterium vulturis	2017484	S	3	0	3	0.0000000487
Ornithinimicrobium sp. HY006	2508882	S	3	0	3	0.0000000487
Xylanimonas allomyrinae	2509459	S	3	0	3	0.0000000487
Beutenbergia cavernae	84757	S	3	0	3	0.0000000487
Amycolatopsis methanolica	1814	S	3	0	3	0.0000000487
Pseudonocardia autotrophica	2074	S	3	0	3	0.0000000487
Micromonospora rifamycinica	291594	S	3	0	3	0.0000000487
Micromonospora coxensis	356852	S	3	0	3	0.0000000487
Micromonospora coriariae	285665	S	3	0	3	0.0000000487
Micromonospora sagamiensis	47875	S	3	0	3	0.0000000487
Micromonospora carbonacea	47853	S	3	0	3	0.0000000487
Actinoplanes derwentensis	113562	S	3	0	3	0.0000000487
Plantactinospora sp. KBS50	2024580	S	2	1	3	0.0000000487
Bifidobacterium catenulatum	1686	S	3	0	3	0.0000000487
Bifidobacterium saguini	762210	S	3	0	3	0.0000000487
Bifidobacterium scardovii	158787	S	3	0	3	0.0000000487
Bifidobacterium animalis	28025	S	2	1	3	0.0000000487
Candidatus Planktophila versatilis	1884905	S	2	1	3	0.0000000487
Modestobacter marinus	477641	S	3	0	3	0.0000000487
Phoenicibacter congonensis	1944646	S	3	0	3	0.0000000487
Actinomarinicola tropica	2789776	S	3	0	3	0.0000000487
Ilumatobacter coccineus	467094	S	3	0	3	0.0000000487
Cylindrospermopsis curvispora	747548	S	3	0	3	0.0000000487
Oxynema sp. AP17	2064643	S	3	0	3	0.0000000487
Synechococcus sp. ROS8604	1442557	S	3	0	3	0.0000000487
Synechococcus sp. BIOS-E4-1	1400864	S	3	0	3	0.0000000487
Synechococcus sp. CBW1004	1353136	S	3	0	3	0.0000000487
Cyanobium gracile	59930	S	3	0	3	0.0000000487
Leptolyngbya sp. BL0902	1115757	S	3	0	3	0.0000000487
Stanieria sp. NIES-3757	1807358	S	3	0	3	0.0000000487
Mycoplasma penetrans	28227	S	3	0	3	0.0000000487
Mycoplasma haemocanis	136241	S	3	0	3	0.0000000487
Mycoplasma cloacale	92401	S	3	0	3	0.0000000487
Mycoplasma bovoculi	45362	S	3	0	3	0.0000000487
Mycoplasma meleagridis	29561	S	3	0	3	0.0000000487
Spiroplasma culicicola	216935	S	3	0	3	0.0000000487
Spiroplasma alleghenense	216931	S	3	0	3	0.0000000487
Spiroplasma poulsonii	2138	S	3	0	3	0.0000000487
Entomoplasma melaleucae	81459	S	1	2	3	0.0000000487
Deinococcus geothermalis	68909	S	2	1	3	0.0000000487
Anaerolinea thermophila	167964	S	3	0	3	0.0000000487
Brevefilum fermentans	1986204	S	3	0	3	0.0000000487
Sphaerobacter thermophilus	2057	S	3	0	3	0.0000000487
Candidatus Blochmannia vafer	251535	S	3	0	3	0.0000000487
Candidatus Blochmannia pennsylvanicus	101534	S	1	2	3	0.0000000487
Enterobacteriaceae endosymbiont of Plateumaris braccata	2675793	S	3	0	3	0.0000000487
Serratia sp. Tan611	2773264	S	3	0	3	0.0000000487
Serratia liquefaciens	614	S	3	0	3	0.0000000487
Rahnella sp. WMR114	657335	S	3	0	3	0.0000000487
Ewingella americana	41202	S	3	0	3	0.0000000487
Dickeya poaceiphila	568768	S	3	0	3	0.0000000487
Edwardsiella sp. EA181011	1578828	S	3	0	3	0.0000000487
Pseudomonas sp. A214	1855331	S	1	2	3	0.0000000487
Pseudomonas sp. SWI7	2587597	S	1	2	3	0.0000000487
Pseudomonas sp. R3-52-08	1173284	S	1	2	3	0.0000000487
Acinetobacter nosocomialis	106654	S	3	0	3	0.0000000487
Acinetobacter sp. TGL-Y2	1407071	S	3	0	3	0.0000000487
Acinetobacter sp. NCu2D-2	1608473	S	3	0	3	0.0000000487
Acinetobacter sp. TTH0-4	1646498	S	3	0	3	0.0000000487
Acinetobacter sp. FDAARGOS_724	2545797	S	1	2	3	0.0000000487
Acinetobacter defluvii	1871111	S	3	0	3	0.0000000487
Acinetobacter wanghuae	2662362	S	3	0	3	0.0000000487
Acinetobacter gyllenbergii	134534	S	3	0	3	0.0000000487
Psychrobacter sp. P11G5	1699624	S	2	1	3	0.0000000487
Psychrobacter cryohalolentis	330922	S	2	1	3	0.0000000487
Vibrio natriegens	691	S	3	0	3	0.0000000487
Vibrio fluvialis	676	S	3	0	3	0.0000000487
Vibrio breoganii	553239	S	3	0	3	0.0000000487
Vibrio zhugei	2479546	S	3	0	3	0.0000000487
Vibrio scophthalmi	45658	S	3	0	3	0.0000000487
Vibrio alfacsensis	1074311	S	3	0	3	0.0000000487
Vibrio aphrogenes	1891186	S	3	0	3	0.0000000487
Photobacterium ganghwense	320778	S	3	0	3	0.0000000487
Halomonas aestuarii	1897729	S	3	0	3	0.0000000487
Hahella chejuensis	158327	S	2	1	3	0.0000000487
Xanthomonas sp. LMG 31887	2775162	S	3	0	3	0.0000000487
Xanthomonas cucurbitae	56453	S	3	0	3	0.0000000487
Xanthomonas sacchari	56458	S	3	0	3	0.0000000487
Stenotrophomonas rhizophila	216778	S	2	1	3	0.0000000487
Lysobacter antibioticus	84531	S	3	0	3	0.0000000487
Lysobacter soli	453783	S	3	0	3	0.0000000487
Luteimonas sp. JM171	1896164	S	3	0	3	0.0000000487
Dyella sp. G9	2763498	S	3	0	3	0.0000000487
Dyella japonica	231455	S	3	0	3	0.0000000487
Rhodanobacter denitrificans	666685	S	3	0	3	0.0000000487
Pseudoalteromonas sp. GCY	2003316	S	3	0	3	0.0000000487
Pseudoalteromonas sp. LC2018020214	2799564	S	1	2	3	0.0000000487
Pseudoalteromonas sp. 1_2015MBL_MicDiv	1720343	S	1	2	3	0.0000000487
Pseudoalteromonas rubra	43658	S	3	0	3	0.0000000487
Pseudoalteromonas viridis	339617	S	3	0	3	0.0000000487
Pseudoalteromonas spongiae	298657	S	3	0	3	0.0000000487
Pseudoalteromonas nigrifaciens	28109	S	2	1	3	0.0000000487
Shewanella sp. WE21	2029986	S	3	0	3	0.0000000487
Shewanella khirikhana	1965282	S	3	0	3	0.0000000487
Shewanella polaris	2588449	S	2	1	3	0.0000000487
Alteromonas sp. BL110	1714845	S	3	0	3	0.0000000487
Alteromonas sp. 76-1	2358187	S	3	0	3	0.0000000487
Paraglaciecola mesophila	197222	S	3	0	3	0.0000000487
Glaciecola nitratireducens	300231	S	3	0	3	0.0000000487
Salinimonas sediminis	2303538	S	3	0	3	0.0000000487
Agarivorans gilvus	680279	S	3	0	3	0.0000000487
Saliniradius amylolyticus	2183582	S	3	0	3	0.0000000487
Colwellia beringensis	1967665	S	3	0	3	0.0000000487
Thalassotalea sp. PS06	2594005	S	3	0	3	0.0000000487
Litorilituus sediminis	718192	S	3	0	3	0.0000000487
Psychromonas sp. CNPT3	314282	S	1	2	3	0.0000000487
Thiosulfativibrio zosterae	2675053	S	3	0	3	0.0000000487
Aeromonas sp. ASNIH2	1636607	S	3	0	3	0.0000000487
Aeromonas sp. CA23	2033032	S	3	0	3	0.0000000487
Aeromonas dhakensis	196024	S	3	0	3	0.0000000487
Dongshaea marina	2047966	S	3	0	3	0.0000000487
Legionella clemsonensis	1867846	S	3	0	3	0.0000000487
Tatlockia micdadei	451	S	3	0	3	0.0000000487
Candidatus Rickettsiella viridis	676208	S	3	0	3	0.0000000487
Bathymodiolus thermophilus thioautotrophic gill symbiont	2360	S	3	0	3	0.0000000487
Rheinheimera sp. D18	2545632	S	3	0	3	0.0000000487
Thioalkalivibrio versutus	106634	S	3	0	3	0.0000000487
Thioalkalivibrio nitratireducens	186931	S	2	1	3	0.0000000487
Ectothiorhodospira sp. BSL-9	1442136	S	3	0	3	0.0000000487
Thiohalobacter sp. COW1	2795687	S	1	2	3	0.0000000487
Guyparkeria halophila	47960	S	3	0	3	0.0000000487
[Haemophilus] ducreyi	730	S	3	0	3	0.0000000487
Mannheimia sp. USDA-ARS-USMARC-1261	1432056	S	3	0	3	0.0000000487
Glaesserella sp. 15-184	2030797	S	3	0	3	0.0000000487
Avibacterium paragallinarum	728	S	2	1	3	0.0000000487
Teredinibacter turnerae	2426	S	3	0	3	0.0000000487
Teredinibacter haidensis	2731755	S	3	0	3	0.0000000487
Microbulbifer hydrolyticus	48074	S	3	0	3	0.0000000487
Methylomonas sp. LL1	2785785	S	3	0	3	0.0000000487
Methylomonas denitrificans	1538553	S	3	0	3	0.0000000487
Methylococcus capsulatus	414	S	3	0	3	0.0000000487
Sinimarinibacterium sp. NLF-5-8	2698684	S	3	0	3	0.0000000487
Cardiobacterium hominis	2718	S	3	0	3	0.0000000487
Hydrogenophaga sp. YM1	2806262	S	3	0	3	0.0000000487
Variovorax sp. PAMC26660	2762322	S	3	0	3	0.0000000487
Variovorax sp. SRS16	282217	S	2	1	3	0.0000000487
Variovorax sp. PBL-E5	434014	S	2	1	3	0.0000000487
Diaphorobacter sp. JS3050	2735554	S	1	2	3	0.0000000487
Serpentinomonas raichei	1458425	S	3	0	3	0.0000000487
Burkholderia anthina	179879	S	3	0	3	0.0000000487
Burkholderia sp. MS455	2811788	S	3	0	3	0.0000000487
Paraburkholderia caffeinilytica	1761016	S	3	0	3	0.0000000487
Paraburkholderia aromaticivorans	2026199	S	3	0	3	0.0000000487
Paraburkholderia terrae	311230	S	2	1	3	0.0000000487
Ralstonia mannitolilytica	105219	S	3	0	3	0.0000000487
Chitinimonas arctica	2594795	S	3	0	3	0.0000000487
Achromobacter sp. AONIH1	1758194	S	3	0	3	0.0000000487
Achromobacter insolitus	217204	S	3	0	3	0.0000000487
Bordetella avium	521	S	3	0	3	0.0000000487
Bordetella flabilis	463014	S	3	0	3	0.0000000487
Taylorella asinigenitalis	84590	S	3	0	3	0.0000000487
Pigmentiphaga aceris	1940612	S	3	0	3	0.0000000487
Oligella ureolytica	90244	S	3	0	3	0.0000000487
Herbaspirillum robiniae	2014887	S	3	0	3	0.0000000487
Janthinobacterium sp. B9-8	1236179	S	3	0	3	0.0000000487
Neisseria flavescens	484	S	3	0	3	0.0000000487
Kingella kingae	504	S	3	0	3	0.0000000487
Chromobacterium phragmitis	2202141	S	3	0	3	0.0000000487
Aquitalea aquatilis	1537400	S	3	0	3	0.0000000487
Microvirgula aerodenitrificans	57480	S	3	0	3	0.0000000487
Pseudogulbenkiania sp. NH8B	748280	S	3	0	3	0.0000000487
Jeongeupia sp. USM3	1906741	S	3	0	3	0.0000000487
Thauera sp. MZ1T	85643	S	3	0	3	0.0000000487
Aromatoleum aromaticum	551760	S	2	1	3	0.0000000487
Candidatus Methylopumilus turicensis	1581680	S	3	0	3	0.0000000487
Nitrosomonas sp. Is79A3	261292	S	3	0	3	0.0000000487
Sulfuricella denitrificans	649841	S	3	0	3	0.0000000487
Denitratisoma oestradiolicum	311182	S	3	0	3	0.0000000487
Ferriphaselus amnicola	1188319	S	3	0	3	0.0000000487
Usitatibacter palustris	2732487	S	3	0	3	0.0000000487
Rhizobium flavum	1335061	S	3	0	3	0.0000000487
Rhizobium gallicum	56730	S	3	0	3	0.0000000487
Sinorhizobium americanum	194963	S	3	0	3	0.0000000487
Shinella sp. HZN7	879274	S	3	0	3	0.0000000487
Bradyrhizobium sp. 6(2017)	1197460	S	3	0	3	0.0000000487
Bradyrhizobium sp. SK17	2057741	S	3	0	3	0.0000000487
Bradyrhizobium canariense	255045	S	3	0	3	0.0000000487
Bradyrhizobium genosp. L	83637	S	3	0	3	0.0000000487
Bradyrhizobium cosmicum	1404864	S	3	0	3	0.0000000487
Bradyrhizobium vignae	1549949	S	3	0	3	0.0000000487
Bosea sp. AS-1	2015316	S	3	0	3	0.0000000487
Afipia sp. GAS231	1882747	S	3	0	3	0.0000000487
Mesorhizobium sp. 8	2584466	S	3	0	3	0.0000000487
Mesorhizobium sp. 131-2-1	2744518	S	3	0	3	0.0000000487
Mesorhizobium sp. M4B.F.Ca.ET.058.02.1.1	2493675	S	3	0	3	0.0000000487
Mesorhizobium amorphae	71433	S	3	0	3	0.0000000487
Mesorhizobium oceanicum	1670800	S	3	0	3	0.0000000487
Mesorhizobium ciceri	39645	S	2	1	3	0.0000000487
Methylobacterium sp. 4-46	426117	S	3	0	3	0.0000000487
Methylobacterium durans	2202825	S	3	0	3	0.0000000487
Methylorubrum extorquens	408	S	2	1	3	0.0000000487
Bartonella vinsonii	33047	S	3	0	3	0.0000000487
Bartonella henselae	38323	S	3	0	3	0.0000000487
Bartonella bacilliformis	774	S	3	0	3	0.0000000487
Bartonella apis	1686310	S	3	0	3	0.0000000487
Bartonella krasnovii	2267275	S	3	0	3	0.0000000487
Hyphomicrobium denitrificans	53399	S	3	0	3	0.0000000487
Pelagibacterium halotolerans	531813	S	3	0	3	0.0000000487
Youhaiella tibetensis	1447062	S	1	2	3	0.0000000487
Labrenzia sp. THAF82	2587861	S	3	0	3	0.0000000487
Pseudovibrio sp. FO-BEG1	911045	S	3	0	3	0.0000000487
Pseudolabrys taiwanensis	331696	S	3	0	3	0.0000000487
Methylocystis rosea	173366	S	3	0	3	0.0000000487
Methylocystis heyeri	391905	S	3	0	3	0.0000000487
Hartmannibacter diazotrophicus	1482074	S	3	0	3	0.0000000487
Chelatococcus sp. CO-6	1702325	S	3	0	3	0.0000000487
Novosphingobium sp. KA1	164608	S	1	2	3	0.0000000487
Sphingomonas sp. AP4-R1	2735134	S	3	0	3	0.0000000487
Sphingomonas sp. LM7	1938607	S	3	0	3	0.0000000487
Sphingomonas sp. IC081	304378	S	1	2	3	0.0000000487
Sphingomonas paucimobilis	13689	S	3	0	3	0.0000000487
Sphingomonas insulae	424800	S	3	0	3	0.0000000487
Sphingomonas panacisoli	1813879	S	3	0	3	0.0000000487
Sphingomonas hengshuiensis	1609977	S	3	0	3	0.0000000487
Sphingobium sp. RAC03	1843368	S	3	0	3	0.0000000487
Sphingorhabdus sp. SMR4y	2584094	S	3	0	3	0.0000000487
Zymomonas mobilis	542	S	3	0	3	0.0000000487
Tardibacter chloracetimidivorans	1921510	S	2	1	3	0.0000000487
Porphyrobacter sp. LM 6	1896196	S	3	0	3	0.0000000487
Altererythrobacter atlanticus	1267766	S	3	0	3	0.0000000487
Sandaracinobacter sp. M6	2759707	S	3	0	3	0.0000000487
Paracoccus jeotgali	2065379	S	3	0	3	0.0000000487
Paracoccus suum	2259340	S	3	0	3	0.0000000487
Rhodobacter sp. LPB0142	1850250	S	3	0	3	0.0000000487
Celeribacter manganoxidans	1411902	S	3	0	3	0.0000000487
Octadecabacter antarcticus	1217908	S	3	0	3	0.0000000487
Thioclava electrotropha	1549850	S	3	0	3	0.0000000487
Boseongicola sp. CCM32	2552942	S	3	0	3	0.0000000487
Maribius sp. THAF1	2587842	S	3	0	3	0.0000000487
Defluviimonas alba	1335048	S	3	0	3	0.0000000487
Roseicitreum antarcticum	564137	S	3	0	3	0.0000000487
Pontivivens sp. MT2928	2789856	S	3	0	3	0.0000000487
Pelagovum pacificum	2588711	S	3	0	3	0.0000000487
Roseomonas sp. 1318	2768161	S	3	0	3	0.0000000487
Roseomonas mucosa	207340	S	1	2	3	0.0000000487
Neokomagataea tanensis	661191	S	3	0	3	0.0000000487
Azospirillum ramasamyi	682998	S	2	1	3	0.0000000487
Hypericibacter adhaerens	2602016	S	3	0	3	0.0000000487
Candidatus Phycorickettsia trachydisci	2115978	S	3	0	3	0.0000000487
Brevundimonas mediterranea	74329	S	3	0	3	0.0000000487
Maricaulis maris	74318	S	3	0	3	0.0000000487
Candidatus Desulfovibrio trichonymphae	1725232	S	3	0	3	0.0000000487
Myxococcus sp. SCHIC003	2813577	S	3	0	3	0.0000000487
Pyxidicoccus sp. SCPEA002	2813578	S	3	0	3	0.0000000487
Vulgatibacter incomptus	1391653	S	3	0	3	0.0000000487
Desulfobacter postgatei	2293	S	3	0	3	0.0000000487
Desulfobacterium autotrophicum	2296	S	3	0	3	0.0000000487
Desulfatibacillum aliphaticivorans	218208	S	3	0	3	0.0000000487
Geobacter bremensis	60035	S	3	0	3	0.0000000487
Syntrophotalea carbinolica	19	S	3	0	3	0.0000000487
Syntrophotalea acetylenivorans	1842532	S	3	0	3	0.0000000487
Desulfobacca acetoxidans	60893	S	3	0	3	0.0000000487
Syntrophobacter fumaroxidans	119484	S	3	0	3	0.0000000487
Aliarcobacter cibarius	255507	S	3	0	3	0.0000000487
Arcobacter anaerophilus	877500	S	3	0	3	0.0000000487
Malaciobacter molluscorum	1032072	S	3	0	3	0.0000000487
Campylobacter rectus	203	S	3	0	3	0.0000000487
Campylobacter armoricus	2505970	S	3	0	3	0.0000000487
Campylobacter curvus	200	S	3	0	3	0.0000000487
Campylobacter hominis	76517	S	3	0	3	0.0000000487
Sulfurospirillum cavolei	366522	S	3	0	3	0.0000000487
Helicobacter felis	214	S	3	0	3	0.0000000487
Helicobacter mustelae	217	S	3	0	3	0.0000000487
Candidatus Sulfurimonas marisnigri	2740405	S	3	0	3	0.0000000487
Nitratifractor salsuginis	269261	S	3	0	3	0.0000000487
Caminibacter mediatlanticus	291048	S	3	0	3	0.0000000487
Bacteriovorax stolpii	960	S	3	0	3	0.0000000487
Flavobacterium kingsejongi	1678728	S	3	0	3	0.0000000487
Polaribacter sp. Hel1_33_78	1336804	S	3	0	3	0.0000000487
Winogradskyella forsetii	2686077	S	3	0	3	0.0000000487
Capnocytophaga sp. oral taxon 323	1705617	S	1	2	3	0.0000000487
Capnocytophaga canimorsus	28188	S	3	0	3	0.0000000487
Capnocytophaga haemolytica	45243	S	3	0	3	0.0000000487
Gramella forsetii	411153	S	3	0	3	0.0000000487
Nonlabens sp. MIC269	1476901	S	3	0	3	0.0000000487
Algibacter sp. L3A6	2686366	S	3	0	3	0.0000000487
Algibacter alginicilyticus	1736674	S	3	0	3	0.0000000487
Tamlana carrageenivorans	2069432	S	3	0	3	0.0000000487
Olleya aquimaris	639310	S	3	0	3	0.0000000487
Cellulophaga sp. L1A9	2686362	S	2	1	3	0.0000000487
Mariniflexile sp. TRM1-10	2027857	S	3	0	3	0.0000000487
Arenibacter algicola	616991	S	3	0	3	0.0000000487
Gillisia sp. Hel1_33_143	1336796	S	3	0	3	0.0000000487
Chryseobacterium sp. 6424	2039166	S	3	0	3	0.0000000487
Chryseobacterium sp. 3008163	2478663	S	3	0	3	0.0000000487
Chryseobacterium shandongense	1493872	S	3	0	3	0.0000000487
Chryseobacterium nakagawai	1241982	S	2	1	3	0.0000000487
Chryseobacterium manosquense	2754694	S	1	2	3	0.0000000487
Chryseobacterium lactis	1241981	S	2	1	3	0.0000000487
Elizabethkingia bruuniana	1756149	S	1	2	3	0.0000000487
Bergeyella cardium	1585976	S	3	0	3	0.0000000487
Blattabacterium clevelandi	164516	S	3	0	3	0.0000000487
Leadbetterella byssophila	316068	S	3	0	3	0.0000000487
Hymenobacter sp. NBH84	2596915	S	3	0	3	0.0000000487
Hymenobacter sp. BRD128	2675878	S	3	0	3	0.0000000487
Hymenobacter nivis	1850093	S	3	0	3	0.0000000487
Pontibacter sp. SGAir0037	2571030	S	3	0	3	0.0000000487
Bacteroides thetaiotaomicron	818	S	3	0	3	0.0000000487
Bacteroides helcogenes	290053	S	3	0	3	0.0000000487
Prevotella oris	28135	S	3	0	3	0.0000000487
Prevotella dentalis	52227	S	3	0	3	0.0000000487
Muribaculum gordoncarteri	2530390	S	3	0	3	0.0000000487
Pedobacter sp. G11	2482728	S	3	0	3	0.0000000487
Pedobacter sp. CJ43	2605747	S	3	0	3	0.0000000487
Mucilaginibacter ginsenosidivorans	398053	S	3	0	3	0.0000000487
Mucilaginibacter gossypii	551996	S	3	0	3	0.0000000487
Flavihumibacter sp. SB-02	2676868	S	3	0	3	0.0000000487
Pseudocnuella soli	2502779	S	3	0	3	0.0000000487
Saprospira grandis	1008	S	3	0	3	0.0000000487
Prosthecochloris aestuarii	1102	S	3	0	3	0.0000000487
Chlorobaculum tepidum	1097	S	3	0	3	0.0000000487
Gemmatimonas phototrophica	1379270	S	3	0	3	0.0000000487
Gemmatirosa kalamazoonesis	861299	S	3	0	3	0.0000000487
Gimesia fumaroli	2527976	S	3	0	3	0.0000000487
Planctomyces sp. SH-PL14	1632864	S	3	0	3	0.0000000487
Alienimonas californiensis	2527989	S	3	0	3	0.0000000487
Gemmata sp. SH-PL17	1630693	S	2	1	3	0.0000000487
Aquisphaera giovannonii	406548	S	3	0	3	0.0000000487
Limihaloglobus sulfuriphilus	1851148	S	2	1	3	0.0000000487
Anaerohalosphaera lusitana	1936003	S	2	1	3	0.0000000487
Akkermansia glycaniphila	1679444	S	3	0	3	0.0000000487
Nibricoccus aquaticus	2576891	S	3	0	3	0.0000000487
Chlamydia muridarum	83560	S	3	0	3	0.0000000487
Chlamydia abortus	83555	S	2	1	3	0.0000000487
Treponema succinifaciens	167	S	3	0	3	0.0000000487
Treponema socranskii	53419	S	3	0	3	0.0000000487
Treponema brennaborense	81028	S	3	0	3	0.0000000487
Salinispira pacifica	1307761	S	3	0	3	0.0000000487
Sediminispirochaeta smaragdinae	55206	S	3	0	3	0.0000000487
Borrelia sp. A-FGy1	2608247	S	3	0	3	0.0000000487
Borreliella garinii	29519	S	3	0	3	0.0000000487
Brachyspira intermedia	84377	S	3	0	3	0.0000000487
Leptospira mayottensis	1137606	S	3	0	3	0.0000000487
Acidisarcina polymorpha	2211140	S	3	0	3	0.0000000487
Fervidobacterium pennivorans	93466	S	3	0	3	0.0000000487
Pseudothermotoga thermarum	119394	S	2	1	3	0.0000000487
Sulfurihydrogenibium azorense	309806	S	3	0	3	0.0000000487
Sulfurihydrogenibium sp. YO3AOP1	436114	S	3	0	3	0.0000000487
Thermanaerovibrio velox	108007	S	2	1	3	0.0000000487
Candidatus Chazhemtobacterium aquaticus	2715735	S	3	0	3	0.0000000487
Caldisericum exile	693075	S	3	0	3	0.0000000487
Halorubrum sp. CBA1229	1853699	S	3	0	3	0.0000000487
Salinigranum rubrum	755307	S	3	0	3	0.0000000487
Halostagnicola larsenii	353800	S	3	0	3	0.0000000487
Halarchaeum sp. CBA1220	1853682	S	3	0	3	0.0000000487
Methanosarcina lacustris	170861	S	3	0	3	0.0000000487
Methanosarcina vacuolata	2215	S	1	2	3	0.0000000487
Methanobrevibacter sp. YE315	1609968	S	3	0	3	0.0000000487
Methanocaldococcus sp. FS406-22	644281	S	3	0	3	0.0000000487
Methanococcus aeolicus	42879	S	3	0	3	0.0000000487
Thermococcus sp. 4557	1042877	S	2	1	3	0.0000000487
Thermococcus kodakarensis	311400	S	3	0	3	0.0000000487
Sulfolobus sp. A20	1891280	S	3	0	3	0.0000000487
Sulfolobus sp. E11-6	2663020	S	3	0	3	0.0000000487
Metallosphaera tengchongensis	1532350	S	3	0	3	0.0000000487
Staphylothermus marinus	2280	S	3	0	3	0.0000000487
Pyrobaculum aerophilum	13773	S	3	0	3	0.0000000487
Candidatus Nitrososphaera evergladensis	1459637	S	3	0	3	0.0000000487
Candidatus Nitrosocaldus islandicus	2045011	S	1	2	3	0.0000000487
Candidatus Nitrosotenuis sp. DW1	2259672	S	3	0	3	0.0000000487
Candidatus Methanomethylophilus alvus	1291540	S	3	0	3	0.0000000487
Salmonella phage UPF_BP1	1912492	S	2	1	3	0.0000000487
Burkholderia virus DC1	1136535	S	3	0	3	0.0000000487
Salmonella phage vB_SosS_Oslo	1168549	S	2	1	3	0.0000000487
Listeria phage vB_LmoS_293	1591073	S	2	1	3	0.0000000487
Salmonella virus SP101	2005693	S	2	1	3	0.0000000487
Bacillus phage PM1	547228	S	3	0	3	0.0000000487
Escherichia virus HK578	1954378	S	3	0	3	0.0000000487
Mycobacterium phage Whouxphf	2484216	S	3	0	3	0.0000000487
Aeromonas virus 65	260149	S	3	0	3	0.0000000487
Synechococcus virus Bellamy	2734095	S	3	0	3	0.0000000487
Erwinia phage Hena1	2678601	S	3	0	3	0.0000000487
Bacillus virus Deepblue	1985179	S	3	0	3	0.0000000487
Ashivirus S45C4	2733889	S	3	0	3	0.0000000487
Escherichia virus KWBSE43-6	2731622	S	3	0	3	0.0000000487
Suid gammaherpesvirus 3	1960249	S	3	0	3	0.0000000487
Cercopithecine betaherpesvirus 5	50292	S	3	0	3	0.0000000487
Banana streak CA virus	1016852	S	3	0	3	0.0000000487
Only Syngen Nebraska virus 5	1917232	S	3	0	3	0.0000000487
Emiliania huxleyi virus 86	181082	S	3	0	3	0.0000000487
Adoxophyes honmai entomopoxvirus	1993630	S	3	0	3	0.0000000487
Pandoravirus dulcis	1349409	S	3	0	3	0.0000000487
Cedratvirus A11	1903266	S	3	0	3	0.0000000487
Tomelloso virus	2053981	S	3	0	3	0.0000000487
Virgibacillus dokdonensis	302167	S	2	0	2	0.0000000325
Paenibacillus sp. DCT19	2211212	S	2	0	2	0.0000000325
Paenibacillus sp. B01	2660554	S	2	0	2	0.0000000325
Paenibacillus sp. IHB B 3084	867076	S	2	0	2	0.0000000325
Paenibacillus sp. JNUCC-32	2777984	S	1	1	2	0.0000000325
Paenibacillus jilunlii	682956	S	2	0	2	0.0000000325
Paenibacillus baekrokdamisoli	1712516	S	2	0	2	0.0000000325
Paenibacillus borealis	160799	S	2	0	2	0.0000000325
Brevibacillus sp. FJAT-54423	2796470	S	2	0	2	0.0000000325
Brevibacillus choshinensis	54911	S	2	0	2	0.0000000325
Thermobacillus composti	377615	S	2	0	2	0.0000000325
Planococcus sp. Y42	2213202	S	2	0	2	0.0000000325
Planococcus maritimus	192421	S	2	0	2	0.0000000325
Exiguobacterium mexicanum	340146	S	2	0	2	0.0000000325
Lactobacillus sp. CBA3606	2099789	S	2	0	2	0.0000000325
Weissella viridescens	1629	S	2	0	2	0.0000000325
Oenococcus kitaharae	336988	S	2	0	2	0.0000000325
Oenococcus sicerae	2203724	S	2	0	2	0.0000000325
Companilactobacillus heilongjiangensis	1074467	S	2	0	2	0.0000000325
Lentilactobacillus curieae	1138822	S	2	0	2	0.0000000325
Latilactobacillus graminis	60519	S	2	0	2	0.0000000325
Streptococcus sp. A12	1759399	S	2	0	2	0.0000000325
Streptococcus sp. NPS 308	1902136	S	2	0	2	0.0000000325
Streptococcus pluranimalium	82348	S	2	0	2	0.0000000325
Streptococcus respiraculi	2021971	S	2	0	2	0.0000000325
Streptococcus marmotae	1825069	S	2	0	2	0.0000000325
Streptococcus halotolerans	1814128	S	2	0	2	0.0000000325
Streptococcus pasteurianus	197614	S	2	0	2	0.0000000325
Streptococcus urinalis	149016	S	2	0	2	0.0000000325
Hungatella hathewayi	154046	S	2	0	2	0.0000000325
Blautia sp. SC05B48	2479767	S	2	0	2	0.0000000325
Lachnoclostridium phocaeense	1871021	S	2	0	2	0.0000000325
[Ruminococcus] torques	33039	S	2	0	2	0.0000000325
Enterocloster clostridioformis	1531	S	2	0	2	0.0000000325
Enterocloster bolteae	208479	S	2	0	2	0.0000000325
Ruminococcus bicirculans	1160721	S	2	0	2	0.0000000325
Desulfotomaculum reducens	59610	S	2	0	2	0.0000000325
Desulfotomaculum ferrireducens	1833852	S	2	0	2	0.0000000325
Dehalobacter restrictus	55583	S	2	0	2	0.0000000325
Thermincola potens	863643	S	2	0	2	0.0000000325
Peptoclostridium acidaminophilum	1731	S	2	0	2	0.0000000325
Eubacterium maltosivorans	2041044	S	2	0	2	0.0000000325
Thermaerobacter sp. FW80	2546351	S	2	0	2	0.0000000325
Thermaerobacter marianensis	73919	S	2	0	2	0.0000000325
Massilistercora timonensis	2086584	S	2	0	2	0.0000000325
Syntrophothermus lipocalidus	86170	S	2	0	2	0.0000000325
Caldicellulosiruptor bescii	31899	S	2	0	2	0.0000000325
Caldicellulosiruptor owensensis	55205	S	2	0	2	0.0000000325
Selenomonas sp. oral taxon 136	713030	S	1	1	2	0.0000000325
Veillonella rodentium	248315	S	2	0	2	0.0000000325
Phascolarctobacterium faecium	33025	S	2	0	2	0.0000000325
Phascolarctobacterium sp. Marseille-Q4147	2823317	S	2	0	2	0.0000000325
Anaerococcus mediterraneensis	1870984	S	2	0	2	0.0000000325
Actinomyces sp. oral taxon 414	712122	S	2	0	2	0.0000000325
Actinomyces naeslundii	1655	S	2	0	2	0.0000000325
Schaalia sp. JY-X169	2758572	S	2	0	2	0.0000000325
Streptomyces sp. jing01	2726118	S	2	0	2	0.0000000325
Streptomyces sp. NEAU-sy36	2751189	S	2	0	2	0.0000000325
Streptomyces sp. Go-475	2072505	S	2	0	2	0.0000000325
Streptomyces sp. CdTB01	1725411	S	2	0	2	0.0000000325
Streptomyces sp. CB04723	2748873	S	2	0	2	0.0000000325
Streptomyces sp. CCM_MD2014	1561022	S	2	0	2	0.0000000325
Streptomyces sp. Tu 2975	2676871	S	2	0	2	0.0000000325
Streptomyces sp. SGAir0924	2109593	S	2	0	2	0.0000000325
Streptomyces sp. S1A1-7	2594459	S	2	0	2	0.0000000325
Streptomyces sp. INR7	2607753	S	2	0	2	0.0000000325
Streptomyces seoulensis	73044	S	2	0	2	0.0000000325
Streptomyces glaucescens	1907	S	2	0	2	0.0000000325
Streptomyces mobaraensis	35621	S	2	0	2	0.0000000325
Streptomyces davaonensis	348043	S	2	0	2	0.0000000325
Streptomyces qinzhouensis	2599401	S	2	0	2	0.0000000325
Streptomyces pratensis	1169025	S	2	0	2	0.0000000325
Streptomyces solisilvae	1929477	S	2	0	2	0.0000000325
Streptomyces aureoverticillatus	66871	S	2	0	2	0.0000000325
Streptomyces gardneri	66892	S	2	0	2	0.0000000325
Streptomyces nigra	1827580	S	2	0	2	0.0000000325
Streptomyces finlayi	67296	S	2	0	2	0.0000000325
Cutibacterium granulosum	33011	S	2	0	2	0.0000000325
Propionibacterium australiense	119981	S	2	0	2	0.0000000325
Nocardioides sp. ZJ1313	2685869	S	2	0	2	0.0000000325
Nocardioides sp. HDW12B	2714939	S	2	0	2	0.0000000325
Nocardioides sp. CF8	110319	S	2	0	2	0.0000000325
Nocardioides marinisabuli	419476	S	2	0	2	0.0000000325
Nocardioides euryhalodurans	2518370	S	2	0	2	0.0000000325
Nocardioides cynanchi	2558918	S	2	0	2	0.0000000325
Aeromicrobium chenweiae	2079793	S	2	0	2	0.0000000325
Mumia sp. ZJ1417	2708082	S	2	0	2	0.0000000325
Kribbella flavida	182640	S	2	0	2	0.0000000325
Actinopolymorpha singaporensis	117157	S	2	0	2	0.0000000325
Mycobacterium colombiense	339268	S	2	0	2	0.0000000325
Mycobacterium sp. DL592	2675524	S	2	0	2	0.0000000325
Mycobacterium simiae	1784	S	2	0	2	0.0000000325
Mycobacterium cookii	1775	S	2	0	2	0.0000000325
Mycobacterium branderi	43348	S	2	0	2	0.0000000325
Mycobacterium grossiae	1552759	S	2	0	2	0.0000000325
Mycobacterium paragordonae	1389713	S	2	0	2	0.0000000325
Mycolicibacterium chitae	1792	S	2	0	2	0.0000000325
Mycolicibacterium goodii	134601	S	2	0	2	0.0000000325
Mycobacteroides saopaulense	1578165	S	2	0	2	0.0000000325
Corynebacterium sp. NML98-0116	702967	S	2	0	2	0.0000000325
Corynebacterium sp. sy039	2599641	S	2	0	2	0.0000000325
Corynebacterium sp. 1959	2675216	S	2	0	2	0.0000000325
Corynebacterium sp. 2019	2675218	S	2	0	2	0.0000000325
Corynebacterium sp. 2039	2675219	S	2	0	2	0.0000000325
Corynebacterium sp. zg-917	2763010	S	2	0	2	0.0000000325
Corynebacterium pseudotuberculosis	1719	S	2	0	2	0.0000000325
Corynebacterium suranareeae	2506452	S	2	0	2	0.0000000325
Corynebacterium variabile	1727	S	2	0	2	0.0000000325
Corynebacterium efficiens	152794	S	2	0	2	0.0000000325
Corynebacterium glyciniphilum	1404244	S	2	0	2	0.0000000325
Corynebacterium ureicelerivorans	401472	S	2	0	2	0.0000000325
Corynebacterium nuruki	1032851	S	2	0	2	0.0000000325
Rhodococcus sp. P1Y	1302308	S	2	0	2	0.0000000325
Rhodococcus sp. PBTS 1	1653478	S	2	0	2	0.0000000325
Rhodococcus sp. MTM3W5.2	1805827	S	2	0	2	0.0000000325
Nocardia seriolae	37332	S	2	0	2	0.0000000325
Nocardia terpenica	455432	S	2	0	2	0.0000000325
Gordonia sp. YC-JH1	2059875	S	2	0	2	0.0000000325
Gordonia polyisoprenivorans	84595	S	2	0	2	0.0000000325
Gordonia phthalatica	1136941	S	2	0	2	0.0000000325
Gordonia insulae	2420509	S	2	0	2	0.0000000325
Tomitella sp. HY188	2597660	S	2	0	2	0.0000000325
Microbacterium sp. XT11	367477	S	2	0	2	0.0000000325
Microbacterium sp. HY82	2708079	S	2	0	2	0.0000000325
Microbacterium sp. RG1	2489212	S	2	0	2	0.0000000325
Microbacterium sp. ABRD_28	2268461	S	2	0	2	0.0000000325
Microbacterium caowuchunii	2614638	S	2	0	2	0.0000000325
Microbacterium schleiferi	69362	S	2	0	2	0.0000000325
Microbacterium amylolyticum	936337	S	2	0	2	0.0000000325
Leucobacter coleopterorum	2714933	S	2	0	2	0.0000000325
Rathayibacter rathayi	33887	S	2	0	2	0.0000000325
Rathayibacter iranicus	59737	S	2	0	2	0.0000000325
Clavibacter sp. DM1	2768071	S	2	0	2	0.0000000325
Aurantimicrobium sp. MWH-Uga1	2079575	S	2	0	2	0.0000000325
Aurantimicrobium minutum	708131	S	2	0	2	0.0000000325
Plantibacter sp. PA-3-X8	2480625	S	2	0	2	0.0000000325
Agrococcus jejuensis	399736	S	2	0	2	0.0000000325
Microcella alkaliphila	279828	S	2	0	2	0.0000000325
Frondihabitans sp. PAMC 28766	1795630	S	2	0	2	0.0000000325
Microterricola viridarii	412690	S	2	0	2	0.0000000325
Lysinimonas sp. KACC 19322	2592654	S	2	0	2	0.0000000325
Diaminobutyricimonas sp. LJ205	2683590	S	2	0	2	0.0000000325
Arthrobacter sp. FB24	290399	S	2	0	2	0.0000000325
Arthrobacter sp. ERGS1:01	1704044	S	2	0	2	0.0000000325
Arthrobacter sp. NEB 688	904039	S	2	0	2	0.0000000325
Arthrobacter agilis	37921	S	2	0	2	0.0000000325
Arthrobacter crystallopoietes	37928	S	2	0	2	0.0000000325
Arthrobacter alpinus	656366	S	2	0	2	0.0000000325
Rothia kristinae	37923	S	2	0	2	0.0000000325
Rothia aeria	172042	S	2	0	2	0.0000000325
Kocuria palustris	71999	S	2	0	2	0.0000000325
Kocuria flava	446860	S	2	0	2	0.0000000325
Glutamicibacter mishrai	1775880	S	2	0	2	0.0000000325
Psychromicrobium lacuslunae	1618207	S	2	0	2	0.0000000325
Zhihengliuella sp. ISTPL4	2058657	S	1	1	2	0.0000000325
Dermacoccus sp. PAMC28757	2762331	S	2	0	2	0.0000000325
Brevibacterium sp. o2	2697565	S	2	0	2	0.0000000325
Brevibacterium luteolum	199591	S	2	0	2	0.0000000325
Cellulomonas sp. JZ18	2654191	S	2	0	2	0.0000000325
Cellulomonas taurus	2729175	S	2	0	2	0.0000000325
Pseudactinotalea sp. HY158	2654547	S	2	0	2	0.0000000325
Janibacter indicus	857417	S	2	0	2	0.0000000325
Tetrasphaera sp. HKS02	1813880	S	2	0	2	0.0000000325
Pedococcus dokdonensis	443156	S	2	0	2	0.0000000325
Brachybacterium faecium	43669	S	2	0	2	0.0000000325
Devriesea agamarum	472569	S	2	0	2	0.0000000325
Serinicoccus chungangensis	767452	S	2	0	2	0.0000000325
Serinicoccus profundi	1078471	S	2	0	2	0.0000000325
Ornithinimicrobium flavum	1288636	S	2	0	2	0.0000000325
Ornithinimicrobium pratense	2593973	S	2	0	2	0.0000000325
Amycolatopsis sp. AA4	1896961	S	2	0	2	0.0000000325
Amycolatopsis sp. Hca4	2742131	S	2	0	2	0.0000000325
Saccharomonospora viridis	1852	S	2	0	2	0.0000000325
Saccharomonospora cyanea	40989	S	2	0	2	0.0000000325
Saccharothrix syringae	103733	S	2	0	2	0.0000000325
Micromonospora sp. WMMC415	2675222	S	2	0	2	0.0000000325
Micromonospora echinospora	1877	S	2	0	2	0.0000000325
Micromonospora tulbaghiae	479978	S	2	0	2	0.0000000325
Micromonospora zamorensis	709883	S	2	0	2	0.0000000325
Micromonospora aurantiaca	47850	S	2	0	2	0.0000000325
Micromonospora viridifaciens	1881	S	2	0	2	0.0000000325
Parascardovia denticolens	78258	S	2	0	2	0.0000000325
Streptomonospora sp. M2	2498135	S	2	0	2	0.0000000325
Candidatus Planktophila lacus	1884913	S	2	0	2	0.0000000325
Candidatus Nanopelagicus limnes	1884634	S	1	1	2	0.0000000325
Nakamurella sp. PAMC28650	2762325	S	2	0	2	0.0000000325
Kineococcus radiotolerans	131568	S	2	0	2	0.0000000325
Slackia heliotrinireducens	84110	S	2	0	2	0.0000000325
Parolsenella massiliensis	1871022	S	2	0	2	0.0000000325
Coriobacterium glomerans	33871	S	2	0	2	0.0000000325
Rubrobacter radiotolerans	42256	S	2	0	2	0.0000000325
Euzebya sp. DY32-46	1608957	S	2	0	2	0.0000000325
Nostoc sp. C052	2576902	S	2	0	2	0.0000000325
Nostoc sp. NIES-2111	1973475	S	1	1	2	0.0000000325
Raphidiopsis curvata	312883	S	2	0	2	0.0000000325
Gloeocapsa sp. PCC 7428	1173026	S	2	0	2	0.0000000325
Candidatus Atelocyanobacterium thalassa	713887	S	2	0	2	0.0000000325
Synechococcus sp. MIT S9220	166309	S	2	0	2	0.0000000325
Synechococcus sp. MEDNS5	1442554	S	2	0	2	0.0000000325
Synechococcus sp. HK01-R	2751171	S	2	0	2	0.0000000325
Synechococcus sp. RS9909	221352	S	2	0	2	0.0000000325
Synechococcus sp. CB0101	232348	S	2	0	2	0.0000000325
Thermosynechococcus sp. NK55a	1394889	S	2	0	2	0.0000000325
cyanobacterium endosymbiont of Epithemia turgida	718217	S	2	0	2	0.0000000325
Mycoplasma sp. C264-NAS	2726117	S	2	0	2	0.0000000325
Mycoplasma putrefaciens	2123	S	2	0	2	0.0000000325
Mycoplasma synoviae	2109	S	2	0	2	0.0000000325
Spiroplasma floricola	216937	S	2	0	2	0.0000000325
Spiroplasma helicoides	216938	S	2	0	2	0.0000000325
Spiroplasma sabaudiense	216944	S	2	0	2	0.0000000325
Spiroplasma syrphidicola	216945	S	2	0	2	0.0000000325
Mesoplasma lactucae	138853	S	2	0	2	0.0000000325
Candidatus Phytoplasma ziziphi	135727	S	2	0	2	0.0000000325
Acholeplasma axanthum	29552	S	2	0	2	0.0000000325
Deinococcus sp. NW-56	2080419	S	2	0	2	0.0000000325
Deinococcus peraridilitoris	432329	S	2	0	2	0.0000000325
Deinococcus puniceus	1182568	S	2	0	2	0.0000000325
Deinococcus metallilatus	1211322	S	2	0	2	0.0000000325
Thermus brockianus	56956	S	2	0	2	0.0000000325
Pelolinea submarina	913107	S	2	0	2	0.0000000325
Dehalogenimonas sp. GP	1536648	S	2	0	2	0.0000000325
Dehalococcoides mccartyi	61435	S	2	0	2	0.0000000325
Enterobacter sp. LU1	1848517	S	1	1	2	0.0000000325
Enterobacteriaceae endosymbiont of Donacia tomentosa	2675787	S	2	0	2	0.0000000325
Serratia sp. FGI94	671990	S	2	0	2	0.0000000325
Serratia grimesii	82995	S	2	0	2	0.0000000325
Yersinia intermedia	631	S	2	0	2	0.0000000325
Rahnella aceris	2703885	S	1	1	2	0.0000000325
Proteus hauseri	183417	S	2	0	2	0.0000000325
Erwinia sp. QL-Z3	2547962	S	2	0	2	0.0000000325
Erwinia pyrifoliae	79967	S	2	0	2	0.0000000325
Pseudomonas sp. TMW 2.1634	1886807	S	1	1	2	0.0000000325
Acinetobacter sp. Marseille-Q1620	2714110	S	2	0	2	0.0000000325
Acinetobacter sp. WCHAc010034	1879049	S	2	0	2	0.0000000325
Acinetobacter lanii	2715163	S	2	0	2	0.0000000325
Vibrio rotiferianus	190895	S	2	0	2	0.0000000325
Vibrio sp. Sal10	2777577	S	2	0	2	0.0000000325
Vibrio sp. SM1977	2662262	S	2	0	2	0.0000000325
Vibrio aquimaris	2587862	S	2	0	2	0.0000000325
Vibrio navarrensis	29495	S	2	0	2	0.0000000325
Vibrio atlanticus	693153	S	2	0	2	0.0000000325
Vibrio kanaloae	170673	S	2	0	2	0.0000000325
Vibrio metschnikovii	28172	S	2	0	2	0.0000000325
Halomonas sp. MCCC 1A13718	2733488	S	2	0	2	0.0000000325
Halomonas sp. BC-M4-5	2497861	S	2	0	2	0.0000000325
Halomonas sp. N3-2A	2014541	S	2	0	2	0.0000000325
Halomonas elongata	2746	S	2	0	2	0.0000000325
Zymobacter palmae	33074	S	2	0	2	0.0000000325
Chromohalobacter salexigens	158080	S	2	0	2	0.0000000325
Salinicola tamaricis	1771309	S	2	0	2	0.0000000325
Pistricoccus aurantiacus	1883414	S	2	0	2	0.0000000325
Ketobacter alkanivorans	1917421	S	2	0	2	0.0000000325
Marinomonas primoryensis	178399	S	2	0	2	0.0000000325
Amphritea japonica	452627	S	2	0	2	0.0000000325
Saccharospirillum mangrovi	2161747	S	2	0	2	0.0000000325
Xanthomonas theicola	56464	S	2	0	2	0.0000000325
Xanthomonas phaseoli	1985254	S	2	0	2	0.0000000325
Stenotrophomonas sp. SAU14A_NAIMI4_5	2072413	S	1	1	2	0.0000000325
Stenotrophomonas sp. 169	2770322	S	2	0	2	0.0000000325
Pseudoxanthomonas spadix	415229	S	2	0	2	0.0000000325
Thermomonas sp. HDW16	2714945	S	2	0	2	0.0000000325
Thermomonas sp. XSG	2771436	S	2	0	2	0.0000000325
Thermomonas carbonis	1463158	S	2	0	2	0.0000000325
Luteimonas sp. MC1825	2761107	S	2	0	2	0.0000000325
Arenimonas daejeonensis	370777	S	2	0	2	0.0000000325
Dyella caseinilytica	1849581	S	2	0	2	0.0000000325
Luteibacter rhizovicinus	242606	S	2	0	2	0.0000000325
Rhodanobacter glycinis	582702	S	2	0	2	0.0000000325
Rhodanobacter sp. FDAARGOS 1247	2778082	S	2	0	2	0.0000000325
Ahniella affigens	2021234	S	2	0	2	0.0000000325
Pseudoalteromonas sp. SM1988	2744479	S	2	0	2	0.0000000325
Pseudoalteromonas arctica	394751	S	2	0	2	0.0000000325
Pseudoalteromonas marina	267375	S	2	0	2	0.0000000325
Pseudoalteromonas lipolytica	570156	S	1	1	2	0.0000000325
Psychrosphaera aestuarii	1266052	S	2	0	2	0.0000000325
Shewanella sp. Pdp11	2059264	S	2	0	2	0.0000000325
Shewanella sp. M2	2487742	S	2	0	2	0.0000000325
Shewanella sp. FJAT-53720	2814292	S	2	0	2	0.0000000325
Shewanella loihica	359303	S	2	0	2	0.0000000325
Shewanella litorisediminis	1173586	S	2	0	2	0.0000000325
Shewanella halifaxensis	271098	S	2	0	2	0.0000000325
Marinobacter sp. Arc7-DN-1	2304594	S	2	0	2	0.0000000325
Marinobacter fonticola	2603215	S	2	0	2	0.0000000325
Paraglaciecola sp. L1A13	2686359	S	2	0	2	0.0000000325
Colwellia sp. PAMC 20917	1816218	S	2	0	2	0.0000000325
Thalassotalea sp. LPB0316	2769490	S	2	0	2	0.0000000325
Francisella adeliensis	2007306	S	2	0	2	0.0000000325
Allofrancisella inopinata	1085647	S	2	0	2	0.0000000325
Thiomicrorhabdus sediminis	2580412	S	2	0	2	0.0000000325
Methylophaga frappieri	754477	S	2	0	2	0.0000000325
Thiomicrospira aerophila	92245	S	2	0	2	0.0000000325
Zobellella denitrificans	347534	S	2	0	2	0.0000000325
Legionella geestiana	45065	S	2	0	2	0.0000000325
Legionella waltersii	66969	S	2	0	2	0.0000000325
Aquicella siphonis	254247	S	2	0	2	0.0000000325
Candidatus Nardonella dryophthoridicola	1971485	S	2	0	2	0.0000000325
endosymbiont of Sipalinus gigas	1972134	S	2	0	2	0.0000000325
Pseudohongiella spirulinae	1249552	S	2	0	2	0.0000000325
Thermochromatium tepidum	1050	S	2	0	2	0.0000000325
Caldichromatium japonicum	2699430	S	2	0	2	0.0000000325
Acidihalobacter ferrooxydans	1765967	S	2	0	2	0.0000000325
Acidihalobacter yilgarnenesis	2819280	S	2	0	2	0.0000000325
Ectothiorhodospira haloalkaliphila	421628	S	2	0	2	0.0000000325
Wenzhouxiangella marina	1579979	S	2	0	2	0.0000000325
Wenzhouxiangella sp. AB-CW3	2771012	S	2	0	2	0.0000000325
Sulfurivermis fontis	1972068	S	2	0	2	0.0000000325
Haemophilus haemolyticus	726	S	2	0	2	0.0000000325
Actinobacillus delphinicola	51161	S	2	0	2	0.0000000325
Aggregatibacter aphrophilus	732	S	2	0	2	0.0000000325
Frederiksenia canicola	123824	S	2	0	2	0.0000000325
Teredinibacter purpureus	2731756	S	2	0	2	0.0000000325
Microbulbifer thermotolerans	252514	S	2	0	2	0.0000000325
Microbulbifer agarilyticus	260552	S	2	0	2	0.0000000325
Congregibacter litoralis	393662	S	2	0	2	0.0000000325
Methylomicrobium album	39775	S	2	0	2	0.0000000325
Steroidobacter denitrificans	465721	S	2	0	2	0.0000000325
Dichelobacter nodosus	870	S	2	0	2	0.0000000325
Variovorax sp. PAMC28562	2762323	S	2	0	2	0.0000000325
Comamonas sp. 7D-2	1232667	S	1	1	2	0.0000000325
Cupriavidus pinatubonensis	248026	S	2	0	2	0.0000000325
Burkholderia contaminans	488447	S	2	0	2	0.0000000325
Burkholderia sp. BDU6	1385591	S	2	0	2	0.0000000325
Paraburkholderia sp. PGU19	2735434	S	2	0	2	0.0000000325
Paraburkholderia acidisoli	2571748	S	2	0	2	0.0000000325
Paraburkholderia tropica	92647	S	2	0	2	0.0000000325
Paraburkholderia sprentiae	948107	S	2	0	2	0.0000000325
Pandoraea sputorum	93222	S	2	0	2	0.0000000325
Pandoraea thiooxydans	445709	S	2	0	2	0.0000000325
Polynucleobacter acidiphobus	556053	S	2	0	2	0.0000000325
Bordetella sp. H567	1697043	S	2	0	2	0.0000000325
Bordetella genomosp. 9	1416803	S	2	0	2	0.0000000325
Bordetella pertussis	520	S	1	1	2	0.0000000325
Pusillimonas sp. T7-7	1007105	S	2	0	2	0.0000000325
Basilea psittacipulmonis	1472345	S	2	0	2	0.0000000325
Massilia umbonata	864828	S	2	0	2	0.0000000325
Herbaspirillum frisingense	92645	S	2	0	2	0.0000000325
Herbaspirillum hiltneri	341045	S	2	0	2	0.0000000325
Janthinobacterium sp. 1_2014MBL_MicDiv	1644131	S	2	0	2	0.0000000325
Neisseria elongata	495	S	2	0	2	0.0000000325
Neisseria mucosa	488	S	2	0	2	0.0000000325
Aquaspirillum sp. LM1	1938604	S	2	0	2	0.0000000325
Azoarcus sp. DD4	2027405	S	2	0	2	0.0000000325
Thauera aromatica	59405	S	2	0	2	0.0000000325
Nitrosomonas stercoris	1444684	S	2	0	2	0.0000000325
Usitatibacter rugosus	2732067	S	2	0	2	0.0000000325
Candidatus Kinetoplastibacterium desouzaii	994692	S	2	0	2	0.0000000325
Candidatus Kinetoplastibacterium sorsogonicusi	1576550	S	2	0	2	0.0000000325
Candidatus Profftella armatura (Diaphorina cf. continua)	2661583	S	2	0	2	0.0000000325
Casimicrobium huifangae	2591109	S	2	0	2	0.0000000325
Rhizobium sp. ADMK78	1813451	S	2	0	2	0.0000000325
Rhizobium sp. WL3	2603277	S	2	0	2	0.0000000325
Rhizobium sp. CIAT894	2020312	S	1	1	2	0.0000000325
Rhizobium favelukesii	348824	S	2	0	2	0.0000000325
Agrobacterium larrymoorei	160699	S	2	0	2	0.0000000325
Neorhizobium galegae	399	S	2	0	2	0.0000000325
Sinorhizobium medicae	110321	S	2	0	2	0.0000000325
Ensifer sojae	716925	S	2	0	2	0.0000000325
Georhizobium profundi	2341112	S	2	0	2	0.0000000325
Bradyrhizobium sp. ORS 285	115808	S	2	0	2	0.0000000325
Bradyrhizobium sp. 1(2017)	1404888	S	2	0	2	0.0000000325
Bradyrhizobium sp.	376	S	1	1	2	0.0000000325
Bosea sp. PAMC 26642	1792307	S	2	0	2	0.0000000325
Bosea sp. ANAM02	2020412	S	2	0	2	0.0000000325
Bosea vaviloviae	1526658	S	2	0	2	0.0000000325
Variibacter gotjawalensis	1333996	S	2	0	2	0.0000000325
Mesorhizobium sp. M9A.F.Ca.ET.002.03.1.2	2493668	S	2	0	2	0.0000000325
Methylobacterium nodulans	114616	S	2	0	2	0.0000000325
Methylobacterium radiotolerans	31998	S	1	1	2	0.0000000325
Methylobacterium phyllosphaerae	418223	S	1	1	2	0.0000000325
Devosia sp. A16	1736675	S	2	0	2	0.0000000325
Devosia sp. I507	2083786	S	2	0	2	0.0000000325
Rhodoplanes sp. Z2-YC6860	674703	S	2	0	2	0.0000000325
Maritalea myrionectae	454601	S	2	0	2	0.0000000325
Brucella sp. 09RB8910	1844051	S	2	0	2	0.0000000325
Labrenzia alexandrii	388408	S	2	0	2	0.0000000325
Labrenzia aggregata	187304	S	1	1	2	0.0000000325
Starkeya novella	921	S	2	0	2	0.0000000325
Methylosinus sp. C49	2699395	S	2	0	2	0.0000000325
Cohaesibacter sp. ES.047	1798205	S	2	0	2	0.0000000325
Nordella sp. HKS 07	2712222	S	2	0	2	0.0000000325
Candidatus Phaeomarinobacter ectocarpi	1458461	S	2	0	2	0.0000000325
Beijerinckia indica	533	S	2	0	2	0.0000000325
Novosphingobium sp. PP1Y	702113	S	2	0	2	0.0000000325
Novosphingobium sp. P6W	1609758	S	2	0	2	0.0000000325
Novosphingobium sp. ABRDHK2	2571749	S	2	0	2	0.0000000325
Sphingomonas sp. KC8	1030157	S	2	0	2	0.0000000325
Sphingomonas sp. LK11	1390395	S	2	0	2	0.0000000325
Sphingomonas sp. HMP6	1517551	S	2	0	2	0.0000000325
Sphingomonas sp. C33	2698679	S	2	0	2	0.0000000325
Sphingomonas sp. FARSPH	2219696	S	2	0	2	0.0000000325
Sphingomonas ginsengisoli An et al. 2013	363835	S	2	0	2	0.0000000325
Sphingobium sp. SYK-6	627192	S	2	0	2	0.0000000325
Sphingobium sp. SCG-1	2072936	S	2	0	2	0.0000000325
Sphingobium sp. CAP-1	2676077	S	2	0	2	0.0000000325
Sphingobium sp. KCTC 72723	2733867	S	2	0	2	0.0000000325
Sphingobium sp. MI1205	407020	S	1	1	2	0.0000000325
Sphingobium herbicidovorans	76947	S	2	0	2	0.0000000325
Sphingobium japonicum	332056	S	2	0	2	0.0000000325
Sphingobium baderi	1332080	S	1	1	2	0.0000000325
Sphingopyxis sp. QXT-31	1357916	S	2	0	2	0.0000000325
Sphingopyxis sp. FD7	1914525	S	2	0	2	0.0000000325
Sphingopyxis alaskensis	117207	S	2	0	2	0.0000000325
Sphingosinithalassobacter sp. zrk23	2711215	S	2	0	2	0.0000000325
Parasphingopyxis algicola	2026624	S	2	0	2	0.0000000325
Parasphingopyxis sp. CP4	2724527	S	2	0	2	0.0000000325
Porphyrobacter sp. CACIAM 03H1	2003315	S	2	0	2	0.0000000325
Porphyrobacter sp. HT-58-2	2023229	S	2	0	2	0.0000000325
Qipengyuania flava	192812	S	2	0	2	0.0000000325
Paracoccus zhejiangensis	1077935	S	2	0	2	0.0000000325
Roseovarius sp. TM1035	391613	S	2	0	2	0.0000000325
Rhodobacter blasticus	1075	S	2	0	2	0.0000000325
Sulfitobacter sp. BSw21498	664426	S	2	0	2	0.0000000325
Sulfitobacter sp. JL08	2070369	S	2	0	2	0.0000000325
Celeribacter indicus	1208324	S	2	0	2	0.0000000325
Octadecabacter sp. SW4	2602067	S	2	0	2	0.0000000325
Rhodovulum sulfidophilum	35806	S	2	0	2	0.0000000325
Ruegeria pomeroyi	89184	S	2	0	2	0.0000000325
Pseudopuniceibacterium antarcticum	2613965	S	2	0	2	0.0000000325
Antarctobacter heliothermus	74033	S	2	0	2	0.0000000325
Sagittula sp. P11	2009329	S	2	0	2	0.0000000325
Haematobacter massiliensis	195105	S	2	0	2	0.0000000325
Acetobacter ghanensis	431306	S	2	0	2	0.0000000325
Acetobacter persici	1076596	S	2	0	2	0.0000000325
Gluconobacter albidus	318683	S	2	0	2	0.0000000325
Komagataeibacter hansenii	436	S	2	0	2	0.0000000325
Komagataeibacter xylinus	28448	S	1	1	2	0.0000000325
Parasaccharibacter apium	1510841	S	2	0	2	0.0000000325
Bombella sp. KACC 21507	2697033	S	2	0	2	0.0000000325
Azospirillum sp. TSA2s	709810	S	1	1	2	0.0000000325
Azospirillum oryzae	286727	S	1	1	2	0.0000000325
Thalassospira sp. A40-3	2785908	S	2	0	2	0.0000000325
Thalassospira xiamenensis	220697	S	1	1	2	0.0000000325
Magnetospirillum sp. XM-1	1663591	S	2	0	2	0.0000000325
Skermanella pratensis	2233999	S	2	0	2	0.0000000325
Terasakiella sp. SH-1	2560057	S	2	0	2	0.0000000325
Wolbachia endosymbiont of Litomosoides sigmodontis	80850	S	2	0	2	0.0000000325
Wolbachia endosymbiont of Folsomia candida	169402	S	2	0	2	0.0000000325
Wolbachia endosymbiont of Carposina sasakii	2591635	S	1	1	2	0.0000000325
Anaplasma phagocytophilum	948	S	2	0	2	0.0000000325
Rickettsia raoultii	369822	S	1	1	2	0.0000000325
Candidatus Fokinia solitaria	1802984	S	2	0	2	0.0000000325
Candidatus Deianiraea vastatrix	2163644	S	2	0	2	0.0000000325
Brevundimonas sp. M20	2591463	S	2	0	2	0.0000000325
Brevundimonas vesicularis	41276	S	1	1	2	0.0000000325
Caulobacter mirabilis	69666	S	2	0	2	0.0000000325
Caulobacter soli	2708539	S	2	0	2	0.0000000325
Phenylobacterium zucineum	284016	S	2	0	2	0.0000000325
Terricaulis silvestris	2686094	S	2	0	2	0.0000000325
Candidatus Pelagibacter sp. IMCC9063	1002672	S	2	0	2	0.0000000325
Candidatus Cytomitobacter primus	2066024	S	2	0	2	0.0000000325
Hyphomonas sp. CACIAM 19H1	1873716	S	2	0	2	0.0000000325
Desulfovibrio desulfuricans	876	S	2	0	2	0.0000000325
Desulfovibrio gigas	879	S	2	0	2	0.0000000325
Desulfovibrio ferrophilus	241368	S	2	0	2	0.0000000325
Pseudodesulfovibrio mercurii	641491	S	2	0	2	0.0000000325
Anaeromyxobacter dehalogenans	161493	S	2	0	2	0.0000000325
Desulfosarcina alkanivorans	571177	S	2	0	2	0.0000000325
Desulfotalea psychrophila	84980	S	2	0	2	0.0000000325
Geobacter sp. M21	443144	S	2	0	2	0.0000000325
Geobacter daltonii	1203471	S	2	0	2	0.0000000325
Pelobacter propionicus	29543	S	2	0	2	0.0000000325
Persicimonas caeni	2292766	S	2	0	2	0.0000000325
Aliarcobacter thereius	544718	S	2	0	2	0.0000000325
Malaciobacter pacificus	1080223	S	2	0	2	0.0000000325
Campylobacter sp. RM16192	1660080	S	2	0	2	0.0000000325
Campylobacter hepaticus	1813019	S	2	0	2	0.0000000325
Campylobacter lanienae	75658	S	2	0	2	0.0000000325
Helicobacter apodemus	135569	S	2	0	2	0.0000000325
Helicobacter canadensis	123841	S	2	0	2	0.0000000325
Helicobacter acinonychis	212	S	1	1	2	0.0000000325
Sulfurimonas sp. B2	2590551	S	2	0	2	0.0000000325
Sulfurimonas autotrophica	202747	S	2	0	2	0.0000000325
Sulfurimonas paralvinellae	317658	S	2	0	2	0.0000000325
Sulfurovum sp. NBC37-1	387093	S	2	0	2	0.0000000325
Cetia pacifica	1424653	S	2	0	2	0.0000000325
Acidithiobacillus thiooxidans	930	S	2	0	2	0.0000000325
Acidithiobacillus ferridurans	1232575	S	1	1	2	0.0000000325
Flavobacterium anhuiense	459526	S	2	0	2	0.0000000325
Flavobacterium nackdongense	2547394	S	2	0	2	0.0000000325
Flavobacterium branchiophilum	55197	S	2	0	2	0.0000000325
Tenacibaculum sp. SZ-18	754423	S	2	0	2	0.0000000325
Formosa sp. Hel1_33_131	1336794	S	2	0	2	0.0000000325
Formosa sediminum	2594004	S	2	0	2	0.0000000325
Gramella flava	1486245	S	2	0	2	0.0000000325
Gramella salexigens	1913577	S	2	0	2	0.0000000325
Nonlabens sp. Ci31	2608253	S	2	0	2	0.0000000325
Dokdonia sp. Dokd-P16	2173169	S	2	0	2	0.0000000325
Psychroflexus torquis	57029	S	2	0	2	0.0000000325
Muricauda ruestringensis	111501	S	2	0	2	0.0000000325
Antarcticibacterium arcticum	2585771	S	2	0	2	0.0000000325
Euzebyella marina	1761453	S	2	0	2	0.0000000325
Leeuwenhoekiella sp. ZYFB001	2719912	S	2	0	2	0.0000000325
Chryseobacterium sp.	1871047	S	2	0	2	0.0000000325
Elizabethkingia sp. JS20170427COW	2583851	S	2	0	2	0.0000000325
Ichthyobacterium seriolicida	242600	S	2	0	2	0.0000000325
Runella sp. SP2	2268026	S	2	0	2	0.0000000325
Arcticibacterium luteifluviistationis	1784714	S	2	0	2	0.0000000325
Hymenobacter sp. APR13	1356852	S	2	0	2	0.0000000325
Hymenobacter sp. PAMC 26628	1484118	S	2	0	2	0.0000000325
Pontibacter akesuensis	388950	S	2	0	2	0.0000000325
Rufibacter sp. DG15C	1379909	S	2	0	2	0.0000000325
Algoriphagus sanaruensis	1727163	S	2	0	2	0.0000000325
Belliella baltica	232259	S	2	0	2	0.0000000325
Bacteroides uniformis	820	S	2	0	2	0.0000000325
Bacteroides ovatus	28116	S	2	0	2	0.0000000325
Bacteroides xylanisolvens	371601	S	2	0	2	0.0000000325
Prevotella sp. WR041	2801997	S	2	0	2	0.0000000325
Prevotella denticola	28129	S	2	0	2	0.0000000325
Prevotella scopos	589437	S	2	0	2	0.0000000325
Prevotella jejuni	1177574	S	2	0	2	0.0000000325
Paraprevotella xylaniphila	454155	S	2	0	2	0.0000000325
Porphyromonas crevioricanis	393921	S	2	0	2	0.0000000325
Sodaliphilus pleomorphus	2606626	S	2	0	2	0.0000000325
Sphingobacterium sp. dk4302	2662364	S	2	0	2	0.0000000325
Sphingobacterium lactis	797291	S	2	0	2	0.0000000325
Solitalea canadensis	995	S	2	0	2	0.0000000325
Pseudopedobacter saltans	151895	S	2	0	2	0.0000000325
Chitinophaga sp. XS-30	2604421	S	2	0	2	0.0000000325
Chitinophaga caeni	2029983	S	2	0	2	0.0000000325
Gimesia benthica	2608982	S	1	1	2	0.0000000325
Pirellula staleyi	125	S	2	0	2	0.0000000325
Lacipirellula parvula	2650471	S	2	0	2	0.0000000325
Gemmata obscuriglobus	114	S	2	0	2	0.0000000325
Tuwongella immobilis	692036	S	2	0	2	0.0000000325
Frigoriglobus tundricola	2774151	S	2	0	2	0.0000000325
Sedimentisphaera salicampi	1941349	S	1	1	2	0.0000000325
Ereboglobus luteus	1796921	S	2	0	2	0.0000000325
Candidatus Protochlamydia amoebophila	362787	S	2	0	2	0.0000000325
Chlamydia caviae	83557	S	2	0	2	0.0000000325
Chlamydia suis	83559	S	2	0	2	0.0000000325
Chlamydia pecorum	85991	S	2	0	2	0.0000000325
Treponema azotonutricium	150829	S	2	0	2	0.0000000325
Treponema sp. OMZ 804	120683	S	2	0	2	0.0000000325
Treponema pallidum	160	S	1	1	2	0.0000000325
Borreliella mayonii	1674146	S	2	0	2	0.0000000325
Brachyspira hampsonii	1287055	S	2	0	2	0.0000000325
Leptospira tipperaryensis	2564040	S	2	0	2	0.0000000325
Turneriella parva	29510	S	2	0	2	0.0000000325
Fusobacterium gonidiaformans	849	S	2	0	2	0.0000000325
Ilyobacter polytropus	167642	S	2	0	2	0.0000000325
Terriglobus saanensis	870903	S	2	0	2	0.0000000325
Terriglobus albidus	1592106	S	2	0	2	0.0000000325
Pseudothermotoga hypogea	57487	S	1	1	2	0.0000000325
Petrotoga mobilis	69499	S	2	0	2	0.0000000325
Hydrogenobacter thermophilus	940	S	2	0	2	0.0000000325
Thermocrinis minervae	381751	S	2	0	2	0.0000000325
Thermodesulfobacterium sp. TA1	2234087	S	2	0	2	0.0000000325
Nitrospira moscoviensis	42253	S	2	0	2	0.0000000325
Nitrospira japonica	1325564	S	2	0	2	0.0000000325
Acetomicrobium mobile	97477	S	2	0	2	0.0000000325
Cloacibacillus porcorum	1197717	S	2	0	2	0.0000000325
Denitrovibrio acetiphilus	118000	S	2	0	2	0.0000000325
Calditerrivibrio nitroreducens	477976	S	2	0	2	0.0000000325
Haloprofundus sp. MHR1	2572921	S	2	0	2	0.0000000325
Halorubrum sp. PV6	634157	S	2	0	2	0.0000000325
Halopenitus persicus	1048396	S	2	0	2	0.0000000325
Haloterrigena daqingensis	588898	S	2	0	2	0.0000000325
Halobiforma lacisalsi	229731	S	2	0	2	0.0000000325
Natrarchaeobaculum aegyptiacum	745377	S	2	0	2	0.0000000325
Haloarcula marismortui	2238	S	2	0	2	0.0000000325
Halorussus sp. ZS-3	2650975	S	2	0	2	0.0000000325
Methanohalophilus portucalensis	39664	S	2	0	2	0.0000000325
Methanocella arvoryzae	1175445	S	2	0	2	0.0000000325
Methanobrevibacter sp. AbM4	224719	S	2	0	2	0.0000000325
Methanocaldococcus infernus	67760	S	2	0	2	0.0000000325
Methanocaldococcus fervens	83171	S	2	0	2	0.0000000325
Thermococcus sp. AM4	246969	S	2	0	2	0.0000000325
Thermococcus sp. 2319x1	1674923	S	2	0	2	0.0000000325
Pyrococcus horikoshii	53953	S	2	0	2	0.0000000325
Ferroglobus placidus	54261	S	2	0	2	0.0000000325
Saccharolobus solfataricus	2287	S	2	0	2	0.0000000325
Ignicoccus hospitalis	160233	S	2	0	2	0.0000000325
Hyperthermus butylicus	54248	S	2	0	2	0.0000000325
Pyrobaculum islandicum	2277	S	2	0	2	0.0000000325
Caldisphaera lagunensis	200415	S	2	0	2	0.0000000325
Candidatus Nitrosopumilus sediminis	1229909	S	2	0	2	0.0000000325
Nitrososphaera viennensis	1034015	S	2	0	2	0.0000000325
Staphylococcus virus CSA13	2732597	S	2	0	2	0.0000000325
Salmonella phage SEN22	1647458	S	2	0	2	0.0000000325
Salmonella phage vB_SemP_Emek	1168548	S	1	1	2	0.0000000325
Weissella phage phiYS61	1161906	S	2	0	2	0.0000000325
Mycoplasma virus P1	35238	S	2	0	2	0.0000000325
Listeria phage A500	40522	S	2	0	2	0.0000000325
Pseudomonas phage vB_Pae-SS2019XI	2660688	S	2	0	2	0.0000000325
Salmonella phage SAP012	2742114	S	2	0	2	0.0000000325
Listeria phage A118	40521	S	1	1	2	0.0000000325
Gordonia virus Nymphadora	2560507	S	2	0	2	0.0000000325
Escherichia virus VR26	1913686	S	2	0	2	0.0000000325
Pseudoalteromonas phage H101	1654919	S	2	0	2	0.0000000325
Prochlorococcus virus Syn1	2734151	S	2	0	2	0.0000000325
Escherichia virus PhiKT	2733904	S	2	0	2	0.0000000325
Cyprinid herpesvirus 3	180230	S	2	0	2	0.0000000325
Golden shiner totivirus	1856030	S	2	0	2	0.0000000325
Johnston Atoll quaranjavirus	688437	S	2	0	2	0.0000000325
Bovine nidovirus 1	1986112	S	2	0	2	0.0000000325
Narcissus yellow stripe virus	160843	S	2	0	2	0.0000000325
Macrosiphum euphorbiae virus 1	1685953	S	2	0	2	0.0000000325
Banana streak IM virus	1016853	S	2	0	2	0.0000000325
Xenopus laevis endogenous retrovirus Xen1	204873	S	2	0	2	0.0000000325
Singapore grouper iridovirus	262968	S	2	0	2	0.0000000325
NY_014 poxvirus	2025360	S	1	1	2	0.0000000325
Choristoneura rosaceana entomopoxvirus	1993631	S	2	0	2	0.0000000325
Simian mastadenovirus B	1962299	S	2	0	2	0.0000000325
Bovine atadenovirus D	130499	S	2	0	2	0.0000000325
Pandoravirus salinus	1349410	S	2	0	2	0.0000000325
Pandoravirus neocaledonia	2107708	S	2	0	2	0.0000000325
Rhinolophus associated gemykibivirus 2	2004966	S	2	0	2	0.0000000325
Gryllus bimaculatus nudivirus	432587	S	2	0	2	0.0000000325
Heliothis zea nudivirus	29250	S	2	0	2	0.0000000325
Chrysodeixis chalcites nucleopolyhedrovirus	320432	S	2	0	2	0.0000000325
Thysanoplusia orichalcea nucleopolyhedrovirus	101850	S	2	0	2	0.0000000325
Geobacillus sp. 46C-IIa	1963025	S	1	0	1	0.0000000162
Virgibacillus sp. SK37	403957	S	1	0	1	0.0000000162
Salicibibacter sp. NKC5-3	2743000	S	1	0	1	0.0000000162
Paenibacillus sp. Cedars	1980674	S	1	0	1	0.0000000162
Paenibacillus sp. RUD330	2023772	S	1	0	1	0.0000000162
Paenibacillus sp. FSL R5-0345	1536770	S	1	0	1	0.0000000162
Paenibacillus sp. Y412MC10	481743	S	1	0	1	0.0000000162
Paenibacillus naphthalenovorans	162209	S	1	0	1	0.0000000162
Paenibacillus ihbetae	1870820	S	1	0	1	0.0000000162
Paenibacillus bovis	1616788	S	1	0	1	0.0000000162
Paenibacillus graminis	189425	S	1	0	1	0.0000000162
Paenibacillus sabinae	365617	S	1	0	1	0.0000000162
Paenibacillus uliginis	683737	S	1	0	1	0.0000000162
Sporosarcina pasteurii	1474	S	1	0	1	0.0000000162
Planococcus massiliensis	1499687	S	1	0	1	0.0000000162
Kurthia zopfii	1650	S	1	0	1	0.0000000162
Gemella sanguinis	84135	S	1	0	1	0.0000000162
Enterococcus sp. M190262	2582830	S	1	0	1	0.0000000162
Streptococcus sp. HSISM1	1316408	S	1	0	1	0.0000000162
Streptococcus sp. HSISS2	1316411	S	1	0	1	0.0000000162
Streptococcus sp. LPB0220	2610896	S	1	0	1	0.0000000162
Streptococcus sp. oral taxon 061	712623	S	1	0	1	0.0000000162
Streptococcus merionis	400065	S	1	0	1	0.0000000162
Streptococcus lutetiensis	150055	S	1	0	1	0.0000000162
Streptococcus infantarius	102684	S	1	0	1	0.0000000162
Lactococcus sp. KACC 19320	2592653	S	1	0	1	0.0000000162
Lactococcus taiwanensis	1151742	S	1	0	1	0.0000000162
Clostridium sp. JN-9	2507159	S	1	0	1	0.0000000162
Clostridium diolis	223919	S	1	0	1	0.0000000162
Anaerocolumna sp. CTTW	2736602	S	1	0	1	0.0000000162
Blautia hansenii	1322	S	1	0	1	0.0000000162
Blautia obeum	40520	S	1	0	1	0.0000000162
Cellulosilyticum sp. WCF-2	2497860	S	1	0	1	0.0000000162
Ruminococcus champanellensis	1161942	S	1	0	1	0.0000000162
Dehalobacterium formicoaceticum	51515	S	1	0	1	0.0000000162
Candidatus Desulforudis audaxviator	471827	S	1	0	1	0.0000000162
Filifactor alocis	143361	S	1	0	1	0.0000000162
Acetoanaerobium sticklandii	1511	S	1	0	1	0.0000000162
Caldicellulosiruptor hydrothermalis	413888	S	1	0	1	0.0000000162
Caldicellulosiruptor sp. YA01	2806205	S	1	0	1	0.0000000162
Thermodesulfobium narugense	184064	S	1	0	1	0.0000000162
Selenomonas sp. oral taxon 920	1884263	S	1	0	1	0.0000000162
Veillonella atypica	39777	S	1	0	1	0.0000000162
Veillonella nakazawae	2682456	S	1	0	1	0.0000000162
Gudongella oleilytica	1582259	S	1	0	1	0.0000000162
Peptoniphilus ivorii	54006	S	1	0	1	0.0000000162
Murdochiella vaginalis	1852373	S	1	0	1	0.0000000162
Erysipelothrix sp. HDW6C	2714930	S	1	0	1	0.0000000162
Faecalitalea cylindroides	39483	S	1	0	1	0.0000000162
Faecalibaculum rodentium	1702221	S	1	0	1	0.0000000162
Amedibacterium intestinale	2583452	S	1	0	1	0.0000000162
endosymbiont 'TC1' of Trimyema compressum	243899	S	1	0	1	0.0000000162
Actinomyces sp. oral taxon 171	706438	S	1	0	1	0.0000000162
Actinomyces sp. zg-332	2708340	S	1	0	1	0.0000000162
Actinomyces sp. zg-993	2763540	S	1	0	1	0.0000000162
Actinomyces slackii	52774	S	1	0	1	0.0000000162
Actinomyces weissii	675090	S	1	0	1	0.0000000162
Actinomyces pacaensis	1852377	S	1	0	1	0.0000000162
Actinomyces procaprae	2560010	S	1	0	1	0.0000000162
Flaviflexus salsibiostraticola	1282737	S	1	0	1	0.0000000162
Flaviflexus sp. H23T48	2496867	S	1	0	1	0.0000000162
Actinotignum schaalii	59505	S	1	0	1	0.0000000162
Winkia sp. C64	2692125	S	1	0	1	0.0000000162
Pauljensenia hongkongensis	178339	S	1	0	1	0.0000000162
Streptomyces sp. CRPJ-33	2768068	S	1	0	1	0.0000000162
Streptomyces sp. CB09001	2083284	S	1	0	1	0.0000000162
Streptomyces sp. S063	2005885	S	1	0	1	0.0000000162
Streptomyces sp. S1D4-20	2594462	S	1	0	1	0.0000000162
Streptomyces sp. SS52	2563602	S	1	0	1	0.0000000162
Streptomyces sp. CLI2509	1984801	S	1	0	1	0.0000000162
Streptomyces sp. Mg1	465541	S	1	0	1	0.0000000162
Streptomyces sp. SN-593	659352	S	1	0	1	0.0000000162
Streptomyces sp. GF20	2692235	S	1	0	1	0.0000000162
Streptomyces sp. S501	2420135	S	1	0	1	0.0000000162
Streptomyces sp. HM190	2695266	S	1	0	1	0.0000000162
Streptomyces sp. JB150	2714844	S	1	0	1	0.0000000162
Streptomyces sp. PAMC 26508	1265601	S	1	0	1	0.0000000162
Streptomyces sp. NA02536	2742133	S	1	0	1	0.0000000162
Streptomyces sp. RPA4-2	2721244	S	1	0	1	0.0000000162
Streptomyces globisporus	1908	S	1	0	1	0.0000000162
Streptomyces actuosus	1885	S	1	0	1	0.0000000162
Streptomyces ambofaciens	1889	S	1	0	1	0.0000000162
Streptomyces incarnatus	665007	S	1	0	1	0.0000000162
Streptomyces hundungensis	1077946	S	1	0	1	0.0000000162
Streptomyces fodineus	1904616	S	1	0	1	0.0000000162
Streptomyces qaidamensis	1783515	S	1	0	1	0.0000000162
Streptomyces murinus	33900	S	1	0	1	0.0000000162
Streptomyces fulvissimus	68202	S	1	0	1	0.0000000162
Streptomyces rimosus	1927	S	1	0	1	0.0000000162
Streptomyces globosus	68209	S	1	0	1	0.0000000162
Streptomyces prasinus	67345	S	1	0	1	0.0000000162
Streptomyces hawaiiensis	67305	S	1	0	1	0.0000000162
Streptomyces pristinaespiralis	38300	S	1	0	1	0.0000000162
Streptomyces galilaeus	33899	S	1	0	1	0.0000000162
Streptomyces cattleya	29303	S	1	0	1	0.0000000162
Streptomyces cyanogenus	80860	S	1	0	1	0.0000000162
Streptomyces nitrosporeus	28894	S	1	0	1	0.0000000162
Streptomyces rochei	1928	S	1	0	1	0.0000000162
Streptomyces vinaceus	1960	S	1	0	1	0.0000000162
Streptomyces alboflavus	67267	S	1	0	1	0.0000000162
Kitasatospora albolonga	68173	S	1	0	1	0.0000000162
Cutibacterium avidum	33010	S	1	0	1	0.0000000162
Microlunatus sp. KUDC0627	2596828	S	1	0	1	0.0000000162
Microlunatus sp. Gsoil 973	2672569	S	1	0	1	0.0000000162
Microlunatus soli	630515	S	1	0	1	0.0000000162
Tessaracoccus timonensis	2161816	S	1	0	1	0.0000000162
Tessaracoccus sp. MC1865	2760310	S	1	0	1	0.0000000162
Propionimicrobium sp. Marseille-P3275	1871034	S	1	0	1	0.0000000162
Propioniciclava sp. HDW11	2714937	S	1	0	1	0.0000000162
Raineyella sp. CBA3103	2662261	S	1	0	1	0.0000000162
Brevilactibacter sp. MC1595	2819349	S	1	0	1	0.0000000162
Nocardioides sp. S5	2017486	S	1	0	1	0.0000000162
Nocardioides daphniae	402297	S	1	0	1	0.0000000162
Nocardioides dokdonensis	450734	S	1	0	1	0.0000000162
Nocardioides ungokensis	1643322	S	1	0	1	0.0000000162
Aeromicrobium choanae	1736691	S	1	0	1	0.0000000162
Kribbella qitaiheensis	1544730	S	1	0	1	0.0000000162
Mycobacterium saskatchewanense	220927	S	1	0	1	0.0000000162
Mycobacterium stomatepiae	470076	S	1	0	1	0.0000000162
Mycobacterium basiliense	2094119	S	1	0	1	0.0000000162
Mycobacterium paraseoulense	590652	S	1	0	1	0.0000000162
Mycobacterium riyadhense	486698	S	1	0	1	0.0000000162
Mycobacterium shinjukuense	398694	S	1	0	1	0.0000000162
Mycolicibacterium insubricum	444597	S	1	0	1	0.0000000162
Mycolicibacterium aubagnense	319707	S	1	0	1	0.0000000162
Mycolicibacterium fluoranthenivorans	258505	S	1	0	1	0.0000000162
Mycolicibacterium doricum	126673	S	1	0	1	0.0000000162
Mycolicibacterium pulveris	36813	S	1	0	1	0.0000000162
Mycolicibacterium hassiacum	46351	S	1	0	1	0.0000000162
Mycobacteroides chelonae	1774	S	1	0	1	0.0000000162
Corynebacterium sp. MC1420	2709392	S	1	0	1	0.0000000162
Corynebacterium jeikeium	38289	S	1	0	1	0.0000000162
Corynebacterium sphenisci	191493	S	1	0	1	0.0000000162
Corynebacterium halotolerans	225326	S	1	0	1	0.0000000162
Corynebacterium marinum	349751	S	1	0	1	0.0000000162
Corynebacterium timonense	441500	S	1	0	1	0.0000000162
Corynebacterium frankenforstense	1230998	S	1	0	1	0.0000000162
Corynebacterium urealyticum	43771	S	1	0	1	0.0000000162
Corynebacterium crudilactis	1652495	S	1	0	1	0.0000000162
Corynebacterium stationis	1705	S	1	0	1	0.0000000162
Corynebacterium propinquum	43769	S	1	0	1	0.0000000162
Corynebacterium testudinoris	136857	S	1	0	1	0.0000000162
Corynebacterium glaucum	187491	S	1	0	1	0.0000000162
Corynebacterium casei	160386	S	1	0	1	0.0000000162
Corynebacterium minutissimum	38301	S	1	0	1	0.0000000162
Corynebacterium macginleyi	38290	S	1	0	1	0.0000000162
Rhodococcus sp. NS1	402236	S	1	0	1	0.0000000162
Rhodococcus rhodochrous	1829	S	1	0	1	0.0000000162
Rhodococcus hoagii	43767	S	1	0	1	0.0000000162
Rhodococcus jostii	132919	S	1	0	1	0.0000000162
Nocardia sp. CS682	1047172	S	1	0	1	0.0000000162
Nocardia sp. WCH-YHL-001	2755382	S	1	0	1	0.0000000162
Nocardia wallacei	480035	S	1	0	1	0.0000000162
Gordonia sp. HY186	2597659	S	1	0	1	0.0000000162
Gordonia sp. PDNC005	2811424	S	1	0	1	0.0000000162
Gordonia rubripertincta	36822	S	1	0	1	0.0000000162
Gordonia iterans	1004901	S	1	0	1	0.0000000162
Dietzia psychralcaliphila	139021	S	1	0	1	0.0000000162
Dietzia timorensis	499555	S	1	0	1	0.0000000162
Microbacterium sp. NY27	2782169	S	1	0	1	0.0000000162
Microbacterium sp. WY121	2782168	S	1	0	1	0.0000000162
Microbacterium sp. HY60	2769067	S	1	0	1	0.0000000162
Microbacterium sp. 4R-513	2567934	S	1	0	1	0.0000000162
Microbacterium sp. 10M-3C3	2483401	S	1	0	1	0.0000000162
Microbacterium sp. PM5	2014534	S	1	0	1	0.0000000162
Microbacterium sp. BH-3-3-3	1906742	S	1	0	1	0.0000000162
Microbacterium sp. No. 7	1714373	S	1	0	1	0.0000000162
Microbacterium sediminis	904291	S	1	0	1	0.0000000162
Microbacterium lemovicicum	1072463	S	1	0	1	0.0000000162
Agromyces sp. HY052	2585717	S	1	0	1	0.0000000162
Agromyces sp. KACC 19306	2592652	S	1	0	1	0.0000000162
Agromyces aureus	453304	S	1	0	1	0.0000000162
Curtobacterium sp. SGAir0471	2070337	S	1	0	1	0.0000000162
Curtobacterium sp. YC1	2795488	S	1	0	1	0.0000000162
Curtobacterium sp. 24E2	2804758	S	1	0	1	0.0000000162
Salinibacterium sp. UTAS2018	2508880	S	1	0	1	0.0000000162
Salinibacterium hongtaonis	2079791	S	1	0	1	0.0000000162
Leucobacter denitrificans	683042	S	1	0	1	0.0000000162
Rathayibacter sp. VKM Ac-2801	2609255	S	1	0	1	0.0000000162
Rathayibacter tritici	33888	S	1	0	1	0.0000000162
Leifsonia sp. 21MFCrub1.1	1798223	S	1	0	1	0.0000000162
Aurantimicrobium sp. MWH-Mo1	1987356	S	1	0	1	0.0000000162
Cryobacterium arcticum	670052	S	1	0	1	0.0000000162
Cryobacterium soli	2220095	S	1	0	1	0.0000000162
Mycetocola zhujimingii	2079792	S	1	0	1	0.0000000162
Mycetocola sp. JXN-3	2116510	S	1	0	1	0.0000000162
Protaetiibacter sp. SSC-01	2759943	S	1	0	1	0.0000000162
Chryseoglobus indicus	2750620	S	1	0	1	0.0000000162
Marisediminicola antarctica	674079	S	1	0	1	0.0000000162
Humibacter sp. WJ7-1	2599293	S	1	0	1	0.0000000162
Frigoribacterium sp. NBH87	2596916	S	1	0	1	0.0000000162
Arthrobacter sp. PAMC 25486	1494608	S	1	0	1	0.0000000162
Arthrobacter sp. UKPF54-2	2600159	S	1	0	1	0.0000000162
Arthrobacter sp. KBS0702	2578107	S	1	0	1	0.0000000162
Arthrobacter sp. PAMC25564	2565366	S	1	0	1	0.0000000162
Arthrobacter sp. PM3	2017685	S	1	0	1	0.0000000162
Kocuria indica	1049583	S	1	0	1	0.0000000162
Pseudarthrobacter sp. NBSH8	2596911	S	1	0	1	0.0000000162
Pseudarthrobacter equi	728066	S	1	0	1	0.0000000162
Glutamicibacter protophormiae	37930	S	1	0	1	0.0000000162
Glutamicibacter sp. ZJUTW	1155384	S	1	0	1	0.0000000162
Citricoccus sp. SGAir0253	2567881	S	1	0	1	0.0000000162
Sinomonas atrocyanea	37927	S	1	0	1	0.0000000162
Brevibacterium aurantiacum	273384	S	1	0	1	0.0000000162
Cellulomonas sp. H30R-01	2704467	S	1	0	1	0.0000000162
Janibacter melonis	262209	S	1	0	1	0.0000000162
Phycicoccus endophyticus	1690220	S	1	0	1	0.0000000162
Ornithinimicrobium sp. AMA3305	2283195	S	1	0	1	0.0000000162
Isoptericola dokdonensis	372663	S	1	0	1	0.0000000162
Dermatophilus congolensis	1863	S	1	0	1	0.0000000162
Miniimonas sp. S16	2171623	S	1	0	1	0.0000000162
Sanguibacter keddieii	60920	S	1	0	1	0.0000000162
Luteimicrobium xylanilyticum	1133546	S	1	0	1	0.0000000162
Kytococcus sedentarius	1276	S	1	0	1	0.0000000162
Amycolatopsis sp. YIM 10	2653857	S	1	0	1	0.0000000162
Pseudonocardia dioxanivorans	240495	S	1	0	1	0.0000000162
Pseudonocardia broussonetiae	2736640	S	1	0	1	0.0000000162
Saccharomonospora marina	632569	S	1	0	1	0.0000000162
Micromonospora purpureochromogenes	47872	S	1	0	1	0.0000000162
Micromonospora auratinigra	261654	S	1	0	1	0.0000000162
Micromonospora inositola	47865	S	1	0	1	0.0000000162
Micromonospora echinofusca	47858	S	1	0	1	0.0000000162
Micromonospora siamensis	299152	S	1	0	1	0.0000000162
Micromonospora echinaurantiaca	47857	S	1	0	1	0.0000000162
Micromonospora chokoriensis	356851	S	1	0	1	0.0000000162
Micromonospora terminaliae	1914461	S	1	0	1	0.0000000162
Actinoplanes sp. N902-109	649831	S	1	0	1	0.0000000162
Actinocatenispora thailandica	227318	S	1	0	1	0.0000000162
Bifidobacterium indicum	1691	S	1	0	1	0.0000000162
Bifidobacterium lemurum	1603886	S	1	0	1	0.0000000162
Candidatus Frankia datiscae	2716812	S	1	0	1	0.0000000162
Thermobispora bispora	2006	S	1	0	1	0.0000000162
Thermomonospora curvata	2020	S	1	0	1	0.0000000162
Nocardiopsis gilva	280236	S	1	0	1	0.0000000162
Thermobifida fusca	2021	S	1	0	1	0.0000000162
Jiangella sp. DSM 45060	1798224	S	1	0	1	0.0000000162
Candidatus Planktophila vernalis	1884907	S	1	0	1	0.0000000162
Candidatus Nanopelagicus hibericus	1884915	S	1	0	1	0.0000000162
Olsenella sp. GAM18	2109685	S	1	0	1	0.0000000162
Olsenella umbonata	604330	S	1	0	1	0.0000000162
Olsenella timonensis	1805478	S	1	0	1	0.0000000162
Lancefieldella parvula	1382	S	1	0	1	0.0000000162
Collinsella aerofaciens	74426	S	1	0	1	0.0000000162
Egibacter rhizosphaerae	1670831	S	1	0	1	0.0000000162
Rippkaea orientalis	2546366	S	1	0	1	0.0000000162
Synechococcus sp. CBW1107	2789857	S	1	0	1	0.0000000162
Synechococcus sp. KORDI-52	585425	S	1	0	1	0.0000000162
Synechococcus sp. KORDI-100	1280380	S	1	0	1	0.0000000162
Synechococcus sp. BIOS-U3-1	1400865	S	1	0	1	0.0000000162
Synechococcus sp. BMK-MC-1	1442551	S	1	0	1	0.0000000162
Synechococcus sp. NOUM97013	1442555	S	1	0	1	0.0000000162
Synechococcus sp. LTW-R	2751170	S	1	0	1	0.0000000162
Synechococcus sp. PCC 7002	32049	S	1	0	1	0.0000000162
Synechococcus sp. WH 8020	32052	S	1	0	1	0.0000000162
Synechococcus sp. Minos11	221341	S	1	0	1	0.0000000162
Synechococcus sp. JA-2-3B'a(2-13)	321332	S	1	0	1	0.0000000162
Synechococcus sp. JA-3-3Ab	321327	S	1	0	1	0.0000000162
Synechococcus sp. RS9902	221345	S	1	0	1	0.0000000162
Cyanobium sp. NIES-981	1851505	S	1	0	1	0.0000000162
Gloeomargarita lithophora	1188228	S	1	0	1	0.0000000162
Mycoplasma sp. Pen4	640330	S	1	0	1	0.0000000162
Mycoplasma sp. 1654_15	2725994	S	1	0	1	0.0000000162
Mycoplasma struthionis	538220	S	1	0	1	0.0000000162
Mycoplasma phocidae	142651	S	1	0	1	0.0000000162
Mycoplasma dispar	86660	S	1	0	1	0.0000000162
Mycoplasma crocodyli	50052	S	1	0	1	0.0000000162
Mycoplasma orale	2121	S	1	0	1	0.0000000162
Mycoplasma hyopneumoniae	2099	S	1	0	1	0.0000000162
Mycoplasma haemofelis	29501	S	1	0	1	0.0000000162
Mycoplasma bovigenitalium	2112	S	1	0	1	0.0000000162
Mycoplasma agalactiae	2110	S	1	0	1	0.0000000162
Mycoplasma pullorum	48003	S	1	0	1	0.0000000162
Mycoplasma phocirhinis	142650	S	1	0	1	0.0000000162
Mycoplasma columbinum	114881	S	1	0	1	0.0000000162
Spiroplasma diminutum	216936	S	1	0	1	0.0000000162
Spiroplasma eriocheiris	315358	S	1	0	1	0.0000000162
Aster yellows witches'-broom phytoplasma	229545	S	1	0	1	0.0000000162
Acholeplasma laidlawii	2148	S	1	0	1	0.0000000162
Acholeplasma hippikon	264636	S	1	0	1	0.0000000162
Deinococcus sp. S14-83	2489213	S	1	0	1	0.0000000162
Deinococcus soli Cha et al. 2016	1309411	S	1	0	1	0.0000000162
Deinococcus actinosclerus	1768108	S	1	0	1	0.0000000162
Deinococcus radiodurans	1299	S	1	0	1	0.0000000162
Meiothermus ruber	277	S	1	0	1	0.0000000162
Oceanithermus profundus	187137	S	1	0	1	0.0000000162
Dehalogenimonas lykanthroporepellens	552810	S	1	0	1	0.0000000162
Dehalogenimonas formicexedens	1839801	S	1	0	1	0.0000000162
Thermomicrobium roseum	500	S	1	0	1	0.0000000162
Chthonomonas calidirosea	454171	S	1	0	1	0.0000000162
Enterobacteriaceae endosymbiont of Plateumaris rustica	2675796	S	1	0	1	0.0000000162
Enterobacteriaceae endosymbiont of Plateumaris pusilla	2675795	S	1	0	1	0.0000000162
Enterobacteriaceae endosymbiont of Donacia piscatrix	2675780	S	1	0	1	0.0000000162
Enterobacteriaceae endosymbiont of Macroplea appendiculata	2675790	S	1	0	1	0.0000000162
Enterobacteriaceae endosymbiont of Donacia semicuprea	2675783	S	1	0	1	0.0000000162
Serratia sp. FDAARGOS_506	2420306	S	1	0	1	0.0000000162
Serratia sp. KUDC3025	2597702	S	1	0	1	0.0000000162
Serratia sp. 3ACOL1	2448483	S	1	0	1	0.0000000162
Serratia sp. 1D1416	2447890	S	1	0	1	0.0000000162
Serratia quinivorans	137545	S	1	0	1	0.0000000162
Wigglesworthia glossinidia	51229	S	1	0	1	0.0000000162
Pectobacterium wasabiae	55208	S	1	0	1	0.0000000162
Dickeya sp. NCPPB 3274	568766	S	1	0	1	0.0000000162
Azotobacter salinestris	69964	S	1	0	1	0.0000000162
Acinetobacter lactucae	1785128	S	1	0	1	0.0000000162
Acinetobacter sp. WCHA55	2004646	S	1	0	1	0.0000000162
Acinetobacter sp. CS-2	2798861	S	1	0	1	0.0000000162
Acinetobacter sp. NEB 394	2743575	S	1	0	1	0.0000000162
Acinetobacter sp. LoGeW2-3	1808001	S	1	0	1	0.0000000162
Acinetobacter baylyi	202950	S	1	0	1	0.0000000162
Psychrobacter sp.	56811	S	1	0	1	0.0000000162
Psychrobacter arcticus	334543	S	1	0	1	0.0000000162
Aquirhabdus parva	2283318	S	1	0	1	0.0000000162
Vibrio sp. EJY3	1116375	S	1	0	1	0.0000000162
Vibrio sp. THAF190c	2587865	S	1	0	1	0.0000000162
Vibrio tubiashii	29498	S	1	0	1	0.0000000162
Vibrio metoecus	1481663	S	1	0	1	0.0000000162
Vibrio tritonius	1435069	S	1	0	1	0.0000000162
Vibrio hyugaensis	1534743	S	1	0	1	0.0000000162
Vibrio cincinnatiensis	675	S	1	0	1	0.0000000162
Vibrio crassostreae	246167	S	1	0	1	0.0000000162
Salinivibrio kushneri	1908198	S	1	0	1	0.0000000162
Halomonas sp. A40-4	2785909	S	1	0	1	0.0000000162
Halomonas sp. MCCC 1A13316	2733487	S	1	0	1	0.0000000162
Halomonas sp. THAF5a	2587844	S	1	0	1	0.0000000162
Halomonas sp. KO116	1504981	S	1	0	1	0.0000000162
Halomonas meridiana	29570	S	1	0	1	0.0000000162
Halomonas venusta	44935	S	1	0	1	0.0000000162
Cobetia sp. cqz5-12	2609415	S	1	0	1	0.0000000162
Cobetia marina	28258	S	1	0	1	0.0000000162
Cobetia pacifica	1055101	S	1	0	1	0.0000000162
Alcanivorax borkumensis	59754	S	1	0	1	0.0000000162
Marinomonas sp. FW-1	2071621	S	1	0	1	0.0000000162
Marinomonas mediterranea	119864	S	1	0	1	0.0000000162
Marinomonas arctica	383750	S	1	0	1	0.0000000162
Marinobacterium aestuarii	1821621	S	1	0	1	0.0000000162
Neptunomonas japonica	417574	S	1	0	1	0.0000000162
Neptunomonas phycophila	1572645	S	1	0	1	0.0000000162
Bermanella marisrubri	207949	S	1	0	1	0.0000000162
Bacterioplanes sanyensis	1249553	S	1	0	1	0.0000000162
Kangiella geojedonensis	914150	S	1	0	1	0.0000000162
Kangiella profundi	1561924	S	1	0	1	0.0000000162
Litoricola lipolytica	418701	S	1	0	1	0.0000000162
Xanthomonas sp. GW	2724121	S	1	0	1	0.0000000162
Xanthomonas hyacinthi	56455	S	1	0	1	0.0000000162
Xanthomonas axonopodis	53413	S	1	0	1	0.0000000162
Xanthomonas albilineans	29447	S	1	0	1	0.0000000162
Stenotrophomonas sp. ESTM1D_MKCIP4_1	2072414	S	1	0	1	0.0000000162
Stenotrophomonas sp. LM091	1904944	S	1	0	1	0.0000000162
Lysobacter sp. TY2-98	2290922	S	1	0	1	0.0000000162
Lysobacter sp. HDW10	2714936	S	1	0	1	0.0000000162
Lysobacter alkalisoli	2591633	S	1	0	1	0.0000000162
Lysobacter arenosi	2795387	S	1	0	1	0.0000000162
Luteimonas sp. MC1572	2799325	S	1	0	1	0.0000000162
Frateuria aurantia	81475	S	1	0	1	0.0000000162
Pseudoalteromonas shioyasakiensis	1190813	S	1	0	1	0.0000000162
Pseudoalteromonas piratica	1348114	S	1	0	1	0.0000000162
Pseudoalteromonas agarivorans	176102	S	1	0	1	0.0000000162
Pseudoalteromonas espejiana	28107	S	1	0	1	0.0000000162
Shewanella sp. LC6	2589790	S	1	0	1	0.0000000162
Shewanella sp. FDAARGOS_354	1930557	S	1	0	1	0.0000000162
Shewanella sp. LZH-2	2806008	S	1	0	1	0.0000000162
Shewanella sp. KX20019	2803864	S	1	0	1	0.0000000162
Shewanella sp. Arc9-LZ	2698686	S	1	0	1	0.0000000162
Shewanella sp. FJAT-53726	2814295	S	1	0	1	0.0000000162
Shewanella sediminis	271097	S	1	0	1	0.0000000162
Shewanella violacea	60217	S	1	0	1	0.0000000162
Shewanella frigidimarina	56812	S	1	0	1	0.0000000162
Shewanella decolorationis	256839	S	1	0	1	0.0000000162
Shewanella amazonensis	60478	S	1	0	1	0.0000000162
Parashewanella tropica	2547970	S	1	0	1	0.0000000162
Alteromonas pelagimontana	1858656	S	1	0	1	0.0000000162
Marinobacter sp. BSs20148	490759	S	1	0	1	0.0000000162
Marinobacter sp. JH2	2547598	S	1	0	1	0.0000000162
Marinobacter sp. LPB0319	2769486	S	1	0	1	0.0000000162
Marinobacter hydrocarbonoclasticus	2743	S	1	0	1	0.0000000162
Marinobacter salinus	1874317	S	1	0	1	0.0000000162
Salinimonas lutimaris	914153	S	1	0	1	0.0000000162
Allofrancisella guangzhouensis	594679	S	1	0	1	0.0000000162
Thiomicrospira cyclica	147268	S	1	0	1	0.0000000162
Thiothrix sp.	1032	S	1	0	1	0.0000000162
Aeromonas sp. ASNIH5	1758179	S	1	0	1	0.0000000162
Aeromonas simiae	218936	S	1	0	1	0.0000000162
Oceanisphaera avium	1903694	S	1	0	1	0.0000000162
Aquicella lusitana	254246	S	1	0	1	0.0000000162
Candidatus Azoamicus ciliaticola	2652803	S	1	0	1	0.0000000162
Nitrosococcus oceani	1229	S	1	0	1	0.0000000162
Candidatus Nitrosoglobus terrae	1630141	S	1	0	1	0.0000000162
Candidatus Nitrosacidococcus tergens	553981	S	1	0	1	0.0000000162
Thioalkalivibrio paradoxus	108010	S	1	0	1	0.0000000162
Spiribacter salinus	1335746	S	1	0	1	0.0000000162
Spiribacter sp. 2438	2666185	S	1	0	1	0.0000000162
Halothiobacillus neapolitanus	927	S	1	0	1	0.0000000162
Mannheimia ovis	2679994	S	1	0	1	0.0000000162
Mannheimia bovis	2770636	S	1	0	1	0.0000000162
Pasteurella skyensis	97481	S	1	0	1	0.0000000162
Actinobacillus suis	716	S	1	0	1	0.0000000162
Actinobacillus succinogenes	67854	S	1	0	1	0.0000000162
Actinobacillus sp. GY-402	2774188	S	1	0	1	0.0000000162
Rodentibacter heylii	1906744	S	1	0	1	0.0000000162
Aggregatibacter actinomycetemcomitans	714	S	1	0	1	0.0000000162
Aggregatibacter sp. 2125159857	2820817	S	1	0	1	0.0000000162
Vespertiliibacter pulmonis	1443036	S	1	0	1	0.0000000162
Microbulbifer sp. THAF38	2587856	S	1	0	1	0.0000000162
Halioglobus japonicus	930805	S	1	0	1	0.0000000162
Halioglobus maricola	2601894	S	1	0	1	0.0000000162
Kineobactrum salinum	2708301	S	1	0	1	0.0000000162
Methylomonas koyamae	702114	S	1	0	1	0.0000000162
Candidatus Methylospira mobilis	1808979	S	1	0	1	0.0000000162
Acidiferrobacter sp. SPIII_3	1281578	S	1	0	1	0.0000000162
Solimonas sp. K1W22B-7	2303331	S	1	0	1	0.0000000162
Acidovorax citrulli	80869	S	1	0	1	0.0000000162
Delftia sp. HK171	1920191	S	1	0	1	0.0000000162
Variovorax sp. RKNM96	2681552	S	1	0	1	0.0000000162
Comamonas piscis	1562974	S	1	0	1	0.0000000162
Cupriavidus neocaledonicus	1040979	S	1	0	1	0.0000000162
Burkholderia territorii	1503055	S	1	0	1	0.0000000162
Burkholderia stagnalis	1503054	S	1	0	1	0.0000000162
Burkholderia pseudomultivorans	1207504	S	1	0	1	0.0000000162
Burkholderia mallei	13373	S	1	0	1	0.0000000162
Burkholderia sp. THE68	758782	S	1	0	1	0.0000000162
Burkholderia sp. NRF60-BP8	1637853	S	1	0	1	0.0000000162
Burkholderia sp. LA-2-3-30-S1-D2	1637862	S	1	0	1	0.0000000162
Burkholderia sp. MSMB0856	1637869	S	1	0	1	0.0000000162
Paraburkholderia sp. PGU16	2735433	S	1	0	1	0.0000000162
Paraburkholderia megapolitana	420953	S	1	0	1	0.0000000162
Pandoraea norimbergensis	93219	S	1	0	1	0.0000000162
Pandoraea pulmonicola	93221	S	1	0	1	0.0000000162
Pandoraea sp. XY-2	2518599	S	1	0	1	0.0000000162
Polynucleobacter difficilis	556054	S	1	0	1	0.0000000162
Polynucleobacter paneuropaeus	2527775	S	1	0	1	0.0000000162
Mycetohabitans rhizoxinica	412963	S	1	0	1	0.0000000162
Ephemeroptericola cinctiostellae	2268024	S	1	0	1	0.0000000162
Alcaligenes sp. SORT26	2813780	S	1	0	1	0.0000000162
Alcaligenes aquatilis	323284	S	1	0	1	0.0000000162
Advenella mimigardefordensis	302406	S	1	0	1	0.0000000162
Algicoccus marinus	2163011	S	1	0	1	0.0000000162
Massilia sp. CCM 8941	2765360	S	1	0	1	0.0000000162
Janthinobacterium tructae	2590869	S	1	0	1	0.0000000162
Undibacterium sp. YM2	2058625	S	1	0	1	0.0000000162
Undibacterium parvum	401471	S	1	0	1	0.0000000162
Duganella sp. GN2-R2	2728020	S	1	0	1	0.0000000162
Collimonas fungivorans	158899	S	1	0	1	0.0000000162
Sutterella wadsworthensis	40545	S	1	0	1	0.0000000162
Neisseria sp. oral taxon 014	641148	S	1	0	1	0.0000000162
Neisseria weaveri	28091	S	1	0	1	0.0000000162
Neisseria dentiae	194197	S	1	0	1	0.0000000162
Neisseria bacilliformis	267212	S	1	0	1	0.0000000162
Neisseria animalis	492	S	1	0	1	0.0000000162
Neisseria zalophi	640030	S	1	0	1	0.0000000162
Neisseria musculi	1815583	S	1	0	1	0.0000000162
Vitreoscilla sp. C1	96942	S	1	0	1	0.0000000162
Kingella denitrificans	502	S	1	0	1	0.0000000162
Alysiella filiformis	194196	S	1	0	1	0.0000000162
Aquitalea magnusonii	332411	S	1	0	1	0.0000000162
Azoarcus sp. DN11	356837	S	1	0	1	0.0000000162
Thauera chlorobenzoica	96773	S	1	0	1	0.0000000162
Azospira restricta	404405	S	1	0	1	0.0000000162
Dechloromonas sp. HYN0024	2231055	S	1	0	1	0.0000000162
Methylotenera mobilis	359408	S	1	0	1	0.0000000162
Methylovorus glucosotrophus	266009	S	1	0	1	0.0000000162
Methylovorus sp. MP688	887061	S	1	0	1	0.0000000162
Nitrosospira briensis	35799	S	1	0	1	0.0000000162
Nitrosospira lacus	1288494	S	1	0	1	0.0000000162
Sulfuriferula plumbiphila	171865	S	1	0	1	0.0000000162
Sulfuriferula nivalis	2675298	S	1	0	1	0.0000000162
Sterolibacterium denitrificans	157592	S	1	0	1	0.0000000162
Thiobacillus denitrificans	36861	S	1	0	1	0.0000000162
Rhizobium lusitanum	293958	S	1	0	1	0.0000000162
Rhizobium rosettiformans	1368430	S	1	0	1	0.0000000162
Rhizobium oryzihabitans	2267833	S	1	0	1	0.0000000162
Candidatus Liberibacter solanacearum	556287	S	1	0	1	0.0000000162
Ciceribacter thiooxidans	1969821	S	1	0	1	0.0000000162
Bradyrhizobium sp. CCBAU 51753	1325100	S	1	0	1	0.0000000162
Bradyrhizobium zhanjiangense	1325107	S	1	0	1	0.0000000162
Bradyrhizobium genosp. B	83627	S	1	0	1	0.0000000162
Tardiphaga sp. vice154	2592814	S	1	0	1	0.0000000162
Tardiphaga sp. vice304	2592817	S	1	0	1	0.0000000162
Mesorhizobium sp. INR15	2654248	S	1	0	1	0.0000000162
Mesorhizobium sp. M3A.F.Ca.ET.080.04.2.1	2493676	S	1	0	1	0.0000000162
Mesorhizobium sp. DCY119	2108445	S	1	0	1	0.0000000162
Mesorhizobium loti	381	S	1	0	1	0.0000000162
Mesorhizobium japonicum	2066070	S	1	0	1	0.0000000162
Phyllobacterium sp. 628	2718938	S	1	0	1	0.0000000162
Methylobacterium mesophilicum	39956	S	1	0	1	0.0000000162
Methylobacterium indicum	1775910	S	1	0	1	0.0000000162
Methylobacterium terrae	2202827	S	1	0	1	0.0000000162
Bartonella bovis	155194	S	1	0	1	0.0000000162
Bartonella australis	388640	S	1	0	1	0.0000000162
Bartonella ancashensis	1318743	S	1	0	1	0.0000000162
Bartonella quintana	803	S	1	0	1	0.0000000162
Devosia sp. G19	2801335	S	1	0	1	0.0000000162
Devosia ginsengisoli	400770	S	1	0	1	0.0000000162
Candidatus Filomicrobium marinum	1608628	S	1	0	1	0.0000000162
Brucella sp. 458	2821140	S	1	0	1	0.0000000162
[Ochrobactrum] quorumnocens	271865	S	1	0	1	0.0000000162
Stappia sp. ES.058	1881061	S	1	0	1	0.0000000162
Pannonibacter phragmitetus	121719	S	1	0	1	0.0000000162
Ancylobacter pratisalsi	1745854	S	1	0	1	0.0000000162
Aureimonas sp. AU20	1349819	S	1	0	1	0.0000000162
Pseudorhodoplanes sinuspersici	1235591	S	1	0	1	0.0000000162
Parvibaculum lavamentivorans	256618	S	1	0	1	0.0000000162
Methylocella tundrae	227605	S	1	0	1	0.0000000162
Methylovirgula ligni	569860	S	1	0	1	0.0000000162
Novosphingobium pentaromativorans	205844	S	1	0	1	0.0000000162
Sphingomonas sp. sand1-3	2764186	S	1	0	1	0.0000000162
Sphingomonas sp.	28214	S	1	0	1	0.0000000162
Sphingomonas sp. MK52	2711156	S	1	0	1	0.0000000162
Sphingomonas sp. NBWT7	2596913	S	1	0	1	0.0000000162
Sphingomonas sp. PAMC26645	2565555	S	1	0	1	0.0000000162
Sphingomonas sp. C8-2	2492837	S	1	0	1	0.0000000162
Sphingomonas sp. NIC1	1961362	S	1	0	1	0.0000000162
Sphingomonas sp. AAP5	1523415	S	1	0	1	0.0000000162
Sphingomonas sp. HMP9	1517554	S	1	0	1	0.0000000162
Sphingomonas lacunae	2698828	S	1	0	1	0.0000000162
Sphingomonas lutea	1045317	S	1	0	1	0.0000000162
Sphingobium sp. Cam5-1	2789327	S	1	0	1	0.0000000162
Sphingobium chlorophenolicum	46429	S	1	0	1	0.0000000162
Sphingorhabdus lacus	392610	S	1	0	1	0.0000000162
Sphingopyxis sp. LPB0140	1913578	S	1	0	1	0.0000000162
Sphingopyxis terrae	33052	S	1	0	1	0.0000000162
Croceicoccus marinus	450378	S	1	0	1	0.0000000162
Erythrobacter sp. HL-111	1798193	S	1	0	1	0.0000000162
Erythrobacter sp. KY5	2011159	S	1	0	1	0.0000000162
Erythrobacter sp. HKB08	2502843	S	1	0	1	0.0000000162
Erythrobacter sp. THAF29	2587851	S	1	0	1	0.0000000162
Erythrobacter mangrovi	2739433	S	1	0	1	0.0000000162
Porphyrobacter sp. YT40	2547601	S	1	0	1	0.0000000162
Altererythrobacter sp. B11	2060312	S	1	0	1	0.0000000162
Altererythrobacter sp. BO-6	2604537	S	1	0	1	0.0000000162
Altererythrobacter ishigakiensis	476157	S	1	0	1	0.0000000162
Tsuneonella mangrovi	1982042	S	1	0	1	0.0000000162
Tsuneonella amylolytica	2338327	S	1	0	1	0.0000000162
Paraurantiacibacter namhicola	645517	S	1	0	1	0.0000000162
Sphingosinicella sp. UDD2	2771430	S	1	0	1	0.0000000162
Paracoccus kondratievae	135740	S	1	0	1	0.0000000162
Paracoccus aminovorans	34004	S	1	0	1	0.0000000162
Paracoccus liaowanqingii	2560053	S	1	0	1	0.0000000162
Roseovarius sp. THAF9	2587847	S	1	0	1	0.0000000162
Phaeobacter piscinae	1580596	S	1	0	1	0.0000000162
Sulfitobacter sp. SK012	1389005	S	1	0	1	0.0000000162
Sulfitobacter sp. D7	1968541	S	1	0	1	0.0000000162
Sulfitobacter mediterraneus	83219	S	1	0	1	0.0000000162
Sulfitobacter pseudonitzschiae	1402135	S	1	0	1	0.0000000162
Leisingera methylohalidivorans	133924	S	1	0	1	0.0000000162
Leisingera aquaemixtae	1396826	S	1	0	1	0.0000000162
Salipiger pacificus	311180	S	1	0	1	0.0000000162
Octadecabacter temperatus	1458307	S	1	0	1	0.0000000162
Rhodovulum sp. MB263	308754	S	1	0	1	0.0000000162
Rhodovulum sp. P5	1564506	S	1	0	1	0.0000000162
Ruegeria sp. TM1040	292414	S	1	0	1	0.0000000162
Ruegeria sp. AD91A	2293862	S	1	0	1	0.0000000162
Silicimonas algicola	1826607	S	1	0	1	0.0000000162
Cognatishimia activa	1715691	S	1	0	1	0.0000000162
Mameliella alba	561184	S	1	0	1	0.0000000162
Jannaschia sp. CCS1	290400	S	1	0	1	0.0000000162
Ketogulonicigenium robustum	92947	S	1	0	1	0.0000000162
Polymorphum gilvum	991904	S	1	0	1	0.0000000162
Pelagibaca abyssi	1250539	S	1	0	1	0.0000000162
Thalassobius gelatinovorus	53501	S	1	0	1	0.0000000162
Tateyamaria omphalii	299262	S	1	0	1	0.0000000162
Roseibacterium elongatum	159346	S	1	0	1	0.0000000162
Acetobacter tropicalis	104102	S	1	0	1	0.0000000162
Acetobacter ascendens	481146	S	1	0	1	0.0000000162
Acidiphilium cryptum	524	S	1	0	1	0.0000000162
Kozakia baliensis	153496	S	1	0	1	0.0000000162
Stella humosa	94	S	1	0	1	0.0000000162
Asaia bogorensis	91915	S	1	0	1	0.0000000162
Swingsia sp. F3b2	2558361	S	1	0	1	0.0000000162
Acidibrevibacterium fodinaquatile	1969806	S	1	0	1	0.0000000162
Azospirillum humicireducens	1226968	S	1	0	1	0.0000000162
Azospirillum thermophilum	2202148	S	1	0	1	0.0000000162
Magnetospirillum magneticum	84159	S	1	0	1	0.0000000162
Hypericibacter terrae	2602015	S	1	0	1	0.0000000162
Ferrovibrio terrae	2594003	S	1	0	1	0.0000000162
Niveispirillum cyanobacteriorum	1612173	S	1	0	1	0.0000000162
Haematospirillum jordaniae	1549855	S	1	0	1	0.0000000162
Wolbachia endosymbiont of Dirofilaria (Dirofilaria) immitis	1812115	S	1	0	1	0.0000000162
Wolbachia endosymbiont of Dipetalonema caudispina	1812112	S	1	0	1	0.0000000162
Ehrlichia muris	35795	S	1	0	1	0.0000000162
Anaplasma centrale	769	S	1	0	1	0.0000000162
Rickettsia asembonensis	1068590	S	1	0	1	0.0000000162
Rickettsiales endosymbiont of Stachyamoeba lipophora	2486578	S	1	0	1	0.0000000162
Brevundimonas sp. DS20	1532555	S	1	0	1	0.0000000162
Brevundimonas sp. MF30-B	2561924	S	1	0	1	0.0000000162
Brevundimonas sp. SGAir0440	2579977	S	1	0	1	0.0000000162
Brevundimonas sp. LVF2	2774190	S	1	0	1	0.0000000162
Candidatus Pelagibacter ubique	198252	S	1	0	1	0.0000000162
Phreatobacter sp. NMCR1094	2570229	S	1	0	1	0.0000000162
Marinicauda algicola	2029849	S	1	0	1	0.0000000162
Hirschia baltica	2724	S	1	0	1	0.0000000162
Kordiimonas pumila	2161677	S	1	0	1	0.0000000162
Magnetococcus marinus	1124597	S	1	0	1	0.0000000162
Maridesulfovibrio salexigens	880	S	1	0	1	0.0000000162
Desulfohalobium retbaense	45663	S	1	0	1	0.0000000162
Cystobacter fuscus	43	S	1	0	1	0.0000000162
Anaeromyxobacter sp. Fw109-5	404589	S	1	0	1	0.0000000162
Desulfosarcina ovata	83564	S	1	0	1	0.0000000162
Desulfopila sp. IMCC35004	2569540	S	1	0	1	0.0000000162
Desulfobulbus oralis	1986146	S	1	0	1	0.0000000162
Geobacter sp. SVR	2495594	S	1	0	1	0.0000000162
Geobacter sp. Jerry-YX	2815309	S	1	0	1	0.0000000162
Desulfuromonas sp. DDH964	1823759	S	1	0	1	0.0000000162
Hippea maritima	84405	S	1	0	1	0.0000000162
Aliarcobacter trophiarum	708186	S	1	0	1	0.0000000162
Campylobacter sp. RM6137	1660073	S	1	0	1	0.0000000162
Campylobacter showae	204	S	1	0	1	0.0000000162
Campylobacter peloridis	488546	S	1	0	1	0.0000000162
Campylobacter hyointestinalis	198	S	1	0	1	0.0000000162
Campylobacter blaseri	2042961	S	1	0	1	0.0000000162
Campylobacter upsaliensis	28080	S	1	0	1	0.0000000162
Helicobacter cholecystus	45498	S	1	0	1	0.0000000162
Helicobacter sp. MIT 01-6242	222136	S	1	0	1	0.0000000162
Helicobacter winghamensis	157268	S	1	0	1	0.0000000162
Helicobacter pullorum	35818	S	1	0	1	0.0000000162
Sulfurimonas sp. H1576	2672570	S	1	0	1	0.0000000162
Bdellovibrio sp. ZAP7	2231053	S	1	0	1	0.0000000162
Bdellovibrio sp. KM01	2748865	S	1	0	1	0.0000000162
Hydrogenophilus thermoluteolus	297	S	1	0	1	0.0000000162
Flavobacterium sp. MDT1-60	1979344	S	1	0	1	0.0000000162
Flavobacterium crassostreae	1763534	S	1	0	1	0.0000000162
Flavobacterium commune	1306519	S	1	0	1	0.0000000162
Flavobacterium haoranii	683124	S	1	0	1	0.0000000162
Polaribacter reichenbachii	996801	S	1	0	1	0.0000000162
Winogradskyella sediminis	1382466	S	1	0	1	0.0000000162
Aquimarina sp. TRL1	2736252	S	1	0	1	0.0000000162
Tenacibaculum dicentrarchi	669041	S	1	0	1	0.0000000162
Capnocytophaga sp. oral taxon 878	1316596	S	1	0	1	0.0000000162
Capnocytophaga ochracea	1018	S	1	0	1	0.0000000162
Capnocytophaga cynodegmi	28189	S	1	0	1	0.0000000162
Capnocytophaga leadbetteri	327575	S	1	0	1	0.0000000162
Nonlabens sp. Hel1_33_55	1336802	S	1	0	1	0.0000000162
Nonlabens dokdonensis	328515	S	1	0	1	0.0000000162
Cellulophaga baltica	76594	S	1	0	1	0.0000000162
Siansivirga zeaxanthinifaciens	762954	S	1	0	1	0.0000000162
Flagellimonas maritima	1383885	S	1	0	1	0.0000000162
Gilvibacter sp. SZ-19	754429	S	1	0	1	0.0000000162
Robiginitalea biformata	252307	S	1	0	1	0.0000000162
Chryseobacterium sp. G0162	2487063	S	1	0	1	0.0000000162
Chryseobacterium sp. SNU WT5	2594269	S	1	0	1	0.0000000162
Chryseobacterium sp. NEB161	2724619	S	1	0	1	0.0000000162
Chryseobacterium sp. cx-624	2758037	S	1	0	1	0.0000000162
Ornithobacterium rhinotracheale	28251	S	1	0	1	0.0000000162
Cruoricaptor ignavus	1118202	S	1	0	1	0.0000000162
Blattabacterium sp. (Mastotermes darwiniensis)	39768	S	1	0	1	0.0000000162
Candidatus Walczuchella monophlebidarum	1415657	S	1	0	1	0.0000000162
Owenweeksia hongkongensis	253245	S	1	0	1	0.0000000162
Fibrella sp. ES10-3-2-2	1834519	S	1	0	1	0.0000000162
Hymenobacter sp. PAMC 26554	1484116	S	1	0	1	0.0000000162
Hymenobacter sp. DG01	2584940	S	1	0	1	0.0000000162
Hymenobacter qilianensis	1385715	S	1	0	1	0.0000000162
Pontibacter korlensis	400092	S	1	0	1	0.0000000162
Rufibacter tibetensis	512763	S	1	0	1	0.0000000162
Cardinium endosymbiont of Encarsia pergandiella	249402	S	1	0	1	0.0000000162
Bacteroides sp. HF-5141	2650158	S	1	0	1	0.0000000162
Bacteroides sp. ZJ-18	2709390	S	1	0	1	0.0000000162
Bacteroides eggerthii	28111	S	1	0	1	0.0000000162
Bacteroides caccae	47678	S	1	0	1	0.0000000162
Bacteroides coprosuis	151276	S	1	0	1	0.0000000162
Bacteroides cellulosilyticus	246787	S	1	0	1	0.0000000162
Prevotella sp. oral taxon 299	652716	S	1	0	1	0.0000000162
Prevotella ruminicola	839	S	1	0	1	0.0000000162
Duncaniella dubosii	2518971	S	1	0	1	0.0000000162
Draconibacterium orientale	1168034	S	1	0	1	0.0000000162
Draconibacterium sp. M1	2706887	S	1	0	1	0.0000000162
Sphingobacterium siyangense	459529	S	1	0	1	0.0000000162
Sphingobacterium psychroaquaticum	561061	S	1	0	1	0.0000000162
Mucilaginibacter gotjawali	1550579	S	1	0	1	0.0000000162
Mucilaginibacter ginkgonis	2682091	S	1	0	1	0.0000000162
Olivibacter sp. SDN3	2764720	S	1	0	1	0.0000000162
Anseongella ginsenosidimutans	496056	S	1	0	1	0.0000000162
Niabella soli	446683	S	1	0	1	0.0000000162
Rhodothermus marinus	29549	S	1	0	1	0.0000000162
Chlorobaculum parvum	274539	S	1	0	1	0.0000000162
Gimesia alba	2527973	S	1	0	1	0.0000000162
Planctopirus limnophila	120	S	1	0	1	0.0000000162
Mariniblastus fucicola	980251	S	1	0	1	0.0000000162
Bremerella volcania	2527984	S	1	0	1	0.0000000162
Opitutus terrae	107709	S	1	0	1	0.0000000162
Lacunisphaera limnophila	1838286	S	1	0	1	0.0000000162
Methylacidiphilum sp. IT5	2795384	S	1	0	1	0.0000000162
Methylacidiphilum sp. IT6	2795386	S	1	0	1	0.0000000162
Neochlamydia sp. S13	1353976	S	1	0	1	0.0000000162
Waddlia chondrophila	71667	S	1	0	1	0.0000000162
Chlamydia avium	1457141	S	1	0	1	0.0000000162
Treponema phagedenis	162	S	1	0	1	0.0000000162
Treponema ruminis	744515	S	1	0	1	0.0000000162
Sphaerochaeta coccoides	273376	S	1	0	1	0.0000000162
Thiospirochaeta perfilievii	252967	S	1	0	1	0.0000000162
Borreliella bavariensis	664662	S	1	0	1	0.0000000162
Candidatus Borrelia tachyglossi	1964448	S	1	0	1	0.0000000162
Fusobacterium canifelinum	285729	S	1	0	1	0.0000000162
Leptotrichia sp. oral taxon 847	1785996	S	1	0	1	0.0000000162
Granulicella mallensis	940614	S	1	0	1	0.0000000162
Terriglobus roseus	392734	S	1	0	1	0.0000000162
Kosmotoga pacifica	1330330	S	1	0	1	0.0000000162
Thermosipho melanesiensis	46541	S	1	0	1	0.0000000162
Thermotoga neapolitana	2337	S	1	0	1	0.0000000162
Thermotoga caldifontis	1508419	S	1	0	1	0.0000000162
Thermotoga profunda	1508420	S	1	0	1	0.0000000162
Thermocrinis ruber	75906	S	1	0	1	0.0000000162
Thermocrinis albus	136094	S	1	0	1	0.0000000162
Aquifex aeolicus	63363	S	1	0	1	0.0000000162
Thermodesulfobacterium commune	1741	S	1	0	1	0.0000000162
Caldimicrobium thiodismutans	1653476	S	1	0	1	0.0000000162
Thermosulfurimonas marina	2047767	S	1	0	1	0.0000000162
Thermanaerovibrio acidaminovorans	81462	S	1	0	1	0.0000000162
Aminobacterium colombiense	81468	S	1	0	1	0.0000000162
Elusimicrobium minutum	423605	S	1	0	1	0.0000000162
Flexistipes sinusarabici	2352	S	1	0	1	0.0000000162
Dictyoglomus thermophilum	14	S	1	0	1	0.0000000162
Abyssogena phaseoliformis symbiont	596095	S	1	0	1	0.0000000162
Haloferax mediterranei	2252	S	1	0	1	0.0000000162
Halorubrum ezzemoulense	337243	S	1	0	1	0.0000000162
Halobonum sp. NJ-3-1	2743089	S	1	0	1	0.0000000162
Halalkaliarchaeum desulfuricum	2055893	S	1	0	1	0.0000000162
Natrinema sp. J7-2	406552	S	1	0	1	0.0000000162
Natronobacterium gregoryi	44930	S	1	0	1	0.0000000162
Halovivax ruber	387341	S	1	0	1	0.0000000162
Halopiger xanaduensis	387343	S	1	0	1	0.0000000162
Salinarchaeum sp. Harcht-Bsk1	1333523	S	1	0	1	0.0000000162
Haloarcula sp. CBA1115	1592728	S	1	0	1	0.0000000162
Haloarcula sp. JP-L23	2716717	S	1	0	1	0.0000000162
Halobacterium hubeiense	1407499	S	1	0	1	0.0000000162
Halalkalicoccus jeotgali	413810	S	1	0	1	0.0000000162
Halanaeroarchaeum sulfurireducens	1604004	S	1	0	1	0.0000000162
Methanosarcina acetivorans	2214	S	1	0	1	0.0000000162
Methanococcoides methylutens	2226	S	1	0	1	0.0000000162
Methanococcoides burtonii	29291	S	1	0	1	0.0000000162
Methanolobus zinderi	536044	S	1	0	1	0.0000000162
Methanosaeta harundinacea	301375	S	1	0	1	0.0000000162
Methanoculleus bourgensis	83986	S	1	0	1	0.0000000162
Methanoregula formicica	882104	S	1	0	1	0.0000000162
Methanothermobacter sp. THM-1	2606911	S	1	0	1	0.0000000162
Methanofervidicoccus sp. A16	2607662	S	1	0	1	0.0000000162
Thermococcus peptonophilus	53952	S	1	0	1	0.0000000162
Thermococcus guaymasensis	110164	S	1	0	1	0.0000000162
Thermococcus cleftensis	163003	S	1	0	1	0.0000000162
Thermococcus barossii	54077	S	1	0	1	0.0000000162
Thermococcus thioreducens	277988	S	1	0	1	0.0000000162
Thermococcus onnurineus	342948	S	1	0	1	0.0000000162
Pyrococcus sp. NA2	342949	S	1	0	1	0.0000000162
Sulfolobus acidocaldarius	2285	S	1	0	1	0.0000000162
Acidianus hospitalis	563177	S	1	0	1	0.0000000162
Metallosphaera hakonensis	79601	S	1	0	1	0.0000000162
Sulfurisphaera ohwakuensis	69656	S	1	0	1	0.0000000162
Sulfurisphaera tokodaii	111955	S	1	0	1	0.0000000162
Sulfodiicoccus acidiphilus	1670455	S	1	0	1	0.0000000162
Desulfurococcus amylolyticus	94694	S	1	0	1	0.0000000162
Thermosphaera aggregans	54254	S	1	0	1	0.0000000162
Aeropyrum camini	229980	S	1	0	1	0.0000000162
Pyrodictium delaneyi	1273541	S	1	0	1	0.0000000162
Pyrolobus fumarii	54252	S	1	0	1	0.0000000162
Pyrobaculum ferrireducens	1104324	S	1	0	1	0.0000000162
Thermofilum pendens	2269	S	1	0	1	0.0000000162
Acidilobus sp. 7A	1577685	S	1	0	1	0.0000000162
Nitrosopumilus adriaticus	1580092	S	1	0	1	0.0000000162
Nitrosopumilus piranensis	1582439	S	1	0	1	0.0000000162
Candidatus Nitrosotenuis aquarius	1846278	S	1	0	1	0.0000000162
Candidatus Nitrosopelagicus brevis	1410606	S	1	0	1	0.0000000162
Thermoplasma volcanium	50339	S	1	0	1	0.0000000162
Delftia phage RG-2014	1563661	S	1	0	1	0.0000000162
Aeromonas phage LAh9	2591033	S	1	0	1	0.0000000162
Bacteroides phage crAss001	2301731	S	1	0	1	0.0000000162
Pseudoalteromonas phage pYD6-A	754052	S	1	0	1	0.0000000162
Tsukamurella phage TPA2	981330	S	1	0	1	0.0000000162
Pseudomonas virus D3	31535	S	1	0	1	0.0000000162
Sphingobium virus Lacusarx	2560778	S	1	0	1	0.0000000162
Gordonia virus GTE7	2560498	S	1	0	1	0.0000000162
Mycobacterium virus Bignuz	1983736	S	1	0	1	0.0000000162
Klebsiella virus JD18	1985326	S	1	0	1	0.0000000162
Yersinia virus PST	1914207	S	1	0	1	0.0000000162
Cyanophage S-RIM32	1278479	S	1	0	1	0.0000000162
Prochlorococcus phage P-SSM4	268747	S	1	0	1	0.0000000162
Synechococcus phage S-SM2	444860	S	1	0	1	0.0000000162
Synechococcus virus SCAM1	2734083	S	1	0	1	0.0000000162
Synechococcus virus AC2014fSyn7803C8	2734085	S	1	0	1	0.0000000162
Escherichia virus Goslar	2734109	S	1	0	1	0.0000000162
Synechococcus virus SCAM9	2734111	S	1	0	1	0.0000000162
Bacillus virus JBP901	1985180	S	1	0	1	0.0000000162
Bacillus virus WPh	1922328	S	1	0	1	0.0000000162
Bacillus virus SIOphi	2560335	S	1	0	1	0.0000000162
Lactobacillus virus Semele	2734052	S	1	0	1	0.0000000162
Synechococcus phage S-CBP1	1273711	S	1	0	1	0.0000000162
Serratia phage vB_SmaA_3M	2419930	S	1	0	1	0.0000000162
Stenotrophomonas phage Moby	2601680	S	1	0	1	0.0000000162
Cricetid gammaherpesvirus 2	1605972	S	1	0	1	0.0000000162
Equid gammaherpesvirus 5	10371	S	1	0	1	0.0000000162
Cynomolgus cytomegalovirus	1919083	S	1	0	1	0.0000000162
Elephantid betaherpesvirus 1	146015	S	1	0	1	0.0000000162
Elephant endotheliotropic herpesvirus 4	548914	S	1	0	1	0.0000000162
Tupaiid betaherpesvirus 1	10397	S	1	0	1	0.0000000162
Macacine betaherpesvirus 9	2560568	S	1	0	1	0.0000000162
Testudinid alphaherpesvirus 3	2560801	S	1	0	1	0.0000000162
Cyprinid herpesvirus 1	317858	S	1	0	1	0.0000000162
Ranid herpesvirus 2	389214	S	1	0	1	0.0000000162
Oxbow orthohantavirus	1980484	S	1	0	1	0.0000000162
Yata ephemerovirus	1972597	S	1	0	1	0.0000000162
Tacheng arlivirus	2501945	S	1	0	1	0.0000000162
Mercadeo virus	1708574	S	1	0	1	0.0000000162
Pegivirus I	1985362	S	1	0	1	0.0000000162
Blackcurrant-associated closterovirus 1	2338394	S	1	0	1	0.0000000162
Plum bark necrosis stem pitting-associated virus	675077	S	1	0	1	0.0000000162
Blackberry virus F	2560349	S	1	0	1	0.0000000162
Carnation etched ring virus	10640	S	1	0	1	0.0000000162
Hubei myriapoda virus 1	1922930	S	1	0	1	0.0000000162
Phaeocystis globosa virus	251749	S	1	0	1	0.0000000162
Noumeavirus	1955558	S	1	0	1	0.0000000162
Marseillevirus marseillevirus	694581	S	1	0	1	0.0000000162
Invertebrate iridescent virus 6	176652	S	1	0	1	0.0000000162
Trichoplusia ni ascovirus 2c	328615	S	1	0	1	0.0000000162
Acanthamoeba polyphaga mimivirus	212035	S	1	0	1	0.0000000162
Megavirus chiliensis	1094892	S	1	0	1	0.0000000162
Parapoxvirus of red deer in New Zealand	129728	S	1	0	1	0.0000000162
Seal parapoxvirus	187984	S	1	0	1	0.0000000162
Canarypox virus	44088	S	1	0	1	0.0000000162
Fowl aviadenovirus C	190063	S	1	0	1	0.0000000162
Pandoravirus inopinatum	1605721	S	1	0	1	0.0000000162
Pandoravirus quercus	2107709	S	1	0	1	0.0000000162
Black grass varicosavirus-like virus	1587515	S	1	0	1	0.0000000162
Stachytarpheta leaf curl virus	202568	S	1	0	1	0.0000000162
Bat associated circovirus 7	2003312	S	1	0	1	0.0000000162
Enterobacteria phage fd	10864	S	1	0	1	0.0000000162
Trichoplusia ni single nucleopolyhedrovirus	332054	S	1	0	1	0.0000000162
Mamestra configurata nucleopolyhedrovirus A	207830	S	1	0	1	0.0000000162
Leucania separata nucleopolyhedrovirus	1307956	S	1	0	1	0.0000000162
Glypta fumiferanae ichnovirus	419435	S	1	0	1	0.0000000162
Microplitis demolitor bracovirus	53988	S	1	0	1	0.0000000162
Acetivibrio thermocellus	1515	S	19	-19	0	0.0000000000
Tropheryma whipplei	2039	S	19	-19	0	0.0000000000
Adlercreutzia equolifaciens	446660	S	3	-3	0	0.0000000000
Synechococcus elongatus	32046	S	8	-8	0	0.0000000000
Mycoplasma genitalium	2097	S	20	-20	0	0.0000000000
Chloroflexus aurantiacus	1108	S	2	-2	0	0.0000000000
Candidatus Moranella endobia	1048758	S	23	-23	0	0.0000000000
Dickeya paradisiaca	69223	S	4	-4	0	0.0000000000
Azotobacter vinelandii	354	S	2	-2	0	0.0000000000
Idiomarina loihiensis	135577	S	4	-4	0	0.0000000000
Fluoribacter dumoffii	463	S	1	-1	0	0.0000000000
Candidatus Kinetoplastibacterium blastocrithidii	233181	S	17	-17	0	0.0000000000
Afipia carboxidovorans	40137	S	11	-11	0	0.0000000000
Ehrlichia chaffeensis	945	S	2	-2	0	0.0000000000
Rickettsia canadensis	788	S	18	-18	0	0.0000000000
Lawsonia intracellularis	29546	S	8	-8	0	0.0000000000
Helicobacter cetorum	138563	S	1	-1	0	0.0000000000
Tannerella forsythia	28112	S	8	-8	0	0.0000000000
Leptospira biflexa	172	S	1	-1	0	0.0000000000
Pyrococcus furiosus	2261	S	2	-2	0	0.0000000000
Archaeoglobus fulgidus	2234	S	1	-1	0	0.0000000000
Avian coronavirus	694014	S	1	-1	0	0.0000000000
