name	taxonomy_id	taxonomy_lvl	kraken_assigned_reads	added_reads	new_est_reads	fraction_total_reads
Homo sapiens	9606	S	115359769	24199	115383968	0.99990
Pseudomonas oryzihabitans	47885	S	280	14	294	0.00000
Pseudomonas putida	303	S	11	3	14	0.00000
Pseudomonas monteilii	76759	S	3	0	3	0.00000
Pseudomonas fluorescens	294	S	80	18	98	0.00000
Pseudomonas tolaasii	29442	S	22	1	23	0.00000
Pseudomonas veronii	76761	S	15	13	28	0.00000
Pseudomonas rhodesiae	76760	S	4	0	4	0.00000
Pseudomonas corrugata	47879	S	2	0	2	0.00000
Pseudomonas azotoformans	47878	S	2	0	2	0.00000
Pseudomonas protegens	380021	S	2	0	2	0.00000
Pseudomonas cedrina	651740	S	2	0	2	0.00000
Pseudomonas mucidolens	46679	S	1	0	1	0.00000
Pseudomonas migulae	78543	S	1	0	1	0.00000
Pseudomonas poae	200451	S	1	0	1	0.00000
Pseudomonas sp. CMR12a	658629	S	16	14	30	0.00000
Pseudomonas sp. K2W31S-8	2320867	S	5	0	5	0.00000
Pseudomonas sp. UW4	1207075	S	4	1	5	0.00000
Pseudomonas sp. URMO17WK12:I11	1283291	S	4	1	5	0.00000
Pseudomonas sp. CC6-YY-74	1930532	S	4	0	4	0.00000
Pseudomonas sp. ADAK18	2730848	S	3	0	3	0.00000
Pseudomonas sp. ADPe	2774873	S	3	2	5	0.00000
Pseudomonas sp. ABC1	2748080	S	3	0	3	0.00000
Pseudomonas sp. CMR5c	658630	S	2	0	2	0.00000
Pseudomonas sp. ADAK13	2730847	S	2	0	2	0.00000
Pseudomonas sp. NIBRBAC000502773	2590776	S	2	0	2	0.00000
Pseudomonas sp. DY-1	1755504	S	2	0	2	0.00000
Pseudomonas sp. KUIN-1	2609418	S	2	5	7	0.00000
Pseudomonas sp. PDNC002	2811422	S	2	0	2	0.00000
Pseudomonas sp. SWI7	2587597	S	2	4	6	0.00000
Pseudomonas sp. OIL-1	2706126	S	1	0	1	0.00000
Pseudomonas sp. LPB0260	2614442	S	1	0	1	0.00000
Pseudomonas sp. BIGb0427	2724470	S	1	0	1	0.00000
Pseudomonas sp. J380	2605424	S	1	0	1	0.00000
Pseudomonas sp. R76	1573711	S	1	0	1	0.00000
Pseudomonas sp. TCU-HL1	1856685	S	1	0	1	0.00000
Pseudomonas sp. Z003-0.4C(8344-21)	1855380	S	1	0	1	0.00000
Pseudomonas sp. S-6-2	1931241	S	1	0	1	0.00000
Pseudomonas sp. SK	2729423	S	1	0	1	0.00000
Pseudomonas sp. S34	1573718	S	1	0	1	0.00000
Pseudomonas sp. S150	2559074	S	1	0	1	0.00000
Pseudomonas sp. BIOMIG1BAC	1758730	S	1	0	1	0.00000
Pseudomonas sp. NS1(2017)	2025658	S	1	0	1	0.00000
Pseudomonas sp. ADAK22	2730851	S	1	0	1	0.00000
Pseudomonas sp. S1-A32-2	2731681	S	1	0	1	0.00000
Pseudomonas sp. LG1E9	2219057	S	1	0	1	0.00000
Pseudomonas sp.	306	S	1	2	3	0.00000
Pseudomonas sp. Y39-6	2749807	S	1	1	2	0.00000
Pseudomonas sp. SXM-1	2169583	S	1	0	1	0.00000
Pseudomonas sp. S09G 359	2054919	S	1	0	1	0.00000
Pseudomonas sp. phDV1	253237	S	1	0	1	0.00000
Pseudomonas sp. Leaf58	1736226	S	1	0	1	0.00000
Pseudomonas sp. DTU12.3	2073078	S	1	0	1	0.00000
Pseudomonas sp. LG1D9	2083054	S	1	1	2	0.00000
Pseudomonas aeruginosa	287	S	16	21	37	0.00000
Pseudomonas alcaligenes	43263	S	4	0	4	0.00000
Pseudomonas citronellolis	53408	S	4	1	5	0.00000
Pseudomonas nitroreducens	46680	S	3	0	3	0.00000
Pseudomonas multiresinivorans	95301	S	1	0	1	0.00000
Pseudomonas mendocina	300	S	2	0	2	0.00000
Pseudomonas psychrotolerans	237610	S	19	0	19	0.00000
Pseudomonas syringae	317	S	5	1	6	0.00000
Pseudomonas viridiflava	33069	S	2	0	2	0.00000
Pseudomonas cichorii	36746	S	2	0	2	0.00000
Pseudomonas savastanoi	29438	S	1	24	25	0.00000
Pseudomonas koreensis	198620	S	9	1	10	0.00000
Pseudomonas stutzeri	316	S	7	1	8	0.00000
Pseudomonas chlororaphis	587753	S	3	0	3	0.00000
Pseudomonas fragi	296	S	2	0	2	0.00000
Pseudomonas brassicacearum	930166	S	3	2	5	0.00000
Pseudomonas antarctica	219572	S	3	0	3	0.00000
Pseudomonas psychrophila	122355	S	3	0	3	0.00000
Pseudomonas denitrificans (nom. rej.)	43306	S	2	0	2	0.00000
Pseudomonas prosekii	1148509	S	2	0	2	0.00000
Pseudomonas rhizosphaerae	216142	S	2	0	2	0.00000
Pseudomonas yamanorum	515393	S	2	0	2	0.00000
Pseudomonas sediminis	1691904	S	2	0	2	0.00000
Pseudomonas alcaliphila	101564	S	2	0	2	0.00000
Pseudomonas vancouverensis	95300	S	2	0	2	0.00000
Pseudomonas sabulinigri	472181	S	2	0	2	0.00000
Pseudomonas allokribbensis	2774460	S	2	0	2	0.00000
Pseudomonas moraviensis	321662	S	1	0	1	0.00000
Pseudomonas simiae	321846	S	1	0	1	0.00000
Pseudomonas taetrolens	47884	S	1	0	1	0.00000
Pseudomonas guangdongensis	1245526	S	1	0	1	0.00000
Candidatus Pseudomonas adelgestsugas	1302376	S	1	0	1	0.00000
Pseudomonas soli	1306993	S	1	0	1	0.00000
Pseudomonas kribbensis	1628086	S	1	0	1	0.00000
Pseudomonas atacamensis	2565368	S	1	0	1	0.00000
Pseudomonas bijieensis	2681983	S	1	1	2	0.00000
Pseudomonas gozinkensis	2774461	S	1	0	1	0.00000
Pseudomonas otitidis	319939	S	1	0	1	0.00000
Pseudomonas knackmussii	65741	S	1	0	1	0.00000
Pseudomonas cremoricolorata	157783	S	1	0	1	0.00000
Pseudomonas lurida	244566	S	1	0	1	0.00000
Pseudomonas thivervalensis	86265	S	1	0	1	0.00000
Oblitimonas alkaliphila	1697053	S	3	0	3	0.00000
Permianibacter aggregans	1510150	S	2	0	2	0.00000
Acinetobacter sp. MYb10	1827285	S	5	0	5	0.00000
Acinetobacter sp. TTH0-4	1646498	S	4	0	4	0.00000
Acinetobacter sp. 10FS3-1	2563897	S	2	0	2	0.00000
Acinetobacter sp. M131	1280052	S	2	21	23	0.00000
Acinetobacter sp. Marseille-Q1620	2714110	S	2	0	2	0.00000
Acinetobacter sp. CS-2	2798861	S	1	0	1	0.00000
Acinetobacter sp. WCHAc010052	2004647	S	1	0	1	0.00000
Acinetobacter sp. WCHAc010034	1879049	S	1	0	1	0.00000
Acinetobacter sp. TGL-Y2	1407071	S	1	0	1	0.00000
Acinetobacter junii	40215	S	11	1	12	0.00000
Acinetobacter baumannii	470	S	6	15	21	0.00000
Acinetobacter calcoaceticus	471	S	2	0	2	0.00000
Acinetobacter pittii	48296	S	1	0	1	0.00000
Acinetobacter seifertii	1530123	S	1	0	1	0.00000
Acinetobacter guillouiae	106649	S	7	1	8	0.00000
Acinetobacter haemolyticus	29430	S	5	1	6	0.00000
Acinetobacter ursingii	108980	S	5	0	5	0.00000
Acinetobacter venetianus	52133	S	4	0	4	0.00000
Acinetobacter schindleri	108981	S	4	1	5	0.00000
Acinetobacter johnsonii	40214	S	4	1	5	0.00000
Acinetobacter soli	487316	S	4	0	4	0.00000
Acinetobacter indicus	756892	S	2	0	2	0.00000
Acinetobacter towneri	202956	S	2	1	3	0.00000
Acinetobacter dispersus	70348	S	1	0	1	0.00000
Acinetobacter wuhouensis	1879050	S	1	0	1	0.00000
Acinetobacter cumulans	2136182	S	1	0	1	0.00000
Acinetobacter larvae	1789224	S	1	0	1	0.00000
Acinetobacter equi	1324350	S	1	0	1	0.00000
Acinetobacter oleivorans	1148157	S	1	0	1	0.00000
Acinetobacter gyllenbergii	134534	S	1	0	1	0.00000
Acinetobacter radioresistens	40216	S	1	0	1	0.00000
Acinetobacter bereziniae	106648	S	1	0	1	0.00000
Acinetobacter lwoffii	28090	S	1	0	1	0.00000
Moraxella osloensis	34062	S	36	0	36	0.00000
Moraxella ovis	29433	S	3	0	3	0.00000
Moraxella catarrhalis	480	S	1	0	1	0.00000
Moraxella bovoculi	386891	S	1	0	1	0.00000
Psychrobacter sp. P11F6	1699621	S	2	0	2	0.00000
Psychrobacter sp. 28M-43	2772254	S	2	0	2	0.00000
Psychrobacter sp. DAB_AL43B	1028416	S	2	0	2	0.00000
Psychrobacter sp. KCTC 72983	2733866	S	1	0	1	0.00000
Aquirhabdus parva	2283318	S	2	0	2	0.00000
Stenotrophomonas maltophilia	40324	S	370	75	445	0.00000
Stenotrophomonas sp. ZAC14D2_NAIMI4_6	2072406	S	3	1	4	0.00000
Stenotrophomonas sp. SAU14A_NAIMI4_5	2072413	S	2	0	2	0.00000
Stenotrophomonas sp. ESTM1D_MKCIP4_1	2072414	S	2	0	2	0.00000
Stenotrophomonas sp. YAU14A_MKIMI4_1	2072408	S	1	2	3	0.00000
Stenotrophomonas sp. ASS1	2282124	S	2	1	3	0.00000
Stenotrophomonas sp. LM091	1904944	S	1	0	1	0.00000
Stenotrophomonas sp. WZN-1	2005046	S	1	0	1	0.00000
Stenotrophomonas sp. G4	2303750	S	1	0	1	0.00000
Stenotrophomonas sp. SXG-1	2682487	S	1	1	2	0.00000
Stenotrophomonas sp. NA06056	2742129	S	1	0	1	0.00000
Stenotrophomonas acidaminiphila	128780	S	4	1	5	0.00000
Stenotrophomonas rhizophila	216778	S	3	0	3	0.00000
Xanthomonas campestris	339	S	9	0	9	0.00000
Xanthomonas sacchari	56458	S	6	0	6	0.00000
Xanthomonas oryzae	347	S	5	0	5	0.00000
Xanthomonas euvesicatoria	456327	S	5	123	128	0.00000
Xanthomonas citri	346	S	3	0	3	0.00000
Xanthomonas translucens	343	S	2	-2	0	0.00000
Xanthomonas sp. GW	2724121	S	1	1	2	0.00000
Xanthomonas cucurbitae	56453	S	1	0	1	0.00000
Xanthomonas hyacinthi	56455	S	1	0	1	0.00000
Xanthomonas arboricola	56448	S	1	0	1	0.00000
Lysobacter enzymogenes	69	S	5	0	5	0.00000
Lysobacter oculi	2698682	S	3	0	3	0.00000
Lysobacter solisilvae	2763317	S	3	0	3	0.00000
Lysobacter antibioticus	84531	S	2	0	2	0.00000
Lysobacter gummosus	262324	S	2	0	2	0.00000
Lysobacter sp. CW239	2762611	S	1	0	1	0.00000
Luteimonas sp. MC1825	2761107	S	3	0	3	0.00000
Luteimonas sp. MC1750	2799326	S	3	0	3	0.00000
Luteimonas sp. MC1572	2799325	S	1	0	1	0.00000
Luteimonas yindakuii	2565782	S	2	0	2	0.00000
Luteimonas chenhongjianii	2006110	S	1	0	1	0.00000
Pseudoxanthomonas mexicana	128785	S	2	0	2	0.00000
Pseudoxanthomonas suwonensis	314722	S	2	0	2	0.00000
Pseudoxanthomonas spadix	415229	S	1	0	1	0.00000
Thermomonas sp. XSG	2771436	S	2	0	2	0.00000
Thermomonas sp. HDW16	2714945	S	1	0	1	0.00000
Thermomonas brevis	215691	S	2	0	2	0.00000
Arenimonas daejeonensis	370777	S	3	0	3	0.00000
Xylella fastidiosa	2371	S	1	0	1	0.00000
Dokdonella koreensis	323415	S	3	0	3	0.00000
Luteibacter rhizovicinus	242606	S	1	0	1	0.00000
Luteibacter pinisoli	2589080	S	1	0	1	0.00000
Rhodanobacter glycinis	582702	S	1	0	1	0.00000
Dyella sp. G9	2763498	S	1	0	1	0.00000
Ahniella affigens	2021234	S	1	0	1	0.00000
Aerosticca soli	2010829	S	1	0	1	0.00000
Klebsiella pneumoniae	573	S	182	200	382	0.00000
Klebsiella grimontii	2058152	S	13	14	27	0.00000
Klebsiella aerogenes	548	S	1	0	1	0.00000
Klebsiella quasipneumoniae	1463165	S	1	0	1	0.00000
Klebsiella quasivariicola	2026240	S	1	0	1	0.00000
Raoultella terrigena	577	S	18	38	56	0.00000
Raoultella planticola	575	S	2	0	2	0.00000
Raoultella ornithinolytica	54291	S	2	17	19	0.00000
Citrobacter freundii	546	S	6	7	13	0.00000
Citrobacter sp. BDA59-3	2781952	S	1	0	1	0.00000
Citrobacter sp. LY-1	2546350	S	1	1	2	0.00000
Citrobacter telavivum	2653932	S	2	0	2	0.00000
Citrobacter pasteurii	1563222	S	1	0	1	0.00000
Citrobacter tructae	2562449	S	1	0	1	0.00000
Escherichia coli	562	S	17	40	57	0.00000
Escherichia fergusonii	564	S	1	0	1	0.00000
Enterobacter ludwigii	299767	S	2	3	5	0.00000
Enterobacter hormaechei	158836	S	1	2	3	0.00000
Enterobacter roggenkampii	1812935	S	1	2	3	0.00000
Enterobacter bugandensis	881260	S	1	0	1	0.00000
Enterobacter sp. RHBSTW-00175	2742639	S	1	0	1	0.00000
Candidatus Tachikawaea gelatinosa	1410383	S	2	0	2	0.00000
Candidatus Blochmannia vafer	251535	S	1	0	1	0.00000
Enterobacteriaceae endosymbiont of Donacia tomentosa	2675787	S	1	2	3	0.00000
Pluralibacter gergoviae	61647	S	2	0	2	0.00000
Cronobacter sakazakii	28141	S	1	1	2	0.00000
Cedecea neteri	158822	S	2	0	2	0.00000
Leclercia sp. 119287	2681308	S	1	1	2	0.00000
Kluyvera intermedia	61648	S	2	0	2	0.00000
Scandinavium goeteborgense	1851514	S	1	0	1	0.00000
Buttiauxella agrestis	82977	S	1	0	1	0.00000
Salmonella enterica	28901	S	1	0	1	0.00000
Phytobacter ursingii	1972431	S	1	0	1	0.00000
Shimwellia blattae	563	S	1	0	1	0.00000
Pantoea sp. PSNIH1	1484158	S	3	0	3	0.00000
Pantoea sp. At-9b	592316	S	2	0	2	0.00000
Pantoea sp. CCBC3-3-1	2490851	S	1	0	1	0.00000
Pantoea ananatis	553	S	3	0	3	0.00000
Pantoea eucalypti	470933	S	1	0	1	0.00000
Pantoea agglomerans	549	S	1	0	1	0.00000
Pantoea alhagi	1891675	S	1	0	1	0.00000
Buchnera aphidicola	9	S	8	0	8	0.00000
Erwinia amylovora	552	S	1	1	2	0.00000
Erwinia persicina	55211	S	1	0	1	0.00000
Erwinia gerundensis	1619313	S	1	0	1	0.00000
Mixta calida	665913	S	1	0	1	0.00000
Serratia marcescens	615	S	3	0	3	0.00000
Serratia fonticola	47917	S	3	0	3	0.00000
Serratia sp. FS14	1327989	S	1	0	1	0.00000
Serratia sp. FDAARGOS_506	2420306	S	1	0	1	0.00000
Yersinia aleksiciae	263819	S	2	1	3	0.00000
Yersinia similis	367190	S	2	0	2	0.00000
Yersinia ruckeri	29486	S	1	0	1	0.00000
Yersinia mollaretii	33060	S	1	0	1	0.00000
Rahnella aquatilis	34038	S	1	2	3	0.00000
Ewingella americana	41202	S	1	0	1	0.00000
Rouxiella badensis	1646377	S	1	0	1	0.00000
Nissabacter sp. SGAir0207	2126321	S	1	0	1	0.00000
Xenorhabdus nematophila	628	S	2	0	2	0.00000
Xenorhabdus hominickii	351679	S	2	0	2	0.00000
Xenorhabdus poinarii	40577	S	1	0	1	0.00000
Morganella morganii	582	S	4	0	4	0.00000
Proteus mirabilis	584	S	4	0	4	0.00000
Providencia rettgeri	587	S	2	2	4	0.00000
Candidatus Arsenophonus lipoptenae	634113	S	1	0	1	0.00000
Pectobacterium parmentieri	1905730	S	5	0	5	0.00000
Pectobacterium brasiliense	180957	S	3	0	3	0.00000
Pectobacterium carotovorum	554	S	1	0	1	0.00000
Dickeya poaceiphila	568768	S	3	0	3	0.00000
Dickeya dadantii	204038	S	1	0	1	0.00000
Leminorella richardii	158841	S	2	0	2	0.00000
Plesiomonas shigelloides	703	S	1	0	1	0.00000
Pasteurella multocida	747	S	43	9	52	0.00000
Haemophilus parainfluenzae	729	S	9	0	9	0.00000
Haemophilus influenzae	727	S	3	0	3	0.00000
[Haemophilus] ducreyi	730	S	1	0	1	0.00000
Haemophilus pittmaniae	249188	S	1	0	1	0.00000
Mannheimia pernigra	111844	S	2	0	2	0.00000
Mannheimia granulomatis	85402	S	1	0	1	0.00000
Mannheimia varigena	85404	S	1	0	1	0.00000
Glaesserella parasuis	738	S	1	0	1	0.00000
Aggregatibacter aphrophilus	732	S	1	0	1	0.00000
Histophilus somni	731	S	1	0	1	0.00000
Bisgaardia hudsonensis	109472	S	1	0	1	0.00000
Methylomonas sp. LL1	2785785	S	53	0	53	0.00000
Methylomonas sp. DH-1	1727196	S	1	1	2	0.00000
Methylomonas sp. EFPC1	2812647	S	1	0	1	0.00000
Methylococcus sp. IM1	2681310	S	2	0	2	0.00000
Methylocaldum marinum	1432792	S	1	0	1	0.00000
Methylovulum psychrotolerans	1704499	S	1	0	1	0.00000
Candidatus Methylospira mobilis	1808979	S	1	0	1	0.00000
Pseudoalteromonas nigrifaciens	28109	S	2	4	6	0.00000
Pseudoalteromonas arabiensis	874454	S	2	0	2	0.00000
Pseudoalteromonas piratica	1348114	S	1	0	1	0.00000
Pseudoalteromonas luteoviolacea	43657	S	1	0	1	0.00000
Pseudoalteromonas spongiae	298657	S	1	0	1	0.00000
Pseudoalteromonas aliena	247523	S	1	0	1	0.00000
Pseudoalteromonas sp. DL-6	1390185	S	1	0	1	0.00000
Psychrosphaera sp. MTZ26	2820710	S	1	0	1	0.00000
Alteromonas macleodii	28108	S	4	0	4	0.00000
Alteromonas mediterranea	314275	S	3	0	3	0.00000
Alteromonas sp. RKMC-009	2267264	S	1	0	1	0.00000
Paraglaciecola sp. L3A3	2686358	S	1	0	1	0.00000
Paraglaciecola sp. L1A13	2686359	S	1	0	1	0.00000
Paraglaciecola psychrophila	326544	S	1	0	1	0.00000
Salinimonas lutimaris	914153	S	1	0	1	0.00000
Shewanella algae	38313	S	2	0	2	0.00000
Shewanella sediminis	271097	S	2	0	2	0.00000
Shewanella decolorationis	256839	S	2	0	2	0.00000
Shewanella putrefaciens	24	S	2	0	2	0.00000
Shewanella donghaensis	238836	S	1	0	1	0.00000
Shewanella litorisediminis	1173586	S	1	0	1	0.00000
Shewanella amazonensis	60478	S	1	0	1	0.00000
Idiomarina sp. OT37-5b	2100422	S	5	0	5	0.00000
Colwellia sp. PAMC 21821	1816219	S	1	1	2	0.00000
Litorilituus sediminis	718192	S	1	0	1	0.00000
Moritella marina	90736	S	2	0	2	0.00000
Ferrimonas balearica	44012	S	1	0	1	0.00000
Psychromonas ingrahamii	357794	S	1	0	1	0.00000
Halomonas sp. JS92-SW72	2306583	S	17	0	17	0.00000
Halomonas sp. MCCC 1A13718	2733488	S	2	0	2	0.00000
Halomonas sp. MCCC 1A13316	2733487	S	2	0	2	0.00000
Halomonas sp. THAF5a	2587844	S	2	0	2	0.00000
Halomonas sp. BC-M4-5	2497861	S	1	0	1	0.00000
Halomonas sp. SF2003	2136172	S	1	0	1	0.00000
Halomonas sp. KO116	1504981	S	1	0	1	0.00000
Halomonas sp. PGE1	2730360	S	1	0	1	0.00000
Halomonas chromatireducens	507626	S	2	0	2	0.00000
Halomonas subglaciescola	29571	S	1	0	1	0.00000
Halomonas socia	1081866	S	1	0	1	0.00000
Halomonas elongata	2746	S	1	0	1	0.00000
Pistricoccus aurantiacus	1883414	S	2	0	2	0.00000
Marinomonas posidonica	936476	S	3	0	3	0.00000
Marinomonas primoryensis	178399	S	1	0	1	0.00000
Marinomonas algicola	2773454	S	1	0	1	0.00000
Neptunomonas concharum	1031538	S	1	0	1	0.00000
Nitrincola sp. KXZD1103	2614693	S	1	0	1	0.00000
Alcanivorax sp. N3-2A	2014542	S	2	0	2	0.00000
Oleiphilus messinensis	141451	S	1	0	1	0.00000
Kangiella profundi	1561924	S	1	0	1	0.00000
Vibrio parahaemolyticus	670	S	5	0	5	0.00000
Vibrio campbellii	680	S	2	0	2	0.00000
Vibrio diabolicus	50719	S	1	0	1	0.00000
Vibrio anguillarum	55601	S	5	2	7	0.00000
Vibrio vulnificus	672	S	2	0	2	0.00000
Vibrio cincinnatiensis	675	S	2	0	2	0.00000
Vibrio sp. THAF190c	2587865	S	1	0	1	0.00000
Vibrio taketomensis	2572923	S	1	0	1	0.00000
Vibrio metoecus	1481663	S	1	0	1	0.00000
Vibrio coralliilyticus	190893	S	1	0	1	0.00000
Vibrio furnissii	29494	S	1	0	1	0.00000
Photobacterium damselae	38293	S	1	0	1	0.00000
Photobacterium gaetbulicola	1295392	S	1	0	1	0.00000
Candidatus Enterovibrio luxaltus	1927128	S	1	0	1	0.00000
Aliivibrio fischeri	668	S	1	0	1	0.00000
Legionella sp. TUM19329	2708020	S	3	0	3	0.00000
Legionella sp. PC997	2755562	S	1	0	1	0.00000
Legionella pneumophila	446	S	2	1	3	0.00000
Legionella oakridgensis	29423	S	1	0	1	0.00000
Legionella lansingensis	45067	S	1	0	1	0.00000
Legionella geestiana	45065	S	1	0	1	0.00000
Legionella adelaidensis	45056	S	1	0	1	0.00000
Legionella cherrii	28084	S	1	0	1	0.00000
Legionella longbeachae	450	S	1	0	1	0.00000
Legionella hackeliae	449	S	1	0	1	0.00000
Coxiella burnetii	777	S	3	0	3	0.00000
Candidatus Coxiella mudrowiae	2054173	S	2	0	2	0.00000
Coxiella endosymbiont of Amblyomma sculptum	2487929	S	1	0	1	0.00000
Candidatus Rickettsiella viridis	676208	S	1	0	1	0.00000
Candidatus Thiodictyon syntrophicum	1166950	S	6	0	6	0.00000
Nitrosococcus halophilus	133539	S	1	1	2	0.00000
Allochromatium vinosum	1049	S	1	0	1	0.00000
Marichromatium purpuratum	37487	S	1	0	1	0.00000
Caldichromatium japonicum	2699430	S	1	0	1	0.00000
Thioalkalivibrio nitratireducens	186931	S	3	0	3	0.00000
Thioalkalivibrio sulfidiphilus	1033854	S	3	0	3	0.00000
Acidihalobacter ferrooxydans	1765967	S	2	0	2	0.00000
Spiribacter curvatus	1335757	S	1	0	1	0.00000
Granulosicoccus antarcticus	437505	S	1	0	1	0.00000
Guyparkeria halophila	47960	S	1	0	1	0.00000
Cellvibrio sp. KY-YJ-3	454662	S	1	0	1	0.00000
Cellvibrio sp. PSBB023	1945512	S	1	0	1	0.00000
Cellvibrio japonicus	155077	S	1	0	1	0.00000
Simiduia agarivorans	447471	S	3	0	3	0.00000
Microbulbifer sp. A4B17	359370	S	1	0	1	0.00000
Microbulbifer sp. ALW1	1516059	S	1	0	1	0.00000
Microbulbifer sp. THAF38	2587856	S	1	0	1	0.00000
Microbulbifer sp. GL-2	2591606	S	1	0	1	0.00000
Microbulbifer sp. YPW1	2745199	S	1	0	1	0.00000
Microbulbifer agarilyticus	260552	S	1	0	1	0.00000
Zhongshania aliphaticivorans	1470434	S	3	0	3	0.00000
Spongiibacter sp. IMCC21906	1620392	S	1	0	1	0.00000
Oceanicoccus sagamiensis	716816	S	1	0	1	0.00000
Halioglobus maricola	2601894	S	2	0	2	0.00000
Kineobactrum salinum	2708301	S	1	0	1	0.00000
Aeromonas veronii	654	S	6	0	6	0.00000
Aeromonas salmonicida	645	S	5	2	7	0.00000
Aeromonas sp. ASNIH1	1636606	S	2	2	4	0.00000
Aeromonas hydrophila	644	S	1	0	1	0.00000
Zobellella denitrificans	347534	S	3	0	3	0.00000
Oceanimonas sp. GK1	511062	S	1	0	1	0.00000
Francisella sp. FSC1006	1547445	S	1	0	1	0.00000
Francisella sp. Scap27	2589986	S	1	1	2	0.00000
Francisella philomiragia	28110	S	1	2	3	0.00000
Piscirickettsia salmonis	1238	S	1	0	1	0.00000
Thiomicrorhabdus sediminis	2580412	S	1	0	1	0.00000
Thiosulfativibrio zosterae	2675053	S	1	0	1	0.00000
Thiosulfatimonas sediminis	2675054	S	1	0	1	0.00000
Thiothrix sp.	1032	S	1	0	1	0.00000
Dichelobacter nodosus	870	S	4	0	4	0.00000
Cardiobacterium hominis	2718	S	3	0	3	0.00000
Solimonas sp. K1W22B-7	2303331	S	6	0	6	0.00000
Bathymodiolus thermophilus thioautotrophic gill symbiont	2360	S	1	0	1	0.00000
Sedimenticola thiotaurini	1543721	S	2	0	2	0.00000
Gilliamella apicola	1196095	S	2	0	2	0.00000
Sulfurifustis variabilis	1675686	S	2	0	2	0.00000
Immundisolibacter cernigliae	1810504	S	2	0	2	0.00000
Variovorax sp. PAMC26660	2762322	S	11	1	12	0.00000
Variovorax sp. WDL1	207745	S	7	8	15	0.00000
Variovorax sp. PBL-H6	434009	S	7	14	21	0.00000
Variovorax sp. RKNM96	2681552	S	7	1	8	0.00000
Variovorax sp. PAMC 28711	1795631	S	5	0	5	0.00000
Variovorax sp. 38R	2774875	S	4	3	7	0.00000
Variovorax sp. RA8	662548	S	4	2	6	0.00000
Variovorax sp. HW608	1034889	S	4	0	4	0.00000
Variovorax sp. PAMC28562	2762323	S	4	0	4	0.00000
Variovorax sp. PBS-H4	434008	S	2	0	2	0.00000
Variovorax sp. SRS16	282217	S	1	4	5	0.00000
Variovorax paradoxus	34073	S	30	6	36	0.00000
Variovorax boronicumulans	436515	S	17	8	25	0.00000
Acidovorax sp. KKS102	358220	S	50	12	62	0.00000
Acidovorax sp. JMULE5	2518343	S	13	1	14	0.00000
Acidovorax sp. RAC01	1842533	S	11	2	13	0.00000
Acidovorax sp. T1	1858609	S	8	9	17	0.00000
Acidovorax sp. 1608163	2478662	S	5	0	5	0.00000
Acidovorax sp. JS42	232721	S	4	34	38	0.00000
Acidovorax sp. HDW3	2714923	S	4	0	4	0.00000
Acidovorax carolinensis	553814	S	17	5	22	0.00000
Acidovorax antarcticus	2743470	S	4	0	4	0.00000
Acidovorax avenae	80867	S	2	0	2	0.00000
Acidovorax citrulli	80869	S	2	0	2	0.00000
Acidovorax ebreus	721785	S	2	9	11	0.00000
Rhodoferax sp. AJA081-3	2752316	S	7	0	7	0.00000
Rhodoferax sp. PAMC29310	2822760	S	6	0	6	0.00000
Rhodoferax sp. BAB1	2741720	S	2	0	2	0.00000
Rhodoferax sediminis	2509614	S	13	1	14	0.00000
Rhodoferax ferrireducens	192843	S	8	0	8	0.00000
Rhodoferax koreense	1842727	S	8	2	10	0.00000
Rhodoferax antarcticus	81479	S	6	0	6	0.00000
Rhodoferax saidenbachensis	1484693	S	6	0	6	0.00000
Hydrogenophaga sp. PBL-H3	434010	S	8	4	12	0.00000
Hydrogenophaga sp. BA0156	2716225	S	5	1	6	0.00000
Hydrogenophaga sp. RAC07	1842537	S	3	0	3	0.00000
Hydrogenophaga sp. BPS33	2651974	S	3	0	3	0.00000
Hydrogenophaga sp. PBC	795665	S	2	0	2	0.00000
Hydrogenophaga sp. NH-16	2184519	S	2	6	8	0.00000
Hydrogenophaga sp. PAMC20947	2565558	S	2	0	2	0.00000
Hydrogenophaga sp. YM1	2806262	S	2	0	2	0.00000
Hydrogenophaga crassostreae	1763535	S	8	0	8	0.00000
Hydrogenophaga pseudoflava	47421	S	1	2	3	0.00000
Polaromonas naphthalenivorans	216465	S	18	1	19	0.00000
Polaromonas sp. JS666	296591	S	4	9	13	0.00000
Polaromonas vacuolata	37448	S	7	1	8	0.00000
Comamonas testosteroni	285	S	7	3	10	0.00000
Comamonas thiooxydans	363952	S	6	2	8	0.00000
Comamonas aquatica	225991	S	5	0	5	0.00000
Comamonas piscis	1562974	S	5	0	5	0.00000
Comamonas kerstersii	225992	S	4	0	4	0.00000
Comamonas sp. NLF-7-7	2597701	S	3	0	3	0.00000
Comamonas koreensis	160825	S	2	0	2	0.00000
Comamonas serinivorans	1082851	S	1	0	1	0.00000
Ottowia sp. 27C	2816950	S	12	1	13	0.00000
Ottowia sp. oral taxon 894	1658672	S	1	0	1	0.00000
Ottowia oryzae	2109914	S	8	1	9	0.00000
Diaphorobacter sp. HDW4A	2714924	S	9	3	12	0.00000
Diaphorobacter sp. HDW4B	2714925	S	3	0	3	0.00000
Diaphorobacter sp. JS3050	2735554	S	1	10	11	0.00000
Diaphorobacter sp. JS3051	2792224	S	1	9	10	0.00000
Diaphorobacter aerolatus	1288495	S	3	1	4	0.00000
Diaphorobacter ruginosibacter	1715720	S	2	0	2	0.00000
Delftia acidovorans	80866	S	6	4	10	0.00000
Delftia sp. Cs1-4	742013	S	3	2	5	0.00000
Delftia lacustris	558537	S	2	4	6	0.00000
Delftia tsuruhatensis	180282	S	1	1	2	0.00000
Ramlibacter tataouinensis	94132	S	14	0	14	0.00000
Alicycliphilus denitrificans	179636	S	13	15	28	0.00000
Limnohabitans sp. 103DPR2	1678129	S	8	0	8	0.00000
Limnohabitans sp. 63ED37-2	1678128	S	5	0	5	0.00000
Kinneretia sp. DAIF2	2714952	S	13	1	14	0.00000
Curvibacter sp. AEP1-3	1844971	S	9	0	9	0.00000
Simplicispira suum	2109915	S	4	0	4	0.00000
Verminephrobacter eiseniae	364317	S	4	0	4	0.00000
Serpentinomonas raichei	1458425	S	2	0	2	0.00000
Serpentinomonas mccroryi	1458426	S	2	0	2	0.00000
Schlegelella thermodepolymerans	215580	S	3	0	3	0.00000
Candidatus Symbiobacter mobilis	1436290	S	3	0	3	0.00000
Hylemonella gracilis	80880	S	2	0	2	0.00000
Pulveribacter suum	2116657	S	1	0	1	0.00000
Ralstonia solanacearum	305	S	143	23	166	0.00000
Burkholderia cenocepacia	95486	S	7	8	15	0.00000
Burkholderia ubonensis	101571	S	3	2	5	0.00000
Burkholderia cepacia	292	S	3	1	4	0.00000
Burkholderia stabilis	95485	S	2	0	2	0.00000
Burkholderia stagnalis	1503054	S	1	0	1	0.00000
Burkholderia multivorans	87883	S	1	0	1	0.00000
Burkholderia latens	488446	S	1	1	2	0.00000
Burkholderia sp. Bp7605	1740163	S	3	0	3	0.00000
Burkholderia sp. MS389	2811789	S	1	0	1	0.00000
Burkholderia sp. CCGE1003	640512	S	1	0	1	0.00000
Burkholderia sp. THE68	758782	S	1	0	1	0.00000
Burkholderia sp. RPE67	758796	S	1	1	2	0.00000
Burkholderia sp. YI23	1097668	S	1	1	2	0.00000
Burkholderia sp. PAMC 26561	1795043	S	1	0	1	0.00000
Burkholderia pseudomallei	28450	S	1	1	2	0.00000
Burkholderia oklahomensis	342113	S	1	0	1	0.00000
Burkholderia sp. BDU8	1385592	S	1	0	1	0.00000
Burkholderia sp. MSMB617WGS	1637831	S	1	3	4	0.00000
Burkholderia gladioli	28095	S	4	0	4	0.00000
Burkholderia glumae	337	S	2	0	2	0.00000
Cupriavidus taiwanensis	164546	S	6	1	7	0.00000
Cupriavidus nantongensis	1796606	S	4	3	7	0.00000
Cupriavidus necator	106590	S	3	0	3	0.00000
Cupriavidus pinatubonensis	248026	S	3	0	3	0.00000
Cupriavidus sp. USMAA2-4	876364	S	2	6	8	0.00000
Cupriavidus basilensis	68895	S	1	0	1	0.00000
Cupriavidus oxalaticus	96344	S	1	0	1	0.00000
Cupriavidus metallidurans	119219	S	1	0	1	0.00000
Paraburkholderia sp. 7MH5	2547399	S	2	0	2	0.00000
Paraburkholderia sp. SOS3	1926494	S	1	0	1	0.00000
Paraburkholderia sp. PGU19	2735434	S	1	0	1	0.00000
Paraburkholderia tropica	92647	S	4	0	4	0.00000
Paraburkholderia xenovorans	36873	S	3	1	4	0.00000
Paraburkholderia phytofirmans	261302	S	3	1	4	0.00000
Paraburkholderia hospita	169430	S	2	1	3	0.00000
Paraburkholderia phenoliruptrix	252970	S	2	0	2	0.00000
Paraburkholderia caledonica	134536	S	1	0	1	0.00000
Paraburkholderia fungorum	134537	S	1	0	1	0.00000
Paraburkholderia acidiphila	2571747	S	1	0	1	0.00000
Paraburkholderia acidophila	265293	S	1	0	1	0.00000
Paraburkholderia ginsengisoli	311231	S	1	0	1	0.00000
Paraburkholderia aromaticivorans	2026199	S	1	0	1	0.00000
Paraburkholderia sprentiae	948107	S	1	0	1	0.00000
Pandoraea pulmonicola	93221	S	2	0	2	0.00000
Pandoraea sputorum	93222	S	2	2	4	0.00000
Pandoraea fibrosis	1891094	S	2	1	3	0.00000
Pandoraea apista	93218	S	1	0	1	0.00000
Pandoraea norimbergensis	93219	S	1	0	1	0.00000
Pandoraea pnomenusa	93220	S	1	0	1	0.00000
Pandoraea oxalativorans	573737	S	1	1	2	0.00000
Pandoraea vervacti	656178	S	1	0	1	0.00000
Pandoraea sp. XY-2	2518599	S	1	0	1	0.00000
Polynucleobacter necessarius	576610	S	7	0	7	0.00000
Polynucleobacter wuianus	1743168	S	3	0	3	0.00000
Polynucleobacter duraquae	1835254	S	3	0	3	0.00000
Polynucleobacter paneuropaeus	2527775	S	1	0	1	0.00000
Polynucleobacter sp. LimPoW16	1743162	S	1	0	1	0.00000
Lautropia mirabilis	47671	S	8	0	8	0.00000
Caballeronia sp. M1242	2814653	S	1	2	3	0.00000
Caballeronia insecticola	758793	S	1	0	1	0.00000
Limnobacter sp. SAORIC-580	2732163	S	1	0	1	0.00000
Chitinimonas arctica	2594795	S	1	0	1	0.00000
Ephemeroptericola cinctiostellae	2268024	S	1	0	1	0.00000
Janthinobacterium sp. 1_2014MBL_MicDiv	1644131	S	10	1	11	0.00000
Janthinobacterium sp. LM6	1938606	S	10	3	13	0.00000
Janthinobacterium sp. HH102	1537274	S	6	9	15	0.00000
Janthinobacterium sp. PLB02	2808899	S	2	3	5	0.00000
Janthinobacterium sp. Marseille	375286	S	1	0	1	0.00000
Janthinobacterium tructae	2590869	S	10	3	13	0.00000
Janthinobacterium agaricidamnosum	55508	S	8	12	20	0.00000
Janthinobacterium svalbardensis	368607	S	7	2	9	0.00000
Janthinobacterium lividum	29581	S	5	5	10	0.00000
Massilia sp. NR 4-1	1678028	S	9	0	9	0.00000
Massilia sp. CCM 8941	2765360	S	6	1	7	0.00000
Massilia sp. WG5	1707785	S	3	1	4	0.00000
Massilia sp. LPB0304	2769491	S	3	0	3	0.00000
Massilia sp. YMA4	1593482	S	2	0	2	0.00000
Massilia sp. Dwa41.01b	2709302	S	2	8	10	0.00000
Massilia putida	1141883	S	8	2	10	0.00000
Massilia plicata	321984	S	3	0	3	0.00000
Massilia umbonata	864828	S	3	0	3	0.00000
Massilia oculi	945844	S	3	0	3	0.00000
Massilia violaceinigra	2045208	S	3	0	3	0.00000
Massilia lutea	321985	S	2	0	2	0.00000
Massilia armeniaca	2072590	S	2	0	2	0.00000
Collimonas fungivorans	158899	S	33	2	35	0.00000
Collimonas pratensis	279113	S	13	1	14	0.00000
Collimonas arenae	279058	S	8	0	8	0.00000
Undibacterium parvum	401471	S	9	0	9	0.00000
Undibacterium sp. KW1	2058624	S	3	1	4	0.00000
Undibacterium sp. YM2	2058625	S	3	1	4	0.00000
Herbaspirillum rubrisubalbicans	80842	S	3	0	3	0.00000
Herbaspirillum robiniae	2014887	S	3	0	3	0.00000
Herbaspirillum seropedicae	964	S	1	0	1	0.00000
Herbaspirillum frisingense	92645	S	1	0	1	0.00000
Herbaspirillum sp. meg3	2025949	S	1	0	1	0.00000
Duganella sp. AF9R3	2728021	S	6	0	6	0.00000
Duganella sp. GN2-R2	2728020	S	2	0	2	0.00000
Glaciimonas sp. PAMC28666	2807626	S	2	0	2	0.00000
Oxalobacter formigenes	847	S	1	0	1	0.00000
Rhizobacter gummiphilus	946333	S	10	0	10	0.00000
Rhizobacter sp. AJA081-3	2753607	S	10	1	11	0.00000
Paucibacter sp. KCTC 42545	1768242	S	13	1	14	0.00000
Leptothrix cholodnii	34029	S	9	1	10	0.00000
Rubrivivax gelatinosus	28068	S	8	1	9	0.00000
Methylibium petroleiphilum	105560	S	3	3	6	0.00000
Xylophilus rhododendri	2697032	S	6	0	6	0.00000
Aquabacterium olei	1296669	S	5	0	5	0.00000
Thiomonas sp. X19	1050370	S	2	0	2	0.00000
Thiomonas intermedia	926	S	1	0	1	0.00000
Sphaerotilus natans	34103	S	3	0	3	0.00000
Mitsuaria sp. 7	1658665	S	3	0	3	0.00000
Roseateles depolymerans	76731	S	1	0	1	0.00000
Achromobacter sp. AONIH1	1758194	S	3	0	3	0.00000
Achromobacter sp. MFA1 R4	1881016	S	2	0	2	0.00000
Achromobacter sp. B7	2282475	S	1	0	1	0.00000
Achromobacter xylosoxidans	85698	S	5	1	6	0.00000
Achromobacter insolitus	217204	S	3	0	3	0.00000
Achromobacter deleyi	1353891	S	3	0	3	0.00000
Achromobacter denitrificans	32002	S	1	0	1	0.00000
Achromobacter spanius	217203	S	1	0	1	0.00000
Bordetella sp. N	1746199	S	3	0	3	0.00000
Bordetella sp. H567	1697043	S	2	0	2	0.00000
Bordetella flabilis	463014	S	3	0	3	0.00000
Bordetella hinzii	103855	S	2	0	2	0.00000
Bordetella bronchialis	463025	S	2	0	2	0.00000
Bordetella genomosp. 13	463040	S	2	0	2	0.00000
Bordetella genomosp. 9	1416803	S	2	0	2	0.00000
Bordetella avium	521	S	1	0	1	0.00000
Bordetella pseudohinzii	1331258	S	1	0	1	0.00000
Pusillimonas sp. T7-7	1007105	S	1	0	1	0.00000
Pusillimonas sp. DMV24BSW_D	2716226	S	1	0	1	0.00000
Alcaligenes faecalis	511	S	1	0	1	0.00000
Oligella urethralis	90245	S	1	0	1	0.00000
Kerstersia gyiorum	206506	S	1	0	1	0.00000
Basilea psittacipulmonis	1472345	S	1	0	1	0.00000
Orrella dioscoreae	1851544	S	1	0	1	0.00000
Sutterella wadsworthensis	40545	S	3	0	3	0.00000
Candidatus Methylopumilus turicensis	1581680	S	5	1	6	0.00000
Candidatus Methylopumilus planktonicus	1581557	S	2	0	2	0.00000
Methylotenera versatilis	1055487	S	4	0	4	0.00000
Methylotenera mobilis	359408	S	2	0	2	0.00000
Methylophilus medardicus	2588534	S	2	0	2	0.00000
Nitrosomonas sp. Is79A3	261292	S	6	0	6	0.00000
Nitrosomonas sp. AL212	153948	S	1	0	1	0.00000
Nitrosomonas ureae	44577	S	2	0	2	0.00000
Nitrosomonas europaea	915	S	1	0	1	0.00000
Nitrosomonas stercoris	1444684	S	1	0	1	0.00000
Nitrosospira lacus	1288494	S	1	0	1	0.00000
Denitratisoma sp. DHT3	1981880	S	3	1	4	0.00000
Denitratisoma oestradiolicum	311182	S	1	0	1	0.00000
Methyloversatilis sp. RAC08	1842540	S	3	0	3	0.00000
Usitatibacter rugosus	2732067	S	2	0	2	0.00000
Usitatibacter palustris	2732487	S	2	0	2	0.00000
Thiobacillus denitrificans	36861	S	3	0	3	0.00000
Gallionella capsiferriformans	370405	S	2	0	2	0.00000
Neisseria animaloris	326522	S	4	0	4	0.00000
Neisseria subflava	28449	S	4	0	4	0.00000
Neisseria flavescens	484	S	3	0	3	0.00000
Neisseria mucosa	488	S	2	0	2	0.00000
Neisseria meningitidis	487	S	1	0	1	0.00000
Neisseria sicca	490	S	1	0	1	0.00000
Neisseria canis	493	S	1	0	1	0.00000
Neisseria elongata	495	S	1	0	1	0.00000
Neisseria musculi	1815583	S	1	0	1	0.00000
Kingella oralis	505	S	6	0	6	0.00000
Vitreoscilla filiformis	63	S	1	0	1	0.00000
Vitreoscilla sp. C1	96942	S	1	0	1	0.00000
Conchiformibius steedae	153493	S	1	0	1	0.00000
Chromobacterium haemolyticum	394935	S	1	3	4	0.00000
Chromobacterium sp. ATCC 53434	2059672	S	1	0	1	0.00000
Iodobacter sp. H11R3	2496266	S	1	0	1	0.00000
Chitinibacter sp. 2T18	2739434	S	1	3	4	0.00000
Aquitalea denitrificans	519081	S	1	0	1	0.00000
Aquitalea aquatilis	1537400	S	1	0	1	0.00000
Jeongeupia sp. USM3	1906741	S	2	0	2	0.00000
Aquaspirillum sp. LM1	1938604	S	1	0	1	0.00000
Pseudogulbenkiania sp. NH8B	748280	S	1	0	1	0.00000
Azospira sp. I09	1765049	S	2	3	5	0.00000
Azospira oryzae	146939	S	1	1	2	0.00000
Azospira restricta	404405	S	1	0	1	0.00000
Aromatoleum aromaticum	551760	S	5	0	5	0.00000
Aromatoleum bremense	76115	S	1	0	1	0.00000
Aromatoleum petrolei	76116	S	1	0	1	0.00000
Niveibacterium sp. HC41	2811415	S	2	0	2	0.00000
Oryzomicrobium terrae	1735038	S	1	0	1	0.00000
Azoarcus sp. DN11	356837	S	3	0	3	0.00000
Azoarcus sp. CIB	198107	S	2	0	2	0.00000
Azoarcus sp. M9-3-2	2016596	S	2	0	2	0.00000
Azoarcus sp. KH32C	748247	S	1	0	1	0.00000
Azoarcus sp. DD4	2027405	S	1	0	1	0.00000
Azoarcus olearius	418699	S	1	0	1	0.00000
Thauera humireducens	1134435	S	3	0	3	0.00000
Thauera aromatica	59405	S	2	1	3	0.00000
Thauera hydrothermalis	2184083	S	1	0	1	0.00000
Dechloromonas aromatica	259537	S	3	0	3	0.00000
Dechloromonas sp. TW-R-39-2	2654218	S	1	0	1	0.00000
Fluviibacter phosphoraccumulans	1751046	S	3	0	3	0.00000
Casimicrobium huifangae	2591109	S	5	0	5	0.00000
Candidatus Kinetoplastibacterium galatii	994695	S	2	0	2	0.00000
Candidatus Kinetoplastibacterium crithidii	33056	S	1	-1	0	0.00000
Candidatus Kinetoplastibacterium desouzaii	994692	S	1	0	1	0.00000
Bradyrhizobium sp. ORS 285	115808	S	6	1	7	0.00000
Bradyrhizobium sp. BTAi1	288000	S	4	0	4	0.00000
Bradyrhizobium sp. 6(2017)	1197460	S	4	1	5	0.00000
Bradyrhizobium sp. CCBAU 53421	1325120	S	3	2	5	0.00000
Bradyrhizobium sp. ORS 278	114615	S	2	0	2	0.00000
Bradyrhizobium sp. 1(2017)	1404888	S	2	1	3	0.00000
Bradyrhizobium sp. CCBAU 51753	1325100	S	2	0	2	0.00000
Bradyrhizobium sp. CCBAU 051011	858422	S	2	0	2	0.00000
Bradyrhizobium sp. CCBAU 51765	1325102	S	1	0	1	0.00000
Bradyrhizobium sp. SK17	2057741	S	1	0	1	0.00000
Bradyrhizobium erythrophlei	1437360	S	10	0	10	0.00000
Bradyrhizobium diazoefficiens	1355477	S	8	12	20	0.00000
Bradyrhizobium arachidis	858423	S	4	1	5	0.00000
Bradyrhizobium symbiodeficiens	1404367	S	3	0	3	0.00000
Bradyrhizobium lablabi	722472	S	3	4	7	0.00000
Bradyrhizobium vignae	1549949	S	2	0	2	0.00000
Bradyrhizobium paxllaeri	190148	S	2	0	2	0.00000
Bradyrhizobium guangxiense	1325115	S	2	1	3	0.00000
Bradyrhizobium japonicum	375	S	2	1	3	0.00000
Bradyrhizobium icense	1274631	S	1	0	1	0.00000
Bradyrhizobium guangzhouense	1325095	S	1	0	1	0.00000
Bradyrhizobium canariense	255045	S	1	0	1	0.00000
Bradyrhizobium betae	244734	S	1	0	1	0.00000
Bradyrhizobium genosp. L	83637	S	1	0	1	0.00000
Bradyrhizobium oligotrophicum	44255	S	1	0	1	0.00000
Bosea sp. Tri-49	1867715	S	4	0	4	0.00000
Bosea sp. F3-2	2599640	S	4	1	5	0.00000
Bosea sp. RAC05	1842539	S	3	0	3	0.00000
Bosea sp. AS-1	2015316	S	1	0	1	0.00000
Bosea sp. ANAM02	2020412	S	1	0	1	0.00000
Bosea vaviloviae	1526658	S	1	0	1	0.00000
Rhodopseudomonas palustris	1076	S	13	0	13	0.00000
Afipia sp. GAS231	1882747	S	8	1	9	0.00000
Nitrobacter winogradskyi	913	S	2	0	2	0.00000
Nitrobacter hamburgensis	912	S	1	0	1	0.00000
Tardiphaga sp. vice154	2592814	S	1	1	2	0.00000
Tardiphaga robiniae	943830	S	1	0	1	0.00000
Variibacter gotjawalensis	1333996	S	1	0	1	0.00000
Methylobacterium sp. WL1	2603276	S	4	0	4	0.00000
Methylobacterium sp. 4-46	426117	S	2	0	2	0.00000
Methylobacterium sp. AMS5	925818	S	2	0	2	0.00000
Methylobacterium sp. XJLW	739141	S	1	5	6	0.00000
Methylobacterium sp. 17Sr1-1	2202826	S	1	0	1	0.00000
Methylobacterium brachiatum	269660	S	9	1	10	0.00000
Methylobacterium currus	2051553	S	6	0	6	0.00000
Methylobacterium aquaticum	270351	S	5	0	5	0.00000
Methylobacterium phyllosphaerae	418223	S	2	2	4	0.00000
Methylobacterium durans	2202825	S	2	0	2	0.00000
Methylobacterium terrae	2202827	S	2	0	2	0.00000
Methylobacterium indicum	1775910	S	1	0	1	0.00000
Methylorubrum populi	223967	S	15	2	17	0.00000
Methylorubrum extorquens	408	S	11	3	14	0.00000
Methylorubrum zatmanii	29429	S	1	2	3	0.00000
Microvirga sp. VF16	2807101	S	7	0	7	0.00000
Microvirga ossetica	1882682	S	1	0	1	0.00000
Rhizobium sp. ACO-34A	1571470	S	5	1	6	0.00000
Rhizobium sp. BG4	2613770	S	3	0	3	0.00000
Rhizobium sp. Khangiran2	1435607	S	1	3	4	0.00000
Rhizobium sp. NZLR1	2731096	S	1	1	2	0.00000
Rhizobium sp. 11515TR	2028343	S	1	0	1	0.00000
Rhizobium etli	29449	S	3	8	11	0.00000
Rhizobium leguminosarum	384	S	2	2	4	0.00000
Rhizobium bangladeshense	1138189	S	1	0	1	0.00000
Rhizobium indicum	2583231	S	1	2	3	0.00000
Rhizobium rosettiformans	1368430	S	1	0	1	0.00000
Rhizobium favelukesii	348824	S	1	0	1	0.00000
Rhizobium gallicum	56730	S	1	0	1	0.00000
Agrobacterium tumefaciens	358	S	4	1	5	0.00000
Agrobacterium fabacearum	1183401	S	1	1	2	0.00000
Agrobacterium vitis	373	S	2	0	2	0.00000
Agrobacterium rubi	28099	S	1	0	1	0.00000
Agrobacterium sp. MA01	2664893	S	1	0	1	0.00000
Neorhizobium sp. SOG26	2060726	S	2	0	2	0.00000
Neorhizobium sp. NCHU2750	1825976	S	1	0	1	0.00000
Neorhizobium galegae	399	S	2	0	2	0.00000
Ensifer sp. PDNC004	2811423	S	4	1	5	0.00000
Ensifer alkalisoli	1752398	S	1	0	1	0.00000
Sinorhizobium sp. RAC02	1842534	S	1	1	2	0.00000
Kaistia sp. 32K	2795690	S	2	0	2	0.00000
Mesorhizobium sp. J8	2777475	S	6	1	7	0.00000
Mesorhizobium sp. NBSH29	2654249	S	5	0	5	0.00000
Mesorhizobium sp. M9A.F.Ca.ET.002.03.1.2	2493668	S	4	3	7	0.00000
Mesorhizobium sp. AA22	1854057	S	3	2	5	0.00000
Mesorhizobium sp. Pch-S	2082387	S	3	0	3	0.00000
Mesorhizobium sp. 131-2-1	2744518	S	2	1	3	0.00000
Mesorhizobium sp. M4B.F.Ca.ET.058.02.1.1	2493675	S	2	1	3	0.00000
Mesorhizobium sp. N3	675281	S	1	0	1	0.00000
Mesorhizobium sp. M1B.F.Ca.ET.045.04.1.1	2493673	S	1	0	1	0.00000
Mesorhizobium sp. NZP2077	2483404	S	1	0	1	0.00000
Mesorhizobium amorphae	71433	S	3	0	3	0.00000
Mesorhizobium loti	381	S	1	0	1	0.00000
Mesorhizobium ciceri	39645	S	1	2	3	0.00000
Mesorhizobium oceanicum	1670800	S	1	0	1	0.00000
Phyllobacterium zundukense	1867719	S	3	0	3	0.00000
Phyllobacterium sp. 628	2718938	S	3	0	3	0.00000
Aminobacter sp. SR38	2774562	S	1	2	3	0.00000
Roseitalea porphyridii	1852022	S	1	0	1	0.00000
Salaquimonas pukyongi	2712698	S	1	0	1	0.00000
Devosia sp. 1566	2499144	S	4	0	4	0.00000
Devosia sp. I507	2083786	S	3	0	3	0.00000
Devosia sp. A16	1736675	S	1	0	1	0.00000
Devosia sp. MC521	2759954	S	1	0	1	0.00000
Devosia sp. LEGU1	2774137	S	1	0	1	0.00000
Devosia ginsengisoli	400770	S	1	0	1	0.00000
Hyphomicrobium denitrificans	53399	S	5	0	5	0.00000
Hyphomicrobium nitrativorans	1427356	S	2	0	2	0.00000
Methyloceanibacter caenitepidi	1384459	S	2	0	2	0.00000
Methyloceanibacter sp. wino2	2170729	S	1	0	1	0.00000
Rhodoplanes sp. Z2-YC6860	674703	S	3	0	3	0.00000
Aquabacter sp. L1I39	2820278	S	2	0	2	0.00000
Blastochloris tepida	2233851	S	1	0	1	0.00000
Maritalea myrionectae	454601	S	1	0	1	0.00000
Pelagibacterium halotolerans	531813	S	1	0	1	0.00000
Xanthobacter sp. YN2	2528964	S	6	0	6	0.00000
Ancylobacter pratisalsi	1745854	S	2	0	2	0.00000
Ancylobacter sp. TS-1	1850374	S	1	0	1	0.00000
Pseudolabrys sp. FHR47	2562284	S	2	0	2	0.00000
Azorhizobium caulinodans	7	S	1	0	1	0.00000
Methylocystis heyeri	391905	S	3	0	3	0.00000
Methylocystis rosea	173366	S	2	0	2	0.00000
Methylocystis parvus	134	S	1	0	1	0.00000
Methylocystis sp. SC2	187303	S	1	0	1	0.00000
Methylosinus trichosporium	426	S	1	0	1	0.00000
Aureimonas sp. AU20	1349819	S	3	0	3	0.00000
Aureimonas sp. LMG 31693	2758041	S	1	0	1	0.00000
Aureimonas populi	1701758	S	2	0	2	0.00000
Martelella endophytica	1486262	S	1	0	1	0.00000
Martelella sp. AD-3	686597	S	1	0	1	0.00000
Methylocella silvestris	199596	S	2	0	2	0.00000
Methylocella tundrae	227605	S	2	0	2	0.00000
Beijerinckia indica	533	S	3	0	3	0.00000
Bartonella apis	1686310	S	2	0	2	0.00000
Bartonella sp. HY038	2759660	S	1	0	1	0.00000
Bartonella kosoyi	2133959	S	1	0	1	0.00000
Bartonella henselae	38323	S	1	0	1	0.00000
Hartmannibacter diazotrophicus	1482074	S	4	0	4	0.00000
[Ochrobactrum] quorumnocens	271865	S	1	0	1	0.00000
Brucella sp. 2280	2592625	S	1	1	2	0.00000
Cohaesibacter sp. ES.047	1798205	S	1	0	1	0.00000
Breoghania sp. L-A4	2304600	S	1	0	1	0.00000
Chelatococcus daeguensis	444444	S	1	0	1	0.00000
Parvibaculum lavamentivorans	256618	S	1	0	1	0.00000
Pannonibacter phragmitetus	121719	S	1	0	1	0.00000
Sphingomonas sp. CL5.1	2653203	S	5	0	5	0.00000
Sphingomonas sp. Cra20	1327635	S	5	0	5	0.00000
Sphingomonas sp. HMP6	1517551	S	5	0	5	0.00000
Sphingomonas sp. AAP5	1523415	S	5	0	5	0.00000
Sphingomonas sp. HMP9	1517554	S	4	0	4	0.00000
Sphingomonas sp. XS-10	2599297	S	3	0	3	0.00000
Sphingomonas sp. NBWT7	2596913	S	3	0	3	0.00000
Sphingomonas sp. DH-S5	2759526	S	2	0	2	0.00000
Sphingomonas sp. MM-1	745310	S	2	1	3	0.00000
Sphingomonas sp. AP4-R1	2735134	S	2	0	2	0.00000
Sphingomonas sp. HDW15C	2714944	S	2	0	2	0.00000
Sphingomonas sp. PAMC26645	2565555	S	2	0	2	0.00000
Sphingomonas sp. MK52	2711156	S	2	0	2	0.00000
Sphingomonas sp. C8-2	2492837	S	2	0	2	0.00000
Sphingomonas sp. YZ-8	2319844	S	2	0	2	0.00000
Sphingomonas sp. LMO-1	2681549	S	1	0	1	0.00000
Sphingomonas sp. FARSPH	2219696	S	1	0	1	0.00000
Sphingomonas sp. NIC1	1961362	S	1	0	1	0.00000
Sphingomonas sp. SH	849864	S	1	7	8	0.00000
Sphingomonas koreensis	93064	S	25	7	32	0.00000
Sphingomonas melonis	152682	S	7	8	15	0.00000
Sphingomonas ginsengisoli An et al. 2013	363835	S	5	0	5	0.00000
Sphingomonas taxi	1549858	S	5	0	5	0.00000
Sphingomonas panacisoli	1813879	S	4	0	4	0.00000
Sphingomonas sanxanigenens	397260	S	4	0	4	0.00000
Sphingomonas lacunae	2698828	S	3	0	3	0.00000
Sphingomonas paucimobilis	13689	S	3	0	3	0.00000
Sphingomonas alpina	653931	S	3	0	3	0.00000
Sphingomonas insulae	424800	S	3	0	3	0.00000
Sphingomonas panacis	1560345	S	2	0	2	0.00000
Sphingomonas xanthus	2594473	S	2	0	2	0.00000
Sphingomonas lutea	1045317	S	1	0	1	0.00000
Sphingomonas hengshuiensis	1609977	S	1	0	1	0.00000
Sphingomonas rhizophila	2071607	S	1	0	1	0.00000
Sphingomonas wittichii	160791	S	1	0	1	0.00000
Sphingobium sp. YG1	2082188	S	29	4	33	0.00000
Sphingobium sp. TKS	1315974	S	5	3	8	0.00000
Sphingobium sp. SCG-1	2072936	S	4	0	4	0.00000
Sphingobium sp. YBL2	484429	S	1	1	2	0.00000
Sphingobium sp. RSMS	520734	S	1	1	2	0.00000
Sphingobium sp. SYK-6	627192	S	1	0	1	0.00000
Sphingobium sp. EP60837	1855519	S	1	0	1	0.00000
Sphingobium sp. PAMC28499	2565554	S	1	0	1	0.00000
Sphingobium amiense	135719	S	7	6	13	0.00000
Sphingobium yanoikuyae	13690	S	5	2	7	0.00000
Sphingobium herbicidovorans	76947	S	5	1	6	0.00000
Sphingobium cloacae	120107	S	2	1	3	0.00000
Sphingobium hydrophobicum	1673076	S	2	0	2	0.00000
Sphingobium japonicum	332056	S	1	0	1	0.00000
Sphingopyxis terrae	33052	S	21	2	23	0.00000
Sphingopyxis sp. EG6	1874061	S	4	0	4	0.00000
Sphingopyxis sp. 113P3	292913	S	3	0	3	0.00000
Sphingopyxis sp. MG	1866325	S	2	3	5	0.00000
Sphingopyxis sp. PAMC25046	2565556	S	2	0	2	0.00000
Sphingopyxis sp. QXT-31	1357916	S	1	0	1	0.00000
Sphingopyxis sp. LPB0140	1913578	S	1	0	1	0.00000
Sphingopyxis macrogoltabida	33050	S	8	1	9	0.00000
Sphingopyxis fribergensis	1515612	S	7	0	7	0.00000
Sphingopyxis granuli	267128	S	3	4	7	0.00000
Sphingopyxis alaskensis	117207	S	1	0	1	0.00000
Sphingopyxis lindanitolerans	2054227	S	1	0	1	0.00000
Novosphingobium sp. ABRDHK2	2571749	S	4	0	4	0.00000
Novosphingobium sp. PP1Y	702113	S	3	0	3	0.00000
Novosphingobium sp. P6W	1609758	S	1	0	1	0.00000
Novosphingobium sp. ES2-1	2780074	S	1	0	1	0.00000
Novosphingobium pentaromativorans	205844	S	4	2	6	0.00000
Novosphingobium ginsenosidimutans	1176536	S	2	0	2	0.00000
Novosphingobium resinovorum	158500	S	1	0	1	0.00000
Sphingosinithalassobacter sp. zrk23	2711215	S	2	0	2	0.00000
Sphingosinithalassobacter sp. CS137	2762748	S	1	0	1	0.00000
Sphingorhabdus lacus	392610	S	2	0	2	0.00000
Tardibacter chloracetimidivorans	1921510	S	2	0	2	0.00000
Novosphingopyxis sp. PB63	2762729	S	2	0	2	0.00000
Zymomonas mobilis	542	S	1	0	1	0.00000
Citromicrobium sp. JL477	1634516	S	1	0	1	0.00000
Blastomonas fulva	1550728	S	1	0	1	0.00000
Parasphingopyxis sp. CP4	2724527	S	1	0	1	0.00000
Erythrobacter sp. HL-111	1798193	S	4	0	4	0.00000
Erythrobacter sp. 6D36	2782568	S	2	0	2	0.00000
Erythrobacter aureus	2182384	S	1	0	1	0.00000
Erythrobacter mangrovi	2739433	S	1	0	1	0.00000
Porphyrobacter sp. LM 6	1896196	S	3	0	3	0.00000
Porphyrobacter sp. HT-58-2	2023229	S	3	0	3	0.00000
Porphyrobacter sp. CACIAM 03H1	2003315	S	1	0	1	0.00000
Porphyrobacter sp. YT40	2547601	S	1	0	1	0.00000
Tsuneonella dongtanensis	692370	S	3	0	3	0.00000
Tsuneonella amylolytica	2338327	S	1	0	1	0.00000
Altererythrobacter sp. B11	2060312	S	1	0	1	0.00000
Altererythrobacter sp. ZODW24	2185142	S	1	0	1	0.00000
Altererythrobacter ishigakiensis	476157	S	1	0	1	0.00000
Croceicoccus sp. YJ47	2798724	S	3	0	3	0.00000
Qipengyuania flava	192812	S	2	0	2	0.00000
Qipengyuania sediminis	1532023	S	1	0	1	0.00000
Paraurantiacibacter namhicola	645517	S	1	0	1	0.00000
Pelagerythrobacter marensis	543877	S	1	0	1	0.00000
Sphingosinicella sp. BN140058	1892855	S	1	0	1	0.00000
Sphingosinicella sp. UDD2	2771430	S	1	0	1	0.00000
Paracoccus sanguinis	1545044	S	7	0	7	0.00000
Paracoccus denitrificans	266	S	4	0	4	0.00000
Paracoccus sp. AK26	2589076	S	2	0	2	0.00000
Paracoccus sp. Arc7-R13	2500532	S	1	0	1	0.00000
Paracoccus sp. H4-D09	2812658	S	1	0	1	0.00000
Paracoccus yeei	147645	S	3	1	4	0.00000
Paracoccus contaminans	1945662	S	2	0	2	0.00000
Paracoccus kondratievae	135740	S	2	0	2	0.00000
Paracoccus aminophilus	34003	S	1	0	1	0.00000
Paracoccus suum	2259340	S	1	0	1	0.00000
Paracoccus jeotgali	2065379	S	1	0	1	0.00000
Paracoccus mutanolyticus	1499308	S	1	0	1	0.00000
Paracoccus pantotrophus	82367	S	1	0	1	0.00000
Sulfitobacter sp. AM1-D1	1917485	S	3	1	4	0.00000
Sulfitobacter sp. JL08	2070369	S	2	0	2	0.00000
Sulfitobacter sp. SK012	1389005	S	1	0	1	0.00000
Sulfitobacter pseudonitzschiae	1402135	S	1	0	1	0.00000
Cereibacter sphaeroides	1063	S	6	0	6	0.00000
Rhodobacter blasticus	1075	S	2	0	2	0.00000
Rhodobacter sp. CZR27	2033869	S	2	0	2	0.00000
Rhodobacter capsulatus	1061	S	1	0	1	0.00000
Octadecabacter antarcticus	1217908	S	3	0	3	0.00000
Octadecabacter sp. SW4	2602067	S	1	0	1	0.00000
Rhodobaca barguzinensis	441209	S	4	0	4	0.00000
Pelagibaca abyssi	1250539	S	3	0	3	0.00000
Thioclava nitratireducens	1915078	S	1	1	2	0.00000
Celeribacter indicus	1208324	S	2	0	2	0.00000
Haematobacter massiliensis	195105	S	2	0	2	0.00000
Pseudopuniceibacterium antarcticum	2613965	S	2	0	2	0.00000
Phaeobacter piscinae	1580596	S	2	0	2	0.00000
Tateyamaria omphalii	299262	S	2	0	2	0.00000
Paraoceanicella profunda	2579971	S	2	0	2	0.00000
Gemmobacter sp. HYN0069	2169400	S	2	0	2	0.00000
Leisingera methylohalidivorans	133924	S	1	0	1	0.00000
Leisingera aquaemixtae	1396826	S	1	0	1	0.00000
Roseovarius sp. THAF9	2587847	S	2	0	2	0.00000
Antarctobacter heliothermus	74033	S	2	0	2	0.00000
Ketogulonicigenium robustum	92947	S	2	0	2	0.00000
Thalassobius gelatinovorus	53501	S	1	0	1	0.00000
Roseicitreum antarcticum	564137	S	1	0	1	0.00000
Sagittula sp. P11	2009329	S	1	0	1	0.00000
Ruegeria pomeroyi	89184	S	1	0	1	0.00000
Salipiger pacificus	311180	S	1	0	1	0.00000
Oceanicola sp. D3	2587163	S	1	0	1	0.00000
Brevundimonas sp. LVF2	2774190	S	6	0	6	0.00000
Brevundimonas sp. 'scallop'	2562582	S	5	4	9	0.00000
Brevundimonas sp. GRTSA-9	2800818	S	5	0	5	0.00000
Brevundimonas sp. SGAir0440	2579977	S	4	1	5	0.00000
Brevundimonas sp. LVF1	2774189	S	3	0	3	0.00000
Brevundimonas sp. GW460-12-10-14-LB2	1827469	S	2	1	3	0.00000
Brevundimonas sp. LM2	1938605	S	2	0	2	0.00000
Brevundimonas sp. DS20	1532555	S	1	1	2	0.00000
Brevundimonas sp. Bb-A	2560058	S	1	1	2	0.00000
Brevundimonas sp. MF30-B	2561924	S	1	0	1	0.00000
Brevundimonas sp. CS1	2813778	S	1	0	1	0.00000
Brevundimonas naejangsanensis	588932	S	3	0	3	0.00000
Brevundimonas diminuta	293	S	2	2	4	0.00000
Brevundimonas vesicularis	41276	S	2	2	4	0.00000
Brevundimonas subvibrioides	74313	S	2	0	2	0.00000
Brevundimonas mediterranea	74329	S	2	0	2	0.00000
Brevundimonas vancanneytii	1325724	S	1	2	3	0.00000
Caulobacter sp. K31	366602	S	4	0	4	0.00000
Caulobacter sp. FWC26	69665	S	2	0	2	0.00000
Caulobacter segnis	88688	S	5	0	5	0.00000
Caulobacter henricii	69395	S	3	0	3	0.00000
Caulobacter vibrioides	155892	S	3	0	3	0.00000
Caulobacter flavus	1679497	S	3	0	3	0.00000
Caulobacter rhizosphaerae	2010972	S	2	0	2	0.00000
Caulobacter mirabilis	69666	S	1	0	1	0.00000
Terricaulis silvestris	2686094	S	3	0	3	0.00000
Phenylobacterium zucineum	284016	S	1	0	1	0.00000
Azospirillum sp. TSA2s	709810	S	2	7	9	0.00000
Azospirillum brasilense	192	S	2	4	6	0.00000
Azospirillum ramasamyi	682998	S	1	1	2	0.00000
Azospirillum thermophilum	2202148	S	1	0	1	0.00000
Magnetospirillum magneticum	84159	S	2	0	2	0.00000
Magnetospirillum sp. XM-1	1663591	S	1	0	1	0.00000
Rhodospirillum centenum	34018	S	3	0	3	0.00000
Nitrospirillum amazonense	28077	S	3	0	3	0.00000
Indioceanicola profundi	2220096	S	3	0	3	0.00000
Ferrovibrio terrae	2594003	S	2	0	2	0.00000
Defluviicoccus vanus	111831	S	1	0	1	0.00000
Thalassospira sp. A40-3	2785908	S	1	0	1	0.00000
Skermanella pratensis	2233999	S	1	0	1	0.00000
Roseomonas gilardii	257708	S	4	0	4	0.00000
Roseomonas sp. FDAARGOS_362	2018065	S	2	2	4	0.00000
Roseomonas sp. 546	2768162	S	1	0	1	0.00000
Roseomonas mucosa	207340	S	2	2	4	0.00000
Komagataeibacter europaeus	33995	S	2	0	2	0.00000
Komagataeibacter hansenii	436	S	1	0	1	0.00000
Komagataeibacter nataicola	265960	S	1	0	1	0.00000
Komagataeibacter medellinensis	1177712	S	1	0	1	0.00000
Kozakia baliensis	153496	S	3	0	3	0.00000
Acidiphilium cryptum	524	S	1	1	2	0.00000
Acidibrevibacterium fodinaquatile	1969806	S	1	0	1	0.00000
Parasaccharibacter apium	1510841	S	1	0	1	0.00000
Granulibacter bethesdensis	364410	S	1	0	1	0.00000
Ehrlichia ruminantium	779	S	3	0	3	0.00000
Wolbachia endosymbiont of Cruorifilaria tuberocauda	1812111	S	1	1	2	0.00000
Anaplasma marginale	770	S	1	0	1	0.00000
Neorickettsia helminthoeca	33994	S	1	0	1	0.00000
Rickettsia amblyommatis	33989	S	1	0	1	0.00000
Rickettsia felis	42862	S	1	0	1	0.00000
Rickettsia typhi	785	S	1	0	1	0.00000
Candidatus Sneabacter namystus	2601646	S	1	0	1	0.00000
Candidatus Midichloria mitochondrii	234827	S	1	0	1	0.00000
Phreatobacter cathodiphilus	1868589	S	2	0	2	0.00000
Phreatobacter stygius	1940610	S	2	0	2	0.00000
Phreatobacter sp. NMCR1094	2570229	S	2	0	2	0.00000
Candidatus Paracaedibacter acanthamoebae	91604	S	2	0	2	0.00000
Candidatus Nucleicultrix amoebiphila	1509244	S	2	0	2	0.00000
Candidatus Cytomitobacter primus	2066024	S	1	0	1	0.00000
Hyphobacterium sp. CCMP332	2749086	S	3	0	3	0.00000
Candidatus Pelagibacter ubique	198252	S	1	0	1	0.00000
Candidatus Pelagibacter sp. RS40	1977865	S	1	0	1	0.00000
Hyphomonas sp. CACIAM 19H1	1873716	S	1	0	1	0.00000
Hyphomonas sp. KY3	2016196	S	1	0	1	0.00000
Myxococcus sp. SCHIC003	2813577	S	4	1	5	0.00000
Myxococcus xanthus	34	S	1	0	1	0.00000
Corallococcus macrosporus	35	S	4	0	4	0.00000
Corallococcus coralloides	184914	S	2	0	2	0.00000
Pyxidicoccus sp. SCPEA002	2813578	S	3	0	3	0.00000
Cystobacter fuscus	43	S	4	1	5	0.00000
Melittangium boletus	83453	S	4	0	4	0.00000
Archangium gephyra	48	S	1	0	1	0.00000
Archangium violaceum	83451	S	1	0	1	0.00000
Anaeromyxobacter dehalogenans	161493	S	1	2	3	0.00000
Vulgatibacter incomptus	1391653	S	1	0	1	0.00000
Sorangium cellulosum	56	S	19	1	20	0.00000
Chondromyces crocatus	52	S	1	0	1	0.00000
Sandaracinus amylolyticus	927083	S	4	0	4	0.00000
Labilithrix luteola	1391654	S	4	0	4	0.00000
Minicystis rosea	888845	S	3	0	3	0.00000
Haliangium ochraceum	80816	S	2	0	2	0.00000
Geobacter sp. M18	443143	S	2	0	2	0.00000
Geobacter sp. DSM 9736	1277350	S	1	0	1	0.00000
Geobacter sp. SVR	2495594	S	1	0	1	0.00000
Geobacter sp. FeAm09	2597769	S	1	0	1	0.00000
Geobacter lovleyi	313985	S	1	0	1	0.00000
Geobacter uraniireducens	351604	S	1	0	1	0.00000
Syntrophotalea carbinolica	19	S	2	0	2	0.00000
Syntrophotalea acetylenica	29542	S	1	0	1	0.00000
Pelobacter propionicus	29543	S	1	0	1	0.00000
Desulfosarcina widdelii	947919	S	2	0	2	0.00000
Desulfosarcina alkanivorans	571177	S	1	0	1	0.00000
Desulfonema limicola	45656	S	1	0	1	0.00000
Desulfocapsa sulfexigens	65555	S	2	0	2	0.00000
Desulfovibrio carbinolicus	296842	S	2	0	2	0.00000
Desulfovibrio desulfuricans	876	S	1	0	1	0.00000
Pseudodesulfovibrio aespoeensis	182210	S	1	0	1	0.00000
Pseudodesulfovibrio mercurii	641491	S	1	0	1	0.00000
Syntrophobacter fumaroxidans	119484	S	1	0	1	0.00000
Desulfoglaeba alkanexedens	361111	S	1	0	1	0.00000
Desulfarculus baarsii	453230	S	2	1	3	0.00000
Persicimonas caeni	2292766	S	2	0	2	0.00000
Candidatus Desulfofervidus auxilii	1621989	S	1	0	1	0.00000
Aliarcobacter cryaerophilus	28198	S	6	2	8	0.00000
Aliarcobacter butzleri	28197	S	2	1	3	0.00000
Aliarcobacter faecis	1564138	S	2	0	2	0.00000
Aliarcobacter cibarius	255507	S	1	0	1	0.00000
Aliarcobacter lanthieri	1355374	S	1	0	1	0.00000
Arcobacter venerupis	1054033	S	3	0	3	0.00000
Arcobacter cloacae	1054034	S	1	0	1	0.00000
Arcobacter suis	1278212	S	1	0	1	0.00000
Pseudoarcobacter acticola	1849015	S	5	0	5	0.00000
Malaciobacter marinus	505249	S	3	0	3	0.00000
Malaciobacter mytili	603050	S	1	0	1	0.00000
Halarcobacter bivalviorum	663364	S	1	0	1	0.00000
Campylobacter coli	195	S	3	1	4	0.00000
Campylobacter volucris	1031542	S	2	0	2	0.00000
Campylobacter lanienae	75658	S	2	0	2	0.00000
Campylobacter gracilis	824	S	1	0	1	0.00000
Campylobacter subantarcticus	497724	S	1	0	1	0.00000
Campylobacter peloridis	488546	S	1	0	1	0.00000
Campylobacter sputorum	206	S	1	0	1	0.00000
Campylobacter showae	204	S	1	0	1	0.00000
Campylobacter blaseri	2042961	S	1	0	1	0.00000
Campylobacter concisus	199	S	1	0	1	0.00000
Campylobacter hyointestinalis	198	S	1	0	1	0.00000
Campylobacter sp. RM16704	1500960	S	1	0	1	0.00000
Helicobacter cholecystus	45498	S	2	0	2	0.00000
Helicobacter apodemus	135569	S	1	0	1	0.00000
Helicobacter typhlonius	76936	S	1	0	1	0.00000
Sulfurimonas sp. B2	2590551	S	2	0	2	0.00000
Sulfurimonas sp. S2-6	2590020	S	1	0	1	0.00000
Sulfurimonas denitrificans	39766	S	1	0	1	0.00000
Bdellovibrio bacteriovorus	959	S	5	0	5	0.00000
Bdellovibrio sp. ZAP7	2231053	S	1	0	1	0.00000
Bacteriovorax stolpii	960	S	2	0	2	0.00000
Silvanigrella aquatica	1915309	S	1	0	1	0.00000
Hydrogenophilus thermoluteolus	297	S	1	0	1	0.00000
Curtobacterium flaccumfaciens	2035	S	286	19	305	0.00000
Curtobacterium sp. BH-2-1-1	1905847	S	3	0	3	0.00000
Curtobacterium pusillum	69373	S	1	0	1	0.00000
Microbacterium sp. PM5	2014534	S	25	2	27	0.00000
Microbacterium sp. 4R-513	2567934	S	4	0	4	0.00000
Microbacterium sp. XT11	367477	S	3	0	3	0.00000
Microbacterium sp. No. 7	1714373	S	3	0	3	0.00000
Microbacterium sp. A18JL200	2782167	S	2	0	2	0.00000
Microbacterium sp. YJN-G	2763257	S	2	0	2	0.00000
Microbacterium sp. 1S1	2606451	S	2	1	3	0.00000
Microbacterium sp. 10M-3C3	2483401	S	2	0	2	0.00000
Microbacterium sp. NY27	2782169	S	1	0	1	0.00000
Microbacterium sp. HY82	2708079	S	1	0	1	0.00000
Microbacterium sp. RG1	2489212	S	1	0	1	0.00000
Microbacterium sp. LKL04	912630	S	1	0	1	0.00000
Microbacterium sp. TPU 3598	1938334	S	1	0	1	0.00000
Microbacterium sp. BH-3-3-3	1906742	S	1	0	1	0.00000
Microbacterium hominis	162426	S	8	1	9	0.00000
Microbacterium oxydans	82380	S	5	1	6	0.00000
Microbacterium sediminis	904291	S	5	2	7	0.00000
Microbacterium aurum	36805	S	4	0	4	0.00000
Microbacterium foliorum	104336	S	3	0	3	0.00000
Microbacterium oleivorans	273677	S	3	0	3	0.00000
Microbacterium schleiferi	69362	S	2	0	2	0.00000
Microbacterium caowuchunii	2614638	S	2	0	2	0.00000
Microbacterium testaceum	2033	S	1	0	1	0.00000
Microbacterium oryzae	743009	S	1	0	1	0.00000
Microbacterium lemovicicum	1072463	S	1	0	1	0.00000
Leifsonia sp. PS1209	2724914	S	3	0	3	0.00000
Leifsonia sp. 21MFCrub1.1	1798223	S	1	0	1	0.00000
Leifsonia shinshuensis	150026	S	2	1	3	0.00000
Rathayibacter sp. VKM Ac-2759	2609252	S	1	0	1	0.00000
Rathayibacter sp. VKM Ac-2762	2609254	S	1	0	1	0.00000
Rathayibacter iranicus	59737	S	1	0	1	0.00000
Rathayibacter festucae	110937	S	1	1	2	0.00000
Rathayibacter tanaceti	1671680	S	1	0	1	0.00000
Agromyces sp. LHK192	2498704	S	1	0	1	0.00000
Agromyces sp. HY052	2585717	S	1	0	1	0.00000
Agromyces sp. KACC 19306	2592652	S	1	0	1	0.00000
Agromyces flavus	589382	S	2	0	2	0.00000
Agromyces aureus	453304	S	1	0	1	0.00000
Clavibacter michiganensis	28447	S	3	0	3	0.00000
Clavibacter sp. DM1	2768071	S	1	0	1	0.00000
Salinibacterium sp. dk2585	2603292	S	1	1	2	0.00000
Salinibacterium sp. ZJ450	2708338	S	1	0	1	0.00000
Salinibacterium hongtaonis	2079791	S	1	0	1	0.00000
Rhodoluna lacicola	529884	S	2	0	2	0.00000
Candidatus Rhodoluna planktonica	535712	S	2	0	2	0.00000
Rhodoluna limnophila	232537	S	1	0	1	0.00000
Agrococcus carbonis	684552	S	2	0	2	0.00000
Agrococcus jejuensis	399736	S	1	0	1	0.00000
Agrococcus sp. SGAir0287	2070347	S	1	0	1	0.00000
Gryllotalpicola protaetiae	2419771	S	4	0	4	0.00000
Microterricola viridarii	412690	S	4	0	4	0.00000
Leucobacter sp. CX169	2813744	S	1	0	1	0.00000
Leucobacter insecticola	2714934	S	1	0	1	0.00000
Leucobacter viscericola	2714935	S	1	0	1	0.00000
Diaminobutyricimonas sp. LJ205	2683590	S	3	0	3	0.00000
Glaciihabitans sp. INWT7	2596912	S	3	0	3	0.00000
Chryseoglobus sp. 28M-23	2772253	S	1	0	1	0.00000
Chryseoglobus indicus	2750620	S	1	0	1	0.00000
Plantibacter sp. M259	2583822	S	1	1	2	0.00000
Frigoribacterium sp. NBH87	2596916	S	2	0	2	0.00000
Mycetocola zhujimingii	2079792	S	1	0	1	0.00000
Mycetocola sp. JXN-3	2116510	S	1	0	1	0.00000
Cryobacterium arcticum	670052	S	1	1	2	0.00000
Cnuibacter physcomitrellae	1619308	S	1	3	4	0.00000
Humibacter sp. WJ7-1	2599293	S	1	0	1	0.00000
Herbiconiux sp. SALV-R1	2735133	S	1	0	1	0.00000
Frondihabitans sp. 762G35	1446794	S	1	0	1	0.00000
Agreia sp. COWG	2773266	S	1	0	1	0.00000
Rothia dentocariosa	2047	S	21	2	23	0.00000
Rothia terrae	396015	S	20	4	24	0.00000
Rothia aeria	172042	S	8	0	8	0.00000
Rothia amarae	169480	S	2	0	2	0.00000
Rothia mucilaginosa	43675	S	1	0	1	0.00000
Kocuria rhizophila	72000	S	24	2	26	0.00000
Kocuria palustris	71999	S	5	0	5	0.00000
Kocuria rosea	1275	S	1	0	1	0.00000
Kocuria indica	1049583	S	1	0	1	0.00000
Kocuria sp. BT304	1702043	S	1	0	1	0.00000
Arthrobacter sp. PM3	2017685	S	3	0	3	0.00000
Arthrobacter sp. D5-1	1477518	S	3	0	3	0.00000
Arthrobacter sp. KBS0702	2578107	S	1	0	1	0.00000
Arthrobacter sp. NEB 688	904039	S	1	0	1	0.00000
Arthrobacter sp. QXT-31	1357915	S	1	0	1	0.00000
Arthrobacter agilis	37921	S	2	0	2	0.00000
Arthrobacter citreus	1670	S	1	0	1	0.00000
Arthrobacter crystallopoietes	37928	S	1	0	1	0.00000
Arthrobacter woluwensis	156980	S	1	0	1	0.00000
Arthrobacter dokdonellae	2211210	S	1	0	1	0.00000
Micrococcus luteus	1270	S	8	4	12	0.00000
Paenarthrobacter sp. YJN-D	2735317	S	7	1	8	0.00000
Pseudarthrobacter sp. NIBRBAC000502771	2590774	S	2	0	2	0.00000
Pseudarthrobacter sp. YJ56	2697569	S	1	0	1	0.00000
Pseudarthrobacter sp. BIM B-2242	2772401	S	1	0	1	0.00000
Pseudarthrobacter chlorophenolicus	85085	S	2	0	2	0.00000
Pseudarthrobacter equi	728066	S	2	0	2	0.00000
Glutamicibacter arilaitensis	256701	S	2	0	2	0.00000
Glutamicibacter creatinolyticus	162496	S	1	0	1	0.00000
Citricoccus sp. SGAir0253	2567881	S	2	0	2	0.00000
Renibacterium salmoninarum	1646	S	1	0	1	0.00000
Zhihengliuella sp. ISTPL4	2058657	S	1	0	1	0.00000
Psychromicrobium lacuslunae	1618207	S	1	0	1	0.00000
Dermacoccus nishinomiyaensis	1274	S	74	5	79	0.00000
Dermacoccus sp. PAMC28757	2762331	S	1	0	1	0.00000
Brevibacterium casei	33889	S	24	2	26	0.00000
Brevibacterium sp. CS2	2575923	S	4	0	4	0.00000
Brevibacterium sp. WO024	2697563	S	2	0	2	0.00000
Brevibacterium sp. YB235	1496080	S	1	0	1	0.00000
Brevibacterium sp. 'Marine'	2725563	S	1	0	1	0.00000
Brevibacterium oceani	358099	S	1	0	1	0.00000
Cellulomonas gilvus	11	S	1	0	1	0.00000
Cellulomonas flavigena	1711	S	1	0	1	0.00000
Cellulomonas sp. JZ18	2654191	S	1	0	1	0.00000
Cellulomonas taurus	2729175	S	1	0	1	0.00000
Actinotalea sp. JY-7876	2758442	S	4	0	4	0.00000
Paraoerskovia marina	545619	S	1	0	1	0.00000
Miniimonas sp. S16	2171623	S	5	0	5	0.00000
Beutenbergia cavernae	84757	S	4	0	4	0.00000
Janibacter melonis	262209	S	2	0	2	0.00000
Janibacter indicus	857417	S	1	0	1	0.00000
Phycicoccus endophyticus	1690220	S	3	0	3	0.00000
Tetrasphaera sp. HKS02	1813880	S	1	0	1	0.00000
Ornithinimicrobium sp. HY006	2508882	S	4	0	4	0.00000
Ornithinimicrobium flavum	1288636	S	1	0	1	0.00000
Ornithinimicrobium pratense	2593973	S	1	0	1	0.00000
Serinicoccus hydrothermalis	1758689	S	1	0	1	0.00000
Brachybacterium sp. SGAir0954	2571029	S	2	0	2	0.00000
Brachybacterium sp. P6-10-X1	1903186	S	1	0	1	0.00000
Brachybacterium faecium	43669	S	1	0	1	0.00000
Brachybacterium avium	2017485	S	1	0	1	0.00000
Dermabacter vaginalis	1630135	S	1	0	1	0.00000
Sanguibacter keddieii	60920	S	3	0	3	0.00000
Sanguibacter sp. HDW7	2714931	S	2	0	2	0.00000
Cellulosimicrobium sp. JZ28	1906273	S	1	0	1	0.00000
Cellulosimicrobium sp. BI34T	2587808	S	1	0	1	0.00000
Xylanimonas cellulosilytica	186189	S	1	0	1	0.00000
Isoptericola dokdonensis	372663	S	1	0	1	0.00000
Austwickia chelonae	100225	S	2	0	2	0.00000
Mobilicoccus sp. NJES-13	2716227	S	1	0	1	0.00000
Haloactinobacterium sp. HY164	2675754	S	1	0	1	0.00000
Haloactinobacterium sp. RN3S43	2779775	S	1	0	1	0.00000
Georgenia sp. Z443	2589797	S	1	0	1	0.00000
Luteimicrobium xylanilyticum	1133546	S	1	0	1	0.00000
Tropheryma whipplei	2039	S	1	-1	0	0.00000
Cutibacterium acnes	1747	S	398	23	421	0.00000
Cutibacterium granulosum	33011	S	4	0	4	0.00000
Cutibacterium avidum	33010	S	2	0	2	0.00000
Propionibacterium sp. oral taxon 193	671223	S	28	2	30	0.00000
Propionibacterium freudenreichii	1744	S	1	2	3	0.00000
Microlunatus soli	630515	S	2	0	2	0.00000
Microlunatus sp. KUDC0627	2596828	S	1	0	1	0.00000
Microlunatus sp. Gsoil 973	2672569	S	1	0	1	0.00000
Microlunatus phosphovorus	29405	S	1	0	1	0.00000
Tessaracoccus defluvii	1285901	S	2	0	2	0.00000
Tessaracoccus aquimaris	1332264	S	1	0	1	0.00000
Tessaracoccus timonensis	2161816	S	1	0	1	0.00000
Pseudopropionibacterium propionicum	1750	S	3	0	3	0.00000
Auraticoccus monumenti	675864	S	2	0	2	0.00000
Acidipropionibacterium jensenii	1749	S	1	0	1	0.00000
Nocardioides sp. S5	2017486	S	4	0	4	0.00000
Nocardioides sp. 603	2483798	S	4	0	4	0.00000
Nocardioides sp. S-713	2760089	S	3	0	3	0.00000
Nocardioides sp. zg-1228	2763008	S	2	0	2	0.00000
Nocardioides sp. WS12	2486272	S	1	0	1	0.00000
Nocardioides sp. MC1495	2736757	S	1	0	1	0.00000
Nocardioides sp. S-1144	2582905	S	1	0	1	0.00000
Nocardioides sp. CF8	110319	S	1	0	1	0.00000
Nocardioides sp. dk884	2662361	S	1	0	1	0.00000
Nocardioides sp. zg-579	2663857	S	1	0	1	0.00000
Nocardioides humi	449461	S	5	0	5	0.00000
Nocardioides aromaticivorans	200618	S	4	0	4	0.00000
Nocardioides anomalus	2712223	S	2	0	2	0.00000
Nocardioides daphniae	402297	S	1	0	1	0.00000
Nocardioides marinisabuli	419476	S	1	0	1	0.00000
Nocardioides mesophilus	433659	S	1	0	1	0.00000
Nocardioides houyundeii	2045452	S	1	0	1	0.00000
Nocardioides euryhalodurans	2518370	S	1	0	1	0.00000
Nocardioides cynanchi	2558918	S	1	0	1	0.00000
Aeromicrobium erythreum	2041	S	2	0	2	0.00000
Aeromicrobium choanae	1736691	S	1	0	1	0.00000
Aeromicrobium chenweiae	2079793	S	1	0	1	0.00000
Aeromicrobium sp. A1-2	2107713	S	1	0	1	0.00000
Aeromicrobium yanjiei	2662028	S	1	0	1	0.00000
Micropruina glycogenica	75385	S	5	0	5	0.00000
Pimelobacter simplex	2045	S	4	0	4	0.00000
Marmoricola scoriae	642780	S	2	0	2	0.00000
Actinopolymorpha singaporensis	117157	S	3	0	3	0.00000
Kribbella flavida	182640	S	2	0	2	0.00000
Rhodococcus sp. B7740	1564114	S	3	0	3	0.00000
Rhodococcus sp. 008	1723645	S	3	15	18	0.00000
Rhodococcus sp. X156	2499145	S	2	0	2	0.00000
Rhodococcus sp. P1Y	1302308	S	2	0	2	0.00000
Rhodococcus sp. W8901	2742603	S	2	0	2	0.00000
Rhodococcus sp. PBTS 1	1653478	S	2	0	2	0.00000
Rhodococcus sp. AQ5-07	2054902	S	1	3	4	0.00000
Rhodococcus sp. SGAir0479	2567884	S	1	0	1	0.00000
Rhodococcus qingshengii	334542	S	10	45	55	0.00000
Rhodococcus erythropolis	1833	S	6	18	24	0.00000
Rhodococcus opacus	37919	S	4	1	5	0.00000
Rhodococcus fascians	1828	S	3	1	4	0.00000
Rhodococcus rhodochrous	1829	S	1	0	1	0.00000
Rhodococcus ruber	1830	S	1	0	1	0.00000
Rhodococcus coprophilus	38310	S	1	0	1	0.00000
Rhodococcus pyridinivorans	103816	S	1	2	3	0.00000
Rhodococcus triatomae	300028	S	1	0	1	0.00000
Nocardia brasiliensis	37326	S	4	0	4	0.00000
Nocardia asteroides	1824	S	3	0	3	0.00000
Nocardia cyriacigeorgica	135487	S	3	0	3	0.00000
Nocardia seriolae	37332	S	2	0	2	0.00000
Nocardia arthritidis	228602	S	2	0	2	0.00000
Nocardia wallacei	480035	S	2	0	2	0.00000
Nocardia otitidiscaviarum	1823	S	1	0	1	0.00000
Nocardia farcinica	37329	S	1	0	1	0.00000
Nocardia nova	37330	S	1	0	1	0.00000
Nocardia terpenica	455432	S	1	0	1	0.00000
Nocardia yunnanensis	2382165	S	1	0	1	0.00000
Nocardia sp. CS682	1047172	S	1	0	1	0.00000
Corynebacterium matruchotii	43768	S	21	0	21	0.00000
Corynebacterium kroppenstedtii	161879	S	19	0	19	0.00000
Corynebacterium tuberculostearicum	38304	S	11	1	12	0.00000
Corynebacterium simulans	146827	S	10	1	11	0.00000
Corynebacterium bovis	36808	S	9	0	9	0.00000
Corynebacterium segmentosum	43990	S	8	0	8	0.00000
Corynebacterium kefirresidentii	1979527	S	8	1	9	0.00000
Corynebacterium striatum	43770	S	3	0	3	0.00000
Corynebacterium aurimucosum	169292	S	3	0	3	0.00000
Corynebacterium maris	575200	S	1	0	1	0.00000
Corynebacterium lactis	1231000	S	1	0	1	0.00000
Corynebacterium frankenforstense	1230998	S	1	0	1	0.00000
Corynebacterium urealyticum	43771	S	1	0	1	0.00000
Corynebacterium glucuronolyticum	39791	S	1	0	1	0.00000
Corynebacterium nuruki	1032851	S	1	0	1	0.00000
Corynebacterium jeikeium	38289	S	1	0	1	0.00000
Corynebacterium yudongzhengii	2080740	S	1	0	1	0.00000
Corynebacterium diphtheriae	1717	S	1	0	1	0.00000
Corynebacterium glutamicum	1718	S	1	3	4	0.00000
Corynebacterium ureicelerivorans	401472	S	1	0	1	0.00000
Corynebacterium xerosis	1725	S	1	0	1	0.00000
Corynebacterium macginleyi	38290	S	1	0	1	0.00000
Corynebacterium renale	1724	S	1	0	1	0.00000
Corynebacterium sp. NML98-0116	702967	S	1	0	1	0.00000
Mycolicibacterium phocaicum	319706	S	6	1	7	0.00000
Mycolicibacterium aichiense	1799	S	6	0	6	0.00000
Mycolicibacterium litorale	758802	S	4	0	4	0.00000
Mycolicibacterium sp. Z-34	2736649	S	3	0	3	0.00000
Mycolicibacterium rutilum	370526	S	3	0	3	0.00000
Mycolicibacterium aubagnense	319707	S	3	0	3	0.00000
Mycolicibacterium doricum	126673	S	3	0	3	0.00000
Mycolicibacterium mucogenicum	56689	S	2	0	2	0.00000
Mycolicibacterium frederiksbergense	117567	S	2	0	2	0.00000
Mycolicibacterium confluentis	28047	S	2	0	2	0.00000
Mycolicibacterium thermoresistibile	1797	S	2	0	2	0.00000
Mycolicibacterium aurum	1791	S	2	0	2	0.00000
Mycolicibacterium gilvum	1804	S	1	-1	0	0.00000
Mycolicibacterium phlei	1771	S	1	0	1	0.00000
Mycolicibacterium sarraceniae	1534348	S	1	0	1	0.00000
Mycolicibacterium insubricum	444597	S	1	0	1	0.00000
Mycolicibacterium fluoranthenivorans	258505	S	1	0	1	0.00000
Mycolicibacterium vanbaalenii	110539	S	1	6	7	0.00000
Mycolicibacterium poriferae	39694	S	1	2	3	0.00000
Mycolicibacterium duvalii	39688	S	1	0	1	0.00000
Mycolicibacterium parafortuitum	39692	S	1	0	1	0.00000
Mycobacterium sp. YC-RL4	1682113	S	3	0	3	0.00000
Mycobacterium sp. JS623	212767	S	2	0	2	0.00000
Mycobacterium sp. EPa45	1545728	S	1	0	1	0.00000
Mycobacterium sp. ELW1	1547487	S	1	0	1	0.00000
Mycobacterium sp. MS1601	1936029	S	1	0	1	0.00000
Mycobacterium avium	1764	S	2	0	2	0.00000
Mycobacterium intracellulare	1767	S	1	2	3	0.00000
Mycobacterium colombiense	339268	S	1	0	1	0.00000
Mycobacterium mantenii	560555	S	1	0	1	0.00000
Mycobacterium kubicae	120959	S	1	0	1	0.00000
Mycobacterium parmense	185642	S	1	0	1	0.00000
Mycobacterium saskatchewanense	220927	S	1	0	1	0.00000
Mycobacterium florentinum	292462	S	1	0	1	0.00000
Mycobacterium gordonae	1778	S	3	0	3	0.00000
Mycobacterium heckeshornense	110505	S	3	0	3	0.00000
Mycobacterium paraseoulense	590652	S	2	0	2	0.00000
Mycobacterium lacus	169765	S	2	0	2	0.00000
Mycobacterium haemophilum	29311	S	1	0	1	0.00000
Mycobacteroides abscessus	36809	S	5	0	5	0.00000
Mycobacteroides salmoniphilum	404941	S	5	0	5	0.00000
Mycobacteroides chelonae	1774	S	4	3	7	0.00000
Mycolicibacillus koreensis	1069220	S	2	0	2	0.00000
Hoyosella subflava	639313	S	1	0	1	0.00000
Gordonia sp. YC-JH1	2059875	S	3	1	4	0.00000
Gordonia sp. 135	2676309	S	2	0	2	0.00000
Gordonia sp. PDNC005	2811424	S	2	0	2	0.00000
Gordonia sp. KTR9	337191	S	1	0	1	0.00000
Gordonia polyisoprenivorans	84595	S	6	0	6	0.00000
Gordonia bronchialis	2054	S	5	0	5	0.00000
Gordonia rubripertincta	36822	S	1	0	1	0.00000
Gordonia phthalatica	1136941	S	1	0	1	0.00000
Tsukamurella paurometabola	2061	S	6	0	6	0.00000
Tsukamurella tyrosinosolvens	57704	S	3	0	3	0.00000
Lawsonella clevelandensis	1528099	S	7	0	7	0.00000
Dietzia sp. oral taxon 368	712270	S	1	0	1	0.00000
Dietzia sp. DQ12-45-1b	912801	S	1	1	2	0.00000
Dietzia psychralcaliphila	139021	S	1	0	1	0.00000
Streptomyces lividans	1916	S	95	102	197	0.00000
Streptomyces sp. RPA4-5	2721245	S	4	0	4	0.00000
Streptomyces sp. NHF165	2175864	S	4	0	4	0.00000
Streptomyces sp. SirexAA-E	862751	S	3	0	3	0.00000
Streptomyces sp. CdTB01	1725411	S	3	0	3	0.00000
Streptomyces sp. W1SF4	2305220	S	2	0	2	0.00000
Streptomyces sp. QHH-9511	2684468	S	2	0	2	0.00000
Streptomyces sp. CRXT-Y-14	2768069	S	2	0	2	0.00000
Streptomyces sp. CRPJ-33	2768068	S	2	0	2	0.00000
Streptomyces sp. NEAU-S7GS2	2202000	S	2	1	3	0.00000
Streptomyces sp. NA02950	2742137	S	2	0	2	0.00000
Streptomyces sp. SCSIO 3032	1264596	S	2	0	2	0.00000
Streptomyces sp. jing01	2726118	S	1	0	1	0.00000
Streptomyces sp. LBUM 1480	2609808	S	1	3	4	0.00000
Streptomyces sp. AgN23	1188315	S	1	0	1	0.00000
Streptomyces sp. INR7	2607753	S	1	0	1	0.00000
Streptomyces sp. 769	1262452	S	1	0	1	0.00000
Streptomyces sp. ID38640	1265399	S	1	0	1	0.00000
Streptomyces sp. CB09001	2083284	S	1	0	1	0.00000
Streptomyces sp. Z022	1442032	S	1	0	1	0.00000
Streptomyces sp. SCUT-3	2684469	S	1	0	1	0.00000
Streptomyces sp. HM190	2695266	S	1	0	1	0.00000
Streptomyces sp. Sge12	1972846	S	1	3	4	0.00000
Streptomyces sp. 2323.1	1938841	S	1	0	1	0.00000
Streptomyces sp. S8	1837283	S	1	0	1	0.00000
Streptomyces sp. SAT1	1849967	S	1	0	1	0.00000
Streptomyces sp. YIM 121038	2136401	S	1	0	1	0.00000
Streptomyces sp. SUK 48	2582831	S	1	0	1	0.00000
Streptomyces sp. Mg1	465541	S	1	1	2	0.00000
Streptomyces sp. CRXT-G-22	2768066	S	1	0	1	0.00000
Streptomyces sp. 11-1-2	1851167	S	1	0	1	0.00000
Streptomyces sp. WAC 01529	2203205	S	1	0	1	0.00000
Streptomyces sp. TLI_053	1855352	S	1	0	1	0.00000
Streptomyces sp. ZYC-3	2797636	S	1	0	1	0.00000
Streptomyces sp. TN58	234612	S	1	0	1	0.00000
Streptomyces sp. 3214.6	1882757	S	1	0	1	0.00000
Streptomyces venezuelae	54571	S	15	0	15	0.00000
Streptomyces niveus	193462	S	6	0	6	0.00000
Streptomyces griseoviridis	45398	S	4	0	4	0.00000
Streptomyces atratus	1893	S	4	0	4	0.00000
Streptomyces tsukubensis	83656	S	4	0	4	0.00000
Streptomyces buecherae	2763006	S	3	0	3	0.00000
Streptomyces armeniacus	83291	S	3	0	3	0.00000
Streptomyces vietnamensis	362257	S	3	0	3	0.00000
Streptomyces chartreusis	1969	S	3	0	3	0.00000
Streptomyces xinghaiensis	1038928	S	3	0	3	0.00000
Streptomyces cyaneochromogenes	2496836	S	3	0	3	0.00000
Streptomyces antibioticus	1890	S	3	0	3	0.00000
Streptomyces ficellus	1977088	S	2	0	2	0.00000
Streptomyces mobaraensis	35621	S	2	0	2	0.00000
Streptomyces subrutilus	36818	S	2	0	2	0.00000
Streptomyces exfoliatus	1905	S	2	0	2	0.00000
Streptomyces pratensis	1169025	S	2	0	2	0.00000
Streptomyces harbinensis	1176198	S	2	0	2	0.00000
Streptomyces pluripotens	1355015	S	2	0	2	0.00000
Streptomyces albidoflavus	1886	S	1	0	1	0.00000
Streptomyces coelicolor	1902	S	1	0	1	0.00000
Streptomyces alboflavus	67267	S	1	0	1	0.00000
Streptomyces griseorubiginosus	67304	S	1	0	1	0.00000
Streptomyces viridosporus	67581	S	1	0	1	0.00000
Streptomyces katrae	68223	S	1	0	1	0.00000
Streptomyces bathyalis	2710756	S	1	0	1	0.00000
Streptomyces luteoverticillatus	66425	S	1	0	1	0.00000
Streptomyces platensis	58346	S	1	0	1	0.00000
Streptomyces albus	1888	S	1	0	1	0.00000
Streptomyces aquilus	2548456	S	1	0	1	0.00000
Streptomyces coeruleorubidus	116188	S	1	0	1	0.00000
Streptomyces parvulus	146923	S	1	0	1	0.00000
Streptomyces rectiverticillatus	173860	S	1	0	1	0.00000
Streptomyces paludis	2282738	S	1	0	1	0.00000
Streptomyces xiamenensis	408015	S	1	0	1	0.00000
Streptomyces griseus	1911	S	1	0	1	0.00000
Streptomyces dengpaensis	2049881	S	1	0	1	0.00000
Streptomyces rapamycinicus	1226757	S	1	0	1	0.00000
Streptomyces ferrugineus	1413221	S	1	0	1	0.00000
Streptomyces leeuwenhoekii	1437453	S	1	0	1	0.00000
Streptomyces capitiformicae	2014920	S	1	0	1	0.00000
Streptomyces nigra	1827580	S	1	0	1	0.00000
Streptomyces actuosus	1885	S	1	0	1	0.00000
Streptomyces galilaeus	33899	S	1	0	1	0.00000
Streptomyces cacaoi	1898	S	1	0	1	0.00000
Streptomyces albireticuli	1940	S	1	0	1	0.00000
Streptomyces lincolnensis	1915	S	1	0	1	0.00000
Streptomyces kanamyceticus	1967	S	1	0	1	0.00000
Kitasatospora sp. MMS16-BH015	2018025	S	2	0	2	0.00000
Kitasatospora sp. NA04385	2742135	S	1	0	1	0.00000
Kitasatospora setae	2066	S	2	0	2	0.00000
Streptacidiphilus sp. P02-A3a	2704468	S	3	0	3	0.00000
Actinomyces sp. oral taxon 171	706438	S	14	1	15	0.00000
Actinomyces sp. oral taxon 169	712116	S	11	3	14	0.00000
Actinomyces sp. HMT 175	2789425	S	9	6	15	0.00000
Actinomyces sp. zg-332	2708340	S	3	0	3	0.00000
Actinomyces sp. oral taxon 414	712122	S	2	0	2	0.00000
Actinomyces sp. oral taxon 897	2081702	S	2	2	4	0.00000
Actinomyces naeslundii	1655	S	20	1	21	0.00000
Actinomyces oris	544580	S	16	6	22	0.00000
Actinomyces radicidentis	111015	S	2	0	2	0.00000
Actinomyces viscosus	1656	S	1	0	1	0.00000
Pauljensenia hongkongensis	178339	S	10	0	10	0.00000
Schaalia odontolytica	1660	S	2	0	2	0.00000
Schaalia meyeri	52773	S	1	0	1	0.00000
Trueperella sp. 19M2397	2733571	S	1	1	2	0.00000
Arcanobacterium phocisimile	1302235	S	1	0	1	0.00000
Actinobaculum sp. 313	2495645	S	1	0	1	0.00000
Flaviflexus salsibiostraticola	1282737	S	1	0	1	0.00000
Winkia sp. C64	2692125	S	1	0	1	0.00000
Boudabousia tangfeifanii	1912795	S	1	0	1	0.00000
Amycolatopsis sp. BJA-103	1911175	S	3	0	3	0.00000
Amycolatopsis sp. YIM 10	2653857	S	3	0	3	0.00000
Amycolatopsis sp. FDAARGOS 1241	2778070	S	1	0	1	0.00000
Amycolatopsis orientalis	31958	S	5	0	5	0.00000
Amycolatopsis methanolica	1814	S	2	0	2	0.00000
Amycolatopsis keratiniphila	129921	S	2	0	2	0.00000
Amycolatopsis mediterranei	33910	S	1	0	1	0.00000
Amycolatopsis albispora	1804986	S	1	0	1	0.00000
Pseudonocardia sp. AL041005-10	445576	S	1	1	2	0.00000
Pseudonocardia sp. HH130629-09	1641402	S	1	4	5	0.00000
Pseudonocardia dioxanivorans	240495	S	3	0	3	0.00000
Pseudonocardia broussonetiae	2736640	S	1	0	1	0.00000
Saccharopolyspora coralli	2665642	S	2	0	2	0.00000
Saccharopolyspora spinosa	60894	S	1	0	1	0.00000
Saccharopolyspora pogona	333966	S	1	2	3	0.00000
Saccharomonospora glauca	40990	S	2	0	2	0.00000
Saccharomonospora viridis	1852	S	1	0	1	0.00000
Saccharomonospora xinjiangensis	75294	S	1	0	1	0.00000
Saccharothrix sp. 6-C	2781735	S	3	0	3	0.00000
Saccharothrix syringae	103733	S	1	0	1	0.00000
Actinoalloteichus hoggarensis	1470176	S	2	0	2	0.00000
Kutzneria albida	43357	S	1	0	1	0.00000
Prauserella marina	530584	S	1	0	1	0.00000
Allokutzneria albata	211114	S	1	0	1	0.00000
Micromonospora sp. WMMC415	2675222	S	4	1	5	0.00000
Micromonospora sp. B006	2201999	S	1	2	3	0.00000
Micromonospora sp. 28ISP2-46	2749844	S	1	0	1	0.00000
Micromonospora chokoriensis	356851	S	2	1	3	0.00000
Micromonospora echinofusca	47858	S	1	0	1	0.00000
Actinoplanes derwentensis	113562	S	2	0	2	0.00000
Actinoplanes sp. N902-109	649831	S	2	0	2	0.00000
Actinoplanes teichomyceticus	1867	S	1	0	1	0.00000
Actinoplanes friuliensis	196914	S	1	0	1	0.00000
Phytohabitans suffuscus	624315	S	3	0	3	0.00000
Phytohabitans flavus	1076124	S	1	0	1	0.00000
Verrucosispora sp. NA02020	2742132	S	2	0	2	0.00000
Salinispora tropica	168695	S	1	0	1	0.00000
Candidatus Planktophila sulfonica	1884904	S	15	0	15	0.00000
Candidatus Planktophila dulcis	1884914	S	4	0	4	0.00000
Candidatus Planktophila vernalis	1884907	S	2	0	2	0.00000
Candidatus Planktophila lacus	1884913	S	2	0	2	0.00000
Candidatus Nanopelagicus limnes	1884634	S	1	0	1	0.00000
Bifidobacterium animalis	28025	S	3	0	3	0.00000
Bifidobacterium thermophilum	33905	S	2	0	2	0.00000
Bifidobacterium adolescentis	1680	S	1	0	1	0.00000
Bifidobacterium longum	216816	S	1	2	3	0.00000
Bifidobacterium pullorum	78448	S	1	0	1	0.00000
Scardovia inopinata	78259	S	2	0	2	0.00000
Nocardiopsis dassonvillei	2014	S	3	1	4	0.00000
Streptomonospora sp. M2	2498135	S	2	0	2	0.00000
Nonomuraea sp. ATCC 55076	1909395	S	2	0	2	0.00000
Streptosporangium roseum	2001	S	1	0	1	0.00000
Thermobispora bispora	2006	S	1	0	1	0.00000
Actinomadura verrucosospora	46165	S	1	0	1	0.00000
Candidatus Frankia datiscae	2716812	S	3	0	3	0.00000
Frankia alni	1859	S	2	2	4	0.00000
Frankia inefficax	298654	S	2	0	2	0.00000
Frankia casuarinae	106370	S	1	0	1	0.00000
Nakamurella multipartita	53461	S	3	0	3	0.00000
Nakamurella sp. s14-144	1902245	S	2	0	2	0.00000
Nakamurella sp. PAMC28650	2762325	S	1	0	1	0.00000
Nakamurella panacisegetis	1090615	S	2	0	2	0.00000
Modestobacter marinus	477641	S	3	0	3	0.00000
Blastococcus saxobsidens	138336	S	2	0	2	0.00000
Geodermatophilus obscurus	1861	S	1	0	1	0.00000
Jiangella alkaliphila	419479	S	3	0	3	0.00000
Jiangella sp. DSM 45060	1798224	S	1	0	1	0.00000
Kineococcus radiotolerans	131568	S	3	0	3	0.00000
Stackebrandtia nassauensis	283811	S	2	0	2	0.00000
Acidothermus cellulolyticus	28049	S	1	0	1	0.00000
Catenulispora acidiphila	304895	S	1	0	1	0.00000
Collinsella aerofaciens	74426	S	12	0	12	0.00000
Olsenella sp. oral taxon 807	712411	S	1	0	1	0.00000
Eggerthella sp. YY7918	502558	S	1	0	1	0.00000
Eggerthella sp. HF-1101	2690837	S	1	0	1	0.00000
Adlercreutzia sp. 8CFCBH1	2707299	S	2	0	2	0.00000
Cryptobacterium curtum	84163	S	1	0	1	0.00000
Gordonibacter pamelaeae	471189	S	1	0	1	0.00000
Conexibacter sp. SYSU D00693	2812560	S	6	0	6	0.00000
Conexibacter woesei	191495	S	3	0	3	0.00000
Euzebya sp. DY32-46	1608957	S	4	0	4	0.00000
Egibacter rhizosphaerae	1670831	S	1	0	1	0.00000
Egicoccus halophilus	1670830	S	1	0	1	0.00000
Actinomarinicola tropica	2789776	S	3	0	3	0.00000
Ilumatobacter coccineus	467094	S	2	0	2	0.00000
Baekduia soli	496014	S	4	0	4	0.00000
Rubrobacter xylanophilus	49319	S	1	0	1	0.00000
Staphylococcus epidermidis	1282	S	77	27	104	0.00000
Staphylococcus pasteuri	45972	S	50	9	59	0.00000
Staphylococcus warneri	1292	S	36	9	45	0.00000
Staphylococcus capitis	29388	S	20	2	22	0.00000
Staphylococcus haemolyticus	1283	S	16	2	18	0.00000
Staphylococcus aureus	1280	S	14	12	26	0.00000
Staphylococcus hominis	1290	S	7	0	7	0.00000
Staphylococcus saprophyticus	29385	S	3	0	3	0.00000
Staphylococcus sp. 17KM0847	2583989	S	1	0	1	0.00000
Staphylococcus sp. T93	2799681	S	1	108	109	0.00000
Staphylococcus nepalensis	214473	S	2	0	2	0.00000
Staphylococcus pseudoxylosus	2282419	S	2	0	2	0.00000
Staphylococcus equorum	246432	S	2	0	2	0.00000
Staphylococcus saccharolyticus	33028	S	2	0	2	0.00000
Staphylococcus cohnii	29382	S	2	0	2	0.00000
Staphylococcus lutrae	155085	S	1	0	1	0.00000
Staphylococcus succinus	61015	S	1	0	1	0.00000
Staphylococcus caprae	29380	S	1	0	1	0.00000
Staphylococcus simulans	1286	S	1	0	1	0.00000
Abyssicoccus albus	1817405	S	2	0	2	0.00000
Mammaliicoccus sciuri	1296	S	2	0	2	0.00000
Jeotgalicoccus saudimassiliensis	1461582	S	1	0	1	0.00000
Bacillus thuringiensis	1428	S	23	75	98	0.00000
Bacillus cereus	1396	S	3	2	5	0.00000
Bacillus mycoides	1405	S	1	0	1	0.00000
Bacillus wiedmannii	1890302	S	1	0	1	0.00000
Bacillus subtilis	1423	S	4	7	11	0.00000
Bacillus velezensis	492670	S	1	3	4	0.00000
Bacillus sp. X1(2014)	1565991	S	1	0	1	0.00000
Bacillus sp. M4U3P1	2592382	S	1	0	1	0.00000
Bacillus sp. FJAT-22090	1581038	S	1	0	1	0.00000
Bacillus sp. KH172YL63	2709784	S	1	0	1	0.00000
Bacillus sp. PAMC26568	2760090	S	1	0	1	0.00000
Bacillus circulans	1397	S	1	0	1	0.00000
Bacillus oleronius	38875	S	1	0	1	0.00000
Bacillus marisflavi	189381	S	1	0	1	0.00000
Lysinibacillus sp. SGAir0095	2070463	S	2	0	2	0.00000
Lysinibacillus sp. YS11	2072025	S	1	0	1	0.00000
Lysinibacillus sp. 2017	2169540	S	1	0	1	0.00000
Lysinibacillus sphaericus	1421	S	1	0	1	0.00000
Lysinibacillus fusiformis	28031	S	1	0	1	0.00000
Priestia megaterium	1404	S	4	1	5	0.00000
Priestia flexa	86664	S	1	0	1	0.00000
Priestia aryabhattai	412384	S	1	0	1	0.00000
Priestia filamentosa	1402861	S	1	0	1	0.00000
Virgibacillus halodenitrificans	1482	S	1	0	1	0.00000
Virgibacillus dokdonensis	302167	S	1	0	1	0.00000
Oceanobacillus zhaokaii	2052660	S	2	0	2	0.00000
Oceanobacillus iheyensis	182710	S	1	0	1	0.00000
Oceanobacillus kimchii	746691	S	1	0	1	0.00000
Caldibacillus thermoamylovorans	35841	S	3	0	3	0.00000
Halobacillus halophilus	1570	S	2	0	2	0.00000
Metabacillus litoralis	152268	S	2	0	2	0.00000
Paraliobacillus zengyii	2213194	S	2	0	2	0.00000
Neobacillus cucumis	1740721	S	2	0	2	0.00000
Mesobacillus jeotgali	129985	S	1	0	1	0.00000
Mesobacillus foraminis	279826	S	1	0	1	0.00000
Amphibacillus xylanus	1449	S	2	0	2	0.00000
Parageobacillus genomosp. 1	1295642	S	2	0	2	0.00000
Salicibibacter sp. NKC5-3	2743000	S	1	0	1	0.00000
Alkalihalobacillus pseudofirmus	79885	S	1	0	1	0.00000
Anaerobacillus isosaccharinicus	1532552	S	1	0	1	0.00000
Peribacillus muralis	264697	S	1	0	1	0.00000
Anoxybacillus gonensis	198467	S	1	0	1	0.00000
Paenibacillus sp. 37	2607911	S	3	0	3	0.00000
Paenibacillus sp. FSL R5-0345	1536770	S	2	1	3	0.00000
Paenibacillus sp. E222	2748863	S	2	0	2	0.00000
Paenibacillus sp. JDR-2	324057	S	1	0	1	0.00000
Paenibacillus sp. PAMC21692	2762320	S	1	0	1	0.00000
Paenibacillus sp. 32O-W	1695218	S	1	0	1	0.00000
Paenibacillus sp. B01	2660554	S	1	0	1	0.00000
Paenibacillus odorifer	189426	S	3	0	3	0.00000
Paenibacillus uliginis	683737	S	2	0	2	0.00000
Paenibacillus cellulosilyticus	375489	S	1	0	1	0.00000
Paenibacillus beijingensis	1126833	S	1	0	1	0.00000
Paenibacillus ihbetae	1870820	S	1	0	1	0.00000
Paenibacillus baekrokdamisoli	1712516	S	1	0	1	0.00000
Paenibacillus guangzhouensis	1473112	S	1	0	1	0.00000
Paenibacillus naphthalenovorans	162209	S	1	0	1	0.00000
Brevibacillus sp. SCSIO 07484	2496837	S	1	0	1	0.00000
Aneurinibacillus sp. XH2	1450761	S	1	0	1	0.00000
Alicyclobacillus acidocaldarius	405212	S	4	0	4	0.00000
Alicyclobacillus sp. SO9	2665646	S	1	0	1	0.00000
Tumebacillus avium	1903704	S	2	1	3	0.00000
Tumebacillus algifaecis	1214604	S	1	0	1	0.00000
Planococcus rifietoensis	200991	S	1	0	1	0.00000
Planococcus donghaensis	414778	S	1	0	1	0.00000
Sporosarcina ureilytica	298596	S	1	0	1	0.00000
Sporosarcina sp. resist	2762563	S	1	0	1	0.00000
Kurthia zopfii	1650	S	1	0	1	0.00000
Jeotgalibacillus malaysiensis	1508404	S	1	0	1	0.00000
Viridibacillus sp. JNUCC-6	2779527	S	1	0	1	0.00000
Gemella morbillorum	29391	S	2	0	2	0.00000
Gemella sanguinis	84135	S	2	0	2	0.00000
Gemella haemolysans	1379	S	1	0	1	0.00000
Staphylospora marina	2490858	S	2	0	2	0.00000
Sporolactobacillus terrae	269673	S	1	0	1	0.00000
Streptococcus oralis	1303	S	17	8	25	0.00000
Streptococcus mitis	28037	S	12	4	16	0.00000
Streptococcus sp. oral taxon 061	712623	S	2	0	2	0.00000
Streptococcus sp. HSISM1	1316408	S	2	0	2	0.00000
Streptococcus sp. A12	1759399	S	2	0	2	0.00000
Streptococcus sp. I-G2	1156431	S	1	1	2	0.00000
Streptococcus sp. 116-D4	2598453	S	1	0	1	0.00000
Streptococcus sanguinis	1305	S	9	0	9	0.00000
Streptococcus thermophilus	1308	S	8	1	9	0.00000
Streptococcus pseudopneumoniae	257758	S	5	3	8	0.00000
Streptococcus gordonii	1302	S	2	0	2	0.00000
Streptococcus equi	1336	S	2	0	2	0.00000
Streptococcus cristatus	45634	S	2	0	2	0.00000
Streptococcus intermedius	1338	S	2	0	2	0.00000
Streptococcus porcinus	1340	S	2	0	2	0.00000
Streptococcus urinalis	149016	S	1	0	1	0.00000
Streptococcus lutetiensis	150055	S	1	4	5	0.00000
Streptococcus ratti	1341	S	1	0	1	0.00000
Streptococcus troglodytae	1111760	S	1	0	1	0.00000
Streptococcus pneumoniae	1313	S	1	0	1	0.00000
Streptococcus salivarius	1304	S	1	0	1	0.00000
Streptococcus chenjunshii	2173853	S	1	0	1	0.00000
Lactococcus garvieae	1363	S	3	0	3	0.00000
Lactococcus lactis	1358	S	2	0	2	0.00000
Lactococcus allomyrinae	2419773	S	1	0	1	0.00000
Enterococcus faecalis	1351	S	47	10	57	0.00000
Enterococcus faecium	1352	S	4	3	7	0.00000
Enterococcus cecorum	44008	S	2	0	2	0.00000
Enterococcus rotai	118060	S	1	0	1	0.00000
Enterococcus wangshanyuanii	2005703	S	1	0	1	0.00000
Vagococcus teuberi	519472	S	1	0	1	0.00000
Vagococcus hydrophili	2714947	S	1	0	1	0.00000
Melissococcus plutonius	33970	S	1	0	1	0.00000
Lactobacillus johnsonii	33959	S	3	0	3	0.00000
Lactobacillus delbrueckii	1584	S	1	0	1	0.00000
Lactobacillus sp. 3B(2020)	2695882	S	1	0	1	0.00000
Lactobacillus crispatus	47770	S	1	0	1	0.00000
Lactobacillus amylovorus	1604	S	1	0	1	0.00000
Lactobacillus acetotolerans	1600	S	1	0	1	0.00000
Lactobacillus gasseri	1596	S	1	0	1	0.00000
Lactobacillus helveticus	1587	S	1	0	1	0.00000
Latilactobacillus curvatus	28038	S	7	0	7	0.00000
Latilactobacillus graminis	60519	S	1	0	1	0.00000
Leuconostoc lactis	1246	S	1	2	3	0.00000
Leuconostoc pseudomesenteroides	33968	S	1	1	2	0.00000
Limosilactobacillus reuteri	1598	S	2	0	2	0.00000
Limosilactobacillus pontis	35787	S	1	0	1	0.00000
Companilactobacillus paralimentarius	83526	S	1	0	1	0.00000
Companilactobacillus zhachilii	2304606	S	1	0	1	0.00000
Weissella soli	155866	S	1	0	1	0.00000
Lacticaseibacillus manihotivorans	88233	S	1	0	1	0.00000
Paucilactobacillus oligofermentans	293371	S	1	0	1	0.00000
Amylolactobacillus amylophilus	1603	S	1	0	1	0.00000
Fructilactobacillus fructivorans	1614	S	1	0	1	0.00000
Ligilactobacillus salivarius	1624	S	1	0	1	0.00000
Lapidilactobacillus dextrinicus	51664	S	1	0	1	0.00000
Carnobacterium maltaromaticum	2751	S	3	1	4	0.00000
Jeotgalibaca porci	1868793	S	2	0	2	0.00000
Dolosigranulum pigrum	29394	S	1	0	1	0.00000
Aerococcus urinaeequi	51665	S	2	0	2	0.00000
Aerococcus viridans	1377	S	1	0	1	0.00000
Abiotrophia defectiva	46125	S	1	0	1	0.00000
Blautia sp. SC05B48	2479767	S	12	4	16	0.00000
Blautia sp. LZLJ-3	2779518	S	1	0	1	0.00000
Blautia obeum	40520	S	11	3	14	0.00000
Blautia producta	33035	S	4	0	4	0.00000
Coprococcus catus	116085	S	10	1	11	0.00000
Coprococcus comes	410072	S	3	0	3	0.00000
Roseburia intestinalis	166486	S	8	3	11	0.00000
Roseburia hominis	301301	S	2	0	2	0.00000
[Ruminococcus] torques	33039	S	7	2	9	0.00000
[Ruminococcus] gnavus	33038	S	3	2	5	0.00000
Enterocloster bolteae	208479	S	8	0	8	0.00000
Enterocloster clostridioformis	1531	S	1	1	2	0.00000
Anaerobutyricum hallii	39488	S	6	1	7	0.00000
Anaerostipes hadrus	649756	S	3	0	3	0.00000
[Clostridium] scindens	29347	S	2	0	2	0.00000
[Clostridium] hylemonae	89153	S	1	0	1	0.00000
Butyrivibrio proteoclasticus	43305	S	3	0	3	0.00000
Lachnoanaerobaculum umeaense	617123	S	2	0	2	0.00000
Lachnospira eligens	39485	S	2	0	2	0.00000
Pseudobutyrivibrio xylanivorans	185007	S	1	0	1	0.00000
Clostridium sp. SY8519	1042156	S	3	0	3	0.00000
Clostridium sp. JN-1	2483110	S	3	0	3	0.00000
Clostridium sp. JN-9	2507159	S	2	0	2	0.00000
Clostridium sp. DL-VIII	641107	S	1	0	1	0.00000
Clostridium sp. BNL1100	755731	S	1	0	1	0.00000
Clostridium botulinum	1491	S	9	2	11	0.00000
Clostridium acetobutylicum	1488	S	6	0	6	0.00000
Clostridium gasigenes	94869	S	4	0	4	0.00000
Clostridium formicaceticum	1497	S	3	0	3	0.00000
Clostridium pasteurianum	1501	S	3	0	3	0.00000
Clostridium beijerinckii	1520	S	3	4	7	0.00000
Clostridium cellulovorans	1493	S	2	0	2	0.00000
Clostridium estertheticum	238834	S	2	0	2	0.00000
Clostridium carboxidivorans	217159	S	2	0	2	0.00000
Clostridium intestinale	36845	S	2	0	2	0.00000
Clostridium kluyveri	1534	S	2	0	2	0.00000
Clostridium tetani	1513	S	2	0	2	0.00000
Clostridium perfringens	1502	S	2	0	2	0.00000
Clostridium butyricum	1492	S	1	0	1	0.00000
Clostridium taeniosporum	394958	S	1	0	1	0.00000
Clostridium drakei	332101	S	1	0	1	0.00000
Clostridium isatidis	182773	S	1	0	1	0.00000
Clostridium saccharobutylicum	169679	S	1	0	1	0.00000
Clostridium septicum	1504	S	1	0	1	0.00000
Clostridium baratii	1561	S	1	0	1	0.00000
Candidatus Arthromitus sp. SFB-rat-Yit	1041504	S	3	1	4	0.00000
Caloramator sp. E03	2576307	S	3	0	3	0.00000
Alkaliphilus oremlandii	461876	S	1	0	1	0.00000
Caloranaerobacter azorensis	116090	S	1	0	1	0.00000
Crassaminicella sp. SY095	2599308	S	1	0	1	0.00000
Faecalibacterium prausnitzii	853	S	22	6	28	0.00000
Flavonifractor plautii	292800	S	7	0	7	0.00000
Ruthenibacterium lactatiformans	1550024	S	3	0	3	0.00000
Acutalibacter muris	1796620	S	2	0	2	0.00000
Ruminococcus bicirculans	1160721	S	1	0	1	0.00000
Oscillibacter sp. NSJ-62	2763056	S	1	0	1	0.00000
Caproiciproducens sp. NJN-50	2507162	S	1	0	1	0.00000
Clostridioides difficile	1496	S	4	0	4	0.00000
Paeniclostridium sordellii	1505	S	3	0	3	0.00000
Paraclostridium bifermentans	1490	S	2	0	2	0.00000
Romboutsia sp. CE17	2724150	S	1	0	1	0.00000
Peptacetobacter hiranonis	89152	S	1	0	1	0.00000
Intestinimonas butyriciproducens	1297617	S	5	0	5	0.00000
Flintibacter sp. KGMB00164	2610895	S	2	0	2	0.00000
Massilistercora timonensis	2086584	S	1	0	1	0.00000
Desulfotomaculum ruminis	1564	S	1	0	1	0.00000
Desulfosporosinus youngiae	339862	S	1	0	1	0.00000
Symbiobacterium thermophilum	2734	S	2	0	2	0.00000
Eubacterium sp. NSJ-61	2764325	S	1	0	1	0.00000
Christensenella sp. Marseille-P3954	2086585	S	1	0	1	0.00000
Petrocella atlantisensis	2173034	S	1	0	1	0.00000
Halobacteroides halobius	42422	S	2	0	2	0.00000
Halocella sp. SP3-1	2382161	S	1	0	1	0.00000
Mahella australiensis	252966	S	1	0	1	0.00000
Natranaerobius thermophilus	375929	S	2	0	2	0.00000
Biomaibacter acetigenes	2316383	S	1	0	1	0.00000
Keratinibaculum paraultunense	1278232	S	14	0	14	0.00000
Tissierellia sp. JN-28	2507161	S	1	0	1	0.00000
Schnuerera ultunensis	45497	S	1	0	1	0.00000
Anaerococcus obesiensis	1287640	S	3	2	5	0.00000
Anaerococcus vaginalis	33037	S	1	0	1	0.00000
Finegoldia magna	1260	S	3	0	3	0.00000
Peptoniphilus harei	54005	S	3	1	4	0.00000
Parvimonas micra	33033	S	1	0	1	0.00000
Gottschalkia acidurici	1556	S	1	0	1	0.00000
Selenomonas sp. oral taxon 478	712538	S	3	0	3	0.00000
Selenomonas sp. oral taxon 136	713030	S	2	0	2	0.00000
Selenomonas sp. oral taxon 126	712528	S	1	0	1	0.00000
Selenomonas sputigena	69823	S	2	0	2	0.00000
Selenomonas ruminantium	971	S	1	0	1	0.00000
Megamonas funiformis	437897	S	2	0	2	0.00000
Megamonas hypermegale	158847	S	1	0	1	0.00000
Veillonella parvula	29466	S	4	0	4	0.00000
Veillonella atypica	39777	S	2	0	2	0.00000
Veillonella nakazawae	2682456	S	1	0	1	0.00000
Phascolarctobacterium faecium	33025	S	3	0	3	0.00000
[Clostridium] innocuum	1522	S	13	2	15	0.00000
Erysipelatoclostridium ramosum	1547	S	1	0	1	0.00000
Longibaculum sp. KGMB06250	2584943	S	1	0	1	0.00000
Synechococcus sp. PROS-7-1	1442556	S	3	1	4	0.00000
Synechococcus sp. CBW1107	2789857	S	2	0	2	0.00000
Synechococcus sp. PROS-U-1	1400866	S	2	0	2	0.00000
Synechococcus sp. A15-28	1050638	S	2	0	2	0.00000
Synechococcus sp. SynAce01	1916956	S	2	0	2	0.00000
Synechococcus sp. CB0101	232348	S	1	0	1	0.00000
Synechococcus sp. JA-3-3Ab	321327	S	1	0	1	0.00000
Synechococcus sp. PCC 7003	374981	S	1	0	1	0.00000
Synechococcus sp. CC9311	64471	S	1	0	1	0.00000
Cyanobium sp. NS01	261284	S	1	0	1	0.00000
Acaryochloris marina	155978	S	7	0	7	0.00000
Chamaesiphon minutus	1173032	S	6	0	6	0.00000
Pseudanabaena sp. ABRG5-3	685565	S	3	0	3	0.00000
Prochlorococcus marinus	1219	S	1	-1	0	0.00000
Leptolyngbya sp. BL0902	1115757	S	1	0	1	0.00000
Nostoc sp. PCC 7524	28072	S	1	0	1	0.00000
Nostoc sp. 'Peltigera membranacea cyanobiont' N6	1261031	S	1	1	2	0.00000
Nostoc sp. 'Lobaria pulmonaria (5183) cyanobiont'	1618022	S	1	0	1	0.00000
Nostoc sp. CENA543	1869241	S	1	0	1	0.00000
Nostoc sp. UHCC 0702	2814655	S	1	0	1	0.00000
Nostoc edaphicum	264686	S	2	0	2	0.00000
Nostoc linckia	92942	S	1	0	1	0.00000
Anabaena sp. WA102	1647413	S	1	1	2	0.00000
Calothrix parietina	32054	S	1	0	1	0.00000
Calothrix brevissima	938406	S	1	0	1	0.00000
Nodularia spumigena	70799	S	2	-2	0	0.00000
Anabaenopsis elenkinii	156213	S	1	0	1	0.00000
Microchaete diplosiphon	1197	S	1	1	2	0.00000
Rivularia sp. PCC 7116	373994	S	1	0	1	0.00000
Tolypothrix sp. PCC 7910	2099387	S	2	1	3	0.00000
Fischerella sp. NIES-3754	1752063	S	2	1	3	0.00000
Trichodesmium erythraeum	1206	S	6	0	6	0.00000
Oscillatoria nigro-viridis	482564	S	8	0	8	0.00000
Moorea producens	1155739	S	1	0	1	0.00000
Crinalium epipsammum	241425	S	1	0	1	0.00000
Chondrocystis sp. NIES-4102	2005460	S	3	0	3	0.00000
Geminocystis herdmanii	669359	S	1	0	1	0.00000
Geminocystis sp. NIES-3708	1615909	S	1	0	1	0.00000
Gloeothece citriformis	2546356	S	1	0	1	0.00000
Halothece sp. PCC 7418	65093	S	1	0	1	0.00000
Candidatus Atelocyanobacterium thalassa	713887	S	1	0	1	0.00000
Cyanobacterium aponinum	379064	S	1	0	1	0.00000
Gloeobacter kilaueensis	1416614	S	1	0	1	0.00000
cyanobacterium endosymbiont of Epithemia turgida	718217	S	1	0	1	0.00000
Meiothermus silvanus	52022	S	19	0	19	0.00000
Meiothermus ruber	277	S	3	0	3	0.00000
Thermus scotoductus	37636	S	4	1	5	0.00000
Thermus caldilimi	2483360	S	1	0	1	0.00000
Deinococcus sp. NW-56	2080419	S	2	0	2	0.00000
Deinococcus sp. S14-83	2489213	S	1	0	1	0.00000
Deinococcus deserti	310783	S	2	0	2	0.00000
Deinococcus metallilatus	1211322	S	1	0	1	0.00000
Deinococcus peraridilitoris	432329	S	1	0	1	0.00000
Deinococcus swuensis	1182571	S	1	0	1	0.00000
Deinococcus wulumuqiensis	980427	S	1	0	1	0.00000
Truepera radiovictrix	332249	S	2	0	2	0.00000
Mycoplasma arthritidis	2111	S	3	0	3	0.00000
Mycoplasma sp. Pen4	640330	S	1	0	1	0.00000
Mycoplasma sp. (ex Biomphalaria glabrata)	1749074	S	1	0	1	0.00000
Mycoplasma anserisalpingitidis	519450	S	2	0	2	0.00000
Mycoplasma haemocanis	136241	S	1	0	1	0.00000
Mycoplasma pullorum	48003	S	4	0	4	0.00000
Mycoplasma canis	29555	S	1	0	1	0.00000
Spiroplasma litorale	216942	S	2	0	2	0.00000
Spiroplasma monobiae	2136	S	1	0	1	0.00000
Spiroplasma gladiatoris	2143	S	1	0	1	0.00000
Spiroplasma helicoides	216938	S	1	0	1	0.00000
Mesoplasma tabanidae	219745	S	2	0	2	0.00000
Entomoplasma luminosum	214888	S	1	0	1	0.00000
Candidatus Promineofilum breve	1806508	S	5	0	5	0.00000
Chloroflexus aggregans	152260	S	1	0	1	0.00000
Roseiflexus sp. RS-1	357808	S	1	0	1	0.00000
Sphaerobacter thermophilus	2057	S	2	0	2	0.00000
Dehalogenimonas lykanthroporepellens	552810	S	1	0	1	0.00000
Dehalococcoides mccartyi	61435	S	1	0	1	0.00000
Ktedonosporobacter rubrisoli	2509675	S	2	0	2	0.00000
Brevefilum fermentans	1986204	S	1	0	1	0.00000
Flavobacterium sp. 140616W15	2478552	S	16	5	21	0.00000
Flavobacterium sp. M31R6	2739062	S	8	1	9	0.00000
Flavobacterium sp. BB8	2816357	S	6	2	8	0.00000
Flavobacterium sp. HYN0086	2249356	S	5	3	8	0.00000
Flavobacterium sp. I3-2	2748319	S	5	2	7	0.00000
Flavobacterium sp. Sr18	935222	S	4	0	4	0.00000
Flavobacterium sp. KBS0721	1179672	S	4	5	9	0.00000
Flavobacterium sp. MDT1-60	1979344	S	4	2	6	0.00000
Flavobacterium sp. SLB02	2665645	S	4	5	9	0.00000
Flavobacterium sp. P2-65	2748320	S	2	0	2	0.00000
Flavobacterium sp. CJ74	2294119	S	2	0	2	0.00000
Flavobacterium sp. xlx-214	2654325	S	2	0	2	0.00000
Flavobacterium sp. CLA17	2724135	S	2	0	2	0.00000
Flavobacterium sp. LPB0248	2614441	S	1	0	1	0.00000
Flavobacterium psychrophilum	96345	S	10	1	11	0.00000
Flavobacterium columnare	996	S	9	1	10	0.00000
Flavobacterium johnsoniae	986	S	9	3	12	0.00000
Flavobacterium nackdongense	2547394	S	8	0	8	0.00000
Flavobacterium branchiophilum	55197	S	7	0	7	0.00000
Flavobacterium crassostreae	1763534	S	7	1	8	0.00000
Flavobacterium indicum	312277	S	5	0	5	0.00000
Flavobacterium sangjuense	2518177	S	5	0	5	0.00000
Flavobacterium commune	1306519	S	5	0	5	0.00000
Flavobacterium faecale	1355330	S	5	0	5	0.00000
Flavobacterium nitrogenifigens	1617283	S	4	2	6	0.00000
Flavobacterium gilvum	1492737	S	3	0	3	0.00000
Flavobacterium crocinum	2183896	S	3	0	3	0.00000
Flavobacterium haoranii	683124	S	3	0	3	0.00000
Flavobacterium pallidum	2172098	S	2	0	2	0.00000
Flavobacterium sediminis	2201181	S	2	0	2	0.00000
Flavobacterium kingsejongi	1678728	S	1	0	1	0.00000
Flavobacterium arcticum	1784713	S	1	0	1	0.00000
Flavobacterium album	2175091	S	1	0	1	0.00000
Capnocytophaga sputigena	1019	S	9	1	10	0.00000
Capnocytophaga leadbetteri	327575	S	2	0	2	0.00000
Capnocytophaga sp. oral taxon 323	1705617	S	1	0	1	0.00000
Capnocytophaga sp. FDAARGOS_737	2545799	S	1	0	1	0.00000
Capnocytophaga gingivalis	1017	S	1	0	1	0.00000
Capnocytophaga canimorsus	28188	S	1	0	1	0.00000
Capnocytophaga endodontalis	2708117	S	1	0	1	0.00000
Polaribacter sp. KT25b	1855336	S	4	0	4	0.00000
Polaribacter sp. G4M1	2808900	S	4	0	4	0.00000
Polaribacter sp. SA4-10	754397	S	3	0	3	0.00000
Polaribacter sp. SA4-12	1312072	S	1	0	1	0.00000
Polaribacter sp. L3A8	2686361	S	1	0	1	0.00000
Polaribacter vadi	1774273	S	4	0	4	0.00000
Polaribacter sejongensis	985043	S	1	0	1	0.00000
Myroides odoratus	256	S	2	0	2	0.00000
Myroides phaeus	702745	S	2	0	2	0.00000
Myroides odoratimimus	76832	S	1	0	1	0.00000
Myroides fluvii	2572594	S	1	0	1	0.00000
Myroides sp. ZB35	1458492	S	1	0	1	0.00000
Winogradskyella helgolandensis	2697010	S	2	1	3	0.00000
Winogradskyella sp. PC-19	754417	S	1	0	1	0.00000
Winogradskyella forsetii	2686077	S	1	3	4	0.00000
Antarcticibacterium arcticum	2585771	S	6	0	6	0.00000
Antarcticibacterium flavum	2058175	S	1	0	1	0.00000
Aquimarina sp. AD10	1714849	S	2	0	2	0.00000
Aquimarina sp. BL5	1714860	S	2	0	2	0.00000
Aquimarina sp. TRL1	2736252	S	2	0	2	0.00000
Aquimarina sp. AD1	1714848	S	1	0	1	0.00000
Tenacibaculum jejuense	584609	S	2	0	2	0.00000
Tenacibaculum maritimum	107401	S	1	0	1	0.00000
Tenacibaculum dicentrarchi	669041	S	1	0	1	0.00000
Tenacibaculum todarodis	1850252	S	1	0	1	0.00000
Tenacibaculum sp. DSM 106434	2358479	S	1	0	1	0.00000
Amniculibacterium sp. G2-70	2767188	S	5	1	6	0.00000
Nonlabens spongiae	331648	S	2	1	3	0.00000
Nonlabens ponticola	2496866	S	1	0	1	0.00000
Nonlabens sp. MB-3u-79	2058134	S	1	0	1	0.00000
Gramella fulva	2126553	S	3	0	3	0.00000
Gramella forsetii	411153	S	1	0	1	0.00000
Gramella sp. MAR_2010_147	1250205	S	1	0	1	0.00000
Lacinutrix sp. 5H-3-7-4	983544	S	2	0	2	0.00000
Lacinutrix sp. WUR7	2653681	S	2	0	2	0.00000
Lacinutrix venerupis	1486034	S	1	0	1	0.00000
Formosa sp. Hel1_31_208	1798225	S	2	0	2	0.00000
Formosa sp. Hel1_33_131	1336794	S	1	0	1	0.00000
Formosa sp. Hel3_A1_48	1336795	S	1	0	1	0.00000
Kordia antarctica	1218801	S	3	0	3	0.00000
Algibacter sp. L3A6	2686366	S	2	0	2	0.00000
Algibacter alginicilyticus	1736674	S	1	0	1	0.00000
Mariniflexile sp. TRM1-10	2027857	S	2	0	2	0.00000
Cellulophaga algicola	59600	S	1	0	1	0.00000
Cellulophaga baltica	76594	S	1	-1	0	0.00000
Lutibacter profundi	1622118	S	2	0	2	0.00000
Galbibacter sp. BG1	1170699	S	2	0	2	0.00000
Flavivirga eckloniae	1803846	S	2	0	2	0.00000
Dokdonia sp. PRO95	1239415	S	1	1	2	0.00000
Altibacter sp. ALE3EI	2562285	S	2	0	2	0.00000
Tamlana carrageenivorans	2069432	S	1	0	1	0.00000
Tamlana sp. s12	1630406	S	1	0	1	0.00000
Salegentibacter sp. T436	1729720	S	2	1	3	0.00000
Maribacter cobaltidurans	1178778	S	1	0	1	0.00000
Maribacter sp. T28	1836467	S	1	0	1	0.00000
Psychroflexus sp. ALD_RP9	2777186	S	2	0	2	0.00000
Siansivirga zeaxanthinifaciens	762954	S	1	0	1	0.00000
Aureitalea sp. RR4-38	2094025	S	1	0	1	0.00000
Muriicola sp. MMS17-SY002	2507538	S	1	0	1	0.00000
Olleya sp. Bg11-27	2058135	S	1	1	2	0.00000
Seonamhaeicola sp. S2-3	1936081	S	1	0	1	0.00000
Psychroserpens sp. NJDZ02	2570561	S	1	1	2	0.00000
Chryseobacterium sp. SNU WT5	2594269	S	6	0	6	0.00000
Chryseobacterium sp. NEB161	2724619	S	4	1	5	0.00000
Chryseobacterium sp. NBC 122	2547600	S	3	0	3	0.00000
Chryseobacterium sp. IHB B 17019	1721091	S	2	0	2	0.00000
Chryseobacterium sp. JV274	1932669	S	2	0	2	0.00000
Chryseobacterium sp. G0186	2487064	S	2	0	2	0.00000
Chryseobacterium sp. POL2	2713414	S	2	0	2	0.00000
Chryseobacterium sp. StRB126	878220	S	1	0	1	0.00000
Chryseobacterium sp.	1871047	S	1	0	1	0.00000
Chryseobacterium sp. 6424	2039166	S	1	0	1	0.00000
Chryseobacterium indoltheticum	254	S	5	0	5	0.00000
Chryseobacterium manosquense	2754694	S	4	5	9	0.00000
Chryseobacterium shandongense	1493872	S	4	1	5	0.00000
Chryseobacterium indologenes	253	S	3	0	3	0.00000
Chryseobacterium aureum	2497456	S	3	0	3	0.00000
Chryseobacterium gleum	250	S	2	1	3	0.00000
Chryseobacterium cucumeris	1813611	S	2	0	2	0.00000
Chryseobacterium camelliae	1265445	S	2	0	2	0.00000
Chryseobacterium arthrosphaerae	651561	S	2	0	2	0.00000
Chryseobacterium piperi	558152	S	2	0	2	0.00000
Chryseobacterium balustinum	246	S	2	0	2	0.00000
Chryseobacterium nakagawai	1241982	S	1	1	2	0.00000
Kaistella jeonii	266749	S	23	1	24	0.00000
Kaistella antarctica	266748	S	4	0	4	0.00000
Chryseobacterium haifense	421525	S	4	4	8	0.00000
Kaistella carnis	1241979	S	4	0	4	0.00000
Kaistella flava (ex Peng et al. 2021)	2038776	S	4	0	4	0.00000
Kaistella daneshvariae	2487074	S	2	0	2	0.00000
Epilithonimonas vandammei	2487072	S	1	0	1	0.00000
Elizabethkingia bruuniana	1756149	S	5	4	9	0.00000
Elizabethkingia meningoseptica	238	S	3	0	3	0.00000
Elizabethkingia anophelis	1117645	S	1	0	1	0.00000
Elizabethkingia ursingii	1756150	S	1	0	1	0.00000
Empedobacter falsenii	343874	S	3	1	4	0.00000
Empedobacter stercoris	1628248	S	1	0	1	0.00000
Cloacibacterium normanense	237258	S	3	0	3	0.00000
Ornithobacterium rhinotracheale	28251	S	2	0	2	0.00000
Riemerella anatipestifer	34085	S	1	0	1	0.00000
Cruoricaptor ignavus	1118202	S	1	0	1	0.00000
Blattabacterium cuenoti	1653831	S	9	0	9	0.00000
Owenweeksia hongkongensis	253245	S	2	0	2	0.00000
Fluviicola taffensis	191579	S	2	0	2	0.00000
Bacteroides uniformis	820	S	10	6	16	0.00000
Bacteroides fragilis	817	S	5	3	8	0.00000
Bacteroides thetaiotaomicron	818	S	3	0	3	0.00000
Bacteroides xylanisolvens	371601	S	3	3	6	0.00000
Bacteroides ovatus	28116	S	2	1	3	0.00000
Bacteroides caccae	47678	S	2	0	2	0.00000
Bacteroides caecimuris	1796613	S	2	0	2	0.00000
Bacteroides eggerthii	28111	S	1	0	1	0.00000
Bacteroides coprosuis	151276	S	1	0	1	0.00000
Bacteroides cellulosilyticus	246787	S	1	0	1	0.00000
Phocaeicola dorei	357276	S	21	4	25	0.00000
Phocaeicola vulgatus	821	S	11	1	12	0.00000
Phocaeicola coprophilus	387090	S	1	0	1	0.00000
Prevotella intermedia	28131	S	5	0	5	0.00000
Prevotella oris	28135	S	4	0	4	0.00000
Prevotella copri	165179	S	3	0	3	0.00000
Prevotella enoeca	76123	S	2	0	2	0.00000
Prevotella ruminicola	839	S	1	0	1	0.00000
Prevotella scopos	589437	S	1	0	1	0.00000
Parabacteroides distasonis	823	S	3	2	5	0.00000
Parabacteroides sp. CT06	2025876	S	1	1	2	0.00000
Tannerella forsythia	28112	S	4	0	4	0.00000
Tannerella sp. oral taxon HOT-286	712710	S	1	0	1	0.00000
Odoribacter splanchnicus	28118	S	4	0	4	0.00000
Butyricimonas virosa	544645	S	3	0	3	0.00000
Butyricimonas faecalis	2093856	S	1	0	1	0.00000
Alistipes megaguti	2364787	S	2	0	2	0.00000
Alistipes onderdonkii	328813	S	1	0	1	0.00000
Alistipes communis	2585118	S	1	0	1	0.00000
Alistipes sp. dk3624	2662363	S	1	0	1	0.00000
Paludibacter propionicigenes	185300	S	4	0	4	0.00000
Dysgonomonas sp. HDW5B	2714927	S	2	0	2	0.00000
Proteiniphilum saccharofermentans	1642647	S	1	0	1	0.00000
Duncaniella dubosii	2518971	S	1	0	1	0.00000
Sodaliphilus pleomorphus	2606626	S	1	0	1	0.00000
Coprobacter sp. 2CBH44	2751153	S	2	0	2	0.00000
Porphyromonas asaccharolytica	28123	S	1	0	1	0.00000
Alkalitalea saponilacus	889453	S	1	0	1	0.00000
Pedobacter sp. SW-16	2766984	S	12	2	14	0.00000
Pedobacter sp. G11	2482728	S	10	1	11	0.00000
Pedobacter sp. KBS0701	2578106	S	10	2	12	0.00000
Pedobacter sp. JBR3-12	2789740	S	6	0	6	0.00000
Pedobacter sp. HDW13	2714940	S	4	0	4	0.00000
Pedobacter sp. eg	2201271	S	3	0	3	0.00000
Pedobacter sp. CJ43	2605747	S	2	0	2	0.00000
Pedobacter sp. PACM 27299	1727164	S	1	0	1	0.00000
Pedobacter roseus	336820	S	3	0	3	0.00000
Pedobacter heparinus	984	S	2	0	2	0.00000
Pedobacter suwonensis	332999	S	2	0	2	0.00000
Pedobacter cryoconitis	188932	S	1	0	1	0.00000
Pedobacter ginsengisoli	363852	S	1	0	1	0.00000
Mucilaginibacter celer	2305508	S	4	2	6	0.00000
Mucilaginibacter gotjawali	1550579	S	3	0	3	0.00000
Mucilaginibacter ginsenosidivorax	862126	S	2	0	2	0.00000
Mucilaginibacter ginkgonis	2682091	S	2	0	2	0.00000
Mucilaginibacter mali	2740462	S	2	0	2	0.00000
Mucilaginibacter ginsenosidivorans	398053	S	1	0	1	0.00000
Mucilaginibacter xinganensis	1234841	S	1	0	1	0.00000
Sphingobacterium multivorum	28454	S	5	6	11	0.00000
Sphingobacterium sp. UDSM-2020	2795738	S	1	0	1	0.00000
Pseudopedobacter saltans	151895	S	7	1	8	0.00000
Solitalea canadensis	995	S	3	0	3	0.00000
Olivibacter sp. LS-1	2592345	S	1	0	1	0.00000
Olivibacter sp. SDN3	2764720	S	1	0	1	0.00000
Hymenobacter sp. PAMC 26628	1484118	S	6	0	6	0.00000
Hymenobacter sp. APR13	1356852	S	3	1	4	0.00000
Hymenobacter sp. DG01	2584940	S	2	0	2	0.00000
Hymenobacter sp. NBH84	2596915	S	2	0	2	0.00000
Hymenobacter sp. BRD67	2675877	S	2	0	2	0.00000
Hymenobacter sp. DG25B	1385664	S	1	0	1	0.00000
Hymenobacter sp. TS19	2735321	S	1	0	1	0.00000
Hymenobacter sp. S2-20-2	2761579	S	1	0	1	0.00000
Hymenobacter sedentarius	1411621	S	4	0	4	0.00000
Hymenobacter oligotrophus	2319843	S	2	0	2	0.00000
Hymenobacter jejuensis	2502781	S	2	0	2	0.00000
Hymenobacter russus	2724192	S	2	0	2	0.00000
Hymenobacter swuensis	1446467	S	1	0	1	0.00000
Hymenobacter nivis	1850093	S	1	0	1	0.00000
Rufibacter tibetensis	512763	S	3	0	3	0.00000
Rufibacter sp. DG15C	1379909	S	1	0	1	0.00000
Adhaeribacter swui	2086471	S	3	0	3	0.00000
Pontibacter russatus	2694929	S	2	0	2	0.00000
Spirosoma sp. KUDC1026	2745947	S	12	0	12	0.00000
Spirosoma sp. CJU-R4	2728024	S	3	0	3	0.00000
Spirosoma sp. PL0136	2710596	S	1	0	1	0.00000
Spirosoma endbachense	2666025	S	3	0	3	0.00000
Spirosoma radiotolerans	1379870	S	1	0	1	0.00000
Spirosoma pollinicola	2057025	S	1	0	1	0.00000
Spirosoma taeanense	2735870	S	1	0	1	0.00000
Runella slithyformis	106	S	4	0	4	0.00000
Cytophaga hutchinsonii	985	S	4	0	4	0.00000
Aquirufa nivalisilvae	2516557	S	4	0	4	0.00000
Dyadobacter sp. Q3-56	2747268	S	3	0	3	0.00000
Rhodocytophaga rosea	2704465	S	1	0	1	0.00000
Flammeovirga pectinis	2494373	S	2	0	2	0.00000
Flammeovirga sp. MY04	1191459	S	1	0	1	0.00000
Belliella baltica	232259	S	1	0	1	0.00000
Echinicola sp. LN3S3	2591634	S	1	0	1	0.00000
Bernardetia litoralis	999	S	2	0	2	0.00000
Marivirga tractuosa	1006	S	2	0	2	0.00000
Fulvivirga sp. S481	2810512	S	1	0	1	0.00000
Chitinophaga sp. MD30	2033437	S	3	4	7	0.00000
Chitinophaga pinensis	79329	S	2	0	2	0.00000
Chitinophaga caeni	2029983	S	2	0	2	0.00000
Chitinophaga alhagiae	2203219	S	1	0	1	0.00000
Chitinophaga agri	2703787	S	1	0	1	0.00000
Pseudobacter ginsenosidimutans	661488	S	6	0	6	0.00000
Pseudocnuella soli	2502779	S	6	0	6	0.00000
Niabella ginsenosidivorans	1176587	S	4	0	4	0.00000
Niabella soli	446683	S	1	0	1	0.00000
Flavisolibacter tropicus	1492898	S	3	0	3	0.00000
Flavisolibacter ginsenosidimutans	661481	S	2	0	2	0.00000
Panacibacter ginsenosidivorans	1813871	S	4	0	4	0.00000
Lacibacter sp. S13-6-6	2760713	S	3	0	3	0.00000
Filimonas lacunae	477680	S	2	0	2	0.00000
Flavihumibacter sp. SB-02	2676868	S	1	0	1	0.00000
Paraflavitalea soli	2315862	S	1	0	1	0.00000
Haliscomenobacter hydrossis	2350	S	12	0	12	0.00000
Rhodothermus marinus	29549	S	2	0	2	0.00000
Chlorobaculum limnaeum	274537	S	1	0	1	0.00000
Gemmatimonas aurantiaca	173480	S	3	0	3	0.00000
Gemmatimonas sp. TET16	2732249	S	1	0	1	0.00000
Gemmatirosa kalamazoonesis	861299	S	3	0	3	0.00000
Gemmata massiliana	1210884	S	10	1	11	0.00000
Gemmata obscuriglobus	114	S	3	0	3	0.00000
Urbifossiella limnaea	2528023	S	10	0	10	0.00000
Limnoglobus roseus	2598579	S	8	0	8	0.00000
Frigoriglobus tundricola	2774151	S	3	0	3	0.00000
Roseimaritima ulvae	980254	S	7	0	7	0.00000
Stieleria neptunia	2527979	S	4	0	4	0.00000
Rosistilla oblonga	2527990	S	3	0	3	0.00000
Lignipirellula cremea	2528010	S	2	0	2	0.00000
Anatilimnocola aggregata	2528021	S	2	0	2	0.00000
Bremerella volcania	2527984	S	1	0	1	0.00000
Pirellulimonas nuda	2528009	S	3	0	3	0.00000
Lacipirellula limnantheis	2528024	S	1	0	1	0.00000
Lacipirellula parvula	2650471	S	1	0	1	0.00000
Botrimarina mediterranea	2528022	S	1	0	1	0.00000
Gimesia maris	122	S	2	0	2	0.00000
Gimesia panareensis	2527978	S	2	0	2	0.00000
Gimesia chilikensis	2605989	S	2	0	2	0.00000
Gimesia fumaroli	2527976	S	1	0	1	0.00000
Planctomyces sp. SH-PL62	1636152	S	2	0	2	0.00000
Rubinisphaera brasiliensis	119	S	2	0	2	0.00000
Planctopirus ephydatiae	2528019	S	1	0	1	0.00000
Fuerstia marisgermanicae	1891926	S	1	0	1	0.00000
Maioricimonas rarisocia	2528026	S	1	0	1	0.00000
Caulifigura coniformis	2527983	S	1	0	1	0.00000
Symmachiella dynata	2527995	S	1	0	1	0.00000
Tautonia plasticadhaerens	2527974	S	6	0	6	0.00000
Paludisphaera borealis	1387353	S	2	0	2	0.00000
Singulisphaera acidiphila	466153	S	1	0	1	0.00000
Candidatus Kuenenia stuttgartiensis	174633	S	3	0	3	0.00000
Humisphaera borealis	2807512	S	1	0	1	0.00000
Limihaloglobus sulfuriphilus	1851148	S	1	0	1	0.00000
Akkermansia muciniphila	239935	S	14	0	14	0.00000
Akkermansia glycaniphila	1679444	S	2	0	2	0.00000
Verrucomicrobium spinosum	2736	S	2	0	2	0.00000
Verrucomicrobium sp. GAS474	1882831	S	1	0	1	0.00000
Roseimicrobium sp. ORNL1	2711231	S	2	0	2	0.00000
Lacunisphaera limnophila	1838286	S	3	0	3	0.00000
Ereboglobus luteus	1796921	S	3	0	3	0.00000
Opitutus sp. GAS368	1882749	S	1	0	1	0.00000
Nibricoccus aquaticus	2576891	S	1	0	1	0.00000
Coraliomargarita akajimensis	395922	S	6	0	6	0.00000
Methylacidimicrobium sp. AP8	2730359	S	3	1	4	0.00000
Candidatus Xiphinematobacter sp. Idaho Grape	1704307	S	1	0	1	0.00000
Parachlamydia acanthamoebae	83552	S	1	0	1	0.00000
Neochlamydia sp. S13	1353976	S	1	0	1	0.00000
Candidatus Protochlamydia amoebophila	362787	S	1	0	1	0.00000
Simkania negevensis	83561	S	1	0	1	0.00000
Waddlia chondrophila	71667	S	1	0	1	0.00000
Chlamydia psittaci	83554	S	1	0	1	0.00000
Chlamydia suis	83559	S	1	0	1	0.00000
Chlamydia avium	1457141	S	1	0	1	0.00000
Candidatus Vampirococcus archaeovorus	1930593	S	1	0	1	0.00000
Kiritimatiella glycovorans	1307763	S	1	2	3	0.00000
Borrelia crocidurae	29520	S	16	0	16	0.00000
Borrelia anserina	143	S	1	-1	0	0.00000
Borrelia turcica	229155	S	1	0	1	0.00000
Borreliella afzelii	29518	S	2	0	2	0.00000
Borreliella bissettiae	64897	S	2	0	2	0.00000
Borreliella garinii	29519	S	1	0	1	0.00000
Borreliella valaisiana	62088	S	1	-1	0	0.00000
Treponema putidum	221027	S	2	0	2	0.00000
Treponema denticola	158	S	1	0	1	0.00000
Treponema brennaborense	81028	S	1	0	1	0.00000
Salinispira pacifica	1307761	S	2	0	2	0.00000
Sphaerochaeta pleomorpha	1131707	S	1	0	1	0.00000
Brachyspira intermedia	84377	S	2	0	2	0.00000
Brachyspira murdochii	84378	S	1	0	1	0.00000
Leptospira biflexa	172	S	1	-1	0	0.00000
Leptospira santarosai	28183	S	1	0	1	0.00000
Turneriella parva	29510	S	1	0	1	0.00000
Leptotrichia wadei	157687	S	10	0	10	0.00000
Leptotrichia sp. oral taxon 498	712368	S	3	0	3	0.00000
Leptotrichia sp. oral taxon 212	712357	S	2	0	2	0.00000
Leptotrichia buccalis	40542	S	3	0	3	0.00000
Streptobacillus moniliformis	34105	S	1	0	1	0.00000
Fusobacterium nucleatum	851	S	7	0	7	0.00000
Fusobacterium ulcerans	861	S	4	0	4	0.00000
Fusobacterium pseudoperiodonticum	2663009	S	3	0	3	0.00000
Edaphobacter sp. 12200R-103	2703788	S	4	0	4	0.00000
Acidobacterium capsulatum	33075	S	1	0	1	0.00000
Acidobacterium sp. 4Y35	2763107	S	1	0	1	0.00000
Terriglobus roseus	392734	S	1	0	1	0.00000
Terriglobus albidus	1592106	S	1	0	1	0.00000
Candidatus Koribacter versatilis	658062	S	2	0	2	0.00000
Granulicella sp. 5B5	1617967	S	1	0	1	0.00000
Paludibaculum fermentans	1473598	S	3	0	3	0.00000
Candidatus Solibacter usitatus	332163	S	2	0	2	0.00000
Luteitalea pratensis	1855912	S	2	0	2	0.00000
Chloracidobacterium thermophilum	458033	S	1	0	1	0.00000
Persephonella marina	309805	S	4	0	4	0.00000
Sulfurihydrogenibium azorense	309806	S	1	0	1	0.00000
Hydrogenobaculum sp. Y04AAS1	380749	S	1	1	2	0.00000
Thermosulfidibacter takaii	412593	S	2	0	2	0.00000
Thermovibrio ammonificans	228745	S	1	0	1	0.00000
Nitrospira moscoviensis	42253	S	2	1	3	0.00000
Dissulfurispira thermophila	2715679	S	1	0	1	0.00000
Marinitoga sp. 1137	1545835	S	1	0	1	0.00000
Tepiditoga spiralis	2108365	S	1	0	1	0.00000
Kosmotoga olearia	651457	S	1	0	1	0.00000
Thermodesulfatator indicus	171695	S	3	0	3	0.00000
Endomicrobium proavitum	1408281	S	1	0	1	0.00000
Fretibacterium fastidiosum	651822	S	1	0	1	0.00000
Caldithrix abyssi	187145	S	1	0	1	0.00000
Candidatus Saccharimonas aalborgensis	1332188	S	1	0	1	0.00000
Halopiger xanaduensis	387343	S	3	0	3	0.00000
Natrinema pellirubrum	69525	S	1	0	1	0.00000
Natrinema sp. YPL30	1710539	S	1	0	1	0.00000
Natronococcus occultus	29288	S	1	0	1	0.00000
Haloterrigena salifodinae	2675099	S	1	0	1	0.00000
Natronorubrum aibiense	348826	S	1	0	1	0.00000
Salinarchaeum sp. Harcht-Bsk1	1333523	S	1	0	1	0.00000
Halorubrum trapanicum	29284	S	2	0	2	0.00000
Halorubrum sp. CBA1229	1853699	S	1	0	1	0.00000
Halorubrum sp. RHB-C	2739057	S	1	0	1	0.00000
Halogeometricum borinquense	60847	S	1	0	1	0.00000
Haloplanus rubicundus	1547898	S	1	0	1	0.00000
Halalkaliarchaeum desulfuricum	2055893	S	1	0	1	0.00000
Haloarcula taiwanensis	1932004	S	1	0	1	0.00000
Natronomonas pharaonis	2257	S	1	0	1	0.00000
Halanaeroarchaeum sulfurireducens	1604004	S	1	0	1	0.00000
Methanolacinia petrolearia	54120	S	1	0	1	0.00000
Methanosarcina lacustris	170861	S	1	0	1	0.00000
Methanocella conradii	1175444	S	1	0	1	0.00000
Methanobrevibacter smithii	2173	S	3	0	3	0.00000
Methanobrevibacter olleyae	294671	S	1	0	1	0.00000
Methanobacterium formicicum	2162	S	1	0	1	0.00000
Methanobacterium lacus	877455	S	1	0	1	0.00000
Methanococcus aeolicus	42879	S	2	0	2	0.00000
Methanococcus vannielii	2187	S	1	1	2	0.00000
Methanococcus maripaludis	39152	S	1	0	1	0.00000
Methanocaldococcus bathoardescens	1301915	S	1	0	1	0.00000
Pyrococcus furiosus	2261	S	1	-1	0	0.00000
Candidatus Nitrosopumilus sediminis	1229909	S	2	0	2	0.00000
Candidatus Nitrosopumilus sp. SW	2508726	S	2	0	2	0.00000
Nitrosopumilus ureiphilus	1470067	S	1	0	1	0.00000
Candidatus Nitrosopumilus koreensis	1510466	S	1	0	1	0.00000
Nitrosopumilus oxyclinae	1959104	S	1	0	1	0.00000
Nitrosarchaeum sp. AC2	2259673	S	2	0	2	0.00000
Candidatus Nitrosotalea okcheonensis	1903276	S	4	0	4	0.00000
Candidatus Nitrosotenuis cloacae	1603555	S	1	0	1	0.00000
Conexivisphaera calida	1874277	S	1	0	1	0.00000
Sulfolobus sp. NOB8H2	84600	S	7	0	7	0.00000
Acidianus brierleyi	41673	S	1	1	2	0.00000
Aciduliprofundum boonei	379547	S	3	0	3	0.00000
Candidatus Prometheoarchaeum syntrophicum	2594042	S	2	0	2	0.00000
Proteus virus Isfahan	2560650	S	239	1	240	0.00000
Flavobacterium phage vB_FspS_filifjonk9-1	2686245	S	11	12	23	0.00000
Flavobacterium phage vB_FspS_mymlan6-1	2686266	S	4	7	11	0.00000
Staphylococcus phage StB12	1147042	S	2	0	2	0.00000
Lactococcus phage phiL47	1412875	S	2	0	2	0.00000
Flavobacterium phage vB_FspS_snusmum6-1	2686273	S	2	1	3	0.00000
Salicola phage CGphi29	754067	S	1	0	1	0.00000
Flavobacterium phage vB_FspS_tooticki6-1	2686279	S	1	2	3	0.00000
Synechococcus phage S-CBS3	753085	S	1	0	1	0.00000
Flavobacterium phage vB_FspS_snork6-1	2686270	S	1	5	6	0.00000
Salmonella phage SAP012	2742114	S	1	0	1	0.00000
Salmonella phage TS13	2500149	S	8	0	8	0.00000
Mycobacterium phage Lamina13	1468169	S	2	1	3	0.00000
Propionibacterium virus PHL041M10	1982276	S	1	1	2	0.00000
Salmonella virus Sasha	2734275	S	2	0	2	0.00000
Enterococcus virus AUEF3	2560417	S	1	0	1	0.00000
Mycobacterium virus Babsiella	1089115	S	1	0	1	0.00000
Staphylococcus virus Andhra	2732591	S	27	0	27	0.00000
uncultured crAssphage	1211417	S	2	0	2	0.00000
Rhodoferax phage P26218	1636270	S	2	0	2	0.00000
Xanthomonas citri phage CP2	1188795	S	1	0	1	0.00000
Shewanella sp. phage 1/40	1458860	S	2	0	2	0.00000
Acinetobacter phage YMC13/03/R2096	1560342	S	1	0	1	0.00000
Shewanella sp. phage 1/4	1458859	S	1	0	1	0.00000
Yersinia virus Yen9-04	2560849	S	2	0	2	0.00000
Acinetobacter phage vB_AbaM_Acibel004	1481186	S	1	0	1	0.00000
Proteus phage vB_PmiM_Pm5461	1636250	S	1	0	1	0.00000
Enterococcus virus ECP3	2560418	S	2	0	2	0.00000
Pectobacterium virus PPWS1	2733336	S	2	0	2	0.00000
Proteus phage Myduc	2650874	S	1	0	1	0.00000
Invertebrate iridescent virus 31	345199	S	1	0	1	0.00000
Golden Marseillevirus	1720526	S	1	0	1	0.00000
Phaeocystis globosa virus	251749	S	1	0	1	0.00000
Adoxophyes honmai entomopoxvirus	1993630	S	1	0	1	0.00000
Pacmanvirus A23	1932881	S	2	0	2	0.00000
Pandoravirus inopinatum	1605721	S	1	0	1	0.00000
Pandoravirus neocaledonia	2107708	S	1	0	1	0.00000
Murine leukemia virus	11786	S	3	1	4	0.00000
Sulfolobus islandicus rod-shaped virus 10	1983545	S	3	0	3	0.00000
Alphapapillomavirus 4	337043	S	1	0	1	0.00000
