name	taxonomy_id	taxonomy_lvl	kraken_assigned_reads	added_reads	new_est_reads	fraction_total_reads
Homo sapiens	9606	S	72753163	16286	72769449	0.99812
Diaphorobacter sp. HDW4A	2714924	S	69430	5781	75211	0.00103
Diaphorobacter sp. HDW4B	2714925	S	653	10	663	0.00001
Diaphorobacter sp. JS3051	2792224	S	15	64	79	0.00000
Diaphorobacter sp. JS3050	2735554	S	6	27	33	0.00000
Diaphorobacter aerolatus	1288495	S	1244	142	1386	0.00002
Diaphorobacter ruginosibacter	1715720	S	321	5	326	0.00000
Diaphorobacter polyhydroxybutyrativorans	1546149	S	13	21	34	0.00000
Acidovorax sp. KKS102	358220	S	350	47	397	0.00001
Acidovorax sp. JMULE5	2518343	S	319	26	345	0.00000
Acidovorax sp. JS42	232721	S	168	610	778	0.00001
Acidovorax sp. 1608163	2478662	S	109	4	113	0.00000
Acidovorax sp. RAC01	1842533	S	89	11	100	0.00000
Acidovorax sp. T1	1858609	S	80	37	117	0.00000
Acidovorax sp. HDW3	2714923	S	47	1	48	0.00000
Acidovorax carolinensis	553814	S	126	16	142	0.00000
Acidovorax avenae	80867	S	69	10	79	0.00000
Acidovorax monticola	1926868	S	47	1	48	0.00000
Acidovorax antarcticus	2743470	S	36	1	37	0.00000
Acidovorax citrulli	80869	S	19	5	24	0.00000
Acidovorax cattleyae	80868	S	7	1	8	0.00000
Acidovorax ebreus	721785	S	6	12	18	0.00000
Variovorax sp. PAMC26660	2762322	S	110	5	115	0.00000
Variovorax sp. 38R	2774875	S	90	38	128	0.00000
Variovorax sp. PAMC 28711	1795631	S	87	1	88	0.00000
Variovorax sp. HW608	1034889	S	53	0	53	0.00000
Variovorax sp. PAMC28562	2762323	S	45	0	45	0.00000
Variovorax sp. PBS-H4	434008	S	42	3	45	0.00000
Variovorax sp. WDL1	207745	S	41	8	49	0.00000
Variovorax sp. RKNM96	2681552	S	32	3	35	0.00000
Variovorax sp. PBL-H6	434009	S	30	9	39	0.00000
Variovorax sp. RA8	662548	S	20	2	22	0.00000
Variovorax sp. SRS16	282217	S	18	10	28	0.00000
Variovorax sp. PBL-E5	434014	S	15	10	25	0.00000
Variovorax sp. PMC12	2126319	S	11	180	191	0.00000
Variovorax sp. PDNC026	2811425	S	3	36	39	0.00000
Variovorax paradoxus	34073	S	275	31	306	0.00000
Variovorax boronicumulans	436515	S	213	68	281	0.00000
Comamonas testosteroni	285	S	191	61	252	0.00000
Comamonas aquatica	225991	S	95	5	100	0.00000
Comamonas thiooxydans	363952	S	73	33	106	0.00000
Comamonas koreensis	160825	S	62	2	64	0.00000
Comamonas kerstersii	225992	S	41	1	42	0.00000
Comamonas piscis	1562974	S	41	1	42	0.00000
Comamonas sp. NLF-7-7	2597701	S	36	1	37	0.00000
Comamonas serinivorans	1082851	S	24	0	24	0.00000
Hydrogenophaga sp. NH-16	2184519	S	57	24	81	0.00000
Hydrogenophaga sp. BPS33	2651974	S	54	6	60	0.00000
Hydrogenophaga sp. RAC07	1842537	S	52	13	65	0.00000
Hydrogenophaga sp. BA0156	2716225	S	45	6	51	0.00000
Hydrogenophaga sp. PBC	795665	S	37	6	43	0.00000
Hydrogenophaga sp. PAMC20947	2565558	S	33	0	33	0.00000
Hydrogenophaga sp. PBL-H3	434010	S	30	7	37	0.00000
Hydrogenophaga sp. YM1	2806262	S	23	4	27	0.00000
Hydrogenophaga pseudoflava	47421	S	117	25	142	0.00000
Hydrogenophaga crassostreae	1763535	S	26	0	26	0.00000
Delftia lacustris	558537	S	156	135	291	0.00000
Delftia acidovorans	80866	S	123	39	162	0.00000
Delftia sp. Cs1-4	742013	S	46	22	68	0.00000
Delftia sp. HK171	1920191	S	6	3	9	0.00000
Delftia tsuruhatensis	180282	S	15	10	25	0.00000
Rhodoferax sp. AJA081-3	2752316	S	84	2	86	0.00000
Rhodoferax sp. BAB1	2741720	S	43	2	45	0.00000
Rhodoferax sp. PAMC29310	2822760	S	20	0	20	0.00000
Rhodoferax koreense	1842727	S	98	9	107	0.00000
Rhodoferax sediminis	2509614	S	91	2	93	0.00000
Rhodoferax saidenbachensis	1484693	S	52	1	53	0.00000
Rhodoferax ferrireducens	192843	S	42	0	42	0.00000
Rhodoferax antarcticus	81479	S	35	0	35	0.00000
Alicycliphilus denitrificans	179636	S	230	90	320	0.00000
Ottowia oryzae	2109914	S	153	5	158	0.00000
Ottowia sp. 27C	2816950	S	48	1	49	0.00000
Ottowia sp. oral taxon 894	1658672	S	21	0	21	0.00000
Polaromonas sp. JS666	296591	S	49	3	52	0.00000
Polaromonas sp.	1869339	S	4	3	7	0.00000
Polaromonas sp. W9N	1840323	S	3	0	3	0.00000
Polaromonas sp. E3S	1840265	S	1	70	71	0.00000
Polaromonas sp. H6N	1840293	S	1	0	1	0.00000
Polaromonas naphthalenivorans	216465	S	53	3	56	0.00000
Polaromonas vacuolata	37448	S	19	3	22	0.00000
Limnohabitans sp. 63ED37-2	1678128	S	122	1	123	0.00000
Limnohabitans sp. 103DPR2	1678129	S	13	0	13	0.00000
Kinneretia sp. DAIF2	2714952	S	115	1	116	0.00000
Curvibacter sp. AEP1-3	1844971	S	85	0	85	0.00000
Ramlibacter tataouinensis	94132	S	56	0	56	0.00000
Melaminivora sp. SC2-9	2109913	S	46	2	48	0.00000
Pulveribacter suum	2116657	S	42	1	43	0.00000
Schlegelella thermodepolymerans	215580	S	42	0	42	0.00000
Verminephrobacter eiseniae	364317	S	38	0	38	0.00000
Simplicispira suum	2109915	S	35	1	36	0.00000
Serpentinomonas raichei	1458425	S	15	2	17	0.00000
Serpentinomonas mccroryi	1458426	S	12	2	14	0.00000
Hylemonella gracilis	80880	S	18	0	18	0.00000
Candidatus Symbiobacter mobilis	1436290	S	3	0	3	0.00000
Ralstonia pickettii	329	S	284	26	310	0.00000
Ralstonia solanacearum	305	S	224	24	248	0.00000
Ralstonia mannitolilytica	105219	S	37	4	41	0.00000
Ralstonia insidiosa	190721	S	24	1	25	0.00000
blood disease bacterium A2-HR MARDI	1944648	S	6	50	56	0.00000
Burkholderia cenocepacia	95486	S	28	34	62	0.00000
Burkholderia cepacia	292	S	25	14	39	0.00000
Burkholderia vietnamiensis	60552	S	24	49	73	0.00000
Burkholderia multivorans	87883	S	22	3	25	0.00000
Burkholderia metallica	488729	S	11	2	13	0.00000
Burkholderia contaminans	488447	S	10	3	13	0.00000
Burkholderia stabilis	95485	S	8	2	10	0.00000
Burkholderia lata	482957	S	8	2	10	0.00000
Burkholderia pyrrocinia	60550	S	7	2	9	0.00000
Burkholderia anthina	179879	S	5	2	7	0.00000
Burkholderia ubonensis	101571	S	5	4	9	0.00000
Burkholderia ambifaria	152480	S	4	2	6	0.00000
Burkholderia stagnalis	1503054	S	4	0	4	0.00000
Burkholderia territorii	1503055	S	3	0	3	0.00000
Burkholderia latens	488446	S	1	1	2	0.00000
Burkholderia seminalis	488731	S	1	0	1	0.00000
Burkholderia pseudomultivorans	1207504	S	1	0	1	0.00000
Burkholderia pseudomallei	28450	S	40	32	72	0.00000
Burkholderia oklahomensis	342113	S	10	1	11	0.00000
Burkholderia thailandensis	57975	S	9	1	10	0.00000
Burkholderia sp. BDU6	1385591	S	7	0	7	0.00000
Burkholderia sp. BDU8	1385592	S	7	0	7	0.00000
Burkholderia sp. MSMB0852	1637841	S	6	3	9	0.00000
Burkholderia mallei	13373	S	4	11	15	0.00000
Burkholderia sp. MSMB617WGS	1637831	S	1	0	1	0.00000
Burkholderia sp. MSMB0266	1637837	S	1	0	1	0.00000
Burkholderia sp. THE68	758782	S	10	0	10	0.00000
Burkholderia sp. DHOD12	2571746	S	6	0	6	0.00000
Burkholderia sp. PAMC 26561	1795043	S	6	2	8	0.00000
Burkholderia sp. CCGE1003	640512	S	5	0	5	0.00000
Burkholderia sp. IDO3	1705310	S	5	5	10	0.00000
Burkholderia sp. Bp7605	1740163	S	5	0	5	0.00000
Burkholderia sp. KK1	1855726	S	4	3	7	0.00000
Burkholderia sp. YI23	1097668	S	3	3	6	0.00000
Burkholderia sp. NRF60-BP8	1637853	S	3	0	3	0.00000
Burkholderia sp. LA-2-3-30-S1-D2	1637862	S	3	0	3	0.00000
Burkholderia sp. RPE67	758796	S	2	2	4	0.00000
Burkholderia sp. MBR-1	2732364	S	2	5	7	0.00000
Burkholderia sp. MS389	2811789	S	1	0	1	0.00000
Burkholderia sp. MS455	2811788	S	1	0	1	0.00000
Burkholderia sp. JP2-270	2217913	S	1	0	1	0.00000
Burkholderia sp. PAMC 28687	1795874	S	1	0	1	0.00000
Burkholderia sp. KBS0801	1179675	S	1	1	2	0.00000
Burkholderia gladioli	28095	S	24	1	25	0.00000
Burkholderia glumae	337	S	8	1	9	0.00000
Burkholderia plantarii	41899	S	7	0	7	0.00000
Cupriavidus basilensis	68895	S	84	7	91	0.00000
Cupriavidus taiwanensis	164546	S	64	19	83	0.00000
Cupriavidus pauculus	82633	S	39	4	43	0.00000
Cupriavidus necator	106590	S	38	3	41	0.00000
Cupriavidus metallidurans	119219	S	19	3	22	0.00000
Cupriavidus oxalaticus	96344	S	14	1	15	0.00000
Cupriavidus nantongensis	1796606	S	12	8	20	0.00000
Cupriavidus campinensis	151783	S	9	1	10	0.00000
Cupriavidus pinatubonensis	248026	S	8	1	9	0.00000
Cupriavidus neocaledonicus	1040979	S	6	3	9	0.00000
Cupriavidus sp. USMAA2-4	876364	S	3	9	12	0.00000
Cupriavidus sp. USMAHM13	1389192	S	1	4	5	0.00000
Cupriavidus sp. ISTL7	2771360	S	1	4	5	0.00000
Cupriavidus gilardii	82541	S	3	5	8	0.00000
Cupriavidus malaysiensis	367825	S	1	4	5	0.00000
Paraburkholderia sp. 7MH5	2547399	S	15	0	15	0.00000
Paraburkholderia sp. SOS3	1926494	S	10	0	10	0.00000
Paraburkholderia sp. PGU19	2735434	S	6	1	7	0.00000
Paraburkholderia sp. Msb3	2604047	S	4	1	5	0.00000
Paraburkholderia sp. PGU16	2735433	S	1	0	1	0.00000
Paraburkholderia aromaticivorans	2026199	S	18	3	21	0.00000
Paraburkholderia caribensis	75105	S	17	4	21	0.00000
Paraburkholderia acidisoli	2571748	S	15	0	15	0.00000
Paraburkholderia phytofirmans	261302	S	14	3	17	0.00000
Paraburkholderia phymatum	148447	S	12	1	13	0.00000
Paraburkholderia caffeinilytica	1761016	S	11	1	12	0.00000
Paraburkholderia atlantica	2654982	S	10	0	10	0.00000
Paraburkholderia graminis	60548	S	9	0	9	0.00000
Paraburkholderia dokdonella	2211211	S	9	0	9	0.00000
Paraburkholderia terricola	169427	S	9	0	9	0.00000
Paraburkholderia tropica	92647	S	9	0	9	0.00000
Paraburkholderia acidiphila	2571747	S	7	0	7	0.00000
Paraburkholderia caledonica	134536	S	7	0	7	0.00000
Paraburkholderia megapolitana	420953	S	6	0	6	0.00000
Paraburkholderia sprentiae	948107	S	5	0	5	0.00000
Paraburkholderia phenoliruptrix	252970	S	4	0	4	0.00000
Paraburkholderia hospita	169430	S	4	1	5	0.00000
Paraburkholderia acidophila	265293	S	3	2	5	0.00000
Paraburkholderia ginsengisoli	311231	S	3	0	3	0.00000
Paraburkholderia fungorum	134537	S	3	0	3	0.00000
Paraburkholderia xenovorans	36873	S	3	1	4	0.00000
Paraburkholderia terrae	311230	S	1	0	1	0.00000
Polynucleobacter difficilis	556054	S	95	4	99	0.00000
Polynucleobacter necessarius	576610	S	40	2	42	0.00000
Polynucleobacter duraquae	1835254	S	20	2	22	0.00000
Polynucleobacter asymbioticus	576611	S	12	1	13	0.00000
Polynucleobacter acidiphobus	556053	S	6	0	6	0.00000
Polynucleobacter paneuropaeus	2527775	S	2	0	2	0.00000
Polynucleobacter sp. LimPoW16	1743162	S	1	0	1	0.00000
Pandoraea pnomenusa	93220	S	32	3	35	0.00000
Pandoraea pulmonicola	93221	S	12	0	12	0.00000
Pandoraea sp. XY-2	2518599	S	12	0	12	0.00000
Pandoraea oxalativorans	573737	S	9	2	11	0.00000
Pandoraea sputorum	93222	S	7	1	8	0.00000
Pandoraea norimbergensis	93219	S	6	0	6	0.00000
Pandoraea vervacti	656178	S	6	0	6	0.00000
Pandoraea apista	93218	S	5	0	5	0.00000
Pandoraea faecigallinarum	656179	S	4	0	4	0.00000
Pandoraea fibrosis	1891094	S	4	0	4	0.00000
Pandoraea thiooxydans	445709	S	3	0	3	0.00000
Caballeronia sp. M1242	2814653	S	6	0	6	0.00000
Caballeronia sp. SBC2	2705547	S	4	2	6	0.00000
Caballeronia sp. SBC1	2705548	S	1	1	2	0.00000
Caballeronia insecticola	758793	S	6	0	6	0.00000
Lautropia mirabilis	47671	S	11	0	11	0.00000
Limnobacter sp. SAORIC-580	2732163	S	10	0	10	0.00000
Mycoavidus sp. B2-EB	2651972	S	4	0	4	0.00000
Mycoavidus cysteinexigens	1553431	S	3	0	3	0.00000
Mycetohabitans rhizoxinica	412963	S	8	0	8	0.00000
Ephemeroptericola cinctiostellae	2268024	S	5	0	5	0.00000
Chitinimonas arctica	2594795	S	4	0	4	0.00000
Janthinobacterium sp. HH102	1537274	S	70	93	163	0.00000
Janthinobacterium sp. LM6	1938606	S	65	21	86	0.00000
Janthinobacterium sp. 1_2014MBL_MicDiv	1644131	S	59	9	68	0.00000
Janthinobacterium sp. 17J80-10	2497863	S	13	0	13	0.00000
Janthinobacterium sp. PLB02	2808899	S	11	16	27	0.00000
Janthinobacterium sp. Marseille	375286	S	6	0	6	0.00000
Janthinobacterium sp. B9-8	1236179	S	6	0	6	0.00000
Janthinobacterium agaricidamnosum	55508	S	67	71	138	0.00000
Janthinobacterium svalbardensis	368607	S	32	9	41	0.00000
Janthinobacterium tructae	2590869	S	31	9	40	0.00000
Janthinobacterium lividum	29581	S	25	23	48	0.00000
Massilia sp. CCM 8941	2765360	S	32	11	43	0.00000
Massilia sp. NR 4-1	1678028	S	25	3	28	0.00000
Massilia sp. WG5	1707785	S	25	14	39	0.00000
Massilia sp. LPB0304	2769491	S	16	9	25	0.00000
Massilia sp. YMA4	1593482	S	14	9	23	0.00000
Massilia oculi	945844	S	33	3	36	0.00000
Massilia violaceinigra	2045208	S	32	9	41	0.00000
Massilia putida	1141883	S	29	8	37	0.00000
Massilia albidiflava	321983	S	20	7	27	0.00000
Massilia flava	871742	S	20	2	22	0.00000
Massilia plicata	321984	S	16	2	18	0.00000
Massilia lutea	321985	S	16	3	19	0.00000
Massilia umbonata	864828	S	9	3	12	0.00000
Massilia armeniaca	2072590	S	2	1	3	0.00000
Herbaspirillum rubrisubalbicans	80842	S	19	2	21	0.00000
Herbaspirillum frisingense	92645	S	15	1	16	0.00000
Herbaspirillum huttiense	863372	S	15	2	17	0.00000
Herbaspirillum robiniae	2014887	S	15	1	16	0.00000
Herbaspirillum seropedicae	964	S	14	2	16	0.00000
Herbaspirillum hiltneri	341045	S	10	0	10	0.00000
Herbaspirillum sp. meg3	2025949	S	10	0	10	0.00000
Collimonas fungivorans	158899	S	38	6	44	0.00000
Collimonas arenae	279058	S	19	2	21	0.00000
Collimonas pratensis	279113	S	17	4	21	0.00000
Duganella sp. AF9R3	2728021	S	33	3	36	0.00000
Duganella sp. GN2-R2	2728020	S	22	3	25	0.00000
Undibacterium sp. YM2	2058625	S	15	8	23	0.00000
Undibacterium sp. KW1	2058624	S	5	2	7	0.00000
Undibacterium parvum	401471	S	8	0	8	0.00000
Noviherbaspirillum sp. UKPF54	2601898	S	12	0	12	0.00000
Glaciimonas sp. PAMC28666	2807626	S	9	0	9	0.00000
Herminiimonas arsenitoxidans	1809410	S	2	0	2	0.00000
Rhizobacter sp. AJA081-3	2753607	S	90	11	101	0.00000
Rhizobacter gummiphilus	946333	S	61	5	66	0.00000
Aquabacterium olei	1296669	S	95	7	102	0.00000
Methylibium sp. Pch-M	2082386	S	23	18	41	0.00000
Methylibium sp. T29	1430884	S	2	7	9	0.00000
Methylibium petroleiphilum	105560	S	30	17	47	0.00000
Paucibacter sp. KCTC 42545	1768242	S	88	4	92	0.00000
Mitsuaria sp. 7	1658665	S	64	6	70	0.00000
Rubrivivax gelatinosus	28068	S	61	7	68	0.00000
Sphaerotilus natans	34103	S	52	6	58	0.00000
Roseateles depolymerans	76731	S	52	4	56	0.00000
Leptothrix cholodnii	34029	S	44	5	49	0.00000
Inhella inkyongensis	392593	S	39	1	40	0.00000
Xylophilus rhododendri	2697032	S	36	1	37	0.00000
Thiomonas intermedia	926	S	17	5	22	0.00000
Thiomonas sp. X19	1050370	S	9	1	10	0.00000
Thiomonas arsenitoxydans	426114	S	2	1	3	0.00000
Achromobacter xylosoxidans	85698	S	85	30	115	0.00000
Achromobacter sp. AONIH1	1758194	S	11	1	12	0.00000
Achromobacter sp. B7	2282475	S	10	0	10	0.00000
Achromobacter sp. MFA1 R4	1881016	S	9	0	9	0.00000
Achromobacter spanius	217203	S	26	1	27	0.00000
Achromobacter denitrificans	32002	S	25	6	31	0.00000
Achromobacter insolitus	217204	S	14	1	15	0.00000
Achromobacter pestifer	1353889	S	11	1	12	0.00000
Achromobacter deleyi	1353891	S	6	3	9	0.00000
Achromobacter ruhlandii	72557	S	1	22	23	0.00000
Bordetella hinzii	103855	S	30	2	32	0.00000
Bordetella petrii	94624	S	21	3	24	0.00000
Bordetella trematum	123899	S	20	1	21	0.00000
Bordetella genomosp. 9	1416803	S	20	0	20	0.00000
Bordetella sp. N	1746199	S	10	0	10	0.00000
Bordetella sp. H567	1697043	S	9	0	9	0.00000
Bordetella avium	521	S	16	0	16	0.00000
Bordetella pseudohinzii	1331258	S	12	1	13	0.00000
Bordetella bronchiseptica	518	S	10	22	32	0.00000
Bordetella bronchialis	463025	S	9	0	9	0.00000
Bordetella genomosp. 13	463040	S	7	0	7	0.00000
Bordetella genomosp. 8	1416806	S	7	0	7	0.00000
Bordetella parapertussis	519	S	5	8	13	0.00000
Bordetella flabilis	463014	S	4	0	4	0.00000
Bordetella holmesii	35814	S	2	0	2	0.00000
Bordetella genomosp. 6	463024	S	2	0	2	0.00000
Bordetella pertussis	520	S	1	1	2	0.00000
Alcaligenes faecalis	511	S	20	4	24	0.00000
Alcaligenes aquatilis	323284	S	1	1	2	0.00000
Pigmentiphaga aceris	1940612	S	9	0	9	0.00000
Pigmentiphaga sp. H8	2488560	S	8	0	8	0.00000
Orrella dioscoreae	1851544	S	16	1	17	0.00000
Castellaniella defragrans	75697	S	13	0	13	0.00000
Advenella mimigardefordensis	302406	S	9	0	9	0.00000
Advenella kashmirensis	310575	S	1	0	1	0.00000
Pusillimonas thiosulfatoxidans	2028345	S	4	0	4	0.00000
Pusillimonas sp. DMV24BSW_D	2716226	S	3	0	3	0.00000
Pusillimonas sp. T7-7	1007105	S	1	0	1	0.00000
Kerstersia gyiorum	206506	S	4	0	4	0.00000
Algicoccus marinus	2163011	S	4	0	4	0.00000
Taylorella asinigenitalis	84590	S	3	0	3	0.00000
Oligella ureolytica	90244	S	1	0	1	0.00000
Oligella urethralis	90245	S	1	0	1	0.00000
Pelistega ratti	2652177	S	2	0	2	0.00000
Paenalcaligenes hominis	643674	S	2	0	2	0.00000
Sutterella megalosphaeroides	2494234	S	5	0	5	0.00000
Sutterella wadsworthensis	40545	S	4	0	4	0.00000
Sutterella faecalis	2584944	S	2	0	2	0.00000
Turicimonas muris	1796652	S	2	0	2	0.00000
Azoarcus sp. DD4	2027405	S	11	3	14	0.00000
Azoarcus sp. CIB	198107	S	10	3	13	0.00000
Azoarcus sp. KH32C	748247	S	10	0	10	0.00000
Azoarcus sp. M9-3-2	2016596	S	9	0	9	0.00000
Azoarcus sp. DN11	356837	S	7	2	9	0.00000
Azoarcus pumilus	2067960	S	12	0	12	0.00000
Azoarcus communis	41977	S	9	0	9	0.00000
Azoarcus olearius	418699	S	8	1	9	0.00000
Thauera sp. K11	2005884	S	25	4	29	0.00000
Thauera sp. MZ1T	85643	S	12	2	14	0.00000
Thauera humireducens	1134435	S	16	2	18	0.00000
Thauera hydrothermalis	2184083	S	11	0	11	0.00000
Thauera chlorobenzoica	96773	S	4	2	6	0.00000
Thauera aromatica	59405	S	2	0	2	0.00000
Azospira oryzae	146939	S	11	5	16	0.00000
Azospira restricta	404405	S	9	0	9	0.00000
Azospira sp. I09	1765049	S	7	2	9	0.00000
Aromatoleum aromaticum	551760	S	15	0	15	0.00000
Aromatoleum bremense	76115	S	11	0	11	0.00000
Aromatoleum petrolei	76116	S	7	1	8	0.00000
Oryzomicrobium terrae	1735038	S	19	0	19	0.00000
Rugosibacter aromaticivorans	1565605	S	5	0	5	0.00000
Niveibacterium sp. HC41	2811415	S	3	0	3	0.00000
Dechloromonas sp. TW-R-39-2	2654218	S	16	0	16	0.00000
Dechloromonas sp. HYN0024	2231055	S	10	0	10	0.00000
Dechloromonas aromatica	259537	S	18	0	18	0.00000
Fluviibacter phosphoraccumulans	1751046	S	3	0	3	0.00000
Methyloversatilis sp. RAC08	1842540	S	52	0	52	0.00000
Denitratisoma sp. DHT3	1981880	S	12	0	12	0.00000
Denitratisoma oestradiolicum	311182	S	8	0	8	0.00000
Sterolibacterium denitrificans	157592	S	10	0	10	0.00000
Sulfuritalea hydrogenivorans	748811	S	4	0	4	0.00000
Methylotenera mobilis	359408	S	18	1	19	0.00000
Methylotenera versatilis	1055487	S	8	0	8	0.00000
Candidatus Methylopumilus planktonicus	1581557	S	7	0	7	0.00000
Candidatus Methylopumilus turicensis	1581680	S	6	0	6	0.00000
Candidatus Methylopumilus rimovensis	2588535	S	4	0	4	0.00000
Candidatus Methylopumilus universalis	2588536	S	3	0	3	0.00000
Methylophilus sp. TWE2	1662285	S	10	0	10	0.00000
Methylophilus medardicus	2588534	S	8	0	8	0.00000
Methylovorus glucosotrophus	266009	S	2	1	3	0.00000
Methylovorus sp. MP688	887061	S	2	1	3	0.00000
Methylobacillus flagellatus	405	S	1	0	1	0.00000
Nitrosomonas sp. Is79A3	261292	S	30	0	30	0.00000
Nitrosomonas sp. AL212	153948	S	2	1	3	0.00000
Nitrosomonas ureae	44577	S	4	0	4	0.00000
Nitrosomonas communis	44574	S	2	0	2	0.00000
Nitrosomonas europaea	915	S	1	0	1	0.00000
Nitrosomonas stercoris	1444684	S	1	0	1	0.00000
Nitrosospira multiformis	1231	S	3	0	3	0.00000
Nitrosospira briensis	35799	S	3	0	3	0.00000
Nitrosospira lacus	1288494	S	1	0	1	0.00000
Sulfuriferula nivalis	2675298	S	11	0	11	0.00000
Sulfuriferula plumbiphila	171865	S	3	0	3	0.00000
Sulfuriferula sp. AH1	1985873	S	3	0	3	0.00000
Sulfurimicrobium lacus	2715678	S	9	0	9	0.00000
Sulfuricella denitrificans	649841	S	8	0	8	0.00000
Candidatus Nitrotoga sp. AM1P	2559597	S	8	0	8	0.00000
Sideroxydans lithotrophicus	63745	S	7	0	7	0.00000
Ferriphaselus amnicola	1188319	S	5	0	5	0.00000
Gallionella capsiferriformans	370405	S	1	0	1	0.00000
Sulfuritortus calidifontis	1914471	S	12	0	12	0.00000
Thiobacillus denitrificans	36861	S	6	0	6	0.00000
Usitatibacter palustris	2732487	S	8	0	8	0.00000
Usitatibacter rugosus	2732067	S	4	0	4	0.00000
Chromobacterium vaccinii	1108595	S	16	1	17	0.00000
Chromobacterium phragmitis	2202141	S	14	1	15	0.00000
Chromobacterium rhizoryzae	1778675	S	8	11	19	0.00000
Chromobacterium violaceum	536	S	6	0	6	0.00000
Chromobacterium paludis	2605945	S	6	0	6	0.00000
Chromobacterium sp. ATCC 53434	2059672	S	4	0	4	0.00000
Chromobacterium sp. Rain0013	2292447	S	2	0	2	0.00000
Chromobacterium haemolyticum	394935	S	2	4	6	0.00000
Iodobacter fluviatilis	537	S	3	0	3	0.00000
Iodobacter sp. H11R3	2496266	S	1	0	1	0.00000
Aquitalea aquatilis	1537400	S	4	0	4	0.00000
Aquitalea magnusonii	332411	S	2	1	3	0.00000
Aquitalea denitrificans	519081	S	2	1	3	0.00000
Aquitalea sp. USM4	1590041	S	2	1	3	0.00000
Microvirgula aerodenitrificans	57480	S	13	0	13	0.00000
Jeongeupia sp. USM3	1906741	S	8	0	8	0.00000
Jeongeupia sp. HS-3	1009682	S	5	0	5	0.00000
Vogesella sp. LIG4	1192162	S	11	0	11	0.00000
Aquaspirillum sp. LM1	1938604	S	9	0	9	0.00000
Chitinibacter fontanus	1737446	S	4	1	5	0.00000
Chitinibacter sp. 2T18	2739434	S	1	0	1	0.00000
Laribacter hongkongensis	168471	S	5	0	5	0.00000
Deefgea sp. D17	2739061	S	4	0	4	0.00000
Pseudogulbenkiania sp. NH8B	748280	S	4	0	4	0.00000
Neisseria sp. oral taxon 014	641148	S	5	0	5	0.00000
Neisseria sp. KEM232	655307	S	3	0	3	0.00000
Neisseria sp. ZJ785	2709396	S	2	0	2	0.00000
Neisseria shayeganii	607712	S	9	0	9	0.00000
Neisseria bacilliformis	267212	S	8	0	8	0.00000
Neisseria meningitidis	487	S	6	4	10	0.00000
Neisseria animalis	492	S	6	0	6	0.00000
Neisseria cinerea	483	S	3	0	3	0.00000
Neisseria flavescens	484	S	2	0	2	0.00000
Neisseria animaloris	326522	S	2	0	2	0.00000
Neisseria subflava	28449	S	2	0	2	0.00000
Neisseria weaveri	28091	S	2	0	2	0.00000
Neisseria canis	493	S	2	0	2	0.00000
Neisseria sicca	490	S	2	0	2	0.00000
Neisseria mucosa	488	S	2	0	2	0.00000
Neisseria dentiae	194197	S	1	0	1	0.00000
Neisseria lactamica	486	S	1	0	1	0.00000
Neisseria zalophi	640030	S	1	0	1	0.00000
Neisseria gonorrhoeae	485	S	1	0	1	0.00000
Vitreoscilla filiformis	63	S	13	0	13	0.00000
Vitreoscilla sp. C1	96942	S	3	0	3	0.00000
Chitinolyticbacter meiyuanensis	682798	S	9	0	9	0.00000
Kingella oralis	505	S	4	0	4	0.00000
Kingella denitrificans	502	S	3	0	3	0.00000
Kingella kingae	504	S	1	0	1	0.00000
Crenobacter cavernae	2290923	S	7	0	7	0.00000
Eikenella exigua	2528037	S	3	0	3	0.00000
Eikenella corrodens	539	S	1	0	1	0.00000
Conchiformibius steedae	153493	S	3	0	3	0.00000
Simonsiella muelleri	72	S	1	0	1	0.00000
Alysiella filiformis	194196	S	1	0	1	0.00000
Snodgrassella alvi	1196083	S	1	0	1	0.00000
Candidatus Kinetoplastibacterium oncopeltii	994696	S	3	0	3	0.00000
Candidatus Kinetoplastibacterium sorsogonicusi	1576550	S	3	0	3	0.00000
Candidatus Kinetoplastibacterium galatii	994695	S	2	0	2	0.00000
Candidatus Kinetoplastibacterium crithidii	33056	S	1	-1	0	0.00000
Candidatus Kinetoplastibacterium desouzaii	994692	S	1	0	1	0.00000
Candidatus Accumulibacter phosphatis	327160	S	8	0	8	0.00000
Candidatus Profftella armatura	669502	S	2	0	2	0.00000
Candidatus Profftella armatura (Diaphorina cf. continua)	2661583	S	2	0	2	0.00000
Casimicrobium huifangae	2591109	S	3	0	3	0.00000
Pseudomonas sp. CMR12a	658629	S	442	89	531	0.00001
Pseudomonas sp. MRSN12121	1611770	S	119	81	200	0.00000
Pseudomonas sp. S150	2559074	S	10	6	16	0.00000
Pseudomonas sp. TUM18999	2725477	S	9	0	9	0.00000
Pseudomonas sp. MPC6	2498848	S	9	0	9	0.00000
Pseudomonas sp. CC6-YY-74	1930532	S	8	0	8	0.00000
Pseudomonas sp. ATCC 13867	1294143	S	8	0	8	0.00000
Pseudomonas sp. BIGb0427	2724470	S	7	0	7	0.00000
Pseudomonas sp. ADPe	2774873	S	6	4	10	0.00000
Pseudomonas sp. S-6-2	1931241	S	6	0	6	0.00000
Pseudomonas sp. R76	1573711	S	6	1	7	0.00000
Pseudomonas sp. CMR5c	658630	S	5	0	5	0.00000
Pseudomonas sp. UW4	1207075	S	5	1	6	0.00000
Pseudomonas sp. J380	2605424	S	5	1	6	0.00000
Pseudomonas sp. ADAK18	2730848	S	5	0	5	0.00000
Pseudomonas sp. ABC1	2748080	S	5	0	5	0.00000
Pseudomonas sp. Y39-6	2749807	S	5	10	15	0.00000
Pseudomonas sp. phDV1	253237	S	5	5	10	0.00000
Pseudomonas sp. IzPS59	2774459	S	5	1	6	0.00000
Pseudomonas sp. IB20	1702250	S	5	0	5	0.00000
Pseudomonas sp. Tri1	2823875	S	4	0	4	0.00000
Pseudomonas sp. DTU12.3	2073078	S	4	0	4	0.00000
Pseudomonas sp. LG1E9	2219057	S	4	0	4	0.00000
Pseudomonas sp. DG56-2	2320270	S	4	0	4	0.00000
Pseudomonas sp. M30-35	1981174	S	4	0	4	0.00000
Pseudomonas sp. NIBRBAC000502773	2590776	S	4	1	5	0.00000
Pseudomonas sp. 7SR1	1881017	S	4	0	4	0.00000
Pseudomonas sp. 14181154	2662033	S	4	1	5	0.00000
Pseudomonas sp. PDNC002	2811422	S	4	0	4	0.00000
Pseudomonas sp. 15A4	2804761	S	4	0	4	0.00000
Pseudomonas sp. StFLB209	1028989	S	4	0	4	0.00000
Pseudomonas sp. RtIB026	2749999	S	4	0	4	0.00000
Pseudomonas sp. SK	2729423	S	4	0	4	0.00000
Pseudomonas sp. ADAK13	2730847	S	4	0	4	0.00000
Pseudomonas sp. S1-A32-2	2731681	S	4	0	4	0.00000
Pseudomonas sp. R32	1573704	S	3	0	3	0.00000
Pseudomonas sp. BIOMIG1BAC	1758730	S	3	1	4	0.00000
Pseudomonas sp. DY-1	1755504	S	3	0	3	0.00000
Pseudomonas sp. LAB-08	143813	S	3	0	3	0.00000
Pseudomonas sp. S49	1573720	S	3	0	3	0.00000
Pseudomonas sp. S35	1573719	S	3	0	3	0.00000
Pseudomonas sp. RU47	2005388	S	3	0	3	0.00000
Pseudomonas sp. ACM7	2052956	S	3	0	3	0.00000
Pseudomonas sp. gcc21	2726989	S	3	0	3	0.00000
Pseudomonas sp. SCB32	2653853	S	3	0	3	0.00000
Pseudomonas sp. LPB0260	2614442	S	2	0	2	0.00000
Pseudomonas sp. NC02	2067572	S	2	2	4	0.00000
Pseudomonas sp. B11D7D	2735906	S	2	0	2	0.00000
Pseudomonas sp. K2W31S-8	2320867	S	2	0	2	0.00000
Pseudomonas sp. MSPm1	2726956	S	2	0	2	0.00000
Pseudomonas sp. SNU WT1	2518644	S	2	0	2	0.00000
Pseudomonas sp. CFSAN084952	2664899	S	2	4	6	0.00000
Pseudomonas sp. 13159349	2662034	S	2	8	10	0.00000
Pseudomonas sp. TCU-HL1	1856685	S	2	0	2	0.00000
Pseudomonas sp. HLS-6	2049589	S	2	0	2	0.00000
Pseudomonas sp. bs2935	1761895	S	2	53	55	0.00000
Pseudomonas sp. C27(2019)	2604941	S	2	0	2	0.00000
Pseudomonas sp. GR 6-02	1659194	S	2	1	3	0.00000
Pseudomonas sp. R2-37-08W	1173273	S	2	0	2	0.00000
Pseudomonas sp. DR 5-09	1534110	S	2	0	2	0.00000
Pseudomonas sp. R4-39-08	1173288	S	1	0	1	0.00000
Pseudomonas sp. LTJR-52	2479392	S	1	0	1	0.00000
Pseudomonas sp. Os17	1500686	S	1	0	1	0.00000
Pseudomonas sp. ADAK22	2730851	S	1	0	1	0.00000
Pseudomonas sp. 31-12	2201356	S	1	0	1	0.00000
Pseudomonas sp. R5-89-07	658644	S	1	0	1	0.00000
Pseudomonas sp. SWI44	2083053	S	1	0	1	0.00000
Pseudomonas sp. R3-18-08	1173283	S	1	0	1	0.00000
Pseudomonas sp. MPDS	2762896	S	1	0	1	0.00000
Pseudomonas sp. S09G 359	2054919	S	1	0	1	0.00000
Pseudomonas sp. DTU12.1	2654238	S	1	0	1	0.00000
Pseudomonas sp. 02C 26	2054914	S	1	0	1	0.00000
Pseudomonas sp. s211(2017)	2045200	S	1	0	1	0.00000
Pseudomonas sp. NS1(2017)	2025658	S	1	0	1	0.00000
Pseudomonas sp. FDAARGOS_380	2018067	S	1	0	1	0.00000
Pseudomonas sp. B10	118613	S	1	0	1	0.00000
Pseudomonas sp. OST1909	2777367	S	1	1	2	0.00000
Pseudomonas sp. S34	1573718	S	1	0	1	0.00000
Pseudomonas sp.	306	S	1	2	3	0.00000
Pseudomonas sp. PONIH3	1636610	S	1	1	2	0.00000
Pseudomonas sp. A214	1855331	S	1	0	1	0.00000
Pseudomonas sp. K-62	76885	S	1	0	1	0.00000
Pseudomonas sp. CCOS 191	1649877	S	1	0	1	0.00000
Pseudomonas fluorescens	294	S	115	36	151	0.00000
Pseudomonas protegens	380021	S	21	1	22	0.00000
Pseudomonas tolaasii	29442	S	18	1	19	0.00000
Pseudomonas synxantha	47883	S	18	4	22	0.00000
Pseudomonas azotoformans	47878	S	14	2	16	0.00000
Pseudomonas poae	200451	S	13	2	15	0.00000
Pseudomonas veronii	76761	S	12	15	27	0.00000
Pseudomonas rhodesiae	76760	S	10	1	11	0.00000
Pseudomonas orientalis	76758	S	8	0	8	0.00000
Pseudomonas cedrina	651740	S	5	0	5	0.00000
Pseudomonas libanensis	75588	S	4	2	6	0.00000
Pseudomonas brenneri	129817	S	4	0	4	0.00000
Pseudomonas trivialis	200450	S	4	0	4	0.00000
Pseudomonas migulae	78543	S	3	0	3	0.00000
Pseudomonas extremorientalis	169669	S	3	0	3	0.00000
Pseudomonas mandelii	75612	S	2	2	4	0.00000
Pseudomonas mediterranea	183795	S	2	0	2	0.00000
Pseudomonas corrugata	47879	S	1	0	1	0.00000
Pseudomonas mucidolens	46679	S	1	0	1	0.00000
Pseudomonas aeruginosa	287	S	110	178	288	0.00000
Pseudomonas alcaligenes	43263	S	35	3	38	0.00000
Pseudomonas citronellolis	53408	S	29	13	42	0.00000
Pseudomonas mendocina	300	S	21	1	22	0.00000
Pseudomonas multiresinivorans	95301	S	5	4	9	0.00000
Pseudomonas nitroreducens	46680	S	2	1	3	0.00000
Pseudomonas oleovorans	301	S	6	5	11	0.00000
Pseudomonas furukawaii	1149133	S	5	0	5	0.00000
Pseudomonas resinovorans	53412	S	8	0	8	0.00000
Pseudomonas putida	303	S	86	44	130	0.00000
Pseudomonas oryzihabitans	47885	S	16	1	17	0.00000
Pseudomonas monteilii	76759	S	9	3	12	0.00000
Pseudomonas fulva	47880	S	6	6	12	0.00000
Pseudomonas plecoglossicida	70775	S	4	1	5	0.00000
Pseudomonas stutzeri	316	S	58	6	64	0.00000
Pseudomonas balearica	74829	S	11	1	12	0.00000
Pseudomonas xanthomarina	271420	S	1	0	1	0.00000
Pseudomonas syringae	317	S	16	7	23	0.00000
Pseudomonas cichorii	36746	S	6	0	6	0.00000
Pseudomonas savastanoi	29438	S	3	3	6	0.00000
Pseudomonas amygdali	47877	S	2	3	5	0.00000
Pseudomonas viridiflava	33069	S	5	0	5	0.00000
Pseudomonas asturiensis	1190415	S	5	0	5	0.00000
Pseudomonas syringae group genomosp. 3	251701	S	4	3	7	0.00000
Pseudomonas cannabina	86840	S	2	9	11	0.00000
Pseudomonas coronafaciens	53409	S	1	0	1	0.00000
Pseudomonas chlororaphis	587753	S	30	10	40	0.00000
Pseudomonas lundensis	86185	S	7	0	7	0.00000
Pseudomonas fragi	296	S	6	2	8	0.00000
Pseudomonas koreensis	198620	S	26	4	30	0.00000
Pseudomonas otitidis	319939	S	8	0	8	0.00000
Pseudomonas frederiksbergensis	104087	S	8	1	9	0.00000
Pseudomonas entomophila	312306	S	7	0	7	0.00000
Pseudomonas palleroniana	191390	S	7	0	7	0.00000
Pseudomonas agarici	46677	S	7	0	7	0.00000
Pseudomonas yamanorum	515393	S	7	0	7	0.00000
Pseudomonas parafulva	157782	S	6	0	6	0.00000
Pseudomonas taetrolens	47884	S	6	0	6	0.00000
Pseudomonas alkylphenolica	237609	S	6	0	6	0.00000
Pseudomonas prosekii	1148509	S	5	0	5	0.00000
Pseudomonas granadensis	1421430	S	5	1	6	0.00000
Pseudomonas litoralis	797277	S	5	0	5	0.00000
Pseudomonas salegens	1434072	S	5	0	5	0.00000
Pseudomonas sediminis	1691904	S	5	0	5	0.00000
Pseudomonas knackmussii	65741	S	5	0	5	0.00000
Pseudomonas umsongensis	198618	S	5	0	5	0.00000
Pseudomonas allokribbensis	2774460	S	5	0	5	0.00000
Pseudomonas simiae	321846	S	5	0	5	0.00000
Pseudomonas psychrotolerans	237610	S	5	0	5	0.00000
Pseudomonas eucalypticola	2599595	S	4	0	4	0.00000
Pseudomonas marincola	437900	S	4	0	4	0.00000
Pseudomonas antarctica	219572	S	4	0	4	0.00000
Pseudomonas denitrificans (nom. rej.)	43306	S	4	0	4	0.00000
Pseudomonas graminis	158627	S	4	0	4	0.00000
Pseudomonas xinjiangensis	487184	S	3	0	3	0.00000
Pseudomonas psychrophila	122355	S	3	0	3	0.00000
Pseudomonas guangdongensis	1245526	S	3	0	3	0.00000
Pseudomonas brassicacearum	930166	S	3	7	10	0.00000
Pseudomonas saudiphocaensis	1499686	S	3	0	3	0.00000
Pseudomonas pelagia	553151	S	3	0	3	0.00000
Pseudomonas sabulinigri	472181	S	3	0	3	0.00000
Pseudomonas rhizosphaerae	216142	S	3	0	3	0.00000
Pseudomonas moraviensis	321662	S	3	0	3	0.00000
Pseudomonas soli	1306993	S	2	2	4	0.00000
Pseudomonas glycinae	1785145	S	2	2	4	0.00000
Pseudomonas silesiensis	1853130	S	2	0	2	0.00000
Pseudomonas vancouverensis	95300	S	2	0	2	0.00000
Pseudomonas viciae	2505979	S	2	0	2	0.00000
Pseudomonas alcaliphila	101564	S	2	0	2	0.00000
Pseudomonas atacamensis	2565368	S	2	0	2	0.00000
Pseudomonas thivervalensis	86265	S	2	0	2	0.00000
Pseudomonas oryzae	1392877	S	2	0	2	0.00000
Pseudomonas cremoricolorata	157783	S	2	0	2	0.00000
Pseudomonas arsenicoxydans	702115	S	2	0	2	0.00000
Pseudomonas extremaustralis	359110	S	2	0	2	0.00000
Pseudomonas gozinkensis	2774461	S	1	0	1	0.00000
Pseudomonas sihuiensis	1274359	S	1	0	1	0.00000
Pseudomonas kribbensis	1628086	S	1	0	1	0.00000
Pseudomonas toyotomiensis	554344	S	1	0	1	0.00000
Pseudomonas versuta	1788301	S	1	0	1	0.00000
Pseudomonas lalkuanensis	2604832	S	1	0	1	0.00000
Pseudomonas khazarica	2502979	S	1	0	1	0.00000
Azotobacter chroococcum	353	S	6	0	6	0.00000
Azotobacter vinelandii	354	S	5	-5	0	0.00000
Azotobacter salinestris	69964	S	3	0	3	0.00000
Entomomonas moraniae	2213226	S	6	0	6	0.00000
Entomomonas sp. F2A	2785331	S	5	0	5	0.00000
Permianibacter aggregans	1510150	S	3	0	3	0.00000
Oblitimonas alkaliphila	1697053	S	2	0	2	0.00000
Acinetobacter junii	40215	S	747	98	845	0.00001
Acinetobacter sp. MYb10	1827285	S	20	3	23	0.00000
Acinetobacter sp. WCHA45	2004644	S	14	9	23	0.00000
Acinetobacter sp. TGL-Y2	1407071	S	7	0	7	0.00000
Acinetobacter sp. 10FS3-1	2563897	S	5	1	6	0.00000
Acinetobacter sp. TTH0-4	1646498	S	5	0	5	0.00000
Acinetobacter sp. CS-2	2798861	S	4	1	5	0.00000
Acinetobacter sp. YH12138	2601122	S	4	0	4	0.00000
Acinetobacter sp. C16S1	2609668	S	3	0	3	0.00000
Acinetobacter sp. LoGeW2-3	1808001	S	3	0	3	0.00000
Acinetobacter sp. WCHAc010034	1879049	S	3	0	3	0.00000
Acinetobacter sp. ACNIH2	1758189	S	2	0	2	0.00000
Acinetobacter sp. WCHA55	2004646	S	1	0	1	0.00000
Acinetobacter sp. NEB 394	2743575	S	1	1	2	0.00000
Acinetobacter sp. Marseille-Q1620	2714110	S	1	0	1	0.00000
Acinetobacter sp. SWBY1	2079596	S	1	1	2	0.00000
Acinetobacter baumannii	470	S	40	107	147	0.00000
Acinetobacter seifertii	1530123	S	10	2	12	0.00000
Acinetobacter pittii	48296	S	7	8	15	0.00000
Acinetobacter calcoaceticus	471	S	4	0	4	0.00000
Acinetobacter haemolyticus	29430	S	26	6	32	0.00000
Acinetobacter guillouiae	106649	S	18	2	20	0.00000
Acinetobacter wuhouensis	1879050	S	16	3	19	0.00000
Acinetobacter johnsonii	40214	S	15	11	26	0.00000
Acinetobacter indicus	756892	S	15	2	17	0.00000
Acinetobacter ursingii	108980	S	10	1	11	0.00000
Acinetobacter radioresistens	40216	S	9	0	9	0.00000
Acinetobacter baylyi	202950	S	9	0	9	0.00000
Acinetobacter larvae	1789224	S	8	0	8	0.00000
Acinetobacter lwoffii	28090	S	8	16	24	0.00000
Acinetobacter gyllenbergii	134534	S	7	0	7	0.00000
Acinetobacter tandoii	202954	S	6	0	6	0.00000
Acinetobacter schindleri	108981	S	5	1	6	0.00000
Acinetobacter bereziniae	106648	S	5	0	5	0.00000
Acinetobacter lanii	2715163	S	5	0	5	0.00000
Acinetobacter towneri	202956	S	4	3	7	0.00000
Acinetobacter soli	487316	S	4	0	4	0.00000
Acinetobacter dispersus	70348	S	4	0	4	0.00000
Acinetobacter defluvii	1871111	S	4	0	4	0.00000
Acinetobacter venetianus	52133	S	4	0	4	0.00000
Acinetobacter equi	1324350	S	3	0	3	0.00000
Acinetobacter cumulans	2136182	S	3	0	3	0.00000
Acinetobacter wanghuae	2662362	S	3	0	3	0.00000
Acinetobacter oleivorans	1148157	S	2	0	2	0.00000
Acinetobacter shaoyimingii	2715164	S	1	0	1	0.00000
Moraxella osloensis	34062	S	163	7	170	0.00000
Moraxella catarrhalis	480	S	5	0	5	0.00000
Moraxella bovoculi	386891	S	3	0	3	0.00000
Moraxella nonliquefaciens	478	S	2	0	2	0.00000
Moraxella ovis	29433	S	2	1	3	0.00000
Moraxella bovis	476	S	1	0	1	0.00000
Moraxella cuniculi	34061	S	1	0	1	0.00000
Psychrobacter sp.	56811	S	4	1	5	0.00000
Psychrobacter sp. P11G5	1699624	S	4	6	10	0.00000
Psychrobacter sp. PRwf-1	349106	S	3	4	7	0.00000
Psychrobacter sp. 28M-43	2772254	S	3	0	3	0.00000
Psychrobacter sp. YP14	2203895	S	3	4	7	0.00000
Psychrobacter sp. AntiMn-1	1720344	S	2	2	4	0.00000
Psychrobacter sp. DAB_AL43B	1028416	S	1	0	1	0.00000
Psychrobacter sp. P11F6	1699621	S	1	0	1	0.00000
Psychrobacter sp. G	571800	S	1	6	7	0.00000
Psychrobacter arenosus	256326	S	3	0	3	0.00000
Psychrobacter arcticus	334543	S	1	0	1	0.00000
Aquirhabdus parva	2283318	S	7	0	7	0.00000
Klebsiella pneumoniae	573	S	66	216	282	0.00000
Klebsiella aerogenes	548	S	12	0	12	0.00000
Klebsiella michiganensis	1134687	S	11	5	16	0.00000
Klebsiella variicola	244366	S	7	2	9	0.00000
Klebsiella sp. STW0522-44	2681387	S	1	0	1	0.00000
Klebsiella sp. FDAARGOS_511	2488567	S	1	2	3	0.00000
Klebsiella sp. WP3-W18-ESBL-02	2675710	S	1	4	5	0.00000
Klebsiella sp. WP4-W18-ESBL-05	2675713	S	1	4	5	0.00000
Klebsiella quasipneumoniae	1463165	S	2	1	3	0.00000
Klebsiella grimontii	2058152	S	2	2	4	0.00000
Klebsiella oxytoca	571	S	1	0	1	0.00000
Klebsiella quasivariicola	2026240	S	1	0	1	0.00000
Enterobacter asburiae	61645	S	17	14	31	0.00000
Enterobacter hormaechei	158836	S	16	32	48	0.00000
Enterobacter cloacae	550	S	9	5	14	0.00000
Enterobacter roggenkampii	1812935	S	5	3	8	0.00000
Enterobacter kobei	208224	S	4	6	10	0.00000
Enterobacter cloacae complex sp. FDA-CDC-AR_0164	2077136	S	1	2	3	0.00000
Enterobacter cancerogenus	69218	S	1	0	1	0.00000
Enterobacter sichuanensis	2071710	S	1	0	1	0.00000
Enterobacter chengduensis	2494701	S	1	0	1	0.00000
Enterobacter sp. 638	399742	S	6	0	6	0.00000
Enterobacter sp. E76	2596949	S	4	0	4	0.00000
Enterobacter sp. JUb54	2724468	S	3	0	3	0.00000
Enterobacter sp. RHBSTW-00994	2742676	S	2	0	2	0.00000
Enterobacter sp. RHBSTW-00175	2742639	S	1	0	1	0.00000
Enterobacter sp. SA187	1914861	S	1	0	1	0.00000
Enterobacter bugandensis	881260	S	4	0	4	0.00000
Enterobacter soli	885040	S	1	0	1	0.00000
Citrobacter freundii	546	S	26	24	50	0.00000
Citrobacter werkmanii	67827	S	1	0	1	0.00000
Citrobacter portucalensis	1639133	S	1	2	3	0.00000
Citrobacter freundii complex sp. CFNIH9	2077149	S	1	2	3	0.00000
Citrobacter sp. R56	1573676	S	4	0	4	0.00000
Citrobacter sp. BDA59-3	2781952	S	3	0	3	0.00000
Citrobacter sp. FDAARGOS_156	1702170	S	2	7	9	0.00000
Citrobacter rodentium	67825	S	3	0	3	0.00000
Citrobacter telavivum	2653932	S	1	0	1	0.00000
Escherichia coli	562	S	30	92	122	0.00000
Escherichia albertii	208962	S	2	0	2	0.00000
Escherichia fergusonii	564	S	1	0	1	0.00000
Escherichia sp. E4742	2044467	S	1	0	1	0.00000
Enterobacteriaceae endosymbiont of Donacia cinerea	2675774	S	4	0	4	0.00000
Enterobacteriaceae endosymbiont of Donacia versicolorea	2675788	S	4	2	6	0.00000
Enterobacteriaceae endosymbiont of Donacia simplex	2675784	S	3	0	3	0.00000
Enterobacteriaceae endosymbiont of Donacia cincticornis	2675773	S	2	0	2	0.00000
Enterobacteriaceae endosymbiont of Plateumaris braccata	2675793	S	2	0	2	0.00000
Enterobacteriaceae endosymbiont of Donacia piscatrix	2675780	S	2	0	2	0.00000
Enterobacteriaceae endosymbiont of Donacia bicoloricornis	2675772	S	2	0	2	0.00000
Enterobacteriaceae endosymbiont of Donacia sparganii	2675785	S	1	0	1	0.00000
Enterobacteriaceae endosymbiont of Plateumaris consimilis	2675794	S	1	0	1	0.00000
Enterobacteriaceae endosymbiont of Neohaemonia nigricornis	2675792	S	1	0	1	0.00000
Enterobacteriaceae endosymbiont of Macroplea mutica	2675791	S	1	0	1	0.00000
Enterobacteriaceae endosymbiont of Macroplea appendiculata	2675790	S	1	0	1	0.00000
Enterobacteriaceae endosymbiont of Donacia vulgaris	2675789	S	1	0	1	0.00000
Enterobacteriaceae endosymbiont of Donacia tomentosa	2675787	S	1	0	1	0.00000
Enterobacteriaceae endosymbiont of Donacia thalassina	2675786	S	1	0	1	0.00000
Enterobacteriaceae endosymbiont of Donacia marginata	2675779	S	1	0	1	0.00000
Enterobacteriaceae endosymbiont of Donacia crassipes	2675776	S	1	0	1	0.00000
Blochmannia endosymbiont of Polyrhachis (Hedomyrma) turneri	1505596	S	3	0	3	0.00000
Blochmannia endosymbiont of Camponotus (Colobopsis) obliquus	1505597	S	1	0	1	0.00000
Blochmannia endosymbiont of Colobopsis nipponica	2681987	S	1	0	1	0.00000
Candidatus Blochmannia pennsylvanicus	101534	S	1	0	1	0.00000
Candidatus Blochmannia vafer	251535	S	1	0	1	0.00000
Candidatus Blochmannia chromaiodes	251542	S	1	1	2	0.00000
Candidatus Purcelliella pentastirinorum	472834	S	8	0	8	0.00000
secondary endosymbiont of Heteropsylla cubana	134287	S	3	0	3	0.00000
Candidatus Hamiltonella defensa	138072	S	1	0	1	0.00000
Candidatus Tachikawaea gelatinosa	1410383	S	3	0	3	0.00000
Candidatus Hoaglandella endobia	1778263	S	1	0	1	0.00000
Candidatus Mikella endobia	1778264	S	1	0	1	0.00000
Salmonella enterica	28901	S	17	30	47	0.00000
Salmonella bongori	54736	S	2	0	2	0.00000
Kosakonia sacchari	1158459	S	7	1	8	0.00000
Kosakonia sp. SMBL-WEM22	2725560	S	3	1	4	0.00000
Kosakonia sp. CCTCC M2018092	2492396	S	1	1	2	0.00000
Kosakonia cowanii	208223	S	2	1	3	0.00000
Kosakonia radicincitans	283686	S	2	2	4	0.00000
Kosakonia arachidis	551989	S	1	0	1	0.00000
Cronobacter sakazakii	28141	S	8	4	12	0.00000
Cronobacter dublinensis	413497	S	3	0	3	0.00000
Cronobacter condimenti	1163710	S	2	0	2	0.00000
Cronobacter malonaticus	413503	S	1	0	1	0.00000
Cronobacter universalis	535744	S	1	0	1	0.00000
Leclercia sp. J807	2681307	S	3	1	4	0.00000
Leclercia sp. W6	2282310	S	2	1	3	0.00000
Leclercia sp. 29361	2714951	S	2	0	2	0.00000
Leclercia sp. 1106151	2681309	S	1	1	2	0.00000
Leclercia adecarboxylata	83655	S	3	3	6	0.00000
Raoultella planticola	575	S	4	1	5	0.00000
Raoultella ornithinolytica	54291	S	2	5	7	0.00000
Raoultella terrigena	577	S	1	0	1	0.00000
Raoultella electrica	1259973	S	1	0	1	0.00000
Kluyvera intermedia	61648	S	5	0	5	0.00000
Kluyvera ascorbata	51288	S	1	0	1	0.00000
Cedecea neteri	158822	S	3	0	3	0.00000
Cedecea lapagei	158823	S	1	0	1	0.00000
Cedecea sp. FDAARGOS_727	2545798	S	1	0	1	0.00000
Buttiauxella agrestis	82977	S	4	0	4	0.00000
Buttiauxella sp. 3AFRM03	2479367	S	1	0	1	0.00000
Pluralibacter gergoviae	61647	S	3	0	3	0.00000
[Enterobacter] lignolyticus	1334193	S	2	0	2	0.00000
Pseudescherichia vulneris	566	S	4	0	4	0.00000
Jejubacter calystegiae	2579935	S	4	0	4	0.00000
Atlantibacter hermannii	565	S	3	0	3	0.00000
Phytobacter sp. SCO41	1756993	S	2	1	3	0.00000
Lelliottia amnigena	61646	S	1	0	1	0.00000
Lelliottia nimipressuralis	69220	S	1	0	1	0.00000
Candidatus Riesia pediculicola	401619	S	2	0	2	0.00000
Metakosakonia sp. MRY16-398	2487150	S	2	1	3	0.00000
Shigella boydii	621	S	1	2	3	0.00000
Shigella dysenteriae	622	S	1	0	1	0.00000
Shimwellia blattae	563	S	1	0	1	0.00000
Scandinavium goeteborgense	1851514	S	1	0	1	0.00000
Pantoea sp. SO10	2575375	S	7	0	7	0.00000
Pantoea sp. At-9b	592316	S	6	0	6	0.00000
Pantoea sp. PSNIH1	1484158	S	2	0	2	0.00000
Pantoea sp. MSR2	2052056	S	2	0	2	0.00000
Pantoea sp. CCBC3-3-1	2490851	S	2	0	2	0.00000
Pantoea sp. 201603H	2479547	S	1	0	1	0.00000
Pantoea sp. SM3640	2787629	S	1	0	1	0.00000
Pantoea agglomerans	549	S	14	0	14	0.00000
Pantoea stewartii	66269	S	10	0	10	0.00000
Pantoea vagans	470934	S	10	0	10	0.00000
Pantoea rwandensis	1076550	S	10	0	10	0.00000
Pantoea ananatis	553	S	9	0	9	0.00000
Pantoea dispersa	59814	S	2	0	2	0.00000
Pantoea eucalypti	470933	S	2	0	2	0.00000
Candidatus Pantoea carbekii	1235990	S	2	0	2	0.00000
Pantoea alhagi	1891675	S	2	0	2	0.00000
Buchnera aphidicola	9	S	53	-2	51	0.00000
Candidatus Erwinia haradaeae	1922217	S	15	0	15	0.00000
Erwinia gerundensis	1619313	S	6	0	6	0.00000
Erwinia billingiae	182337	S	4	3	7	0.00000
Erwinia amylovora	552	S	3	0	3	0.00000
Erwinia tasmaniensis	338565	S	3	0	3	0.00000
Erwinia sp. Ejp617	215689	S	2	2	4	0.00000
Erwinia sp. J780	2681984	S	1	0	1	0.00000
Erwinia persicina	55211	S	2	0	2	0.00000
Mixta gaviniae	665914	S	2	0	2	0.00000
Mixta theicola	1458355	S	2	0	2	0.00000
Mixta calida	665913	S	1	0	1	0.00000
Mixta intestinalis	1615494	S	1	0	1	0.00000
Tatumella sp. TA1	2487345	S	1	0	1	0.00000
Serratia marcescens	615	S	21	12	33	0.00000
Serratia proteamaculans	28151	S	15	0	15	0.00000
Serratia plymuthica	82996	S	12	1	13	0.00000
Serratia sp. KUDC3025	2597702	S	3	1	4	0.00000
Serratia sp. FGI94	671990	S	1	0	1	0.00000
Serratia sp. FDAARGOS_506	2420306	S	1	0	1	0.00000
Serratia sp. 1D1416	2447890	S	1	1	2	0.00000
Serratia rubidaea	61652	S	6	2	8	0.00000
Serratia liquefaciens	614	S	4	2	6	0.00000
Serratia odorifera	618	S	4	0	4	0.00000
Serratia grimesii	82995	S	4	0	4	0.00000
Serratia symbiotica	138074	S	4	0	4	0.00000
Serratia fonticola	47917	S	3	0	3	0.00000
Serratia ureilytica	300181	S	1	4	5	0.00000
Yersinia enterocolitica	630	S	9	0	9	0.00000
Yersinia ruckeri	29486	S	5	0	5	0.00000
Yersinia pseudotuberculosis	633	S	4	1	5	0.00000
Yersinia kristensenii	28152	S	2	3	5	0.00000
Yersinia frederiksenii	29484	S	2	0	2	0.00000
Yersinia sp. KBS0713	1179669	S	2	3	5	0.00000
Yersinia rohdei	29485	S	1	0	1	0.00000
Yersinia massiliensis	419257	S	1	1	2	0.00000
Yersinia canariae	2607663	S	1	0	1	0.00000
Rahnella sp. ERMR1:05	1805933	S	4	0	4	0.00000
Rahnella sp. Y9602	741091	S	2	5	7	0.00000
Rahnella aquatilis	34038	S	1	0	1	0.00000
Nissabacter sp. SGAir0207	2126321	S	7	0	7	0.00000
Gibbsiella quercinecans	929813	S	2	0	2	0.00000
Ewingella americana	41202	S	1	0	1	0.00000
Chania multitudinisentens	1639108	S	1	0	1	0.00000
Candidatus Fukatsuia symbiotica	1878942	S	1	0	1	0.00000
Providencia stuartii	588	S	6	16	22	0.00000
Providencia rustigianii	158850	S	6	0	6	0.00000
Providencia rettgeri	587	S	5	4	9	0.00000
Providencia alcalifaciens	126385	S	4	0	4	0.00000
Providencia heimbachae	333962	S	2	0	2	0.00000
Providencia vermicola	333965	S	1	0	1	0.00000
Providencia sneebia	516075	S	1	0	1	0.00000
Proteus mirabilis	584	S	17	3	20	0.00000
Proteus vulgaris	585	S	6	4	10	0.00000
Proteus hauseri	183417	S	3	0	3	0.00000
Proteus columbae	1987580	S	2	1	3	0.00000
Proteus penneri	102862	S	1	0	1	0.00000
Proteus terrae	1574161	S	1	5	6	0.00000
Xenorhabdus bovienii	40576	S	5	0	5	0.00000
Xenorhabdus poinarii	40577	S	3	0	3	0.00000
Xenorhabdus hominickii	351679	S	3	0	3	0.00000
Xenorhabdus doucetiae	351671	S	2	0	2	0.00000
Xenorhabdus nematophila	628	S	1	0	1	0.00000
Xenorhabdus budapestensis	290110	S	1	0	1	0.00000
Photorhabdus asymbiotica	291112	S	5	0	5	0.00000
Photorhabdus thracensis	230089	S	3	0	3	0.00000
Photorhabdus laumondii	2218628	S	1	0	1	0.00000
Morganella morganii	582	S	7	2	9	0.00000
Arsenophonus endosymbiont of Aleurodicus dispersus	235559	S	3	0	3	0.00000
Candidatus Arsenophonus lipoptenae	634113	S	2	0	2	0.00000
Arsenophonus nasoniae	638	S	1	0	1	0.00000
Dickeya zeae	204042	S	9	0	9	0.00000
Dickeya chrysanthemi	556	S	5	0	5	0.00000
Dickeya dianthicola	204039	S	5	1	6	0.00000
Dickeya sp. NCPPB 3274	568766	S	2	1	3	0.00000
Dickeya sp. Secpp 1600	2037915	S	1	10	11	0.00000
Dickeya dadantii	204038	S	2	1	3	0.00000
Dickeya paradisiaca	69223	S	1	-1	0	0.00000
Dickeya poaceiphila	568768	S	1	0	1	0.00000
Pectobacterium atrosepticum	29471	S	7	0	7	0.00000
Pectobacterium parmentieri	1905730	S	4	0	4	0.00000
Pectobacterium carotovorum	554	S	2	2	4	0.00000
Pectobacterium punjabense	2108399	S	2	0	2	0.00000
Pectobacterium odoriferum	78398	S	1	0	1	0.00000
Pectobacterium brasiliense	180957	S	1	1	2	0.00000
Pectobacterium aroidearum	1201031	S	1	2	3	0.00000
Brenneria rubrifaciens	55213	S	6	0	6	0.00000
Brenneria sp. Ir50	2722756	S	4	0	4	0.00000
Brenneria goodwinii	1109412	S	3	0	3	0.00000
Lonsdalea britannica	1082704	S	1	0	1	0.00000
Lonsdalea populi	1172565	S	1	0	1	0.00000
Edwardsiella tarda	636	S	3	6	9	0.00000
Edwardsiella piscicida	1263550	S	2	2	4	0.00000
Edwardsiella ictaluri	67780	S	1	0	1	0.00000
Edwardsiella hoshinae	93378	S	1	0	1	0.00000
Obesumbacterium proteus	82983	S	12	0	12	0.00000
Hafnia alvei	569	S	8	0	8	0.00000
Hafnia paralvei	546367	S	2	0	2	0.00000
Pragia fontium	82985	S	6	0	6	0.00000
Jinshanibacter zhutongyuii	2498113	S	3	0	3	0.00000
Sodalis praecaptivus	1239307	S	3	0	3	0.00000
Sodalis endosymbiont of Henestaris halophilus	1929246	S	2	0	2	0.00000
Plesiomonas shigelloides	703	S	2	0	2	0.00000
Xanthomonas arboricola	56448	S	79	105	184	0.00000
Xanthomonas campestris	339	S	63	6	69	0.00000
Xanthomonas citri	346	S	53	44	97	0.00000
Xanthomonas oryzae	347	S	21	0	21	0.00000
Xanthomonas sp. GW	2724121	S	4	5	9	0.00000
Xanthomonas sp. SS	2724122	S	2	3	5	0.00000
Xanthomonas sp. SI	2724123	S	2	3	5	0.00000
Xanthomonas translucens	343	S	11	1	12	0.00000
Xanthomonas hortorum	56454	S	10	3	13	0.00000
Xanthomonas hyacinthi	56455	S	10	1	11	0.00000
Xanthomonas sacchari	56458	S	9	0	9	0.00000
Xanthomonas vasicola	56459	S	9	0	9	0.00000
Xanthomonas cucurbitae	56453	S	7	0	7	0.00000
Xanthomonas axonopodis	53413	S	4	5	9	0.00000
Xanthomonas theicola	56464	S	4	0	4	0.00000
Xanthomonas fragariae	48664	S	4	0	4	0.00000
Xanthomonas euroxanthea	2259622	S	2	1	3	0.00000
Xanthomonas vesicatoria	56460	S	1	0	1	0.00000
Xanthomonas euvesicatoria	456327	S	1	1	2	0.00000
Stenotrophomonas maltophilia	40324	S	141	64	205	0.00000
Stenotrophomonas sp. ESTM1D_MKCIP4_1	2072414	S	5	0	5	0.00000
Stenotrophomonas sp. ZAC14A_NAIMI4_1	2072412	S	2	2	4	0.00000
Stenotrophomonas sp. SAU14A_NAIMI4_5	2072413	S	2	0	2	0.00000
Stenotrophomonas sp. ZAC14D2_NAIMI4_7	2072405	S	1	0	1	0.00000
Stenotrophomonas sp. ZAC14D2_NAIMI4_6	2072406	S	1	1	2	0.00000
Stenotrophomonas sp. YAU14A_MKIMI4_1	2072408	S	1	4	5	0.00000
Stenotrophomonas sp. 364	2691571	S	11	1	12	0.00000
Stenotrophomonas sp. 169	2770322	S	7	0	7	0.00000
Stenotrophomonas sp. LM091	1904944	S	6	0	6	0.00000
Stenotrophomonas sp. WZN-1	2005046	S	6	2	8	0.00000
Stenotrophomonas sp. G4	2303750	S	4	2	6	0.00000
Stenotrophomonas sp. CW117	2775920	S	4	24	28	0.00000
Stenotrophomonas sp. NA06056	2742129	S	3	0	3	0.00000
Stenotrophomonas sp. Pemsol	2040586	S	2	0	2	0.00000
Stenotrophomonas sp. MYb57	1827305	S	1	1	2	0.00000
Stenotrophomonas rhizophila	216778	S	25	1	26	0.00000
Stenotrophomonas acidaminiphila	128780	S	18	12	30	0.00000
Stenotrophomonas indicatrix	2045451	S	1	1	2	0.00000
Lysobacter enzymogenes	69	S	165	16	181	0.00000
Lysobacter sp. TY2-98	2290922	S	8	0	8	0.00000
Lysobacter sp. CW239	2762611	S	6	0	6	0.00000
Lysobacter sp. H21R20	2781022	S	4	3	7	0.00000
Lysobacter sp. H21R4	2781021	S	3	2	5	0.00000
Lysobacter sp. HDW10	2714936	S	2	0	2	0.00000
Lysobacter sp. H23M41	2781023	S	1	2	3	0.00000
Lysobacter antibioticus	84531	S	15	1	16	0.00000
Lysobacter oculi	2698682	S	13	0	13	0.00000
Lysobacter solisilvae	2763317	S	12	0	12	0.00000
Lysobacter gummosus	262324	S	10	1	11	0.00000
Lysobacter capsici	435897	S	10	0	10	0.00000
Lysobacter lycopersici	1324796	S	6	0	6	0.00000
Lysobacter alkalisoli	2591633	S	5	0	5	0.00000
Lysobacter arenosi	2795387	S	5	0	5	0.00000
Lysobacter soli	453783	S	3	0	3	0.00000
Lysobacter maris	1605891	S	1	0	1	0.00000
Luteimonas sp. MC1750	2799326	S	11	1	12	0.00000
Luteimonas sp. YGD11-2	2508168	S	7	1	8	0.00000
Luteimonas sp. MC1825	2761107	S	4	1	5	0.00000
Luteimonas sp. MC1572	2799325	S	3	1	4	0.00000
Luteimonas sp. JM171	1896164	S	2	0	2	0.00000
Luteimonas granuli	1176533	S	12	1	13	0.00000
Luteimonas yindakuii	2565782	S	7	1	8	0.00000
Luteimonas chenhongjianii	2006110	S	2	0	2	0.00000
Pseudoxanthomonas mexicana	128785	S	19	1	20	0.00000
Pseudoxanthomonas suwonensis	314722	S	12	0	12	0.00000
Pseudoxanthomonas spadix	415229	S	6	0	6	0.00000
Thermomonas sp. XSG	2771436	S	12	1	13	0.00000
Thermomonas sp. HDW16	2714945	S	4	0	4	0.00000
Thermomonas sp. SY21	2202149	S	2	0	2	0.00000
Thermomonas brevis	215691	S	9	0	9	0.00000
Thermomonas carbonis	1463158	S	4	0	4	0.00000
Xylella fastidiosa	2371	S	11	0	11	0.00000
Arenimonas daejeonensis	370777	S	4	0	4	0.00000
Pseudolysobacter antarcticus	2511995	S	4	0	4	0.00000
Dyella thiooxydans	445710	S	9	0	9	0.00000
Dyella sp. G9	2763498	S	6	0	6	0.00000
Dyella sp. M7H15-1	2501295	S	3	0	3	0.00000
Dyella japonica	231455	S	3	0	3	0.00000
Dyella caseinilytica	1849581	S	1	0	1	0.00000
Rhodanobacter glycinis	582702	S	8	0	8	0.00000
Rhodanobacter denitrificans	666685	S	8	0	8	0.00000
Rhodanobacter sp. FDAARGOS 1247	2778082	S	5	0	5	0.00000
Luteibacter pinisoli	2589080	S	11	0	11	0.00000
Luteibacter rhizovicinus	242606	S	6	0	6	0.00000
Dokdonella koreensis	323415	S	11	0	11	0.00000
Ahniella affigens	2021234	S	9	0	9	0.00000
Frateuria aurantia	81475	S	3	0	3	0.00000
Halomonas sp. JS92-SW72	2306583	S	139	15	154	0.00000
Halomonas sp. YLGW01	2773308	S	9	0	9	0.00000
Halomonas sp. THAF5a	2587844	S	5	0	5	0.00000
Halomonas sp. THAF12	2587849	S	4	0	4	0.00000
Halomonas sp. 1513	1883416	S	4	0	4	0.00000
Halomonas sp. N3-2A	2014541	S	4	1	5	0.00000
Halomonas sp. A40-4	2785909	S	3	0	3	0.00000
Halomonas sp. MCCC 1A13718	2733488	S	3	0	3	0.00000
Halomonas sp. HG01	1609967	S	3	0	3	0.00000
Halomonas sp. MCCC 1A13316	2733487	S	3	0	3	0.00000
Halomonas sp. BC-M4-5	2497861	S	3	0	3	0.00000
Halomonas sp. GFAJ-1	1118153	S	2	0	2	0.00000
Halomonas sp. SH5A2	2749040	S	2	0	2	0.00000
Halomonas sp. PGE1	2730360	S	2	0	2	0.00000
Halomonas sp. GT	1971364	S	2	0	2	0.00000
Halomonas sp. hl-4	1761789	S	2	1	3	0.00000
Halomonas sp. SF2003	2136172	S	1	1	2	0.00000
Halomonas sp. Y2R2	2562282	S	1	0	1	0.00000
Halomonas socia	1081866	S	11	0	11	0.00000
Halomonas meridiana	29570	S	7	1	8	0.00000
Halomonas hydrothermalis	115561	S	6	1	7	0.00000
Halomonas aestuarii	1897729	S	6	0	6	0.00000
Halomonas huangheensis	1178482	S	4	0	4	0.00000
Halomonas beimenensis	475662	S	4	0	4	0.00000
Halomonas elongata	2746	S	3	0	3	0.00000
Halomonas chromatireducens	507626	S	3	0	3	0.00000
Halomonas subglaciescola	29571	S	2	0	2	0.00000
Halomonas campisalis	74661	S	1	3	4	0.00000
Kushneria konosiri	698828	S	5	0	5	0.00000
Kushneria phosphatilytica	657387	S	4	0	4	0.00000
Kushneria marisflavi	157779	S	1	0	1	0.00000
Zymobacter palmae	33074	S	5	0	5	0.00000
Candidatus Carsonella ruddii (Diaphorina cf. continua)	2661587	S	1	1	2	0.00000
Candidatus Portiera aleyrodidarum	91844	S	1	0	1	0.00000
Cobetia sp. AM6	2661553	S	3	6	9	0.00000
Halotalea alkalilenta	376489	S	5	0	5	0.00000
Salinicola tamaricis	1771309	S	3	0	3	0.00000
Pistricoccus aurantiacus	1883414	S	3	0	3	0.00000
Marinomonas primoryensis	178399	S	4	0	4	0.00000
Marinomonas sp. MWYL1	400668	S	3	0	3	0.00000
Marinomonas sp. FW-1	2071621	S	1	0	1	0.00000
Marinomonas algicola	2773454	S	4	0	4	0.00000
Marinomonas arctica	383750	S	2	0	2	0.00000
Marinomonas foliarum	491950	S	2	0	2	0.00000
Marinomonas mediterranea	119864	S	1	0	1	0.00000
Marinomonas posidonica	936476	S	1	0	1	0.00000
Neptunomonas japonica	417574	S	8	0	8	0.00000
Neptunomonas concharum	1031538	S	3	0	3	0.00000
Amphritea japonica	452627	S	5	0	5	0.00000
Thalassolituus oleivorans	187493	S	4	0	4	0.00000
Marinobacterium georgiense	48076	S	2	0	2	0.00000
Marinobacterium aestuarii	1821621	S	1	0	1	0.00000
Bacterioplanes sanyensis	1249553	S	2	0	2	0.00000
Nitrincola sp. KXZD1103	2614693	S	1	0	1	0.00000
Alcanivorax sp. N3-2A	2014542	S	12	1	13	0.00000
Alcanivorax dieselolei	285091	S	6	1	7	0.00000
Alcanivorax xenomutans	1094342	S	4	0	4	0.00000
Alcanivorax pacificus	1306787	S	3	0	3	0.00000
Ketobacter alkanivorans	1917421	S	2	0	2	0.00000
Saccharospirillum mangrovi	2161747	S	7	0	7	0.00000
Reinekea forsetii	1336806	S	2	0	2	0.00000
Gynuella sunshinyii	1445505	S	2	0	2	0.00000
Hahella sp. KA22	1628392	S	3	0	3	0.00000
Hahella chejuensis	158327	S	2	0	2	0.00000
Spartinivicinus ruber	2683272	S	2	0	2	0.00000
Kangiella profundi	1561924	S	6	0	6	0.00000
Kangiella koreensis	261964	S	1	0	1	0.00000
Kangiella geojedonensis	914150	S	1	0	1	0.00000
Oleiphilus messinensis	141451	S	3	0	3	0.00000
Litoricola lipolytica	418701	S	1	0	1	0.00000
Shewanella sp. MEBiC00475	2575361	S	4	3	7	0.00000
Shewanella sp. M2	2487742	S	3	0	3	0.00000
Shewanella sp. Scap07	2589987	S	3	0	3	0.00000
Shewanella sp. ANA-3	94122	S	2	1	3	0.00000
Shewanella sp. YLB-06	2593655	S	2	0	2	0.00000
Shewanella sp. WE21	2029986	S	2	0	2	0.00000
Shewanella sp. SNU WT4	2590015	S	2	0	2	0.00000
Shewanella sp. FJAT-53726	2814295	S	1	0	1	0.00000
Shewanella sp. KX20019	2803864	S	1	0	1	0.00000
Shewanella sp. Arc9-LZ	2698686	S	1	0	1	0.00000
Shewanella sp. YLB-09	2601269	S	1	6	7	0.00000
Shewanella aestuarii	1028752	S	7	0	7	0.00000
Shewanella algae	38313	S	5	0	5	0.00000
Shewanella baltica	62322	S	5	8	13	0.00000
Shewanella denitrificans	192073	S	5	0	5	0.00000
Shewanella violacea	60217	S	4	0	4	0.00000
Shewanella piezotolerans	404011	S	4	0	4	0.00000
Shewanella putrefaciens	24	S	3	3	6	0.00000
Shewanella oneidensis	70863	S	3	0	3	0.00000
Shewanella polaris	2588449	S	2	1	3	0.00000
Shewanella livingstonensis	150120	S	2	0	2	0.00000
Shewanella frigidimarina	56812	S	2	0	2	0.00000
Shewanella pealeana	70864	S	1	0	1	0.00000
Shewanella benthica	43661	S	1	0	1	0.00000
Shewanella maritima	2520507	S	1	0	1	0.00000
Shewanella bicestrii	2018305	S	1	1	2	0.00000
Shewanella khirikhana	1965282	S	1	0	1	0.00000
Shewanella litorisediminis	1173586	S	1	0	1	0.00000
Shewanella amazonensis	60478	S	1	0	1	0.00000
Shewanella loihica	359303	S	1	0	1	0.00000
Shewanella halifaxensis	271098	S	1	0	1	0.00000
Shewanella sediminis	271097	S	1	0	1	0.00000
Shewanella donghaensis	238836	S	1	0	1	0.00000
Parashewanella tropica	2547970	S	6	0	6	0.00000
Parashewanella spongiae	342950	S	1	0	1	0.00000
Alteromonas sp. BL110	1714845	S	5	6	11	0.00000
Alteromonas sp. 76-1	2358187	S	1	1	2	0.00000
Alteromonas macleodii	28108	S	8	3	11	0.00000
Alteromonas mediterranea	314275	S	5	1	6	0.00000
Alteromonas naphthalenivorans	715451	S	3	3	6	0.00000
Alteromonas pelagimontana	1858656	S	1	0	1	0.00000
Marinobacter sp. LV10R510-11A	1415568	S	3	0	3	0.00000
Marinobacter sp. LPB0319	2769486	S	3	0	3	0.00000
Marinobacter sp. BSs20148	490759	S	2	0	2	0.00000
Marinobacter sp. NP-4(2019)	2488665	S	2	0	2	0.00000
Marinobacter sp. es.042	1761794	S	1	1	2	0.00000
Marinobacter sp. Arc7-DN-1	2304594	S	1	0	1	0.00000
Marinobacter hydrocarbonoclasticus	2743	S	3	0	3	0.00000
Marinobacter fonticola	2603215	S	3	0	3	0.00000
Marinobacter salinus	1874317	S	2	0	2	0.00000
Marinobacter salsuginis	418719	S	1	0	1	0.00000
Marinobacter salarius	1420917	S	1	0	1	0.00000
Salinimonas sp. KX18D6	2572577	S	4	0	4	0.00000
Salinimonas sp. G2-b	2785918	S	2	0	2	0.00000
Salinimonas sediminis	2303538	S	2	0	2	0.00000
Salinimonas lutimaris	914153	S	1	0	1	0.00000
Paraglaciecola sp. L3A3	2686358	S	3	0	3	0.00000
Paraglaciecola sp. L1A13	2686359	S	2	0	2	0.00000
Paraglaciecola psychrophila	326544	S	2	0	2	0.00000
Paraglaciecola mesophila	197222	S	1	0	1	0.00000
Glaciecola amylolytica	2489595	S	4	0	4	0.00000
Glaciecola nitratireducens	300231	S	2	0	2	0.00000
Lacimicrobium alkaliphilum	1526571	S	3	0	3	0.00000
Hydrocarboniclastica marina	2259620	S	3	0	3	0.00000
Agarivorans gilvus	680279	S	2	0	2	0.00000
Saliniradius amylolyticus	2183582	S	2	0	2	0.00000
Catenovulum sp. CCB-QB4	2172099	S	1	0	1	0.00000
Pseudoalteromonas xiamenensis	882626	S	7	0	7	0.00000
Pseudoalteromonas sp. SM1988	2744479	S	4	0	4	0.00000
Pseudoalteromonas sp. Xi13	2490635	S	1	1	2	0.00000
Pseudoalteromonas sp. 1_2015MBL_MicDiv	1720343	S	1	0	1	0.00000
Pseudoalteromonas sp. 13-15	1761891	S	1	1	2	0.00000
Pseudoalteromonas prydzensis	182141	S	6	0	6	0.00000
Pseudoalteromonas aliena	247523	S	5	0	5	0.00000
Pseudoalteromonas atlantica	288	S	4	0	4	0.00000
Pseudoalteromonas espejiana	28107	S	4	0	4	0.00000
Pseudoalteromonas carrageenovora	227	S	4	0	4	0.00000
Pseudoalteromonas piratica	1348114	S	3	0	3	0.00000
Pseudoalteromonas arabiensis	874454	S	3	0	3	0.00000
Pseudoalteromonas spongiae	298657	S	3	0	3	0.00000
Pseudoalteromonas luteoviolacea	43657	S	3	0	3	0.00000
Pseudoalteromonas undina	43660	S	3	2	5	0.00000
Pseudoalteromonas translucida	166935	S	2	3	5	0.00000
Pseudoalteromonas rubra	43658	S	2	0	2	0.00000
Pseudoalteromonas ulvae	107327	S	2	0	2	0.00000
Pseudoalteromonas piscicida	43662	S	2	0	2	0.00000
Pseudoalteromonas viridis	339617	S	2	0	2	0.00000
Pseudoalteromonas nigrifaciens	28109	S	1	1	2	0.00000
Pseudoalteromonas donghaensis	621376	S	1	3	4	0.00000
Pseudoalteromonas ruthenica	151081	S	1	0	1	0.00000
Psychrosphaera aestuarii	1266052	S	5	0	5	0.00000
Psychrosphaera sp. MTZ26	2820710	S	4	0	4	0.00000
Colwellia sp. PAMC 20917	1816218	S	9	0	9	0.00000
Colwellia sp. PAMC 21821	1816219	S	6	0	6	0.00000
Colwellia sp. 20A7	2689569	S	6	0	6	0.00000
Colwellia sp. MT41	58049	S	3	0	3	0.00000
Colwellia sp. Arc7-D	2161872	S	2	0	2	0.00000
Colwellia sp. Arc7-635	2497879	S	1	0	1	0.00000
Colwellia beringensis	1967665	S	6	0	6	0.00000
Colwellia psychrerythraea	28229	S	5	0	5	0.00000
Thalassotalea sp. HSM 43	2552945	S	3	0	3	0.00000
Thalassotalea sp. LPB0316	2769490	S	2	0	2	0.00000
Thalassotalea sp. PS06	2594005	S	1	0	1	0.00000
Thalassotalea crassostreae	1763536	S	3	0	3	0.00000
Litorilituus sediminis	718192	S	4	0	4	0.00000
Moritella marina	90736	S	10	0	10	0.00000
Moritella yayanosii	69539	S	3	0	3	0.00000
Psychromonas ingrahamii	357794	S	3	0	3	0.00000
Psychromonas sp. CNPT3	314282	S	3	0	3	0.00000
Idiomarina andamanensis	1940690	S	3	0	3	0.00000
Idiomarina loihiensis	135577	S	1	-1	0	0.00000
Idiomarina sp. X4	2055892	S	1	0	1	0.00000
Ferrimonas lipolytica	2724191	S	2	0	2	0.00000
Vibrio anguillarum	55601	S	53	7	60	0.00000
Vibrio parahaemolyticus	670	S	13	1	14	0.00000
Vibrio owensii	696485	S	5	1	6	0.00000
Vibrio jasicida	766224	S	4	1	5	0.00000
Vibrio harveyi	669	S	3	0	3	0.00000
Vibrio campbellii	680	S	3	0	3	0.00000
Vibrio natriegens	691	S	3	2	5	0.00000
Vibrio alginolyticus	663	S	2	2	4	0.00000
Vibrio rotiferianus	190895	S	1	0	1	0.00000
Vibrio azureus	512649	S	1	0	1	0.00000
Vibrio sp. SM1977	2662262	S	5	0	5	0.00000
Vibrio sp. HDW18	2714948	S	3	0	3	0.00000
Vibrio sp. ZWAL4003	2711221	S	3	0	3	0.00000
Vibrio sp. THAF190c	2587865	S	3	0	3	0.00000
Vibrio sp. Sal10	2777577	S	2	0	2	0.00000
Vibrio sp. Scap24	2589990	S	2	0	2	0.00000
Vibrio sp. 2521-89	2014742	S	1	1	2	0.00000
Vibrio vulnificus	672	S	12	0	12	0.00000
Vibrio coralliilyticus	190893	S	6	1	7	0.00000
Vibrio casei	673372	S	4	0	4	0.00000
Vibrio cholerae	666	S	4	1	5	0.00000
Vibrio cincinnatiensis	675	S	4	0	4	0.00000
Vibrio tapetis	52443	S	4	0	4	0.00000
Vibrio mimicus	674	S	3	0	3	0.00000
Vibrio gazogenes	687	S	3	0	3	0.00000
Vibrio europaeus	300876	S	2	0	2	0.00000
Vibrio tubiashii	29498	S	1	0	1	0.00000
Vibrio mediterranei	689	S	3	0	3	0.00000
Vibrio metschnikovii	28172	S	3	0	3	0.00000
Vibrio splendidus	29497	S	3	0	3	0.00000
Vibrio chagasii	170679	S	2	0	2	0.00000
Vibrio scophthalmi	45658	S	2	0	2	0.00000
Vibrio crassostreae	246167	S	2	0	2	0.00000
Vibrio fluvialis	676	S	2	0	2	0.00000
Vibrio taketomensis	2572923	S	2	0	2	0.00000
Vibrio nigripulchritudo	28173	S	2	0	2	0.00000
Vibrio rumoiensis	76258	S	1	0	1	0.00000
Vibrio kanaloae	170673	S	1	0	1	0.00000
Vibrio ponticus	265668	S	1	0	1	0.00000
Vibrio metoecus	1481663	S	1	0	1	0.00000
Vibrio alfacsensis	1074311	S	1	0	1	0.00000
Vibrio spartinae	1918945	S	1	0	1	0.00000
Photobacterium damselae	38293	S	10	0	10	0.00000
Photobacterium profundum	74109	S	1	0	1	0.00000
Aliivibrio fischeri	668	S	10	0	10	0.00000
Aliivibrio salmonicida	40269	S	1	0	1	0.00000
Paraphotobacterium marinum	1755811	S	4	0	4	0.00000
Salinivibrio kushneri	1908198	S	2	0	2	0.00000
Legionella sp. PC997	2755562	S	9	1	10	0.00000
Legionella sp. TUM19329	2708020	S	7	0	7	0.00000
Legionella sp. MW5194	2662448	S	3	0	3	0.00000
Legionella sp. PC1000	2746060	S	2	0	2	0.00000
Legionella pneumophila	446	S	15	3	18	0.00000
Legionella waltersii	66969	S	12	1	13	0.00000
Legionella fallonii	96230	S	7	0	7	0.00000
Legionella sainthelensi	28087	S	7	0	7	0.00000
Legionella israelensis	454	S	6	0	6	0.00000
Legionella lansingensis	45067	S	6	0	6	0.00000
Legionella oakridgensis	29423	S	4	0	4	0.00000
Legionella geestiana	45065	S	4	0	4	0.00000
Legionella jordanis	456	S	4	0	4	0.00000
Legionella spiritensis	452	S	4	0	4	0.00000
Legionella longbeachae	450	S	4	0	4	0.00000
Legionella adelaidensis	45056	S	3	0	3	0.00000
Legionella anisa	28082	S	3	0	3	0.00000
Legionella hackeliae	449	S	3	0	3	0.00000
Legionella clemsonensis	1867846	S	2	0	2	0.00000
Legionella cherrii	28084	S	1	0	1	0.00000
Legionella endosymbiont of Polyplax serrata	2005262	S	1	0	1	0.00000
Tatlockia micdadei	451	S	5	0	5	0.00000
Fluoribacter dumoffii	463	S	3	2	5	0.00000
Coxiella burnetii	777	S	10	3	13	0.00000
Candidatus Coxiella mudrowiae	2054173	S	6	0	6	0.00000
Coxiella endosymbiont of Amblyomma sculptum	2487929	S	1	0	1	0.00000
Aquicella siphonis	254247	S	7	0	7	0.00000
Aquicella lusitana	254246	S	4	0	4	0.00000
Candidatus Rickettsiella viridis	676208	S	9	0	9	0.00000
Thioalkalivibrio versutus	106634	S	8	0	8	0.00000
Thioalkalivibrio nitratireducens	186931	S	6	1	7	0.00000
Thioalkalivibrio sulfidiphilus	1033854	S	3	0	3	0.00000
Thioalkalivibrio sp. K90mix	396595	S	3	0	3	0.00000
Thioalkalivibrio paradoxus	108010	S	2	0	2	0.00000
Spiribacter curvatus	1335757	S	4	0	4	0.00000
Spiribacter salinus	1335746	S	3	0	3	0.00000
Spiribacter sp. 2438	2666185	S	3	0	3	0.00000
Acidihalobacter yilgarnenesis	2819280	S	5	0	5	0.00000
Acidihalobacter aeolianus	2792603	S	3	0	3	0.00000
Acidihalobacter ferrooxydans	1765967	S	2	0	2	0.00000
Halorhodospira halochloris	1052	S	4	0	4	0.00000
Halorhodospira halophila	1053	S	4	0	4	0.00000
Alkalilimnicola ehrlichii	351052	S	6	0	6	0.00000
Aquisalimonas sp. 2447	2740807	S	5	0	5	0.00000
Ectothiorhodospira sp. BSL-9	1442136	S	2	0	2	0.00000
Rheinheimera sp. LHK132	2498451	S	8	0	8	0.00000
Rheinheimera sp. F8	1763998	S	6	0	6	0.00000
Rheinheimera sp. D18	2545632	S	2	0	2	0.00000
Candidatus Thiodictyon syntrophicum	1166950	S	9	0	9	0.00000
Nitrosococcus watsonii	473531	S	5	0	5	0.00000
Nitrosococcus wardiae	1814290	S	2	0	2	0.00000
Thioflavicoccus mobilis	80679	S	6	0	6	0.00000
Candidatus Nitrosacidococcus tergens	553981	S	4	0	4	0.00000
Thiocystis violascens	73141	S	3	0	3	0.00000
Thermochromatium tepidum	1050	S	3	0	3	0.00000
Marichromatium purpuratum	37487	S	3	0	3	0.00000
Caldichromatium japonicum	2699430	S	2	0	2	0.00000
Allochromatium vinosum	1049	S	1	0	1	0.00000
Halothiobacillus sp. LS2	1860122	S	6	0	6	0.00000
Halothiobacillus neapolitanus	927	S	3	0	3	0.00000
Wenzhouxiangella marina	1579979	S	4	0	4	0.00000
Wenzhouxiangella sp. AB-CW3	2771012	S	4	0	4	0.00000
Thiohalobacter sp. COW1	2795687	S	2	5	7	0.00000
Woeseia oceani	1548547	S	6	0	6	0.00000
Sulfurivermis fontis	1972068	S	4	0	4	0.00000
Guyparkeria halophila	47960	S	2	0	2	0.00000
Granulosicoccus antarcticus	437505	S	1	0	1	0.00000
Pasteurella multocida	747	S	37	8	45	0.00000
Pasteurella skyensis	97481	S	3	0	3	0.00000
Actinobacillus pleuropneumoniae	715	S	13	3	16	0.00000
Actinobacillus lignieresii	720	S	3	0	3	0.00000
Actinobacillus sp. GY-402	2774188	S	2	0	2	0.00000
Actinobacillus indolicus	51049	S	1	0	1	0.00000
Actinobacillus succinogenes	67854	S	1	0	1	0.00000
Actinobacillus porcitonsillarum	189834	S	1	0	1	0.00000
Mannheimia pernigra	111844	S	10	2	12	0.00000
Mannheimia varigena	85404	S	3	0	3	0.00000
Mannheimia sp. USDA-ARS-USMARC-1261	1432056	S	3	0	3	0.00000
Mannheimia haemolytica	75985	S	1	0	1	0.00000
Haemophilus parainfluenzae	729	S	8	0	8	0.00000
Haemophilus influenzae	727	S	4	1	5	0.00000
Haemophilus pittmaniae	249188	S	2	0	2	0.00000
[Haemophilus] ducreyi	730	S	1	0	1	0.00000
Haemophilus parahaemolyticus	735	S	1	0	1	0.00000
Glaesserella parasuis	738	S	7	0	7	0.00000
Rodentibacter heylii	1906744	S	4	0	4	0.00000
Rodentibacter sp. DSM 111151	2778911	S	3	0	3	0.00000
Aggregatibacter actinomycetemcomitans	714	S	4	0	4	0.00000
Aggregatibacter aphrophilus	732	S	2	0	2	0.00000
Otariodibacter oris	1032623	S	3	0	3	0.00000
Vespertiliibacter pulmonis	1443036	S	3	0	3	0.00000
Gallibacterium anatis	750	S	3	0	3	0.00000
Histophilus somni	731	S	2	0	2	0.00000
Avibacterium paragallinarum	728	S	1	0	1	0.00000
Avibacterium volantium	762	S	1	0	1	0.00000
Bibersteinia trehalosi	47735	S	1	8	9	0.00000
Frederiksenia canicola	123824	S	1	0	1	0.00000
Methylomonas sp. LL1	2785785	S	59	1	60	0.00000
Methylomonas sp. DH-1	1727196	S	2	3	5	0.00000
Methylomonas sp. EFPC1	2812647	S	1	2	3	0.00000
Methylomonas rhizoryzae	2608981	S	6	0	6	0.00000
Methylomonas methanica	421	S	5	0	5	0.00000
Methylomonas denitrificans	1538553	S	3	0	3	0.00000
Methylomonas koyamae	702114	S	1	1	2	0.00000
Methylococcus sp. EFPC2	2812648	S	9	0	9	0.00000
Methylococcus sp. IM1	2681310	S	4	0	4	0.00000
Methylococcus capsulatus	414	S	4	0	4	0.00000
Methylocaldum marinum	1432792	S	8	0	8	0.00000
Candidatus Methylospira mobilis	1808979	S	8	0	8	0.00000
Methylomicrobium album	39775	S	6	0	6	0.00000
Methylovulum psychrotolerans	1704499	S	4	0	4	0.00000
Methylotuvimicrobium buryatense	95641	S	3	1	4	0.00000
Aeromonas veronii	654	S	29	5	34	0.00000
Aeromonas salmonicida	645	S	11	17	28	0.00000
Aeromonas sp. CU5	2033033	S	4	0	4	0.00000
Aeromonas sp. CA23	2033032	S	3	0	3	0.00000
Aeromonas sp. ASNIH1	1636606	S	1	2	3	0.00000
Aeromonas sp. ASNIH2	1636607	S	1	2	3	0.00000
Aeromonas sp. Ne-1	1675689	S	1	0	1	0.00000
Aeromonas sp. WP2-W18-CRE-05	2675707	S	1	7	8	0.00000
Aeromonas caviae	648	S	9	11	20	0.00000
Aeromonas hydrophila	644	S	8	2	10	0.00000
Aeromonas media	651	S	5	1	6	0.00000
Aeromonas simiae	218936	S	5	0	5	0.00000
Aeromonas encheleia	73010	S	4	0	4	0.00000
Aeromonas jandaei	650	S	2	0	2	0.00000
Aeromonas schubertii	652	S	1	0	1	0.00000
Oceanimonas sp. GK1	511062	S	5	0	5	0.00000
Zobellella denitrificans	347534	S	4	0	4	0.00000
Dongshaea marina	2047966	S	4	0	4	0.00000
Tolumonas auensis	43948	S	3	0	3	0.00000
Oceanisphaera profunda	1416627	S	3	0	3	0.00000
Francisella hispaniensis	622488	S	5	2	7	0.00000
Francisella sp. LA112445	1395624	S	5	0	5	0.00000
Francisella persica	954	S	3	0	3	0.00000
Francisella philomiragia	28110	S	3	10	13	0.00000
Francisella halioticida	549298	S	3	0	3	0.00000
Francisella frigiditurris	1542390	S	3	0	3	0.00000
Francisella tularensis	263	S	2	0	2	0.00000
Francisella adeliensis	2007306	S	1	1	2	0.00000
Allofrancisella inopinata	1085647	S	4	0	4	0.00000
Allofrancisella frigidaquae	1085644	S	3	0	3	0.00000
Allofrancisella guangzhouensis	594679	S	1	0	1	0.00000
Thiomicrorhabdus sediminis	2580412	S	5	1	6	0.00000
Thiomicrorhabdus aquaedulcis	2211106	S	2	0	2	0.00000
Thiomicrorhabdus indica	2267253	S	1	0	1	0.00000
Thiomicrorhabdus xiamenensis	2739063	S	1	0	1	0.00000
Piscirickettsia salmonis	1238	S	8	0	8	0.00000
Cycloclasticus sp. PY97N	728003	S	1	6	7	0.00000
Methylophaga frappieri	754477	S	4	0	4	0.00000
Methylophaga nitratireducenticrescens	754476	S	3	0	3	0.00000
Thiomicrospira aerophila	92245	S	4	0	4	0.00000
Thiomicrospira sp. S5	1803865	S	2	0	2	0.00000
Hydrogenovibrio crunogenus	39765	S	2	0	2	0.00000
Hydrogenovibrio thermophilus	265883	S	2	0	2	0.00000
Hydrogenovibrio marinus	28885	S	1	0	1	0.00000
Thiosulfativibrio zosterae	2675053	S	3	0	3	0.00000
Thiosulfatimonas sediminis	2675054	S	1	0	1	0.00000
Thiothrix sp.	1032	S	3	0	3	0.00000
Thiothrix sp. Ku-5	2735563	S	3	0	3	0.00000
Thiothrix unzii	111769	S	3	0	3	0.00000
Beggiatoa leptomitoformis	288004	S	3	0	3	0.00000
Cellvibrio sp. KY-GH-1	2303332	S	6	0	6	0.00000
Cellvibrio sp. PSBB006	1987723	S	4	0	4	0.00000
Cellvibrio sp. PSBB023	1945512	S	3	0	3	0.00000
Cellvibrio sp. KY-YJ-3	454662	S	2	0	2	0.00000
Cellvibrio japonicus	155077	S	1	0	1	0.00000
Teredinibacter haidensis	2731755	S	6	0	6	0.00000
Agarilytica rhodophyticola	1737490	S	5	0	5	0.00000
Saccharophagus degradans	86304	S	2	0	2	0.00000
Simiduia agarivorans	447471	S	1	0	1	0.00000
Microbulbifer sp. ALW1	1516059	S	3	0	3	0.00000
Microbulbifer sp. THAF38	2587856	S	3	0	3	0.00000
Microbulbifer sp. GL-2	2591606	S	3	0	3	0.00000
Microbulbifer sp. SH-1	2681547	S	1	0	1	0.00000
Microbulbifer sp. YPW1	2745199	S	1	0	1	0.00000
Microbulbifer thermotolerans	252514	S	5	0	5	0.00000
Microbulbifer hydrolyticus	48074	S	3	0	3	0.00000
Microbulbifer aggregans	1769779	S	3	0	3	0.00000
Microbulbifer agarilyticus	260552	S	1	0	1	0.00000
Halioglobus japonicus	930805	S	4	0	4	0.00000
Halioglobus pacificus	930806	S	4	0	4	0.00000
Halioglobus maricola	2601894	S	1	0	1	0.00000
Kineobactrum salinum	2708301	S	6	0	6	0.00000
Congregibacter litoralis	393662	S	1	0	1	0.00000
Spongiibacter sp. IMCC21906	1620392	S	1	0	1	0.00000
Spongiibacter sp. CSC3.9	2794344	S	1	0	1	0.00000
Oceanicoccus sagamiensis	716816	S	2	0	2	0.00000
Bathymodiolus thermophilus thioautotrophic gill symbiont	2360	S	6	0	6	0.00000
Candidatus Ruthia magnifica	386487	S	1	1	2	0.00000
Candidatus Vesicomyosocius okutanii	412965	S	1	1	2	0.00000
Bathymodiolus septemdierum thioautotrophic gill symbiont	113267	S	1	0	1	0.00000
Candidatus Thioglobus sp. NP1	2508687	S	5	0	5	0.00000
Candidatus Thioglobus autotrophicus	1705394	S	4	0	4	0.00000
Candidatus Thioglobus singularis	1427364	S	1	0	1	0.00000
Pseudohongiella spirulinae	1249552	S	4	0	4	0.00000
Sedimenticola thiotaurini	1543721	S	3	0	3	0.00000
Candidatus Azoamicus ciliaticola	2652803	S	2	0	2	0.00000
Candidatus Reidiella endopervernicosa	2738883	S	1	0	1	0.00000
Solimonas sp. K1W22B-7	2303331	S	10	0	10	0.00000
Sinimarinibacterium sp. NLF-5-8	2698684	S	5	0	5	0.00000
Steroidobacter denitrificans	465721	S	12	0	12	0.00000
Sulfurifustis variabilis	1675686	S	10	0	10	0.00000
Sulfuricaulis limicola	1620215	S	6	0	6	0.00000
Acidiferrobacter sp. SPIII_3	1281578	S	2	0	2	0.00000
Immundisolibacter cernigliae	1810504	S	10	0	10	0.00000
endosymbiont of unidentified scaly snail isolate Monju	1248727	S	4	0	4	0.00000
endosymbiont of Euscepes postfasciatus	650377	S	1	0	1	0.00000
Salinisphaera sp. LB1	2183911	S	5	0	5	0.00000
Gilliamella apicola	1196095	S	4	0	4	0.00000
Frischella perrara	1267021	S	1	0	1	0.00000
Dichelobacter nodosus	870	S	2	0	2	0.00000
Bradyrhizobium sp. BTAi1	288000	S	121	11	132	0.00000
Bradyrhizobium sp. CCBAU 051011	858422	S	33	3	36	0.00000
Bradyrhizobium sp. CCBAU 51765	1325102	S	26	5	31	0.00000
Bradyrhizobium sp. CCBAU 51753	1325100	S	23	2	25	0.00000
Bradyrhizobium sp. PSBB068	2715960	S	17	3	20	0.00000
Bradyrhizobium sp. CCBAU 53340	1325112	S	12	5	17	0.00000
Bradyrhizobium sp. ORS 278	114615	S	12	1	13	0.00000
Bradyrhizobium sp. CCGE-LA001	1223566	S	11	1	12	0.00000
Bradyrhizobium sp. 6(2017)	1197460	S	11	1	12	0.00000
Bradyrhizobium sp. ORS 285	115808	S	10	1	11	0.00000
Bradyrhizobium sp. SK17	2057741	S	10	2	12	0.00000
Bradyrhizobium sp. CCBAU 53338	1325111	S	9	4	13	0.00000
Bradyrhizobium sp. CCBAU 53421	1325120	S	9	1	10	0.00000
Bradyrhizobium sp.	376	S	7	10	17	0.00000
Bradyrhizobium sp. CCBAU 53351	1325114	S	5	2	7	0.00000
Bradyrhizobium sp. SG09	2599805	S	3	19	22	0.00000
Bradyrhizobium sp. WSM471	319017	S	2	4	6	0.00000
Bradyrhizobium sp. 1(2017)	1404888	S	1	0	1	0.00000
Bradyrhizobium sp. TM102	2599819	S	1	6	7	0.00000
Bradyrhizobium erythrophlei	1437360	S	51	2	53	0.00000
Bradyrhizobium icense	1274631	S	42	3	45	0.00000
Bradyrhizobium diazoefficiens	1355477	S	41	38	79	0.00000
Bradyrhizobium paxllaeri	190148	S	32	3	35	0.00000
Bradyrhizobium lablabi	722472	S	25	29	54	0.00000
Bradyrhizobium canariense	255045	S	20	0	20	0.00000
Bradyrhizobium symbiodeficiens	1404367	S	19	3	22	0.00000
Bradyrhizobium oligotrophicum	44255	S	13	1	14	0.00000
Bradyrhizobium guangxiense	1325115	S	13	5	18	0.00000
Bradyrhizobium arachidis	858423	S	11	2	13	0.00000
Bradyrhizobium japonicum	375	S	11	5	16	0.00000
Bradyrhizobium guangdongense	1325090	S	11	6	17	0.00000
Bradyrhizobium cosmicum	1404864	S	11	1	12	0.00000
Bradyrhizobium genosp. L	83637	S	10	0	10	0.00000
Bradyrhizobium betae	244734	S	10	4	14	0.00000
Bradyrhizobium vignae	1549949	S	7	0	7	0.00000
Bradyrhizobium guangzhouense	1325095	S	6	2	8	0.00000
Bradyrhizobium zhanjiangense	1325107	S	6	0	6	0.00000
Bradyrhizobium genosp. B	83627	S	6	0	6	0.00000
Bradyrhizobium amphicarpaeae	1404768	S	3	0	3	0.00000
Bradyrhizobium elkanii	29448	S	2	44	46	0.00000
Bradyrhizobium ottawaense	931866	S	1	5	6	0.00000
Bosea sp. ANAM02	2020412	S	28	3	31	0.00000
Bosea sp. RAC05	1842539	S	25	3	28	0.00000
Bosea sp. AS-1	2015316	S	22	2	24	0.00000
Bosea sp. F3-2	2599640	S	22	2	24	0.00000
Bosea sp. Tri-49	1867715	S	17	1	18	0.00000
Bosea sp. PAMC 26642	1792307	S	12	1	13	0.00000
Bosea vaviloviae	1526658	S	18	2	20	0.00000
Rhodopseudomonas palustris	1076	S	63	10	73	0.00000
Tardiphaga robiniae	943830	S	29	1	30	0.00000
Afipia carboxidovorans	40137	S	13	-13	0	0.00000
Afipia sp. GAS231	1882747	S	13	8	21	0.00000
Variibacter gotjawalensis	1333996	S	24	0	24	0.00000
Nitrobacter winogradskyi	913	S	10	0	10	0.00000
Nitrobacter hamburgensis	912	S	4	0	4	0.00000
Rhizobium sp. ADMK78	1813451	S	7	0	7	0.00000
Rhizobium sp. ACO-34A	1571470	S	6	0	6	0.00000
Rhizobium sp. NXC24	2048897	S	5	0	5	0.00000
Rhizobium sp. 11515TR	2028343	S	5	0	5	0.00000
Rhizobium sp. WL3	2603277	S	3	0	3	0.00000
Rhizobium sp. CIAT894	2020312	S	3	0	3	0.00000
Rhizobium sp. N324	1703969	S	3	11	14	0.00000
Rhizobium sp. TCK	136098	S	2	2	4	0.00000
Rhizobium sp. 007	2785056	S	2	1	3	0.00000
Rhizobium sp. BG4	2613770	S	2	0	2	0.00000
Rhizobium sp. TAL182	2020313	S	2	3	5	0.00000
Rhizobium sp. IE4771	1301032	S	1	1	2	0.00000
Rhizobium sp. CCGE531	2364271	S	1	4	5	0.00000
Rhizobium sp. S41	1869170	S	1	8	9	0.00000
Rhizobium sp. Khangiran2	1435607	S	1	0	1	0.00000
Rhizobium leguminosarum	384	S	27	17	44	0.00000
Rhizobium pusense	648995	S	11	30	41	0.00000
Rhizobium phaseoli	396	S	8	10	18	0.00000
Rhizobium favelukesii	348824	S	8	1	9	0.00000
Rhizobium etli	29449	S	8	3	11	0.00000
Rhizobium pseudoryzae	379684	S	7	0	7	0.00000
Rhizobium bangladeshense	1138189	S	6	0	6	0.00000
Rhizobium tropici	398	S	4	1	5	0.00000
Rhizobium oryzihabitans	2267833	S	4	2	6	0.00000
Rhizobium flavum	1335061	S	4	1	5	0.00000
Rhizobium rhizoryzae	451876	S	3	0	3	0.00000
Rhizobium acidisoli	1538158	S	3	1	4	0.00000
Rhizobium binae	1138190	S	3	0	3	0.00000
Rhizobium gallicum	56730	S	2	0	2	0.00000
Rhizobium daejeonense	240521	S	2	0	2	0.00000
Rhizobium jaguaris	1312183	S	2	0	2	0.00000
Rhizobium rosettiformans	1368430	S	2	0	2	0.00000
Rhizobium lentis	1138194	S	1	0	1	0.00000
Rhizobium lusitanum	293958	S	1	0	1	0.00000
Agrobacterium tumefaciens	358	S	19	8	27	0.00000
Agrobacterium fabrum	1176649	S	2	0	2	0.00000
Agrobacterium vitis	373	S	13	0	13	0.00000
Agrobacterium sp. CGMCC 11546	2579248	S	3	1	4	0.00000
Agrobacterium sp. RAC06	1842536	S	1	6	7	0.00000
Agrobacterium rubi	28099	S	5	0	5	0.00000
Agrobacterium rhizogenes	359	S	4	1	5	0.00000
Agrobacterium larrymoorei	160699	S	2	0	2	0.00000
Neorhizobium sp. NCHU2750	1825976	S	7	0	7	0.00000
Neorhizobium sp. SOG26	2060726	S	6	0	6	0.00000
Neorhizobium galegae	399	S	12	0	12	0.00000
Pseudorhizobium banfieldiae	1125847	S	1	1	2	0.00000
Sinorhizobium meliloti	382	S	17	6	23	0.00000
Sinorhizobium fredii	380	S	14	23	37	0.00000
Sinorhizobium sp. RAC02	1842534	S	6	1	7	0.00000
Sinorhizobium sp. BG8	2613773	S	3	0	3	0.00000
Sinorhizobium sp. M14	430451	S	1	3	4	0.00000
Sinorhizobium medicae	110321	S	6	1	7	0.00000
Sinorhizobium americanum	194963	S	5	1	6	0.00000
Ensifer adhaerens	106592	S	16	2	18	0.00000
Ensifer alkalisoli	1752398	S	7	0	7	0.00000
Ensifer sp. PDNC004	2811423	S	7	1	8	0.00000
Ensifer mexicanus	375549	S	3	0	3	0.00000
Ensifer sojae	716925	S	3	1	4	0.00000
Shinella sp. HZN7	879274	S	14	6	20	0.00000
Shinella sp. PSBB067	2715959	S	8	4	12	0.00000
Kaistia sp. 32K	2795690	S	15	1	16	0.00000
Candidatus Liberibacter asiaticus	34021	S	5	11	16	0.00000
Candidatus Liberibacter solanacearum	556287	S	4	0	4	0.00000
Candidatus Liberibacter africanus	34020	S	3	0	3	0.00000
Candidatus Liberibacter americanus	309868	S	1	0	1	0.00000
Ciceribacter thiooxidans	1969821	S	9	0	9	0.00000
Georhizobium profundi	2341112	S	4	0	4	0.00000
Methylobacterium sp. 17Sr1-43	2202828	S	21	1	22	0.00000
Methylobacterium sp. 4-46	426117	S	17	1	18	0.00000
Methylobacterium sp. DM1	2067957	S	14	15	29	0.00000
Methylobacterium sp. WL1	2603276	S	10	0	10	0.00000
Methylobacterium sp. XJLW	739141	S	8	56	64	0.00000
Methylobacterium sp. C1	1479019	S	7	17	24	0.00000
Methylobacterium sp. 17Sr1-1	2202826	S	4	0	4	0.00000
Methylobacterium sp. AMS5	925818	S	2	0	2	0.00000
Methylobacterium aquaticum	270351	S	32	5	37	0.00000
Methylobacterium brachiatum	269660	S	30	6	36	0.00000
Methylobacterium durans	2202825	S	22	1	23	0.00000
Methylobacterium mesophilicum	39956	S	18	1	19	0.00000
Methylobacterium nodulans	114616	S	16	0	16	0.00000
Methylobacterium currus	2051553	S	16	3	19	0.00000
Methylobacterium terrae	2202827	S	13	2	15	0.00000
Methylobacterium indicum	1775910	S	9	1	10	0.00000
Methylobacterium radiotolerans	31998	S	5	7	12	0.00000
Methylobacterium oryzae	334852	S	2	15	17	0.00000
Methylobacterium phyllosphaerae	418223	S	2	3	5	0.00000
Methylorubrum populi	223967	S	61	20	81	0.00000
Methylorubrum extorquens	408	S	24	22	46	0.00000
Microvirga sp. VF16	2807101	S	8	0	8	0.00000
Microvirga sp. 17 mud 1-3	2082949	S	4	0	4	0.00000
Microvirga thermotolerans	2651334	S	8	0	8	0.00000
Microvirga ossetica	1882682	S	5	0	5	0.00000
Mesorhizobium sp. Pch-S	2082387	S	29	2	31	0.00000
Mesorhizobium sp. N3	675281	S	15	1	16	0.00000
Mesorhizobium sp. DCY119	2108445	S	13	1	14	0.00000
Mesorhizobium sp. M1B.F.Ca.ET.045.04.1.1	2493673	S	12	2	14	0.00000
Mesorhizobium sp. NZP2298	2483403	S	11	4	15	0.00000
Mesorhizobium sp. M8A.F.Ca.ET.057.01.1.1	2493679	S	10	1	11	0.00000
Mesorhizobium sp. L-8-3	2744522	S	9	12	21	0.00000
Mesorhizobium sp. 8	2584466	S	9	0	9	0.00000
Mesorhizobium sp. M3A.F.Ca.ET.080.04.2.1	2493676	S	8	1	9	0.00000
Mesorhizobium sp. NBSH29	2654249	S	7	0	7	0.00000
Mesorhizobium sp. M7A.F.Ce.TU.012.03.2.1	2493681	S	6	1	7	0.00000
Mesorhizobium sp. M1E.F.Ca.ET.045.02.1.1	2493672	S	6	1	7	0.00000
Mesorhizobium sp. M4B.F.Ca.ET.058.02.1.1	2493675	S	6	1	7	0.00000
Mesorhizobium sp. M7D.F.Ca.US.005.01.1.1	2493678	S	6	1	7	0.00000
Mesorhizobium sp. J8	2777475	S	4	0	4	0.00000
Mesorhizobium sp. 113-3-9	2744517	S	4	1	5	0.00000
Mesorhizobium sp. M1A.F.Ca.IN.022.06.1.1	2493680	S	4	0	4	0.00000
Mesorhizobium sp. 131-2-1	2744518	S	4	1	5	0.00000
Mesorhizobium sp. L-2-11	2744521	S	4	0	4	0.00000
Mesorhizobium sp. M1D.F.Ca.ET.043.01.1.1	2493669	S	4	1	5	0.00000
Mesorhizobium sp. M9A.F.Ca.ET.002.03.1.2	2493668	S	4	1	5	0.00000
Mesorhizobium sp. NZP2077	2483404	S	4	0	4	0.00000
Mesorhizobium sp. M2A.F.Ca.ET.046.03.2.1	2493674	S	3	3	6	0.00000
Mesorhizobium sp. INR15	2654248	S	3	0	3	0.00000
Mesorhizobium sp. 113-3-3	2744516	S	3	1	4	0.00000
Mesorhizobium sp. 131-3-5	2744520	S	3	12	15	0.00000
Mesorhizobium sp. M6A.T.Cr.TU.016.01.1.1	2493677	S	2	0	2	0.00000
Mesorhizobium sp. M2A.F.Ca.ET.043.02.1.1	2493670	S	2	2	4	0.00000
Mesorhizobium sp. L-8-10	2744523	S	2	2	4	0.00000
Mesorhizobium sp. M2A.F.Ca.ET.043.05.1.1	2493671	S	1	0	1	0.00000
Mesorhizobium sp. 113-1-2	2744515	S	1	3	4	0.00000
Mesorhizobium sp. AA22	1854057	S	1	0	1	0.00000
Mesorhizobium huakuii	28104	S	7	2	9	0.00000
Mesorhizobium opportunistum	593909	S	7	1	8	0.00000
Mesorhizobium amorphae	71433	S	6	0	6	0.00000
Mesorhizobium oceanicum	1670800	S	6	0	6	0.00000
Mesorhizobium australicum	536018	S	5	1	6	0.00000
Mesorhizobium erdmanii	1777866	S	4	0	4	0.00000
Mesorhizobium japonicum	2066070	S	4	2	6	0.00000
Mesorhizobium loti	381	S	3	12	15	0.00000
Mesorhizobium ciceri	39645	S	2	4	6	0.00000
Aminobacter sp. MSH1	374606	S	14	4	18	0.00000
Aminobacter sp. SR38	2774562	S	4	12	16	0.00000
Aminobacter sp. MDW-2	2666139	S	2	13	15	0.00000
Nitratireductor sp. SY7	2599600	S	9	0	9	0.00000
Nitratireductor sp. OM-1	1756988	S	3	0	3	0.00000
Phyllobacterium zundukense	1867719	S	4	0	4	0.00000
Phyllobacterium sp. 628	2718938	S	4	0	4	0.00000
Oricola thermophila	2742145	S	5	0	5	0.00000
Hoeflea phototrophica	244596	S	3	0	3	0.00000
Hoeflea sp. IMCC20628	1620421	S	1	0	1	0.00000
Chelativorans sp. BNC1	266779	S	3	0	3	0.00000
Salaquimonas pukyongi	2712698	S	2	0	2	0.00000
Roseitalea porphyridii	1852022	S	1	0	1	0.00000
Devosia sp. A16	1736675	S	22	0	22	0.00000
Devosia sp. I507	2083786	S	7	0	7	0.00000
Devosia sp. S02	2657486	S	7	0	7	0.00000
Devosia sp. 1566	2499144	S	6	0	6	0.00000
Devosia sp. MC521	2759954	S	5	0	5	0.00000
Devosia sp. LEGU1	2774137	S	5	0	5	0.00000
Devosia sp. D6-9	2664417	S	1	0	1	0.00000
Devosia ginsengisoli	400770	S	9	0	9	0.00000
Hyphomicrobium nitrativorans	1427356	S	11	0	11	0.00000
Hyphomicrobium denitrificans	53399	S	8	0	8	0.00000
Hyphomicrobium sp. MC1	717785	S	7	0	7	0.00000
Rhodoplanes sp. Z2-YC6860	674703	S	12	0	12	0.00000
Blastochloris tepida	2233851	S	5	0	5	0.00000
Blastochloris viridis	1079	S	3	0	3	0.00000
Rhodomicrobium vannielii	1069	S	7	0	7	0.00000
Aquabacter sp. L1I39	2820278	S	7	0	7	0.00000
Pelagibacterium halotolerans	531813	S	6	0	6	0.00000
Methyloceanibacter caenitepidi	1384459	S	3	0	3	0.00000
Methyloceanibacter sp. wino2	2170729	S	2	0	2	0.00000
Paradevosia shaoguanensis	1335043	S	5	3	8	0.00000
Caenibius tardaugens	169176	S	5	6	11	0.00000
Youhaiella tibetensis	1447062	S	4	0	4	0.00000
Candidatus Filomicrobium marinum	1608628	S	2	0	2	0.00000
Maritalea myrionectae	454601	S	2	0	2	0.00000
Methyloligella sp. GL2	2742204	S	2	0	2	0.00000
Xanthobacter sp. YN2	2528964	S	16	3	19	0.00000
Labrys sp. KNU-23	2789216	S	15	0	15	0.00000
Pseudolabrys taiwanensis	331696	S	10	0	10	0.00000
Pseudolabrys sp. FHR47	2562284	S	5	0	5	0.00000
Starkeya sp. ORNL1	2709380	S	8	0	8	0.00000
Starkeya novella	921	S	6	1	7	0.00000
Azorhizobium caulinodans	7	S	13	1	14	0.00000
Ancylobacter pratisalsi	1745854	S	4	0	4	0.00000
Ancylobacter sp. TS-1	1850374	S	4	1	5	0.00000
Aureimonas sp. AU20	1349819	S	13	0	13	0.00000
Aureimonas sp. OT7	2816454	S	12	9	21	0.00000
Aureimonas sp. LMG 31693	2758041	S	4	0	4	0.00000
Aureimonas populi	1701758	S	2	0	2	0.00000
Martelella sp. AD-3	686597	S	6	10	16	0.00000
Martelella endophytica	1486262	S	6	0	6	0.00000
Martelella mediterranea	293089	S	4	1	5	0.00000
Martelella lutilitoris	2583532	S	3	1	4	0.00000
Brucella intermedia	94625	S	11	1	12	0.00000
Brucella sp. 09RB8910	1844051	S	4	3	7	0.00000
Brucella sp. 10RB9215	1149953	S	2	1	3	0.00000
Brucella sp. 2280	2592625	S	2	2	4	0.00000
Brucella sp. 6810	2769351	S	1	1	2	0.00000
Brucella sp. 458	2821140	S	1	2	3	0.00000
[Ochrobactrum] quorumnocens	271865	S	4	0	4	0.00000
Brucella pituitosa	571256	S	4	1	5	0.00000
Brucella anthropi	529	S	1	1	2	0.00000
Brucella pseudogrignonensis	419475	S	1	0	1	0.00000
Ochrobactrum sp. MT180101	2726427	S	3	4	7	0.00000
Ochrobactrum sp. EEELCW01	2696486	S	2	2	4	0.00000
Bartonella sp. WD16.2	1933904	S	5	0	5	0.00000
Bartonella sp. HY038	2759660	S	4	0	4	0.00000
Bartonella sp. 1-1C	515256	S	1	1	2	0.00000
Bartonella apis	1686310	S	10	0	10	0.00000
Bartonella krasnovii	2267275	S	6	0	6	0.00000
Bartonella vinsonii	33047	S	4	0	4	0.00000
Bartonella quintana	803	S	2	0	2	0.00000
Bartonella bovis	155194	S	2	0	2	0.00000
Bartonella grahamii	33045	S	2	0	2	0.00000
Bartonella schoenbuchensis	165694	S	1	0	1	0.00000
Bartonella australis	388640	S	1	0	1	0.00000
Bartonella ancashensis	1318743	S	1	0	1	0.00000
Bartonella elizabethae	807	S	1	0	1	0.00000
Pannonibacter phragmitetus	121719	S	18	13	31	0.00000
Labrenzia sp. VG12	2021862	S	2	2	4	0.00000
Labrenzia sp. PHM005	2590016	S	2	2	4	0.00000
Labrenzia sp. THAF82	2587861	S	1	0	1	0.00000
Stappia indica	538381	S	7	1	8	0.00000
Pseudovibrio sp. FO-BEG1	911045	S	2	0	2	0.00000
Methylocystis rosea	173366	S	9	2	11	0.00000
Methylocystis bryophila	655015	S	5	0	5	0.00000
Methylocystis parvus	134	S	2	0	2	0.00000
Methylocystis heyeri	391905	S	1	0	1	0.00000
Methylosinus trichosporium	426	S	7	0	7	0.00000
Methylosinus sp. C49	2699395	S	3	0	3	0.00000
Hartmannibacter diazotrophicus	1482074	S	12	0	12	0.00000
Pseudorhodoplanes sinuspersici	1235591	S	8	0	8	0.00000
Nordella sp. HKS 07	2712222	S	6	0	6	0.00000
Candidatus Hodgkinia cicadicola	573658	S	2	0	2	0.00000
Chelatococcus daeguensis	444444	S	6	4	10	0.00000
Chelatococcus sp. CO-6	1702325	S	6	4	10	0.00000
Methylocella silvestris	199596	S	8	0	8	0.00000
Methylocella tundrae	227605	S	2	0	2	0.00000
Methylovirgula ligni	569860	S	6	0	6	0.00000
Beijerinckia indica	533	S	3	0	3	0.00000
Parvibaculum lavamentivorans	256618	S	7	1	8	0.00000
Pyruvatibacter mobilis	1712261	S	6	0	6	0.00000
Candidatus Phaeomarinobacter ectocarpi	1458461	S	4	0	4	0.00000
Lichenihabitans psoromatis	2528642	S	14	0	14	0.00000
Breoghania sp. L-A4	2304600	S	7	0	7	0.00000
Cohaesibacter sp. ES.047	1798205	S	3	0	3	0.00000
Sphingomonas sp. XS-10	2599297	S	23	0	23	0.00000
Sphingomonas sp. AP4-R1	2735134	S	20	0	20	0.00000
Sphingomonas sp. NBWT7	2596913	S	20	2	22	0.00000
Sphingomonas sp. HMP9	1517554	S	19	2	21	0.00000
Sphingomonas sp. CL5.1	2653203	S	19	2	21	0.00000
Sphingomonas sp. LM7	1938607	S	19	1	20	0.00000
Sphingomonas sp. LMO-1	2681549	S	19	0	19	0.00000
Sphingomonas sp. AAP5	1523415	S	19	2	21	0.00000
Sphingomonas sp. C33	2698679	S	18	0	18	0.00000
Sphingomonas sp. KC8	1030157	S	17	4	21	0.00000
Sphingomonas sp. HMP6	1517551	S	16	1	17	0.00000
Sphingomonas sp. DH-S5	2759526	S	16	0	16	0.00000
Sphingomonas sp. FARSPH	2219696	S	15	5	20	0.00000
Sphingomonas sp. MM-1	745310	S	14	11	25	0.00000
Sphingomonas sp. NIC1	1961362	S	12	11	23	0.00000
Sphingomonas sp. PAMC26645	2565555	S	12	1	13	0.00000
Sphingomonas sp. Cra20	1327635	S	11	0	11	0.00000
Sphingomonas sp. C8-2	2492837	S	11	6	17	0.00000
Sphingomonas sp. LK11	1390395	S	10	1	11	0.00000
Sphingomonas sp. HDW15B	2714943	S	8	0	8	0.00000
Sphingomonas sp. sand1-3	2764186	S	7	0	7	0.00000
Sphingomonas sp. IC081	304378	S	6	13	19	0.00000
Sphingomonas sp. MK52	2711156	S	5	0	5	0.00000
Sphingomonas sp. YZ-8	2319844	S	4	0	4	0.00000
Sphingomonas sp. HDW15A	2714942	S	3	0	3	0.00000
Sphingomonas sp. HDW15C	2714944	S	3	0	3	0.00000
Sphingomonas sp. ERG5	1381597	S	1	0	1	0.00000
Sphingomonas sp.	28214	S	1	0	1	0.00000
Sphingomonas koreensis	93064	S	43	18	61	0.00000
Sphingomonas alpina	653931	S	35	0	35	0.00000
Sphingomonas melonis	152682	S	31	52	83	0.00000
Sphingomonas panacisoli	1813879	S	26	0	26	0.00000
Sphingomonas taxi	1549858	S	22	1	23	0.00000
Sphingomonas paucimobilis	13689	S	21	5	26	0.00000
Sphingomonas sanxanigenens	397260	S	19	6	25	0.00000
Sphingomonas wittichii	160791	S	16	6	22	0.00000
Sphingomonas panacis	1560345	S	14	0	14	0.00000
Sphingomonas insulae	424800	S	10	0	10	0.00000
Sphingomonas hengshuiensis	1609977	S	10	0	10	0.00000
Sphingomonas ginsengisoli An et al. 2013	363835	S	9	0	9	0.00000
Sphingomonas lutea	1045317	S	9	0	9	0.00000
Sphingomonas lacunae	2698828	S	7	0	7	0.00000
Sphingomonas xanthus	2594473	S	6	0	6	0.00000
Sphingomonas daechungensis	1176646	S	5	0	5	0.00000
Sphingomonas rhizophila	2071607	S	4	0	4	0.00000
Sphingomonas sediminicola	386874	S	1	0	1	0.00000
Sphingopyxis sp. 113P3	292913	S	33	10	43	0.00000
Sphingopyxis sp. EG6	1874061	S	29	7	36	0.00000
Sphingopyxis sp. PAMC25046	2565556	S	16	3	19	0.00000
Sphingopyxis sp. QXT-31	1357916	S	15	2	17	0.00000
Sphingopyxis sp. OPL5	2486273	S	15	1	16	0.00000
Sphingopyxis sp. FD7	1914525	S	13	2	15	0.00000
Sphingopyxis sp. LPB0140	1913578	S	4	0	4	0.00000
Sphingopyxis sp. MG	1866325	S	1	4	5	0.00000
Sphingopyxis macrogoltabida	33050	S	37	9	46	0.00000
Sphingopyxis fribergensis	1515612	S	17	3	20	0.00000
Sphingopyxis terrae	33052	S	15	3	18	0.00000
Sphingopyxis lindanitolerans	2054227	S	15	2	17	0.00000
Sphingopyxis alaskensis	117207	S	13	1	14	0.00000
Sphingopyxis granuli	267128	S	9	27	36	0.00000
Sphingobium sp. TKS	1315974	S	13	12	25	0.00000
Sphingobium sp. YG1	2082188	S	12	3	15	0.00000
Sphingobium sp. KCTC 72723	2733867	S	12	0	12	0.00000
Sphingobium sp. SCG-1	2072936	S	11	0	11	0.00000
Sphingobium sp. RAC03	1843368	S	9	0	9	0.00000
Sphingobium sp. Cam5-1	2789327	S	9	2	11	0.00000
Sphingobium sp. SYK-6	627192	S	6	1	7	0.00000
Sphingobium sp. MI1205	407020	S	5	6	11	0.00000
Sphingobium sp. EP60837	1855519	S	5	0	5	0.00000
Sphingobium sp. CAP-1	2676077	S	5	2	7	0.00000
Sphingobium sp. PAMC28499	2565554	S	2	1	3	0.00000
Sphingobium sp. RSMS	520734	S	1	3	4	0.00000
Sphingobium sp. LF-16	2185111	S	1	8	9	0.00000
Sphingobium yanoikuyae	13690	S	47	41	88	0.00000
Sphingobium hydrophobicum	1673076	S	19	11	30	0.00000
Sphingobium amiense	135719	S	15	19	34	0.00000
Sphingobium cloacae	120107	S	13	17	30	0.00000
Sphingobium herbicidovorans	76947	S	7	2	9	0.00000
Sphingobium fuliginis	336203	S	6	11	17	0.00000
Sphingobium chlorophenolicum	46429	S	4	1	5	0.00000
Sphingobium japonicum	332056	S	4	1	5	0.00000
Sphingobium barthaii	1054037	S	3	4	7	0.00000
Sphingobium baderi	1332080	S	3	3	6	0.00000
Novosphingobium sp. ABRDHK2	2571749	S	27	7	34	0.00000
Novosphingobium sp. P6W	1609758	S	13	0	13	0.00000
Novosphingobium sp. THN1	1016987	S	12	3	15	0.00000
Novosphingobium sp. Gsoil 351	2675225	S	8	0	8	0.00000
Novosphingobium sp. KA1	164608	S	6	11	17	0.00000
Novosphingobium sp. ES2-1	2780074	S	4	1	5	0.00000
Novosphingobium sp. PP1Y	702113	S	3	1	4	0.00000
Novosphingobium ginsenosidimutans	1176536	S	27	0	27	0.00000
Novosphingobium resinovorum	158500	S	19	7	26	0.00000
Novosphingobium aromaticivorans	48935	S	15	3	18	0.00000
Novosphingobium pentaromativorans	205844	S	15	12	27	0.00000
Sphingorhabdus lacus	392610	S	56	0	56	0.00000
Sphingorhabdus sp. JK6	2725558	S	5	0	5	0.00000
Sphingorhabdus sp. SMR4y	2584094	S	4	1	5	0.00000
Sphingorhabdus sp. M41	1806885	S	3	0	3	0.00000
Sphingorhabdus sp. YGSMI21	2077182	S	2	0	2	0.00000
Sphingosinithalassobacter sp. zrk23	2711215	S	17	3	20	0.00000
Sphingosinithalassobacter sp. CS137	2762748	S	9	1	10	0.00000
Parasphingopyxis algicola	2026624	S	17	0	17	0.00000
Parasphingopyxis sp. CP4	2724527	S	3	0	3	0.00000
Blastomonas fulva	1550728	S	10	6	16	0.00000
Blastomonas sp. RAC04	1842535	S	4	1	5	0.00000
Rhizorhabdus dicambivorans	1850238	S	12	9	21	0.00000
Tardibacter chloracetimidivorans	1921510	S	11	6	17	0.00000
Novosphingopyxis sp. PB63	2762729	S	8	1	9	0.00000
Allosphingosinicella indica	941907	S	7	0	7	0.00000
Zymomonas mobilis	542	S	5	0	5	0.00000
Citromicrobium sp. JL477	1634516	S	5	1	6	0.00000
Parasphingorhabdus sp. JHSY0214	2806553	S	4	0	4	0.00000
Erythrobacter sp. HKB08	2502843	S	13	1	14	0.00000
Erythrobacter sp. 6D36	2782568	S	11	0	11	0.00000
Erythrobacter sp. HL-111	1798193	S	6	0	6	0.00000
Erythrobacter sp. THAF29	2587851	S	5	1	6	0.00000
Erythrobacter sp. A30-3	2785907	S	4	3	7	0.00000
Erythrobacter litoralis	39960	S	7	0	7	0.00000
Erythrobacter mangrovi	2739433	S	7	1	8	0.00000
Erythrobacter neustonensis	1112	S	3	0	3	0.00000
Erythrobacter aureus	2182384	S	3	0	3	0.00000
Porphyrobacter sp. CACIAM 03H1	2003315	S	13	2	15	0.00000
Porphyrobacter sp. HT-58-2	2023229	S	12	2	14	0.00000
Porphyrobacter sp. YT40	2547601	S	10	7	17	0.00000
Porphyrobacter sp. LM 6	1896196	S	4	1	5	0.00000
Altererythrobacter sp. B11	2060312	S	11	1	12	0.00000
Altererythrobacter sp. TH136	2067415	S	6	0	6	0.00000
Altererythrobacter sp. BO-6	2604537	S	5	0	5	0.00000
Altererythrobacter sp. ZODW24	2185142	S	4	0	4	0.00000
Altererythrobacter epoxidivorans	361183	S	4	0	4	0.00000
Altererythrobacter atlanticus	1267766	S	4	1	5	0.00000
Altererythrobacter ishigakiensis	476157	S	1	0	1	0.00000
Croceicoccus marinus	450378	S	14	8	22	0.00000
Croceicoccus naphthovorans	1348774	S	8	8	16	0.00000
Croceicoccus sp. YJ47	2798724	S	2	0	2	0.00000
Qipengyuania flava	192812	S	14	7	21	0.00000
Qipengyuania sediminis	1532023	S	5	0	5	0.00000
Qipengyuania seohaensis	266951	S	3	0	3	0.00000
Tsuneonella amylolytica	2338327	S	9	1	10	0.00000
Tsuneonella flava	2055955	S	5	1	6	0.00000
Tsuneonella dongtanensis	692370	S	3	0	3	0.00000
Tsuneonella mangrovi	1982042	S	3	0	3	0.00000
Aurantiacibacter gangjinensis	502682	S	10	0	10	0.00000
Aurantiacibacter atlanticus	1648404	S	7	5	12	0.00000
Pelagerythrobacter marensis	543877	S	12	0	12	0.00000
Paraurantiacibacter namhicola	645517	S	3	0	3	0.00000
Sphingosinicella sp. BN140058	1892855	S	17	0	17	0.00000
Sphingosinicella sp. UDD2	2771430	S	9	0	9	0.00000
Sphingosinicella microcystinivorans	335406	S	8	0	8	0.00000
Sandaracinobacter sp. M6	2759707	S	9	0	9	0.00000
Paracoccus sp. MC1862	2760307	S	12	0	12	0.00000
Paracoccus sp. Arc7-R13	2500532	S	11	2	13	0.00000
Paracoccus sp. BM15	1529068	S	5	0	5	0.00000
Paracoccus sp. H4-D09	2812658	S	3	0	3	0.00000
Paracoccus sp. AK26	2589076	S	2	0	2	0.00000
Paracoccus sanguinis	1545044	S	26	4	30	0.00000
Paracoccus yeei	147645	S	15	22	37	0.00000
Paracoccus jeotgali	2065379	S	11	1	12	0.00000
Paracoccus suum	2259340	S	10	1	11	0.00000
Paracoccus pantotrophus	82367	S	8	2	10	0.00000
Paracoccus zhejiangensis	1077935	S	8	1	9	0.00000
Paracoccus liaowanqingii	2560053	S	7	0	7	0.00000
Paracoccus aminovorans	34004	S	6	1	7	0.00000
Paracoccus denitrificans	266	S	6	1	7	0.00000
Paracoccus kondratievae	135740	S	4	0	4	0.00000
Paracoccus contaminans	1945662	S	3	0	3	0.00000
Paracoccus mutanolyticus	1499308	S	2	9	11	0.00000
Rhodobacter capsulatus	1061	S	23	1	24	0.00000
Rhodobacter sp. CZR27	2033869	S	11	1	12	0.00000
Rhodobacter sp. LPB0142	1850250	S	7	2	9	0.00000
Rhodobacter blasticus	1075	S	13	0	13	0.00000
Cereibacter sphaeroides	1063	S	44	3	47	0.00000
Sulfitobacter sp. THAF37	2587855	S	6	3	9	0.00000
Sulfitobacter sp. AM1-D1	1917485	S	5	5	10	0.00000
Sulfitobacter sp. JL08	2070369	S	5	0	5	0.00000
Sulfitobacter sp. SK011	1389004	S	4	0	4	0.00000
Sulfitobacter sp. D7	1968541	S	4	1	5	0.00000
Sulfitobacter sp. BSw21498	664426	S	3	0	3	0.00000
Sulfitobacter sp. SK012	1389005	S	3	0	3	0.00000
Sulfitobacter sp. SK025	1389011	S	3	1	4	0.00000
Sulfitobacter sp. B30-2	2785912	S	1	0	1	0.00000
Sulfitobacter pseudonitzschiae	1402135	S	7	1	8	0.00000
Sulfitobacter mediterraneus	83219	S	1	0	1	0.00000
Tabrizicola piscis	2494374	S	43	2	45	0.00000
Roseovarius sp. TM1035	391613	S	3	2	5	0.00000
Roseovarius sp. THAF8	2587846	S	2	5	7	0.00000
Roseovarius sp. THAF9	2587847	S	2	0	2	0.00000
Roseovarius indicus	540747	S	10	5	15	0.00000
Roseovarius faecimaris	2494550	S	5	0	5	0.00000
Phaeobacter inhibens	221822	S	9	6	15	0.00000
Phaeobacter gallaeciensis	60890	S	5	4	9	0.00000
Phaeobacter porticola	1844006	S	1	0	1	0.00000
Phaeobacter sp. LSS9	681157	S	1	3	4	0.00000
Yangia sp. CCB-MM3	1792508	S	16	0	16	0.00000
Salipiger profundus	1229727	S	6	3	9	0.00000
Salipiger pacificus	311180	S	3	0	3	0.00000
Celeribacter manganoxidans	1411902	S	10	2	12	0.00000
Celeribacter baekdonensis	875171	S	4	0	4	0.00000
Celeribacter marinus	1397108	S	3	0	3	0.00000
Celeribacter ethanolicus	1758178	S	3	1	4	0.00000
Celeribacter indicus	1208324	S	1	0	1	0.00000
Rhodovulum sp. MB263	308754	S	7	1	8	0.00000
Rhodovulum sp. P5	1564506	S	4	0	4	0.00000
Rhodovulum sulfidophilum	35806	S	7	1	8	0.00000
Gemmobacter sp. HYN0069	2169400	S	18	1	19	0.00000
Defluviimonas alba	1335048	S	14	4	18	0.00000
Haematobacter massiliensis	195105	S	14	7	21	0.00000
Leisingera aquaemixtae	1396826	S	6	0	6	0.00000
Leisingera methylohalidivorans	133924	S	4	0	4	0.00000
Leisingera sp. NJS201	2508306	S	1	2	3	0.00000
Ruegeria pomeroyi	89184	S	6	0	6	0.00000
Ruegeria sp. AD91A	2293862	S	3	0	3	0.00000
Ruegeria sp. THAF33	2587853	S	2	0	2	0.00000
Ruegeria sp. TM1040	292414	S	1	0	1	0.00000
Paraoceanicella profunda	2579971	S	12	2	14	0.00000
Silicimonas algicola	1826607	S	11	0	11	0.00000
Marinovum algicola	42444	S	11	4	15	0.00000
Roseobacter ponti	1891787	S	4	0	4	0.00000
Roseobacter denitrificans	2434	S	3	0	3	0.00000
Roseobacter litoralis	42443	S	3	0	3	0.00000
Thioclava electrotropha	1549850	S	6	0	6	0.00000
Thioclava nitratireducens	1915078	S	2	0	2	0.00000
Thalassobius gelatinovorus	53501	S	9	0	9	0.00000
Pelagovum pacificum	2588711	S	8	0	8	0.00000
Pelagibaca abyssi	1250539	S	8	3	11	0.00000
Roseivivax sp. THAF30	2587852	S	7	2	9	0.00000
Pontivivens sp. MT2928	2789856	S	7	0	7	0.00000
Pseudopuniceibacterium antarcticum	2613965	S	7	0	7	0.00000
Sagittula sp. P11	2009329	S	7	5	12	0.00000
Oceanicola sp. D3	2587163	S	6	0	6	0.00000
Pseudorhodobacter turbinis	2500533	S	6	0	6	0.00000
Octadecabacter arcticus	53946	S	2	0	2	0.00000
Octadecabacter antarcticus	1217908	S	2	0	2	0.00000
Octadecabacter sp. SW4	2602067	S	1	0	1	0.00000
Octadecabacter temperatus	1458307	S	1	0	1	0.00000
Ketogulonicigenium vulgare	92945	S	2	1	3	0.00000
Ketogulonicigenium robustum	92947	S	2	1	3	0.00000
Yoonia vestfoldensis	245188	S	5	1	6	0.00000
Brevirhabdus pacifica	1267768	S	5	3	8	0.00000
Boseongicola sp. CCM32	2552942	S	5	0	5	0.00000
Confluentimicrobium sp. EMB200-NS6	1609966	S	5	4	9	0.00000
Roseicitreum antarcticum	564137	S	5	0	5	0.00000
Polymorphum gilvum	991904	S	5	0	5	0.00000
Roseibacterium elongatum	159346	S	5	0	5	0.00000
Tateyamaria omphalii	299262	S	5	0	5	0.00000
Mameliella alba	561184	S	4	0	4	0.00000
Profundibacter amoris	2171755	S	4	0	4	0.00000
Monaibacterium sp. ALG8	2715211	S	4	1	5	0.00000
Jannaschia sp. CCS1	290400	S	4	0	4	0.00000
Maribius sp. THAF1	2587842	S	3	0	3	0.00000
Cognatishimia activa	1715691	S	3	0	3	0.00000
Epibacterium mobile	379347	S	3	1	4	0.00000
Halocynthiibacter arcticus	1579316	S	3	0	3	0.00000
Thalassococcus sp. S3	2017482	S	3	0	3	0.00000
Pseudohalocynthiibacter aestuariivivens	1591409	S	2	0	2	0.00000
Marivivens sp. JLT3646	1920883	S	2	0	2	0.00000
Planktomarina temperata	1284658	S	2	0	2	0.00000
Dinoroseobacter shibae	215813	S	2	1	3	0.00000
Rhodobaca barguzinensis	441209	S	2	0	2	0.00000
Pseudooceanicola algae	1537215	S	1	0	1	0.00000
Parasedimentitalea marina	2483033	S	1	0	1	0.00000
Antarctobacter heliothermus	74033	S	1	0	1	0.00000
Qingshengfaniella alkalisoli	2599296	S	1	0	1	0.00000
Azospirillum brasilense	192	S	51	24	75	0.00000
Azospirillum thermophilum	2202148	S	17	1	18	0.00000
Azospirillum sp. TSA2s	709810	S	7	3	10	0.00000
Azospirillum sp. TSH58	664962	S	6	4	10	0.00000
Azospirillum sp. TSH100	652764	S	3	0	3	0.00000
Azospirillum lipoferum	193	S	13	3	16	0.00000
Azospirillum thiophilum	528244	S	10	1	11	0.00000
Azospirillum oryzae	286727	S	4	2	6	0.00000
Azospirillum baldaniorum	1064539	S	4	4	8	0.00000
Azospirillum humicireducens	1226968	S	4	1	5	0.00000
Azospirillum ramasamyi	682998	S	3	0	3	0.00000
Magnetospirillum sp. XM-1	1663591	S	11	6	17	0.00000
Magnetospirillum sp. ME-1	1639348	S	2	1	3	0.00000
Magnetospirillum gryphiswaldense	55518	S	9	0	9	0.00000
Magnetospirillum magneticum	84159	S	6	3	9	0.00000
Skermanella pratensis	2233999	S	9	1	10	0.00000
Skermanella sp. TT6	2775420	S	9	6	15	0.00000
Ferrovibrio terrae	2594003	S	12	0	12	0.00000
Hypericibacter terrae	2602015	S	7	0	7	0.00000
Hypericibacter adhaerens	2602016	S	5	0	5	0.00000
Nitrospirillum amazonense	28077	S	10	0	10	0.00000
Thalassospira indica	1891279	S	5	0	5	0.00000
Thalassospira sp. A40-3	2785908	S	3	0	3	0.00000
Thalassospira xiamenensis	220697	S	1	0	1	0.00000
Niveispirillum cyanobacteriorum	1612173	S	9	0	9	0.00000
Rhodospirillum centenum	34018	S	6	0	6	0.00000
Rhodospirillum rubrum	1085	S	2	-2	0	0.00000
Candidatus Endolissoclinum faulkneri	1263979	S	8	0	8	0.00000
Indioceanicola profundi	2220096	S	8	0	8	0.00000
Defluviicoccus vanus	111831	S	5	0	5	0.00000
Tistrella mobilis	171437	S	4	0	4	0.00000
Pararhodospirillum photometricum	1084	S	3	0	3	0.00000
Haematospirillum jordaniae	1549855	S	3	0	3	0.00000
Magnetospira sp. QH-2	1288970	S	2	0	2	0.00000
Roseomonas sp. 1318	2768161	S	11	0	11	0.00000
Roseomonas sp. 546	2768162	S	5	0	5	0.00000
Roseomonas sp. FDAARGOS_362	2018065	S	4	11	15	0.00000
Roseomonas gilardii	257708	S	14	2	16	0.00000
Roseomonas mucosa	207340	S	1	3	4	0.00000
Komagataeibacter xylinus	28448	S	9	4	13	0.00000
Komagataeibacter hansenii	436	S	6	0	6	0.00000
Komagataeibacter nataicola	265960	S	6	0	6	0.00000
Komagataeibacter europaeus	33995	S	5	0	5	0.00000
Komagataeibacter medellinensis	1177712	S	1	0	1	0.00000
Roseococcus sp. NIBR12	2771361	S	22	0	22	0.00000
Acetobacter ghanensis	431306	S	3	0	3	0.00000
Acetobacter aceti	435	S	2	0	2	0.00000
Acetobacter sp. KACC 21233	2592655	S	2	0	2	0.00000
Acetobacter pasteurianus	438	S	1	0	1	0.00000
Acetobacter tropicalis	104102	S	1	0	1	0.00000
Acetobacter senegalensis	446692	S	1	0	1	0.00000
Acetobacter persici	1076596	S	1	0	1	0.00000
Acetobacter oryzifermentans	1633874	S	1	3	4	0.00000
Gluconobacter thailandicus	257438	S	3	2	5	0.00000
Gluconobacter sphaericus	574987	S	3	0	3	0.00000
Gluconobacter oxydans	442	S	2	0	2	0.00000
Stella humosa	94	S	10	0	10	0.00000
Kozakia baliensis	153496	S	8	0	8	0.00000
Entomobacter blattae	2762277	S	6	0	6	0.00000
Acidibrevibacterium fodinaquatile	1969806	S	6	0	6	0.00000
Gluconacetobacter diazotrophicus	33996	S	6	0	6	0.00000
Granulibacter bethesdensis	364410	S	5	0	5	0.00000
Commensalibacter sp. ESL0284	2070537	S	2	1	3	0.00000
Commensalibacter sp. AMU001	2478912	S	1	0	1	0.00000
Lichenicola cladoniae	1484109	S	5	0	5	0.00000
Asaia bogorensis	91915	S	4	0	4	0.00000
Neoasaia chiangmaiensis	320497	S	2	0	2	0.00000
Neokomagataea tanensis	661191	S	2	0	2	0.00000
Parasaccharibacter apium	1510841	S	2	0	2	0.00000
Swingsia samuiensis	1293412	S	1	0	1	0.00000
Swingsia sp. F3b2	2558361	S	1	0	1	0.00000
Terasakiella sp. SH-1	2560057	S	3	0	3	0.00000
Brevundimonas sp. LVF1	2774189	S	21	3	24	0.00000
Brevundimonas sp. CS1	2813778	S	17	7	24	0.00000
Brevundimonas sp. 'scallop'	2562582	S	12	10	22	0.00000
Brevundimonas sp. LVF2	2774190	S	11	0	11	0.00000
Brevundimonas sp. LM2	1938605	S	10	0	10	0.00000
Brevundimonas sp. AJA228-03	2752515	S	10	0	10	0.00000
Brevundimonas sp. GRTSA-9	2800818	S	10	0	10	0.00000
Brevundimonas sp. Bb-A	2560058	S	8	12	20	0.00000
Brevundimonas sp. SGAir0440	2579977	S	8	2	10	0.00000
Brevundimonas sp. M20	2591463	S	8	0	8	0.00000
Brevundimonas sp. DS20	1532555	S	5	7	12	0.00000
Brevundimonas sp. MF30-B	2561924	S	5	0	5	0.00000
Brevundimonas sp. GW460-12-10-14-LB2	1827469	S	2	1	3	0.00000
Brevundimonas naejangsanensis	588932	S	26	3	29	0.00000
Brevundimonas vesicularis	41276	S	15	20	35	0.00000
Brevundimonas mediterranea	74329	S	14	1	15	0.00000
Brevundimonas diminuta	293	S	10	11	21	0.00000
Brevundimonas subvibrioides	74313	S	5	0	5	0.00000
Brevundimonas vancanneytii	1325724	S	5	9	14	0.00000
Caulobacter sp. K31	366602	S	17	2	19	0.00000
Caulobacter sp. FWC26	69665	S	7	2	9	0.00000
Caulobacter vibrioides	155892	S	21	5	26	0.00000
Caulobacter segnis	88688	S	19	4	23	0.00000
Caulobacter flavus	1679497	S	12	1	13	0.00000
Caulobacter soli	2708539	S	11	2	13	0.00000
Caulobacter mirabilis	69666	S	10	0	10	0.00000
Caulobacter rhizosphaerae	2010972	S	10	2	12	0.00000
Caulobacter henricii	69395	S	3	0	3	0.00000
Phenylobacterium parvum	2201350	S	16	0	16	0.00000
Phenylobacterium zucineum	284016	S	14	1	15	0.00000
Terricaulis silvestris	2686094	S	16	0	16	0.00000
Asticcacaulis excentricus	78587	S	7	0	7	0.00000
Wolbachia endosymbiont of Ctenocephalides felis wCfeT	2732593	S	3	0	3	0.00000
Wolbachia endosymbiont of Dipetalonema caudispina	1812112	S	2	0	2	0.00000
Wolbachia endosymbiont of Wiebesia pumilae	2742717	S	1	11	12	0.00000
Wolbachia endosymbiont of Folsomia candida	169402	S	1	0	1	0.00000
Candidatus Wolbachia massiliensis	1845000	S	2	0	2	0.00000
Wolbachia pipientis	955	S	1	4	5	0.00000
Ehrlichia ruminantium	779	S	11	0	11	0.00000
Ehrlichia canis	944	S	7	0	7	0.00000
Ehrlichia chaffeensis	945	S	3	-3	0	0.00000
Ehrlichia muris	35795	S	1	0	1	0.00000
Neorickettsia sennetsu	951	S	4	0	4	0.00000
Neorickettsia risticii	950	S	1	0	1	0.00000
Neorickettsia helminthoeca	33994	S	1	0	1	0.00000
Anaplasma phagocytophilum	948	S	2	-2	0	0.00000
Rickettsia australis	787	S	4	1	5	0.00000
Rickettsia endosymbiont of Ixodes scapularis	444612	S	1	0	1	0.00000
Rickettsia raoultii	369822	S	1	1	2	0.00000
Rickettsia massiliae	35791	S	1	2	3	0.00000
Rickettsia prowazekii	782	S	5	0	5	0.00000
Rickettsia typhi	785	S	4	0	4	0.00000
Rickettsia endosymbiont of Bemisia tabaci	337479	S	4	1	5	0.00000
Rickettsia endosymbiont of Ixodes pacificus	1133329	S	2	2	4	0.00000
Rickettsia sp. Tillamook 23	2761623	S	1	0	1	0.00000
Rickettsia canadensis	788	S	5	-5	0	0.00000
Rickettsia bellii	33990	S	2	0	2	0.00000
Orientia tsutsugamushi	784	S	5	0	5	0.00000
Candidatus Phycorickettsia trachydisci	2115978	S	6	0	6	0.00000
Candidatus Fokinia solitaria	1802984	S	5	0	5	0.00000
Candidatus Midichloria mitochondrii	234827	S	4	0	4	0.00000
Rickettsiales endosymbiont of Stachyamoeba lipophora	2486578	S	7	0	7	0.00000
Candidatus Deianiraea vastatrix	2163644	S	5	0	5	0.00000
Phreatobacter cathodiphilus	1868589	S	11	1	12	0.00000
Phreatobacter stygius	1940610	S	9	0	9	0.00000
Phreatobacter sp. NMCR1094	2570229	S	2	0	2	0.00000
Micavibrio aeruginosavorus	349221	S	14	0	14	0.00000
Candidatus Puniceispirillum marinum	767892	S	2	0	2	0.00000
Candidatus Pelagibacter sp. FZCC0015	2268451	S	6	1	7	0.00000
Candidatus Pelagibacter sp. RS39	1977864	S	4	0	4	0.00000
Candidatus Pelagibacter sp. RS40	1977865	S	4	0	4	0.00000
Candidatus Pelagibacter sp. HIMB1321	1388755	S	3	0	3	0.00000
Candidatus Pelagibacter sp. IMCC9063	1002672	S	2	0	2	0.00000
Candidatus Pelagibacter ubique	198252	S	3	2	5	0.00000
Candidatus Pelagibacter giovannonii	2563896	S	2	1	3	0.00000
Candidatus Fonsibacter ubiquis	1925548	S	5	0	5	0.00000
Hyphomonas sp. CACIAM 19H1	1873716	S	12	0	12	0.00000
Hyphomonas sp. KY3	2016196	S	11	1	12	0.00000
Hyphomonas sp. Mor2	1906738	S	3	0	3	0.00000
Hirschia baltica	2724	S	4	0	4	0.00000
Candidatus Cytomitobacter primus	2066024	S	3	0	3	0.00000
Candidatus Cytomitobacter indipagum	2601575	S	2	0	2	0.00000
endosymbiont of Acanthamoeba sp. UWC8	86106	S	3	0	3	0.00000
Candidatus Nucleicultrix amoebiphila	1509244	S	6	0	6	0.00000
Candidatus Paracaedibacter acanthamoebae	91604	S	4	0	4	0.00000
Hyphobacterium sp. CCMP332	2749086	S	6	0	6	0.00000
Marinicauda algicola	2029849	S	5	0	5	0.00000
Glycocaulis alkaliphilus	1434191	S	4	0	4	0.00000
Maricaulis maris	74318	S	2	0	2	0.00000
Paremcibacter congregatus	2043170	S	5	0	5	0.00000
Luteithermobacter gelatinilyticus	2582913	S	1	0	1	0.00000
Parvularcula bermudensis	208216	S	2	0	2	0.00000
Kordiimonas pumila	2161677	S	2	0	2	0.00000
Sorangium cellulosum	56	S	92	5	97	0.00000
Chondromyces crocatus	52	S	8	0	8	0.00000
Minicystis rosea	888845	S	37	1	38	0.00000
Sandaracinus amylolyticus	927083	S	28	0	28	0.00000
Labilithrix luteola	1391654	S	28	0	28	0.00000
Myxococcus xanthus	34	S	11	4	15	0.00000
Myxococcus hansupus	1297742	S	11	3	14	0.00000
Myxococcus stipitatus	83455	S	7	2	9	0.00000
Myxococcus sp. SCHIC003	2813577	S	6	2	8	0.00000
Corallococcus coralloides	184914	S	20	2	22	0.00000
Corallococcus macrosporus	35	S	7	5	12	0.00000
Pyxidicoccus sp. SCPEA002	2813578	S	12	1	13	0.00000
Archangium violaceum	83451	S	26	2	28	0.00000
Archangium gephyra	48	S	10	1	11	0.00000
Cystobacter fuscus	43	S	12	1	13	0.00000
Melittangium boletus	83453	S	10	1	11	0.00000
Stigmatella aurantiaca	41	S	9	0	9	0.00000
Anaeromyxobacter sp. Fw109-5	404589	S	10	0	10	0.00000
Anaeromyxobacter dehalogenans	161493	S	7	6	13	0.00000
Vulgatibacter incomptus	1391653	S	3	0	3	0.00000
Haliangium ochraceum	80816	S	11	0	11	0.00000
Desulfovibrio desulfuricans	876	S	9	2	11	0.00000
Desulfovibrio vulgaris	881	S	9	0	9	0.00000
Desulfovibrio carbinoliphilus	345370	S	8	0	8	0.00000
Desulfovibrio sp. 86	2666132	S	4	0	4	0.00000
Desulfovibrio sp. IOR2	2583823	S	3	0	3	0.00000
Desulfovibrio sulfodismutans	63561	S	5	0	5	0.00000
Desulfovibrio magneticus	184917	S	5	0	5	0.00000
Desulfovibrio marinus	370038	S	5	0	5	0.00000
Desulfovibrio gigas	879	S	4	0	4	0.00000
Desulfovibrio piger	901	S	4	0	4	0.00000
Desulfovibrio alaskensis	58180	S	4	1	5	0.00000
Desulfovibrio carbinolicus	296842	S	1	0	1	0.00000
Pseudodesulfovibrio aespoeensis	182210	S	4	0	4	0.00000
Pseudodesulfovibrio cashew	2678688	S	4	0	4	0.00000
Pseudodesulfovibrio mercurii	641491	S	3	0	3	0.00000
Pseudodesulfovibrio indicus	1716143	S	3	0	3	0.00000
Pseudodesulfovibrio profundus	57320	S	1	0	1	0.00000
Pseudodesulfovibrio sp. zrk46	2725288	S	1	0	1	0.00000
Desulfolutivibrio sulfoxidireducens	2773299	S	7	0	7	0.00000
Lawsonia intracellularis	29546	S	5	-5	0	0.00000
Maridesulfovibrio salexigens	880	S	2	0	2	0.00000
Maridesulfovibrio hydrothermalis	191026	S	2	0	2	0.00000
Desulfocurvibacter africanus	873	S	3	0	3	0.00000
Desulfomicrobium baculatum	899	S	5	0	5	0.00000
Desulfomicrobium orale	132132	S	2	0	2	0.00000
Desulfohalobium retbaense	45663	S	1	0	1	0.00000
Geobacter sp. SVR	2495594	S	14	0	14	0.00000
Geobacter sp. M18	443143	S	7	0	7	0.00000
Geobacter sp. DSM 9736	1277350	S	5	0	5	0.00000
Geobacter sp. Jerry-YX	2815309	S	4	0	4	0.00000
Geobacter sp. M21	443144	S	3	0	3	0.00000
Geobacter sulfurreducens	35554	S	9	1	10	0.00000
Geobacter lovleyi	313985	S	4	0	4	0.00000
Geobacter pickeringii	345632	S	3	0	3	0.00000
Geobacter daltonii	1203471	S	2	0	2	0.00000
Geobacter metallireducens	28232	S	1	0	1	0.00000
Geobacter bremensis	60035	S	1	0	1	0.00000
Geobacter uraniireducens	351604	S	1	0	1	0.00000
Geoalkalibacter subterraneus	483547	S	6	1	7	0.00000
Desulfuromonas soudanensis	1603606	S	3	2	5	0.00000
Desulfuromonas sp. DDH964	1823759	S	2	1	3	0.00000
Pelobacter propionicus	29543	S	4	0	4	0.00000
Syntrophotalea carbinolica	19	S	6	0	6	0.00000
Syntrophotalea acetylenica	29542	S	1	0	1	0.00000
Syntrophotalea acetylenivorans	1842532	S	1	0	1	0.00000
Desulfococcus oleovorans	181663	S	8	0	8	0.00000
Desulfococcus multivorans	897	S	5	0	5	0.00000
Desulfosarcina ovata	83564	S	6	0	6	0.00000
Desulfosarcina widdelii	947919	S	4	0	4	0.00000
Desulfosarcina alkanivorans	571177	S	3	0	3	0.00000
Desulfonema magnum	45655	S	6	0	6	0.00000
Desulfonema limicola	45656	S	3	0	3	0.00000
Desulfatibacillum aliphaticivorans	218208	S	5	0	5	0.00000
Desulfobacterium autotrophicum	2296	S	3	0	3	0.00000
Desulfobacter hydrogenophilus	2291	S	1	0	1	0.00000
Desulfobulbus oralis	1986146	S	7	0	7	0.00000
Desulfobulbus propionicus	894	S	2	0	2	0.00000
Desulfobulbus oligotrophicus	1909699	S	1	0	1	0.00000
Desulfopila sp. IMCC35005	2569541	S	3	0	3	0.00000
Desulfopila sp. IMCC35004	2569540	S	2	0	2	0.00000
Desulfurivibrio alkaliphilus	427923	S	3	0	3	0.00000
Desulfotalea psychrophila	84980	S	2	0	2	0.00000
Desulfoglaeba alkanexedens	361111	S	4	0	4	0.00000
Syntrophobacter fumaroxidans	119484	S	1	0	1	0.00000
Desulfobacca acetoxidans	60893	S	4	0	4	0.00000
Desulfomonile tiedjei	2358	S	1	0	1	0.00000
Persicimonas caeni	2292766	S	6	0	6	0.00000
Bradymonas sediminis	1548548	S	2	0	2	0.00000
Desulfarculus baarsii	453230	S	3	0	3	0.00000
Candidatus Desulfofervidus auxilii	1621989	S	2	0	2	0.00000
Aliarcobacter cryaerophilus	28198	S	10	2	12	0.00000
Aliarcobacter butzleri	28197	S	9	1	10	0.00000
Aliarcobacter cibarius	255507	S	5	0	5	0.00000
Aliarcobacter faecis	1564138	S	4	0	4	0.00000
Aliarcobacter skirrowii	28200	S	3	0	3	0.00000
Aliarcobacter trophiarum	708186	S	3	0	3	0.00000
Aliarcobacter thereius	544718	S	2	0	2	0.00000
Aliarcobacter lanthieri	1355374	S	2	0	2	0.00000
[Arcobacter] porcinus	1935204	S	1	0	1	0.00000
Arcobacter aquimarinus	1315211	S	8	1	9	0.00000
Arcobacter sp. FWKO B	2593672	S	7	0	7	0.00000
Arcobacter venerupis	1054033	S	6	0	6	0.00000
Arcobacter ellisii	913109	S	4	0	4	0.00000
Arcobacter anaerophilus	877500	S	3	0	3	0.00000
Arcobacter nitrofigilis	28199	S	2	0	2	0.00000
Arcobacter defluvii	873191	S	2	0	2	0.00000
Arcobacter cloacae	1054034	S	2	0	2	0.00000
Arcobacter suis	1278212	S	2	0	2	0.00000
Malaciobacter marinus	505249	S	9	1	10	0.00000
Malaciobacter halophilus	197482	S	5	0	5	0.00000
Malaciobacter mytili	603050	S	5	0	5	0.00000
Malaciobacter molluscorum	1032072	S	3	0	3	0.00000
Malaciobacter canalis	1912871	S	3	0	3	0.00000
Poseidonibacter lekithochrous	1904463	S	9	0	9	0.00000
Poseidonibacter parvus	1850254	S	2	11	13	0.00000
Halarcobacter ebronensis	1462615	S	7	0	7	0.00000
Halarcobacter bivalviorum	663364	S	3	0	3	0.00000
Pseudoarcobacter acticola	1849015	S	6	0	6	0.00000
Campylobacter lari	201	S	16	4	20	0.00000
Campylobacter concisus	199	S	12	0	12	0.00000
Campylobacter sp. RM8964	1660074	S	2	0	2	0.00000
Campylobacter sp. RM12175	1660076	S	2	0	2	0.00000
Campylobacter sp. RM16192	1660080	S	2	0	2	0.00000
Campylobacter sp. RM16704	1500960	S	1	0	1	0.00000
Campylobacter sp. 2014D-0216	1813595	S	1	0	1	0.00000
Campylobacter sputorum	206	S	9	0	9	0.00000
Campylobacter fetus	196	S	7	0	7	0.00000
Campylobacter geochelonis	1780362	S	7	0	7	0.00000
Campylobacter iguaniorum	1244531	S	7	0	7	0.00000
Candidatus Campylobacter infans	2561898	S	6	0	6	0.00000
Campylobacter blaseri	2042961	S	5	0	5	0.00000
Campylobacter ureolyticus	827	S	5	0	5	0.00000
Campylobacter coli	195	S	4	2	6	0.00000
Campylobacter insulaenigrae	260714	S	4	0	4	0.00000
Campylobacter ornithocola	1848766	S	3	0	3	0.00000
Campylobacter jejuni	197	S	3	7	10	0.00000
Campylobacter hyointestinalis	198	S	3	0	3	0.00000
Campylobacter curvus	200	S	2	0	2	0.00000
Campylobacter pinnipediorum	1965231	S	2	0	2	0.00000
Campylobacter helveticus	28898	S	2	0	2	0.00000
Campylobacter canadensis	449520	S	2	0	2	0.00000
Campylobacter peloridis	488546	S	1	0	1	0.00000
Campylobacter hepaticus	1813019	S	1	0	1	0.00000
Campylobacter volucris	1031542	S	1	0	1	0.00000
Campylobacter avium	522485	S	1	0	1	0.00000
Campylobacter hominis	76517	S	1	0	1	0.00000
Campylobacter upsaliensis	28080	S	1	0	1	0.00000
Campylobacter gracilis	824	S	1	0	1	0.00000
Sulfurospirillum sp. UCH001	1581011	S	6	0	6	0.00000
Sulfurospirillum sp. JPD-1	220622	S	1	7	8	0.00000
Sulfurospirillum barnesii	44674	S	2	0	2	0.00000
Sulfurospirillum halorespirans	194424	S	1	1	2	0.00000
Sulfurospirillum cavolei	366522	S	1	0	1	0.00000
Helicobacter pylori	210	S	11	0	11	0.00000
Helicobacter bilis	37372	S	7	1	8	0.00000
Helicobacter canadensis	123841	S	5	0	5	0.00000
Helicobacter sp. MIT 01-6242	222136	S	3	0	3	0.00000
Helicobacter apodemus	135569	S	3	0	3	0.00000
Helicobacter acinonychis	212	S	2	0	2	0.00000
Helicobacter pullorum	35818	S	2	0	2	0.00000
Helicobacter hepaticus	32025	S	1	0	1	0.00000
Helicobacter cholecystus	45498	S	1	0	1	0.00000
Helicobacter mustelae	217	S	1	0	1	0.00000
Helicobacter felis	214	S	1	0	1	0.00000
Helicobacter cetorum	138563	S	1	0	1	0.00000
Wolinella succinogenes	844	S	3	0	3	0.00000
Sulfurimonas sp. GYSZ_1	2590022	S	7	0	7	0.00000
Sulfurimonas sp. NW10	2509341	S	3	0	3	0.00000
Sulfurimonas sp. CVO	2283483	S	2	3	5	0.00000
Sulfurimonas sp. H1576	2672570	S	2	0	2	0.00000
Sulfurimonas sp. S2-6	2590020	S	1	0	1	0.00000
Sulfurimonas sp. 1-1N	2590021	S	1	1	2	0.00000
Sulfurimonas gotlandica	1176482	S	5	0	5	0.00000
Sulfurimonas autotrophica	202747	S	3	0	3	0.00000
Candidatus Sulfurimonas marisnigri	2740405	S	3	0	3	0.00000
Sulfurimonas denitrificans	39766	S	2	0	2	0.00000
Candidatus Sulfurimonas baltica	2740404	S	2	0	2	0.00000
Sulfurimonas paralvinellae	317658	S	1	0	1	0.00000
Sulfurovum indicum	2779528	S	1	1	2	0.00000
Nitratifractor salsuginis	269261	S	2	0	2	0.00000
Caminibacter mediatlanticus	291048	S	11	1	12	0.00000
Nautilia sp. PV-1	2579250	S	2	0	2	0.00000
Nitratiruptor sp. SB155-2	387092	S	2	4	6	0.00000
Nitratiruptor labii	2706014	S	2	0	2	0.00000
Nitrosophilus alvini	2714855	S	3	1	4	0.00000
Bdellovibrio sp. NC01	2220073	S	31	4	35	0.00000
Bdellovibrio sp. KM01	2748865	S	11	5	16	0.00000
Bdellovibrio sp. ZAP7	2231053	S	7	3	10	0.00000
Bdellovibrio bacteriovorus	959	S	27	3	30	0.00000
Bdellovibrio exovorus	453816	S	3	0	3	0.00000
Halobacteriovorax sp. BALOs_7	2109558	S	6	0	6	0.00000
Halobacteriovorax marinus	97084	S	5	0	5	0.00000
Bacteriovorax stolpii	960	S	6	0	6	0.00000
Silvanigrella aquatica	1915309	S	3	0	3	0.00000
Acidithiobacillus ferrivorans	160808	S	7	0	7	0.00000
Acidithiobacillus caldus	33059	S	5	0	5	0.00000
Acidithiobacillus ferrooxidans	920	S	3	0	3	0.00000
Acidithiobacillus thiooxidans	930	S	1	0	1	0.00000
Acidithiobacillus ferridurans	1232575	S	1	1	2	0.00000
Mariprofundus aestuarium	1921086	S	2	4	6	0.00000
Hydrogenophilus thermoluteolus	297	S	4	0	4	0.00000
Microbacterium sp. PM5	2014534	S	88	8	96	0.00000
Microbacterium sp. Y-01	2048898	S	15	4	19	0.00000
Microbacterium sp. No. 7	1714373	S	12	2	14	0.00000
Microbacterium sp. 1S1	2606451	S	10	4	14	0.00000
Microbacterium sp. XT11	367477	S	8	0	8	0.00000
Microbacterium sp. WY121	2782168	S	8	0	8	0.00000
Microbacterium sp. TPU 3598	1938334	S	8	1	9	0.00000
Microbacterium sp. CBA3102	2603598	S	8	1	9	0.00000
Microbacterium sp. ABRD_28	2268461	S	8	0	8	0.00000
Microbacterium sp. 10M-3C3	2483401	S	8	1	9	0.00000
Microbacterium sp. Nx66	2766784	S	7	5	12	0.00000
Microbacterium sp. JZ31	1906274	S	6	0	6	0.00000
Microbacterium sp. RG1	2489212	S	6	0	6	0.00000
Microbacterium sp. LKL04	912630	S	5	0	5	0.00000
Microbacterium sp. A18JL200	2782167	S	5	1	6	0.00000
Microbacterium sp. BH-3-3-3	1906742	S	5	0	5	0.00000
Microbacterium sp. 4R-513	2567934	S	4	0	4	0.00000
Microbacterium sp. NY27	2782169	S	4	0	4	0.00000
Microbacterium sp. 1.5R	1916917	S	3	12	15	0.00000
Microbacterium sp. YJN-G	2763257	S	3	0	3	0.00000
Microbacterium sp. A18JL241	2782166	S	2	0	2	0.00000
Microbacterium sp. PAMC 28756	1795053	S	2	2	4	0.00000
Microbacterium sp. SGAir0570	2070348	S	1	7	8	0.00000
Microbacterium sp. HY82	2708079	S	1	0	1	0.00000
Microbacterium sp. Se63.02b	2709304	S	1	0	1	0.00000
Microbacterium sp. HY60	2769067	S	1	0	1	0.00000
Microbacterium hominis	162426	S	38	7	45	0.00000
Microbacterium foliorum	104336	S	22	3	25	0.00000
Microbacterium aurum	36805	S	21	4	25	0.00000
Microbacterium oxydans	82380	S	16	4	20	0.00000
Microbacterium pygmaeum	370764	S	13	0	13	0.00000
Microbacterium oleivorans	273677	S	11	0	11	0.00000
Microbacterium protaetiae	2509458	S	9	0	9	0.00000
Microbacterium sediminis	904291	S	9	3	12	0.00000
Microbacterium oryzae	743009	S	9	0	9	0.00000
Microbacterium lushaniae	2614639	S	8	1	9	0.00000
Microbacterium testaceum	2033	S	8	0	8	0.00000
Microbacterium lemovicicum	1072463	S	8	0	8	0.00000
Microbacterium chocolatum	84292	S	8	0	8	0.00000
Microbacterium hydrocarbonoxydans	273678	S	7	0	7	0.00000
Microbacterium schleiferi	69362	S	6	1	7	0.00000
Microbacterium caowuchunii	2614638	S	6	0	6	0.00000
Microbacterium esteraromaticum	57043	S	5	0	5	0.00000
Microbacterium wangchenii	2541726	S	3	0	3	0.00000
Microbacterium paludicola	300019	S	2	15	17	0.00000
Curtobacterium sp. MR_MD2014	1561023	S	7	1	8	0.00000
Curtobacterium sp. Csp2	2495430	S	7	5	12	0.00000
Curtobacterium sp. SGAir0471	2070337	S	6	1	7	0.00000
Curtobacterium sp. 24E2	2804758	S	6	1	7	0.00000
Curtobacterium sp. BH-2-1-1	1905847	S	4	0	4	0.00000
Curtobacterium sp. YC1	2795488	S	3	0	3	0.00000
Curtobacterium flaccumfaciens	2035	S	21	4	25	0.00000
Curtobacterium pusillum	69373	S	3	0	3	0.00000
Agromyces sp. LHK192	2498704	S	9	1	10	0.00000
Agromyces sp. HY052	2585717	S	5	0	5	0.00000
Agromyces sp. KACC 19306	2592652	S	4	0	4	0.00000
Agromyces sp. G127AT	2781962	S	4	0	4	0.00000
Agromyces aureus	453304	S	10	1	11	0.00000
Agromyces flavus	589382	S	10	1	11	0.00000
Agromyces badenianii	2080742	S	6	1	7	0.00000
Rathayibacter sp. VKM Ac-2760	2609253	S	9	2	11	0.00000
Rathayibacter sp. VKM Ac-2804	2609257	S	5	2	7	0.00000
Rathayibacter sp. VKM Ac-2801	2609255	S	4	2	6	0.00000
Rathayibacter sp. VKM Ac-2759	2609252	S	3	0	3	0.00000
Rathayibacter sp. VKM Ac-2805	2609258	S	1	1	2	0.00000
Rathayibacter festucae	110937	S	10	5	15	0.00000
Rathayibacter toxicus	145458	S	3	0	3	0.00000
Rathayibacter tritici	33888	S	2	0	2	0.00000
Rathayibacter iranicus	59737	S	2	0	2	0.00000
Rathayibacter tanaceti	1671680	S	1	0	1	0.00000
Leifsonia sp. PS1209	2724914	S	6	0	6	0.00000
Leifsonia sp. 21MFCrub1.1	1798223	S	5	8	13	0.00000
Leifsonia xyli	1575	S	12	1	13	0.00000
Leifsonia shinshuensis	150026	S	8	0	8	0.00000
Leucobacter sp. CX169	2813744	S	8	1	9	0.00000
Leucobacter insecticola	2714934	S	7	0	7	0.00000
Leucobacter triazinivorans	1784719	S	6	0	6	0.00000
Leucobacter muris	1935379	S	4	0	4	0.00000
Leucobacter viscericola	2714935	S	4	0	4	0.00000
Leucobacter coleopterorum	2714933	S	2	0	2	0.00000
Leucobacter denitrificans	683042	S	1	0	1	0.00000
Chryseoglobus sp. 28M-23	2772253	S	4	13	17	0.00000
Chryseoglobus indicus	2750620	S	1	3	4	0.00000
Salinibacterium sp. ZJ70	2708084	S	9	0	9	0.00000
Salinibacterium sp. ZJ450	2708338	S	4	0	4	0.00000
Salinibacterium sp. UTAS2018	2508880	S	3	0	3	0.00000
Salinibacterium sp. dk2585	2603292	S	2	0	2	0.00000
Agrococcus carbonis	684552	S	7	0	7	0.00000
Agrococcus jejuensis	399736	S	6	1	7	0.00000
Agrococcus sp. SGAir0287	2070347	S	2	0	2	0.00000
Cryobacterium arcticum	670052	S	5	4	9	0.00000
Cryobacterium sp. LW097	1978566	S	5	0	5	0.00000
Clavibacter michiganensis	28447	S	11	1	12	0.00000
Clavibacter sp. DM1	2768071	S	1	0	1	0.00000
Plantibacter sp. M259	2583822	S	6	4	10	0.00000
Plantibacter sp. PA-3-X8	2480625	S	1	0	1	0.00000
Plantibacter flavus	150123	S	1	0	1	0.00000
Herbiconiux sp. SALV-R1	2735133	S	12	0	12	0.00000
Rhodoluna lacicola	529884	S	4	0	4	0.00000
Rhodoluna limnophila	232537	S	1	0	1	0.00000
Candidatus Rhodoluna planktonica	535712	S	1	0	1	0.00000
Candidatus Aquiluna sp. 15G-AUS-rot	2499157	S	4	0	4	0.00000
Candidatus Aquiluna sp. UB-MaderosW2red	1855377	S	1	0	1	0.00000
Frigoribacterium sp. NBH87	2596916	S	11	1	12	0.00000
Protaetiibacter intestinalis	2419774	S	9	1	10	0.00000
Protaetiibacter sp. SSC-01	2759943	S	1	0	1	0.00000
Microterricola viridarii	412690	S	10	0	10	0.00000
Humibacter sp. WJ7-1	2599293	S	8	0	8	0.00000
Humibacter sp. BT305	2282656	S	2	7	9	0.00000
Microcella alkaliphila	279828	S	10	0	10	0.00000
Frondihabitans sp. PAMC 28766	1795630	S	5	0	5	0.00000
Frondihabitans sp. 762G35	1446794	S	2	0	2	0.00000
Gryllotalpicola protaetiae	2419771	S	7	0	7	0.00000
Marisediminicola antarctica	674079	S	7	0	7	0.00000
Aurantimicrobium sp. MWH-Mo1	1987356	S	2	0	2	0.00000
Aurantimicrobium sp. MWH-Uga1	2079575	S	2	1	3	0.00000
Aurantimicrobium minutum	708131	S	1	0	1	0.00000
Cnuibacter physcomitrellae	1619308	S	6	17	23	0.00000
Mycetocola sp. JXN-3	2116510	S	4	0	4	0.00000
Mycetocola zhujimingii	2079792	S	2	0	2	0.00000
Glaciihabitans sp. INWT7	2596912	S	5	0	5	0.00000
Diaminobutyricimonas sp. LJ205	2683590	S	2	0	2	0.00000
Lysinimonas sp. KACC 19322	2592654	S	2	0	2	0.00000
Pontimonas salivibrio	1159327	S	2	0	2	0.00000
Agreia sp. COWG	2773266	S	1	0	1	0.00000
Kocuria rhizophila	72000	S	84	26	110	0.00000
Kocuria palustris	71999	S	11	1	12	0.00000
Kocuria turfanensis	388357	S	10	0	10	0.00000
Kocuria varians	1272	S	6	1	7	0.00000
Kocuria rosea	1275	S	5	0	5	0.00000
Kocuria sp. TGY1120_3	2711329	S	2	0	2	0.00000
Kocuria sp. BT304	1702043	S	1	0	1	0.00000
Kocuria sp. TGY1127_2	2711328	S	1	0	1	0.00000
Kocuria flava	446860	S	2	0	2	0.00000
Kocuria indica	1049583	S	1	0	1	0.00000
Micrococcus luteus	1270	S	62	55	117	0.00000
Micrococcus sp. A1	404583	S	1	5	6	0.00000
Arthrobacter sp. NEB 688	904039	S	9	1	10	0.00000
Arthrobacter sp. 24S4-2	2575374	S	8	0	8	0.00000
Arthrobacter sp. FB24	290399	S	7	0	7	0.00000
Arthrobacter sp. QXT-31	1357915	S	7	0	7	0.00000
Arthrobacter sp. YN	2020486	S	6	1	7	0.00000
Arthrobacter sp. PM3	2017685	S	6	0	6	0.00000
Arthrobacter sp. U41	1849032	S	6	0	6	0.00000
Arthrobacter sp. Rue61a	1118963	S	6	7	13	0.00000
Arthrobacter sp. PAMC 25486	1494608	S	5	0	5	0.00000
Arthrobacter sp. UKPF54-2	2600159	S	4	0	4	0.00000
Arthrobacter sp. D5-1	1477518	S	3	0	3	0.00000
Arthrobacter sp. YC-RL1	1652545	S	3	0	3	0.00000
Arthrobacter sp. PAMC25564	2565366	S	3	0	3	0.00000
Arthrobacter sp. KBS0702	2578107	S	2	0	2	0.00000
Arthrobacter sp. PGP41	2079227	S	2	0	2	0.00000
Arthrobacter sp. J3.49	347213	S	1	1	2	0.00000
Arthrobacter sp.	1667	S	1	0	1	0.00000
Arthrobacter sp. ERGS1:01	1704044	S	1	0	1	0.00000
Arthrobacter sp. 31.31	347202	S	1	0	1	0.00000
Arthrobacter alpinus	656366	S	5	2	7	0.00000
Arthrobacter woluwensis	156980	S	4	0	4	0.00000
Arthrobacter dokdonellae	2211210	S	4	0	4	0.00000
Arthrobacter agilis	37921	S	3	0	3	0.00000
Arthrobacter citreus	1670	S	2	0	2	0.00000
Paenarthrobacter sp. YJN-D	2735317	S	88	14	102	0.00000
Paenarthrobacter sp. YJN-5	2735316	S	3	2	5	0.00000
Paenarthrobacter ureafaciens	37931	S	6	9	15	0.00000
Paenarthrobacter aurescens	43663	S	2	2	4	0.00000
Rothia mucilaginosa	43675	S	13	0	13	0.00000
Rothia kristinae	37923	S	10	2	12	0.00000
Rothia aeria	172042	S	8	1	9	0.00000
Rothia amarae	169480	S	6	2	8	0.00000
Rothia terrae	396015	S	5	2	7	0.00000
Rothia dentocariosa	2047	S	3	0	3	0.00000
Rothia sp. ZJ932	2810516	S	1	0	1	0.00000
Pseudarthrobacter sp. NIBRBAC000502771	2590774	S	4	2	6	0.00000
Pseudarthrobacter sp. NIBRBAC000502772	2590775	S	3	1	4	0.00000
Pseudarthrobacter sp. YJ56	2697569	S	3	0	3	0.00000
Pseudarthrobacter sp. NBSH8	2596911	S	2	0	2	0.00000
Pseudarthrobacter sp. BIM B-2242	2772401	S	2	0	2	0.00000
Pseudarthrobacter phenanthrenivorans	361575	S	4	0	4	0.00000
Pseudarthrobacter chlorophenolicus	85085	S	2	0	2	0.00000
Pseudarthrobacter sulfonivorans	121292	S	2	1	3	0.00000
Glutamicibacter arilaitensis	256701	S	8	1	9	0.00000
Glutamicibacter protophormiae	37930	S	4	0	4	0.00000
Glutamicibacter creatinolyticus	162496	S	4	0	4	0.00000
Glutamicibacter halophytocola	1933880	S	4	0	4	0.00000
Glutamicibacter sp. ZJUTW	1155384	S	3	2	5	0.00000
Glutamicibacter nicotianae	37929	S	1	0	1	0.00000
Glutamicibacter mishrai	1775880	S	1	0	1	0.00000
Sinomonas atrocyanea	37927	S	6	0	6	0.00000
Sinomonas sp. R1AF57	2020377	S	5	0	5	0.00000
Zhihengliuella sp. ISTPL4	2058657	S	5	3	8	0.00000
Renibacterium salmoninarum	1646	S	4	0	4	0.00000
Psychromicrobium lacuslunae	1618207	S	4	0	4	0.00000
Nesterenkonia sp. NBAIMH1	2600320	S	3	0	3	0.00000
Citricoccus sp. SGAir0253	2567881	S	3	0	3	0.00000
Neomicrococcus aestuarii	556325	S	2	0	2	0.00000
Auritidibacter sp. NML130574	2170745	S	1	0	1	0.00000
Dermacoccus nishinomiyaensis	1274	S	437	57	494	0.00001
Dermacoccus sp. PAMC28757	2762331	S	11	1	12	0.00000
Luteipulveratus mongoliensis	571913	S	5	0	5	0.00000
Yimella sp. cx-51	2770551	S	2	0	2	0.00000
Janibacter indicus	857417	S	23	15	38	0.00000
Janibacter melonis	262209	S	15	1	16	0.00000
Janibacter limosus	53458	S	9	0	9	0.00000
Janibacter sp. YB324	2761047	S	8	7	15	0.00000
Phycicoccus sp. HDW14	2714941	S	10	0	10	0.00000
Phycicoccus endophyticus	1690220	S	5	0	5	0.00000
Pedococcus dokdonensis	443156	S	11	0	11	0.00000
Intrasporangium calvum	53358	S	10	0	10	0.00000
Tetrasphaera sp. HKS02	1813880	S	5	0	5	0.00000
Arsenicicoccus sp. oral taxon 190	1658671	S	2	0	2	0.00000
Cellulomonas sp. H30R-01	2704467	S	9	0	9	0.00000
Cellulomonas sp. Y8	2591145	S	6	0	6	0.00000
Cellulomonas sp. JZ18	2654191	S	6	0	6	0.00000
Cellulomonas sp. PSBB021	2003551	S	5	0	5	0.00000
Cellulomonas flavigena	1711	S	14	0	14	0.00000
Cellulomonas gilvus	11	S	8	0	8	0.00000
Cellulomonas fimi	1708	S	7	0	7	0.00000
Cellulomonas shaoxiangyii	2566013	S	4	0	4	0.00000
Cellulomonas taurus	2729175	S	3	0	3	0.00000
Actinotalea sp. JY-7876	2758442	S	9	0	9	0.00000
Oerskovia sp. KBS0722	1179673	S	7	0	7	0.00000
Pseudactinotalea sp. HY158	2654547	S	3	0	3	0.00000
Brevibacterium sp. CS2	2575923	S	19	2	21	0.00000
Brevibacterium sp. o2	2697565	S	4	0	4	0.00000
Brevibacterium sp. WO024	2697563	S	3	0	3	0.00000
Brevibacterium sp. PAMC23299	2762330	S	3	20	23	0.00000
Brevibacterium sp. 'Marine'	2725563	S	1	0	1	0.00000
Brevibacterium casei	33889	S	15	2	17	0.00000
Brevibacterium linens	1703	S	10	4	14	0.00000
Brevibacterium luteolum	199591	S	5	0	5	0.00000
Brevibacterium aurantiacum	273384	S	4	1	5	0.00000
Brevibacterium oceani	358099	S	3	0	3	0.00000
Brevibacterium sandarakinum	629680	S	1	0	1	0.00000
Brevibacterium siliguriense	1136497	S	1	0	1	0.00000
Brachybacterium sp. SGAir0954	2571029	S	11	0	11	0.00000
Brachybacterium sp. P6-10-X1	1903186	S	7	0	7	0.00000
Brachybacterium saurashtrense	556288	S	10	0	10	0.00000
Brachybacterium vulturis	2017484	S	10	1	11	0.00000
Brachybacterium faecium	43669	S	7	0	7	0.00000
Brachybacterium ginsengisoli	1331682	S	7	0	7	0.00000
Brachybacterium avium	2017485	S	4	0	4	0.00000
Dermabacter jinjuensis	1667168	S	3	0	3	0.00000
Dermabacter vaginalis	1630135	S	2	0	2	0.00000
Cellulosimicrobium sp. BI34T	2587808	S	5	0	5	0.00000
Cellulosimicrobium sp. TH-20	1980001	S	2	4	6	0.00000
Cellulosimicrobium sp. 72-3	2731680	S	2	4	6	0.00000
Cellulosimicrobium sp. JZ28	1906273	S	1	0	1	0.00000
Cellulosimicrobium cellulans	1710	S	6	3	9	0.00000
Xylanimonas cellulosilytica	186189	S	8	0	8	0.00000
Xylanimonas allomyrinae	2509459	S	5	0	5	0.00000
Isoptericola variabilis	139208	S	7	0	7	0.00000
Isoptericola dokdonensis	372663	S	6	0	6	0.00000
Xylanimicrobium sp. FW10M-9	2509457	S	7	0	7	0.00000
Ornithinimicrobium sp. HY006	2508882	S	7	0	7	0.00000
Ornithinimicrobium sp. AMA3305	2283195	S	6	0	6	0.00000
Ornithinimicrobium sp. H23M54	2594265	S	5	0	5	0.00000
Ornithinimicrobium flavum	1288636	S	5	0	5	0.00000
Ornithinimicrobium pratense	2593973	S	3	0	3	0.00000
Serinicoccus chungangensis	767452	S	7	0	7	0.00000
Serinicoccus profundi	1078471	S	5	0	5	0.00000
Serinicoccus marinus	247333	S	4	1	5	0.00000
Serinicoccus hydrothermalis	1758689	S	4	0	4	0.00000
Beutenbergia cavernae	84757	S	13	0	13	0.00000
Miniimonas sp. S16	2171623	S	4	0	4	0.00000
Georgenia sp. Z294	2585135	S	5	0	5	0.00000
Georgenia sp. Z443	2589797	S	5	0	5	0.00000
Georgenia faecalis	2483799	S	3	0	3	0.00000
Ruania sp. HY168	2603206	S	4	0	4	0.00000
Haloactinobacterium sp. HY164	2675754	S	3	0	3	0.00000
Haloactinobacterium sp. RN3S43	2779775	S	3	0	3	0.00000
Mobilicoccus sp. NJES-13	2716227	S	6	0	6	0.00000
Austwickia chelonae	100225	S	3	0	3	0.00000
Luteimicrobium xylanilyticum	1133546	S	8	0	8	0.00000
Kytococcus sedentarius	1276	S	8	0	8	0.00000
Sanguibacter sp. HDW7	2714931	S	6	0	6	0.00000
Sanguibacter keddieii	60920	S	1	0	1	0.00000
Jonesia denitrificans	43674	S	3	0	3	0.00000
Cutibacterium acnes	1747	S	1995	153	2148	0.00003
Cutibacterium avidum	33010	S	41	3	44	0.00000
Cutibacterium granulosum	33011	S	23	1	24	0.00000
Propionibacterium sp. oral taxon 193	671223	S	103	17	120	0.00000
Propionibacterium freudenreichii	1744	S	5	9	14	0.00000
Propionibacterium australiense	119981	S	2	0	2	0.00000
Propionibacterium acidifaciens	556499	S	2	0	2	0.00000
Microlunatus sagamiharensis	546874	S	16	1	17	0.00000
Microlunatus sp. KUDC0627	2596828	S	4	0	4	0.00000
Microlunatus sp. Gsoil 973	2672569	S	4	0	4	0.00000
Microlunatus soli	630515	S	7	0	7	0.00000
Microlunatus phosphovorus	29405	S	5	0	5	0.00000
Tessaracoccus defluvii	1285901	S	11	2	13	0.00000
Tessaracoccus flavescens	399497	S	4	0	4	0.00000
Tessaracoccus aquimaris	1332264	S	4	0	4	0.00000
Tessaracoccus timonensis	2161816	S	4	0	4	0.00000
Tessaracoccus flavus	1610493	S	1	0	1	0.00000
Tessaracoccus sp. MC1865	2760310	S	1	0	1	0.00000
Pseudopropionibacterium propionicum	1750	S	13	0	13	0.00000
Brevilactibacter sp. MC1595	2819349	S	10	1	11	0.00000
Acidipropionibacterium jensenii	1749	S	2	1	3	0.00000
Acidipropionibacterium acidipropionici	1748	S	1	0	1	0.00000
Acidipropionibacterium virtanenii	2057246	S	1	0	1	0.00000
Propioniciclava sp. HDW11	2714937	S	5	0	5	0.00000
Auraticoccus monumenti	675864	S	3	0	3	0.00000
Raineyella sp. CBA3103	2662261	S	2	0	2	0.00000
Propionimicrobium sp. Marseille-P3275	1871034	S	1	0	1	0.00000
Nocardioides sp. zg-1228	2763008	S	16	2	18	0.00000
Nocardioides sp. S5	2017486	S	14	2	16	0.00000
Nocardioides sp. S-1144	2582905	S	13	1	14	0.00000
Nocardioides sp. JS614	196162	S	10	0	10	0.00000
Nocardioides sp. 603	2483798	S	8	1	9	0.00000
Nocardioides sp. HDW12A	2714938	S	8	1	9	0.00000
Nocardioides sp. HDW12B	2714939	S	8	0	8	0.00000
Nocardioides sp. S-713	2760089	S	7	1	8	0.00000
Nocardioides sp. WS12	2486272	S	6	0	6	0.00000
Nocardioides sp. ZJ1313	2685869	S	6	2	8	0.00000
Nocardioides sp. HY056	2500546	S	5	0	5	0.00000
Nocardioides sp. JQ2195	2592334	S	5	0	5	0.00000
Nocardioides sp. dk884	2662361	S	4	1	5	0.00000
Nocardioides sp. zg-579	2663857	S	4	0	4	0.00000
Nocardioides sp. CF8	110319	S	4	0	4	0.00000
Nocardioides sp. MC1495	2736757	S	3	0	3	0.00000
Nocardioides sp. dk3136	2575373	S	2	0	2	0.00000
Nocardioides euryhalodurans	2518370	S	10	1	11	0.00000
Nocardioides marinisabuli	419476	S	9	2	11	0.00000
Nocardioides daphniae	402297	S	8	1	9	0.00000
Nocardioides sambongensis	2589074	S	8	0	8	0.00000
Nocardioides aromaticivorans	200618	S	7	1	8	0.00000
Nocardioides mesophilus	433659	S	7	0	7	0.00000
Nocardioides houyundeii	2045452	S	7	0	7	0.00000
Nocardioides seonyuensis	2518371	S	7	0	7	0.00000
Nocardioides dokdonensis	450734	S	6	1	7	0.00000
Nocardioides anomalus	2712223	S	6	0	6	0.00000
Nocardioides humi	449461	S	5	0	5	0.00000
Nocardioides cynanchi	2558918	S	4	0	4	0.00000
Nocardioides ungokensis	1643322	S	3	0	3	0.00000
Nocardioides baekrokdamisoli	1804624	S	3	0	3	0.00000
Aeromicrobium sp. A1-2	2107713	S	8	0	8	0.00000
Aeromicrobium sp. zg-629	2663859	S	2	0	2	0.00000
Aeromicrobium marinum	219314	S	9	0	9	0.00000
Aeromicrobium choanae	1736691	S	8	0	8	0.00000
Aeromicrobium erythreum	2041	S	6	0	6	0.00000
Aeromicrobium chenweiae	2079793	S	5	0	5	0.00000
Aeromicrobium yanjiei	2662028	S	5	0	5	0.00000
Pimelobacter simplex	2045	S	11	1	12	0.00000
Friedmanniella luteola	546871	S	8	0	8	0.00000
Marmoricola scoriae	642780	S	7	1	8	0.00000
Mumia sp. ZJ1417	2708082	S	4	0	4	0.00000
Micropruina glycogenica	75385	S	2	0	2	0.00000
Kribbella qitaiheensis	1544730	S	11	0	11	0.00000
Kribbella flavida	182640	S	7	0	7	0.00000
Actinopolymorpha singaporensis	117157	S	6	0	6	0.00000
Rhodococcus sp. YL-1	1045808	S	26	84	110	0.00000
Rhodococcus sp. NJ-530	2490853	S	17	63	80	0.00000
Rhodococcus sp. AQ5-07	2054902	S	11	29	40	0.00000
Rhodococcus sp. PBTS 1	1653478	S	10	0	10	0.00000
Rhodococcus sp. P1Y	1302308	S	9	0	9	0.00000
Rhodococcus sp. 008	1723645	S	9	36	45	0.00000
Rhodococcus sp. B7740	1564114	S	8	0	8	0.00000
Rhodococcus sp. H-CA8f	1727214	S	7	23	30	0.00000
Rhodococcus sp. P-2	2795031	S	7	1	8	0.00000
Rhodococcus sp. S2-17	1990687	S	5	5	10	0.00000
Rhodococcus sp. BH4	1807790	S	4	16	20	0.00000
Rhodococcus sp. X156	2499145	S	3	0	3	0.00000
Rhodococcus sp. SGAir0479	2567884	S	3	0	3	0.00000
Rhodococcus sp. MTM3W5.2	1805827	S	3	0	3	0.00000
Rhodococcus sp. ZPP	2749906	S	2	2	4	0.00000
Rhodococcus sp. ABRD24	2507582	S	2	0	2	0.00000
Rhodococcus sp. WB1	1033922	S	2	11	13	0.00000
Rhodococcus sp. WB9	2594007	S	2	2	4	0.00000
Rhodococcus sp. W8901	2742603	S	2	0	2	0.00000
Rhodococcus sp. DMU1	2722825	S	1	2	3	0.00000
Rhodococcus sp. 21391	2683591	S	1	3	4	0.00000
Rhodococcus sp. R79	2811421	S	1	0	1	0.00000
Rhodococcus sp. PBTS 2	1653479	S	1	0	1	0.00000
Rhodococcus sp. 2G	1570939	S	1	2	3	0.00000
Rhodococcus sp. p52	935199	S	1	3	4	0.00000
Rhodococcus qingshengii	334542	S	69	289	358	0.00000
Rhodococcus erythropolis	1833	S	54	151	205	0.00000
Rhodococcus koreensis	99653	S	10	1	11	0.00000
Rhodococcus opacus	37919	S	9	2	11	0.00000
Rhodococcus hoagii	43767	S	9	1	10	0.00000
Rhodococcus ruber	1830	S	6	0	6	0.00000
Rhodococcus fascians	1828	S	5	0	5	0.00000
Rhodococcus coprophilus	38310	S	5	0	5	0.00000
Rhodococcus rhodochrous	1829	S	4	0	4	0.00000
Rhodococcus pyridinivorans	103816	S	3	6	9	0.00000
Rhodococcus jostii	132919	S	3	0	3	0.00000
Rhodococcus triatomae	300028	S	2	0	2	0.00000
Nocardia sp. CS682	1047172	S	11	0	11	0.00000
Nocardia sp. WCH-YHL-001	2755382	S	8	0	8	0.00000
Nocardia asteroides	1824	S	16	2	18	0.00000
Nocardia mangyaensis	2213200	S	15	1	16	0.00000
Nocardia arthritidis	228602	S	13	0	13	0.00000
Nocardia brasiliensis	37326	S	12	1	13	0.00000
Nocardia terpenica	455432	S	12	0	12	0.00000
Nocardia nova	37330	S	10	0	10	0.00000
Nocardia seriolae	37332	S	10	1	11	0.00000
Nocardia cyriacigeorgica	135487	S	7	1	8	0.00000
Nocardia yunnanensis	2382165	S	7	0	7	0.00000
Nocardia otitidiscaviarum	1823	S	6	0	6	0.00000
Nocardia farcinica	37329	S	4	0	4	0.00000
Nocardia wallacei	480035	S	4	0	4	0.00000
Mycolicibacterium aurum	1791	S	20	1	21	0.00000
Mycolicibacterium phlei	1771	S	13	1	14	0.00000
Mycolicibacterium litorale	758802	S	13	1	14	0.00000
Mycolicibacterium mucogenicum	56689	S	11	1	12	0.00000
Mycolicibacterium arabiense	1286181	S	11	0	11	0.00000
Mycolicibacterium fortuitum	1766	S	11	1	12	0.00000
Mycolicibacterium anyangense	1431246	S	10	0	10	0.00000
Mycolicibacterium fallax	1793	S	10	1	11	0.00000
Mycolicibacterium sediminis	1286180	S	9	0	9	0.00000
Mycolicibacterium insubricum	444597	S	9	1	10	0.00000
Mycolicibacterium vaccae	1810	S	9	0	9	0.00000
Mycolicibacterium aubagnense	319707	S	8	0	8	0.00000
Mycolicibacterium frederiksbergense	117567	S	8	1	9	0.00000
Mycolicibacterium chubuense	1800	S	7	0	7	0.00000
Mycolicibacterium rutilum	370526	S	7	1	8	0.00000
Mycolicibacterium phocaicum	319706	S	7	1	8	0.00000
Mycolicibacterium mageritense	53462	S	7	0	7	0.00000
Mycolicibacterium thermoresistibile	1797	S	6	0	6	0.00000
Mycolicibacterium sp. LJ126	2761578	S	4	0	4	0.00000
Mycolicibacterium sp. Z-34	2736649	S	2	0	2	0.00000
Mycolicibacterium boenickei	146017	S	6	9	15	0.00000
Mycolicibacterium goodii	134601	S	6	0	6	0.00000
Mycolicibacterium doricum	126673	S	6	0	6	0.00000
Mycolicibacterium smegmatis	1772	S	6	0	6	0.00000
Mycolicibacterium gilvum	1804	S	6	0	6	0.00000
Mycolicibacterium moriokaense	39691	S	6	0	6	0.00000
Mycolicibacterium hassiacum	46351	S	5	0	5	0.00000
Mycolicibacterium fluoranthenivorans	258505	S	5	0	5	0.00000
Mycolicibacterium parafortuitum	39692	S	5	0	5	0.00000
Mycolicibacterium duvalii	39688	S	5	0	5	0.00000
Mycolicibacterium pulveris	36813	S	4	0	4	0.00000
Mycolicibacterium psychrotolerans	216929	S	4	0	4	0.00000
Mycolicibacterium alvei	67081	S	3	0	3	0.00000
Mycolicibacterium celeriflavum	1249101	S	3	0	3	0.00000
Mycolicibacterium tokaiense	39695	S	3	0	3	0.00000
Mycolicibacterium aichiense	1799	S	3	0	3	0.00000
Mycolicibacterium madagascariense	212765	S	2	0	2	0.00000
Mycolicibacterium poriferae	39694	S	2	4	6	0.00000
Mycolicibacterium helvum	1534349	S	2	0	2	0.00000
Mycolicibacterium confluentis	28047	S	2	0	2	0.00000
Mycolicibacterium chitae	1792	S	2	0	2	0.00000
Mycolicibacterium nivoides	2487344	S	1	5	6	0.00000
Mycolicibacterium vanbaalenii	110539	S	1	4	5	0.00000
Mycolicibacterium austroafricanum	39687	S	1	4	5	0.00000
Mycolicibacterium rhodesiae	36814	S	1	0	1	0.00000
Mycobacterium sp. EPa45	1545728	S	7	0	7	0.00000
Mycobacterium sp. MS1601	1936029	S	7	0	7	0.00000
Mycobacterium sp. ELW1	1547487	S	5	0	5	0.00000
Mycobacterium sp. YC-RL4	1682113	S	5	0	5	0.00000
Mycobacterium sp. THAF192	2587868	S	5	10	15	0.00000
Mycobacterium sp. DL440	2675523	S	4	0	4	0.00000
Mycobacterium sp. PYR15	2051552	S	3	6	9	0.00000
Mycobacterium sp. KMS	189918	S	2	9	11	0.00000
Mycobacterium sp. DL592	2675524	S	2	0	2	0.00000
Mycobacterium sp. JS623	212767	S	1	0	1	0.00000
Mycobacterium avium	1764	S	19	6	25	0.00000
Mycobacterium intracellulare	1767	S	4	10	14	0.00000
Mycobacterium colombiense	339268	S	2	0	2	0.00000
Mycobacterium mantenii	560555	S	2	0	2	0.00000
Mycobacterium marseillense	701042	S	1	0	1	0.00000
Mycobacterium parmense	185642	S	6	0	6	0.00000
Mycobacterium saskatchewanense	220927	S	6	0	6	0.00000
Mycobacterium florentinum	292462	S	6	0	6	0.00000
Mycobacterium simiae	1784	S	2	0	2	0.00000
Mycobacterium kubicae	120959	S	2	0	2	0.00000
Mycobacterium shigaense	722731	S	2	0	2	0.00000
Mycobacterium heidelbergense	53376	S	1	0	1	0.00000
Mycobacterium stomatepiae	470076	S	1	0	1	0.00000
Mycobacterium gordonae	1778	S	14	0	14	0.00000
Mycobacterium tuberculosis	1773	S	3	7	10	0.00000
Mycobacterium conspicuum	44010	S	6	0	6	0.00000
Mycobacterium noviomagense	459858	S	5	0	5	0.00000
Mycobacterium grossiae	1552759	S	5	0	5	0.00000
Mycobacterium kansasii	1768	S	5	0	5	0.00000
Mycobacterium basiliense	2094119	S	4	0	4	0.00000
Mycobacterium paraseoulense	590652	S	4	0	4	0.00000
Mycobacterium lacus	169765	S	4	0	4	0.00000
Mycobacterium cookii	1775	S	3	0	3	0.00000
Mycobacterium riyadhense	486698	S	3	0	3	0.00000
Mycobacterium xenopi	1789	S	3	0	3	0.00000
Mycobacterium heckeshornense	110505	S	3	0	3	0.00000
Mycobacterium branderi	43348	S	3	0	3	0.00000
Mycobacterium haemophilum	29311	S	3	0	3	0.00000
Mycobacterium paragordonae	1389713	S	2	0	2	0.00000
Mycobacterium gallinarum	39689	S	2	0	2	0.00000
Mycobacterium shinjukuense	398694	S	2	0	2	0.00000
Mycobacterium dioxanotrophicus	482462	S	2	0	2	0.00000
Mycobacterium marinum	1781	S	2	4	6	0.00000
Mycobacterium shottsii	133549	S	1	1	2	0.00000
Mycobacterium liflandii	261524	S	1	7	8	0.00000
Mycobacterium leprae	1769	S	1	0	1	0.00000
Mycobacteroides abscessus	36809	S	18	3	21	0.00000
Mycobacteroides chelonae	1774	S	13	12	25	0.00000
Mycobacteroides salmoniphilum	404941	S	12	0	12	0.00000
Mycobacteroides immunogenum	83262	S	2	0	2	0.00000
[Mycobacterium] stephanolepidis	1520670	S	1	0	1	0.00000
Mycobacteroides saopaulense	1578165	S	1	0	1	0.00000
Mycolicibacter terrae	1788	S	5	0	5	0.00000
Mycolicibacter hiberniae	29314	S	5	0	5	0.00000
Mycolicibacter minnesotensis	1118379	S	4	0	4	0.00000
Mycolicibacillus koreensis	1069220	S	9	1	10	0.00000
Hoyosella subflava	639313	S	4	0	4	0.00000
Corynebacterium sp. LMM-1652	2487892	S	8	0	8	0.00000
Corynebacterium sp. zg-320	2768834	S	6	0	6	0.00000
Corynebacterium sp. 2039	2675219	S	5	0	5	0.00000
Corynebacterium sp. zg-917	2763010	S	3	0	3	0.00000
Corynebacterium sp. 4H37-19	2684405	S	3	0	3	0.00000
Corynebacterium sp. Marseille-Q3630	2754725	S	2	0	2	0.00000
Corynebacterium sp. ZJ-599	2709394	S	2	0	2	0.00000
Corynebacterium sp. MC1420	2709392	S	2	0	2	0.00000
Corynebacterium sp. NML93-0612	699041	S	1	2	3	0.00000
Corynebacterium sp. sy039	2599641	S	1	0	1	0.00000
Corynebacterium sp. NML98-0116	702967	S	1	0	1	0.00000
Corynebacterium xerosis	1725	S	32	4	36	0.00000
Corynebacterium tuberculostearicum	38304	S	24	6	30	0.00000
Corynebacterium kefirresidentii	1979527	S	20	7	27	0.00000
Corynebacterium lactis	1231000	S	14	0	14	0.00000
Corynebacterium jeikeium	38289	S	14	13	27	0.00000
Corynebacterium genitalium	38288	S	13	0	13	0.00000
Corynebacterium ammoniagenes	1697	S	11	1	12	0.00000
Corynebacterium aurimucosum	169292	S	10	1	11	0.00000
Corynebacterium matruchotii	43768	S	10	0	10	0.00000
Corynebacterium bovis	36808	S	10	0	10	0.00000
Corynebacterium frankenforstense	1230998	S	9	0	9	0.00000
Corynebacterium striatum	43770	S	8	2	10	0.00000
Corynebacterium maris	575200	S	7	0	7	0.00000
Corynebacterium ulcerans	65058	S	7	0	7	0.00000
Corynebacterium vitaeruminis	38305	S	7	0	7	0.00000
Corynebacterium nuruki	1032851	S	7	0	7	0.00000
Corynebacterium diphtheriae	1717	S	7	4	11	0.00000
Corynebacterium minutissimum	38301	S	6	2	8	0.00000
Corynebacterium imitans	156978	S	6	0	6	0.00000
Corynebacterium segmentosum	43990	S	6	0	6	0.00000
Corynebacterium marinum	349751	S	5	1	6	0.00000
Corynebacterium stationis	1705	S	5	0	5	0.00000
Corynebacterium doosanense	1121358	S	5	1	6	0.00000
Corynebacterium glucuronolyticum	39791	S	5	0	5	0.00000
Corynebacterium sphenisci	191493	S	5	0	5	0.00000
Corynebacterium urealyticum	43771	S	5	1	6	0.00000
Corynebacterium ureicelerivorans	401472	S	5	0	5	0.00000
Corynebacterium anserum	2684406	S	5	0	5	0.00000
Corynebacterium glaucum	187491	S	4	0	4	0.00000
Corynebacterium singulare	161899	S	4	0	4	0.00000
Corynebacterium glyciniphilum	1404244	S	4	0	4	0.00000
Corynebacterium kroppenstedtii	161879	S	4	0	4	0.00000
Corynebacterium riegelii	156976	S	4	0	4	0.00000
Corynebacterium efficiens	152794	S	4	0	4	0.00000
Corynebacterium variabile	1727	S	4	1	5	0.00000
Corynebacterium yudongzhengii	2080740	S	4	0	4	0.00000
Corynebacterium crudilactis	1652495	S	3	0	3	0.00000
Corynebacterium provencense	1737425	S	3	0	3	0.00000
Corynebacterium mycetoides	38302	S	3	0	3	0.00000
Corynebacterium geronticis	2079234	S	3	0	3	0.00000
Corynebacterium terpenotabidum	89154	S	3	0	3	0.00000
Corynebacterium argentoratense	42817	S	3	0	3	0.00000
Corynebacterium liangguodongii	2079535	S	3	0	3	0.00000
Corynebacterium pseudopelargi	2080757	S	3	0	3	0.00000
Corynebacterium amycolatum	43765	S	3	12	15	0.00000
Corynebacterium rouxii	2719119	S	2	0	2	0.00000
Corynebacterium uterequi	1072256	S	2	0	2	0.00000
Corynebacterium endometrii	2488819	S	2	0	2	0.00000
Corynebacterium suranareeae	2506452	S	2	0	2	0.00000
Corynebacterium sanguinis	2594913	S	2	0	2	0.00000
Corynebacterium timonense	441500	S	2	0	2	0.00000
Corynebacterium callunae	1721	S	2	0	2	0.00000
Corynebacterium flavescens	28028	S	2	0	2	0.00000
Corynebacterium cystitidis	35757	S	2	0	2	0.00000
Corynebacterium simulans	146827	S	2	0	2	0.00000
Corynebacterium casei	160386	S	2	1	3	0.00000
Corynebacterium phocae	161895	S	2	0	2	0.00000
Corynebacterium camporealensis	161896	S	2	0	2	0.00000
Corynebacterium glutamicum	1718	S	1	7	8	0.00000
Corynebacterium pseudotuberculosis	1719	S	1	0	1	0.00000
Corynebacterium mustelae	571915	S	1	0	1	0.00000
Corynebacterium aquilae	203263	S	1	0	1	0.00000
Corynebacterium halotolerans	225326	S	1	0	1	0.00000
Corynebacterium renale	1724	S	1	0	1	0.00000
Corynebacterium testudinoris	136857	S	1	0	1	0.00000
Corynebacterium resistens	258224	S	1	0	1	0.00000
Corynebacterium atypicum	191610	S	1	0	1	0.00000
Corynebacterium macginleyi	38290	S	1	0	1	0.00000
Gordonia bronchialis	2054	S	51	4	55	0.00000
Gordonia sp. KTR9	337191	S	9	0	9	0.00000
Gordonia sp. 135	2676309	S	4	6	10	0.00000
Gordonia sp. PDNC005	2811424	S	3	0	3	0.00000
Gordonia sp. 1D	1737359	S	2	4	6	0.00000
Gordonia sp. YC-JH1	2059875	S	2	0	2	0.00000
Gordonia sp. HY186	2597659	S	2	0	2	0.00000
Gordonia sp. JH63	2698900	S	2	1	3	0.00000
Gordonia polyisoprenivorans	84595	S	13	0	13	0.00000
Gordonia phthalatica	1136941	S	13	2	15	0.00000
Gordonia terrae	2055	S	11	3	14	0.00000
Gordonia rubripertincta	36822	S	11	3	14	0.00000
Gordonia iterans	1004901	S	11	1	12	0.00000
Gordonia insulae	2420509	S	11	0	11	0.00000
Gordonia alkanivorans	84096	S	1	1	2	0.00000
Gordonia ajococcus	1292359	S	1	2	3	0.00000
Tsukamurella tyrosinosolvens	57704	S	33	7	40	0.00000
Tsukamurella paurometabola	2061	S	32	3	35	0.00000
Lawsonella clevelandensis	1528099	S	25	0	25	0.00000
Dietzia sp. oral taxon 368	712270	S	4	3	7	0.00000
Dietzia psychralcaliphila	139021	S	4	0	4	0.00000
Dietzia timorensis	499555	S	4	1	5	0.00000
Dietzia lutea	546160	S	1	0	1	0.00000
Tomitella sp. HY172	2760083	S	6	0	6	0.00000
Tomitella sp. HY188	2597660	S	4	0	4	0.00000
Segniliparus rotundus	286802	S	3	0	3	0.00000
Streptomyces sp. Rer75	2750011	S	12	1	13	0.00000
Streptomyces sp. RTd22	1841249	S	12	1	13	0.00000
Streptomyces sp. SCUT-3	2684469	S	11	1	12	0.00000
Streptomyces sp. P3	2135430	S	11	0	11	0.00000
Streptomyces sp. So13.3	2136173	S	11	0	11	0.00000
Streptomyces sp. CCM_MD2014	1561022	S	10	2	12	0.00000
Streptomyces sp. W1SF4	2305220	S	10	0	10	0.00000
Streptomyces sp. 3214.6	1882757	S	10	0	10	0.00000
Streptomyces sp. SN-593	659352	S	10	0	10	0.00000
Streptomyces sp. CRXT-G-22	2768066	S	10	0	10	0.00000
Streptomyces sp. TLI_053	1855352	S	9	0	9	0.00000
Streptomyces sp. NA02950	2742137	S	8	0	8	0.00000
Streptomyces sp. DSM 40868	2721173	S	8	0	8	0.00000
Streptomyces sp. CRPJ-33	2768068	S	8	0	8	0.00000
Streptomyces sp. CRXT-Y-14	2768069	S	8	0	8	0.00000
Streptomyces sp. SAT1	1849967	S	8	0	8	0.00000
Streptomyces sp. RPA4-2	2721244	S	7	0	7	0.00000
Streptomyces sp. SCSIO 3032	1264596	S	7	0	7	0.00000
Streptomyces sp. MBT27	1488356	S	7	0	7	0.00000
Streptomyces sp. JB150	2714844	S	7	0	7	0.00000
Streptomyces sp. M2	646637	S	7	0	7	0.00000
Streptomyces sp. ZYC-3	2797636	S	7	0	7	0.00000
Streptomyces sp. endophyte_N2	2153485	S	6	4	10	0.00000
Streptomyces sp. PBH53	1577075	S	6	0	6	0.00000
Streptomyces sp. Tu 2975	2676871	S	6	0	6	0.00000
Streptomyces sp. QMT-12	2717324	S	5	0	5	0.00000
Streptomyces sp. INR7	2607753	S	5	0	5	0.00000
Streptomyces sp. WAC 01438	2203204	S	5	0	5	0.00000
Streptomyces sp. WAC 01529	2203205	S	5	0	5	0.00000
Streptomyces sp. SM18	1736046	S	5	0	5	0.00000
Streptomyces sp. CdTB01	1725411	S	5	0	5	0.00000
Streptomyces sp. S1D4-20	2594462	S	5	33	38	0.00000
Streptomyces sp. SirexAA-E	862751	S	5	0	5	0.00000
Streptomyces sp. TN58	234612	S	5	0	5	0.00000
Streptomyces sp. CNQ-509	444103	S	5	1	6	0.00000
Streptomyces sp. HSG2	2797167	S	5	0	5	0.00000
Streptomyces sp. 2323.1	1938841	S	4	0	4	0.00000
Streptomyces sp. RLB1-33	2721243	S	4	0	4	0.00000
Streptomyces sp. CMB-StM0423	2059884	S	4	0	4	0.00000
Streptomyces sp. CB01881	2078691	S	4	0	4	0.00000
Streptomyces sp. CB09001	2083284	S	4	0	4	0.00000
Streptomyces sp. GS7	2692234	S	4	0	4	0.00000
Streptomyces sp. NEAU-sy36	2751189	S	4	0	4	0.00000
Streptomyces sp. Mg1	465541	S	4	0	4	0.00000
Streptomyces sp. YIM 121038	2136401	S	4	0	4	0.00000
Streptomyces sp. Z423-1	2730915	S	4	0	4	0.00000
Streptomyces sp. jing01	2726118	S	4	0	4	0.00000
Streptomyces sp. NHF165	2175864	S	4	0	4	0.00000
Streptomyces sp. S4.7	2705439	S	3	0	3	0.00000
Streptomyces sp. CB04723	2748873	S	3	1	4	0.00000
Streptomyces sp. Sge12	1972846	S	3	1	4	0.00000
Streptomyces sp. 3211	1964449	S	3	0	3	0.00000
Streptomyces sp. SUK 48	2582831	S	3	0	3	0.00000
Streptomyces sp. ADI95-16	1522758	S	3	0	3	0.00000
Streptomyces sp. PAMC 26508	1265601	S	3	3	6	0.00000
Streptomyces sp. AgN23	1188315	S	3	0	3	0.00000
Streptomyces sp. HF10	2692233	S	3	0	3	0.00000
Streptomyces sp. NA04227	2742136	S	2	0	2	0.00000
Streptomyces sp. CFMR 7	1649184	S	2	0	2	0.00000
Streptomyces sp. XC 2026	2782004	S	2	0	2	0.00000
Streptomyces sp. FR-008	206662	S	2	2	4	0.00000
Streptomyces sp. ID38640	1265399	S	2	0	2	0.00000
Streptomyces sp. fd1-xmd	1812480	S	2	0	2	0.00000
Streptomyces sp. VN1	1821625	S	2	2	4	0.00000
Streptomyces sp. RPA4-5	2721245	S	2	0	2	0.00000
Streptomyces sp. NA02536	2742133	S	2	1	3	0.00000
Streptomyces sp. Go-475	2072505	S	2	0	2	0.00000
Streptomyces sp. S063	2005885	S	2	0	2	0.00000
Streptomyces sp. Z022	1442032	S	2	0	2	0.00000
Streptomyces sp. MOE7	1961713	S	2	0	2	0.00000
Streptomyces sp. S1A1-7	2594459	S	1	2	3	0.00000
Streptomyces sp. HM190	2695266	S	1	0	1	0.00000
Streptomyces sp. CC0208	2306165	S	1	7	8	0.00000
Streptomyces sp. GF20	2692235	S	1	1	2	0.00000
Streptomyces sp. C8S0	2585716	S	1	0	1	0.00000
Streptomyces sp. QHH-9511	2684468	S	1	0	1	0.00000
Streptomyces sp. SYP-A7193	2662065	S	1	0	1	0.00000
Streptomyces sp. KPB2	2305221	S	1	1	2	0.00000
Streptomyces sp. WAC 06738	2203210	S	1	0	1	0.00000
Streptomyces sp. NEAU-S7GS2	2202000	S	1	0	1	0.00000
Streptomyces sp. GBA 94-10	1218177	S	1	3	4	0.00000
Streptomyces sp. 769	1262452	S	1	0	1	0.00000
Streptomyces sp. Tue 6075	1661694	S	1	0	1	0.00000
Streptomyces sp. M56	1495638	S	1	0	1	0.00000
Streptomyces sp. 604F	1476754	S	1	1	2	0.00000
Streptomyces venezuelae	54571	S	51	3	54	0.00000
Streptomyces lividans	1916	S	36	250	286	0.00000
Streptomyces chartreusis	1969	S	18	1	19	0.00000
Streptomyces rimosus	1927	S	17	0	17	0.00000
Streptomyces davaonensis	348043	S	17	0	17	0.00000
Streptomyces niveus	193462	S	16	0	16	0.00000
Streptomyces tsukubensis	83656	S	15	22	37	0.00000
Streptomyces albireticuli	1940	S	14	1	15	0.00000
Streptomyces globosus	68209	S	14	1	15	0.00000
Streptomyces cattleya	29303	S	14	0	14	0.00000
Streptomyces nitrosporeus	28894	S	13	0	13	0.00000
Streptomyces mobaraensis	35621	S	13	1	14	0.00000
Streptomyces spectabilis	68270	S	13	0	13	0.00000
Streptomyces globisporus	1908	S	7	1	8	0.00000
Streptomyces griseus	1911	S	5	0	5	0.00000
Streptomyces bingchenggensis	379067	S	11	0	11	0.00000
Streptomyces capitiformicae	2014920	S	11	0	11	0.00000
Streptomyces lydicus	47763	S	11	1	12	0.00000
Streptomyces alboflavus	67267	S	10	0	10	0.00000
Streptomyces griseoviridis	45398	S	10	0	10	0.00000
Streptomyces seoulensis	73044	S	10	0	10	0.00000
Streptomyces phaeolivaceus	2653200	S	10	0	10	0.00000
Streptomyces formicae	1616117	S	10	0	10	0.00000
Streptomyces hygroscopicus	1912	S	10	3	13	0.00000
Streptomyces lavendulae	1914	S	10	0	10	0.00000
Streptomyces galilaeus	33899	S	9	0	9	0.00000
Streptomyces lincolnensis	1915	S	9	0	9	0.00000
Streptomyces roseochromogenus	285450	S	9	0	9	0.00000
Streptomyces glomeroaurantiacus	68210	S	9	0	9	0.00000
Streptomyces pactum	68249	S	9	0	9	0.00000
Streptomyces albulus	68570	S	8	0	8	0.00000
Streptomyces finlayi	67296	S	8	0	8	0.00000
Streptomyces rapamycinicus	1226757	S	8	0	8	0.00000
Streptomyces platensis	58346	S	8	1	9	0.00000
Streptomyces paludis	2282738	S	8	0	8	0.00000
Streptomyces griseocarneus	51201	S	8	0	8	0.00000
Streptomyces cyaneochromogenes	2496836	S	8	0	8	0.00000
Streptomyces buecherae	2763006	S	8	0	8	0.00000
Streptomyces collinus	42684	S	8	0	8	0.00000
Streptomyces exfoliatus	1905	S	8	0	8	0.00000
Streptomyces ambofaciens	1889	S	8	0	8	0.00000
Streptomyces rectiverticillatus	173860	S	7	0	7	0.00000
Streptomyces avermitilis	33903	S	7	0	7	0.00000
Streptomyces armeniacus	83291	S	7	0	7	0.00000
Streptomyces violaceoruber	1935	S	7	7	14	0.00000
Streptomyces antimycoticus	68175	S	7	1	8	0.00000
Streptomyces clavuligerus	1901	S	7	0	7	0.00000
Streptomyces spongiicola	1690221	S	7	0	7	0.00000
Streptomyces subrutilus	36818	S	7	0	7	0.00000
Streptomyces qaidamensis	1783515	S	7	0	7	0.00000
Streptomyces vinaceus	1960	S	7	0	7	0.00000
Streptomyces katrae	68223	S	7	0	7	0.00000
Streptomyces fagopyri	2662397	S	7	0	7	0.00000
Streptomyces tendae	1932	S	6	0	6	0.00000
Streptomyces parvulus	146923	S	6	0	6	0.00000
Streptomyces coeruleorubidus	116188	S	6	0	6	0.00000
Streptomyces kanamyceticus	1967	S	6	0	6	0.00000
Streptomyces asterosporus	285570	S	6	0	6	0.00000
Streptomyces incarnatus	665007	S	6	0	6	0.00000
Streptomyces xinghaiensis	1038928	S	6	0	6	0.00000
Streptomyces hundungensis	1077946	S	6	0	6	0.00000
Streptomyces harbinensis	1176198	S	6	0	6	0.00000
Streptomyces antibioticus	1890	S	6	0	6	0.00000
Streptomyces aquilus	2548456	S	6	0	6	0.00000
Streptomyces albus	1888	S	6	0	6	0.00000
Streptomyces griseochromogenes	68214	S	5	0	5	0.00000
Streptomyces rutgersensis	53451	S	5	0	5	0.00000
Streptomyces gilvosporeus	553510	S	5	0	5	0.00000
Streptomyces peucetius	1950	S	5	0	5	0.00000
Streptomyces ferrugineus	1413221	S	5	0	5	0.00000
Streptomyces broussonetiae	2686304	S	5	0	5	0.00000
Streptomyces olivaceus	47716	S	5	2	7	0.00000
Streptomyces ficellus	1977088	S	4	0	4	0.00000
Streptomyces griseorubiginosus	67304	S	4	0	4	0.00000
Streptomyces vietnamensis	362257	S	4	0	4	0.00000
Streptomyces tirandamycinicus	2174846	S	4	0	4	0.00000
Streptomyces hawaiiensis	67305	S	4	0	4	0.00000
Streptomyces prasinus	67345	S	4	0	4	0.00000
Streptomyces pratensis	1169025	S	4	0	4	0.00000
Streptomyces cyanogenus	80860	S	4	0	4	0.00000
Streptomyces albidoflavus	1886	S	4	3	7	0.00000
Streptomyces tuirus	68278	S	4	0	4	0.00000
Streptomyces cyaneogriseus	68192	S	4	0	4	0.00000
Streptomyces olivoreticuli	68246	S	4	0	4	0.00000
Streptomyces noursei	1971	S	4	0	4	0.00000
Streptomyces pristinaespiralis	38300	S	3	0	3	0.00000
Streptomyces gardneri	66892	S	3	0	3	0.00000
Streptomyces cavourensis	67258	S	3	1	4	0.00000
Streptomyces cacaoi	1898	S	3	0	3	0.00000
Streptomyces murinus	33900	S	3	1	4	0.00000
Streptomyces dengpaensis	2049881	S	3	0	3	0.00000
Streptomyces fodineus	1904616	S	3	0	3	0.00000
Streptomyces nojiriensis	66374	S	3	0	3	0.00000
Streptomyces bathyalis	2710756	S	3	0	3	0.00000
Streptomyces atratus	1893	S	3	0	3	0.00000
Streptomyces violaceusniger	68280	S	3	0	3	0.00000
Streptomyces chromofuscus	42881	S	3	0	3	0.00000
Streptomyces nodosus	40318	S	3	0	3	0.00000
Streptomyces qinzhouensis	2599401	S	2	0	2	0.00000
Streptomyces alfalfae	1642299	S	2	2	4	0.00000
Streptomyces viridosporus	67581	S	2	0	2	0.00000
Streptomyces pluripotens	1355015	S	2	0	2	0.00000
Streptomyces aureoverticillatus	66871	S	2	0	2	0.00000
Streptomyces scabiei	1930	S	2	4	6	0.00000
Streptomyces alboniger	132473	S	2	0	2	0.00000
Streptomyces griseofuscus	146922	S	2	2	4	0.00000
Streptomyces koyangensis	188770	S	2	0	2	0.00000
Streptomyces fulvissimus	68202	S	2	1	3	0.00000
Streptomyces xiamenensis	408015	S	2	0	2	0.00000
Streptomyces glaucescens	1907	S	2	0	2	0.00000
Streptomyces actuosus	1885	S	1	0	1	0.00000
Streptomyces nigra	1827580	S	1	0	1	0.00000
Streptomyces solisilvae	1929477	S	1	0	1	0.00000
Streptomyces viridifaciens	48665	S	1	3	4	0.00000
Streptomyces cadmiisoli	2184053	S	1	0	1	0.00000
Streptomyces lunaelactis	1535768	S	1	0	1	0.00000
Streptomyces luteoverticillatus	66425	S	1	0	1	0.00000
Streptomyces californicus	67351	S	1	0	1	0.00000
Streptomyces rochei	1928	S	1	1	2	0.00000
Kitasatospora sp. NA04385	2742135	S	15	2	17	0.00000
Kitasatospora sp. MMS16-BH015	2018025	S	7	0	7	0.00000
Kitasatospora setae	2066	S	14	2	16	0.00000
Kitasatospora albolonga	68173	S	3	0	3	0.00000
Kitasatospora aureofaciens	1894	S	1	3	4	0.00000
Streptacidiphilus sp. P02-A3a	2704468	S	20	1	21	0.00000
Streptacidiphilus sp. PB12-B1b	2705012	S	5	0	5	0.00000
Streptacidiphilus bronchialis	2126346	S	5	0	5	0.00000
Amycolatopsis sp. FDAARGOS 1241	2778070	S	14	0	14	0.00000
Amycolatopsis sp. Hca4	2742131	S	12	2	14	0.00000
Amycolatopsis sp. YIM 10	2653857	S	9	1	10	0.00000
Amycolatopsis sp. BJA-103	1911175	S	6	1	7	0.00000
Amycolatopsis sp. AA4	1896961	S	3	0	3	0.00000
Amycolatopsis mediterranei	33910	S	22	0	22	0.00000
Amycolatopsis methanolica	1814	S	12	1	13	0.00000
Amycolatopsis albispora	1804986	S	8	2	10	0.00000
Amycolatopsis keratiniphila	129921	S	7	5	12	0.00000
Amycolatopsis japonica	208439	S	5	5	10	0.00000
Amycolatopsis orientalis	31958	S	3	0	3	0.00000
Pseudonocardia sp. CGMCC 4.1532	2761535	S	19	1	20	0.00000
Pseudonocardia sp. AL041005-10	445576	S	10	4	14	0.00000
Pseudonocardia sp. HH130630-07	1690815	S	8	7	15	0.00000
Pseudonocardia sp. HH130629-09	1641402	S	7	7	14	0.00000
Pseudonocardia broussonetiae	2736640	S	16	1	17	0.00000
Pseudonocardia dioxanivorans	240495	S	11	1	12	0.00000
Pseudonocardia autotrophica	2074	S	6	0	6	0.00000
Saccharothrix syringae	103733	S	23	2	25	0.00000
Saccharothrix espanaensis	103731	S	18	1	19	0.00000
Saccharothrix sp. 6-C	2781735	S	14	1	15	0.00000
Saccharomonospora viridis	1852	S	6	0	6	0.00000
Saccharomonospora cyanea	40989	S	5	1	6	0.00000
Saccharomonospora marina	632569	S	5	0	5	0.00000
Saccharomonospora azurea	40988	S	4	0	4	0.00000
Saccharomonospora xinjiangensis	75294	S	4	0	4	0.00000
Saccharomonospora glauca	40990	S	2	0	2	0.00000
Saccharopolyspora erythraea	1836	S	10	0	10	0.00000
Saccharopolyspora spinosa	60894	S	4	0	4	0.00000
Saccharopolyspora pogona	333966	S	3	1	4	0.00000
Saccharopolyspora coralli	2665642	S	2	0	2	0.00000
Saccharopolyspora sp. ASAGF58	2719023	S	1	0	1	0.00000
Actinosynnema pretiosum	42197	S	10	4	14	0.00000
Actinosynnema mirum	40567	S	1	5	6	0.00000
Actinoalloteichus hoggarensis	1470176	S	6	0	6	0.00000
Actinoalloteichus hymeniacidonis	340345	S	2	0	2	0.00000
Actinoalloteichus sp. GBA129-24	1612551	S	1	9	10	0.00000
Kibdelosporangium phytohabitans	860235	S	14	0	14	0.00000
Kutzneria albida	43357	S	12	0	12	0.00000
Allokutzneria albata	211114	S	12	1	13	0.00000
Prauserella marina	530584	S	11	0	11	0.00000
Lentzea guizhouensis	1586287	S	11	0	11	0.00000
Alloactinosynnema sp. L-07	1653480	S	6	0	6	0.00000
Micromonospora sp. 28ISP2-46	2749844	S	20	4	24	0.00000
Micromonospora sp. B006	2201999	S	10	3	13	0.00000
Micromonospora sp. WMMC415	2675222	S	8	1	9	0.00000
Micromonospora sp. WMMA2032	2039870	S	7	1	8	0.00000
Micromonospora sp. HM134	2583243	S	3	0	3	0.00000
Micromonospora echinofusca	47858	S	12	2	14	0.00000
Micromonospora krabiensis	307121	S	9	1	10	0.00000
Micromonospora viridifaciens	1881	S	8	1	9	0.00000
Micromonospora coxensis	356852	S	8	2	10	0.00000
Micromonospora carbonacea	47853	S	8	1	9	0.00000
Micromonospora rifamycinica	291594	S	7	1	8	0.00000
Micromonospora siamensis	299152	S	6	1	7	0.00000
Micromonospora echinospora	1877	S	6	0	6	0.00000
Micromonospora craniellae	2294034	S	6	1	7	0.00000
Micromonospora sagamiensis	47875	S	5	0	5	0.00000
Micromonospora echinaurantiaca	47857	S	5	1	6	0.00000
Micromonospora zamorensis	709883	S	5	0	5	0.00000
Micromonospora terminaliae	1914461	S	5	1	6	0.00000
Micromonospora coriariae	285665	S	4	0	4	0.00000
Micromonospora maris	1003110	S	4	0	4	0.00000
Micromonospora inositola	47865	S	4	0	4	0.00000
Micromonospora auratinigra	261654	S	3	0	3	0.00000
Micromonospora chokoriensis	356851	S	3	0	3	0.00000
Micromonospora purpureochromogenes	47872	S	3	0	3	0.00000
Micromonospora narathiwatensis	299146	S	2	0	2	0.00000
Micromonospora tulbaghiae	479978	S	2	1	3	0.00000
Actinoplanes sp. OR16	946334	S	11	12	23	0.00000
Actinoplanes sp. N902-109	649831	S	10	5	15	0.00000
Actinoplanes missouriensis	1866	S	11	2	13	0.00000
Actinoplanes teichomyceticus	1867	S	11	2	13	0.00000
Actinoplanes friuliensis	196914	S	9	0	9	0.00000
Actinoplanes derwentensis	113562	S	6	0	6	0.00000
Phytohabitans suffuscus	624315	S	11	1	12	0.00000
Phytohabitans flavus	1076124	S	5	0	5	0.00000
Actinocatenispora thailandica	227318	S	14	0	14	0.00000
Plantactinospora sp. BC1	2108470	S	3	4	7	0.00000
Plantactinospora sp. KBS50	2024580	S	2	0	2	0.00000
Plantactinospora sp. BB1	2071627	S	1	1	2	0.00000
Verrucosispora sp. NA02020	2742132	S	7	2	9	0.00000
Salinispora arenicola	168697	S	3	0	3	0.00000
Salinispora tropica	168695	S	2	0	2	0.00000
Actinomadura sp. WMMA1423	2591108	S	16	1	17	0.00000
Actinomadura sp. WMMB 499	1219491	S	15	1	16	0.00000
Actinomadura sp. NAK00032	2742128	S	11	1	12	0.00000
Actinomadura verrucosospora	46165	S	17	1	18	0.00000
Thermomonospora curvata	2020	S	6	0	6	0.00000
Streptosporangium roseum	2001	S	19	4	23	0.00000
Streptosporangium sp. 'caverna'	2202249	S	9	1	10	0.00000
Nonomuraea sp. ATCC 55076	1909395	S	15	1	16	0.00000
Nonomuraea nitratireducens	2656914	S	14	1	15	0.00000
Thermobispora bispora	2006	S	1	0	1	0.00000
Nocardiopsis gilva	280236	S	5	0	5	0.00000
Nocardiopsis dassonvillei	2014	S	4	0	4	0.00000
Nocardiopsis alba	53437	S	3	0	3	0.00000
Streptomonospora sp. M2	2498135	S	9	0	9	0.00000
Thermobifida fusca	2021	S	2	0	2	0.00000
Actinomyces sp. oral taxon 414	712122	S	6	0	6	0.00000
Actinomyces sp. ZJ750	2744574	S	5	0	5	0.00000
Actinomyces sp. HMT 175	2789425	S	5	5	10	0.00000
Actinomyces sp. HMT897	2789424	S	3	3	6	0.00000
Actinomyces sp. Chiba101	1851395	S	2	0	2	0.00000
Actinomyces sp. Z16	2079536	S	2	0	2	0.00000
Actinomyces sp. ZJ34	2722820	S	2	0	2	0.00000
Actinomyces sp. oral taxon 169	712116	S	1	0	1	0.00000
Actinomyces sp. oral taxon 897	2081702	S	1	1	2	0.00000
Actinomyces sp. zg-332	2708340	S	1	0	1	0.00000
Actinomyces oris	544580	S	10	7	17	0.00000
Actinomyces viscosus	1656	S	6	0	6	0.00000
Actinomyces procaprae	2560010	S	4	0	4	0.00000
Actinomyces howellii	52771	S	3	0	3	0.00000
Actinomyces slackii	52774	S	3	0	3	0.00000
Actinomyces qiguomingii	2057800	S	2	0	2	0.00000
Actinomyces naeslundii	1655	S	1	0	1	0.00000
Actinomyces lilanjuaniae	2321394	S	1	0	1	0.00000
Schaalia odontolytica	1660	S	6	0	6	0.00000
Schaalia sp. JY-X169	2758572	S	4	0	4	0.00000
Schaalia sp. ZJ405	2709403	S	1	0	1	0.00000
Schaalia cardiffensis	181487	S	2	0	2	0.00000
Flaviflexus salsibiostraticola	1282737	S	5	0	5	0.00000
Flaviflexus sp. H23T48	2496867	S	1	0	1	0.00000
Flaviflexus sp. dk850	2758573	S	1	0	1	0.00000
Arcanobacterium haemolyticum	28264	S	2	0	2	0.00000
Arcanobacterium sp. JY-X040	2758440	S	2	0	2	0.00000
Arcanobacterium phocisimile	1302235	S	1	0	1	0.00000
Actinotignum schaalii	59505	S	3	0	3	0.00000
Fannyhessea vaginae	82135	S	3	0	3	0.00000
Trueperella sp. 19M2397	2733571	S	1	1	2	0.00000
Mobiluncus curtisii	2051	S	1	0	1	0.00000
Actinobaculum sp. 313	2495645	S	1	0	1	0.00000
Pauljensenia hongkongensis	178339	S	1	0	1	0.00000
Candidatus Planktophila sulfonica	1884904	S	37	1	38	0.00000
Candidatus Planktophila lacus	1884913	S	10	0	10	0.00000
Candidatus Planktophila dulcis	1884914	S	6	0	6	0.00000
Candidatus Planktophila limnetica	573600	S	5	0	5	0.00000
Candidatus Planktophila versatilis	1884905	S	3	0	3	0.00000
Candidatus Planktophila vernalis	1884907	S	2	0	2	0.00000
Candidatus Nanopelagicus abundans	1884916	S	6	0	6	0.00000
Candidatus Nanopelagicus hibericus	1884915	S	1	0	1	0.00000
Bifidobacterium longum	216816	S	13	7	20	0.00000
Bifidobacterium pseudolongum	1694	S	5	0	5	0.00000
Bifidobacterium choerinum	35760	S	3	0	3	0.00000
Bifidobacterium bifidum	1681	S	3	0	3	0.00000
Bifidobacterium asteroides	1684	S	2	0	2	0.00000
Bifidobacterium breve	1685	S	2	0	2	0.00000
Bifidobacterium catenulatum	1686	S	2	0	2	0.00000
Bifidobacterium adolescentis	1680	S	2	0	2	0.00000
Bifidobacterium scardovii	158787	S	2	0	2	0.00000
Bifidobacterium angulatum	1683	S	1	0	1	0.00000
Bifidobacterium eulemuris	1765219	S	1	0	1	0.00000
Bifidobacterium animalis	28025	S	1	0	1	0.00000
Bifidobacterium lemurum	1603886	S	1	0	1	0.00000
Bifidobacterium subtile	77635	S	1	0	1	0.00000
Bifidobacterium pullorum	78448	S	1	0	1	0.00000
Gardnerella vaginalis	2702	S	5	0	5	0.00000
Gardnerella leopoldii	2792978	S	2	0	2	0.00000
Frankia inefficax	298654	S	15	0	15	0.00000
Frankia sp. EAN1pec	298653	S	10	0	10	0.00000
Frankia sp. QA3	710111	S	3	0	3	0.00000
Frankia alni	1859	S	6	0	6	0.00000
Frankia casuarinae	106370	S	2	0	2	0.00000
Candidatus Frankia datiscae	2716812	S	1	0	1	0.00000
Blastococcus saxobsidens	138336	S	11	1	12	0.00000
Geodermatophilus obscurus	1861	S	10	1	11	0.00000
Modestobacter marinus	477641	S	7	0	7	0.00000
Jiangella sp. DSM 45060	1798224	S	12	3	15	0.00000
Jiangella alkaliphila	419479	S	8	2	10	0.00000
Nakamurella multipartita	53461	S	9	0	9	0.00000
Nakamurella panacisegetis	1090615	S	7	1	8	0.00000
Nakamurella sp. s14-144	1902245	S	2	0	2	0.00000
Nakamurella sp. PAMC28650	2762325	S	2	0	2	0.00000
Epidermidibacterium keratini	1891644	S	16	2	18	0.00000
Kineococcus radiotolerans	131568	S	13	1	14	0.00000
Catenulispora acidiphila	304895	S	11	0	11	0.00000
Stackebrandtia nassauensis	283811	S	7	0	7	0.00000
Jatrophihabitans sp. GAS493	1907575	S	5	0	5	0.00000
Acidothermus cellulolyticus	28049	S	4	0	4	0.00000
Actinopolyspora erythraea	414996	S	3	0	3	0.00000
Eggerthella sp. HF-1101	2690837	S	7	1	8	0.00000
Eggerthella lenta	84112	S	2	0	2	0.00000
Gordonibacter pamelaeae	471189	S	6	1	7	0.00000
Gordonibacter urolithinfaciens	1335613	S	4	0	4	0.00000
Adlercreutzia equolifaciens	446660	S	2	0	2	0.00000
Adlercreutzia sp. 8CFCBH1	2707299	S	2	0	2	0.00000
Denitrobacterium detoxificans	79604	S	3	0	3	0.00000
Arabia massiliensis	1870985	S	2	0	2	0.00000
Olsenella timonensis	1805478	S	3	0	3	0.00000
Olsenella sp. GAM18	2109685	S	2	0	2	0.00000
Olsenella sp. oral taxon 807	712411	S	1	0	1	0.00000
Olsenella umbonata	604330	S	2	0	2	0.00000
Olsenella uli	133926	S	1	0	1	0.00000
Parolsenella massiliensis	1871022	S	4	1	5	0.00000
Parolsenella catena	2003188	S	1	0	1	0.00000
Collinsella aerofaciens	74426	S	6	0	6	0.00000
Coriobacterium glomerans	33871	S	1	0	1	0.00000
Actinomarinicola tropica	2789776	S	30	1	31	0.00000
Ilumatobacter coccineus	467094	S	18	0	18	0.00000
Acidimicrobium ferrooxidans	53635	S	3	0	3	0.00000
Rubrobacter sp. SCSIO 52915	2653852	S	9	0	9	0.00000
Rubrobacter sp. SCSIO 52909	2653851	S	6	0	6	0.00000
Rubrobacter xylanophilus	49319	S	8	0	8	0.00000
Rubrobacter radiotolerans	42256	S	1	0	1	0.00000
Baekduia soli	496014	S	9	0	9	0.00000
Conexibacter sp. SYSU D00693	2812560	S	20	1	21	0.00000
Conexibacter woesei	191495	S	10	0	10	0.00000
Egicoccus halophilus	1670830	S	9	0	9	0.00000
Euzebya sp. DY32-46	1608957	S	5	0	5	0.00000
Egibacter rhizosphaerae	1670831	S	4	0	4	0.00000
Bacillus cereus	1396	S	382	158	540	0.00001
Bacillus thuringiensis	1428	S	23	9	32	0.00000
Bacillus cytotoxicus	580165	S	10	0	10	0.00000
Bacillus mycoides	1405	S	4	0	4	0.00000
Bacillus luti	2026191	S	4	0	4	0.00000
Bacillus pseudomycoides	64104	S	3	0	3	0.00000
Bacillus sp. ABP14	1892404	S	2	0	2	0.00000
Bacillus sp. HBCD-sjtu	2053832	S	1	0	1	0.00000
Bacillus albus	2026189	S	2	0	2	0.00000
Bacillus bombysepticus	658666	S	1	0	1	0.00000
Bacillus wiedmannii	1890302	S	1	0	1	0.00000
Bacillus paranthracis	2026186	S	1	1	2	0.00000
Bacillus tropicus	2026188	S	1	2	3	0.00000
Bacillus sp. FJAT-45348	2011012	S	7	0	7	0.00000
Bacillus sp. X1(2014)	1565991	S	6	0	6	0.00000
Bacillus sp. Y1	352858	S	5	0	5	0.00000
Bacillus sp. PAMC26568	2760090	S	4	0	4	0.00000
Bacillus sp. THAF10	2587848	S	3	0	3	0.00000
Bacillus sp. KH172YL63	2709784	S	3	0	3	0.00000
Bacillus sp. V3	2795526	S	3	0	3	0.00000
Bacillus sp. 1NLA3E	666686	S	3	0	3	0.00000
Bacillus sp. FJAT-42376	2014076	S	2	0	2	0.00000
Bacillus sp. SB49	1071080	S	2	0	2	0.00000
Bacillus sp. N1-1	2682541	S	2	1	3	0.00000
Bacillus sp. FJAT-22090	1581038	S	2	0	2	0.00000
Bacillus sp. PAMC26543	2762329	S	2	0	2	0.00000
Bacillus sp. HD4P25	2779776	S	2	0	2	0.00000
Bacillus sp. S3	486398	S	2	0	2	0.00000
Bacillus sp. N3536	2666127	S	1	0	1	0.00000
Bacillus sp. ms-22	2683680	S	1	0	1	0.00000
Bacillus sp. M4U3P1	2592382	S	1	0	1	0.00000
Bacillus sp. Cs-700	2589818	S	1	0	1	0.00000
Bacillus sp. NSP9.1	1071078	S	1	0	1	0.00000
Bacillus sp. CS13	2728853	S	1	0	1	0.00000
Bacillus sp. DSL-17	2567941	S	1	0	1	0.00000
Bacillus sp. SYJ	2529386	S	1	0	1	0.00000
Bacillus sp. BD59S	2499213	S	1	0	1	0.00000
Bacillus sp. PDNC022	2812759	S	1	0	1	0.00000
Bacillus subtilis	1423	S	13	14	27	0.00000
Bacillus velezensis	492670	S	2	7	9	0.00000
Bacillus amyloliquefaciens	1390	S	1	5	6	0.00000
Bacillus licheniformis	1402	S	2	2	4	0.00000
Bacillus atrophaeus	1452	S	2	2	4	0.00000
Bacillus mojavensis	72360	S	1	0	1	0.00000
Bacillus halotolerans	260554	S	1	0	1	0.00000
Bacillus vallismortis	72361	S	1	0	1	0.00000
Bacillus sonorensis	119858	S	1	0	1	0.00000
Bacillus tequilensis	227866	S	1	0	1	0.00000
Bacillus paralicheniformis	1648923	S	1	0	1	0.00000
Bacillus vini	1476025	S	23	0	23	0.00000
Bacillus oleronius	38875	S	8	0	8	0.00000
Bacillus altitudinis	293387	S	6	1	7	0.00000
Bacillus sporothermodurans	46224	S	6	0	6	0.00000
Bacillus infantis	324767	S	6	0	6	0.00000
Bacillus dafuensis	1742359	S	5	0	5	0.00000
Bacillus circulans	1397	S	5	0	5	0.00000
Bacillus marisflavi	189381	S	4	0	4	0.00000
Bacillus weihaiensis	1547283	S	3	0	3	0.00000
Bacillus methanolicus	1471	S	3	0	3	0.00000
Bacillus vietnamensis	218284	S	2	0	2	0.00000
Bacillus ciccensis	1670641	S	2	0	2	0.00000
Bacillus xiamenensis	1178537	S	2	0	2	0.00000
Bacillus cohnii	33932	S	2	0	2	0.00000
Bacillus safensis	561879	S	1	0	1	0.00000
Bacillus beveridgei	632773	S	1	0	1	0.00000
Bacillus haynesii	1925021	S	1	0	1	0.00000
Bacillus smithii	1479	S	1	0	1	0.00000
Bacillus cellulosilyticus	1413	S	1	0	1	0.00000
Bacillus pumilus	1408	S	1	0	1	0.00000
Priestia megaterium	1404	S	173	39	212	0.00000
Priestia filamentosa	1402861	S	4	0	4	0.00000
Priestia flexa	86664	S	2	0	2	0.00000
Virgibacillus sp. SK37	403957	S	4	2	6	0.00000
Virgibacillus sp. Bac330	2419841	S	4	4	8	0.00000
Virgibacillus necropolis	163877	S	6	0	6	0.00000
Virgibacillus halodenitrificans	1482	S	2	0	2	0.00000
Virgibacillus phasianinus	2017483	S	1	0	1	0.00000
Geobacillus sp. 44B	1963023	S	2	1	3	0.00000
Geobacillus sp. 46C-IIa	1963025	S	2	1	3	0.00000
Geobacillus stearothermophilus	1422	S	2	1	3	0.00000
Geobacillus thermodenitrificans	33940	S	1	3	4	0.00000
Geobacillus subterraneus	129338	S	1	0	1	0.00000
Geobacillus thermoleovorans	33941	S	1	6	7	0.00000
Lysinibacillus sp. FJAT-51161	2590012	S	4	0	4	0.00000
Lysinibacillus sp. 2017	2169540	S	2	0	2	0.00000
Lysinibacillus sp. SGAir0095	2070463	S	1	0	1	0.00000
Lysinibacillus sp. YS11	2072025	S	1	0	1	0.00000
Lysinibacillus sphaericus	1421	S	5	3	8	0.00000
Lysinibacillus timonensis	2086577	S	4	0	4	0.00000
Lysinibacillus fusiformis	28031	S	1	0	1	0.00000
Peribacillus butanolivorans	421767	S	6	1	7	0.00000
Peribacillus asahii	228899	S	4	0	4	0.00000
Peribacillus simplex	1478	S	2	1	3	0.00000
Peribacillus psychrosaccharolyticus	1407	S	1	0	1	0.00000
Alkalihalobacillus clausii	79880	S	7	0	7	0.00000
Alkalihalobacillus krulwichiae	199441	S	3	0	3	0.00000
Alkalihalobacillus pseudofirmus	79885	S	1	0	1	0.00000
Alkalihalobacillus miscanthi	2598861	S	1	0	1	0.00000
Oceanobacillus iheyensis	182710	S	8	0	8	0.00000
Oceanobacillus kimchii	746691	S	3	0	3	0.00000
Oceanobacillus zhaokaii	2052660	S	1	0	1	0.00000
Cytobacillus kochii	859143	S	8	0	8	0.00000
Cytobacillus oceanisediminis	665099	S	4	0	4	0.00000
Salicibibacter sp. NKC21-4	2743001	S	6	0	6	0.00000
Salicibibacter sp. NKC5-3	2743000	S	4	0	4	0.00000
Anoxybacillus flavithermus	33934	S	3	0	3	0.00000
Anoxybacillus amylolyticus	294699	S	2	0	2	0.00000
Anoxybacillus gonensis	198467	S	1	0	1	0.00000
Anoxybacillus caldiproteolyticus	247480	S	1	0	1	0.00000
Pontibacillus sp. ALD_SL1	2777185	S	6	0	6	0.00000
Pontibacillus sp. HMF3514	2692425	S	4	0	4	0.00000
Neobacillus cucumis	1740721	S	5	0	5	0.00000
Neobacillus mesonae	1193713	S	4	0	4	0.00000
Mesobacillus jeotgali	129985	S	5	0	5	0.00000
Mesobacillus foraminis	279826	S	1	0	1	0.00000
Paraliobacillus zengyii	2213194	S	5	0	5	0.00000
Lederbergia lentus	1467	S	5	0	5	0.00000
Weizmannia coagulans	1398	S	4	0	4	0.00000
Pradoshia sp. D12	2651284	S	4	0	4	0.00000
Parageobacillus toebii	153151	S	2	1	3	0.00000
Parageobacillus genomosp. 1	1295642	S	2	0	2	0.00000
Caldibacillus thermoamylovorans	35841	S	4	0	4	0.00000
Anaerobacillus isosaccharinicus	1532552	S	4	0	4	0.00000
Fictibacillus arsenicus	255247	S	2	0	2	0.00000
Fictibacillus phosphorivorans	1221500	S	1	0	1	0.00000
Metabacillus sp. KUDC1714	2745198	S	2	0	2	0.00000
Metabacillus litoralis	152268	S	1	0	1	0.00000
Gracilibacillus sp. SCU50	2663022	S	3	0	3	0.00000
Halobacillus mangrovi	402384	S	3	0	3	0.00000
Lentibacillus sp. CBA3610	2518176	S	2	0	2	0.00000
Psychrobacillus glaciei	2283160	S	1	0	1	0.00000
Aeribacillus pallidus	33936	S	1	0	1	0.00000
Sediminibacillus sp. DP4-553-S	2729421	S	1	0	1	0.00000
Terribacillus goriensis	386490	S	1	0	1	0.00000
Radiobacillus deserti	2594883	S	1	0	1	0.00000
Amphibacillus xylanus	1449	S	1	0	1	0.00000
Staphylococcus capitis	29388	S	45	5	50	0.00000
Staphylococcus epidermidis	1282	S	40	5	45	0.00000
Staphylococcus aureus	1280	S	36	60	96	0.00000
Staphylococcus hominis	1290	S	23	2	25	0.00000
Staphylococcus cohnii	29382	S	13	3	16	0.00000
Staphylococcus warneri	1292	S	12	4	16	0.00000
Staphylococcus pasteuri	45972	S	9	0	9	0.00000
Staphylococcus simulans	1286	S	9	0	9	0.00000
Staphylococcus auricularis	29379	S	9	0	9	0.00000
Staphylococcus lugdunensis	28035	S	8	0	8	0.00000
Staphylococcus nepalensis	214473	S	7	0	7	0.00000
Staphylococcus arlettae	29378	S	6	1	7	0.00000
Staphylococcus pseudoxylosus	2282419	S	6	0	6	0.00000
Staphylococcus haemolyticus	1283	S	6	0	6	0.00000
Staphylococcus sp. MI 10-1553	1912064	S	4	0	4	0.00000
Staphylococcus sp. 17KM0847	2583989	S	2	0	2	0.00000
Staphylococcus simiae	308354	S	5	0	5	0.00000
Staphylococcus saprophyticus	29385	S	5	0	5	0.00000
Staphylococcus debuckii	2044912	S	4	0	4	0.00000
Staphylococcus xylosus	1288	S	4	0	4	0.00000
Staphylococcus equorum	246432	S	4	2	6	0.00000
Staphylococcus lloydii	2781774	S	4	0	4	0.00000
Staphylococcus pseudintermedius	283734	S	3	0	3	0.00000
Staphylococcus saccharolyticus	33028	S	3	0	3	0.00000
Staphylococcus succinus	61015	S	2	0	2	0.00000
Staphylococcus felis	46127	S	2	0	2	0.00000
Staphylococcus lutrae	155085	S	2	0	2	0.00000
Staphylococcus schweitzeri	1654388	S	2	0	2	0.00000
Staphylococcus caprae	29380	S	2	0	2	0.00000
Staphylococcus carnosus	1281	S	1	0	1	0.00000
Staphylococcus hyicus	1284	S	1	0	1	0.00000
Staphylococcus argenteus	985002	S	1	1	2	0.00000
Staphylococcus kloosii	29384	S	1	0	1	0.00000
Staphylococcus pettenkoferi	170573	S	1	0	1	0.00000
Staphylococcus chromogenes	46126	S	1	0	1	0.00000
Staphylococcus condimenti	70255	S	1	0	1	0.00000
Mammaliicoccus sciuri	1296	S	8	1	9	0.00000
Mammaliicoccus vitulinus	71237	S	6	0	6	0.00000
Mammaliicoccus lentus	42858	S	5	1	6	0.00000
Mammaliicoccus stepanovicii	643214	S	3	0	3	0.00000
Macrococcus canis	1855823	S	4	0	4	0.00000
Macrococcus caseolyticus	69966	S	2	0	2	0.00000
Abyssicoccus albus	1817405	S	5	0	5	0.00000
Salinicoccus halodurans	407035	S	2	0	2	0.00000
[Micrococcus] candicans	946432	S	2	0	2	0.00000
Paenibacillus sp. B01	2660554	S	4	0	4	0.00000
Paenibacillus sp. FSL R5-0345	1536770	S	4	0	4	0.00000
Paenibacillus sp. FSL R7-0331	1536773	S	4	0	4	0.00000
Paenibacillus sp. FSL H7-0357	1536774	S	4	0	4	0.00000
Paenibacillus sp. RUD330	2023772	S	3	0	3	0.00000
Paenibacillus sp. JNUCC-31	2777983	S	3	0	3	0.00000
Paenibacillus sp. HB172198	2565926	S	3	0	3	0.00000
Paenibacillus sp. CAA11	1532905	S	3	0	3	0.00000
Paenibacillus sp. 32O-W	1695218	S	3	0	3	0.00000
Paenibacillus sp. UniB2	2726185	S	3	0	3	0.00000
Paenibacillus sp. TB2019	2810347	S	2	0	2	0.00000
Paenibacillus sp. FSL R7-0273	1536772	S	2	0	2	0.00000
Paenibacillus sp. FSL R5-0912	1536771	S	2	0	2	0.00000
Paenibacillus sp. PAMC21692	2762320	S	2	0	2	0.00000
Paenibacillus sp. URB8-2	2741301	S	1	0	1	0.00000
Paenibacillus sp. E222	2748863	S	1	0	1	0.00000
Paenibacillus sp. 37	2607911	S	1	0	1	0.00000
Paenibacillus sp. JZ16	1906272	S	1	0	1	0.00000
Paenibacillus sp. M-152	2487928	S	1	6	7	0.00000
Paenibacillus sp. DCT19	2211212	S	1	0	1	0.00000
Paenibacillus sp. Cedars	1980674	S	1	2	3	0.00000
Paenibacillus sp. BIHB4019	1870819	S	1	0	1	0.00000
Paenibacillus sp. FSL P4-0081	1536769	S	1	0	1	0.00000
Paenibacillus sp. IHB B 3084	867076	S	1	0	1	0.00000
Paenibacillus sp. Y412MC10	481743	S	1	1	2	0.00000
Paenibacillus sp. JDR-2	324057	S	1	0	1	0.00000
Paenibacillus stellifer	169760	S	8	0	8	0.00000
Paenibacillus odorifer	189426	S	8	0	8	0.00000
Paenibacillus cellulosilyticus	375489	S	8	0	8	0.00000
Paenibacillus mucilaginosus	61624	S	8	0	8	0.00000
Paenibacillus lycopersici	2704462	S	7	0	7	0.00000
Paenibacillus guangzhouensis	1473112	S	6	0	6	0.00000
Paenibacillus lentus	1338368	S	5	0	5	0.00000
Paenibacillus baekrokdamisoli	1712516	S	5	0	5	0.00000
Paenibacillus bovis	1616788	S	5	0	5	0.00000
Paenibacillus durus	44251	S	5	0	5	0.00000
Paenibacillus antarcticus	253703	S	4	0	4	0.00000
Paenibacillus psychroresistens	1778678	S	4	0	4	0.00000
Paenibacillus rhizovicinus	2704463	S	4	0	4	0.00000
Paenibacillus kribbensis	172713	S	4	0	4	0.00000
Paenibacillus xylanilyticus	248903	S	3	0	3	0.00000
Paenibacillus polymyxa	1406	S	3	3	6	0.00000
Paenibacillus thiaminolyticus	49283	S	3	0	3	0.00000
Paenibacillus borealis	160799	S	2	0	2	0.00000
Paenibacillus graminis	189425	S	2	0	2	0.00000
Paenibacillus ihbetae	1870820	S	2	0	2	0.00000
Paenibacillus barcinonensis	198119	S	2	0	2	0.00000
Paenibacillus chitinolyticus	79263	S	2	0	2	0.00000
Paenibacillus sonchi	373687	S	2	0	2	0.00000
Paenibacillus donghaensis	414771	S	2	0	2	0.00000
Paenibacillus protaetiae	2509456	S	2	0	2	0.00000
Paenibacillus physcomitrellae	1619311	S	1	0	1	0.00000
Paenibacillus albus	2495582	S	1	0	1	0.00000
Paenibacillus lutimineralis	2707005	S	1	0	1	0.00000
Paenibacillus beijingensis	1126833	S	1	0	1	0.00000
Paenibacillus jilunlii	682956	S	1	0	1	0.00000
Paenibacillus larvae	1464	S	1	75	76	0.00000
Paenibacillus cellulositrophicus	562959	S	1	0	1	0.00000
Paenibacillus alvei	44250	S	1	0	1	0.00000
Paenibacillus sabinae	365617	S	1	0	1	0.00000
Paenibacillus glucanolyticus	59843	S	1	2	3	0.00000
Paenibacillus uliginis	683737	S	1	0	1	0.00000
Paenibacillus terrae	159743	S	1	0	1	0.00000
Brevibacillus sp. SCSIO 07484	2496837	S	7	0	7	0.00000
Brevibacillus sp. JNUCC-41	2778370	S	5	5	10	0.00000
Brevibacillus sp. FJAT-54423	2796470	S	2	0	2	0.00000
Brevibacillus laterosporus	1465	S	6	15	21	0.00000
Brevibacillus brevis	1393	S	5	0	5	0.00000
Brevibacillus agri	51101	S	5	0	5	0.00000
Brevibacillus choshinensis	54911	S	5	0	5	0.00000
Cohnella sp. LGH	1619153	S	7	0	7	0.00000
Cohnella sp. KS 22	2598458	S	2	0	2	0.00000
Aneurinibacillus sp. XH2	1450761	S	6	0	6	0.00000
Aneurinibacillus soli	1500254	S	1	0	1	0.00000
Thermobacillus composti	377615	S	5	0	5	0.00000
Saccharibacillus brassicae	2583377	S	1	0	1	0.00000
Planococcus rifietoensis	200991	S	7	1	8	0.00000
Planococcus antarcticus	161360	S	4	0	4	0.00000
Planococcus sp. Y42	2213202	S	3	0	3	0.00000
Planococcus sp. MB-3u-03	2058136	S	1	0	1	0.00000
Planococcus maritimus	192421	S	2	0	2	0.00000
Planococcus dechangensis	1176255	S	2	0	2	0.00000
Sporosarcina sp. PTS2304	2283194	S	2	0	2	0.00000
Sporosarcina sp. resist	2762563	S	2	0	2	0.00000
Sporosarcina sp. Te-1	2818390	S	1	0	1	0.00000
Sporosarcina ureae	1571	S	4	0	4	0.00000
Sporosarcina pasteurii	1474	S	1	0	1	0.00000
Sporosarcina ureilytica	298596	S	1	0	1	0.00000
Solibacillus sp. R5-41	2048654	S	7	0	7	0.00000
Solibacillus silvestris	76853	S	2	0	2	0.00000
Ureibacillus thermosphaericus	51173	S	3	1	4	0.00000
Ureibacillus thermophilus	367743	S	2	0	2	0.00000
Kurthia zopfii	1650	S	2	0	2	0.00000
Kurthia sp. 11kri321	1750719	S	2	0	2	0.00000
Rummeliibacillus stabekisii	241244	S	4	0	4	0.00000
Jeotgalibacillus malaysiensis	1508404	S	3	0	3	0.00000
Viridibacillus sp. JNUCC-6	2779527	S	3	0	3	0.00000
Paenisporosarcina antarctica	417367	S	2	0	2	0.00000
Paenisporosarcina sp. K2R23-3	2320858	S	1	0	1	0.00000
Listeria monocytogenes	1639	S	15	2	17	0.00000
Listeria welshimeri	1643	S	5	2	7	0.00000
Listeria seeligeri	1640	S	3	1	4	0.00000
Listeria grayi	1641	S	3	0	3	0.00000
Listeria innocua	1642	S	3	1	4	0.00000
Listeria ivanovii	1638	S	1	0	1	0.00000
Listeria sp. PSOL-1	1844999	S	1	0	1	0.00000
Brochothrix thermosphacta	2756	S	1	0	1	0.00000
Alicyclobacillus acidocaldarius	405212	S	19	0	19	0.00000
Alicyclobacillus sp. SO9	2665646	S	2	0	2	0.00000
Alicyclobacillus sp. TC	2606450	S	1	0	1	0.00000
Alicyclobacillus ferrooxydans	471514	S	1	0	1	0.00000
Tumebacillus algifaecis	1214604	S	2	0	2	0.00000
Tumebacillus avium	1903704	S	2	0	2	0.00000
Effusibacillus sp. skT53	2743772	S	4	0	4	0.00000
Kyrpidia spormannii	2055160	S	3	0	3	0.00000
Gemella haemolysans	1379	S	5	0	5	0.00000
Gemella sp. oral taxon 928	1785995	S	1	3	4	0.00000
Gemella morbillorum	29391	S	2	0	2	0.00000
Gemella sanguinis	84135	S	2	0	2	0.00000
Exiguobacterium sp. AT1b	360911	S	3	0	3	0.00000
Exiguobacterium sp. N4-1P	2051906	S	2	0	2	0.00000
Exiguobacterium sibiricum	332410	S	4	1	5	0.00000
Sporolactobacillus terrae	269673	S	3	0	3	0.00000
Laceyella sacchari	37482	S	1	0	1	0.00000
Kroppenstedtia eburnea	714067	S	1	0	1	0.00000
Novibacillus thermophilus	1471761	S	1	0	1	0.00000
Lactobacillus helveticus	1587	S	7	0	7	0.00000
Lactobacillus ultunensis	227945	S	6	0	6	0.00000
Lactobacillus iners	147802	S	6	0	6	0.00000
Lactobacillus delbrueckii	1584	S	4	0	4	0.00000
Lactobacillus terrae	2269374	S	4	0	4	0.00000
Lactobacillus johnsonii	33959	S	3	0	3	0.00000
Lactobacillus gasseri	1596	S	3	2	5	0.00000
Lactobacillus amylovorus	1604	S	1	0	1	0.00000
Lactobacillus crispatus	47770	S	1	0	1	0.00000
Lactobacillus kefiranofaciens	267818	S	1	0	1	0.00000
Lactobacillus taiwanensis	508451	S	1	0	1	0.00000
Lactobacillus helsingborgensis	1218494	S	1	0	1	0.00000
Lactobacillus acidophilus	1579	S	1	0	1	0.00000
Lactobacillus sp. 3B(2020)	2695882	S	1	0	1	0.00000
Companilactobacillus futsaii	938155	S	6	0	6	0.00000
Companilactobacillus ginsenosidimutans	1007676	S	4	0	4	0.00000
Companilactobacillus zhachilii	2304606	S	4	0	4	0.00000
Companilactobacillus alimentarius	1602	S	3	0	3	0.00000
Companilactobacillus paralimentarius	83526	S	3	0	3	0.00000
Companilactobacillus farciminis	1612	S	2	0	2	0.00000
Companilactobacillus allii	1847728	S	2	0	2	0.00000
Companilactobacillus pabuli	2714036	S	2	0	2	0.00000
Companilactobacillus heilongjiangensis	1074467	S	1	0	1	0.00000
Paucilactobacillus hokkaidonensis	1193095	S	17	1	18	0.00000
Paucilactobacillus oligofermentans	293371	S	2	0	2	0.00000
Paucilactobacillus nenjiangensis	1296540	S	2	0	2	0.00000
Ligilactobacillus salivarius	1624	S	10	0	10	0.00000
Ligilactobacillus ruminis	1623	S	4	0	4	0.00000
Ligilactobacillus animalis	1605	S	3	0	3	0.00000
Ligilactobacillus murinus	1622	S	3	0	3	0.00000
Ligilactobacillus agilis	1601	S	1	0	1	0.00000
Ligilactobacillus acidipiscis	89059	S	1	0	1	0.00000
Weissella cibaria	137591	S	5	0	5	0.00000
Weissella cryptocerci	2506420	S	5	0	5	0.00000
Weissella paramesenteroides	1249	S	1	0	1	0.00000
Weissella viridescens	1629	S	1	0	1	0.00000
Weissella hellenica	46256	S	1	0	1	0.00000
Weissella koreensis	165096	S	1	0	1	0.00000
Weissella diestrammenae	1162633	S	1	0	1	0.00000
Weissella sp. HDW19	2714949	S	1	0	1	0.00000
Limosilactobacillus reuteri	1598	S	7	0	7	0.00000
Limosilactobacillus fermentum	1613	S	4	0	4	0.00000
Limosilactobacillus vaginalis	1633	S	1	0	1	0.00000
Limosilactobacillus mucosae	97478	S	1	0	1	0.00000
Lactiplantibacillus plantarum	1590	S	11	10	21	0.00000
Lactiplantibacillus pentosus	1589	S	1	0	1	0.00000
Lactiplantibacillus paraplantarum	60520	S	1	0	1	0.00000
Leuconostoc pseudomesenteroides	33968	S	4	0	4	0.00000
Leuconostoc mesenteroides	1245	S	3	0	3	0.00000
Leuconostoc gelidum	1244	S	2	0	2	0.00000
Leuconostoc falkenbergense	2766470	S	1	0	1	0.00000
Latilactobacillus curvatus	28038	S	8	1	9	0.00000
Latilactobacillus sakei	1599	S	1	0	1	0.00000
Latilactobacillus graminis	60519	S	1	0	1	0.00000
Pediococcus pentosaceus	1255	S	5	0	5	0.00000
Pediococcus damnosus	51663	S	2	0	2	0.00000
Pediococcus acidilactici	1254	S	2	0	2	0.00000
Lacticaseibacillus rhamnosus	47715	S	6	0	6	0.00000
Lacticaseibacillus casei	1582	S	1	0	1	0.00000
Levilactobacillus brevis	1580	S	2	0	2	0.00000
Levilactobacillus zymae	267363	S	2	0	2	0.00000
Levilactobacillus koreensis	637971	S	2	0	2	0.00000
Lentilactobacillus buchneri	1581	S	3	1	4	0.00000
Lentilactobacillus curieae	1138822	S	2	0	2	0.00000
Fructilactobacillus sanfranciscensis	1625	S	3	0	3	0.00000
Fructilactobacillus fructivorans	1614	S	1	0	1	0.00000
Furfurilactobacillus rossiae	231049	S	4	0	4	0.00000
Loigolactobacillus coryniformis	1610	S	3	0	3	0.00000
Loigolactobacillus backii	375175	S	1	0	1	0.00000
Oenococcus oeni	1247	S	1	0	1	0.00000
Oenococcus sicerae	2203724	S	1	0	1	0.00000
Secundilactobacillus paracollinoides	240427	S	2	0	2	0.00000
Secundilactobacillus malefermentans	176292	S	1	0	1	0.00000
Liquorilactobacillus hordei	468911	S	2	0	2	0.00000
Apilactobacillus kunkeei	148814	S	1	0	1	0.00000
Bombilactobacillus bombi	1303590	S	1	0	1	0.00000
Lapidilactobacillus dextrinicus	51664	S	1	0	1	0.00000
Acetilactobacillus jinshanensis	1720083	S	1	0	1	0.00000
Streptococcus thermophilus	1308	S	22	2	24	0.00000
Streptococcus sp. A12	1759399	S	4	0	4	0.00000
Streptococcus sp. oral taxon 061	712623	S	3	0	3	0.00000
Streptococcus sp. oral taxon 431	712633	S	3	0	3	0.00000
Streptococcus sp. DAT741	1940319	S	1	0	1	0.00000
Streptococcus sp. zg-86	2664091	S	1	0	1	0.00000
Streptococcus sp. LPB0220	2610896	S	1	0	1	0.00000
Streptococcus sp. I-P16	1156433	S	1	1	2	0.00000
Streptococcus sp. HSISM1	1316408	S	1	0	1	0.00000
Streptococcus mitis	28037	S	12	2	14	0.00000
Streptococcus oralis	1303	S	9	2	11	0.00000
Streptococcus sanguinis	1305	S	9	0	9	0.00000
Streptococcus suis	1307	S	7	0	7	0.00000
Streptococcus pyogenes	1314	S	7	1	8	0.00000
Streptococcus merionis	400065	S	6	0	6	0.00000
Streptococcus anginosus	1328	S	2	1	3	0.00000
Streptococcus intermedius	1338	S	1	0	1	0.00000
Streptococcus constellatus	76860	S	1	1	2	0.00000
Streptococcus equi	1336	S	3	0	3	0.00000
Streptococcus dysgalactiae	1334	S	1	1	2	0.00000
Streptococcus porcinus	1340	S	4	0	4	0.00000
Streptococcus gordonii	1302	S	3	0	3	0.00000
Streptococcus troglodytae	1111760	S	3	0	3	0.00000
Streptococcus australis	113107	S	3	2	5	0.00000
Streptococcus salivarius	1304	S	3	1	4	0.00000
Streptococcus mutans	1309	S	2	0	2	0.00000
Streptococcus parauberis	1348	S	2	0	2	0.00000
Streptococcus uberis	1349	S	2	0	2	0.00000
Streptococcus canis	1329	S	2	0	2	0.00000
Streptococcus agalactiae	1311	S	2	11	13	0.00000
Streptococcus pseudoporcinus	361101	S	2	0	2	0.00000
Streptococcus gallolyticus	315405	S	2	1	3	0.00000
Streptococcus parasanguinis	1318	S	2	0	2	0.00000
Streptococcus lutetiensis	150055	S	1	2	3	0.00000
Streptococcus koreensis	2382163	S	1	0	1	0.00000
Streptococcus respiraculi	2021971	S	1	0	1	0.00000
Streptococcus himalayensis	1888195	S	1	0	1	0.00000
Streptococcus gwangjuense	1433513	S	1	0	1	0.00000
Streptococcus pasteurianus	197614	S	1	3	4	0.00000
Streptococcus equinus	1335	S	1	0	1	0.00000
Streptococcus urinalis	149016	S	1	0	1	0.00000
Streptococcus milleri	33040	S	1	1	2	0.00000
Streptococcus ratti	1341	S	1	0	1	0.00000
Streptococcus iniae	1346	S	1	0	1	0.00000
Streptococcus acidominimus	1326	S	1	0	1	0.00000
Streptococcus cristatus	45634	S	1	0	1	0.00000
Streptococcus pluranimalium	82348	S	1	0	1	0.00000
Lactococcus lactis	1358	S	24	28	52	0.00000
Lactococcus garvieae	1363	S	7	1	8	0.00000
Lactococcus cremoris	1359	S	5	0	5	0.00000
Lactococcus raffinolactis	1366	S	5	0	5	0.00000
Lactococcus sp. KACC 19320	2592653	S	3	0	3	0.00000
Lactococcus sp. LG592	2816911	S	1	3	4	0.00000
Lactococcus taiwanensis	1151742	S	2	0	2	0.00000
Lactococcus piscium	1364	S	1	0	1	0.00000
Lactococcus carnosus	2749961	S	1	0	1	0.00000
Enterococcus faecalis	1351	S	15	4	19	0.00000
Enterococcus faecium	1352	S	8	4	12	0.00000
Enterococcus cecorum	44008	S	7	0	7	0.00000
Enterococcus avium	33945	S	6	0	6	0.00000
Enterococcus thailandicus	417368	S	4	0	4	0.00000
Enterococcus gallinarum	1353	S	2	4	6	0.00000
Enterococcus hirae	1354	S	2	0	2	0.00000
Enterococcus casseliflavus	37734	S	2	0	2	0.00000
Enterococcus durans	53345	S	2	0	2	0.00000
Enterococcus mundtii	53346	S	2	0	2	0.00000
Enterococcus saigonensis	1805431	S	2	0	2	0.00000
Enterococcus wangshanyuanii	2005703	S	2	0	2	0.00000
Enterococcus gilvus	160453	S	1	0	1	0.00000
Enterococcus sp. M190262	2582830	S	1	1	2	0.00000
Vagococcus carniphilus	218144	S	7	2	9	0.00000
Vagococcus penaei	633807	S	2	0	2	0.00000
Vagococcus coleopterorum	2714946	S	1	0	1	0.00000
Melissococcus plutonius	33970	S	5	0	5	0.00000
Tetragenococcus osmophilus	526944	S	2	0	2	0.00000
Tetragenococcus halophilus	51669	S	1	0	1	0.00000
Tetragenococcus koreensis	290335	S	1	0	1	0.00000
Jeotgalibaca porci	1868793	S	10	1	11	0.00000
Jeotgalibaca dankookensis	708126	S	1	0	1	0.00000
Jeotgalibaca arthritidis	1868794	S	1	0	1	0.00000
Jeotgalibaca ciconiae	2496265	S	1	0	1	0.00000
Jeotgalibaca sp. PTS2502	1903686	S	1	0	1	0.00000
Dolosigranulum pigrum	29394	S	11	0	11	0.00000
Carnobacterium divergens	2748	S	5	0	5	0.00000
Carnobacterium inhibens	147709	S	1	0	1	0.00000
Marinilactibacillus sp. 15R	1911586	S	3	0	3	0.00000
Aerococcus christensenii	87541	S	3	0	3	0.00000
Aerococcus urinae	1376	S	2	0	2	0.00000
Aerococcus urinaeequi	51665	S	2	0	2	0.00000
Suicoccus acidiformans	2036206	S	3	0	3	0.00000
Clostridium botulinum	1491	S	70	25	95	0.00000
Clostridium perfringens	1502	S	49	1	50	0.00000
Clostridium sp. CT4	2320868	S	11	0	11	0.00000
Clostridium sp. DL-VIII	641107	S	6	0	6	0.00000
Clostridium sp. BNL1100	755731	S	4	0	4	0.00000
Clostridium sp. AWRP	2212991	S	3	0	3	0.00000
Clostridium sp. JN-9	2507159	S	3	0	3	0.00000
Clostridium sp. 'deep sea'	2779445	S	3	0	3	0.00000
Clostridium sp. JN-1	2483110	S	2	0	2	0.00000
Clostridium sp. SY8519	1042156	S	1	0	1	0.00000
Clostridium pasteurianum	1501	S	20	0	20	0.00000
Clostridium estertheticum	238834	S	16	0	16	0.00000
Clostridium saccharobutylicum	169679	S	15	0	15	0.00000
Clostridium butyricum	1492	S	14	0	14	0.00000
Clostridium saccharoperbutylacetonicum	36745	S	13	0	13	0.00000
Clostridium intestinale	36845	S	12	0	12	0.00000
Clostridium tetani	1513	S	12	0	12	0.00000
Clostridium gasigenes	94869	S	11	0	11	0.00000
Clostridium kluyveri	1534	S	10	0	10	0.00000
Clostridium bornimense	1216932	S	9	1	10	0.00000
Clostridium septicum	1504	S	8	0	8	0.00000
Clostridium baratii	1561	S	8	0	8	0.00000
Clostridium carboxidivorans	217159	S	7	0	7	0.00000
Clostridium tyrobutyricum	1519	S	7	0	7	0.00000
Clostridium argentinense	29341	S	7	0	7	0.00000
Clostridium taeniosporum	394958	S	6	0	6	0.00000
Clostridium cochlearium	1494	S	6	0	6	0.00000
Clostridium sporogenes	1509	S	6	17	23	0.00000
Clostridium isatidis	182773	S	5	0	5	0.00000
Clostridium scatologenes	1548	S	4	1	5	0.00000
Clostridium aceticum	84022	S	4	0	4	0.00000
Clostridium ljungdahlii	1538	S	4	12	16	0.00000
Clostridium thermarum	1716543	S	4	0	4	0.00000
Clostridium acetobutylicum	1488	S	4	0	4	0.00000
Clostridium chauvoei	46867	S	3	0	3	0.00000
Clostridium beijerinckii	1520	S	3	1	4	0.00000
Clostridium cellulovorans	1493	S	3	0	3	0.00000
Clostridium novyi	1542	S	2	0	2	0.00000
Clostridium fermenticellae	2068654	S	2	0	2	0.00000
Clostridium drakei	332101	S	1	0	1	0.00000
Candidatus Arthromitus sp. SFB-mouse	49118	S	1	6	7	0.00000
Candidatus Arthromitus sp. SFB-rat-Yit	1041504	S	1	0	1	0.00000
Alkaliphilus metalliredigens	208226	S	5	0	5	0.00000
Alkaliphilus oremlandii	461876	S	3	0	3	0.00000
Caloranaerobacter azorensis	116090	S	6	0	6	0.00000
Caloramator sp. E03	2576307	S	3	0	3	0.00000
Geosporobacter ferrireducens	1424294	S	3	0	3	0.00000
Hathewaya histolytica	1498	S	2	0	2	0.00000
Crassaminicella sp. SY095	2599308	S	2	0	2	0.00000
Sarcina sp. JB2	2726954	S	1	0	1	0.00000
Hungatella hathewayi	154046	S	1	0	1	0.00000
Blautia sp. SC05B48	2479767	S	8	3	11	0.00000
Blautia sp. LZLJ-3	2779518	S	2	0	2	0.00000
Blautia obeum	40520	S	7	2	9	0.00000
Blautia producta	33035	S	6	1	7	0.00000
Blautia hansenii	1322	S	3	0	3	0.00000
Blautia argi	1912897	S	1	0	1	0.00000
Coprococcus comes	410072	S	8	2	10	0.00000
Coprococcus catus	116085	S	4	0	4	0.00000
Enterocloster bolteae	208479	S	8	0	8	0.00000
Enterocloster clostridioformis	1531	S	1	0	1	0.00000
[Ruminococcus] gnavus	33038	S	5	1	6	0.00000
[Ruminococcus] torques	33039	S	4	1	5	0.00000
Lachnoclostridium phocaeense	1871021	S	6	1	7	0.00000
[Clostridium] scindens	29347	S	1	0	1	0.00000
Lachnoclostridium phytofermentans	66219	S	1	0	1	0.00000
[Clostridium] hylemonae	89153	S	1	0	1	0.00000
Anaerobutyricum hallii	39488	S	8	1	9	0.00000
Cellulosilyticum sp. WCF-2	2497860	S	5	3	8	0.00000
Lacrimispora saccharolytica	84030	S	4	1	5	0.00000
Lacrimispora sphenoides	29370	S	2	0	2	0.00000
Anaerocolumna sedimenticola	2696063	S	5	0	5	0.00000
Anaerocolumna cellulosilytica	433286	S	2	0	2	0.00000
Anaerostipes rhamnosivorans	1229621	S	4	0	4	0.00000
Anaerostipes hadrus	649756	S	2	0	2	0.00000
Herbinix luporum	1679721	S	5	0	5	0.00000
Anaerotignum propionicum	28446	S	5	0	5	0.00000
Lachnoanaerobaculum umeaense	617123	S	4	0	4	0.00000
Butyrivibrio fibrisolvens	831	S	3	0	3	0.00000
Butyrivibrio hungatei	185008	S	1	0	1	0.00000
Lachnospira eligens	39485	S	3	0	3	0.00000
Roseburia intestinalis	166486	S	3	1	4	0.00000
Pseudobutyrivibrio xylanivorans	185007	S	1	0	1	0.00000
Faecalibacterium prausnitzii	853	S	21	5	26	0.00000
Acetivibrio thermocellus	1515	S	4	-4	0	0.00000
Acetivibrio clariflavus	288965	S	4	0	4	0.00000
Acetivibrio saccincola	1677857	S	1	0	1	0.00000
Oscillibacter valericigenes	351091	S	4	0	4	0.00000
Oscillibacter sp. NSJ-62	2763056	S	2	0	2	0.00000
Oscillibacter sp. PEA192	2109687	S	1	3	4	0.00000
Ruthenibacterium lactatiformans	1550024	S	7	0	7	0.00000
Fastidiosipila sanguinis	236753	S	5	1	6	0.00000
Flavonifractor plautii	292800	S	5	0	5	0.00000
Ruminococcus albus	1264	S	2	0	2	0.00000
Ruminococcus sp. JE7A12	2564099	S	2	0	2	0.00000
Ethanoligenens harbinense	253239	S	4	0	4	0.00000
Pseudoclostridium thermosuccinogenes	84032	S	3	0	3	0.00000
Ruminiclostridium cellulolyticum	1521	S	1	0	1	0.00000
Ruminiclostridium herbifermentans	2488810	S	1	0	1	0.00000
Caproiciproducens sp. NJN-50	2507162	S	1	1	2	0.00000
Acutalibacter muris	1796620	S	2	0	2	0.00000
Thermoclostridium stercorarium	1510	S	1	-1	0	0.00000
Clostridioides difficile	1496	S	25	2	27	0.00000
Paeniclostridium sordellii	1505	S	13	0	13	0.00000
Romboutsia ilealis	1115758	S	5	0	5	0.00000
Romboutsia sp. CE17	2724150	S	4	0	4	0.00000
Romboutsia hominis	1507512	S	3	0	3	0.00000
Peptacetobacter hiranonis	89152	S	7	0	7	0.00000
Acetoanaerobium sticklandii	1511	S	6	0	6	0.00000
Paraclostridium bifermentans	1490	S	5	0	5	0.00000
Peptoclostridium acidaminophilum	1731	S	1	0	1	0.00000
Thermaerobacter sp. PB12/4term	2293838	S	6	0	6	0.00000
Thermaerobacter sp. FW80	2546351	S	3	0	3	0.00000
Thermaerobacter marianensis	73919	S	5	0	5	0.00000
Aminipila butyrica	433296	S	7	0	7	0.00000
Aminipila sp. CBA3637	2697030	S	5	0	5	0.00000
Aminipila sp. JN-18	2507160	S	2	0	2	0.00000
Flintibacter sp. KGMB00164	2610895	S	5	0	5	0.00000
Intestinimonas butyriciproducens	1297617	S	2	0	2	0.00000
Carboxydocella thermautotrophica	178899	S	1	0	1	0.00000
Massilistercora timonensis	2086584	S	1	0	1	0.00000
Desulfosporosinus acidiphilus	885581	S	4	0	4	0.00000
Desulfosporosinus youngiae	339862	S	2	0	2	0.00000
Desulfitobacterium dehalogenans	36854	S	2	0	2	0.00000
Desulfitobacterium dichloroeliminans	233055	S	2	0	2	0.00000
Desulfallas gibsoniae	102134	S	4	0	4	0.00000
Desulfotomaculum reducens	59610	S	2	0	2	0.00000
Desulfotomaculum ruminis	1564	S	1	0	1	0.00000
Thermincola potens	863643	S	3	0	3	0.00000
Desulfofarcimen acetoxidans	58138	S	2	0	2	0.00000
Syntrophobotulus glycolicus	51197	S	1	0	1	0.00000
Dehalobacterium formicoaceticum	51515	S	1	0	1	0.00000
Thermoanaerosceptrum fracticalcis	1712410	S	1	0	1	0.00000
Eubacterium sp. NSJ-61	2764325	S	4	1	5	0.00000
[Eubacterium] cellulosolvens	29322	S	3	0	3	0.00000
Eubacterium limosum	1736	S	2	0	2	0.00000
Acetobacterium woodii	33952	S	2	0	2	0.00000
Acetobacterium sp. KB-1	2184575	S	2	0	2	0.00000
Candidatus Syntrophocurvum alkaliphilum	2293317	S	3	2	5	0.00000
Symbiobacterium thermophilum	2734	S	5	0	5	0.00000
Heliobacterium modesticaldum	35701	S	3	0	3	0.00000
Heliorestis convoluta	356322	S	1	0	1	0.00000
Christensenella minuta	626937	S	2	0	2	0.00000
Christensenella sp. Marseille-P3954	2086585	S	1	0	1	0.00000
Petrocella atlantisensis	2173034	S	1	0	1	0.00000
Caldicellulosiruptor saccharolyticus	44001	S	5	0	5	0.00000
Caldicellulosiruptor sp. YA01	2806205	S	3	0	3	0.00000
Caldicellulosiruptor kristjanssonii	52765	S	2	1	3	0.00000
Caldicellulosiruptor obsidiansis	717609	S	2	0	2	0.00000
Caldicellulosiruptor bescii	31899	S	1	0	1	0.00000
Thermoanaerobacterium thermosaccharolyticum	1517	S	5	1	6	0.00000
Thermoanaerobacterium sp. RBIITD	1550240	S	4	0	4	0.00000
Thermoanaerobacterium aotearoense	47490	S	2	0	2	0.00000
Thermoanaerobacter wiegelii	46354	S	3	3	6	0.00000
Thermoanaerobacter kivui	2325	S	2	0	2	0.00000
Thermoanaerobacter italicus	108150	S	1	1	2	0.00000
Thermoanaerobacter mathranii	583357	S	1	1	2	0.00000
Moorella thermoacetica	1525	S	2	0	2	0.00000
Moorella glycerini	55779	S	1	0	1	0.00000
Ammonifex degensii	42838	S	1	0	1	0.00000
Caldanaerobacter subterraneus	911092	S	3	0	3	0.00000
Thermacetogenium phaeum	85874	S	1	0	1	0.00000
Thermodesulfobium narugense	184064	S	6	0	6	0.00000
Thermodesulfobium acidiphilum	1794699	S	4	0	4	0.00000
Mahella australiensis	252966	S	6	0	6	0.00000
Halanaerobium hydrogeniformans	656519	S	7	0	7	0.00000
Halocella sp. SP3-1	2382161	S	4	0	4	0.00000
Halothermothrix orenii	31909	S	1	0	1	0.00000
Acetohalobium arabaticum	28187	S	8	0	8	0.00000
Halobacteroides halobius	42422	S	4	0	4	0.00000
Anoxybacter fermentans	1323375	S	2	0	2	0.00000
Thermosediminibacter oceani	291990	S	3	0	3	0.00000
Tepidanaerobacter acetatoxydans	499229	S	2	0	2	0.00000
Natranaerobius thermophilus	375929	S	3	0	3	0.00000
Koleobacter methoxysyntrophicus	2751313	S	3	0	3	0.00000
Keratinibaculum paraultunense	1278232	S	59	3	62	0.00000
Tissierellia sp. JN-28	2507161	S	8	0	8	0.00000
Gudongella oleilytica	1582259	S	2	0	2	0.00000
Schnuerera ultunensis	45497	S	2	0	2	0.00000
Finegoldia magna	1260	S	10	2	12	0.00000
Peptoniphilus harei	54005	S	9	1	10	0.00000
Peptoniphilus ivorii	54006	S	1	0	1	0.00000
Anaerococcus prevotii	33034	S	4	0	4	0.00000
Anaerococcus obesiensis	1287640	S	2	1	3	0.00000
Anaerococcus mediterraneensis	1870984	S	2	0	2	0.00000
Parvimonas micra	33033	S	4	1	5	0.00000
Murdochiella vaginalis	1852373	S	1	0	1	0.00000
Gottschalkia acidurici	1556	S	1	0	1	0.00000
Sedimentibacter sp. zth1	2816908	S	9	0	9	0.00000
Ezakiella massiliensis	1852374	S	2	0	2	0.00000
Megamonas funiformis	437897	S	19	0	19	0.00000
Megamonas hypermegale	158847	S	1	0	1	0.00000
Selenomonas sp. Marseille-Q3039	2754044	S	4	0	4	0.00000
Selenomonas sp. oral taxon 126	712528	S	2	0	2	0.00000
Selenomonas sp. oral taxon 920	1884263	S	1	0	1	0.00000
Selenomonas ruminantium	971	S	6	0	6	0.00000
Selenomonas sputigena	69823	S	2	0	2	0.00000
Pectinatus frisingensis	865	S	2	0	2	0.00000
Pelosinus fermentans	365349	S	7	3	10	0.00000
Sporomusa termitida	2377	S	3	0	3	0.00000
Methylomusa anaerophila	1930071	S	1	0	1	0.00000
Veillonella parvula	29466	S	5	0	5	0.00000
Veillonella atypica	39777	S	5	0	5	0.00000
Veillonella dispar	39778	S	2	0	2	0.00000
Veillonella rodentium	248315	S	1	0	1	0.00000
Veillonella nakazawae	2682456	S	1	0	1	0.00000
Dialister pneumosintes	39950	S	8	0	8	0.00000
Dialister massiliensis	2161821	S	2	0	2	0.00000
Megasphaera elsdenii	907	S	1	0	1	0.00000
Megasphaera stantonii	2144175	S	1	0	1	0.00000
Acidaminococcus intestini	187327	S	2	0	2	0.00000
Phascolarctobacterium sp. Marseille-Q4147	2823317	S	2	0	2	0.00000
Erysipelothrix inopinata	225084	S	4	0	4	0.00000
Erysipelothrix sp. HDW6A	2714928	S	3	1	4	0.00000
Erysipelothrix rhusiopathiae	1648	S	3	0	3	0.00000
Erysipelothrix larvae	1514105	S	2	0	2	0.00000
Erysipelothrix piscisicarius	2485784	S	2	0	2	0.00000
[Clostridium] innocuum	1522	S	5	1	6	0.00000
Erysipelatoclostridium ramosum	1547	S	3	0	3	0.00000
Intestinibaculum porci	2487118	S	6	0	6	0.00000
Amedibacterium intestinale	2583452	S	5	2	7	0.00000
Faecalitalea cylindroides	39483	S	2	1	3	0.00000
Faecalibaculum rodentium	1702221	S	1	0	1	0.00000
Longibaculum sp. KGMB06250	2584943	S	1	4	5	0.00000
Turicibacter sanguinis	154288	S	4	0	4	0.00000
Nostoc sp. PCC 7524	28072	S	34	2	36	0.00000
Nostoc sp. NIES-4103	2005458	S	26	2	28	0.00000
Nostoc sp. C052	2576902	S	25	6	31	0.00000
Nostoc sp. CENA543	1869241	S	22	1	23	0.00000
Nostoc sp. 'Peltigera membranacea cyanobiont' N6	1261031	S	13	3	16	0.00000
Nostoc sp. 'Lobaria pulmonaria (5183) cyanobiont'	1618022	S	10	1	11	0.00000
Nostoc sp. TCL240-02	2572090	S	10	5	15	0.00000
Nostoc sp. TCL26-01	2576904	S	10	0	10	0.00000
Nostoc sp. PCC 7107	317936	S	5	3	8	0.00000
Nostoc sp. C057	2576903	S	4	8	12	0.00000
Nostoc sp. UHCC 0702	2814655	S	4	0	4	0.00000
Nostoc sp. ATCC 53789	76335	S	2	4	6	0.00000
Nostoc sp. NIES-2111	1973475	S	1	4	5	0.00000
Nostoc carneum	374162	S	45	203	248	0.00000
Nostoc sphaeroides	446679	S	31	3	34	0.00000
Nostoc edaphicum	264686	S	12	0	12	0.00000
Nostoc punctiforme	272131	S	8	1	9	0.00000
Nostoc piscinale	224012	S	5	1	6	0.00000
Nostoc linckia	92942	S	2	1	3	0.00000
Nostoc flagelliforme	1306274	S	1	0	1	0.00000
Anabaena sp. YBS01	2490939	S	33	591	624	0.00001
Anabaena sp. 90	46234	S	4	80	84	0.00000
Anabaena sp. WA102	1647413	S	1	3	4	0.00000
Anabaena cylindrica	1165	S	13	2	15	0.00000
Cylindrospermum stagnale	142864	S	3	0	3	0.00000
Trichormus azollae	1164	S	2	0	2	0.00000
Calothrix parasitica	1973486	S	67	2	69	0.00000
Calothrix sp. NIES-2098	1954171	S	23	15	38	0.00000
Calothrix sp. PCC 7507	99598	S	8	1	9	0.00000
Calothrix sp. NIES-3974	2005462	S	7	0	7	0.00000
Calothrix sp. 336/3	1337936	S	5	0	5	0.00000
Calothrix sp. NIES-2100	1954172	S	4	2	6	0.00000
Calothrix brevissima	938406	S	28	23	51	0.00000
Calothrix parietina	32054	S	6	0	6	0.00000
Fischerella sp. NIES-4106	2005456	S	31	4	35	0.00000
Sphaerospermopsis kisseleviana	289435	S	13	1	14	0.00000
Anabaenopsis elenkinii	156213	S	4	0	4	0.00000
Anabaenopsis circularis	109266	S	3	3	6	0.00000
Nodularia spumigena	70799	S	6	1	7	0.00000
Cylindrospermopsis curvispora	747548	S	2	0	2	0.00000
Dolichospermum compactum	136073	S	1	2	3	0.00000
Rivularia sp. PCC 7116	373994	S	11	0	11	0.00000
Microchaete diplosiphon	1197	S	3	11	14	0.00000
Scytonema sp. NIES-4073	2005464	S	5	2	7	0.00000
Scytonema sp. HK-05	1137095	S	2	0	2	0.00000
Brasilonema sennae	1397703	S	2	0	2	0.00000
Tolypothrix sp. PCC 7910	2099387	S	5	9	14	0.00000
Microcystis aeruginosa	1126	S	59	5	64	0.00000
Microcystis viridis	44822	S	4	5	9	0.00000
Microcystis sp. MC19	1967666	S	1	0	1	0.00000
Geminocystis sp. NIES-3708	1615909	S	8	0	8	0.00000
Geminocystis sp. NIES-3709	1617448	S	8	0	8	0.00000
Geminocystis herdmanii	669359	S	12	0	12	0.00000
Gloeocapsa sp. PCC 7428	1173026	S	9	0	9	0.00000
Chondrocystis sp. NIES-4102	2005460	S	8	0	8	0.00000
Gloeothece citriformis	2546356	S	5	0	5	0.00000
Gloeothece verrucosa	2546359	S	5	0	5	0.00000
Halothece sp. PCC 7418	65093	S	3	0	3	0.00000
Euhalothece natronophila	577489	S	2	0	2	0.00000
Crocosphaera subtropica	2546360	S	2	0	2	0.00000
Candidatus Atelocyanobacterium thalassa	713887	S	2	0	2	0.00000
Cyanobacterium aponinum	379064	S	11	0	11	0.00000
Oscillatoria nigro-viridis	482564	S	79	1	80	0.00000
Oscillatoria acuminata	118323	S	7	0	7	0.00000
Moorea producens	1155739	S	13	0	13	0.00000
Planktothrix rubescens	59512	S	5	4	9	0.00000
Planktothrix agardhii	1160	S	1	1	2	0.00000
Trichodesmium erythraeum	1206	S	7	1	8	0.00000
Microcoleus sp. PCC 7113	1173027	S	4	0	4	0.00000
Oxynema sp. AP17	2064643	S	3	1	4	0.00000
Crinalium epipsammum	241425	S	11	0	11	0.00000
Geitlerinema sp. PCC 7407	1173025	S	3	0	3	0.00000
Synechococcus sp. Minos11	221341	S	11	0	11	0.00000
Synechococcus sp. PCC 7336	195250	S	6	0	6	0.00000
Synechococcus sp. JA-3-3Ab	321327	S	6	0	6	0.00000
Synechococcus sp. CBW1107	2789857	S	5	0	5	0.00000
Synechococcus sp. WH 8101	59932	S	5	0	5	0.00000
Synechococcus sp. HK01-R	2751171	S	4	0	4	0.00000
Synechococcus sp. RSCCF101	2511069	S	4	0	4	0.00000
Synechococcus sp. SynAce01	1916956	S	3	0	3	0.00000
Synechococcus sp. CBW1004	1353136	S	3	0	3	0.00000
Synechococcus sp. M16.1	1442553	S	3	2	5	0.00000
Synechococcus sp. RS9909	221352	S	2	0	2	0.00000
Synechococcus sp. BOUM118	1442552	S	2	7	9	0.00000
Synechococcus sp. PCC 7502	1173263	S	1	0	1	0.00000
Synechococcus sp. KORDI-100	1280380	S	1	0	1	0.00000
Synechococcus sp. A15-24	1050635	S	1	0	1	0.00000
Synechococcus sp. CBW1002	1353134	S	1	3	4	0.00000
Synechococcus sp. A15-62	1050657	S	1	0	1	0.00000
Synechococcus sp. KORDI-49	585423	S	1	0	1	0.00000
Synechococcus sp. CBW1006	1353138	S	1	2	3	0.00000
Synechococcus sp. CBW1108	1353147	S	1	0	1	0.00000
Synechococcus sp. BIOS-E4-1	1400864	S	1	0	1	0.00000
Synechococcus sp. PROS-U-1	1400866	S	1	0	1	0.00000
Synechococcus sp. ROS8604	1442557	S	1	0	1	0.00000
Synechococcus sp. NIES-970	1827144	S	1	0	1	0.00000
Synechococcus sp. PCC 73109	374982	S	1	1	2	0.00000
Synechococcus sp. JA-2-3B'a(2-13)	321332	S	1	0	1	0.00000
Synechococcus sp. RS9902	221345	S	1	0	1	0.00000
Synechococcus elongatus	32046	S	1	-1	0	0.00000
Cyanobium gracile	59930	S	7	1	8	0.00000
Cyanobium sp. NIES-981	1851505	S	4	1	5	0.00000
Cyanobium sp. NS01	261284	S	2	0	2	0.00000
Dactylococcopsis salina	292566	S	2	0	2	0.00000
Thermosynechococcus vulcanus	32053	S	1	0	1	0.00000
Acaryochloris marina	155978	S	61	0	61	0.00000
Prochlorococcus marinus	1219	S	36	3	39	0.00000
Prochlorococcus sp. MIT 0604	1501268	S	5	2	7	0.00000
Prochlorococcus sp. MIT 0801	1501269	S	1	0	1	0.00000
Leptolyngbya sp. BL0902	1115757	S	8	0	8	0.00000
Leptolyngbya sp. NIES-3755	1752064	S	7	0	7	0.00000
Leptolyngbya sp. PCC 7376	111781	S	4	0	4	0.00000
Leptolyngbya sp. O-77	1080068	S	2	1	3	0.00000
Leptolyngbya boryana	1184	S	6	0	6	0.00000
Pseudanabaena sp. ABRG5-3	685565	S	13	0	13	0.00000
Pseudanabaena sp. PCC 7367	82654	S	5	0	5	0.00000
Chamaesiphon minutus	1173032	S	10	0	10	0.00000
Synechocystis sp. PCC 6714	1147	S	3	1	4	0.00000
Halomicronema hongdechloris	1209493	S	3	0	3	0.00000
Stanieria cyanosphaera	102116	S	5	1	6	0.00000
Stanieria sp. NIES-3757	1807358	S	4	0	4	0.00000
Pleurocapsa minor	54308	S	3	0	3	0.00000
Gloeobacter violaceus	33072	S	9	0	9	0.00000
Gloeobacter kilaueensis	1416614	S	3	0	3	0.00000
cyanobacterium endosymbiont of Rhopalodia gibberula	1763363	S	4	0	4	0.00000
cyanobacterium endosymbiont of Epithemia turgida	718217	S	3	0	3	0.00000
Chroococcidiopsis thermalis	54299	S	4	0	4	0.00000
Gloeomargarita lithophora	1188228	S	3	0	3	0.00000
Mycoplasma sp. Zaradi2	547987	S	12	0	12	0.00000
Mycoplasma sp. 1654_15	2725994	S	4	0	4	0.00000
Mycoplasma sp. Mirounga ES2805-ORL	754514	S	3	0	3	0.00000
Mycoplasma sp. Mirounga ES2806-NAS	754516	S	3	0	3	0.00000
Mycoplasma sp. NEAQ87857	2683967	S	3	0	3	0.00000
Mycoplasma sp. C264-NAS	2726117	S	2	0	2	0.00000
Mycoplasma sp. Phocoena C-264-GEN	754517	S	1	0	1	0.00000
Mycoplasma sp. (ex Biomphalaria glabrata)	1749074	S	1	0	1	0.00000
Mycoplasma sp. OR1901	2742195	S	1	0	1	0.00000
Mycoplasma mycoides	2102	S	9	2	11	0.00000
Mycoplasma capricolum	2095	S	3	0	3	0.00000
Mycoplasma leachii	2105	S	2	0	2	0.00000
Mycoplasma hominis	2098	S	12	1	13	0.00000
Mycoplasma anserisalpingitidis	519450	S	9	0	9	0.00000
Mycoplasma conjunctivae	45361	S	5	5	10	0.00000
Mycoplasma crocodyli	50052	S	4	0	4	0.00000
Mycoplasma alkalescens	45363	S	3	0	3	0.00000
Mycoplasma phocidae	142651	S	3	0	3	0.00000
Mycoplasma dispar	86660	S	3	0	3	0.00000
Mycoplasma neurolyticum	2120	S	3	0	3	0.00000
Mycoplasma putrefaciens	2123	S	2	0	2	0.00000
Mycoplasma parvum	984991	S	2	0	2	0.00000
Mycoplasma struthionis	538220	S	2	0	2	0.00000
Mycoplasma arthritidis	2111	S	2	0	2	0.00000
Mycoplasma yeatsii	51365	S	2	0	2	0.00000
Mycoplasma orale	2121	S	1	0	1	0.00000
Mycoplasma nasistruthionis	353852	S	1	0	1	0.00000
Candidatus Mycoplasma haemolamae	141391	S	1	0	1	0.00000
Mycoplasma haemocanis	136241	S	1	0	1	0.00000
Mycoplasma cloacale	92401	S	1	0	1	0.00000
Mycoplasma anseris	92400	S	1	0	1	0.00000
Mycoplasma wenyonii	65123	S	1	0	1	0.00000
Mycoplasma suis	57372	S	1	0	1	0.00000
Mycoplasma iowae	2116	S	1	0	1	0.00000
Mycoplasma salivarium	2124	S	1	0	1	0.00000
Mycoplasma haemofelis	29501	S	1	0	1	0.00000
Mycoplasma penetrans	28227	S	1	0	1	0.00000
Mycoplasma bovirhinis	29553	S	7	0	7	0.00000
Mycoplasma pulmonis	2107	S	6	0	6	0.00000
Mycoplasma arginini	2094	S	5	0	5	0.00000
Mycoplasma citelli	171281	S	5	0	5	0.00000
Mycoplasma anatis	171279	S	5	0	5	0.00000
Mycoplasma bovis	28903	S	4	0	4	0.00000
Mycoplasma gallinaceum	29556	S	4	0	4	0.00000
Mycoplasma glycophilum	171285	S	3	0	3	0.00000
Mycoplasma cynos	171284	S	3	0	3	0.00000
Mycoplasma columbinum	114881	S	3	0	3	0.00000
Mycoplasma californicum	2113	S	2	0	2	0.00000
Mycoplasma meleagridis	29561	S	1	0	1	0.00000
Mycoplasma edwardii	53558	S	1	0	1	0.00000
Mycoplasma gallopavonis	76629	S	1	0	1	0.00000
Mycoplasma columbinasale	114880	S	1	0	1	0.00000
Mycoplasma maculosum	114885	S	1	0	1	0.00000
Mycoplasma phocirhinis	142650	S	1	0	1	0.00000
Mycoplasma columborale	171282	S	1	0	1	0.00000
Mycoplasma synoviae	2109	S	1	0	1	0.00000
Ureaplasma urealyticum	2130	S	3	0	3	0.00000
Ureaplasma diversum	42094	S	2	0	2	0.00000
Candidatus Hepatoplasma crinochetorum	295596	S	1	0	1	0.00000
Spiroplasma tabanidicola	324079	S	6	0	6	0.00000
Spiroplasma monobiae	2136	S	4	0	4	0.00000
Spiroplasma taiwanense	2145	S	3	0	3	0.00000
Spiroplasma diminutum	216936	S	3	0	3	0.00000
Spiroplasma culicicola	216935	S	3	0	3	0.00000
Spiroplasma phoeniceum	47835	S	3	3	6	0.00000
Spiroplasma kunkelii	47834	S	3	2	5	0.00000
Spiroplasma cantharicola	362837	S	2	0	2	0.00000
Spiroplasma sabaudiense	216944	S	2	0	2	0.00000
Spiroplasma litorale	216942	S	2	0	2	0.00000
Spiroplasma citri	2133	S	2	4	6	0.00000
Spiroplasma turonicum	216946	S	1	0	1	0.00000
Spiroplasma melliferum	2134	S	1	1	2	0.00000
Spiroplasma eriocheiris	315358	S	1	0	1	0.00000
Spiroplasma syrphidicola	216945	S	1	0	1	0.00000
Spiroplasma helicoides	216938	S	1	0	1	0.00000
Spiroplasma chrysopicola	216933	S	1	0	1	0.00000
Spiroplasma alleghenense	216931	S	1	0	1	0.00000
Spiroplasma gladiatoris	2143	S	1	0	1	0.00000
Spiroplasma apis	2137	S	1	0	1	0.00000
Mesoplasma florum	2151	S	4	0	4	0.00000
Mesoplasma tabanidae	219745	S	4	0	4	0.00000
Mesoplasma chauliocola	216427	S	3	0	3	0.00000
Mesoplasma syrphidae	225999	S	2	0	2	0.00000
Mesoplasma coleopterae	324078	S	2	0	2	0.00000
Mesoplasma lactucae	138853	S	1	0	1	0.00000
Entomoplasma freundtii	74700	S	1	0	1	0.00000
Entomoplasma somnilux	215578	S	1	0	1	0.00000
Acholeplasma axanthum	29552	S	5	0	5	0.00000
Acholeplasma palmae	38986	S	4	0	4	0.00000
Acholeplasma brassicae	61635	S	4	0	4	0.00000
Acholeplasma laidlawii	2148	S	1	0	1	0.00000
Acholeplasma hippikon	264636	S	1	0	1	0.00000
Candidatus Phytoplasma mali	37692	S	3	0	3	0.00000
Aster yellows witches'-broom phytoplasma	229545	S	1	0	1	0.00000
Candidatus Phytoplasma ziziphi	135727	S	1	0	1	0.00000
Candidatus Izimaplasma sp. HR1	1541959	S	2	0	2	0.00000
Deinococcus sp. NW-56	2080419	S	9	0	9	0.00000
Deinococcus sp. S14-83	2489213	S	3	0	3	0.00000
Deinococcus sp. AJ005	2652443	S	3	0	3	0.00000
Deinococcus geothermalis	68909	S	11	1	12	0.00000
Deinococcus wulumuqiensis	980427	S	8	2	10	0.00000
Deinococcus actinosclerus	1768108	S	7	2	9	0.00000
Deinococcus peraridilitoris	432329	S	5	0	5	0.00000
Deinococcus metallilatus	1211322	S	4	0	4	0.00000
Deinococcus ficus	317577	S	4	0	4	0.00000
Deinococcus gobiensis	502394	S	3	0	3	0.00000
Deinococcus swuensis	1182571	S	3	0	3	0.00000
Deinococcus puniceus	1182568	S	3	0	3	0.00000
Deinococcus maricopensis	309887	S	3	0	3	0.00000
Deinococcus radiodurans	1299	S	2	0	2	0.00000
Deinococcus deserti	310783	S	2	0	2	0.00000
Deinococcus soli Cha et al. 2016	1309411	S	2	1	3	0.00000
Deinococcus irradiatisoli	2202254	S	2	0	2	0.00000
Deinococcus proteolyticus	55148	S	1	0	1	0.00000
Meiothermus silvanus	52022	S	30	0	30	0.00000
Meiothermus ruber	277	S	2	0	2	0.00000
Meiothermus taiwanensis	172827	S	2	0	2	0.00000
Thermus scotoductus	37636	S	17	1	18	0.00000
Thermus sp. CCB_US3_UF1	1111069	S	2	0	2	0.00000
Thermus sp. 4C	446041	S	1	0	1	0.00000
Thermus thermophilus	274	S	2	0	2	0.00000
Thermus aquaticus	271	S	1	0	1	0.00000
Thermus oshimai	56957	S	1	0	1	0.00000
Thermus parvatiensis	456163	S	1	1	2	0.00000
Thermus caldilimi	2483360	S	1	0	1	0.00000
Oceanithermus profundus	187137	S	7	0	7	0.00000
Marinithermus hydrothermalis	186192	S	2	0	2	0.00000
Truepera radiovictrix	332249	S	14	0	14	0.00000
Candidatus Promineofilum breve	1806508	S	11	0	11	0.00000
Thermomicrobium roseum	500	S	4	0	4	0.00000
Sphaerobacter thermophilus	2057	S	3	0	3	0.00000
Tepidiforma bonchosmolovskayae	2601677	S	7	0	7	0.00000
Chloroflexus aggregans	152260	S	3	0	3	0.00000
Roseiflexus castenholzii	120962	S	2	0	2	0.00000
Roseiflexus sp. RS-1	357808	S	1	0	1	0.00000
Dehalogenimonas lykanthroporepellens	552810	S	2	0	2	0.00000
Dehalogenimonas sp. GP	1536648	S	1	0	1	0.00000
Dehalococcoides mccartyi	61435	S	3	0	3	0.00000
Anaerolinea thermophila	167964	S	1	0	1	0.00000
Anaerolinea sp. 'rifampicinis'	2710758	S	1	0	1	0.00000
Pelolinea submarina	913107	S	2	0	2	0.00000
Ktedonosporobacter rubrisoli	2509675	S	4	0	4	0.00000
Caldilinea aerophila	133453	S	4	0	4	0.00000
Thermobaculum terrenum	166501	S	1	0	1	0.00000
Fimbriimonas ginsengisoli	1005039	S	5	0	5	0.00000
Chthonomonas calidirosea	454171	S	1	0	1	0.00000
Flavobacterium sp. CLA17	2724135	S	33	4	37	0.00000
Flavobacterium sp. Sr18	935222	S	31	2	33	0.00000
Flavobacterium sp. M31R6	2739062	S	26	2	28	0.00000
Flavobacterium sp. MDT1-60	1979344	S	26	4	30	0.00000
Flavobacterium sp. 140616W15	2478552	S	25	3	28	0.00000
Flavobacterium sp. SLB02	2665645	S	21	5	26	0.00000
Flavobacterium sp. BB8	2816357	S	19	3	22	0.00000
Flavobacterium sp. KBS0721	1179672	S	19	6	25	0.00000
Flavobacterium sp. LPB0248	2614441	S	17	8	25	0.00000
Flavobacterium sp. I3-2	2748319	S	16	14	30	0.00000
Flavobacterium sp. P2-65	2748320	S	13	1	14	0.00000
Flavobacterium sp. CS20	2775246	S	13	3	16	0.00000
Flavobacterium sp. HYN0086	2249356	S	11	2	13	0.00000
Flavobacterium sp. CJ74	2294119	S	7	0	7	0.00000
Flavobacterium sp. xlx-214	2654325	S	4	0	4	0.00000
Flavobacterium psychrophilum	96345	S	101	14	115	0.00000
Flavobacterium nackdongense	2547394	S	50	2	52	0.00000
Flavobacterium johnsoniae	986	S	49	14	63	0.00000
Flavobacterium commune	1306519	S	39	3	42	0.00000
Flavobacterium columnare	996	S	38	6	44	0.00000
Flavobacterium sangjuense	2518177	S	31	1	32	0.00000
Flavobacterium indicum	312277	S	27	1	28	0.00000
Flavobacterium branchiophilum	55197	S	26	1	27	0.00000
Flavobacterium faecale	1355330	S	22	1	23	0.00000
Flavobacterium crassostreae	1763534	S	20	2	22	0.00000
Flavobacterium crocinum	2183896	S	20	4	24	0.00000
Flavobacterium gilvum	1492737	S	19	1	20	0.00000
Flavobacterium anhuiense	459526	S	18	6	24	0.00000
Flavobacterium arcticum	1784713	S	17	0	17	0.00000
Flavobacterium nitrogenifigens	1617283	S	13	5	18	0.00000
Flavobacterium haoranii	683124	S	12	2	14	0.00000
Flavobacterium alkalisoli	2602769	S	12	0	12	0.00000
Flavobacterium sediminis	2201181	S	10	7	17	0.00000
Flavobacterium magnum	2162713	S	9	0	9	0.00000
Flavobacterium kingsejongi	1678728	S	9	0	9	0.00000
Flavobacterium pallidum	2172098	S	4	0	4	0.00000
Flavobacterium album	2175091	S	4	0	4	0.00000
Polaribacter sp. G4M1	2808900	S	13	1	14	0.00000
Polaribacter sp. KT25b	1855336	S	12	1	13	0.00000
Polaribacter sp. L3A8	2686361	S	12	1	13	0.00000
Polaribacter sp. MED152	313598	S	11	0	11	0.00000
Polaribacter sp. Hel1_33_78	1336804	S	9	0	9	0.00000
Polaribacter sp. SA4-10	754397	S	7	0	7	0.00000
Polaribacter sp. SA4-12	1312072	S	7	0	7	0.00000
Polaribacter sp. KT 15	1896175	S	7	8	15	0.00000
Polaribacter sp. ALD11	2058137	S	7	1	8	0.00000
Polaribacter sp. L12M9	2738844	S	7	3	10	0.00000
Polaribacter sp. BM10	1529069	S	5	5	10	0.00000
Polaribacter sp. SM13	2818493	S	5	0	5	0.00000
Polaribacter vadi	1774273	S	13	1	14	0.00000
Polaribacter reichenbachii	996801	S	8	0	8	0.00000
Polaribacter sejongensis	985043	S	4	0	4	0.00000
Polaribacter haliotis	1888915	S	1	0	1	0.00000
Capnocytophaga sp. oral taxon 878	1316596	S	5	1	6	0.00000
Capnocytophaga sp. oral taxon 864	1316593	S	4	5	9	0.00000
Capnocytophaga sp. FDAARGOS_737	2545799	S	4	2	6	0.00000
Capnocytophaga sp. oral taxon 323	1705617	S	2	3	5	0.00000
Capnocytophaga sp. H2931	1945657	S	1	2	3	0.00000
Capnocytophaga canimorsus	28188	S	10	2	12	0.00000
Capnocytophaga gingivalis	1017	S	8	0	8	0.00000
Capnocytophaga cynodegmi	28189	S	7	2	9	0.00000
Capnocytophaga sputigena	1019	S	6	1	7	0.00000
Capnocytophaga stomatis	1848904	S	5	0	5	0.00000
Capnocytophaga endodontalis	2708117	S	4	2	6	0.00000
Capnocytophaga leadbetteri	327575	S	2	1	3	0.00000
Capnocytophaga haemolytica	45243	S	1	0	1	0.00000
Winogradskyella sp. J14-2	1936080	S	21	1	22	0.00000
Winogradskyella sp. PG-2	754409	S	14	0	14	0.00000
Winogradskyella sp. PC-19	754417	S	11	2	13	0.00000
Winogradskyella sediminis	1382466	S	13	3	16	0.00000
Winogradskyella forsetii	2686077	S	10	2	12	0.00000
Winogradskyella helgolandensis	2697010	S	7	1	8	0.00000
Winogradskyella schleiferi	2686078	S	2	0	2	0.00000
Myroides odoratimimus	76832	S	24	26	50	0.00000
Myroides odoratus	256	S	13	0	13	0.00000
Myroides phaeus	702745	S	10	2	12	0.00000
Myroides fluvii	2572594	S	6	0	6	0.00000
Myroides profundi	480520	S	5	0	5	0.00000
Myroides sp. A21	1583100	S	2	1	3	0.00000
Myroides sp. ZB35	1458492	S	1	0	1	0.00000
Tenacibaculum maritimum	107401	S	15	2	17	0.00000
Tenacibaculum sp. DSM 106434	2358479	S	7	0	7	0.00000
Tenacibaculum sp. SZ-18	754423	S	4	0	4	0.00000
Tenacibaculum jejuense	584609	S	8	0	8	0.00000
Tenacibaculum mesophilum	104268	S	7	1	8	0.00000
Tenacibaculum todarodis	1850252	S	5	1	6	0.00000
Tenacibaculum dicentrarchi	669041	S	2	0	2	0.00000
Nonlabens sp. Hel1_33_55	1336802	S	8	0	8	0.00000
Nonlabens sp. Ci31	2608253	S	4	0	4	0.00000
Nonlabens sp. MB-3u-79	2058134	S	3	0	3	0.00000
Nonlabens sp. MIC269	1476901	S	2	2	4	0.00000
Nonlabens marinus	930802	S	10	1	11	0.00000
Nonlabens dokdonensis	328515	S	7	0	7	0.00000
Nonlabens ponticola	2496866	S	5	0	5	0.00000
Nonlabens spongiae	331648	S	3	0	3	0.00000
Algibacter sp. L1A34	2686365	S	14	2	16	0.00000
Algibacter sp. L3A6	2686366	S	14	3	17	0.00000
Algibacter alginicilyticus	1736674	S	14	2	16	0.00000
Cellulophaga baltica	76594	S	13	1	14	0.00000
Cellulophaga lytica	979	S	11	1	12	0.00000
Cellulophaga algicola	59600	S	8	1	9	0.00000
Cellulophaga sp. L1A9	2686362	S	6	1	7	0.00000
Formosa sp. Hel1_31_208	1798225	S	8	0	8	0.00000
Formosa sp. L2A11	2686363	S	8	1	9	0.00000
Formosa sp. Hel1_33_131	1336794	S	7	0	7	0.00000
Formosa sp. Hel3_A1_48	1336795	S	1	0	1	0.00000
Formosa sediminum	2594004	S	8	0	8	0.00000
Formosa agariphila	320324	S	5	0	5	0.00000
Lacinutrix sp. Bg11-31	2057808	S	16	1	17	0.00000
Lacinutrix sp. 5H-3-7-4	983544	S	9	2	11	0.00000
Lacinutrix sp. WUR7	2653681	S	7	0	7	0.00000
Lacinutrix venerupis	1486034	S	4	0	4	0.00000
Aquimarina sp. BL5	1714860	S	12	1	13	0.00000
Aquimarina sp. AD10	1714849	S	6	0	6	0.00000
Aquimarina sp. TRL1	2736252	S	5	0	5	0.00000
Aquimarina sp. AD1	1714848	S	4	0	4	0.00000
Gramella salexigens	1913577	S	7	0	7	0.00000
Gramella echinicola	279359	S	5	0	5	0.00000
Gramella fulva	2126553	S	5	0	5	0.00000
Gramella sp. MAR_2010_147	1250205	S	3	0	3	0.00000
Gramella forsetii	411153	S	2	0	2	0.00000
Gramella flava	1486245	S	2	0	2	0.00000
Maribacter sp. T28	1836467	S	12	0	12	0.00000
Maribacter sp. MJ134	2496865	S	2	0	2	0.00000
Maribacter sp. HTCC2170	313603	S	1	0	1	0.00000
Maribacter sp. 1_2014MBL_MicDiv	1644130	S	1	1	2	0.00000
Maribacter cobaltidurans	1178778	S	3	2	5	0.00000
Maribacter dokdonensis	320912	S	2	2	4	0.00000
Aequorivita sublithincola	101385	S	10	0	10	0.00000
Aequorivita sp. KX20305	2803865	S	7	0	7	0.00000
Aequorivita sp. H23M31	2494375	S	3	0	3	0.00000
Kordia antarctica	1218801	S	17	0	17	0.00000
Kordia sp. SMS9	2282170	S	2	0	2	0.00000
Olleya sp. Bg11-27	2058135	S	10	11	21	0.00000
Olleya aquimaris	639310	S	7	2	9	0.00000
Dokdonia sp. Dokd-P16	2173169	S	4	2	6	0.00000
Dokdonia sp. 4H-3-7-5	983548	S	3	2	5	0.00000
Dokdonia sp. MED134	313590	S	1	2	3	0.00000
Dokdonia sp. PRO95	1239415	S	1	0	1	0.00000
Tamlana sp. s12	1630406	S	8	2	10	0.00000
Tamlana carrageenivorans	2069432	S	5	1	6	0.00000
Muricauda sp. 501str8	2698672	S	7	3	10	0.00000
Muricauda lutaonensis	516051	S	5	0	5	0.00000
Muricauda ruestringensis	111501	S	2	0	2	0.00000
Urechidicola croceus	1850246	S	13	7	20	0.00000
Mesoflavibacter profundi	2708110	S	1	12	13	0.00000
Psychroflexus torquis	57029	S	8	0	8	0.00000
Psychroflexus sp. ALD_RP9	2777186	S	5	0	5	0.00000
Seonamhaeicola sp. S2-3	1936081	S	12	1	13	0.00000
Arenibacter algicola	616991	S	12	0	12	0.00000
Salegentibacter salegens	143223	S	7	0	7	0.00000
Salegentibacter sp. T436	1729720	S	3	2	5	0.00000
Lutibacter profundi	1622118	S	10	0	10	0.00000
Gillisia sp. Hel1_33_143	1336796	S	9	2	11	0.00000
Amniculibacterium sp. G2-70	2767188	S	9	6	15	0.00000
Oceanihabitans sp. IOP_32	2529032	S	8	2	10	0.00000
Croceibacter atlanticus	313588	S	8	1	9	0.00000
Mariniflexile sp. TRM1-10	2027857	S	8	0	8	0.00000
Siansivirga zeaxanthinifaciens	762954	S	7	1	8	0.00000
Robiginitalea biformata	252307	S	7	0	7	0.00000
Antarcticibacterium arcticum	2585771	S	4	0	4	0.00000
Antarcticibacterium flavum	2058175	S	3	0	3	0.00000
Changchengzhania lutea	2049305	S	7	0	7	0.00000
Sediminicola sp. YIK13	1453352	S	7	0	7	0.00000
Muriicola sp. MMS17-SY002	2507538	S	6	0	6	0.00000
Aureitalea sp. RR4-38	2094025	S	6	0	6	0.00000
Zunongwangia profunda	398743	S	6	4	10	0.00000
Flagellimonas maritima	1383885	S	5	0	5	0.00000
Psychroserpens sp. NJDZ02	2570561	S	5	6	11	0.00000
Flavivirga eckloniae	1803846	S	5	0	5	0.00000
Leeuwenhoekiella sp. ZYFB001	2719912	S	5	0	5	0.00000
Wenyingzhuangia fucanilytica	1790137	S	4	0	4	0.00000
Costertonia aggregata	343403	S	4	0	4	0.00000
Altibacter sp. ALE3EI	2562285	S	3	0	3	0.00000
Gilvibacter sp. SZ-19	754429	S	3	0	3	0.00000
Galbibacter sp. BG1	1170699	S	3	0	3	0.00000
Zobellia galactanivorans	63186	S	2	0	2	0.00000
Chryseobacterium sp. 3008163	2478663	S	16	3	19	0.00000
Chryseobacterium sp. NEB161	2724619	S	16	11	27	0.00000
Chryseobacterium sp. StRB126	878220	S	15	3	18	0.00000
Chryseobacterium sp. G0201	2487065	S	15	4	19	0.00000
Chryseobacterium sp. NBC 122	2547600	S	15	0	15	0.00000
Chryseobacterium sp. IHB B 17019	1721091	S	13	1	14	0.00000
Chryseobacterium sp. G0186	2487064	S	12	8	20	0.00000
Chryseobacterium sp. POL2	2713414	S	11	3	14	0.00000
Chryseobacterium sp. 6424	2039166	S	9	1	10	0.00000
Chryseobacterium sp. G0162	2487063	S	8	12	20	0.00000
Chryseobacterium sp. T16E-39	2015076	S	6	0	6	0.00000
Chryseobacterium sp. SNU WT5	2594269	S	5	0	5	0.00000
Chryseobacterium sp. cx-624	2758037	S	5	0	5	0.00000
Chryseobacterium sp. JV274	1932669	S	3	0	3	0.00000
Chryseobacterium shandongense	1493872	S	31	17	48	0.00000
Chryseobacterium indoltheticum	254	S	25	6	31	0.00000
Chryseobacterium indologenes	253	S	23	8	31	0.00000
Chryseobacterium manosquense	2754694	S	21	39	60	0.00000
Chryseobacterium aureum	2497456	S	21	4	25	0.00000
Chryseobacterium balustinum	246	S	19	8	27	0.00000
Chryseobacterium piperi	558152	S	18	1	19	0.00000
Chryseobacterium bernardetii	1241978	S	17	23	40	0.00000
Chryseobacterium gleum	250	S	17	20	37	0.00000
Chryseobacterium camelliae	1265445	S	16	7	23	0.00000
Chryseobacterium glaciei	1685010	S	13	2	15	0.00000
Chryseobacterium gallinarum	1324352	S	12	2	14	0.00000
Chryseobacterium joostei	112234	S	9	4	13	0.00000
Chryseobacterium nakagawai	1241982	S	6	10	16	0.00000
Chryseobacterium carnipullorum	1124835	S	5	1	6	0.00000
Chryseobacterium cucumeris	1813611	S	2	0	2	0.00000
Chryseobacterium arthrosphaerae	651561	S	2	0	2	0.00000
Kaistella jeonii	266749	S	71	2	73	0.00000
Kaistella flava (ex Peng et al. 2021)	2038776	S	25	2	27	0.00000
Kaistella antarctica	266748	S	21	1	22	0.00000
Kaistella daneshvariae	2487074	S	18	0	18	0.00000
Kaistella carnis	1241979	S	15	2	17	0.00000
Chryseobacterium haifense	421525	S	6	8	14	0.00000
Epilithonimonas vandammei	2487072	S	27	27	54	0.00000
Chryseobacterium lactis	1241981	S	12	8	20	0.00000
Chryseobacterium taklimakanense	536441	S	15	4	19	0.00000
Cloacibacterium normanense	237258	S	103	13	116	0.00000
Elizabethkingia bruuniana	1756149	S	17	33	50	0.00000
Elizabethkingia meningoseptica	238	S	16	0	16	0.00000
Elizabethkingia sp. JS20170427COW	2583851	S	11	0	11	0.00000
Elizabethkingia sp. 2-6	2575699	S	1	1	2	0.00000
Elizabethkingia anophelis	1117645	S	11	7	18	0.00000
Elizabethkingia miricola	172045	S	8	3	11	0.00000
Elizabethkingia ursingii	1756150	S	4	0	4	0.00000
Empedobacter brevis	247	S	9	2	11	0.00000
Empedobacter falsenii	343874	S	9	4	13	0.00000
Empedobacter stercoris	1628248	S	7	1	8	0.00000
Apibacter raozihei	2500547	S	6	0	6	0.00000
Apibacter sp. B3706	2656760	S	1	1	2	0.00000
Apibacter sp. B2966	2656761	S	1	1	2	0.00000
Riemerella anatipestifer	34085	S	10	4	14	0.00000
Ornithobacterium rhinotracheale	28251	S	7	1	8	0.00000
Weeksella virosa	1014	S	3	0	3	0.00000
Bergeyella cardium	1585976	S	2	0	2	0.00000
Cruoricaptor ignavus	1118202	S	2	0	2	0.00000
Blattabacterium cuenoti	1653831	S	58	8	66	0.00000
Blattabacterium sp. DPU	2715232	S	2	0	2	0.00000
Blattabacterium sp. (Blatta orientalis)	367806	S	1	1	2	0.00000
Blattabacterium sp. (Blattella germanica)	624186	S	1	0	1	0.00000
Owenweeksia hongkongensis	253245	S	8	0	8	0.00000
Croceimicrobium hydrocarbonivorans	2761580	S	6	0	6	0.00000
Candidatus Sulcia muelleri	336810	S	10	0	10	0.00000
Candidatus Walczuchella monophlebidarum	1415657	S	1	0	1	0.00000
Fluviicola taffensis	191579	S	8	0	8	0.00000
Ichthyobacterium seriolicida	242600	S	5	0	5	0.00000
Pedobacter sp. HDW13	2714940	S	77	11	88	0.00000
Pedobacter sp. G11	2482728	S	70	10	80	0.00000
Pedobacter sp. SW-16	2766984	S	52	12	64	0.00000
Pedobacter sp. JBR3-12	2789740	S	46	3	49	0.00000
Pedobacter sp. KBS0701	2578106	S	39	11	50	0.00000
Pedobacter sp. CJ43	2605747	S	17	0	17	0.00000
Pedobacter sp. PACM 27299	1727164	S	16	1	17	0.00000
Pedobacter sp. eg	2201271	S	16	1	17	0.00000
Pedobacter sp.	1411316	S	1	0	1	0.00000
Pedobacter roseus	336820	S	51	19	70	0.00000
Pedobacter suwonensis	332999	S	31	8	39	0.00000
Pedobacter ginsengisoli	363852	S	31	2	33	0.00000
Pedobacter heparinus	984	S	24	1	25	0.00000
Pedobacter cryoconitis	188932	S	19	0	19	0.00000
Pedobacter steynii	430522	S	17	1	18	0.00000
Sphingobacterium multivorum	28454	S	53	54	107	0.00000
Sphingobacterium sp. B29	1933220	S	10	12	22	0.00000
Sphingobacterium sp. DR205	2713573	S	10	0	10	0.00000
Sphingobacterium sp. UDSM-2020	2795738	S	10	1	11	0.00000
Sphingobacterium sp. CZ-2	2557994	S	6	0	6	0.00000
Sphingobacterium sp. dk4302	2662364	S	6	0	6	0.00000
Sphingobacterium sp. ML3W	1538644	S	3	0	3	0.00000
Sphingobacterium sp. G1-14	2003121	S	2	4	6	0.00000
Sphingobacterium spiritivorum	258	S	10	3	13	0.00000
Sphingobacterium siyangense	459529	S	10	20	30	0.00000
Sphingobacterium mizutaii	1010	S	9	0	9	0.00000
Sphingobacterium daejeonense	371142	S	8	0	8	0.00000
Sphingobacterium lactis	797291	S	8	3	11	0.00000
Sphingobacterium psychroaquaticum	561061	S	7	0	7	0.00000
Sphingobacterium hotanense	649196	S	4	0	4	0.00000
Sphingobacterium thalpophilum	259	S	2	1	3	0.00000
Mucilaginibacter celer	2305508	S	17	0	17	0.00000
Mucilaginibacter gotjawali	1550579	S	13	0	13	0.00000
Mucilaginibacter sp. F39-2	2728022	S	9	0	9	0.00000
Mucilaginibacter sp. 14171R-50	2703789	S	4	0	4	0.00000
Mucilaginibacter mali	2740462	S	11	0	11	0.00000
Mucilaginibacter ginsenosidivorans	398053	S	10	0	10	0.00000
Mucilaginibacter ginsenosidivorax	862126	S	9	0	9	0.00000
Mucilaginibacter mallensis	652787	S	8	0	8	0.00000
Mucilaginibacter rubeus	2027860	S	8	15	23	0.00000
Mucilaginibacter xinganensis	1234841	S	7	0	7	0.00000
Mucilaginibacter ginkgonis	2682091	S	7	0	7	0.00000
Mucilaginibacter paludis	423351	S	4	0	4	0.00000
Mucilaginibacter gossypii	551996	S	3	1	4	0.00000
Solitalea canadensis	995	S	11	0	11	0.00000
Pseudopedobacter saltans	151895	S	11	3	14	0.00000
Olivibacter sp. SDN3	2764720	S	5	0	5	0.00000
Olivibacter sp. LS-1	2592345	S	4	21	25	0.00000
Anseongella ginsenosidimutans	496056	S	8	0	8	0.00000
Spirosoma sp. KUDC1026	2745947	S	230	5	235	0.00000
Spirosoma sp. CJU-R4	2728024	S	12	0	12	0.00000
Spirosoma sp. PL0136	2710596	S	10	0	10	0.00000
Spirosoma sp. KCTC 42546	2520506	S	8	0	8	0.00000
Spirosoma pollinicola	2057025	S	17	0	17	0.00000
Spirosoma montaniterrae	1178516	S	8	0	8	0.00000
Spirosoma radiotolerans	1379870	S	6	0	6	0.00000
Spirosoma endbachense	2666025	S	6	0	6	0.00000
Spirosoma rigui	564064	S	5	0	5	0.00000
Spirosoma aureum	2692134	S	5	0	5	0.00000
Spirosoma aerolatum	1211326	S	4	0	4	0.00000
Spirosoma taeanense	2735870	S	4	0	4	0.00000
Runella sp. HYN0085	2259595	S	18	1	19	0.00000
Runella sp. SP2	2268026	S	1	0	1	0.00000
Runella slithyformis	106	S	15	1	16	0.00000
Fibrella aestuarina	651143	S	10	0	10	0.00000
Fibrella sp. ES10-3-2-2	1834519	S	8	0	8	0.00000
Aquirufa nivalisilvae	2516557	S	17	1	18	0.00000
Dyadobacter sp. Q3-56	2747268	S	7	0	7	0.00000
Dyadobacter fermentans	94254	S	5	0	5	0.00000
Cytophaga hutchinsonii	985	S	10	0	10	0.00000
Leadbetterella byssophila	316068	S	8	2	10	0.00000
Rhodocytophaga rosea	2704465	S	7	0	7	0.00000
Arcticibacterium luteifluviistationis	1784714	S	5	0	5	0.00000
Hymenobacter sp. APR13	1356852	S	11	5	16	0.00000
Hymenobacter sp. PAMC 26554	1484116	S	8	0	8	0.00000
Hymenobacter sp. TS19	2735321	S	6	0	6	0.00000
Hymenobacter sp. DG25A	1385663	S	5	1	6	0.00000
Hymenobacter sp. PAMC 26628	1484118	S	5	0	5	0.00000
Hymenobacter sp. DG01	2584940	S	5	2	7	0.00000
Hymenobacter sp. NBH84	2596915	S	5	0	5	0.00000
Hymenobacter sp. HDW8	2714932	S	5	6	11	0.00000
Hymenobacter sp. BRD67	2675877	S	4	1	5	0.00000
Hymenobacter sp. BRD128	2675878	S	4	0	4	0.00000
Hymenobacter sp. S2-20-2	2761579	S	3	0	3	0.00000
Hymenobacter sp. DG25B	1385664	S	2	0	2	0.00000
Hymenobacter sedentarius	1411621	S	21	0	21	0.00000
Hymenobacter nivis	1850093	S	10	0	10	0.00000
Hymenobacter busanensis	2607656	S	8	0	8	0.00000
Hymenobacter radiodurans	2496028	S	7	10	17	0.00000
Hymenobacter qilianensis	1385715	S	6	0	6	0.00000
Hymenobacter swuensis	1446467	S	5	0	5	0.00000
Hymenobacter jejuensis	2502781	S	5	0	5	0.00000
Hymenobacter russus	2724192	S	5	0	5	0.00000
Hymenobacter oligotrophus	2319843	S	4	0	4	0.00000
Hymenobacter baengnokdamensis	2615203	S	2	0	2	0.00000
Adhaeribacter swui	2086471	S	15	0	15	0.00000
Adhaeribacter radiodurans	2745197	S	12	0	12	0.00000
Pontibacter pudoricolor	2694930	S	6	0	6	0.00000
Pontibacter korlensis	400092	S	3	0	3	0.00000
Pontibacter sp. SGAir0037	2571030	S	3	0	3	0.00000
Pontibacter actiniarum	323450	S	2	0	2	0.00000
Pontibacter akesuensis	388950	S	2	0	2	0.00000
Pontibacter russatus	2694929	S	2	0	2	0.00000
Rufibacter tibetensis	512763	S	3	0	3	0.00000
Rufibacter radiotolerans	1379910	S	2	0	2	0.00000
Rufibacter sp. DG15C	1379909	S	2	0	2	0.00000
Nibribacter ruber	2698458	S	2	0	2	0.00000
Echinicola sp. 20G	2781961	S	6	0	6	0.00000
Echinicola sp. LN3S3	2591634	S	1	0	1	0.00000
Echinicola strongylocentroti	1795355	S	5	0	5	0.00000
Echinicola vietnamensis	390884	S	2	0	2	0.00000
Echinicola rosea	1807691	S	2	0	2	0.00000
Algoriphagus machipongonensis	388413	S	5	0	5	0.00000
Algoriphagus sp. Y33	2772483	S	4	0	4	0.00000
Algoriphagus sanaruensis	1727163	S	3	0	3	0.00000
Cyclobacterium marinum	104	S	5	2	7	0.00000
Cyclobacterium amurskyense	320787	S	3	1	4	0.00000
Belliella baltica	232259	S	5	1	6	0.00000
Aquiflexum balticum	280473	S	2	0	2	0.00000
Fulvivirga sp. S481	2810512	S	10	0	10	0.00000
Chryseolinea soli	2321403	S	10	0	10	0.00000
Flammeovirga sp. MY04	1191459	S	8	0	8	0.00000
Flammeovirga pectinis	2494373	S	6	0	6	0.00000
Bernardetia litoralis	999	S	13	0	13	0.00000
Candidatus Cardinium hertigii	247481	S	5	0	5	0.00000
Cardinium endosymbiont of Sogatella furcifera	650378	S	5	0	5	0.00000
Candidatus Amoebophilus asiaticus	281120	S	2	0	2	0.00000
Marivirga tractuosa	1006	S	12	2	14	0.00000
Roseivirga pacifica	1267423	S	8	0	8	0.00000
Chitinophaga sp. MD30	2033437	S	10	0	10	0.00000
Chitinophaga sp. XS-30	2604421	S	6	0	6	0.00000
Chitinophaga sp. 1303	2725414	S	2	7	9	0.00000
Chitinophaga sp. 1310	2725416	S	2	6	8	0.00000
Chitinophaga pinensis	79329	S	22	2	24	0.00000
Chitinophaga caeni	2029983	S	14	1	15	0.00000
Chitinophaga agri	2703787	S	8	1	9	0.00000
Chitinophaga alhagiae	2203219	S	1	0	1	0.00000
Arachidicoccus sp. B3-10	2545455	S	21	0	21	0.00000
Arachidicoccus sp. BS20	1850526	S	13	2	15	0.00000
Arachidicoccus soli	2341117	S	22	1	23	0.00000
Arachidicoccus ginsenosidivorans	496057	S	7	0	7	0.00000
Pseudobacter ginsenosidimutans	661488	S	38	3	41	0.00000
Lacibacter sp. S13-6-6	2760713	S	35	1	36	0.00000
Panacibacter ginsenosidivorans	1813871	S	35	1	36	0.00000
Niabella ginsenosidivorans	1176587	S	18	1	19	0.00000
Niabella soli	446683	S	6	0	6	0.00000
Paraflavitalea soli	2315862	S	21	1	22	0.00000
Flavisolibacter tropicus	1492898	S	11	1	12	0.00000
Flavisolibacter ginsenosidimutans	661481	S	9	0	9	0.00000
Filimonas lacunae	477680	S	20	2	22	0.00000
Flavihumibacter sp. SB-02	2676868	S	18	1	19	0.00000
Pseudocnuella soli	2502779	S	15	1	16	0.00000
Niastella koreensis	354356	S	10	1	11	0.00000
Bacteroides fragilis	817	S	14	9	23	0.00000
Bacteroides sp. CBA7301	2715212	S	7	0	7	0.00000
Bacteroides sp. HF-5287	2650157	S	3	0	3	0.00000
Bacteroides sp. CACC 737	2755405	S	2	2	4	0.00000
Bacteroides sp. HF-5141	2650158	S	1	0	1	0.00000
Bacteroides sp. M10	2763022	S	1	0	1	0.00000
Bacteroides thetaiotaomicron	818	S	11	0	11	0.00000
Bacteroides ovatus	28116	S	9	5	14	0.00000
Bacteroides helcogenes	290053	S	7	0	7	0.00000
Bacteroides cellulosilyticus	246787	S	6	0	6	0.00000
Bacteroides caecimuris	1796613	S	4	0	4	0.00000
Bacteroides uniformis	820	S	3	1	4	0.00000
Bacteroides caccae	47678	S	3	0	3	0.00000
Bacteroides coprosuis	151276	S	3	0	3	0.00000
Bacteroides heparinolyticus	28113	S	2	0	2	0.00000
Bacteroides zoogleoformans	28119	S	2	0	2	0.00000
Bacteroides eggerthii	28111	S	1	0	1	0.00000
Bacteroides intestinalis	329854	S	1	0	1	0.00000
Bacteroides xylanisolvens	371601	S	1	0	1	0.00000
Prevotella intermedia	28131	S	10	1	11	0.00000
Prevotella sp. oral taxon 299	652716	S	5	0	5	0.00000
Prevotella sp. WR041	2801997	S	5	0	5	0.00000
Prevotella dentalis	52227	S	8	0	8	0.00000
Prevotella melaninogenica	28132	S	6	1	7	0.00000
Prevotella oris	28135	S	3	0	3	0.00000
Prevotella copri	165179	S	2	0	2	0.00000
Prevotella fusca	589436	S	2	0	2	0.00000
Prevotella scopos	589437	S	2	0	2	0.00000
Prevotella ruminicola	839	S	1	0	1	0.00000
Prevotella denticola	28129	S	1	0	1	0.00000
Prevotella jejuni	1177574	S	1	0	1	0.00000
Paraprevotella xylaniphila	454155	S	3	0	3	0.00000
Phocaeicola vulgatus	821	S	11	3	14	0.00000
Phocaeicola dorei	357276	S	11	3	14	0.00000
Phocaeicola salanitronis	376805	S	6	0	6	0.00000
Alistipes onderdonkii	328813	S	11	2	13	0.00000
Alistipes shahii	328814	S	4	1	5	0.00000
Alistipes communis	2585118	S	4	0	4	0.00000
Alistipes finegoldii	214856	S	3	0	3	0.00000
Alistipes sp. dk3624	2662363	S	2	0	2	0.00000
Alistipes indistinctus	626932	S	1	0	1	0.00000
Parabacteroides distasonis	823	S	4	7	11	0.00000
Parabacteroides goldsteinii	328812	S	1	0	1	0.00000
Tannerella forsythia	28112	S	5	0	5	0.00000
Tannerella sp. oral taxon HOT-286	712710	S	3	0	3	0.00000
Dysgonomonas sp. HDW5A	2714926	S	3	0	3	0.00000
Dysgonomonas sp. HDW5B	2714927	S	3	0	3	0.00000
Proteiniphilum saccharofermentans	1642647	S	3	0	3	0.00000
Petrimonas mucosa	1642646	S	2	0	2	0.00000
Coprobacter sp. 2CBH44	2751153	S	10	1	11	0.00000
Barnesiella viscericola	397865	S	1	0	1	0.00000
Paludibacter propionicigenes	185300	S	11	0	11	0.00000
Odoribacter splanchnicus	28118	S	5	0	5	0.00000
Butyricimonas virosa	544645	S	2	3	5	0.00000
Sodaliphilus pleomorphus	2606626	S	5	1	6	0.00000
Duncaniella dubosii	2518971	S	3	0	3	0.00000
Muribaculum intestinale	1796646	S	1	0	1	0.00000
Muribaculum gordoncarteri	2530390	S	1	0	1	0.00000
Porphyromonas gingivalis	837	S	7	0	7	0.00000
Porphyromonas cangingivalis	36874	S	1	0	1	0.00000
Tenuifilum thalassicum	2590900	S	6	0	6	0.00000
Salinivirga cyanobacteriivorans	1307839	S	4	0	4	0.00000
Alkalitalea saponilacus	889453	S	7	1	8	0.00000
Draconibacterium sp. M1	2706887	S	4	0	4	0.00000
Draconibacterium orientale	1168034	S	2	0	2	0.00000
Labilibaculum antarcticum	1717717	S	4	0	4	0.00000
Haliscomenobacter hydrossis	2350	S	21	0	21	0.00000
Saprospira grandis	1008	S	3	0	3	0.00000
Salinibacter ruber	146919	S	9	0	9	0.00000
Rhodothermus marinus	29549	S	8	0	8	0.00000
Chlorobium phaeobacteroides	1096	S	7	3	10	0.00000
Chlorobium limicola	1092	S	1	0	1	0.00000
Chlorobium chlorochromatii	337090	S	1	0	1	0.00000
Pelodictyon phaeoclathratiforme	34090	S	4	0	4	0.00000
Chlorobaculum limnaeum	274537	S	4	0	4	0.00000
Chlorobaculum tepidum	1097	S	1	0	1	0.00000
Prosthecochloris aestuarii	1102	S	1	0	1	0.00000
Chloroherpeton thalassium	100716	S	1	0	1	0.00000
Ignavibacterium album	591197	S	5	0	5	0.00000
Candidatus Cyclonatronum proteinivorum	1457365	S	1	0	1	0.00000
Gemmatimonas sp. TET16	2732249	S	18	1	19	0.00000
Gemmatimonas phototrophica	1379270	S	13	1	14	0.00000
Gemmatimonas aurantiaca	173480	S	11	1	12	0.00000
Gemmatirosa kalamazoonesis	861299	S	21	1	22	0.00000
Fibrobacter succinogenes	833	S	2	0	2	0.00000
Candidatus Cloacimonas acidaminovorans	456827	S	1	0	1	0.00000
Urbifossiella limnaea	2528023	S	108	7	115	0.00000
Gemmata obscuriglobus	114	S	50	3	53	0.00000
Gemmata sp. SH-PL17	1630693	S	18	11	29	0.00000
Gemmata massiliana	1210884	S	12	6	18	0.00000
Limnoglobus roseus	2598579	S	76	2	78	0.00000
Frigoriglobus tundricola	2774151	S	44	4	48	0.00000
Tuwongella immobilis	692036	S	15	0	15	0.00000
Gimesia alba	2527973	S	10	2	12	0.00000
Gimesia panareensis	2527978	S	7	1	8	0.00000
Gimesia maris	122	S	6	1	7	0.00000
Gimesia aquarii	2527964	S	5	0	5	0.00000
Gimesia algae	2527971	S	5	1	6	0.00000
Gimesia fumaroli	2527976	S	4	0	4	0.00000
Gimesia chilikensis	2605989	S	3	2	5	0.00000
Gimesia benthica	2608982	S	2	3	5	0.00000
Planctomyces sp. SH-PL14	1632864	S	18	1	19	0.00000
Planctomyces sp. SH-PL62	1636152	S	13	8	21	0.00000
Maioricimonas rarisocia	2528026	S	25	4	29	0.00000
Caulifigura coniformis	2527983	S	17	0	17	0.00000
Alienimonas californiensis	2527989	S	16	1	17	0.00000
Planctopirus ephydatiae	2528019	S	5	4	9	0.00000
Planctopirus limnophila	120	S	1	0	1	0.00000
Symmachiella dynata	2527995	S	10	0	10	0.00000
Fuerstia marisgermanicae	1891926	S	9	0	9	0.00000
Thalassoglobus polymorphus	2527994	S	7	0	7	0.00000
Calycomorphotria hydatis	2528027	S	5	0	5	0.00000
Polystyrenella longa	2528007	S	4	0	4	0.00000
Rubinisphaera brasiliensis	119	S	2	0	2	0.00000
Crateriforma conspicua	2527996	S	2	0	2	0.00000
Pirellula sp. SH-Sr6A	1632865	S	22	0	22	0.00000
Pirellula staleyi	125	S	2	0	2	0.00000
Anatilimnocola aggregata	2528021	S	17	2	19	0.00000
Lignipirellula cremea	2528010	S	16	2	18	0.00000
Stieleria neptunia	2527979	S	8	0	8	0.00000
Stieleria maiorica	2795974	S	6	1	7	0.00000
Rosistilla oblonga	2527990	S	7	1	8	0.00000
Rosistilla carotiformis	2528017	S	3	0	3	0.00000
Roseimaritima ulvae	980254	S	9	0	9	0.00000
Aureliella helgolandensis	2527968	S	9	0	9	0.00000
Bremerella volcania	2527984	S	7	1	8	0.00000
Mariniblastus fucicola	980251	S	5	0	5	0.00000
Rhodopirellula baltica	265606	S	4	0	4	0.00000
Lacipirellula parvula	2650471	S	21	1	22	0.00000
Lacipirellula limnantheis	2528024	S	7	1	8	0.00000
Pirellulimonas nuda	2528009	S	20	1	21	0.00000
Botrimarina mediterranea	2528022	S	6	0	6	0.00000
Aeoliella mucimassa	2527972	S	5	0	5	0.00000
Bythopirellula goksoyri	1400387	S	4	0	4	0.00000
Tautonia plasticadhaerens	2527974	S	21	1	22	0.00000
Aquisphaera giovannonii	406548	S	20	4	24	0.00000
Paludisphaera borealis	1387353	S	17	6	23	0.00000
Singulisphaera acidiphila	466153	S	13	4	17	0.00000
Isosphaera pallida	128	S	4	0	4	0.00000
Humisphaera borealis	2807512	S	21	0	21	0.00000
Sedimentisphaera cyanobacteriorum	1940790	S	6	1	7	0.00000
Limihaloglobus sulfuriphilus	1851148	S	4	0	4	0.00000
Anaerohalosphaera lusitana	1936003	S	4	0	4	0.00000
Phycisphaera mikurensis	547188	S	9	0	9	0.00000
Candidatus Kuenenia stuttgartiensis	174633	S	3	0	3	0.00000
Verrucomicrobium spinosum	2736	S	46	0	46	0.00000
Verrucomicrobium sp. GAS474	1882831	S	11	0	11	0.00000
Luteolibacter luteus	2728835	S	36	0	36	0.00000
Roseimicrobium sp. ORNL1	2711231	S	36	0	36	0.00000
Akkermansia muciniphila	239935	S	12	0	12	0.00000
Akkermansia glycaniphila	1679444	S	4	0	4	0.00000
Opitutus sp. GAS368	1882749	S	21	5	26	0.00000
Opitutus terrae	107709	S	10	0	10	0.00000
Nibricoccus aquaticus	2576891	S	24	1	25	0.00000
Lacunisphaera limnophila	1838286	S	12	2	14	0.00000
Ereboglobus luteus	1796921	S	12	0	12	0.00000
Coraliomargarita akajimensis	395922	S	4	0	4	0.00000
Candidatus Xiphinematobacter sp. Idaho Grape	1704307	S	9	0	9	0.00000
Methylacidimicrobium sp. B4	2796139	S	4	0	4	0.00000
Methylacidimicrobium sp. AP8	2730359	S	1	0	1	0.00000
Candidatus Protochlamydia amoebophila	362787	S	9	4	13	0.00000
Candidatus Protochlamydia naegleriophila	389348	S	4	2	6	0.00000
Parachlamydia acanthamoebae	83552	S	5	1	6	0.00000
Neochlamydia sp. S13	1353976	S	4	0	4	0.00000
Waddlia chondrophila	71667	S	5	0	5	0.00000
Simkania negevensis	83561	S	4	0	4	0.00000
Chlamydia gallinacea	1457153	S	7	0	7	0.00000
Chlamydia trachomatis	813	S	2	0	2	0.00000
Chlamydia abortus	83555	S	2	2	4	0.00000
Chlamydia felis	83556	S	2	0	2	0.00000
Chlamydia psittaci	83554	S	1	1	2	0.00000
Chlamydia pneumoniae	83558	S	1	0	1	0.00000
Chlamydia avium	1457141	S	1	0	1	0.00000
Chlamydia sp. S15-834C	1967783	S	1	0	1	0.00000
Kiritimatiella glycovorans	1307763	S	7	2	9	0.00000
Candidatus Vampirococcus archaeovorus	1930593	S	3	0	3	0.00000
Fusobacterium nucleatum	851	S	14	3	17	0.00000
Fusobacterium pseudoperiodonticum	2663009	S	11	2	13	0.00000
Fusobacterium ulcerans	861	S	10	0	10	0.00000
Fusobacterium sp. NSJ-57	2764326	S	6	0	6	0.00000
Fusobacterium sp. oral taxon 203	671211	S	4	1	5	0.00000
Fusobacterium varium	856	S	7	0	7	0.00000
Fusobacterium necrophorum	859	S	7	0	7	0.00000
Fusobacterium mortiferum	850	S	5	0	5	0.00000
Fusobacterium hwasookii	1583098	S	4	2	6	0.00000
Fusobacterium gonidiaformans	849	S	2	0	2	0.00000
Fusobacterium periodonticum	860	S	2	2	4	0.00000
Fusobacterium canifelinum	285729	S	1	0	1	0.00000
Ilyobacter polytropus	167642	S	3	0	3	0.00000
Leptotrichia trevisanii	109328	S	7	1	8	0.00000
Leptotrichia wadei	157687	S	6	2	8	0.00000
Leptotrichia sp. oral taxon 212	712357	S	2	0	2	0.00000
Leptotrichia sp. oral taxon 498	712368	S	2	0	2	0.00000
Leptotrichia sp. oral taxon 847	1785996	S	2	0	2	0.00000
Leptotrichia buccalis	40542	S	3	1	4	0.00000
Leptotrichia hofstadii	157688	S	3	1	4	0.00000
Leptotrichia hongkongensis	554406	S	2	0	2	0.00000
Leptotrichia shahii	157691	S	1	0	1	0.00000
Sebaldella termitidis	826	S	4	0	4	0.00000
Sneathia vaginalis	187101	S	1	0	1	0.00000
Treponema pedis	409322	S	11	0	11	0.00000
Treponema sp. RCC2812	2787628	S	4	0	4	0.00000
Treponema sp. OMZ 804	120683	S	1	0	1	0.00000
Treponema sp. OMZ 838	1539298	S	1	0	1	0.00000
Treponema sp. Marseille-Q4132	2766701	S	1	0	1	0.00000
Treponema ruminis	744515	S	5	0	5	0.00000
Treponema parvum	138851	S	4	0	4	0.00000
Treponema denticola	158	S	2	0	2	0.00000
Treponema phagedenis	162	S	2	0	2	0.00000
Treponema putidum	221027	S	2	0	2	0.00000
Treponema socranskii	53419	S	1	0	1	0.00000
Treponema brennaborense	81028	S	1	0	1	0.00000
Treponema primitia	88058	S	1	0	1	0.00000
Treponema azotonutricium	150829	S	1	0	1	0.00000
Treponema caldarium	215591	S	1	0	1	0.00000
Thiospirochaeta perfilievii	252967	S	5	0	5	0.00000
Sediminispirochaeta smaragdinae	55206	S	2	0	2	0.00000
Spirochaeta thermophila	154	S	1	0	1	0.00000
Sphaerochaeta pleomorpha	1131707	S	1	0	1	0.00000
Salinispira pacifica	1307761	S	1	0	1	0.00000
Borreliella burgdorferi	139	S	4	3	7	0.00000
Candidatus Borrelia tachyglossi	1964448	S	3	0	3	0.00000
Borreliella bissettiae	64897	S	2	0	2	0.00000
Borreliella afzelii	29518	S	1	0	1	0.00000
Borreliella mayonii	1674146	S	1	0	1	0.00000
Borrelia crocidurae	29520	S	3	1	4	0.00000
Borrelia sp. A-FGy1	2608247	S	3	0	3	0.00000
Borrelia coriaceae	144	S	1	0	1	0.00000
Borrelia recurrentis	44449	S	1	3	4	0.00000
Borrelia miyamotoi	47466	S	1	0	1	0.00000
Leptospira biflexa	172	S	6	-6	0	0.00000
Leptospira interrogans	173	S	6	0	6	0.00000
Leptospira tipperaryensis	2564040	S	3	0	3	0.00000
Leptospira borgpetersenii	174	S	2	0	2	0.00000
Leptospira santarosai	28183	S	2	0	2	0.00000
Leptospira kmetyi	408139	S	2	0	2	0.00000
Leptospira mayottensis	1137606	S	1	0	1	0.00000
Turneriella parva	29510	S	2	0	2	0.00000
Brachyspira murdochii	84378	S	11	0	11	0.00000
Brachyspira hampsonii	1287055	S	4	0	4	0.00000
Brachyspira pilosicoli	52584	S	3	0	3	0.00000
Brachyspira intermedia	84377	S	2	0	2	0.00000
Brachyspira hyodysenteriae	159	S	1	0	1	0.00000
Terriglobus roseus	392734	S	7	0	7	0.00000
Terriglobus albidus	1592106	S	7	0	7	0.00000
Granulicella sp. 5B5	1617967	S	3	0	3	0.00000
Granulicella sp. WH15	2602070	S	2	0	2	0.00000
Granulicella tundricola	940615	S	4	0	4	0.00000
Granulicella mallensis	940614	S	1	0	1	0.00000
Edaphobacter sp. 4G125	2763071	S	7	0	7	0.00000
Edaphobacter sp. 12200R-103	2703788	S	1	0	1	0.00000
Acidisarcina polymorpha	2211140	S	8	0	8	0.00000
Acidobacterium sp. 4Y35	2763107	S	4	0	4	0.00000
Acidobacterium capsulatum	33075	S	2	0	2	0.00000
Candidatus Koribacter versatilis	658062	S	2	0	2	0.00000
Candidatus Solibacter usitatus	332163	S	11	0	11	0.00000
Paludibaculum fermentans	1473598	S	11	0	11	0.00000
Luteitalea pratensis	1855912	S	18	0	18	0.00000
Thermotomaculum hydrothermale	981385	S	2	0	2	0.00000
Chloracidobacterium thermophilum	458033	S	1	0	1	0.00000
Thermosipho sp. 1070	1437364	S	3	1	4	0.00000
Thermosipho sp. FR-w03	2814656	S	2	0	2	0.00000
Thermosipho africanus	2421	S	5	0	5	0.00000
Fervidobacterium pennivorans	93466	S	2	0	2	0.00000
Fervidobacterium islandicum	2423	S	1	1	2	0.00000
Pseudothermotoga thermarum	119394	S	2	0	2	0.00000
Pseudothermotoga hypogea	57487	S	1	0	1	0.00000
Thermotoga petrophila	93929	S	1	0	1	0.00000
Tepiditoga spiralis	2108365	S	11	0	11	0.00000
Petrotoga mobilis	69499	S	2	0	2	0.00000
Defluviitoga tunisiensis	1006576	S	1	0	1	0.00000
Mesotoga infera	1236046	S	2	0	2	0.00000
Nitrospira moscoviensis	42253	S	15	0	15	0.00000
Candidatus Nitrospira inopinata	1715989	S	3	0	3	0.00000
Nitrospira sp. KM1	1936990	S	3	0	3	0.00000
Nitrospira japonica	1325564	S	2	0	2	0.00000
Leptospirillum ferrooxidans	180	S	2	3	5	0.00000
Dissulfurispira thermophila	2715679	S	3	0	3	0.00000
Thermocrinis minervae	381751	S	5	2	7	0.00000
Thermocrinis ruber	75906	S	1	0	1	0.00000
Thermocrinis albus	136094	S	1	0	1	0.00000
Aquifex aeolicus	63363	S	1	0	1	0.00000
Sulfurihydrogenibium azorense	309806	S	4	0	4	0.00000
Sulfurihydrogenibium sp. YO3AOP1	436114	S	4	0	4	0.00000
Persephonella marina	309805	S	1	0	1	0.00000
Desulfurobacterium thermolithotrophum	64160	S	4	2	6	0.00000
Candidatus Babela massiliensis	673862	S	10	0	10	0.00000
Candidatus Nanosynbacter lyticus	2093824	S	6	0	6	0.00000
Candidatus Saccharimonas aalborgensis	1332188	S	3	0	3	0.00000
Candidatus Chazhemtobacterium aquaticus	2715735	S	3	0	3	0.00000
Candidatus Bipolaricaulis anaerobius	2026885	S	1	0	1	0.00000
Jonquetella anthropi	428712	S	6	0	6	0.00000
Fretibacterium fastidiosum	651822	S	5	0	5	0.00000
Cloacibacillus porcorum	1197717	S	2	0	2	0.00000
Aminomonas paucivorans	81412	S	1	1	2	0.00000
Geovibrio thiophilus	139438	S	4	0	4	0.00000
Flexistipes sinusarabici	2352	S	3	0	3	0.00000
Calditerrivibrio nitroreducens	477976	S	2	0	2	0.00000
Deferribacter desulfuricans	197162	S	1	0	1	0.00000
Endomicrobium proavitum	1408281	S	4	0	4	0.00000
Candidatus Endomicrobium trichonymphae	1408204	S	1	0	1	0.00000
Elusimicrobium minutum	423605	S	3	0	3	0.00000
Thermodesulfobacterium geofontis	1295609	S	2	0	2	0.00000
Thermodesulfobacterium commune	1741	S	1	0	1	0.00000
Thermodesulfatator indicus	171695	S	2	0	2	0.00000
Caldimicrobium thiodismutans	1653476	S	1	0	1	0.00000
Dictyoglomus thermophilum	14	S	3	0	3	0.00000
Dictyoglomus turgidum	513050	S	2	0	2	0.00000
Desulfurispirillum indicum	936456	S	2	0	2	0.00000
Abyssogena phaseoliformis symbiont	596095	S	1	0	1	0.00000
Isorropodon fossajaponicum symbiont	883811	S	1	0	1	0.00000
Caldithrix abyssi	187145	S	2	0	2	0.00000
Coprothermobacter proteolyticus	35786	S	1	0	1	0.00000
Caldisericum exile	693075	S	1	0	1	0.00000
Haloterrigena longa	370324	S	8	0	8	0.00000
Haloterrigena sp. YPL8	1699371	S	3	0	3	0.00000
Haloterrigena sp. KZCA68	2816475	S	1	0	1	0.00000
Haloterrigena turkmenica	62320	S	2	0	2	0.00000
Haloterrigena salifodinae	2675099	S	2	0	2	0.00000
Natrinema sp. YPL30	1710539	S	4	0	4	0.00000
Natrinema sp. J7-2	406552	S	1	0	1	0.00000
Natrinema versiforme	88724	S	2	0	2	0.00000
Natrinema pellirubrum	69525	S	1	0	1	0.00000
Natrinema pallidum	69527	S	1	0	1	0.00000
Natrialba magadii	13769	S	9	0	9	0.00000
Natronorubrum aibiense	348826	S	4	0	4	0.00000
Natrarchaeobaculum aegyptiacum	745377	S	3	0	3	0.00000
Natrarchaeobaculum sulfurireducens	2044521	S	1	0	1	0.00000
Natronococcus occultus	29288	S	3	0	3	0.00000
Halobiforma lacisalsi	229731	S	3	0	3	0.00000
Halopiger xanaduensis	387343	S	2	0	2	0.00000
Salinarchaeum sp. Harcht-Bsk1	1333523	S	2	0	2	0.00000
Natronobacterium gregoryi	44930	S	1	0	1	0.00000
Halostagnicola larsenii	353800	S	1	0	1	0.00000
Natronomonas sp. YPL13	1710540	S	6	0	6	0.00000
Natronomonas sp. C90	2747817	S	1	0	1	0.00000
Natronomonas moolapensis	416273	S	5	0	5	0.00000
Haloarcula sp. JP-L23	2716717	S	3	0	3	0.00000
Haloarcula taiwanensis	1932004	S	2	1	3	0.00000
Haloarcula marismortui	2238	S	1	1	2	0.00000
Halosimplex pelagicum	869886	S	3	0	3	0.00000
Halosimplex rubrum	869889	S	2	0	2	0.00000
Halosimplex litoreum	1198301	S	2	0	2	0.00000
Halorientalis sp. IM1011	1932360	S	3	0	3	0.00000
Halomicrobium sp. LC1Hm	2610902	S	1	1	2	0.00000
Halorhabdus tiamatea	430914	S	1	0	1	0.00000
Halobacterium sp. BOL4-2	2810537	S	1	3	4	0.00000
Salarchaeum sp. JOR-1	2599399	S	4	0	4	0.00000
Halodesulfurarchaeum formicicum	1873524	S	4	0	4	0.00000
Halanaeroarchaeum sulfurireducens	1604004	S	3	0	3	0.00000
Halorussus sp. ZS-3	2650975	S	2	0	2	0.00000
Halarchaeum sp. CBA1220	1853682	S	1	0	1	0.00000
Halorubrum sp. PV6	634157	S	4	0	4	0.00000
Halorubrum sp. CBA1229	1853699	S	3	0	3	0.00000
Halorubrum sp. BOL3-1	2497325	S	3	0	3	0.00000
Halorubrum sp. RHB-C	2739057	S	3	0	3	0.00000
Halorubrum lacusprofundi	2247	S	3	0	3	0.00000
Halorubrum ezzemoulense	337243	S	2	0	2	0.00000
Halorubrum trapanicum	29284	S	1	0	1	0.00000
Halobonum sp. NJ-3-1	2743089	S	3	0	3	0.00000
Halobonum sp. Gai3-2	2743090	S	1	0	1	0.00000
Halolamina sp. CBA1230	1853690	S	1	0	1	0.00000
Halopenitus persicus	1048396	S	1	0	1	0.00000
Salinigranum rubrum	755307	S	1	0	1	0.00000
Haloplanus rubicundus	1547898	S	4	0	4	0.00000
Haloplanus rallus	1816183	S	3	0	3	0.00000
Halobellus limi	699433	S	6	0	6	0.00000
Halogeometricum borinquense	60847	S	4	0	4	0.00000
Haloquadratum walsbyi	293091	S	4	0	4	0.00000
Haloferax gibbonsii	35746	S	2	0	2	0.00000
Haloferax alexandrinus	114529	S	1	0	1	0.00000
Haloprofundus sp. MHR1	2572921	S	1	0	1	0.00000
Methanosarcina barkeri	2208	S	10	0	10	0.00000
Methanosarcina horonobensis	418008	S	4	0	4	0.00000
Methanosarcina sp. MTP4	1434100	S	4	0	4	0.00000
Methanosarcina mazei	2209	S	3	1	4	0.00000
Methanosarcina acetivorans	2214	S	1	0	1	0.00000
Methanosarcina lacustris	170861	S	1	0	1	0.00000
Methanosalsum zhilinae	39669	S	4	0	4	0.00000
Methanolobus zinderi	536044	S	2	0	2	0.00000
Methanohalophilus mahii	2176	S	1	0	1	0.00000
Methanococcoides burtonii	29291	S	1	0	1	0.00000
Methanohalobium evestigatum	2322	S	1	0	1	0.00000
Methanosaeta harundinacea	301375	S	3	0	3	0.00000
Methanothrix soehngenii	2223	S	2	0	2	0.00000
Methanofollis liminatans	2201	S	3	0	3	0.00000
Methanoplanus limicola	2315	S	1	0	1	0.00000
Methanoculleus bourgensis	83986	S	1	0	1	0.00000
Methanocorpusculum labreanum	83984	S	2	0	2	0.00000
Methanoregula boonei	358766	S	1	0	1	0.00000
Methanoregula formicica	882104	S	1	0	1	0.00000
Methanocella paludicola	570267	S	1	0	1	0.00000
Methanocella arvoryzae	1175445	S	1	0	1	0.00000
Methanococcus aeolicus	42879	S	10	0	10	0.00000
Methanococcus maripaludis	39152	S	9	0	9	0.00000
Methanococcus vannielii	2187	S	4	0	4	0.00000
Methanococcus voltae	2188	S	1	0	1	0.00000
Methanocaldococcus infernus	67760	S	2	0	2	0.00000
Methanocaldococcus bathoardescens	1301915	S	2	0	2	0.00000
Methanocaldococcus sp. FS406-22	644281	S	2	0	2	0.00000
Methanocaldococcus fervens	83171	S	1	0	1	0.00000
Methanofervidicoccus sp. A16	2607662	S	1	0	1	0.00000
Methanobrevibacter sp. YE315	1609968	S	5	0	5	0.00000
Methanobrevibacter sp. AbM4	224719	S	3	0	3	0.00000
Methanobrevibacter olleyae	294671	S	3	0	3	0.00000
Methanobrevibacter smithii	2173	S	2	0	2	0.00000
Methanobrevibacter millerae	230361	S	2	0	2	0.00000
Methanobrevibacter ruminantium	83816	S	1	0	1	0.00000
Methanobacterium congolense	118062	S	3	0	3	0.00000
Methanobacterium subterraneum	59277	S	2	1	3	0.00000
Methanobacterium paludis	868131	S	2	0	2	0.00000
Methanobacterium lacus	877455	S	2	0	2	0.00000
Methanosphaera stadtmanae	2317	S	1	0	1	0.00000
Methanosphaera sp. BMS	1789762	S	1	0	1	0.00000
Methanothermus fervidus	2180	S	1	0	1	0.00000
Thermococcus litoralis	2265	S	4	0	4	0.00000
Thermococcus paralvinellae	582419	S	2	0	2	0.00000
Thermococcus thioreducens	277988	S	2	0	2	0.00000
Thermococcus sp. AM4	246969	S	1	0	1	0.00000
Thermococcus celer	2264	S	1	0	1	0.00000
Thermococcus indicus	2586643	S	1	0	1	0.00000
Thermococcus eurythermalis	1505907	S	1	0	1	0.00000
Thermococcus sibiricus	172049	S	1	0	1	0.00000
Thermococcus profundus	49899	S	1	0	1	0.00000
Thermococcus peptonophilus	53952	S	1	0	1	0.00000
Thermococcus gorgonarius	71997	S	1	0	1	0.00000
Pyrococcus sp. ST04	1183377	S	2	0	2	0.00000
Geoglobus ahangari	113653	S	4	0	4	0.00000
Archaeoglobus veneficus	58290	S	1	0	1	0.00000
Ferroglobus placidus	54261	S	1	0	1	0.00000
Nitrosopumilus ureiphilus	1470067	S	3	0	3	0.00000
Nitrosopumilus oxyclinae	1959104	S	3	0	3	0.00000
Candidatus Nitrosopumilus sp. SW	2508726	S	3	0	3	0.00000
Candidatus Nitrosopumilus koreensis	1510466	S	1	0	1	0.00000
Nitrosopumilus adriaticus	1580092	S	1	0	1	0.00000
Nitrosopumilus piranensis	1582439	S	1	0	1	0.00000
Nitrosarchaeum sp. AC2	2259673	S	9	0	9	0.00000
Candidatus Nitrosomarinus catalina	1898749	S	3	0	3	0.00000
Candidatus Nitrosocosmicus franklandus	1798806	S	4	0	4	0.00000
Candidatus Nitrosocosmicus hydrocola	1826872	S	2	0	2	0.00000
Candidatus Nitrosocosmicus oleophilus	1353260	S	1	0	1	0.00000
Nitrososphaera viennensis	1034015	S	2	0	2	0.00000
Candidatus Nitrososphaera evergladensis	1459637	S	1	0	1	0.00000
Candidatus Nitrosotenuis cloacae	1603555	S	2	0	2	0.00000
Candidatus Nitrosotenuis aquarius	1846278	S	1	0	1	0.00000
Candidatus Nitrosotenuis sp. DW1	2259672	S	1	0	1	0.00000
Candidatus Nitrosopelagicus brevis	1410606	S	2	0	2	0.00000
Candidatus Nitrosotalea okcheonensis	1903276	S	1	0	1	0.00000
Sulfolobus sp. E5-1-F	2663019	S	3	2	5	0.00000
Sulfolobus islandicus	43080	S	2	0	2	0.00000
Acidianus ambivalens	2283	S	2	0	2	0.00000
Acidianus brierleyi	41673	S	2	0	2	0.00000
Acidianus sulfidivorans	312539	S	1	0	1	0.00000
Metallosphaera tengchongensis	1532350	S	3	0	3	0.00000
Metallosphaera hakonensis	79601	S	2	0	2	0.00000
Sulfurisphaera tokodaii	111955	S	3	0	3	0.00000
Sulfurisphaera ohwakuensis	69656	S	2	0	2	0.00000
Sulfodiicoccus acidiphilus	1670455	S	5	0	5	0.00000
Saccharolobus solfataricus	2287	S	1	0	1	0.00000
Desulfurococcus amylolyticus	94694	S	2	0	2	0.00000
Desulfurococcus mucosus	2275	S	1	0	1	0.00000
Thermogladius calderae	1200300	S	3	0	3	0.00000
Ignicoccus islandicus	54259	S	2	0	2	0.00000
Pyrodictium delaneyi	1273541	S	1	0	1	0.00000
Caldisphaera lagunensis	200415	S	2	0	2	0.00000
Vulcanisaeta moutnovskia	985052	S	1	0	1	0.00000
Picrophilus torridus	82076	S	5	0	5	0.00000
Thermoplasma volcanium	50339	S	1	0	1	0.00000
Cuniculiplasma divulgatum	1673428	S	1	0	1	0.00000
Candidatus Methanomethylophilus alvus	1291540	S	3	0	3	0.00000
Aciduliprofundum boonei	379547	S	1	0	1	0.00000
Candidatus Prometheoarchaeum syntrophicum	2594042	S	9	0	9	0.00000
Candidatus Micrarchaeum sp.	2282148	S	3	0	3	0.00000
Candidatus Mancarchaeum acidiphilum	1920749	S	1	0	1	0.00000
Flavobacterium phage vB_FspS_filifjonk9-1	2686245	S	67	109	176	0.00000
Streptococcus phage SpSL1	1566990	S	19	3	22	0.00000
Flavobacterium phage vB_FspS_mymlan6-1	2686266	S	15	42	57	0.00000
Flavobacterium phage vB_FspS_snusmum6-1	2686273	S	15	14	29	0.00000
Flavobacterium phage vB_FspS_hattifnatt9-1	2686246	S	13	5	18	0.00000
Flavobacterium phage vB_FspS_tooticki6-1	2686279	S	12	42	54	0.00000
Pseudomonas phage PS-1	1573458	S	6	0	6	0.00000
Flavobacterium phage 11b	294631	S	5	0	5	0.00000
Arthrobacter phage TripleJ	2599838	S	4	0	4	0.00000
Synechococcus phage S-CBS3	753085	S	3	0	3	0.00000
Achromobacter phage phiAxp-2	1664246	S	2	0	2	0.00000
Bacteriophage Phobos	2662138	S	2	0	2	0.00000
Vibrio phage pYD38-B	929835	S	1	0	1	0.00000
Salicola phage CGphi29	754067	S	1	0	1	0.00000
Gordonia phage OhMyWard	2652414	S	1	0	1	0.00000
Gordonia phage GMA4	1647471	S	1	0	1	0.00000
Gordonia phage Utz	1838081	S	1	0	1	0.00000
Geobacillus phage GBK2	1458842	S	1	0	1	0.00000
Pseudomonas phage Epa5	2719575	S	1	0	1	0.00000
Pseudomonas phage PAJU2	504346	S	1	0	1	0.00000
Cellulophaga phage phi19:1	1327970	S	1	0	1	0.00000
Lactococcus phage AM4	1965472	S	1	0	1	0.00000
Bacteriophage vB_NpeS-2AV2	1777122	S	1	1	2	0.00000
Proteus virus Isfahan	2560650	S	50	0	50	0.00000
Polaribacter virus P12002S	1982246	S	7	2	9	0.00000
Polaribacter virus P12002L	1982245	S	2	0	2	0.00000
Propionibacterium virus PHL041M10	1982276	S	2	2	4	0.00000
Propionibacterium virus PHL152M00	1982295	S	1	0	1	0.00000
Propionibacterium virus PHL092M00	1982282	S	1	0	1	0.00000
Propionibacterium virus PHL171M01	1982297	S	1	0	1	0.00000
Propionibacterium phage BruceLethal	1654740	S	1	0	1	0.00000
Cellulophaga virus Cba121	1918193	S	6	1	7	0.00000
Mycobacterium phage HINdeR	1327770	S	1	3	4	0.00000
Burkholderia virus AH2	2560359	S	3	0	3	0.00000
Lactococcus phage 56301	2029666	S	1	2	3	0.00000
Mycobacterium virus Gaia	1982148	S	2	0	2	0.00000
Dinoroseobacter virus D5C	2560407	S	2	0	2	0.00000
Pseudomonas virus PaMx28	1982357	S	1	0	1	0.00000
Xanthomonas phage Xoo-sp2	1852622	S	1	0	1	0.00000
Nonlabens virus P12024L	1982247	S	2	0	2	0.00000
Pseudomonas virus PaMx25	1982241	S	1	1	2	0.00000
Arthrobacteria virus Molivia	2560307	S	2	0	2	0.00000
Mycobacterium phage Squirty	1527512	S	1	1	2	0.00000
Salmonella virus Sasha	2734275	S	1	0	1	0.00000
Gordonia virus GAL1	2560493	S	1	0	1	0.00000
Gordonia virus Britbrat	2560489	S	1	0	1	0.00000
Rhizobium phage RHEph10	1220717	S	1	0	1	0.00000
Rhizobium virus P106B	2560703	S	1	0	1	0.00000
Xylella virus Salvo	2560847	S	1	0	1	0.00000
Flavobacterium phage vB_FspS_laban6-1	2686250	S	1	0	1	0.00000
Gordonia virus Phistory	2734203	S	1	5	6	0.00000
Mycobacterium virus Bernal13	1982102	S	1	0	1	0.00000
Microbacterium virus Eden	2734230	S	1	0	1	0.00000
Arthrobacter virus Laroye	1982087	S	1	0	1	0.00000
Staphylococcus virus Sextaec	1922246	S	1	0	1	0.00000
Pseudomonas virus D3	31535	S	1	1	2	0.00000
Flavobacterium phage Fpv20	1814283	S	2	8	10	0.00000
Flavobacterium virus Fpv1	2560475	S	1	82	83	0.00000
Vibrio phage phi 1	1589297	S	4	1	5	0.00000
Rhodoferax phage P26218	1636270	S	4	0	4	0.00000
Cellulophaga phage phi14:2	1327990	S	3	0	3	0.00000
Serratia phage Parlo	2557554	S	3	0	3	0.00000
Pseudomonas phage O4	1784982	S	3	1	4	0.00000
Pseudoalteromonas phage HP1	1357706	S	2	0	2	0.00000
Stenotrophomonas phage Pokken	2596674	S	1	0	1	0.00000
Microbacterium phage Arete	2713257	S	1	0	1	0.00000
Pseudomonas phage ZC08	1622116	S	1	2	3	0.00000
Vibrio phage ICP2	979533	S	1	0	1	0.00000
Puniceispirillum phage HMO-2011	948071	S	1	0	1	0.00000
Dunaliella viridis virus SI2	754069	S	1	0	1	0.00000
Pseudoalteromonas phage pYD6-A	754052	S	1	0	1	0.00000
Sinorhizobium phage PBC5	179237	S	1	0	1	0.00000
Burkholderia virus Bcep22	242527	S	2	1	3	0.00000
Sulfitobacter phage EE36phi1	490913	S	1	0	1	0.00000
Roseobacter phage RD-1410W1-01	1815984	S	1	0	1	0.00000
Staphylococcus virus CSA13	2732597	S	1	0	1	0.00000
Staphylococcus virus Andhra	2732591	S	1	0	1	0.00000
Burkholderia virus KL4	2734160	S	1	0	1	0.00000
Escherichia virus Sortsne	2734189	S	1	0	1	0.00000
Burkholderia virus BcepC6B	279280	S	1	0	1	0.00000
Arthrobacter virus Adat	2560299	S	1	0	1	0.00000
Halovirus HSTV-2	1262527	S	2	0	2	0.00000
Cyanophage P-RSM1	536444	S	2	0	2	0.00000
Tenacibaculum phage PTm1	2547425	S	2	0	2	0.00000
Aeromonas phage 4_L372XY	2588520	S	2	0	2	0.00000
Rhodococcus phage E3	1007869	S	1	0	1	0.00000
Sphingomonas phage PAU	1150991	S	1	0	1	0.00000
Mycobacterium phage Myrna	546805	S	1	0	1	0.00000
Prochlorococcus phage P-TIM68	1542477	S	1	0	1	0.00000
Caulobacter phage Cr30	1357714	S	1	0	1	0.00000
Yersinia phage phiR1-37	331278	S	1	0	1	0.00000
Proteus phage vB_PmiM_Pm5461	1636250	S	1	0	1	0.00000
Enterobacter virus Eap3	1985336	S	1	0	1	0.00000
Vibrio virus KVP40	1914019	S	1	0	1	0.00000
Yersinia virus Yen9-04	2560849	S	5	0	5	0.00000
Aeromonas virus 56	2560283	S	3	0	3	0.00000
Flavobacterium virus FCL2	2560473	S	1	1	2	0.00000
Prochlorococcus virus PSSM7	2734127	S	2	0	2	0.00000
Prochlorococcus virus PSSM2	2734140	S	2	0	2	0.00000
Synechococcus phage S-SM2	444860	S	1	0	1	0.00000
Synechococcus virus AC2014fSyn7803C8	2734085	S	1	0	1	0.00000
Acinetobacter virus AbP2	2560264	S	1	0	1	0.00000
Escherichia phage nieznany	2696432	S	1	1	2	0.00000
Cronobacter virus GAP32	2560400	S	1	0	1	0.00000
Klebsiella virus RaK2	2560545	S	1	0	1	0.00000
Stenotrophomonas virus Smp131	2734074	S	1	0	1	0.00000
Synechococcus virus SShM2	2734079	S	1	0	1	0.00000
Curvibacter virus P26059B	2733926	S	13	0	13	0.00000
Celeribacter phage P12053L	1197951	S	3	1	4	0.00000
Pseudomonas phage PA11	347327	S	1	0	1	0.00000
Pectobacterium virus DUPPII	2733887	S	2	0	2	0.00000
Pectobacterium virus Jarilo	2733629	S	1	1	2	0.00000
Xanthomonas virus Xc10	2733952	S	1	0	1	0.00000
Sphingomonas virus Scott	2733954	S	1	0	1	0.00000
Aeromonas virus 25AhydR2PP	2733364	S	1	0	1	0.00000
Ralstonia virus RSJ2	2733594	S	1	0	1	0.00000
Staphylococcus virus SscM1	2734053	S	1	0	1	0.00000
Lactobacillus phage LpeD	2041210	S	1	0	1	0.00000
Klebsiella virus Sugarland	2560546	S	1	0	1	0.00000
Human gammaherpesvirus 4	10376	S	5	0	5	0.00000
Eptesicus fuscus gammaherpesvirus	2035399	S	1	0	1	0.00000
Equid alphaherpesvirus 3	80341	S	1	0	1	0.00000
Suid alphaherpesvirus 1	10345	S	1	0	1	0.00000
Human betaherpesvirus 5	10359	S	2	0	2	0.00000
Cyprinid herpesvirus 1	317858	S	4	0	4	0.00000
Yellowstone lake phycodnavirus 3	1586715	S	9	0	9	0.00000
Yellowstone lake phycodnavirus 1	1586713	S	4	0	4	0.00000
Yellowstone lake phycodnavirus 2	1586714	S	4	0	4	0.00000
Micromonas pusilla virus 12T	755272	S	1	0	1	0.00000
Ostreococcus lucimarinus virus 1	880162	S	1	0	1	0.00000
Paramecium bursaria Chlorella virus A1	381899	S	6	0	6	0.00000
Acanthocystis turfacea chlorella virus 1	322019	S	2	0	2	0.00000
Paramecium bursaria Chlorella virus 1	10506	S	1	0	1	0.00000
Orpheovirus IHUMI-LCC2	2023057	S	4	0	4	0.00000
Chrysochromulina ericina virus	455364	S	2	0	2	0.00000
Heterosigma akashiwo virus 01	97195	S	1	0	1	0.00000
Megavirus chiliensis	1094892	S	3	0	3	0.00000
Acanthamoeba polyphaga mimivirus	212035	S	1	3	4	0.00000
Moumouvirus	985782	S	5	0	5	0.00000
Cafeteria roenbergensis virus	1513235	S	1	0	1	0.00000
Invertebrate iridescent virus 22	345198	S	2	1	3	0.00000
Invertebrate iridescent virus 31	345199	S	1	0	1	0.00000
Murmansk microtuspox virus	2734570	S	3	0	3	0.00000
NY_014 poxvirus	2025360	S	1	0	1	0.00000
Monkeypox virus	10244	S	3	0	3	0.00000
Raccoonpox virus	10256	S	1	0	1	0.00000
BeAn 58058 virus	67082	S	3	0	3	0.00000
Pseudocowpox virus	129726	S	1	0	1	0.00000
Eptesipox virus	1329402	S	1	0	1	0.00000
Amsacta moorei entomopoxvirus	28321	S	1	0	1	0.00000
Adoxophyes honmai entomopoxvirus	1993630	S	1	0	1	0.00000
Choristoneura rosaceana entomopoxvirus	1993631	S	1	0	1	0.00000
Anomala cuprea entomopoxvirus	62099	S	2	0	2	0.00000
Melanoplus sanguinipes entomopoxvirus	83191	S	2	0	2	0.00000
African swine fever virus	10497	S	5	0	5	0.00000
Fowl aviadenovirus B	190062	S	1	0	1	0.00000
Spodoptera litura nucleopolyhedrovirus	46242	S	3	0	3	0.00000
Epiphyas postvittana nucleopolyhedrovirus	70600	S	2	0	2	0.00000
Lonomia obliqua nucleopolyhedrovirus	2560562	S	1	0	1	0.00000
Lymantria dispar multiple nucleopolyhedrovirus	10449	S	1	1	2	0.00000
Ectropis obliqua nucleopolyhedrovirus	59376	S	1	0	1	0.00000
Thysanoplusia orichalcea nucleopolyhedrovirus	101850	S	1	0	1	0.00000
Cryptophlebia leucotreta granulovirus	35254	S	1	0	1	0.00000
Choristoneura fumiferana granulovirus	56947	S	1	0	1	0.00000
Plutella xylostella granulovirus	98383	S	1	0	1	0.00000
Cnaphalocrocis medinalis granulovirus	1750712	S	1	0	1	0.00000
Pandoravirus quercus	2107709	S	3	0	3	0.00000
Pandoravirus salinus	1349410	S	2	0	2	0.00000
Pandoravirus inopinatum	1605721	S	2	0	2	0.00000
Pandoravirus macleodensis	2107707	S	2	0	2	0.00000
Apis mellifera filamentous virus	1100043	S	1	0	1	0.00000
Halovirus HSTV-1	1262530	S	1	0	1	0.00000
Halovirus HCTV-1	1273746	S	1	0	1	0.00000
Mollivirus sibericum	1678078	S	1	0	1	0.00000
Murine coronavirus	694005	S	3	-3	0	0.00000
Parechovirus A	1803956	S	1	0	1	0.00000
Oat necrotic mottle virus	112437	S	1	0	1	0.00000
Areca palm necrotic spindle-spot virus	2306623	S	1	0	1	0.00000
Montana myotis leukoencephalitis virus	64312	S	1	0	1	0.00000
Phlox virus B	475777	S	1	0	1	0.00000
Catu orthobunyavirus	1933269	S	1	0	1	0.00000
Pepper chlorotic spot orthotospovirus	2734493	S	1	0	1	0.00000
Sida chlorotic vein virus	1904883	S	2	0	2	0.00000
Cow vetch latent virus	2056780	S	1	0	1	0.00000
Gammapapillomavirus 11	1513256	S	1	0	1	0.00000
Galliform aveparvovirus 1	1511865	S	1	0	1	0.00000
Acidianus bottle-shaped virus 3	1732174	S	2	0	2	0.00000
White spot syndrome virus	342409	S	2	0	2	0.00000
Hyposoter fugitivus ichnovirus	265522	S	1	0	1	0.00000
Sulfolobus islandicus rod-shaped virus 10	1983545	S	1	0	1	0.00000
