name	taxonomy_id	taxonomy_lvl	kraken_assigned_reads	added_reads	new_est_reads	fraction_total_reads
Homo sapiens	9606	S	200382054	30219	200412273	0.99994
Variovorax sp. HW608	1034889	S	19	0	19	0.00000
Variovorax sp. PAMC26660	2762322	S	19	2	21	0.00000
Variovorax sp. PAMC 28711	1795631	S	17	0	17	0.00000
Variovorax sp. RKNM96	2681552	S	12	3	15	0.00000
Variovorax sp. 38R	2774875	S	11	10	21	0.00000
Variovorax sp. PBS-H4	434008	S	9	1	10	0.00000
Variovorax sp. PAMC28562	2762323	S	8	0	8	0.00000
Variovorax sp. WDL1	207745	S	7	3	10	0.00000
Variovorax sp. RA8	662548	S	6	1	7	0.00000
Variovorax sp. PBL-H6	434009	S	4	2	6	0.00000
Variovorax sp. SRS16	282217	S	3	3	6	0.00000
Variovorax sp. PDNC026	2811425	S	2	41	43	0.00000
Variovorax sp. PBL-E5	434014	S	1	1	2	0.00000
Variovorax paradoxus	34073	S	47	11	58	0.00000
Variovorax boronicumulans	436515	S	24	17	41	0.00000
Acidovorax sp. JMULE5	2518343	S	53	5	58	0.00000
Acidovorax sp. KKS102	358220	S	42	10	52	0.00000
Acidovorax sp. 1608163	2478662	S	22	1	23	0.00000
Acidovorax sp. T1	1858609	S	20	24	44	0.00000
Acidovorax sp. RAC01	1842533	S	14	3	17	0.00000
Acidovorax sp. JS42	232721	S	6	45	51	0.00000
Acidovorax sp. HDW3	2714923	S	4	0	4	0.00000
Acidovorax carolinensis	553814	S	19	6	25	0.00000
Acidovorax monticola	1926868	S	10	0	10	0.00000
Acidovorax avenae	80867	S	6	1	7	0.00000
Acidovorax antarcticus	2743470	S	4	0	4	0.00000
Acidovorax cattleyae	80868	S	2	0	2	0.00000
Acidovorax citrulli	80869	S	2	1	3	0.00000
Acidovorax ebreus	721785	S	2	8	10	0.00000
Diaphorobacter sp. HDW4A	2714924	S	60	18	78	0.00000
Diaphorobacter sp. HDW4B	2714925	S	3	0	3	0.00000
Diaphorobacter sp. JS3051	2792224	S	3	22	25	0.00000
Diaphorobacter sp. JS3050	2735554	S	1	7	8	0.00000
Diaphorobacter aerolatus	1288495	S	25	11	36	0.00000
Diaphorobacter ruginosibacter	1715720	S	2	0	2	0.00000
Diaphorobacter polyhydroxybutyrativorans	1546149	S	1	2	3	0.00000
Hydrogenophaga sp. PBL-H3	434010	S	15	6	21	0.00000
Hydrogenophaga sp. RAC07	1842537	S	13	2	15	0.00000
Hydrogenophaga sp. BPS33	2651974	S	6	1	7	0.00000
Hydrogenophaga sp. PBC	795665	S	4	1	5	0.00000
Hydrogenophaga sp. BA0156	2716225	S	4	0	4	0.00000
Hydrogenophaga sp. YM1	2806262	S	4	0	4	0.00000
Hydrogenophaga sp. NH-16	2184519	S	3	3	6	0.00000
Hydrogenophaga sp. PAMC20947	2565558	S	1	0	1	0.00000
Hydrogenophaga crassostreae	1763535	S	5	0	5	0.00000
Hydrogenophaga pseudoflava	47421	S	3	2	5	0.00000
Delftia acidovorans	80866	S	25	23	48	0.00000
Delftia sp. Cs1-4	742013	S	3	3	6	0.00000
Delftia sp. HK171	1920191	S	1	1	2	0.00000
Delftia lacustris	558537	S	3	8	11	0.00000
Delftia tsuruhatensis	180282	S	2	4	6	0.00000
Rhodoferax koreense	1842727	S	15	4	19	0.00000
Rhodoferax sp. AJA081-3	2752316	S	6	0	6	0.00000
Rhodoferax sp. PAMC29310	2822760	S	5	0	5	0.00000
Rhodoferax sp. BAB1	2741720	S	4	0	4	0.00000
Rhodoferax saidenbachensis	1484693	S	7	0	7	0.00000
Rhodoferax sediminis	2509614	S	7	0	7	0.00000
Rhodoferax ferrireducens	192843	S	4	0	4	0.00000
Rhodoferax antarcticus	81479	S	3	0	3	0.00000
Comamonas testosteroni	285	S	10	5	15	0.00000
Comamonas aquatica	225991	S	10	1	11	0.00000
Comamonas piscis	1562974	S	7	0	7	0.00000
Comamonas thiooxydans	363952	S	6	4	10	0.00000
Comamonas serinivorans	1082851	S	4	0	4	0.00000
Comamonas koreensis	160825	S	3	0	3	0.00000
Comamonas kerstersii	225992	S	2	0	2	0.00000
Polaromonas sp. JS666	296591	S	9	3	12	0.00000
Polaromonas sp.	1869339	S	1	6	7	0.00000
Polaromonas naphthalenivorans	216465	S	14	1	15	0.00000
Kinneretia sp. DAIF2	2714952	S	26	2	28	0.00000
Limnohabitans sp. 63ED37-2	1678128	S	22	0	22	0.00000
Limnohabitans sp. 103DPR2	1678129	S	1	0	1	0.00000
Ottowia oryzae	2109914	S	11	0	11	0.00000
Ottowia sp. 27C	2816950	S	8	0	8	0.00000
Ottowia sp. oral taxon 894	1658672	S	1	0	1	0.00000
Curvibacter sp. AEP1-3	1844971	S	18	0	18	0.00000
Alicycliphilus denitrificans	179636	S	17	18	35	0.00000
Hylemonella gracilis	80880	S	9	0	9	0.00000
Ramlibacter tataouinensis	94132	S	9	0	9	0.00000
Serpentinomonas mccroryi	1458426	S	6	0	6	0.00000
Serpentinomonas raichei	1458425	S	2	0	2	0.00000
Verminephrobacter eiseniae	364317	S	7	0	7	0.00000
Melaminivora sp. SC2-9	2109913	S	6	1	7	0.00000
Simplicispira suum	2109915	S	5	0	5	0.00000
Schlegelella thermodepolymerans	215580	S	5	0	5	0.00000
Pulveribacter suum	2116657	S	4	0	4	0.00000
Candidatus Symbiobacter mobilis	1436290	S	1	0	1	0.00000
Ralstonia solanacearum	305	S	207	23	230	0.00000
Ralstonia pickettii	329	S	3	0	3	0.00000
Ralstonia insidiosa	190721	S	3	0	3	0.00000
Ralstonia mannitolilytica	105219	S	1	0	1	0.00000
blood disease bacterium A2-HR MARDI	1944648	S	1	6	7	0.00000
Burkholderia stabilis	95485	S	6	1	7	0.00000
Burkholderia cenocepacia	95486	S	4	3	7	0.00000
Burkholderia ubonensis	101571	S	4	2	6	0.00000
Burkholderia cepacia	292	S	3	2	5	0.00000
Burkholderia anthina	179879	S	3	1	4	0.00000
Burkholderia multivorans	87883	S	2	1	3	0.00000
Burkholderia contaminans	488447	S	2	0	2	0.00000
Burkholderia lata	482957	S	1	0	1	0.00000
Burkholderia seminalis	488731	S	1	0	1	0.00000
Burkholderia metallica	488729	S	1	0	1	0.00000
Burkholderia pseudomallei	28450	S	11	10	21	0.00000
Burkholderia sp. BDU6	1385591	S	1	0	1	0.00000
Burkholderia sp. CCGE1003	640512	S	2	0	2	0.00000
Burkholderia sp. KK1	1855726	S	2	1	3	0.00000
Burkholderia sp. DHOD12	2571746	S	1	0	1	0.00000
Burkholderia sp. NRF60-BP8	1637853	S	1	0	1	0.00000
Burkholderia sp. MSMB0856	1637869	S	1	0	1	0.00000
Burkholderia sp. PAMC 26561	1795043	S	1	0	1	0.00000
Burkholderia gladioli	28095	S	5	0	5	0.00000
Polynucleobacter difficilis	556054	S	15	1	16	0.00000
Polynucleobacter necessarius	576610	S	6	0	6	0.00000
Polynucleobacter sp. LimPoW16	1743162	S	5	0	5	0.00000
Polynucleobacter sp. MWH-UH21B	1743174	S	1	0	1	0.00000
Polynucleobacter paneuropaeus	2527775	S	4	0	4	0.00000
Polynucleobacter asymbioticus	576611	S	3	0	3	0.00000
Polynucleobacter duraquae	1835254	S	1	0	1	0.00000
Cupriavidus taiwanensis	164546	S	8	3	11	0.00000
Cupriavidus basilensis	68895	S	7	1	8	0.00000
Cupriavidus pinatubonensis	248026	S	3	0	3	0.00000
Cupriavidus pauculus	82633	S	2	0	2	0.00000
Cupriavidus oxalaticus	96344	S	2	0	2	0.00000
Cupriavidus necator	106590	S	2	0	2	0.00000
Cupriavidus metallidurans	119219	S	2	0	2	0.00000
Cupriavidus gilardii	82541	S	1	2	3	0.00000
Cupriavidus campinensis	151783	S	1	0	1	0.00000
Cupriavidus neocaledonicus	1040979	S	1	0	1	0.00000
Cupriavidus nantongensis	1796606	S	1	1	2	0.00000
Paraburkholderia phytofirmans	261302	S	5	0	5	0.00000
Paraburkholderia sp. Msb3	2604047	S	2	0	2	0.00000
Paraburkholderia sp. SOS3	1926494	S	1	0	1	0.00000
Paraburkholderia sp. 7MH5	2547399	S	1	0	1	0.00000
Paraburkholderia aromaticivorans	2026199	S	4	0	4	0.00000
Paraburkholderia fungorum	134537	S	4	0	4	0.00000
Paraburkholderia terricola	169427	S	3	0	3	0.00000
Paraburkholderia tropica	92647	S	2	0	2	0.00000
Paraburkholderia phymatum	148447	S	2	0	2	0.00000
Paraburkholderia acidiphila	2571747	S	2	0	2	0.00000
Paraburkholderia caledonica	134536	S	1	0	1	0.00000
Paraburkholderia acidisoli	2571748	S	1	0	1	0.00000
Paraburkholderia caribensis	75105	S	1	0	1	0.00000
Paraburkholderia dokdonella	2211211	S	1	0	1	0.00000
Paraburkholderia ginsengisoli	311231	S	1	0	1	0.00000
Paraburkholderia megapolitana	420953	S	1	0	1	0.00000
Paraburkholderia sprentiae	948107	S	1	0	1	0.00000
Paraburkholderia atlantica	2654982	S	1	0	1	0.00000
Pandoraea pnomenusa	93220	S	3	0	3	0.00000
Pandoraea sp. XY-2	2518599	S	3	0	3	0.00000
Pandoraea thiooxydans	445709	S	2	0	2	0.00000
Pandoraea pulmonicola	93221	S	1	0	1	0.00000
Pandoraea sputorum	93222	S	1	0	1	0.00000
Pandoraea vervacti	656178	S	1	0	1	0.00000
Limnobacter sp. SAORIC-580	2732163	S	5	0	5	0.00000
Lautropia mirabilis	47671	S	2	0	2	0.00000
Chitinimonas arctica	2594795	S	1	0	1	0.00000
Caballeronia sp. M1242	2814653	S	1	0	1	0.00000
Janthinobacterium sp. LM6	1938606	S	17	8	25	0.00000
Janthinobacterium sp. HH102	1537274	S	12	17	29	0.00000
Janthinobacterium sp. 1_2014MBL_MicDiv	1644131	S	7	1	8	0.00000
Janthinobacterium sp. B9-8	1236179	S	2	0	2	0.00000
Janthinobacterium sp. PLB02	2808899	S	1	1	2	0.00000
Janthinobacterium tructae	2590869	S	16	4	20	0.00000
Janthinobacterium agaricidamnosum	55508	S	11	10	21	0.00000
Janthinobacterium lividum	29581	S	10	8	18	0.00000
Janthinobacterium svalbardensis	368607	S	5	1	6	0.00000
Massilia sp. CCM 8941	2765360	S	4	0	4	0.00000
Massilia sp. LPB0304	2769491	S	4	0	4	0.00000
Massilia sp. NR 4-1	1678028	S	3	0	3	0.00000
Massilia sp. YMA4	1593482	S	2	0	2	0.00000
Massilia oculi	945844	S	7	0	7	0.00000
Massilia umbonata	864828	S	4	0	4	0.00000
Massilia albidiflava	321983	S	3	0	3	0.00000
Massilia violaceinigra	2045208	S	3	0	3	0.00000
Massilia plicata	321984	S	2	0	2	0.00000
Massilia flava	871742	S	1	0	1	0.00000
Massilia armeniaca	2072590	S	1	0	1	0.00000
Herbaspirillum rubrisubalbicans	80842	S	4	1	5	0.00000
Herbaspirillum huttiense	863372	S	3	1	4	0.00000
Herbaspirillum robiniae	2014887	S	3	0	3	0.00000
Herbaspirillum hiltneri	341045	S	2	0	2	0.00000
Herbaspirillum seropedicae	964	S	1	0	1	0.00000
Herbaspirillum frisingense	92645	S	1	0	1	0.00000
Collimonas fungivorans	158899	S	4	0	4	0.00000
Collimonas arenae	279058	S	4	0	4	0.00000
Collimonas pratensis	279113	S	3	0	3	0.00000
Duganella sp. AF9R3	2728021	S	3	0	3	0.00000
Duganella sp. GN2-R2	2728020	S	2	0	2	0.00000
Undibacterium sp. KW1	2058624	S	1	1	2	0.00000
Undibacterium parvum	401471	S	1	0	1	0.00000
Herminiimonas arsenitoxidans	1809410	S	2	0	2	0.00000
Noviherbaspirillum sp. UKPF54	2601898	S	2	0	2	0.00000
Glaciimonas sp. PAMC28666	2807626	S	1	0	1	0.00000
Rhizobacter sp. AJA081-3	2753607	S	14	2	16	0.00000
Rhizobacter gummiphilus	946333	S	6	0	6	0.00000
Paucibacter sp. KCTC 42545	1768242	S	18	1	19	0.00000
Methylibium petroleiphilum	105560	S	6	3	9	0.00000
Methylibium sp. Pch-M	2082386	S	3	2	5	0.00000
Leptothrix cholodnii	34029	S	13	1	14	0.00000
Rubrivivax gelatinosus	28068	S	13	1	14	0.00000
Sphaerotilus natans	34103	S	11	1	12	0.00000
Aquabacterium olei	1296669	S	11	1	12	0.00000
Roseateles depolymerans	76731	S	11	1	12	0.00000
Mitsuaria sp. 7	1658665	S	9	0	9	0.00000
Thiomonas sp. X19	1050370	S	3	1	4	0.00000
Thiomonas intermedia	926	S	2	0	2	0.00000
Thiomonas arsenitoxydans	426114	S	1	0	1	0.00000
Xylophilus rhododendri	2697032	S	7	0	7	0.00000
Inhella inkyongensis	392593	S	1	0	1	0.00000
Bordetella sp. N	1746199	S	6	0	6	0.00000
Bordetella sp. H567	1697043	S	1	0	1	0.00000
Bordetella genomosp. 9	1416803	S	6	0	6	0.00000
Bordetella hinzii	103855	S	3	0	3	0.00000
Bordetella bronchialis	463025	S	3	0	3	0.00000
Bordetella bronchiseptica	518	S	1	6	7	0.00000
Bordetella parapertussis	519	S	1	1	2	0.00000
Bordetella avium	521	S	1	0	1	0.00000
Bordetella petrii	94624	S	1	0	1	0.00000
Bordetella trematum	123899	S	1	0	1	0.00000
Bordetella genomosp. 13	463040	S	1	0	1	0.00000
Bordetella pseudohinzii	1331258	S	1	0	1	0.00000
Bordetella genomosp. 8	1416806	S	1	0	1	0.00000
Achromobacter sp. AONIH1	1758194	S	5	2	7	0.00000
Achromobacter sp. MFA1 R4	1881016	S	3	0	3	0.00000
Achromobacter sp. B7	2282475	S	1	0	1	0.00000
Achromobacter xylosoxidans	85698	S	3	4	7	0.00000
Achromobacter spanius	217203	S	3	0	3	0.00000
Achromobacter pestifer	1353889	S	2	1	3	0.00000
Achromobacter insolitus	217204	S	1	0	1	0.00000
Alcaligenes faecalis	511	S	4	1	5	0.00000
Pigmentiphaga sp. H8	2488560	S	3	0	3	0.00000
Oligella ureolytica	90244	S	1	0	1	0.00000
Oligella urethralis	90245	S	1	0	1	0.00000
Advenella mimigardefordensis	302406	S	2	0	2	0.00000
Orrella dioscoreae	1851544	S	2	0	2	0.00000
Taylorella equigenitalis	29575	S	1	0	1	0.00000
Pelistega ratti	2652177	S	1	0	1	0.00000
Kerstersia gyiorum	206506	S	1	0	1	0.00000
Pusillimonas sp. T7-7	1007105	S	1	0	1	0.00000
Sutterella megalosphaeroides	2494234	S	1	0	1	0.00000
Thauera sp. MZ1T	85643	S	4	1	5	0.00000
Thauera sp. K11	2005884	S	2	0	2	0.00000
Thauera humireducens	1134435	S	3	0	3	0.00000
Thauera hydrothermalis	2184083	S	2	0	2	0.00000
Thauera aromatica	59405	S	1	0	1	0.00000
Thauera chlorobenzoica	96773	S	1	0	1	0.00000
Azoarcus sp. CIB	198107	S	1	0	1	0.00000
Azoarcus sp. DN11	356837	S	1	0	1	0.00000
Azoarcus sp. KH32C	748247	S	1	0	1	0.00000
Azoarcus sp. DD4	2027405	S	1	0	1	0.00000
Azoarcus communis	41977	S	2	0	2	0.00000
Azoarcus pumilus	2067960	S	2	0	2	0.00000
Azoarcus olearius	418699	S	1	0	1	0.00000
Aromatoleum aromaticum	551760	S	6	0	6	0.00000
Aromatoleum bremense	76115	S	1	0	1	0.00000
Aromatoleum petrolei	76116	S	1	0	1	0.00000
Azospira oryzae	146939	S	4	0	4	0.00000
Azospira restricta	404405	S	1	0	1	0.00000
Azospira sp. I09	1765049	S	1	0	1	0.00000
Oryzomicrobium terrae	1735038	S	4	0	4	0.00000
Rugosibacter aromaticivorans	1565605	S	2	0	2	0.00000
Dechloromonas sp. HYN0024	2231055	S	2	0	2	0.00000
Dechloromonas sp. TW-R-39-2	2654218	S	2	0	2	0.00000
Dechloromonas aromatica	259537	S	2	0	2	0.00000
Fluviibacter phosphoraccumulans	1751046	S	1	0	1	0.00000
Denitratisoma sp. DHT3	1981880	S	6	1	7	0.00000
Sulfuritalea hydrogenivorans	748811	S	4	0	4	0.00000
Sterolibacterium denitrificans	157592	S	3	0	3	0.00000
Methylotenera mobilis	359408	S	3	0	3	0.00000
Methylotenera versatilis	1055487	S	2	0	2	0.00000
Candidatus Methylopumilus turicensis	1581680	S	2	0	2	0.00000
Candidatus Methylopumilus rimovensis	2588535	S	1	0	1	0.00000
Methylobacillus flagellatus	405	S	2	0	2	0.00000
Methylophilus sp. TWE2	1662285	S	1	0	1	0.00000
Nitrosomonas sp. Is79A3	261292	S	6	0	6	0.00000
Nitrosomonas communis	44574	S	1	0	1	0.00000
Sideroxydans lithotrophicus	63745	S	3	0	3	0.00000
Candidatus Nitrotoga sp. AM1P	2559597	S	3	0	3	0.00000
Thiobacillus denitrificans	36861	S	3	0	3	0.00000
Sulfuritortus calidifontis	1914471	S	1	0	1	0.00000
Sulfuriferula plumbiphila	171865	S	1	0	1	0.00000
Sulfurimicrobium lacus	2715678	S	1	0	1	0.00000
Usitatibacter rugosus	2732067	S	1	0	1	0.00000
Usitatibacter palustris	2732487	S	1	0	1	0.00000
Neisseria chenwenguii	1853278	S	2	0	2	0.00000
Neisseria zalophi	640030	S	2	0	2	0.00000
Neisseria lactamica	486	S	1	3	4	0.00000
Neisseria wadsworthii	607711	S	1	0	1	0.00000
Neisseria zoodegmatis	326523	S	1	0	1	0.00000
Vitreoscilla filiformis	63	S	7	0	7	0.00000
Chitinolyticbacter meiyuanensis	682798	S	2	0	2	0.00000
Simonsiella muelleri	72	S	1	0	1	0.00000
Crenobacter cavernae	2290923	S	1	0	1	0.00000
Chromobacterium paludis	2605945	S	3	0	3	0.00000
Chromobacterium phragmitis	2202141	S	1	0	1	0.00000
Chromobacterium sp. Rain0013	2292447	S	1	0	1	0.00000
Iodobacter sp. H11R3	2496266	S	1	1	2	0.00000
Aquitalea aquatilis	1537400	S	2	0	2	0.00000
Aquitalea denitrificans	519081	S	1	0	1	0.00000
Laribacter hongkongensis	168471	S	1	0	1	0.00000
Chitinibacter sp. 2T18	2739434	S	1	0	1	0.00000
Pseudogulbenkiania sp. NH8B	748280	S	1	0	1	0.00000
Casimicrobium huifangae	2591109	S	2	0	2	0.00000
Pseudomonas sp. CMR12a	658629	S	73	13	86	0.00000
Pseudomonas sp. K2W31S-8	2320867	S	6	0	6	0.00000
Pseudomonas sp. MPC6	2498848	S	5	0	5	0.00000
Pseudomonas sp. BIOMIG1BAC	1758730	S	4	1	5	0.00000
Pseudomonas sp. SCB32	2653853	S	3	0	3	0.00000
Pseudomonas sp. TKP	1415630	S	2	2	4	0.00000
Pseudomonas sp. ADPe	2774873	S	2	1	3	0.00000
Pseudomonas sp. CC6-YY-74	1930532	S	1	0	1	0.00000
Pseudomonas sp. ADAK18	2730848	S	1	0	1	0.00000
Pseudomonas sp. ADAK22	2730851	S	1	0	1	0.00000
Pseudomonas sp. ADAK13	2730847	S	1	0	1	0.00000
Pseudomonas sp. Z003-0.4C(8344-21)	1855380	S	1	0	1	0.00000
Pseudomonas sp. TUM18999	2725477	S	1	0	1	0.00000
Pseudomonas sp. DY-1	1755504	S	1	0	1	0.00000
Pseudomonas sp. 13159349	2662034	S	1	2	3	0.00000
Pseudomonas sp. R76	1573711	S	1	0	1	0.00000
Pseudomonas sp. R84	1573712	S	1	0	1	0.00000
Pseudomonas sp. MRSN12121	1611770	S	1	0	1	0.00000
Pseudomonas sp. S35	1573719	S	1	0	1	0.00000
Pseudomonas sp. B14-6	2738843	S	1	0	1	0.00000
Pseudomonas sp. DG56-2	2320270	S	1	0	1	0.00000
Pseudomonas sp. LG1E9	2219057	S	1	0	1	0.00000
Pseudomonas sp. phDV1	253237	S	1	0	1	0.00000
Pseudomonas sp. K-62	76885	S	1	0	1	0.00000
Pseudomonas sp. LAB-08	143813	S	1	0	1	0.00000
Pseudomonas sp. 31-12	2201356	S	1	0	1	0.00000
Pseudomonas fluorescens	294	S	26	5	31	0.00000
Pseudomonas protegens	380021	S	4	0	4	0.00000
Pseudomonas veronii	76761	S	3	2	5	0.00000
Pseudomonas rhodesiae	76760	S	3	0	3	0.00000
Pseudomonas azotoformans	47878	S	2	0	2	0.00000
Pseudomonas synxantha	47883	S	2	0	2	0.00000
Pseudomonas cedrina	651740	S	1	0	1	0.00000
Pseudomonas poae	200451	S	1	0	1	0.00000
Pseudomonas trivialis	200450	S	1	0	1	0.00000
Pseudomonas migulae	78543	S	1	0	1	0.00000
Pseudomonas mucidolens	46679	S	1	0	1	0.00000
Pseudomonas tolaasii	29442	S	1	0	1	0.00000
Pseudomonas aeruginosa	287	S	24	78	102	0.00000
Pseudomonas alcaligenes	43263	S	5	0	5	0.00000
Pseudomonas mendocina	300	S	3	0	3	0.00000
Pseudomonas citronellolis	53408	S	3	0	3	0.00000
Pseudomonas nitroreducens	46680	S	1	0	1	0.00000
Pseudomonas multiresinivorans	95301	S	1	0	1	0.00000
Pseudomonas resinovorans	53412	S	1	0	1	0.00000
Pseudomonas putida	303	S	11	5	16	0.00000
Pseudomonas oryzihabitans	47885	S	2	0	2	0.00000
Pseudomonas monteilii	76759	S	2	0	2	0.00000
Pseudomonas fulva	47880	S	1	0	1	0.00000
Pseudomonas plecoglossicida	70775	S	1	0	1	0.00000
Pseudomonas syringae	317	S	3	0	3	0.00000
Pseudomonas syringae group genomosp. 3	251701	S	3	2	5	0.00000
Pseudomonas asturiensis	1190415	S	3	0	3	0.00000
Pseudomonas viridiflava	33069	S	1	0	1	0.00000
Pseudomonas cichorii	36746	S	1	0	1	0.00000
Pseudomonas stutzeri	316	S	11	2	13	0.00000
Pseudomonas balearica	74829	S	1	0	1	0.00000
Pseudomonas chlororaphis	587753	S	6	2	8	0.00000
Pseudomonas fragi	296	S	1	0	1	0.00000
Pseudomonas lundensis	86185	S	1	0	1	0.00000
Pseudomonas entomophila	312306	S	3	0	3	0.00000
Pseudomonas moraviensis	321662	S	3	0	3	0.00000
Pseudomonas parafulva	157782	S	2	0	2	0.00000
Pseudomonas alkylphenolica	237609	S	2	0	2	0.00000
Pseudomonas antarctica	219572	S	2	0	2	0.00000
Pseudomonas saudiphocaensis	1499686	S	2	0	2	0.00000
Pseudomonas arsenicoxydans	702115	S	2	0	2	0.00000
Pseudomonas palleroniana	191390	S	2	0	2	0.00000
Pseudomonas oryzae	1392877	S	1	0	1	0.00000
Pseudomonas rhizosphaerae	216142	S	1	0	1	0.00000
Pseudomonas psychrotolerans	237610	S	1	0	1	0.00000
Pseudomonas agarici	46677	S	1	0	1	0.00000
Pseudomonas sediminis	1691904	S	1	0	1	0.00000
Pseudomonas brassicacearum	930166	S	1	0	1	0.00000
Pseudomonas guangdongensis	1245526	S	1	0	1	0.00000
Pseudomonas sihuiensis	1274359	S	1	0	1	0.00000
Pseudomonas umsongensis	198618	S	1	0	1	0.00000
Pseudomonas knackmussii	65741	S	1	0	1	0.00000
Pseudomonas vancouverensis	95300	S	1	0	1	0.00000
Pseudomonas frederiksbergensis	104087	S	1	0	1	0.00000
Pseudomonas denitrificans (nom. rej.)	43306	S	1	0	1	0.00000
Pseudomonas cremoricolorata	157783	S	1	0	1	0.00000
Pseudomonas koreensis	198620	S	1	0	1	0.00000
Pseudomonas graminis	158627	S	1	0	1	0.00000
Pseudomonas eucalypticola	2599595	S	1	0	1	0.00000
Azotobacter salinestris	69964	S	1	1	2	0.00000
Entomomonas moraniae	2213226	S	1	0	1	0.00000
Entomomonas sp. F2A	2785331	S	1	0	1	0.00000
Acinetobacter junii	40215	S	135	14	149	0.00000
Acinetobacter baumannii	470	S	20	34	54	0.00000
Acinetobacter seifertii	1530123	S	4	0	4	0.00000
Acinetobacter calcoaceticus	471	S	1	0	1	0.00000
Acinetobacter pittii	48296	S	1	0	1	0.00000
Acinetobacter sp. WCHA45	2004644	S	4	2	6	0.00000
Acinetobacter sp. MYb10	1827285	S	3	0	3	0.00000
Acinetobacter sp. 10FS3-1	2563897	S	2	0	2	0.00000
Acinetobacter sp. SWBY1	2079596	S	1	0	1	0.00000
Acinetobacter sp. TGL-Y2	1407071	S	1	0	1	0.00000
Acinetobacter sp. Marseille-Q1620	2714110	S	1	0	1	0.00000
Acinetobacter sp. WCHAc010034	1879049	S	1	0	1	0.00000
Acinetobacter sp. TTH0-4	1646498	S	1	0	1	0.00000
Acinetobacter sp. LoGeW2-3	1808001	S	1	0	1	0.00000
Acinetobacter haemolyticus	29430	S	7	1	8	0.00000
Acinetobacter johnsonii	40214	S	6	2	8	0.00000
Acinetobacter guillouiae	106649	S	6	0	6	0.00000
Acinetobacter schindleri	108981	S	3	0	3	0.00000
Acinetobacter lwoffii	28090	S	3	1	4	0.00000
Acinetobacter bereziniae	106648	S	2	0	2	0.00000
Acinetobacter towneri	202956	S	2	1	3	0.00000
Acinetobacter tandoii	202954	S	1	0	1	0.00000
Acinetobacter piscicola	2006115	S	1	0	1	0.00000
Acinetobacter wuhouensis	1879050	S	1	0	1	0.00000
Acinetobacter larvae	1789224	S	1	0	1	0.00000
Acinetobacter ursingii	108980	S	1	0	1	0.00000
Moraxella osloensis	34062	S	29	1	30	0.00000
Moraxella catarrhalis	480	S	2	0	2	0.00000
Moraxella cuniculi	34061	S	1	0	1	0.00000
Moraxella bovoculi	386891	S	1	0	1	0.00000
Psychrobacter arcticus	334543	S	3	0	3	0.00000
Psychrobacter sp. DAB_AL43B	1028416	S	1	0	1	0.00000
Klebsiella pneumoniae	573	S	20	112	132	0.00000
Klebsiella aerogenes	548	S	2	0	2	0.00000
Klebsiella quasivariicola	2026240	S	2	0	2	0.00000
Klebsiella sp. STW0522-44	2681387	S	1	0	1	0.00000
Enterobacter cloacae	550	S	2	2	4	0.00000
Enterobacter hormaechei	158836	S	1	2	3	0.00000
Enterobacter sp. RHBSTW-00994	2742676	S	2	0	2	0.00000
Enterobacter sp. 638	399742	S	1	0	1	0.00000
Enterobacter sp. SES19	2705458	S	1	0	1	0.00000
Enterobacter oligotrophicus	2478464	S	1	0	1	0.00000
Escherichia coli	562	S	6	8	14	0.00000
Escherichia fergusonii	564	S	3	0	3	0.00000
Escherichia marmotae	1499973	S	1	0	1	0.00000
Salmonella enterica	28901	S	3	21	24	0.00000
Citrobacter freundii	546	S	6	7	13	0.00000
Citrobacter amalonaticus	35703	S	1	0	1	0.00000
Enterobacteriaceae endosymbiont of Plateumaris rustica	2675796	S	2	0	2	0.00000
Enterobacteriaceae endosymbiont of Donacia piscatrix	2675780	S	1	0	1	0.00000
Enterobacteriaceae endosymbiont of Donacia vulgaris	2675789	S	1	0	1	0.00000
Enterobacteriaceae endosymbiont of Donacia semicuprea	2675783	S	1	0	1	0.00000
Enterobacteriaceae endosymbiont of Donacia versicolorea	2675788	S	1	0	1	0.00000
Enterobacteriaceae endosymbiont of Donacia tomentosa	2675787	S	1	0	1	0.00000
Leclercia adecarboxylata	83655	S	5	1	6	0.00000
Leclercia sp. J807	2681307	S	1	0	1	0.00000
Pseudescherichia vulneris	566	S	5	0	5	0.00000
secondary endosymbiont of Heteropsylla cubana	134287	S	1	0	1	0.00000
Candidatus Hamiltonella defensa	138072	S	1	0	1	0.00000
Candidatus Annandia adelgestsuga	1302411	S	1	0	1	0.00000
Candidatus Gullanella endobia	1070130	S	1	0	1	0.00000
Cronobacter sakazakii	28141	S	2	0	2	0.00000
Candidatus Ishikawaella capsulata	168169	S	2	0	2	0.00000
Phytobacter ursingii	1972431	S	1	0	1	0.00000
Scandinavium goeteborgense	1851514	S	1	0	1	0.00000
Shigella dysenteriae	622	S	1	0	1	0.00000
Kluyvera intermedia	61648	S	1	0	1	0.00000
Serratia marcescens	615	S	7	2	9	0.00000
Serratia sp. SCBI	488142	S	1	1	2	0.00000
Serratia sp. P2ACOL2	2482769	S	1	0	1	0.00000
Serratia sp. FDAARGOS_506	2420306	S	1	0	1	0.00000
Serratia sp. JKS000199	1938820	S	1	2	3	0.00000
Serratia proteamaculans	28151	S	3	0	3	0.00000
Serratia symbiotica	138074	S	2	0	2	0.00000
Serratia surfactantfaciens	2741499	S	2	0	2	0.00000
Serratia liquefaciens	614	S	1	0	1	0.00000
Serratia plymuthica	82996	S	1	0	1	0.00000
Yersinia enterocolitica	630	S	1	0	1	0.00000
Yersinia intermedia	631	S	1	3	4	0.00000
Yersinia aldovae	29483	S	1	0	1	0.00000
Yersinia frederiksenii	29484	S	1	0	1	0.00000
Yersinia pestis	632	S	1	0	1	0.00000
Rouxiella badensis	1646377	S	2	0	2	0.00000
Nissabacter sp. SGAir0207	2126321	S	1	0	1	0.00000
Pantoea sp. 201603H	2479547	S	3	0	3	0.00000
Pantoea sp. PSNIH1	1484158	S	1	0	1	0.00000
Pantoea sp. SO10	2575375	S	1	0	1	0.00000
Pantoea stewartii	66269	S	4	0	4	0.00000
Pantoea agglomerans	549	S	2	0	2	0.00000
Pantoea ananatis	553	S	1	0	1	0.00000
Pantoea cypripedii	55209	S	1	0	1	0.00000
Pantoea dispersa	59814	S	1	0	1	0.00000
Pantoea vagans	470934	S	1	1	2	0.00000
Buchnera aphidicola	9	S	12	0	12	0.00000
Candidatus Erwinia haradaeae	1922217	S	7	0	7	0.00000
Erwinia persicina	55211	S	1	0	1	0.00000
Proteus mirabilis	584	S	5	0	5	0.00000
Proteus vulgaris	585	S	2	1	3	0.00000
Proteus penneri	102862	S	1	0	1	0.00000
Providencia rettgeri	587	S	2	2	4	0.00000
Providencia rustigianii	158850	S	1	0	1	0.00000
Providencia vermicola	333965	S	1	0	1	0.00000
Candidatus Arsenophonus lipoptenae	634113	S	2	0	2	0.00000
Arsenophonus nasoniae	638	S	1	0	1	0.00000
Arsenophonus endosymbiont of Aleurodicus dispersus	235559	S	1	0	1	0.00000
Xenorhabdus bovienii	40576	S	1	0	1	0.00000
Xenorhabdus hominickii	351679	S	1	0	1	0.00000
Dickeya zeae	204042	S	2	1	3	0.00000
Dickeya dianthicola	204039	S	1	1	2	0.00000
Pectobacterium carotovorum	554	S	1	0	1	0.00000
Pectobacterium atrosepticum	29471	S	1	0	1	0.00000
Edwardsiella hoshinae	93378	S	2	2	4	0.00000
Hafnia alvei	569	S	2	0	2	0.00000
Pragia fontium	82985	S	1	0	1	0.00000
Xanthomonas oryzae	347	S	17	0	17	0.00000
Xanthomonas campestris	339	S	15	0	15	0.00000
Xanthomonas citri	346	S	5	0	5	0.00000
Xanthomonas sp. GW	2724121	S	1	0	1	0.00000
Xanthomonas sp. SS	2724122	S	1	0	1	0.00000
Xanthomonas axonopodis	53413	S	3	0	3	0.00000
Xanthomonas arboricola	56448	S	3	1	4	0.00000
Xanthomonas theicola	56464	S	2	0	2	0.00000
Xanthomonas translucens	343	S	1	-1	0	0.00000
Xanthomonas euvesicatoria	456327	S	1	57	58	0.00000
Xanthomonas hortorum	56454	S	1	0	1	0.00000
Xanthomonas fragariae	48664	S	1	0	1	0.00000
Lysobacter enzymogenes	69	S	28	4	32	0.00000
Lysobacter sp. TY2-98	2290922	S	4	0	4	0.00000
Lysobacter sp. CW239	2762611	S	1	2	3	0.00000
Lysobacter oculi	2698682	S	6	0	6	0.00000
Lysobacter lycopersici	1324796	S	3	0	3	0.00000
Lysobacter capsici	435897	S	2	0	2	0.00000
Lysobacter arenosi	2795387	S	2	0	2	0.00000
Lysobacter gummosus	262324	S	1	0	1	0.00000
Lysobacter soli	453783	S	1	0	1	0.00000
Lysobacter maris	1605891	S	1	0	1	0.00000
Lysobacter solisilvae	2763317	S	1	0	1	0.00000
Stenotrophomonas maltophilia	40324	S	17	4	21	0.00000
Stenotrophomonas sp. SAU14A_NAIMI4_5	2072413	S	2	0	2	0.00000
Stenotrophomonas sp. ESTM1D_MKCIP4_1	2072414	S	2	0	2	0.00000
Stenotrophomonas sp. YAU14A_MKIMI4_1	2072408	S	1	3	4	0.00000
Stenotrophomonas acidaminiphila	128780	S	3	1	4	0.00000
Stenotrophomonas sp. NA06056	2742129	S	2	0	2	0.00000
Stenotrophomonas sp. WZN-1	2005046	S	1	0	1	0.00000
Stenotrophomonas rhizophila	216778	S	3	0	3	0.00000
Luteimonas sp. YGD11-2	2508168	S	4	1	5	0.00000
Luteimonas chenhongjianii	2006110	S	2	0	2	0.00000
Pseudoxanthomonas mexicana	128785	S	4	0	4	0.00000
Pseudoxanthomonas spadix	415229	S	2	0	2	0.00000
Pseudoxanthomonas suwonensis	314722	S	1	0	1	0.00000
Xylella fastidiosa	2371	S	2	0	2	0.00000
Arenimonas daejeonensis	370777	S	2	0	2	0.00000
Pseudolysobacter antarcticus	2511995	S	2	0	2	0.00000
Thermomonas carbonis	1463158	S	1	0	1	0.00000
Dyella japonica	231455	S	2	0	2	0.00000
Dyella sp. M7H15-1	2501295	S	1	0	1	0.00000
Dyella sp. G9	2763498	S	1	0	1	0.00000
Dyella thiooxydans	445710	S	1	0	1	0.00000
Luteibacter pinisoli	2589080	S	3	0	3	0.00000
Luteibacter rhizovicinus	242606	S	2	0	2	0.00000
Rhodanobacter denitrificans	666685	S	1	0	1	0.00000
Ahniella affigens	2021234	S	1	0	1	0.00000
Pasteurella multocida	747	S	66	14	80	0.00000
Actinobacillus pleuropneumoniae	715	S	5	2	7	0.00000
Actinobacillus lignieresii	720	S	1	0	1	0.00000
[Haemophilus] ducreyi	730	S	1	1	2	0.00000
Glaesserella parasuis	738	S	1	0	1	0.00000
Glaesserella sp. 15-184	2030797	S	1	0	1	0.00000
Histophilus somni	731	S	2	0	2	0.00000
Bisgaardia hudsonensis	109472	S	2	0	2	0.00000
Mannheimia haemolytica	75985	S	1	0	1	0.00000
Mannheimia bovis	2770636	S	1	0	1	0.00000
Avibacterium paragallinarum	728	S	1	0	1	0.00000
Aggregatibacter aphrophilus	732	S	1	0	1	0.00000
[Mannheimia] succiniciproducens	157673	S	1	0	1	0.00000
Halomonas sp. JS92-SW72	2306583	S	20	1	21	0.00000
Halomonas sp. THAF5a	2587844	S	10	0	10	0.00000
Halomonas sp. GFAJ-1	1118153	S	1	0	1	0.00000
Halomonas sp. A40-4	2785909	S	1	0	1	0.00000
Halomonas sp. BC-M4-5	2497861	S	1	0	1	0.00000
Halomonas sp. N3-2A	2014541	S	1	0	1	0.00000
Halomonas meridiana	29570	S	3	0	3	0.00000
Halomonas elongata	2746	S	1	0	1	0.00000
Halomonas venusta	44935	S	1	0	1	0.00000
Halomonas huangheensis	1178482	S	1	0	1	0.00000
Halomonas socia	1081866	S	1	0	1	0.00000
Halomonas beimenensis	475662	S	1	0	1	0.00000
Candidatus Portiera aleyrodidarum	91844	S	4	0	4	0.00000
Candidatus Carsonella ruddii	114186	S	1	0	1	0.00000
Cobetia sp. cqz5-12	2609415	S	1	0	1	0.00000
Salinicola tamaricis	1771309	S	1	0	1	0.00000
Kushneria phosphatilytica	657387	S	1	0	1	0.00000
Pistricoccus aurantiacus	1883414	S	1	0	1	0.00000
Hahella chejuensis	158327	S	6	0	6	0.00000
Hahella sp. KA22	1628392	S	1	0	1	0.00000
Marinomonas arctica	383750	S	2	0	2	0.00000
Marinomonas primoryensis	178399	S	1	0	1	0.00000
Marinomonas sp. FW-1	2071621	S	1	0	1	0.00000
Marinobacterium aestuarii	1821621	S	1	0	1	0.00000
Nitrincola sp. KXZD1103	2614693	S	1	0	1	0.00000
Alcanivorax xenomutans	1094342	S	2	0	2	0.00000
Alcanivorax pacificus	1306787	S	1	0	1	0.00000
Alcanivorax sp. N3-2A	2014542	S	1	0	1	0.00000
Oleiphilus messinensis	141451	S	1	0	1	0.00000
Marinobacter hydrocarbonoclasticus	2743	S	2	0	2	0.00000
Marinobacter sp. LQ44	1749259	S	1	0	1	0.00000
Marinobacter salarius	1420917	S	1	0	1	0.00000
Marinobacter fonticola	2603215	S	1	0	1	0.00000
Alteromonas macleodii	28108	S	1	0	1	0.00000
Alteromonas mediterranea	314275	S	1	0	1	0.00000
Alteromonas australica	589873	S	1	0	1	0.00000
Alteromonas naphthalenivorans	715451	S	1	0	1	0.00000
Salinimonas sp. KX18D6	2572577	S	1	0	1	0.00000
Salinimonas sp. G2-b	2785918	S	1	0	1	0.00000
Salinimonas sediminis	2303538	S	1	0	1	0.00000
Paraglaciecola sp. L3A3	2686358	S	1	0	1	0.00000
Paraglaciecola sp. L1A13	2686359	S	1	0	1	0.00000
Hydrocarboniclastica marina	2259620	S	2	0	2	0.00000
Glaciecola amylolytica	2489595	S	1	0	1	0.00000
Agarivorans gilvus	680279	S	1	0	1	0.00000
Catenovulum sp. CCB-QB4	2172099	S	1	0	1	0.00000
Shewanella baltica	62322	S	5	1	6	0.00000
Shewanella sp. WE21	2029986	S	1	1	2	0.00000
Shewanella sp. SNU WT4	2590015	S	1	0	1	0.00000
Shewanella woodyi	60961	S	2	0	2	0.00000
Shewanella piezotolerans	404011	S	2	0	2	0.00000
Shewanella benthica	43661	S	1	0	1	0.00000
Shewanella donghaensis	238836	S	1	0	1	0.00000
Shewanella aestuarii	1028752	S	1	0	1	0.00000
Shewanella livingstonensis	150120	S	1	0	1	0.00000
Parashewanella tropica	2547970	S	1	0	1	0.00000
Pseudoalteromonas sp. SM1988	2744479	S	2	0	2	0.00000
Pseudoalteromonas shioyasakiensis	1190813	S	1	0	1	0.00000
Pseudoalteromonas prydzensis	182141	S	1	0	1	0.00000
Pseudoalteromonas luteoviolacea	43657	S	1	0	1	0.00000
Pseudoalteromonas rubra	43658	S	1	0	1	0.00000
Pseudoalteromonas carrageenovora	227	S	1	0	1	0.00000
Pseudoalteromonas marina	267375	S	1	0	1	0.00000
Pseudoalteromonas paragorgicola	166934	S	1	0	1	0.00000
Psychrosphaera sp. MTZ26	2820710	S	1	0	1	0.00000
Thalassotalea crassostreae	1763536	S	3	0	3	0.00000
Thalassotalea sp. PS06	2594005	S	1	0	1	0.00000
Litorilituus sediminis	718192	S	3	0	3	0.00000
Psychromonas sp. CNPT3	314282	S	3	0	3	0.00000
Vibrio parahaemolyticus	670	S	3	0	3	0.00000
Vibrio alginolyticus	663	S	1	1	2	0.00000
Vibrio harveyi	669	S	1	0	1	0.00000
Vibrio campbellii	680	S	1	0	1	0.00000
Vibrio azureus	512649	S	1	0	1	0.00000
Vibrio owensii	696485	S	1	0	1	0.00000
Vibrio anguillarum	55601	S	8	0	8	0.00000
Vibrio kanaloae	170673	S	4	0	4	0.00000
Vibrio vulnificus	672	S	2	0	2	0.00000
Vibrio sp. ZWAL4003	2711221	S	1	0	1	0.00000
Vibrio sp. SM1977	2662262	S	1	0	1	0.00000
Vibrio furnissii	29494	S	2	0	2	0.00000
Vibrio metschnikovii	28172	S	2	0	2	0.00000
Vibrio nigripulchritudo	28173	S	1	0	1	0.00000
Vibrio taketomensis	2572923	S	1	0	1	0.00000
Vibrio tubiashii	29498	S	1	0	1	0.00000
Vibrio cincinnatiensis	675	S	1	0	1	0.00000
Vibrio coralliilyticus	190893	S	1	0	1	0.00000
Photobacterium gaetbulicola	1295392	S	2	0	2	0.00000
Photobacterium damselae	38293	S	1	0	1	0.00000
Photobacterium ganghwense	320778	S	1	0	1	0.00000
Aliivibrio salmonicida	40269	S	3	0	3	0.00000
Aliivibrio fischeri	668	S	1	0	1	0.00000
Candidatus Enterovibrio luxaltus	1927128	S	1	0	1	0.00000
Rheinheimera sp. LHK132	2498451	S	3	0	3	0.00000
Rheinheimera sp. F8	1763998	S	2	0	2	0.00000
Rheinheimera sp. D18	2545632	S	1	0	1	0.00000
Nitrosococcus watsonii	473531	S	1	0	1	0.00000
Nitrosococcus wardiae	1814290	S	1	0	1	0.00000
Candidatus Thiodictyon syntrophicum	1166950	S	3	0	3	0.00000
Allochromatium vinosum	1049	S	2	0	2	0.00000
Thermochromatium tepidum	1050	S	2	0	2	0.00000
Thioflavicoccus mobilis	80679	S	1	0	1	0.00000
Thioalkalivibrio nitratireducens	186931	S	2	0	2	0.00000
Thioalkalivibrio paradoxus	108010	S	1	0	1	0.00000
Aquisalimonas sp. 2447	2740807	S	2	0	2	0.00000
Ectothiorhodospira haloalkaliphila	421628	S	1	0	1	0.00000
Alkalilimnicola ehrlichii	351052	S	1	0	1	0.00000
Spiribacter curvatus	1335757	S	1	0	1	0.00000
Halothiobacillus neapolitanus	927	S	2	0	2	0.00000
Halothiobacillus sp. LS2	1860122	S	1	0	1	0.00000
Granulosicoccus antarcticus	437505	S	1	0	1	0.00000
Sulfuriflexus mobilis	1811807	S	1	0	1	0.00000
Wenzhouxiangella marina	1579979	S	1	0	1	0.00000
Woeseia oceani	1548547	S	1	0	1	0.00000
Aeromonas salmonicida	645	S	3	0	3	0.00000
Aeromonas allosaccharophila	656	S	2	0	2	0.00000
Aeromonas sp. ASNIH1	1636606	S	1	3	4	0.00000
Aeromonas sp. ASNIH4	1636609	S	1	1	2	0.00000
Aeromonas media	651	S	2	0	2	0.00000
Aeromonas caviae	648	S	1	1	2	0.00000
Aeromonas hydrophila	644	S	1	0	1	0.00000
Aeromonas dhakensis	196024	S	1	0	1	0.00000
Aeromonas rivipollensis	948519	S	1	0	1	0.00000
Oceanisphaera profunda	1416627	S	1	0	1	0.00000
Dongshaea marina	2047966	S	1	0	1	0.00000
Francisella frigiditurris	1542390	S	3	0	3	0.00000
Francisella halioticida	549298	S	2	0	2	0.00000
Francisella sp. Scap27	2589986	S	2	1	3	0.00000
Francisella persica	954	S	1	0	1	0.00000
Francisella orientalis	299583	S	1	0	1	0.00000
Francisella uliginis	573570	S	1	0	1	0.00000
Allofrancisella guangzhouensis	594679	S	1	1	2	0.00000
Beggiatoa leptomitoformis	288004	S	1	0	1	0.00000
Legionella hackeliae	449	S	3	1	4	0.00000
Legionella sp. PC997	2755562	S	2	0	2	0.00000
Legionella geestiana	45065	S	2	0	2	0.00000
Legionella cherrii	28084	S	1	0	1	0.00000
Legionella fallonii	96230	S	1	0	1	0.00000
Legionella pneumophila	446	S	1	0	1	0.00000
Coxiella endosymbiont of Amblyomma sculptum	2487929	S	2	0	2	0.00000
Coxiella burnetii	777	S	1	0	1	0.00000
Candidatus Rickettsiella viridis	676208	S	1	0	1	0.00000
Teredinibacter turnerae	2426	S	2	0	2	0.00000
Teredinibacter haidensis	2731755	S	1	0	1	0.00000
Teredinibacter purpureus	2731756	S	1	0	1	0.00000
Cellvibrio sp. KY-YJ-3	454662	S	1	0	1	0.00000
Microbulbifer sp. ALW1	1516059	S	2	0	2	0.00000
Microbulbifer sp. THAF38	2587856	S	1	0	1	0.00000
Microbulbifer sp. SH-1	2681547	S	1	0	1	0.00000
Microbulbifer sp. YPW1	2745199	S	1	0	1	0.00000
Halioglobus maricola	2601894	S	1	0	1	0.00000
Spongiibacter sp. CSC3.9	2794344	S	1	0	1	0.00000
Methylomonas sp. DH-1	1727196	S	1	0	1	0.00000
Methylomonas sp. LL1	2785785	S	1	0	1	0.00000
Methylomonas koyamae	702114	S	1	0	1	0.00000
Methylomicrobium album	39775	S	4	0	4	0.00000
Methylococcus capsulatus	414	S	1	0	1	0.00000
Methylococcus sp. EFPC2	2812648	S	1	0	1	0.00000
Candidatus Ruthia magnifica	386487	S	2	0	2	0.00000
Candidatus Vesicomyosocius sp. SY067_SCS001	2732590	S	1	0	1	0.00000
Candidatus Thioglobus singularis	1427364	S	3	0	3	0.00000
Candidatus Nardonella dryophthoridicola	1971485	S	1	0	1	0.00000
Sedimenticola thiotaurini	1543721	S	1	0	1	0.00000
Solimonas sp. K1W22B-7	2303331	S	3	0	3	0.00000
Sinimarinibacterium sp. NLF-5-8	2698684	S	2	0	2	0.00000
Gilliamella apicola	1196095	S	2	0	2	0.00000
Frischella perrara	1267021	S	2	0	2	0.00000
Dichelobacter nodosus	870	S	1	0	1	0.00000
Salinisphaera sp. LB1	2183911	S	1	0	1	0.00000
Sulfurifustis variabilis	1675686	S	1	0	1	0.00000
Bradyrhizobium sp. PSBB068	2715960	S	6	0	6	0.00000
Bradyrhizobium sp. BTAi1	288000	S	5	0	5	0.00000
Bradyrhizobium sp. CCBAU 51753	1325100	S	5	0	5	0.00000
Bradyrhizobium sp.	376	S	4	2	6	0.00000
Bradyrhizobium sp. CCBAU 051011	858422	S	4	0	4	0.00000
Bradyrhizobium sp. 6(2017)	1197460	S	4	0	4	0.00000
Bradyrhizobium sp. CCBAU 53340	1325112	S	3	0	3	0.00000
Bradyrhizobium sp. SK17	2057741	S	3	0	3	0.00000
Bradyrhizobium sp. CCBAU 51765	1325102	S	3	0	3	0.00000
Bradyrhizobium sp. ORS 285	115808	S	3	0	3	0.00000
Bradyrhizobium sp. CCGE-LA001	1223566	S	2	0	2	0.00000
Bradyrhizobium sp. CCBAU 53338	1325111	S	2	0	2	0.00000
Bradyrhizobium sp. WSM471	319017	S	2	2	4	0.00000
Bradyrhizobium sp. 1(2017)	1404888	S	2	0	2	0.00000
Bradyrhizobium sp. CCBAU 53421	1325120	S	1	0	1	0.00000
Bradyrhizobium erythrophlei	1437360	S	11	0	11	0.00000
Bradyrhizobium diazoefficiens	1355477	S	8	3	11	0.00000
Bradyrhizobium lablabi	722472	S	6	3	9	0.00000
Bradyrhizobium symbiodeficiens	1404367	S	6	0	6	0.00000
Bradyrhizobium paxllaeri	190148	S	5	0	5	0.00000
Bradyrhizobium betae	244734	S	4	0	4	0.00000
Bradyrhizobium oligotrophicum	44255	S	3	0	3	0.00000
Bradyrhizobium genosp. B	83627	S	3	0	3	0.00000
Bradyrhizobium canariense	255045	S	3	0	3	0.00000
Bradyrhizobium amphicarpaeae	1404768	S	3	0	3	0.00000
Bradyrhizobium guangzhouense	1325095	S	3	0	3	0.00000
Bradyrhizobium zhanjiangense	1325107	S	3	0	3	0.00000
Bradyrhizobium icense	1274631	S	2	0	2	0.00000
Bradyrhizobium cosmicum	1404864	S	2	0	2	0.00000
Bradyrhizobium guangdongense	1325090	S	2	0	2	0.00000
Bradyrhizobium arachidis	858423	S	2	0	2	0.00000
Bradyrhizobium genosp. L	83637	S	2	0	2	0.00000
Bradyrhizobium vignae	1549949	S	1	0	1	0.00000
Bradyrhizobium elkanii	29448	S	1	10	11	0.00000
Bosea sp. F3-2	2599640	S	5	1	6	0.00000
Bosea sp. RAC05	1842539	S	4	0	4	0.00000
Bosea sp. Tri-49	1867715	S	3	0	3	0.00000
Bosea sp. PAMC 26642	1792307	S	2	0	2	0.00000
Bosea sp. AS-1	2015316	S	1	0	1	0.00000
Bosea sp. ANAM02	2020412	S	1	0	1	0.00000
Bosea vaviloviae	1526658	S	5	0	5	0.00000
Rhodopseudomonas palustris	1076	S	13	1	14	0.00000
Afipia carboxidovorans	40137	S	4	-4	0	0.00000
Afipia sp. GAS231	1882747	S	2	1	3	0.00000
Tardiphaga robiniae	943830	S	1	0	1	0.00000
Variibacter gotjawalensis	1333996	S	2	0	2	0.00000
Rhizobium leguminosarum	384	S	9	9	18	0.00000
Rhizobium sp. TCK	136098	S	1	3	4	0.00000
Rhizobium sp. NLR16a	2731112	S	1	1	2	0.00000
Rhizobium sp. BG4	2613770	S	1	0	1	0.00000
Rhizobium sp. WL3	2603277	S	1	0	1	0.00000
Rhizobium oryzihabitans	2267833	S	2	1	3	0.00000
Rhizobium flavum	1335061	S	2	1	3	0.00000
Rhizobium daejeonense	240521	S	2	1	3	0.00000
Rhizobium favelukesii	348824	S	2	0	2	0.00000
Rhizobium phaseoli	396	S	1	2	3	0.00000
Rhizobium binae	1138190	S	1	0	1	0.00000
Rhizobium etli	29449	S	1	0	1	0.00000
Rhizobium lusitanum	293958	S	1	0	1	0.00000
Rhizobium pseudoryzae	379684	S	1	0	1	0.00000
Agrobacterium tumefaciens	358	S	4	1	5	0.00000
Agrobacterium fabrum	1176649	S	1	0	1	0.00000
Agrobacterium vitis	373	S	1	0	1	0.00000
Agrobacterium larrymoorei	160699	S	1	0	1	0.00000
Neorhizobium galegae	399	S	2	0	2	0.00000
Neorhizobium sp. SOG26	2060726	S	1	0	1	0.00000
Pseudorhizobium banfieldiae	1125847	S	2	4	6	0.00000
Sinorhizobium sp. RAC02	1842534	S	2	0	2	0.00000
Sinorhizobium sp. BG8	2613773	S	2	0	2	0.00000
Sinorhizobium sp. M14	430451	S	1	2	3	0.00000
Sinorhizobium medicae	110321	S	2	0	2	0.00000
Sinorhizobium fredii	380	S	2	0	2	0.00000
Sinorhizobium americanum	194963	S	1	0	1	0.00000
Ensifer mexicanus	375549	S	3	0	3	0.00000
Ensifer adhaerens	106592	S	2	0	2	0.00000
Ensifer alkalisoli	1752398	S	2	0	2	0.00000
Ensifer sojae	716925	S	1	0	1	0.00000
Kaistia sp. 32K	2795690	S	7	0	7	0.00000
Shinella sp. PSBB067	2715959	S	1	0	1	0.00000
Ciceribacter thiooxidans	1969821	S	1	0	1	0.00000
Georhizobium profundi	2341112	S	1	0	1	0.00000
Methylobacterium sp. 4-46	426117	S	5	0	5	0.00000
Methylobacterium sp. WL1	2603276	S	4	0	4	0.00000
Methylobacterium sp. 17Sr1-43	2202828	S	2	0	2	0.00000
Methylobacterium sp. AMS5	925818	S	1	0	1	0.00000
Methylobacterium sp. 17Sr1-1	2202826	S	1	0	1	0.00000
Methylobacterium aquaticum	270351	S	6	1	7	0.00000
Methylobacterium brachiatum	269660	S	4	1	5	0.00000
Methylobacterium mesophilicum	39956	S	2	0	2	0.00000
Methylobacterium nodulans	114616	S	2	0	2	0.00000
Methylobacterium indicum	1775910	S	2	0	2	0.00000
Methylobacterium terrae	2202827	S	2	0	2	0.00000
Methylobacterium radiotolerans	31998	S	1	4	5	0.00000
Methylobacterium phyllosphaerae	418223	S	1	5	6	0.00000
Methylobacterium durans	2202825	S	1	0	1	0.00000
Methylorubrum extorquens	408	S	7	3	10	0.00000
Methylorubrum populi	223967	S	7	2	9	0.00000
Methylorubrum zatmanii	29429	S	1	1	2	0.00000
Microvirga sp. VF16	2807101	S	2	0	2	0.00000
Microvirga sp. 17 mud 1-3	2082949	S	1	0	1	0.00000
Microvirga ossetica	1882682	S	1	0	1	0.00000
Microvirga thermotolerans	2651334	S	1	0	1	0.00000
Mesorhizobium sp. Pch-S	2082387	S	7	0	7	0.00000
Mesorhizobium sp. N3	675281	S	5	0	5	0.00000
Mesorhizobium sp. M7D.F.Ca.US.005.01.1.1	2493678	S	2	1	3	0.00000
Mesorhizobium sp. M6A.T.Cr.TU.016.01.1.1	2493677	S	1	0	1	0.00000
Mesorhizobium sp. L-8-3	2744522	S	1	4	5	0.00000
Mesorhizobium sp. NBSH29	2654249	S	1	0	1	0.00000
Mesorhizobium sp. INR15	2654248	S	1	0	1	0.00000
Mesorhizobium sp. M8A.F.Ca.ET.057.01.1.1	2493679	S	1	0	1	0.00000
Mesorhizobium sp. M4B.F.Ca.ET.058.02.1.1	2493675	S	1	0	1	0.00000
Mesorhizobium sp. M1B.F.Ca.ET.045.04.1.1	2493673	S	1	0	1	0.00000
Mesorhizobium sp. DCY119	2108445	S	1	0	1	0.00000
Mesorhizobium amorphae	71433	S	3	0	3	0.00000
Mesorhizobium erdmanii	1777866	S	2	1	3	0.00000
Mesorhizobium ciceri	39645	S	1	10	11	0.00000
Mesorhizobium australicum	536018	S	1	1	2	0.00000
Aminobacter sp. SR38	2774562	S	3	7	10	0.00000
Aminobacter sp. MDW-2	2666139	S	1	4	5	0.00000
Oricola thermophila	2742145	S	4	0	4	0.00000
Chelativorans sp. BNC1	266779	S	3	0	3	0.00000
Nitratireductor sp. SY7	2599600	S	2	0	2	0.00000
Phyllobacterium zundukense	1867719	S	1	0	1	0.00000
Hoeflea phototrophica	244596	S	1	0	1	0.00000
Lentilitoribacter sp. Alg239-R112	2305987	S	1	0	1	0.00000
Hyphomicrobium sp. MC1	717785	S	4	0	4	0.00000
Hyphomicrobium denitrificans	53399	S	3	0	3	0.00000
Devosia sp. A16	1736675	S	3	0	3	0.00000
Devosia sp. LEGU1	2774137	S	2	0	2	0.00000
Devosia ginsengisoli	400770	S	1	0	1	0.00000
Methyloceanibacter caenitepidi	1384459	S	1	0	1	0.00000
Methyloceanibacter sp. wino2	2170729	S	1	1	2	0.00000
Rhodoplanes piscinae	444923	S	2	0	2	0.00000
Rhodoplanes sp. Z2-YC6860	674703	S	1	0	1	0.00000
Rhodomicrobium vannielii	1069	S	2	0	2	0.00000
Blastochloris tepida	2233851	S	2	0	2	0.00000
Aquabacter sp. L1I39	2820278	S	1	0	1	0.00000
Pelagibacterium halotolerans	531813	S	1	0	1	0.00000
Youhaiella tibetensis	1447062	S	1	0	1	0.00000
Xanthobacter sp. YN2	2528964	S	5	1	6	0.00000
Starkeya novella	921	S	3	0	3	0.00000
Pseudolabrys taiwanensis	331696	S	2	0	2	0.00000
Pseudolabrys sp. FHR47	2562284	S	1	0	1	0.00000
Ancylobacter pratisalsi	1745854	S	1	0	1	0.00000
Labrys sp. KNU-23	2789216	S	1	0	1	0.00000
Martelella lutilitoris	2583532	S	2	2	4	0.00000
Martelella mediterranea	293089	S	1	0	1	0.00000
Martelella endophytica	1486262	S	1	0	1	0.00000
Martelella sp. AD-3	686597	S	1	1	2	0.00000
Aureimonas sp. AU20	1349819	S	1	0	1	0.00000
Aureimonas sp. OT7	2816454	S	1	0	1	0.00000
Aureimonas populi	1701758	S	1	0	1	0.00000
Methylocystis heyeri	391905	S	2	0	2	0.00000
Methylocystis parvus	134	S	1	0	1	0.00000
Methylocystis rosea	173366	S	1	0	1	0.00000
Methylocystis bryophila	655015	S	1	0	1	0.00000
Methylosinus sp. C49	2699395	S	3	0	3	0.00000
Pseudorhodoplanes sinuspersici	1235591	S	3	0	3	0.00000
Nordella sp. HKS 07	2712222	S	2	0	2	0.00000
Candidatus Hodgkinia cicadicola	573658	S	2	0	2	0.00000
Hartmannibacter diazotrophicus	1482074	S	2	0	2	0.00000
Brucella melitensis	29459	S	1	10	11	0.00000
[Ochrobactrum] quorumnocens	271865	S	1	0	1	0.00000
Brucella sp. 10RB9215	1149953	S	1	0	1	0.00000
Ochrobactrum sp. MT180101	2726427	S	1	2	3	0.00000
Pannonibacter phragmitetus	121719	S	3	1	4	0.00000
Stappia indica	538381	S	2	0	2	0.00000
Labrenzia sp. THAF82	2587861	S	1	0	1	0.00000
Bartonella krasnovii	2267275	S	1	0	1	0.00000
Bartonella ancashensis	1318743	S	1	0	1	0.00000
Bartonella australis	388640	S	1	0	1	0.00000
Bartonella bovis	155194	S	1	0	1	0.00000
Methylovirgula ligni	569860	S	1	0	1	0.00000
Candidatus Phaeomarinobacter ectocarpi	1458461	S	1	0	1	0.00000
Sphingomonas sp. NBWT7	2596913	S	8	1	9	0.00000
Sphingomonas sp. XS-10	2599297	S	7	0	7	0.00000
Sphingomonas sp. AAP5	1523415	S	6	1	7	0.00000
Sphingomonas sp. DH-S5	2759526	S	4	0	4	0.00000
Sphingomonas sp. LMO-1	2681549	S	4	0	4	0.00000
Sphingomonas sp. CL5.1	2653203	S	4	0	4	0.00000
Sphingomonas sp. C33	2698679	S	3	0	3	0.00000
Sphingomonas sp. MK52	2711156	S	2	0	2	0.00000
Sphingomonas sp. PAMC26645	2565555	S	2	0	2	0.00000
Sphingomonas sp. LM7	1938607	S	2	0	2	0.00000
Sphingomonas sp. HMP6	1517551	S	2	0	2	0.00000
Sphingomonas sp. IC081	304378	S	2	4	6	0.00000
Sphingomonas sp. HMP9	1517554	S	1	0	1	0.00000
Sphingomonas sp. KC8	1030157	S	1	0	1	0.00000
Sphingomonas sp. MM-1	745310	S	1	0	1	0.00000
Sphingomonas sp. NIC1	1961362	S	1	1	2	0.00000
Sphingomonas sp. FARSPH	2219696	S	1	0	1	0.00000
Sphingomonas sp. YZ-8	2319844	S	1	0	1	0.00000
Sphingomonas sp. C8-2	2492837	S	1	0	1	0.00000
Sphingomonas alpina	653931	S	11	0	11	0.00000
Sphingomonas koreensis	93064	S	8	4	12	0.00000
Sphingomonas panacisoli	1813879	S	8	0	8	0.00000
Sphingomonas melonis	152682	S	7	12	19	0.00000
Sphingomonas hengshuiensis	1609977	S	6	0	6	0.00000
Sphingomonas sanxanigenens	397260	S	5	1	6	0.00000
Sphingomonas insulae	424800	S	5	0	5	0.00000
Sphingomonas taxi	1549858	S	5	0	5	0.00000
Sphingomonas paucimobilis	13689	S	4	1	5	0.00000
Sphingomonas lacunae	2698828	S	3	0	3	0.00000
Sphingomonas panacis	1560345	S	2	0	2	0.00000
Sphingomonas wittichii	160791	S	1	0	1	0.00000
Sphingomonas sediminicola	386874	S	1	0	1	0.00000
Sphingomonas lutea	1045317	S	1	0	1	0.00000
Sphingomonas daechungensis	1176646	S	1	0	1	0.00000
Sphingomonas rhizophila	2071607	S	1	0	1	0.00000
Sphingomonas xanthus	2594473	S	1	0	1	0.00000
Sphingobium sp. TKS	1315974	S	3	3	6	0.00000
Sphingobium sp. RSMS	520734	S	2	5	7	0.00000
Sphingobium sp. RAC03	1843368	S	2	0	2	0.00000
Sphingobium sp. YG1	2082188	S	2	0	2	0.00000
Sphingobium sp. CAP-1	2676077	S	2	1	3	0.00000
Sphingobium sp. SYK-6	627192	S	1	0	1	0.00000
Sphingobium sp. EP60837	1855519	S	1	0	1	0.00000
Sphingobium sp. SCG-1	2072936	S	1	0	1	0.00000
Sphingobium sp. KCTC 72723	2733867	S	1	0	1	0.00000
Sphingobium sp. Cam5-1	2789327	S	1	0	1	0.00000
Sphingobium yanoikuyae	13690	S	12	12	24	0.00000
Sphingobium amiense	135719	S	6	7	13	0.00000
Sphingobium hydrophobicum	1673076	S	5	3	8	0.00000
Sphingobium chlorophenolicum	46429	S	4	1	5	0.00000
Sphingobium herbicidovorans	76947	S	2	0	2	0.00000
Sphingobium cloacae	120107	S	1	1	2	0.00000
Sphingobium japonicum	332056	S	1	0	1	0.00000
Sphingobium baderi	1332080	S	1	1	2	0.00000
Sphingopyxis sp. QXT-31	1357916	S	5	1	6	0.00000
Sphingopyxis sp. FD7	1914525	S	4	1	5	0.00000
Sphingopyxis sp. PAMC25046	2565556	S	3	0	3	0.00000
Sphingopyxis sp. 113P3	292913	S	2	0	2	0.00000
Sphingopyxis sp. EG6	1874061	S	2	0	2	0.00000
Sphingopyxis sp. MG	1866325	S	1	2	3	0.00000
Sphingopyxis fribergensis	1515612	S	6	0	6	0.00000
Sphingopyxis lindanitolerans	2054227	S	4	0	4	0.00000
Sphingopyxis terrae	33052	S	3	0	3	0.00000
Sphingopyxis alaskensis	117207	S	3	0	3	0.00000
Sphingopyxis macrogoltabida	33050	S	2	0	2	0.00000
Novosphingobium sp. ABRDHK2	2571749	S	9	2	11	0.00000
Novosphingobium sp. ES2-1	2780074	S	5	0	5	0.00000
Novosphingobium sp. THN1	1016987	S	3	0	3	0.00000
Novosphingobium sp. P6W	1609758	S	3	0	3	0.00000
Novosphingobium sp. Gsoil 351	2675225	S	3	0	3	0.00000
Novosphingobium sp. PP1Y	702113	S	2	0	2	0.00000
Novosphingobium sp. KA1	164608	S	1	1	2	0.00000
Novosphingobium aromaticivorans	48935	S	4	0	4	0.00000
Novosphingobium resinovorum	158500	S	4	1	5	0.00000
Novosphingobium pentaromativorans	205844	S	3	1	4	0.00000
Novosphingobium ginsenosidimutans	1176536	S	2	0	2	0.00000
Sphingorhabdus lacus	392610	S	12	0	12	0.00000
Sphingorhabdus sp. YGSMI21	2077182	S	1	0	1	0.00000
Sphingorhabdus sp. SMR4y	2584094	S	1	0	1	0.00000
Blastomonas fulva	1550728	S	2	3	5	0.00000
Blastomonas sp. RAC04	1842535	S	2	2	4	0.00000
Zymomonas mobilis	542	S	2	1	3	0.00000
Tardibacter chloracetimidivorans	1921510	S	2	1	3	0.00000
Parasphingorhabdus sp. JHSY0214	2806553	S	2	0	2	0.00000
Parasphingopyxis sp. CP4	2724527	S	1	0	1	0.00000
Rhizorhabdus dicambivorans	1850238	S	1	0	1	0.00000
Sphingosinithalassobacter sp. CS137	2762748	S	1	0	1	0.00000
Novosphingopyxis sp. PB63	2762729	S	1	0	1	0.00000
Erythrobacter sp. HL-111	1798193	S	3	0	3	0.00000
Erythrobacter sp. 6D36	2782568	S	2	0	2	0.00000
Erythrobacter sp. A30-3	2785907	S	2	1	3	0.00000
Erythrobacter sp. HKB08	2502843	S	1	0	1	0.00000
Erythrobacter litoralis	39960	S	4	0	4	0.00000
Erythrobacter aureus	2182384	S	2	0	2	0.00000
Erythrobacter mangrovi	2739433	S	2	0	2	0.00000
Erythrobacter neustonensis	1112	S	1	0	1	0.00000
Porphyrobacter sp. LM 6	1896196	S	6	2	8	0.00000
Porphyrobacter sp. YT40	2547601	S	4	3	7	0.00000
Porphyrobacter sp. CACIAM 03H1	2003315	S	1	0	1	0.00000
Porphyrobacter sp. HT-58-2	2023229	S	1	0	1	0.00000
Croceicoccus marinus	450378	S	6	1	7	0.00000
Croceicoccus naphthovorans	1348774	S	3	3	6	0.00000
Tsuneonella flava	2055955	S	3	0	3	0.00000
Tsuneonella amylolytica	2338327	S	2	0	2	0.00000
Tsuneonella dongtanensis	692370	S	1	0	1	0.00000
Tsuneonella mangrovi	1982042	S	1	0	1	0.00000
Altererythrobacter sp. TH136	2067415	S	2	0	2	0.00000
Altererythrobacter epoxidivorans	361183	S	1	0	1	0.00000
Altererythrobacter ishigakiensis	476157	S	1	0	1	0.00000
Pelagerythrobacter marensis	543877	S	3	0	3	0.00000
Qipengyuania seohaensis	266951	S	1	0	1	0.00000
Paraurantiacibacter namhicola	645517	S	1	0	1	0.00000
Sandaracinobacter sp. M6	2759707	S	4	0	4	0.00000
Sphingosinicella microcystinivorans	335406	S	2	0	2	0.00000
Sphingosinicella sp. BN140058	1892855	S	1	0	1	0.00000
Paracoccus jeotgali	2065379	S	3	0	3	0.00000
Paracoccus sp. Arc7-R13	2500532	S	3	0	3	0.00000
Paracoccus sanguinis	1545044	S	2	0	2	0.00000
Paracoccus zhejiangensis	1077935	S	2	0	2	0.00000
Paracoccus yeei	147645	S	2	1	3	0.00000
Paracoccus aminophilus	34003	S	1	0	1	0.00000
Paracoccus suum	2259340	S	1	0	1	0.00000
Paracoccus mutanolyticus	1499308	S	1	1	2	0.00000
Paracoccus kondratievae	135740	S	1	0	1	0.00000
Paracoccus pantotrophus	82367	S	1	0	1	0.00000
Paracoccus aminovorans	34004	S	1	0	1	0.00000
Phaeobacter inhibens	221822	S	3	1	4	0.00000
Phaeobacter gallaeciensis	60890	S	2	1	3	0.00000
Phaeobacter piscinae	1580596	S	2	1	3	0.00000
Phaeobacter porticola	1844006	S	1	0	1	0.00000
Tabrizicola piscis	2494374	S	9	0	9	0.00000
Rhodobacter capsulatus	1061	S	4	0	4	0.00000
Rhodobacter blasticus	1075	S	2	0	2	0.00000
Rhodobacter sp. CZR27	2033869	S	1	0	1	0.00000
Cereibacter sphaeroides	1063	S	7	0	7	0.00000
Roseovarius sp. THAF9	2587847	S	2	2	4	0.00000
Roseovarius indicus	540747	S	1	1	2	0.00000
Roseovarius faecimaris	2494550	S	1	0	1	0.00000
Sulfitobacter sp. BSw21498	664426	S	1	0	1	0.00000
Sulfitobacter sp. SK025	1389011	S	1	0	1	0.00000
Sulfitobacter sp. AM1-D1	1917485	S	1	0	1	0.00000
Sulfitobacter mediterraneus	83219	S	2	0	2	0.00000
Sulfitobacter pseudonitzschiae	1402135	S	1	0	1	0.00000
Leisingera methylohalidivorans	133924	S	3	0	3	0.00000
Leisingera aquaemixtae	1396826	S	1	0	1	0.00000
Yoonia vestfoldensis	245188	S	4	1	5	0.00000
Celeribacter indicus	1208324	S	3	1	4	0.00000
Celeribacter baekdonensis	875171	S	1	0	1	0.00000
Rhodobaca barguzinensis	441209	S	4	0	4	0.00000
Ruegeria sp. TM1040	292414	S	2	0	2	0.00000
Ruegeria sp. AD91A	2293862	S	1	0	1	0.00000
Ruegeria sp. THAF33	2587853	S	1	0	1	0.00000
Mameliella alba	561184	S	3	0	3	0.00000
Defluviimonas alba	1335048	S	3	0	3	0.00000
Rhodovulum sulfidophilum	35806	S	1	1	2	0.00000
Rhodovulum sp. P5	1564506	S	1	0	1	0.00000
Marinovum algicola	42444	S	3	1	4	0.00000
Boseongicola sp. CCM32	2552942	S	2	0	2	0.00000
Sagittula sp. P11	2009329	S	2	1	3	0.00000
Oceanicola sp. D3	2587163	S	2	0	2	0.00000
Salipiger pacificus	311180	S	1	0	1	0.00000
Salipiger profundus	1229727	S	1	0	1	0.00000
Silicimonas algicola	1826607	S	2	0	2	0.00000
Roseicitreum antarcticum	564137	S	1	0	1	0.00000
Polymorphum gilvum	991904	S	1	0	1	0.00000
Epibacterium mobile	379347	S	1	0	1	0.00000
Tateyamaria omphalii	299262	S	1	0	1	0.00000
Roseobacter denitrificans	2434	S	1	0	1	0.00000
Octadecabacter arcticus	53946	S	1	0	1	0.00000
Antarctobacter heliothermus	74033	S	1	0	1	0.00000
Paraoceanicella profunda	2579971	S	1	0	1	0.00000
Jannaschia sp. CCS1	290400	S	1	0	1	0.00000
Pelagibaca abyssi	1250539	S	1	0	1	0.00000
Roseibacterium elongatum	159346	S	1	0	1	0.00000
Roseomonas sp. 1318	2768161	S	2	0	2	0.00000
Roseomonas sp. 546	2768162	S	2	0	2	0.00000
Roseomonas sp. FDAARGOS_362	2018065	S	1	4	5	0.00000
Roseomonas gilardii	257708	S	3	0	3	0.00000
Roseomonas mucosa	207340	S	1	5	6	0.00000
Komagataeibacter oboediens	65958	S	3	0	3	0.00000
Komagataeibacter hansenii	436	S	1	0	1	0.00000
Komagataeibacter xylinus	28448	S	1	0	1	0.00000
Komagataeibacter nataicola	265960	S	1	0	1	0.00000
Acetobacter aceti	435	S	2	0	2	0.00000
Acetobacter oryzoeni	2500548	S	1	0	1	0.00000
Roseococcus sp. NIBR12	2771361	S	4	0	4	0.00000
Lichenicola cladoniae	1484109	S	2	0	2	0.00000
Acidiphilium cryptum	524	S	1	1	2	0.00000
Granulibacter bethesdensis	364410	S	1	0	1	0.00000
Oecophyllibacter saccharovorans	2558360	S	1	0	1	0.00000
Swingsia samuiensis	1293412	S	1	0	1	0.00000
Commensalibacter sp. ESL0284	2070537	S	1	0	1	0.00000
Stella humosa	94	S	1	0	1	0.00000
Azospirillum humicireducens	1226968	S	6	1	7	0.00000
Azospirillum lipoferum	193	S	4	0	4	0.00000
Azospirillum ramasamyi	682998	S	3	0	3	0.00000
Azospirillum brasilense	192	S	2	0	2	0.00000
Azospirillum thiophilum	528244	S	2	0	2	0.00000
Azospirillum thermophilum	2202148	S	2	0	2	0.00000
Azospirillum oryzae	286727	S	1	0	1	0.00000
Azospirillum sp. TSH100	652764	S	1	0	1	0.00000
Magnetospirillum magneticum	84159	S	3	0	3	0.00000
Magnetospirillum gryphiswaldense	55518	S	2	0	2	0.00000
Magnetospirillum sp. XM-1	1663591	S	1	0	1	0.00000
Nitrospirillum amazonense	28077	S	3	0	3	0.00000
Tistrella mobilis	171437	S	2	0	2	0.00000
Skermanella sp. TT6	2775420	S	2	1	3	0.00000
Ferrovibrio terrae	2594003	S	1	0	1	0.00000
Indioceanicola profundi	2220096	S	1	0	1	0.00000
Hypericibacter terrae	2602015	S	1	0	1	0.00000
Caulobacter vibrioides	155892	S	8	0	8	0.00000
Caulobacter sp. FWC26	69665	S	5	0	5	0.00000
Caulobacter sp. K31	366602	S	2	0	2	0.00000
Caulobacter flavus	1679497	S	4	0	4	0.00000
Caulobacter henricii	69395	S	2	0	2	0.00000
Caulobacter mirabilis	69666	S	2	0	2	0.00000
Caulobacter rhizosphaerae	2010972	S	1	0	1	0.00000
Brevundimonas sp. LVF1	2774189	S	2	0	2	0.00000
Brevundimonas sp. GRTSA-9	2800818	S	2	0	2	0.00000
Brevundimonas sp. CS1	2813778	S	2	1	3	0.00000
Brevundimonas sp. GW460-12-10-14-LB2	1827469	S	1	1	2	0.00000
Brevundimonas sp. LM2	1938605	S	1	0	1	0.00000
Brevundimonas sp. MF30-B	2561924	S	1	0	1	0.00000
Brevundimonas sp. 'scallop'	2562582	S	1	1	2	0.00000
Brevundimonas sp. AJA228-03	2752515	S	1	0	1	0.00000
Brevundimonas sp. LVF2	2774190	S	1	0	1	0.00000
Brevundimonas diminuta	293	S	2	3	5	0.00000
Brevundimonas subvibrioides	74313	S	1	0	1	0.00000
Brevundimonas naejangsanensis	588932	S	1	0	1	0.00000
Phenylobacterium zucineum	284016	S	7	0	7	0.00000
Phenylobacterium parvum	2201350	S	2	0	2	0.00000
Terricaulis silvestris	2686094	S	5	0	5	0.00000
Asticcacaulis excentricus	78587	S	1	0	1	0.00000
Rickettsia amblyommatis	33989	S	1	3	4	0.00000
Rickettsia endosymbiont of Bemisia tabaci	337479	S	1	0	1	0.00000
Rickettsia sp. Tillamook 23	2761623	S	1	0	1	0.00000
Rickettsia prowazekii	782	S	1	0	1	0.00000
Rickettsia canadensis	788	S	1	-1	0	0.00000
Orientia tsutsugamushi	784	S	3	0	3	0.00000
Candidatus Phycorickettsia trachydisci	2115978	S	2	0	2	0.00000
Ehrlichia ruminantium	779	S	1	0	1	0.00000
Ehrlichia chaffeensis	945	S	1	-1	0	0.00000
Ehrlichia muris	35795	S	1	0	1	0.00000
Ehrlichia sp. HF	391036	S	1	0	1	0.00000
Wolbachia endosymbiont of Ctenocephalides felis wCfeJ	2732594	S	1	0	1	0.00000
Wolbachia endosymbiont of Cruorifilaria tuberocauda	1812111	S	1	0	1	0.00000
Rickettsiales endosymbiont of Stachyamoeba lipophora	2486578	S	1	0	1	0.00000
Phreatobacter stygius	1940610	S	3	0	3	0.00000
Phreatobacter cathodiphilus	1868589	S	2	0	2	0.00000
Candidatus Puniceispirillum marinum	767892	S	3	0	3	0.00000
Micavibrio aeruginosavorus	349221	S	1	0	1	0.00000
Candidatus Pelagibacter giovannonii	2563896	S	2	0	2	0.00000
Candidatus Pelagibacter sp. FZCC0015	2268451	S	2	0	2	0.00000
Candidatus Fonsibacter ubiquis	1925548	S	2	0	2	0.00000
Marinicauda algicola	2029849	S	4	0	4	0.00000
Maricaulis maris	74318	S	1	0	1	0.00000
Hyphobacterium sp. CCMP332	2749086	S	1	0	1	0.00000
endosymbiont of Acanthamoeba sp. UWC8	86106	S	1	0	1	0.00000
Candidatus Nucleicultrix amoebiphila	1509244	S	1	0	1	0.00000
Hyphomonas sp. CACIAM 19H1	1873716	S	1	0	1	0.00000
Hyphomonas sp. KY3	2016196	S	1	0	1	0.00000
Parvularcula bermudensis	208216	S	1	0	1	0.00000
Magnetococcus marinus	1124597	S	1	0	1	0.00000
Sorangium cellulosum	56	S	29	2	31	0.00000
Chondromyces crocatus	52	S	2	0	2	0.00000
Minicystis rosea	888845	S	9	0	9	0.00000
Labilithrix luteola	1391654	S	7	0	7	0.00000
Sandaracinus amylolyticus	927083	S	1	0	1	0.00000
Myxococcus sp. SCHIC003	2813577	S	5	1	6	0.00000
Myxococcus xanthus	34	S	4	0	4	0.00000
Myxococcus stipitatus	83455	S	1	0	1	0.00000
Corallococcus coralloides	184914	S	3	0	3	0.00000
Corallococcus macrosporus	35	S	2	0	2	0.00000
Pyxidicoccus sp. SCPEA002	2813578	S	5	0	5	0.00000
Archangium gephyra	48	S	2	0	2	0.00000
Archangium violaceum	83451	S	2	0	2	0.00000
Stigmatella aurantiaca	41	S	2	0	2	0.00000
Cystobacter fuscus	43	S	2	0	2	0.00000
Melittangium boletus	83453	S	1	0	1	0.00000
Anaeromyxobacter dehalogenans	161493	S	2	3	5	0.00000
Anaeromyxobacter sp. Fw109-5	404589	S	2	0	2	0.00000
Haliangium ochraceum	80816	S	1	0	1	0.00000
Desulfonema magnum	45655	S	9	0	9	0.00000
Desulfobacula toluolica	28223	S	2	0	2	0.00000
Desulfococcus oleovorans	181663	S	1	0	1	0.00000
Desulfobacterium autotrophicum	2296	S	1	0	1	0.00000
Desulfosarcina ovata	83564	S	1	0	1	0.00000
Desulfatibacillum aliphaticivorans	218208	S	1	0	1	0.00000
Desulfobulbus propionicus	894	S	2	0	2	0.00000
Desulfobulbus oralis	1986146	S	1	1	2	0.00000
Desulfopila sp. IMCC35005	2569541	S	1	0	1	0.00000
Desulfovibrio marinus	370038	S	2	0	2	0.00000
Desulfovibrio vulgaris	881	S	1	-1	0	0.00000
Desulfovibrio carbinoliphilus	345370	S	1	0	1	0.00000
Desulfocurvibacter africanus	873	S	2	0	2	0.00000
Desulfomicrobium orale	132132	S	1	1	2	0.00000
Desulfohalobium retbaense	45663	S	1	0	1	0.00000
Geobacter daltonii	1203471	S	3	0	3	0.00000
Geobacter lovleyi	313985	S	1	0	1	0.00000
Syntrophotalea carbinolica	19	S	2	0	2	0.00000
Desulfuromonas sp. DDH964	1823759	S	1	0	1	0.00000
Persicimonas caeni	2292766	S	5	1	6	0.00000
Desulfobacca acetoxidans	60893	S	2	0	2	0.00000
Hippea maritima	84405	S	1	0	1	0.00000
Campylobacter sp. RM6137	1660073	S	2	0	2	0.00000
Campylobacter sp. RM8964	1660074	S	1	0	1	0.00000
Campylobacter sp. RM6914	1032243	S	1	0	1	0.00000
Campylobacter blaseri	2042961	S	4	0	4	0.00000
Campylobacter armoricus	2505970	S	3	0	3	0.00000
Campylobacter fetus	196	S	2	0	2	0.00000
Campylobacter iguaniorum	1244531	S	2	0	2	0.00000
Campylobacter lanienae	75658	S	2	0	2	0.00000
Campylobacter showae	204	S	2	0	2	0.00000
Campylobacter jejuni	197	S	2	1	3	0.00000
Campylobacter coli	195	S	1	0	1	0.00000
Campylobacter lari	201	S	1	0	1	0.00000
Campylobacter ureolyticus	827	S	1	0	1	0.00000
Campylobacter hyointestinalis	198	S	1	0	1	0.00000
Campylobacter pinnipediorum	1965231	S	1	0	1	0.00000
Campylobacter hominis	76517	S	1	0	1	0.00000
Campylobacter hepaticus	1813019	S	1	0	1	0.00000
Campylobacter geochelonis	1780362	S	1	0	1	0.00000
Campylobacter mucosalis	202	S	1	0	1	0.00000
Aliarcobacter cryaerophilus	28198	S	3	0	3	0.00000
Aliarcobacter lanthieri	1355374	S	3	0	3	0.00000
Aliarcobacter butzleri	28197	S	2	0	2	0.00000
Aliarcobacter skirrowii	28200	S	2	0	2	0.00000
[Arcobacter] porcinus	1935204	S	1	0	1	0.00000
Arcobacter nitrofigilis	28199	S	2	0	2	0.00000
Arcobacter anaerophilus	877500	S	2	0	2	0.00000
Arcobacter cloacae	1054034	S	2	0	2	0.00000
Arcobacter defluvii	873191	S	1	0	1	0.00000
Arcobacter venerupis	1054033	S	1	0	1	0.00000
Arcobacter suis	1278212	S	1	0	1	0.00000
Malaciobacter halophilus	197482	S	1	0	1	0.00000
Malaciobacter marinus	505249	S	1	0	1	0.00000
Malaciobacter pacificus	1080223	S	1	0	1	0.00000
Halarcobacter ebronensis	1462615	S	2	0	2	0.00000
Poseidonibacter lekithochrous	1904463	S	2	0	2	0.00000
Pseudoarcobacter acticola	1849015	S	1	0	1	0.00000
Sulfurospirillum sp. UCH001	1581011	S	1	3	4	0.00000
Sulfurospirillum deleyianum	65553	S	2	0	2	0.00000
Helicobacter pylori	210	S	5	0	5	0.00000
Helicobacter typhlonius	76936	S	3	0	3	0.00000
Helicobacter acinonychis	212	S	2	0	2	0.00000
Helicobacter cholecystus	45498	S	1	0	1	0.00000
Helicobacter cetorum	138563	S	1	0	1	0.00000
Helicobacter apodemus	135569	S	1	0	1	0.00000
Helicobacter canadensis	123841	S	1	0	1	0.00000
Helicobacter bilis	37372	S	1	0	1	0.00000
Helicobacter canis	29419	S	1	0	1	0.00000
Helicobacter cinaedi	213	S	1	0	1	0.00000
Sulfurimonas sp. B2	2590551	S	2	0	2	0.00000
Sulfurimonas sp. NW10	2509341	S	1	0	1	0.00000
Sulfurimonas denitrificans	39766	S	2	0	2	0.00000
Sulfurimonas autotrophica	202747	S	1	0	1	0.00000
Candidatus Sulfurimonas baltica	2740404	S	1	0	1	0.00000
Hydrogenimonas urashimensis	2740515	S	2	0	2	0.00000
Nitrosophilus alvini	2714855	S	1	0	1	0.00000
Caminibacter mediatlanticus	291048	S	1	0	1	0.00000
Bdellovibrio bacteriovorus	959	S	2	0	2	0.00000
Bdellovibrio sp. NC01	2220073	S	1	0	1	0.00000
Bdellovibrio sp. KM01	2748865	S	1	0	1	0.00000
Bdellovibrio exovorus	453816	S	1	0	1	0.00000
Silvanigrella aquatica	1915309	S	2	0	2	0.00000
Halobacteriovorax marinus	97084	S	2	0	2	0.00000
Acidithiobacillus ferrooxidans	920	S	1	0	1	0.00000
Cutibacterium acnes	1747	S	1137	82	1219	0.00001
Cutibacterium granulosum	33011	S	10	0	10	0.00000
Cutibacterium avidum	33010	S	3	0	3	0.00000
Propionibacterium sp. oral taxon 193	671223	S	33	0	33	0.00000
Propionibacterium australiense	119981	S	1	0	1	0.00000
Propionibacterium acidifaciens	556499	S	1	0	1	0.00000
Microlunatus sagamiharensis	546874	S	2	0	2	0.00000
Microlunatus sp. Gsoil 973	2672569	S	2	0	2	0.00000
Microlunatus phosphovorus	29405	S	1	0	1	0.00000
Tessaracoccus defluvii	1285901	S	2	1	3	0.00000
Tessaracoccus timonensis	2161816	S	1	0	1	0.00000
Propionimicrobium sp. Marseille-P3275	1871034	S	2	0	2	0.00000
Propioniciclava sp. HDW11	2714937	S	1	0	1	0.00000
Auraticoccus monumenti	675864	S	1	0	1	0.00000
Acidipropionibacterium acidipropionici	1748	S	1	0	1	0.00000
Pseudopropionibacterium propionicum	1750	S	1	0	1	0.00000
Nocardioides sp. S5	2017486	S	6	2	8	0.00000
Nocardioides sp. HDW12B	2714939	S	4	0	4	0.00000
Nocardioides sp. S-713	2760089	S	3	0	3	0.00000
Nocardioides sp. MC1495	2736757	S	3	0	3	0.00000
Nocardioides sp. JS614	196162	S	1	0	1	0.00000
Nocardioides sp. zg-579	2663857	S	1	0	1	0.00000
Nocardioides sp. JQ2195	2592334	S	1	0	1	0.00000
Nocardioides sp. S-1144	2582905	S	1	0	1	0.00000
Nocardioides sp. 603	2483798	S	1	0	1	0.00000
Nocardioides sp. CF8	110319	S	1	0	1	0.00000
Nocardioides marinisabuli	419476	S	2	0	2	0.00000
Nocardioides humi	449461	S	2	0	2	0.00000
Nocardioides euryhalodurans	2518370	S	2	0	2	0.00000
Nocardioides cynanchi	2558918	S	2	0	2	0.00000
Nocardioides aromaticivorans	200618	S	1	0	1	0.00000
Nocardioides daphniae	402297	S	1	0	1	0.00000
Nocardioides mesophilus	433659	S	1	0	1	0.00000
Nocardioides dokdonensis	450734	S	1	0	1	0.00000
Nocardioides seonyuensis	2518371	S	1	0	1	0.00000
Nocardioides anomalus	2712223	S	1	0	1	0.00000
Aeromicrobium sp. A1-2	2107713	S	2	0	2	0.00000
Aeromicrobium sp. zg-629	2663859	S	2	0	2	0.00000
Aeromicrobium erythreum	2041	S	3	0	3	0.00000
Aeromicrobium chenweiae	2079793	S	3	1	4	0.00000
Aeromicrobium marinum	219314	S	2	0	2	0.00000
Aeromicrobium choanae	1736691	S	1	0	1	0.00000
Aeromicrobium yanjiei	2662028	S	1	0	1	0.00000
Mumia sp. ZJ1417	2708082	S	2	0	2	0.00000
Pimelobacter simplex	2045	S	1	0	1	0.00000
Micropruina glycogenica	75385	S	1	0	1	0.00000
Kribbella flavida	182640	S	2	0	2	0.00000
Kribbella qitaiheensis	1544730	S	1	0	1	0.00000
Rothia amarae	169480	S	658	57	715	0.00000
Rothia kristinae	37923	S	4	0	4	0.00000
Rothia mucilaginosa	43675	S	3	0	3	0.00000
Rothia terrae	396015	S	3	0	3	0.00000
Rothia nasimurium	85336	S	2	0	2	0.00000
Rothia dentocariosa	2047	S	1	0	1	0.00000
Arthrobacter sp. D5-1	1477518	S	4	0	4	0.00000
Arthrobacter sp. FB24	290399	S	3	0	3	0.00000
Arthrobacter sp. ZXY-2	1806905	S	2	5	7	0.00000
Arthrobacter sp. PAMC 25486	1494608	S	1	0	1	0.00000
Arthrobacter sp. UKPF54-2	2600159	S	1	0	1	0.00000
Arthrobacter sp. 24S4-2	2575374	S	1	0	1	0.00000
Arthrobacter sp. U41	1849032	S	1	0	1	0.00000
Arthrobacter sp. NEB 688	904039	S	1	0	1	0.00000
Arthrobacter sp. J3.40	347209	S	1	0	1	0.00000
Arthrobacter crystallopoietes	37928	S	3	0	3	0.00000
Arthrobacter alpinus	656366	S	2	2	4	0.00000
Arthrobacter agilis	37921	S	1	0	1	0.00000
Arthrobacter dokdonellae	2211210	S	1	0	1	0.00000
Micrococcus luteus	1270	S	10	2	12	0.00000
Micrococcus sp. KBS0714	1179670	S	2	3	5	0.00000
Paenarthrobacter sp. YJN-D	2735317	S	13	1	14	0.00000
Paenarthrobacter ureafaciens	37931	S	1	0	1	0.00000
Kocuria rhizophila	72000	S	4	0	4	0.00000
Kocuria palustris	71999	S	3	0	3	0.00000
Kocuria flava	446860	S	2	0	2	0.00000
Kocuria sp. BT304	1702043	S	1	0	1	0.00000
Kocuria sp. KD4	2719588	S	1	0	1	0.00000
Kocuria varians	1272	S	1	0	1	0.00000
Kocuria rosea	1275	S	1	0	1	0.00000
Glutamicibacter protophormiae	37930	S	1	0	1	0.00000
Glutamicibacter creatinolyticus	162496	S	1	0	1	0.00000
Glutamicibacter arilaitensis	256701	S	1	0	1	0.00000
Glutamicibacter mishrai	1775880	S	1	0	1	0.00000
Glutamicibacter halophytocola	1933880	S	1	0	1	0.00000
Pseudarthrobacter sp. NIBRBAC000502772	2590775	S	2	0	2	0.00000
Pseudarthrobacter sp. BIM B-2242	2772401	S	1	0	1	0.00000
Pseudarthrobacter equi	728066	S	2	0	2	0.00000
Pseudarthrobacter sulfonivorans	121292	S	1	0	1	0.00000
Sinomonas atrocyanea	37927	S	3	0	3	0.00000
Sinomonas sp. R1AF57	2020377	S	1	0	1	0.00000
Auritidibacter sp. NML130574	2170745	S	2	0	2	0.00000
Nesterenkonia sp. NBAIMH1	2600320	S	1	0	1	0.00000
Citricoccus sp. SGAir0253	2567881	S	1	0	1	0.00000
Zhihengliuella sp. ISTPL4	2058657	S	1	0	1	0.00000
Microbacterium sp. PM5	2014534	S	33	4	37	0.00000
Microbacterium sp. 4R-513	2567934	S	4	0	4	0.00000
Microbacterium sp. WY121	2782168	S	4	0	4	0.00000
Microbacterium sp. TPU 3598	1938334	S	4	1	5	0.00000
Microbacterium sp. NY27	2782169	S	3	0	3	0.00000
Microbacterium sp. A18JL241	2782166	S	2	0	2	0.00000
Microbacterium sp. No. 7	1714373	S	2	0	2	0.00000
Microbacterium sp. ABRD_28	2268461	S	2	0	2	0.00000
Microbacterium sp. CBA3102	2603598	S	2	0	2	0.00000
Microbacterium sp. JZ31	1906274	S	1	0	1	0.00000
Microbacterium sp. A18JL200	2782167	S	1	0	1	0.00000
Microbacterium sp. Y-01	2048898	S	1	0	1	0.00000
Microbacterium sp. YJN-G	2763257	S	1	0	1	0.00000
Microbacterium sp. Se63.02b	2709304	S	1	0	1	0.00000
Microbacterium sp. RG1	2489212	S	1	0	1	0.00000
Microbacterium hominis	162426	S	19	4	23	0.00000
Microbacterium foliorum	104336	S	6	1	7	0.00000
Microbacterium lushaniae	2614639	S	5	0	5	0.00000
Microbacterium oxydans	82380	S	3	1	4	0.00000
Microbacterium chocolatum	84292	S	3	0	3	0.00000
Microbacterium pygmaeum	370764	S	3	0	3	0.00000
Microbacterium aurum	36805	S	2	0	2	0.00000
Microbacterium lemovicicum	1072463	S	2	0	2	0.00000
Microbacterium sediminis	904291	S	2	0	2	0.00000
Microbacterium oryzae	743009	S	2	0	2	0.00000
Microbacterium oleivorans	273677	S	2	0	2	0.00000
Microbacterium wangchenii	2541726	S	1	0	1	0.00000
Microbacterium esteraromaticum	57043	S	1	0	1	0.00000
Microbacterium testaceum	2033	S	1	0	1	0.00000
Curtobacterium sp. Csp2	2495430	S	2	1	3	0.00000
Curtobacterium sp. 24E2	2804758	S	2	0	2	0.00000
Curtobacterium sp. YC1	2795488	S	1	0	1	0.00000
Curtobacterium flaccumfaciens	2035	S	4	1	5	0.00000
Curtobacterium pusillum	69373	S	2	0	2	0.00000
Rathayibacter sp. VKM Ac-2759	2609252	S	4	0	4	0.00000
Rathayibacter sp. VKM Ac-2760	2609253	S	3	0	3	0.00000
Rathayibacter festucae	110937	S	3	0	3	0.00000
Rathayibacter tritici	33888	S	2	0	2	0.00000
Leifsonia sp. PS1209	2724914	S	3	0	3	0.00000
Leifsonia sp. 21MFCrub1.1	1798223	S	2	2	4	0.00000
Leifsonia xyli	1575	S	4	0	4	0.00000
Agromyces badenianii	2080742	S	3	0	3	0.00000
Agromyces sp. KACC 19306	2592652	S	2	0	2	0.00000
Agromyces sp. HY052	2585717	S	1	0	1	0.00000
Agromyces flavus	589382	S	2	0	2	0.00000
Agromyces protaetiae	2509455	S	1	0	1	0.00000
Agrococcus carbonis	684552	S	5	0	5	0.00000
Agrococcus jejuensis	399736	S	2	0	2	0.00000
Agrococcus sp. SGAir0287	2070347	S	1	0	1	0.00000
Clavibacter michiganensis	28447	S	7	1	8	0.00000
Clavibacter sp. DM1	2768071	S	1	0	1	0.00000
Herbiconiux sp. SALV-R1	2735133	S	7	0	7	0.00000
Frigoribacterium sp. NBH87	2596916	S	6	0	6	0.00000
Frondihabitans sp. 762G35	1446794	S	3	0	3	0.00000
Frondihabitans sp. PAMC 28766	1795630	S	2	0	2	0.00000
Humibacter sp. WJ7-1	2599293	S	3	0	3	0.00000
Humibacter sp. BT305	2282656	S	1	5	6	0.00000
Plantibacter sp. PA-3-X8	2480625	S	2	0	2	0.00000
Plantibacter sp. M259	2583822	S	1	0	1	0.00000
Salinibacterium sp. ZJ70	2708084	S	2	0	2	0.00000
Mycetocola zhujimingii	2079792	S	2	0	2	0.00000
Microterricola viridarii	412690	S	2	0	2	0.00000
Leucobacter muris	1935379	S	2	0	2	0.00000
Aurantimicrobium sp. MWH-Mo1	1987356	S	2	0	2	0.00000
Lysinimonas sp. KACC 19322	2592654	S	2	0	2	0.00000
Glaciihabitans sp. INWT7	2596912	S	2	0	2	0.00000
Agreia sp. COWG	2773266	S	1	0	1	0.00000
Rhodoluna lacicola	529884	S	1	0	1	0.00000
Dermacoccus nishinomiyaensis	1274	S	35	4	39	0.00000
Luteipulveratus mongoliensis	571913	S	2	0	2	0.00000
Cellulomonas flavigena	1711	S	4	0	4	0.00000
Cellulomonas fimi	1708	S	3	0	3	0.00000
Cellulomonas sp. JZ18	2654191	S	1	0	1	0.00000
Cellulomonas sp. H30R-01	2704467	S	1	0	1	0.00000
Cellulomonas gilvus	11	S	1	0	1	0.00000
Cellulomonas taurus	2729175	S	1	0	1	0.00000
Actinotalea sp. JY-7876	2758442	S	2	0	2	0.00000
Janibacter limosus	53458	S	1	0	1	0.00000
Janibacter melonis	262209	S	1	0	1	0.00000
Janibacter indicus	857417	S	1	2	3	0.00000
Phycicoccus sp. HDW14	2714941	S	5	0	5	0.00000
Pedococcus dokdonensis	443156	S	2	0	2	0.00000
Tetrasphaera sp. HKS02	1813880	S	1	0	1	0.00000
Brevibacterium sp. CS2	2575923	S	4	0	4	0.00000
Brevibacterium casei	33889	S	2	0	2	0.00000
Brevibacterium aurantiacum	273384	S	2	1	3	0.00000
Brevibacterium luteolum	199591	S	1	0	1	0.00000
Cellulosimicrobium sp. JZ28	1906273	S	1	0	1	0.00000
Cellulosimicrobium sp. BI34T	2587808	S	1	0	1	0.00000
Cellulosimicrobium sp. 72-3	2731680	S	1	1	2	0.00000
Xylanimonas cellulosilytica	186189	S	2	0	2	0.00000
Xylanimonas allomyrinae	2509459	S	1	0	1	0.00000
Isoptericola dokdonensis	372663	S	1	0	1	0.00000
Ornithinimicrobium sp. HY006	2508882	S	2	0	2	0.00000
Ornithinimicrobium sp. H23M54	2594265	S	1	0	1	0.00000
Ornithinimicrobium pratense	2593973	S	1	0	1	0.00000
Serinicoccus hydrothermalis	1758689	S	1	0	1	0.00000
Brachybacterium saurashtrense	556288	S	1	0	1	0.00000
Brachybacterium sp. SGAir0954	2571029	S	1	0	1	0.00000
Luteimicrobium xylanilyticum	1133546	S	3	0	3	0.00000
Tropheryma whipplei	2039	S	2	-2	0	0.00000
Georgenia sp. Z443	2589797	S	2	0	2	0.00000
Miniimonas sp. S16	2171623	S	2	0	2	0.00000
Sanguibacter keddieii	60920	S	1	0	1	0.00000
Kytococcus sedentarius	1276	S	1	0	1	0.00000
Rhodococcus sp. YL-1	1045808	S	10	26	36	0.00000
Rhodococcus sp. NJ-530	2490853	S	5	14	19	0.00000
Rhodococcus sp. P-2	2795031	S	3	0	3	0.00000
Rhodococcus sp. PBTS 1	1653478	S	2	0	2	0.00000
Rhodococcus sp. W8901	2742603	S	2	0	2	0.00000
Rhodococcus sp. 008	1723645	S	2	6	8	0.00000
Rhodococcus sp. WAY2	2663121	S	2	0	2	0.00000
Rhodococcus sp. SGAir0479	2567884	S	1	0	1	0.00000
Rhodococcus sp. X156	2499145	S	1	0	1	0.00000
Rhodococcus sp. P1Y	1302308	S	1	0	1	0.00000
Rhodococcus sp. B7740	1564114	S	1	0	1	0.00000
Rhodococcus sp. H-CA8f	1727214	S	1	2	3	0.00000
Rhodococcus sp. WB9	2594007	S	1	0	1	0.00000
Rhodococcus sp. BH4	1807790	S	1	3	4	0.00000
Rhodococcus erythropolis	1833	S	27	59	86	0.00000
Rhodococcus qingshengii	334542	S	14	44	58	0.00000
Rhodococcus ruber	1830	S	8	0	8	0.00000
Rhodococcus rhodochrous	1829	S	2	0	2	0.00000
Rhodococcus koreensis	99653	S	2	0	2	0.00000
Rhodococcus fascians	1828	S	1	0	1	0.00000
Rhodococcus opacus	37919	S	1	0	1	0.00000
Rhodococcus coprophilus	38310	S	1	0	1	0.00000
Nocardia asteroides	1824	S	6	0	6	0.00000
Nocardia wallacei	480035	S	4	0	4	0.00000
Nocardia mangyaensis	2213200	S	3	0	3	0.00000
Nocardia brasiliensis	37326	S	2	0	2	0.00000
Nocardia seriolae	37332	S	2	0	2	0.00000
Nocardia arthritidis	228602	S	2	0	2	0.00000
Nocardia yunnanensis	2382165	S	2	0	2	0.00000
Nocardia sp. CS682	1047172	S	1	0	1	0.00000
Nocardia sp. WCH-YHL-001	2755382	S	1	0	1	0.00000
Nocardia otitidiscaviarum	1823	S	1	0	1	0.00000
Nocardia farcinica	37329	S	1	0	1	0.00000
Nocardia nova	37330	S	1	0	1	0.00000
Nocardia cyriacigeorgica	135487	S	1	0	1	0.00000
Nocardia terpenica	455432	S	1	0	1	0.00000
Mycolicibacterium psychrotolerans	216929	S	5	0	5	0.00000
Mycolicibacterium sp. Z-34	2736649	S	2	0	2	0.00000
Mycolicibacterium sp. LJ126	2761578	S	1	0	1	0.00000
Mycolicibacterium arabiense	1286181	S	3	0	3	0.00000
Mycolicibacterium frederiksbergense	117567	S	3	0	3	0.00000
Mycolicibacterium poriferae	39694	S	3	7	10	0.00000
Mycolicibacterium mucogenicum	56689	S	2	0	2	0.00000
Mycolicibacterium sarraceniae	1534348	S	2	0	2	0.00000
Mycolicibacterium sediminis	1286180	S	2	0	2	0.00000
Mycolicibacterium celeriflavum	1249101	S	2	0	2	0.00000
Mycolicibacterium litorale	758802	S	2	0	2	0.00000
Mycolicibacterium fluoranthenivorans	258505	S	2	0	2	0.00000
Mycolicibacterium fortuitum	1766	S	2	0	2	0.00000
Mycolicibacterium smegmatis	1772	S	2	0	2	0.00000
Mycolicibacterium aurum	1791	S	2	0	2	0.00000
Mycolicibacterium vaccae	1810	S	2	0	2	0.00000
Mycolicibacterium aichiense	1799	S	2	0	2	0.00000
Mycolicibacterium goodii	134601	S	1	0	1	0.00000
Mycolicibacterium phlei	1771	S	1	0	1	0.00000
Mycolicibacterium fallax	1793	S	1	0	1	0.00000
Mycolicibacterium rutilum	370526	S	1	0	1	0.00000
Mycolicibacterium phocaicum	319706	S	1	0	1	0.00000
Mycolicibacterium madagascariense	212765	S	1	0	1	0.00000
Mycolicibacterium moriokaense	39691	S	1	0	1	0.00000
Mycolicibacterium confluentis	28047	S	1	0	1	0.00000
Mycolicibacterium pulveris	36813	S	1	0	1	0.00000
Mycolicibacterium austroafricanum	39687	S	1	9	10	0.00000
Mycolicibacterium parafortuitum	39692	S	1	0	1	0.00000
Mycolicibacterium gilvum	1804	S	1	-1	0	0.00000
Mycolicibacterium tokaiense	39695	S	1	0	1	0.00000
Mycobacterium saskatchewanense	220927	S	4	0	4	0.00000
Mycobacterium simiae	1784	S	1	0	1	0.00000
Mycobacterium florentinum	292462	S	1	0	1	0.00000
Mycobacterium stomatepiae	470076	S	1	0	1	0.00000
Mycobacterium avium	1764	S	4	1	5	0.00000
Mycobacterium colombiense	339268	S	1	0	1	0.00000
Mycobacterium mantenii	560555	S	1	0	1	0.00000
Mycobacterium sp. EPa45	1545728	S	3	0	3	0.00000
Mycobacterium sp. JS623	212767	S	1	0	1	0.00000
Mycobacterium sp. DL592	2675524	S	1	0	1	0.00000
Mycobacterium kansasii	1768	S	5	0	5	0.00000
Mycobacterium dioxanotrophicus	482462	S	2	0	2	0.00000
Mycobacterium marinum	1781	S	2	3	5	0.00000
Mycobacterium xenopi	1789	S	2	0	2	0.00000
Mycobacterium branderi	43348	S	1	0	1	0.00000
Mycobacterium noviomagense	459858	S	1	0	1	0.00000
Mycobacterium conspicuum	44010	S	1	0	1	0.00000
Mycobacterium grossiae	1552759	S	1	0	1	0.00000
Mycobacterium basiliense	2094119	S	1	0	1	0.00000
Mycobacterium gordonae	1778	S	1	0	1	0.00000
Mycobacterium cookii	1775	S	1	0	1	0.00000
Mycobacteroides immunogenum	83262	S	2	0	2	0.00000
Mycobacteroides chelonae	1774	S	1	0	1	0.00000
Mycolicibacter hiberniae	29314	S	2	0	2	0.00000
Corynebacterium tuberculostearicum	38304	S	9	1	10	0.00000
Corynebacterium vitaeruminis	38305	S	7	0	7	0.00000
Corynebacterium kefirresidentii	1979527	S	5	1	6	0.00000
Corynebacterium rouxii	2719119	S	3	0	3	0.00000
Corynebacterium imitans	156978	S	3	0	3	0.00000
Corynebacterium kroppenstedtii	161879	S	3	0	3	0.00000
Corynebacterium flavescens	28028	S	3	0	3	0.00000
Corynebacterium maris	575200	S	2	0	2	0.00000
Corynebacterium renale	1724	S	2	0	2	0.00000
Corynebacterium lactis	1231000	S	2	0	2	0.00000
Corynebacterium resistens	258224	S	2	0	2	0.00000
Corynebacterium halotolerans	225326	S	2	0	2	0.00000
Corynebacterium sp. zg-917	2763010	S	1	1	2	0.00000
Corynebacterium matruchotii	43768	S	1	0	1	0.00000
Corynebacterium phocae	161895	S	1	0	1	0.00000
Corynebacterium urealyticum	43771	S	1	0	1	0.00000
Corynebacterium amycolatum	43765	S	1	4	5	0.00000
Corynebacterium sphenisci	191493	S	1	0	1	0.00000
Corynebacterium ureicelerivorans	401472	S	1	0	1	0.00000
Corynebacterium timonense	441500	S	1	0	1	0.00000
Corynebacterium frankenforstense	1230998	S	1	0	1	0.00000
Corynebacterium choanis	1862358	S	1	0	1	0.00000
Corynebacterium glucuronolyticum	39791	S	1	0	1	0.00000
Corynebacterium stationis	1705	S	1	0	1	0.00000
Corynebacterium xerosis	1725	S	1	0	1	0.00000
Corynebacterium bovis	36808	S	1	0	1	0.00000
Corynebacterium minutissimum	38301	S	1	0	1	0.00000
Corynebacterium argentoratense	42817	S	1	0	1	0.00000
Corynebacterium mycetoides	38302	S	1	0	1	0.00000
Gordonia bronchialis	2054	S	6	0	6	0.00000
Gordonia sp. 135	2676309	S	2	1	3	0.00000
Gordonia sp. KTR9	337191	S	1	0	1	0.00000
Gordonia sp. YC-JH1	2059875	S	1	0	1	0.00000
Gordonia sp. HY186	2597659	S	1	0	1	0.00000
Gordonia sp. JH63	2698900	S	1	0	1	0.00000
Gordonia iterans	1004901	S	2	0	2	0.00000
Gordonia insulae	2420509	S	2	0	2	0.00000
Gordonia polyisoprenivorans	84595	S	1	0	1	0.00000
Gordonia phthalatica	1136941	S	1	0	1	0.00000
Tsukamurella paurometabola	2061	S	6	0	6	0.00000
Tsukamurella tyrosinosolvens	57704	S	2	0	2	0.00000
Lawsonella clevelandensis	1528099	S	7	0	7	0.00000
Tomitella sp. HY188	2597660	S	3	0	3	0.00000
Streptomyces sp. RPA4-2	2721244	S	3	0	3	0.00000
Streptomyces sp. YIM 121038	2136401	S	3	0	3	0.00000
Streptomyces sp. CB01881	2078691	S	3	0	3	0.00000
Streptomyces sp. WAC 01529	2203205	S	3	0	3	0.00000
Streptomyces sp. CMB-StM0423	2059884	S	3	0	3	0.00000
Streptomyces sp. CNQ-509	444103	S	3	0	3	0.00000
Streptomyces sp. CRXT-G-22	2768066	S	2	0	2	0.00000
Streptomyces sp. WAC00288	2094021	S	2	2	4	0.00000
Streptomyces sp. So13.3	2136173	S	2	0	2	0.00000
Streptomyces sp. SirexAA-E	862751	S	2	0	2	0.00000
Streptomyces sp. SCUT-3	2684469	S	2	0	2	0.00000
Streptomyces sp. CdTB01	1725411	S	2	0	2	0.00000
Streptomyces sp. SYP-A7193	2662065	S	2	0	2	0.00000
Streptomyces sp. 769	1262452	S	2	0	2	0.00000
Streptomyces sp. CRPJ-33	2768068	S	2	0	2	0.00000
Streptomyces sp. CRXT-Y-14	2768069	S	2	0	2	0.00000
Streptomyces sp. RLB1-33	2721243	S	2	0	2	0.00000
Streptomyces sp. XC 2026	2782004	S	2	0	2	0.00000
Streptomyces sp. W1SF4	2305220	S	2	0	2	0.00000
Streptomyces sp. S4.7	2705439	S	2	0	2	0.00000
Streptomyces sp. DSM 40868	2721173	S	2	0	2	0.00000
Streptomyces sp. JB150	2714844	S	1	0	1	0.00000
Streptomyces sp. MBT27	1488356	S	1	0	1	0.00000
Streptomyces sp. SCSIO 3032	1264596	S	1	0	1	0.00000
Streptomyces sp. CCM_MD2014	1561022	S	1	0	1	0.00000
Streptomyces sp. GS7	2692234	S	1	0	1	0.00000
Streptomyces sp. S063	2005885	S	1	0	1	0.00000
Streptomyces sp. SAT1	1849967	S	1	0	1	0.00000
Streptomyces sp. TLI_053	1855352	S	1	0	1	0.00000
Streptomyces sp. INR7	2607753	S	1	0	1	0.00000
Streptomyces sp. 2323.1	1938841	S	1	0	1	0.00000
Streptomyces sp. S1D4-20	2594462	S	1	7	8	0.00000
Streptomyces sp. PAMC 26508	1265601	S	1	1	2	0.00000
Streptomyces sp. TN58	234612	S	1	0	1	0.00000
Streptomyces sp. SUK 48	2582831	S	1	0	1	0.00000
Streptomyces sp. P3	2135430	S	1	0	1	0.00000
Streptomyces sp. endophyte_N2	2153485	S	1	0	1	0.00000
Streptomyces sp. NA02950	2742137	S	1	0	1	0.00000
Streptomyces sp. WAC 06738	2203210	S	1	0	1	0.00000
Streptomyces sp. Tu6071	355249	S	1	0	1	0.00000
Streptomyces sp. WAC 01438	2203204	S	1	0	1	0.00000
Streptomyces sp. NEAU-sy36	2751189	S	1	0	1	0.00000
Streptomyces venezuelae	54571	S	9	0	9	0.00000
Streptomyces lividans	1916	S	7	55	62	0.00000
Streptomyces albus	1888	S	4	0	4	0.00000
Streptomyces globisporus	1908	S	2	0	2	0.00000
Streptomyces griseus	1911	S	2	0	2	0.00000
Streptomyces griseochromogenes	68214	S	4	0	4	0.00000
Streptomyces finlayi	67296	S	4	0	4	0.00000
Streptomyces lavendulae	1914	S	4	0	4	0.00000
Streptomyces albulus	68570	S	3	0	3	0.00000
Streptomyces rapamycinicus	1226757	S	3	0	3	0.00000
Streptomyces roseochromogenus	285450	S	3	0	3	0.00000
Streptomyces hundungensis	1077946	S	3	0	3	0.00000
Streptomyces fodineus	1904616	S	3	0	3	0.00000
Streptomyces albireticuli	1940	S	3	0	3	0.00000
Streptomyces spectabilis	68270	S	3	0	3	0.00000
Streptomyces olivoreticuli	68246	S	3	0	3	0.00000
Streptomyces pristinaespiralis	38300	S	2	0	2	0.00000
Streptomyces nitrosporeus	28894	S	2	0	2	0.00000
Streptomyces tirandamycinicus	2174846	S	2	0	2	0.00000
Streptomyces galilaeus	33899	S	2	0	2	0.00000
Streptomyces mobaraensis	35621	S	2	0	2	0.00000
Streptomyces exfoliatus	1905	S	2	0	2	0.00000
Streptomyces xinghaiensis	1038928	S	2	0	2	0.00000
Streptomyces antimycoticus	68175	S	2	0	2	0.00000
Streptomyces rutgersensis	53451	S	2	0	2	0.00000
Streptomyces antibioticus	1890	S	2	0	2	0.00000
Streptomyces kanamyceticus	1967	S	2	0	2	0.00000
Streptomyces seoulensis	73044	S	2	0	2	0.00000
Streptomyces tendae	1932	S	2	0	2	0.00000
Streptomyces phaeolivaceus	2653200	S	2	0	2	0.00000
Streptomyces niveus	193462	S	2	0	2	0.00000
Streptomyces rectiverticillatus	173860	S	2	0	2	0.00000
Streptomyces alboflavus	67267	S	1	0	1	0.00000
Streptomyces violaceusniger	68280	S	1	0	1	0.00000
Streptomyces qinzhouensis	2599401	S	1	0	1	0.00000
Streptomyces pluripotens	1355015	S	1	0	1	0.00000
Streptomyces prasinus	67345	S	1	0	1	0.00000
Streptomyces pratensis	1169025	S	1	0	1	0.00000
Streptomyces koyangensis	188770	S	1	0	1	0.00000
Streptomyces cyaneogriseus	68192	S	1	0	1	0.00000
Streptomyces fulvissimus	68202	S	1	0	1	0.00000
Streptomyces globosus	68209	S	1	0	1	0.00000
Streptomyces asterosporus	285570	S	1	0	1	0.00000
Streptomyces actuosus	1885	S	1	0	1	0.00000
Streptomyces griseofuscus	146922	S	1	1	2	0.00000
Streptomyces katrae	68223	S	1	0	1	0.00000
Streptomyces davaonensis	348043	S	1	0	1	0.00000
Streptomyces incarnatus	665007	S	1	0	1	0.00000
Streptomyces bingchenggensis	379067	S	1	0	1	0.00000
Streptomyces tsukubensis	83656	S	1	0	1	0.00000
Streptomyces cyanogenus	80860	S	1	0	1	0.00000
Streptomyces qaidamensis	1783515	S	1	0	1	0.00000
Streptomyces peucetius	1950	S	1	0	1	0.00000
Streptomyces vinaceus	1960	S	1	0	1	0.00000
Streptomyces chartreusis	1969	S	1	0	1	0.00000
Streptomyces noursei	1971	S	1	0	1	0.00000
Streptomyces paludis	2282738	S	1	0	1	0.00000
Streptomyces dengpaensis	2049881	S	1	0	1	0.00000
Streptomyces cavourensis	67258	S	1	0	1	0.00000
Streptomyces cyaneochromogenes	2496836	S	1	0	1	0.00000
Streptomyces rimosus	1927	S	1	0	1	0.00000
Streptomyces collinus	42684	S	1	0	1	0.00000
Streptomyces aquilus	2548456	S	1	0	1	0.00000
Streptomyces spongiicola	1690221	S	1	0	1	0.00000
Streptomyces lydicus	47763	S	1	0	1	0.00000
Streptomyces alfalfae	1642299	S	1	1	2	0.00000
Streptomyces lincolnensis	1915	S	1	0	1	0.00000
Streptomyces fagopyri	2662397	S	1	0	1	0.00000
Streptomyces lunaelactis	1535768	S	1	0	1	0.00000
Streptomyces nojiriensis	66374	S	1	0	1	0.00000
Streptomyces luteoverticillatus	66425	S	1	0	1	0.00000
Streptomyces hygroscopicus	1912	S	1	0	1	0.00000
Streptomyces aureoverticillatus	66871	S	1	0	1	0.00000
Streptomyces coelicolor	1902	S	1	1	2	0.00000
Kitasatospora setae	2066	S	2	0	2	0.00000
Kitasatospora albolonga	68173	S	2	1	3	0.00000
Kitasatospora sp. MMS16-BH015	2018025	S	1	0	1	0.00000
Kitasatospora sp. NA04385	2742135	S	1	0	1	0.00000
Streptacidiphilus bronchialis	2126346	S	3	0	3	0.00000
Streptacidiphilus sp. P02-A3a	2704468	S	1	0	1	0.00000
Streptacidiphilus sp. PB12-B1b	2705012	S	1	0	1	0.00000
Micromonospora sp. HM134	2583243	S	3	0	3	0.00000
Micromonospora sp. 28ISP2-46	2749844	S	2	0	2	0.00000
Micromonospora sp. WMMA2032	2039870	S	1	0	1	0.00000
Micromonospora sp. WMMC415	2675222	S	1	0	1	0.00000
Micromonospora viridifaciens	1881	S	3	0	3	0.00000
Micromonospora carbonacea	47853	S	2	0	2	0.00000
Micromonospora echinospora	1877	S	2	0	2	0.00000
Micromonospora maris	1003110	S	2	0	2	0.00000
Micromonospora tulbaghiae	479978	S	2	1	3	0.00000
Micromonospora coxensis	356852	S	2	0	2	0.00000
Micromonospora chokoriensis	356851	S	2	0	2	0.00000
Micromonospora auratinigra	261654	S	1	0	1	0.00000
Micromonospora siamensis	299152	S	1	0	1	0.00000
Micromonospora krabiensis	307121	S	1	0	1	0.00000
Micromonospora inositola	47865	S	1	0	1	0.00000
Micromonospora echinofusca	47858	S	1	0	1	0.00000
Micromonospora zamorensis	709883	S	1	0	1	0.00000
Micromonospora echinaurantiaca	47857	S	1	0	1	0.00000
Actinoplanes derwentensis	113562	S	6	0	6	0.00000
Actinoplanes missouriensis	1866	S	4	0	4	0.00000
Actinoplanes teichomyceticus	1867	S	4	0	4	0.00000
Actinoplanes sp. N902-109	649831	S	2	0	2	0.00000
Actinoplanes sp. OR16	946334	S	1	0	1	0.00000
Actinoplanes friuliensis	196914	S	2	0	2	0.00000
Phytohabitans flavus	1076124	S	5	0	5	0.00000
Phytohabitans suffuscus	624315	S	2	0	2	0.00000
Plantactinospora sp. BB1	2071627	S	2	0	2	0.00000
Plantactinospora sp. BC1	2108470	S	1	0	1	0.00000
Verrucosispora sp. NA02020	2742132	S	2	0	2	0.00000
Salinispora arenicola	168697	S	2	0	2	0.00000
Actinocatenispora thailandica	227318	S	1	0	1	0.00000
Amycolatopsis sp. YIM 10	2653857	S	3	0	3	0.00000
Amycolatopsis sp. BJA-103	1911175	S	1	0	1	0.00000
Amycolatopsis sp. Hca4	2742131	S	1	0	1	0.00000
Amycolatopsis methanolica	1814	S	4	0	4	0.00000
Amycolatopsis mediterranei	33910	S	4	0	4	0.00000
Amycolatopsis keratiniphila	129921	S	2	0	2	0.00000
Amycolatopsis japonica	208439	S	2	0	2	0.00000
Amycolatopsis albispora	1804986	S	2	0	2	0.00000
Pseudonocardia sp. AL041005-10	445576	S	3	0	3	0.00000
Pseudonocardia sp. HH130630-07	1690815	S	2	1	3	0.00000
Pseudonocardia sp. CGMCC 4.1532	2761535	S	2	0	2	0.00000
Pseudonocardia broussonetiae	2736640	S	2	0	2	0.00000
Saccharothrix syringae	103733	S	5	0	5	0.00000
Saccharothrix espanaensis	103731	S	3	0	3	0.00000
Saccharothrix sp. 6-C	2781735	S	1	0	1	0.00000
Saccharopolyspora erythraea	1836	S	2	0	2	0.00000
Saccharopolyspora coralli	2665642	S	2	0	2	0.00000
Saccharopolyspora spinosa	60894	S	1	2	3	0.00000
Saccharomonospora marina	632569	S	4	0	4	0.00000
Saccharomonospora azurea	40988	S	1	0	1	0.00000
Actinoalloteichus hymeniacidonis	340345	S	2	0	2	0.00000
Actinoalloteichus hoggarensis	1470176	S	1	0	1	0.00000
Lentzea guizhouensis	1586287	S	3	0	3	0.00000
Kibdelosporangium phytohabitans	860235	S	2	0	2	0.00000
Alloactinosynnema sp. L-07	1653480	S	1	0	1	0.00000
Actinomyces sp. oral taxon 414	712122	S	3	0	3	0.00000
Actinomyces sp. oral taxon 169	712116	S	2	0	2	0.00000
Actinomyces sp. Chiba101	1851395	S	2	0	2	0.00000
Actinomyces sp. HMT 175	2789425	S	2	1	3	0.00000
Actinomyces sp. Z16	2079536	S	1	0	1	0.00000
Actinomyces sp. ZJ750	2744574	S	1	0	1	0.00000
Actinomyces slackii	52774	S	2	0	2	0.00000
Actinomyces qiguomingii	2057800	S	2	0	2	0.00000
Actinomyces viscosus	1656	S	1	0	1	0.00000
Actinomyces howellii	52771	S	1	0	1	0.00000
Schaalia odontolytica	1660	S	4	0	4	0.00000
Mobiluncus curtisii	2051	S	1	0	1	0.00000
Pauljensenia hongkongensis	178339	S	1	0	1	0.00000
Streptosporangium roseum	2001	S	3	0	3	0.00000
Nonomuraea sp. ATCC 55076	1909395	S	3	0	3	0.00000
Actinomadura sp. NAK00032	2742128	S	2	0	2	0.00000
Actinomadura sp. WMMB 499	1219491	S	1	0	1	0.00000
Actinomadura sp. WMMA1423	2591108	S	1	0	1	0.00000
Actinomadura verrucosospora	46165	S	1	0	1	0.00000
Nocardiopsis dassonvillei	2014	S	1	0	1	0.00000
Nocardiopsis gilva	280236	S	1	0	1	0.00000
Frankia sp. QA3	710111	S	3	0	3	0.00000
Frankia sp. EAN1pec	298653	S	2	0	2	0.00000
Frankia casuarinae	106370	S	3	0	3	0.00000
Frankia inefficax	298654	S	3	0	3	0.00000
Frankia alni	1859	S	1	0	1	0.00000
Candidatus Planktophila sulfonica	1884904	S	5	0	5	0.00000
Candidatus Planktophila versatilis	1884905	S	2	0	2	0.00000
Candidatus Planktophila vernalis	1884907	S	2	0	2	0.00000
Candidatus Planktophila dulcis	1884914	S	2	0	2	0.00000
Candidatus Planktophila lacus	1884913	S	1	0	1	0.00000
Bifidobacterium eulemuris	1765219	S	1	0	1	0.00000
Bifidobacterium breve	1685	S	1	0	1	0.00000
Bifidobacterium pullorum	78448	S	1	0	1	0.00000
Bifidobacterium subtile	77635	S	1	0	1	0.00000
Gardnerella vaginalis	2702	S	1	0	1	0.00000
Scardovia inopinata	78259	S	1	0	1	0.00000
Parascardovia denticolens	78258	S	1	0	1	0.00000
Modestobacter marinus	477641	S	5	0	5	0.00000
Geodermatophilus obscurus	1861	S	1	0	1	0.00000
Epidermidibacterium keratini	1891644	S	5	0	5	0.00000
Stackebrandtia nassauensis	283811	S	2	0	2	0.00000
Jiangella sp. DSM 45060	1798224	S	2	0	2	0.00000
Catenulispora acidiphila	304895	S	2	0	2	0.00000
Gordonibacter urolithinfaciens	1335613	S	1	1	2	0.00000
Arabia massiliensis	1870985	S	2	0	2	0.00000
Denitrobacterium detoxificans	79604	S	1	0	1	0.00000
Slackia heliotrinireducens	84110	S	1	0	1	0.00000
Adlercreutzia equolifaciens	446660	S	1	0	1	0.00000
Parolsenella massiliensis	1871022	S	1	1	2	0.00000
Olsenella sp. oral taxon 807	712411	S	1	0	1	0.00000
Lancefieldella parvula	1382	S	1	0	1	0.00000
Collinsella aerofaciens	74426	S	2	0	2	0.00000
Rubrobacter xylanophilus	49319	S	3	0	3	0.00000
Rubrobacter sp. SCSIO 52915	2653852	S	2	0	2	0.00000
Rubrobacter sp. SCSIO 52909	2653851	S	1	0	1	0.00000
Baekduia soli	496014	S	2	0	2	0.00000
Actinomarinicola tropica	2789776	S	4	0	4	0.00000
Ilumatobacter coccineus	467094	S	3	0	3	0.00000
Conexibacter sp. SYSU D00693	2812560	S	5	0	5	0.00000
Euzebya sp. DY32-46	1608957	S	1	0	1	0.00000
Egicoccus halophilus	1670830	S	1	0	1	0.00000
Bacillus cereus	1396	S	113	68	181	0.00000
Bacillus thuringiensis	1428	S	6	2	8	0.00000
Bacillus cytotoxicus	580165	S	2	0	2	0.00000
Bacillus mycoides	1405	S	1	0	1	0.00000
Bacillus luti	2026191	S	1	0	1	0.00000
Bacillus sp. M4U3P1	2592382	S	3	0	3	0.00000
Bacillus sp. N1-1	2682541	S	3	1	4	0.00000
Bacillus sp. FJAT-18017	1705566	S	2	0	2	0.00000
Bacillus sp. S3	486398	S	2	0	2	0.00000
Bacillus sp. 1NLA3E	666686	S	2	0	2	0.00000
Bacillus sp. KH172YL63	2709784	S	2	0	2	0.00000
Bacillus sp. Y1	352858	S	1	0	1	0.00000
Bacillus sp. THAF10	2587848	S	1	0	1	0.00000
Bacillus sonorensis	119858	S	3	0	3	0.00000
Bacillus velezensis	492670	S	2	2	4	0.00000
Bacillus licheniformis	1402	S	1	0	1	0.00000
Bacillus subtilis	1423	S	1	0	1	0.00000
Bacillus mojavensis	72360	S	1	0	1	0.00000
Bacillus methanolicus	1471	S	2	0	2	0.00000
Bacillus vini	1476025	S	2	0	2	0.00000
Bacillus sporothermodurans	46224	S	2	0	2	0.00000
Bacillus haynesii	1925021	S	1	0	1	0.00000
Bacillus cellulosilyticus	1413	S	1	0	1	0.00000
Bacillus smithii	1479	S	1	0	1	0.00000
Bacillus circulans	1397	S	1	0	1	0.00000
Bacillus vietnamensis	218284	S	1	0	1	0.00000
Priestia megaterium	1404	S	59	10	69	0.00000
Priestia filamentosa	1402861	S	4	0	4	0.00000
Priestia flexa	86664	S	2	0	2	0.00000
Lysinibacillus sp. YS11	2072025	S	2	0	2	0.00000
Lysinibacillus sp. SGAir0095	2070463	S	1	0	1	0.00000
Lysinibacillus sphaericus	1421	S	1	0	1	0.00000
Lysinibacillus fusiformis	28031	S	1	0	1	0.00000
Salicibibacter sp. NKC5-3	2743000	S	3	0	3	0.00000
Salicibibacter halophilus	2502791	S	2	0	2	0.00000
Weizmannia coagulans	1398	S	4	0	4	0.00000
Alkalihalobacillus clausii	79880	S	3	0	3	0.00000
Alkalihalobacillus krulwichiae	199441	S	1	0	1	0.00000
Virgibacillus sp. Bac330	2419841	S	1	1	2	0.00000
Virgibacillus necropolis	163877	S	1	0	1	0.00000
Virgibacillus phasianinus	2017483	S	1	0	1	0.00000
Oceanobacillus iheyensis	182710	S	2	0	2	0.00000
Oceanobacillus zhaokaii	2052660	S	1	0	1	0.00000
Pradoshia sp. D12	2651284	S	2	0	2	0.00000
Psychrobacillus glaciei	2283160	S	2	0	2	0.00000
Anaerobacillus isosaccharinicus	1532552	S	2	0	2	0.00000
Metabacillus sp. KUDC1714	2745198	S	1	0	1	0.00000
Gracilibacillus sp. SCU50	2663022	S	1	0	1	0.00000
Cytobacillus kochii	859143	S	1	0	1	0.00000
Peribacillus butanolivorans	421767	S	1	0	1	0.00000
Parageobacillus genomosp. 1	1295642	S	1	0	1	0.00000
Fictibacillus phosphorivorans	1221500	S	1	0	1	0.00000
Caldibacillus thermoamylovorans	35841	S	1	0	1	0.00000
Sediminibacillus sp. DP4-553-S	2729421	S	1	0	1	0.00000
Pontibacillus sp. HMF3514	2692425	S	1	0	1	0.00000
Paraliobacillus zengyii	2213194	S	1	0	1	0.00000
Lentibacillus amyloliquefaciens	1472767	S	1	0	1	0.00000
Staphylococcus warneri	1292	S	23	3	26	0.00000
Staphylococcus aureus	1280	S	21	8	29	0.00000
Staphylococcus pasteuri	45972	S	17	1	18	0.00000
Staphylococcus capitis	29388	S	15	1	16	0.00000
Staphylococcus epidermidis	1282	S	14	1	15	0.00000
Staphylococcus hominis	1290	S	8	0	8	0.00000
Staphylococcus equorum	246432	S	8	1	9	0.00000
Staphylococcus saccharolyticus	33028	S	7	0	7	0.00000
Staphylococcus simiae	308354	S	3	0	3	0.00000
Staphylococcus cohnii	29382	S	3	0	3	0.00000
Staphylococcus sp. M0911	2025492	S	2	0	2	0.00000
Staphylococcus sp. T93	2799681	S	1	43	44	0.00000
Staphylococcus lugdunensis	28035	S	2	0	2	0.00000
Staphylococcus caprae	29380	S	2	0	2	0.00000
Staphylococcus nepalensis	214473	S	2	0	2	0.00000
Staphylococcus pettenkoferi	170573	S	1	0	1	0.00000
Staphylococcus carnosus	1281	S	1	0	1	0.00000
Staphylococcus condimenti	70255	S	1	0	1	0.00000
Staphylococcus succinus	61015	S	1	0	1	0.00000
Staphylococcus schweitzeri	1654388	S	1	0	1	0.00000
Staphylococcus debuckii	2044912	S	1	0	1	0.00000
Staphylococcus lloydii	2781774	S	1	0	1	0.00000
Staphylococcus felis	46127	S	1	0	1	0.00000
Staphylococcus haemolyticus	1283	S	1	0	1	0.00000
Staphylococcus hyicus	1284	S	1	0	1	0.00000
Staphylococcus arlettae	29378	S	1	0	1	0.00000
Staphylococcus xylosus	1288	S	1	0	1	0.00000
Staphylococcus chromogenes	46126	S	1	0	1	0.00000
Mammaliicoccus sciuri	1296	S	1	0	1	0.00000
Mammaliicoccus lentus	42858	S	1	0	1	0.00000
Paenibacillus sp. JNUCC-31	2777983	S	2	0	2	0.00000
Paenibacillus sp. HB172198	2565926	S	2	0	2	0.00000
Paenibacillus sp. FSL R7-0273	1536772	S	2	0	2	0.00000
Paenibacillus sp. IHB B 3084	867076	S	1	0	1	0.00000
Paenibacillus sp. FSL R5-0345	1536770	S	1	0	1	0.00000
Paenibacillus sp. BIHB4019	1870819	S	1	0	1	0.00000
Paenibacillus sp. FSL H7-0357	1536774	S	1	0	1	0.00000
Paenibacillus sp. UniB2	2726185	S	1	0	1	0.00000
Paenibacillus sp. B01	2660554	S	1	0	1	0.00000
Paenibacillus sp. 32O-W	1695218	S	1	0	1	0.00000
Paenibacillus lycopersici	2704462	S	2	0	2	0.00000
Paenibacillus peoriae	59893	S	2	4	6	0.00000
Paenibacillus stellifer	169760	S	2	0	2	0.00000
Paenibacillus beijingensis	1126833	S	1	0	1	0.00000
Paenibacillus antarcticus	253703	S	1	0	1	0.00000
Paenibacillus barcinonensis	198119	S	1	0	1	0.00000
Paenibacillus odorifer	189426	S	1	0	1	0.00000
Paenibacillus bovis	1616788	S	1	0	1	0.00000
Paenibacillus lentus	1338368	S	1	0	1	0.00000
Paenibacillus baekrokdamisoli	1712516	S	1	0	1	0.00000
Paenibacillus psychroresistens	1778678	S	1	0	1	0.00000
Paenibacillus chitinolyticus	79263	S	1	0	1	0.00000
Paenibacillus sonchi	373687	S	1	0	1	0.00000
Paenibacillus mucilaginosus	61624	S	1	0	1	0.00000
Paenibacillus cellulositrophicus	562959	S	1	0	1	0.00000
Paenibacillus protaetiae	2509456	S	1	0	1	0.00000
Paenibacillus rhizovicinus	2704463	S	1	0	1	0.00000
Paenibacillus larvae	1464	S	1	149	150	0.00000
Brevibacillus brevis	1393	S	3	0	3	0.00000
Brevibacillus laterosporus	1465	S	2	0	2	0.00000
Brevibacillus sp. SCSIO 07484	2496837	S	1	0	1	0.00000
Brevibacillus sp. FJAT-54423	2796470	S	1	0	1	0.00000
Brevibacillus agri	51101	S	1	0	1	0.00000
Aneurinibacillus soli	1500254	S	1	0	1	0.00000
Cohnella sp. LGH	1619153	S	1	0	1	0.00000
Listeria monocytogenes	1639	S	9	0	9	0.00000
Listeria ivanovii	1638	S	1	0	1	0.00000
Listeria seeligeri	1640	S	1	0	1	0.00000
Listeria innocua	1642	S	1	0	1	0.00000
Listeria welshimeri	1643	S	1	0	1	0.00000
Brochothrix thermosphacta	2756	S	2	0	2	0.00000
Planococcus rifietoensis	200991	S	1	0	1	0.00000
Planococcus donghaensis	414778	S	1	0	1	0.00000
Planococcus sp. Y42	2213202	S	1	0	1	0.00000
Sporosarcina ureae	1571	S	3	0	3	0.00000
Sporosarcina pasteurii	1474	S	1	0	1	0.00000
Viridibacillus sp. JNUCC-6	2779527	S	2	0	2	0.00000
Kurthia zopfii	1650	S	1	0	1	0.00000
Paenisporosarcina sp. K2R23-3	2320858	S	1	0	1	0.00000
Gemella morbillorum	29391	S	1	0	1	0.00000
Gemella sp. oral taxon 928	1785995	S	1	1	2	0.00000
Exiguobacterium sp. MH3	1399115	S	1	0	1	0.00000
Exiguobacterium sp. N4-1P	2051906	S	1	0	1	0.00000
Thermoactinomyces vulgaris	2026	S	1	0	1	0.00000
Lactobacillus johnsonii	33959	S	3	0	3	0.00000
Lactobacillus gasseri	1596	S	2	3	5	0.00000
Lactobacillus helveticus	1587	S	1	0	1	0.00000
Lactobacillus acetotolerans	1600	S	1	0	1	0.00000
Lactobacillus crispatus	47770	S	1	0	1	0.00000
Lactobacillus ultunensis	227945	S	1	0	1	0.00000
Limosilactobacillus fermentum	1613	S	5	0	5	0.00000
Limosilactobacillus reuteri	1598	S	1	0	1	0.00000
Limosilactobacillus vaginalis	1633	S	1	0	1	0.00000
Weissella koreensis	165096	S	2	0	2	0.00000
Weissella viridescens	1629	S	1	0	1	0.00000
Weissella ceti	759620	S	1	0	1	0.00000
Weissella cryptocerci	2506420	S	1	0	1	0.00000
Leuconostoc mesenteroides	1245	S	2	0	2	0.00000
Leuconostoc lactis	1246	S	1	0	1	0.00000
Leuconostoc suionicum	1511761	S	1	0	1	0.00000
Paucilactobacillus hokkaidonensis	1193095	S	3	0	3	0.00000
Paucilactobacillus oligofermentans	293371	S	1	0	1	0.00000
Latilactobacillus sakei	1599	S	2	0	2	0.00000
Latilactobacillus curvatus	28038	S	2	0	2	0.00000
Companilactobacillus alimentarius	1602	S	1	0	1	0.00000
Companilactobacillus farciminis	1612	S	1	0	1	0.00000
Companilactobacillus ginsenosidimutans	1007676	S	1	0	1	0.00000
Liquorilactobacillus hordei	468911	S	2	0	2	0.00000
Levilactobacillus brevis	1580	S	2	0	2	0.00000
Pediococcus pentosaceus	1255	S	1	0	1	0.00000
Loigolactobacillus coryniformis	1610	S	1	0	1	0.00000
Ligilactobacillus acidipiscis	89059	S	1	0	1	0.00000
Bombilactobacillus bombi	1303590	S	1	0	1	0.00000
Apilactobacillus bombintestini	2419772	S	1	0	1	0.00000
Streptococcus oralis	1303	S	3	0	3	0.00000
Streptococcus sp. oral taxon 431	712633	S	2	0	2	0.00000
Streptococcus sp. I-P16	1156433	S	1	0	1	0.00000
Streptococcus pneumoniae	1313	S	3	0	3	0.00000
Streptococcus sanguinis	1305	S	3	0	3	0.00000
Streptococcus thermophilus	1308	S	2	0	2	0.00000
Streptococcus gordonii	1302	S	2	0	2	0.00000
Streptococcus pyogenes	1314	S	2	0	2	0.00000
Streptococcus suis	1307	S	1	0	1	0.00000
Streptococcus pseudoporcinus	361101	S	1	0	1	0.00000
Streptococcus gallolyticus	315405	S	1	1	2	0.00000
Streptococcus pluranimalium	82348	S	1	0	1	0.00000
Streptococcus mitis	28037	S	1	0	1	0.00000
Streptococcus equinus	1335	S	1	0	1	0.00000
Streptococcus agalactiae	1311	S	1	7	8	0.00000
Streptococcus salivarius	1304	S	1	0	1	0.00000
Lactococcus garvieae	1363	S	7	0	7	0.00000
Lactococcus lactis	1358	S	6	0	6	0.00000
Lactococcus cremoris	1359	S	2	0	2	0.00000
Lactococcus sp. KACC 19320	2592653	S	1	0	1	0.00000
Enterococcus faecalis	1351	S	6	1	7	0.00000
Enterococcus cecorum	44008	S	3	0	3	0.00000
Enterococcus gilvus	160453	S	3	0	3	0.00000
Enterococcus hirae	1354	S	2	0	2	0.00000
Enterococcus avium	33945	S	2	0	2	0.00000
Enterococcus saigonensis	1805431	S	2	0	2	0.00000
Enterococcus faecium	1352	S	1	2	3	0.00000
Enterococcus durans	53345	S	1	0	1	0.00000
Enterococcus mundtii	53346	S	1	0	1	0.00000
Enterococcus rotai	118060	S	1	0	1	0.00000
Enterococcus thailandicus	417368	S	1	0	1	0.00000
Vagococcus carniphilus	218144	S	1	0	1	0.00000
Vagococcus penaei	633807	S	1	0	1	0.00000
Vagococcus zengguangii	2571750	S	1	0	1	0.00000
Melissococcus plutonius	33970	S	1	0	1	0.00000
Tetragenococcus halophilus	51669	S	1	0	1	0.00000
Carnobacterium divergens	2748	S	2	0	2	0.00000
Carnobacterium maltaromaticum	2751	S	1	1	2	0.00000
Dolosigranulum pigrum	29394	S	3	0	3	0.00000
Marinilactibacillus sp. 15R	1911586	S	2	0	2	0.00000
Jeotgalibaca arthritidis	1868794	S	1	1	2	0.00000
Aerococcus urinae	1376	S	1	0	1	0.00000
Aerococcus viridans	1377	S	1	0	1	0.00000
Clostridium botulinum	1491	S	22	4	26	0.00000
Clostridium sp. CT4	2320868	S	4	0	4	0.00000
Clostridium sp. 'deep sea'	2779445	S	2	0	2	0.00000
Clostridium sp. SY8519	1042156	S	1	0	1	0.00000
Clostridium sp. MF28	1702238	S	1	3	4	0.00000
Clostridium sp. JN-1	2483110	S	1	0	1	0.00000
Clostridium intestinale	36845	S	9	0	9	0.00000
Clostridium perfringens	1502	S	6	0	6	0.00000
Clostridium septicum	1504	S	4	0	4	0.00000
Clostridium tetani	1513	S	4	0	4	0.00000
Clostridium beijerinckii	1520	S	4	1	5	0.00000
Clostridium saccharoperbutylacetonicum	36745	S	3	0	3	0.00000
Clostridium taeniosporum	394958	S	3	0	3	0.00000
Clostridium kluyveri	1534	S	3	0	3	0.00000
Clostridium chauvoei	46867	S	2	0	2	0.00000
Clostridium butyricum	1492	S	2	0	2	0.00000
Clostridium baratii	1561	S	2	0	2	0.00000
Clostridium formicaceticum	1497	S	2	0	2	0.00000
Clostridium carboxidivorans	217159	S	1	0	1	0.00000
Clostridium isatidis	182773	S	1	0	1	0.00000
Clostridium saccharobutylicum	169679	S	1	0	1	0.00000
Clostridium gasigenes	94869	S	1	0	1	0.00000
Clostridium fermenticellae	2068654	S	1	0	1	0.00000
Clostridium aceticum	84022	S	1	0	1	0.00000
Clostridium cellulovorans	1493	S	1	0	1	0.00000
Clostridium acetobutylicum	1488	S	1	0	1	0.00000
Clostridium argentinense	29341	S	1	0	1	0.00000
Clostridium scatologenes	1548	S	1	0	1	0.00000
Clostridium novyi	1542	S	1	0	1	0.00000
Clostridium sporogenes	1509	S	1	2	3	0.00000
Alkaliphilus oremlandii	461876	S	2	0	2	0.00000
Alkaliphilus metalliredigens	208226	S	1	0	1	0.00000
Caloramator sp. E03	2576307	S	2	0	2	0.00000
Caloranaerobacter azorensis	116090	S	2	0	2	0.00000
Hungatella hathewayi	154046	S	2	0	2	0.00000
Candidatus Arthromitus sp. SFB-rat-Yit	1041504	S	1	0	1	0.00000
Lacrimispora saccharolytica	84030	S	3	0	3	0.00000
Lacrimispora sphenoides	29370	S	2	0	2	0.00000
Blautia sp. SC05B48	2479767	S	2	0	2	0.00000
Blautia producta	33035	S	1	0	1	0.00000
Blautia argi	1912897	S	1	0	1	0.00000
Anaerocolumna sp. CTTW	2736602	S	2	0	2	0.00000
Anaerocolumna sedimenticola	2696063	S	1	0	1	0.00000
Lachnoanaerobaculum umeaense	617123	S	2	0	2	0.00000
Roseburia hominis	301301	S	1	0	1	0.00000
Anaerobutyricum hallii	39488	S	1	0	1	0.00000
[Ruminococcus] torques	33039	S	1	0	1	0.00000
[Clostridium] scindens	29347	S	1	0	1	0.00000
Anaerostipes rhamnosivorans	1229621	S	1	0	1	0.00000
Coprococcus comes	410072	S	1	0	1	0.00000
Butyrivibrio fibrisolvens	831	S	1	0	1	0.00000
Romboutsia sp. CE17	2724150	S	4	0	4	0.00000
Romboutsia hominis	1507512	S	1	0	1	0.00000
Paeniclostridium sordellii	1505	S	4	0	4	0.00000
Clostridioides difficile	1496	S	4	0	4	0.00000
Paraclostridium bifermentans	1490	S	2	0	2	0.00000
Acetoanaerobium sticklandii	1511	S	1	0	1	0.00000
Peptacetobacter hiranonis	89152	S	1	0	1	0.00000
Ruminiclostridium herbifermentans	2488810	S	3	0	3	0.00000
Ruminococcus albus	1264	S	1	0	1	0.00000
Ruminococcus sp. JE7A12	2564099	S	1	0	1	0.00000
Ethanoligenens harbinense	253239	S	2	0	2	0.00000
Faecalibacterium prausnitzii	853	S	1	0	1	0.00000
Flavonifractor plautii	292800	S	1	0	1	0.00000
Ruthenibacterium lactatiformans	1550024	S	1	0	1	0.00000
Desulfotomaculum ruminis	1564	S	2	0	2	0.00000
Desulfotomaculum nigrificans	1565	S	1	0	1	0.00000
Desulfosporosinus meridiei	79209	S	1	0	1	0.00000
Desulfosporosinus youngiae	339862	S	1	0	1	0.00000
Desulfitobacterium dichloroeliminans	233055	S	1	0	1	0.00000
Dehalobacter restrictus	55583	S	1	0	1	0.00000
Desulfallas gibsoniae	102134	S	1	0	1	0.00000
Aminipila sp. CBA3637	2697030	S	2	0	2	0.00000
Aminipila butyrica	433296	S	1	0	1	0.00000
Thermaerobacter marianensis	73919	S	1	0	1	0.00000
Candidatus Syntrophocurvum alkaliphilum	2293317	S	2	0	2	0.00000
Acetobacterium woodii	33952	S	1	0	1	0.00000
Alkalibacter sp. ES005	2815577	S	1	0	1	0.00000
Caldicellulosiruptor kronotskyensis	413889	S	2	4	6	0.00000
Thermoanaerobacterium sp. RBIITD	1550240	S	1	0	1	0.00000
Thermacetogenium phaeum	85874	S	1	0	1	0.00000
Natranaerobius thermophilus	375929	S	3	0	3	0.00000
Halanaerobium hydrogeniformans	656519	S	1	0	1	0.00000
Koleobacter methoxysyntrophicus	2751313	S	1	0	1	0.00000
Selenomonas sp. oral taxon 126	712528	S	2	0	2	0.00000
Pectinatus frisingensis	865	S	1	0	1	0.00000
Megamonas funiformis	437897	S	1	0	1	0.00000
Pelosinus fermentans	365349	S	1	1	2	0.00000
Sporomusa termitida	2377	S	1	0	1	0.00000
Megasphaera elsdenii	907	S	2	0	2	0.00000
Veillonella parvula	29466	S	2	0	2	0.00000
Dialister pneumosintes	39950	S	1	0	1	0.00000
Dialister massiliensis	2161821	S	1	0	1	0.00000
Acidaminococcus fermentans	905	S	1	0	1	0.00000
Acidaminococcus intestini	187327	S	1	0	1	0.00000
Phascolarctobacterium faecium	33025	S	1	0	1	0.00000
Phascolarctobacterium sp. Marseille-Q4147	2823317	S	1	0	1	0.00000
Parvimonas micra	33033	S	3	1	4	0.00000
Finegoldia magna	1260	S	1	0	1	0.00000
Peptoniphilus harei	54005	S	1	0	1	0.00000
Anaerococcus mediterraneensis	1870984	S	1	0	1	0.00000
Murdochiella vaginalis	1852373	S	1	0	1	0.00000
Schnuerera ultunensis	45497	S	4	0	4	0.00000
Keratinibaculum paraultunense	1278232	S	2	0	2	0.00000
Gottschalkia acidurici	1556	S	1	0	1	0.00000
Ezakiella massiliensis	1852374	S	2	0	2	0.00000
Sedimentibacter sp. zth1	2816908	S	1	0	1	0.00000
Erysipelothrix rhusiopathiae	1648	S	3	0	3	0.00000
Erysipelothrix sp. HDW6A	2714928	S	1	0	1	0.00000
Erysipelatoclostridium ramosum	1547	S	2	0	2	0.00000
[Clostridium] innocuum	1522	S	1	0	1	0.00000
Amedibacterium intestinale	2583452	S	2	1	3	0.00000
Limnochorda pilosa	1555112	S	2	0	2	0.00000
Nostoc sp. PCC 7524	28072	S	11	0	11	0.00000
Nostoc sp. TCL240-02	2572090	S	6	1	7	0.00000
Nostoc sp. ATCC 53789	76335	S	4	4	8	0.00000
Nostoc sp. CENA543	1869241	S	4	0	4	0.00000
Nostoc sp. NIES-4103	2005458	S	4	0	4	0.00000
Nostoc sp. 'Peltigera membranacea cyanobiont' N6	1261031	S	3	0	3	0.00000
Nostoc sp. C052	2576902	S	2	0	2	0.00000
Nostoc sp. TCL26-01	2576904	S	2	0	2	0.00000
Nostoc sp. 'Lobaria pulmonaria (5183) cyanobiont'	1618022	S	1	0	1	0.00000
Nostoc sp. C057	2576903	S	1	1	2	0.00000
Nostoc carneum	374162	S	4	16	20	0.00000
Nostoc sphaeroides	446679	S	3	0	3	0.00000
Nostoc linckia	92942	S	2	1	3	0.00000
Nostoc punctiforme	272131	S	2	0	2	0.00000
Nostoc piscinale	224012	S	1	0	1	0.00000
Nostoc flagelliforme	1306274	S	1	0	1	0.00000
Anabaena sp. YBS01	2490939	S	10	159	169	0.00000
Anabaena sp. WA102	1647413	S	1	3	4	0.00000
Anabaena cylindrica	1165	S	1	0	1	0.00000
Calothrix parasitica	1973486	S	14	0	14	0.00000
Calothrix sp. NIES-2098	1954171	S	3	4	7	0.00000
Calothrix sp. 336/3	1337936	S	2	0	2	0.00000
Calothrix sp. PCC 7507	99598	S	1	0	1	0.00000
Calothrix sp. NIES-2100	1954172	S	1	1	2	0.00000
Calothrix brevissima	938406	S	2	1	3	0.00000
Calothrix parietina	32054	S	1	0	1	0.00000
Scytonema sp. HK-05	1137095	S	3	0	3	0.00000
Scytonema sp. NIES-4073	2005464	S	1	0	1	0.00000
Brasilonema sennae	1397703	S	2	0	2	0.00000
Microchaete diplosiphon	1197	S	3	10	13	0.00000
Rivularia sp. PCC 7116	373994	S	3	0	3	0.00000
Sphaerospermopsis kisseleviana	289435	S	2	0	2	0.00000
Raphidiopsis curvata	312883	S	1	0	1	0.00000
Fischerella sp. NIES-4106	2005456	S	2	0	2	0.00000
Fischerella sp. NIES-3754	1752063	S	1	0	1	0.00000
Tolypothrix sp. PCC 7910	2099387	S	2	3	5	0.00000
Oscillatoria nigro-viridis	482564	S	37	0	37	0.00000
Oscillatoria acuminata	118323	S	2	0	2	0.00000
Moorea producens	1155739	S	5	0	5	0.00000
Planktothrix agardhii	1160	S	8	4	12	0.00000
Planktothrix rubescens	59512	S	1	0	1	0.00000
Oxynema sp. AP17	2064643	S	1	0	1	0.00000
Crinalium epipsammum	241425	S	1	0	1	0.00000
Gloeothece citriformis	2546356	S	2	0	2	0.00000
Gloeothece verrucosa	2546359	S	1	0	1	0.00000
Crocosphaera subtropica	2546360	S	3	0	3	0.00000
Candidatus Atelocyanobacterium thalassa	713887	S	3	0	3	0.00000
Euhalothece natronophila	577489	S	2	0	2	0.00000
Rippkaea orientalis	2546366	S	1	-1	0	0.00000
Microcystis aeruginosa	1126	S	6	0	6	0.00000
Microcystis sp. MC19	1967666	S	1	0	1	0.00000
Gloeocapsa sp. PCC 7428	1173026	S	3	0	3	0.00000
Chondrocystis sp. NIES-4102	2005460	S	3	0	3	0.00000
Geminocystis herdmanii	669359	S	1	0	1	0.00000
Cyanobacterium aponinum	379064	S	1	0	1	0.00000
Synechococcus sp. KORDI-100	1280380	S	2	0	2	0.00000
Synechococcus sp. PCC 7002	32049	S	2	3	5	0.00000
Synechococcus sp. RS9909	221352	S	1	0	1	0.00000
Synechococcus sp. PCC 7003	374981	S	1	0	1	0.00000
Synechococcus sp. JA-2-3B'a(2-13)	321332	S	1	0	1	0.00000
Synechococcus sp. CB0101	232348	S	1	0	1	0.00000
Synechococcus sp. SynAce01	1916956	S	1	0	1	0.00000
Dactylococcopsis salina	292566	S	1	0	1	0.00000
Acaryochloris marina	155978	S	12	0	12	0.00000
Prochlorococcus marinus	1219	S	5	0	5	0.00000
Prochlorococcus sp. MIT 0801	1501269	S	1	1	2	0.00000
Leptolyngbya sp. BL0902	1115757	S	2	0	2	0.00000
Leptolyngbya boryana	1184	S	1	0	1	0.00000
Pseudanabaena sp. ABRG5-3	685565	S	2	0	2	0.00000
Stanieria sp. NIES-3757	1807358	S	1	0	1	0.00000
Pleurocapsa minor	54308	S	1	0	1	0.00000
Gloeobacter kilaueensis	1416614	S	1	0	1	0.00000
Chroococcidiopsis thermalis	54299	S	1	0	1	0.00000
Mycoplasma sp. Mirounga ES2805-ORL	754514	S	2	0	2	0.00000
Mycoplasma sp. Mirounga ES2806-NAS	754516	S	2	0	2	0.00000
Mycoplasma neurolyticum	2120	S	2	0	2	0.00000
Mycoplasma penetrans	28227	S	2	0	2	0.00000
Mycoplasma iowae	2116	S	2	0	2	0.00000
Mycoplasma mycoides	2102	S	1	1	2	0.00000
Mycoplasma hyorhinis	2100	S	2	0	2	0.00000
Mycoplasma yeatsii	51365	S	1	0	1	0.00000
Mycoplasma anserisalpingitidis	519450	S	1	0	1	0.00000
Mycoplasma putrefaciens	2123	S	1	0	1	0.00000
Mycoplasma nasistruthionis	353852	S	1	0	1	0.00000
Mycoplasma hominis	2098	S	1	0	1	0.00000
Mycoplasma crocodyli	50052	S	1	0	1	0.00000
Mycoplasma canadense	29554	S	1	0	1	0.00000
Mycoplasma gallisepticum	2096	S	1	0	1	0.00000
Mycoplasma glycophilum	171285	S	4	0	4	0.00000
Mycoplasma cynos	171284	S	2	0	2	0.00000
Mycoplasma gallinaceum	29556	S	2	0	2	0.00000
Mycoplasma citelli	171281	S	1	0	1	0.00000
Mycoplasma canis	29555	S	1	0	1	0.00000
Mycoplasma meleagridis	29561	S	1	0	1	0.00000
Mycoplasma arginini	2094	S	1	0	1	0.00000
Ureaplasma urealyticum	2130	S	1	0	1	0.00000
Ureaplasma diversum	42094	S	1	0	1	0.00000
Ureaplasma parvum	134821	S	1	0	1	0.00000
Spiroplasma litorale	216942	S	4	0	4	0.00000
Spiroplasma chrysopicola	216933	S	3	0	3	0.00000
Spiroplasma gladiatoris	2143	S	2	0	2	0.00000
Spiroplasma monobiae	2136	S	1	0	1	0.00000
Spiroplasma apis	2137	S	1	0	1	0.00000
Spiroplasma cantharicola	362837	S	1	0	1	0.00000
Spiroplasma tabanidicola	324079	S	1	0	1	0.00000
Spiroplasma phoeniceum	47835	S	1	1	2	0.00000
Spiroplasma chinense	216932	S	1	0	1	0.00000
Mesoplasma florum	2151	S	3	0	3	0.00000
Mesoplasma lactucae	138853	S	1	0	1	0.00000
Mesoplasma tabanidae	219745	S	1	0	1	0.00000
Aster yellows witches'-broom phytoplasma	229545	S	1	1	2	0.00000
Candidatus Phytoplasma solani	69896	S	1	0	1	0.00000
Acholeplasma laidlawii	2148	S	1	0	1	0.00000
Candidatus Izimaplasma sp. HR1	1541959	S	2	0	2	0.00000
Deinococcus gobiensis	502394	S	3	0	3	0.00000
Deinococcus proteolyticus	55148	S	2	0	2	0.00000
Deinococcus actinosclerus	1768108	S	2	0	2	0.00000
Deinococcus wulumuqiensis	980427	S	2	0	2	0.00000
Deinococcus ficus	317577	S	1	0	1	0.00000
Deinococcus peraridilitoris	432329	S	1	0	1	0.00000
Deinococcus geothermalis	68909	S	1	0	1	0.00000
Deinococcus puniceus	1182568	S	1	0	1	0.00000
Deinococcus metallilatus	1211322	S	1	0	1	0.00000
Deinococcus soli Cha et al. 2016	1309411	S	1	0	1	0.00000
Deinococcus sp. S14-83	2489213	S	1	0	1	0.00000
Thermus thermophilus	274	S	4	1	5	0.00000
Thermus scotoductus	37636	S	3	0	3	0.00000
Thermus aquaticus	271	S	1	0	1	0.00000
Thermus caldilimi	2483360	S	1	0	1	0.00000
Oceanithermus profundus	187137	S	2	0	2	0.00000
Meiothermus taiwanensis	172827	S	1	0	1	0.00000
Truepera radiovictrix	332249	S	2	0	2	0.00000
Candidatus Promineofilum breve	1806508	S	5	0	5	0.00000
Roseiflexus sp. RS-1	357808	S	3	0	3	0.00000
Sphaerobacter thermophilus	2057	S	1	0	1	0.00000
Thermomicrobium roseum	500	S	1	0	1	0.00000
Dehalogenimonas sp. GP	1536648	S	1	0	1	0.00000
Dehalococcoides mccartyi	61435	S	1	0	1	0.00000
Caldilinea aerophila	133453	S	2	0	2	0.00000
Tepidiforma bonchosmolovskayae	2601677	S	2	0	2	0.00000
Anaerolinea thermophila	167964	S	1	0	1	0.00000
Ktedonosporobacter rubrisoli	2509675	S	1	0	1	0.00000
Fimbriimonas ginsengisoli	1005039	S	1	0	1	0.00000
Flavobacterium sp. SLB02	2665645	S	7	1	8	0.00000
Flavobacterium sp. BB8	2816357	S	6	1	7	0.00000
Flavobacterium sp. MDT1-60	1979344	S	6	1	7	0.00000
Flavobacterium sp. Sr18	935222	S	5	0	5	0.00000
Flavobacterium sp. 140616W15	2478552	S	5	1	6	0.00000
Flavobacterium sp. I3-2	2748319	S	5	2	7	0.00000
Flavobacterium sp. M31R6	2739062	S	5	0	5	0.00000
Flavobacterium sp. KBS0721	1179672	S	4	1	5	0.00000
Flavobacterium sp. xlx-214	2654325	S	3	0	3	0.00000
Flavobacterium sp. CS20	2775246	S	2	0	2	0.00000
Flavobacterium sp. HYN0086	2249356	S	2	0	2	0.00000
Flavobacterium sp. P2-65	2748320	S	2	0	2	0.00000
Flavobacterium sp. CLA17	2724135	S	2	0	2	0.00000
Flavobacterium psychrophilum	96345	S	14	2	16	0.00000
Flavobacterium nackdongense	2547394	S	12	0	12	0.00000
Flavobacterium branchiophilum	55197	S	8	0	8	0.00000
Flavobacterium sangjuense	2518177	S	7	0	7	0.00000
Flavobacterium indicum	312277	S	5	0	5	0.00000
Flavobacterium crocinum	2183896	S	5	2	7	0.00000
Flavobacterium nitrogenifigens	1617283	S	5	4	9	0.00000
Flavobacterium columnare	996	S	4	0	4	0.00000
Flavobacterium crassostreae	1763534	S	4	0	4	0.00000
Flavobacterium gilvum	1492737	S	4	0	4	0.00000
Flavobacterium faecale	1355330	S	3	0	3	0.00000
Flavobacterium commune	1306519	S	3	0	3	0.00000
Flavobacterium anhuiense	459526	S	2	1	3	0.00000
Flavobacterium johnsoniae	986	S	2	1	3	0.00000
Flavobacterium alkalisoli	2602769	S	2	0	2	0.00000
Flavobacterium album	2175091	S	1	0	1	0.00000
Flavobacterium sediminis	2201181	S	1	0	1	0.00000
Polaribacter sp. ALD11	2058137	S	4	1	5	0.00000
Polaribacter sp. G4M1	2808900	S	3	0	3	0.00000
Polaribacter sp. L3A8	2686361	S	2	0	2	0.00000
Polaribacter sp. MED152	313598	S	1	0	1	0.00000
Polaribacter sp. SA4-12	1312072	S	1	0	1	0.00000
Polaribacter sp. Hel1_33_78	1336804	S	1	0	1	0.00000
Polaribacter sp. KT25b	1855336	S	1	0	1	0.00000
Polaribacter sp. L12M9	2738844	S	1	0	1	0.00000
Polaribacter vadi	1774273	S	3	0	3	0.00000
Polaribacter sejongensis	985043	S	2	0	2	0.00000
Polaribacter haliotis	1888915	S	2	1	3	0.00000
Tenacibaculum sp. SZ-18	754423	S	3	0	3	0.00000
Tenacibaculum sp. DSM 106434	2358479	S	3	0	3	0.00000
Tenacibaculum mesophilum	104268	S	3	0	3	0.00000
Tenacibaculum dicentrarchi	669041	S	3	0	3	0.00000
Tenacibaculum jejuense	584609	S	2	0	2	0.00000
Tenacibaculum maritimum	107401	S	1	0	1	0.00000
Tenacibaculum todarodis	1850252	S	1	0	1	0.00000
Capnocytophaga sp. oral taxon 878	1316596	S	3	1	4	0.00000
Capnocytophaga sputigena	1019	S	2	0	2	0.00000
Capnocytophaga canimorsus	28188	S	2	0	2	0.00000
Capnocytophaga haemolytica	45243	S	2	0	2	0.00000
Capnocytophaga ochracea	1018	S	1	0	1	0.00000
Capnocytophaga endodontalis	2708117	S	1	0	1	0.00000
Formosa sp. Hel3_A1_48	1336795	S	3	0	3	0.00000
Formosa sp. L2A11	2686363	S	3	1	4	0.00000
Formosa agariphila	320324	S	3	0	3	0.00000
Myroides odoratimimus	76832	S	3	5	8	0.00000
Myroides phaeus	702745	S	2	0	2	0.00000
Gramella forsetii	411153	S	3	0	3	0.00000
Gramella salexigens	1913577	S	3	0	3	0.00000
Gramella sp. MAR_2010_147	1250205	S	2	0	2	0.00000
Cellulophaga lytica	979	S	3	0	3	0.00000
Cellulophaga algicola	59600	S	3	0	3	0.00000
Cellulophaga baltica	76594	S	2	0	2	0.00000
Aquimarina sp. AD10	1714849	S	4	0	4	0.00000
Aquimarina sp. BL5	1714860	S	3	0	3	0.00000
Aquimarina sp. TRL1	2736252	S	1	0	1	0.00000
Amniculibacterium sp. G2-70	2767188	S	7	1	8	0.00000
Lacinutrix sp. 5H-3-7-4	983544	S	2	0	2	0.00000
Lacinutrix sp. WUR7	2653681	S	2	0	2	0.00000
Lacinutrix sp. Bg11-31	2057808	S	1	0	1	0.00000
Lacinutrix venerupis	1486034	S	2	0	2	0.00000
Winogradskyella sp. J14-2	1936080	S	2	0	2	0.00000
Winogradskyella sp. PC-19	754417	S	1	0	1	0.00000
Winogradskyella forsetii	2686077	S	2	0	2	0.00000
Winogradskyella sediminis	1382466	S	1	0	1	0.00000
Winogradskyella schleiferi	2686078	S	1	0	1	0.00000
Kordia sp. SMS9	2282170	S	4	0	4	0.00000
Kordia antarctica	1218801	S	2	0	2	0.00000
Algibacter sp. L1A34	2686365	S	3	0	3	0.00000
Algibacter sp. L3A6	2686366	S	2	0	2	0.00000
Algibacter alginicilyticus	1736674	S	1	0	1	0.00000
Tamlana carrageenivorans	2069432	S	3	1	4	0.00000
Tamlana sp. s12	1630406	S	1	0	1	0.00000
Nonlabens marinus	930802	S	3	1	4	0.00000
Nonlabens sp. MB-3u-79	2058134	S	1	0	1	0.00000
Flavivirga eckloniae	1803846	S	3	0	3	0.00000
Antarcticibacterium arcticum	2585771	S	2	0	2	0.00000
Antarcticibacterium flavum	2058175	S	1	0	1	0.00000
Zobellia galactanivorans	63186	S	2	0	2	0.00000
Oceanihabitans sp. IOP_32	2529032	S	2	0	2	0.00000
Salegentibacter salegens	143223	S	2	0	2	0.00000
Changchengzhania lutea	2049305	S	2	0	2	0.00000
Maribacter sp. HTCC2170	313603	S	1	0	1	0.00000
Maribacter sp. MJ134	2496865	S	1	0	1	0.00000
Gillisia sp. Hel1_33_143	1336796	S	2	0	2	0.00000
Croceibacter atlanticus	313588	S	2	0	2	0.00000
Gilvibacter sp. SZ-19	754429	S	1	0	1	0.00000
Wenyingzhuangia fucanilytica	1790137	S	1	0	1	0.00000
Siansivirga zeaxanthinifaciens	762954	S	1	0	1	0.00000
Mariniflexile sp. TRM1-10	2027857	S	1	0	1	0.00000
Flagellimonas maritima	1383885	S	1	0	1	0.00000
Urechidicola croceus	1850246	S	1	0	1	0.00000
Zunongwangia profunda	398743	S	1	1	2	0.00000
Lutibacter profundi	1622118	S	1	0	1	0.00000
Muricauda ruestringensis	111501	S	1	0	1	0.00000
Psychroflexus sp. ALD_RP9	2777186	S	1	0	1	0.00000
Chryseobacterium sp. 3008163	2478663	S	6	0	6	0.00000
Chryseobacterium sp. IHB B 17019	1721091	S	3	0	3	0.00000
Chryseobacterium sp. POL2	2713414	S	3	0	3	0.00000
Chryseobacterium sp. NEB161	2724619	S	2	1	3	0.00000
Chryseobacterium sp. StRB126	878220	S	1	0	1	0.00000
Chryseobacterium sp. T16E-39	2015076	S	1	0	1	0.00000
Chryseobacterium sp. G0162	2487063	S	1	1	2	0.00000
Chryseobacterium sp. G0186	2487064	S	1	0	1	0.00000
Chryseobacterium sp. G0201	2487065	S	1	0	1	0.00000
Chryseobacterium sp. NBC 122	2547600	S	1	0	1	0.00000
Chryseobacterium sp. cx-624	2758037	S	1	0	1	0.00000
Chryseobacterium aureum	2497456	S	8	1	9	0.00000
Chryseobacterium indologenes	253	S	5	1	6	0.00000
Chryseobacterium piperi	558152	S	4	0	4	0.00000
Chryseobacterium balustinum	246	S	3	1	4	0.00000
Chryseobacterium indoltheticum	254	S	3	0	3	0.00000
Chryseobacterium manosquense	2754694	S	3	3	6	0.00000
Chryseobacterium shandongense	1493872	S	3	1	4	0.00000
Chryseobacterium gallinarum	1324352	S	3	0	3	0.00000
Chryseobacterium arthrosphaerae	651561	S	2	0	2	0.00000
Chryseobacterium glaciei	1685010	S	2	0	2	0.00000
Chryseobacterium gleum	250	S	1	1	2	0.00000
Chryseobacterium camelliae	1265445	S	1	0	1	0.00000
Chryseobacterium nakagawai	1241982	S	1	1	2	0.00000
Chryseobacterium joostei	112234	S	1	0	1	0.00000
Kaistella jeonii	266749	S	12	0	12	0.00000
Kaistella antarctica	266748	S	2	0	2	0.00000
Chryseobacterium haifense	421525	S	2	1	3	0.00000
Kaistella carnis	1241979	S	1	0	1	0.00000
Kaistella flava (ex Peng et al. 2021)	2038776	S	1	0	1	0.00000
Chryseobacterium lactis	1241981	S	3	2	5	0.00000
Epilithonimonas vandammei	2487072	S	3	2	5	0.00000
Chryseobacterium taklimakanense	536441	S	2	0	2	0.00000
Cloacibacterium normanense	237258	S	16	1	17	0.00000
Elizabethkingia anophelis	1117645	S	3	1	4	0.00000
Elizabethkingia bruuniana	1756149	S	1	1	2	0.00000
Elizabethkingia sp. JS20170427COW	2583851	S	1	0	1	0.00000
Empedobacter brevis	247	S	3	0	3	0.00000
Empedobacter falsenii	343874	S	1	0	1	0.00000
Empedobacter stercoris	1628248	S	1	0	1	0.00000
Ornithobacterium rhinotracheale	28251	S	1	0	1	0.00000
Blattabacterium cuenoti	1653831	S	16	0	16	0.00000
Blattabacterium sp. DPU	2715232	S	5	0	5	0.00000
Blattabacterium punctulatus	164514	S	1	0	1	0.00000
Ichthyobacterium seriolicida	242600	S	2	0	2	0.00000
Fluviicola taffensis	191579	S	2	0	2	0.00000
Pedobacter sp. SW-16	2766984	S	27	6	33	0.00000
Pedobacter sp. G11	2482728	S	13	1	14	0.00000
Pedobacter sp. HDW13	2714940	S	6	0	6	0.00000
Pedobacter sp. CJ43	2605747	S	4	0	4	0.00000
Pedobacter sp. JBR3-12	2789740	S	3	0	3	0.00000
Pedobacter sp. PACM 27299	1727164	S	2	0	2	0.00000
Pedobacter sp. eg	2201271	S	2	0	2	0.00000
Pedobacter sp. KBS0701	2578106	S	2	0	2	0.00000
Pedobacter roseus	336820	S	7	1	8	0.00000
Pedobacter cryoconitis	188932	S	6	0	6	0.00000
Pedobacter suwonensis	332999	S	6	0	6	0.00000
Pedobacter heparinus	984	S	2	0	2	0.00000
Pedobacter ginsengisoli	363852	S	2	0	2	0.00000
Mucilaginibacter sp. 14171R-50	2703789	S	3	0	3	0.00000
Mucilaginibacter sp. F39-2	2728022	S	2	0	2	0.00000
Mucilaginibacter mallensis	652787	S	3	0	3	0.00000
Mucilaginibacter gotjawali	1550579	S	3	0	3	0.00000
Mucilaginibacter celer	2305508	S	3	0	3	0.00000
Mucilaginibacter paludis	423351	S	2	0	2	0.00000
Mucilaginibacter mali	2740462	S	2	0	2	0.00000
Mucilaginibacter ginsenosidivorax	862126	S	1	0	1	0.00000
Mucilaginibacter xinganensis	1234841	S	1	0	1	0.00000
Mucilaginibacter rubeus	2027860	S	1	3	4	0.00000
Mucilaginibacter ginkgonis	2682091	S	1	0	1	0.00000
Sphingobacterium sp. DR205	2713573	S	2	0	2	0.00000
Sphingobacterium sp. UDSM-2020	2795738	S	2	0	2	0.00000
Sphingobacterium sp. ML3W	1538644	S	1	0	1	0.00000
Sphingobacterium sp. dk4302	2662364	S	1	0	1	0.00000
Sphingobacterium spiritivorum	258	S	2	0	2	0.00000
Sphingobacterium mizutaii	1010	S	2	0	2	0.00000
Sphingobacterium multivorum	28454	S	2	2	4	0.00000
Sphingobacterium thalpophilum	259	S	1	0	1	0.00000
Sphingobacterium daejeonense	371142	S	1	0	1	0.00000
Sphingobacterium hotanense	649196	S	1	0	1	0.00000
Olivibacter sp. LS-1	2592345	S	4	2	6	0.00000
Solitalea canadensis	995	S	3	0	3	0.00000
Spirosoma sp. KUDC1026	2745947	S	23	0	23	0.00000
Spirosoma sp. KCTC 42546	2520506	S	3	0	3	0.00000
Spirosoma sp. PL0136	2710596	S	1	0	1	0.00000
Spirosoma sp. CJU-R4	2728024	S	1	0	1	0.00000
Spirosoma pollinicola	2057025	S	4	0	4	0.00000
Spirosoma montaniterrae	1178516	S	3	0	3	0.00000
Spirosoma aerolatum	1211326	S	2	0	2	0.00000
Spirosoma endbachense	2666025	S	2	0	2	0.00000
Spirosoma rigui	564064	S	1	0	1	0.00000
Spirosoma taeanense	2735870	S	1	0	1	0.00000
Runella sp. HYN0085	2259595	S	3	0	3	0.00000
Runella sp. SP2	2268026	S	3	0	3	0.00000
Runella slithyformis	106	S	4	0	4	0.00000
Cytophaga hutchinsonii	985	S	5	0	5	0.00000
Fibrella aestuarina	651143	S	5	0	5	0.00000
Arcticibacterium luteifluviistationis	1784714	S	5	0	5	0.00000
Dyadobacter sp. Q3-56	2747268	S	2	0	2	0.00000
Dyadobacter fermentans	94254	S	1	0	1	0.00000
Rhodocytophaga rosea	2704465	S	3	0	3	0.00000
Leadbetterella byssophila	316068	S	2	0	2	0.00000
Aquirufa nivalisilvae	2516557	S	2	0	2	0.00000
Hymenobacter sp. DG25A	1385663	S	3	0	3	0.00000
Hymenobacter sp. NBH84	2596915	S	2	0	2	0.00000
Hymenobacter sp. TS19	2735321	S	2	0	2	0.00000
Hymenobacter sp. DG25B	1385664	S	1	0	1	0.00000
Hymenobacter sp. PAMC 26554	1484116	S	1	0	1	0.00000
Hymenobacter sp. DG01	2584940	S	1	0	1	0.00000
Hymenobacter sp. S2-20-2	2761579	S	1	0	1	0.00000
Hymenobacter sedentarius	1411621	S	6	0	6	0.00000
Hymenobacter swuensis	1446467	S	2	0	2	0.00000
Hymenobacter oligotrophus	2319843	S	2	0	2	0.00000
Hymenobacter nivis	1850093	S	1	0	1	0.00000
Hymenobacter radiodurans	2496028	S	1	0	1	0.00000
Hymenobacter jejuensis	2502781	S	1	0	1	0.00000
Hymenobacter baengnokdamensis	2615203	S	1	0	1	0.00000
Hymenobacter russus	2724192	S	1	0	1	0.00000
Adhaeribacter swui	2086471	S	2	0	2	0.00000
Adhaeribacter radiodurans	2745197	S	1	0	1	0.00000
Pontibacter akesuensis	388950	S	2	0	2	0.00000
Pontibacter sp. SGAir0037	2571030	S	1	0	1	0.00000
Rufibacter tibetensis	512763	S	2	0	2	0.00000
Rufibacter radiotolerans	1379910	S	1	0	1	0.00000
Bernardetia litoralis	999	S	8	0	8	0.00000
Cyclobacterium amurskyense	320787	S	2	0	2	0.00000
Cyclobacterium marinum	104	S	1	0	1	0.00000
Belliella baltica	232259	S	1	0	1	0.00000
Algoriphagus sanaruensis	1727163	S	1	0	1	0.00000
Flammeovirga pectinis	2494373	S	3	0	3	0.00000
Flammeovirga sp. MY04	1191459	S	2	0	2	0.00000
Candidatus Cardinium hertigii	247481	S	1	0	1	0.00000
Chryseolinea soli	2321403	S	1	0	1	0.00000
Marivirga tractuosa	1006	S	1	0	1	0.00000
Arachidicoccus sp. BS20	1850526	S	5	1	6	0.00000
Arachidicoccus sp. B3-10	2545455	S	5	0	5	0.00000
Arachidicoccus soli	2341117	S	4	0	4	0.00000
Arachidicoccus ginsenosidivorans	496057	S	3	0	3	0.00000
Pseudobacter ginsenosidimutans	661488	S	12	1	13	0.00000
Chitinophaga pinensis	79329	S	4	0	4	0.00000
Chitinophaga sp. MD30	2033437	S	1	3	4	0.00000
Chitinophaga caeni	2029983	S	1	0	1	0.00000
Paraflavitalea soli	2315862	S	8	0	8	0.00000
Flavisolibacter tropicus	1492898	S	5	0	5	0.00000
Flavisolibacter ginsenosidimutans	661481	S	1	0	1	0.00000
Panacibacter ginsenosidivorans	1813871	S	5	0	5	0.00000
Filimonas lacunae	477680	S	3	0	3	0.00000
Flavihumibacter sp. SB-02	2676868	S	3	0	3	0.00000
Pseudocnuella soli	2502779	S	3	0	3	0.00000
Niastella koreensis	354356	S	2	0	2	0.00000
Niabella ginsenosidivorans	1176587	S	2	0	2	0.00000
Lacibacter sp. S13-6-6	2760713	S	2	0	2	0.00000
Bacteroides fragilis	817	S	5	2	7	0.00000
Bacteroides eggerthii	28111	S	2	0	2	0.00000
Bacteroides thetaiotaomicron	818	S	1	0	1	0.00000
Bacteroides ovatus	28116	S	1	0	1	0.00000
Bacteroides coprosuis	151276	S	1	0	1	0.00000
Bacteroides helcogenes	290053	S	1	0	1	0.00000
Bacteroides intestinalis	329854	S	1	0	1	0.00000
Bacteroides caecimuris	1796613	S	1	0	1	0.00000
Bacteroides sp. M10	2763022	S	1	0	1	0.00000
Prevotella melaninogenica	28132	S	3	0	3	0.00000
Prevotella intermedia	28131	S	2	0	2	0.00000
Prevotella sp. oral taxon 299	652716	S	2	0	2	0.00000
Prevotella dentalis	52227	S	1	0	1	0.00000
Prevotella copri	165179	S	1	0	1	0.00000
Paraprevotella xylaniphila	454155	S	1	0	1	0.00000
Petrimonas mucosa	1642646	S	5	0	5	0.00000
Proteiniphilum saccharofermentans	1642647	S	2	0	2	0.00000
Dysgonomonas sp. HDW5A	2714926	S	1	0	1	0.00000
Phocaeicola vulgatus	821	S	3	1	4	0.00000
Phocaeicola dorei	357276	S	1	0	1	0.00000
Phocaeicola coprophilus	387090	S	1	0	1	0.00000
Paludibacter propionicigenes	185300	S	6	0	6	0.00000
Butyricimonas virosa	544645	S	2	0	2	0.00000
Butyricimonas faecalis	2093856	S	2	0	2	0.00000
Odoribacter splanchnicus	28118	S	1	0	1	0.00000
Alistipes communis	2585118	S	2	0	2	0.00000
Alistipes megaguti	2364787	S	1	0	1	0.00000
Alistipes dispar	2585119	S	1	0	1	0.00000
Sodaliphilus pleomorphus	2606626	S	2	0	2	0.00000
Muribaculum gordoncarteri	2530390	S	1	0	1	0.00000
Porphyromonas gingivalis	837	S	2	0	2	0.00000
Salinivirga cyanobacteriivorans	1307839	S	1	0	1	0.00000
Coprobacter sp. 2CBH44	2751153	S	1	0	1	0.00000
Tannerella sp. oral taxon HOT-286	712710	S	1	0	1	0.00000
Labilibaculum antarcticum	1717717	S	4	0	4	0.00000
Draconibacterium orientale	1168034	S	1	1	2	0.00000
Haliscomenobacter hydrossis	2350	S	11	0	11	0.00000
Saprospira grandis	1008	S	2	0	2	0.00000
Salinibacter ruber	146919	S	1	0	1	0.00000
Chlorobium phaeobacteroides	1096	S	4	0	4	0.00000
Chlorobaculum limnaeum	274537	S	1	1	2	0.00000
Ignavibacterium album	591197	S	1	0	1	0.00000
Melioribacter roseus	1134405	S	1	0	1	0.00000
Gemmatimonas aurantiaca	173480	S	4	0	4	0.00000
Gemmatimonas phototrophica	1379270	S	4	0	4	0.00000
Gemmatimonas sp. TET16	2732249	S	2	0	2	0.00000
Gemmatirosa kalamazoonesis	861299	S	4	0	4	0.00000
Gemmata obscuriglobus	114	S	10	1	11	0.00000
Gemmata massiliana	1210884	S	9	2	11	0.00000
Gemmata sp. SH-PL17	1630693	S	4	1	5	0.00000
Urbifossiella limnaea	2528023	S	16	1	17	0.00000
Frigoriglobus tundricola	2774151	S	10	1	11	0.00000
Tuwongella immobilis	692036	S	3	0	3	0.00000
Limnoglobus roseus	2598579	S	3	0	3	0.00000
Pirellula sp. SH-Sr6A	1632865	S	4	0	4	0.00000
Pirellula staleyi	125	S	1	0	1	0.00000
Rosistilla oblonga	2527990	S	3	2	5	0.00000
Roseimaritima ulvae	980254	S	4	0	4	0.00000
Stieleria maiorica	2795974	S	2	0	2	0.00000
Stieleria neptunia	2527979	S	1	0	1	0.00000
Mariniblastus fucicola	980251	S	1	0	1	0.00000
Aureliella helgolandensis	2527968	S	1	0	1	0.00000
Anatilimnocola aggregata	2528021	S	1	0	1	0.00000
Lacipirellula limnantheis	2528024	S	5	0	5	0.00000
Aeoliella mucimassa	2527972	S	2	0	2	0.00000
Botrimarina mediterranea	2528022	S	2	0	2	0.00000
Gimesia chilikensis	2605989	S	5	2	7	0.00000
Gimesia panareensis	2527978	S	3	0	3	0.00000
Gimesia algae	2527971	S	1	0	1	0.00000
Planctomyces sp. SH-PL62	1636152	S	3	0	3	0.00000
Planctomyces sp. SH-PL14	1632864	S	1	0	1	0.00000
Fuerstia marisgermanicae	1891926	S	3	0	3	0.00000
Rubinisphaera brasiliensis	119	S	2	0	2	0.00000
Maioricimonas rarisocia	2528026	S	2	0	2	0.00000
Caulifigura coniformis	2527983	S	2	0	2	0.00000
Alienimonas californiensis	2527989	S	1	0	1	0.00000
Polystyrenella longa	2528007	S	1	0	1	0.00000
Aquisphaera giovannonii	406548	S	4	0	4	0.00000
Singulisphaera acidiphila	466153	S	2	0	2	0.00000
Tautonia plasticadhaerens	2527974	S	2	0	2	0.00000
Paludisphaera borealis	1387353	S	1	0	1	0.00000
Phycisphaera mikurensis	547188	S	1	0	1	0.00000
Sedimentisphaera cyanobacteriorum	1940790	S	1	0	1	0.00000
Verrucomicrobium spinosum	2736	S	9	0	9	0.00000
Verrucomicrobium sp. GAS474	1882831	S	1	0	1	0.00000
Roseimicrobium sp. ORNL1	2711231	S	10	0	10	0.00000
Luteolibacter luteus	2728835	S	7	0	7	0.00000
Akkermansia muciniphila	239935	S	2	0	2	0.00000
Akkermansia glycaniphila	1679444	S	1	0	1	0.00000
Opitutus terrae	107709	S	4	0	4	0.00000
Opitutus sp. GAS368	1882749	S	2	1	3	0.00000
Nibricoccus aquaticus	2576891	S	2	0	2	0.00000
Lacunisphaera limnophila	1838286	S	1	0	1	0.00000
Ereboglobus luteus	1796921	S	1	0	1	0.00000
Coraliomargarita akajimensis	395922	S	1	0	1	0.00000
Parachlamydia acanthamoebae	83552	S	3	2	5	0.00000
Simkania negevensis	83561	S	2	0	2	0.00000
Chlamydia sp. 2742-308	1806891	S	1	1	2	0.00000
Kiritimatiella glycovorans	1307763	S	2	0	2	0.00000
Candidatus Vampirococcus archaeovorus	1930593	S	1	0	1	0.00000
Borrelia coriaceae	144	S	4	0	4	0.00000
Borrelia crocidurae	29520	S	2	0	2	0.00000
Borrelia turcica	229155	S	2	0	2	0.00000
Borrelia turicatae	142	S	1	0	1	0.00000
Borrelia miyamotoi	47466	S	1	0	1	0.00000
Borreliella garinii	29519	S	2	0	2	0.00000
Borreliella burgdorferi	139	S	1	0	1	0.00000
Treponema succinifaciens	167	S	4	0	4	0.00000
Treponema denticola	158	S	3	0	3	0.00000
Treponema ruminis	744515	S	1	0	1	0.00000
Treponema sp. RCC2812	2787628	S	1	0	1	0.00000
Thiospirochaeta perfilievii	252967	S	1	0	1	0.00000
Leptospira interrogans	173	S	3	0	3	0.00000
Leptospira santarosai	28183	S	2	0	2	0.00000
Turneriella parva	29510	S	1	0	1	0.00000
Brachyspira intermedia	84377	S	2	0	2	0.00000
Brachyspira hyodysenteriae	159	S	1	0	1	0.00000
Brachyspira hampsonii	1287055	S	1	0	1	0.00000
Granulicella mallensis	940614	S	3	0	3	0.00000
Granulicella tundricola	940615	S	2	0	2	0.00000
Granulicella sp. 5B5	1617967	S	1	0	1	0.00000
Acidobacterium capsulatum	33075	S	2	0	2	0.00000
Terriglobus roseus	392734	S	1	0	1	0.00000
Terriglobus saanensis	870903	S	1	0	1	0.00000
Edaphobacter sp. 4G125	2763071	S	1	0	1	0.00000
Candidatus Koribacter versatilis	658062	S	1	0	1	0.00000
Candidatus Solibacter usitatus	332163	S	1	0	1	0.00000
Paludibaculum fermentans	1473598	S	1	0	1	0.00000
Luteitalea pratensis	1855912	S	2	0	2	0.00000
Fusobacterium nucleatum	851	S	3	0	3	0.00000
Fusobacterium hwasookii	1583098	S	3	0	3	0.00000
Fusobacterium varium	856	S	2	0	2	0.00000
Fusobacterium necrophorum	859	S	1	0	1	0.00000
Fusobacterium sp. oral taxon 203	671211	S	1	0	1	0.00000
Leptotrichia buccalis	40542	S	1	0	1	0.00000
Leptotrichia trevisanii	109328	S	1	0	1	0.00000
Leptotrichia shahii	157691	S	1	0	1	0.00000
Pseudothermotoga thermarum	119394	S	3	0	3	0.00000
Fervidobacterium pennivorans	93466	S	1	0	1	0.00000
Defluviitoga tunisiensis	1006576	S	1	0	1	0.00000
Tepiditoga spiralis	2108365	S	1	0	1	0.00000
Kosmotoga pacifica	1330330	S	1	0	1	0.00000
Candidatus Babela massiliensis	673862	S	3	0	3	0.00000
Caldithrix abyssi	187145	S	3	0	3	0.00000
Candidatus Endomicrobium trichonymphae	1408204	S	3	0	3	0.00000
Thermosulfidibacter takaii	412593	S	1	0	1	0.00000
Sulfurihydrogenibium azorense	309806	S	1	0	1	0.00000
Thermovibrio ammonificans	228745	S	1	0	1	0.00000
Thermodesulfobacterium geofontis	1295609	S	1	0	1	0.00000
Thermodesulfatator indicus	171695	S	1	0	1	0.00000
Caldisericum exile	693075	S	1	0	1	0.00000
Aminobacterium colombiense	81468	S	1	0	1	0.00000
Abyssogena phaseoliformis symbiont	596095	S	1	0	1	0.00000
Nitrospira sp. KM1	1936990	S	1	0	1	0.00000
Halosimplex litoreum	1198301	S	2	0	2	0.00000
Halosimplex rubrum	869889	S	1	0	1	0.00000
Haloarcula sp. JP-L23	2716717	S	1	0	1	0.00000
Natronomonas moolapensis	416273	S	1	0	1	0.00000
Halobacterium hubeiense	1407499	S	1	2	3	0.00000
Halarchaeum sp. CBA1220	1853682	S	2	0	2	0.00000
Natronobacterium gregoryi	44930	S	1	0	1	0.00000
Natronococcus occultus	29288	S	1	0	1	0.00000
Natrinema pellirubrum	69525	S	1	0	1	0.00000
Haloterrigena longa	370324	S	1	0	1	0.00000
Halovivax sp. KZCA124	2817025	S	1	0	1	0.00000
Halopiger xanaduensis	387343	S	1	0	1	0.00000
Natrarchaeobaculum sulfurireducens	2044521	S	1	0	1	0.00000
Haloferax volcanii	2246	S	2	0	2	0.00000
Halogeometricum borinquense	60847	S	1	0	1	0.00000
Haloquadratum walsbyi	293091	S	1	0	1	0.00000
Halopenitus persicus	1048396	S	2	0	2	0.00000
Halorubrum sp. BOL3-1	2497325	S	1	0	1	0.00000
Methanosarcina sp. WWM596	1434103	S	3	0	3	0.00000
Methanosarcina mazei	2209	S	2	0	2	0.00000
Methanosarcina barkeri	2208	S	1	0	1	0.00000
Methanosarcina horonobensis	418008	S	1	0	1	0.00000
Methanohalophilus mahii	2176	S	3	0	3	0.00000
Methanothrix soehngenii	2223	S	1	0	1	0.00000
Methanocella paludicola	570267	S	2	0	2	0.00000
Methanofollis liminatans	2201	S	1	0	1	0.00000
Thermococcus sp. P6	122420	S	2	0	2	0.00000
Thermococcus sp. 4557	1042877	S	1	0	1	0.00000
Thermococcus cleftensis	163003	S	2	0	2	0.00000
Thermococcus guaymasensis	110164	S	1	0	1	0.00000
Pyrococcus sp. NA2	342949	S	1	0	1	0.00000
Methanobacterium congolense	118062	S	1	0	1	0.00000
Methanosphaera sp. BMS	1789762	S	1	0	1	0.00000
Methanocaldococcus infernus	67760	S	2	0	2	0.00000
Nitrosopumilus oxyclinae	1959104	S	2	0	2	0.00000
Nitrosarchaeum sp. AC2	2259673	S	2	0	2	0.00000
Candidatus Nitrosomarinus catalina	1898749	S	1	0	1	0.00000
Candidatus Nitrosopelagicus brevis	1410606	S	1	0	1	0.00000
Nitrososphaera viennensis	1034015	S	1	0	1	0.00000
Conexivisphaera calida	1874277	S	1	0	1	0.00000
Sulfolobus islandicus	43080	S	1	0	1	0.00000
Sulfolobus sp. A20	1891280	S	1	0	1	0.00000
Acidianus brierleyi	41673	S	1	0	1	0.00000
Sulfodiicoccus acidiphilus	1670455	S	1	0	1	0.00000
Saccharolobus solfataricus	2287	S	1	0	1	0.00000
Pyrolobus fumarii	54252	S	1	0	1	0.00000
Candidatus Prometheoarchaeum syntrophicum	2594042	S	5	0	5	0.00000
Cuniculiplasma divulgatum	1673428	S	2	1	3	0.00000
Candidatus Mancarchaeum acidiphilum	1920749	S	1	0	1	0.00000
Flavobacterium phage vB_FspS_filifjonk9-1	2686245	S	15	17	32	0.00000
Flavobacterium phage vB_FspS_snusmum6-1	2686273	S	6	4	10	0.00000
Synechococcus phage S-CBS3	753085	S	3	0	3	0.00000
Gordonia phage Lambo	2599845	S	2	0	2	0.00000
Flavobacterium phage vB_FspS_hattifnatt9-1	2686246	S	2	0	2	0.00000
Flavobacterium phage vB_FspS_tooticki6-1	2686279	S	2	5	7	0.00000
Flavobacterium phage vB_FspS_mymlan6-1	2686266	S	2	4	6	0.00000
Lactococcus phage LW31	1965478	S	1	0	1	0.00000
Staphylococcus phage StB20	1147043	S	1	0	1	0.00000
Lactococcus phage phiL47	1412875	S	1	0	1	0.00000
Sinorhizobium phage phiLM21	1524882	S	1	0	1	0.00000
Proteus virus Isfahan	2560650	S	65	0	65	0.00000
Polaribacter virus P12002L	1982245	S	1	1	2	0.00000
Polaribacter virus P12002S	1982246	S	1	0	1	0.00000
Mycobacterium phage Aminay	2250291	S	2	0	2	0.00000
Mycobacterium virus Nigel	1983118	S	2	0	2	0.00000
Propionibacterium virus Lauchelly	1982257	S	1	0	1	0.00000
Propionibacterium virus P144	1982262	S	1	0	1	0.00000
Rhodobacter virus RcSpartan	1982574	S	1	0	1	0.00000
Enterococcus virus VD13	1982380	S	1	0	1	0.00000
Salmonella virus Sasha	2734275	S	1	0	1	0.00000
Lactococcus phage P680	1262537	S	1	0	1	0.00000
Gordonia virus GAL1	2560493	S	1	0	1	0.00000
Bordetella virus CN1	2734287	S	1	0	1	0.00000
Vibrio phage phi 1	1589297	S	1	0	1	0.00000
Pseudomonas phage ZC08	1622116	S	1	0	1	0.00000
Bacillus phage MG-B1	1309583	S	1	0	1	0.00000
Rhodoferax phage P26218	1636270	S	1	0	1	0.00000
Dunaliella viridis virus SI2	754069	S	1	0	1	0.00000
Pseudomonas phage O4	1784982	S	1	0	1	0.00000
Sulfitobacter phage phiCB2047-B	754046	S	1	0	1	0.00000
Ruegeria phage vB_RpoP-V13	2218612	S	1	0	1	0.00000
Staphylococcus virus Andhra	2732591	S	1	0	1	0.00000
Acinetobacter phage Acj61	760732	S	3	0	3	0.00000
Serratia phage Moabite	2587814	S	1	0	1	0.00000
Synechococcus phage S-CAM22	1883365	S	1	0	1	0.00000
Aeromonas phage 4_L372XY	2588520	S	1	0	1	0.00000
Synechococcus virus SSKS1	2734116	S	1	0	1	0.00000
Erwinia virus EaH2	2169883	S	1	0	1	0.00000
Curvibacter virus P26059B	2733926	S	3	0	3	0.00000
Celeribacter phage P12053L	1197951	S	2	0	2	0.00000
Human gammaherpesvirus 4	10376	S	3	0	3	0.00000
Yellowstone lake phycodnavirus 2	1586714	S	3	0	3	0.00000
Yellowstone lake phycodnavirus 3	1586715	S	2	0	2	0.00000
Yellowstone lake phycodnavirus 1	1586713	S	1	0	1	0.00000
Paramecium bursaria Chlorella virus A1	381899	S	1	0	1	0.00000
Megavirus chiliensis	1094892	S	2	0	2	0.00000
Acanthamoeba polyphaga mimivirus	212035	S	1	0	1	0.00000
Moumouvirus	985782	S	2	0	2	0.00000
Cafeteria roenbergensis virus	1513235	S	1	0	1	0.00000
Marseillevirus marseillevirus	694581	S	1	0	1	0.00000
Pteropox virus	1873698	S	1	0	1	0.00000
Mythimna separata entomopoxvirus	1179664	S	1	0	1	0.00000
Tipula oleracea nudivirus	1546257	S	1	0	1	0.00000
Gryllus bimaculatus nudivirus	432587	S	1	0	1	0.00000
Heliothis zea nudivirus	29250	S	1	0	1	0.00000
Pandoravirus macleodensis	2107707	S	1	0	1	0.00000
Halovirus HCTV-2	1273747	S	1	0	1	0.00000
Choristoneura rosaceana nucleopolyhedrovirus	58094	S	1	0	1	0.00000
Tomato chlorotic leaf distortion virus	1077859	S	1	0	1	0.00000
Torque teno virus 26	687365	S	1	0	1	0.00000
