name	taxonomy_id	taxonomy_lvl	kraken_assigned_reads	added_reads	new_est_reads	fraction_total_reads
Homo sapiens	9606	S	91150202	13891	91164093	0.99993
Acidovorax sp. KKS102	358220	S	78	23	101	0.00000
Acidovorax sp. JMULE5	2518343	S	37	5	42	0.00000
Acidovorax sp. 1608163	2478662	S	13	1	14	0.00000
Acidovorax sp. RAC01	1842533	S	10	3	13	0.00000
Acidovorax sp. T1	1858609	S	7	12	19	0.00000
Acidovorax sp. HDW3	2714923	S	5	0	5	0.00000
Acidovorax sp. JS42	232721	S	1	10	11	0.00000
Acidovorax carolinensis	553814	S	15	7	22	0.00000
Acidovorax avenae	80867	S	5	2	7	0.00000
Acidovorax cattleyae	80868	S	5	3	8	0.00000
Acidovorax antarcticus	2743470	S	5	1	6	0.00000
Acidovorax monticola	1926868	S	4	0	4	0.00000
Acidovorax ebreus	721785	S	2	10	12	0.00000
Acidovorax citrulli	80869	S	1	0	1	0.00000
Variovorax sp. 38R	2774875	S	24	14	38	0.00000
Variovorax sp. PAMC26660	2762322	S	17	1	18	0.00000
Variovorax sp. PAMC 28711	1795631	S	14	0	14	0.00000
Variovorax sp. HW608	1034889	S	13	0	13	0.00000
Variovorax sp. WDL1	207745	S	10	10	20	0.00000
Variovorax sp. RKNM96	2681552	S	8	1	9	0.00000
Variovorax sp. PAMC28562	2762323	S	6	0	6	0.00000
Variovorax sp. PBS-H4	434008	S	5	1	6	0.00000
Variovorax sp. PBL-H6	434009	S	3	4	7	0.00000
Variovorax sp. SRS16	282217	S	2	6	8	0.00000
Variovorax sp. RA8	662548	S	1	0	1	0.00000
Variovorax sp. PBL-E5	434014	S	1	3	4	0.00000
Variovorax paradoxus	34073	S	39	7	46	0.00000
Variovorax boronicumulans	436515	S	30	11	41	0.00000
Hydrogenophaga sp. PBC	795665	S	11	3	14	0.00000
Hydrogenophaga sp. BPS33	2651974	S	8	3	11	0.00000
Hydrogenophaga sp. BA0156	2716225	S	6	1	7	0.00000
Hydrogenophaga sp. YM1	2806262	S	6	1	7	0.00000
Hydrogenophaga sp. PBL-H3	434010	S	5	2	7	0.00000
Hydrogenophaga sp. RAC07	1842537	S	4	1	5	0.00000
Hydrogenophaga sp. NH-16	2184519	S	3	2	5	0.00000
Hydrogenophaga sp. PAMC20947	2565558	S	3	0	3	0.00000
Hydrogenophaga pseudoflava	47421	S	4	2	6	0.00000
Hydrogenophaga crassostreae	1763535	S	2	0	2	0.00000
Diaphorobacter sp. HDW4A	2714924	S	34	13	47	0.00000
Diaphorobacter sp. HDW4B	2714925	S	4	0	4	0.00000
Diaphorobacter sp. JS3051	2792224	S	2	20	22	0.00000
Diaphorobacter aerolatus	1288495	S	7	3	10	0.00000
Diaphorobacter ruginosibacter	1715720	S	2	0	2	0.00000
Diaphorobacter polyhydroxybutyrativorans	1546149	S	1	3	4	0.00000
Rhodoferax sp. BAB1	2741720	S	6	0	6	0.00000
Rhodoferax sp. AJA081-3	2752316	S	5	0	5	0.00000
Rhodoferax sp. PAMC29310	2822760	S	4	0	4	0.00000
Rhodoferax antarcticus	81479	S	8	0	8	0.00000
Rhodoferax koreense	1842727	S	8	3	11	0.00000
Rhodoferax ferrireducens	192843	S	6	0	6	0.00000
Rhodoferax saidenbachensis	1484693	S	5	0	5	0.00000
Rhodoferax sediminis	2509614	S	5	0	5	0.00000
Comamonas testosteroni	285	S	14	7	21	0.00000
Comamonas kerstersii	225992	S	5	0	5	0.00000
Comamonas piscis	1562974	S	4	0	4	0.00000
Comamonas koreensis	160825	S	3	0	3	0.00000
Comamonas aquatica	225991	S	3	0	3	0.00000
Comamonas sp. NLF-7-7	2597701	S	3	0	3	0.00000
Comamonas thiooxydans	363952	S	2	0	2	0.00000
Comamonas serinivorans	1082851	S	1	0	1	0.00000
Delftia lacustris	558537	S	7	18	25	0.00000
Delftia acidovorans	80866	S	6	5	11	0.00000
Delftia tsuruhatensis	180282	S	2	3	5	0.00000
Delftia sp. Cs1-4	742013	S	1	1	2	0.00000
Delftia sp. HK171	1920191	S	1	1	2	0.00000
Polaromonas sp. JS666	296591	S	11	0	11	0.00000
Polaromonas sp. H8N	1840297	S	1	2	3	0.00000
Polaromonas naphthalenivorans	216465	S	8	0	8	0.00000
Polaromonas vacuolata	37448	S	1	0	1	0.00000
Ottowia oryzae	2109914	S	13	0	13	0.00000
Ottowia sp. 27C	2816950	S	8	0	8	0.00000
Ottowia sp. oral taxon 894	1658672	S	2	0	2	0.00000
Alicycliphilus denitrificans	179636	S	20	19	39	0.00000
Kinneretia sp. DAIF2	2714952	S	16	1	17	0.00000
Limnohabitans sp. 63ED37-2	1678128	S	12	0	12	0.00000
Limnohabitans sp. 103DPR2	1678129	S	1	0	1	0.00000
Curvibacter sp. AEP1-3	1844971	S	11	0	11	0.00000
Schlegelella thermodepolymerans	215580	S	7	0	7	0.00000
Ramlibacter tataouinensis	94132	S	7	0	7	0.00000
Verminephrobacter eiseniae	364317	S	5	0	5	0.00000
Serpentinomonas mccroryi	1458426	S	3	0	3	0.00000
Serpentinomonas raichei	1458425	S	1	0	1	0.00000
Simplicispira suum	2109915	S	3	0	3	0.00000
Melaminivora sp. SC2-9	2109913	S	3	0	3	0.00000
Pulveribacter suum	2116657	S	2	0	2	0.00000
Janthinobacterium sp. HH102	1537274	S	28	32	60	0.00000
Janthinobacterium sp. LM6	1938606	S	28	8	36	0.00000
Janthinobacterium sp. 1_2014MBL_MicDiv	1644131	S	16	2	18	0.00000
Janthinobacterium sp. PLB02	2808899	S	5	6	11	0.00000
Janthinobacterium sp. Marseille	375286	S	2	0	2	0.00000
Janthinobacterium sp. B9-8	1236179	S	1	0	1	0.00000
Janthinobacterium agaricidamnosum	55508	S	23	20	43	0.00000
Janthinobacterium tructae	2590869	S	14	3	17	0.00000
Janthinobacterium svalbardensis	368607	S	8	2	10	0.00000
Janthinobacterium lividum	29581	S	7	5	12	0.00000
Massilia sp. WG5	1707785	S	3	0	3	0.00000
Massilia sp. CCM 8941	2765360	S	3	0	3	0.00000
Massilia sp. LPB0304	2769491	S	2	1	3	0.00000
Massilia sp. NR 4-1	1678028	S	1	0	1	0.00000
Massilia lutea	321985	S	4	0	4	0.00000
Massilia oculi	945844	S	3	0	3	0.00000
Massilia flava	871742	S	2	0	2	0.00000
Massilia albidiflava	321983	S	1	0	1	0.00000
Massilia violaceinigra	2045208	S	1	0	1	0.00000
Collimonas fungivorans	158899	S	8	1	9	0.00000
Collimonas arenae	279058	S	4	0	4	0.00000
Collimonas pratensis	279113	S	3	0	3	0.00000
Herbaspirillum robiniae	2014887	S	2	0	2	0.00000
Herbaspirillum huttiense	863372	S	1	1	2	0.00000
Undibacterium sp. YM2	2058625	S	3	0	3	0.00000
Undibacterium sp. KW1	2058624	S	2	0	2	0.00000
Duganella sp. AF9R3	2728021	S	1	0	1	0.00000
Noviherbaspirillum sp. UKPF54	2601898	S	1	0	1	0.00000
Ralstonia solanacearum	305	S	69	10	79	0.00000
Ralstonia insidiosa	190721	S	3	0	3	0.00000
Ralstonia mannitolilytica	105219	S	2	0	2	0.00000
Ralstonia pseudosolanacearum	1310165	S	1	0	1	0.00000
Burkholderia lata	482957	S	6	2	8	0.00000
Burkholderia stagnalis	1503054	S	2	0	2	0.00000
Burkholderia cenocepacia	95486	S	2	2	4	0.00000
Burkholderia cepacia	292	S	2	2	4	0.00000
Burkholderia vietnamiensis	60552	S	1	2	3	0.00000
Burkholderia pseudomultivorans	1207504	S	1	1	2	0.00000
Burkholderia contaminans	488447	S	1	0	1	0.00000
Burkholderia pseudomallei	28450	S	3	5	8	0.00000
Burkholderia sp. MSMB0852	1637841	S	2	2	4	0.00000
Burkholderia thailandensis	57975	S	1	0	1	0.00000
Burkholderia sp. MSMB1588	1636423	S	1	2	3	0.00000
Burkholderia sp. CCGE1003	640512	S	2	0	2	0.00000
Burkholderia sp. NRF60-BP8	1637853	S	1	0	1	0.00000
Burkholderia sp. LA-2-3-30-S1-D2	1637862	S	1	0	1	0.00000
Burkholderia sp. IDO3	1705310	S	1	1	2	0.00000
Burkholderia gladioli	28095	S	3	0	3	0.00000
Cupriavidus taiwanensis	164546	S	9	1	10	0.00000
Cupriavidus basilensis	68895	S	4	0	4	0.00000
Cupriavidus metallidurans	119219	S	4	1	5	0.00000
Cupriavidus pauculus	82633	S	3	0	3	0.00000
Cupriavidus necator	106590	S	3	0	3	0.00000
Cupriavidus nantongensis	1796606	S	3	2	5	0.00000
Cupriavidus neocaledonicus	1040979	S	1	0	1	0.00000
Polynucleobacter difficilis	556054	S	13	0	13	0.00000
Polynucleobacter asymbioticus	576611	S	3	0	3	0.00000
Polynucleobacter acidiphobus	556053	S	2	0	2	0.00000
Polynucleobacter sp. LimPoW16	1743162	S	2	0	2	0.00000
Polynucleobacter wuianus	1743168	S	1	0	1	0.00000
Paraburkholderia sp. SOS3	1926494	S	1	0	1	0.00000
Paraburkholderia sp. 7MH5	2547399	S	1	0	1	0.00000
Paraburkholderia sp. Msb3	2604047	S	1	0	1	0.00000
Paraburkholderia sp. PGU19	2735434	S	1	0	1	0.00000
Paraburkholderia phytofirmans	261302	S	3	1	4	0.00000
Paraburkholderia caribensis	75105	S	2	1	3	0.00000
Paraburkholderia acidiphila	2571747	S	2	0	2	0.00000
Paraburkholderia aromaticivorans	2026199	S	2	0	2	0.00000
Paraburkholderia graminis	60548	S	1	0	1	0.00000
Paraburkholderia atlantica	2654982	S	1	0	1	0.00000
Paraburkholderia megapolitana	420953	S	1	0	1	0.00000
Pandoraea fibrosis	1891094	S	2	0	2	0.00000
Pandoraea sp. XY-2	2518599	S	2	0	2	0.00000
Pandoraea apista	93218	S	1	0	1	0.00000
Pandoraea pnomenusa	93220	S	1	0	1	0.00000
Pandoraea pulmonicola	93221	S	1	0	1	0.00000
Limnobacter sp. SAORIC-580	2732163	S	4	0	4	0.00000
Chitinimonas arctica	2594795	S	2	0	2	0.00000
Lautropia mirabilis	47671	S	1	0	1	0.00000
Rhizobacter sp. AJA081-3	2753607	S	10	1	11	0.00000
Rhizobacter gummiphilus	946333	S	6	0	6	0.00000
Paucibacter sp. KCTC 42545	1768242	S	14	1	15	0.00000
Mitsuaria sp. 7	1658665	S	13	1	14	0.00000
Roseateles depolymerans	76731	S	12	1	13	0.00000
Leptothrix cholodnii	34029	S	8	1	9	0.00000
Sphaerotilus natans	34103	S	7	1	8	0.00000
Rubrivivax gelatinosus	28068	S	6	1	7	0.00000
Inhella inkyongensis	392593	S	6	0	6	0.00000
Methylibium petroleiphilum	105560	S	1	4	5	0.00000
Aquabacterium olei	1296669	S	4	0	4	0.00000
Thiomonas intermedia	926	S	2	0	2	0.00000
Thiomonas sp. X19	1050370	S	1	0	1	0.00000
Xylophilus rhododendri	2697032	S	1	0	1	0.00000
Bordetella avium	521	S	4	0	4	0.00000
Bordetella petrii	94624	S	4	2	6	0.00000
Bordetella flabilis	463014	S	4	0	4	0.00000
Bordetella trematum	123899	S	2	0	2	0.00000
Bordetella genomosp. 13	463040	S	2	0	2	0.00000
Bordetella bronchiseptica	518	S	1	3	4	0.00000
Bordetella hinzii	103855	S	1	0	1	0.00000
Bordetella bronchialis	463025	S	1	0	1	0.00000
Bordetella genomosp. 9	1416803	S	1	0	1	0.00000
Bordetella sp. N	1746199	S	1	0	1	0.00000
Achromobacter xylosoxidans	85698	S	6	7	13	0.00000
Achromobacter sp. AONIH1	1758194	S	3	1	4	0.00000
Achromobacter sp. MFA1 R4	1881016	S	1	0	1	0.00000
Achromobacter spanius	217203	S	2	0	2	0.00000
Achromobacter denitrificans	32002	S	1	0	1	0.00000
Alcaligenes faecalis	511	S	4	0	4	0.00000
Orrella dioscoreae	1851544	S	3	0	3	0.00000
Castellaniella defragrans	75697	S	2	0	2	0.00000
Pelistega ratti	2652177	S	1	0	1	0.00000
Basilea psittacipulmonis	1472345	S	1	0	1	0.00000
Sutterella faecalis	2584944	S	2	0	2	0.00000
Nitrosomonas sp. Is79A3	261292	S	5	0	5	0.00000
Nitrosomonas communis	44574	S	1	0	1	0.00000
Nitrosomonas ureae	44577	S	1	0	1	0.00000
Denitratisoma sp. DHT3	1981880	S	2	0	2	0.00000
Denitratisoma oestradiolicum	311182	S	1	0	1	0.00000
Methyloversatilis sp. RAC08	1842540	S	3	0	3	0.00000
Sulfuritalea hydrogenivorans	748811	S	1	0	1	0.00000
Usitatibacter palustris	2732487	S	5	0	5	0.00000
Usitatibacter rugosus	2732067	S	1	0	1	0.00000
Methylotenera mobilis	359408	S	1	0	1	0.00000
Methylotenera versatilis	1055487	S	1	0	1	0.00000
Methylophilus medardicus	2588534	S	1	0	1	0.00000
Candidatus Methylopumilus turicensis	1581680	S	1	0	1	0.00000
Gallionella capsiferriformans	370405	S	1	0	1	0.00000
Sideroxydans lithotrophicus	63745	S	1	0	1	0.00000
Candidatus Nitrotoga sp. AM1P	2559597	S	1	0	1	0.00000
Ferriphaselus amnicola	1188319	S	1	0	1	0.00000
Thiobacillus denitrificans	36861	S	2	0	2	0.00000
Sulfurimicrobium lacus	2715678	S	1	0	1	0.00000
Azospira oryzae	146939	S	3	0	3	0.00000
Azospira sp. I09	1765049	S	2	0	2	0.00000
Oryzomicrobium terrae	1735038	S	3	0	3	0.00000
Aromatoleum petrolei	76116	S	1	1	2	0.00000
Rugosibacter aromaticivorans	1565605	S	1	0	1	0.00000
Azoarcus sp. CIB	198107	S	1	0	1	0.00000
Azoarcus sp. DN11	356837	S	1	0	1	0.00000
Azoarcus sp. DD4	2027405	S	1	0	1	0.00000
Azoarcus pumilus	2067960	S	2	0	2	0.00000
Azoarcus communis	41977	S	1	0	1	0.00000
Thauera aromatica	59405	S	1	2	3	0.00000
Thauera humireducens	1134435	S	1	0	1	0.00000
Thauera sp. K11	2005884	S	1	0	1	0.00000
Dechloromonas aromatica	259537	S	2	0	2	0.00000
Dechloromonas sp. HYN0024	2231055	S	2	0	2	0.00000
Chromobacterium violaceum	536	S	1	2	3	0.00000
Chromobacterium sp. ATCC 53434	2059672	S	1	1	2	0.00000
Aquitalea magnusonii	332411	S	1	0	1	0.00000
Aquitalea aquatilis	1537400	S	1	0	1	0.00000
Vogesella sp. LIG4	1192162	S	1	0	1	0.00000
Laribacter hongkongensis	168471	S	1	0	1	0.00000
Jeongeupia sp. USM3	1906741	S	1	0	1	0.00000
Neisseria animalis	492	S	1	0	1	0.00000
Neisseria animaloris	326522	S	1	1	2	0.00000
Conchiformibius steedae	153493	S	3	0	3	0.00000
Vitreoscilla filiformis	63	S	1	0	1	0.00000
Kingella kingae	504	S	1	0	1	0.00000
Crenobacter cavernae	2290923	S	1	0	1	0.00000
Candidatus Accumulibacter phosphatis	327160	S	2	0	2	0.00000
Casimicrobium huifangae	2591109	S	2	0	2	0.00000
Pseudomonas sp. CMR12a	658629	S	8	1	9	0.00000
Pseudomonas sp. CC6-YY-74	1930532	S	3	0	3	0.00000
Pseudomonas sp. UW4	1207075	S	2	0	2	0.00000
Pseudomonas sp. TCU-HL1	1856685	S	2	0	2	0.00000
Pseudomonas sp. M30-35	1981174	S	2	0	2	0.00000
Pseudomonas sp. MYb193	1827300	S	2	0	2	0.00000
Pseudomonas sp. BIOMIG1BAC	1758730	S	1	0	1	0.00000
Pseudomonas sp. URMO17WK12:I11	1283291	S	1	0	1	0.00000
Pseudomonas sp. 14181154	2662033	S	1	0	1	0.00000
Pseudomonas sp. RtIB026	2749999	S	1	0	1	0.00000
Pseudomonas sp. OST1909	2777367	S	1	1	2	0.00000
Pseudomonas sp. LPB0260	2614442	S	1	0	1	0.00000
Pseudomonas sp. R4-39-08	1173288	S	1	0	1	0.00000
Pseudomonas sp. ADAK13	2730847	S	1	0	1	0.00000
Pseudomonas sp. J380	2605424	S	1	0	1	0.00000
Pseudomonas sp. K2W31S-8	2320867	S	1	0	1	0.00000
Pseudomonas sp. DG56-2	2320270	S	1	0	1	0.00000
Pseudomonas fluorescens	294	S	17	7	24	0.00000
Pseudomonas tolaasii	29442	S	3	0	3	0.00000
Pseudomonas veronii	76761	S	3	3	6	0.00000
Pseudomonas protegens	380021	S	2	0	2	0.00000
Pseudomonas synxantha	47883	S	2	1	3	0.00000
Pseudomonas mandelii	75612	S	2	2	4	0.00000
Pseudomonas cedrina	651740	S	1	0	1	0.00000
Pseudomonas migulae	78543	S	1	0	1	0.00000
Pseudomonas aeruginosa	287	S	7	11	18	0.00000
Pseudomonas citronellolis	53408	S	4	1	5	0.00000
Pseudomonas furukawaii	1149133	S	4	0	4	0.00000
Pseudomonas multiresinivorans	95301	S	2	0	2	0.00000
Pseudomonas mendocina	300	S	1	0	1	0.00000
Pseudomonas alcaligenes	43263	S	1	0	1	0.00000
Pseudomonas putida	303	S	5	1	6	0.00000
Pseudomonas monteilii	76759	S	3	1	4	0.00000
Pseudomonas fulva	47880	S	1	3	4	0.00000
Pseudomonas oryzihabitans	47885	S	1	0	1	0.00000
Pseudomonas plecoglossicida	70775	S	1	0	1	0.00000
Pseudomonas stutzeri	316	S	8	0	8	0.00000
Pseudomonas xanthomarina	271420	S	1	0	1	0.00000
Pseudomonas chlororaphis	587753	S	6	3	9	0.00000
Pseudomonas syringae	317	S	2	0	2	0.00000
Pseudomonas cichorii	36746	S	1	0	1	0.00000
Pseudomonas asturiensis	1190415	S	1	0	1	0.00000
Pseudomonas entomophila	312306	S	2	0	2	0.00000
Pseudomonas lurida	244566	S	2	0	2	0.00000
Pseudomonas lalkuanensis	2604832	S	2	0	2	0.00000
Pseudomonas denitrificans (nom. rej.)	43306	S	2	0	2	0.00000
Pseudomonas otitidis	319939	S	1	0	1	0.00000
Pseudomonas kribbensis	1628086	S	1	0	1	0.00000
Pseudomonas antarctica	219572	S	1	0	1	0.00000
Pseudomonas palleroniana	191390	S	1	0	1	0.00000
Pseudomonas silesiensis	1853130	S	1	0	1	0.00000
Pseudomonas psychrophila	122355	S	1	0	1	0.00000
Pseudomonas arsenicoxydans	702115	S	1	0	1	0.00000
Azotobacter chroococcum	353	S	1	0	1	0.00000
Azotobacter vinelandii	354	S	1	-1	0	0.00000
Permianibacter aggregans	1510150	S	1	0	1	0.00000
Acinetobacter junii	40215	S	93	10	103	0.00000
Acinetobacter baumannii	470	S	7	14	21	0.00000
Acinetobacter nosocomialis	106654	S	2	0	2	0.00000
Acinetobacter pittii	48296	S	1	0	1	0.00000
Acinetobacter sp. WCHA45	2004644	S	2	1	3	0.00000
Acinetobacter sp. WCHAc010034	1879049	S	2	0	2	0.00000
Acinetobacter sp. ACNIH2	1758189	S	1	0	1	0.00000
Acinetobacter sp. TTH0-4	1646498	S	1	0	1	0.00000
Acinetobacter guillouiae	106649	S	3	0	3	0.00000
Acinetobacter haemolyticus	29430	S	2	0	2	0.00000
Acinetobacter dispersus	70348	S	2	0	2	0.00000
Acinetobacter lwoffii	28090	S	2	1	3	0.00000
Acinetobacter tandoii	202954	S	1	0	1	0.00000
Acinetobacter lanii	2715163	S	1	0	1	0.00000
Acinetobacter wuhouensis	1879050	S	1	0	1	0.00000
Acinetobacter indicus	756892	S	1	0	1	0.00000
Acinetobacter variabilis	70346	S	1	0	1	0.00000
Moraxella osloensis	34062	S	6	0	6	0.00000
Moraxella catarrhalis	480	S	1	0	1	0.00000
Psychrobacter sp. YP14	2203895	S	1	0	1	0.00000
Psychrobacter arenosus	256326	S	1	0	1	0.00000
Klebsiella pneumoniae	573	S	23	136	159	0.00000
Klebsiella aerogenes	548	S	5	0	5	0.00000
Klebsiella oxytoca	571	S	1	0	1	0.00000
Escherichia coli	562	S	7	12	19	0.00000
Citrobacter freundii	546	S	4	6	10	0.00000
Salmonella enterica	28901	S	4	3	7	0.00000
Enterobacteriaceae endosymbiont of Plateumaris rustica	2675796	S	1	0	1	0.00000
Enterobacteriaceae endosymbiont of Neohaemonia nigricornis	2675792	S	1	0	1	0.00000
Enterobacteriaceae endosymbiont of Macroplea appendiculata	2675790	S	1	0	1	0.00000
Enterobacteriaceae endosymbiont of Donacia simplex	2675784	S	1	0	1	0.00000
Blochmannia endosymbiont of Polyrhachis (Hedomyrma) turneri	1505596	S	1	1	2	0.00000
Candidatus Hamiltonella defensa	138072	S	1	0	1	0.00000
Raoultella ornithinolytica	54291	S	1	2	3	0.00000
Cronobacter sakazakii	28141	S	1	1	2	0.00000
Leclercia adecarboxylata	83655	S	1	0	1	0.00000
Leclercia sp. 119287	2681308	S	1	0	1	0.00000
Pluralibacter gergoviae	61647	S	1	0	1	0.00000
Pseudescherichia vulneris	566	S	1	0	1	0.00000
Serratia marcescens	615	S	5	1	6	0.00000
Serratia fonticola	47917	S	4	0	4	0.00000
Serratia liquefaciens	614	S	2	0	2	0.00000
Serratia proteamaculans	28151	S	2	0	2	0.00000
Serratia rubidaea	61652	S	1	0	1	0.00000
Serratia symbiotica	138074	S	1	0	1	0.00000
Serratia sp. KUDC3025	2597702	S	1	0	1	0.00000
Yersinia pseudotuberculosis	633	S	3	1	4	0.00000
Yersinia mollaretii	33060	S	1	0	1	0.00000
Yersinia entomophaga	935293	S	1	0	1	0.00000
Rahnella sp. ERMR1:05	1805933	S	1	0	1	0.00000
Ewingella americana	41202	S	1	0	1	0.00000
Providencia stuartii	588	S	2	5	7	0.00000
Proteus mirabilis	584	S	3	1	4	0.00000
Photorhabdus thracensis	230089	S	2	0	2	0.00000
Photorhabdus asymbiotica	291112	S	1	0	1	0.00000
Morganella morganii	582	S	1	0	1	0.00000
Xenorhabdus bovienii	40576	S	1	0	1	0.00000
Buchnera aphidicola	9	S	7	-1	6	0.00000
Candidatus Erwinia haradaeae	1922217	S	3	0	3	0.00000
Erwinia persicina	55211	S	1	0	1	0.00000
Pantoea sp. PSNIH1	1484158	S	1	1	2	0.00000
Brenneria rubrifaciens	55213	S	2	0	2	0.00000
Brenneria sp. Ir50	2722756	S	1	0	1	0.00000
Pectobacterium carotovorum	554	S	1	1	2	0.00000
Dickeya sp. NCPPB 3274	568766	S	1	0	1	0.00000
Lonsdalea britannica	1082704	S	1	0	1	0.00000
Edwardsiella tarda	636	S	1	0	1	0.00000
Limnobaculum parvum	2172103	S	1	0	1	0.00000
Sodalis praecaptivus	1239307	S	1	0	1	0.00000
Xanthomonas campestris	339	S	8	0	8	0.00000
Xanthomonas oryzae	347	S	6	0	6	0.00000
Xanthomonas euvesicatoria	456327	S	2	77	79	0.00000
Xanthomonas hortorum	56454	S	2	0	2	0.00000
Xanthomonas translucens	343	S	1	0	1	0.00000
Xanthomonas sp. GW	2724121	S	1	0	1	0.00000
Xanthomonas citri	346	S	1	0	1	0.00000
Xanthomonas theicola	56464	S	1	0	1	0.00000
Xanthomonas vasicola	56459	S	1	0	1	0.00000
Xanthomonas arboricola	56448	S	1	1	2	0.00000
Xanthomonas albilineans	29447	S	1	0	1	0.00000
Lysobacter enzymogenes	69	S	19	0	19	0.00000
Lysobacter sp. HDW10	2714936	S	1	0	1	0.00000
Lysobacter maris	1605891	S	2	0	2	0.00000
Lysobacter soli	453783	S	1	0	1	0.00000
Lysobacter lycopersici	1324796	S	1	0	1	0.00000
Lysobacter solisilvae	2763317	S	1	0	1	0.00000
Stenotrophomonas maltophilia	40324	S	12	1	13	0.00000
Stenotrophomonas sp. SAU14A_NAIMI4_8	2072409	S	2	0	2	0.00000
Stenotrophomonas sp. ZAC14D2_NAIMI4_7	2072405	S	1	0	1	0.00000
Stenotrophomonas sp. CW117	2775920	S	2	4	6	0.00000
Stenotrophomonas sp. Pemsol	2040586	S	1	0	1	0.00000
Stenotrophomonas sp. 364	2691571	S	1	0	1	0.00000
Stenotrophomonas sp. 169	2770322	S	1	0	1	0.00000
Stenotrophomonas rhizophila	216778	S	1	0	1	0.00000
Luteimonas sp. JM171	1896164	S	1	0	1	0.00000
Luteimonas sp. MC1572	2799325	S	1	0	1	0.00000
Luteimonas sp. MC1750	2799326	S	1	0	1	0.00000
Luteimonas granuli	1176533	S	2	0	2	0.00000
Luteimonas chenhongjianii	2006110	S	2	0	2	0.00000
Luteimonas yindakuii	2565782	S	1	0	1	0.00000
Thermomonas brevis	215691	S	4	0	4	0.00000
Thermomonas carbonis	1463158	S	1	0	1	0.00000
Pseudoxanthomonas mexicana	128785	S	4	0	4	0.00000
Pseudolysobacter antarcticus	2511995	S	2	0	2	0.00000
Arenimonas daejeonensis	370777	S	1	0	1	0.00000
Dyella japonica	231455	S	2	0	2	0.00000
Dyella thiooxydans	445710	S	1	0	1	0.00000
Dyella caseinilytica	1849581	S	1	0	1	0.00000
Dokdonella koreensis	323415	S	3	0	3	0.00000
Frateuria aurantia	81475	S	1	0	1	0.00000
Rhodanobacter denitrificans	666685	S	1	0	1	0.00000
Pasteurella multocida	747	S	35	10	45	0.00000
Haemophilus parainfluenzae	729	S	5	0	5	0.00000
Haemophilus influenzae	727	S	1	0	1	0.00000
Aggregatibacter sp. 2125159857	2820817	S	3	0	3	0.00000
Actinobacillus sp. GY-402	2774188	S	2	0	2	0.00000
Actinobacillus pleuropneumoniae	715	S	1	0	1	0.00000
Bisgaardia hudsonensis	109472	S	2	0	2	0.00000
Mannheimia varigena	85404	S	1	1	2	0.00000
Vespertiliibacter pulmonis	1443036	S	1	0	1	0.00000
Halomonas sp. JS92-SW72	2306583	S	15	0	15	0.00000
Halomonas sp. YLGW01	2773308	S	4	0	4	0.00000
Halomonas sp. THAF5a	2587844	S	3	0	3	0.00000
Halomonas sp. THAF12	2587849	S	3	0	3	0.00000
Halomonas sp. SH5A2	2749040	S	1	0	1	0.00000
Halomonas sp. HG01	1609967	S	1	0	1	0.00000
Halomonas sp. GT	1971364	S	1	0	1	0.00000
Halomonas piezotolerans	2609667	S	2	0	2	0.00000
Halomonas hydrothermalis	115561	S	2	2	4	0.00000
Halomonas aestuarii	1897729	S	1	0	1	0.00000
Halomonas chromatireducens	507626	S	1	0	1	0.00000
Cobetia sp. AM6	2661553	S	1	0	1	0.00000
Salinicola tamaricis	1771309	S	1	0	1	0.00000
Kushneria phosphatilytica	657387	S	1	0	1	0.00000
Marinomonas primoryensis	178399	S	2	0	2	0.00000
Bacterioplanes sanyensis	1249553	S	2	0	2	0.00000
Thalassolituus oleivorans	187493	S	1	0	1	0.00000
Spartinivicinus ruber	2683272	S	2	0	2	0.00000
Hahella chejuensis	158327	S	1	0	1	0.00000
Alcanivorax sp. N3-2A	2014542	S	2	0	2	0.00000
Endozoicomonas montiporae	1027273	S	1	0	1	0.00000
Marinobacter sp. LV10R510-11A	1415568	S	1	0	1	0.00000
Marinobacter sp. JH2	2547598	S	1	0	1	0.00000
Marinobacter salarius	1420917	S	1	0	1	0.00000
Marinobacter salinus	1874317	S	1	0	1	0.00000
Alteromonas naphthalenivorans	715451	S	1	1	2	0.00000
Agarivorans gilvus	680279	S	1	0	1	0.00000
Catenovulum sp. CCB-QB4	2172099	S	1	0	1	0.00000
Paraglaciecola psychrophila	326544	S	1	0	1	0.00000
Pseudoalteromonas piscicida	43662	S	1	0	1	0.00000
Pseudoalteromonas prydzensis	182141	S	1	0	1	0.00000
Pseudoalteromonas agarivorans	176102	S	1	1	2	0.00000
Pseudoalteromonas luteoviolacea	43657	S	1	0	1	0.00000
Psychrosphaera aestuarii	1266052	S	1	0	1	0.00000
Shewanella putrefaciens	24	S	1	0	1	0.00000
Shewanella donghaensis	238836	S	1	0	1	0.00000
Shewanella violacea	60217	S	1	0	1	0.00000
Shewanella halifaxensis	271098	S	1	0	1	0.00000
Shewanella sp. YLB-06	2593655	S	1	0	1	0.00000
Shewanella denitrificans	192073	S	1	0	1	0.00000
Shewanella loihica	359303	S	1	0	1	0.00000
Colwellia sp. MT41	58049	S	2	0	2	0.00000
Colwellia sp. PAMC 21821	1816219	S	1	0	1	0.00000
Methylomonas sp. LL1	2785785	S	16	0	16	0.00000
Methylomonas sp. LW13	107637	S	1	0	1	0.00000
Methylomicrobium album	39775	S	3	0	3	0.00000
Vibrio anguillarum	55601	S	4	0	4	0.00000
Vibrio alginolyticus	663	S	2	2	4	0.00000
Vibrio azureus	512649	S	1	0	1	0.00000
Vibrio sp. 2521-89	2014742	S	1	1	2	0.00000
Vibrio sp. Scap24	2589990	S	1	0	1	0.00000
Vibrio mediterranei	689	S	1	0	1	0.00000
Vibrio kanaloae	170673	S	1	0	1	0.00000
Vibrio navarrensis	29495	S	1	0	1	0.00000
Vibrio cyclitrophicus	47951	S	1	0	1	0.00000
Photobacterium damselae	38293	S	1	0	1	0.00000
Photobacterium profundum	74109	S	1	0	1	0.00000
Grimontia hollisae	673	S	1	0	1	0.00000
Legionella sp. MW5194	2662448	S	3	0	3	0.00000
Legionella sp. PC997	2755562	S	3	0	3	0.00000
Legionella sp. TUM19329	2708020	S	2	0	2	0.00000
Legionella oakridgensis	29423	S	2	0	2	0.00000
Legionella lansingensis	45067	S	1	0	1	0.00000
Legionella endosymbiont of Polyplax serrata	2005262	S	1	0	1	0.00000
Legionella hackeliae	449	S	1	0	1	0.00000
Tatlockia micdadei	451	S	1	0	1	0.00000
Candidatus Coxiella mudrowiae	2054173	S	2	0	2	0.00000
Candidatus Rickettsiella viridis	676208	S	1	0	1	0.00000
Aquicella siphonis	254247	S	1	0	1	0.00000
Francisella tularensis	263	S	2	2	4	0.00000
Francisella halioticida	549298	S	2	0	2	0.00000
Methylophaga nitratireducenticrescens	754476	S	2	0	2	0.00000
Cycloclasticus sp. PY97N	728003	S	1	0	1	0.00000
Thiomicrorhabdus aquaedulcis	2211106	S	1	0	1	0.00000
Thiothrix sp. Ku-5	2735563	S	2	0	2	0.00000
Thiothrix unzii	111769	S	1	0	1	0.00000
Thioflavicoccus mobilis	80679	S	2	0	2	0.00000
Rheinheimera sp. F8	1763998	S	1	0	1	0.00000
Granulosicoccus antarcticus	437505	S	2	0	2	0.00000
Sulfuriflexus mobilis	1811807	S	1	0	1	0.00000
Halorhodospira halophila	1053	S	1	0	1	0.00000
Thioalkalivibrio nitratireducens	186931	S	1	0	1	0.00000
Thiohalobacter sp. COW1	2795687	S	1	1	2	0.00000
Halothiobacillus sp. LS2	1860122	S	1	0	1	0.00000
Wenzhouxiangella sp. AB-CW3	2771012	S	1	0	1	0.00000
Woeseia oceani	1548547	S	1	0	1	0.00000
Aeromonas hydrophila	644	S	5	2	7	0.00000
Aeromonas caviae	648	S	2	1	3	0.00000
Aeromonas sp. CU5	2033033	S	1	0	1	0.00000
Aeromonas encheleia	73010	S	1	0	1	0.00000
Oceanimonas sp. GK1	511062	S	1	0	1	0.00000
Solimonas sp. K1W22B-7	2303331	S	7	0	7	0.00000
Cellvibrio sp. PSBB006	1987723	S	1	0	1	0.00000
Agarilytica rhodophyticola	1737490	S	1	0	1	0.00000
Microbulbifer sp. THAF38	2587856	S	1	0	1	0.00000
Microbulbifer sp. YPW1	2745199	S	1	0	1	0.00000
Candidatus Vesicomyosocius sp. SY067_SCS001	2732590	S	1	0	1	0.00000
Candidatus Nardonella dryophthoridicola	1971485	S	1	0	1	0.00000
Gilliamella apicola	1196095	S	2	0	2	0.00000
Immundisolibacter cernigliae	1810504	S	2	0	2	0.00000
Salinisphaera sp. LB1	2183911	S	1	0	1	0.00000
Bradyrhizobium sp. CCBAU 51753	1325100	S	5	1	6	0.00000
Bradyrhizobium sp. SK17	2057741	S	5	2	7	0.00000
Bradyrhizobium sp. BTAi1	288000	S	5	0	5	0.00000
Bradyrhizobium sp. CCBAU 51765	1325102	S	4	1	5	0.00000
Bradyrhizobium sp. ORS 285	115808	S	2	0	2	0.00000
Bradyrhizobium sp. CCBAU 051011	858422	S	1	0	1	0.00000
Bradyrhizobium sp. 6(2017)	1197460	S	1	0	1	0.00000
Bradyrhizobium sp. CCGE-LA001	1223566	S	1	0	1	0.00000
Bradyrhizobium sp. CCBAU 53351	1325114	S	1	0	1	0.00000
Bradyrhizobium sp. 1(2017)	1404888	S	1	0	1	0.00000
Bradyrhizobium sp. ORS 278	114615	S	1	0	1	0.00000
Bradyrhizobium icense	1274631	S	7	0	7	0.00000
Bradyrhizobium diazoefficiens	1355477	S	5	7	12	0.00000
Bradyrhizobium erythrophlei	1437360	S	5	0	5	0.00000
Bradyrhizobium paxllaeri	190148	S	3	0	3	0.00000
Bradyrhizobium lablabi	722472	S	3	4	7	0.00000
Bradyrhizobium arachidis	858423	S	3	0	3	0.00000
Bradyrhizobium genosp. B	83627	S	2	0	2	0.00000
Bradyrhizobium amphicarpaeae	1404768	S	2	0	2	0.00000
Bradyrhizobium cosmicum	1404864	S	2	0	2	0.00000
Bradyrhizobium japonicum	375	S	2	1	3	0.00000
Bradyrhizobium betae	244734	S	2	1	3	0.00000
Bradyrhizobium oligotrophicum	44255	S	1	0	1	0.00000
Bradyrhizobium canariense	255045	S	1	0	1	0.00000
Bradyrhizobium zhanjiangense	1325107	S	1	0	1	0.00000
Bradyrhizobium genosp. L	83637	S	1	0	1	0.00000
Bradyrhizobium symbiodeficiens	1404367	S	1	0	1	0.00000
Bosea sp. ANAM02	2020412	S	8	2	10	0.00000
Bosea sp. F3-2	2599640	S	4	1	5	0.00000
Bosea sp. RAC05	1842539	S	2	0	2	0.00000
Bosea sp. PAMC 26642	1792307	S	1	0	1	0.00000
Bosea sp. AS-1	2015316	S	1	0	1	0.00000
Afipia sp. GAS231	1882747	S	4	1	5	0.00000
Afipia carboxidovorans	40137	S	1	-1	0	0.00000
Rhodopseudomonas palustris	1076	S	5	0	5	0.00000
Tardiphaga robiniae	943830	S	5	0	5	0.00000
Nitrobacter hamburgensis	912	S	2	0	2	0.00000
Variibacter gotjawalensis	1333996	S	2	0	2	0.00000
Methylobacterium sp. WL1	2603276	S	4	0	4	0.00000
Methylobacterium sp. DM1	2067957	S	2	4	6	0.00000
Methylobacterium sp. 17Sr1-1	2202826	S	2	0	2	0.00000
Methylobacterium sp. 17Sr1-43	2202828	S	2	0	2	0.00000
Methylobacterium sp. 4-46	426117	S	1	0	1	0.00000
Methylobacterium sp. XJLW	739141	S	1	5	6	0.00000
Methylobacterium sp. AMS5	925818	S	1	0	1	0.00000
Methylobacterium aquaticum	270351	S	3	0	3	0.00000
Methylobacterium brachiatum	269660	S	2	0	2	0.00000
Methylobacterium phyllosphaerae	418223	S	2	2	4	0.00000
Methylobacterium radiotolerans	31998	S	1	0	1	0.00000
Methylobacterium mesophilicum	39956	S	1	0	1	0.00000
Methylobacterium nodulans	114616	S	1	0	1	0.00000
Methylobacterium indicum	1775910	S	1	0	1	0.00000
Methylobacterium currus	2051553	S	1	0	1	0.00000
Methylobacterium durans	2202825	S	1	0	1	0.00000
Methylorubrum extorquens	408	S	5	4	9	0.00000
Methylorubrum populi	223967	S	4	1	5	0.00000
Microvirga ossetica	1882682	S	2	0	2	0.00000
Microvirga sp. VF16	2807101	S	1	0	1	0.00000
Microvirga thermotolerans	2651334	S	1	0	1	0.00000
Mesorhizobium sp. Pch-S	2082387	S	4	0	4	0.00000
Mesorhizobium sp. M8A.F.Ca.ET.057.01.1.1	2493679	S	2	0	2	0.00000
Mesorhizobium sp. 8	2584466	S	2	0	2	0.00000
Mesorhizobium sp. INR15	2654248	S	2	0	2	0.00000
Mesorhizobium sp. M1B.F.Ca.ET.045.04.1.1	2493673	S	2	0	2	0.00000
Mesorhizobium sp. M1D.F.Ca.ET.043.01.1.1	2493669	S	2	0	2	0.00000
Mesorhizobium sp. N3	675281	S	1	0	1	0.00000
Mesorhizobium sp. NBSH29	2654249	S	1	0	1	0.00000
Mesorhizobium sp. 113-3-3	2744516	S	1	0	1	0.00000
Mesorhizobium sp. M1E.F.Ca.ET.045.02.1.1	2493672	S	1	0	1	0.00000
Mesorhizobium sp. 113-3-9	2744517	S	1	0	1	0.00000
Mesorhizobium sp. 131-2-1	2744518	S	1	0	1	0.00000
Mesorhizobium loti	381	S	3	0	3	0.00000
Mesorhizobium opportunistum	593909	S	2	0	2	0.00000
Mesorhizobium oceanicum	1670800	S	2	0	2	0.00000
Mesorhizobium ciceri	39645	S	1	2	3	0.00000
Mesorhizobium amorphae	71433	S	1	0	1	0.00000
Aminobacter sp. MDW-2	2666139	S	9	16	25	0.00000
Aminobacter sp. MSH1	374606	S	3	0	3	0.00000
Aminobacter aminovorans	83263	S	1	0	1	0.00000
Nitratireductor sp. OM-1	1756988	S	2	0	2	0.00000
Phyllobacterium zundukense	1867719	S	1	0	1	0.00000
Roseitalea porphyridii	1852022	S	1	0	1	0.00000
Rhizobium sp. NXC14	1981173	S	1	0	1	0.00000
Rhizobium sp. Kim5	2020311	S	1	1	2	0.00000
Rhizobium sp. NZLR1	2731096	S	1	0	1	0.00000
Rhizobium sp. 11515TR	2028343	S	1	0	1	0.00000
Rhizobium sp. ZX09	2291939	S	1	2	3	0.00000
Rhizobium leguminosarum	384	S	4	1	5	0.00000
Rhizobium tropici	398	S	2	1	3	0.00000
Rhizobium etli	29449	S	1	0	1	0.00000
Rhizobium gallicum	56730	S	1	0	1	0.00000
Rhizobium binae	1138190	S	1	0	1	0.00000
Rhizobium jaguaris	1312183	S	1	0	1	0.00000
Agrobacterium tumefaciens	358	S	2	1	3	0.00000
Agrobacterium sp. T29	2580515	S	1	1	2	0.00000
Neorhizobium sp. NCHU2750	1825976	S	1	0	1	0.00000
Neorhizobium sp. SOG26	2060726	S	1	0	1	0.00000
Neorhizobium galegae	399	S	1	0	1	0.00000
Ensifer sp. PDNC004	2811423	S	3	0	3	0.00000
Ensifer adhaerens	106592	S	1	0	1	0.00000
Ensifer mexicanus	375549	S	1	0	1	0.00000
Sinorhizobium meliloti	382	S	2	0	2	0.00000
Kaistia sp. 32K	2795690	S	4	0	4	0.00000
Georhizobium profundi	2341112	S	2	0	2	0.00000
Candidatus Liberibacter americanus	309868	S	1	0	1	0.00000
Devosia sp. A16	1736675	S	3	0	3	0.00000
Devosia sp. I507	2083786	S	1	0	1	0.00000
Devosia sp. S02	2657486	S	1	0	1	0.00000
Devosia sp. MC521	2759954	S	1	0	1	0.00000
Devosia ginsengisoli	400770	S	3	0	3	0.00000
Aquabacter sp. L1I39	2820278	S	3	0	3	0.00000
Hyphomicrobium denitrificans	53399	S	1	0	1	0.00000
Hyphomicrobium sp. MC1	717785	S	1	0	1	0.00000
Rhodoplanes sp. Z2-YC6860	674703	S	2	0	2	0.00000
Paradevosia shaoguanensis	1335043	S	2	0	2	0.00000
Pelagibacterium halotolerans	531813	S	1	0	1	0.00000
Methyloceanibacter caenitepidi	1384459	S	1	0	1	0.00000
Caenibius tardaugens	169176	S	1	0	1	0.00000
Ancylobacter sp. TS-1	1850374	S	3	0	3	0.00000
Pseudolabrys sp. FHR47	2562284	S	2	0	2	0.00000
Pseudolabrys taiwanensis	331696	S	1	0	1	0.00000
Xanthobacter sp. YN2	2528964	S	2	0	2	0.00000
Labrys sp. KNU-23	2789216	S	1	0	1	0.00000
Methylocystis bryophila	655015	S	3	0	3	0.00000
Methylocystis rosea	173366	S	1	0	1	0.00000
Methylosinus trichosporium	426	S	2	0	2	0.00000
Methylosinus sp. C49	2699395	S	2	0	2	0.00000
Pannonibacter phragmitetus	121719	S	5	2	7	0.00000
Labrenzia sp. THAF35	2587854	S	1	1	2	0.00000
Labrenzia sp. THAF82	2587861	S	1	0	1	0.00000
Nordella sp. HKS 07	2712222	S	3	0	3	0.00000
Candidatus Hodgkinia cicadicola	573658	S	1	0	1	0.00000
Hartmannibacter diazotrophicus	1482074	S	1	0	1	0.00000
Pseudorhodoplanes sinuspersici	1235591	S	1	0	1	0.00000
Brucella intermedia	94625	S	2	0	2	0.00000
Brucella anthropi	529	S	1	1	2	0.00000
Brucella sp. 09RB8910	1844051	S	1	0	1	0.00000
Breoghania sp. L-A4	2304600	S	3	0	3	0.00000
Chelatococcus sp. CO-6	1702325	S	2	0	2	0.00000
Chelatococcus daeguensis	444444	S	1	0	1	0.00000
Lichenihabitans psoromatis	2528642	S	2	0	2	0.00000
Martelella mediterranea	293089	S	1	0	1	0.00000
Methylovirgula ligni	569860	S	1	0	1	0.00000
Pyruvatibacter mobilis	1712261	S	1	0	1	0.00000
Sphingomonas sp. Cra20	1327635	S	4	0	4	0.00000
Sphingomonas sp. LMO-1	2681549	S	3	0	3	0.00000
Sphingomonas sp. PAMC26645	2565555	S	3	0	3	0.00000
Sphingomonas sp. AAP5	1523415	S	3	0	3	0.00000
Sphingomonas sp. FARSPH	2219696	S	3	1	4	0.00000
Sphingomonas sp. DH-S5	2759526	S	2	0	2	0.00000
Sphingomonas sp. KC8	1030157	S	2	1	3	0.00000
Sphingomonas sp. LK11	1390395	S	2	0	2	0.00000
Sphingomonas sp. HMP6	1517551	S	2	0	2	0.00000
Sphingomonas sp. sand1-3	2764186	S	1	0	1	0.00000
Sphingomonas sp. AP4-R1	2735134	S	1	0	1	0.00000
Sphingomonas sp. HDW15A	2714942	S	1	0	1	0.00000
Sphingomonas sp. C33	2698679	S	1	0	1	0.00000
Sphingomonas sp. NIC1	1961362	S	1	1	2	0.00000
Sphingomonas sp. MM-1	745310	S	1	1	2	0.00000
Sphingomonas sp. LM7	1938607	S	1	0	1	0.00000
Sphingomonas koreensis	93064	S	10	6	16	0.00000
Sphingomonas panacisoli	1813879	S	10	0	10	0.00000
Sphingomonas alpina	653931	S	4	0	4	0.00000
Sphingomonas melonis	152682	S	3	9	12	0.00000
Sphingomonas sanxanigenens	397260	S	2	0	2	0.00000
Sphingomonas insulae	424800	S	2	0	2	0.00000
Sphingomonas daechungensis	1176646	S	2	0	2	0.00000
Sphingomonas panacis	1560345	S	2	0	2	0.00000
Sphingomonas rhizophila	2071607	S	2	0	2	0.00000
Sphingomonas wittichii	160791	S	1	0	1	0.00000
Sphingomonas paucimobilis	13689	S	1	0	1	0.00000
Sphingomonas taxi	1549858	S	1	0	1	0.00000
Sphingomonas lacunae	2698828	S	1	0	1	0.00000
Sphingopyxis sp. QXT-31	1357916	S	2	1	3	0.00000
Sphingopyxis sp. PAMC25046	2565556	S	2	1	3	0.00000
Sphingopyxis sp. FD7	1914525	S	1	0	1	0.00000
Sphingopyxis sp. OPL5	2486273	S	1	0	1	0.00000
Sphingopyxis macrogoltabida	33050	S	4	2	6	0.00000
Sphingopyxis terrae	33052	S	4	2	6	0.00000
Sphingopyxis fribergensis	1515612	S	3	1	4	0.00000
Sphingopyxis alaskensis	117207	S	2	0	2	0.00000
Sphingopyxis lindanitolerans	2054227	S	1	0	1	0.00000
Sphingobium sp. SCG-1	2072936	S	3	0	3	0.00000
Sphingobium sp. SYK-6	627192	S	2	0	2	0.00000
Sphingobium sp. TKS	1315974	S	2	2	4	0.00000
Sphingobium sp. YG1	2082188	S	2	0	2	0.00000
Sphingobium sp. RAC03	1843368	S	1	0	1	0.00000
Sphingobium sp. EP60837	1855519	S	1	0	1	0.00000
Sphingobium sp. PAMC28499	2565554	S	1	0	1	0.00000
Sphingobium sp. KCTC 72723	2733867	S	1	0	1	0.00000
Sphingobium yanoikuyae	13690	S	7	5	12	0.00000
Sphingobium amiense	135719	S	2	2	4	0.00000
Sphingobium chungbukense	56193	S	1	0	1	0.00000
Sphingobium baderi	1332080	S	1	1	2	0.00000
Sphingobium hydrophobicum	1673076	S	1	0	1	0.00000
Novosphingobium sp. Gsoil 351	2675225	S	2	0	2	0.00000
Novosphingobium sp. THN1	1016987	S	1	0	1	0.00000
Novosphingobium sp. P6W	1609758	S	1	0	1	0.00000
Novosphingobium sp. ABRDHK2	2571749	S	1	0	1	0.00000
Novosphingobium sp. ES2-1	2780074	S	1	0	1	0.00000
Novosphingobium resinovorum	158500	S	3	1	4	0.00000
Novosphingobium ginsenosidimutans	1176536	S	2	0	2	0.00000
Novosphingobium pentaromativorans	205844	S	1	0	1	0.00000
Citromicrobium sp. JL477	1634516	S	5	1	6	0.00000
Blastomonas fulva	1550728	S	2	1	3	0.00000
Blastomonas sp. RAC04	1842535	S	1	0	1	0.00000
Sphingorhabdus lacus	392610	S	2	0	2	0.00000
Sphingorhabdus sp. SMR4y	2584094	S	1	1	2	0.00000
Zymomonas mobilis	542	S	1	0	1	0.00000
Rhizorhabdus dicambivorans	1850238	S	1	1	2	0.00000
Tardibacter chloracetimidivorans	1921510	S	1	0	1	0.00000
Allosphingosinicella indica	941907	S	1	0	1	0.00000
Porphyrobacter sp. LM 6	1896196	S	3	0	3	0.00000
Porphyrobacter sp. CACIAM 03H1	2003315	S	3	0	3	0.00000
Porphyrobacter sp. HT-58-2	2023229	S	2	0	2	0.00000
Porphyrobacter sp. YT40	2547601	S	1	0	1	0.00000
Erythrobacter aureus	2182384	S	1	0	1	0.00000
Erythrobacter sp. KY5	2011159	S	1	0	1	0.00000
Altererythrobacter epoxidivorans	361183	S	4	1	5	0.00000
Altererythrobacter sp. TH136	2067415	S	1	0	1	0.00000
Aurantiacibacter gangjinensis	502682	S	2	0	2	0.00000
Qipengyuania flava	192812	S	1	0	1	0.00000
Paraurantiacibacter namhicola	645517	S	1	0	1	0.00000
Pelagerythrobacter marensis	543877	S	1	0	1	0.00000
Tsuneonella dongtanensis	692370	S	1	0	1	0.00000
Sphingosinicella microcystinivorans	335406	S	2	0	2	0.00000
Sphingosinicella sp. BN140058	1892855	S	1	0	1	0.00000
Sphingosinicella sp. UDD2	2771430	S	1	0	1	0.00000
Sandaracinobacter sp. M6	2759707	S	2	0	2	0.00000
Paracoccus jeotgali	2065379	S	3	0	3	0.00000
Paracoccus sp. BM15	1529068	S	2	0	2	0.00000
Paracoccus sp. Arc7-R13	2500532	S	1	0	1	0.00000
Paracoccus liaowanqingii	2560053	S	1	0	1	0.00000
Paracoccus sanguinis	1545044	S	1	0	1	0.00000
Paracoccus yeei	147645	S	1	1	2	0.00000
Paracoccus aminophilus	34003	S	1	0	1	0.00000
Roseovarius indicus	540747	S	5	3	8	0.00000
Roseovarius sp. THAF8	2587846	S	2	0	2	0.00000
Roseovarius faecimaris	2494550	S	1	0	1	0.00000
Tabrizicola piscis	2494374	S	8	0	8	0.00000
Rhodovulum sulfidophilum	35806	S	4	0	4	0.00000
Rhodovulum sp. P5	1564506	S	2	0	2	0.00000
Rhodovulum sp. MB263	308754	S	1	0	1	0.00000
Rhodobacter capsulatus	1061	S	3	0	3	0.00000
Rhodobacter blasticus	1075	S	2	0	2	0.00000
Phaeobacter gallaeciensis	60890	S	2	0	2	0.00000
Phaeobacter piscinae	1580596	S	2	0	2	0.00000
Phaeobacter inhibens	221822	S	1	0	1	0.00000
Ketogulonicigenium vulgare	92945	S	4	0	4	0.00000
Rhodobaca barguzinensis	441209	S	3	0	3	0.00000
Salipiger profundus	1229727	S	2	0	2	0.00000
Salipiger pacificus	311180	S	1	0	1	0.00000
Gemmobacter sp. HYN0069	2169400	S	3	0	3	0.00000
Defluviimonas alba	1335048	S	3	0	3	0.00000
Cereibacter sphaeroides	1063	S	3	0	3	0.00000
Pseudooceanicola algae	1537215	S	3	0	3	0.00000
Epibacterium mobile	379347	S	2	0	2	0.00000
Sulfitobacter mediterraneus	83219	S	1	0	1	0.00000
Sulfitobacter sp. SK012	1389005	S	1	0	1	0.00000
Sagittula sp. P11	2009329	S	2	1	3	0.00000
Thalassobius gelatinovorus	53501	S	2	0	2	0.00000
Maribius sp. THAF1	2587842	S	1	0	1	0.00000
Planktomarina temperata	1284658	S	1	0	1	0.00000
Polymorphum gilvum	991904	S	1	0	1	0.00000
Celeribacter ethanolicus	1758178	S	1	0	1	0.00000
Silicimonas algicola	1826607	S	1	0	1	0.00000
Marinovum algicola	42444	S	1	0	1	0.00000
Pseudopuniceibacterium antarcticum	2613965	S	1	0	1	0.00000
Pelagibaca abyssi	1250539	S	1	0	1	0.00000
Tateyamaria omphalii	299262	S	1	0	1	0.00000
Octadecabacter sp. SW4	2602067	S	1	0	1	0.00000
Leisingera aquaemixtae	1396826	S	1	0	1	0.00000
Roseobacter ponti	1891787	S	1	0	1	0.00000
Jannaschia sp. CCS1	290400	S	1	0	1	0.00000
Roseibacterium elongatum	159346	S	1	0	1	0.00000
Brevundimonas sp. LM2	1938605	S	2	0	2	0.00000
Brevundimonas sp. 'scallop'	2562582	S	2	0	2	0.00000
Brevundimonas sp. M20	2591463	S	2	0	2	0.00000
Brevundimonas sp. AJA228-03	2752515	S	2	0	2	0.00000
Brevundimonas sp. LVF1	2774189	S	2	0	2	0.00000
Brevundimonas sp. LVF2	2774190	S	1	0	1	0.00000
Brevundimonas sp. CS1	2813778	S	1	0	1	0.00000
Brevundimonas diminuta	293	S	2	0	2	0.00000
Brevundimonas vancanneytii	1325724	S	2	0	2	0.00000
Brevundimonas vesicularis	41276	S	1	0	1	0.00000
Brevundimonas subvibrioides	74313	S	1	0	1	0.00000
Brevundimonas mediterranea	74329	S	1	0	1	0.00000
Caulobacter vibrioides	155892	S	5	1	6	0.00000
Caulobacter henricii	69395	S	3	0	3	0.00000
Caulobacter sp. FWC26	69665	S	2	0	2	0.00000
Caulobacter sp. K31	366602	S	1	0	1	0.00000
Caulobacter soli	2708539	S	1	0	1	0.00000
Phenylobacterium zucineum	284016	S	2	0	2	0.00000
Asticcacaulis excentricus	78587	S	1	0	1	0.00000
Azospirillum lipoferum	193	S	2	0	2	0.00000
Azospirillum oryzae	286727	S	2	0	2	0.00000
Azospirillum baldaniorum	1064539	S	1	0	1	0.00000
Azospirillum thermophilum	2202148	S	1	0	1	0.00000
Magnetospirillum magneticum	84159	S	1	0	1	0.00000
Magnetospirillum sp. ME-1	1639348	S	1	0	1	0.00000
Skermanella sp. TT6	2775420	S	3	1	4	0.00000
Niveispirillum cyanobacteriorum	1612173	S	2	0	2	0.00000
Rhodospirillum rubrum	1085	S	1	-1	0	0.00000
Ferrovibrio terrae	2594003	S	1	0	1	0.00000
Nitrospirillum amazonense	28077	S	1	0	1	0.00000
Roseomonas sp. 546	2768162	S	3	0	3	0.00000
Roseomonas sp. 1318	2768161	S	2	1	3	0.00000
Roseococcus sp. NIBR12	2771361	S	3	0	3	0.00000
Komagataeibacter nataicola	265960	S	2	0	2	0.00000
Granulibacter bethesdensis	364410	S	1	0	1	0.00000
Neoasaia chiangmaiensis	320497	S	1	0	1	0.00000
Rickettsia australis	787	S	1	0	1	0.00000
Rickettsia sibirica	35793	S	1	0	1	0.00000
Rickettsia prowazekii	782	S	1	0	1	0.00000
Rickettsia typhi	785	S	1	0	1	0.00000
Rickettsia endosymbiont of Bemisia tabaci	337479	S	1	0	1	0.00000
Rickettsia sp. Tillamook 23	2761623	S	1	0	1	0.00000
Rickettsia bellii	33990	S	2	0	2	0.00000
Ehrlichia canis	944	S	4	0	4	0.00000
Wolbachia endosymbiont of Trichogramma pretiosum	125593	S	2	0	2	0.00000
Wolbachia endosymbiont of Cruorifilaria tuberocauda	1812111	S	1	0	1	0.00000
Anaplasma platys	949	S	1	0	1	0.00000
Candidatus Deianiraea vastatrix	2163644	S	1	0	1	0.00000
Candidatus Pelagibacter sp. FZCC0015	2268451	S	3	0	3	0.00000
Candidatus Pelagibacter sp. HIMB1321	1388755	S	1	0	1	0.00000
Candidatus Fonsibacter ubiquis	1925548	S	1	0	1	0.00000
Hyphomonas sp. CACIAM 19H1	1873716	S	2	0	2	0.00000
Hyphomonas sp. Mor2	1906738	S	1	0	1	0.00000
Hyphomonas sp. KY3	2016196	S	1	0	1	0.00000
Micavibrio aeruginosavorus	349221	S	1	0	1	0.00000
Phreatobacter stygius	1940610	S	1	0	1	0.00000
Marinicauda algicola	2029849	S	2	0	2	0.00000
Myxococcus stipitatus	83455	S	3	0	3	0.00000
Myxococcus sp. SCHIC003	2813577	S	2	0	2	0.00000
Corallococcus coralloides	184914	S	5	0	5	0.00000
Archangium violaceum	83451	S	4	0	4	0.00000
Stigmatella aurantiaca	41	S	2	0	2	0.00000
Cystobacter fuscus	43	S	2	0	2	0.00000
Melittangium boletus	83453	S	1	0	1	0.00000
Anaeromyxobacter dehalogenans	161493	S	1	2	3	0.00000
Vulgatibacter incomptus	1391653	S	1	0	1	0.00000
Sorangium cellulosum	56	S	10	1	11	0.00000
Chondromyces crocatus	52	S	4	0	4	0.00000
Sandaracinus amylolyticus	927083	S	4	0	4	0.00000
Minicystis rosea	888845	S	2	0	2	0.00000
Labilithrix luteola	1391654	S	2	0	2	0.00000
Desulfovibrio vulgaris	881	S	2	0	2	0.00000
Desulfovibrio marinus	370038	S	2	0	2	0.00000
Desulfovibrio magneticus	184917	S	1	0	1	0.00000
Desulfovibrio ferrophilus	241368	S	1	0	1	0.00000
Desulfovibrio sp. IOR2	2583823	S	1	0	1	0.00000
Pseudodesulfovibrio aespoeensis	182210	S	1	0	1	0.00000
Pseudodesulfovibrio mercurii	641491	S	1	0	1	0.00000
Maridesulfovibrio salexigens	880	S	1	0	1	0.00000
Desulfomicrobium baculatum	899	S	6	0	6	0.00000
Desulfonema limicola	45656	S	4	0	4	0.00000
Desulfonema magnum	45655	S	1	0	1	0.00000
Desulfococcus multivorans	897	S	1	0	1	0.00000
Desulfobacter hydrogenophilus	2291	S	1	0	1	0.00000
Desulfobacterium autotrophicum	2296	S	1	0	1	0.00000
Desulfobulbus oralis	1986146	S	3	0	3	0.00000
Desulfobulbus propionicus	894	S	1	0	1	0.00000
Desulfocapsa sulfexigens	65555	S	1	0	1	0.00000
Desulfotalea psychrophila	84980	S	1	0	1	0.00000
Desulfurivibrio alkaliphilus	427923	S	1	0	1	0.00000
Geobacter sp. M18	443143	S	3	0	3	0.00000
Geobacter sp. SVR	2495594	S	2	0	2	0.00000
Geobacter bremensis	60035	S	3	1	4	0.00000
Geoalkalibacter subterraneus	483547	S	1	0	1	0.00000
Pelobacter propionicus	29543	S	1	0	1	0.00000
Syntrophotalea carbinolica	19	S	1	0	1	0.00000
Persicimonas caeni	2292766	S	3	0	3	0.00000
Desulfomonile tiedjei	2358	S	2	0	2	0.00000
Aliarcobacter thereius	544718	S	2	1	3	0.00000
Aliarcobacter cryaerophilus	28198	S	1	0	1	0.00000
Aliarcobacter lanthieri	1355374	S	1	0	1	0.00000
Arcobacter sp. FWKO B	2593672	S	2	0	2	0.00000
Arcobacter nitrofigilis	28199	S	1	0	1	0.00000
Halarcobacter ebronensis	1462615	S	2	0	2	0.00000
Halarcobacter bivalviorum	663364	S	1	0	1	0.00000
Malaciobacter pacificus	1080223	S	2	0	2	0.00000
Campylobacter jejuni	197	S	2	0	2	0.00000
Campylobacter lari	201	S	2	0	2	0.00000
Campylobacter lanienae	75658	S	2	0	2	0.00000
Campylobacter canadensis	449520	S	1	0	1	0.00000
Campylobacter peloridis	488546	S	1	0	1	0.00000
Campylobacter blaseri	2042961	S	1	0	1	0.00000
Campylobacter hepaticus	1813019	S	1	0	1	0.00000
Campylobacter ureolyticus	827	S	1	0	1	0.00000
Helicobacter pylori	210	S	2	0	2	0.00000
Helicobacter hepaticus	32025	S	1	0	1	0.00000
Helicobacter canadensis	123841	S	1	0	1	0.00000
Sulfurimonas sp. GYSZ_1	2590022	S	1	0	1	0.00000
Sulfurimonas sp. B2	2590551	S	1	0	1	0.00000
Sulfuricurvum kujiense	148813	S	2	0	2	0.00000
Cetia pacifica	1424653	S	1	1	2	0.00000
Nitratiruptor labii	2706014	S	1	0	1	0.00000
Bdellovibrio bacteriovorus	959	S	3	0	3	0.00000
Bdellovibrio sp. NC01	2220073	S	1	0	1	0.00000
Bdellovibrio sp. KM01	2748865	S	1	0	1	0.00000
Bdellovibrio exovorus	453816	S	1	0	1	0.00000
Bacteriovorax stolpii	960	S	4	0	4	0.00000
Acidithiobacillus caldus	33059	S	3	0	3	0.00000
Acidithiobacillus thiooxidans	930	S	1	0	1	0.00000
Acidithiobacillus ferridurans	1232575	S	1	0	1	0.00000
Hydrogenophilus thermoluteolus	297	S	2	0	2	0.00000
Micrococcus luteus	1270	S	43	31	74	0.00000
Micrococcus sp. KBS0714	1179670	S	3	17	20	0.00000
Paenarthrobacter sp. YJN-D	2735317	S	28	3	31	0.00000
Arthrobacter sp. D5-1	1477518	S	3	0	3	0.00000
Arthrobacter sp. FB24	290399	S	1	0	1	0.00000
Arthrobacter sp. 24S4-2	2575374	S	1	0	1	0.00000
Arthrobacter sp. PAMC 25486	1494608	S	1	0	1	0.00000
Arthrobacter sp. QXT-31	1357915	S	1	0	1	0.00000
Arthrobacter sp. Rue61a	1118963	S	1	1	2	0.00000
Arthrobacter sp. NEB 688	904039	S	1	0	1	0.00000
Arthrobacter sp. J3.40	347209	S	1	0	1	0.00000
Arthrobacter sp. J3.37	347208	S	1	0	1	0.00000
Arthrobacter crystallopoietes	37928	S	1	0	1	0.00000
Arthrobacter dokdonellae	2211210	S	1	0	1	0.00000
Glutamicibacter protophormiae	37930	S	2	0	2	0.00000
Glutamicibacter arilaitensis	256701	S	2	0	2	0.00000
Glutamicibacter sp. ZJUTW	1155384	S	1	0	1	0.00000
Rothia mucilaginosa	43675	S	2	0	2	0.00000
Rothia dentocariosa	2047	S	1	0	1	0.00000
Rothia aeria	172042	S	1	0	1	0.00000
Pseudarthrobacter chlorophenolicus	85085	S	1	0	1	0.00000
Pseudarthrobacter sp. NIBRBAC000502771	2590774	S	1	0	1	0.00000
Renibacterium salmoninarum	1646	S	1	0	1	0.00000
Kocuria varians	1272	S	1	0	1	0.00000
Psychromicrobium lacuslunae	1618207	S	1	0	1	0.00000
Microbacterium sp. PM5	2014534	S	21	1	22	0.00000
Microbacterium sp. 4R-513	2567934	S	5	0	5	0.00000
Microbacterium sp. 10M-3C3	2483401	S	4	0	4	0.00000
Microbacterium sp. JZ31	1906274	S	4	0	4	0.00000
Microbacterium sp. Y-01	2048898	S	3	0	3	0.00000
Microbacterium sp. NY27	2782169	S	2	0	2	0.00000
Microbacterium sp. WY121	2782168	S	1	0	1	0.00000
Microbacterium sp. PAMC 28756	1795053	S	1	0	1	0.00000
Microbacterium sp. No. 7	1714373	S	1	0	1	0.00000
Microbacterium sp. LKL04	912630	S	1	0	1	0.00000
Microbacterium sp. BH-3-3-3	1906742	S	1	0	1	0.00000
Microbacterium sp. 1S1	2606451	S	1	0	1	0.00000
Microbacterium hominis	162426	S	7	1	8	0.00000
Microbacterium oxydans	82380	S	3	0	3	0.00000
Microbacterium wangchenii	2541726	S	3	0	3	0.00000
Microbacterium chocolatum	84292	S	2	0	2	0.00000
Microbacterium amylolyticum	936337	S	2	0	2	0.00000
Microbacterium oryzae	743009	S	2	0	2	0.00000
Microbacterium paludicola	300019	S	1	6	7	0.00000
Microbacterium lushaniae	2614639	S	1	0	1	0.00000
Microbacterium caowuchunii	2614638	S	1	0	1	0.00000
Microbacterium protaetiae	2509458	S	1	0	1	0.00000
Microbacterium pygmaeum	370764	S	1	0	1	0.00000
Microbacterium testaceum	2033	S	1	0	1	0.00000
Microbacterium schleiferi	69362	S	1	0	1	0.00000
Microbacterium aurum	36805	S	1	0	1	0.00000
Curtobacterium sp. MR_MD2014	1561023	S	2	0	2	0.00000
Curtobacterium sp. YC1	2795488	S	1	0	1	0.00000
Curtobacterium sp. 24E2	2804758	S	1	0	1	0.00000
Curtobacterium flaccumfaciens	2035	S	2	0	2	0.00000
Leifsonia xyli	1575	S	2	0	2	0.00000
Leifsonia sp. PS1209	2724914	S	1	1	2	0.00000
Leifsonia shinshuensis	150026	S	1	0	1	0.00000
Agromyces sp. HY052	2585717	S	1	0	1	0.00000
Agromyces sp. KACC 19306	2592652	S	1	0	1	0.00000
Agromyces badenianii	2080742	S	1	0	1	0.00000
Chryseoglobus sp. 28M-23	2772253	S	1	2	3	0.00000
Cryobacterium arcticum	670052	S	2	0	2	0.00000
Cryobacterium soli	2220095	S	1	0	1	0.00000
Glaciihabitans sp. INWT7	2596912	S	2	0	2	0.00000
Microterricola viridarii	412690	S	2	0	2	0.00000
Agreia sp. COWG	2773266	S	2	0	2	0.00000
Plantibacter flavus	150123	S	1	1	2	0.00000
Protaetiibacter sp. SSC-01	2759943	S	1	0	1	0.00000
Frondihabitans sp. 762G35	1446794	S	1	0	1	0.00000
Humibacter sp. WJ7-1	2599293	S	1	0	1	0.00000
Frigoribacterium sp. NBH87	2596916	S	1	0	1	0.00000
Leucobacter coleopterorum	2714933	S	1	0	1	0.00000
Agrococcus carbonis	684552	S	1	0	1	0.00000
Cellulomonas sp. Y8	2591145	S	2	0	2	0.00000
Cellulomonas sp. H30R-01	2704467	S	1	0	1	0.00000
Cellulomonas fimi	1708	S	1	0	1	0.00000
Cellulomonas flavigena	1711	S	1	0	1	0.00000
Oerskovia sp. KBS0722	1179673	S	2	0	2	0.00000
Pseudactinotalea sp. HY158	2654547	S	1	0	1	0.00000
Ornithinimicrobium sp. HY006	2508882	S	5	0	5	0.00000
Serinicoccus chungangensis	767452	S	2	0	2	0.00000
Serinicoccus hydrothermalis	1758689	S	1	0	1	0.00000
Brevibacterium linens	1703	S	2	0	2	0.00000
Brevibacterium casei	33889	S	2	0	2	0.00000
Brevibacterium sp. CS2	2575923	S	1	0	1	0.00000
Brevibacterium sp. JNUCC-42	2777985	S	1	6	7	0.00000
Brevibacterium sandarakinum	629680	S	1	0	1	0.00000
Cellulosimicrobium cellulans	1710	S	1	1	2	0.00000
Cellulosimicrobium sp. BI34T	2587808	S	1	0	1	0.00000
Xylanimonas cellulosilytica	186189	S	2	0	2	0.00000
Isoptericola dokdonensis	372663	S	1	0	1	0.00000
Brachybacterium saurashtrense	556288	S	1	0	1	0.00000
Brachybacterium ginsengisoli	1331682	S	1	0	1	0.00000
Brachybacterium vulturis	2017484	S	1	0	1	0.00000
Brachybacterium sp. SGAir0954	2571029	S	1	0	1	0.00000
Dermabacter vaginalis	1630135	S	1	0	1	0.00000
Dermabacter jinjuensis	1667168	S	1	0	1	0.00000
Dermacoccus nishinomiyaensis	1274	S	5	0	5	0.00000
Dermacoccus sp. PAMC28757	2762331	S	1	0	1	0.00000
Janibacter limosus	53458	S	1	0	1	0.00000
Janibacter melonis	262209	S	1	0	1	0.00000
Intrasporangium calvum	53358	S	1	0	1	0.00000
Arsenicicoccus sp. oral taxon 190	1658671	S	1	0	1	0.00000
Phycicoccus sp. HDW14	2714941	S	1	0	1	0.00000
Beutenbergia cavernae	84757	S	3	0	3	0.00000
Dermatophilus congolensis	1863	S	2	0	2	0.00000
Jonesia denitrificans	43674	S	1	0	1	0.00000
Haloactinobacterium sp. HY164	2675754	S	1	0	1	0.00000
Rhodococcus sp. MTM3W5.2	1805827	S	2	0	2	0.00000
Rhodococcus sp. X156	2499145	S	1	0	1	0.00000
Rhodococcus sp. NJ-530	2490853	S	1	4	5	0.00000
Rhodococcus sp. YL-1	1045808	S	1	3	4	0.00000
Rhodococcus sp. WB9	2594007	S	1	0	1	0.00000
Rhodococcus sp. 2G	1570939	S	1	2	3	0.00000
Rhodococcus sp. BH4	1807790	S	1	4	5	0.00000
Rhodococcus sp. 008	1723645	S	1	4	5	0.00000
Rhodococcus qingshengii	334542	S	10	36	46	0.00000
Rhodococcus erythropolis	1833	S	7	15	22	0.00000
Rhodococcus jostii	132919	S	3	0	3	0.00000
Rhodococcus imtechensis	262776	S	2	5	7	0.00000
Rhodococcus ruber	1830	S	1	0	1	0.00000
Rhodococcus hoagii	43767	S	1	0	1	0.00000
Rhodococcus koreensis	99653	S	1	0	1	0.00000
Nocardia brasiliensis	37326	S	4	0	4	0.00000
Nocardia asteroides	1824	S	2	0	2	0.00000
Nocardia seriolae	37332	S	2	0	2	0.00000
Nocardia farcinica	37329	S	1	0	1	0.00000
Nocardia terpenica	455432	S	1	0	1	0.00000
Nocardia sp. CS682	1047172	S	1	0	1	0.00000
Mycolicibacterium mageritense	53462	S	4	0	4	0.00000
Mycolicibacterium anyangense	1431246	S	3	0	3	0.00000
Mycolicibacterium insubricum	444597	S	3	0	3	0.00000
Mycolicibacterium madagascariense	212765	S	3	0	3	0.00000
Mycolicibacterium parafortuitum	39692	S	2	0	2	0.00000
Mycolicibacterium mucogenicum	56689	S	2	0	2	0.00000
Mycolicibacterium thermoresistibile	1797	S	2	0	2	0.00000
Mycolicibacterium psychrotolerans	216929	S	1	0	1	0.00000
Mycolicibacterium hassiacum	46351	S	1	0	1	0.00000
Mycolicibacterium doricum	126673	S	1	0	1	0.00000
Mycolicibacterium goodii	134601	S	1	0	1	0.00000
Mycolicibacterium boenickei	146017	S	1	0	1	0.00000
Mycolicibacterium sp. Z-34	2736649	S	1	0	1	0.00000
Mycolicibacterium rutilum	370526	S	1	0	1	0.00000
Mycolicibacterium celeriflavum	1249101	S	1	0	1	0.00000
Mycolicibacterium sediminis	1286180	S	1	0	1	0.00000
Mycolicibacterium arabiense	1286181	S	1	0	1	0.00000
Mycolicibacterium helvum	1534349	S	1	0	1	0.00000
Mycolicibacterium moriokaense	39691	S	1	0	1	0.00000
Mycolicibacterium chubuense	1800	S	1	0	1	0.00000
Mycolicibacterium rhodesiae	36814	S	1	0	1	0.00000
Mycolicibacterium gilvum	1804	S	1	-1	0	0.00000
Mycolicibacterium aurum	1791	S	1	0	1	0.00000
Mycolicibacterium vaccae	1810	S	1	0	1	0.00000
Mycolicibacterium fallax	1793	S	1	0	1	0.00000
Mycolicibacterium confluentis	28047	S	1	0	1	0.00000
Mycobacterium sp. JS623	212767	S	2	0	2	0.00000
Mycobacterium sp. YC-RL4	1682113	S	1	0	1	0.00000
Mycobacterium sp. MS1601	1936029	S	1	0	1	0.00000
Mycobacterium marseillense	701042	S	2	0	2	0.00000
Mycobacterium avium	1764	S	1	0	1	0.00000
Mycobacterium colombiense	339268	S	1	0	1	0.00000
Mycobacterium gallinarum	39689	S	3	1	4	0.00000
Mycobacterium heidelbergense	53376	S	1	0	1	0.00000
Mycobacterium saskatchewanense	220927	S	1	0	1	0.00000
Mycobacterium stomatepiae	470076	S	1	0	1	0.00000
Mycobacterium gordonae	1778	S	2	0	2	0.00000
Mycobacterium paragordonae	1389713	S	2	0	2	0.00000
Mycobacterium conspicuum	44010	S	2	0	2	0.00000
Mycobacterium riyadhense	486698	S	1	0	1	0.00000
Mycobacterium shinjukuense	398694	S	1	0	1	0.00000
Mycolicibacter hiberniae	29314	S	2	0	2	0.00000
Mycolicibacter terrae	1788	S	1	0	1	0.00000
[Mycobacterium] stephanolepidis	1520670	S	1	1	2	0.00000
Corynebacterium sp. 1959	2675216	S	2	0	2	0.00000
Corynebacterium sp. Marseille-Q3630	2754725	S	2	0	2	0.00000
Corynebacterium sp. LMM-1652	2487892	S	1	0	1	0.00000
Corynebacterium aquilae	203263	S	3	0	3	0.00000
Corynebacterium tuberculostearicum	38304	S	3	0	3	0.00000
Corynebacterium yudongzhengii	2080740	S	3	0	3	0.00000
Corynebacterium diphtheriae	1717	S	2	0	2	0.00000
Corynebacterium sphenisci	191493	S	2	0	2	0.00000
Corynebacterium lactis	1231000	S	2	0	2	0.00000
Corynebacterium liangguodongii	2079535	S	2	0	2	0.00000
Corynebacterium kefirresidentii	1979527	S	2	0	2	0.00000
Corynebacterium stationis	1705	S	1	0	1	0.00000
Corynebacterium humireducens	1223514	S	1	0	1	0.00000
Corynebacterium frankenforstense	1230998	S	1	0	1	0.00000
Corynebacterium amycolatum	43765	S	1	1	2	0.00000
Corynebacterium maris	575200	S	1	0	1	0.00000
Corynebacterium jeikeium	38289	S	1	0	1	0.00000
Corynebacterium halotolerans	225326	S	1	0	1	0.00000
Corynebacterium variabile	1727	S	1	0	1	0.00000
Gordonia terrae	2055	S	3	2	5	0.00000
Gordonia iterans	1004901	S	3	0	3	0.00000
Gordonia sp. KTR9	337191	S	1	0	1	0.00000
Gordonia sp. HY186	2597659	S	1	0	1	0.00000
Gordonia sp. JH63	2698900	S	1	2	3	0.00000
Gordonia bronchialis	2054	S	2	0	2	0.00000
Gordonia polyisoprenivorans	84595	S	1	0	1	0.00000
Tsukamurella paurometabola	2061	S	4	0	4	0.00000
Tsukamurella tyrosinosolvens	57704	S	3	0	3	0.00000
Dietzia psychralcaliphila	139021	S	1	0	1	0.00000
Dietzia timorensis	499555	S	1	0	1	0.00000
Cutibacterium acnes	1747	S	134	5	139	0.00000
Cutibacterium avidum	33010	S	2	0	2	0.00000
Cutibacterium granulosum	33011	S	1	0	1	0.00000
Propionibacterium sp. oral taxon 193	671223	S	13	1	14	0.00000
Propionibacterium freudenreichii	1744	S	1	0	1	0.00000
Propionibacterium acidifaciens	556499	S	1	0	1	0.00000
Microlunatus sp. Gsoil 973	2672569	S	3	0	3	0.00000
Microlunatus soli	630515	S	1	0	1	0.00000
Tessaracoccus flavescens	399497	S	2	0	2	0.00000
Tessaracoccus defluvii	1285901	S	1	0	1	0.00000
Tessaracoccus flavus	1610493	S	1	0	1	0.00000
Acidipropionibacterium acidipropionici	1748	S	2	0	2	0.00000
Acidipropionibacterium jensenii	1749	S	2	0	2	0.00000
Brevilactibacter sp. MC1595	2819349	S	2	0	2	0.00000
Nocardioides sp. HDW12B	2714939	S	3	0	3	0.00000
Nocardioides sp. S-1144	2582905	S	2	0	2	0.00000
Nocardioides sp. S5	2017486	S	1	0	1	0.00000
Nocardioides sp. WS12	2486272	S	1	0	1	0.00000
Nocardioides sp. ZJ1313	2685869	S	1	0	1	0.00000
Nocardioides daphniae	402297	S	2	0	2	0.00000
Nocardioides marinisabuli	419476	S	2	0	2	0.00000
Nocardioides mesophilus	433659	S	2	0	2	0.00000
Nocardioides humi	449461	S	2	0	2	0.00000
Nocardioides euryhalodurans	2518370	S	2	0	2	0.00000
Nocardioides seonyuensis	2518371	S	2	0	2	0.00000
Nocardioides ungokensis	1643322	S	1	0	1	0.00000
Nocardioides sambongensis	2589074	S	1	0	1	0.00000
Nocardioides anomalus	2712223	S	1	0	1	0.00000
Aeromicrobium erythreum	2041	S	1	0	1	0.00000
Aeromicrobium choanae	1736691	S	1	0	1	0.00000
Kribbella flavida	182640	S	2	0	2	0.00000
Streptomyces sp. Z022	1442032	S	4	0	4	0.00000
Streptomyces sp. NHF165	2175864	S	3	0	3	0.00000
Streptomyces sp. SAT1	1849967	S	2	0	2	0.00000
Streptomyces sp. WAC 01529	2203205	S	2	0	2	0.00000
Streptomyces sp. SirexAA-E	862751	S	2	0	2	0.00000
Streptomyces sp. 3214.6	1882757	S	2	0	2	0.00000
Streptomyces sp. CRPJ-33	2768068	S	2	0	2	0.00000
Streptomyces sp. MBT27	1488356	S	2	0	2	0.00000
Streptomyces sp. HM190	2695266	S	1	0	1	0.00000
Streptomyces sp. RPA4-5	2721245	S	1	0	1	0.00000
Streptomyces sp. RPA4-2	2721244	S	1	0	1	0.00000
Streptomyces sp. RLB1-33	2721243	S	1	1	2	0.00000
Streptomyces sp. S8	1837283	S	1	0	1	0.00000
Streptomyces sp. SCSIO 3032	1264596	S	1	0	1	0.00000
Streptomyces sp. QMT-12	2717324	S	1	0	1	0.00000
Streptomyces sp. SYP-A7193	2662065	S	1	0	1	0.00000
Streptomyces sp. S4.7	2705439	S	1	0	1	0.00000
Streptomyces sp. CMB-StM0423	2059884	S	1	0	1	0.00000
Streptomyces sp. CB09001	2083284	S	1	0	1	0.00000
Streptomyces sp. ADI95-16	1522758	S	1	2	3	0.00000
Streptomyces sp. SM18	1736046	S	1	0	1	0.00000
Streptomyces sp. PBH53	1577075	S	1	0	1	0.00000
Streptomyces sp. CdTB01	1725411	S	1	0	1	0.00000
Streptomyces sp. So13.3	2136173	S	1	0	1	0.00000
Streptomyces sp. 2323.1	1938841	S	1	0	1	0.00000
Streptomyces sp. ZYC-3	2797636	S	1	0	1	0.00000
Streptomyces sp. XC 2026	2782004	S	1	0	1	0.00000
Streptomyces sp. INR7	2607753	S	1	0	1	0.00000
Streptomyces sp. CRXT-Y-14	2768069	S	1	0	1	0.00000
Streptomyces sp. CRXT-G-22	2768066	S	1	0	1	0.00000
Streptomyces sp. NEAU-sy36	2751189	S	1	0	1	0.00000
Streptomyces sp. CNQ-509	444103	S	1	2	3	0.00000
Streptomyces sp. CB00271	2750025	S	1	0	1	0.00000
Streptomyces sp. Rer75	2750011	S	1	0	1	0.00000
Streptomyces sp. SN-593	659352	S	1	0	1	0.00000
Streptomyces sp. NA04227	2742136	S	1	0	1	0.00000
Streptomyces griseus	1911	S	4	0	4	0.00000
Streptomyces anulatus	1892	S	2	0	2	0.00000
Streptomyces lividans	1916	S	6	35	41	0.00000
Streptomyces cattleya	29303	S	5	0	5	0.00000
Streptomyces actuosus	1885	S	4	0	4	0.00000
Streptomyces lydicus	47763	S	4	0	4	0.00000
Streptomyces formicae	1616117	S	3	0	3	0.00000
Streptomyces harbinensis	1176198	S	3	0	3	0.00000
Streptomyces pratensis	1169025	S	3	0	3	0.00000
Streptomyces hygroscopicus	1912	S	3	-2	1	0.00000
Streptomyces asterosporus	285570	S	3	0	3	0.00000
Streptomyces griseocarneus	51201	S	3	0	3	0.00000
Streptomyces venezuelae	54571	S	3	0	3	0.00000
Streptomyces albus	1888	S	2	0	2	0.00000
Streptomyces qaidamensis	1783515	S	2	0	2	0.00000
Streptomyces pristinaespiralis	38300	S	2	0	2	0.00000
Streptomyces buecherae	2763006	S	2	0	2	0.00000
Streptomyces luteoverticillatus	66425	S	2	0	2	0.00000
Streptomyces griseochromogenes	68214	S	2	0	2	0.00000
Streptomyces albulus	68570	S	2	0	2	0.00000
Streptomyces coeruleorubidus	116188	S	2	0	2	0.00000
Streptomyces broussonetiae	2686304	S	2	0	2	0.00000
Streptomyces rectiverticillatus	173860	S	2	0	2	0.00000
Streptomyces capitiformicae	2014920	S	2	0	2	0.00000
Streptomyces lincolnensis	1915	S	2	0	2	0.00000
Streptomyces albireticuli	1940	S	2	0	2	0.00000
Streptomyces lavendulae	1914	S	2	0	2	0.00000
Streptomyces alboflavus	67267	S	1	0	1	0.00000
Streptomyces katrae	68223	S	1	0	1	0.00000
Streptomyces clavuligerus	1901	S	1	0	1	0.00000
Streptomyces platensis	58346	S	1	0	1	0.00000
Streptomyces tendae	1932	S	1	0	1	0.00000
Streptomyces bingchenggensis	379067	S	1	0	1	0.00000
Streptomyces vietnamensis	362257	S	1	0	1	0.00000
Streptomyces globosus	68209	S	1	0	1	0.00000
Streptomyces cacaoi	1898	S	1	0	1	0.00000
Streptomyces dengpaensis	2049881	S	1	0	1	0.00000
Streptomyces paludis	2282738	S	1	0	1	0.00000
Streptomyces ferrugineus	1413221	S	1	0	1	0.00000
Streptomyces pluripotens	1355015	S	1	0	1	0.00000
Streptomyces avermitilis	33903	S	1	0	1	0.00000
Streptomyces galilaeus	33899	S	1	0	1	0.00000
Streptomyces rapamycinicus	1226757	S	1	0	1	0.00000
Streptomyces xinghaiensis	1038928	S	1	0	1	0.00000
Streptomyces bathyalis	2710756	S	1	0	1	0.00000
Streptomyces hundungensis	1077946	S	1	0	1	0.00000
Streptacidiphilus sp. PB12-B1b	2705012	S	4	0	4	0.00000
Streptacidiphilus sp. P02-A3a	2704468	S	1	0	1	0.00000
Streptacidiphilus bronchialis	2126346	S	1	0	1	0.00000
Kitasatospora albolonga	68173	S	2	0	2	0.00000
Kitasatospora sp. NA04385	2742135	S	1	0	1	0.00000
Micromonospora auratinigra	261654	S	4	1	5	0.00000
Micromonospora terminaliae	1914461	S	3	0	3	0.00000
Micromonospora coriariae	285665	S	3	0	3	0.00000
Micromonospora coxensis	356852	S	2	0	2	0.00000
Micromonospora rifamycinica	291594	S	1	0	1	0.00000
Micromonospora sp. WMMA2032	2039870	S	1	0	1	0.00000
Micromonospora zamorensis	709883	S	1	0	1	0.00000
Micromonospora tulbaghiae	479978	S	1	0	1	0.00000
Micromonospora echinospora	1877	S	1	0	1	0.00000
Micromonospora inositola	47865	S	1	0	1	0.00000
Micromonospora echinaurantiaca	47857	S	1	0	1	0.00000
Actinoplanes friuliensis	196914	S	4	0	4	0.00000
Actinoplanes teichomyceticus	1867	S	3	0	3	0.00000
Actinoplanes sp. N902-109	649831	S	3	0	3	0.00000
Actinoplanes derwentensis	113562	S	2	0	2	0.00000
Phytohabitans flavus	1076124	S	3	0	3	0.00000
Phytohabitans suffuscus	624315	S	1	0	1	0.00000
Plantactinospora sp. BB1	2071627	S	2	0	2	0.00000
Plantactinospora sp. KBS50	2024580	S	1	0	1	0.00000
Salinispora tropica	168695	S	2	0	2	0.00000
Verrucosispora sp. NA02020	2742132	S	1	0	1	0.00000
Actinocatenispora thailandica	227318	S	1	0	1	0.00000
Pseudonocardia sp. AL041005-10	445576	S	2	0	2	0.00000
Pseudonocardia sp. CGMCC 4.1532	2761535	S	2	0	2	0.00000
Pseudonocardia sp. HH130630-07	1690815	S	1	0	1	0.00000
Pseudonocardia dioxanivorans	240495	S	2	0	2	0.00000
Pseudonocardia broussonetiae	2736640	S	1	0	1	0.00000
Amycolatopsis sp. FDAARGOS 1241	2778070	S	3	0	3	0.00000
Amycolatopsis sp. AA4	1896961	S	1	0	1	0.00000
Amycolatopsis mediterranei	33910	S	2	0	2	0.00000
Amycolatopsis methanolica	1814	S	1	0	1	0.00000
Amycolatopsis japonica	208439	S	1	0	1	0.00000
Saccharothrix espanaensis	103731	S	2	0	2	0.00000
Saccharothrix sp. 6-C	2781735	S	2	0	2	0.00000
Saccharothrix syringae	103733	S	1	0	1	0.00000
Saccharopolyspora pogona	333966	S	1	0	1	0.00000
Saccharopolyspora sp. ASAGF58	2719023	S	1	0	1	0.00000
Kibdelosporangium phytohabitans	860235	S	3	0	3	0.00000
Actinosynnema pretiosum	42197	S	1	2	3	0.00000
Lentzea guizhouensis	1586287	S	3	0	3	0.00000
Saccharomonospora glauca	40990	S	1	0	1	0.00000
Prauserella marina	530584	S	1	0	1	0.00000
Actinomyces oris	544580	S	3	2	5	0.00000
Actinomyces sp. 432	2057798	S	1	0	1	0.00000
Actinomyces sp. zg-993	2763540	S	1	0	1	0.00000
Actinomyces weissii	675090	S	1	0	1	0.00000
Actinomyces lilanjuaniae	2321394	S	1	0	1	0.00000
Flaviflexus sp. dk850	2758573	S	3	0	3	0.00000
Schaalia odontolytica	1660	S	2	0	2	0.00000
Schaalia cardiffensis	181487	S	1	0	1	0.00000
Fannyhessea vaginae	82135	S	1	0	1	0.00000
Actinomadura verrucosospora	46165	S	3	0	3	0.00000
Actinomadura sp. WMMA1423	2591108	S	1	0	1	0.00000
Actinomadura sp. NAK00032	2742128	S	1	0	1	0.00000
Streptosporangium roseum	2001	S	1	0	1	0.00000
Streptosporangium sp. 'caverna'	2202249	S	1	0	1	0.00000
Nonomuraea sp. ATCC 55076	1909395	S	1	0	1	0.00000
Nonomuraea nitratireducens	2656914	S	1	0	1	0.00000
Nocardiopsis dassonvillei	2014	S	3	0	3	0.00000
Candidatus Planktophila sulfonica	1884904	S	5	0	5	0.00000
Candidatus Planktophila versatilis	1884905	S	2	0	2	0.00000
Candidatus Planktophila lacus	1884913	S	2	0	2	0.00000
Candidatus Nanopelagicus abundans	1884916	S	1	0	1	0.00000
Bifidobacterium breve	1685	S	1	1	2	0.00000
Bifidobacterium longum	216816	S	1	0	1	0.00000
Bifidobacterium pullorum	78448	S	1	0	1	0.00000
Frankia alni	1859	S	2	0	2	0.00000
Frankia inefficax	298654	S	1	0	1	0.00000
Candidatus Frankia datiscae	2716812	S	1	0	1	0.00000
Jatrophihabitans sp. GAS493	1907575	S	3	0	3	0.00000
Nakamurella multipartita	53461	S	2	0	2	0.00000
Nakamurella sp. PAMC28650	2762325	S	1	0	1	0.00000
Modestobacter marinus	477641	S	2	0	2	0.00000
Geodermatophilus obscurus	1861	S	1	0	1	0.00000
Catenulispora acidiphila	304895	S	2	0	2	0.00000
Kineococcus radiotolerans	131568	S	1	0	1	0.00000
Stackebrandtia nassauensis	283811	S	1	0	1	0.00000
Rubrobacter sp. SCSIO 52909	2653851	S	1	0	1	0.00000
Rubrobacter sp. SCSIO 52915	2653852	S	1	0	1	0.00000
Rubrobacter radiotolerans	42256	S	1	0	1	0.00000
Rubrobacter xylanophilus	49319	S	1	0	1	0.00000
Conexibacter woesei	191495	S	3	0	3	0.00000
Actinomarinicola tropica	2789776	S	2	0	2	0.00000
Olsenella sp. oral taxon 807	712411	S	1	0	1	0.00000
Parolsenella catena	2003188	S	1	0	1	0.00000
Euzebya sp. DY32-46	1608957	S	2	0	2	0.00000
Staphylococcus cohnii	29382	S	115	19	134	0.00000
Staphylococcus aureus	1280	S	12	10	22	0.00000
Staphylococcus epidermidis	1282	S	5	0	5	0.00000
Staphylococcus xylosus	1288	S	4	0	4	0.00000
Staphylococcus equorum	246432	S	2	0	2	0.00000
Staphylococcus simulans	1286	S	2	0	2	0.00000
Staphylococcus hominis	1290	S	2	0	2	0.00000
Staphylococcus chromogenes	46126	S	2	0	2	0.00000
Staphylococcus lutrae	155085	S	1	0	1	0.00000
Staphylococcus felis	46127	S	1	0	1	0.00000
Staphylococcus pasteuri	45972	S	1	0	1	0.00000
Staphylococcus capitis	29388	S	1	0	1	0.00000
Staphylococcus schleiferi	1295	S	1	0	1	0.00000
Staphylococcus hyicus	1284	S	1	0	1	0.00000
Staphylococcus haemolyticus	1283	S	1	0	1	0.00000
Mammaliicoccus sciuri	1296	S	2	0	2	0.00000
Macrococcus caseolyticus	69966	S	1	0	1	0.00000
Bacillus cereus	1396	S	33	41	74	0.00000
Bacillus thuringiensis	1428	S	9	8	17	0.00000
Bacillus cytotoxicus	580165	S	1	0	1	0.00000
Bacillus sp. M4U3P1	2592382	S	2	0	2	0.00000
Bacillus sp. FJAT-22090	1581038	S	1	0	1	0.00000
Bacillus sp. ms-22	2683680	S	1	0	1	0.00000
Bacillus sp. NSP9.1	1071078	S	1	0	1	0.00000
Bacillus sp. THAF10	2587848	S	1	0	1	0.00000
Bacillus sp. 3a	580459	S	1	0	1	0.00000
Bacillus licheniformis	1402	S	3	6	9	0.00000
Bacillus amyloliquefaciens	1390	S	1	2	3	0.00000
Bacillus velezensis	492670	S	1	2	3	0.00000
Bacillus vini	1476025	S	3	0	3	0.00000
Bacillus circulans	1397	S	2	0	2	0.00000
Bacillus dafuensis	1742359	S	1	0	1	0.00000
Bacillus safensis	561879	S	1	0	1	0.00000
Priestia megaterium	1404	S	14	5	19	0.00000
Priestia filamentosa	1402861	S	2	0	2	0.00000
Oceanobacillus zhaokaii	2052660	S	2	0	2	0.00000
Oceanobacillus kimchii	746691	S	1	0	1	0.00000
Anoxybacillus flavithermus	33934	S	2	0	2	0.00000
Weizmannia coagulans	1398	S	2	0	2	0.00000
Salicibibacter kimchii	2099786	S	1	0	1	0.00000
Salicibibacter sp. NKC5-3	2743000	S	1	0	1	0.00000
Parageobacillus genomosp. 1	1295642	S	2	0	2	0.00000
Virgibacillus necropolis	163877	S	1	0	1	0.00000
Virgibacillus sp. Bac332	2419842	S	1	0	1	0.00000
Amphibacillus xylanus	1449	S	1	0	1	0.00000
Radiobacillus deserti	2594883	S	1	0	1	0.00000
Metabacillus sp. KUDC1714	2745198	S	1	0	1	0.00000
Anaerobacillus isosaccharinicus	1532552	S	1	0	1	0.00000
Mesobacillus jeotgali	129985	S	1	0	1	0.00000
Fictibacillus arsenicus	255247	S	1	0	1	0.00000
Paenibacillus sp. CAA11	1532905	S	2	0	2	0.00000
Paenibacillus sp. UniB2	2726185	S	2	0	2	0.00000
Paenibacillus sp. RUD330	2023772	S	1	0	1	0.00000
Paenibacillus sp. JZ16	1906272	S	1	0	1	0.00000
Paenibacillus sp. lzh-N1	2069255	S	1	2	3	0.00000
Paenibacillus sp. B01	2660554	S	1	0	1	0.00000
Paenibacillus sp. URB8-2	2741301	S	1	0	1	0.00000
Paenibacillus sp. JNUCC-32	2777984	S	1	0	1	0.00000
Paenibacillus polymyxa	1406	S	2	0	2	0.00000
Paenibacillus beijingensis	1126833	S	2	0	2	0.00000
Paenibacillus alvei	44250	S	1	0	1	0.00000
Paenibacillus donghaensis	414771	S	1	0	1	0.00000
Paenibacillus jilunlii	682956	S	1	0	1	0.00000
Paenibacillus mucilaginosus	61624	S	1	-1	0	0.00000
Paenibacillus chitinolyticus	79263	S	1	0	1	0.00000
Paenibacillus bovis	1616788	S	1	0	1	0.00000
Cohnella sp. LGH	1619153	S	3	0	3	0.00000
Cohnella sp. MFER-1	2728023	S	1	0	1	0.00000
Cohnella abietis	2507935	S	1	0	1	0.00000
Brevibacillus brevis	1393	S	3	0	3	0.00000
Aneurinibacillus soli	1500254	S	1	0	1	0.00000
Listeria monocytogenes	1639	S	1	2	3	0.00000
Listeria weihenstephanensis	1006155	S	1	0	1	0.00000
Brochothrix thermosphacta	2756	S	2	0	2	0.00000
Kroppenstedtia eburnea	714067	S	1	0	1	0.00000
Kroppenstedtia pulmonis	1380685	S	1	0	1	0.00000
Gemella haemolysans	1379	S	1	0	1	0.00000
Sporosarcina psychrophila	1476	S	1	0	1	0.00000
Streptococcus equi	1336	S	3	-3	0	0.00000
Streptococcus sp. oral taxon 061	712623	S	1	0	1	0.00000
Streptococcus sp. 1643	2576376	S	1	1	2	0.00000
Streptococcus troglodytae	1111760	S	2	0	2	0.00000
Streptococcus pyogenes	1314	S	2	1	3	0.00000
Streptococcus oralis	1303	S	1	0	1	0.00000
Streptococcus pluranimalium	82348	S	1	0	1	0.00000
Streptococcus equinus	1335	S	1	0	1	0.00000
Streptococcus gordonii	1302	S	1	0	1	0.00000
Streptococcus suis	1307	S	1	0	1	0.00000
Lactococcus lactis	1358	S	5	1	6	0.00000
Lactococcus cremoris	1359	S	3	0	3	0.00000
Lactococcus garvieae	1363	S	2	0	2	0.00000
Lactobacillus terrae	2269374	S	1	0	1	0.00000
Lactobacillus gasseri	1596	S	1	0	1	0.00000
Lactobacillus amylovorus	1604	S	1	0	1	0.00000
Lactobacillus jensenii	109790	S	1	0	1	0.00000
Weissella sp. HDW19	2714949	S	2	0	2	0.00000
Weissella cryptocerci	2506420	S	1	0	1	0.00000
Pediococcus pentosaceus	1255	S	1	0	1	0.00000
Pediococcus claussenii	187452	S	1	0	1	0.00000
Loigolactobacillus coryniformis	1610	S	1	0	1	0.00000
Loigolactobacillus backii	375175	S	1	0	1	0.00000
Companilactobacillus futsaii	938155	S	1	0	1	0.00000
Companilactobacillus zhachilii	2304606	S	1	0	1	0.00000
Lacticaseibacillus paracasei	1597	S	1	0	1	0.00000
Limosilactobacillus fermentum	1613	S	1	0	1	0.00000
Schleiferilactobacillus harbinensis	304207	S	1	0	1	0.00000
Liquorilactobacillus mali	1618	S	1	0	1	0.00000
Ligilactobacillus salivarius	1624	S	1	0	1	0.00000
Carnobacterium maltaromaticum	2751	S	5	0	5	0.00000
Carnobacterium sp. 17-4	208596	S	1	0	1	0.00000
Dolosigranulum pigrum	29394	S	3	0	3	0.00000
Jeotgalibaca porci	1868793	S	3	0	3	0.00000
Enterococcus cecorum	44008	S	2	0	2	0.00000
Enterococcus mundtii	53346	S	2	0	2	0.00000
Enterococcus faecalis	1351	S	1	0	1	0.00000
Enterococcus durans	53345	S	1	0	1	0.00000
Enterococcus rotai	118060	S	1	0	1	0.00000
Enterococcus gilvus	160453	S	1	0	1	0.00000
Vagococcus carniphilus	218144	S	1	0	1	0.00000
Vagococcus zengguangii	2571750	S	1	0	1	0.00000
Aerococcus urinaeequi	51665	S	1	0	1	0.00000
Aerococcus sanguinicola	119206	S	1	0	1	0.00000
Suicoccus acidiformans	2036206	S	1	0	1	0.00000
Clostridium botulinum	1491	S	7	1	8	0.00000
Clostridium perfringens	1502	S	4	0	4	0.00000
Clostridium butyricum	1492	S	3	0	3	0.00000
Clostridium pasteurianum	1501	S	2	0	2	0.00000
Clostridium baratii	1561	S	2	0	2	0.00000
Clostridium tetani	1513	S	2	0	2	0.00000
Clostridium tyrobutyricum	1519	S	2	0	2	0.00000
Clostridium beijerinckii	1520	S	2	0	2	0.00000
Clostridium sp. CT4	2320868	S	1	0	1	0.00000
Clostridium taeniosporum	394958	S	1	0	1	0.00000
Clostridium carboxidivorans	217159	S	1	0	1	0.00000
Clostridium gasigenes	94869	S	1	0	1	0.00000
Clostridium intestinale	36845	S	1	0	1	0.00000
Clostridium scatologenes	1548	S	1	0	1	0.00000
Clostridium novyi	1542	S	1	0	1	0.00000
Clostridium sporogenes	1509	S	1	2	3	0.00000
Clostridium septicum	1504	S	1	0	1	0.00000
Crassaminicella sp. SY095	2599308	S	2	0	2	0.00000
Caloramator sp. E03	2576307	S	1	0	1	0.00000
Enterocloster clostridioformis	1531	S	1	1	2	0.00000
Enterocloster bolteae	208479	S	1	0	1	0.00000
Butyrivibrio proteoclasticus	43305	S	1	0	1	0.00000
Butyrivibrio hungatei	185008	S	1	0	1	0.00000
Coprococcus comes	410072	S	1	0	1	0.00000
Anaerobutyricum hallii	39488	S	1	0	1	0.00000
Cellulosilyticum lentocellum	29360	S	1	0	1	0.00000
Anaerocolumna cellulosilytica	433286	S	1	0	1	0.00000
Herbinix luporum	1679721	S	1	0	1	0.00000
Filifactor alocis	143361	S	2	1	3	0.00000
Clostridioides difficile	1496	S	2	0	2	0.00000
Romboutsia ilealis	1115758	S	1	0	1	0.00000
Paeniclostridium sordellii	1505	S	1	0	1	0.00000
Faecalibacterium prausnitzii	853	S	2	1	3	0.00000
Acetivibrio saccincola	1677857	S	1	0	1	0.00000
Ruminiclostridium cellulolyticum	1521	S	1	0	1	0.00000
Aminipila sp. JN-18	2507160	S	2	0	2	0.00000
Aminipila butyrica	433296	S	1	0	1	0.00000
Intestinimonas butyriciproducens	1297617	S	1	0	1	0.00000
Syntrophomonas wolfei	863	S	2	0	2	0.00000
Desulfosporosinus meridiei	79209	S	1	0	1	0.00000
Christensenella minuta	626937	S	1	0	1	0.00000
Thermanaeromonas toyohensis	161154	S	1	0	1	0.00000
Caldanaerobacter subterraneus	911092	S	1	0	1	0.00000
Thermodesulfobium acidiphilum	1794699	S	1	0	1	0.00000
Caldicellulosiruptor sp. YA01	2806205	S	1	0	1	0.00000
Acetohalobium arabaticum	28187	S	1	0	1	0.00000
Anoxybacter fermentans	1323375	S	1	0	1	0.00000
Tepidanaerobacter acetatoxydans	499229	S	1	0	1	0.00000
Thermosediminibacter oceani	291990	S	1	0	1	0.00000
Koleobacter methoxysyntrophicus	2751313	S	2	0	2	0.00000
Keratinibaculum paraultunense	1278232	S	19	1	20	0.00000
Tissierellia sp. JN-28	2507161	S	1	0	1	0.00000
Finegoldia magna	1260	S	1	0	1	0.00000
Anaerococcus vaginalis	33037	S	1	0	1	0.00000
Parvimonas micra	33033	S	1	0	1	0.00000
Murdochiella vaginalis	1852373	S	1	0	1	0.00000
Phascolarctobacterium sp. Marseille-Q4147	2823317	S	2	0	2	0.00000
Phascolarctobacterium faecium	33025	S	1	0	1	0.00000
Acidaminococcus fermentans	905	S	1	0	1	0.00000
Methylomusa anaerophila	1930071	S	2	0	2	0.00000
Pelosinus fermentans	365349	S	1	0	1	0.00000
Veillonella parvula	29466	S	3	0	3	0.00000
Amedibacterium intestinale	2583452	S	2	2	4	0.00000
Erysipelothrix piscisicarius	2485784	S	1	0	1	0.00000
Bulleidia sp. zg-1006	2806552	S	1	0	1	0.00000
Erysipelatoclostridium ramosum	1547	S	1	0	1	0.00000
Turicibacter sanguinis	154288	S	1	0	1	0.00000
Turicibacter sp. H121	1712675	S	1	0	1	0.00000
Limnochorda pilosa	1555112	S	2	0	2	0.00000
Nostoc sp. CENA543	1869241	S	4	0	4	0.00000
Nostoc sp. C052	2576902	S	3	1	4	0.00000
Nostoc sp. PCC 7524	28072	S	1	0	1	0.00000
Nostoc sp. NIES-4103	2005458	S	1	0	1	0.00000
Nostoc sp. TCL26-01	2576904	S	1	0	1	0.00000
Nostoc carneum	374162	S	3	6	9	0.00000
Nostoc linckia	92942	S	2	0	2	0.00000
Nostoc piscinale	224012	S	1	0	1	0.00000
Nostoc edaphicum	264686	S	1	0	1	0.00000
Nostoc punctiforme	272131	S	1	0	1	0.00000
Anabaena sp. WA102	1647413	S	3	5	8	0.00000
Anabaena sp. 90	46234	S	2	17	19	0.00000
Calothrix sp. NIES-2098	1954171	S	5	2	7	0.00000
Calothrix sp. 336/3	1337936	S	2	0	2	0.00000
Calothrix brevissima	938406	S	4	1	5	0.00000
Calothrix parasitica	1973486	S	2	0	2	0.00000
Rivularia sp. PCC 7116	373994	S	4	0	4	0.00000
Nodularia spumigena	70799	S	2	-2	0	0.00000
Dolichospermum compactum	136073	S	2	2	4	0.00000
Acaryochloris marina	155978	S	14	0	14	0.00000
Synechococcus sp. LTW-R	2751170	S	1	0	1	0.00000
Synechococcus sp. A15-44	1050646	S	1	2	3	0.00000
Synechococcus sp. PCC 7003	374981	S	1	0	1	0.00000
Synechococcus sp. PCC 6312	195253	S	1	0	1	0.00000
Synechococcus sp. CBW1108	1353147	S	1	0	1	0.00000
Dactylococcopsis salina	292566	S	1	0	1	0.00000
Prochlorococcus marinus	1219	S	4	1	5	0.00000
Pseudanabaena sp. PCC 7367	82654	S	1	0	1	0.00000
Pseudanabaena sp. ABRG5-3	685565	S	1	0	1	0.00000
Halomicronema hongdechloris	1209493	S	2	0	2	0.00000
Chamaesiphon minutus	1173032	S	1	0	1	0.00000
Leptolyngbya sp. BL0902	1115757	S	1	0	1	0.00000
Oscillatoria nigro-viridis	482564	S	5	0	5	0.00000
Oscillatoria acuminata	118323	S	1	0	1	0.00000
Moorea producens	1155739	S	3	0	3	0.00000
Planktothrix rubescens	59512	S	2	0	2	0.00000
Cyanothece sp. PCC 7425	395961	S	1	0	1	0.00000
Geminocystis sp. NIES-3708	1615909	S	1	0	1	0.00000
Geminocystis sp. NIES-3709	1617448	S	1	0	1	0.00000
Gloeocapsa sp. PCC 7428	1173026	S	1	0	1	0.00000
Crocosphaera subtropica	2546360	S	1	0	1	0.00000
Rippkaea orientalis	2546366	S	1	-1	0	0.00000
Microcystis aeruginosa	1126	S	1	0	1	0.00000
Cyanobacterium aponinum	379064	S	1	0	1	0.00000
Stanieria sp. NIES-3757	1807358	S	1	1	2	0.00000
Gloeomargarita lithophora	1188228	S	2	0	2	0.00000
Mycoplasma sp. Zaradi2	547987	S	1	0	1	0.00000
Mycoplasma sp. C264-NAS	2726117	S	1	0	1	0.00000
Mycoplasma hominis	2098	S	2	0	2	0.00000
Mycoplasma genitalium	2097	S	1	-1	0	0.00000
Mycoplasma anserisalpingitidis	519450	S	1	0	1	0.00000
Mycoplasma wenyonii	65123	S	1	0	1	0.00000
Mycoplasma yeatsii	51365	S	1	0	1	0.00000
Mycoplasma mobile	2118	S	1	0	1	0.00000
Mycoplasma pulmonis	2107	S	2	0	2	0.00000
Mycoplasma columborale	171282	S	2	0	2	0.00000
Mycoplasma canis	29555	S	1	0	1	0.00000
Mycoplasma columbinasale	114880	S	1	0	1	0.00000
Spiroplasma taiwanense	2145	S	3	0	3	0.00000
Spiroplasma tabanidicola	324079	S	2	0	2	0.00000
Spiroplasma monobiae	2136	S	1	0	1	0.00000
Spiroplasma alleghenense	216931	S	1	0	1	0.00000
Spiroplasma corruscae	216934	S	1	0	1	0.00000
Mesoplasma coleopterae	324078	S	1	0	1	0.00000
Aster yellows witches'-broom phytoplasma	229545	S	1	0	1	0.00000
'Catharanthus roseus' aster yellows phytoplasma	1193712	S	1	0	1	0.00000
Candidatus Phytoplasma mali	37692	S	1	0	1	0.00000
Thermus scotoductus	37636	S	5	0	5	0.00000
Thermus thermophilus	274	S	2	0	2	0.00000
Thermus aquaticus	271	S	1	0	1	0.00000
Thermus parvatiensis	456163	S	1	0	1	0.00000
Meiothermus silvanus	52022	S	1	0	1	0.00000
Marinithermus hydrothermalis	186192	S	1	0	1	0.00000
Deinococcus wulumuqiensis	980427	S	3	0	3	0.00000
Deinococcus swuensis	1182571	S	2	0	2	0.00000
Deinococcus geothermalis	68909	S	1	0	1	0.00000
Deinococcus actinosclerus	1768108	S	1	0	1	0.00000
Deinococcus deserti	310783	S	1	0	1	0.00000
Deinococcus ficus	317577	S	1	0	1	0.00000
Deinococcus radiodurans	1299	S	1	0	1	0.00000
Truepera radiovictrix	332249	S	1	0	1	0.00000
Candidatus Promineofilum breve	1806508	S	3	0	3	0.00000
Chloroflexus aurantiacus	1108	S	1	-1	0	0.00000
Roseiflexus sp. RS-1	357808	S	1	0	1	0.00000
Dehalogenimonas lykanthroporepellens	552810	S	1	0	1	0.00000
Dehalococcoides mccartyi	61435	S	1	0	1	0.00000
Anaerolinea sp. 'rifampicinis'	2710758	S	1	0	1	0.00000
Ktedonosporobacter rubrisoli	2509675	S	1	0	1	0.00000
Fimbriimonas ginsengisoli	1005039	S	1	0	1	0.00000
Flavobacterium sp. CLA17	2724135	S	3	0	3	0.00000
Flavobacterium sp. Sr18	935222	S	3	0	3	0.00000
Flavobacterium sp. LPB0248	2614441	S	3	2	5	0.00000
Flavobacterium sp. BB8	2816357	S	2	0	2	0.00000
Flavobacterium sp. M31R6	2739062	S	2	0	2	0.00000
Flavobacterium sp. 140616W15	2478552	S	2	0	2	0.00000
Flavobacterium sp. MDT1-60	1979344	S	2	0	2	0.00000
Flavobacterium sp. CJ74	2294119	S	1	0	1	0.00000
Flavobacterium sp. KBS0721	1179672	S	1	0	1	0.00000
Flavobacterium sp. SLB02	2665645	S	1	0	1	0.00000
Flavobacterium sp. I3-2	2748319	S	1	1	2	0.00000
Flavobacterium sp. P2-65	2748320	S	1	0	1	0.00000
Flavobacterium psychrophilum	96345	S	9	1	10	0.00000
Flavobacterium columnare	996	S	4	1	5	0.00000
Flavobacterium nackdongense	2547394	S	4	0	4	0.00000
Flavobacterium indicum	312277	S	3	0	3	0.00000
Flavobacterium anhuiense	459526	S	3	1	4	0.00000
Flavobacterium faecale	1355330	S	3	0	3	0.00000
Flavobacterium haoranii	683124	S	2	0	2	0.00000
Flavobacterium commune	1306519	S	2	0	2	0.00000
Flavobacterium sangjuense	2518177	S	2	0	2	0.00000
Flavobacterium johnsoniae	986	S	2	0	2	0.00000
Flavobacterium kingsejongi	1678728	S	2	0	2	0.00000
Flavobacterium crassostreae	1763534	S	2	0	2	0.00000
Flavobacterium crocinum	2183896	S	2	0	2	0.00000
Flavobacterium nitrogenifigens	1617283	S	1	0	1	0.00000
Flavobacterium branchiophilum	55197	S	1	0	1	0.00000
Polaribacter sp. SA4-12	1312072	S	3	0	3	0.00000
Polaribacter sp. Hel1_33_78	1336804	S	2	0	2	0.00000
Polaribacter sp. MED152	313598	S	1	0	1	0.00000
Polaribacter sp. KT25b	1855336	S	1	0	1	0.00000
Polaribacter sp. ALD11	2058137	S	1	0	1	0.00000
Polaribacter sp. L12M9	2738844	S	1	0	1	0.00000
Polaribacter sp. G4M1	2808900	S	1	0	1	0.00000
Polaribacter sejongensis	985043	S	2	0	2	0.00000
Polaribacter haliotis	1888915	S	2	0	2	0.00000
Polaribacter reichenbachii	996801	S	1	0	1	0.00000
Polaribacter vadi	1774273	S	1	0	1	0.00000
Myroides odoratimimus	76832	S	4	6	10	0.00000
Myroides odoratus	256	S	3	0	3	0.00000
Myroides profundi	480520	S	3	0	3	0.00000
Myroides sp. ZB35	1458492	S	1	0	1	0.00000
Formosa sp. Hel1_31_208	1798225	S	3	0	3	0.00000
Formosa sp. L2A11	2686363	S	2	0	2	0.00000
Formosa sp. Hel3_A1_48	1336795	S	1	0	1	0.00000
Formosa agariphila	320324	S	1	0	1	0.00000
Cellulophaga sp. L1A9	2686362	S	4	0	4	0.00000
Cellulophaga algicola	59600	S	1	0	1	0.00000
Cellulophaga baltica	76594	S	1	0	1	0.00000
Tenacibaculum sp. DSM 106434	2358479	S	3	0	3	0.00000
Tenacibaculum dicentrarchi	669041	S	1	0	1	0.00000
Winogradskyella forsetii	2686077	S	2	0	2	0.00000
Winogradskyella helgolandensis	2697010	S	2	0	2	0.00000
Algibacter sp. L1A34	2686365	S	2	0	2	0.00000
Algibacter sp. L3A6	2686366	S	1	0	1	0.00000
Algibacter alginicilyticus	1736674	S	1	0	1	0.00000
Siansivirga zeaxanthinifaciens	762954	S	3	0	3	0.00000
Lacinutrix sp. Bg11-31	2057808	S	2	0	2	0.00000
Lacinutrix sp. 5H-3-7-4	983544	S	1	0	1	0.00000
Capnocytophaga cynodegmi	28189	S	1	0	1	0.00000
Capnocytophaga endodontalis	2708117	S	1	0	1	0.00000
Mariniflexile sp. TRM1-10	2027857	S	2	0	2	0.00000
Flagellimonas maritima	1383885	S	2	0	2	0.00000
Euzebyella marina	1761453	S	2	1	3	0.00000
Aquimarina sp. AD1	1714848	S	1	0	1	0.00000
Aquimarina sp. BL5	1714860	S	1	0	1	0.00000
Urechidicola croceus	1850246	S	2	1	3	0.00000
Aequorivita sublithincola	101385	S	2	0	2	0.00000
Costertonia aggregata	343403	S	1	0	1	0.00000
Muriicola sp. MMS17-SY002	2507538	S	1	0	1	0.00000
Muricauda ruestringensis	111501	S	1	0	1	0.00000
Tamlana carrageenivorans	2069432	S	1	0	1	0.00000
Sediminicola sp. YIK13	1453352	S	1	0	1	0.00000
Flavivirga eckloniae	1803846	S	1	0	1	0.00000
Zobellia galactanivorans	63186	S	1	0	1	0.00000
Nonlabens sp. Hel1_33_55	1336802	S	1	0	1	0.00000
Lutibacter profundi	1622118	S	1	0	1	0.00000
Kordia sp. SMS9	2282170	S	1	0	1	0.00000
Gramella sp. MAR_2010_147	1250205	S	1	0	1	0.00000
Salegentibacter salegens	143223	S	1	0	1	0.00000
Croceibacter atlanticus	313588	S	1	0	1	0.00000
Maribacter sp. T28	1836467	S	1	0	1	0.00000
Oceanihabitans sp. IOP_32	2529032	S	1	0	1	0.00000
Chryseobacterium sp. 6424	2039166	S	2	0	2	0.00000
Chryseobacterium sp. G0186	2487064	S	2	2	4	0.00000
Chryseobacterium sp. T16E-39	2015076	S	1	0	1	0.00000
Chryseobacterium sp. 3008163	2478663	S	1	0	1	0.00000
Chryseobacterium sp. SNU WT5	2594269	S	1	0	1	0.00000
Chryseobacterium sp. POL2	2713414	S	1	0	1	0.00000
Chryseobacterium sp. NEB161	2724619	S	1	1	2	0.00000
Chryseobacterium indologenes	253	S	3	1	4	0.00000
Chryseobacterium piperi	558152	S	2	0	2	0.00000
Chryseobacterium carnipullorum	1124835	S	2	1	3	0.00000
Chryseobacterium balustinum	246	S	2	1	3	0.00000
Chryseobacterium joostei	112234	S	1	0	1	0.00000
Chryseobacterium arthrosphaerae	651561	S	1	0	1	0.00000
Chryseobacterium nakagawai	1241982	S	1	2	3	0.00000
Kaistella jeonii	266749	S	9	0	9	0.00000
Kaistella antarctica	266748	S	3	0	3	0.00000
Kaistella flava (ex Peng et al. 2021)	2038776	S	3	0	3	0.00000
Kaistella daneshvariae	2487074	S	2	0	2	0.00000
Chryseobacterium haifense	421525	S	1	2	3	0.00000
Chryseobacterium lactis	1241981	S	1	1	2	0.00000
Epilithonimonas vandammei	2487072	S	1	1	2	0.00000
Cloacibacterium normanense	237258	S	19	2	21	0.00000
Elizabethkingia meningoseptica	238	S	1	0	1	0.00000
Elizabethkingia miricola	172045	S	1	0	1	0.00000
Elizabethkingia anophelis	1117645	S	1	1	2	0.00000
Elizabethkingia sp. JS20170427COW	2583851	S	1	0	1	0.00000
Ornithobacterium rhinotracheale	28251	S	1	0	1	0.00000
Empedobacter brevis	247	S	1	0	1	0.00000
Cruoricaptor ignavus	1118202	S	1	0	1	0.00000
Blattabacterium cuenoti	1653831	S	3	0	3	0.00000
Blattabacterium sp. (Periplaneta americana)	367488	S	2	2	4	0.00000
Fluviicola taffensis	191579	S	3	0	3	0.00000
Candidatus Sulcia muelleri	336810	S	1	0	1	0.00000
Croceimicrobium hydrocarbonivorans	2761580	S	1	0	1	0.00000
Pedobacter sp. SW-16	2766984	S	24	4	28	0.00000
Pedobacter sp. HDW13	2714940	S	10	1	11	0.00000
Pedobacter sp. G11	2482728	S	8	1	9	0.00000
Pedobacter sp. KBS0701	2578106	S	6	1	7	0.00000
Pedobacter sp. JBR3-12	2789740	S	5	0	5	0.00000
Pedobacter sp. PACM 27299	1727164	S	3	0	3	0.00000
Pedobacter sp. CJ43	2605747	S	2	0	2	0.00000
Pedobacter roseus	336820	S	6	2	8	0.00000
Pedobacter cryoconitis	188932	S	3	0	3	0.00000
Pedobacter suwonensis	332999	S	2	0	2	0.00000
Pedobacter steynii	430522	S	1	0	1	0.00000
Sphingobacterium sp. ML3W	1538644	S	2	0	2	0.00000
Sphingobacterium sp. DR205	2713573	S	2	0	2	0.00000
Sphingobacterium sp. UDSM-2020	2795738	S	1	0	1	0.00000
Sphingobacterium multivorum	28454	S	4	7	11	0.00000
Sphingobacterium mizutaii	1010	S	2	0	2	0.00000
Sphingobacterium spiritivorum	258	S	1	0	1	0.00000
Sphingobacterium thalpophilum	259	S	1	1	2	0.00000
Sphingobacterium daejeonense	371142	S	1	0	1	0.00000
Sphingobacterium psychroaquaticum	561061	S	1	0	1	0.00000
Mucilaginibacter ginsenosidivorans	398053	S	2	0	2	0.00000
Mucilaginibacter ginsenosidivorax	862126	S	2	0	2	0.00000
Mucilaginibacter gotjawali	1550579	S	2	0	2	0.00000
Mucilaginibacter paludis	423351	S	1	0	1	0.00000
Mucilaginibacter gossypii	551996	S	1	3	4	0.00000
Mucilaginibacter ginkgonis	2682091	S	1	0	1	0.00000
Spirosoma sp. KUDC1026	2745947	S	46	1	47	0.00000
Spirosoma sp. KCTC 42546	2520506	S	2	0	2	0.00000
Spirosoma pollinicola	2057025	S	3	0	3	0.00000
Spirosoma montaniterrae	1178516	S	1	0	1	0.00000
Spirosoma aerolatum	1211326	S	1	0	1	0.00000
Spirosoma radiotolerans	1379870	S	1	0	1	0.00000
Spirosoma aureum	2692134	S	1	0	1	0.00000
Runella slithyformis	106	S	3	0	3	0.00000
Aquirufa nivalisilvae	2516557	S	3	0	3	0.00000
Cytophaga hutchinsonii	985	S	1	0	1	0.00000
Rhodocytophaga rosea	2704465	S	1	0	1	0.00000
Fibrella sp. ES10-3-2-2	1834519	S	1	0	1	0.00000
Hymenobacter sp. PAMC 26554	1484116	S	4	0	4	0.00000
Hymenobacter sp. NBH84	2596915	S	3	1	4	0.00000
Hymenobacter sp. BRD128	2675878	S	2	0	2	0.00000
Hymenobacter qilianensis	1385715	S	1	0	1	0.00000
Hymenobacter sedentarius	1411621	S	1	0	1	0.00000
Hymenobacter jejuensis	2502781	S	1	0	1	0.00000
Hymenobacter busanensis	2607656	S	1	0	1	0.00000
Rufibacter tibetensis	512763	S	3	0	3	0.00000
Rufibacter sp. DG15C	1379909	S	2	0	2	0.00000
Adhaeribacter swui	2086471	S	3	0	3	0.00000
Pontibacter akesuensis	388950	S	1	0	1	0.00000
Nibribacter ruber	2698458	S	1	0	1	0.00000
Echinicola vietnamensis	390884	S	1	0	1	0.00000
Echinicola sp. 20G	2781961	S	1	0	1	0.00000
Algoriphagus machipongonensis	388413	S	1	0	1	0.00000
Aquiflexum balticum	280473	S	1	0	1	0.00000
Flammeovirga sp. MY04	1191459	S	1	0	1	0.00000
Chryseolinea soli	2321403	S	1	0	1	0.00000
Lacibacter sp. S13-6-6	2760713	S	7	0	7	0.00000
Chitinophaga sp. MD30	2033437	S	2	0	2	0.00000
Chitinophaga sp. 1310	2725416	S	1	0	1	0.00000
Chitinophaga pinensis	79329	S	1	0	1	0.00000
Chitinophaga agri	2703787	S	1	0	1	0.00000
Pseudobacter ginsenosidimutans	661488	S	6	0	6	0.00000
Paraflavitalea soli	2315862	S	5	0	5	0.00000
Flavihumibacter sp. SB-02	2676868	S	4	0	4	0.00000
Arachidicoccus ginsenosidivorans	496057	S	3	0	3	0.00000
Arachidicoccus sp. BS20	1850526	S	1	0	1	0.00000
Panacibacter ginsenosidivorans	1813871	S	4	0	4	0.00000
Pseudocnuella soli	2502779	S	4	0	4	0.00000
Niabella soli	446683	S	1	0	1	0.00000
Niabella ginsenosidivorans	1176587	S	1	0	1	0.00000
Filimonas lacunae	477680	S	2	0	2	0.00000
Niastella koreensis	354356	S	1	0	1	0.00000
Flavisolibacter tropicus	1492898	S	1	0	1	0.00000
Bacteroides fragilis	817	S	3	1	4	0.00000
Bacteroides uniformis	820	S	3	0	3	0.00000
Bacteroides sp. HF-5141	2650158	S	1	0	1	0.00000
Bacteroides sp. CBA7301	2715212	S	1	0	1	0.00000
Bacteroides sp. HF-162	2785531	S	1	0	1	0.00000
Bacteroides zoogleoformans	28119	S	2	0	2	0.00000
Bacteroides caecimuris	1796613	S	2	0	2	0.00000
Bacteroides thetaiotaomicron	818	S	1	0	1	0.00000
Tannerella forsythia	28112	S	4	0	4	0.00000
Tannerella sp. oral taxon HOT-286	712710	S	2	0	2	0.00000
Prevotella copri	165179	S	1	0	1	0.00000
Prevotella fusca	589436	S	1	0	1	0.00000
Prevotella jejuni	1177574	S	1	0	1	0.00000
Prevotella sp. oral taxon 299	652716	S	1	0	1	0.00000
Alloprevotella sp. E39	2133944	S	1	0	1	0.00000
Alistipes onderdonkii	328813	S	2	0	2	0.00000
Alistipes shahii	328814	S	1	0	1	0.00000
Alistipes dispar	2585119	S	1	0	1	0.00000
Petrimonas mucosa	1642646	S	2	0	2	0.00000
Proteiniphilum saccharofermentans	1642647	S	1	0	1	0.00000
Muribaculum intestinale	1796646	S	1	0	1	0.00000
Sodaliphilus pleomorphus	2606626	S	1	0	1	0.00000
Tenuifilum thalassicum	2590900	S	2	0	2	0.00000
Porphyromonas gingivalis	837	S	1	0	1	0.00000
Phocaeicola vulgatus	821	S	1	0	1	0.00000
Paludibacter propionicigenes	185300	S	1	0	1	0.00000
Haliscomenobacter hydrossis	2350	S	3	0	3	0.00000
Salinibacter ruber	146919	S	1	0	1	0.00000
Chloroherpeton thalassium	100716	S	2	0	2	0.00000
Prosthecochloris aestuarii	1102	S	1	0	1	0.00000
Pelodictyon phaeoclathratiforme	34090	S	1	0	1	0.00000
Candidatus Cyclonatronum proteinivorum	1457365	S	1	0	1	0.00000
Gemmatirosa kalamazoonesis	861299	S	5	0	5	0.00000
Gemmatimonas phototrophica	1379270	S	1	0	1	0.00000
Urbifossiella limnaea	2528023	S	18	1	19	0.00000
Gemmata massiliana	1210884	S	8	3	11	0.00000
Gemmata obscuriglobus	114	S	5	0	5	0.00000
Limnoglobus roseus	2598579	S	11	0	11	0.00000
Frigoriglobus tundricola	2774151	S	5	0	5	0.00000
Gimesia alba	2527973	S	3	4	7	0.00000
Gimesia panareensis	2527978	S	1	0	1	0.00000
Planctomyces sp. SH-PL62	1636152	S	5	1	6	0.00000
Planctomyces sp. SH-PL14	1632864	S	1	0	1	0.00000
Fuerstia marisgermanicae	1891926	S	4	0	4	0.00000
Alienimonas californiensis	2527989	S	4	0	4	0.00000
Maioricimonas rarisocia	2528026	S	2	0	2	0.00000
Thalassoglobus polymorphus	2527994	S	2	0	2	0.00000
Planctopirus ephydatiae	2528019	S	1	0	1	0.00000
Caulifigura coniformis	2527983	S	1	0	1	0.00000
Rosistilla oblonga	2527990	S	1	0	1	0.00000
Rosistilla carotiformis	2528017	S	1	1	2	0.00000
Anatilimnocola aggregata	2528021	S	4	0	4	0.00000
Pirellula staleyi	125	S	3	0	3	0.00000
Stieleria maiorica	2795974	S	2	0	2	0.00000
Stieleria neptunia	2527979	S	1	0	1	0.00000
Roseimaritima ulvae	980254	S	1	0	1	0.00000
Bremerella volcania	2527984	S	1	0	1	0.00000
Lignipirellula cremea	2528010	S	1	0	1	0.00000
Lacipirellula limnantheis	2528024	S	6	1	7	0.00000
Botrimarina mediterranea	2528022	S	2	0	2	0.00000
Aeoliella mucimassa	2527972	S	1	0	1	0.00000
Paludisphaera borealis	1387353	S	3	2	5	0.00000
Singulisphaera acidiphila	466153	S	2	1	3	0.00000
Isosphaera pallida	128	S	1	0	1	0.00000
Aquisphaera giovannonii	406548	S	1	0	1	0.00000
Humisphaera borealis	2807512	S	4	0	4	0.00000
Phycisphaera mikurensis	547188	S	1	0	1	0.00000
Poriferisphaera corsica	2528020	S	1	0	1	0.00000
Verrucomicrobium sp. GAS474	1882831	S	4	0	4	0.00000
Verrucomicrobium spinosum	2736	S	3	0	3	0.00000
Luteolibacter luteus	2728835	S	2	0	2	0.00000
Akkermansia muciniphila	239935	S	2	0	2	0.00000
Ereboglobus luteus	1796921	S	5	0	5	0.00000
Opitutus terrae	107709	S	1	0	1	0.00000
Opitutus sp. GAS368	1882749	S	1	0	1	0.00000
Lacunisphaera limnophila	1838286	S	2	0	2	0.00000
Methylacidiphilum kamchatkense	431057	S	1	0	1	0.00000
Parachlamydia acanthamoebae	83552	S	3	1	4	0.00000
Candidatus Protochlamydia naegleriophila	389348	S	1	0	1	0.00000
Kiritimatiella glycovorans	1307763	S	3	0	3	0.00000
Borrelia crocidurae	29520	S	11	1	12	0.00000
Borrelia hermsii	140	S	2	0	2	0.00000
Borrelia miyamotoi	47466	S	1	0	1	0.00000
Treponema azotonutricium	150829	S	2	0	2	0.00000
Treponema ruminis	744515	S	2	0	2	0.00000
Treponema succinifaciens	167	S	1	0	1	0.00000
Treponema primitia	88058	S	1	0	1	0.00000
Treponema pedis	409322	S	1	0	1	0.00000
Treponema sp. OMZ 838	1539298	S	1	0	1	0.00000
Spirochaeta africana	46355	S	4	0	4	0.00000
Spirochaeta thermophila	154	S	1	0	1	0.00000
Sediminispirochaeta smaragdinae	55206	S	2	0	2	0.00000
Leptospira interrogans	173	S	2	0	2	0.00000
Leptospira kmetyi	408139	S	2	0	2	0.00000
Leptospira biflexa	172	S	1	-1	0	0.00000
Leptospira santarosai	28183	S	1	0	1	0.00000
Brachyspira pilosicoli	52584	S	1	0	1	0.00000
Fusobacterium necrophorum	859	S	4	0	4	0.00000
Fusobacterium mortiferum	850	S	1	0	1	0.00000
Fusobacterium nucleatum	851	S	1	1	2	0.00000
Fusobacterium hwasookii	1583098	S	1	2	3	0.00000
Fusobacterium sp. NSJ-57	2764326	S	1	0	1	0.00000
Leptotrichia trevisanii	109328	S	2	0	2	0.00000
Leptotrichia hongkongensis	554406	S	1	0	1	0.00000
Sebaldella termitidis	826	S	2	0	2	0.00000
Acidisarcina polymorpha	2211140	S	4	0	4	0.00000
Granulicella tundricola	940615	S	1	0	1	0.00000
Granulicella sp. WH15	2602070	S	1	0	1	0.00000
Terriglobus saanensis	870903	S	1	0	1	0.00000
Candidatus Solibacter usitatus	332163	S	2	0	2	0.00000
Luteitalea pratensis	1855912	S	6	0	6	0.00000
Tepiditoga spiralis	2108365	S	3	0	3	0.00000
Marinitoga piezophila	149715	S	1	1	2	0.00000
Defluviitoga tunisiensis	1006576	S	1	0	1	0.00000
Mesotoga infera	1236046	S	1	0	1	0.00000
Desulfurobacterium thermolithotrophum	64160	S	4	0	4	0.00000
Nitrospira sp. KM1	1936990	S	2	0	2	0.00000
Nitrospira moscoviensis	42253	S	1	0	1	0.00000
Thermosulfurimonas marina	2047767	S	1	0	1	0.00000
Thermosulfuriphilus ammonigenes	1936021	S	1	0	1	0.00000
Candidatus Endomicrobium trichonymphae	1408204	S	1	0	1	0.00000
Deferribacter desulfuricans	197162	S	1	0	1	0.00000
Desulfurispirillum indicum	936456	S	1	0	1	0.00000
Halorubrum sp. RHB-C	2739057	S	2	0	2	0.00000
Halorubrum sp. BOL3-1	2497325	S	1	0	1	0.00000
Halorubrum trapanicum	29284	S	1	0	1	0.00000
Halolamina sp. CBA1230	1853690	S	1	0	1	0.00000
Haloquadratum walsbyi	293091	S	2	0	2	0.00000
Haloprofundus sp. MHR1	2572921	S	1	0	1	0.00000
Halanaeroarchaeum sulfurireducens	1604004	S	1	0	1	0.00000
Halodesulfurarchaeum formicicum	1873524	S	1	0	1	0.00000
Haloterrigena turkmenica	62320	S	1	1	2	0.00000
Methanosarcina barkeri	2208	S	2	0	2	0.00000
Methanomethylovorans hollandica	101192	S	1	0	1	0.00000
Methanothrix soehngenii	2223	S	1	0	1	0.00000
Methanoplanus limicola	2315	S	1	0	1	0.00000
Methanoculleus bourgensis	83986	S	1	0	1	0.00000
Methanoregula formicica	882104	S	1	0	1	0.00000
Methanococcus maripaludis	39152	S	2	0	2	0.00000
Methanococcus aeolicus	42879	S	2	0	2	0.00000
Methanococcus vannielii	2187	S	1	0	1	0.00000
Methanocaldococcus fervens	83171	S	1	0	1	0.00000
Methanobacterium congolense	118062	S	1	0	1	0.00000
Methanobacterium lacus	877455	S	1	0	1	0.00000
Pyrococcus yayanosii	1008460	S	1	0	1	0.00000
Thermococcus paralvinellae	582419	S	1	0	1	0.00000
Archaeoglobus sulfaticallidus	1316941	S	1	0	1	0.00000
Sulfolobus sp. A20	1891280	S	2	0	2	0.00000
Acidianus brierleyi	41673	S	1	0	1	0.00000
Sulfurisphaera ohwakuensis	69656	S	1	0	1	0.00000
Pyrobaculum calidifontis	181486	S	2	0	2	0.00000
Vulcanisaeta distributa	164451	S	1	0	1	0.00000
Fervidicoccus fontis	683846	S	1	0	1	0.00000
Candidatus Nitrosotenuis cloacae	1603555	S	2	0	2	0.00000
Candidatus Nitrosotenuis sp. DW1	2259672	S	2	0	2	0.00000
Candidatus Nitrosocosmicus franklandus	1798806	S	3	0	3	0.00000
Nitrosopumilus ureiphilus	1470067	S	1	0	1	0.00000
Flavobacterium phage vB_FspS_filifjonk9-1	2686245	S	8	16	24	0.00000
Flavobacterium phage vB_FspS_tooticki6-1	2686279	S	2	8	10	0.00000
Achromobacter phage phiAxp-2	1664246	S	1	0	1	0.00000
Flavobacterium phage vB_FspS_hattifnatt9-1	2686246	S	1	0	1	0.00000
Synechococcus phage S-CBS3	753085	S	1	0	1	0.00000
Proteus virus Isfahan	2560650	S	15	0	15	0.00000
Cellulophaga virus Cba121	1918193	S	3	0	3	0.00000
Streptomyces virus Rowa	2734271	S	2	0	2	0.00000
Arthrobacter virus Maja	2734249	S	1	0	1	0.00000
Providencia virus PR1	2560652	S	1	0	1	0.00000
Propionibacterium virus PHL070N00	1982279	S	1	0	1	0.00000
Gordonia virus GAL1	2560493	S	1	0	1	0.00000
Puniceispirillum phage HMO-2011	948071	S	1	0	1	0.00000
IAS virus	1450749	S	1	0	1	0.00000
Sinorhizobium phage ort11	2599764	S	1	0	1	0.00000
Escherichia virus WG01	2560456	S	2	1	3	0.00000
Acinetobacter phage Acj61	760732	S	2	0	2	0.00000
Synechococcus phage syn9	382359	S	2	0	2	0.00000
Pectobacterium virus phiTE	1980961	S	1	0	1	0.00000
Synechococcus virus ST4	2734145	S	1	0	1	0.00000
Curvibacter virus P26059B	2733926	S	2	0	2	0.00000
Lentibacter virus vB_LenP_ICBM2	2301529	S	1	0	1	0.00000
Pseudomonas virus VSW3	2560686	S	1	0	1	0.00000
Human betaherpesvirus 5	10359	S	1	0	1	0.00000
Orpheovirus IHUMI-LCC2	2023057	S	1	0	1	0.00000
Mimivirus terra2	1128151	S	1	0	1	0.00000
Melanoplus sanguinipes entomopoxvirus	83191	S	1	0	1	0.00000
Pandoravirus macleodensis	2107707	S	1	0	1	0.00000
