name	taxonomy_id	taxonomy_lvl	kraken_assigned_reads	added_reads	new_est_reads	fraction_total_reads
Homo sapiens	9606	S	127794740	25424	127820164	0.99992
Variovorax sp. PAMC 28711	1795631	S	22	0	22	0.00000
Variovorax sp. PAMC26660	2762322	S	18	1	19	0.00000
Variovorax sp. WDL1	207745	S	13	6	19	0.00000
Variovorax sp. 38R	2774875	S	12	7	19	0.00000
Variovorax sp. HW608	1034889	S	11	0	11	0.00000
Variovorax sp. PAMC28562	2762323	S	9	0	9	0.00000
Variovorax sp. RKNM96	2681552	S	9	1	10	0.00000
Variovorax sp. PBL-H6	434009	S	4	2	6	0.00000
Variovorax sp. PBS-H4	434008	S	3	0	3	0.00000
Variovorax sp. PBL-E5	434014	S	3	3	6	0.00000
Variovorax sp. RA8	662548	S	3	0	3	0.00000
Variovorax sp. SRS16	282217	S	2	1	3	0.00000
Variovorax sp. PMC12	2126319	S	1	21	22	0.00000
Variovorax sp. PDNC026	2811425	S	1	15	16	0.00000
Variovorax paradoxus	34073	S	38	8	46	0.00000
Variovorax boronicumulans	436515	S	35	16	51	0.00000
Acidovorax sp. KKS102	358220	S	56	13	69	0.00000
Acidovorax sp. JMULE5	2518343	S	49	4	53	0.00000
Acidovorax sp. T1	1858609	S	22	30	52	0.00000
Acidovorax sp. RAC01	1842533	S	11	2	13	0.00000
Acidovorax sp. 1608163	2478662	S	9	0	9	0.00000
Acidovorax sp. HDW3	2714923	S	8	0	8	0.00000
Acidovorax sp. JS42	232721	S	2	21	23	0.00000
Acidovorax carolinensis	553814	S	15	5	20	0.00000
Acidovorax avenae	80867	S	10	2	12	0.00000
Acidovorax monticola	1926868	S	10	1	11	0.00000
Acidovorax antarcticus	2743470	S	8	1	9	0.00000
Acidovorax cattleyae	80868	S	5	1	6	0.00000
Acidovorax citrulli	80869	S	3	1	4	0.00000
Acidovorax ebreus	721785	S	1	6	7	0.00000
Diaphorobacter sp. HDW4A	2714924	S	64	23	87	0.00000
Diaphorobacter sp. HDW4B	2714925	S	6	0	6	0.00000
Diaphorobacter sp. JS3051	2792224	S	2	22	24	0.00000
Diaphorobacter aerolatus	1288495	S	13	6	19	0.00000
Diaphorobacter ruginosibacter	1715720	S	3	0	3	0.00000
Diaphorobacter polyhydroxybutyrativorans	1546149	S	2	8	10	0.00000
Hydrogenophaga sp. RAC07	1842537	S	13	3	16	0.00000
Hydrogenophaga sp. PBL-H3	434010	S	10	5	15	0.00000
Hydrogenophaga sp. NH-16	2184519	S	8	11	19	0.00000
Hydrogenophaga sp. BPS33	2651974	S	8	2	10	0.00000
Hydrogenophaga sp. BA0156	2716225	S	8	2	10	0.00000
Hydrogenophaga sp. YM1	2806262	S	8	1	9	0.00000
Hydrogenophaga sp. PBC	795665	S	6	2	8	0.00000
Hydrogenophaga sp. PAMC20947	2565558	S	4	0	4	0.00000
Hydrogenophaga crassostreae	1763535	S	1	0	1	0.00000
Rhodoferax sp. AJA081-3	2752316	S	10	0	10	0.00000
Rhodoferax sp. BAB1	2741720	S	9	1	10	0.00000
Rhodoferax sp. PAMC29310	2822760	S	5	0	5	0.00000
Rhodoferax sediminis	2509614	S	14	0	14	0.00000
Rhodoferax saidenbachensis	1484693	S	12	0	12	0.00000
Rhodoferax antarcticus	81479	S	10	0	10	0.00000
Rhodoferax koreense	1842727	S	8	2	10	0.00000
Rhodoferax ferrireducens	192843	S	4	0	4	0.00000
Comamonas testosteroni	285	S	13	7	20	0.00000
Comamonas aquatica	225991	S	11	1	12	0.00000
Comamonas serinivorans	1082851	S	6	0	6	0.00000
Comamonas sp. NLF-7-7	2597701	S	6	1	7	0.00000
Comamonas koreensis	160825	S	5	0	5	0.00000
Comamonas piscis	1562974	S	2	0	2	0.00000
Comamonas thiooxydans	363952	S	1	0	1	0.00000
Delftia acidovorans	80866	S	11	9	20	0.00000
Delftia lacustris	558537	S	7	16	23	0.00000
Delftia tsuruhatensis	180282	S	5	8	13	0.00000
Delftia sp. HK171	1920191	S	1	1	2	0.00000
Polaromonas naphthalenivorans	216465	S	15	0	15	0.00000
Polaromonas sp. JS666	296591	S	2	1	3	0.00000
Polaromonas sp. W9N	1840323	S	1	0	1	0.00000
Polaromonas sp.	1869339	S	1	9	10	0.00000
Polaromonas vacuolata	37448	S	2	0	2	0.00000
Limnohabitans sp. 63ED37-2	1678128	S	23	0	23	0.00000
Limnohabitans sp. 103DPR2	1678129	S	2	0	2	0.00000
Kinneretia sp. DAIF2	2714952	S	19	1	20	0.00000
Ottowia oryzae	2109914	S	8	0	8	0.00000
Ottowia sp. 27C	2816950	S	6	0	6	0.00000
Ottowia sp. oral taxon 894	1658672	S	2	0	2	0.00000
Curvibacter sp. AEP1-3	1844971	S	12	0	12	0.00000
Schlegelella thermodepolymerans	215580	S	11	1	12	0.00000
Pulveribacter suum	2116657	S	9	0	9	0.00000
Serpentinomonas mccroryi	1458426	S	4	1	5	0.00000
Serpentinomonas raichei	1458425	S	3	1	4	0.00000
Alicycliphilus denitrificans	179636	S	8	6	14	0.00000
Hylemonella gracilis	80880	S	7	0	7	0.00000
Verminephrobacter eiseniae	364317	S	5	0	5	0.00000
Ramlibacter tataouinensis	94132	S	5	0	5	0.00000
Melaminivora sp. SC2-9	2109913	S	3	0	3	0.00000
Simplicispira suum	2109915	S	1	0	1	0.00000
Candidatus Symbiobacter mobilis	1436290	S	1	0	1	0.00000
Ralstonia solanacearum	305	S	81	11	92	0.00000
Ralstonia mannitolilytica	105219	S	6	1	7	0.00000
Ralstonia pickettii	329	S	4	0	4	0.00000
Ralstonia insidiosa	190721	S	3	0	3	0.00000
Ralstonia syzygii	28097	S	1	3	4	0.00000
Burkholderia cenocepacia	95486	S	6	2	8	0.00000
Burkholderia stabilis	95485	S	3	0	3	0.00000
Burkholderia lata	482957	S	3	0	3	0.00000
Burkholderia contaminans	488447	S	3	0	3	0.00000
Burkholderia stagnalis	1503054	S	2	0	2	0.00000
Burkholderia multivorans	87883	S	2	0	2	0.00000
Burkholderia anthina	179879	S	2	0	2	0.00000
Burkholderia cepacia	292	S	1	0	1	0.00000
Burkholderia ubonensis	101571	S	1	0	1	0.00000
Burkholderia pseudomultivorans	1207504	S	1	0	1	0.00000
Burkholderia latens	488446	S	1	0	1	0.00000
Burkholderia metallica	488729	S	1	0	1	0.00000
Burkholderia sp. Bp7605	1740163	S	3	0	3	0.00000
Burkholderia sp. YI23	1097668	S	2	1	3	0.00000
Burkholderia sp. DHOD12	2571746	S	2	0	2	0.00000
Burkholderia sp. KK1	1855726	S	2	1	3	0.00000
Burkholderia sp. THE68	758782	S	1	0	1	0.00000
Burkholderia pseudomallei	28450	S	8	43	51	0.00000
Burkholderia sp. BDU8	1385592	S	1	0	1	0.00000
Burkholderia sp. MSMB0852	1637841	S	1	0	1	0.00000
Burkholderia glumae	337	S	2	0	2	0.00000
Burkholderia gladioli	28095	S	1	0	1	0.00000
Cupriavidus taiwanensis	164546	S	14	2	16	0.00000
Cupriavidus basilensis	68895	S	5	1	6	0.00000
Cupriavidus oxalaticus	96344	S	5	0	5	0.00000
Cupriavidus necator	106590	S	5	0	5	0.00000
Cupriavidus pauculus	82633	S	4	0	4	0.00000
Cupriavidus metallidurans	119219	S	4	1	5	0.00000
Cupriavidus campinensis	151783	S	2	0	2	0.00000
Cupriavidus gilardii	82541	S	1	1	2	0.00000
Cupriavidus malaysiensis	367825	S	1	2	3	0.00000
Cupriavidus nantongensis	1796606	S	1	0	1	0.00000
Polynucleobacter difficilis	556054	S	18	0	18	0.00000
Polynucleobacter sp. LimPoW16	1743162	S	4	0	4	0.00000
Polynucleobacter asymbioticus	576611	S	3	0	3	0.00000
Polynucleobacter duraquae	1835254	S	3	0	3	0.00000
Polynucleobacter acidiphobus	556053	S	2	0	2	0.00000
Polynucleobacter necessarius	576610	S	2	0	2	0.00000
Polynucleobacter paneuropaeus	2527775	S	1	0	1	0.00000
Paraburkholderia sp. 7MH5	2547399	S	2	0	2	0.00000
Paraburkholderia sp. Msb3	2604047	S	1	0	1	0.00000
Paraburkholderia sp. PGU16	2735433	S	1	0	1	0.00000
Paraburkholderia sp. PGU19	2735434	S	1	0	1	0.00000
Paraburkholderia atlantica	2654982	S	4	0	4	0.00000
Paraburkholderia fungorum	134537	S	4	0	4	0.00000
Paraburkholderia xenovorans	36873	S	4	1	5	0.00000
Paraburkholderia caffeinilytica	1761016	S	3	0	3	0.00000
Paraburkholderia acidiphila	2571747	S	2	0	2	0.00000
Paraburkholderia aromaticivorans	2026199	S	2	0	2	0.00000
Paraburkholderia acidisoli	2571748	S	1	0	1	0.00000
Paraburkholderia hospita	169430	S	1	0	1	0.00000
Paraburkholderia megapolitana	420953	S	1	0	1	0.00000
Paraburkholderia ginsengisoli	311231	S	1	0	1	0.00000
Pandoraea pnomenusa	93220	S	6	1	7	0.00000
Pandoraea pulmonicola	93221	S	3	0	3	0.00000
Pandoraea norimbergensis	93219	S	2	0	2	0.00000
Pandoraea thiooxydans	445709	S	2	0	2	0.00000
Pandoraea vervacti	656178	S	2	0	2	0.00000
Pandoraea faecigallinarum	656179	S	1	0	1	0.00000
Limnobacter sp. SAORIC-580	2732163	S	5	0	5	0.00000
Caballeronia insecticola	758793	S	2	0	2	0.00000
Mycoavidus cysteinexigens	1553431	S	1	0	1	0.00000
Mycoavidus sp. B2-EB	2651972	S	1	0	1	0.00000
Lautropia mirabilis	47671	S	1	0	1	0.00000
Mycetohabitans rhizoxinica	412963	S	1	0	1	0.00000
Janthinobacterium sp. HH102	1537274	S	17	14	31	0.00000
Janthinobacterium sp. 1_2014MBL_MicDiv	1644131	S	11	1	12	0.00000
Janthinobacterium sp. LM6	1938606	S	8	1	9	0.00000
Janthinobacterium sp. PLB02	2808899	S	5	4	9	0.00000
Janthinobacterium sp. Marseille	375286	S	3	0	3	0.00000
Janthinobacterium sp. B9-8	1236179	S	1	0	1	0.00000
Janthinobacterium sp. 17J80-10	2497863	S	1	0	1	0.00000
Janthinobacterium agaricidamnosum	55508	S	15	13	28	0.00000
Janthinobacterium tructae	2590869	S	9	2	11	0.00000
Janthinobacterium svalbardensis	368607	S	5	1	6	0.00000
Janthinobacterium lividum	29581	S	4	2	6	0.00000
Massilia sp. CCM 8941	2765360	S	5	1	6	0.00000
Massilia sp. WG5	1707785	S	4	2	6	0.00000
Massilia sp. YMA4	1593482	S	2	1	3	0.00000
Massilia sp. LPB0304	2769491	S	1	0	1	0.00000
Massilia umbonata	864828	S	3	0	3	0.00000
Massilia putida	1141883	S	3	0	3	0.00000
Massilia lutea	321985	S	2	0	2	0.00000
Massilia oculi	945844	S	2	0	2	0.00000
Massilia violaceinigra	2045208	S	2	0	2	0.00000
Massilia armeniaca	2072590	S	2	0	2	0.00000
Massilia albidiflava	321983	S	1	0	1	0.00000
Massilia flava	871742	S	1	0	1	0.00000
Collimonas fungivorans	158899	S	8	2	10	0.00000
Collimonas arenae	279058	S	6	1	7	0.00000
Collimonas pratensis	279113	S	1	0	1	0.00000
Herbaspirillum huttiense	863372	S	4	0	4	0.00000
Herbaspirillum seropedicae	964	S	3	0	3	0.00000
Herbaspirillum robiniae	2014887	S	3	0	3	0.00000
Herbaspirillum rubrisubalbicans	80842	S	2	0	2	0.00000
Herbaspirillum frisingense	92645	S	2	0	2	0.00000
Duganella sp. GN2-R2	2728020	S	7	0	7	0.00000
Duganella sp. AF9R3	2728021	S	1	0	1	0.00000
Undibacterium parvum	401471	S	5	0	5	0.00000
Undibacterium sp. KW1	2058624	S	3	0	3	0.00000
Herminiimonas arsenitoxidans	1809410	S	1	0	1	0.00000
Rhizobacter sp. AJA081-3	2753607	S	19	4	23	0.00000
Rhizobacter gummiphilus	946333	S	7	1	8	0.00000
Paucibacter sp. KCTC 42545	1768242	S	17	2	19	0.00000
Aquabacterium olei	1296669	S	16	2	18	0.00000
Methylibium sp. Pch-M	2082386	S	4	4	8	0.00000
Methylibium petroleiphilum	105560	S	3	2	5	0.00000
Inhella inkyongensis	392593	S	12	1	13	0.00000
Sphaerotilus natans	34103	S	9	2	11	0.00000
Mitsuaria sp. 7	1658665	S	8	1	9	0.00000
Leptothrix cholodnii	34029	S	7	1	8	0.00000
Rubrivivax gelatinosus	28068	S	7	1	8	0.00000
Thiomonas intermedia	926	S	3	1	4	0.00000
Thiomonas sp. X19	1050370	S	1	0	1	0.00000
Roseateles depolymerans	76731	S	5	0	5	0.00000
Xylophilus rhododendri	2697032	S	4	0	4	0.00000
Achromobacter sp. AONIH1	1758194	S	7	2	9	0.00000
Achromobacter sp. MFA1 R4	1881016	S	7	0	7	0.00000
Achromobacter xylosoxidans	85698	S	13	6	19	0.00000
Achromobacter deleyi	1353891	S	7	3	10	0.00000
Achromobacter denitrificans	32002	S	4	1	5	0.00000
Achromobacter pestifer	1353889	S	3	0	3	0.00000
Achromobacter spanius	217203	S	2	0	2	0.00000
Bordetella sp. H567	1697043	S	5	0	5	0.00000
Bordetella hinzii	103855	S	4	0	4	0.00000
Bordetella bronchialis	463025	S	3	0	3	0.00000
Bordetella pseudohinzii	1331258	S	3	0	3	0.00000
Bordetella bronchiseptica	518	S	2	1	3	0.00000
Bordetella parapertussis	519	S	2	4	6	0.00000
Bordetella petrii	94624	S	2	0	2	0.00000
Bordetella trematum	123899	S	2	0	2	0.00000
Bordetella avium	521	S	1	0	1	0.00000
Bordetella genomosp. 13	463040	S	1	0	1	0.00000
Bordetella genomosp. 9	1416803	S	1	0	1	0.00000
Alcaligenes aquatilis	323284	S	3	1	4	0.00000
Alcaligenes faecalis	511	S	2	0	2	0.00000
Alcaligenes sp. SORT26	2813780	S	1	0	1	0.00000
Castellaniella defragrans	75697	S	4	0	4	0.00000
Pigmentiphaga sp. H8	2488560	S	2	0	2	0.00000
Pigmentiphaga aceris	1940612	S	1	0	1	0.00000
Advenella mimigardefordensis	302406	S	2	0	2	0.00000
Basilea psittacipulmonis	1472345	S	2	0	2	0.00000
Algicoccus marinus	2163011	S	2	0	2	0.00000
Kerstersia gyiorum	206506	S	1	0	1	0.00000
Pusillimonas sp. DMV24BSW_D	2716226	S	1	0	1	0.00000
Orrella dioscoreae	1851544	S	1	0	1	0.00000
Sutterella wadsworthensis	40545	S	2	0	2	0.00000
Chromobacterium paludis	2605945	S	7	0	7	0.00000
Chromobacterium vaccinii	1108595	S	4	0	4	0.00000
Chromobacterium violaceum	536	S	1	0	1	0.00000
Chromobacterium phragmitis	2202141	S	1	0	1	0.00000
Chromobacterium sp. ATCC 53434	2059672	S	1	0	1	0.00000
Iodobacter fluviatilis	537	S	1	0	1	0.00000
Laribacter hongkongensis	168471	S	3	0	3	0.00000
Jeongeupia sp. HS-3	1009682	S	2	0	2	0.00000
Jeongeupia sp. USM3	1906741	S	1	0	1	0.00000
Aquaspirillum sp. LM1	1938604	S	2	0	2	0.00000
Microvirgula aerodenitrificans	57480	S	1	0	1	0.00000
Chitinibacter sp. 2T18	2739434	S	1	0	1	0.00000
Aquitalea magnusonii	332411	S	1	0	1	0.00000
Neisseria shayeganii	607712	S	2	0	2	0.00000
Neisseria elongata	495	S	2	0	2	0.00000
Neisseria subflava	28449	S	1	0	1	0.00000
Neisseria brasiliensis	2666100	S	1	0	1	0.00000
Neisseria sp. oral taxon 014	641148	S	1	0	1	0.00000
Neisseria animaloris	326522	S	1	0	1	0.00000
Neisseria meningitidis	487	S	1	1	2	0.00000
Vitreoscilla filiformis	63	S	4	0	4	0.00000
Simonsiella muelleri	72	S	1	0	1	0.00000
Eikenella corrodens	539	S	1	0	1	0.00000
Kingella oralis	505	S	1	0	1	0.00000
Chitinolyticbacter meiyuanensis	682798	S	1	0	1	0.00000
Azoarcus sp. KH32C	748247	S	4	0	4	0.00000
Azoarcus sp. CIB	198107	S	2	0	2	0.00000
Azoarcus sp. DD4	2027405	S	1	0	1	0.00000
Azoarcus communis	41977	S	2	0	2	0.00000
Azoarcus olearius	418699	S	2	0	2	0.00000
Azoarcus pumilus	2067960	S	1	0	1	0.00000
Thauera humireducens	1134435	S	3	0	3	0.00000
Thauera sp. K11	2005884	S	3	0	3	0.00000
Thauera aromatica	59405	S	1	0	1	0.00000
Thauera chlorobenzoica	96773	S	1	0	1	0.00000
Thauera hydrothermalis	2184083	S	1	0	1	0.00000
Azospira oryzae	146939	S	1	1	2	0.00000
Azospira restricta	404405	S	1	0	1	0.00000
Azospira sp. I09	1765049	S	1	1	2	0.00000
Aromatoleum petrolei	76116	S	2	0	2	0.00000
Aromatoleum aromaticum	551760	S	1	0	1	0.00000
Oryzomicrobium terrae	1735038	S	2	0	2	0.00000
Rugosibacter aromaticivorans	1565605	S	1	0	1	0.00000
Dechloromonas aromatica	259537	S	5	0	5	0.00000
Dechloromonas sp. HYN0024	2231055	S	1	0	1	0.00000
Dechloromonas sp. TW-R-39-2	2654218	S	1	0	1	0.00000
Fluviibacter phosphoraccumulans	1751046	S	2	0	2	0.00000
Denitratisoma oestradiolicum	311182	S	3	0	3	0.00000
Denitratisoma sp. DHT3	1981880	S	2	0	2	0.00000
Methyloversatilis sp. RAC08	1842540	S	2	0	2	0.00000
Sterolibacterium denitrificans	157592	S	1	0	1	0.00000
Sulfuritalea hydrogenivorans	748811	S	1	0	1	0.00000
Nitrosomonas ureae	44577	S	2	0	2	0.00000
Nitrosomonas europaea	915	S	1	0	1	0.00000
Nitrosomonas communis	44574	S	1	0	1	0.00000
Nitrosomonas stercoris	1444684	S	1	0	1	0.00000
Nitrosomonas sp. Is79A3	261292	S	1	0	1	0.00000
Nitrosospira lacus	1288494	S	1	0	1	0.00000
Candidatus Methylopumilus turicensis	1581680	S	2	0	2	0.00000
Candidatus Methylopumilus universalis	2588536	S	1	1	2	0.00000
Methylophilus sp. TWE2	1662285	S	1	0	1	0.00000
Methylotenera mobilis	359408	S	1	0	1	0.00000
Candidatus Nitrotoga sp. AM1P	2559597	S	2	0	2	0.00000
Sideroxydans lithotrophicus	63745	S	1	0	1	0.00000
Usitatibacter palustris	2732487	S	3	0	3	0.00000
Sulfuriferula sp. AH1	1985873	S	1	0	1	0.00000
Casimicrobium huifangae	2591109	S	3	0	3	0.00000
Candidatus Kinetoplastibacterium blastocrithidii	233181	S	1	-1	0	0.00000
Candidatus Accumulibacter phosphatis	327160	S	1	0	1	0.00000
Pseudomonas sp. CMR12a	658629	S	35	10	45	0.00000
Pseudomonas sp. UW4	1207075	S	3	1	4	0.00000
Pseudomonas sp. 15A4	2804761	S	3	0	3	0.00000
Pseudomonas sp. MPC6	2498848	S	3	0	3	0.00000
Pseudomonas sp. 31-12	2201356	S	2	0	2	0.00000
Pseudomonas sp. DY-1	1755504	S	2	0	2	0.00000
Pseudomonas sp. DTU12.3	2073078	S	2	0	2	0.00000
Pseudomonas sp. phDV1	253237	S	2	2	4	0.00000
Pseudomonas sp. CC6-YY-74	1930532	S	1	0	1	0.00000
Pseudomonas sp. Tri1	2823875	S	1	0	1	0.00000
Pseudomonas sp. R76	1573711	S	1	0	1	0.00000
Pseudomonas sp. S49	1573720	S	1	0	1	0.00000
Pseudomonas sp. MRSN12121	1611770	S	1	0	1	0.00000
Pseudomonas sp. PONIH3	1636610	S	1	1	2	0.00000
Pseudomonas sp. Leaf58	1736226	S	1	0	1	0.00000
Pseudomonas sp. ABC1	2748080	S	1	0	1	0.00000
Pseudomonas sp. Z003-0.4C(8344-21)	1855380	S	1	0	1	0.00000
Pseudomonas sp. TCU-HL1	1856685	S	1	0	1	0.00000
Pseudomonas sp. NIBRBAC000502773	2590776	S	1	0	1	0.00000
Pseudomonas sp. BIGb0427	2724470	S	1	0	1	0.00000
Pseudomonas sp. SWI44	2083053	S	1	0	1	0.00000
Pseudomonas sp. LH1G9	2083055	S	1	1	2	0.00000
Pseudomonas sp. VLB120	69328	S	1	1	2	0.00000
Pseudomonas sp. K2W31S-8	2320867	S	1	0	1	0.00000
Pseudomonas sp. LPB0260	2614442	S	1	0	1	0.00000
Pseudomonas sp. LTJR-52	2479392	S	1	0	1	0.00000
Pseudomonas sp. J380	2605424	S	1	0	1	0.00000
Pseudomonas sp. SNU WT1	2518644	S	1	0	1	0.00000
Pseudomonas sp. R4-39-08	1173288	S	1	0	1	0.00000
Pseudomonas sp. StFLB209	1028989	S	1	0	1	0.00000
Pseudomonas sp. ATCC 43928	676210	S	1	0	1	0.00000
Pseudomonas aeruginosa	287	S	27	50	77	0.00000
Pseudomonas mendocina	300	S	3	0	3	0.00000
Pseudomonas alcaligenes	43263	S	3	0	3	0.00000
Pseudomonas citronellolis	53408	S	2	0	2	0.00000
Pseudomonas oleovorans	301	S	1	1	2	0.00000
Pseudomonas fluorescens	294	S	7	1	8	0.00000
Pseudomonas protegens	380021	S	3	0	3	0.00000
Pseudomonas azotoformans	47878	S	3	0	3	0.00000
Pseudomonas libanensis	75588	S	2	1	3	0.00000
Pseudomonas orientalis	76758	S	2	0	2	0.00000
Pseudomonas tolaasii	29442	S	1	0	1	0.00000
Pseudomonas poae	200451	S	1	0	1	0.00000
Pseudomonas rhodesiae	76760	S	1	0	1	0.00000
Pseudomonas synxantha	47883	S	1	0	1	0.00000
Pseudomonas putida	303	S	11	6	17	0.00000
Pseudomonas fulva	47880	S	3	6	9	0.00000
Pseudomonas oryzihabitans	47885	S	2	0	2	0.00000
Pseudomonas plecoglossicida	70775	S	1	0	1	0.00000
Pseudomonas monteilii	76759	S	1	0	1	0.00000
Pseudomonas stutzeri	316	S	15	1	16	0.00000
Pseudomonas balearica	74829	S	1	0	1	0.00000
Pseudomonas syringae	317	S	6	5	11	0.00000
Pseudomonas cichorii	36746	S	1	0	1	0.00000
Pseudomonas asturiensis	1190415	S	1	0	1	0.00000
Pseudomonas graminis	158627	S	7	0	7	0.00000
Pseudomonas chlororaphis	587753	S	5	0	5	0.00000
Pseudomonas yamanorum	515393	S	4	0	4	0.00000
Pseudomonas entomophila	312306	S	3	0	3	0.00000
Pseudomonas cremoricolorata	157783	S	3	0	3	0.00000
Pseudomonas psychrotolerans	237610	S	2	0	2	0.00000
Pseudomonas antarctica	219572	S	2	0	2	0.00000
Pseudomonas lurida	244566	S	2	0	2	0.00000
Pseudomonas cerasi	1583341	S	2	2	4	0.00000
Pseudomonas oryzae	1392877	S	2	0	2	0.00000
Pseudomonas toyotomiensis	554344	S	2	0	2	0.00000
Pseudomonas lalkuanensis	2604832	S	2	0	2	0.00000
Pseudomonas litoralis	797277	S	2	0	2	0.00000
Pseudomonas knackmussii	65741	S	2	0	2	0.00000
Pseudomonas sihuiensis	1274359	S	2	0	2	0.00000
Pseudomonas xinjiangensis	487184	S	1	0	1	0.00000
Pseudomonas pelagia	553151	S	1	0	1	0.00000
Pseudomonas soli	1306993	S	1	1	2	0.00000
Pseudomonas simiae	321846	S	1	0	1	0.00000
Pseudomonas brassicacearum	930166	S	1	0	1	0.00000
Pseudomonas rhizosphaerae	216142	S	1	0	1	0.00000
Pseudomonas versuta	1788301	S	1	0	1	0.00000
Pseudomonas silesiensis	1853130	S	1	0	1	0.00000
Pseudomonas eucalypticola	2599595	S	1	0	1	0.00000
Pseudomonas alkylphenolica	237609	S	1	0	1	0.00000
Entomomonas sp. F2A	2785331	S	5	0	5	0.00000
Entomomonas moraniae	2213226	S	1	0	1	0.00000
Azotobacter salinestris	69964	S	2	1	3	0.00000
Azotobacter vinelandii	354	S	1	-1	0	0.00000
Oblitimonas alkaliphila	1697053	S	2	0	2	0.00000
Acinetobacter junii	40215	S	156	16	172	0.00000
Acinetobacter baumannii	470	S	9	15	24	0.00000
Acinetobacter calcoaceticus	471	S	4	0	4	0.00000
Acinetobacter haemolyticus	29430	S	12	1	13	0.00000
Acinetobacter schindleri	108981	S	4	0	4	0.00000
Acinetobacter sp. SWBY1	2079596	S	1	0	1	0.00000
Acinetobacter sp. 10FS3-1	2563897	S	1	0	1	0.00000
Acinetobacter sp. ACNIH2	1758189	S	1	0	1	0.00000
Acinetobacter sp. TTH0-4	1646498	S	1	0	1	0.00000
Acinetobacter bereziniae	106648	S	4	0	4	0.00000
Acinetobacter johnsonii	40214	S	4	1	5	0.00000
Acinetobacter dispersus	70348	S	3	0	3	0.00000
Acinetobacter radioresistens	40216	S	3	0	3	0.00000
Acinetobacter lanii	2715163	S	2	0	2	0.00000
Acinetobacter guillouiae	106649	S	2	0	2	0.00000
Acinetobacter cumulans	2136182	S	2	0	2	0.00000
Acinetobacter indicus	756892	S	2	0	2	0.00000
Acinetobacter defluvii	1871111	S	2	0	2	0.00000
Acinetobacter lwoffii	28090	S	1	0	1	0.00000
Acinetobacter ursingii	108980	S	1	0	1	0.00000
Acinetobacter baylyi	202950	S	1	0	1	0.00000
Acinetobacter piscicola	2006115	S	1	0	1	0.00000
Acinetobacter wuhouensis	1879050	S	1	0	1	0.00000
Moraxella osloensis	34062	S	23	1	24	0.00000
Moraxella bovis	476	S	1	0	1	0.00000
Moraxella nonliquefaciens	478	S	1	0	1	0.00000
Psychrobacter sp. DAB_AL43B	1028416	S	2	0	2	0.00000
Psychrobacter sp. P11G5	1699624	S	1	0	1	0.00000
Psychrobacter sp. P11F6	1699621	S	1	0	1	0.00000
Psychrobacter arenosus	256326	S	2	0	2	0.00000
Psychrobacter cryohalolentis	330922	S	1	0	1	0.00000
Klebsiella pneumoniae	573	S	16	183	199	0.00000
Klebsiella michiganensis	1134687	S	2	0	2	0.00000
Klebsiella grimontii	2058152	S	2	2	4	0.00000
Klebsiella aerogenes	548	S	1	0	1	0.00000
Klebsiella oxytoca	571	S	1	0	1	0.00000
Klebsiella quasipneumoniae	1463165	S	1	0	1	0.00000
Citrobacter freundii	546	S	5	3	8	0.00000
Citrobacter youngae	133448	S	1	0	1	0.00000
Citrobacter freundii complex sp. CFNIH4	2077148	S	1	18	19	0.00000
Citrobacter sp. BDA59-3	2781952	S	2	0	2	0.00000
Citrobacter sp. R56	1573676	S	1	0	1	0.00000
Citrobacter farmeri	67824	S	2	0	2	0.00000
Citrobacter pasteurii	1563222	S	1	0	1	0.00000
Enterobacter asburiae	61645	S	3	1	4	0.00000
Enterobacter cloacae	550	S	2	0	2	0.00000
Enterobacter cancerogenus	69218	S	1	0	1	0.00000
Enterobacter kobei	208224	S	1	1	2	0.00000
Enterobacter roggenkampii	1812935	S	1	0	1	0.00000
Enterobacter sp. 638	399742	S	1	0	1	0.00000
Enterobacter sp. E76	2596949	S	1	0	1	0.00000
Escherichia coli	562	S	3	3	6	0.00000
Escherichia fergusonii	564	S	3	1	4	0.00000
Escherichia albertii	208962	S	1	0	1	0.00000
Cronobacter sp. JZ38	1906275	S	2	0	2	0.00000
Cronobacter sakazakii	28141	S	1	0	1	0.00000
Cronobacter dublinensis	413497	S	1	0	1	0.00000
Cronobacter malonaticus	413503	S	1	2	3	0.00000
Cronobacter condimenti	1163710	S	1	0	1	0.00000
Salmonella enterica	28901	S	4	2	6	0.00000
Enterobacteriaceae endosymbiont of Donacia cinerea	2675774	S	1	0	1	0.00000
Enterobacteriaceae endosymbiont of Plateumaris braccata	2675793	S	1	0	1	0.00000
Enterobacteriaceae endosymbiont of Donacia provostii	2675781	S	1	0	1	0.00000
Enterobacteriaceae endosymbiont of Donacia thalassina	2675786	S	1	0	1	0.00000
Blochmannia endosymbiont of Camponotus (Colobopsis) obliquus	1505597	S	1	0	1	0.00000
Blochmannia endosymbiont of Camponotus nipponensis	2681986	S	1	0	1	0.00000
Candidatus Purcelliella pentastirinorum	472834	S	2	0	2	0.00000
Candidatus Tachikawaea gelatinosa	1410383	S	1	0	1	0.00000
Kluyvera intermedia	61648	S	2	0	2	0.00000
Kluyvera genomosp. 3	2774055	S	1	0	1	0.00000
Kosakonia sacchari	1158459	S	1	0	1	0.00000
Kosakonia sp. CCTCC M2018092	2492396	S	1	0	1	0.00000
Yokenella regensburgei	158877	S	2	0	2	0.00000
Raoultella ornithinolytica	54291	S	1	0	1	0.00000
Leclercia adecarboxylata	83655	S	1	0	1	0.00000
Scandinavium goeteborgense	1851514	S	1	0	1	0.00000
Pantoea ananatis	553	S	3	0	3	0.00000
Pantoea vagans	470934	S	2	0	2	0.00000
Pantoea dispersa	59814	S	1	0	1	0.00000
Pantoea stewartii	66269	S	1	0	1	0.00000
Candidatus Pantoea carbekii	1235990	S	1	0	1	0.00000
Pantoea agglomerans	549	S	1	0	1	0.00000
Pantoea alhagi	1891675	S	1	0	1	0.00000
Pantoea sp. At-9b	592316	S	1	0	1	0.00000
Buchnera aphidicola	9	S	11	0	11	0.00000
Candidatus Erwinia haradaeae	1922217	S	3	0	3	0.00000
Erwinia gerundensis	1619313	S	2	0	2	0.00000
Erwinia tasmaniensis	338565	S	1	0	1	0.00000
Mixta gaviniae	665914	S	1	0	1	0.00000
Mixta theicola	1458355	S	1	0	1	0.00000
Serratia plymuthica	82996	S	4	1	5	0.00000
Serratia marcescens	615	S	2	2	4	0.00000
Serratia fonticola	47917	S	2	0	2	0.00000
Serratia proteamaculans	28151	S	1	0	1	0.00000
Serratia symbiotica	138074	S	1	0	1	0.00000
Serratia sp. FDAARGOS_506	2420306	S	1	0	1	0.00000
Yersinia enterocolitica	630	S	3	0	3	0.00000
Yersinia ruckeri	29486	S	1	0	1	0.00000
Yersinia mollaretii	33060	S	1	0	1	0.00000
Yersinia pseudotuberculosis	633	S	1	0	1	0.00000
Yersinia canariae	2607663	S	1	0	1	0.00000
Rahnella sp. Y9602	741091	S	1	1	2	0.00000
Chania multitudinisentens	1639108	S	1	0	1	0.00000
Candidatus Fukatsuia symbiotica	1878942	S	1	0	1	0.00000
Proteus mirabilis	584	S	2	0	2	0.00000
Proteus vulgaris	585	S	2	2	4	0.00000
Providencia rettgeri	587	S	2	1	3	0.00000
Photorhabdus asymbiotica	291112	S	2	0	2	0.00000
Photorhabdus laumondii	2218628	S	1	0	1	0.00000
Morganella morganii	582	S	2	0	2	0.00000
Dickeya chrysanthemi	556	S	1	0	1	0.00000
Dickeya paradisiaca	69223	S	1	-1	0	0.00000
Dickeya dadantii	204038	S	1	0	1	0.00000
Dickeya zeae	204042	S	1	0	1	0.00000
Pectobacterium brasiliense	180957	S	3	0	3	0.00000
Pectobacterium punjabense	2108399	S	1	0	1	0.00000
Brenneria sp. Ir50	2722756	S	1	0	1	0.00000
Edwardsiella tarda	636	S	2	0	2	0.00000
Edwardsiella piscicida	1263550	S	2	2	4	0.00000
Hafnia paralvei	546367	S	2	0	2	0.00000
Obesumbacterium proteus	82983	S	2	0	2	0.00000
Lysobacter enzymogenes	69	S	29	1	30	0.00000
Lysobacter sp. CW239	2762611	S	2	0	2	0.00000
Lysobacter sp. TY2-98	2290922	S	1	0	1	0.00000
Lysobacter sp. H21R4	2781021	S	1	0	1	0.00000
Lysobacter sp. H23M41	2781023	S	1	0	1	0.00000
Lysobacter sp. H23M47	2781024	S	1	0	1	0.00000
Lysobacter oculi	2698682	S	3	0	3	0.00000
Lysobacter solisilvae	2763317	S	3	0	3	0.00000
Lysobacter alkalisoli	2591633	S	2	0	2	0.00000
Lysobacter antibioticus	84531	S	1	0	1	0.00000
Lysobacter capsici	435897	S	1	0	1	0.00000
Lysobacter soli	453783	S	1	0	1	0.00000
Lysobacter arenosi	2795387	S	1	0	1	0.00000
Xanthomonas oryzae	347	S	7	2	9	0.00000
Xanthomonas campestris	339	S	4	0	4	0.00000
Xanthomonas citri	346	S	3	6	9	0.00000
Xanthomonas cassavae	56450	S	3	1	4	0.00000
Xanthomonas sp. SS	2724122	S	1	1	2	0.00000
Xanthomonas phaseoli	1985254	S	2	3	5	0.00000
Xanthomonas cucurbitae	56453	S	2	0	2	0.00000
Xanthomonas sacchari	56458	S	2	0	2	0.00000
Xanthomonas translucens	343	S	1	-1	0	0.00000
Xanthomonas theicola	56464	S	1	0	1	0.00000
Xanthomonas axonopodis	53413	S	1	0	1	0.00000
Xanthomonas fragariae	48664	S	1	0	1	0.00000
Xanthomonas albilineans	29447	S	1	0	1	0.00000
Stenotrophomonas maltophilia	40324	S	14	6	20	0.00000
Stenotrophomonas sp. ESTM1D_MKCIP4_1	2072414	S	4	0	4	0.00000
Stenotrophomonas sp. SAU14A_NAIMI4_5	2072413	S	1	0	1	0.00000
Stenotrophomonas sp. WZN-1	2005046	S	1	0	1	0.00000
Stenotrophomonas sp. 364	2691571	S	1	0	1	0.00000
Stenotrophomonas sp. NA06056	2742129	S	1	0	1	0.00000
Stenotrophomonas acidaminiphila	128780	S	2	2	4	0.00000
Stenotrophomonas rhizophila	216778	S	1	0	1	0.00000
Thermomonas sp. SY21	2202149	S	3	0	3	0.00000
Thermomonas sp. XSG	2771436	S	2	0	2	0.00000
Thermomonas carbonis	1463158	S	3	0	3	0.00000
Thermomonas brevis	215691	S	2	0	2	0.00000
Pseudoxanthomonas suwonensis	314722	S	3	0	3	0.00000
Pseudoxanthomonas mexicana	128785	S	2	0	2	0.00000
Pseudoxanthomonas spadix	415229	S	1	0	1	0.00000
Luteimonas sp. JM171	1896164	S	2	0	2	0.00000
Luteimonas sp. MC1572	2799325	S	1	0	1	0.00000
Pseudolysobacter antarcticus	2511995	S	1	0	1	0.00000
Rhodanobacter denitrificans	666685	S	2	1	3	0.00000
Rhodanobacter glycinis	582702	S	1	0	1	0.00000
Dyella sp. M7H15-1	2501295	S	1	0	1	0.00000
Dyella sp. G9	2763498	S	1	0	1	0.00000
Dyella caseinilytica	1849581	S	1	0	1	0.00000
Dokdonella koreensis	323415	S	3	0	3	0.00000
Luteibacter rhizovicinus	242606	S	1	0	1	0.00000
Luteibacter pinisoli	2589080	S	1	0	1	0.00000
Frateuria aurantia	81475	S	1	0	1	0.00000
Ahniella affigens	2021234	S	1	0	1	0.00000
Aerosticca soli	2010829	S	1	0	1	0.00000
Pasteurella multocida	747	S	55	13	68	0.00000
Pasteurella skyensis	97481	S	1	0	1	0.00000
Haemophilus parainfluenzae	729	S	2	0	2	0.00000
Haemophilus influenzae	727	S	1	0	1	0.00000
[Haemophilus] ducreyi	730	S	1	0	1	0.00000
Histophilus somni	731	S	3	0	3	0.00000
Actinobacillus pleuropneumoniae	715	S	2	0	2	0.00000
Actinobacillus succinogenes	67854	S	1	0	1	0.00000
Mannheimia bovis	2770636	S	2	0	2	0.00000
Vespertiliibacter pulmonis	1443036	S	2	0	2	0.00000
Aggregatibacter sp. 2125159857	2820817	S	1	0	1	0.00000
Rodentibacter heylii	1906744	S	1	0	1	0.00000
Halomonas sp. JS92-SW72	2306583	S	28	3	31	0.00000
Halomonas sp. YLGW01	2773308	S	1	0	1	0.00000
Halomonas sp. SH5A2	2749040	S	1	0	1	0.00000
Halomonas sp. GT	1971364	S	1	0	1	0.00000
Halomonas sp. THAF12	2587849	S	1	0	1	0.00000
Halomonas sp. PGE1	2730360	S	1	0	1	0.00000
Halomonas hydrothermalis	115561	S	3	1	4	0.00000
Halomonas meridiana	29570	S	1	0	1	0.00000
Halomonas socia	1081866	S	1	0	1	0.00000
Salinicola tamaricis	1771309	S	2	0	2	0.00000
Chromohalobacter salexigens	158080	S	1	0	1	0.00000
Candidatus Portiera aleyrodidarum	91844	S	1	0	1	0.00000
Pistricoccus aurantiacus	1883414	S	1	0	1	0.00000
Marinomonas primoryensis	178399	S	1	0	1	0.00000
Marinomonas algicola	2773454	S	1	0	1	0.00000
Neptunomonas japonica	417574	S	2	0	2	0.00000
Nitrincola sp. KXZD1103	2614693	S	2	0	2	0.00000
Marinobacterium georgiense	48076	S	1	0	1	0.00000
Bermanella marisrubri	207949	S	1	0	1	0.00000
Bacterioplanes sanyensis	1249553	S	1	0	1	0.00000
Alcanivorax sp. N3-2A	2014542	S	2	0	2	0.00000
Alcanivorax xenomutans	1094342	S	1	0	1	0.00000
Oleiphilus messinensis	141451	S	3	0	3	0.00000
Gynuella sunshinyii	1445505	S	2	0	2	0.00000
Reinekea forsetii	1336806	S	1	0	1	0.00000
Kangiella sediminilitoris	1144748	S	1	0	1	0.00000
Endozoicomonas montiporae	1027273	S	1	0	1	0.00000
Marinobacter sp. Arc7-DN-1	2304594	S	3	0	3	0.00000
Marinobacter sp. CP1	1671721	S	2	0	2	0.00000
Marinobacter sp. LV10R510-11A	1415568	S	1	0	1	0.00000
Marinobacter sp. es.042	1761794	S	1	0	1	0.00000
Marinobacter hydrocarbonoclasticus	2743	S	1	0	1	0.00000
Marinobacter salarius	1420917	S	1	0	1	0.00000
Marinobacter salinus	1874317	S	1	0	1	0.00000
Alteromonas mediterranea	314275	S	3	2	5	0.00000
Alteromonas pelagimontana	1858656	S	1	0	1	0.00000
Salinimonas lutimaris	914153	S	2	0	2	0.00000
Salinimonas sediminis	2303538	S	1	0	1	0.00000
Glaciecola nitratireducens	300231	S	1	0	1	0.00000
Catenovulum sediminis	1740262	S	1	0	1	0.00000
Lacimicrobium alkaliphilum	1526571	S	1	0	1	0.00000
Shewanella sp. Scap07	2589987	S	5	0	5	0.00000
Shewanella sp. ANA-3	94122	S	2	1	3	0.00000
Shewanella sp. Pdp11	2059264	S	1	0	1	0.00000
Shewanella marisflavi	260364	S	3	0	3	0.00000
Shewanella denitrificans	192073	S	2	0	2	0.00000
Shewanella maritima	2520507	S	1	0	1	0.00000
Shewanella violacea	60217	S	1	0	1	0.00000
Shewanella decolorationis	256839	S	1	0	1	0.00000
Shewanella putrefaciens	24	S	1	0	1	0.00000
Shewanella pealeana	70864	S	1	0	1	0.00000
Shewanella piezotolerans	404011	S	1	0	1	0.00000
Pseudoalteromonas viridis	339617	S	2	0	2	0.00000
Pseudoalteromonas sp. 3J6	649161	S	2	2	4	0.00000
Pseudoalteromonas piratica	1348114	S	1	0	1	0.00000
Pseudoalteromonas shioyasakiensis	1190813	S	1	0	1	0.00000
Pseudoalteromonas arctica	394751	S	1	0	1	0.00000
Pseudoalteromonas piscicida	43662	S	1	0	1	0.00000
Pseudoalteromonas tunicata	314281	S	1	0	1	0.00000
Pseudoalteromonas prydzensis	182141	S	1	0	1	0.00000
Psychrosphaera aestuarii	1266052	S	1	0	1	0.00000
Colwellia sp. PAMC 21821	1816219	S	1	0	1	0.00000
Colwellia beringensis	1967665	S	1	0	1	0.00000
Litorilituus sediminis	718192	S	1	0	1	0.00000
Thalassotalea crassostreae	1763536	S	1	0	1	0.00000
Moritella yayanosii	69539	S	1	0	1	0.00000
Moritella marina	90736	S	1	0	1	0.00000
Idiomarina andamanensis	1940690	S	1	0	1	0.00000
Idiomarina sp. OT37-5b	2100422	S	1	0	1	0.00000
Psychromonas sp. CNPT3	314282	S	1	0	1	0.00000
Vibrio parahaemolyticus	670	S	4	0	4	0.00000
Vibrio owensii	696485	S	2	0	2	0.00000
Vibrio diabolicus	50719	S	1	0	1	0.00000
Vibrio sp. Scap24	2589990	S	2	0	2	0.00000
Vibrio sp. Sal10	2777577	S	1	0	1	0.00000
Vibrio sp. 2521-89	2014742	S	1	1	2	0.00000
Vibrio fluvialis	676	S	4	0	4	0.00000
Vibrio anguillarum	55601	S	4	0	4	0.00000
Vibrio gazogenes	687	S	3	0	3	0.00000
Vibrio metoecus	1481663	S	2	0	2	0.00000
Vibrio panuliri	1381081	S	2	0	2	0.00000
Vibrio navarrensis	29495	S	2	0	2	0.00000
Vibrio vulnificus	672	S	1	0	1	0.00000
Vibrio spartinae	1918945	S	1	0	1	0.00000
Vibrio tubiashii	29498	S	1	0	1	0.00000
Vibrio aphrogenes	1891186	S	1	0	1	0.00000
Vibrio alfacsensis	1074311	S	1	0	1	0.00000
Vibrio rumoiensis	76258	S	1	0	1	0.00000
Vibrio mimicus	674	S	1	0	1	0.00000
Vibrio cincinnatiensis	675	S	1	0	1	0.00000
Vibrio mediterranei	689	S	1	0	1	0.00000
Vibrio splendidus	29497	S	1	0	1	0.00000
Vibrio metschnikovii	28172	S	1	0	1	0.00000
Paraphotobacterium marinum	1755811	S	4	0	4	0.00000
Photobacterium damselae	38293	S	2	0	2	0.00000
Photobacterium profundum	74109	S	1	0	1	0.00000
Salinivibrio kushneri	1908198	S	2	0	2	0.00000
Aliivibrio salmonicida	40269	S	1	0	1	0.00000
Rheinheimera sp. LHK132	2498451	S	3	0	3	0.00000
Allochromatium vinosum	1049	S	2	0	2	0.00000
Marichromatium purpuratum	37487	S	2	0	2	0.00000
Thiocystis violascens	73141	S	1	0	1	0.00000
Candidatus Thiodictyon syntrophicum	1166950	S	1	0	1	0.00000
Thermochromatium tepidum	1050	S	1	0	1	0.00000
Thioflavicoccus mobilis	80679	S	1	0	1	0.00000
Candidatus Nitrosacidococcus tergens	553981	S	1	0	1	0.00000
Caldichromatium japonicum	2699430	S	1	0	1	0.00000
Ectothiorhodospira sp. BSL-9	1442136	S	2	0	2	0.00000
Thioalkalivibrio sulfidiphilus	1033854	S	1	0	1	0.00000
Thioalkalivibrio sp. K90mix	396595	S	1	0	1	0.00000
Acidihalobacter ferrooxydans	1765967	S	1	0	1	0.00000
Acidihalobacter yilgarnenesis	2819280	S	1	0	1	0.00000
Halorhodospira halophila	1053	S	1	0	1	0.00000
Spiribacter sp. 2438	2666185	S	1	0	1	0.00000
Sulfurivermis fontis	1972068	S	3	0	3	0.00000
Granulosicoccus antarcticus	437505	S	1	0	1	0.00000
Sulfuriflexus mobilis	1811807	S	1	0	1	0.00000
Wenzhouxiangella marina	1579979	S	1	0	1	0.00000
Wenzhouxiangella sp. AB-CW3	2771012	S	1	0	1	0.00000
Halothiobacillus neapolitanus	927	S	1	0	1	0.00000
Woeseia oceani	1548547	S	1	0	1	0.00000
Legionella cherrii	28084	S	4	0	4	0.00000
Legionella sainthelensi	28087	S	3	0	3	0.00000
Legionella pneumophila	446	S	3	0	3	0.00000
Legionella sp. PC997	2755562	S	1	1	2	0.00000
Legionella fallonii	96230	S	2	0	2	0.00000
Legionella lansingensis	45067	S	2	0	2	0.00000
Legionella israelensis	454	S	1	0	1	0.00000
Legionella adelaidensis	45056	S	1	0	1	0.00000
Fluoribacter dumoffii	463	S	1	-1	0	0.00000
Candidatus Coxiella mudrowiae	2054173	S	3	0	3	0.00000
Coxiella burnetii	777	S	2	0	2	0.00000
Coxiella endosymbiont of Amblyomma sculptum	2487929	S	1	0	1	0.00000
Aquicella lusitana	254246	S	1	0	1	0.00000
Aquicella siphonis	254247	S	1	0	1	0.00000
Aeromonas hydrophila	644	S	5	1	6	0.00000
Aeromonas sp. CU5	2033033	S	2	0	2	0.00000
Aeromonas sp. ASNIH2	1636607	S	1	1	2	0.00000
Aeromonas encheleia	73010	S	2	0	2	0.00000
Aeromonas salmonicida	645	S	1	1	2	0.00000
Aeromonas allosaccharophila	656	S	1	0	1	0.00000
Aeromonas veronii	654	S	1	0	1	0.00000
Aeromonas schubertii	652	S	1	0	1	0.00000
Oceanisphaera profunda	1416627	S	2	0	2	0.00000
Zobellella denitrificans	347534	S	1	0	1	0.00000
Dongshaea marina	2047966	S	1	0	1	0.00000
Succinivibrio dextrinosolvens	83771	S	2	0	2	0.00000
Francisella hispaniensis	622488	S	3	0	3	0.00000
Francisella uliginis	573570	S	1	0	1	0.00000
Francisella frigiditurris	1542390	S	1	0	1	0.00000
Francisella adeliensis	2007306	S	1	0	1	0.00000
Francisella sp. FSC1006	1547445	S	1	0	1	0.00000
Hydrogenovibrio marinus	28885	S	2	0	2	0.00000
Hydrogenovibrio crunogenus	39765	S	1	0	1	0.00000
Thiomicrorhabdus aquaedulcis	2211106	S	1	0	1	0.00000
Thiomicrorhabdus indica	2267253	S	1	0	1	0.00000
Methylophaga frappieri	754477	S	1	0	1	0.00000
Thiosulfativibrio zosterae	2675053	S	1	0	1	0.00000
Beggiatoa leptomitoformis	288004	S	2	0	2	0.00000
Methylomonas sp. LL1	2785785	S	2	0	2	0.00000
Methylomonas sp. DH-1	1727196	S	1	0	1	0.00000
Methylomonas methanica	421	S	2	0	2	0.00000
Methylomonas denitrificans	1538553	S	1	0	1	0.00000
Methylococcus sp. IM1	2681310	S	1	0	1	0.00000
Methylococcus sp. EFPC2	2812648	S	1	0	1	0.00000
Methylococcus capsulatus	414	S	1	0	1	0.00000
Methylotuvimicrobium buryatense	95641	S	2	0	2	0.00000
Methylotuvimicrobium alcaliphilum	271065	S	1	0	1	0.00000
Methylovulum psychrotolerans	1704499	S	2	0	2	0.00000
Methylomicrobium album	39775	S	1	0	1	0.00000
Methylocaldum marinum	1432792	S	1	0	1	0.00000
Microbulbifer sp. THAF38	2587856	S	2	0	2	0.00000
Microbulbifer sp. A4B17	359370	S	1	0	1	0.00000
Cellvibrio sp. PSBB006	1987723	S	1	1	2	0.00000
Kineobactrum salinum	2708301	S	1	0	1	0.00000
Spongiibacter sp. IMCC21906	1620392	S	1	0	1	0.00000
Candidatus Thioglobus singularis	1427364	S	2	0	2	0.00000
Candidatus Thioglobus sp. NP1	2508687	S	1	0	1	0.00000
Candidatus Ruthia endofausta	2738852	S	1	0	1	0.00000
Thiolapillus brandeum	1076588	S	1	0	1	0.00000
Cardiobacterium hominis	2718	S	4	0	4	0.00000
endosymbiont of Euscepes postfasciatus	650377	S	2	0	2	0.00000
Gilliamella apicola	1196095	S	2	0	2	0.00000
Sulfurifustis variabilis	1675686	S	1	0	1	0.00000
Sulfuricaulis limicola	1620215	S	1	0	1	0.00000
Solimonas sp. K1W22B-7	2303331	S	1	0	1	0.00000
Steroidobacter denitrificans	465721	S	1	0	1	0.00000
Salinisphaera sp. LB1	2183911	S	1	0	1	0.00000
Bradyrhizobium sp. CCBAU 051011	858422	S	8	1	9	0.00000
Bradyrhizobium sp. CCBAU 51753	1325100	S	4	0	4	0.00000
Bradyrhizobium sp. PSBB068	2715960	S	3	0	3	0.00000
Bradyrhizobium sp. CCBAU 53421	1325120	S	3	0	3	0.00000
Bradyrhizobium sp. ORS 278	114615	S	2	0	2	0.00000
Bradyrhizobium sp. CCBAU 53338	1325111	S	2	1	3	0.00000
Bradyrhizobium sp. CCBAU 51765	1325102	S	2	0	2	0.00000
Bradyrhizobium sp. 6(2017)	1197460	S	2	0	2	0.00000
Bradyrhizobium sp. WSM471	319017	S	2	8	10	0.00000
Bradyrhizobium sp. BTAi1	288000	S	2	0	2	0.00000
Bradyrhizobium sp. CCGE-LA001	1223566	S	2	0	2	0.00000
Bradyrhizobium sp. CCBAU 53340	1325112	S	1	0	1	0.00000
Bradyrhizobium sp. CCBAU 53351	1325114	S	1	0	1	0.00000
Bradyrhizobium sp. SK17	2057741	S	1	0	1	0.00000
Bradyrhizobium erythrophlei	1437360	S	11	0	11	0.00000
Bradyrhizobium symbiodeficiens	1404367	S	8	2	10	0.00000
Bradyrhizobium paxllaeri	190148	S	6	0	6	0.00000
Bradyrhizobium icense	1274631	S	5	0	5	0.00000
Bradyrhizobium genosp. L	83637	S	4	0	4	0.00000
Bradyrhizobium arachidis	858423	S	4	1	5	0.00000
Bradyrhizobium japonicum	375	S	4	3	7	0.00000
Bradyrhizobium diazoefficiens	1355477	S	4	6	10	0.00000
Bradyrhizobium betae	244734	S	3	1	4	0.00000
Bradyrhizobium cosmicum	1404864	S	3	0	3	0.00000
Bradyrhizobium genosp. B	83627	S	2	0	2	0.00000
Bradyrhizobium canariense	255045	S	1	0	1	0.00000
Bradyrhizobium ottawaense	931866	S	1	9	10	0.00000
Bradyrhizobium guangdongense	1325090	S	1	0	1	0.00000
Bradyrhizobium guangzhouense	1325095	S	1	0	1	0.00000
Bradyrhizobium vignae	1549949	S	1	0	1	0.00000
Bosea sp. PAMC 26642	1792307	S	6	0	6	0.00000
Bosea sp. ANAM02	2020412	S	5	0	5	0.00000
Bosea sp. Tri-49	1867715	S	4	0	4	0.00000
Bosea sp. AS-1	2015316	S	3	0	3	0.00000
Bosea sp. F3-2	2599640	S	2	0	2	0.00000
Bosea sp. RAC05	1842539	S	1	0	1	0.00000
Bosea vaviloviae	1526658	S	5	0	5	0.00000
Rhodopseudomonas palustris	1076	S	22	5	27	0.00000
Tardiphaga robiniae	943830	S	7	0	7	0.00000
Afipia sp. GAS231	1882747	S	3	3	6	0.00000
Afipia carboxidovorans	40137	S	1	-1	0	0.00000
Nitrobacter winogradskyi	913	S	2	0	2	0.00000
Nitrobacter hamburgensis	912	S	1	0	1	0.00000
Variibacter gotjawalensis	1333996	S	2	0	2	0.00000
Methylobacterium sp. AMS5	925818	S	4	1	5	0.00000
Methylobacterium sp. WL1	2603276	S	4	0	4	0.00000
Methylobacterium sp. 17Sr1-43	2202828	S	3	0	3	0.00000
Methylobacterium sp. C1	1479019	S	2	4	6	0.00000
Methylobacterium sp. 17Sr1-1	2202826	S	2	0	2	0.00000
Methylobacterium sp. 4-46	426117	S	1	0	1	0.00000
Methylobacterium sp. XJLW	739141	S	1	5	6	0.00000
Methylobacterium brachiatum	269660	S	5	0	5	0.00000
Methylobacterium radiotolerans	31998	S	3	3	6	0.00000
Methylobacterium durans	2202825	S	3	0	3	0.00000
Methylobacterium terrae	2202827	S	3	0	3	0.00000
Methylobacterium mesophilicum	39956	S	2	0	2	0.00000
Methylobacterium nodulans	114616	S	2	0	2	0.00000
Methylobacterium aquaticum	270351	S	2	0	2	0.00000
Methylobacterium currus	2051553	S	2	0	2	0.00000
Methylobacterium indicum	1775910	S	1	0	1	0.00000
Methylorubrum extorquens	408	S	10	4	14	0.00000
Methylorubrum populi	223967	S	9	2	11	0.00000
Microvirga sp. 17 mud 1-3	2082949	S	3	0	3	0.00000
Microvirga sp. VF16	2807101	S	1	0	1	0.00000
Rhizobium sp. ADMK78	1813451	S	3	0	3	0.00000
Rhizobium sp. TCK	136098	S	1	1	2	0.00000
Rhizobium sp. Kim5	2020311	S	1	1	2	0.00000
Rhizobium sp. NZLR1	2731096	S	1	0	1	0.00000
Rhizobium sp. BG4	2613770	S	1	0	1	0.00000
Rhizobium sp. WL3	2603277	S	1	0	1	0.00000
Rhizobium sp. NXC24	2048897	S	1	0	1	0.00000
Rhizobium leguminosarum	384	S	4	0	4	0.00000
Rhizobium pusense	648995	S	3	6	9	0.00000
Rhizobium bangladeshense	1138189	S	2	0	2	0.00000
Rhizobium indicum	2583231	S	2	0	2	0.00000
Rhizobium rosettiformans	1368430	S	2	0	2	0.00000
Rhizobium flavum	1335061	S	2	0	2	0.00000
Rhizobium etli	29449	S	2	0	2	0.00000
Rhizobium phaseoli	396	S	1	1	2	0.00000
Rhizobium daejeonense	240521	S	1	0	1	0.00000
Rhizobium binae	1138190	S	1	0	1	0.00000
Agrobacterium sp. T29	2580515	S	1	4	5	0.00000
Agrobacterium vitis	373	S	3	0	3	0.00000
Agrobacterium larrymoorei	160699	S	2	0	2	0.00000
Agrobacterium tumefaciens	358	S	1	0	1	0.00000
Agrobacterium fabrum	1176649	S	1	1	2	0.00000
Agrobacterium rubi	28099	S	1	0	1	0.00000
Sinorhizobium meliloti	382	S	3	0	3	0.00000
Sinorhizobium fredii	380	S	3	1	4	0.00000
Sinorhizobium medicae	110321	S	1	0	1	0.00000
Sinorhizobium sp. BG8	2613773	S	1	0	1	0.00000
Ensifer adhaerens	106592	S	5	0	5	0.00000
Shinella sp. PSBB067	2715959	S	3	0	3	0.00000
Shinella sp. HZN7	879274	S	1	0	1	0.00000
Candidatus Liberibacter americanus	309868	S	1	0	1	0.00000
Liberibacter crescens	1273132	S	1	0	1	0.00000
Kaistia sp. 32K	2795690	S	2	0	2	0.00000
Mesorhizobium sp. L-8-3	2744522	S	2	4	6	0.00000
Mesorhizobium sp. INR15	2654248	S	2	0	2	0.00000
Mesorhizobium sp. M1A.F.Ca.IN.022.06.1.1	2493680	S	1	0	1	0.00000
Mesorhizobium sp. M8A.F.Ca.ET.057.01.1.1	2493679	S	1	0	1	0.00000
Mesorhizobium sp. Pch-S	2082387	S	1	0	1	0.00000
Mesorhizobium sp. M3A.F.Ca.ET.080.04.2.1	2493676	S	1	0	1	0.00000
Mesorhizobium sp. M9A.F.Ca.ET.002.03.1.2	2493668	S	1	0	1	0.00000
Mesorhizobium sp. 131-2-1	2744518	S	1	0	1	0.00000
Mesorhizobium sp. M4B.F.Ca.ET.058.02.1.1	2493675	S	1	0	1	0.00000
Mesorhizobium japonicum	2066070	S	3	1	4	0.00000
Mesorhizobium australicum	536018	S	2	0	2	0.00000
Mesorhizobium erdmanii	1777866	S	2	0	2	0.00000
Mesorhizobium ciceri	39645	S	1	0	1	0.00000
Mesorhizobium amorphae	71433	S	1	0	1	0.00000
Mesorhizobium opportunistum	593909	S	1	0	1	0.00000
Mesorhizobium oceanicum	1670800	S	1	0	1	0.00000
Phyllobacterium zundukense	1867719	S	2	0	2	0.00000
Phyllobacterium sp. 628	2718938	S	1	0	1	0.00000
Aminobacter sp. MSH1	374606	S	1	2	3	0.00000
Lentilitoribacter sp. Alg239-R112	2305987	S	2	0	2	0.00000
Roseitalea porphyridii	1852022	S	2	0	2	0.00000
Nitratireductor sp. SY7	2599600	S	1	0	1	0.00000
Devosia sp. A16	1736675	S	7	0	7	0.00000
Devosia sp. S02	2657486	S	2	0	2	0.00000
Devosia sp. I507	2083786	S	1	0	1	0.00000
Devosia sp. LEGU1	2774137	S	1	0	1	0.00000
Devosia ginsengisoli	400770	S	2	0	2	0.00000
Hyphomicrobium denitrificans	53399	S	4	0	4	0.00000
Hyphomicrobium nitrativorans	1427356	S	2	0	2	0.00000
Hyphomicrobium sp. MC1	717785	S	2	0	2	0.00000
Aquabacter sp. L1I39	2820278	S	5	0	5	0.00000
Blastochloris tepida	2233851	S	2	0	2	0.00000
Blastochloris viridis	1079	S	1	0	1	0.00000
Pelagibacterium halotolerans	531813	S	3	0	3	0.00000
Candidatus Filomicrobium marinum	1608628	S	2	0	2	0.00000
Methyloceanibacter caenitepidi	1384459	S	1	0	1	0.00000
Methyloligella sp. GL2	2742204	S	1	0	1	0.00000
Xanthobacter sp. YN2	2528964	S	4	1	5	0.00000
Labrys sp. KNU-23	2789216	S	4	0	4	0.00000
Ancylobacter sp. TS-1	1850374	S	2	0	2	0.00000
Starkeya sp. ORNL1	2709380	S	2	0	2	0.00000
Azorhizobium caulinodans	7	S	1	0	1	0.00000
Pseudolabrys taiwanensis	331696	S	1	0	1	0.00000
Methylosinus sp. C49	2699395	S	4	0	4	0.00000
Methylosinus trichosporium	426	S	3	0	3	0.00000
Methylocystis heyeri	391905	S	3	0	3	0.00000
Methylocystis rosea	173366	S	2	0	2	0.00000
Methylocystis parvus	134	S	1	0	1	0.00000
Bartonella schoenbuchensis	165694	S	2	0	2	0.00000
Bartonella birtlesii	111504	S	2	0	2	0.00000
Bartonella clarridgeiae	56426	S	2	0	2	0.00000
Bartonella sp. HY038	2759660	S	1	0	1	0.00000
Bartonella australis	388640	S	1	0	1	0.00000
Bartonella tribocorum	85701	S	1	1	2	0.00000
Bartonella quintana	803	S	1	0	1	0.00000
Martelella endophytica	1486262	S	5	0	5	0.00000
Martelella sp. AD-3	686597	S	1	1	2	0.00000
Martelella lutilitoris	2583532	S	1	0	1	0.00000
Aureimonas populi	1701758	S	1	0	1	0.00000
Aureimonas sp. AU20	1349819	S	1	0	1	0.00000
Labrenzia sp. VG12	2021862	S	1	0	1	0.00000
Labrenzia sp. THAF82	2587861	S	1	0	1	0.00000
Stappia indica	538381	S	2	0	2	0.00000
Pannonibacter phragmitetus	121719	S	2	1	3	0.00000
Pseudovibrio sp. FO-BEG1	911045	S	1	0	1	0.00000
Brucella anthropi	529	S	1	2	3	0.00000
[Ochrobactrum] quorumnocens	271865	S	1	0	1	0.00000
Brucella pseudogrignonensis	419475	S	1	1	2	0.00000
Ochrobactrum sp. MT180101	2726427	S	1	2	3	0.00000
Hartmannibacter diazotrophicus	1482074	S	4	0	4	0.00000
Nordella sp. HKS 07	2712222	S	3	0	3	0.00000
Chelatococcus sp. CO-6	1702325	S	5	0	5	0.00000
Chelatococcus daeguensis	444444	S	2	0	2	0.00000
Parvibaculum lavamentivorans	256618	S	2	0	2	0.00000
Pyruvatibacter mobilis	1712261	S	1	0	1	0.00000
Cohaesibacter sp. ES.047	1798205	S	1	0	1	0.00000
Breoghania sp. L-A4	2304600	S	1	0	1	0.00000
Methylocella silvestris	199596	S	2	0	2	0.00000
Sphingomonas sp. HMP6	1517551	S	6	0	6	0.00000
Sphingomonas sp. Cra20	1327635	S	5	0	5	0.00000
Sphingomonas sp. DH-S5	2759526	S	4	0	4	0.00000
Sphingomonas sp. CL5.1	2653203	S	4	0	4	0.00000
Sphingomonas sp. XS-10	2599297	S	4	0	4	0.00000
Sphingomonas sp. HMP9	1517554	S	4	0	4	0.00000
Sphingomonas sp. FARSPH	2219696	S	4	1	5	0.00000
Sphingomonas sp. AAP5	1523415	S	3	0	3	0.00000
Sphingomonas sp. NIC1	1961362	S	3	2	5	0.00000
Sphingomonas sp. sand1-3	2764186	S	2	0	2	0.00000
Sphingomonas sp. AP4-R1	2735134	S	2	0	2	0.00000
Sphingomonas sp. MK52	2711156	S	2	0	2	0.00000
Sphingomonas sp. PAMC26645	2565555	S	2	0	2	0.00000
Sphingomonas sp. C8-2	2492837	S	2	1	3	0.00000
Sphingomonas sp. LM7	1938607	S	1	0	1	0.00000
Sphingomonas sp. LMO-1	2681549	S	1	0	1	0.00000
Sphingomonas sp. C33	2698679	S	1	0	1	0.00000
Sphingomonas melonis	152682	S	6	6	12	0.00000
Sphingomonas hengshuiensis	1609977	S	6	0	6	0.00000
Sphingomonas alpina	653931	S	6	0	6	0.00000
Sphingomonas panacisoli	1813879	S	4	0	4	0.00000
Sphingomonas lacunae	2698828	S	3	0	3	0.00000
Sphingomonas panacis	1560345	S	3	0	3	0.00000
Sphingomonas insulae	424800	S	3	0	3	0.00000
Sphingomonas wittichii	160791	S	3	1	4	0.00000
Sphingomonas taxi	1549858	S	2	0	2	0.00000
Sphingomonas koreensis	93064	S	2	1	3	0.00000
Sphingomonas paucimobilis	13689	S	2	0	2	0.00000
Sphingomonas sanxanigenens	397260	S	1	0	1	0.00000
Sphingomonas daechungensis	1176646	S	1	0	1	0.00000
Sphingomonas rhizophila	2071607	S	1	0	1	0.00000
Sphingomonas xanthus	2594473	S	1	0	1	0.00000
Sphingopyxis sp. FD7	1914525	S	5	1	6	0.00000
Sphingopyxis sp. EG6	1874061	S	4	1	5	0.00000
Sphingopyxis sp. OPL5	2486273	S	3	0	3	0.00000
Sphingopyxis sp. 113P3	292913	S	2	0	2	0.00000
Sphingopyxis sp. QXT-31	1357916	S	1	0	1	0.00000
Sphingopyxis sp. MG	1866325	S	1	2	3	0.00000
Sphingopyxis sp. LPB0140	1913578	S	1	0	1	0.00000
Sphingopyxis sp. PAMC25046	2565556	S	1	0	1	0.00000
Sphingopyxis fribergensis	1515612	S	7	1	8	0.00000
Sphingopyxis macrogoltabida	33050	S	6	2	8	0.00000
Sphingopyxis lindanitolerans	2054227	S	4	1	5	0.00000
Sphingopyxis terrae	33052	S	2	0	2	0.00000
Sphingopyxis alaskensis	117207	S	1	0	1	0.00000
Sphingobium sp. YBL2	484429	S	2	6	8	0.00000
Sphingobium sp. SYK-6	627192	S	2	0	2	0.00000
Sphingobium sp. YG1	2082188	S	2	0	2	0.00000
Sphingobium sp. Cam5-1	2789327	S	2	0	2	0.00000
Sphingobium sp. MI1205	407020	S	1	1	2	0.00000
Sphingobium sp. RSMS	520734	S	1	3	4	0.00000
Sphingobium sp. TKS	1315974	S	1	1	2	0.00000
Sphingobium sp. SCG-1	2072936	S	1	0	1	0.00000
Sphingobium sp. PAMC28499	2565554	S	1	0	1	0.00000
Sphingobium yanoikuyae	13690	S	4	4	8	0.00000
Sphingobium cloacae	120107	S	4	8	12	0.00000
Sphingobium herbicidovorans	76947	S	2	1	3	0.00000
Sphingobium amiense	135719	S	2	3	5	0.00000
Sphingobium hydrophobicum	1673076	S	2	2	4	0.00000
Sphingobium baderi	1332080	S	1	1	2	0.00000
Novosphingobium sp. ABRDHK2	2571749	S	5	2	7	0.00000
Novosphingobium sp. P6W	1609758	S	2	0	2	0.00000
Novosphingobium sp. Gsoil 351	2675225	S	1	0	1	0.00000
Novosphingobium sp. ES2-1	2780074	S	1	1	2	0.00000
Novosphingobium ginsenosidimutans	1176536	S	6	0	6	0.00000
Novosphingobium resinovorum	158500	S	4	2	6	0.00000
Novosphingobium aromaticivorans	48935	S	1	1	2	0.00000
Sphingorhabdus lacus	392610	S	6	0	6	0.00000
Sphingorhabdus sp. M41	1806885	S	3	0	3	0.00000
Sphingorhabdus sp. SMR4y	2584094	S	1	0	1	0.00000
Sphingosinithalassobacter sp. CS137	2762748	S	5	0	5	0.00000
Sphingosinithalassobacter sp. zrk23	2711215	S	2	0	2	0.00000
Blastomonas fulva	1550728	S	1	0	1	0.00000
Blastomonas sp. RAC04	1842535	S	1	0	1	0.00000
Parasphingopyxis algicola	2026624	S	2	0	2	0.00000
Novosphingopyxis sp. PB63	2762729	S	2	0	2	0.00000
Tardibacter chloracetimidivorans	1921510	S	1	1	2	0.00000
Parasphingorhabdus sp. JHSY0214	2806553	S	1	0	1	0.00000
Erythrobacter sp. KY5	2011159	S	2	0	2	0.00000
Erythrobacter sp. HKB08	2502843	S	2	0	2	0.00000
Erythrobacter sp. HL-111	1798193	S	1	0	1	0.00000
Erythrobacter sp. 6D36	2782568	S	1	0	1	0.00000
Erythrobacter neustonensis	1112	S	3	0	3	0.00000
Porphyrobacter sp. LM 6	1896196	S	4	1	5	0.00000
Porphyrobacter sp. CACIAM 03H1	2003315	S	2	0	2	0.00000
Porphyrobacter sp. HT-58-2	2023229	S	2	0	2	0.00000
Tsuneonella flava	2055955	S	3	0	3	0.00000
Tsuneonella dongtanensis	692370	S	2	0	2	0.00000
Tsuneonella mangrovi	1982042	S	2	0	2	0.00000
Tsuneonella amylolytica	2338327	S	2	0	2	0.00000
Croceicoccus marinus	450378	S	4	1	5	0.00000
Croceicoccus naphthovorans	1348774	S	3	3	6	0.00000
Altererythrobacter ishigakiensis	476157	S	1	0	1	0.00000
Altererythrobacter atlanticus	1267766	S	1	0	1	0.00000
Qipengyuania flava	192812	S	1	0	1	0.00000
Qipengyuania seohaensis	266951	S	1	0	1	0.00000
Aurantiacibacter atlanticus	1648404	S	2	0	2	0.00000
Paraurantiacibacter namhicola	645517	S	1	0	1	0.00000
Pelagerythrobacter marensis	543877	S	1	0	1	0.00000
Sandaracinobacter sp. M6	2759707	S	2	0	2	0.00000
Sphingosinicella sp. BN140058	1892855	S	1	0	1	0.00000
Paracoccus sp. BM15	1529068	S	3	0	3	0.00000
Paracoccus sp. Arc7-R13	2500532	S	3	0	3	0.00000
Paracoccus sp. MC1862	2760307	S	3	0	3	0.00000
Paracoccus sp. AK26	2589076	S	2	0	2	0.00000
Paracoccus yeei	147645	S	5	2	7	0.00000
Paracoccus aminophilus	34003	S	3	0	3	0.00000
Paracoccus suum	2259340	S	3	0	3	0.00000
Paracoccus sanguinis	1545044	S	2	0	2	0.00000
Paracoccus contaminans	1945662	S	2	0	2	0.00000
Paracoccus pantotrophus	82367	S	1	0	1	0.00000
Paracoccus kondratievae	135740	S	1	0	1	0.00000
Rhodobacter sp. CZR27	2033869	S	5	0	5	0.00000
Rhodobacter sp. LPB0142	1850250	S	2	0	2	0.00000
Rhodobacter blasticus	1075	S	6	0	6	0.00000
Rhodobacter capsulatus	1061	S	1	0	1	0.00000
Roseovarius sp. THAF8	2587846	S	2	2	4	0.00000
Roseovarius sp. THAF9	2587847	S	1	0	1	0.00000
Roseovarius sp. THAF27	2587850	S	1	1	2	0.00000
Roseovarius faecimaris	2494550	S	1	0	1	0.00000
Sulfitobacter sp. SK011	1389004	S	1	0	1	0.00000
Sulfitobacter sp. JL08	2070369	S	1	0	1	0.00000
Sulfitobacter sp. THAF37	2587855	S	1	1	2	0.00000
Sulfitobacter pseudonitzschiae	1402135	S	3	0	3	0.00000
Cereibacter sphaeroides	1063	S	6	0	6	0.00000
Gemmobacter sp. HYN0069	2169400	S	4	0	4	0.00000
Tabrizicola piscis	2494374	S	4	0	4	0.00000
Phaeobacter gallaeciensis	60890	S	3	1	4	0.00000
Phaeobacter inhibens	221822	S	1	0	1	0.00000
Salipiger pacificus	311180	S	2	0	2	0.00000
Yangia sp. CCB-MM3	1792508	S	1	0	1	0.00000
Ruegeria sp. TM1040	292414	S	1	0	1	0.00000
Ruegeria sp. AD91A	2293862	S	1	0	1	0.00000
Ruegeria pomeroyi	89184	S	1	0	1	0.00000
Celeribacter baekdonensis	875171	S	1	0	1	0.00000
Celeribacter manganoxidans	1411902	S	1	0	1	0.00000
Celeribacter ethanolicus	1758178	S	1	0	1	0.00000
Confluentimicrobium sp. EMB200-NS6	1609966	S	3	2	5	0.00000
Rhodovulum sp. P5	1564506	S	2	0	2	0.00000
Rhodovulum sulfidophilum	35806	S	1	0	1	0.00000
Yoonia vestfoldensis	245188	S	2	0	2	0.00000
Haematobacter massiliensis	195105	S	2	0	2	0.00000
Pelagibaca abyssi	1250539	S	2	0	2	0.00000
Thalassobius gelatinovorus	53501	S	2	0	2	0.00000
Pseudopuniceibacterium antarcticum	2613965	S	2	0	2	0.00000
Pseudorhodobacter turbinis	2500533	S	2	0	2	0.00000
Roseobacter ponti	1891787	S	2	0	2	0.00000
Octadecabacter sp. SW4	2602067	S	1	0	1	0.00000
Octadecabacter temperatus	1458307	S	1	0	1	0.00000
Pelagovum pacificum	2588711	S	2	0	2	0.00000
Jannaschia sp. CCS1	290400	S	2	0	2	0.00000
Paraoceanicella profunda	2579971	S	2	0	2	0.00000
Roseicitreum antarcticum	564137	S	1	0	1	0.00000
Pseudooceanicola algae	1537215	S	1	0	1	0.00000
Pseudohalocynthiibacter aestuariivivens	1591409	S	1	0	1	0.00000
Pontivivens sp. MT2928	2789856	S	1	0	1	0.00000
Thioclava electrotropha	1549850	S	1	0	1	0.00000
Brevirhabdus pacifica	1267768	S	1	0	1	0.00000
Antarctobacter heliothermus	74033	S	1	0	1	0.00000
Dinoroseobacter shibae	215813	S	1	0	1	0.00000
Polymorphum gilvum	991904	S	1	0	1	0.00000
Marinovum algicola	42444	S	1	0	1	0.00000
Rhodobaca barguzinensis	441209	S	1	0	1	0.00000
Leisingera methylohalidivorans	133924	S	1	0	1	0.00000
Brevundimonas sp. LVF1	2774189	S	5	0	5	0.00000
Brevundimonas sp. DS20	1532555	S	2	2	4	0.00000
Brevundimonas sp. M20	2591463	S	2	0	2	0.00000
Brevundimonas sp. LVF2	2774190	S	2	0	2	0.00000
Brevundimonas sp. GW460-12-10-14-LB2	1827469	S	1	0	1	0.00000
Brevundimonas sp. LM2	1938605	S	1	0	1	0.00000
Brevundimonas sp. Bb-A	2560058	S	1	1	2	0.00000
Brevundimonas sp. 'scallop'	2562582	S	1	0	1	0.00000
Brevundimonas sp. SGAir0440	2579977	S	1	0	1	0.00000
Brevundimonas sp. GRTSA-9	2800818	S	1	0	1	0.00000
Brevundimonas mediterranea	74329	S	4	0	4	0.00000
Brevundimonas subvibrioides	74313	S	3	0	3	0.00000
Brevundimonas diminuta	293	S	2	2	4	0.00000
Brevundimonas naejangsanensis	588932	S	2	0	2	0.00000
Brevundimonas vancanneytii	1325724	S	2	3	5	0.00000
Caulobacter vibrioides	155892	S	3	1	4	0.00000
Caulobacter flavus	1679497	S	3	0	3	0.00000
Caulobacter soli	2708539	S	3	1	4	0.00000
Caulobacter henricii	69395	S	1	0	1	0.00000
Caulobacter mirabilis	69666	S	1	0	1	0.00000
Caulobacter segnis	88688	S	1	0	1	0.00000
Caulobacter rhizosphaerae	2010972	S	1	0	1	0.00000
Caulobacter sp. FWC26	69665	S	1	0	1	0.00000
Terricaulis silvestris	2686094	S	6	0	6	0.00000
Phenylobacterium zucineum	284016	S	2	0	2	0.00000
Phenylobacterium parvum	2201350	S	1	0	1	0.00000
Azospirillum sp. TSA2s	709810	S	3	1	4	0.00000
Azospirillum sp. TSH100	652764	S	1	0	1	0.00000
Azospirillum brasilense	192	S	3	1	4	0.00000
Azospirillum lipoferum	193	S	3	1	4	0.00000
Azospirillum baldaniorum	1064539	S	2	1	3	0.00000
Azospirillum humicireducens	1226968	S	2	0	2	0.00000
Azospirillum ramasamyi	682998	S	1	0	1	0.00000
Magnetospirillum sp. XM-1	1663591	S	2	3	5	0.00000
Magnetospirillum gryphiswaldense	55518	S	2	0	2	0.00000
Magnetospirillum magneticum	84159	S	2	0	2	0.00000
Rhodospirillum rubrum	1085	S	3	-3	0	0.00000
Rhodospirillum centenum	34018	S	1	0	1	0.00000
Thalassospira indica	1891279	S	2	0	2	0.00000
Indioceanicola profundi	2220096	S	2	0	2	0.00000
Tistrella mobilis	171437	S	1	0	1	0.00000
Magnetospira sp. QH-2	1288970	S	1	0	1	0.00000
Haematospirillum jordaniae	1549855	S	1	0	1	0.00000
Hypericibacter adhaerens	2602016	S	1	0	1	0.00000
Acetobacter pasteurianus	438	S	2	0	2	0.00000
Acetobacter sp. KACC 21233	2592655	S	1	0	1	0.00000
Komagataeibacter hansenii	436	S	2	0	2	0.00000
Komagataeibacter xylinus	28448	S	1	0	1	0.00000
Roseomonas sp. 1318	2768161	S	1	0	1	0.00000
Roseomonas sp. 546	2768162	S	1	0	1	0.00000
Roseomonas mucosa	207340	S	1	1	2	0.00000
Lichenicola cladoniae	1484109	S	2	0	2	0.00000
Granulibacter bethesdensis	364410	S	1	0	1	0.00000
Oecophyllibacter saccharovorans	2558360	S	1	0	1	0.00000
Acidibrevibacterium fodinaquatile	1969806	S	1	0	1	0.00000
Stella humosa	94	S	1	0	1	0.00000
Kozakia baliensis	153496	S	1	0	1	0.00000
Gluconacetobacter diazotrophicus	33996	S	1	0	1	0.00000
Acidiphilium cryptum	524	S	1	0	1	0.00000
Wolbachia endosymbiont of Wiebesia pumilae	2742717	S	1	2	3	0.00000
Wolbachia endosymbiont of Litomosoides sigmodontis	80850	S	1	0	1	0.00000
Wolbachia endosymbiont of Dipetalonema caudispina	1812112	S	1	0	1	0.00000
Ehrlichia ruminantium	779	S	3	0	3	0.00000
Ehrlichia muris	35795	S	1	0	1	0.00000
Neorickettsia sennetsu	951	S	2	0	2	0.00000
Anaplasma phagocytophilum	948	S	1	-1	0	0.00000
Rickettsia endosymbiont of Ixodes scapularis	444612	S	1	2	3	0.00000
Rickettsia akari	786	S	1	0	1	0.00000
Rickettsia sp. Tillamook 23	2761623	S	1	1	2	0.00000
Rickettsiales endosymbiont of Stachyamoeba lipophora	2486578	S	3	0	3	0.00000
Hyphobacterium sp. CCMP332	2749086	S	6	0	6	0.00000
Maricaulis maris	74318	S	3	0	3	0.00000
Glycocaulis alkaliphilus	1434191	S	3	0	3	0.00000
Hyphomonas sp. CACIAM 19H1	1873716	S	4	0	4	0.00000
Hyphomonas sp. Mor2	1906738	S	2	0	2	0.00000
Candidatus Pelagibacter sp. FZCC0015	2268451	S	2	0	2	0.00000
Candidatus Pelagibacter ubique	198252	S	1	0	1	0.00000
Candidatus Fonsibacter ubiquis	1925548	S	1	0	1	0.00000
Phreatobacter cathodiphilus	1868589	S	2	0	2	0.00000
Phreatobacter sp. NMCR1094	2570229	S	1	0	1	0.00000
Micavibrio aeruginosavorus	349221	S	1	0	1	0.00000
Magnetococcus marinus	1124597	S	2	0	2	0.00000
Candidatus Nesciobacter abundans	2601668	S	1	0	1	0.00000
Candidatus Paracaedibacter acanthamoebae	91604	S	1	0	1	0.00000
Paremcibacter congregatus	2043170	S	2	0	2	0.00000
Sorangium cellulosum	56	S	22	1	23	0.00000
Minicystis rosea	888845	S	6	0	6	0.00000
Labilithrix luteola	1391654	S	6	0	6	0.00000
Sandaracinus amylolyticus	927083	S	2	0	2	0.00000
Archangium gephyra	48	S	5	1	6	0.00000
Archangium violaceum	83451	S	3	1	4	0.00000
Stigmatella aurantiaca	41	S	2	0	2	0.00000
Cystobacter fuscus	43	S	1	0	1	0.00000
Melittangium boletus	83453	S	1	0	1	0.00000
Myxococcus stipitatus	83455	S	3	1	4	0.00000
Myxococcus xanthus	34	S	1	0	1	0.00000
Corallococcus macrosporus	35	S	3	1	4	0.00000
Pyxidicoccus sp. SCPEA002	2813578	S	1	0	1	0.00000
Anaeromyxobacter dehalogenans	161493	S	2	0	2	0.00000
Anaeromyxobacter sp. Fw109-5	404589	S	1	0	1	0.00000
Vulgatibacter incomptus	1391653	S	2	0	2	0.00000
Desulfuromonas soudanensis	1603606	S	2	1	3	0.00000
Desulfuromonas sp. DDH964	1823759	S	2	2	4	0.00000
Geobacter sp. SVR	2495594	S	3	0	3	0.00000
Geobacter sp. FeAm09	2597769	S	1	0	1	0.00000
Geobacter bremensis	60035	S	1	0	1	0.00000
Geobacter daltonii	1203471	S	1	0	1	0.00000
Syntrophotalea carbinolica	19	S	4	0	4	0.00000
Desulfococcus multivorans	897	S	2	0	2	0.00000
Desulfococcus oleovorans	181663	S	1	0	1	0.00000
Desulfonema magnum	45655	S	1	0	1	0.00000
Desulfonema limicola	45656	S	1	0	1	0.00000
Desulfobacter postgatei	2293	S	1	0	1	0.00000
Desulfobacula toluolica	28223	S	1	0	1	0.00000
Desulfatibacillum aliphaticivorans	218208	S	1	0	1	0.00000
Desulfocapsa sulfexigens	65555	S	2	0	2	0.00000
Desulfobulbus propionicus	894	S	1	0	1	0.00000
Desulfurivibrio alkaliphilus	427923	S	1	0	1	0.00000
Desulfovibrio alaskensis	58180	S	2	2	4	0.00000
Desulfovibrio gigas	879	S	1	0	1	0.00000
Desulfovibrio vulgaris	881	S	1	0	1	0.00000
Desulfovibrio magneticus	184917	S	1	0	1	0.00000
Desulfovibrio carbinoliphilus	345370	S	1	0	1	0.00000
Desulfovibrio sp. 86	2666132	S	1	0	1	0.00000
Pseudodesulfovibrio mercurii	641491	S	1	0	1	0.00000
Pseudodesulfovibrio indicus	1716143	S	1	0	1	0.00000
Persicimonas caeni	2292766	S	6	1	7	0.00000
Desulfarculus baarsii	453230	S	1	0	1	0.00000
Candidatus Desulfofervidus auxilii	1621989	S	1	0	1	0.00000
Aliarcobacter butzleri	28197	S	2	0	2	0.00000
Aliarcobacter cryaerophilus	28198	S	2	0	2	0.00000
Aliarcobacter thereius	544718	S	2	0	2	0.00000
Aliarcobacter lanthieri	1355374	S	2	0	2	0.00000
Aliarcobacter skirrowii	28200	S	1	0	1	0.00000
Aliarcobacter cibarius	255507	S	1	0	1	0.00000
Malaciobacter halophilus	197482	S	4	0	4	0.00000
Malaciobacter molluscorum	1032072	S	3	0	3	0.00000
Malaciobacter marinus	505249	S	1	0	1	0.00000
Malaciobacter mytili	603050	S	1	0	1	0.00000
Arcobacter anaerophilus	877500	S	2	0	2	0.00000
Arcobacter suis	1278212	S	2	0	2	0.00000
Arcobacter nitrofigilis	28199	S	1	0	1	0.00000
Arcobacter defluvii	873191	S	1	0	1	0.00000
Arcobacter aquimarinus	1315211	S	1	0	1	0.00000
Poseidonibacter parvus	1850254	S	2	1	3	0.00000
Poseidonibacter lekithochrous	1904463	S	2	0	2	0.00000
Pseudoarcobacter acticola	1849015	S	2	0	2	0.00000
Halarcobacter bivalviorum	663364	S	1	0	1	0.00000
Halarcobacter ebronensis	1462615	S	1	0	1	0.00000
Campylobacter lanienae	75658	S	5	1	6	0.00000
Campylobacter sp. RM6914	1032243	S	2	0	2	0.00000
Campylobacter sp. RM16704	1500960	S	1	0	1	0.00000
Campylobacter sputorum	206	S	2	0	2	0.00000
Campylobacter coli	195	S	2	1	3	0.00000
Campylobacter lari	201	S	2	1	3	0.00000
Campylobacter concisus	199	S	2	0	2	0.00000
Campylobacter armoricus	2505970	S	1	0	1	0.00000
Campylobacter mucosalis	202	S	1	0	1	0.00000
Campylobacter blaseri	2042961	S	1	0	1	0.00000
Campylobacter pinnipediorum	1965231	S	1	0	1	0.00000
Campylobacter ureolyticus	827	S	1	0	1	0.00000
Campylobacter hyointestinalis	198	S	1	0	1	0.00000
Campylobacter corcagiensis	1448857	S	1	0	1	0.00000
Candidatus Campylobacter infans	2561898	S	1	0	1	0.00000
Campylobacter iguaniorum	1244531	S	1	0	1	0.00000
Sulfurospirillum sp. UCH001	1581011	S	1	1	2	0.00000
Sulfurimonas sp. H1576	2672570	S	3	3	6	0.00000
Sulfurimonas denitrificans	39766	S	1	0	1	0.00000
Sulfurimonas autotrophica	202747	S	1	0	1	0.00000
Candidatus Sulfurimonas baltica	2740404	S	1	0	1	0.00000
Candidatus Sulfurimonas marisnigri	2740405	S	1	0	1	0.00000
Sulfuricurvum kujiense	148813	S	2	0	2	0.00000
Helicobacter pylori	210	S	4	0	4	0.00000
Helicobacter hepaticus	32025	S	2	0	2	0.00000
Helicobacter apodemus	135569	S	1	0	1	0.00000
Sulfurovum indicum	2779528	S	1	0	1	0.00000
Caminibacter mediatlanticus	291048	S	4	0	4	0.00000
Nitratiruptor sp. YY09-18	2724901	S	1	1	2	0.00000
Bdellovibrio bacteriovorus	959	S	7	0	7	0.00000
Bdellovibrio sp. ZAP7	2231053	S	4	0	4	0.00000
Bdellovibrio sp. NC01	2220073	S	1	0	1	0.00000
Halobacteriovorax marinus	97084	S	2	0	2	0.00000
Halobacteriovorax sp. BALOs_7	2109558	S	1	0	1	0.00000
Silvanigrella aquatica	1915309	S	2	0	2	0.00000
Acidithiobacillus thiooxidans	930	S	2	0	2	0.00000
Microbacterium sp. PM5	2014534	S	14	1	15	0.00000
Microbacterium sp. No. 7	1714373	S	3	0	3	0.00000
Microbacterium sp. Nx66	2766784	S	3	2	5	0.00000
Microbacterium sp. 1S1	2606451	S	3	1	4	0.00000
Microbacterium sp. ABRD_28	2268461	S	3	0	3	0.00000
Microbacterium sp. A18JL200	2782167	S	2	0	2	0.00000
Microbacterium sp. 4R-513	2567934	S	2	0	2	0.00000
Microbacterium sp. RG1	2489212	S	2	0	2	0.00000
Microbacterium sp. 10M-3C3	2483401	S	2	0	2	0.00000
Microbacterium sp. NY27	2782169	S	1	0	1	0.00000
Microbacterium sp. XT11	367477	S	1	0	1	0.00000
Microbacterium sp. WY121	2782168	S	1	0	1	0.00000
Microbacterium sp. A18JL241	2782166	S	1	0	1	0.00000
Microbacterium sp. HY82	2708079	S	1	0	1	0.00000
Microbacterium sp. str. 'China'	2103230	S	1	10	11	0.00000
Microbacterium sp. Y-01	2048898	S	1	0	1	0.00000
Microbacterium lushaniae	2614639	S	6	0	6	0.00000
Microbacterium hominis	162426	S	6	1	7	0.00000
Microbacterium aurum	36805	S	4	0	4	0.00000
Microbacterium oleivorans	273677	S	4	0	4	0.00000
Microbacterium foliorum	104336	S	4	0	4	0.00000
Microbacterium oxydans	82380	S	4	1	5	0.00000
Microbacterium esteraromaticum	57043	S	4	0	4	0.00000
Microbacterium chocolatum	84292	S	4	0	4	0.00000
Microbacterium sediminis	904291	S	3	1	4	0.00000
Microbacterium lemovicicum	1072463	S	3	0	3	0.00000
Microbacterium pygmaeum	370764	S	3	0	3	0.00000
Microbacterium schleiferi	69362	S	3	1	4	0.00000
Microbacterium testaceum	2033	S	2	0	2	0.00000
Microbacterium hydrocarbonoxydans	273678	S	1	0	1	0.00000
Microbacterium wangchenii	2541726	S	1	0	1	0.00000
Curtobacterium flaccumfaciens	2035	S	28	3	31	0.00000
Curtobacterium sp. BH-2-1-1	1905847	S	3	1	4	0.00000
Curtobacterium sp. MR_MD2014	1561023	S	1	0	1	0.00000
Curtobacterium sp. YC1	2795488	S	1	0	1	0.00000
Curtobacterium pusillum	69373	S	1	0	1	0.00000
Agromyces sp. LHK192	2498704	S	3	0	3	0.00000
Agromyces sp. KACC 19306	2592652	S	1	0	1	0.00000
Agromyces aureus	453304	S	3	0	3	0.00000
Agromyces flavus	589382	S	3	0	3	0.00000
Agromyces badenianii	2080742	S	1	0	1	0.00000
Leucobacter muris	1935379	S	3	0	3	0.00000
Leucobacter sp. CX169	2813744	S	3	0	3	0.00000
Chryseoglobus sp. 28M-23	2772253	S	3	1	4	0.00000
Chryseoglobus indicus	2750620	S	2	0	2	0.00000
Microterricola viridarii	412690	S	6	0	6	0.00000
Rathayibacter rathayi	33887	S	2	0	2	0.00000
Rathayibacter festucae	110937	S	1	0	1	0.00000
Salinibacterium sp. ZJ70	2708084	S	4	0	4	0.00000
Salinibacterium hongtaonis	2079791	S	1	0	1	0.00000
Agrococcus jejuensis	399736	S	3	0	3	0.00000
Agrococcus sp. SGAir0287	2070347	S	1	0	1	0.00000
Cryobacterium arcticum	670052	S	2	0	2	0.00000
Cryobacterium sp. LW097	1978566	S	2	0	2	0.00000
Candidatus Aquiluna sp. 15G-AUS-rot	2499157	S	3	0	3	0.00000
Rhodoluna lacicola	529884	S	1	0	1	0.00000
Humibacter sp. WJ7-1	2599293	S	3	0	3	0.00000
Protaetiibacter intestinalis	2419774	S	2	0	2	0.00000
Clavibacter michiganensis	28447	S	2	0	2	0.00000
Marisediminicola antarctica	674079	S	2	0	2	0.00000
Frigoribacterium sp. NBH87	2596916	S	1	0	1	0.00000
Aurantimicrobium sp. MWH-Mo1	1987356	S	1	0	1	0.00000
Lysinimonas sp. KACC 19322	2592654	S	1	0	1	0.00000
Plantibacter sp. PA-3-X8	2480625	S	1	0	1	0.00000
Herbiconiux sp. SALV-R1	2735133	S	1	0	1	0.00000
Leifsonia xyli	1575	S	1	0	1	0.00000
Frondihabitans sp. PAMC 28766	1795630	S	1	0	1	0.00000
Microcella alkaliphila	279828	S	1	0	1	0.00000
Arthrobacter sp. KBS0702	2578107	S	4	1	5	0.00000
Arthrobacter sp. PM3	2017685	S	3	0	3	0.00000
Arthrobacter sp. Rue61a	1118963	S	3	5	8	0.00000
Arthrobacter sp. YC-RL1	1652545	S	2	0	2	0.00000
Arthrobacter sp. D5-1	1477518	S	2	1	3	0.00000
Arthrobacter sp.	1667	S	1	0	1	0.00000
Arthrobacter sp. UKPF54-2	2600159	S	1	0	1	0.00000
Arthrobacter sp. PAMC 25486	1494608	S	1	0	1	0.00000
Arthrobacter sp. NEB 688	904039	S	1	0	1	0.00000
Arthrobacter citreus	1670	S	1	0	1	0.00000
Arthrobacter crystallopoietes	37928	S	1	0	1	0.00000
Arthrobacter woluwensis	156980	S	1	0	1	0.00000
Kocuria sp. TGY1127_2	2711328	S	2	0	2	0.00000
Kocuria sp. KD4	2719588	S	2	0	2	0.00000
Kocuria rhizophila	72000	S	3	1	4	0.00000
Kocuria rosea	1275	S	1	0	1	0.00000
Kocuria palustris	71999	S	1	0	1	0.00000
Kocuria turfanensis	388357	S	1	0	1	0.00000
Rothia kristinae	37923	S	3	0	3	0.00000
Rothia terrae	396015	S	3	2	5	0.00000
Rothia mucilaginosa	43675	S	2	0	2	0.00000
Rothia dentocariosa	2047	S	1	0	1	0.00000
Rothia amarae	169480	S	1	0	1	0.00000
Paenarthrobacter sp. YJN-D	2735317	S	10	2	12	0.00000
Paenarthrobacter aurescens	43663	S	1	1	2	0.00000
Micrococcus luteus	1270	S	4	5	9	0.00000
Glutamicibacter protophormiae	37930	S	1	0	1	0.00000
Glutamicibacter halophytocola	1933880	S	1	0	1	0.00000
Pseudarthrobacter phenanthrenivorans	361575	S	2	0	2	0.00000
Pseudarthrobacter sp. YJ56	2697569	S	1	0	1	0.00000
Sinomonas atrocyanea	37927	S	2	0	2	0.00000
Psychromicrobium lacuslunae	1618207	S	1	0	1	0.00000
Dermacoccus nishinomiyaensis	1274	S	24	3	27	0.00000
Janibacter melonis	262209	S	2	0	2	0.00000
Janibacter limosus	53458	S	1	0	1	0.00000
Janibacter indicus	857417	S	1	0	1	0.00000
Pedococcus dokdonensis	443156	S	3	0	3	0.00000
Intrasporangium calvum	53358	S	2	0	2	0.00000
Phycicoccus sp. HDW14	2714941	S	2	0	2	0.00000
Tetrasphaera sp. HKS02	1813880	S	1	0	1	0.00000
Arsenicicoccus sp. oral taxon 190	1658671	S	1	0	1	0.00000
Cellulosimicrobium sp. BI34T	2587808	S	1	4	5	0.00000
Xylanimonas allomyrinae	2509459	S	4	0	4	0.00000
Isoptericola dokdonensis	372663	S	2	0	2	0.00000
Serinicoccus profundi	1078471	S	3	0	3	0.00000
Serinicoccus hydrothermalis	1758689	S	2	0	2	0.00000
Ornithinimicrobium sp. HY006	2508882	S	3	0	3	0.00000
Ornithinimicrobium sp. AMA3305	2283195	S	1	0	1	0.00000
Ornithinimicrobium pratense	2593973	S	1	0	1	0.00000
Brachybacterium sp. P6-10-X1	1903186	S	2	0	2	0.00000
Brachybacterium sp. SGAir0954	2571029	S	1	0	1	0.00000
Brachybacterium saurashtrense	556288	S	2	0	2	0.00000
Brachybacterium faecium	43669	S	1	0	1	0.00000
Brachybacterium ginsengisoli	1331682	S	1	0	1	0.00000
Brachybacterium avium	2017485	S	1	0	1	0.00000
Cellulomonas sp. Y8	2591145	S	2	0	2	0.00000
Cellulomonas sp. H30R-01	2704467	S	2	0	2	0.00000
Cellulomonas sp. PSBB021	2003551	S	1	0	1	0.00000
Cellulomonas fimi	1708	S	1	0	1	0.00000
Cellulomonas flavigena	1711	S	1	0	1	0.00000
Cellulomonas taurus	2729175	S	1	0	1	0.00000
Paraoerskovia marina	545619	S	1	0	1	0.00000
Brevibacterium linens	1703	S	1	1	2	0.00000
Brevibacterium casei	33889	S	1	0	1	0.00000
Brevibacterium aurantiacum	273384	S	1	0	1	0.00000
Brevibacterium oceani	358099	S	1	0	1	0.00000
Brevibacterium siliguriense	1136497	S	1	0	1	0.00000
Brevibacterium sp. CS2	2575923	S	1	0	1	0.00000
Beutenbergia cavernae	84757	S	3	0	3	0.00000
Miniimonas sp. S16	2171623	S	1	0	1	0.00000
Ruania sp. HY168	2603206	S	3	0	3	0.00000
Haloactinobacterium sp. HY164	2675754	S	1	0	1	0.00000
Luteimicrobium xylanilyticum	1133546	S	4	0	4	0.00000
Georgenia sp. Z294	2585135	S	2	1	3	0.00000
Sanguibacter keddieii	60920	S	2	0	2	0.00000
Rhodococcus sp. YL-1	1045808	S	12	41	53	0.00000
Rhodococcus sp. X156	2499145	S	3	0	3	0.00000
Rhodococcus sp. P-2	2795031	S	3	0	3	0.00000
Rhodococcus sp. P1Y	1302308	S	2	0	2	0.00000
Rhodococcus sp. BH4	1807790	S	2	8	10	0.00000
Rhodococcus sp. MTM3W5.2	1805827	S	2	0	2	0.00000
Rhodococcus sp. WMMA185	679318	S	1	0	1	0.00000
Rhodococcus sp. R79	2811421	S	1	0	1	0.00000
Rhodococcus sp. NJ-530	2490853	S	1	4	5	0.00000
Rhodococcus sp. AQ5-07	2054902	S	1	2	3	0.00000
Rhodococcus qingshengii	334542	S	11	48	59	0.00000
Rhodococcus erythropolis	1833	S	9	26	35	0.00000
Rhodococcus hoagii	43767	S	2	0	2	0.00000
Rhodococcus ruber	1830	S	1	0	1	0.00000
Nocardia terpenica	455432	S	3	0	3	0.00000
Nocardia sp. CS682	1047172	S	3	0	3	0.00000
Nocardia farcinica	37329	S	2	0	2	0.00000
Nocardia cyriacigeorgica	135487	S	2	0	2	0.00000
Nocardia arthritidis	228602	S	2	0	2	0.00000
Nocardia yunnanensis	2382165	S	2	0	2	0.00000
Nocardia otitidiscaviarum	1823	S	1	0	1	0.00000
Nocardia asteroides	1824	S	1	0	1	0.00000
Nocardia brasiliensis	37326	S	1	0	1	0.00000
Nocardia wallacei	480035	S	1	0	1	0.00000
Nocardia mangyaensis	2213200	S	1	0	1	0.00000
Mycobacterium sp. JS623	212767	S	4	0	4	0.00000
Mycobacterium sp. KMS	189918	S	2	1	3	0.00000
Mycobacterium sp. DL592	2675524	S	2	0	2	0.00000
Mycobacterium sp. EPa45	1545728	S	1	0	1	0.00000
Mycobacterium sp. PYR15	2051552	S	1	1	2	0.00000
Mycobacterium saskatchewanense	220927	S	4	0	4	0.00000
Mycobacterium simiae	1784	S	1	0	1	0.00000
Mycobacterium kubicae	120959	S	1	0	1	0.00000
Mycobacterium gordonae	1778	S	5	0	5	0.00000
Mycobacterium mantenii	560555	S	2	0	2	0.00000
Mycobacterium intracellulare	1767	S	1	3	4	0.00000
Mycobacterium colombiense	339268	S	1	0	1	0.00000
Mycobacterium lacus	169765	S	2	0	2	0.00000
Mycobacterium kansasii	1768	S	2	0	2	0.00000
Mycobacterium shottsii	133549	S	1	2	3	0.00000
Mycobacterium riyadhense	486698	S	1	0	1	0.00000
Mycobacterium dioxanotrophicus	482462	S	1	0	1	0.00000
Mycobacterium noviomagense	459858	S	1	0	1	0.00000
Mycobacterium gallinarum	39689	S	1	0	1	0.00000
Mycobacterium xenopi	1789	S	1	0	1	0.00000
Mycolicibacterium goodii	134601	S	3	0	3	0.00000
Mycolicibacterium boenickei	146017	S	3	1	4	0.00000
Mycolicibacterium madagascariense	212765	S	2	0	2	0.00000
Mycolicibacterium chitae	1792	S	2	0	2	0.00000
Mycolicibacterium phocaicum	319706	S	2	0	2	0.00000
Mycolicibacterium tokaiense	39695	S	2	0	2	0.00000
Mycolicibacterium litorale	758802	S	2	0	2	0.00000
Mycolicibacterium sediminis	1286180	S	2	0	2	0.00000
Mycolicibacterium anyangense	1431246	S	2	0	2	0.00000
Mycolicibacterium phlei	1771	S	1	0	1	0.00000
Mycolicibacterium alvei	67081	S	1	0	1	0.00000
Mycolicibacterium rutilum	370526	S	1	0	1	0.00000
Mycolicibacterium parafortuitum	39692	S	1	0	1	0.00000
Mycolicibacterium vaccae	1810	S	1	0	1	0.00000
Mycolicibacterium aurum	1791	S	1	0	1	0.00000
Mycolicibacterium nivoides	2487344	S	1	2	3	0.00000
Mycolicibacterium gadium	1794	S	1	0	1	0.00000
Mycolicibacterium helvum	1534349	S	1	0	1	0.00000
Mycolicibacterium thermoresistibile	1797	S	1	0	1	0.00000
Mycolicibacterium aichiense	1799	S	1	0	1	0.00000
Mycolicibacterium chubuense	1800	S	1	0	1	0.00000
Mycolicibacterium confluentis	28047	S	1	0	1	0.00000
Mycobacteroides chelonae	1774	S	13	3	16	0.00000
Mycobacteroides abscessus	36809	S	2	0	2	0.00000
Mycobacteroides immunogenum	83262	S	2	0	2	0.00000
Mycobacteroides salmoniphilum	404941	S	1	0	1	0.00000
Mycolicibacter sinensis	875328	S	2	2	4	0.00000
Mycolicibacter minnesotensis	1118379	S	1	0	1	0.00000
Mycolicibacillus koreensis	1069220	S	1	0	1	0.00000
Corynebacterium tuberculostearicum	38304	S	7	2	9	0.00000
Corynebacterium sp. NML98-0116	702967	S	2	0	2	0.00000
Corynebacterium sp. zg-917	2763010	S	2	0	2	0.00000
Corynebacterium sp. 4H37-19	2684405	S	1	0	1	0.00000
Corynebacterium kroppenstedtii	161879	S	5	0	5	0.00000
Corynebacterium vitaeruminis	38305	S	5	0	5	0.00000
Corynebacterium lactis	1231000	S	4	0	4	0.00000
Corynebacterium striatum	43770	S	3	1	4	0.00000
Corynebacterium sphenisci	191493	S	3	0	3	0.00000
Corynebacterium simulans	146827	S	3	1	4	0.00000
Corynebacterium ureicelerivorans	401472	S	3	0	3	0.00000
Corynebacterium jeikeium	38289	S	3	3	6	0.00000
Corynebacterium epidermidicanis	1050174	S	2	0	2	0.00000
Corynebacterium urealyticum	43771	S	2	0	2	0.00000
Corynebacterium glyciniphilum	1404244	S	2	0	2	0.00000
Corynebacterium efficiens	152794	S	2	0	2	0.00000
Corynebacterium glucuronolyticum	39791	S	2	0	2	0.00000
Corynebacterium riegelii	156976	S	2	0	2	0.00000
Corynebacterium kefirresidentii	1979527	S	2	0	2	0.00000
Corynebacterium atypicum	191610	S	2	0	2	0.00000
Corynebacterium imitans	156978	S	1	0	1	0.00000
Corynebacterium pelargi	1471400	S	1	0	1	0.00000
Corynebacterium cystitidis	35757	S	1	0	1	0.00000
Corynebacterium aurimucosum	169292	S	1	0	1	0.00000
Corynebacterium nuruki	1032851	S	1	0	1	0.00000
Gordonia phthalatica	1136941	S	4	0	4	0.00000
Gordonia sp. JH63	2698900	S	3	1	4	0.00000
Gordonia sp. KTR9	337191	S	1	0	1	0.00000
Gordonia polyisoprenivorans	84595	S	3	0	3	0.00000
Gordonia bronchialis	2054	S	2	0	2	0.00000
Gordonia terrae	2055	S	2	0	2	0.00000
Gordonia iterans	1004901	S	2	0	2	0.00000
Gordonia rubripertincta	36822	S	1	0	1	0.00000
Gordonia insulae	2420509	S	1	0	1	0.00000
Tsukamurella paurometabola	2061	S	8	1	9	0.00000
Tsukamurella tyrosinosolvens	57704	S	3	0	3	0.00000
Dietzia sp. oral taxon 368	712270	S	3	2	5	0.00000
Tomitella sp. HY188	2597660	S	1	0	1	0.00000
Tomitella sp. HY172	2760083	S	1	0	1	0.00000
Cutibacterium acnes	1747	S	216	16	232	0.00000
Cutibacterium avidum	33010	S	3	0	3	0.00000
Cutibacterium granulosum	33011	S	2	0	2	0.00000
Propionibacterium sp. oral taxon 193	671223	S	10	1	11	0.00000
Propionibacterium acidifaciens	556499	S	1	0	1	0.00000
Tessaracoccus defluvii	1285901	S	5	1	6	0.00000
Tessaracoccus flavescens	399497	S	2	0	2	0.00000
Tessaracoccus timonensis	2161816	S	1	0	1	0.00000
Tessaracoccus sp. MC1865	2760310	S	1	0	1	0.00000
Microlunatus sagamiharensis	546874	S	4	0	4	0.00000
Microlunatus soli	630515	S	1	0	1	0.00000
Microlunatus sp. KUDC0627	2596828	S	1	0	1	0.00000
Propioniciclava sp. HDW11	2714937	S	3	0	3	0.00000
Pseudopropionibacterium propionicum	1750	S	2	0	2	0.00000
Nocardioides sp. WS12	2486272	S	5	0	5	0.00000
Nocardioides sp. S-713	2760089	S	4	1	5	0.00000
Nocardioides sp. zg-1228	2763008	S	2	0	2	0.00000
Nocardioides sp. S5	2017486	S	2	0	2	0.00000
Nocardioides sp. MC1495	2736757	S	2	0	2	0.00000
Nocardioides sp. dk3136	2575373	S	2	0	2	0.00000
Nocardioides sp. ZJ1313	2685869	S	2	1	3	0.00000
Nocardioides sp. JQ2195	2592334	S	1	0	1	0.00000
Nocardioides sp. HDW12B	2714939	S	1	0	1	0.00000
Nocardioides sp. HDW12A	2714938	S	1	0	1	0.00000
Nocardioides sp. zg-579	2663857	S	1	0	1	0.00000
Nocardioides sp. CF8	110319	S	1	0	1	0.00000
Nocardioides sp. S-1144	2582905	S	1	0	1	0.00000
Nocardioides sp. HY056	2500546	S	1	0	1	0.00000
Nocardioides sp. 603	2483798	S	1	0	1	0.00000
Nocardioides sp. JS614	196162	S	1	0	1	0.00000
Nocardioides marinisabuli	419476	S	2	1	3	0.00000
Nocardioides humi	449461	S	2	0	2	0.00000
Nocardioides euryhalodurans	2518370	S	2	0	2	0.00000
Nocardioides cynanchi	2558918	S	2	0	2	0.00000
Nocardioides anomalus	2712223	S	2	0	2	0.00000
Nocardioides aromaticivorans	200618	S	1	0	1	0.00000
Nocardioides mesophilus	433659	S	1	0	1	0.00000
Nocardioides ungokensis	1643322	S	1	0	1	0.00000
Nocardioides sambongensis	2589074	S	1	0	1	0.00000
Micropruina glycogenica	75385	S	3	0	3	0.00000
Aeromicrobium erythreum	2041	S	1	0	1	0.00000
Aeromicrobium yanjiei	2662028	S	1	0	1	0.00000
Friedmanniella luteola	546871	S	2	0	2	0.00000
Marmoricola scoriae	642780	S	1	0	1	0.00000
Kribbella qitaiheensis	1544730	S	2	0	2	0.00000
Kribbella flavida	182640	S	1	0	1	0.00000
Actinopolymorpha singaporensis	117157	S	1	0	1	0.00000
Streptomyces sp. SN-593	659352	S	4	0	4	0.00000
Streptomyces sp. W1SF4	2305220	S	4	0	4	0.00000
Streptomyces sp. RPA4-2	2721244	S	4	0	4	0.00000
Streptomyces sp. CRXT-Y-14	2768069	S	4	0	4	0.00000
Streptomyces sp. So13.3	2136173	S	3	0	3	0.00000
Streptomyces sp. HM190	2695266	S	3	0	3	0.00000
Streptomyces sp. RLB3-17	2594455	S	3	12	15	0.00000
Streptomyces sp. CRXT-G-22	2768066	S	3	0	3	0.00000
Streptomyces sp. TLI_053	1855352	S	3	0	3	0.00000
Streptomyces sp. CCM_MD2014	1561022	S	2	0	2	0.00000
Streptomyces sp. CdTB01	1725411	S	2	0	2	0.00000
Streptomyces sp. S4.7	2705439	S	2	0	2	0.00000
Streptomyces sp. AgN23	1188315	S	2	0	2	0.00000
Streptomyces sp. jing01	2726118	S	2	0	2	0.00000
Streptomyces sp. SCSIO 3032	1264596	S	2	0	2	0.00000
Streptomyces sp. P3	2135430	S	2	0	2	0.00000
Streptomyces sp. YIM 121038	2136401	S	2	0	2	0.00000
Streptomyces sp. Z022	1442032	S	2	0	2	0.00000
Streptomyces sp. M2	646637	S	2	0	2	0.00000
Streptomyces sp. 11-1-2	1851167	S	2	0	2	0.00000
Streptomyces sp. 2114.2	1881022	S	2	3	5	0.00000
Streptomyces sp. XC 2026	2782004	S	2	0	2	0.00000
Streptomyces sp. TN58	234612	S	2	0	2	0.00000
Streptomyces sp. PBH53	1577075	S	1	0	1	0.00000
Streptomyces sp. Tue 6075	1661694	S	1	0	1	0.00000
Streptomyces sp. ID38640	1265399	S	1	0	1	0.00000
Streptomyces sp. QHH-9511	2684468	S	1	0	1	0.00000
Streptomyces sp. MBT27	1488356	S	1	0	1	0.00000
Streptomyces sp. 2323.1	1938841	S	1	0	1	0.00000
Streptomyces sp. CMB-StM0423	2059884	S	1	0	1	0.00000
Streptomyces sp. INR7	2607753	S	1	0	1	0.00000
Streptomyces sp. CLI2509	1984801	S	1	0	1	0.00000
Streptomyces sp. NA02950	2742137	S	1	0	1	0.00000
Streptomyces sp. C8S0	2585716	S	1	0	1	0.00000
Streptomyces sp. CRPJ-33	2768068	S	1	0	1	0.00000
Streptomyces sp. Rer75	2750011	S	1	0	1	0.00000
Streptomyces sp. DSM 40868	2721173	S	1	0	1	0.00000
Streptomyces sp. ZYC-3	2797636	S	1	0	1	0.00000
Streptomyces sp. NA04227	2742136	S	1	0	1	0.00000
Streptomyces sp. NHF165	2175864	S	1	0	1	0.00000
Streptomyces sp. SirexAA-E	862751	S	1	0	1	0.00000
Streptomyces sp. Z423-1	2730915	S	1	0	1	0.00000
Streptomyces sp. RPA4-5	2721245	S	1	0	1	0.00000
Streptomyces venezuelae	54571	S	9	0	9	0.00000
Streptomyces lividans	1916	S	7	54	61	0.00000
Streptomyces lydicus	47763	S	6	0	6	0.00000
Streptomyces griseus	1911	S	4	0	4	0.00000
Streptomyces globisporus	1908	S	1	0	1	0.00000
Streptomyces anulatus	1892	S	1	0	1	0.00000
Streptomyces hygroscopicus	1912	S	6	-3	3	0.00000
Streptomyces davaonensis	348043	S	5	0	5	0.00000
Streptomyces griseochromogenes	68214	S	5	0	5	0.00000
Streptomyces gilvosporeus	553510	S	5	0	5	0.00000
Streptomyces buecherae	2763006	S	4	0	4	0.00000
Streptomyces spectabilis	68270	S	4	0	4	0.00000
Streptomyces rimosus	1927	S	4	0	4	0.00000
Streptomyces cacaoi	1898	S	4	0	4	0.00000
Streptomyces clavuligerus	1901	S	4	0	4	0.00000
Streptomyces nitrosporeus	28894	S	3	0	3	0.00000
Streptomyces broussonetiae	2686304	S	3	0	3	0.00000
Streptomyces mobaraensis	35621	S	3	0	3	0.00000
Streptomyces fagopyri	2662397	S	3	0	3	0.00000
Streptomyces griseorubiginosus	67304	S	3	0	3	0.00000
Streptomyces hundungensis	1077946	S	3	0	3	0.00000
Streptomyces finlayi	67296	S	3	0	3	0.00000
Streptomyces harbinensis	1176198	S	3	0	3	0.00000
Streptomyces avermitilis	33903	S	2	0	2	0.00000
Streptomyces lavendulae	1914	S	2	0	2	0.00000
Streptomyces albulus	68570	S	2	0	2	0.00000
Streptomyces pactum	68249	S	2	0	2	0.00000
Streptomyces olivoreticuli	68246	S	2	0	2	0.00000
Streptomyces tsukubensis	83656	S	2	0	2	0.00000
Streptomyces rectiverticillatus	173860	S	2	0	2	0.00000
Streptomyces niveus	193462	S	2	0	2	0.00000
Streptomyces roseochromogenus	285450	S	2	0	2	0.00000
Streptomyces lunaelactis	1535768	S	2	0	2	0.00000
Streptomyces galilaeus	33899	S	2	0	2	0.00000
Streptomyces exfoliatus	1905	S	2	0	2	0.00000
Streptomyces griseocarneus	51201	S	2	0	2	0.00000
Streptomyces chartreusis	1969	S	2	0	2	0.00000
Streptomyces kanamyceticus	1967	S	2	0	2	0.00000
Streptomyces pluripotens	1355015	S	2	0	2	0.00000
Streptomyces cavourensis	67258	S	2	1	3	0.00000
Streptomyces gardneri	66892	S	2	0	2	0.00000
Streptomyces prasinus	67345	S	1	0	1	0.00000
Streptomyces glomeroaurantiacus	68210	S	1	0	1	0.00000
Streptomyces katrae	68223	S	1	0	1	0.00000
Streptomyces actuosus	1885	S	1	0	1	0.00000
Streptomyces globosus	68209	S	1	0	1	0.00000
Streptomyces tuirus	68278	S	1	0	1	0.00000
Streptomyces seoulensis	73044	S	1	0	1	0.00000
Streptomyces armeniacus	83291	S	1	0	1	0.00000
Streptomyces coeruleorubidus	116188	S	1	0	1	0.00000
Streptomyces vietnamensis	362257	S	1	0	1	0.00000
Streptomyces pratensis	1169025	S	1	0	1	0.00000
Streptomyces rapamycinicus	1226757	S	1	0	1	0.00000
Streptomyces ferrugineus	1413221	S	1	0	1	0.00000
Streptomyces fodineus	1904616	S	1	0	1	0.00000
Streptomyces tirandamycinicus	2174846	S	1	0	1	0.00000
Streptomyces phaeolivaceus	2653200	S	1	0	1	0.00000
Streptomyces bathyalis	2710756	S	1	0	1	0.00000
Streptomyces ambofaciens	1889	S	1	0	1	0.00000
Streptomyces hawaiiensis	67305	S	1	0	1	0.00000
Streptomyces cattleya	29303	S	1	0	1	0.00000
Streptomyces griseoviridis	45398	S	1	0	1	0.00000
Streptomyces olivaceus	47716	S	1	0	1	0.00000
Streptomyces peucetius	1950	S	1	0	1	0.00000
Streptomyces lincolnensis	1915	S	1	0	1	0.00000
Streptomyces violaceoruber	1935	S	1	1	2	0.00000
Kitasatospora sp. MMS16-BH015	2018025	S	1	0	1	0.00000
Kitasatospora sp. NA04385	2742135	S	1	0	1	0.00000
Kitasatospora setae	2066	S	1	0	1	0.00000
Kitasatospora albolonga	68173	S	1	0	1	0.00000
Streptacidiphilus bronchialis	2126346	S	1	0	1	0.00000
Streptacidiphilus sp. P02-A3a	2704468	S	1	0	1	0.00000
Amycolatopsis sp. Hca4	2742131	S	6	0	6	0.00000
Amycolatopsis sp. YIM 10	2653857	S	2	0	2	0.00000
Amycolatopsis sp. BJA-103	1911175	S	1	0	1	0.00000
Amycolatopsis sp. FDAARGOS 1241	2778070	S	1	0	1	0.00000
Amycolatopsis methanolica	1814	S	6	0	6	0.00000
Amycolatopsis albispora	1804986	S	4	0	4	0.00000
Amycolatopsis orientalis	31958	S	2	0	2	0.00000
Amycolatopsis keratiniphila	129921	S	2	0	2	0.00000
Saccharopolyspora erythraea	1836	S	2	0	2	0.00000
Saccharopolyspora coralli	2665642	S	2	0	2	0.00000
Saccharopolyspora sp. ASAGF58	2719023	S	1	6	7	0.00000
Pseudonocardia sp. HH130630-07	1690815	S	3	0	3	0.00000
Pseudonocardia sp. AL041005-10	445576	S	2	0	2	0.00000
Pseudonocardia sp. CGMCC 4.1532	2761535	S	2	0	2	0.00000
Pseudonocardia sp. EC080610-09	1688404	S	1	3	4	0.00000
Pseudonocardia autotrophica	2074	S	1	0	1	0.00000
Pseudonocardia broussonetiae	2736640	S	1	0	1	0.00000
Saccharomonospora viridis	1852	S	3	0	3	0.00000
Saccharomonospora marina	632569	S	2	0	2	0.00000
Saccharomonospora cyanea	40989	S	1	0	1	0.00000
Actinosynnema pretiosum	42197	S	1	5	6	0.00000
Kibdelosporangium phytohabitans	860235	S	5	0	5	0.00000
Saccharothrix espanaensis	103731	S	2	0	2	0.00000
Saccharothrix syringae	103733	S	1	0	1	0.00000
Saccharothrix sp. 6-C	2781735	S	1	0	1	0.00000
Prauserella marina	530584	S	4	0	4	0.00000
Actinoalloteichus hymeniacidonis	340345	S	1	0	1	0.00000
Actinoalloteichus hoggarensis	1470176	S	1	0	1	0.00000
Lentzea guizhouensis	1586287	S	1	0	1	0.00000
Alloactinosynnema sp. L-07	1653480	S	1	0	1	0.00000
Allokutzneria albata	211114	S	1	0	1	0.00000
Micromonospora sp. HM134	2583243	S	5	1	6	0.00000
Micromonospora sp. 28ISP2-46	2749844	S	2	0	2	0.00000
Micromonospora sp. WMMA2032	2039870	S	1	0	1	0.00000
Micromonospora sp. B006	2201999	S	1	0	1	0.00000
Micromonospora viridifaciens	1881	S	4	1	5	0.00000
Micromonospora sagamiensis	47875	S	4	0	4	0.00000
Micromonospora echinofusca	47858	S	4	1	5	0.00000
Micromonospora tulbaghiae	479978	S	3	3	6	0.00000
Micromonospora inositola	47865	S	3	0	3	0.00000
Micromonospora krabiensis	307121	S	3	0	3	0.00000
Micromonospora siamensis	299152	S	3	0	3	0.00000
Micromonospora carbonacea	47853	S	1	0	1	0.00000
Micromonospora coxensis	356852	S	1	0	1	0.00000
Micromonospora chokoriensis	356851	S	1	0	1	0.00000
Micromonospora coriariae	285665	S	1	0	1	0.00000
Actinoplanes sp. N902-109	649831	S	3	1	4	0.00000
Actinoplanes sp. OR16	946334	S	2	1	3	0.00000
Actinoplanes friuliensis	196914	S	4	0	4	0.00000
Actinoplanes teichomyceticus	1867	S	2	0	2	0.00000
Actinocatenispora thailandica	227318	S	3	0	3	0.00000
Plantactinospora sp. KBS50	2024580	S	1	1	2	0.00000
Phytohabitans flavus	1076124	S	1	0	1	0.00000
Candidatus Planktophila sulfonica	1884904	S	14	4	18	0.00000
Candidatus Planktophila versatilis	1884905	S	2	0	2	0.00000
Candidatus Planktophila lacus	1884913	S	1	0	1	0.00000
Candidatus Planktophila dulcis	1884914	S	1	0	1	0.00000
Actinomyces procaprae	2560010	S	5	0	5	0.00000
Actinomyces sp. oral taxon 171	706438	S	1	2	3	0.00000
Actinomyces sp. Chiba101	1851395	S	1	0	1	0.00000
Actinomyces radicidentis	111015	S	3	0	3	0.00000
Actinomyces howellii	52771	S	2	0	2	0.00000
Actinomyces weissii	675090	S	2	0	2	0.00000
Flaviflexus sp. H23T48	2496867	S	1	0	1	0.00000
Schaalia odontolytica	1660	S	1	0	1	0.00000
Nonomuraea sp. ATCC 55076	1909395	S	3	0	3	0.00000
Nonomuraea nitratireducens	2656914	S	3	0	3	0.00000
Thermobispora bispora	2006	S	1	0	1	0.00000
Actinomadura verrucosospora	46165	S	3	0	3	0.00000
Actinomadura sp. NAK00032	2742128	S	2	0	2	0.00000
Actinomadura sp. WMMA1423	2591108	S	1	0	1	0.00000
Nocardiopsis dassonvillei	2014	S	2	0	2	0.00000
Nocardiopsis alba	53437	S	1	0	1	0.00000
Nocardiopsis gilva	280236	S	1	0	1	0.00000
Candidatus Frankia datiscae	2716812	S	5	0	5	0.00000
Frankia alni	1859	S	3	0	3	0.00000
Frankia sp. QA3	710111	S	3	0	3	0.00000
Frankia inefficax	298654	S	1	0	1	0.00000
Bifidobacterium choerinum	35760	S	3	0	3	0.00000
Bifidobacterium thermophilum	33905	S	2	0	2	0.00000
Bifidobacterium adolescentis	1680	S	1	0	1	0.00000
Bifidobacterium animalis	28025	S	1	0	1	0.00000
Bifidobacterium subtile	77635	S	1	0	1	0.00000
Gardnerella leopoldii	2792978	S	1	0	1	0.00000
Geodermatophilus obscurus	1861	S	4	0	4	0.00000
Blastococcus saxobsidens	138336	S	3	0	3	0.00000
Catenulispora acidiphila	304895	S	5	0	5	0.00000
Nakamurella multipartita	53461	S	3	0	3	0.00000
Nakamurella sp. PAMC28650	2762325	S	2	0	2	0.00000
Epidermidibacterium keratini	1891644	S	3	0	3	0.00000
Jiangella alkaliphila	419479	S	3	0	3	0.00000
Stackebrandtia nassauensis	283811	S	2	0	2	0.00000
Jatrophihabitans sp. GAS493	1907575	S	1	0	1	0.00000
Slackia heliotrinireducens	84110	S	1	0	1	0.00000
Eggerthella lenta	84112	S	1	0	1	0.00000
Cryptobacterium curtum	84163	S	1	0	1	0.00000
Berryella intestinalis	1531429	S	1	0	1	0.00000
Olsenella sp. oral taxon 807	712411	S	2	0	2	0.00000
Collinsella aerofaciens	74426	S	1	0	1	0.00000
Rubrobacter radiotolerans	42256	S	1	0	1	0.00000
Rubrobacter sp. SCSIO 52915	2653852	S	1	0	1	0.00000
Baekduia soli	496014	S	2	0	2	0.00000
Euzebya sp. DY32-46	1608957	S	3	0	3	0.00000
Egicoccus halophilus	1670830	S	1	0	1	0.00000
Actinomarinicola tropica	2789776	S	3	0	3	0.00000
Conexibacter sp. SYSU D00693	2812560	S	1	0	1	0.00000
Bacillus cereus	1396	S	90	75	165	0.00000
Bacillus thuringiensis	1428	S	6	2	8	0.00000
Bacillus luti	2026191	S	3	0	3	0.00000
Bacillus sp. Y1	352858	S	3	0	3	0.00000
Bacillus sp. FJAT-18017	1705566	S	2	0	2	0.00000
Bacillus sp. X1(2014)	1565991	S	2	0	2	0.00000
Bacillus sp. V3	2795526	S	2	0	2	0.00000
Bacillus sp. FJAT-22090	1581038	S	1	0	1	0.00000
Bacillus sp. M4U3P1	2592382	S	1	0	1	0.00000
Bacillus sp. FJAT-45348	2011012	S	1	0	1	0.00000
Bacillus sp. SB49	1071080	S	1	0	1	0.00000
Bacillus sp. NSP9.1	1071078	S	1	0	1	0.00000
Bacillus sp. KH172YL63	2709784	S	1	0	1	0.00000
Bacillus subtilis	1423	S	5	4	9	0.00000
Bacillus licheniformis	1402	S	3	5	8	0.00000
Bacillus tequilensis	227866	S	1	0	1	0.00000
Bacillus mojavensis	72360	S	1	0	1	0.00000
Bacillus sporothermodurans	46224	S	3	0	3	0.00000
Bacillus vini	1476025	S	2	0	2	0.00000
Bacillus cellulosilyticus	1413	S	1	0	1	0.00000
Bacillus smithii	1479	S	1	0	1	0.00000
Bacillus freudenreichii	1783501	S	1	0	1	0.00000
Bacillus circulans	1397	S	1	0	1	0.00000
Priestia megaterium	1404	S	43	9	52	0.00000
Priestia filamentosa	1402861	S	1	0	1	0.00000
Lysinibacillus sp. FJAT-51161	2590012	S	2	0	2	0.00000
Lysinibacillus sp. SGAir0095	2070463	S	1	0	1	0.00000
Lysinibacillus sp. 2017	2169540	S	1	0	1	0.00000
Lysinibacillus fusiformis	28031	S	1	1	2	0.00000
Geobacillus thermocatenulatus	33938	S	3	0	3	0.00000
Geobacillus kaustophilus	1462	S	1	0	1	0.00000
Geobacillus thermoleovorans	33941	S	1	0	1	0.00000
Geobacillus stearothermophilus	1422	S	1	0	1	0.00000
Geobacillus subterraneus	129338	S	1	0	1	0.00000
Metabacillus sp. KUDC1714	2745198	S	4	0	4	0.00000
Metabacillus sp. cB07	2806989	S	2	0	2	0.00000
Psychrobacillus glaciei	2283160	S	5	0	5	0.00000
Caldibacillus thermoamylovorans	35841	S	5	0	5	0.00000
Anoxybacillus flavithermus	33934	S	2	0	2	0.00000
Alkalihalobacillus clausii	79880	S	1	0	1	0.00000
Alkalihalobacillus pseudofirmus	79885	S	1	0	1	0.00000
Oceanobacillus iheyensis	182710	S	2	0	2	0.00000
Virgibacillus dokdonensis	302167	S	1	1	2	0.00000
Pontibacillus sp. HMF3514	2692425	S	1	0	1	0.00000
Pontibacillus sp. ALD_SL1	2777185	S	1	0	1	0.00000
Peribacillus simplex	1478	S	2	0	2	0.00000
Mesobacillus jeotgali	129985	S	1	0	1	0.00000
Salicibibacter sp. NKC21-4	2743001	S	1	0	1	0.00000
Radiobacillus deserti	2594883	S	1	0	1	0.00000
Weizmannia coagulans	1398	S	1	0	1	0.00000
Anaerobacillus isosaccharinicus	1532552	S	1	0	1	0.00000
Salimicrobium jeotgali	1230341	S	1	0	1	0.00000
Paraliobacillus zengyii	2213194	S	1	0	1	0.00000
Staphylococcus aureus	1280	S	15	12	27	0.00000
Staphylococcus epidermidis	1282	S	12	1	13	0.00000
Staphylococcus capitis	29388	S	6	0	6	0.00000
Staphylococcus equorum	246432	S	5	1	6	0.00000
Staphylococcus cohnii	29382	S	4	0	4	0.00000
Staphylococcus auricularis	29379	S	3	0	3	0.00000
Staphylococcus carnosus	1281	S	2	0	2	0.00000
Staphylococcus nepalensis	214473	S	2	0	2	0.00000
Staphylococcus hominis	1290	S	2	0	2	0.00000
Staphylococcus warneri	1292	S	2	0	2	0.00000
Staphylococcus pasteuri	45972	S	1	0	1	0.00000
Staphylococcus xylosus	1288	S	1	0	1	0.00000
Mammaliicoccus sciuri	1296	S	1	0	1	0.00000
Mammaliicoccus vitulinus	71237	S	1	0	1	0.00000
[Micrococcus] candicans	946432	S	1	0	1	0.00000
Paenibacillus sp. B01	2660554	S	3	0	3	0.00000
Paenibacillus sp. FSL R7-0331	1536773	S	2	0	2	0.00000
Paenibacillus sp. URB8-2	2741301	S	2	0	2	0.00000
Paenibacillus sp. RUD330	2023772	S	1	0	1	0.00000
Paenibacillus sp. DCT19	2211212	S	1	0	1	0.00000
Paenibacillus sp. 32O-W	1695218	S	1	0	1	0.00000
Paenibacillus sp. FSL H7-0357	1536774	S	1	0	1	0.00000
Paenibacillus sp. UniB2	2726185	S	1	0	1	0.00000
Paenibacillus sp. IHB B 3084	867076	S	1	0	1	0.00000
Paenibacillus alvei	44250	S	2	0	2	0.00000
Paenibacillus ihbetae	1870820	S	2	0	2	0.00000
Paenibacillus sabinae	365617	S	1	0	1	0.00000
Paenibacillus lutimineralis	2707005	S	1	0	1	0.00000
Paenibacillus albus	2495582	S	1	0	1	0.00000
Paenibacillus psychroresistens	1778678	S	1	0	1	0.00000
Paenibacillus lentus	1338368	S	1	0	1	0.00000
Paenibacillus beijingensis	1126833	S	1	0	1	0.00000
Paenibacillus cellulositrophicus	562959	S	1	0	1	0.00000
Paenibacillus lautus	1401	S	1	0	1	0.00000
Paenibacillus kribbensis	172713	S	1	0	1	0.00000
Paenibacillus naphthalenovorans	162209	S	1	0	1	0.00000
Paenibacillus borealis	160799	S	1	0	1	0.00000
Paenibacillus mucilaginosus	61624	S	1	-1	0	0.00000
Cohnella sp. LGH	1619153	S	1	0	1	0.00000
Cohnella sp. KS 22	2598458	S	1	0	1	0.00000
Cohnella candidum	2674991	S	2	0	2	0.00000
Thermobacillus composti	377615	S	2	0	2	0.00000
Aneurinibacillus sp. XH2	1450761	S	1	0	1	0.00000
Saccharibacillus brassicae	2583377	S	1	0	1	0.00000
Listeria monocytogenes	1639	S	9	170	179	0.00000
Listeria seeligeri	1640	S	1	0	1	0.00000
Brochothrix thermosphacta	2756	S	2	0	2	0.00000
Sporosarcina sp. PTS2304	2283194	S	1	0	1	0.00000
Sporosarcina sp. Te-1	2818390	S	1	0	1	0.00000
Sporosarcina pasteurii	1474	S	1	0	1	0.00000
Sporosarcina psychrophila	1476	S	1	1	2	0.00000
Sporosarcina ureilytica	298596	S	1	0	1	0.00000
Planococcus sp. PAMC 21323	1526927	S	1	1	2	0.00000
Ureibacillus thermosphaericus	51173	S	1	0	1	0.00000
Solibacillus sp. R5-41	2048654	S	1	0	1	0.00000
Paenisporosarcina antarctica	417367	S	1	0	1	0.00000
Kyrpidia spormannii	2055160	S	2	0	2	0.00000
Alicyclobacillus acidocaldarius	405212	S	1	0	1	0.00000
Tumebacillus algifaecis	1214604	S	1	0	1	0.00000
Kroppenstedtia pulmonis	1380685	S	2	0	2	0.00000
Exiguobacterium mexicanum	340146	S	1	0	1	0.00000
Exiguobacterium sp. AT1b	360911	S	1	0	1	0.00000
Lactobacillus jensenii	109790	S	5	0	5	0.00000
Lactobacillus delbrueckii	1584	S	3	0	3	0.00000
Lactobacillus crispatus	47770	S	3	0	3	0.00000
Lactobacillus kullabergensis	1218493	S	2	0	2	0.00000
Lactobacillus amylovorus	1604	S	2	1	3	0.00000
Lactobacillus iners	147802	S	1	0	1	0.00000
Lactobacillus johnsonii	33959	S	1	0	1	0.00000
Lactobacillus acetotolerans	1600	S	1	0	1	0.00000
Lactobacillus helveticus	1587	S	1	0	1	0.00000
Paucilactobacillus hokkaidonensis	1193095	S	5	0	5	0.00000
Paucilactobacillus nenjiangensis	1296540	S	3	0	3	0.00000
Pediococcus pentosaceus	1255	S	5	1	6	0.00000
Pediococcus damnosus	51663	S	1	0	1	0.00000
Limosilactobacillus fermentum	1613	S	5	0	5	0.00000
Weissella koreensis	165096	S	2	0	2	0.00000
Weissella confusa	1583	S	1	0	1	0.00000
Weissella cryptocerci	2506420	S	1	0	1	0.00000
Ligilactobacillus agilis	1601	S	1	0	1	0.00000
Ligilactobacillus murinus	1622	S	1	0	1	0.00000
Ligilactobacillus salivarius	1624	S	1	0	1	0.00000
Fructilactobacillus sanfranciscensis	1625	S	2	1	3	0.00000
Secundilactobacillus malefermentans	176292	S	2	0	2	0.00000
Loigolactobacillus bifermentans	1607	S	1	0	1	0.00000
Loigolactobacillus coryniformis	1610	S	1	0	1	0.00000
Leuconostoc lactis	1246	S	1	0	1	0.00000
Leuconostoc pseudomesenteroides	33968	S	1	0	1	0.00000
Lactiplantibacillus plantarum	1590	S	1	0	1	0.00000
Furfurilactobacillus rossiae	231049	S	1	0	1	0.00000
Oenococcus sicerae	2203724	S	1	0	1	0.00000
Streptococcus gordonii	1302	S	3	0	3	0.00000
Streptococcus sp. oral taxon 061	712623	S	1	0	1	0.00000
Streptococcus sp. oral taxon 431	712633	S	1	0	1	0.00000
Streptococcus sp. NPS 308	1902136	S	1	0	1	0.00000
Streptococcus sanguinis	1305	S	3	0	3	0.00000
Streptococcus suis	1307	S	3	0	3	0.00000
Streptococcus thermophilus	1308	S	3	0	3	0.00000
Streptococcus equi	1336	S	2	-2	0	0.00000
Streptococcus dysgalactiae	1334	S	1	1	2	0.00000
Streptococcus oralis	1303	S	2	0	2	0.00000
Streptococcus mitis	28037	S	2	0	2	0.00000
Streptococcus salivarius	1304	S	2	1	3	0.00000
Streptococcus pneumoniae	1313	S	1	0	1	0.00000
Streptococcus chenjunshii	2173853	S	1	0	1	0.00000
Streptococcus intermedius	1338	S	1	0	1	0.00000
Streptococcus merionis	400065	S	1	0	1	0.00000
Streptococcus gallolyticus	315405	S	1	0	1	0.00000
Streptococcus cristatus	45634	S	1	0	1	0.00000
Streptococcus sobrinus	1310	S	1	0	1	0.00000
Streptococcus agalactiae	1311	S	1	5	6	0.00000
Streptococcus pyogenes	1314	S	1	0	1	0.00000
Streptococcus acidominimus	1326	S	1	0	1	0.00000
Lactococcus lactis	1358	S	8	2	10	0.00000
Lactococcus cremoris	1359	S	4	1	5	0.00000
Lactococcus garvieae	1363	S	4	1	5	0.00000
Enterococcus casseliflavus	37734	S	8	2	10	0.00000
Enterococcus faecalis	1351	S	4	0	4	0.00000
Enterococcus faecium	1352	S	4	2	6	0.00000
Enterococcus sp. FDAARGOS_375	2060307	S	2	2	4	0.00000
Enterococcus sp. CR-Ec1	2057791	S	1	0	1	0.00000
Enterococcus avium	33945	S	2	0	2	0.00000
Enterococcus cecorum	44008	S	1	0	1	0.00000
Enterococcus rotai	118060	S	1	0	1	0.00000
Enterococcus gilvus	160453	S	1	0	1	0.00000
Vagococcus penaei	633807	S	3	0	3	0.00000
Tetragenococcus halophilus	51669	S	2	0	2	0.00000
Tetragenococcus osmophilus	526944	S	1	0	1	0.00000
Melissococcus plutonius	33970	S	2	0	2	0.00000
Aerococcus urinaeequi	51665	S	4	0	4	0.00000
Jeotgalibaca ciconiae	2496265	S	2	0	2	0.00000
Jeotgalibaca arthritidis	1868794	S	1	0	1	0.00000
Dolosigranulum pigrum	29394	S	1	0	1	0.00000
Clostridium botulinum	1491	S	17	3	20	0.00000
Clostridium saccharobutylicum	169679	S	7	0	7	0.00000
Clostridium perfringens	1502	S	7	0	7	0.00000
Clostridium sp. CT4	2320868	S	2	0	2	0.00000
Clostridium sp. DL-VIII	641107	S	1	0	1	0.00000
Clostridium sp. MF28	1702238	S	1	2	3	0.00000
Clostridium baratii	1561	S	4	0	4	0.00000
Clostridium pasteurianum	1501	S	3	0	3	0.00000
Clostridium acetobutylicum	1488	S	3	0	3	0.00000
Clostridium carboxidivorans	217159	S	3	0	3	0.00000
Clostridium aceticum	84022	S	3	0	3	0.00000
Clostridium sporogenes	1509	S	2	3	5	0.00000
Clostridium beijerinckii	1520	S	2	0	2	0.00000
Clostridium butyricum	1492	S	2	0	2	0.00000
Clostridium gasigenes	94869	S	2	0	2	0.00000
Clostridium intestinale	36845	S	2	0	2	0.00000
Clostridium saccharoperbutylacetonicum	36745	S	2	0	2	0.00000
Clostridium tetani	1513	S	1	0	1	0.00000
Clostridium estertheticum	238834	S	1	0	1	0.00000
Clostridium septicum	1504	S	1	0	1	0.00000
Clostridium chauvoei	46867	S	1	0	1	0.00000
Clostridium tyrobutyricum	1519	S	1	0	1	0.00000
Clostridium argentinense	29341	S	1	0	1	0.00000
Sarcina sp. JB2	2726954	S	3	0	3	0.00000
Caloranaerobacter azorensis	116090	S	2	0	2	0.00000
Hathewaya histolytica	1498	S	2	0	2	0.00000
Crassaminicella sp. SY095	2599308	S	2	0	2	0.00000
Alkaliphilus oremlandii	461876	S	1	0	1	0.00000
Anaerocolumna cellulosilytica	433286	S	2	0	2	0.00000
Anaerocolumna sedimenticola	2696063	S	2	0	2	0.00000
Anaerocolumna sp. CTTW	2736602	S	1	0	1	0.00000
Lachnoanaerobaculum umeaense	617123	S	3	0	3	0.00000
Enterocloster bolteae	208479	S	2	0	2	0.00000
Enterocloster clostridioformis	1531	S	1	0	1	0.00000
Lachnoclostridium phocaeense	1871021	S	2	0	2	0.00000
[Clostridium] hylemonae	89153	S	1	0	1	0.00000
Butyrivibrio fibrisolvens	831	S	1	0	1	0.00000
Butyrivibrio hungatei	185008	S	1	0	1	0.00000
Coprococcus catus	116085	S	1	0	1	0.00000
Coprococcus sp. ART55/1	751585	S	1	0	1	0.00000
Anaerotignum propionicum	28446	S	2	0	2	0.00000
Pseudobutyrivibrio xylanivorans	185007	S	1	0	1	0.00000
Herbinix luporum	1679721	S	1	0	1	0.00000
Lachnospira eligens	39485	S	1	0	1	0.00000
Lacrimispora saccharolytica	84030	S	1	0	1	0.00000
Roseburia hominis	301301	S	1	0	1	0.00000
Paraclostridium bifermentans	1490	S	3	0	3	0.00000
Romboutsia hominis	1507512	S	1	0	1	0.00000
Romboutsia sp. CE17	2724150	S	1	0	1	0.00000
Paeniclostridium sordellii	1505	S	2	0	2	0.00000
Clostridioides difficile	1496	S	2	0	2	0.00000
Acetoanaerobium sticklandii	1511	S	1	0	1	0.00000
Ethanoligenens harbinense	253239	S	2	0	2	0.00000
Oscillibacter valericigenes	351091	S	2	0	2	0.00000
Pseudoclostridium thermosuccinogenes	84032	S	2	0	2	0.00000
Ruminococcus sp. JE7A12	2564099	S	1	0	1	0.00000
Acetivibrio thermocellus	1515	S	1	0	1	0.00000
Flavonifractor plautii	292800	S	1	0	1	0.00000
Acutalibacter muris	1796620	S	1	0	1	0.00000
Desulfitobacterium dehalogenans	36854	S	1	0	1	0.00000
Desulfitobacterium metallireducens	142877	S	1	0	1	0.00000
Desulfosporosinus orientis	1563	S	1	0	1	0.00000
Desulfosporosinus acidiphilus	885581	S	1	0	1	0.00000
Desulfotomaculum reducens	59610	S	1	0	1	0.00000
Dehalobacterium formicoaceticum	51515	S	1	0	1	0.00000
Desulfofarcimen acetoxidans	58138	S	1	0	1	0.00000
Thermaerobacter sp. PB12/4term	2293838	S	2	0	2	0.00000
Thermaerobacter sp. FW80	2546351	S	2	0	2	0.00000
Aminipila butyrica	433296	S	1	0	1	0.00000
Flintibacter sp. KGMB00164	2610895	S	1	0	1	0.00000
[Eubacterium] cellulosolvens	29322	S	2	0	2	0.00000
Heliobacterium modesticaldum	35701	S	1	0	1	0.00000
Heliorestis convoluta	356322	S	1	0	1	0.00000
Christensenella sp. Marseille-P3954	2086585	S	1	0	1	0.00000
Thermoanaerobacterium thermosaccharolyticum	1517	S	4	0	4	0.00000
Thermoanaerobacterium xylanolyticum	29329	S	1	0	1	0.00000
Thermoanaerobacterium sp. RBIITD	1550240	S	1	0	1	0.00000
Thermanaeromonas toyohensis	161154	S	1	0	1	0.00000
Thermodesulfobium narugense	184064	S	1	0	1	0.00000
Halanaerobium hydrogeniformans	656519	S	2	0	2	0.00000
Halanaerobium praevalens	2331	S	1	0	1	0.00000
Acetohalobium arabaticum	28187	S	1	0	1	0.00000
Halobacteroides halobius	42422	S	1	0	1	0.00000
Selenomonas ruminantium	971	S	1	0	1	0.00000
Selenomonas sputigena	69823	S	1	0	1	0.00000
Selenomonas sp. Marseille-Q3039	2754044	S	1	0	1	0.00000
Pectinatus frisingensis	865	S	1	0	1	0.00000
Pelosinus fermentans	365349	S	2	0	2	0.00000
Veillonella parvula	29466	S	2	0	2	0.00000
Veillonella nakazawae	2682456	S	1	0	1	0.00000
Dialister massiliensis	2161821	S	1	0	1	0.00000
Acidaminococcus intestini	187327	S	1	0	1	0.00000
Tissierellia sp. JN-28	2507161	S	3	0	3	0.00000
Keratinibaculum paraultunense	1278232	S	2	0	2	0.00000
Finegoldia magna	1260	S	2	0	2	0.00000
Peptoniphilus harei	54005	S	1	0	1	0.00000
Anaerococcus prevotii	33034	S	1	0	1	0.00000
Ezakiella massiliensis	1852374	S	1	0	1	0.00000
[Clostridium] innocuum	1522	S	1	0	1	0.00000
Faecalitalea cylindroides	39483	S	1	0	1	0.00000
Limnochorda pilosa	1555112	S	1	0	1	0.00000
Nostoc sp. C052	2576902	S	4	0	4	0.00000
Nostoc sp. PCC 7524	28072	S	3	0	3	0.00000
Nostoc sp. 'Peltigera membranacea cyanobiont' N6	1261031	S	2	0	2	0.00000
Nostoc sp. 'Lobaria pulmonaria (5183) cyanobiont'	1618022	S	2	0	2	0.00000
Nostoc sp. NIES-4103	2005458	S	2	0	2	0.00000
Nostoc sp. TCL240-02	2572090	S	2	0	2	0.00000
Nostoc sp. TCL26-01	2576904	S	2	0	2	0.00000
Nostoc sp. CENA543	1869241	S	1	0	1	0.00000
Nostoc sp. C057	2576903	S	1	1	2	0.00000
Nostoc sp. UHCC 0702	2814655	S	1	0	1	0.00000
Nostoc carneum	374162	S	11	38	49	0.00000
Nostoc sphaeroides	446679	S	5	0	5	0.00000
Nostoc linckia	92942	S	3	1	4	0.00000
Nostoc piscinale	224012	S	2	0	2	0.00000
Nostoc edaphicum	264686	S	2	0	2	0.00000
Nostoc punctiforme	272131	S	1	0	1	0.00000
Nostoc flagelliforme	1306274	S	1	0	1	0.00000
Anabaena sp. YBS01	2490939	S	3	53	56	0.00000
Anabaena sp. WA102	1647413	S	1	2	3	0.00000
Anabaena cylindrica	1165	S	3	0	3	0.00000
Cylindrospermum stagnale	142864	S	1	0	1	0.00000
Trichormus azollae	1164	S	1	0	1	0.00000
Calothrix parasitica	1973486	S	13	0	13	0.00000
Calothrix sp. NIES-2098	1954171	S	5	1	6	0.00000
Calothrix sp. NIES-3974	2005462	S	3	0	3	0.00000
Calothrix sp. PCC 7507	99598	S	2	0	2	0.00000
Calothrix sp. NIES-2100	1954172	S	1	0	1	0.00000
Calothrix parietina	32054	S	2	0	2	0.00000
Calothrix brevissima	938406	S	2	1	3	0.00000
Fischerella sp. NIES-4106	2005456	S	7	0	7	0.00000
Fischerella sp. NIES-3754	1752063	S	2	1	3	0.00000
Scytonema sp. HK-05	1137095	S	2	1	3	0.00000
Tolypothrix sp. PCC 7910	2099387	S	2	2	4	0.00000
Anabaenopsis circularis	109266	S	1	0	1	0.00000
Sphaerospermopsis kisseleviana	289435	S	1	0	1	0.00000
Rivularia sp. PCC 7116	373994	S	1	0	1	0.00000
Oscillatoria nigro-viridis	482564	S	60	3	63	0.00000
Oscillatoria acuminata	118323	S	2	0	2	0.00000
Moorea producens	1155739	S	4	0	4	0.00000
Planktothrix agardhii	1160	S	3	2	5	0.00000
Planktothrix rubescens	59512	S	2	0	2	0.00000
Trichodesmium erythraeum	1206	S	2	0	2	0.00000
Microcoleus sp. PCC 7113	1173027	S	2	0	2	0.00000
[Phormidium] sp. ETS-05	222819	S	2	0	2	0.00000
Crinalium epipsammum	241425	S	1	0	1	0.00000
Microcystis aeruginosa	1126	S	2	0	2	0.00000
Microcystis viridis	44822	S	1	3	4	0.00000
Gloeothece verrucosa	2546359	S	4	0	4	0.00000
Halothece sp. PCC 7418	65093	S	2	0	2	0.00000
Chondrocystis sp. NIES-4102	2005460	S	2	0	2	0.00000
Geminocystis herdmanii	669359	S	1	0	1	0.00000
Geminocystis sp. NIES-3708	1615909	S	1	0	1	0.00000
Cyanobacterium aponinum	379064	S	3	0	3	0.00000
Acaryochloris marina	155978	S	21	0	21	0.00000
Synechococcus sp. PCC 7502	1173263	S	4	0	4	0.00000
Synechococcus sp. NOUM97013	1442555	S	3	1	4	0.00000
Synechococcus sp. ROS8604	1442557	S	1	1	2	0.00000
Synechococcus sp. NIES-970	1827144	S	1	0	1	0.00000
Synechococcus sp. PCC 7003	374981	S	1	1	2	0.00000
Dactylococcopsis salina	292566	S	2	0	2	0.00000
Prochlorococcus marinus	1219	S	3	0	3	0.00000
Prochlorococcus sp. MIT 0604	1501268	S	1	0	1	0.00000
Prochlorococcus sp. MIT 0801	1501269	S	1	0	1	0.00000
Pseudanabaena sp. PCC 7367	82654	S	2	0	2	0.00000
Leptolyngbya boryana	1184	S	1	0	1	0.00000
Leptolyngbya sp. BL0902	1115757	S	1	0	1	0.00000
Synechocystis sp. PCC 6714	1147	S	1	0	1	0.00000
Chamaesiphon minutus	1173032	S	1	0	1	0.00000
Gloeobacter violaceus	33072	S	2	0	2	0.00000
Gloeobacter kilaueensis	1416614	S	2	0	2	0.00000
Stanieria cyanosphaera	102116	S	1	1	2	0.00000
Chroococcidiopsis thermalis	54299	S	1	0	1	0.00000
cyanobacterium endosymbiont of Rhopalodia gibberula	1763363	S	1	0	1	0.00000
Mycoplasma crocodyli	50052	S	4	0	4	0.00000
Mycoplasma mycoides	2102	S	2	2	4	0.00000
Mycoplasma neurolyticum	2120	S	3	0	3	0.00000
Mycoplasma hominis	2098	S	2	0	2	0.00000
Mycoplasma yeatsii	51365	S	2	0	2	0.00000
Mycoplasma genitalium	2097	S	1	-1	0	0.00000
Mycoplasma sp. Phocoena C-264-GEN	754517	S	1	0	1	0.00000
Mycoplasma cloacale	92401	S	1	0	1	0.00000
Mycoplasma haemofelis	29501	S	1	0	1	0.00000
Mycoplasma penetrans	28227	S	1	0	1	0.00000
Mycoplasma putrefaciens	2123	S	1	0	1	0.00000
Mycoplasma iowae	2116	S	1	0	1	0.00000
Mycoplasma hyopneumoniae	2099	S	1	0	1	0.00000
Mycoplasma glycophilum	171285	S	2	0	2	0.00000
Mycoplasma citelli	171281	S	2	0	2	0.00000
Mycoplasma synoviae	2109	S	1	0	1	0.00000
Mycoplasma agalactiae	2110	S	1	0	1	0.00000
Mycoplasma bovis	28903	S	1	0	1	0.00000
Mycoplasma bovirhinis	29553	S	1	0	1	0.00000
Mycoplasma canis	29555	S	1	0	1	0.00000
Mycoplasma arginini	2094	S	1	0	1	0.00000
Mycoplasma edwardii	53558	S	1	0	1	0.00000
Ureaplasma parvum	134821	S	1	0	1	0.00000
Spiroplasma melliferum	2134	S	2	5	7	0.00000
Spiroplasma helicoides	216938	S	2	0	2	0.00000
Spiroplasma diminutum	216936	S	2	0	2	0.00000
Spiroplasma gladiatoris	2143	S	2	0	2	0.00000
Spiroplasma corruscae	216934	S	1	0	1	0.00000
Spiroplasma turonicum	216946	S	1	0	1	0.00000
Spiroplasma syrphidicola	216945	S	1	0	1	0.00000
Spiroplasma alleghenense	216931	S	1	0	1	0.00000
Spiroplasma monobiae	2136	S	1	0	1	0.00000
Spiroplasma apis	2137	S	1	0	1	0.00000
Spiroplasma poulsonii	2138	S	1	0	1	0.00000
Candidatus Phytoplasma luffae	35773	S	1	0	1	0.00000
Thermus caldilimi	2483360	S	2	0	2	0.00000
Thermus aquaticus	271	S	1	0	1	0.00000
Thermus scotoductus	37636	S	1	0	1	0.00000
Marinithermus hydrothermalis	186192	S	2	0	2	0.00000
Oceanithermus profundus	187137	S	2	0	2	0.00000
Deinococcus radiodurans	1299	S	1	0	1	0.00000
Deinococcus deserti	310783	S	1	0	1	0.00000
Deinococcus ficus	317577	S	1	0	1	0.00000
Deinococcus metallilatus	1211322	S	1	0	1	0.00000
Deinococcus gobiensis	502394	S	1	0	1	0.00000
Deinococcus swuensis	1182571	S	1	0	1	0.00000
Candidatus Promineofilum breve	1806508	S	3	0	3	0.00000
Chloroflexus aggregans	152260	S	1	0	1	0.00000
Roseiflexus castenholzii	120962	S	1	0	1	0.00000
Tepidiforma bonchosmolovskayae	2601677	S	2	0	2	0.00000
Thermobaculum terrenum	166501	S	1	0	1	0.00000
Pelolinea submarina	913107	S	1	0	1	0.00000
Dehalogenimonas lykanthroporepellens	552810	S	1	0	1	0.00000
Caldilinea aerophila	133453	S	1	0	1	0.00000
Flavobacterium sp. BB8	2816357	S	6	0	6	0.00000
Flavobacterium sp. MDT1-60	1979344	S	6	1	7	0.00000
Flavobacterium sp. M31R6	2739062	S	4	0	4	0.00000
Flavobacterium sp. 140616W15	2478552	S	4	0	4	0.00000
Flavobacterium sp. P2-65	2748320	S	3	0	3	0.00000
Flavobacterium sp. CLA17	2724135	S	3	0	3	0.00000
Flavobacterium sp. HYN0086	2249356	S	3	0	3	0.00000
Flavobacterium sp. LPB0248	2614441	S	2	0	2	0.00000
Flavobacterium sp. SLB02	2665645	S	2	0	2	0.00000
Flavobacterium sp. CJ74	2294119	S	2	0	2	0.00000
Flavobacterium sp. Sr18	935222	S	2	0	2	0.00000
Flavobacterium sp. xlx-214	2654325	S	1	0	1	0.00000
Flavobacterium sp. I3-2	2748319	S	1	1	2	0.00000
Flavobacterium nackdongense	2547394	S	13	0	13	0.00000
Flavobacterium psychrophilum	96345	S	10	1	11	0.00000
Flavobacterium columnare	996	S	7	2	9	0.00000
Flavobacterium branchiophilum	55197	S	7	0	7	0.00000
Flavobacterium johnsoniae	986	S	7	2	9	0.00000
Flavobacterium commune	1306519	S	6	0	6	0.00000
Flavobacterium crassostreae	1763534	S	5	0	5	0.00000
Flavobacterium faecale	1355330	S	5	0	5	0.00000
Flavobacterium gilvum	1492737	S	5	0	5	0.00000
Flavobacterium crocinum	2183896	S	4	0	4	0.00000
Flavobacterium nitrogenifigens	1617283	S	3	1	4	0.00000
Flavobacterium haoranii	683124	S	3	0	3	0.00000
Flavobacterium anhuiense	459526	S	3	0	3	0.00000
Flavobacterium arcticum	1784713	S	2	0	2	0.00000
Flavobacterium magnum	2162713	S	2	0	2	0.00000
Flavobacterium kingsejongi	1678728	S	1	0	1	0.00000
Flavobacterium pallidum	2172098	S	1	0	1	0.00000
Flavobacterium album	2175091	S	1	0	1	0.00000
Flavobacterium sediminis	2201181	S	1	0	1	0.00000
Flavobacterium sangjuense	2518177	S	1	0	1	0.00000
Flavobacterium indicum	312277	S	1	0	1	0.00000
Polaribacter sp. KT25b	1855336	S	3	0	3	0.00000
Polaribacter sp. L12M9	2738844	S	3	2	5	0.00000
Polaribacter sp. G4M1	2808900	S	3	0	3	0.00000
Polaribacter sp. L3A8	2686361	S	2	0	2	0.00000
Polaribacter sp. SM13	2818493	S	2	0	2	0.00000
Polaribacter sp. MED152	313598	S	1	0	1	0.00000
Polaribacter sp. SA4-10	754397	S	1	0	1	0.00000
Polaribacter sp. SA4-12	1312072	S	1	0	1	0.00000
Polaribacter sp. Hel1_33_78	1336804	S	1	0	1	0.00000
Polaribacter sp. ALD11	2058137	S	1	0	1	0.00000
Polaribacter reichenbachii	996801	S	3	0	3	0.00000
Polaribacter haliotis	1888915	S	2	1	3	0.00000
Polaribacter vadi	1774273	S	1	0	1	0.00000
Tenacibaculum mesophilum	104268	S	5	0	5	0.00000
Tenacibaculum sp. SZ-18	754423	S	2	0	2	0.00000
Tenacibaculum sp. DSM 106434	2358479	S	2	0	2	0.00000
Tenacibaculum dicentrarchi	669041	S	3	0	3	0.00000
Tenacibaculum jejuense	584609	S	2	0	2	0.00000
Tenacibaculum todarodis	1850252	S	1	0	1	0.00000
Capnocytophaga sp. H2931	1945657	S	1	3	4	0.00000
Capnocytophaga cynodegmi	28189	S	3	1	4	0.00000
Capnocytophaga sputigena	1019	S	2	0	2	0.00000
Capnocytophaga canimorsus	28188	S	1	0	1	0.00000
Capnocytophaga endodontalis	2708117	S	1	0	1	0.00000
Myroides profundi	480520	S	4	0	4	0.00000
Myroides odoratimimus	76832	S	2	4	6	0.00000
Myroides fluvii	2572594	S	2	0	2	0.00000
Myroides odoratus	256	S	1	0	1	0.00000
Winogradskyella sp. PC-19	754417	S	3	0	3	0.00000
Winogradskyella sp. PG-2	754409	S	2	0	2	0.00000
Winogradskyella sp. J14-2	1936080	S	1	0	1	0.00000
Winogradskyella forsetii	2686077	S	2	1	3	0.00000
Winogradskyella helgolandensis	2697010	S	2	0	2	0.00000
Lacinutrix sp. 5H-3-7-4	983544	S	4	1	5	0.00000
Lacinutrix sp. WUR7	2653681	S	3	0	3	0.00000
Lacinutrix venerupis	1486034	S	2	0	2	0.00000
Aquimarina sp. BL5	1714860	S	4	0	4	0.00000
Aquimarina sp. AD1	1714848	S	1	0	1	0.00000
Aquimarina sp. AD10	1714849	S	1	0	1	0.00000
Aquimarina sp. TRL1	2736252	S	1	0	1	0.00000
Kordia sp. SMS9	2282170	S	5	0	5	0.00000
Kordia antarctica	1218801	S	1	0	1	0.00000
Algibacter sp. L3A6	2686366	S	2	0	2	0.00000
Algibacter sp. L1A34	2686365	S	1	0	1	0.00000
Algibacter alginicilyticus	1736674	S	2	0	2	0.00000
Maribacter cobaltidurans	1178778	S	2	2	4	0.00000
Maribacter sp. HTCC2170	313603	S	1	1	2	0.00000
Gramella sp. MAR_2010_147	1250205	S	2	0	2	0.00000
Gramella forsetii	411153	S	1	0	1	0.00000
Gramella salexigens	1913577	S	1	0	1	0.00000
Gramella fulva	2126553	S	1	0	1	0.00000
Nonlabens sp. Hel1_33_55	1336802	S	3	0	3	0.00000
Nonlabens sp. Ci31	2608253	S	1	0	1	0.00000
Nonlabens spongiae	331648	S	1	0	1	0.00000
Tamlana carrageenivorans	2069432	S	4	0	4	0.00000
Tamlana sp. s12	1630406	S	1	0	1	0.00000
Salegentibacter sp. T436	1729720	S	3	2	5	0.00000
Salegentibacter salegens	143223	S	2	0	2	0.00000
Cellulophaga baltica	76594	S	3	1	4	0.00000
Cellulophaga algicola	59600	S	1	0	1	0.00000
Mariniflexile sp. TRM1-10	2027857	S	5	0	5	0.00000
Zunongwangia profunda	398743	S	3	2	5	0.00000
Amniculibacterium sp. G2-70	2767188	S	3	2	5	0.00000
Formosa sp. Hel1_33_131	1336794	S	2	0	2	0.00000
Formosa agariphila	320324	S	1	0	1	0.00000
Zobellia galactanivorans	63186	S	3	0	3	0.00000
Aequorivita sp. KX20305	2803865	S	2	0	2	0.00000
Aequorivita sublithincola	101385	S	1	0	1	0.00000
Leeuwenhoekiella sp. ZYFB001	2719912	S	2	0	2	0.00000
Dokdonia donghaensis	326320	S	1	0	1	0.00000
Dokdonia sp. PRO95	1239415	S	1	0	1	0.00000
Psychroflexus torquis	57029	S	2	0	2	0.00000
Flagellimonas maritima	1383885	S	2	0	2	0.00000
Muricauda ruestringensis	111501	S	1	0	1	0.00000
Muricauda sp. 501str8	2698672	S	1	0	1	0.00000
Psychroserpens sp. NJDZ02	2570561	S	1	1	2	0.00000
Urechidicola croceus	1850246	S	1	0	1	0.00000
Antarcticibacterium flavum	2058175	S	1	0	1	0.00000
Changchengzhania lutea	2049305	S	1	0	1	0.00000
Seonamhaeicola sp. S2-3	1936081	S	1	0	1	0.00000
Wenyingzhuangia fucanilytica	1790137	S	1	0	1	0.00000
Galbibacter sp. BG1	1170699	S	1	0	1	0.00000
Croceibacter atlanticus	313588	S	1	0	1	0.00000
Olleya sp. Bg11-27	2058135	S	1	1	2	0.00000
Costertonia aggregata	343403	S	1	0	1	0.00000
Lutibacter profundi	1622118	S	1	0	1	0.00000
Chryseobacterium sp. POL2	2713414	S	3	0	3	0.00000
Chryseobacterium sp. JV274	1932669	S	2	0	2	0.00000
Chryseobacterium sp. NBC 122	2547600	S	2	0	2	0.00000
Chryseobacterium sp. 6424	2039166	S	1	0	1	0.00000
Chryseobacterium sp. G0186	2487064	S	1	0	1	0.00000
Chryseobacterium sp. NEB161	2724619	S	1	0	1	0.00000
Chryseobacterium piperi	558152	S	5	0	5	0.00000
Chryseobacterium aureum	2497456	S	4	0	4	0.00000
Chryseobacterium indologenes	253	S	3	1	4	0.00000
Chryseobacterium arthrosphaerae	651561	S	3	1	4	0.00000
Chryseobacterium indoltheticum	254	S	2	0	2	0.00000
Chryseobacterium joostei	112234	S	2	0	2	0.00000
Chryseobacterium bernardetii	1241978	S	1	1	2	0.00000
Chryseobacterium manosquense	2754694	S	1	2	3	0.00000
Chryseobacterium gallinarum	1324352	S	1	0	1	0.00000
Chryseobacterium camelliae	1265445	S	1	0	1	0.00000
Chryseobacterium nakagawai	1241982	S	1	1	2	0.00000
Chryseobacterium gleum	250	S	1	1	2	0.00000
Kaistella jeonii	266749	S	10	0	10	0.00000
Kaistella flava (ex Peng et al. 2021)	2038776	S	7	0	7	0.00000
Kaistella carnis	1241979	S	3	0	3	0.00000
Kaistella antarctica	266748	S	2	0	2	0.00000
Kaistella daneshvariae	2487074	S	1	0	1	0.00000
Chryseobacterium lactis	1241981	S	2	1	3	0.00000
Epilithonimonas vandammei	2487072	S	1	1	2	0.00000
Chryseobacterium taklimakanense	536441	S	2	0	2	0.00000
Elizabethkingia sp. 2-6	2575699	S	2	2	4	0.00000
Elizabethkingia sp. M8	2796140	S	2	3	5	0.00000
Elizabethkingia sp. JS20170427COW	2583851	S	1	0	1	0.00000
Elizabethkingia meningoseptica	238	S	4	0	4	0.00000
Elizabethkingia bruuniana	1756149	S	2	3	5	0.00000
Elizabethkingia anophelis	1117645	S	1	0	1	0.00000
Cloacibacterium normanense	237258	S	12	1	13	0.00000
Apibacter raozihei	2500547	S	2	0	2	0.00000
Apibacter sp. B2966	2656761	S	1	1	2	0.00000
Empedobacter brevis	247	S	1	0	1	0.00000
Empedobacter stercoris	1628248	S	1	0	1	0.00000
Ornithobacterium rhinotracheale	28251	S	1	0	1	0.00000
Bergeyella cardium	1585976	S	1	0	1	0.00000
Blattabacterium cuenoti	1653831	S	8	1	9	0.00000
Blattabacterium sp. (Blaberus giganteus)	1186051	S	1	2	3	0.00000
Blattabacterium punctulatus	164514	S	1	0	1	0.00000
Ichthyobacterium seriolicida	242600	S	6	0	6	0.00000
Candidatus Sulcia muelleri	336810	S	1	0	1	0.00000
Owenweeksia hongkongensis	253245	S	1	0	1	0.00000
Spirosoma sp. KUDC1026	2745947	S	74	3	77	0.00000
Spirosoma sp. KCTC 42546	2520506	S	3	0	3	0.00000
Spirosoma sp. PL0136	2710596	S	2	0	2	0.00000
Spirosoma pollinicola	2057025	S	7	0	7	0.00000
Spirosoma aerolatum	1211326	S	3	0	3	0.00000
Spirosoma taeanense	2735870	S	2	0	2	0.00000
Spirosoma rigui	564064	S	1	0	1	0.00000
Spirosoma montaniterrae	1178516	S	1	0	1	0.00000
Spirosoma endbachense	2666025	S	1	0	1	0.00000
Runella slithyformis	106	S	5	0	5	0.00000
Runella sp. HYN0085	2259595	S	4	0	4	0.00000
Runella sp. SP2	2268026	S	1	0	1	0.00000
Fibrella aestuarina	651143	S	5	0	5	0.00000
Cytophaga hutchinsonii	985	S	4	0	4	0.00000
Aquirufa nivalisilvae	2516557	S	4	0	4	0.00000
Leadbetterella byssophila	316068	S	2	0	2	0.00000
Rhodocytophaga rosea	2704465	S	2	0	2	0.00000
Arcticibacterium luteifluviistationis	1784714	S	2	0	2	0.00000
Dyadobacter fermentans	94254	S	1	0	1	0.00000
Hymenobacter sp. PAMC 26628	1484118	S	4	0	4	0.00000
Hymenobacter sp. PAMC 26554	1484116	S	3	0	3	0.00000
Hymenobacter sp. S2-20-2	2761579	S	3	0	3	0.00000
Hymenobacter sp. APR13	1356852	S	2	0	2	0.00000
Hymenobacter sp. DG25B	1385664	S	2	0	2	0.00000
Hymenobacter sp. BRD67	2675877	S	2	0	2	0.00000
Hymenobacter sp. BRD128	2675878	S	2	0	2	0.00000
Hymenobacter sp. DG01	2584940	S	1	0	1	0.00000
Hymenobacter sedentarius	1411621	S	5	0	5	0.00000
Hymenobacter baengnokdamensis	2615203	S	3	1	4	0.00000
Hymenobacter oligotrophus	2319843	S	2	0	2	0.00000
Hymenobacter busanensis	2607656	S	2	0	2	0.00000
Hymenobacter jejuensis	2502781	S	1	0	1	0.00000
Hymenobacter russus	2724192	S	1	0	1	0.00000
Adhaeribacter swui	2086471	S	2	0	2	0.00000
Adhaeribacter radiodurans	2745197	S	2	0	2	0.00000
Pontibacter russatus	2694929	S	2	0	2	0.00000
Pontibacter akesuensis	388950	S	1	0	1	0.00000
Pontibacter sp. SGAir0037	2571030	S	1	0	1	0.00000
Rufibacter tibetensis	512763	S	1	0	1	0.00000
Nibribacter ruber	2698458	S	1	0	1	0.00000
Cyclobacterium marinum	104	S	1	1	2	0.00000
Cyclobacterium amurskyense	320787	S	1	1	2	0.00000
Belliella baltica	232259	S	2	0	2	0.00000
Algoriphagus machipongonensis	388413	S	1	0	1	0.00000
Algoriphagus sp. Y33	2772483	S	1	0	1	0.00000
Aquiflexum balticum	280473	S	2	0	2	0.00000
Echinicola sp. 20G	2781961	S	1	0	1	0.00000
Flammeovirga pectinis	2494373	S	2	0	2	0.00000
Flammeovirga sp. MY04	1191459	S	1	0	1	0.00000
Candidatus Amoebophilus asiaticus	281120	S	2	0	2	0.00000
Bernardetia litoralis	999	S	1	0	1	0.00000
Chryseolinea soli	2321403	S	1	0	1	0.00000
Roseivirga pacifica	1267423	S	1	0	1	0.00000
Pedobacter sp. SW-16	2766984	S	13	2	15	0.00000
Pedobacter sp. KBS0701	2578106	S	8	2	10	0.00000
Pedobacter sp. eg	2201271	S	7	0	7	0.00000
Pedobacter sp. G11	2482728	S	6	0	6	0.00000
Pedobacter sp. JBR3-12	2789740	S	6	0	6	0.00000
Pedobacter sp. CJ43	2605747	S	5	0	5	0.00000
Pedobacter sp. HDW13	2714940	S	5	0	5	0.00000
Pedobacter sp. PACM 27299	1727164	S	1	0	1	0.00000
Pedobacter suwonensis	332999	S	7	1	8	0.00000
Pedobacter roseus	336820	S	4	1	5	0.00000
Pedobacter cryoconitis	188932	S	3	0	3	0.00000
Pedobacter heparinus	984	S	1	0	1	0.00000
Pedobacter ginsengisoli	363852	S	1	0	1	0.00000
Pedobacter steynii	430522	S	1	0	1	0.00000
Sphingobacterium sp. UDSM-2020	2795738	S	3	0	3	0.00000
Sphingobacterium sp. ML3W	1538644	S	2	0	2	0.00000
Sphingobacterium sp. 21	743722	S	1	1	2	0.00000
Sphingobacterium sp. CZ-2	2557994	S	1	0	1	0.00000
Sphingobacterium sp. dk4302	2662364	S	1	0	1	0.00000
Sphingobacterium spiritivorum	258	S	3	1	4	0.00000
Sphingobacterium hotanense	649196	S	2	0	2	0.00000
Sphingobacterium multivorum	28454	S	1	2	3	0.00000
Sphingobacterium daejeonense	371142	S	1	0	1	0.00000
Mucilaginibacter ginsenosidivorans	398053	S	4	0	4	0.00000
Mucilaginibacter paludis	423351	S	3	0	3	0.00000
Mucilaginibacter gotjawali	1550579	S	3	0	3	0.00000
Mucilaginibacter ginsenosidivorax	862126	S	2	0	2	0.00000
Mucilaginibacter xinganensis	1234841	S	2	0	2	0.00000
Mucilaginibacter rubeus	2027860	S	1	1	2	0.00000
Olivibacter sp. SDN3	2764720	S	4	0	4	0.00000
Olivibacter sp. LS-1	2592345	S	2	2	4	0.00000
Solitalea canadensis	995	S	3	0	3	0.00000
Bacteroides thetaiotaomicron	818	S	6	0	6	0.00000
Bacteroides ovatus	28116	S	2	1	3	0.00000
Bacteroides xylanisolvens	371601	S	2	1	3	0.00000
Bacteroides caecimuris	1796613	S	2	0	2	0.00000
Bacteroides fragilis	817	S	1	0	1	0.00000
Bacteroides eggerthii	28111	S	1	0	1	0.00000
Bacteroides heparinolyticus	28113	S	1	0	1	0.00000
Bacteroides sp. CBA7301	2715212	S	1	0	1	0.00000
Prevotella intermedia	28131	S	3	0	3	0.00000
Prevotella sp. oral taxon 299	652716	S	3	0	3	0.00000
Prevotella melaninogenica	28132	S	2	0	2	0.00000
Prevotella denticola	28129	S	1	0	1	0.00000
Prevotella jejuni	1177574	S	1	0	1	0.00000
Phocaeicola vulgatus	821	S	5	0	5	0.00000
Phocaeicola dorei	357276	S	2	0	2	0.00000
Phocaeicola coprophilus	387090	S	1	0	1	0.00000
Paludibacter propionicigenes	185300	S	6	0	6	0.00000
Alistipes megaguti	2364787	S	2	0	2	0.00000
Alistipes finegoldii	214856	S	1	0	1	0.00000
Alistipes communis	2585118	S	1	0	1	0.00000
Alistipes sp. dk3624	2662363	S	1	0	1	0.00000
Tannerella forsythia	28112	S	1	-1	0	0.00000
Salinivirga cyanobacteriivorans	1307839	S	2	0	2	0.00000
Duncaniella dubosii	2518971	S	1	0	1	0.00000
Sodaliphilus pleomorphus	2606626	S	1	0	1	0.00000
Coprobacter sp. 2CBH44	2751153	S	1	0	1	0.00000
Dysgonomonas sp. HDW5B	2714927	S	1	0	1	0.00000
Tenuifilum thalassicum	2590900	S	1	0	1	0.00000
Draconibacterium orientale	1168034	S	3	0	3	0.00000
Draconibacterium sp. M1	2706887	S	1	0	1	0.00000
Labilibaculum antarcticum	1717717	S	2	0	2	0.00000
Alkalitalea saponilacus	889453	S	1	0	1	0.00000
Chitinophaga sp. MD30	2033437	S	4	0	4	0.00000
Chitinophaga sp. XS-30	2604421	S	1	0	1	0.00000
Chitinophaga sp. 1303	2725414	S	1	1	2	0.00000
Chitinophaga pinensis	79329	S	3	0	3	0.00000
Chitinophaga caeni	2029983	S	1	0	1	0.00000
Flavihumibacter sp. SB-02	2676868	S	7	0	7	0.00000
Arachidicoccus sp. B3-10	2545455	S	5	0	5	0.00000
Arachidicoccus sp. BS20	1850526	S	1	0	1	0.00000
Arachidicoccus soli	2341117	S	1	0	1	0.00000
Pseudobacter ginsenosidimutans	661488	S	5	0	5	0.00000
Panacibacter ginsenosidivorans	1813871	S	5	0	5	0.00000
Filimonas lacunae	477680	S	4	0	4	0.00000
Lacibacter sp. S13-6-6	2760713	S	4	0	4	0.00000
Paraflavitalea soli	2315862	S	4	0	4	0.00000
Flavisolibacter ginsenosidimutans	661481	S	2	0	2	0.00000
Flavisolibacter tropicus	1492898	S	1	0	1	0.00000
Pseudocnuella soli	2502779	S	3	0	3	0.00000
Niastella koreensis	354356	S	2	0	2	0.00000
Niabella soli	446683	S	2	0	2	0.00000
Haliscomenobacter hydrossis	2350	S	4	0	4	0.00000
Saprospira grandis	1008	S	2	0	2	0.00000
Rhodothermus marinus	29549	S	1	0	1	0.00000
Chlorobaculum limnaeum	274537	S	1	0	1	0.00000
Chlorobaculum parvum	274539	S	1	0	1	0.00000
Chlorobium phaeobacteroides	1096	S	1	0	1	0.00000
Pelodictyon phaeoclathratiforme	34090	S	1	0	1	0.00000
Ignavibacterium album	591197	S	1	0	1	0.00000
Candidatus Cyclonatronum proteinivorum	1457365	S	1	0	1	0.00000
Gemmatimonas sp. TET16	2732249	S	3	0	3	0.00000
Gemmatimonas aurantiaca	173480	S	2	0	2	0.00000
Gemmatirosa kalamazoonesis	861299	S	1	0	1	0.00000
Urbifossiella limnaea	2528023	S	29	2	31	0.00000
Gemmata obscuriglobus	114	S	12	1	13	0.00000
Gemmata massiliana	1210884	S	7	0	7	0.00000
Gemmata sp. SH-PL17	1630693	S	3	0	3	0.00000
Limnoglobus roseus	2598579	S	11	0	11	0.00000
Frigoriglobus tundricola	2774151	S	7	1	8	0.00000
Tuwongella immobilis	692036	S	1	0	1	0.00000
Rosistilla oblonga	2527990	S	5	1	6	0.00000
Rosistilla carotiformis	2528017	S	2	0	2	0.00000
Lignipirellula cremea	2528010	S	5	1	6	0.00000
Pirellula sp. SH-Sr6A	1632865	S	3	0	3	0.00000
Pirellula staleyi	125	S	1	0	1	0.00000
Mariniblastus fucicola	980251	S	3	0	3	0.00000
Bremerella volcania	2527984	S	3	0	3	0.00000
Stieleria maiorica	2795974	S	2	0	2	0.00000
Anatilimnocola aggregata	2528021	S	2	0	2	0.00000
Roseimaritima ulvae	980254	S	1	0	1	0.00000
Lacipirellula limnantheis	2528024	S	4	0	4	0.00000
Lacipirellula parvula	2650471	S	1	0	1	0.00000
Aeoliella mucimassa	2527972	S	3	0	3	0.00000
Botrimarina mediterranea	2528022	S	2	0	2	0.00000
Pirellulimonas nuda	2528009	S	2	0	2	0.00000
Thermogutta terrifontis	1331910	S	1	0	1	0.00000
Planctomyces sp. SH-PL14	1632864	S	5	0	5	0.00000
Planctomyces sp. SH-PL62	1636152	S	1	0	1	0.00000
Gimesia maris	122	S	2	0	2	0.00000
Gimesia algae	2527971	S	2	1	3	0.00000
Rubinisphaera brasiliensis	119	S	2	0	2	0.00000
Fuerstia marisgermanicae	1891926	S	2	0	2	0.00000
Alienimonas californiensis	2527989	S	2	0	2	0.00000
Maioricimonas rarisocia	2528026	S	2	0	2	0.00000
Calycomorphotria hydatis	2528027	S	1	0	1	0.00000
Symmachiella dynata	2527995	S	1	0	1	0.00000
Thalassoglobus polymorphus	2527994	S	1	0	1	0.00000
Paludisphaera borealis	1387353	S	7	1	8	0.00000
Tautonia plasticadhaerens	2527974	S	5	0	5	0.00000
Isosphaera pallida	128	S	2	0	2	0.00000
Singulisphaera acidiphila	466153	S	2	0	2	0.00000
Aquisphaera giovannonii	406548	S	1	0	1	0.00000
Humisphaera borealis	2807512	S	7	0	7	0.00000
Sedimentisphaera cyanobacteriorum	1940790	S	1	0	1	0.00000
Limihaloglobus sulfuriphilus	1851148	S	1	0	1	0.00000
Phycisphaera mikurensis	547188	S	1	0	1	0.00000
Candidatus Kuenenia stuttgartiensis	174633	S	1	0	1	0.00000
Opitutus sp. GAS368	1882749	S	8	1	9	0.00000
Opitutus terrae	107709	S	2	0	2	0.00000
Ereboglobus luteus	1796921	S	4	0	4	0.00000
Nibricoccus aquaticus	2576891	S	3	0	3	0.00000
Lacunisphaera limnophila	1838286	S	2	0	2	0.00000
Coraliomargarita akajimensis	395922	S	1	0	1	0.00000
Luteolibacter luteus	2728835	S	6	0	6	0.00000
Verrucomicrobium spinosum	2736	S	3	0	3	0.00000
Verrucomicrobium sp. GAS474	1882831	S	2	0	2	0.00000
Roseimicrobium sp. ORNL1	2711231	S	2	0	2	0.00000
Methylacidimicrobium sp. AP8	2730359	S	2	0	2	0.00000
Neochlamydia sp. S13	1353976	S	2	1	3	0.00000
Parachlamydia acanthamoebae	83552	S	1	0	1	0.00000
Waddlia chondrophila	71667	S	1	0	1	0.00000
Chlamydia suis	83559	S	2	0	2	0.00000
Chlamydia trachomatis	813	S	1	0	1	0.00000
Chlamydia caviae	83557	S	1	0	1	0.00000
Chlamydia pecorum	85991	S	1	0	1	0.00000
Kiritimatiella glycovorans	1307763	S	2	0	2	0.00000
Treponema azotonutricium	150829	S	2	0	2	0.00000
Treponema pedis	409322	S	1	0	1	0.00000
Spirochaeta thermophila	154	S	3	-3	0	0.00000
Sediminispirochaeta smaragdinae	55206	S	1	0	1	0.00000
Borrelia turcica	229155	S	1	2	3	0.00000
Candidatus Borrelia tachyglossi	1964448	S	1	2	3	0.00000
Leptospira interrogans	173	S	6	0	6	0.00000
Leptospira biflexa	172	S	1	-1	0	0.00000
Leptospira mayottensis	1137606	S	1	0	1	0.00000
Leptospira tipperaryensis	2564040	S	1	0	1	0.00000
Turneriella parva	29510	S	2	0	2	0.00000
Brachyspira hyodysenteriae	159	S	1	0	1	0.00000
Brachyspira hampsonii	1287055	S	1	0	1	0.00000
Fusobacterium nucleatum	851	S	4	0	4	0.00000
Fusobacterium hwasookii	1583098	S	2	0	2	0.00000
Fusobacterium gonidiaformans	849	S	1	0	1	0.00000
Fusobacterium ulcerans	861	S	1	0	1	0.00000
Fusobacterium sp. NSJ-57	2764326	S	1	0	1	0.00000
Fusobacterium pseudoperiodonticum	2663009	S	1	0	1	0.00000
Leptotrichia trevisanii	109328	S	1	0	1	0.00000
Leptotrichia wadei	157687	S	1	0	1	0.00000
Leptotrichia hofstadii	157688	S	1	0	1	0.00000
Leptotrichia shahii	157691	S	1	0	1	0.00000
Leptotrichia sp. oral taxon 212	712357	S	1	0	1	0.00000
Sebaldella termitidis	826	S	3	0	3	0.00000
Streptobacillus moniliformis	34105	S	1	0	1	0.00000
Sneathia vaginalis	187101	S	1	0	1	0.00000
Granulicella tundricola	940615	S	2	0	2	0.00000
Granulicella sp. WH15	2602070	S	2	0	2	0.00000
Acidobacterium capsulatum	33075	S	1	0	1	0.00000
Acidobacterium sp. 4Y35	2763107	S	1	0	1	0.00000
Terriglobus roseus	392734	S	1	0	1	0.00000
Terriglobus saanensis	870903	S	1	0	1	0.00000
Acidisarcina polymorpha	2211140	S	1	0	1	0.00000
Paludibaculum fermentans	1473598	S	3	0	3	0.00000
Candidatus Solibacter usitatus	332163	S	1	0	1	0.00000
Luteitalea pratensis	1855912	S	5	0	5	0.00000
Chloracidobacterium thermophilum	458033	S	2	0	2	0.00000
Thermotomaculum hydrothermale	981385	S	1	0	1	0.00000
Thermosipho melanesiensis	46541	S	1	0	1	0.00000
Fervidobacterium nodosum	2424	S	1	0	1	0.00000
Defluviitoga tunisiensis	1006576	S	2	0	2	0.00000
Thermodesulfobacterium sp. TA1	2234087	S	3	0	3	0.00000
Thermodesulfobacterium commune	1741	S	1	0	1	0.00000
Caldimicrobium thiodismutans	1653476	S	1	0	1	0.00000
Nitrospira japonica	1325564	S	1	0	1	0.00000
Nitrospira sp. KM1	1936990	S	1	0	1	0.00000
Dissulfurispira thermophila	2715679	S	1	0	1	0.00000
Sulfurihydrogenibium azorense	309806	S	1	0	1	0.00000
Sulfurihydrogenibium sp. YO3AOP1	436114	S	1	0	1	0.00000
Hydrogenobacter sp. T-8	1632019	S	1	0	1	0.00000
Candidatus Nanosynbacter lyticus	2093824	S	1	1	2	0.00000
Jonquetella anthropi	428712	S	1	0	1	0.00000
Fretibacterium fastidiosum	651822	S	1	0	1	0.00000
Denitrovibrio acetiphilus	118000	S	1	0	1	0.00000
Desulfurispirillum indicum	936456	S	1	0	1	0.00000
Elusimicrobium minutum	423605	S	1	0	1	0.00000
Haloplanus rallus	1816183	S	2	0	2	0.00000
Halogeometricum borinquense	60847	S	1	0	1	0.00000
Halobellus limi	699433	S	1	0	1	0.00000
Halobonum sp. NJ-3-1	2743089	S	1	0	1	0.00000
Halobonum sp. Gai3-2	2743090	S	1	0	1	0.00000
Salinigranum rubrum	755307	S	1	0	1	0.00000
Haloterrigena turkmenica	62320	S	1	0	1	0.00000
Haloterrigena longa	370324	S	1	0	1	0.00000
Haloterrigena daqingensis	588898	S	1	0	1	0.00000
Haloterrigena sp. YPL8	1699371	S	1	0	1	0.00000
Natrialba magadii	13769	S	2	0	2	0.00000
Natrinema pallidum	69527	S	1	0	1	0.00000
Natronorubrum aibiense	348826	S	1	0	1	0.00000
Halovivax sp. KZCA124	2817025	S	1	0	1	0.00000
Halorussus sp. ZS-3	2650975	S	4	0	4	0.00000
Halorussus sp. RC-68	2505977	S	1	0	1	0.00000
Haloarcula sp. JP-L23	2716717	S	1	0	1	0.00000
Halorhabdus utahensis	146826	S	1	0	1	0.00000
Halorientalis sp. IM1011	1932360	S	1	0	1	0.00000
Methanosarcina barkeri	2208	S	1	0	1	0.00000
Methanosarcina siciliae	38027	S	1	0	1	0.00000
Methanothrix thermoacetophila	2224	S	1	0	1	0.00000
Methanofollis liminatans	2201	S	1	0	1	0.00000
Methanocella paludicola	570267	S	1	0	1	0.00000
Methanothermus fervidus	2180	S	3	0	3	0.00000
Methanobacterium subterraneum	59277	S	1	0	1	0.00000
Methanobacterium lacus	877455	S	1	0	1	0.00000
Methanococcus voltae	2188	S	1	0	1	0.00000
Methanococcus aeolicus	42879	S	1	0	1	0.00000
Methanotorris igneus	2189	S	1	0	1	0.00000
Thermococcus sibiricus	172049	S	2	0	2	0.00000
Thermococcus guaymasensis	110164	S	2	0	2	0.00000
Thermococcus sp. IRI35c	2016373	S	1	0	1	0.00000
Thermococcus gorgonarius	71997	S	1	0	1	0.00000
Methanopyrus sp. KOL6	1937004	S	1	0	1	0.00000
Nitrosopumilus maritimus	338192	S	1	0	1	0.00000
Nitrosopumilus cobalaminigenes	1470066	S	1	0	1	0.00000
Candidatus Nitrosopumilus koreensis	1510466	S	1	0	1	0.00000
Nitrosopumilus piranensis	1582439	S	1	0	1	0.00000
Nitrosarchaeum sp. AC2	2259673	S	1	0	1	0.00000
Candidatus Nitrosomarinus catalina	1898749	S	1	0	1	0.00000
Candidatus Nitrosotenuis sp. DW1	2259672	S	1	0	1	0.00000
Sulfolobus islandicus	43080	S	2	0	2	0.00000
Acidianus brierleyi	41673	S	1	0	1	0.00000
Pyrobaculum islandicum	2277	S	1	0	1	0.00000
Caldisphaera lagunensis	200415	S	1	0	1	0.00000
Ferroplasma acidarmanus	97393	S	1	1	2	0.00000
Candidatus Methanomassiliicoccus intestinalis	1406512	S	1	0	1	0.00000
Flavobacterium phage vB_FspS_filifjonk9-1	2686245	S	18	27	45	0.00000
Flavobacterium phage vB_FspS_snusmum6-1	2686273	S	4	3	7	0.00000
Streptococcus phage SpSL1	1566990	S	3	0	3	0.00000
Flavobacterium phage vB_FspS_hattifnatt9-1	2686246	S	2	0	2	0.00000
Rhodococcus phage Whack	2591132	S	2	0	2	0.00000
Flavobacterium phage vB_FspS_mymlan6-1	2686266	S	2	5	7	0.00000
Salicola phage CGphi29	754067	S	1	0	1	0.00000
Flavobacterium phage vB_FspS_snork6-1	2686270	S	1	7	8	0.00000
Staphylococcus phage phiRS7	1403390	S	1	0	1	0.00000
Proteus virus Isfahan	2560650	S	40	0	40	0.00000
Lactococcus phage 936 group phage PhiF0139	1636578	S	1	2	3	0.00000
Cellulophaga virus Cba121	1918193	S	3	0	3	0.00000
Alphaproteobacteria virus phiJl001	279383	S	1	0	1	0.00000
Pseudomonas virus PAE1	1981048	S	1	1	2	0.00000
Escherichia phage Envy	1883200	S	1	0	1	0.00000
Burkholderia virus AH2	2560359	S	1	0	1	0.00000
Propionibacterium virus PAD20	1982271	S	1	0	1	0.00000
Mycobacterium phage BirdsNest	2686231	S	1	0	1	0.00000
Mycobacterium phage ThulaThula	2599880	S	1	0	1	0.00000
Mycobacterium phage Aminay	2250291	S	1	0	1	0.00000
Flavobacterium phage Fpv3	1814284	S	1	10	11	0.00000
Cellulophaga phage phi18:3	1327983	S	1	1	2	0.00000
Cellulophaga phage phi14:2	1327990	S	1	0	1	0.00000
uncultured crAssphage	1211417	S	1	0	1	0.00000
Rhodoferax phage P26218	1636270	S	2	0	2	0.00000
Xanthomonas citri phage CP2	1188795	S	1	0	1	0.00000
Vibrio phage PVA1	1461743	S	1	0	1	0.00000
Caulobacter phage Cr30	1357714	S	1	0	1	0.00000
Pseudoalteromonas phage SL20	2023998	S	1	0	1	0.00000
Aeromonas phage 4_L372XY	2588520	S	1	0	1	0.00000
Prochlorococcus phage P-SSM4	268747	S	1	0	1	0.00000
Pseudomonas virus PMW	2560676	S	3	0	3	0.00000
Synechococcus virus SSKS1	2734116	S	2	0	2	0.00000
Tetrasphaera virus TJE1	2560802	S	1	0	1	0.00000
Pectinobacterium virus CBB	2560628	S	1	0	1	0.00000
Ralstonia virus RSJ5	2733595	S	2	0	2	0.00000
Sphingomonas virus Scott	2733954	S	1	0	1	0.00000
Curvibacter virus P26059B	2733926	S	1	0	1	0.00000
Bacillus virus Agate	1910935	S	1	0	1	0.00000
Salmonella phage SE11	2592195	S	1	0	1	0.00000
Human betaherpesvirus 7	10372	S	1	0	1	0.00000
Paramecium bursaria Chlorella virus A1	381899	S	5	0	5	0.00000
Acanthocystis turfacea chlorella virus 1	322019	S	1	0	1	0.00000
Yellowstone lake phycodnavirus 1	1586713	S	2	0	2	0.00000
Yellowstone lake phycodnavirus 2	1586714	S	2	0	2	0.00000
Yellowstone lake phycodnavirus 3	1586715	S	2	0	2	0.00000
Megavirus chiliensis	1094892	S	1	1	2	0.00000
Lymantria dispar multiple nucleopolyhedrovirus	10449	S	1	0	1	0.00000
Trichoplusia ni single nucleopolyhedrovirus	332054	S	1	0	1	0.00000
Choristoneura fumiferana granulovirus	56947	S	1	0	1	0.00000
Wenling hepe-like virus 2	1923494	S	1	0	1	0.00000
Rosavirus C	1902502	S	1	0	1	0.00000
Gammapapillomavirus 15	1513260	S	1	0	1	0.00000
