name	taxonomy_id	taxonomy_lvl	kraken_assigned_reads	added_reads	new_est_reads	fraction_total_reads
Homo sapiens	9606	S	14359308	13998	14373306	0.94886
Variovorax sp. PAMC26660	2762322	S	1276	144	1420	0.00009
Variovorax sp. 38R	2774875	S	1195	872	2067	0.00014
Variovorax sp. PAMC 28711	1795631	S	869	56	925	0.00006
Variovorax sp. HW608	1034889	S	800	54	854	0.00006
Variovorax sp. PAMC28562	2762323	S	562	18	580	0.00004
Variovorax sp. RKNM96	2681552	S	544	117	661	0.00004
Variovorax sp. WDL1	207745	S	538	404	942	0.00006
Variovorax sp. RA8	662548	S	487	257	744	0.00005
Variovorax sp. PBS-H4	434008	S	474	177	651	0.00004
Variovorax sp. PBL-H6	434009	S	436	340	776	0.00005
Variovorax sp. PBL-E5	434014	S	200	300	500	0.00003
Variovorax sp. SRS16	282217	S	175	213	388	0.00003
Variovorax sp. PMC12	2126319	S	84	1918	2002	0.00013
Variovorax sp. PDNC026	2811425	S	71	1198	1269	0.00008
Variovorax paradoxus	34073	S	4177	1067	5244	0.00035
Variovorax boronicumulans	436515	S	3116	1638	4754	0.00031
Acidovorax sp. KKS102	358220	S	3983	1480	5463	0.00036
Acidovorax sp. JMULE5	2518343	S	3053	455	3508	0.00023
Acidovorax sp. T1	1858609	S	1498	3057	4555	0.00030
Acidovorax sp. 1608163	2478662	S	1389	151	1540	0.00010
Acidovorax sp. RAC01	1842533	S	1305	470	1775	0.00012
Acidovorax sp. HDW3	2714923	S	786	151	937	0.00006
Acidovorax sp. JS42	232721	S	277	4299	4576	0.00030
Acidovorax carolinensis	553814	S	1826	1013	2839	0.00019
Acidovorax avenae	80867	S	1062	462	1524	0.00010
Acidovorax monticola	1926868	S	742	129	871	0.00006
Acidovorax antarcticus	2743470	S	604	200	804	0.00005
Acidovorax cattleyae	80868	S	321	162	483	0.00003
Acidovorax citrulli	80869	S	258	190	448	0.00003
Acidovorax ebreus	721785	S	130	1103	1233	0.00008
Hydrogenophaga sp. BPS33	2651974	S	996	448	1444	0.00010
Hydrogenophaga sp. RAC07	1842537	S	891	246	1137	0.00008
Hydrogenophaga sp. PBL-H3	434010	S	790	566	1356	0.00009
Hydrogenophaga sp. YM1	2806262	S	661	198	859	0.00006
Hydrogenophaga sp. BA0156	2716225	S	639	248	887	0.00006
Hydrogenophaga sp. PAMC20947	2565558	S	637	19	656	0.00004
Hydrogenophaga sp. PBC	795665	S	578	272	850	0.00006
Hydrogenophaga sp. NH-16	2184519	S	454	673	1127	0.00007
Hydrogenophaga crassostreae	1763535	S	636	17	653	0.00004
Hydrogenophaga pseudoflava	47421	S	443	481	924	0.00006
Rhodoferax sp. AJA081-3	2752316	S	1012	63	1075	0.00007
Rhodoferax sp. BAB1	2741720	S	953	148	1101	0.00007
Rhodoferax sp. PAMC29310	2822760	S	545	61	606	0.00004
Rhodoferax koreense	1842727	S	1348	631	1979	0.00013
Rhodoferax sediminis	2509614	S	1102	83	1185	0.00008
Rhodoferax saidenbachensis	1484693	S	846	66	912	0.00006
Rhodoferax antarcticus	81479	S	595	30	625	0.00004
Rhodoferax ferrireducens	192843	S	595	27	622	0.00004
Comamonas testosteroni	285	S	1581	1446	3027	0.00020
Comamonas aquatica	225991	S	1257	297	1554	0.00010
Comamonas serinivorans	1082851	S	639	77	716	0.00005
Comamonas koreensis	160825	S	603	107	710	0.00005
Comamonas thiooxydans	363952	S	596	554	1150	0.00008
Comamonas kerstersii	225992	S	574	121	695	0.00005
Comamonas sp. NLF-7-7	2597701	S	459	117	576	0.00004
Comamonas sp. 7D-2	1232667	S	3	55	58	0.00000
Comamonas piscis	1562974	S	395	37	432	0.00003
Diaphorobacter sp. HDW4A	2714924	S	4403	2570	6973	0.00046
Diaphorobacter sp. HDW4B	2714925	S	525	27	552	0.00004
Diaphorobacter sp. JS3051	2792224	S	100	1587	1687	0.00011
Diaphorobacter sp. JS3050	2735554	S	79	1259	1338	0.00009
Diaphorobacter aerolatus	1288495	S	1170	1041	2211	0.00015
Diaphorobacter ruginosibacter	1715720	S	402	33	435	0.00003
Diaphorobacter polyhydroxybutyrativorans	1546149	S	173	986	1159	0.00008
Delftia acidovorans	80866	S	1293	1928	3221	0.00021
Delftia sp. Cs1-4	742013	S	167	321	488	0.00003
Delftia sp. HK171	1920191	S	68	148	216	0.00001
Delftia sp. KV29	1170710	S	20	1817	1837	0.00012
Delftia lacustris	558537	S	248	1080	1328	0.00009
Delftia tsuruhatensis	180282	S	177	577	754	0.00005
Polaromonas sp. JS666	296591	S	856	41	897	0.00006
Polaromonas sp. W9N	1840323	S	27	0	27	0.00000
Polaromonas sp.	1869339	S	23	21	44	0.00000
Polaromonas sp. H8N	1840297	S	21	3	24	0.00000
Polaromonas sp. H6N	1840293	S	3	0	3	0.00000
Polaromonas sp. E10S	1840239	S	2	7	9	0.00000
Polaromonas sp. W10N	1840301	S	2	0	2	0.00000
Polaromonas sp. W11N	1840303	S	2	0	2	0.00000
Polaromonas sp. E3S	1840265	S	1	3	4	0.00000
Polaromonas sp. SP1	2268087	S	1	794	795	0.00005
Polaromonas naphthalenivorans	216465	S	983	113	1096	0.00007
Polaromonas vacuolata	37448	S	197	39	236	0.00002
Ottowia oryzae	2109914	S	1407	130	1537	0.00010
Ottowia sp. 27C	2816950	S	788	59	847	0.00006
Ottowia sp. oral taxon 894	1658672	S	361	18	379	0.00003
Kinneretia sp. DAIF2	2714952	S	2412	384	2796	0.00018
Alicycliphilus denitrificans	179636	S	1965	3440	5405	0.00036
Limnohabitans sp. 63ED37-2	1678128	S	1349	96	1445	0.00010
Limnohabitans sp. 103DPR2	1678129	S	306	16	322	0.00002
Schlegelella thermodepolymerans	215580	S	1551	318	1869	0.00012
Ramlibacter tataouinensis	94132	S	1234	130	1364	0.00009
Curvibacter sp. AEP1-3	1844971	S	1163	39	1202	0.00008
Simplicispira suum	2109915	S	659	143	802	0.00005
Pulveribacter suum	2116657	S	654	116	770	0.00005
Serpentinomonas raichei	1458425	S	286	67	353	0.00002
Serpentinomonas mccroryi	1458426	S	273	64	337	0.00002
Melaminivora sp. SC2-9	2109913	S	567	218	785	0.00005
Hylemonella gracilis	80880	S	559	32	591	0.00004
Verminephrobacter eiseniae	364317	S	539	19	558	0.00004
Candidatus Symbiobacter mobilis	1436290	S	164	1	165	0.00001
Aquabacterium olei	1296669	S	27600	5173	32773	0.00216
Rhizobacter sp. AJA081-3	2753607	S	2041	354	2395	0.00016
Rhizobacter gummiphilus	946333	S	1530	211	1741	0.00011
Methylibium petroleiphilum	105560	S	744	569	1313	0.00009
Methylibium sp. Pch-M	2082386	S	568	506	1074	0.00007
Methylibium sp. T29	1430884	S	29	73	102	0.00001
Paucibacter sp. KCTC 42545	1768242	S	2071	283	2354	0.00016
Sphaerotilus natans	34103	S	1836	432	2268	0.00015
Leptothrix cholodnii	34029	S	1579	344	1923	0.00013
Rubrivivax gelatinosus	28068	S	1482	306	1788	0.00012
Roseateles depolymerans	76731	S	1482	211	1693	0.00011
Mitsuaria sp. 7	1658665	S	1331	206	1537	0.00010
Inhella inkyongensis	392593	S	1171	127	1298	0.00009
Thiomonas sp. X19	1050370	S	354	11	365	0.00002
Thiomonas sp. OC7	2493107	S	2	489	491	0.00003
Thiomonas intermedia	926	S	270	54	324	0.00002
Thiomonas arsenitoxydans	426114	S	71	12	83	0.00001
Xylophilus rhododendri	2697032	S	536	106	642	0.00004
Burkholderia multivorans	87883	S	322	111	433	0.00003
Burkholderia cenocepacia	95486	S	233	383	616	0.00004
Burkholderia cepacia	292	S	144	129	273	0.00002
Burkholderia contaminans	488447	S	143	78	221	0.00001
Burkholderia lata	482957	S	124	63	187	0.00001
Burkholderia anthina	179879	S	122	80	202	0.00001
Burkholderia ubonensis	101571	S	115	214	329	0.00002
Burkholderia stabilis	95485	S	94	56	150	0.00001
Burkholderia vietnamiensis	60552	S	81	179	260	0.00002
Burkholderia territorii	1503055	S	71	29	100	0.00001
Burkholderia stagnalis	1503054	S	54	21	75	0.00000
Burkholderia seminalis	488731	S	46	18	64	0.00000
Burkholderia latens	488446	S	42	93	135	0.00001
Burkholderia pyrrocinia	60550	S	42	19	61	0.00000
Burkholderia metallica	488729	S	36	14	50	0.00000
Burkholderia pseudomultivorans	1207504	S	34	36	70	0.00000
Burkholderia ambifaria	152480	S	25	17	42	0.00000
Burkholderia diffusa	488732	S	16	6	22	0.00000
Burkholderia sp. DHOD12	2571746	S	132	9	141	0.00001
Burkholderia sp. THE68	758782	S	120	12	132	0.00001
Burkholderia sp. Bp7605	1740163	S	77	6	83	0.00001
Burkholderia sp. CCGE1003	640512	S	75	15	90	0.00001
Burkholderia sp. PAMC 26561	1795043	S	61	41	102	0.00001
Burkholderia sp. KK1	1855726	S	54	62	116	0.00001
Burkholderia sp. JP2-270	2217913	S	39	19	58	0.00000
Burkholderia sp. MS389	2811789	S	36	16	52	0.00000
Burkholderia sp. YI23	1097668	S	36	52	88	0.00001
Burkholderia sp. PAMC 28687	1795874	S	32	38	70	0.00000
Burkholderia sp. RPE67	758796	S	31	43	74	0.00000
Burkholderia sp. NRF60-BP8	1637853	S	23	9	32	0.00000
Burkholderia sp. MSMB0856	1637869	S	23	11	34	0.00000
Burkholderia sp. IDO3	1705310	S	18	22	40	0.00000
Burkholderia sp. LA-2-3-30-S1-D2	1637862	S	17	7	24	0.00000
Burkholderia sp. KBS0801	1179675	S	9	13	22	0.00000
Burkholderia sp. MS455	2811788	S	7	3	10	0.00000
Burkholderia sp. MBR-1	2732364	S	6	19	25	0.00000
Burkholderia sp. 2002721687	1468409	S	2	642	644	0.00004
Burkholderia pseudomallei	28450	S	339	570	909	0.00006
Burkholderia thailandensis	57975	S	89	99	188	0.00001
Burkholderia oklahomensis	342113	S	55	11	66	0.00000
Burkholderia sp. BDU8	1385592	S	40	6	46	0.00000
Burkholderia sp. MSMB0852	1637841	S	30	36	66	0.00000
Burkholderia sp. BDU6	1385591	S	23	4	27	0.00000
Burkholderia sp. MSMB617WGS	1637831	S	18	29	47	0.00000
Burkholderia sp. MSMB0266	1637837	S	8	6	14	0.00000
Burkholderia sp. MSMB1588	1636423	S	4	7	11	0.00000
Burkholderia mallei	13373	S	3	17	20	0.00000
Burkholderia gladioli	28095	S	340	48	388	0.00003
Burkholderia glumae	337	S	176	29	205	0.00001
Burkholderia plantarii	41899	S	159	21	180	0.00001
Cupriavidus taiwanensis	164546	S	964	488	1452	0.00010
Cupriavidus basilensis	68895	S	609	248	857	0.00006
Cupriavidus necator	106590	S	485	109	594	0.00004
Cupriavidus pauculus	82633	S	380	80	460	0.00003
Cupriavidus metallidurans	119219	S	353	251	604	0.00004
Cupriavidus oxalaticus	96344	S	346	108	454	0.00003
Cupriavidus campinensis	151783	S	254	86	340	0.00002
Cupriavidus pinatubonensis	248026	S	228	116	344	0.00002
Cupriavidus sp. USMAA2-4	876364	S	39	194	233	0.00002
Cupriavidus sp. USMAHM13	1389192	S	24	121	145	0.00001
Cupriavidus sp. ISTL7	2771360	S	24	128	152	0.00001
Cupriavidus neocaledonicus	1040979	S	76	65	141	0.00001
Cupriavidus gilardii	82541	S	43	132	175	0.00001
Cupriavidus nantongensis	1796606	S	41	63	104	0.00001
Cupriavidus malaysiensis	367825	S	28	152	180	0.00001
Ralstonia solanacearum	305	S	805	438	1243	0.00008
Ralstonia pickettii	329	S	596	258	854	0.00006
Ralstonia insidiosa	190721	S	377	111	488	0.00003
Ralstonia mannitolilytica	105219	S	350	210	560	0.00004
blood disease bacterium A2-HR MARDI	1944648	S	17	612	629	0.00004
Ralstonia pseudosolanacearum	1310165	S	12	29	41	0.00000
Ralstonia syzygii	28097	S	10	136	146	0.00001
Paraburkholderia sp. 7MH5	2547399	S	167	17	184	0.00001
Paraburkholderia sp. SOS3	1926494	S	90	5	95	0.00001
Paraburkholderia sp. Msb3	2604047	S	82	41	123	0.00001
Paraburkholderia sp. PGU19	2735434	S	53	24	77	0.00001
Paraburkholderia sp. PGU16	2735433	S	48	14	62	0.00000
Paraburkholderia aromaticivorans	2026199	S	199	64	263	0.00002
Paraburkholderia acidisoli	2571748	S	174	19	193	0.00001
Paraburkholderia phytofirmans	261302	S	168	73	241	0.00002
Paraburkholderia caribensis	75105	S	149	51	200	0.00001
Paraburkholderia terricola	169427	S	137	25	162	0.00001
Paraburkholderia tropica	92647	S	129	19	148	0.00001
Paraburkholderia acidiphila	2571747	S	122	14	136	0.00001
Paraburkholderia hospita	169430	S	110	79	189	0.00001
Paraburkholderia atlantica	2654982	S	101	15	116	0.00001
Paraburkholderia caledonica	134536	S	89	11	100	0.00001
Paraburkholderia xenovorans	36873	S	84	59	143	0.00001
Paraburkholderia phymatum	148447	S	80	17	97	0.00001
Paraburkholderia sprentiae	948107	S	80	9	89	0.00001
Paraburkholderia caffeinilytica	1761016	S	78	14	92	0.00001
Paraburkholderia graminis	60548	S	76	14	90	0.00001
Paraburkholderia megapolitana	420953	S	67	3	70	0.00000
Paraburkholderia fungorum	134537	S	63	10	73	0.00000
Paraburkholderia dokdonella	2211211	S	60	10	70	0.00000
Paraburkholderia phenoliruptrix	252970	S	59	18	77	0.00001
Paraburkholderia ginsengisoli	311231	S	50	10	60	0.00000
Paraburkholderia acidophila	265293	S	30	62	92	0.00001
Paraburkholderia terrae	311230	S	14	12	26	0.00000
Polynucleobacter difficilis	556054	S	916	27	943	0.00006
Polynucleobacter necessarius	576610	S	388	13	401	0.00003
Polynucleobacter duraquae	1835254	S	214	13	227	0.00001
Polynucleobacter asymbioticus	576611	S	106	7	113	0.00001
Polynucleobacter sp. LimPoW16	1743162	S	33	1	34	0.00000
Polynucleobacter sp. MWH-UH21B	1743174	S	23	1	24	0.00000
Polynucleobacter acidiphobus	556053	S	49	0	49	0.00000
Polynucleobacter wuianus	1743168	S	36	4	40	0.00000
Polynucleobacter paneuropaeus	2527775	S	36	1	37	0.00000
Pandoraea pnomenusa	93220	S	290	121	411	0.00003
Pandoraea apista	93218	S	141	50	191	0.00001
Pandoraea vervacti	656178	S	115	30	145	0.00001
Pandoraea pulmonicola	93221	S	104	15	119	0.00001
Pandoraea thiooxydans	445709	S	101	3	104	0.00001
Pandoraea faecigallinarum	656179	S	95	22	117	0.00001
Pandoraea sp. XY-2	2518599	S	89	21	110	0.00001
Pandoraea fibrosis	1891094	S	84	24	108	0.00001
Pandoraea norimbergensis	93219	S	83	8	91	0.00001
Pandoraea sputorum	93222	S	71	27	98	0.00001
Pandoraea oxalativorans	573737	S	54	22	76	0.00001
Caballeronia sp. M1242	2814653	S	73	8	81	0.00001
Caballeronia sp. SBC1	2705548	S	8	79	87	0.00001
Caballeronia sp. SBC2	2705547	S	7	44	51	0.00000
Caballeronia insecticola	758793	S	89	9	98	0.00001
Chitinimonas arctica	2594795	S	186	6	192	0.00001
Limnobacter sp. SAORIC-580	2732163	S	168	3	171	0.00001
Lautropia mirabilis	47671	S	145	11	156	0.00001
Mycetohabitans rhizoxinica	412963	S	118	2	120	0.00001
Ephemeroptericola cinctiostellae	2268024	S	57	1	58	0.00000
Mycoavidus cysteinexigens	1553431	S	32	1	33	0.00000
Mycoavidus sp. B2-EB	2651972	S	19	1	20	0.00000
Janthinobacterium sp. HH102	1537274	S	545	793	1338	0.00009
Janthinobacterium sp. LM6	1938606	S	490	188	678	0.00004
Janthinobacterium sp. 1_2014MBL_MicDiv	1644131	S	485	104	589	0.00004
Janthinobacterium sp. 17J80-10	2497863	S	139	10	149	0.00001
Janthinobacterium sp. PLB02	2808899	S	130	189	319	0.00002
Janthinobacterium sp. Marseille	375286	S	117	22	139	0.00001
Janthinobacterium sp. B9-8	1236179	S	41	8	49	0.00000
Janthinobacterium agaricidamnosum	55508	S	589	628	1217	0.00008
Janthinobacterium tructae	2590869	S	340	127	467	0.00003
Janthinobacterium svalbardensis	368607	S	331	119	450	0.00003
Janthinobacterium lividum	29581	S	300	299	599	0.00004
Massilia sp. WG5	1707785	S	261	170	431	0.00003
Massilia sp. NR 4-1	1678028	S	214	45	259	0.00002
Massilia sp. LPB0304	2769491	S	213	142	355	0.00002
Massilia sp. CCM 8941	2765360	S	181	67	248	0.00002
Massilia sp. YMA4	1593482	S	149	104	253	0.00002
Massilia armeniaca	2072590	S	241	127	368	0.00002
Massilia violaceinigra	2045208	S	229	65	294	0.00002
Massilia putida	1141883	S	221	74	295	0.00002
Massilia lutea	321985	S	210	57	267	0.00002
Massilia oculi	945844	S	204	34	238	0.00002
Massilia flava	871742	S	201	34	235	0.00002
Massilia albidiflava	321983	S	199	76	275	0.00002
Massilia plicata	321984	S	191	39	230	0.00002
Massilia umbonata	864828	S	163	61	224	0.00001
Herbaspirillum rubrisubalbicans	80842	S	349	95	444	0.00003
Herbaspirillum seropedicae	964	S	321	95	416	0.00003
Herbaspirillum robiniae	2014887	S	313	69	382	0.00003
Herbaspirillum huttiense	863372	S	261	87	348	0.00002
Herbaspirillum frisingense	92645	S	208	51	259	0.00002
Herbaspirillum sp. meg3	2025949	S	162	11	173	0.00001
Herbaspirillum hiltneri	341045	S	158	14	172	0.00001
Collimonas fungivorans	158899	S	413	59	472	0.00003
Collimonas pratensis	279113	S	339	56	395	0.00003
Collimonas arenae	279058	S	262	27	289	0.00002
Duganella sp. GN2-R2	2728020	S	318	77	395	0.00003
Duganella sp. AF9R3	2728021	S	269	32	301	0.00002
Undibacterium sp. YM2	2058625	S	137	47	184	0.00001
Undibacterium sp. KW1	2058624	S	120	42	162	0.00001
Undibacterium parvum	401471	S	94	8	102	0.00001
Noviherbaspirillum sp. UKPF54	2601898	S	270	22	292	0.00002
Glaciimonas sp. PAMC28666	2807626	S	69	3	72	0.00000
Herminiimonas arsenitoxidans	1809410	S	60	9	69	0.00000
Oxalobacter formigenes	847	S	46	1	47	0.00000
Achromobacter xylosoxidans	85698	S	774	721	1495	0.00010
Achromobacter spanius	217203	S	409	92	501	0.00003
Achromobacter sp. AONIH1	1758194	S	175	112	287	0.00002
Achromobacter sp. B7	2282475	S	110	15	125	0.00001
Achromobacter sp. MFA1 R4	1881016	S	95	18	113	0.00001
Achromobacter denitrificans	32002	S	268	155	423	0.00003
Achromobacter pestifer	1353889	S	115	74	189	0.00001
Achromobacter insolitus	217204	S	107	22	129	0.00001
Achromobacter deleyi	1353891	S	81	106	187	0.00001
Achromobacter ruhlandii	72557	S	8	338	346	0.00002
Bordetella sp. N	1746199	S	222	17	239	0.00002
Bordetella sp. H567	1697043	S	133	8	141	0.00001
Bordetella hinzii	103855	S	280	62	342	0.00002
Bordetella genomosp. 13	463040	S	229	83	312	0.00002
Bordetella genomosp. 9	1416803	S	217	31	248	0.00002
Bordetella petrii	94624	S	213	174	387	0.00003
Bordetella avium	521	S	180	19	199	0.00001
Bordetella bronchialis	463025	S	164	11	175	0.00001
Bordetella flabilis	463014	S	162	7	169	0.00001
Bordetella trematum	123899	S	136	31	167	0.00001
Bordetella genomosp. 8	1416806	S	136	9	145	0.00001
Bordetella holmesii	35814	S	134	19	153	0.00001
Bordetella pseudohinzii	1331258	S	94	24	118	0.00001
Bordetella bronchiseptica	518	S	91	269	360	0.00002
Bordetella parapertussis	519	S	43	219	262	0.00002
Bordetella pertussis	520	S	23	91	114	0.00001
Bordetella genomosp. 6	463024	S	9	10	19	0.00000
Alcaligenes faecalis	511	S	299	106	405	0.00003
Alcaligenes sp. SORT26	2813780	S	52	8	60	0.00000
Alcaligenes aquatilis	323284	S	20	48	68	0.00000
Pigmentiphaga aceris	1940612	S	247	7	254	0.00002
Pigmentiphaga sp. H8	2488560	S	197	12	209	0.00001
Pusillimonas sp. T7-7	1007105	S	77	6	83	0.00001
Pusillimonas sp. DMV24BSW_D	2716226	S	69	3	72	0.00000
Pusillimonas thiosulfatoxidans	2028345	S	59	5	64	0.00000
Orrella dioscoreae	1851544	S	173	32	205	0.00001
Castellaniella defragrans	75697	S	140	46	186	0.00001
Advenella kashmirensis	310575	S	65	2	67	0.00000
Advenella mimigardefordensis	302406	S	51	1	52	0.00000
Kerstersia gyiorum	206506	S	107	14	121	0.00001
Taylorella equigenitalis	29575	S	36	15	51	0.00000
Taylorella asinigenitalis	84590	S	15	0	15	0.00000
Oligella ureolytica	90244	S	25	6	31	0.00000
Oligella urethralis	90245	S	11	1	12	0.00000
Paenalcaligenes hominis	643674	S	31	0	31	0.00000
Algicoccus marinus	2163011	S	30	2	32	0.00000
Pelistega ratti	2652177	S	29	1	30	0.00000
Basilea psittacipulmonis	1472345	S	9	0	9	0.00000
Sutterella megalosphaeroides	2494234	S	37	2	39	0.00000
Sutterella faecalis	2584944	S	32	1	33	0.00000
Sutterella wadsworthensis	40545	S	12	0	12	0.00000
Turicimonas muris	1796652	S	28	0	28	0.00000
Azoarcus sp. M9-3-2	2016596	S	212	12	224	0.00001
Azoarcus sp. DD4	2027405	S	189	65	254	0.00002
Azoarcus sp. KH32C	748247	S	165	10	175	0.00001
Azoarcus sp. CIB	198107	S	154	43	197	0.00001
Azoarcus sp. DN11	356837	S	123	29	152	0.00001
Azoarcus communis	41977	S	274	49	323	0.00002
Azoarcus olearius	418699	S	250	48	298	0.00002
Azoarcus pumilus	2067960	S	148	17	165	0.00001
Thauera sp. MZ1T	85643	S	200	124	324	0.00002
Thauera sp. K11	2005884	S	175	54	229	0.00002
Thauera humireducens	1134435	S	185	37	222	0.00001
Thauera chlorobenzoica	96773	S	106	44	150	0.00001
Thauera aromatica	59405	S	102	68	170	0.00001
Thauera hydrothermalis	2184083	S	85	11	96	0.00001
Azospira sp. I09	1765049	S	327	385	712	0.00005
Azospira restricta	404405	S	225	49	274	0.00002
Azospira oryzae	146939	S	155	133	288	0.00002
Oryzomicrobium terrae	1735038	S	358	27	385	0.00003
Aromatoleum aromaticum	551760	S	132	17	149	0.00001
Aromatoleum petrolei	76116	S	131	32	163	0.00001
Aromatoleum bremense	76115	S	67	12	79	0.00001
Niveibacterium sp. HC41	2811415	S	165	7	172	0.00001
Rugosibacter aromaticivorans	1565605	S	67	5	72	0.00000
Dechloromonas sp. TW-R-39-2	2654218	S	190	10	200	0.00001
Dechloromonas sp. HYN0024	2231055	S	104	5	109	0.00001
Dechloromonas aromatica	259537	S	254	13	267	0.00002
Fluviibacter phosphoraccumulans	1751046	S	69	11	80	0.00001
Chromobacterium vaccinii	1108595	S	169	32	201	0.00001
Chromobacterium paludis	2605945	S	125	22	147	0.00001
Chromobacterium violaceum	536	S	119	33	152	0.00001
Chromobacterium phragmitis	2202141	S	97	20	117	0.00001
Chromobacterium sp. ATCC 53434	2059672	S	51	7	58	0.00000
Chromobacterium sp. Rain0013	2292447	S	40	26	66	0.00000
Chromobacterium rhizoryzae	1778675	S	41	145	186	0.00001
Chromobacterium haemolyticum	394935	S	26	126	152	0.00001
Iodobacter sp. H11R3	2496266	S	41	7	48	0.00000
Iodobacter fluviatilis	537	S	28	4	32	0.00000
Aquitalea aquatilis	1537400	S	118	19	137	0.00001
Aquitalea denitrificans	519081	S	108	34	142	0.00001
Aquitalea sp. USM4	1590041	S	81	27	108	0.00001
Aquitalea magnusonii	332411	S	49	17	66	0.00000
Pseudogulbenkiania sp. NH8B	748280	S	206	29	235	0.00002
Vogesella sp. LIG4	1192162	S	188	16	204	0.00001
Laribacter hongkongensis	168471	S	161	40	201	0.00001
Aquaspirillum sp. LM1	1938604	S	152	8	160	0.00001
Jeongeupia sp. USM3	1906741	S	72	7	79	0.00001
Jeongeupia sp. HS-3	1009682	S	50	4	54	0.00000
Chitinibacter sp. 2T18	2739434	S	50	50	100	0.00001
Chitinibacter fontanus	1737446	S	27	15	42	0.00000
Microvirgula aerodenitrificans	57480	S	101	7	108	0.00001
Deefgea sp. D17	2739061	S	36	3	39	0.00000
Vitreoscilla filiformis	63	S	651	68	719	0.00005
Vitreoscilla sp. C1	96942	S	13	0	13	0.00000
Neisseria sp. oral taxon 014	641148	S	25	4	29	0.00000
Neisseria sp. KEM232	655307	S	22	1	23	0.00000
Neisseria sp. ZJ785	2709396	S	11	2	13	0.00000
Neisseria sp. 10022	1853276	S	6	1	7	0.00000
Neisseria meningitidis	487	S	49	170	219	0.00001
Neisseria animaloris	326522	S	40	3	43	0.00000
Neisseria elongata	495	S	34	6	40	0.00000
Neisseria lactamica	486	S	32	12	44	0.00000
Neisseria musculi	1815583	S	31	1	32	0.00000
Neisseria dentiae	194197	S	28	1	29	0.00000
Neisseria wadsworthii	607711	S	27	2	29	0.00000
Neisseria shayeganii	607712	S	25	1	26	0.00000
Neisseria bacilliformis	267212	S	23	2	25	0.00000
Neisseria weaveri	28091	S	21	2	23	0.00000
Neisseria zoodegmatis	326523	S	21	2	23	0.00000
Neisseria subflava	28449	S	18	3	21	0.00000
Neisseria sicca	490	S	17	4	21	0.00000
Neisseria zalophi	640030	S	16	0	16	0.00000
Neisseria animalis	492	S	13	0	13	0.00000
Neisseria chenwenguii	1853278	S	11	0	11	0.00000
Neisseria gonorrhoeae	485	S	10	3	13	0.00000
Neisseria cinerea	483	S	10	2	12	0.00000
Neisseria canis	493	S	8	0	8	0.00000
Neisseria flavescens	484	S	7	1	8	0.00000
Neisseria mucosa	488	S	6	2	8	0.00000
Neisseria brasiliensis	2666100	S	4	1	5	0.00000
Neisseria polysaccharea	489	S	1	0	1	0.00000
Chitinolyticbacter meiyuanensis	682798	S	163	7	170	0.00001
Crenobacter cavernae	2290923	S	122	15	137	0.00001
Kingella oralis	505	S	35	3	38	0.00000
Kingella denitrificans	502	S	25	8	33	0.00000
Kingella kingae	504	S	25	2	27	0.00000
Eikenella corrodens	539	S	30	13	43	0.00000
Eikenella exigua	2528037	S	19	11	30	0.00000
Snodgrassella alvi	1196083	S	26	2	28	0.00000
Conchiformibius steedae	153493	S	21	1	22	0.00000
Simonsiella muelleri	72	S	18	1	19	0.00000
Alysiella filiformis	194196	S	14	1	15	0.00000
Denitratisoma sp. DHT3	1981880	S	187	94	281	0.00002
Denitratisoma oestradiolicum	311182	S	139	15	154	0.00001
Methyloversatilis sp. RAC08	1842540	S	272	15	287	0.00002
Sulfuritalea hydrogenivorans	748811	S	169	12	181	0.00001
Sterolibacterium denitrificans	157592	S	116	20	136	0.00001
Methylotenera mobilis	359408	S	192	20	212	0.00001
Methylotenera versatilis	1055487	S	93	10	103	0.00001
Methylophilus sp. TWE2	1662285	S	89	6	95	0.00001
Methylophilus medardicus	2588534	S	60	5	65	0.00000
Methylovorus sp. MP688	887061	S	50	34	84	0.00001
Methylovorus glucosotrophus	266009	S	49	29	78	0.00001
Candidatus Methylopumilus turicensis	1581680	S	47	4	51	0.00000
Candidatus Methylopumilus universalis	2588536	S	39	7	46	0.00000
Candidatus Methylopumilus planktonicus	1581557	S	24	5	29	0.00000
Candidatus Methylopumilus rimovensis	2588535	S	23	1	24	0.00000
Methylobacillus flagellatus	405	S	48	7	55	0.00000
Nitrosomonas sp. Is79A3	261292	S	193	7	200	0.00001
Nitrosomonas sp. AL212	153948	S	13	9	22	0.00000
Nitrosomonas communis	44574	S	62	1	63	0.00000
Nitrosomonas eutropha	916	S	37	7	44	0.00000
Nitrosomonas ureae	44577	S	37	12	49	0.00000
Nitrosomonas stercoris	1444684	S	33	6	39	0.00000
Nitrosomonas europaea	915	S	23	2	25	0.00000
Nitrosospira lacus	1288494	S	43	1	44	0.00000
Nitrosospira multiformis	1231	S	25	0	25	0.00000
Nitrosospira briensis	35799	S	18	0	18	0.00000
Sulfuriferula nivalis	2675298	S	75	6	81	0.00001
Sulfuriferula plumbiphila	171865	S	74	8	82	0.00001
Sulfuriferula sp. AH1	1985873	S	74	12	86	0.00001
Sulfurimicrobium lacus	2715678	S	139	11	150	0.00001
Sulfuricella denitrificans	649841	S	80	6	86	0.00001
Sulfuritortus calidifontis	1914471	S	171	40	211	0.00001
Thiobacillus denitrificans	36861	S	124	13	137	0.00001
Sideroxydans lithotrophicus	63745	S	106	6	112	0.00001
Ferriphaselus amnicola	1188319	S	87	8	95	0.00001
Candidatus Nitrotoga sp. AM1P	2559597	S	52	4	56	0.00000
Gallionella capsiferriformans	370405	S	22	1	23	0.00000
Usitatibacter rugosus	2732067	S	105	7	112	0.00001
Usitatibacter palustris	2732487	S	86	7	93	0.00001
Casimicrobium huifangae	2591109	S	193	33	226	0.00001
Candidatus Accumulibacter phosphatis	327160	S	168	5	173	0.00001
Candidatus Kinetoplastibacterium crithidii	33056	S	47	-47	0	0.00000
Candidatus Kinetoplastibacterium sorsogonicusi	1576550	S	31	2	33	0.00000
Candidatus Kinetoplastibacterium desouzaii	994692	S	20	1	21	0.00000
Candidatus Kinetoplastibacterium galatii	994695	S	18	1	19	0.00000
Candidatus Kinetoplastibacterium oncopeltii	994696	S	15	1	16	0.00000
Candidatus Kinetoplastibacterium blastocrithidii	233181	S	10	-10	0	0.00000
Candidatus Profftella armatura	669502	S	17	8	25	0.00000
Candidatus Profftella armatura (Diaphorina cf. continua)	2661583	S	8	3	11	0.00000
Pseudomonas sp. CMR12a	658629	S	12030	1339	13369	0.00088
Pseudomonas sp. TUM18999	2725477	S	99	8	107	0.00001
Pseudomonas sp. ATCC 13867	1294143	S	85	7	92	0.00001
Pseudomonas sp. SCB32	2653853	S	84	3	87	0.00001
Pseudomonas sp. TCU-HL1	1856685	S	81	2	83	0.00001
Pseudomonas sp. CC6-YY-74	1930532	S	74	1	75	0.00000
Pseudomonas sp. K2W31S-8	2320867	S	74	2	76	0.00001
Pseudomonas sp. HLS-6	2049589	S	72	5	77	0.00001
Pseudomonas sp. MSPm1	2726956	S	70	4	74	0.00000
Pseudomonas sp. PDNC002	2811422	S	70	4	74	0.00000
Pseudomonas sp. MRSN12121	1611770	S	68	43	111	0.00001
Pseudomonas sp. S09G 359	2054919	S	68	4	72	0.00000
Pseudomonas sp. SK	2729423	S	62	3	65	0.00000
Pseudomonas sp. BIGb0427	2724470	S	61	2	63	0.00000
Pseudomonas sp. LPB0260	2614442	S	60	2	62	0.00000
Pseudomonas sp. S1-A32-2	2731681	S	58	1	59	0.00000
Pseudomonas sp. S34	1573718	S	53	3	56	0.00000
Pseudomonas sp. DY-1	1755504	S	52	1	53	0.00000
Pseudomonas sp. MPC6	2498848	S	51	3	54	0.00000
Pseudomonas sp. StFLB209	1028989	S	50	3	53	0.00000
Pseudomonas sp. ADPe	2774873	S	48	46	94	0.00001
Pseudomonas sp. S35	1573719	S	47	3	50	0.00000
Pseudomonas sp. ADAK13	2730847	S	47	3	50	0.00000
Pseudomonas sp. S-6-2	1931241	S	47	0	47	0.00000
Pseudomonas sp. ABC1	2748080	S	45	1	46	0.00000
Pseudomonas sp. 7SR1	1881017	S	45	2	47	0.00000
Pseudomonas sp. R32	1573704	S	43	1	44	0.00000
Pseudomonas sp. gcc21	2726989	S	43	5	48	0.00000
Pseudomonas sp. B11D7D	2735906	S	41	1	42	0.00000
Pseudomonas sp. SNU WT1	2518644	S	41	1	42	0.00000
Pseudomonas sp. ADAK22	2730851	S	39	6	45	0.00000
Pseudomonas sp. 02C 26	2054914	S	37	1	38	0.00000
Pseudomonas sp. M30-35	1981174	S	35	0	35	0.00000
Pseudomonas sp. DG56-2	2320270	S	35	0	35	0.00000
Pseudomonas sp. OIL-1	2706126	S	34	1	35	0.00000
Pseudomonas sp. Tri1	2823875	S	33	2	35	0.00000
Pseudomonas sp. CMR5c	658630	S	32	1	33	0.00000
Pseudomonas sp. LAB-08	143813	S	29	1	30	0.00000
Pseudomonas sp. NS1(2017)	2025658	S	29	2	31	0.00000
Pseudomonas sp. CCOS 191	1649877	S	29	4	33	0.00000
Pseudomonas sp. phDV1	253237	S	27	31	58	0.00000
Pseudomonas sp. ACM7	2052956	S	26	1	27	0.00000
Pseudomonas sp. RtIB026	2749999	S	25	2	27	0.00000
Pseudomonas sp. BIOMIG1BAC	1758730	S	24	11	35	0.00000
Pseudomonas sp. URMO17WK12:I11	1283291	S	24	7	31	0.00000
Pseudomonas sp. B10	118613	S	22	5	27	0.00000
Pseudomonas sp. C27(2019)	2604941	S	22	0	22	0.00000
Pseudomonas sp. IB20	1702250	S	22	2	24	0.00000
Pseudomonas sp. R5-89-07	658644	S	21	1	22	0.00000
Pseudomonas sp. Leaf58	1736226	S	21	0	21	0.00000
Pseudomonas sp. Os17	1500686	S	20	5	25	0.00000
Pseudomonas sp. 31-12	2201356	S	20	1	21	0.00000
Pseudomonas sp. LG1E9	2219057	S	20	1	21	0.00000
Pseudomonas sp. R76	1573711	S	20	3	23	0.00000
Pseudomonas sp. DTU12.3	2073078	S	19	1	20	0.00000
Pseudomonas sp. LTJR-52	2479392	S	19	2	21	0.00000
Pseudomonas sp. UW4	1207075	S	19	5	24	0.00000
Pseudomonas sp. 14181154	2662033	S	18	7	25	0.00000
Pseudomonas sp. R84	1573712	S	18	1	19	0.00000
Pseudomonas sp. Z003-0.4C(8344-21)	1855380	S	16	5	21	0.00000
Pseudomonas sp. ADAK18	2730848	S	16	0	16	0.00000
Pseudomonas sp. LPH1	1898684	S	15	5	20	0.00000
Pseudomonas sp. SWI44	2083053	S	15	5	20	0.00000
Pseudomonas sp. SDM007	2812000	S	15	2	17	0.00000
Pseudomonas sp. IzPS59	2774459	S	14	2	16	0.00000
Pseudomonas sp. R4-39-08	1173288	S	14	4	18	0.00000
Pseudomonas sp. FDAARGOS_380	2018067	S	14	4	18	0.00000
Pseudomonas sp. SXM-1	2169583	S	13	10	23	0.00000
Pseudomonas sp. MYb193	1827300	S	13	2	15	0.00000
Pseudomonas sp. Y39-6	2749807	S	12	17	29	0.00000
Pseudomonas sp. S49	1573720	S	11	1	12	0.00000
Pseudomonas sp. 09C 129	2054915	S	11	6	17	0.00000
Pseudomonas sp. CFA	2651048	S	10	13	23	0.00000
Pseudomonas sp. NIBRBAC000502773	2590776	S	10	2	12	0.00000
Pseudomonas sp. LBUM920	2126069	S	10	1	11	0.00000
Pseudomonas sp. J380	2605424	S	9	2	11	0.00000
Pseudomonas sp. BJP69	2597770	S	9	12	21	0.00000
Pseudomonas sp. R2-37-08W	1173273	S	9	2	11	0.00000
Pseudomonas sp. NC02	2067572	S	9	8	17	0.00000
Pseudomonas sp. VLB120	69328	S	8	7	15	0.00000
Pseudomonas sp. TMW 2.1634	1886807	S	8	11	19	0.00000
Pseudomonas sp. R2A2	2213057	S	8	2	10	0.00000
Pseudomonas sp. OST1909	2777367	S	7	9	16	0.00000
Pseudomonas sp. DR 5-09	1534110	S	7	1	8	0.00000
Pseudomonas sp. 15A4	2804761	S	6	0	6	0.00000
Pseudomonas sp. GR 6-02	1659194	S	6	2	8	0.00000
Pseudomonas sp. JY-Q	1338689	S	6	23	29	0.00000
Pseudomonas sp. s211(2017)	2045200	S	5	1	6	0.00000
Pseudomonas sp. RU47	2005388	S	5	0	5	0.00000
Pseudomonas sp. St29	1500687	S	5	1	6	0.00000
Pseudomonas sp. S150	2559074	S	4	1	5	0.00000
Pseudomonas sp. 13159349	2662034	S	4	12	16	0.00000
Pseudomonas sp. CFSAN084952	2664899	S	4	6	10	0.00000
Pseudomonas sp. R3-52-08	1173284	S	4	1	5	0.00000
Pseudomonas sp. SWI36	2083052	S	4	4	8	0.00000
Pseudomonas sp. XWY-1	2069256	S	4	6	10	0.00000
Pseudomonas sp. R4-34-07	658642	S	3	0	3	0.00000
Pseudomonas sp. PONIH3	1636610	S	3	5	8	0.00000
Pseudomonas sp. DTU12.1	2654238	S	3	0	3	0.00000
Pseudomonas sp. TKP	1415630	S	3	5	8	0.00000
Pseudomonas sp. bs2935	1761895	S	3	60	63	0.00000
Pseudomonas sp. R3-18-08	1173283	S	3	0	3	0.00000
Pseudomonas sp. LH1G9	2083055	S	3	3	6	0.00000
Pseudomonas sp. LG1D9	2083054	S	3	0	3	0.00000
Pseudomonas sp. R2-7-07	658641	S	2	0	2	0.00000
Pseudomonas sp.	306	S	2	8	10	0.00000
Pseudomonas sp. SWI6	2083051	S	2	1	3	0.00000
Pseudomonas sp. FGI182	1259844	S	2	0	2	0.00000
Pseudomonas sp. ATCC 43928	676210	S	2	0	2	0.00000
Pseudomonas sp. R11-23-07	658632	S	1	0	1	0.00000
Pseudomonas sp. SW-3	147212	S	1	1	2	0.00000
Pseudomonas sp. R1-43-08	1173270	S	1	0	1	0.00000
Pseudomonas sp. B14-6	2738843	S	1	1	2	0.00000
Pseudomonas sp. MPDS	2762896	S	1	0	1	0.00000
Pseudomonas sp. K-62	76885	S	1	0	1	0.00000
Pseudomonas sp. THAF187a	2587863	S	1	2577	2578	0.00017
Pseudomonas aeruginosa	287	S	1034	3128	4162	0.00027
Pseudomonas alcaligenes	43263	S	678	150	828	0.00005
Pseudomonas mendocina	300	S	272	30	302	0.00002
Pseudomonas citronellolis	53408	S	239	96	335	0.00002
Pseudomonas nitroreducens	46680	S	69	15	84	0.00001
Pseudomonas multiresinivorans	95301	S	64	5	69	0.00000
Pseudomonas oleovorans	301	S	79	82	161	0.00001
Pseudomonas furukawaii	1149133	S	48	4	52	0.00000
Pseudomonas resinovorans	53412	S	57	5	62	0.00000
Pseudomonas fluorescens	294	S	965	265	1230	0.00008
Pseudomonas tolaasii	29442	S	326	53	379	0.00003
Pseudomonas protegens	380021	S	182	11	193	0.00001
Pseudomonas azotoformans	47878	S	111	20	131	0.00001
Pseudomonas synxantha	47883	S	104	36	140	0.00001
Pseudomonas orientalis	76758	S	97	10	107	0.00001
Pseudomonas veronii	76761	S	74	82	156	0.00001
Pseudomonas trivialis	200450	S	67	9	76	0.00001
Pseudomonas rhodesiae	76760	S	63	14	77	0.00001
Pseudomonas poae	200451	S	61	11	72	0.00000
Pseudomonas libanensis	75588	S	58	33	91	0.00001
Pseudomonas mediterranea	183795	S	56	5	61	0.00000
Pseudomonas migulae	78543	S	54	11	65	0.00000
Pseudomonas brenneri	129817	S	50	6	56	0.00000
Pseudomonas corrugata	47879	S	31	2	33	0.00000
Pseudomonas cedrina	651740	S	30	3	33	0.00000
Pseudomonas mandelii	75612	S	26	28	54	0.00000
Pseudomonas extremorientalis	169669	S	25	5	30	0.00000
Pseudomonas mucidolens	46679	S	22	1	23	0.00000
Pseudomonas putida	303	S	887	477	1364	0.00009
Pseudomonas oryzihabitans	47885	S	151	9	160	0.00001
Pseudomonas monteilii	76759	S	127	72	199	0.00001
Pseudomonas plecoglossicida	70775	S	82	36	118	0.00001
Pseudomonas fulva	47880	S	62	36	98	0.00001
Pseudomonas mosselii	78327	S	5	6	11	0.00000
Pseudomonas sp. SGAir0191	2217867	S	4	1	5	0.00000
Pseudomonas stutzeri	316	S	687	135	822	0.00005
Pseudomonas balearica	74829	S	94	42	136	0.00001
Pseudomonas luteola	47886	S	32	6	38	0.00000
Pseudomonas xanthomarina	271420	S	30	2	32	0.00000
Pseudomonas syringae	317	S	195	106	301	0.00002
Pseudomonas asturiensis	1190415	S	67	1	68	0.00000
Pseudomonas savastanoi	29438	S	24	37	61	0.00000
Pseudomonas amygdali	47877	S	12	18	30	0.00000
Pseudomonas viridiflava	33069	S	43	1	44	0.00000
Pseudomonas cichorii	36746	S	43	0	43	0.00000
Pseudomonas coronafaciens	53409	S	31	1	32	0.00000
Pseudomonas syringae group genomosp. 3	251701	S	28	63	91	0.00001
Pseudomonas fuscovaginae	50340	S	12	3	15	0.00000
Pseudomonas sp. Lz4W	1206777	S	2	1	3	0.00000
Pseudomonas cannabina	86840	S	1	13	14	0.00000
Pseudomonas chlororaphis	587753	S	445	135	580	0.00004
Pseudomonas lundensis	86185	S	58	1	59	0.00000
Pseudomonas fragi	296	S	38	14	52	0.00000
Pseudomonas otitidis	319939	S	159	9	168	0.00001
Pseudomonas entomophila	312306	S	144	8	152	0.00001
Pseudomonas psychrotolerans	237610	S	125	8	133	0.00001
Pseudomonas knackmussii	65741	S	116	28	144	0.00001
Pseudomonas yamanorum	515393	S	99	7	106	0.00001
Pseudomonas eucalypticola	2599595	S	96	2	98	0.00001
Pseudomonas frederiksbergensis	104087	S	91	10	101	0.00001
Pseudomonas thivervalensis	86265	S	90	6	96	0.00001
Pseudomonas lalkuanensis	2604832	S	81	2	83	0.00001
Pseudomonas granadensis	1421430	S	81	15	96	0.00001
Pseudomonas oryzae	1392877	S	79	5	84	0.00001
Pseudomonas denitrificans (nom. rej.)	43306	S	79	4	83	0.00001
Pseudomonas vancouverensis	95300	S	79	3	82	0.00001
Pseudomonas brassicacearum	930166	S	78	66	144	0.00001
Pseudomonas guangdongensis	1245526	S	69	4	73	0.00000
Pseudomonas alkylphenolica	237609	S	68	3	71	0.00000
Pseudomonas sabulinigri	472181	S	66	0	66	0.00000
Pseudomonas pohangensis	364197	S	65	0	65	0.00000
Pseudomonas alcaliphila	101564	S	63	23	86	0.00001
Pseudomonas parafulva	157782	S	62	6	68	0.00000
Pseudomonas graminis	158627	S	58	5	63	0.00000
Pseudomonas sediminis	1691904	S	57	4	61	0.00000
Pseudomonas palleroniana	191390	S	56	2	58	0.00000
Pseudomonas marincola	437900	S	54	2	56	0.00000
Pseudomonas simiae	321846	S	53	4	57	0.00000
Pseudomonas arsenicoxydans	702115	S	52	2	54	0.00000
Pseudomonas taetrolens	47884	S	51	1	52	0.00000
Pseudomonas agarici	46677	S	50	0	50	0.00000
Pseudomonas salegens	1434072	S	49	0	49	0.00000
Pseudomonas reinekei	395598	S	45	2	47	0.00000
Pseudomonas koreensis	198620	S	45	5	50	0.00000
Pseudomonas antarctica	219572	S	43	3	46	0.00000
Pseudomonas cremoricolorata	157783	S	43	1	44	0.00000
Pseudomonas prosekii	1148509	S	42	1	43	0.00000
Pseudomonas pelagia	553151	S	41	1	42	0.00000
Pseudomonas gozinkensis	2774461	S	40	6	46	0.00000
Pseudomonas rhizosphaerae	216142	S	39	0	39	0.00000
Pseudomonas xinjiangensis	487184	S	38	0	38	0.00000
Pseudomonas viciae	2505979	S	37	3	40	0.00000
Pseudomonas lurida	244566	S	36	2	38	0.00000
Pseudomonas umsongensis	198618	S	34	1	35	0.00000
Pseudomonas litoralis	797277	S	31	1	32	0.00000
Pseudomonas moraviensis	321662	S	31	5	36	0.00000
Pseudomonas khazarica	2502979	S	30	16	46	0.00000
Pseudomonas saudiphocaensis	1499686	S	29	1	30	0.00000
Pseudomonas lini	163011	S	26	1	27	0.00000
Pseudomonas silesiensis	1853130	S	26	1	27	0.00000
Pseudomonas allokribbensis	2774460	S	25	2	27	0.00000
Pseudomonas extremaustralis	359110	S	23	1	24	0.00000
Pseudomonas sihuiensis	1274359	S	21	7	28	0.00000
Pseudomonas toyotomiensis	554344	S	20	7	27	0.00000
Pseudomonas versuta	1788301	S	19	0	19	0.00000
Pseudomonas psychrophila	122355	S	17	0	17	0.00000
Pseudomonas atacamensis	2565368	S	16	5	21	0.00000
Pseudomonas soli	1306993	S	16	22	38	0.00000
Pseudomonas cerasi	1583341	S	15	14	29	0.00000
Pseudomonas kribbensis	1628086	S	15	2	17	0.00000
Pseudomonas bijieensis	2681983	S	13	21	34	0.00000
Pseudomonas lactis	1615674	S	10	3	13	0.00000
Pseudomonas asplenii	53407	S	9	2	11	0.00000
Pseudomonas glycinae	1785145	S	6	4	10	0.00000
Candidatus Pseudomonas adelgestsugas	1302376	S	6	0	6	0.00000
Azotobacter chroococcum	353	S	135	23	158	0.00001
Azotobacter salinestris	69964	S	74	15	89	0.00001
Azotobacter vinelandii	354	S	41	-41	0	0.00000
Entomomonas sp. F2A	2785331	S	49	0	49	0.00000
Entomomonas moraniae	2213226	S	40	0	40	0.00000
Permianibacter aggregans	1510150	S	51	0	51	0.00000
Oblitimonas alkaliphila	1697053	S	30	1	31	0.00000
Acinetobacter junii	40215	S	6091	1006	7097	0.00047
Acinetobacter baumannii	470	S	355	1142	1497	0.00010
Acinetobacter pittii	48296	S	118	131	249	0.00002
Acinetobacter calcoaceticus	471	S	82	5	87	0.00001
Acinetobacter seifertii	1530123	S	70	18	88	0.00001
Acinetobacter nosocomialis	106654	S	49	14	63	0.00000
Acinetobacter lactucae	1785128	S	29	5	34	0.00000
Acinetobacter sp. MYb10	1827285	S	116	16	132	0.00001
Acinetobacter sp. WCHA45	2004644	S	95	81	176	0.00001
Acinetobacter sp. TTH0-4	1646498	S	61	7	68	0.00000
Acinetobacter sp. Marseille-Q1620	2714110	S	51	0	51	0.00000
Acinetobacter sp. WCHAc010034	1879049	S	40	10	50	0.00000
Acinetobacter sp. TGL-Y2	1407071	S	39	0	39	0.00000
Acinetobacter sp. WCHA55	2004646	S	26	16	42	0.00000
Acinetobacter sp. ACNIH2	1758189	S	24	7	31	0.00000
Acinetobacter sp. C16S1	2609668	S	23	4	27	0.00000
Acinetobacter sp. CS-2	2798861	S	21	7	28	0.00000
Acinetobacter sp. NEB149	2725684	S	21	38	59	0.00000
Acinetobacter sp. NEB 394	2743575	S	20	24	44	0.00000
Acinetobacter sp. YH12138	2601122	S	17	4	21	0.00000
Acinetobacter sp. LoGeW2-3	1808001	S	17	0	17	0.00000
Acinetobacter sp. 10FS3-1	2563897	S	16	7	23	0.00000
Acinetobacter sp. NCu2D-2	1608473	S	12	0	12	0.00000
Acinetobacter sp. SWBY1	2079596	S	9	11	20	0.00000
Acinetobacter sp. ACNIH1	1636603	S	7	17	24	0.00000
Acinetobacter sp. FDAARGOS_493	2420300	S	4	66	70	0.00000
Acinetobacter sp. WCHAc010052	2004647	S	3	1	4	0.00000
Acinetobacter sp. FDAARGOS_724	2545797	S	2	4	6	0.00000
Acinetobacter sp. M131	1280052	S	1	24	25	0.00000
Acinetobacter sp.	472	S	1	23	24	0.00000
Acinetobacter johnsonii	40214	S	266	260	526	0.00003
Acinetobacter haemolyticus	29430	S	214	58	272	0.00002
Acinetobacter lwoffii	28090	S	119	142	261	0.00002
Acinetobacter indicus	756892	S	113	36	149	0.00001
Acinetobacter guillouiae	106649	S	107	15	122	0.00001
Acinetobacter bereziniae	106648	S	96	10	106	0.00001
Acinetobacter tandoii	202954	S	84	2	86	0.00001
Acinetobacter ursingii	108980	S	74	21	95	0.00001
Acinetobacter wuhouensis	1879050	S	67	21	88	0.00001
Acinetobacter radioresistens	40216	S	61	7	68	0.00000
Acinetobacter venetianus	52133	S	48	5	53	0.00000
Acinetobacter soli	487316	S	48	1	49	0.00000
Acinetobacter equi	1324350	S	46	1	47	0.00000
Acinetobacter schindleri	108981	S	45	19	64	0.00000
Acinetobacter dispersus	70348	S	35	1	36	0.00000
Acinetobacter baylyi	202950	S	34	1	35	0.00000
Acinetobacter gyllenbergii	134534	S	34	1	35	0.00000
Acinetobacter defluvii	1871111	S	31	12	43	0.00000
Acinetobacter larvae	1789224	S	29	0	29	0.00000
Acinetobacter towneri	202956	S	28	30	58	0.00000
Acinetobacter cumulans	2136182	S	25	6	31	0.00000
Acinetobacter piscicola	2006115	S	24	7	31	0.00000
Acinetobacter lanii	2715163	S	21	0	21	0.00000
Acinetobacter shaoyimingii	2715164	S	18	0	18	0.00000
Acinetobacter wanghuae	2662362	S	18	0	18	0.00000
Acinetobacter oleivorans	1148157	S	14	2	16	0.00000
Acinetobacter variabilis	70346	S	13	12	25	0.00000
Acinetobacter chinensis	2004650	S	11	5	16	0.00000
Moraxella osloensis	34062	S	1153	53	1206	0.00008
Moraxella nonliquefaciens	478	S	28	1	29	0.00000
Moraxella catarrhalis	480	S	27	1	28	0.00000
Moraxella cuniculi	34061	S	27	0	27	0.00000
Moraxella bovis	476	S	23	1	24	0.00000
Moraxella bovoculi	386891	S	19	7	26	0.00000
Moraxella ovis	29433	S	15	11	26	0.00000
Psychrobacter sp. DAB_AL43B	1028416	S	33	2	35	0.00000
Psychrobacter sp. P11F6	1699621	S	23	3	26	0.00000
Psychrobacter sp.	56811	S	14	5	19	0.00000
Psychrobacter sp. 28M-43	2772254	S	11	3	14	0.00000
Psychrobacter sp. G	571800	S	11	32	43	0.00000
Psychrobacter sp. P11G5	1699624	S	10	20	30	0.00000
Psychrobacter sp. P11G3	1699623	S	5	1	6	0.00000
Psychrobacter sp. AntiMn-1	1720344	S	5	7	12	0.00000
Psychrobacter sp. P2G3	1699622	S	2	4	6	0.00000
Psychrobacter sp. YP14	2203895	S	2	4	6	0.00000
Psychrobacter sp. KCTC 72983	2733866	S	2	3	5	0.00000
Psychrobacter urativorans	45610	S	21	1	22	0.00000
Psychrobacter arenosus	256326	S	21	0	21	0.00000
Psychrobacter arcticus	334543	S	18	3	21	0.00000
Psychrobacter cryohalolentis	330922	S	3	8	11	0.00000
Aquirhabdus parva	2283318	S	34	0	34	0.00000
Klebsiella pneumoniae	573	S	1307	2769	4076	0.00027
Klebsiella aerogenes	548	S	57	10	67	0.00000
Klebsiella michiganensis	1134687	S	50	53	103	0.00001
Klebsiella oxytoca	571	S	49	23	72	0.00000
Klebsiella quasipneumoniae	1463165	S	49	67	116	0.00001
Klebsiella sp. STW0522-44	2681387	S	6	34	40	0.00000
Klebsiella sp. BDA134-6	2787706	S	1	3	4	0.00000
Klebsiella variicola	244366	S	38	31	69	0.00000
Klebsiella grimontii	2058152	S	37	104	141	0.00001
Klebsiella huaxiensis	2153354	S	13	3	16	0.00000
Klebsiella quasivariicola	2026240	S	5	2	7	0.00000
Klebsiella africana	2489010	S	1	0	1	0.00000
Enterobacter cloacae	550	S	132	145	277	0.00002
Enterobacter hormaechei	158836	S	89	356	445	0.00003
Enterobacter roggenkampii	1812935	S	56	74	130	0.00001
Enterobacter asburiae	61645	S	18	22	40	0.00000
Enterobacter kobei	208224	S	17	49	66	0.00000
Enterobacter cancerogenus	69218	S	13	0	13	0.00000
Enterobacter chengduensis	2494701	S	12	2	14	0.00000
Enterobacter sichuanensis	2071710	S	3	1	4	0.00000
Enterobacter ludwigii	299767	S	2	2	4	0.00000
Enterobacter cloacae complex sp.	2027919	S	1	1	2	0.00000
Enterobacter sp. 638	399742	S	26	1	27	0.00000
Enterobacter sp. E76	2596949	S	20	11	31	0.00000
Enterobacter sp. RHBSTW-00175	2742639	S	14	5	19	0.00000
Enterobacter sp. JUb54	2724468	S	13	0	13	0.00000
Enterobacter sp. SA187	1914861	S	13	0	13	0.00000
Enterobacter sp. RHBSTW-00994	2742676	S	12	0	12	0.00000
Enterobacter sp. RHB15-C17	2742619	S	12	1	13	0.00000
Enterobacter sp. SES19	2705458	S	4	1	5	0.00000
Enterobacter sp. LU1	1848517	S	4	12	16	0.00000
Enterobacter sp. E20	1560339	S	4	5	9	0.00000
Enterobacter sp. R4-368	1166130	S	3	0	3	0.00000
Enterobacter sp. N18-03635	2500132	S	1	0	1	0.00000
Enterobacter soli	885040	S	28	1	29	0.00000
Enterobacter oligotrophicus	2478464	S	9	0	9	0.00000
Enterobacter bugandensis	881260	S	2	0	2	0.00000
Citrobacter freundii	546	S	200	413	613	0.00004
Citrobacter portucalensis	1639133	S	11	48	59	0.00000
Citrobacter freundii complex sp. CFNIH2	2066049	S	9	4	13	0.00000
Citrobacter freundii complex sp. CFNIH9	2077149	S	1	7	8	0.00000
Citrobacter werkmanii	67827	S	5	3	8	0.00000
Citrobacter braakii	57706	S	3	6	9	0.00000
Citrobacter youngae	133448	S	1	0	1	0.00000
Citrobacter sp. R56	1573676	S	26	1	27	0.00000
Citrobacter sp. BDA59-3	2781952	S	7	1	8	0.00000
Citrobacter sp. RHB25-C09	2742624	S	6	0	6	0.00000
Citrobacter sp. CRE-46	1703250	S	5	21	26	0.00000
Citrobacter sp. LY-1	2546350	S	4	0	4	0.00000
Citrobacter sp. RHBSTW-00127	2742636	S	3	92	95	0.00001
Citrobacter sp. TSA-1	184912	S	3	5	8	0.00000
Citrobacter sp. CFNIH10	1920110	S	1	4	5	0.00000
Citrobacter sp. FDAARGOS_156	1702170	S	1	0	1	0.00000
Citrobacter sp. 172116965	2683822	S	1	4	5	0.00000
Citrobacter amalonaticus	35703	S	24	22	46	0.00000
Citrobacter farmeri	67824	S	11	9	20	0.00000
Citrobacter rodentium	67825	S	11	0	11	0.00000
Citrobacter koseri	545	S	8	3	11	0.00000
Citrobacter tructae	2562449	S	8	1	9	0.00000
Citrobacter telavivum	2653932	S	6	1	7	0.00000
Citrobacter cronae	1748967	S	3	5	8	0.00000
Citrobacter pasteurii	1563222	S	2	1	3	0.00000
Escherichia coli	562	S	336	1869	2205	0.00015
Escherichia fergusonii	564	S	67	44	111	0.00001
Escherichia albertii	208962	S	21	7	28	0.00000
Escherichia marmotae	1499973	S	17	3	20	0.00000
Escherichia sp. SCLE84	2725997	S	5	188	193	0.00001
Escherichia sp. E4742	2044467	S	3	0	3	0.00000
Blochmannia endosymbiont of Polyrhachis (Hedomyrma) turneri	1505596	S	26	0	26	0.00000
Blochmannia endosymbiont of Colobopsis nipponica	2681987	S	21	0	21	0.00000
Blochmannia endosymbiont of Camponotus (Colobopsis) obliquus	1505597	S	18	0	18	0.00000
Blochmannia endosymbiont of Camponotus nipponensis	2681986	S	11	0	11	0.00000
Candidatus Blochmannia vafer	251535	S	18	0	18	0.00000
Candidatus Blochmannia pennsylvanicus	101534	S	5	14	19	0.00000
Candidatus Blochmannia chromaiodes	251542	S	2	6	8	0.00000
Candidatus Hamiltonella defensa	138072	S	32	3	35	0.00000
secondary endosymbiont of Heteropsylla cubana	134287	S	13	0	13	0.00000
secondary endosymbiont of Ctenarytaina eucalypti	1199245	S	3	0	3	0.00000
Candidatus Annandia adelgestsuga	1302411	S	24	1	25	0.00000
Candidatus Tachikawaea gelatinosa	1410383	S	20	1	21	0.00000
Candidatus Gullanella endobia	1070130	S	17	0	17	0.00000
secondary endosymbiont of Trabutina mannipara	1835721	S	14	2	16	0.00000
Candidatus Purcelliella pentastirinorum	472834	S	11	0	11	0.00000
Candidatus Mikella endobia	1778264	S	10	1	11	0.00000
Candidatus Doolittlea endobia	1778262	S	4	0	4	0.00000
Candidatus Hoaglandella endobia	1778263	S	3	0	3	0.00000
Salmonella enterica	28901	S	216	1274	1490	0.00010
Salmonella bongori	54736	S	12	0	12	0.00000
Salmonella sp. SSDFZ54	2500542	S	2	109	111	0.00001
Enterobacteriaceae endosymbiont of Macroplea appendiculata	2675790	S	15	1	16	0.00000
Enterobacteriaceae endosymbiont of Plateumaris braccata	2675793	S	14	3	17	0.00000
Enterobacteriaceae endosymbiont of Neohaemonia nigricornis	2675792	S	12	0	12	0.00000
Enterobacteriaceae endosymbiont of Donacia proxima	2675782	S	12	4	16	0.00000
Enterobacteriaceae endosymbiont of Donacia bicoloricornis	2675772	S	12	3	15	0.00000
Enterobacteriaceae endosymbiont of Plateumaris rustica	2675796	S	10	2	12	0.00000
Enterobacteriaceae endosymbiont of Plateumaris sericea	2675797	S	9	2	11	0.00000
Enterobacteriaceae endosymbiont of Plateumaris consimilis	2675794	S	9	2	11	0.00000
Enterobacteriaceae endosymbiont of Donacia versicolorea	2675788	S	9	12	21	0.00000
Enterobacteriaceae endosymbiont of Donacia tomentosa	2675787	S	9	0	9	0.00000
Enterobacteriaceae endosymbiont of Donacia sparganii	2675785	S	7	1	8	0.00000
Enterobacteriaceae endosymbiont of Donacia vulgaris	2675789	S	7	2	9	0.00000
Enterobacteriaceae endosymbiont of Donacia provostii	2675781	S	7	1	8	0.00000
Enterobacteriaceae endosymbiont of Donacia marginata	2675779	S	6	2	8	0.00000
Enterobacteriaceae endosymbiont of Donacia cinerea	2675774	S	6	2	8	0.00000
Enterobacteriaceae endosymbiont of Donacia cincticornis	2675773	S	6	1	7	0.00000
Enterobacteriaceae endosymbiont of Donacia thalassina	2675786	S	5	1	6	0.00000
Enterobacteriaceae endosymbiont of Donacia piscatrix	2675780	S	5	1	6	0.00000
Enterobacteriaceae endosymbiont of Donacia dentata	2675777	S	5	6	11	0.00000
Enterobacteriaceae endosymbiont of Donacia clavipes	2675775	S	4	2	6	0.00000
Enterobacteriaceae endosymbiont of Macroplea mutica	2675791	S	3	0	3	0.00000
Enterobacteriaceae endosymbiont of Donacia semicuprea	2675783	S	2	1	3	0.00000
Enterobacteriaceae endosymbiont of Donacia fulgens	2675778	S	2	0	2	0.00000
Enterobacteriaceae endosymbiont of Donacia crassipes	2675776	S	2	0	2	0.00000
Enterobacteriaceae endosymbiont of Donacia simplex	2675784	S	1	0	1	0.00000
Enterobacteriaceae endosymbiont of Plateumaris pusilla	2675795	S	1	0	1	0.00000
Kosakonia cowanii	208223	S	37	14	51	0.00000
Kosakonia sp. SMBL-WEM22	2725560	S	13	2	15	0.00000
Kosakonia sp. MUSA4	2067958	S	12	3	15	0.00000
Kosakonia sp. CCTCC M2018092	2492396	S	5	2	7	0.00000
Kosakonia sacchari	1158459	S	28	5	33	0.00000
Kosakonia arachidis	551989	S	22	1	23	0.00000
Kosakonia pseudosacchari	1646340	S	13	2	15	0.00000
Kosakonia radicincitans	283686	S	12	3	15	0.00000
Kosakonia oryzae	497725	S	3	1	4	0.00000
Cronobacter sakazakii	28141	S	43	20	63	0.00000
Cronobacter malonaticus	413503	S	35	40	75	0.00000
Cronobacter universalis	535744	S	21	5	26	0.00000
Cronobacter condimenti	1163710	S	16	1	17	0.00000
Cronobacter dublinensis	413497	S	5	0	5	0.00000
Cronobacter muytjensii	413501	S	2	3	5	0.00000
Cronobacter sp. JZ38	1906275	S	2	2	4	0.00000
Leclercia sp. 4-9-1-25	2815358	S	14	1	15	0.00000
Leclercia sp. J807	2681307	S	12	15	27	0.00000
Leclercia sp. 29361	2714951	S	12	1	13	0.00000
Leclercia sp. 119287	2681308	S	10	17	27	0.00000
Leclercia sp. LSNIH1	1920114	S	3	21	24	0.00000
Leclercia sp. 1106151	2681309	S	1	4	5	0.00000
Leclercia adecarboxylata	83655	S	22	38	60	0.00000
Cedecea neteri	158822	S	66	2	68	0.00000
Cedecea sp. FDAARGOS_727	2545798	S	38	1	39	0.00000
Cedecea lapagei	158823	S	25	1	26	0.00000
Raoultella terrigena	577	S	25	14	39	0.00000
Raoultella ornithinolytica	54291	S	25	73	98	0.00001
Raoultella planticola	575	S	22	10	32	0.00000
Raoultella electrica	1259973	S	2	2	4	0.00000
[Enterobacter] lignolyticus	1334193	S	35	1	36	0.00000
Pluralibacter gergoviae	61647	S	31	2	33	0.00000
Lelliottia amnigena	61646	S	54	2	56	0.00000
Lelliottia sp. WB101	2153385	S	6	0	6	0.00000
Lelliottia nimipressuralis	69220	S	3	0	3	0.00000
Kluyvera genomosp. 3	2774055	S	27	2	29	0.00000
Kluyvera intermedia	61648	S	12	3	15	0.00000
Kluyvera ascorbata	51288	S	2	2	4	0.00000
Jejubacter calystegiae	2579935	S	37	0	37	0.00000
Candidatus Riesia pediculicola	401619	S	16	1	17	0.00000
Candidatus Riesia pediculischaeffi	428411	S	13	1	14	0.00000
Pseudescherichia vulneris	566	S	31	0	31	0.00000
Atlantibacter hermannii	565	S	29	1	30	0.00000
Shimwellia blattae	563	S	25	0	25	0.00000
Phytobacter ursingii	1972431	S	20	14	34	0.00000
Phytobacter sp. SCO41	1756993	S	3	1	4	0.00000
Buttiauxella sp. 3AFRM03	2479367	S	12	0	12	0.00000
Buttiauxella agrestis	82977	S	9	0	9	0.00000
Shigella dysenteriae	622	S	5	12	17	0.00000
Shigella sonnei	624	S	5	920	925	0.00006
Shigella flexneri	623	S	2	92	94	0.00001
Shigella boydii	621	S	1	6	7	0.00000
Scandinavium goeteborgense	1851514	S	19	0	19	0.00000
Yokenella regensburgei	158877	S	12	1	13	0.00000
Metakosakonia sp. MRY16-398	2487150	S	12	16	28	0.00000
Candidatus Ishikawaella capsulata	168169	S	11	0	11	0.00000
Candidatus Moranella endobia	1048758	S	4	-4	0	0.00000
Buchnera aphidicola	9	S	721	13	734	0.00005
Pantoea sp. At-9b	592316	S	56	2	58	0.00000
Pantoea sp. CCBC3-3-1	2490851	S	49	2	51	0.00000
Pantoea sp. SO10	2575375	S	27	1	28	0.00000
Pantoea sp. PSNIH1	1484158	S	24	17	41	0.00000
Pantoea sp. MSR2	2052056	S	21	0	21	0.00000
Pantoea sp. 201603H	2479547	S	21	0	21	0.00000
Pantoea sp. SM3640	2787629	S	1	2	3	0.00000
Pantoea ananatis	553	S	128	8	136	0.00001
Pantoea vagans	470934	S	61	26	87	0.00001
Pantoea agglomerans	549	S	60	4	64	0.00000
Pantoea stewartii	66269	S	56	3	59	0.00000
Pantoea cypripedii	55209	S	49	0	49	0.00000
Pantoea dispersa	59814	S	44	5	49	0.00000
Pantoea rwandensis	1076550	S	32	1	33	0.00000
Candidatus Pantoea carbekii	1235990	S	16	0	16	0.00000
Pantoea alhagi	1891675	S	4	0	4	0.00000
Pantoea eucalypti	470933	S	2	5	7	0.00000
Candidatus Erwinia haradaeae	1922217	S	166	0	166	0.00001
Erwinia gerundensis	1619313	S	37	1	38	0.00000
Erwinia sp. J780	2681984	S	17	0	17	0.00000
Erwinia sp. Ejp617	215689	S	12	10	22	0.00000
Erwinia sp. QL-Z3	2547962	S	7	10	17	0.00000
Erwinia tasmaniensis	338565	S	28	1	29	0.00000
Erwinia amylovora	552	S	18	2	20	0.00000
Erwinia persicina	55211	S	18	1	19	0.00000
Erwinia billingiae	182337	S	12	7	19	0.00000
Erwinia pyrifoliae	79967	S	9	7	16	0.00000
Mixta gaviniae	665914	S	59	10	69	0.00000
Mixta theicola	1458355	S	34	6	40	0.00000
Mixta calida	665913	S	20	8	28	0.00000
Mixta intestinalis	1615494	S	19	2	21	0.00000
Tatumella ptyseos	82987	S	17	0	17	0.00000
Tatumella citrea	53336	S	16	0	16	0.00000
Tatumella sp. TA1	2487345	S	11	0	11	0.00000
Wigglesworthia glossinidia	51229	S	27	0	27	0.00000
Serratia marcescens	615	S	240	209	449	0.00003
Serratia proteamaculans	28151	S	125	17	142	0.00001
Serratia fonticola	47917	S	90	12	102	0.00001
Serratia plymuthica	82996	S	85	13	98	0.00001
Serratia sp. P2ACOL2	2482769	S	17	25	42	0.00000
Serratia sp. ATCC 39006	104623	S	13	0	13	0.00000
Serratia sp. FDAARGOS_506	2420306	S	13	5	18	0.00000
Serratia sp. 3ACOL1	2448483	S	12	7	19	0.00000
Serratia sp. KUDC3025	2597702	S	5	1	6	0.00000
Serratia sp. 1D1416	2447890	S	5	7	12	0.00000
Serratia sp. FGI94	671990	S	4	1	5	0.00000
Serratia sp. Tan611	2773264	S	4	11	15	0.00000
Serratia sp. FS14	1327989	S	2	4	6	0.00000
Serratia sp. MYb239	2033438	S	1	3	4	0.00000
Serratia symbiotica	138074	S	59	0	59	0.00000
Serratia liquefaciens	614	S	37	18	55	0.00000
Serratia rubidaea	61652	S	22	13	35	0.00000
Serratia odorifera	618	S	14	0	14	0.00000
Serratia quinivorans	137545	S	13	7	20	0.00000
Serratia grimesii	82995	S	12	0	12	0.00000
Serratia ficaria	61651	S	10	20	30	0.00000
Serratia surfactantfaciens	2741499	S	5	1	6	0.00000
Yersinia enterocolitica	630	S	67	9	76	0.00001
Yersinia pseudotuberculosis	633	S	36	14	50	0.00000
Yersinia similis	367190	S	8	0	8	0.00000
Yersinia pestis	632	S	4	149	153	0.00001
Yersinia ruckeri	29486	S	37	3	40	0.00000
Yersinia intermedia	631	S	18	53	71	0.00000
Yersinia aldovae	29483	S	17	1	18	0.00000
Yersinia entomophaga	935293	S	17	0	17	0.00000
Yersinia aleksiciae	263819	S	16	1	17	0.00000
Yersinia canariae	2607663	S	15	1	16	0.00000
Yersinia frederiksenii	29484	S	10	6	16	0.00000
Yersinia kristensenii	28152	S	9	25	34	0.00000
Yersinia massiliensis	419257	S	9	17	26	0.00000
Yersinia mollaretii	33060	S	8	0	8	0.00000
Yersinia rohdei	29485	S	6	0	6	0.00000
Yersinia hibernica	2339259	S	5	4	9	0.00000
Rahnella sp. ERMR1:05	1805933	S	26	0	26	0.00000
Rahnella sp. Y9602	741091	S	5	13	18	0.00000
Rahnella aquatilis	34038	S	28	14	42	0.00000
Rahnella aceris	2703885	S	3	1	4	0.00000
Nissabacter sp. SGAir0207	2126321	S	45	1	46	0.00000
Rouxiella badensis	1646377	S	33	0	33	0.00000
Ewingella americana	41202	S	27	0	27	0.00000
Candidatus Fukatsuia symbiotica	1878942	S	24	0	24	0.00000
Gibbsiella quercinecans	929813	S	17	0	17	0.00000
Chania multitudinisentens	1639108	S	15	0	15	0.00000
Proteus mirabilis	584	S	183	77	260	0.00002
Proteus vulgaris	585	S	122	101	223	0.00001
Proteus hauseri	183417	S	28	1	29	0.00000
Proteus penneri	102862	S	10	3	13	0.00000
Proteus terrae	1574161	S	6	33	39	0.00000
Proteus columbae	1987580	S	5	4	9	0.00000
Proteus sp. ZN5	2697019	S	2	1	3	0.00000
Providencia rettgeri	587	S	67	65	132	0.00001
Providencia rustigianii	158850	S	36	3	39	0.00000
Providencia stuartii	588	S	32	89	121	0.00001
Providencia alcalifaciens	126385	S	28	4	32	0.00000
Providencia heimbachae	333962	S	27	2	29	0.00000
Providencia vermicola	333965	S	24	9	33	0.00000
Providencia sneebia	516075	S	21	0	21	0.00000
Providencia sp. 2.29	2791982	S	1	19	20	0.00000
Xenorhabdus bovienii	40576	S	80	5	85	0.00001
Xenorhabdus budapestensis	290110	S	28	1	29	0.00000
Xenorhabdus poinarii	40577	S	21	1	22	0.00000
Xenorhabdus hominickii	351679	S	21	1	22	0.00000
Xenorhabdus doucetiae	351671	S	19	0	19	0.00000
Xenorhabdus nematophila	628	S	12	0	12	0.00000
Arsenophonus endosymbiont of Aphis craccivora	1231049	S	25	1	26	0.00000
Arsenophonus endosymbiont of Aleurodicus dispersus	235559	S	17	0	17	0.00000
Candidatus Arsenophonus lipoptenae	634113	S	22	0	22	0.00000
Arsenophonus nasoniae	638	S	21	0	21	0.00000
Morganella morganii	582	S	78	33	111	0.00001
Photorhabdus thracensis	230089	S	31	1	32	0.00000
Photorhabdus asymbiotica	291112	S	28	0	28	0.00000
Photorhabdus laumondii	2218628	S	16	0	16	0.00000
Pectobacterium brasiliense	180957	S	76	31	107	0.00001
Pectobacterium carotovorum	554	S	73	37	110	0.00001
Pectobacterium parmentieri	1905730	S	61	6	67	0.00000
Pectobacterium atrosepticum	29471	S	30	2	32	0.00000
Pectobacterium punjabense	2108399	S	17	1	18	0.00000
Pectobacterium polaris	2042057	S	12	2	14	0.00000
Pectobacterium aroidearum	1201031	S	10	8	18	0.00000
Pectobacterium versatile	2488639	S	4	1	5	0.00000
Pectobacterium wasabiae	55208	S	3	0	3	0.00000
Pectobacterium odoriferum	78398	S	1	0	1	0.00000
Dickeya zeae	204042	S	69	3	72	0.00000
Dickeya chrysanthemi	556	S	37	0	37	0.00000
Dickeya poaceiphila	568768	S	34	1	35	0.00000
Dickeya dianthicola	204039	S	32	1	33	0.00000
Dickeya paradisiaca	69223	S	18	-18	0	0.00000
Dickeya dadantii	204038	S	18	1	19	0.00000
Dickeya fangzhongdai	1778540	S	13	7	20	0.00000
Dickeya solani	1089444	S	10	1	11	0.00000
Dickeya sp. NCPPB 3274	568766	S	7	0	7	0.00000
Dickeya sp. Secpp 1600	2037915	S	3	3	6	0.00000
Dickeya aquatica	1401087	S	5	96	101	0.00001
Brenneria rubrifaciens	55213	S	35	10	45	0.00000
Brenneria goodwinii	1109412	S	16	12	28	0.00000
Brenneria sp. Ir50	2722756	S	16	13	29	0.00000
Lonsdalea britannica	1082704	S	22	1	23	0.00000
Lonsdalea populi	1172565	S	14	1	15	0.00000
Edwardsiella tarda	636	S	26	102	128	0.00001
Edwardsiella ictaluri	67780	S	23	4	27	0.00000
Edwardsiella hoshinae	93378	S	17	0	17	0.00000
Hafnia alvei	569	S	57	20	77	0.00001
Hafnia paralvei	546367	S	1	0	1	0.00000
Obesumbacterium proteus	82983	S	56	6	62	0.00000
Pragia fontium	82985	S	34	2	36	0.00000
Jinshanibacter zhutongyuii	2498113	S	20	3	23	0.00000
Leminorella richardii	158841	S	19	0	19	0.00000
Limnobaculum parvum	2172103	S	9	1	10	0.00000
Sodalis praecaptivus	1239307	S	17	7	24	0.00000
Sodalis endosymbiont of Henestaris halophilus	1929246	S	9	0	9	0.00000
Candidatus Sodalis pierantonius	1486991	S	8	4	12	0.00000
Plesiomonas shigelloides	703	S	18	2	20	0.00000
Stenotrophomonas maltophilia	40324	S	982	564	1546	0.00010
Stenotrophomonas sp. SAU14A_NAIMI4_5	2072413	S	46	17	63	0.00000
Stenotrophomonas sp. ESTM1D_MKCIP4_1	2072414	S	42	8	50	0.00000
Stenotrophomonas sp. ZAC14D2_NAIMI4_7	2072405	S	21	18	39	0.00000
Stenotrophomonas sp. ZAC14D2_NAIMI4_6	2072406	S	11	20	31	0.00000
Stenotrophomonas sp. YAU14D1_LEIMI4_1	2072407	S	6	9	15	0.00000
Stenotrophomonas sp. SAU14A_NAIMI4_8	2072409	S	5	32	37	0.00000
Stenotrophomonas sp. ZAC14A_NAIMI4_1	2072412	S	5	8	13	0.00000
Stenotrophomonas sp. LM091	1904944	S	52	3	55	0.00000
Stenotrophomonas sp. 169	2770322	S	47	0	47	0.00000
Stenotrophomonas sp. NA06056	2742129	S	44	5	49	0.00000
Stenotrophomonas sp. 364	2691571	S	34	3	37	0.00000
Stenotrophomonas sp. WZN-1	2005046	S	31	11	42	0.00000
Stenotrophomonas sp. Pemsol	2040586	S	30	12	42	0.00000
Stenotrophomonas sp. CW117	2775920	S	30	245	275	0.00002
Stenotrophomonas sp. G4	2303750	S	15	7	22	0.00000
Stenotrophomonas sp. MYb57	1827305	S	10	15	25	0.00000
Stenotrophomonas sp. SXG-1	2682487	S	10	20	30	0.00000
Stenotrophomonas sp. ASS1	2282124	S	4	6	10	0.00000
Stenotrophomonas rhizophila	216778	S	220	11	231	0.00002
Stenotrophomonas acidaminiphila	128780	S	187	140	327	0.00002
Stenotrophomonas indicatrix	2045451	S	6	8	14	0.00000
Xanthomonas campestris	339	S	316	16	332	0.00002
Xanthomonas citri	346	S	271	51	322	0.00002
Xanthomonas translucens	343	S	145	10	155	0.00001
Xanthomonas sp. GW	2724121	S	27	14	41	0.00000
Xanthomonas sp. LMG 31887	2775162	S	17	50	67	0.00000
Xanthomonas sp. SS	2724122	S	13	8	21	0.00000
Xanthomonas sp. SI	2724123	S	8	5	13	0.00000
Xanthomonas oryzae	347	S	138	5	143	0.00001
Xanthomonas hyacinthi	56455	S	104	14	118	0.00001
Xanthomonas sacchari	56458	S	93	2	95	0.00001
Xanthomonas arboricola	56448	S	85	69	154	0.00001
Xanthomonas hortorum	56454	S	78	5	83	0.00001
Xanthomonas cucurbitae	56453	S	75	1	76	0.00001
Xanthomonas euvesicatoria	456327	S	61	4694	4755	0.00031
Xanthomonas albilineans	29447	S	52	6	58	0.00000
Xanthomonas axonopodis	53413	S	49	2	51	0.00000
Xanthomonas theicola	56464	S	44	1	45	0.00000
Xanthomonas euroxanthea	2259622	S	41	1	42	0.00000
Xanthomonas fragariae	48664	S	41	1	42	0.00000
Xanthomonas vesicatoria	56460	S	28	5	33	0.00000
Xanthomonas cassavae	56450	S	27	0	27	0.00000
Xanthomonas vasicola	56459	S	22	0	22	0.00000
Xanthomonas phaseoli	1985254	S	18	6	24	0.00000
Xanthomonas perforans	442694	S	16	15	31	0.00000
Lysobacter enzymogenes	69	S	1073	94	1167	0.00008
Lysobacter sp. CW239	2762611	S	38	5	43	0.00000
Lysobacter sp. TY2-98	2290922	S	36	0	36	0.00000
Lysobacter sp. H21R4	2781021	S	29	12	41	0.00000
Lysobacter sp. HDW10	2714936	S	21	1	22	0.00000
Lysobacter sp. H23M47	2781024	S	18	24	42	0.00000
Lysobacter sp. H21R20	2781022	S	13	5	18	0.00000
Lysobacter sp. H23M41	2781023	S	13	17	30	0.00000
Lysobacter antibioticus	84531	S	181	12	193	0.00001
Lysobacter solisilvae	2763317	S	146	6	152	0.00001
Lysobacter capsici	435897	S	117	10	127	0.00001
Lysobacter alkalisoli	2591633	S	93	3	96	0.00001
Lysobacter gummosus	262324	S	91	8	99	0.00001
Lysobacter oculi	2698682	S	85	3	88	0.00001
Lysobacter lycopersici	1324796	S	76	2	78	0.00001
Lysobacter arenosi	2795387	S	76	3	79	0.00001
Lysobacter soli	453783	S	53	2	55	0.00000
Lysobacter maris	1605891	S	44	1	45	0.00000
Pseudoxanthomonas mexicana	128785	S	396	61	457	0.00003
Pseudoxanthomonas suwonensis	314722	S	154	4	158	0.00001
Pseudoxanthomonas spadix	415229	S	96	6	102	0.00001
Luteimonas sp. JM171	1896164	S	91	3	94	0.00001
Luteimonas sp. MC1750	2799326	S	73	7	80	0.00001
Luteimonas sp. YGD11-2	2508168	S	48	8	56	0.00000
Luteimonas sp. MC1572	2799325	S	44	8	52	0.00000
Luteimonas sp. MC1825	2761107	S	25	5	30	0.00000
Luteimonas granuli	1176533	S	64	6	70	0.00000
Luteimonas chenhongjianii	2006110	S	59	1	60	0.00000
Luteimonas yindakuii	2565782	S	48	7	55	0.00000
Thermomonas sp. XSG	2771436	S	109	11	120	0.00001
Thermomonas sp. SY21	2202149	S	80	7	87	0.00001
Thermomonas sp. HDW16	2714945	S	33	1	34	0.00000
Thermomonas carbonis	1463158	S	99	3	102	0.00001
Thermomonas brevis	215691	S	72	7	79	0.00001
Arenimonas daejeonensis	370777	S	100	1	101	0.00001
Pseudolysobacter antarcticus	2511995	S	53	0	53	0.00000
Xylella fastidiosa	2371	S	40	2	42	0.00000
Xylella taiwanensis	1444770	S	12	0	12	0.00000
Dyella sp. G9	2763498	S	94	14	108	0.00001
Dyella sp. M7H15-1	2501295	S	36	1	37	0.00000
Dyella thiooxydans	445710	S	66	5	71	0.00000
Dyella caseinilytica	1849581	S	47	1	48	0.00000
Dyella japonica	231455	S	41	6	47	0.00000
Rhodanobacter glycinis	582702	S	128	7	135	0.00001
Rhodanobacter denitrificans	666685	S	81	8	89	0.00001
Rhodanobacter sp. FDAARGOS 1247	2778082	S	49	6	55	0.00000
Dokdonella koreensis	323415	S	122	3	125	0.00001
Frateuria aurantia	81475	S	105	5	110	0.00001
Luteibacter pinisoli	2589080	S	50	2	52	0.00000
Luteibacter rhizovicinus	242606	S	48	1	49	0.00000
Ahniella affigens	2021234	S	85	0	85	0.00001
Aerosticca soli	2010829	S	48	24	72	0.00000
Halomonas sp. JS92-SW72	2306583	S	1937	251	2188	0.00014
Halomonas sp. BC-M4-5	2497861	S	81	3	84	0.00001
Halomonas sp. HG01	1609967	S	65	3	68	0.00000
Halomonas sp. THAF5a	2587844	S	65	3	68	0.00000
Halomonas sp. MCCC 1A13718	2733488	S	60	1	61	0.00000
Halomonas sp. THAF12	2587849	S	56	8	64	0.00000
Halomonas sp. MCCC 1A13316	2733487	S	34	0	34	0.00000
Halomonas sp. SF2003	2136172	S	34	24	58	0.00000
Halomonas sp. KO116	1504981	S	30	8	38	0.00000
Halomonas sp. YLGW01	2773308	S	27	0	27	0.00000
Halomonas sp. GFAJ-1	1118153	S	25	0	25	0.00000
Halomonas sp. Y2R2	2562282	S	25	0	25	0.00000
Halomonas sp. A40-4	2785909	S	23	1	24	0.00000
Halomonas sp. 1513	1883416	S	23	0	23	0.00000
Halomonas sp. PGE1	2730360	S	18	2	20	0.00000
Halomonas sp. SH5A2	2749040	S	17	0	17	0.00000
Halomonas sp. MCCC 1A11059	2733484	S	14	43	57	0.00000
Halomonas sp. N3-2A	2014541	S	11	4	15	0.00000
Halomonas sp. A3H3	1346287	S	4	45	49	0.00000
Halomonas sp. GT	1971364	S	2	0	2	0.00000
Halomonas sp. HL-93	1666906	S	2	1	3	0.00000
Halomonas meridiana	29570	S	77	17	94	0.00001
Halomonas aestuarii	1897729	S	62	2	64	0.00000
Halomonas beimenensis	475662	S	61	1	62	0.00000
Halomonas huangheensis	1178482	S	52	0	52	0.00000
Halomonas hydrothermalis	115561	S	49	14	63	0.00000
Halomonas elongata	2746	S	48	0	48	0.00000
Halomonas socia	1081866	S	42	1	43	0.00000
Halomonas piezotolerans	2609667	S	29	3	32	0.00000
Halomonas subglaciescola	29571	S	26	0	26	0.00000
Halomonas campisalis	74661	S	21	66	87	0.00001
Halomonas chromatireducens	507626	S	19	0	19	0.00000
Halomonas venusta	44935	S	15	5	20	0.00000
Halomonas titanicae	664683	S	9	16	25	0.00000
Halomonas alkaliphila	272774	S	3	4	7	0.00000
Halomonas campaniensis	213554	S	2	3	5	0.00000
Candidatus Carsonella ruddii	114186	S	21	14	35	0.00000
Candidatus Carsonella ruddii (Diaphorina cf. continua)	2661587	S	2	2	4	0.00000
Candidatus Portiera aleyrodidarum	91844	S	38	4	42	0.00000
Zymobacter palmae	33074	S	29	1	30	0.00000
Cobetia sp. L2A1	2686360	S	15	0	15	0.00000
Cobetia sp. AM6	2661553	S	12	18	30	0.00000
Cobetia sp. cqz5-12	2609415	S	6	5	11	0.00000
Cobetia pacifica	1055101	S	4	10	14	0.00000
Cobetia marina	28258	S	1	15	16	0.00000
Salinicola tamaricis	1771309	S	69	1	70	0.00000
Kushneria marisflavi	157779	S	28	0	28	0.00000
Kushneria konosiri	698828	S	23	0	23	0.00000
Kushneria phosphatilytica	657387	S	2	0	2	0.00000
Halotalea alkalilenta	376489	S	43	2	45	0.00000
Chromohalobacter salexigens	158080	S	36	0	36	0.00000
Pistricoccus aurantiacus	1883414	S	29	0	29	0.00000
Marinomonas primoryensis	178399	S	50	3	53	0.00000
Marinomonas algicola	2773454	S	33	2	35	0.00000
Marinomonas sp. FW-1	2071621	S	14	1	15	0.00000
Marinomonas sp. MWYL1	400668	S	8	0	8	0.00000
Marinomonas mediterranea	119864	S	19	0	19	0.00000
Marinomonas posidonica	936476	S	16	0	16	0.00000
Marinomonas arctica	383750	S	12	1	13	0.00000
Marinomonas foliarum	491950	S	8	1	9	0.00000
Marinobacterium georgiense	48076	S	36	3	39	0.00000
Marinobacterium aestuarii	1821621	S	27	0	27	0.00000
Marinobacterium sp. LSUCC0821	2668067	S	9	0	9	0.00000
Neptunomonas japonica	417574	S	39	0	39	0.00000
Neptunomonas phycophila	1572645	S	12	0	12	0.00000
Neptunomonas concharum	1031538	S	8	0	8	0.00000
Thalassolituus oleivorans	187493	S	24	1	25	0.00000
Bermanella marisrubri	207949	S	14	0	14	0.00000
Bacterioplanes sanyensis	1249553	S	14	0	14	0.00000
Nitrincola sp. KXZD1103	2614693	S	13	1	14	0.00000
Amphritea japonica	452627	S	8	0	8	0.00000
Alcanivorax dieselolei	285091	S	84	18	102	0.00001
Alcanivorax xenomutans	1094342	S	65	19	84	0.00001
Alcanivorax sp. N3-2A	2014542	S	59	15	74	0.00000
Alcanivorax pacificus	1306787	S	58	6	64	0.00000
Alcanivorax borkumensis	59754	S	2	25	27	0.00000
Ketobacter alkanivorans	1917421	S	21	1	22	0.00000
Hahella chejuensis	158327	S	32	2	34	0.00000
Hahella sp. KA22	1628392	S	24	2	26	0.00000
Spartinivicinus ruber	2683272	S	16	0	16	0.00000
Reinekea forsetii	1336806	S	30	0	30	0.00000
Saccharospirillum mangrovi	2161747	S	20	0	20	0.00000
Gynuella sunshinyii	1445505	S	17	0	17	0.00000
Kangiella profundi	1561924	S	19	0	19	0.00000
Kangiella sediminilitoris	1144748	S	17	0	17	0.00000
Kangiella geojedonensis	914150	S	11	0	11	0.00000
Kangiella koreensis	261964	S	9	0	9	0.00000
Litoricola lipolytica	418701	S	44	0	44	0.00000
Endozoicomonas montiporae	1027273	S	26	0	26	0.00000
Oleiphilus messinensis	141451	S	22	1	23	0.00000
Shewanella sp. WE21	2029986	S	70	10	80	0.00001
Shewanella sp. Scap07	2589987	S	58	1	59	0.00000
Shewanella sp. FJAT-51800	2814294	S	26	1	27	0.00000
Shewanella sp. KX20019	2803864	S	26	0	26	0.00000
Shewanella sp. ANA-3	94122	S	20	13	33	0.00000
Shewanella sp. M2	2487742	S	18	0	18	0.00000
Shewanella sp. YLB-06	2593655	S	15	0	15	0.00000
Shewanella sp. Pdp11	2059264	S	14	6	20	0.00000
Shewanella sp. MEBiC00475	2575361	S	13	9	22	0.00000
Shewanella sp. Arc9-LZ	2698686	S	12	1	13	0.00000
Shewanella sp. FJAT-52962	2814293	S	11	1	12	0.00000
Shewanella sp. LZH-2	2806008	S	9	4	13	0.00000
Shewanella sp. WPAGA9	2775245	S	8	7	15	0.00000
Shewanella sp. FDAARGOS_354	1930557	S	6	16	22	0.00000
Shewanella sp. SNU WT4	2590015	S	6	0	6	0.00000
Shewanella sp. MR-7	60481	S	5	2	7	0.00000
Shewanella sp. LC6	2589790	S	5	10	15	0.00000
Shewanella sp. W3-18-1	351745	S	5	24	29	0.00000
Shewanella sp. FJAT-53726	2814295	S	3	1	4	0.00000
Shewanella sp. YLB-08	2593656	S	1	46	47	0.00000
Shewanella sp. FJAT-53720	2814292	S	1	0	1	0.00000
Shewanella sp. MR-4	60480	S	1	0	1	0.00000
Shewanella putrefaciens	24	S	49	57	106	0.00001
Shewanella algae	38313	S	45	8	53	0.00000
Shewanella khirikhana	1965282	S	40	1	41	0.00000
Shewanella baltica	62322	S	40	22	62	0.00000
Shewanella livingstonensis	150120	S	31	2	33	0.00000
Shewanella marisflavi	260364	S	28	1	29	0.00000
Shewanella denitrificans	192073	S	28	1	29	0.00000
Shewanella donghaensis	238836	S	27	0	27	0.00000
Shewanella loihica	359303	S	27	1	28	0.00000
Shewanella violacea	60217	S	25	1	26	0.00000
Shewanella benthica	43661	S	25	1	26	0.00000
Shewanella halifaxensis	271098	S	24	0	24	0.00000
Shewanella aestuarii	1028752	S	24	4	28	0.00000
Shewanella amazonensis	60478	S	22	0	22	0.00000
Shewanella woodyi	60961	S	17	0	17	0.00000
Shewanella pealeana	70864	S	14	0	14	0.00000
Shewanella decolorationis	256839	S	14	4	18	0.00000
Shewanella frigidimarina	56812	S	14	2	16	0.00000
Shewanella litorisediminis	1173586	S	14	0	14	0.00000
Shewanella sediminis	271097	S	13	0	13	0.00000
Shewanella maritima	2520507	S	9	0	9	0.00000
Shewanella psychrophila	225848	S	9	0	9	0.00000
Shewanella polaris	2588449	S	8	6	14	0.00000
Shewanella piezotolerans	404011	S	8	0	8	0.00000
Shewanella chilikensis	558541	S	6	4	10	0.00000
Shewanella bicestrii	2018305	S	5	8	13	0.00000
Shewanella japonica	93973	S	3	2	5	0.00000
Shewanella xiamenensis	332186	S	1	7	8	0.00000
Parashewanella tropica	2547970	S	26	0	26	0.00000
Parashewanella spongiae	342950	S	10	0	10	0.00000
Marinobacter sp. LQ44	1749259	S	29	34	63	0.00000
Marinobacter sp. CP1	1671721	S	28	41	69	0.00000
Marinobacter sp. NP-4(2019)	2488665	S	28	5	33	0.00000
Marinobacter sp. LPB0319	2769486	S	27	0	27	0.00000
Marinobacter sp. Arc7-DN-1	2304594	S	26	2	28	0.00000
Marinobacter sp. LV10R510-11A	1415568	S	21	0	21	0.00000
Marinobacter sp. JH2	2547598	S	17	2	19	0.00000
Marinobacter sp. BSs20148	490759	S	7	2	9	0.00000
Marinobacter sp. es.042	1761794	S	6	4	10	0.00000
Marinobacter salarius	1420917	S	40	3	43	0.00000
Marinobacter hydrocarbonoclasticus	2743	S	31	5	36	0.00000
Marinobacter salinus	1874317	S	28	0	28	0.00000
Marinobacter fonticola	2603215	S	27	0	27	0.00000
Marinobacter salsuginis	418719	S	16	1	17	0.00000
Marinobacter psychrophilus	330734	S	7	2	9	0.00000
Marinobacter adhaerens	1033846	S	5	4	9	0.00000
Alteromonas sp. RKMC-009	2267264	S	19	0	19	0.00000
Alteromonas sp. BL110	1714845	S	15	1	16	0.00000
Alteromonas sp. 76-1	2358187	S	11	2	13	0.00000
Alteromonas sp. B31-7	2785913	S	9	40	49	0.00000
Alteromonas sp. MB-3u-76	2058133	S	1	24	25	0.00000
Alteromonas mediterranea	314275	S	57	8	65	0.00000
Alteromonas macleodii	28108	S	43	7	50	0.00000
Alteromonas pelagimontana	1858656	S	19	0	19	0.00000
Alteromonas australica	589873	S	9	10	19	0.00000
Alteromonas addita	287094	S	7	23	30	0.00000
Alteromonas naphthalenivorans	715451	S	7	2	9	0.00000
Alteromonas stellipolaris	233316	S	5	17	22	0.00000
Paraglaciecola sp. L3A3	2686358	S	37	1	38	0.00000
Paraglaciecola sp. L1A13	2686359	S	20	1	21	0.00000
Paraglaciecola psychrophila	326544	S	26	0	26	0.00000
Paraglaciecola mesophila	197222	S	24	4	28	0.00000
Glaciecola amylolytica	2489595	S	38	0	38	0.00000
Glaciecola nitratireducens	300231	S	27	0	27	0.00000
Salinimonas sp. KX18D6	2572577	S	12	3	15	0.00000
Salinimonas sp. G2-b	2785918	S	11	0	11	0.00000
Salinimonas lutimaris	914153	S	7	0	7	0.00000
Salinimonas sediminis	2303538	S	7	1	8	0.00000
Hydrocarboniclastica marina	2259620	S	40	1	41	0.00000
Catenovulum sp. CCB-QB4	2172099	S	29	0	29	0.00000
Catenovulum sediminis	1740262	S	10	0	10	0.00000
Saliniradius amylolyticus	2183582	S	16	0	16	0.00000
Lacimicrobium alkaliphilum	1526571	S	14	0	14	0.00000
Agarivorans gilvus	680279	S	6	0	6	0.00000
Pseudoalteromonas sp. SM1988	2744479	S	32	1	33	0.00000
Pseudoalteromonas sp. A25	116092	S	26	1	27	0.00000
Pseudoalteromonas sp. R3	1709477	S	20	1	21	0.00000
Pseudoalteromonas sp. NC201	1514074	S	15	6	21	0.00000
Pseudoalteromonas sp. DL-6	1390185	S	10	6	16	0.00000
Pseudoalteromonas sp. 1_2015MBL_MicDiv	1720343	S	6	9	15	0.00000
Pseudoalteromonas sp. PS1M3	87791	S	5	12	17	0.00000
Pseudoalteromonas sp. THAF3	2587843	S	5	4	9	0.00000
Pseudoalteromonas sp. 16-SW-7	2583375	S	5	15	20	0.00000
Pseudoalteromonas sp. LC2018020214	2799564	S	3	9	12	0.00000
Pseudoalteromonas sp. GCY	2003316	S	3	1	4	0.00000
Pseudoalteromonas sp. Bsw20308	283699	S	3	4	7	0.00000
Pseudoalteromonas sp. 13-15	1761891	S	2	5	7	0.00000
Pseudoalteromonas sp. MT33b	2759705	S	2	17	19	0.00000
Pseudoalteromonas sp. Xi13	2490635	S	1	1	2	0.00000
Pseudoalteromonas rubra	43658	S	54	3	57	0.00000
Pseudoalteromonas tunicata	314281	S	41	2	43	0.00000
Pseudoalteromonas luteoviolacea	43657	S	40	1	41	0.00000
Pseudoalteromonas spongiae	298657	S	29	2	31	0.00000
Pseudoalteromonas atlantica	288	S	27	24	51	0.00000
Pseudoalteromonas piratica	1348114	S	26	2	28	0.00000
Pseudoalteromonas aliena	247523	S	26	4	30	0.00000
Pseudoalteromonas ulvae	107327	S	24	0	24	0.00000
Pseudoalteromonas piscicida	43662	S	24	6	30	0.00000
Pseudoalteromonas translucida	166935	S	21	17	38	0.00000
Pseudoalteromonas phenolica	161398	S	19	1	20	0.00000
Pseudoalteromonas prydzensis	182141	S	19	1	20	0.00000
Pseudoalteromonas viridis	339617	S	19	2	21	0.00000
Pseudoalteromonas undina	43660	S	16	23	39	0.00000
Pseudoalteromonas espejiana	28107	S	14	2	16	0.00000
Pseudoalteromonas agarivorans	176102	S	13	26	39	0.00000
Pseudoalteromonas arabiensis	874454	S	11	1	12	0.00000
Pseudoalteromonas xiamenensis	882626	S	8	0	8	0.00000
Pseudoalteromonas nigrifaciens	28109	S	8	27	35	0.00000
Pseudoalteromonas arctica	394751	S	7	4	11	0.00000
Pseudoalteromonas ruthenica	151081	S	5	4	9	0.00000
Pseudoalteromonas paragorgicola	166934	S	5	15	20	0.00000
Pseudoalteromonas carrageenovora	227	S	3	0	3	0.00000
Pseudoalteromonas tetraodonis	43659	S	3	17	20	0.00000
Pseudoalteromonas issachenkonii	152297	S	2	7	9	0.00000
Pseudoalteromonas marina	267375	S	1	2	3	0.00000
Pseudoalteromonas shioyasakiensis	1190813	S	1	0	1	0.00000
Psychrosphaera aestuarii	1266052	S	29	1	30	0.00000
Psychrosphaera sp. MTZ26	2820710	S	4	0	4	0.00000
Colwellia sp. PAMC 20917	1816218	S	44	1	45	0.00000
Colwellia sp. PAMC 21821	1816219	S	44	8	52	0.00000
Colwellia sp. Arc7-635	2497879	S	41	3	44	0.00000
Colwellia sp. 20A7	2689569	S	31	1	32	0.00000
Colwellia sp. Arc7-D	2161872	S	28	4	32	0.00000
Colwellia sp. MT41	58049	S	17	0	17	0.00000
Colwellia psychrerythraea	28229	S	32	1	33	0.00000
Colwellia beringensis	1967665	S	24	4	28	0.00000
Thalassotalea sp. HSM 43	2552945	S	49	1	50	0.00000
Thalassotalea sp. LPB0316	2769490	S	27	2	29	0.00000
Thalassotalea sp. PS06	2594005	S	17	0	17	0.00000
Thalassotalea crassostreae	1763536	S	30	0	30	0.00000
Litorilituus sediminis	718192	S	26	0	26	0.00000
Moritella marina	90736	S	36	5	41	0.00000
Moritella yayanosii	69539	S	24	5	29	0.00000
Idiomarina andamanensis	1940690	S	25	0	25	0.00000
Idiomarina sp. X4	2055892	S	11	0	11	0.00000
Idiomarina sp. OT37-5b	2100422	S	10	0	10	0.00000
Idiomarina loihiensis	135577	S	11	-11	0	0.00000
Idiomarina piscisalsi	1096243	S	6	0	6	0.00000
Psychromonas ingrahamii	357794	S	30	0	30	0.00000
Psychromonas sp. CNPT3	314282	S	11	0	11	0.00000
Ferrimonas balearica	44012	S	20	0	20	0.00000
Ferrimonas lipolytica	2724191	S	10	0	10	0.00000
Vibrio anguillarum	55601	S	530	30	560	0.00004
Vibrio parahaemolyticus	670	S	86	18	104	0.00001
Vibrio campbellii	680	S	44	7	51	0.00000
Vibrio owensii	696485	S	32	7	39	0.00000
Vibrio rotiferianus	190895	S	28	4	32	0.00000
Vibrio harveyi	669	S	25	4	29	0.00000
Vibrio diabolicus	50719	S	20	8	28	0.00000
Vibrio antiquarius	150340	S	2	1	3	0.00000
Vibrio azureus	512649	S	24	0	24	0.00000
Vibrio alginolyticus	663	S	10	7	17	0.00000
Vibrio natriegens	691	S	6	1	7	0.00000
Vibrio jasicida	766224	S	6	1	7	0.00000
Vibrio vulnificus	672	S	109	8	117	0.00001
Vibrio sp. SM1977	2662262	S	26	0	26	0.00000
Vibrio sp. THAF190c	2587865	S	24	0	24	0.00000
Vibrio sp. Scap24	2589990	S	12	2	14	0.00000
Vibrio sp. HDW18	2714948	S	10	0	10	0.00000
Vibrio sp. ZWAL4003	2711221	S	7	0	7	0.00000
Vibrio sp. Sal10	2777577	S	6	1	7	0.00000
Vibrio sp. sp1	2766781	S	4	10	14	0.00000
Vibrio sp. EJY3	1116375	S	3	8	11	0.00000
Vibrio sp. 04Ya108	864336	S	1	1	2	0.00000
Vibrio fluvialis	676	S	59	3	62	0.00000
Vibrio furnissii	29494	S	49	3	52	0.00000
Vibrio cholerae	666	S	48	309	357	0.00002
Vibrio nigripulchritudo	28173	S	41	0	41	0.00000
Vibrio mimicus	674	S	41	2	43	0.00000
Vibrio mediterranei	689	S	37	0	37	0.00000
Vibrio metoecus	1481663	S	28	2	30	0.00000
Vibrio casei	673372	S	27	2	29	0.00000
Vibrio europaeus	300876	S	17	1	18	0.00000
Vibrio tubiashii	29498	S	8	1	9	0.00000
Vibrio coralliilyticus	190893	S	27	3	30	0.00000
Vibrio taketomensis	2572923	S	26	0	26	0.00000
Vibrio tapetis	52443	S	25	0	25	0.00000
Vibrio metschnikovii	28172	S	25	1	26	0.00000
Vibrio spartinae	1918945	S	23	0	23	0.00000
Vibrio tritonius	1435069	S	19	0	19	0.00000
Vibrio scophthalmi	45658	S	19	1	20	0.00000
Vibrio gazogenes	687	S	18	0	18	0.00000
Vibrio cincinnatiensis	675	S	16	0	16	0.00000
Vibrio navarrensis	29495	S	16	1	17	0.00000
Vibrio splendidus	29497	S	15	1	16	0.00000
Vibrio chagasii	170679	S	15	0	15	0.00000
Vibrio breoganii	553239	S	14	0	14	0.00000
Vibrio aphrogenes	1891186	S	13	0	13	0.00000
Vibrio crassostreae	246167	S	13	1	14	0.00000
Vibrio cyclitrophicus	47951	S	12	0	12	0.00000
Vibrio astriarenae	1481923	S	12	0	12	0.00000
Vibrio kanaloae	170673	S	11	0	11	0.00000
Vibrio hyugaensis	1534743	S	11	1	12	0.00000
Vibrio rumoiensis	76258	S	10	4	14	0.00000
Vibrio cidicii	1763883	S	10	1	11	0.00000
Vibrio ponticus	265668	S	9	0	9	0.00000
Vibrio panuliri	1381081	S	8	0	8	0.00000
Vibrio zhugei	2479546	S	8	0	8	0.00000
Vibrio aquimaris	2587862	S	8	0	8	0.00000
Vibrio qinghaiensis	2025808	S	7	1	8	0.00000
Vibrio atlanticus	693153	S	5	0	5	0.00000
Vibrio alfacsensis	1074311	S	1	0	1	0.00000
Photobacterium damselae	38293	S	69	13	82	0.00001
Photobacterium profundum	74109	S	30	0	30	0.00000
Photobacterium ganghwense	320778	S	16	1	17	0.00000
Photobacterium gaetbulicola	1295392	S	8	0	8	0.00000
Aliivibrio fischeri	668	S	99	6	105	0.00001
Aliivibrio salmonicida	40269	S	21	4	25	0.00000
Paraphotobacterium marinum	1755811	S	50	2	52	0.00000
Salinivibrio kushneri	1908198	S	14	0	14	0.00000
Salinivibrio sp. YCSC6	2003370	S	4	10	14	0.00000
Salinivibrio costicola	51367	S	1	2	3	0.00000
Candidatus Enterovibrio luxaltus	1927128	S	21	0	21	0.00000
Grimontia hollisae	673	S	15	0	15	0.00000
Thioalkalivibrio sulfidiphilus	1033854	S	54	11	65	0.00000
Thioalkalivibrio sp. K90mix	396595	S	53	3	56	0.00000
Thioalkalivibrio nitratireducens	186931	S	49	13	62	0.00000
Thioalkalivibrio versutus	106634	S	43	2	45	0.00000
Thioalkalivibrio paradoxus	108010	S	25	7	32	0.00000
Acidihalobacter yilgarnenesis	2819280	S	64	1	65	0.00000
Acidihalobacter aeolianus	2792603	S	52	1	53	0.00000
Acidihalobacter ferrooxydans	1765967	S	50	0	50	0.00000
Alkalilimnicola ehrlichii	351052	S	91	3	94	0.00001
Halorhodospira halophila	1053	S	55	1	56	0.00000
Halorhodospira halochloris	1052	S	34	0	34	0.00000
Ectothiorhodospira sp. BSL-9	1442136	S	42	2	44	0.00000
Ectothiorhodospira haloalkaliphila	421628	S	35	1	36	0.00000
Spiribacter curvatus	1335757	S	31	0	31	0.00000
Spiribacter sp. 2438	2666185	S	19	1	20	0.00000
Spiribacter salinus	1335746	S	17	1	18	0.00000
Aquisalimonas sp. 2447	2740807	S	68	1	69	0.00000
Candidatus Thiodictyon syntrophicum	1166950	S	148	2	150	0.00001
Rheinheimera sp. F8	1763998	S	48	0	48	0.00000
Rheinheimera sp. LHK132	2498451	S	47	1	48	0.00000
Rheinheimera sp. D18	2545632	S	16	3	19	0.00000
Nitrosococcus watsonii	473531	S	33	2	35	0.00000
Nitrosococcus wardiae	1814290	S	23	0	23	0.00000
Nitrosococcus halophilus	133539	S	13	0	13	0.00000
Nitrosococcus oceani	1229	S	8	3	11	0.00000
Thioflavicoccus mobilis	80679	S	78	1	79	0.00001
Thiocystis violascens	73141	S	73	1	74	0.00000
Marichromatium purpuratum	37487	S	71	3	74	0.00000
Allochromatium vinosum	1049	S	41	2	43	0.00000
Thermochromatium tepidum	1050	S	37	1	38	0.00000
Candidatus Nitrosoglobus terrae	1630141	S	29	0	29	0.00000
Caldichromatium japonicum	2699430	S	23	0	23	0.00000
Candidatus Nitrosacidococcus tergens	553981	S	19	0	19	0.00000
Wenzhouxiangella marina	1579979	S	70	0	70	0.00000
Wenzhouxiangella sp. AB-CW3	2771012	S	49	0	49	0.00000
Sulfurivermis fontis	1972068	S	102	9	111	0.00001
Halothiobacillus sp. LS2	1860122	S	48	1	49	0.00000
Halothiobacillus neapolitanus	927	S	37	1	38	0.00000
Thiohalobacter sp. COW1	2795687	S	23	23	46	0.00000
Thiohalobacter thiocyanaticus	585455	S	19	23	42	0.00000
Granulosicoccus antarcticus	437505	S	38	0	38	0.00000
Sulfuriflexus mobilis	1811807	S	23	0	23	0.00000
Guyparkeria halophila	47960	S	57	3	60	0.00000
Woeseia oceani	1548547	S	24	0	24	0.00000
Aeromonas dhakensis	196024	S	339	138	477	0.00003
Aeromonas veronii	654	S	200	59	259	0.00002
Aeromonas hydrophila	644	S	111	112	223	0.00001
Aeromonas sp. CU5	2033033	S	30	3	33	0.00000
Aeromonas sp. CA23	2033032	S	21	2	23	0.00000
Aeromonas sp. 2692-1	2560029	S	13	24	37	0.00000
Aeromonas sp. ASNIH4	1636609	S	9	16	25	0.00000
Aeromonas sp. ASNIH2	1636607	S	6	24	30	0.00000
Aeromonas sp. ASNIH1	1636606	S	5	28	33	0.00000
Aeromonas sp. ASNIH3	1636608	S	5	107	112	0.00001
Aeromonas sp. Ne-1	1675689	S	4	1	5	0.00000
Aeromonas sp. ASNIH5	1758179	S	3	14	17	0.00000
Aeromonas sp. 1805	2560028	S	1	1	2	0.00000
Aeromonas salmonicida	645	S	68	77	145	0.00001
Aeromonas caviae	648	S	56	128	184	0.00001
Aeromonas media	651	S	49	26	75	0.00000
Aeromonas schubertii	652	S	36	2	38	0.00000
Aeromonas simiae	218936	S	29	6	35	0.00000
Aeromonas jandaei	650	S	22	6	28	0.00000
Aeromonas encheleia	73010	S	13	1	14	0.00000
Aeromonas allosaccharophila	656	S	11	6	17	0.00000
Aeromonas rivipollensis	948519	S	9	5	14	0.00000
Zobellella denitrificans	347534	S	59	2	61	0.00000
Oceanimonas sp. GK1	511062	S	44	1	45	0.00000
Oceanisphaera profunda	1416627	S	29	0	29	0.00000
Oceanisphaera avium	1903694	S	11	0	11	0.00000
Dongshaea marina	2047966	S	37	0	37	0.00000
Tolumonas auensis	43948	S	11	1	12	0.00000
Succinivibrio dextrinosolvens	83771	S	36	0	36	0.00000
Haemophilus parainfluenzae	729	S	119	11	130	0.00001
Haemophilus influenzae	727	S	98	40	138	0.00001
Haemophilus haemolyticus	726	S	30	5	35	0.00000
Haemophilus parahaemolyticus	735	S	23	1	24	0.00000
[Haemophilus] ducreyi	730	S	20	2	22	0.00000
Haemophilus pittmaniae	249188	S	15	0	15	0.00000
Haemophilus sp. oral taxon 036	712310	S	6	1	7	0.00000
Pasteurella multocida	747	S	189	52	241	0.00002
Pasteurella skyensis	97481	S	18	0	18	0.00000
Pasteurella dagmatis	754	S	1	5	6	0.00000
Mannheimia pernigra	111844	S	44	51	95	0.00001
Mannheimia varigena	85404	S	38	5	43	0.00000
Mannheimia haemolytica	75985	S	33	31	64	0.00000
Mannheimia granulomatis	85402	S	27	1	28	0.00000
Mannheimia sp. USDA-ARS-USMARC-1261	1432056	S	17	2	19	0.00000
Mannheimia bovis	2770636	S	17	1	18	0.00000
Mannheimia ovis	2679994	S	1	0	1	0.00000
Actinobacillus pleuropneumoniae	715	S	70	30	100	0.00001
Actinobacillus indolicus	51049	S	17	4	21	0.00000
Actinobacillus succinogenes	67854	S	17	0	17	0.00000
Actinobacillus sp. GY-402	2774188	S	15	2	17	0.00000
Actinobacillus equuli	718	S	12	1	13	0.00000
Actinobacillus porcitonsillarum	189834	S	9	1	10	0.00000
Actinobacillus suis	716	S	7	0	7	0.00000
Actinobacillus lignieresii	720	S	7	2	9	0.00000
Actinobacillus delphinicola	51161	S	7	0	7	0.00000
Aggregatibacter actinomycetemcomitans	714	S	24	3	27	0.00000
Aggregatibacter aphrophilus	732	S	17	3	20	0.00000
Aggregatibacter sp. 2125159857	2820817	S	4	1	5	0.00000
Aggregatibacter segnis	739	S	3	0	3	0.00000
Bisgaardia hudsonensis	109472	S	39	1	40	0.00000
Avibacterium paragallinarum	728	S	29	1	30	0.00000
Avibacterium volantium	762	S	2	0	2	0.00000
Glaesserella parasuis	738	S	22	2	24	0.00000
Glaesserella sp. 15-184	2030797	S	8	0	8	0.00000
Rodentibacter sp. DSM 111151	2778911	S	17	0	17	0.00000
Rodentibacter heylii	1906744	S	10	0	10	0.00000
Bibersteinia trehalosi	47735	S	21	879	900	0.00006
Histophilus somni	731	S	20	2	22	0.00000
Gallibacterium anatis	750	S	18	1	19	0.00000
Frederiksenia canicola	123824	S	14	1	15	0.00000
Otariodibacter oris	1032623	S	11	0	11	0.00000
[Mannheimia] succiniciproducens	157673	S	2	8	10	0.00000
Vespertiliibacter pulmonis	1443036	S	1	0	1	0.00000
Francisella sp. LA112445	1395624	S	27	2	29	0.00000
Francisella sp. FSC1006	1547445	S	16	1	17	0.00000
Francisella sp. Scap27	2589986	S	12	7	19	0.00000
Francisella uliginis	573570	S	43	3	46	0.00000
Francisella tularensis	263	S	39	33	72	0.00000
Francisella frigiditurris	1542390	S	28	0	28	0.00000
Francisella halioticida	549298	S	24	0	24	0.00000
Francisella philomiragia	28110	S	23	22	45	0.00000
Francisella hispaniensis	622488	S	20	4	24	0.00000
Francisella adeliensis	2007306	S	13	7	20	0.00000
Francisella persica	954	S	12	0	12	0.00000
Francisella orientalis	299583	S	8	6	14	0.00000
Francisella noatunensis	657445	S	7	8	15	0.00000
Francisella salina	573569	S	3	7	10	0.00000
Francisella marina	2249302	S	1	2	3	0.00000
Allofrancisella guangzhouensis	594679	S	29	3	32	0.00000
Allofrancisella frigidaquae	1085644	S	12	4	16	0.00000
Allofrancisella inopinata	1085647	S	8	3	11	0.00000
Thiomicrorhabdus aquaedulcis	2211106	S	48	0	48	0.00000
Thiomicrorhabdus xiamenensis	2739063	S	26	0	26	0.00000
Thiomicrorhabdus sediminis	2580412	S	15	0	15	0.00000
Thiomicrorhabdus indica	2267253	S	5	0	5	0.00000
Hydrogenovibrio thermophilus	265883	S	31	15	46	0.00000
Hydrogenovibrio crunogenus	39765	S	25	0	25	0.00000
Hydrogenovibrio marinus	28885	S	13	0	13	0.00000
Piscirickettsia salmonis	1238	S	62	0	62	0.00000
Cycloclasticus sp. PY97N	728003	S	5	14	19	0.00000
Cycloclasticus zancles	1329899	S	5	13	18	0.00000
Methylophaga frappieri	754477	S	20	3	23	0.00000
Methylophaga nitratireducenticrescens	754476	S	15	0	15	0.00000
Thiomicrospira cyclica	147268	S	15	0	15	0.00000
Thiomicrospira sp. S5	1803865	S	11	5	16	0.00000
Thiomicrospira aerophila	92245	S	7	0	7	0.00000
Thiosulfativibrio zosterae	2675053	S	34	0	34	0.00000
Thiosulfatimonas sediminis	2675054	S	12	0	12	0.00000
Thiothrix sp.	1032	S	63	7	70	0.00000
Thiothrix sp. Ku-5	2735563	S	33	3	36	0.00000
Thiothrix unzii	111769	S	30	5	35	0.00000
Beggiatoa leptomitoformis	288004	S	63	0	63	0.00000
Legionella pneumophila	446	S	144	30	174	0.00001
Legionella sp. PC997	2755562	S	40	4	44	0.00000
Legionella sp. TUM19329	2708020	S	28	0	28	0.00000
Legionella sp. PC1000	2746060	S	16	1	17	0.00000
Legionella sp. MW5194	2662448	S	14	1	15	0.00000
Legionella oakridgensis	29423	S	49	1	50	0.00000
Legionella waltersii	66969	S	46	4	50	0.00000
Legionella fallonii	96230	S	37	1	38	0.00000
Legionella sainthelensi	28087	S	34	2	36	0.00000
Legionella jordanis	456	S	31	1	32	0.00000
Legionella longbeachae	450	S	29	2	31	0.00000
Legionella geestiana	45065	S	29	0	29	0.00000
Legionella hackeliae	449	S	28	3	31	0.00000
Legionella adelaidensis	45056	S	27	0	27	0.00000
Legionella anisa	28082	S	24	1	25	0.00000
Legionella clemsonensis	1867846	S	22	1	23	0.00000
Legionella lansingensis	45067	S	20	0	20	0.00000
Legionella cherrii	28084	S	17	0	17	0.00000
Legionella israelensis	454	S	15	0	15	0.00000
Legionella spiritensis	452	S	14	0	14	0.00000
Legionella endosymbiont of Polyplax serrata	2005262	S	10	0	10	0.00000
Fluoribacter dumoffii	463	S	35	0	35	0.00000
Tatlockia micdadei	451	S	16	0	16	0.00000
Coxiella burnetii	777	S	37	8	45	0.00000
Candidatus Coxiella mudrowiae	2054173	S	19	0	19	0.00000
Coxiella endosymbiont of Amblyomma sculptum	2487929	S	11	2	13	0.00000
Aquicella siphonis	254247	S	26	1	27	0.00000
Aquicella lusitana	254246	S	14	0	14	0.00000
Candidatus Rickettsiella viridis	676208	S	34	0	34	0.00000
Cellvibrio sp. PSBB006	1987723	S	35	0	35	0.00000
Cellvibrio sp. KY-YJ-3	454662	S	28	2	30	0.00000
Cellvibrio sp. PSBB023	1945512	S	26	1	27	0.00000
Cellvibrio sp. KY-GH-1	2303332	S	25	1	26	0.00000
Cellvibrio japonicus	155077	S	26	0	26	0.00000
Teredinibacter turnerae	2426	S	46	0	46	0.00000
Teredinibacter purpureus	2731756	S	30	0	30	0.00000
Teredinibacter haidensis	2731755	S	8	0	8	0.00000
Agarilytica rhodophyticola	1737490	S	49	0	49	0.00000
Simiduia agarivorans	447471	S	15	0	15	0.00000
Saccharophagus degradans	86304	S	9	0	9	0.00000
Halioglobus pacificus	930806	S	41	1	42	0.00000
Halioglobus japonicus	930805	S	40	4	44	0.00000
Halioglobus maricola	2601894	S	30	3	33	0.00000
Kineobactrum salinum	2708301	S	77	0	77	0.00001
Congregibacter litoralis	393662	S	48	8	56	0.00000
Microbulbifer sp. SH-1	2681547	S	36	1	37	0.00000
Microbulbifer sp. THAF38	2587856	S	35	2	37	0.00000
Microbulbifer sp. ALW1	1516059	S	33	1	34	0.00000
Microbulbifer sp. YPW1	2745199	S	25	1	26	0.00000
Microbulbifer sp. GL-2	2591606	S	13	0	13	0.00000
Microbulbifer sp. A4B17	359370	S	9	0	9	0.00000
Microbulbifer thermotolerans	252514	S	28	0	28	0.00000
Microbulbifer hydrolyticus	48074	S	21	1	22	0.00000
Microbulbifer aggregans	1769779	S	17	0	17	0.00000
Microbulbifer agarilyticus	260552	S	13	0	13	0.00000
Spongiibacter sp. CSC3.9	2794344	S	32	1	33	0.00000
Spongiibacter sp. IMCC21906	1620392	S	23	2	25	0.00000
Zhongshania aliphaticivorans	1470434	S	30	0	30	0.00000
Oceanicoccus sagamiensis	716816	S	14	0	14	0.00000
Methylomonas sp. LL1	2785785	S	55	0	55	0.00000
Methylomonas sp. LW13	107637	S	27	10	37	0.00000
Methylomonas sp. DH-1	1727196	S	21	9	30	0.00000
Methylomonas sp. EFPC1	2812647	S	20	8	28	0.00000
Methylomonas methanica	421	S	51	0	51	0.00000
Methylomonas rhizoryzae	2608981	S	46	0	46	0.00000
Methylomonas denitrificans	1538553	S	36	0	36	0.00000
Methylomonas koyamae	702114	S	27	13	40	0.00000
Methylococcus sp. EFPC2	2812648	S	88	0	88	0.00001
Methylococcus sp. IM1	2681310	S	63	0	63	0.00000
Methylococcus capsulatus	414	S	57	0	57	0.00000
Methylomicrobium album	39775	S	54	0	54	0.00000
Methylomicrobium sp. wino1	2049332	S	19	5	24	0.00000
Methylocaldum marinum	1432792	S	63	0	63	0.00000
Candidatus Methylospira mobilis	1808979	S	54	0	54	0.00000
Methylotuvimicrobium alcaliphilum	271065	S	25	7	32	0.00000
Methylotuvimicrobium buryatense	95641	S	4	1	5	0.00000
Methylovulum psychrotolerans	1704499	S	26	0	26	0.00000
Solimonas sp. K1W22B-7	2303331	S	254	2	256	0.00002
Sinimarinibacterium sp. NLF-5-8	2698684	S	131	23	154	0.00001
Steroidobacter denitrificans	465721	S	46	4	50	0.00000
Candidatus Vesicomyosocius okutanii	412965	S	21	1	22	0.00000
Candidatus Vesicomyosocius sp. SY067_SCS001	2732590	S	5	0	5	0.00000
Bathymodiolus thermophilus thioautotrophic gill symbiont	2360	S	25	0	25	0.00000
Bathymodiolus septemdierum thioautotrophic gill symbiont	113267	S	17	0	17	0.00000
Candidatus Ruthia magnifica	386487	S	7	0	7	0.00000
Candidatus Ruthia endofausta	2738852	S	3	0	3	0.00000
Candidatus Thioglobus autotrophicus	1705394	S	25	0	25	0.00000
Candidatus Thioglobus sp. NP1	2508687	S	24	0	24	0.00000
Candidatus Thioglobus singularis	1427364	S	13	0	13	0.00000
Candidatus Nardonella dryophthoridicola	1971485	S	26	2	28	0.00000
endosymbiont of Pachyrhynchus infernalis	1971488	S	16	1	17	0.00000
endosymbiont of Sipalinus gigas	1972134	S	8	0	8	0.00000
Sedimenticola thiotaurini	1543721	S	42	0	42	0.00000
Gallaecimonas mangrovi	2291597	S	42	0	42	0.00000
Thiolapillus brandeum	1076588	S	29	0	29	0.00000
Pseudohongiella spirulinae	1249552	S	22	0	22	0.00000
Candidatus Reidiella endopervernicosa	2738883	S	18	0	18	0.00000
Candidatus Azoamicus ciliaticola	2652803	S	16	0	16	0.00000
Sulfurifustis variabilis	1675686	S	64	0	64	0.00000
Sulfuricaulis limicola	1620215	S	45	0	45	0.00000
Acidiferrobacter sp. SPIII_3	1281578	S	21	0	21	0.00000
Gilliamella apicola	1196095	S	68	2	70	0.00000
Frischella perrara	1267021	S	27	1	28	0.00000
Orbus sp. IPMB12	1635327	S	26	0	26	0.00000
Immundisolibacter cernigliae	1810504	S	102	3	105	0.00001
Salinisphaera sp. LB1	2183911	S	64	0	64	0.00000
Cardiobacterium hominis	2718	S	36	1	37	0.00000
Dichelobacter nodosus	870	S	17	1	18	0.00000
endosymbiont of unidentified scaly snail isolate Monju	1248727	S	41	0	41	0.00000
Bradyrhizobium sp. CCBAU 051011	858422	S	387	42	429	0.00003
Bradyrhizobium sp. CCBAU 51765	1325102	S	238	56	294	0.00002
Bradyrhizobium sp. BTAi1	288000	S	193	20	213	0.00001
Bradyrhizobium sp. CCBAU 51753	1325100	S	176	25	201	0.00001
Bradyrhizobium sp. CCBAU 53421	1325120	S	154	33	187	0.00001
Bradyrhizobium sp. SK17	2057741	S	140	46	186	0.00001
Bradyrhizobium sp. PSBB068	2715960	S	139	31	170	0.00001
Bradyrhizobium sp. 6(2017)	1197460	S	123	20	143	0.00001
Bradyrhizobium sp. 1(2017)	1404888	S	118	24	142	0.00001
Bradyrhizobium sp. ORS 285	115808	S	112	16	128	0.00001
Bradyrhizobium sp. ORS 278	114615	S	106	15	121	0.00001
Bradyrhizobium sp.	376	S	78	144	222	0.00001
Bradyrhizobium sp. CCBAU 53338	1325111	S	72	40	112	0.00001
Bradyrhizobium sp. CCGE-LA001	1223566	S	71	12	83	0.00001
Bradyrhizobium sp. CCBAU 53340	1325112	S	66	35	101	0.00001
Bradyrhizobium sp. CCBAU 53351	1325114	S	61	38	99	0.00001
Bradyrhizobium sp. WSM471	319017	S	42	127	169	0.00001
Bradyrhizobium sp. LCT2	2493093	S	15	40	55	0.00000
Bradyrhizobium sp. SG09	2599805	S	9	73	82	0.00001
Bradyrhizobium sp. TM102	2599819	S	8	62	70	0.00000
Bradyrhizobium sp. 323S2	1404649	S	3	3	6	0.00000
Bradyrhizobium sp. CCBAU 21365	1325083	S	1	47	48	0.00000
Bradyrhizobium erythrophlei	1437360	S	608	27	635	0.00004
Bradyrhizobium diazoefficiens	1355477	S	362	416	778	0.00005
Bradyrhizobium icense	1274631	S	331	29	360	0.00002
Bradyrhizobium paxllaeri	190148	S	327	37	364	0.00002
Bradyrhizobium lablabi	722472	S	205	282	487	0.00003
Bradyrhizobium genosp. L	83637	S	143	16	159	0.00001
Bradyrhizobium oligotrophicum	44255	S	141	12	153	0.00001
Bradyrhizobium canariense	255045	S	131	5	136	0.00001
Bradyrhizobium symbiodeficiens	1404367	S	125	29	154	0.00001
Bradyrhizobium arachidis	858423	S	116	26	142	0.00001
Bradyrhizobium japonicum	375	S	110	70	180	0.00001
Bradyrhizobium betae	244734	S	103	48	151	0.00001
Bradyrhizobium cosmicum	1404864	S	94	18	112	0.00001
Bradyrhizobium guangdongense	1325090	S	92	61	153	0.00001
Bradyrhizobium guangxiense	1325115	S	81	44	125	0.00001
Bradyrhizobium genosp. B	83627	S	81	9	90	0.00001
Bradyrhizobium zhanjiangense	1325107	S	79	9	88	0.00001
Bradyrhizobium vignae	1549949	S	55	7	62	0.00000
Bradyrhizobium amphicarpaeae	1404768	S	55	14	69	0.00000
Bradyrhizobium guangzhouense	1325095	S	54	29	83	0.00001
Bradyrhizobium ottawaense	931866	S	16	103	119	0.00001
Bradyrhizobium elkanii	29448	S	13	358	371	0.00002
Bosea sp. ANAM02	2020412	S	301	74	375	0.00002
Bosea sp. RAC05	1842539	S	292	54	346	0.00002
Bosea sp. Tri-49	1867715	S	145	18	163	0.00001
Bosea sp. F3-2	2599640	S	135	29	164	0.00001
Bosea sp. PAMC 26642	1792307	S	133	16	149	0.00001
Bosea sp. AS-1	2015316	S	121	27	148	0.00001
Bosea vaviloviae	1526658	S	146	17	163	0.00001
Rhodopseudomonas palustris	1076	S	835	161	996	0.00007
Tardiphaga robiniae	943830	S	267	22	289	0.00002
Tardiphaga sp. vice154	2592814	S	10	118	128	0.00001
Tardiphaga sp. vice304	2592817	S	3	42	45	0.00000
Tardiphaga sp. vice278	2592815	S	1	18	19	0.00000
Afipia sp. GAS231	1882747	S	115	81	196	0.00001
Afipia carboxidovorans	40137	S	84	-84	0	0.00000
Variibacter gotjawalensis	1333996	S	186	6	192	0.00001
Nitrobacter winogradskyi	913	S	67	8	75	0.00000
Nitrobacter hamburgensis	912	S	60	6	66	0.00000
Rhizobium sp. 11515TR	2028343	S	46	2	48	0.00000
Rhizobium sp. BG4	2613770	S	43	3	46	0.00000
Rhizobium sp. ACO-34A	1571470	S	42	3	45	0.00000
Rhizobium sp. ADMK78	1813451	S	41	2	43	0.00000
Rhizobium sp. WL3	2603277	S	40	3	43	0.00000
Rhizobium sp. CIAT894	2020312	S	31	7	38	0.00000
Rhizobium sp. NXC24	2048897	S	31	1	32	0.00000
Rhizobium sp. NLR16a	2731112	S	30	7	37	0.00000
Rhizobium sp. NZLR1	2731096	S	21	3	24	0.00000
Rhizobium sp. NXC14	1981173	S	18	4	22	0.00000
Rhizobium sp. Kim5	2020311	S	18	31	49	0.00000
Rhizobium sp. TAL182	2020313	S	17	37	54	0.00000
Rhizobium sp. ZX09	2291939	S	11	32	43	0.00000
Rhizobium sp. TCK	136098	S	7	9	16	0.00000
Rhizobium sp. Khangiran2	1435607	S	6	4	10	0.00000
Rhizobium sp. IE4771	1301032	S	6	9	15	0.00000
Rhizobium sp. 007	2785056	S	5	3	8	0.00000
Rhizobium sp. Y9	1914541	S	4	13	17	0.00000
Rhizobium sp. N113	1703960	S	2	298	300	0.00002
Rhizobium sp. N324	1703969	S	2	66	68	0.00000
Rhizobium sp. NIBRBAC000502774	2590777	S	2	1	3	0.00000
Rhizobium leguminosarum	384	S	267	80	347	0.00002
Rhizobium pusense	648995	S	96	240	336	0.00002
Rhizobium etli	29449	S	91	33	124	0.00001
Rhizobium phaseoli	396	S	68	63	131	0.00001
Rhizobium tropici	398	S	63	15	78	0.00001
Rhizobium favelukesii	348824	S	55	8	63	0.00000
Rhizobium daejeonense	240521	S	54	19	73	0.00000
Rhizobium gallicum	56730	S	53	11	64	0.00000
Rhizobium rosettiformans	1368430	S	51	21	72	0.00000
Rhizobium lusitanum	293958	S	50	2	52	0.00000
Rhizobium pseudoryzae	379684	S	50	5	55	0.00000
Rhizobium oryzihabitans	2267833	S	48	36	84	0.00001
Rhizobium rhizoryzae	451876	S	47	3	50	0.00000
Rhizobium jaguaris	1312183	S	33	1	34	0.00000
Rhizobium lentis	1138194	S	32	4	36	0.00000
Rhizobium bangladeshense	1138189	S	27	2	29	0.00000
Rhizobium binae	1138190	S	27	4	31	0.00000
Rhizobium flavum	1335061	S	22	8	30	0.00000
Rhizobium acidisoli	1538158	S	19	5	24	0.00000
Rhizobium indicum	2583231	S	19	7	26	0.00000
Rhizobium hidalgonense	1538159	S	13	14	27	0.00000
Rhizobium ruizarguesonis	2081791	S	5	11	16	0.00000
Agrobacterium tumefaciens	358	S	281	145	426	0.00003
Agrobacterium fabacearum	1183401	S	26	44	70	0.00000
Agrobacterium fabrum	1176649	S	21	18	39	0.00000
Agrobacterium vitis	373	S	128	7	135	0.00001
Agrobacterium sp. MA01	2664893	S	37	16	53	0.00000
Agrobacterium sp. T29	2580515	S	23	8	31	0.00000
Agrobacterium sp. CGMCC 11546	2579248	S	16	21	37	0.00000
Agrobacterium sp. RAC06	1842536	S	10	4	14	0.00000
Agrobacterium sp. 33MFTa1.1	1279031	S	3	13	16	0.00000
Agrobacterium rhizogenes	359	S	50	39	89	0.00001
Agrobacterium rubi	28099	S	45	7	52	0.00000
Agrobacterium larrymoorei	160699	S	35	3	38	0.00000
Neorhizobium sp. SOG26	2060726	S	63	5	68	0.00000
Neorhizobium sp. NCHU2750	1825976	S	41	4	45	0.00000
Neorhizobium galegae	399	S	73	3	76	0.00001
Pseudorhizobium banfieldiae	1125847	S	21	26	47	0.00000
Sinorhizobium fredii	380	S	176	103	279	0.00002
Sinorhizobium meliloti	382	S	174	34	208	0.00001
Sinorhizobium sp. BG8	2613773	S	71	6	77	0.00001
Sinorhizobium sp. RAC02	1842534	S	47	4	51	0.00000
Sinorhizobium sp. CCBAU 05631	794846	S	2	2	4	0.00000
Sinorhizobium sp. M14	430451	S	1	3	4	0.00000
Sinorhizobium sp. LM21	1449788	S	1	0	1	0.00000
Sinorhizobium americanum	194963	S	81	10	91	0.00001
Sinorhizobium medicae	110321	S	44	4	48	0.00000
Ensifer adhaerens	106592	S	105	16	121	0.00001
Ensifer sp. PDNC004	2811423	S	79	17	96	0.00001
Ensifer alkalisoli	1752398	S	65	7	72	0.00000
Ensifer sojae	716925	S	40	15	55	0.00000
Ensifer mexicanus	375549	S	35	2	37	0.00000
Shinella sp. HZN7	879274	S	80	36	116	0.00001
Shinella sp. PSBB067	2715959	S	75	34	109	0.00001
Kaistia sp. 32K	2795690	S	114	14	128	0.00001
Liberibacter crescens	1273132	S	32	1	33	0.00000
Candidatus Liberibacter solanacearum	556287	S	23	0	23	0.00000
Candidatus Liberibacter americanus	309868	S	21	0	21	0.00000
Candidatus Liberibacter africanus	34020	S	10	0	10	0.00000
Candidatus Liberibacter asiaticus	34021	S	7	108	115	0.00001
Ciceribacter thiooxidans	1969821	S	75	6	81	0.00001
Georhizobium profundi	2341112	S	53	9	62	0.00000
Methylobacterium sp. 4-46	426117	S	200	13	213	0.00001
Methylobacterium sp. 17Sr1-43	2202828	S	193	18	211	0.00001
Methylobacterium sp. WL1	2603276	S	171	12	183	0.00001
Methylobacterium sp. 17Sr1-1	2202826	S	72	13	85	0.00001
Methylobacterium sp. DM1	2067957	S	71	24	95	0.00001
Methylobacterium sp. AMS5	925818	S	45	12	57	0.00000
Methylobacterium sp. C1	1479019	S	29	70	99	0.00001
Methylobacterium sp. XJLW	739141	S	27	190	217	0.00001
Methylobacterium sp. CLZ	2696060	S	4	355	359	0.00002
Methylobacterium aquaticum	270351	S	220	37	257	0.00002
Methylobacterium durans	2202825	S	167	10	177	0.00001
Methylobacterium brachiatum	269660	S	166	33	199	0.00001
Methylobacterium nodulans	114616	S	141	5	146	0.00001
Methylobacterium mesophilicum	39956	S	117	8	125	0.00001
Methylobacterium currus	2051553	S	104	23	127	0.00001
Methylobacterium indicum	1775910	S	92	18	110	0.00001
Methylobacterium terrae	2202827	S	91	16	107	0.00001
Methylobacterium phyllosphaerae	418223	S	53	93	146	0.00001
Methylobacterium radiotolerans	31998	S	37	61	98	0.00001
Methylobacterium oryzae	334852	S	17	135	152	0.00001
Methylorubrum populi	223967	S	330	89	419	0.00003
Methylorubrum extorquens	408	S	305	184	489	0.00003
Methylorubrum zatmanii	29429	S	16	61	77	0.00001
Microvirga sp. VF16	2807101	S	91	8	99	0.00001
Microvirga sp. 17 mud 1-3	2082949	S	33	4	37	0.00000
Microvirga ossetica	1882682	S	104	11	115	0.00001
Microvirga thermotolerans	2651334	S	66	10	76	0.00001
Mesorhizobium sp. Pch-S	2082387	S	181	12	193	0.00001
Mesorhizobium sp. N3	675281	S	118	14	132	0.00001
Mesorhizobium sp. 8	2584466	S	81	8	89	0.00001
Mesorhizobium sp. J8	2777475	S	79	10	89	0.00001
Mesorhizobium sp. DCY119	2108445	S	79	9	88	0.00001
Mesorhizobium sp. M4B.F.Ca.ET.058.02.1.1	2493675	S	71	17	88	0.00001
Mesorhizobium sp. M1E.F.Ca.ET.045.02.1.1	2493672	S	69	21	90	0.00001
Mesorhizobium sp. M1B.F.Ca.ET.045.04.1.1	2493673	S	59	12	71	0.00000
Mesorhizobium sp. INR15	2654248	S	58	3	61	0.00000
Mesorhizobium sp. L-8-10	2744523	S	53	106	159	0.00001
Mesorhizobium sp. M8A.F.Ca.ET.057.01.1.1	2493679	S	53	11	64	0.00000
Mesorhizobium sp. 131-2-1	2744518	S	52	17	69	0.00000
Mesorhizobium sp. M9A.F.Ca.ET.002.03.1.2	2493668	S	52	16	68	0.00000
Mesorhizobium sp. M1D.F.Ca.ET.043.01.1.1	2493669	S	51	19	70	0.00000
Mesorhizobium sp. M3A.F.Ca.ET.080.04.2.1	2493676	S	50	9	59	0.00000
Mesorhizobium sp. M1A.F.Ca.IN.022.06.1.1	2493680	S	43	8	51	0.00000
Mesorhizobium sp. L-8-3	2744522	S	41	84	125	0.00001
Mesorhizobium sp. M7D.F.Ca.US.005.01.1.1	2493678	S	39	10	49	0.00000
Mesorhizobium sp. NZP2298	2483403	S	39	17	56	0.00000
Mesorhizobium sp. L-2-11	2744521	S	38	10	48	0.00000
Mesorhizobium sp. NBSH29	2654249	S	37	1	38	0.00000
Mesorhizobium sp. NZP2077	2483404	S	34	7	41	0.00000
Mesorhizobium sp. 113-3-3	2744516	S	29	12	41	0.00000
Mesorhizobium sp. M2A.F.Ca.ET.043.05.1.1	2493671	S	27	12	39	0.00000
Mesorhizobium sp. M2A.F.Ca.ET.043.02.1.1	2493670	S	26	38	64	0.00000
Mesorhizobium sp. M6A.T.Cr.TU.016.01.1.1	2493677	S	22	4	26	0.00000
Mesorhizobium sp. M7A.F.Ce.TU.012.03.2.1	2493681	S	21	5	26	0.00000
Mesorhizobium sp. 113-3-9	2744517	S	19	10	29	0.00000
Mesorhizobium sp. AA22	1854057	S	16	10	26	0.00000
Mesorhizobium sp. M2A.F.Ca.ET.046.03.2.1	2493674	S	14	22	36	0.00000
Mesorhizobium sp. 113-1-2	2744515	S	13	44	57	0.00000
Mesorhizobium sp. 131-3-5	2744520	S	11	51	62	0.00000
Mesorhizobium sp. WSM1497	278153	S	5	16	21	0.00000
Mesorhizobium sp. NZP2234	2483402	S	4	23	27	0.00000
Mesorhizobium sp. 131-2-5	2744519	S	1	9	10	0.00000
Mesorhizobium amorphae	71433	S	81	12	93	0.00001
Mesorhizobium huakuii	28104	S	59	30	89	0.00001
Mesorhizobium loti	381	S	56	114	170	0.00001
Mesorhizobium ciceri	39645	S	56	117	173	0.00001
Mesorhizobium japonicum	2066070	S	55	34	89	0.00001
Mesorhizobium oceanicum	1670800	S	46	6	52	0.00000
Mesorhizobium australicum	536018	S	42	12	54	0.00000
Mesorhizobium opportunistum	593909	S	41	12	53	0.00000
Mesorhizobium erdmanii	1777866	S	38	9	47	0.00000
Mesorhizobium terrae	2725666	S	2	0	2	0.00000
Aminobacter sp. MSH1	374606	S	90	32	122	0.00001
Aminobacter sp. MDW-2	2666139	S	45	209	254	0.00002
Aminobacter sp. SR38	2774562	S	22	73	95	0.00001
Aminobacter aminovorans	83263	S	18	25	43	0.00000
Nitratireductor sp. SY7	2599600	S	72	6	78	0.00001
Nitratireductor sp. OM-1	1756988	S	43	2	45	0.00000
Phyllobacterium sp. 628	2718938	S	58	4	62	0.00000
Phyllobacterium zundukense	1867719	S	38	3	41	0.00000
Chelativorans sp. BNC1	266779	S	89	8	97	0.00001
Hoeflea sp. IMCC20628	1620421	S	47	2	49	0.00000
Hoeflea phototrophica	244596	S	35	2	37	0.00000
Roseitalea porphyridii	1852022	S	69	5	74	0.00000
Oricola thermophila	2742145	S	45	3	48	0.00000
Salaquimonas pukyongi	2712698	S	25	0	25	0.00000
Lentilitoribacter sp. Alg239-R112	2305987	S	24	0	24	0.00000
Devosia sp. A16	1736675	S	167	7	174	0.00001
Devosia sp. S02	2657486	S	93	7	100	0.00001
Devosia sp. 1566	2499144	S	65	4	69	0.00000
Devosia sp. I507	2083786	S	62	6	68	0.00000
Devosia sp. G19	2801335	S	52	4	56	0.00000
Devosia sp. D6-9	2664417	S	49	32	81	0.00001
Devosia sp. MC521	2759954	S	39	4	43	0.00000
Devosia sp. LEGU1	2774137	S	28	1	29	0.00000
Devosia ginsengisoli	400770	S	68	9	77	0.00001
Hyphomicrobium denitrificans	53399	S	131	27	158	0.00001
Hyphomicrobium sp. MC1	717785	S	91	12	103	0.00001
Hyphomicrobium nitrativorans	1427356	S	72	3	75	0.00000
Blastochloris tepida	2233851	S	111	17	128	0.00001
Blastochloris viridis	1079	S	86	9	95	0.00001
Rhodoplanes sp. Z2-YC6860	674703	S	123	5	128	0.00001
Rhodoplanes piscinae	444923	S	7	0	7	0.00000
Aquabacter sp. L1I39	2820278	S	106	7	113	0.00001
Methyloceanibacter caenitepidi	1384459	S	50	3	53	0.00000
Methyloceanibacter sp. wino2	2170729	S	49	4	53	0.00000
Youhaiella tibetensis	1447062	S	68	2	70	0.00000
Rhodomicrobium vannielii	1069	S	62	1	63	0.00000
Caenibius tardaugens	169176	S	60	82	142	0.00001
Methyloligella sp. GL2	2742204	S	58	2	60	0.00000
Pelagibacterium halotolerans	531813	S	41	2	43	0.00000
Candidatus Filomicrobium marinum	1608628	S	40	0	40	0.00000
Maritalea myrionectae	454601	S	29	0	29	0.00000
Paradevosia shaoguanensis	1335043	S	25	20	45	0.00000
Xanthobacter sp. YN2	2528964	S	193	43	236	0.00002
Pseudolabrys taiwanensis	331696	S	102	10	112	0.00001
Pseudolabrys sp. FHR47	2562284	S	70	7	77	0.00001
Starkeya novella	921	S	106	27	133	0.00001
Starkeya sp. ORNL1	2709380	S	64	7	71	0.00000
Ancylobacter sp. TS-1	1850374	S	80	23	103	0.00001
Ancylobacter pratisalsi	1745854	S	67	9	76	0.00001
Labrys sp. KNU-23	2789216	S	108	5	113	0.00001
Azorhizobium caulinodans	7	S	96	11	107	0.00001
Labrenzia sp. VG12	2021862	S	65	2	67	0.00000
Labrenzia sp. PHM005	2590016	S	49	1	50	0.00000
Labrenzia sp. THAF82	2587861	S	22	0	22	0.00000
Labrenzia sp. THAF35	2587854	S	21	49	70	0.00000
Labrenzia sp. CP4	1674922	S	7	16	23	0.00000
Labrenzia alexandrii	388408	S	33	2	35	0.00000
Labrenzia aggregata	187304	S	22	31	53	0.00000
Stappia indica	538381	S	92	10	102	0.00001
Stappia sp. ES.058	1881061	S	61	3	64	0.00000
Pannonibacter phragmitetus	121719	S	102	82	184	0.00001
Pseudovibrio sp. FO-BEG1	911045	S	22	0	22	0.00000
Aureimonas sp. AU20	1349819	S	104	10	114	0.00001
Aureimonas sp. LMG 31693	2758041	S	43	5	48	0.00000
Aureimonas sp. OT7	2816454	S	39	35	74	0.00000
Aureimonas sp. AU12	1638161	S	2	11	13	0.00000
Aureimonas populi	1701758	S	67	8	75	0.00000
Martelella sp. AD-3	686597	S	29	92	121	0.00001
Martelella lutilitoris	2583532	S	44	26	70	0.00000
Martelella mediterranea	293089	S	43	15	58	0.00000
Martelella endophytica	1486262	S	24	2	26	0.00000
Methylocystis rosea	173366	S	69	12	81	0.00001
Methylocystis bryophila	655015	S	67	5	72	0.00000
Methylocystis heyeri	391905	S	51	4	55	0.00000
Methylocystis parvus	134	S	50	3	53	0.00000
Methylocystis sp. SC2	187303	S	24	8	32	0.00000
Methylosinus trichosporium	426	S	73	9	82	0.00001
Methylosinus sp. C49	2699395	S	48	7	55	0.00000
Bartonella sp. HY038	2759660	S	30	2	32	0.00000
Bartonella sp. WD16.2	1933904	S	12	3	15	0.00000
Bartonella sp. 1-1C	515256	S	4	25	29	0.00000
Bartonella apis	1686310	S	46	1	47	0.00000
Bartonella grahamii	33045	S	27	6	33	0.00000
Bartonella krasnovii	2267275	S	24	8	32	0.00000
Bartonella vinsonii	33047	S	23	3	26	0.00000
Bartonella quintana	803	S	17	1	18	0.00000
Bartonella ancashensis	1318743	S	17	1	18	0.00000
Bartonella alsatica	52764	S	15	1	16	0.00000
Bartonella bovis	155194	S	13	1	14	0.00000
Bartonella schoenbuchensis	165694	S	13	3	16	0.00000
Bartonella bacilliformis	774	S	12	1	13	0.00000
Bartonella birtlesii	111504	S	10	1	11	0.00000
Bartonella henselae	38323	S	9	0	9	0.00000
Bartonella australis	388640	S	7	0	7	0.00000
Bartonella tribocorum	85701	S	6	7	13	0.00000
Bartonella elizabethae	807	S	6	10	16	0.00000
Bartonella kosoyi	2133959	S	5	15	20	0.00000
Bartonella clarridgeiae	56426	S	4	0	4	0.00000
Pseudorhodoplanes sinuspersici	1235591	S	111	3	114	0.00001
Nordella sp. HKS 07	2712222	S	101	2	103	0.00001
Hartmannibacter diazotrophicus	1482074	S	58	5	63	0.00000
Candidatus Hodgkinia cicadicola	573658	S	53	0	53	0.00000
[Ochrobactrum] quorumnocens	271865	S	46	2	48	0.00000
Brucella intermedia	94625	S	42	4	46	0.00000
Brucella anthropi	529	S	33	94	127	0.00001
Brucella sp. 10RB9215	1149953	S	5	2	7	0.00000
Brucella sp. BO3	2691913	S	5	4	9	0.00000
Brucella sp. 09RB8910	1844051	S	4	2	6	0.00000
Brucella sp. BO2	693750	S	2	2	4	0.00000
Brucella sp. 09RB8471	1149952	S	2	1	3	0.00000
Brucella sp. 2280	2592625	S	2	2	4	0.00000
Brucella sp. 6810	2769351	S	2	1	3	0.00000
Brucella pseudogrignonensis	419475	S	24	3	27	0.00000
Brucella pituitosa	571256	S	7	1	8	0.00000
Brucella inopinata	1218315	S	5	2	7	0.00000
Brucella melitensis	29459	S	3	68	71	0.00000
Brucella suis	29461	S	3	19	22	0.00000
Ochrobactrum sp. MT180101	2726427	S	24	68	92	0.00001
Ochrobactrum sp. LM19	1449781	S	1	0	1	0.00000
Ochrobactrum sp. EEELCW01	2696486	S	1	6	7	0.00000
Methylocella tundrae	227605	S	65	4	69	0.00000
Methylocella silvestris	199596	S	56	4	60	0.00000
Methylovirgula ligni	569860	S	74	4	78	0.00001
Beijerinckia indica	533	S	52	2	54	0.00000
Chelatococcus sp. CO-6	1702325	S	99	37	136	0.00001
Chelatococcus daeguensis	444444	S	38	13	51	0.00000
Parvibaculum lavamentivorans	256618	S	79	33	112	0.00001
Pyruvatibacter mobilis	1712261	S	44	3	47	0.00000
Candidatus Phaeomarinobacter ectocarpi	1458461	S	33	0	33	0.00000
Breoghania sp. L-A4	2304600	S	85	5	90	0.00001
Cohaesibacter sp. ES.047	1798205	S	43	0	43	0.00000
Lichenihabitans psoromatis	2528642	S	74	2	76	0.00001
Sphingomonas sp. AAP5	1523415	S	243	37	280	0.00002
Sphingomonas sp. DH-S5	2759526	S	232	10	242	0.00002
Sphingomonas sp. XS-10	2599297	S	224	8	232	0.00002
Sphingomonas sp. CL5.1	2653203	S	214	37	251	0.00002
Sphingomonas sp. PAMC26645	2565555	S	207	29	236	0.00002
Sphingomonas sp. HMP9	1517554	S	199	40	239	0.00002
Sphingomonas sp. FARSPH	2219696	S	188	91	279	0.00002
Sphingomonas sp. HMP6	1517551	S	167	13	180	0.00001
Sphingomonas sp. LM7	1938607	S	155	10	165	0.00001
Sphingomonas sp. LMO-1	2681549	S	147	6	153	0.00001
Sphingomonas sp. Cra20	1327635	S	140	6	146	0.00001
Sphingomonas sp. NBWT7	2596913	S	136	24	160	0.00001
Sphingomonas sp. MM-1	745310	S	128	134	262	0.00002
Sphingomonas sp. KC8	1030157	S	121	39	160	0.00001
Sphingomonas sp. NIC1	1961362	S	119	116	235	0.00002
Sphingomonas sp. C33	2698679	S	107	6	113	0.00001
Sphingomonas sp. AP4-R1	2735134	S	107	4	111	0.00001
Sphingomonas sp. C8-2	2492837	S	105	75	180	0.00001
Sphingomonas sp. LK11	1390395	S	104	14	118	0.00001
Sphingomonas sp. MK52	2711156	S	103	4	107	0.00001
Sphingomonas sp. IC081	304378	S	68	181	249	0.00002
Sphingomonas sp. YZ-8	2319844	S	64	0	64	0.00000
Sphingomonas sp. sand1-3	2764186	S	59	2	61	0.00000
Sphingomonas sp. HDW15C	2714944	S	54	1	55	0.00000
Sphingomonas sp. HDW15B	2714943	S	46	1	47	0.00000
Sphingomonas sp. HDW15A	2714942	S	44	0	44	0.00000
Sphingomonas sp. ERG5	1381597	S	6	4	10	0.00000
Sphingomonas sp.	28214	S	3	0	3	0.00000
Sphingomonas sp. JE1	1628059	S	1	0	1	0.00000
Sphingomonas koreensis	93064	S	389	193	582	0.00004
Sphingomonas melonis	152682	S	326	648	974	0.00006
Sphingomonas alpina	653931	S	312	5	317	0.00002
Sphingomonas panacisoli	1813879	S	257	7	264	0.00002
Sphingomonas taxi	1549858	S	189	11	200	0.00001
Sphingomonas wittichii	160791	S	183	79	262	0.00002
Sphingomonas sanxanigenens	397260	S	164	62	226	0.00001
Sphingomonas insulae	424800	S	163	10	173	0.00001
Sphingomonas hengshuiensis	1609977	S	156	3	159	0.00001
Sphingomonas paucimobilis	13689	S	150	38	188	0.00001
Sphingomonas panacis	1560345	S	147	4	151	0.00001
Sphingomonas lacunae	2698828	S	135	3	138	0.00001
Sphingomonas ginsengisoli An et al. 2013	363835	S	76	2	78	0.00001
Sphingomonas lutea	1045317	S	67	2	69	0.00000
Sphingomonas rhizophila	2071607	S	56	3	59	0.00000
Sphingomonas sediminicola	386874	S	50	1	51	0.00000
Sphingomonas daechungensis	1176646	S	48	0	48	0.00000
Sphingomonas xanthus	2594473	S	27	1	28	0.00000
Sphingobium sp. YG1	2082188	S	200	62	262	0.00002
Sphingobium sp. KCTC 72723	2733867	S	140	7	147	0.00001
Sphingobium sp. RAC03	1843368	S	113	14	127	0.00001
Sphingobium sp. CAP-1	2676077	S	97	58	155	0.00001
Sphingobium sp. TKS	1315974	S	94	116	210	0.00001
Sphingobium sp. SYK-6	627192	S	88	22	110	0.00001
Sphingobium sp. Cam5-1	2789327	S	71	23	94	0.00001
Sphingobium sp. SCG-1	2072936	S	67	1	68	0.00000
Sphingobium sp. EP60837	1855519	S	62	10	72	0.00000
Sphingobium sp. MI1205	407020	S	59	89	148	0.00001
Sphingobium sp. PAMC28499	2565554	S	36	33	69	0.00000
Sphingobium sp. YBL2	484429	S	31	126	157	0.00001
Sphingobium sp. RSMS	520734	S	16	60	76	0.00001
Sphingobium sp. LF-16	2185111	S	16	144	160	0.00001
Sphingobium yanoikuyae	13690	S	520	548	1068	0.00007
Sphingobium hydrophobicum	1673076	S	196	144	340	0.00002
Sphingobium amiense	135719	S	99	145	244	0.00002
Sphingobium cloacae	120107	S	88	137	225	0.00001
Sphingobium baderi	1332080	S	86	117	203	0.00001
Sphingobium chlorophenolicum	46429	S	75	32	107	0.00001
Sphingobium herbicidovorans	76947	S	71	44	115	0.00001
Sphingobium japonicum	332056	S	69	27	96	0.00001
Sphingobium barthaii	1054037	S	29	46	75	0.00000
Sphingobium fuliginis	336203	S	25	55	80	0.00001
Sphingobium chungbukense	56193	S	3	1	4	0.00000
Sphingobium indicum	332055	S	1	4	5	0.00000
Sphingopyxis sp. 113P3	292913	S	328	115	443	0.00003
Sphingopyxis sp. EG6	1874061	S	266	78	344	0.00002
Sphingopyxis sp. OPL5	2486273	S	198	16	214	0.00001
Sphingopyxis sp. PAMC25046	2565556	S	194	47	241	0.00002
Sphingopyxis sp. FD7	1914525	S	180	43	223	0.00001
Sphingopyxis sp. QXT-31	1357916	S	133	18	151	0.00001
Sphingopyxis sp. MG	1866325	S	46	192	238	0.00002
Sphingopyxis sp. LPB0140	1913578	S	28	0	28	0.00000
Sphingopyxis macrogoltabida	33050	S	337	98	435	0.00003
Sphingopyxis fribergensis	1515612	S	323	68	391	0.00003
Sphingopyxis lindanitolerans	2054227	S	165	37	202	0.00001
Sphingopyxis terrae	33052	S	145	33	178	0.00001
Sphingopyxis alaskensis	117207	S	104	9	113	0.00001
Sphingopyxis granuli	267128	S	61	197	258	0.00002
Novosphingobium sp. ABRDHK2	2571749	S	175	56	231	0.00002
Novosphingobium sp. P6W	1609758	S	144	6	150	0.00001
Novosphingobium sp. THN1	1016987	S	123	21	144	0.00001
Novosphingobium sp. ES2-1	2780074	S	116	32	148	0.00001
Novosphingobium sp. Gsoil 351	2675225	S	113	2	115	0.00001
Novosphingobium sp. KA1	164608	S	64	142	206	0.00001
Novosphingobium sp. PP1Y	702113	S	54	21	75	0.00000
Novosphingobium ginsenosidimutans	1176536	S	245	7	252	0.00002
Novosphingobium resinovorum	158500	S	139	62	201	0.00001
Novosphingobium pentaromativorans	205844	S	110	109	219	0.00001
Novosphingobium aromaticivorans	48935	S	101	43	144	0.00001
Sphingorhabdus lacus	392610	S	460	4	464	0.00003
Sphingorhabdus sp. SMR4y	2584094	S	84	7	91	0.00001
Sphingorhabdus sp. YGSMI21	2077182	S	72	5	77	0.00001
Sphingorhabdus sp. JK6	2725558	S	72	0	72	0.00000
Sphingorhabdus sp. M41	1806885	S	57	2	59	0.00000
Sphingosinithalassobacter sp. CS137	2762748	S	110	10	120	0.00001
Sphingosinithalassobacter sp. zrk23	2711215	S	85	18	103	0.00001
Blastomonas fulva	1550728	S	30	81	111	0.00001
Blastomonas sp. RAC04	1842535	S	30	59	89	0.00001
Rhizorhabdus dicambivorans	1850238	S	112	105	217	0.00001
Parasphingopyxis algicola	2026624	S	58	1	59	0.00000
Parasphingopyxis sp. CP4	2724527	S	51	0	51	0.00000
Tardibacter chloracetimidivorans	1921510	S	97	73	170	0.00001
Citromicrobium sp. JL477	1634516	S	78	21	99	0.00001
Allosphingosinicella indica	941907	S	74	2	76	0.00001
Novosphingopyxis sp. PB63	2762729	S	62	18	80	0.00001
Zymomonas mobilis	542	S	37	13	50	0.00000
Parasphingorhabdus sp. JHSY0214	2806553	S	31	0	31	0.00000
Erythrobacter sp. HL-111	1798193	S	97	7	104	0.00001
Erythrobacter sp. HKB08	2502843	S	74	5	79	0.00001
Erythrobacter sp. KY5	2011159	S	67	2	69	0.00000
Erythrobacter sp. THAF29	2587851	S	41	6	47	0.00000
Erythrobacter sp. 6D36	2782568	S	41	3	44	0.00000
Erythrobacter sp. A30-3	2785907	S	28	17	45	0.00000
Erythrobacter litoralis	39960	S	123	30	153	0.00001
Erythrobacter neustonensis	1112	S	89	7	96	0.00001
Erythrobacter aureus	2182384	S	53	2	55	0.00000
Erythrobacter mangrovi	2739433	S	46	7	53	0.00000
Porphyrobacter sp. LM 6	1896196	S	143	43	186	0.00001
Porphyrobacter sp. CACIAM 03H1	2003315	S	135	28	163	0.00001
Porphyrobacter sp. HT-58-2	2023229	S	116	22	138	0.00001
Porphyrobacter sp. YT40	2547601	S	113	77	190	0.00001
Altererythrobacter sp. BO-6	2604537	S	59	3	62	0.00000
Altererythrobacter sp. B11	2060312	S	51	10	61	0.00000
Altererythrobacter sp. TH136	2067415	S	46	4	50	0.00000
Altererythrobacter sp. ZODW24	2185142	S	26	0	26	0.00000
Altererythrobacter ishigakiensis	476157	S	54	1	55	0.00000
Altererythrobacter atlanticus	1267766	S	52	15	67	0.00000
Altererythrobacter epoxidivorans	361183	S	49	6	55	0.00000
Croceicoccus marinus	450378	S	156	68	224	0.00001
Croceicoccus sp. YJ47	2798724	S	78	24	102	0.00001
Croceicoccus naphthovorans	1348774	S	70	91	161	0.00001
Tsuneonella dongtanensis	692370	S	81	9	90	0.00001
Tsuneonella amylolytica	2338327	S	72	12	84	0.00001
Tsuneonella mangrovi	1982042	S	46	3	49	0.00000
Tsuneonella flava	2055955	S	42	13	55	0.00000
Qipengyuania flava	192812	S	93	47	140	0.00001
Qipengyuania sediminis	1532023	S	68	2	70	0.00000
Qipengyuania seohaensis	266951	S	25	2	27	0.00000
Aurantiacibacter atlanticus	1648404	S	46	22	68	0.00000
Aurantiacibacter gangjinensis	502682	S	42	1	43	0.00000
Paraurantiacibacter namhicola	645517	S	50	2	52	0.00000
Pelagerythrobacter marensis	543877	S	40	1	41	0.00000
Sphingosinicella sp. BN140058	1892855	S	91	2	93	0.00001
Sphingosinicella sp. UDD2	2771430	S	52	2	54	0.00000
Sphingosinicella microcystinivorans	335406	S	95	3	98	0.00001
Sandaracinobacter sp. M6	2759707	S	129	5	134	0.00001
Paracoccus sp. Arc7-R13	2500532	S	104	11	115	0.00001
Paracoccus sp. AK26	2589076	S	80	4	84	0.00001
Paracoccus sp. H4-D09	2812658	S	75	10	85	0.00001
Paracoccus sp. MC1862	2760307	S	66	2	68	0.00000
Paracoccus sp. BM15	1529068	S	63	1	64	0.00000
Paracoccus yeei	147645	S	199	204	403	0.00003
Paracoccus pantotrophus	82367	S	117	22	139	0.00001
Paracoccus suum	2259340	S	99	15	114	0.00001
Paracoccus sanguinis	1545044	S	99	13	112	0.00001
Paracoccus zhejiangensis	1077935	S	98	18	116	0.00001
Paracoccus liaowanqingii	2560053	S	83	2	85	0.00001
Paracoccus aminophilus	34003	S	70	4	74	0.00000
Paracoccus kondratievae	135740	S	66	9	75	0.00000
Paracoccus denitrificans	266	S	61	12	73	0.00000
Paracoccus jeotgali	2065379	S	59	5	64	0.00000
Paracoccus aminovorans	34004	S	57	8	65	0.00000
Paracoccus contaminans	1945662	S	48	5	53	0.00000
Paracoccus mutanolyticus	1499308	S	9	22	31	0.00000
Paracoccus marcusii	59779	S	2	0	2	0.00000
Paracoccus haeundaensis	225362	S	1	0	1	0.00000
Sulfitobacter sp. AM1-D1	1917485	S	63	56	119	0.00001
Sulfitobacter sp. THAF37	2587855	S	49	27	76	0.00001
Sulfitobacter sp. D7	1968541	S	44	13	57	0.00000
Sulfitobacter sp. JL08	2070369	S	40	0	40	0.00000
Sulfitobacter sp. SK012	1389005	S	37	0	37	0.00000
Sulfitobacter sp. SK011	1389004	S	26	0	26	0.00000
Sulfitobacter sp. SK025	1389011	S	18	20	38	0.00000
Sulfitobacter sp. BSw21498	664426	S	14	2	16	0.00000
Sulfitobacter sp. B30-2	2785912	S	8	10	18	0.00000
Sulfitobacter pseudonitzschiae	1402135	S	94	26	120	0.00001
Sulfitobacter mediterraneus	83219	S	78	11	89	0.00001
Sulfitobacter pontiacus	60137	S	7	8	15	0.00000
Rhodobacter sp. CZR27	2033869	S	111	11	122	0.00001
Rhodobacter sp. LPB0142	1850250	S	81	37	118	0.00001
Rhodobacter blasticus	1075	S	163	7	170	0.00001
Rhodobacter capsulatus	1061	S	139	13	152	0.00001
Tabrizicola piscis	2494374	S	416	21	437	0.00003
Cereibacter sphaeroides	1063	S	388	28	416	0.00003
Roseovarius sp. THAF9	2587847	S	60	19	79	0.00001
Roseovarius sp. THAF27	2587850	S	21	24	45	0.00000
Roseovarius sp. THAF8	2587846	S	14	13	27	0.00000
Roseovarius sp. TM1035	391613	S	4	13	17	0.00000
Roseovarius indicus	540747	S	111	51	162	0.00001
Roseovarius faecimaris	2494550	S	48	0	48	0.00000
Roseovarius mucosus	215743	S	8	26	34	0.00000
Phaeobacter inhibens	221822	S	92	50	142	0.00001
Phaeobacter gallaeciensis	60890	S	83	56	139	0.00001
Phaeobacter piscinae	1580596	S	18	20	38	0.00000
Phaeobacter porticola	1844006	S	16	7	23	0.00000
Phaeobacter sp. LSS9	681157	S	8	18	26	0.00000
Yangia sp. CCB-MM3	1792508	S	101	11	112	0.00001
Salipiger profundus	1229727	S	79	39	118	0.00001
Salipiger pacificus	311180	S	62	8	70	0.00000
Gemmobacter sp. HYN0069	2169400	S	254	29	283	0.00002
Rhodovulum sp. MB263	308754	S	55	18	73	0.00000
Rhodovulum sp. P5	1564506	S	53	8	61	0.00000
Rhodovulum sulfidophilum	35806	S	93	27	120	0.00001
Celeribacter baekdonensis	875171	S	60	11	71	0.00000
Celeribacter manganoxidans	1411902	S	60	13	73	0.00000
Celeribacter indicus	1208324	S	40	23	63	0.00000
Celeribacter ethanolicus	1758178	S	31	10	41	0.00000
Celeribacter marinus	1397108	S	28	0	28	0.00000
Leisingera sp. NJS201	2508306	S	11	21	32	0.00000
Leisingera sp. NJS204	2508307	S	11	22	33	0.00000
Leisingera methylohalidivorans	133924	S	48	9	57	0.00000
Leisingera aquaemixtae	1396826	S	31	3	34	0.00000
Ruegeria sp. THAF33	2587853	S	33	7	40	0.00000
Ruegeria sp. TM1040	292414	S	31	3	34	0.00000
Ruegeria sp. AD91A	2293862	S	23	1	24	0.00000
Ruegeria sp. PR1b	185588	S	1	0	1	0.00000
Ruegeria pomeroyi	89184	S	44	1	45	0.00000
Paraoceanicella profunda	2579971	S	131	26	157	0.00001
Defluviimonas alba	1335048	S	127	37	164	0.00001
Octadecabacter sp. SW4	2602067	S	67	17	84	0.00001
Octadecabacter arcticus	53946	S	25	3	28	0.00000
Octadecabacter antarcticus	1217908	S	19	2	21	0.00000
Octadecabacter temperatus	1458307	S	9	0	9	0.00000
Thioclava electrotropha	1549850	S	57	10	67	0.00000
Thioclava nitratireducens	1915078	S	31	8	39	0.00000
Ketogulonicigenium robustum	92947	S	45	4	49	0.00000
Ketogulonicigenium vulgare	92945	S	42	4	46	0.00000
Polymorphum gilvum	991904	S	91	17	108	0.00001
Haematobacter massiliensis	195105	S	90	50	140	0.00001
Brevirhabdus pacifica	1267768	S	82	44	126	0.00001
Pontivivens sp. MT2928	2789856	S	79	1	80	0.00001
Mameliella alba	561184	S	75	14	89	0.00001
Dinoroseobacter shibae	215813	S	73	40	113	0.00001
Roseivivax sp. THAF30	2587852	S	22	52	74	0.00000
Pseudooceanicola algae	1537215	S	72	2	74	0.00000
Oceanicola sp. D3	2587163	S	70	1	71	0.00000
Pelagovum pacificum	2588711	S	70	5	75	0.00000
Pseudopuniceibacterium antarcticum	2613965	S	69	2	71	0.00000
Roseobacter ponti	1891787	S	22	0	22	0.00000
Roseobacter denitrificans	2434	S	18	5	23	0.00000
Roseobacter litoralis	42443	S	15	4	19	0.00000
Thalassobius gelatinovorus	53501	S	60	1	61	0.00000
Confluentimicrobium sp. EMB200-NS6	1609966	S	59	42	101	0.00001
Sagittula sp. P11	2009329	S	58	39	97	0.00001
Roseicitreum antarcticum	564137	S	58	0	58	0.00000
Marinovum algicola	42444	S	56	20	76	0.00001
Maribius sp. THAF1	2587842	S	55	1	56	0.00000
Pelagibaca abyssi	1250539	S	52	22	74	0.00000
Boseongicola sp. CCM32	2552942	S	50	0	50	0.00000
Yoonia vestfoldensis	245188	S	47	13	60	0.00000
Antarctobacter heliothermus	74033	S	46	1	47	0.00000
Pseudohalocynthiibacter aestuariivivens	1591409	S	46	9	55	0.00000
Roseibacterium elongatum	159346	S	45	1	46	0.00000
Thalassococcus sp. S3	2017482	S	44	0	44	0.00000
Epibacterium mobile	379347	S	44	14	58	0.00000
Profundibacter amoris	2171755	S	44	0	44	0.00000
Silicimonas algicola	1826607	S	42	0	42	0.00000
Pseudorhodobacter turbinis	2500533	S	40	1	41	0.00000
Rhodobaca barguzinensis	441209	S	35	0	35	0.00000
Jannaschia sp. CCS1	290400	S	34	0	34	0.00000
Parasedimentitalea marina	2483033	S	30	0	30	0.00000
Tateyamaria omphalii	299262	S	30	0	30	0.00000
Monaibacterium sp. ALG8	2715211	S	29	6	35	0.00000
Marivivens sp. JLT3646	1920883	S	27	2	29	0.00000
Qingshengfaniella alkalisoli	2599296	S	19	0	19	0.00000
Cognatishimia activa	1715691	S	18	0	18	0.00000
Planktomarina temperata	1284658	S	12	0	12	0.00000
Halocynthiibacter arcticus	1579316	S	10	0	10	0.00000
Azospirillum brasilense	192	S	285	161	446	0.00003
Azospirillum sp. TSA2s	709810	S	68	36	104	0.00001
Azospirillum sp. TSH100	652764	S	59	13	72	0.00000
Azospirillum sp. TSH58	664962	S	39	28	67	0.00000
Azospirillum thermophilum	2202148	S	147	15	162	0.00001
Azospirillum lipoferum	193	S	120	23	143	0.00001
Azospirillum ramasamyi	682998	S	70	20	90	0.00001
Azospirillum oryzae	286727	S	68	37	105	0.00001
Azospirillum thiophilum	528244	S	60	10	70	0.00000
Azospirillum humicireducens	1226968	S	55	16	71	0.00000
Azospirillum baldaniorum	1064539	S	50	57	107	0.00001
Magnetospirillum sp. XM-1	1663591	S	105	31	136	0.00001
Magnetospirillum sp. ME-1	1639348	S	41	12	53	0.00000
Magnetospirillum magneticum	84159	S	139	25	164	0.00001
Magnetospirillum gryphiswaldense	55518	S	102	3	105	0.00001
Nitrospirillum amazonense	28077	S	179	9	188	0.00001
Skermanella sp. TT6	2775420	S	85	66	151	0.00001
Skermanella pratensis	2233999	S	68	13	81	0.00001
Thalassospira sp. A40-3	2785908	S	39	6	45	0.00000
Thalassospira sp. B30-1	2785911	S	33	20	53	0.00000
Thalassospira marina	2048283	S	27	0	27	0.00000
Thalassospira indica	1891279	S	15	3	18	0.00000
Thalassospira xiamenensis	220697	S	8	4	12	0.00000
Hypericibacter adhaerens	2602016	S	96	13	109	0.00001
Hypericibacter terrae	2602015	S	43	4	47	0.00000
Rhodospirillum centenum	34018	S	79	7	86	0.00001
Rhodospirillum rubrum	1085	S	54	-54	0	0.00000
Ferrovibrio terrae	2594003	S	95	2	97	0.00001
Tistrella mobilis	171437	S	84	22	106	0.00001
Niveispirillum cyanobacteriorum	1612173	S	81	8	89	0.00001
Indioceanicola profundi	2220096	S	76	4	80	0.00001
Pararhodospirillum photometricum	1084	S	68	2	70	0.00000
Candidatus Endolissoclinum faulkneri	1263979	S	42	0	42	0.00000
Defluviicoccus vanus	111831	S	40	3	43	0.00000
Magnetospira sp. QH-2	1288970	S	38	0	38	0.00000
Haematospirillum jordaniae	1549855	S	18	0	18	0.00000
Roseomonas sp. 1318	2768161	S	79	4	83	0.00001
Roseomonas sp. 546	2768162	S	79	4	83	0.00001
Roseomonas sp. FDAARGOS_362	2018065	S	16	52	68	0.00000
Roseomonas gilardii	257708	S	98	20	118	0.00001
Roseomonas mucosa	207340	S	18	76	94	0.00001
Komagataeibacter xylinus	28448	S	109	68	177	0.00001
Komagataeibacter hansenii	436	S	66	4	70	0.00000
Komagataeibacter medellinensis	1177712	S	37	15	52	0.00000
Komagataeibacter saccharivorans	265959	S	32	4	36	0.00000
Komagataeibacter nataicola	265960	S	21	3	24	0.00000
Komagataeibacter oboediens	65958	S	19	1	20	0.00000
Komagataeibacter europaeus	33995	S	10	2	12	0.00000
Acetobacter aceti	435	S	49	7	56	0.00000
Acetobacter sp. KACC 21233	2592655	S	24	1	25	0.00000
Acetobacter sp. JWB	2259883	S	6	90	96	0.00001
Acetobacter persici	1076596	S	27	0	27	0.00000
Acetobacter orientalis	146474	S	19	0	19	0.00000
Acetobacter senegalensis	446692	S	13	2	15	0.00000
Acetobacter pasteurianus	438	S	12	4	16	0.00000
Acetobacter tropicalis	104102	S	12	1	13	0.00000
Acetobacter ghanensis	431306	S	11	0	11	0.00000
Acetobacter ascendens	481146	S	9	2	11	0.00000
Acetobacter oryzoeni	2500548	S	5	1	6	0.00000
Acetobacter pomorum	65959	S	2	8	10	0.00000
Roseococcus sp. NIBR12	2771361	S	212	5	217	0.00001
Stella humosa	94	S	119	5	124	0.00001
Gluconobacter albidus	318683	S	26	2	28	0.00000
Gluconobacter oxydans	442	S	22	12	34	0.00000
Gluconobacter sphaericus	574987	S	22	2	24	0.00000
Gluconobacter thailandicus	257438	S	6	3	9	0.00000
Acidiphilium cryptum	524	S	16	25	41	0.00000
Acidiphilium multivorum	62140	S	16	24	40	0.00000
Lichenicola cladoniae	1484109	S	79	0	79	0.00001
Gluconacetobacter diazotrophicus	33996	S	73	3	76	0.00001
Acidibrevibacterium fodinaquatile	1969806	S	61	2	63	0.00000
Granulibacter bethesdensis	364410	S	44	1	45	0.00000
Commensalibacter sp. ESL0284	2070537	S	14	8	22	0.00000
Commensalibacter sp. AMU001	2478912	S	10	6	16	0.00000
Swingsia sp. F3b2	2558361	S	26	0	26	0.00000
Swingsia samuiensis	1293412	S	6	0	6	0.00000
Neoasaia chiangmaiensis	320497	S	25	1	26	0.00000
Parasaccharibacter apium	1510841	S	18	0	18	0.00000
Asaia bogorensis	91915	S	16	0	16	0.00000
Bombella sp. KACC 21507	2697033	S	14	0	14	0.00000
Oecophyllibacter saccharovorans	2558360	S	14	0	14	0.00000
Kozakia baliensis	153496	S	13	1	14	0.00000
Entomobacter blattae	2762277	S	8	0	8	0.00000
Neokomagataea tanensis	661191	S	7	0	7	0.00000
Terasakiella sp. SH-1	2560057	S	26	0	26	0.00000
Brevundimonas sp. LVF2	2774190	S	171	10	181	0.00001
Brevundimonas sp. LVF1	2774189	S	161	27	188	0.00001
Brevundimonas sp. M20	2591463	S	112	7	119	0.00001
Brevundimonas sp. AJA228-03	2752515	S	103	5	108	0.00001
Brevundimonas sp. MF30-B	2561924	S	89	5	94	0.00001
Brevundimonas sp. GRTSA-9	2800818	S	84	4	88	0.00001
Brevundimonas sp. LM2	1938605	S	83	4	87	0.00001
Brevundimonas sp. SGAir0440	2579977	S	77	22	99	0.00001
Brevundimonas sp. GW460-12-10-14-LB2	1827469	S	72	50	122	0.00001
Brevundimonas sp. Bb-A	2560058	S	63	88	151	0.00001
Brevundimonas sp. CS1	2813778	S	55	21	76	0.00001
Brevundimonas sp. DS20	1532555	S	44	65	109	0.00001
Brevundimonas sp. 'scallop'	2562582	S	44	37	81	0.00001
Brevundimonas naejangsanensis	588932	S	184	23	207	0.00001
Brevundimonas diminuta	293	S	122	135	257	0.00002
Brevundimonas mediterranea	74329	S	86	12	98	0.00001
Brevundimonas subvibrioides	74313	S	85	5	90	0.00001
Brevundimonas vesicularis	41276	S	56	81	137	0.00001
Brevundimonas vancanneytii	1325724	S	45	80	125	0.00001
Caulobacter vibrioides	155892	S	284	74	358	0.00002
Caulobacter sp. FWC26	69665	S	146	48	194	0.00001
Caulobacter sp. K31	366602	S	109	17	126	0.00001
Caulobacter flavus	1679497	S	153	23	176	0.00001
Caulobacter segnis	88688	S	138	30	168	0.00001
Caulobacter rhizosphaerae	2010972	S	133	26	159	0.00001
Caulobacter mirabilis	69666	S	97	8	105	0.00001
Caulobacter soli	2708539	S	88	20	108	0.00001
Caulobacter henricii	69395	S	75	8	83	0.00001
Phenylobacterium zucineum	284016	S	135	16	151	0.00001
Phenylobacterium parvum	2201350	S	107	3	110	0.00001
Terricaulis silvestris	2686094	S	179	1	180	0.00001
Asticcacaulis excentricus	78587	S	101	2	103	0.00001
Rickettsia endosymbiont of Ixodes pacificus	1133329	S	286	70	356	0.00002
Rickettsia sp. Tillamook 23	2761623	S	35	6	41	0.00000
Rickettsia endosymbiont of Bemisia tabaci	337479	S	27	3	30	0.00000
Rickettsia endosymbiont of Ixodes scapularis	444612	S	17	5	22	0.00000
Rickettsia akari	786	S	17	1	18	0.00000
Rickettsia amblyommatis	33989	S	14	5	19	0.00000
Rickettsia raoultii	369822	S	10	7	17	0.00000
Rickettsia rhipicephali	33992	S	9	8	17	0.00000
Rickettsia australis	787	S	7	0	7	0.00000
Rickettsia felis	42862	S	6	0	6	0.00000
Rickettsia montanensis	33991	S	5	3	8	0.00000
Rickettsia heilongjiangensis	226665	S	4	6	10	0.00000
Rickettsia rickettsii	783	S	3	5	8	0.00000
Rickettsia sibirica	35793	S	3	5	8	0.00000
Rickettsia monacensis	109232	S	3	1	4	0.00000
Rickettsia japonica	35790	S	3	5	8	0.00000
Rickettsia massiliae	35791	S	2	2	4	0.00000
Rickettsia helvetica	35789	S	2	1	3	0.00000
Rickettsia parkeri	35792	S	1	2	3	0.00000
Rickettsia asiatica	238800	S	1	0	1	0.00000
Rickettsia canadensis	788	S	43	0	43	0.00000
Rickettsia bellii	33990	S	34	17	51	0.00000
Rickettsia typhi	785	S	12	0	12	0.00000
Rickettsia prowazekii	782	S	10	7	17	0.00000
Orientia tsutsugamushi	784	S	84	1	85	0.00001
Candidatus Sneabacter namystus	2601646	S	31	1	32	0.00000
Candidatus Phycorickettsia trachydisci	2115978	S	44	0	44	0.00000
Wolbachia endosymbiont of Cruorifilaria tuberocauda	1812111	S	32	0	32	0.00000
Wolbachia endosymbiont of Folsomia candida	169402	S	31	0	31	0.00000
Wolbachia endosymbiont of Dirofilaria (Dirofilaria) immitis	1812115	S	27	0	27	0.00000
Wolbachia endosymbiont of Dipetalonema caudispina	1812112	S	21	0	21	0.00000
Wolbachia endosymbiont of Ctenocephalides felis wCfeT	2732593	S	15	0	15	0.00000
Wolbachia endosymbiont of Litomosoides sigmodontis	80850	S	15	0	15	0.00000
Wolbachia endosymbiont of Diaphorina citri	116598	S	10	11	21	0.00000
Wolbachia endosymbiont of Trichogramma pretiosum	125593	S	6	1	7	0.00000
Wolbachia endosymbiont of Ctenocephalides felis wCfeJ	2732594	S	4	0	4	0.00000
Wolbachia endosymbiont of Chrysomya megacephala	1335053	S	3	18	21	0.00000
Wolbachia endosymbiont of Bemisia tabaci	215173	S	2	3	5	0.00000
Wolbachia endosymbiont of Cimex lectularius	246273	S	1	0	1	0.00000
Wolbachia pipientis	955	S	23	37	60	0.00000
Candidatus Wolbachia massiliensis	1845000	S	5	0	5	0.00000
Ehrlichia ruminantium	779	S	99	7	106	0.00001
Ehrlichia canis	944	S	56	8	64	0.00000
Ehrlichia chaffeensis	945	S	25	-25	0	0.00000
Ehrlichia muris	35795	S	6	4	10	0.00000
Ehrlichia sp. HF	391036	S	9	3	12	0.00000
Anaplasma phagocytophilum	948	S	19	0	19	0.00000
Anaplasma platys	949	S	14	0	14	0.00000
Anaplasma marginale	770	S	7	6	13	0.00000
Anaplasma centrale	769	S	3	1	4	0.00000
Neorickettsia sennetsu	951	S	12	3	15	0.00000
Neorickettsia findlayensis	2686014	S	7	1	8	0.00000
Neorickettsia risticii	950	S	5	1	6	0.00000
Neorickettsia helminthoeca	33994	S	5	0	5	0.00000
Rickettsiales endosymbiont of Stachyamoeba lipophora	2486578	S	65	3	68	0.00000
Candidatus Midichloria mitochondrii	234827	S	22	0	22	0.00000
Candidatus Fokinia solitaria	1802984	S	12	0	12	0.00000
Candidatus Deianiraea vastatrix	2163644	S	25	0	25	0.00000
Phreatobacter cathodiphilus	1868589	S	160	17	177	0.00001
Phreatobacter stygius	1940610	S	151	7	158	0.00001
Phreatobacter sp. NMCR1094	2570229	S	78	5	83	0.00001
Micavibrio aeruginosavorus	349221	S	62	0	62	0.00000
Candidatus Puniceispirillum marinum	767892	S	10	0	10	0.00000
Candidatus Pelagibacter sp. RS39	1977864	S	42	2	44	0.00000
Candidatus Pelagibacter sp. IMCC9063	1002672	S	40	1	41	0.00000
Candidatus Pelagibacter sp. HIMB1321	1388755	S	39	2	41	0.00000
Candidatus Pelagibacter sp. FZCC0015	2268451	S	20	1	21	0.00000
Candidatus Pelagibacter sp. RS40	1977865	S	18	0	18	0.00000
Candidatus Pelagibacter giovannonii	2563896	S	39	13	52	0.00000
Candidatus Pelagibacter ubique	198252	S	24	9	33	0.00000
Candidatus Fonsibacter ubiquis	1925548	S	33	2	35	0.00000
Hyphomonas sp. CACIAM 19H1	1873716	S	114	6	120	0.00001
Hyphomonas sp. KY3	2016196	S	60	9	69	0.00000
Hyphomonas sp. Mor2	1906738	S	37	0	37	0.00000
Hirschia baltica	2724	S	29	0	29	0.00000
Marinicauda algicola	2029849	S	78	19	97	0.00001
Glycocaulis alkaliphilus	1434191	S	56	5	61	0.00000
Hyphobacterium sp. CCMP332	2749086	S	45	1	46	0.00000
Maricaulis maris	74318	S	29	2	31	0.00000
Candidatus Cytomitobacter indipagum	2601575	S	28	1	29	0.00000
Candidatus Cytomitobacter primus	2066024	S	14	0	14	0.00000
endosymbiont of Acanthamoeba sp. UWC8	86106	S	41	0	41	0.00000
Candidatus Nesciobacter abundans	2601668	S	15	0	15	0.00000
Candidatus Paracaedibacter acanthamoebae	91604	S	57	0	57	0.00000
Candidatus Nucleicultrix amoebiphila	1509244	S	10	0	10	0.00000
Luteithermobacter gelatinilyticus	2582913	S	17	0	17	0.00000
Paremcibacter congregatus	2043170	S	15	0	15	0.00000
Magnetococcus marinus	1124597	S	25	0	25	0.00000
Parvularcula bermudensis	208216	S	21	3	24	0.00000
Kordiimonas pumila	2161677	S	17	0	17	0.00000
Myxococcus xanthus	34	S	188	65	253	0.00002
Myxococcus stipitatus	83455	S	105	30	135	0.00001
Myxococcus sp. SCHIC003	2813577	S	79	22	101	0.00001
Myxococcus hansupus	1297742	S	77	19	96	0.00001
Corallococcus coralloides	184914	S	191	23	214	0.00001
Corallococcus macrosporus	35	S	94	73	167	0.00001
Pyxidicoccus sp. SCPEA002	2813578	S	115	9	124	0.00001
Archangium violaceum	83451	S	260	35	295	0.00002
Archangium gephyra	48	S	92	16	108	0.00001
Cystobacter fuscus	43	S	143	23	166	0.00001
Melittangium boletus	83453	S	116	17	133	0.00001
Stigmatella aurantiaca	41	S	112	10	122	0.00001
Anaeromyxobacter sp. Fw109-5	404589	S	97	2	99	0.00001
Anaeromyxobacter sp. K	447217	S	65	49	114	0.00001
Anaeromyxobacter dehalogenans	161493	S	109	32	141	0.00001
Vulgatibacter incomptus	1391653	S	56	1	57	0.00000
Sorangium cellulosum	56	S	812	61	873	0.00006
Chondromyces crocatus	52	S	172	6	178	0.00001
Pajaroellobacter abortibovis	1882918	S	4	0	4	0.00000
Labilithrix luteola	1391654	S	327	7	334	0.00002
Minicystis rosea	888845	S	305	17	322	0.00002
Sandaracinus amylolyticus	927083	S	223	4	227	0.00001
Haliangium ochraceum	80816	S	197	2	199	0.00001
Desulfovibrio vulgaris	881	S	92	0	92	0.00001
Desulfovibrio marinus	370038	S	70	0	70	0.00000
Desulfovibrio piger	901	S	60	2	62	0.00000
Desulfovibrio carbinoliphilus	345370	S	58	1	59	0.00000
Desulfovibrio gigas	879	S	57	0	57	0.00000
Desulfovibrio desulfuricans	876	S	46	40	86	0.00001
Desulfovibrio sp. IOR2	2583823	S	31	2	33	0.00000
Desulfovibrio sp. 86	2666132	S	15	1	16	0.00000
Desulfovibrio fairfieldensis	44742	S	43	0	43	0.00000
Desulfovibrio sulfodismutans	63561	S	43	3	46	0.00000
Desulfovibrio alaskensis	58180	S	33	21	54	0.00000
Desulfovibrio magneticus	184917	S	26	8	34	0.00000
Desulfovibrio carbinolicus	296842	S	20	7	27	0.00000
Candidatus Desulfovibrio trichonymphae	1725232	S	18	0	18	0.00000
Desulfovibrio ferrophilus	241368	S	9	0	9	0.00000
Pseudodesulfovibrio cashew	2678688	S	38	5	43	0.00000
Pseudodesulfovibrio mercurii	641491	S	35	4	39	0.00000
Pseudodesulfovibrio indicus	1716143	S	34	4	38	0.00000
Pseudodesulfovibrio aespoeensis	182210	S	24	9	33	0.00000
Pseudodesulfovibrio profundus	57320	S	17	10	27	0.00000
Pseudodesulfovibrio sp. zrk46	2725288	S	9	0	9	0.00000
Pseudodesulfovibrio piezophilus	879567	S	7	0	7	0.00000
Maridesulfovibrio salexigens	880	S	28	1	29	0.00000
Maridesulfovibrio hydrothermalis	191026	S	18	0	18	0.00000
Desulfocurvibacter africanus	873	S	46	0	46	0.00000
Desulfolutivibrio sulfoxidireducens	2773299	S	34	3	37	0.00000
Lawsonia intracellularis	29546	S	21	-21	0	0.00000
Desulfomicrobium baculatum	899	S	27	1	28	0.00000
Desulfomicrobium orale	132132	S	22	2	24	0.00000
Desulfohalobium retbaense	45663	S	1	0	1	0.00000
Geobacter sp. SVR	2495594	S	153	6	159	0.00001
Geobacter sp. M18	443143	S	61	13	74	0.00000
Geobacter sp. FeAm09	2597769	S	49	1	50	0.00000
Geobacter sp. Jerry-YX	2815309	S	38	2	40	0.00000
Geobacter sp. DSM 9736	1277350	S	24	0	24	0.00000
Geobacter sp. M21	443144	S	20	7	27	0.00000
Geobacter sulfurreducens	35554	S	108	21	129	0.00001
Geobacter lovleyi	313985	S	45	1	46	0.00000
Geobacter pickeringii	345632	S	38	1	39	0.00000
Geobacter bremensis	60035	S	31	5	36	0.00000
Geobacter uraniireducens	351604	S	30	0	30	0.00000
Geobacter bemidjiensis	225194	S	23	7	30	0.00000
Geobacter daltonii	1203471	S	19	0	19	0.00000
Geobacter metallireducens	28232	S	16	0	16	0.00000
Geoalkalibacter subterraneus	483547	S	29	10	39	0.00000
Desulfuromonas soudanensis	1603606	S	45	8	53	0.00000
Desulfuromonas sp. DDH964	1823759	S	45	11	56	0.00000
Pelobacter propionicus	29543	S	51	8	59	0.00000
Syntrophotalea acetylenica	29542	S	30	1	31	0.00000
Syntrophotalea carbinolica	19	S	22	0	22	0.00000
Syntrophotalea acetylenivorans	1842532	S	20	0	20	0.00000
Desulfonema magnum	45655	S	110	1	111	0.00001
Desulfonema limicola	45656	S	42	1	43	0.00000
Desulfosarcina ovata	83564	S	54	2	56	0.00000
Desulfosarcina widdelii	947919	S	38	2	40	0.00000
Desulfosarcina alkanivorans	571177	S	22	6	28	0.00000
Desulfobacter postgatei	2293	S	68	4	72	0.00000
Desulfobacter hydrogenophilus	2291	S	37	2	39	0.00000
Desulfococcus multivorans	897	S	38	6	44	0.00000
Desulfococcus oleovorans	181663	S	14	0	14	0.00000
Desulfatibacillum aliphaticivorans	218208	S	42	0	42	0.00000
Desulfobacterium autotrophicum	2296	S	40	1	41	0.00000
Desulfobacula toluolica	28223	S	27	2	29	0.00000
Desulfobulbus propionicus	894	S	29	2	31	0.00000
Desulfobulbus oralis	1986146	S	18	1	19	0.00000
Desulfobulbus oligotrophicus	1909699	S	11	8	19	0.00000
Desulfopila sp. IMCC35004	2569540	S	30	0	30	0.00000
Desulfopila sp. IMCC35005	2569541	S	19	0	19	0.00000
Desulfurivibrio alkaliphilus	427923	S	38	0	38	0.00000
Desulfotalea psychrophila	84980	S	17	0	17	0.00000
Desulfocapsa sulfexigens	65555	S	13	0	13	0.00000
Persicimonas caeni	2292766	S	96	13	109	0.00001
Bradymonas sediminis	1548548	S	37	12	49	0.00000
Desulfomonile tiedjei	2358	S	26	0	26	0.00000
Syntrophus aciditrophicus	316277	S	19	0	19	0.00000
Desulfobacca acetoxidans	60893	S	11	0	11	0.00000
Desulfoglaeba alkanexedens	361111	S	32	0	32	0.00000
Syntrophobacter fumaroxidans	119484	S	16	2	18	0.00000
Desulfarculus baarsii	453230	S	70	18	88	0.00001
Candidatus Desulfofervidus auxilii	1621989	S	36	0	36	0.00000
Hippea maritima	84405	S	9	0	9	0.00000
Aliarcobacter cryaerophilus	28198	S	122	15	137	0.00001
Aliarcobacter butzleri	28197	S	94	13	107	0.00001
Aliarcobacter lanthieri	1355374	S	67	4	71	0.00000
Aliarcobacter faecis	1564138	S	52	4	56	0.00000
Aliarcobacter cibarius	255507	S	47	7	54	0.00000
Aliarcobacter skirrowii	28200	S	42	8	50	0.00000
Aliarcobacter thereius	544718	S	40	6	46	0.00000
Aliarcobacter trophiarum	708186	S	40	3	43	0.00000
[Arcobacter] porcinus	1935204	S	40	7	47	0.00000
Arcobacter venerupis	1054033	S	100	14	114	0.00001
Arcobacter nitrofigilis	28199	S	55	2	57	0.00000
Arcobacter sp. FWKO B	2593672	S	49	1	50	0.00000
Arcobacter suis	1278212	S	47	7	54	0.00000
Arcobacter ellisii	913109	S	44	11	55	0.00000
Arcobacter defluvii	873191	S	38	6	44	0.00000
Arcobacter anaerophilus	877500	S	37	1	38	0.00000
Arcobacter cloacae	1054034	S	34	12	46	0.00000
Arcobacter aquimarinus	1315211	S	33	12	45	0.00000
Arcobacter peruensis	2320140	S	7	38	45	0.00000
Malaciobacter mytili	603050	S	82	6	88	0.00001
Malaciobacter halophilus	197482	S	62	7	69	0.00000
Malaciobacter molluscorum	1032072	S	59	3	62	0.00000
Malaciobacter pacificus	1080223	S	59	4	63	0.00000
Malaciobacter marinus	505249	S	27	12	39	0.00000
Malaciobacter canalis	1912871	S	25	11	36	0.00000
Poseidonibacter lekithochrous	1904463	S	127	7	134	0.00001
Poseidonibacter parvus	1850254	S	16	83	99	0.00001
Halarcobacter ebronensis	1462615	S	86	2	88	0.00001
Halarcobacter bivalviorum	663364	S	43	1	44	0.00000
Pseudoarcobacter acticola	1849015	S	45	3	48	0.00000
Campylobacter sp. RM12175	1660076	S	29	15	44	0.00000
Campylobacter sp. RM6914	1032243	S	25	0	25	0.00000
Campylobacter sp. RM16192	1660080	S	21	0	21	0.00000
Campylobacter sp. CCUG 57310	2517362	S	21	0	21	0.00000
Campylobacter sp. RM16704	1500960	S	11	1	12	0.00000
Campylobacter sp. 2014D-0216	1813595	S	11	2	13	0.00000
Campylobacter sp. RM6137	1660073	S	10	0	10	0.00000
Campylobacter sp. RM8964	1660074	S	4	1	5	0.00000
Campylobacter concisus	199	S	108	3	111	0.00001
Campylobacter lari	201	S	106	16	122	0.00001
Campylobacter sputorum	206	S	81	3	84	0.00001
Campylobacter coli	195	S	76	67	143	0.00001
Campylobacter ureolyticus	827	S	68	5	73	0.00000
Campylobacter pinnipediorum	1965231	S	59	1	60	0.00000
Campylobacter iguaniorum	1244531	S	58	2	60	0.00000
Campylobacter hyointestinalis	198	S	56	3	59	0.00000
Campylobacter blaseri	2042961	S	54	1	55	0.00000
Campylobacter jejuni	197	S	48	82	130	0.00001
Campylobacter canadensis	449520	S	47	1	48	0.00000
Campylobacter armoricus	2505970	S	42	4	46	0.00000
Campylobacter hepaticus	1813019	S	38	1	39	0.00000
Campylobacter hominis	76517	S	37	2	39	0.00000
Campylobacter lanienae	75658	S	32	2	34	0.00000
Campylobacter insulaenigrae	260714	S	31	1	32	0.00000
Campylobacter fetus	196	S	31	3	34	0.00000
Campylobacter gracilis	824	S	28	0	28	0.00000
Campylobacter corcagiensis	1448857	S	25	0	25	0.00000
Campylobacter mucosalis	202	S	23	0	23	0.00000
Campylobacter peloridis	488546	S	22	24	46	0.00000
Candidatus Campylobacter infans	2561898	S	22	0	22	0.00000
Campylobacter curvus	200	S	20	0	20	0.00000
Campylobacter subantarcticus	497724	S	19	7	26	0.00000
Campylobacter geochelonis	1780362	S	19	0	19	0.00000
Campylobacter upsaliensis	28080	S	17	2	19	0.00000
Campylobacter avium	522485	S	16	0	16	0.00000
Campylobacter helveticus	28898	S	16	2	18	0.00000
Campylobacter ornithocola	1848766	S	15	2	17	0.00000
Campylobacter cuniculorum	374106	S	14	0	14	0.00000
Campylobacter volucris	1031542	S	12	0	12	0.00000
Campylobacter showae	204	S	12	0	12	0.00000
Campylobacter rectus	203	S	9	0	9	0.00000
Sulfurospirillum sp. UCH001	1581011	S	46	2	48	0.00000
Sulfurospirillum sp. JPD-1	220622	S	9	7	16	0.00000
Sulfurospirillum sp. ACSDCE	1854492	S	1	33	34	0.00000
Sulfurospirillum barnesii	44674	S	20	0	20	0.00000
Sulfurospirillum cavolei	366522	S	15	0	15	0.00000
Sulfurospirillum deleyianum	65553	S	13	0	13	0.00000
Sulfurospirillum multivorans	66821	S	8	3	11	0.00000
Sulfurospirillum halorespirans	194424	S	8	3	11	0.00000
Helicobacter pylori	210	S	196	12	208	0.00001
Helicobacter apodemus	135569	S	42	1	43	0.00000
Helicobacter canadensis	123841	S	28	1	29	0.00000
Helicobacter cetorum	138563	S	21	0	21	0.00000
Helicobacter bilis	37372	S	20	2	22	0.00000
Helicobacter cinaedi	213	S	19	3	22	0.00000
Helicobacter hepaticus	32025	S	16	1	17	0.00000
Helicobacter winghamensis	157268	S	16	1	17	0.00000
Helicobacter sp. MIT 01-6242	222136	S	14	0	14	0.00000
Helicobacter bizzozeronii	56877	S	14	0	14	0.00000
Helicobacter felis	214	S	12	0	12	0.00000
Helicobacter himalayensis	1591088	S	12	0	12	0.00000
Helicobacter mustelae	217	S	11	0	11	0.00000
Helicobacter typhlonius	76936	S	9	0	9	0.00000
Helicobacter cholecystus	45498	S	8	0	8	0.00000
Helicobacter pullorum	35818	S	8	0	8	0.00000
Helicobacter canis	29419	S	5	0	5	0.00000
Helicobacter heilmannii	35817	S	4	0	4	0.00000
Helicobacter acinonychis	212	S	4	1	5	0.00000
Helicobacter suis	104628	S	1	0	1	0.00000
Wolinella succinogenes	844	S	2	0	2	0.00000
Sulfurimonas sp. S2-6	2590020	S	48	8	56	0.00000
Sulfurimonas sp. B2	2590551	S	24	0	24	0.00000
Sulfurimonas sp. GYSZ_1	2590022	S	23	0	23	0.00000
Sulfurimonas sp. NW10	2509341	S	15	2	17	0.00000
Sulfurimonas sp. H1576	2672570	S	11	0	11	0.00000
Sulfurimonas sp. CVO	2283483	S	7	50	57	0.00000
Sulfurimonas gotlandica	1176482	S	42	1	43	0.00000
Candidatus Sulfurimonas baltica	2740404	S	28	2	30	0.00000
Sulfurimonas denitrificans	39766	S	25	1	26	0.00000
Sulfurimonas autotrophica	202747	S	22	1	23	0.00000
Candidatus Sulfurimonas marisnigri	2740405	S	13	1	14	0.00000
Sulfurimonas paralvinellae	317658	S	12	0	12	0.00000
Sulfuricurvum kujiense	148813	S	34	0	34	0.00000
Sulfurovum lithotrophicum	206403	S	19	0	19	0.00000
Sulfurovum indicum	2779528	S	9	0	9	0.00000
Sulfurovum sp. NBC37-1	387093	S	7	0	7	0.00000
Nitratifractor salsuginis	269261	S	11	0	11	0.00000
Hydrogenimonas urashimensis	2740515	S	13	0	13	0.00000
Caminibacter mediatlanticus	291048	S	69	3	72	0.00000
Nautilia sp. PV-1	2579250	S	21	1	22	0.00000
Nautilia profundicola	244787	S	9	0	9	0.00000
Cetia pacifica	1424653	S	16	1	17	0.00000
Nitratiruptor sp. SB155-2	387092	S	13	27	40	0.00000
Nitratiruptor sp. YY09-18	2724901	S	11	14	25	0.00000
Nitratiruptor labii	2706014	S	34	3	37	0.00000
Nitrosophilus alvini	2714855	S	7	1	8	0.00000
Bdellovibrio sp. NC01	2220073	S	104	11	115	0.00001
Bdellovibrio sp. ZAP7	2231053	S	52	28	80	0.00001
Bdellovibrio sp. KM01	2748865	S	34	19	53	0.00000
Bdellovibrio bacteriovorus	959	S	169	12	181	0.00001
Bdellovibrio exovorus	453816	S	51	0	51	0.00000
Halobacteriovorax marinus	97084	S	46	3	49	0.00000
Halobacteriovorax sp. BALOs_7	2109558	S	44	1	45	0.00000
Bacteriovorax stolpii	960	S	44	1	45	0.00000
Silvanigrella aquatica	1915309	S	49	0	49	0.00000
Acidithiobacillus ferrivorans	160808	S	109	5	114	0.00001
Acidithiobacillus caldus	33059	S	49	3	52	0.00000
Acidithiobacillus ferrooxidans	920	S	33	17	50	0.00000
Acidithiobacillus thiooxidans	930	S	14	0	14	0.00000
Acidithiobacillus ferridurans	1232575	S	3	20	23	0.00000
Acidithiobacillus sp. 'AMD consortium'	2614801	S	1	9	10	0.00000
Hydrogenophilus thermoluteolus	297	S	38	1	39	0.00000
Mariprofundus ferrinatatus	1921087	S	15	1	16	0.00000
Mariprofundus aestuarium	1921086	S	10	1	11	0.00000
Rhodococcus sp. YL-1	1045808	S	261	859	1120	0.00007
Rhodococcus sp. NJ-530	2490853	S	143	548	691	0.00005
Rhodococcus sp. 008	1723645	S	108	441	549	0.00004
Rhodococcus sp. MTM3W5.2	1805827	S	93	8	101	0.00001
Rhodococcus sp. X156	2499145	S	86	9	95	0.00001
Rhodococcus sp. AQ5-07	2054902	S	74	197	271	0.00002
Rhodococcus sp. P-2	2795031	S	60	11	71	0.00000
Rhodococcus sp. BH4	1807790	S	60	249	309	0.00002
Rhodococcus sp. B7740	1564114	S	60	3	63	0.00000
Rhodococcus sp. W8901	2742603	S	58	6	64	0.00000
Rhodococcus sp. R79	2811421	S	57	8	65	0.00000
Rhodococcus sp. PBTS 1	1653478	S	53	5	58	0.00000
Rhodococcus sp. SGAir0479	2567884	S	53	6	59	0.00000
Rhodococcus sp. ABRD24	2507582	S	46	3	49	0.00000
Rhodococcus sp. PBTS 2	1653479	S	45	20	65	0.00000
Rhodococcus sp. P1Y	1302308	S	44	1	45	0.00000
Rhodococcus sp. WMMA185	679318	S	28	1	29	0.00000
Rhodococcus sp. WAY2	2663121	S	28	15	43	0.00000
Rhodococcus sp. H-CA8f	1727214	S	28	92	120	0.00001
Rhodococcus sp. PSBB049	2812863	S	17	270	287	0.00002
Rhodococcus sp. 2G	1570939	S	14	32	46	0.00000
Rhodococcus sp. DMU1	2722825	S	12	30	42	0.00000
Rhodococcus sp. S2-17	1990687	S	11	24	35	0.00000
Rhodococcus sp. WB9	2594007	S	10	9	19	0.00000
Rhodococcus sp. 21391	2683591	S	10	33	43	0.00000
Rhodococcus sp. M8	1925550	S	9	22	31	0.00000
Rhodococcus sp. ZPP	2749906	S	6	15	21	0.00000
Rhodococcus sp. p52	935199	S	5	15	20	0.00000
Rhodococcus sp. NS1	402236	S	4	1	5	0.00000
Rhodococcus qingshengii	334542	S	721	2847	3568	0.00024
Rhodococcus erythropolis	1833	S	718	1972	2690	0.00018
Rhodococcus ruber	1830	S	133	23	156	0.00001
Rhodococcus fascians	1828	S	131	14	145	0.00001
Rhodococcus opacus	37919	S	121	45	166	0.00001
Rhodococcus hoagii	43767	S	80	13	93	0.00001
Rhodococcus rhodochrous	1829	S	67	15	82	0.00001
Rhodococcus coprophilus	38310	S	45	2	47	0.00000
Rhodococcus koreensis	99653	S	36	4	40	0.00000
Rhodococcus jostii	132919	S	31	9	40	0.00000
Rhodococcus triatomae	300028	S	24	2	26	0.00000
Rhodococcus imtechensis	262776	S	19	55	74	0.00000
Rhodococcus pyridinivorans	103816	S	12	28	40	0.00000
Rhodococcus aetherivorans	191292	S	6	56	62	0.00000
Rhodococcus biphenylivorans	1500843	S	6	30	36	0.00000
Nocardia asteroides	1824	S	215	48	263	0.00002
Nocardia brasiliensis	37326	S	194	21	215	0.00001
Nocardia cyriacigeorgica	135487	S	184	38	222	0.00001
Nocardia sp. CS682	1047172	S	89	10	99	0.00001
Nocardia sp. WCH-YHL-001	2755382	S	80	7	87	0.00001
Nocardia mangyaensis	2213200	S	162	25	187	0.00001
Nocardia farcinica	37329	S	128	29	157	0.00001
Nocardia terpenica	455432	S	117	9	126	0.00001
Nocardia arthritidis	228602	S	93	5	98	0.00001
Nocardia nova	37330	S	77	5	82	0.00001
Nocardia yunnanensis	2382165	S	77	11	88	0.00001
Nocardia otitidiscaviarum	1823	S	70	6	76	0.00001
Nocardia wallacei	480035	S	70	9	79	0.00001
Nocardia seriolae	37332	S	54	8	62	0.00000
Mycolicibacterium smegmatis	1772	S	114	11	125	0.00001
Mycolicibacterium sp. LJ126	2761578	S	60	3	63	0.00000
Mycolicibacterium sp. Z-34	2736649	S	46	1	47	0.00000
Mycolicibacterium sp. CBMA 213	1968788	S	2	0	2	0.00000
Mycolicibacterium fortuitum	1766	S	107	9	116	0.00001
Mycolicibacterium fluoranthenivorans	258505	S	107	5	112	0.00001
Mycolicibacterium litorale	758802	S	95	11	106	0.00001
Mycolicibacterium aurum	1791	S	92	6	98	0.00001
Mycolicibacterium mageritense	53462	S	80	5	85	0.00001
Mycolicibacterium arabiense	1286181	S	78	3	81	0.00001
Mycolicibacterium insubricum	444597	S	77	8	85	0.00001
Mycolicibacterium hassiacum	46351	S	76	8	84	0.00001
Mycolicibacterium chitae	1792	S	74	6	80	0.00001
Mycolicibacterium tokaiense	39695	S	71	3	74	0.00000
Mycolicibacterium madagascariense	212765	S	69	3	72	0.00000
Mycolicibacterium boenickei	146017	S	68	70	138	0.00001
Mycolicibacterium parafortuitum	39692	S	66	4	70	0.00000
Mycolicibacterium psychrotolerans	216929	S	65	4	69	0.00000
Mycolicibacterium sediminis	1286180	S	64	4	68	0.00000
Mycolicibacterium vaccae	1810	S	63	4	67	0.00000
Mycolicibacterium phocaicum	319706	S	62	8	70	0.00000
Mycolicibacterium duvalii	39688	S	61	5	66	0.00000
Mycolicibacterium gilvum	1804	S	59	9	68	0.00000
Mycolicibacterium thermoresistibile	1797	S	57	4	61	0.00000
Mycolicibacterium alvei	67081	S	55	6	61	0.00000
Mycolicibacterium phlei	1771	S	54	6	60	0.00000
Mycolicibacterium anyangense	1431246	S	52	3	55	0.00000
Mycolicibacterium fallax	1793	S	50	7	57	0.00000
Mycolicibacterium confluentis	28047	S	50	2	52	0.00000
Mycolicibacterium mucogenicum	56689	S	49	6	55	0.00000
Mycolicibacterium goodii	134601	S	48	3	51	0.00000
Mycolicibacterium aichiense	1799	S	48	6	54	0.00000
Mycolicibacterium helvum	1534349	S	47	2	49	0.00000
Mycolicibacterium frederiksbergense	117567	S	47	8	55	0.00000
Mycolicibacterium chubuense	1800	S	47	5	52	0.00000
Mycolicibacterium rutilum	370526	S	46	5	51	0.00000
Mycolicibacterium pulveris	36813	S	43	2	45	0.00000
Mycolicibacterium aubagnense	319707	S	40	3	43	0.00000
Mycolicibacterium celeriflavum	1249101	S	40	3	43	0.00000
Mycolicibacterium doricum	126673	S	33	3	36	0.00000
Mycolicibacterium austroafricanum	39687	S	32	100	132	0.00001
Mycolicibacterium gadium	1794	S	31	4	35	0.00000
Mycolicibacterium moriokaense	39691	S	26	1	27	0.00000
Mycolicibacterium sarraceniae	1534348	S	25	1	26	0.00000
Mycolicibacterium vanbaalenii	110539	S	21	63	84	0.00001
Mycolicibacterium rhodesiae	36814	S	15	1	16	0.00000
Mycolicibacterium poriferae	39694	S	15	25	40	0.00000
Mycolicibacterium nivoides	2487344	S	14	47	61	0.00000
Mycolicibacterium monacense	85693	S	9	33	42	0.00000
Mycobacterium sp. JS623	212767	S	77	1	78	0.00001
Mycobacterium sp. DL592	2675524	S	69	3	72	0.00000
Mycobacterium sp. YC-RL4	1682113	S	61	11	72	0.00000
Mycobacterium sp. MS1601	1936029	S	54	3	57	0.00000
Mycobacterium sp. DL440	2675523	S	53	3	56	0.00000
Mycobacterium sp. EPa45	1545728	S	50	2	52	0.00000
Mycobacterium sp. THAF192	2587868	S	24	37	61	0.00000
Mycobacterium sp. PYR15	2051552	S	23	31	54	0.00000
Mycobacterium sp. ELW1	1547487	S	21	3	24	0.00000
Mycobacterium sp. KMS	189918	S	20	71	91	0.00001
Mycobacterium sp. WY10	1920667	S	14	18	32	0.00000
Mycobacterium sp. QIA-37	1561223	S	8	34	42	0.00000
Mycobacterium saskatchewanense	220927	S	64	2	66	0.00000
Mycobacterium parmense	185642	S	52	5	57	0.00000
Mycobacterium simiae	1784	S	48	1	49	0.00000
Mycobacterium kubicae	120959	S	47	6	53	0.00000
Mycobacterium florentinum	292462	S	46	3	49	0.00000
Mycobacterium heidelbergense	53376	S	44	3	47	0.00000
Mycobacterium shigaense	722731	S	39	2	41	0.00000
Mycobacterium stomatepiae	470076	S	34	2	36	0.00000
Mycobacterium avium	1764	S	52	10	62	0.00000
Mycobacterium intracellulare	1767	S	48	109	157	0.00001
Mycobacterium mantenii	560555	S	41	1	42	0.00000
Mycobacterium marseillense	701042	S	40	4	44	0.00000
Mycobacterium colombiense	339268	S	36	1	37	0.00000
Mycobacterium paraintracellulare	1138383	S	7	51	58	0.00000
Mycobacterium gordonae	1778	S	105	2	107	0.00001
Mycobacterium dioxanotrophicus	482462	S	69	7	76	0.00001
Mycobacterium conspicuum	44010	S	64	3	67	0.00000
Mycobacterium grossiae	1552759	S	57	6	63	0.00000
Mycobacterium paragordonae	1389713	S	54	3	57	0.00000
Mycobacterium canettii	78331	S	25	5	30	0.00000
Mycobacterium tuberculosis	1773	S	14	11	25	0.00000
Mycobacterium gallinarum	39689	S	47	6	53	0.00000
Mycobacterium branderi	43348	S	46	1	47	0.00000
Mycobacterium heckeshornense	110505	S	45	1	46	0.00000
Mycobacterium shinjukuense	398694	S	42	1	43	0.00000
Mycobacterium paraseoulense	590652	S	42	4	46	0.00000
Mycobacterium seoulense	386911	S	40	4	44	0.00000
Mycobacterium cookii	1775	S	38	1	39	0.00000
Mycobacterium riyadhense	486698	S	37	0	37	0.00000
Mycobacterium xenopi	1789	S	35	2	37	0.00000
Mycobacterium kansasii	1768	S	34	1	35	0.00000
Mycobacterium lacus	169765	S	30	0	30	0.00000
Mycobacterium noviomagense	459858	S	23	0	23	0.00000
Mycobacterium basiliense	2094119	S	22	0	22	0.00000
Mycobacterium marinum	1781	S	16	48	64	0.00000
Mycobacterium haemophilum	29311	S	14	0	14	0.00000
Mycobacterium shottsii	133549	S	10	19	29	0.00000
Mycobacterium ulcerans	1809	S	9	28	37	0.00000
Mycobacterium leprae	1769	S	8	0	8	0.00000
Mycobacterium novum	2492438	S	6	42	48	0.00000
Mycobacterium pseudoshottsii	265949	S	2	13	15	0.00000
Mycobacterium liflandii	261524	S	2	17	19	0.00000
Mycobacterium celatum	28045	S	1	0	1	0.00000
Mycobacteroides abscessus	36809	S	171	57	228	0.00002
Mycobacteroides chelonae	1774	S	168	162	330	0.00002
Mycobacteroides immunogenum	83262	S	73	8	81	0.00001
Mycobacteroides salmoniphilum	404941	S	47	2	49	0.00000
Mycobacteroides saopaulense	1578165	S	32	2	34	0.00000
[Mycobacterium] stephanolepidis	1520670	S	20	4	24	0.00000
Mycolicibacter terrae	1788	S	55	6	61	0.00000
Mycolicibacter minnesotensis	1118379	S	43	2	45	0.00000
Mycolicibacter hiberniae	29314	S	30	2	32	0.00000
Mycolicibacter sinensis	875328	S	9	54	63	0.00000
Mycolicibacillus koreensis	1069220	S	55	6	61	0.00000
Hoyosella subflava	639313	S	23	0	23	0.00000
Corynebacterium tuberculostearicum	38304	S	828	182	1010	0.00007
Corynebacterium sp. zg-917	2763010	S	390	37	427	0.00003
Corynebacterium sp. NML98-0116	702967	S	42	4	46	0.00000
Corynebacterium sp. 1959	2675216	S	33	3	36	0.00000
Corynebacterium sp. 2039	2675219	S	23	0	23	0.00000
Corynebacterium sp. ZJ-599	2709394	S	22	0	22	0.00000
Corynebacterium sp. Marseille-Q3630	2754725	S	20	1	21	0.00000
Corynebacterium sp. 2019	2675218	S	17	0	17	0.00000
Corynebacterium sp. zg-320	2768834	S	14	0	14	0.00000
Corynebacterium sp. FDAARGOS 1242	2778078	S	13	6	19	0.00000
Corynebacterium sp. MC1420	2709392	S	11	0	11	0.00000
Corynebacterium sp. 4H37-19	2684405	S	10	0	10	0.00000
Corynebacterium sp. LMM-1652	2487892	S	7	0	7	0.00000
Corynebacterium sp. sy039	2599641	S	6	0	6	0.00000
Corynebacterium sp. NML93-0612	699041	S	5	6	11	0.00000
Corynebacterium sp. 1864	2820399	S	2	2	4	0.00000
Corynebacterium ureicelerivorans	401472	S	141	13	154	0.00001
Corynebacterium kefirresidentii	1979527	S	131	34	165	0.00001
Corynebacterium jeikeium	38289	S	102	68	170	0.00001
Corynebacterium lactis	1231000	S	94	4	98	0.00001
Corynebacterium xerosis	1725	S	90	17	107	0.00001
Corynebacterium kroppenstedtii	161879	S	83	3	86	0.00001
Corynebacterium vitaeruminis	38305	S	79	16	95	0.00001
Corynebacterium aurimucosum	169292	S	68	6	74	0.00000
Corynebacterium glucuronolyticum	39791	S	65	4	69	0.00000
Corynebacterium matruchotii	43768	S	63	1	64	0.00000
Corynebacterium ammoniagenes	1697	S	60	3	63	0.00000
Corynebacterium variabile	1727	S	53	15	68	0.00000
Corynebacterium riegelii	156976	S	52	3	55	0.00000
Corynebacterium simulans	146827	S	51	9	60	0.00000
Corynebacterium halotolerans	225326	S	51	2	53	0.00000
Corynebacterium segmentosum	43990	S	48	2	50	0.00000
Corynebacterium liangguodongii	2079535	S	48	2	50	0.00000
Corynebacterium frankenforstense	1230998	S	46	2	48	0.00000
Corynebacterium striatum	43770	S	45	12	57	0.00000
Corynebacterium diphtheriae	1717	S	43	9	52	0.00000
Corynebacterium nuruki	1032851	S	42	2	44	0.00000
Corynebacterium imitans	156978	S	42	5	47	0.00000
Corynebacterium singulare	161899	S	41	8	49	0.00000
Corynebacterium genitalium	38288	S	41	2	43	0.00000
Corynebacterium testudinoris	136857	S	40	2	42	0.00000
Corynebacterium yudongzhengii	2080740	S	39	1	40	0.00000
Corynebacterium ulcerans	65058	S	39	2	41	0.00000
Corynebacterium minutissimum	38301	S	38	5	43	0.00000
Corynebacterium humireducens	1223514	S	38	2	40	0.00000
Corynebacterium sanguinis	2594913	S	38	8	46	0.00000
Corynebacterium timonense	441500	S	37	2	39	0.00000
Corynebacterium sphenisci	191493	S	35	2	37	0.00000
Corynebacterium maris	575200	S	33	1	34	0.00000
Corynebacterium bovis	36808	S	31	1	32	0.00000
Corynebacterium terpenotabidum	89154	S	30	1	31	0.00000
Corynebacterium flavescens	28028	S	29	2	31	0.00000
Corynebacterium marinum	349751	S	28	4	32	0.00000
Corynebacterium doosanense	1121358	S	27	6	33	0.00000
Corynebacterium urealyticum	43771	S	26	9	35	0.00000
Corynebacterium glaucum	187491	S	26	1	27	0.00000
Corynebacterium mycetoides	38302	S	25	3	28	0.00000
Corynebacterium macginleyi	38290	S	24	1	25	0.00000
Corynebacterium camporealensis	161896	S	22	1	23	0.00000
Corynebacterium glyciniphilum	1404244	S	22	0	22	0.00000
Corynebacterium propinquum	43769	S	22	1	23	0.00000
Corynebacterium phocae	161895	S	20	0	20	0.00000
Corynebacterium cystitidis	35757	S	20	0	20	0.00000
Corynebacterium efficiens	152794	S	19	0	19	0.00000
Corynebacterium uterequi	1072256	S	19	0	19	0.00000
Corynebacterium provencense	1737425	S	19	1	20	0.00000
Corynebacterium casei	160386	S	18	16	34	0.00000
Corynebacterium suranareeae	2506452	S	16	0	16	0.00000
Corynebacterium crudilactis	1652495	S	16	5	21	0.00000
Corynebacterium resistens	258224	S	14	5	19	0.00000
Corynebacterium pelargi	1471400	S	14	0	14	0.00000
Corynebacterium epidermidicanis	1050174	S	14	0	14	0.00000
Corynebacterium rouxii	2719119	S	12	0	12	0.00000
Corynebacterium atypicum	191610	S	12	1	13	0.00000
Corynebacterium mustelae	571915	S	12	0	12	0.00000
Corynebacterium amycolatum	43765	S	12	18	30	0.00000
Corynebacterium stationis	1705	S	11	0	11	0.00000
Corynebacterium endometrii	2488819	S	11	0	11	0.00000
Corynebacterium kutscheri	35755	S	10	0	10	0.00000
Corynebacterium argentoratense	42817	S	10	0	10	0.00000
Corynebacterium callunae	1721	S	9	1	10	0.00000
Corynebacterium glutamicum	1718	S	9	505	514	0.00003
Corynebacterium aquilae	203263	S	9	0	9	0.00000
Corynebacterium renale	1724	S	8	0	8	0.00000
Corynebacterium deserti	1408191	S	8	0	8	0.00000
Corynebacterium choanis	1862358	S	7	0	7	0.00000
Corynebacterium anserum	2684406	S	7	0	7	0.00000
Corynebacterium geronticis	2079234	S	6	0	6	0.00000
Corynebacterium pseudopelargi	2080757	S	6	0	6	0.00000
Corynebacterium pseudotuberculosis	1719	S	2	0	2	0.00000
Tsukamurella paurometabola	2061	S	699	113	812	0.00005
Tsukamurella tyrosinosolvens	57704	S	448	145	593	0.00004
Gordonia sp. KTR9	337191	S	51	6	57	0.00000
Gordonia sp. JH63	2698900	S	50	62	112	0.00001
Gordonia sp. YC-JH1	2059875	S	39	17	56	0.00000
Gordonia sp. PDNC005	2811424	S	35	1	36	0.00000
Gordonia sp. HY186	2597659	S	27	1	28	0.00000
Gordonia sp. 135	2676309	S	20	42	62	0.00000
Gordonia sp. 1D	1737359	S	11	32	43	0.00000
Gordonia polyisoprenivorans	84595	S	160	8	168	0.00001
Gordonia bronchialis	2054	S	131	13	144	0.00001
Gordonia phthalatica	1136941	S	119	26	145	0.00001
Gordonia terrae	2055	S	76	30	106	0.00001
Gordonia iterans	1004901	S	74	11	85	0.00001
Gordonia rubripertincta	36822	S	67	26	93	0.00001
Gordonia insulae	2420509	S	66	4	70	0.00000
Gordonia alkanivorans	84096	S	13	29	42	0.00000
Gordonia ajococcus	1292359	S	6	19	25	0.00000
Dietzia timorensis	499555	S	116	41	157	0.00001
Dietzia sp. oral taxon 368	712270	S	39	74	113	0.00001
Dietzia psychralcaliphila	139021	S	59	7	66	0.00000
Dietzia lutea	546160	S	46	11	57	0.00000
Tomitella sp. HY188	2597660	S	43	5	48	0.00000
Tomitella sp. HY172	2760083	S	29	3	32	0.00000
Lawsonella clevelandensis	1528099	S	47	2	49	0.00000
Segniliparus rotundus	286802	S	25	0	25	0.00000
Microbacterium sp. PM5	2014534	S	708	75	783	0.00005
Microbacterium sp. No. 7	1714373	S	214	60	274	0.00002
Microbacterium sp. WY121	2782168	S	99	11	110	0.00001
Microbacterium sp. NY27	2782169	S	96	10	106	0.00001
Microbacterium sp. 10M-3C3	2483401	S	90	18	108	0.00001
Microbacterium sp. YJN-G	2763257	S	90	18	108	0.00001
Microbacterium sp. 4R-513	2567934	S	83	7	90	0.00001
Microbacterium sp. A18JL200	2782167	S	82	29	111	0.00001
Microbacterium sp. BH-3-3-3	1906742	S	77	9	86	0.00001
Microbacterium sp. Se63.02b	2709304	S	73	17	90	0.00001
Microbacterium sp. A18JL241	2782166	S	71	9	80	0.00001
Microbacterium sp. CBA3102	2603598	S	66	15	81	0.00001
Microbacterium sp. Y-01	2048898	S	65	22	87	0.00001
Microbacterium sp. RG1	2489212	S	58	5	63	0.00000
Microbacterium sp. TPU 3598	1938334	S	57	11	68	0.00000
Microbacterium sp. XT11	367477	S	56	7	63	0.00000
Microbacterium sp. ABRD_28	2268461	S	55	3	58	0.00000
Microbacterium sp. PAMC 28756	1795053	S	51	86	137	0.00001
Microbacterium sp. LKL04	912630	S	42	5	47	0.00000
Microbacterium sp. 1S1	2606451	S	39	27	66	0.00000
Microbacterium sp. Nx66	2766784	S	39	40	79	0.00001
Microbacterium sp. JZ31	1906274	S	38	4	42	0.00000
Microbacterium sp. HY82	2708079	S	28	1	29	0.00000
Microbacterium sp. HY60	2769067	S	25	0	25	0.00000
Microbacterium sp. 1.5R	1916917	S	10	38	48	0.00000
Microbacterium sp. CGR1	1696072	S	4	16	20	0.00000
Microbacterium sp. SGAir0570	2070348	S	2	12	14	0.00000
Microbacterium hominis	162426	S	386	81	467	0.00003
Microbacterium lemovicicum	1072463	S	174	19	193	0.00001
Microbacterium aurum	36805	S	145	31	176	0.00001
Microbacterium foliorum	104336	S	136	23	159	0.00001
Microbacterium pygmaeum	370764	S	128	7	135	0.00001
Microbacterium oleivorans	273677	S	127	14	141	0.00001
Microbacterium protaetiae	2509458	S	90	10	100	0.00001
Microbacterium oxydans	82380	S	85	25	110	0.00001
Microbacterium lushaniae	2614639	S	78	12	90	0.00001
Microbacterium chocolatum	84292	S	76	10	86	0.00001
Microbacterium oryzae	743009	S	73	9	82	0.00001
Microbacterium testaceum	2033	S	73	7	80	0.00001
Microbacterium sediminis	904291	S	66	30	96	0.00001
Microbacterium amylolyticum	936337	S	62	8	70	0.00000
Microbacterium esteraromaticum	57043	S	62	9	71	0.00000
Microbacterium caowuchunii	2614638	S	61	5	66	0.00000
Microbacterium schleiferi	69362	S	60	21	81	0.00001
Microbacterium wangchenii	2541726	S	57	8	65	0.00000
Microbacterium hydrocarbonoxydans	273678	S	54	7	61	0.00000
Microbacterium endophyticum	1526412	S	24	1	25	0.00000
Microbacterium paraoxydans	199592	S	21	172	193	0.00001
Microbacterium paludicola	300019	S	7	48	55	0.00000
Rathayibacter sp. VKM Ac-2760	2609253	S	73	22	95	0.00001
Rathayibacter sp. VKM Ac-2759	2609252	S	69	14	83	0.00001
Rathayibacter sp. VKM Ac-2804	2609257	S	53	27	80	0.00001
Rathayibacter sp. VKM Ac-2801	2609255	S	22	12	34	0.00000
Rathayibacter sp. VKM Ac-2762	2609254	S	18	26	44	0.00000
Rathayibacter sp. VKM Ac-2805	2609258	S	5	7	12	0.00000
Rathayibacter festucae	110937	S	147	98	245	0.00002
Rathayibacter iranicus	59737	S	32	2	34	0.00000
Rathayibacter toxicus	145458	S	29	1	30	0.00000
Rathayibacter tritici	33888	S	25	4	29	0.00000
Rathayibacter rathayi	33887	S	24	3	27	0.00000
Rathayibacter tanaceti	1671680	S	19	2	21	0.00000
Curtobacterium sp. YC1	2795488	S	63	20	83	0.00001
Curtobacterium sp. SGAir0471	2070337	S	52	18	70	0.00000
Curtobacterium sp. 24E2	2804758	S	43	11	54	0.00000
Curtobacterium sp. BH-2-1-1	1905847	S	41	11	52	0.00000
Curtobacterium sp. MR_MD2014	1561023	S	26	9	35	0.00000
Curtobacterium sp. Csp2	2495430	S	16	36	52	0.00000
Curtobacterium flaccumfaciens	2035	S	118	34	152	0.00001
Curtobacterium pusillum	69373	S	50	10	60	0.00000
Agromyces sp. KACC 19306	2592652	S	75	9	84	0.00001
Agromyces sp. LHK192	2498704	S	64	8	72	0.00000
Agromyces sp. G127AT	2781962	S	44	5	49	0.00000
Agromyces sp. HY052	2585717	S	42	4	46	0.00000
Agromyces aureus	453304	S	78	11	89	0.00001
Agromyces flavus	589382	S	64	9	73	0.00000
Agromyces protaetiae	2509455	S	61	8	69	0.00000
Agromyces badenianii	2080742	S	45	7	52	0.00000
Leifsonia xyli	1575	S	136	18	154	0.00001
Leifsonia sp. PS1209	2724914	S	64	10	74	0.00000
Leifsonia sp. 21MFCrub1.1	1798223	S	39	34	73	0.00000
Leifsonia shinshuensis	150026	S	75	13	88	0.00001
Clavibacter michiganensis	28447	S	217	45	262	0.00002
Clavibacter sp. DM1	2768071	S	40	20	60	0.00000
Leucobacter muris	1935379	S	67	11	78	0.00001
Leucobacter triazinivorans	1784719	S	60	15	75	0.00000
Leucobacter sp. CX169	2813744	S	40	8	48	0.00000
Leucobacter insecticola	2714934	S	34	2	36	0.00000
Leucobacter viscericola	2714935	S	32	4	36	0.00000
Leucobacter coleopterorum	2714933	S	18	2	20	0.00000
Leucobacter denitrificans	683042	S	9	1	10	0.00000
Salinibacterium sp. dk2585	2603292	S	50	6	56	0.00000
Salinibacterium sp. ZJ70	2708084	S	47	6	53	0.00000
Salinibacterium sp. ZJ450	2708338	S	47	3	50	0.00000
Salinibacterium sp. UTAS2018	2508880	S	41	1	42	0.00000
Salinibacterium hongtaonis	2079791	S	57	5	62	0.00000
Agrococcus jejuensis	399736	S	83	15	98	0.00001
Agrococcus sp. SGAir0287	2070347	S	61	10	71	0.00000
Agrococcus carbonis	684552	S	56	11	67	0.00000
Cryobacterium arcticum	670052	S	56	16	72	0.00000
Cryobacterium sp. LW097	1978566	S	38	3	41	0.00000
Cryobacterium sp.	1926290	S	12	3	15	0.00000
Cryobacterium soli	2220095	S	41	10	51	0.00000
Rhodoluna limnophila	232537	S	61	4	65	0.00000
Rhodoluna lacicola	529884	S	46	3	49	0.00000
Candidatus Rhodoluna planktonica	535712	S	12	0	12	0.00000
Candidatus Aquiluna sp. 15G-AUS-rot	2499157	S	15	0	15	0.00000
Candidatus Aquiluna sp. UB-MaderosW2red	1855377	S	8	0	8	0.00000
Chryseoglobus sp. 28M-23	2772253	S	26	46	72	0.00000
Chryseoglobus indicus	2750620	S	26	48	74	0.00000
Frondihabitans sp. PAMC 28766	1795630	S	62	4	66	0.00000
Frondihabitans sp. 762G35	1446794	S	60	7	67	0.00000
Microterricola viridarii	412690	S	123	15	138	0.00001
Plantibacter sp. M259	2583822	S	27	17	44	0.00000
Plantibacter sp. PA-3-X8	2480625	S	19	12	31	0.00000
Plantibacter flavus	150123	S	26	17	43	0.00000
Protaetiibacter intestinalis	2419774	S	65	16	81	0.00001
Protaetiibacter sp. SSC-01	2759943	S	34	8	42	0.00000
Humibacter sp. WJ7-1	2599293	S	74	10	84	0.00001
Humibacter sp. BT305	2282656	S	18	107	125	0.00001
Mycetocola sp. JXN-3	2116510	S	46	2	48	0.00000
Mycetocola zhujimingii	2079792	S	44	2	46	0.00000
Microcella alkaliphila	279828	S	85	7	92	0.00001
Frigoribacterium sp. NBH87	2596916	S	77	11	88	0.00001
Herbiconiux sp. SALV-R1	2735133	S	66	6	72	0.00000
Agreia sp. COWG	2773266	S	64	4	68	0.00000
Gryllotalpicola protaetiae	2419771	S	63	5	68	0.00000
Lysinimonas sp. KACC 19322	2592654	S	55	10	65	0.00000
Aurantimicrobium sp. MWH-Mo1	1987356	S	23	1	24	0.00000
Aurantimicrobium sp. MWH-Uga1	2079575	S	10	3	13	0.00000
Aurantimicrobium minutum	708131	S	12	5	17	0.00000
Marisediminicola antarctica	674079	S	46	2	48	0.00000
Diaminobutyricimonas sp. LJ205	2683590	S	45	4	49	0.00000
Glaciihabitans sp. INWT7	2596912	S	38	1	39	0.00000
Cnuibacter physcomitrellae	1619308	S	19	92	111	0.00001
Pontimonas salivibrio	1159327	S	9	0	9	0.00000
Arthrobacter sp. PM3	2017685	S	95	3	98	0.00001
Arthrobacter sp. ERGS1:01	1704044	S	94	6	100	0.00001
Arthrobacter sp. NEB 688	904039	S	91	16	107	0.00001
Arthrobacter sp. D5-1	1477518	S	88	27	115	0.00001
Arthrobacter sp. YN	2020486	S	64	12	76	0.00001
Arthrobacter sp. U41	1849032	S	58	5	63	0.00000
Arthrobacter sp. FB24	290399	S	54	7	61	0.00000
Arthrobacter sp. YC-RL1	1652545	S	51	8	59	0.00000
Arthrobacter sp. QXT-31	1357915	S	51	3	54	0.00000
Arthrobacter sp. PAMC 25486	1494608	S	47	2	49	0.00000
Arthrobacter sp. 24S4-2	2575374	S	47	3	50	0.00000
Arthrobacter sp. UKPF54-2	2600159	S	42	5	47	0.00000
Arthrobacter sp. KBS0702	2578107	S	41	5	46	0.00000
Arthrobacter sp. PAMC25564	2565366	S	28	2	30	0.00000
Arthrobacter sp. PGP41	2079227	S	28	2	30	0.00000
Arthrobacter sp. Rue61a	1118963	S	28	96	124	0.00001
Arthrobacter sp.	1667	S	23	4	27	0.00000
Arthrobacter sp. ZXY-2	1806905	S	13	190	203	0.00001
Arthrobacter sp. J3.40	347209	S	6	15	21	0.00000
Arthrobacter sp. 31.31	347202	S	4	1	5	0.00000
Arthrobacter sp. TES	2774874	S	4	116	120	0.00001
Arthrobacter sp. Chr15	447032	S	3	0	3	0.00000
Arthrobacter sp. AQ5-05	2184581	S	2	19	21	0.00000
Arthrobacter sp. J3.49	347213	S	1	1	2	0.00000
Arthrobacter sp. AK-1	415095	S	1	0	1	0.00000
Arthrobacter agilis	37921	S	133	4	137	0.00001
Arthrobacter crystallopoietes	37928	S	118	8	126	0.00001
Arthrobacter woluwensis	156980	S	65	4	69	0.00000
Arthrobacter alpinus	656366	S	62	55	117	0.00001
Arthrobacter dokdonellae	2211210	S	62	2	64	0.00000
Arthrobacter citreus	1670	S	54	6	60	0.00000
Kocuria palustris	71999	S	532	99	631	0.00004
Kocuria rhizophila	72000	S	236	197	433	0.00003
Kocuria rosea	1275	S	100	9	109	0.00001
Kocuria turfanensis	388357	S	86	9	95	0.00001
Kocuria sp. TGY1120_3	2711329	S	31	2	33	0.00000
Kocuria sp. TGY1127_2	2711328	S	30	3	33	0.00000
Kocuria sp. KD4	2719588	S	15	8	23	0.00000
Kocuria sp. BT304	1702043	S	5	9	14	0.00000
Kocuria flava	446860	S	72	9	81	0.00001
Kocuria varians	1272	S	66	24	90	0.00001
Kocuria indica	1049583	S	25	18	43	0.00000
Micrococcus luteus	1270	S	760	833	1593	0.00011
Micrococcus sp. KBS0714	1179670	S	11	50	61	0.00000
Micrococcus sp. A1	404583	S	3	5	8	0.00000
Micrococcus sp. MG-2010-D12	936902	S	1	0	1	0.00000
Paenarthrobacter sp. YJN-D	2735317	S	639	202	841	0.00006
Paenarthrobacter sp. YJN-5	2735316	S	25	37	62	0.00000
Paenarthrobacter ureafaciens	37931	S	15	62	77	0.00001
Paenarthrobacter aurescens	43663	S	9	32	41	0.00000
Rothia kristinae	37923	S	124	38	162	0.00001
Rothia terrae	396015	S	117	71	188	0.00001
Rothia mucilaginosa	43675	S	65	5	70	0.00000
Rothia dentocariosa	2047	S	29	9	38	0.00000
Rothia aeria	172042	S	29	6	35	0.00000
Rothia amarae	169480	S	28	15	43	0.00000
Rothia nasimurium	85336	S	18	4	22	0.00000
Rothia sp. ZJ932	2810516	S	11	0	11	0.00000
Pseudarthrobacter sp. BIM B-2242	2772401	S	63	4	67	0.00000
Pseudarthrobacter sp. NIBRBAC000502772	2590775	S	42	18	60	0.00000
Pseudarthrobacter sp. YJ56	2697569	S	39	6	45	0.00000
Pseudarthrobacter sp. NBSH8	2596911	S	37	5	42	0.00000
Pseudarthrobacter sp. NIBRBAC000502771	2590774	S	10	18	28	0.00000
Pseudarthrobacter sp. NIBRBAC000502770	2590785	S	10	18	28	0.00000
Pseudarthrobacter phenanthrenivorans	361575	S	44	10	54	0.00000
Pseudarthrobacter chlorophenolicus	85085	S	37	5	42	0.00000
Pseudarthrobacter equi	728066	S	24	4	28	0.00000
Pseudarthrobacter sulfonivorans	121292	S	19	8	27	0.00000
Nesterenkonia sp. NBAIMH1	2600320	S	360	5	365	0.00002
Glutamicibacter creatinolyticus	162496	S	86	5	91	0.00001
Glutamicibacter arilaitensis	256701	S	70	16	86	0.00001
Glutamicibacter protophormiae	37930	S	50	21	71	0.00000
Glutamicibacter halophytocola	1933880	S	44	3	47	0.00000
Glutamicibacter mishrai	1775880	S	24	2	26	0.00000
Glutamicibacter nicotianae	37929	S	20	40	60	0.00000
Glutamicibacter sp. ZJUTW	1155384	S	8	27	35	0.00000
Sinomonas atrocyanea	37927	S	94	10	104	0.00001
Sinomonas sp. R1AF57	2020377	S	81	8	89	0.00001
Citricoccus sp. SGAir0253	2567881	S	154	11	165	0.00001
Auritidibacter sp. NML130574	2170745	S	64	3	67	0.00000
Renibacterium salmoninarum	1646	S	55	1	56	0.00000
Zhihengliuella sp. ISTPL4	2058657	S	44	66	110	0.00001
Psychromicrobium lacuslunae	1618207	S	42	1	43	0.00000
Neomicrococcus aestuarii	556325	S	28	3	31	0.00000
Brevibacterium luteolum	199591	S	505	121	626	0.00004
Brevibacterium sp. CS2	2575923	S	251	47	298	0.00002
Brevibacterium sp. WO024	2697563	S	45	5	50	0.00000
Brevibacterium sp. o2	2697565	S	41	12	53	0.00000
Brevibacterium sp. YB235	1496080	S	32	22	54	0.00000
Brevibacterium sp. 'Marine'	2725563	S	31	18	49	0.00000
Brevibacterium sp. PAMC23299	2762330	S	11	81	92	0.00001
Brevibacterium sp. JNUCC-42	2777985	S	8	75	83	0.00001
Brevibacterium casei	33889	S	165	29	194	0.00001
Brevibacterium aurantiacum	273384	S	114	51	165	0.00001
Brevibacterium linens	1703	S	84	48	132	0.00001
Brevibacterium sandarakinum	629680	S	40	6	46	0.00000
Brevibacterium oceani	358099	S	31	4	35	0.00000
Brevibacterium siliguriense	1136497	S	28	6	34	0.00000
Kytococcus sedentarius	1276	S	1421	237	1658	0.00011
Janibacter indicus	857417	S	145	93	238	0.00002
Janibacter limosus	53458	S	99	10	109	0.00001
Janibacter melonis	262209	S	93	12	105	0.00001
Janibacter sp. YB324	2761047	S	36	30	66	0.00000
Phycicoccus endophyticus	1690220	S	86	10	96	0.00001
Phycicoccus sp. HDW14	2714941	S	80	14	94	0.00001
Intrasporangium calvum	53358	S	107	11	118	0.00001
Pedococcus dokdonensis	443156	S	81	10	91	0.00001
Arsenicicoccus sp. oral taxon 190	1658671	S	62	10	72	0.00000
Tetrasphaera sp. HKS02	1813880	S	59	6	65	0.00000
Cellulomonas sp. H30R-01	2704467	S	90	19	109	0.00001
Cellulomonas sp. PSBB021	2003551	S	74	24	98	0.00001
Cellulomonas sp. Y8	2591145	S	52	9	61	0.00000
Cellulomonas sp. JZ18	2654191	S	45	10	55	0.00000
Cellulomonas taurus	2729175	S	81	11	92	0.00001
Cellulomonas shaoxiangyii	2566013	S	70	15	85	0.00001
Cellulomonas fimi	1708	S	68	16	84	0.00001
Cellulomonas flavigena	1711	S	58	10	68	0.00000
Cellulomonas gilvus	11	S	51	11	62	0.00000
Pseudactinotalea sp. HY158	2654547	S	71	3	74	0.00000
Oerskovia sp. KBS0722	1179673	S	67	8	75	0.00000
Actinotalea sp. JY-7876	2758442	S	63	8	71	0.00000
Paraoerskovia marina	545619	S	61	6	67	0.00000
Dermacoccus nishinomiyaensis	1274	S	519	102	621	0.00004
Dermacoccus sp. PAMC28757	2762331	S	58	8	66	0.00000
Luteipulveratus mongoliensis	571913	S	78	3	81	0.00001
Yimella sp. cx-51	2770551	S	18	1	19	0.00000
Brachybacterium sp. P6-10-X1	1903186	S	85	6	91	0.00001
Brachybacterium sp. SGAir0954	2571029	S	63	6	69	0.00000
Brachybacterium saurashtrense	556288	S	105	14	119	0.00001
Brachybacterium faecium	43669	S	101	16	117	0.00001
Brachybacterium ginsengisoli	1331682	S	92	15	107	0.00001
Brachybacterium avium	2017485	S	56	13	69	0.00000
Brachybacterium vulturis	2017484	S	30	7	37	0.00000
Dermabacter jinjuensis	1667168	S	27	17	44	0.00000
Dermabacter vaginalis	1630135	S	20	12	32	0.00000
Devriesea agamarum	472569	S	16	0	16	0.00000
Ornithinimicrobium sp. AMA3305	2283195	S	73	7	80	0.00001
Ornithinimicrobium sp. HY006	2508882	S	72	11	83	0.00001
Ornithinimicrobium sp. H23M54	2594265	S	50	2	52	0.00000
Ornithinimicrobium flavum	1288636	S	46	8	54	0.00000
Ornithinimicrobium pratense	2593973	S	40	5	45	0.00000
Serinicoccus hydrothermalis	1758689	S	56	13	69	0.00000
Serinicoccus profundi	1078471	S	48	8	56	0.00000
Serinicoccus marinus	247333	S	43	10	53	0.00000
Serinicoccus chungangensis	767452	S	34	5	39	0.00000
Cellulosimicrobium sp. BI34T	2587808	S	51	7	58	0.00000
Cellulosimicrobium sp. TH-20	1980001	S	11	19	30	0.00000
Cellulosimicrobium sp. 72-3	2731680	S	9	15	24	0.00000
Cellulosimicrobium sp. JZ28	1906273	S	7	5	12	0.00000
Cellulosimicrobium cellulans	1710	S	72	38	110	0.00001
Isoptericola variabilis	139208	S	68	12	80	0.00001
Isoptericola dokdonensis	372663	S	54	7	61	0.00000
Xylanimonas cellulosilytica	186189	S	57	7	64	0.00000
Xylanimonas allomyrinae	2509459	S	51	6	57	0.00000
Xylanimicrobium sp. FW10M-9	2509457	S	62	10	72	0.00000
Haloactinobacterium sp. RN3S43	2779775	S	88	4	92	0.00001
Haloactinobacterium sp. HY164	2675754	S	75	5	80	0.00001
Ruania sp. HY168	2603206	S	69	3	72	0.00000
Georgenia sp. Z443	2589797	S	84	7	91	0.00001
Georgenia sp. Z294	2585135	S	62	8	70	0.00000
Georgenia faecalis	2483799	S	82	7	89	0.00001
Beutenbergia cavernae	84757	S	99	5	104	0.00001
Miniimonas sp. S16	2171623	S	55	20	75	0.00000
Sanguibacter keddieii	60920	S	86	9	95	0.00001
Sanguibacter sp. HDW7	2714931	S	39	4	43	0.00000
Mobilicoccus sp. NJES-13	2716227	S	44	3	47	0.00000
Austwickia chelonae	100225	S	36	1	37	0.00000
Dermatophilus congolensis	1863	S	16	0	16	0.00000
Luteimicrobium xylanilyticum	1133546	S	69	8	77	0.00001
Jonesia denitrificans	43674	S	12	1	13	0.00000
Tropheryma whipplei	2039	S	5	-5	0	0.00000
Streptomyces sp. CRXT-G-22	2768066	S	106	6	112	0.00001
Streptomyces sp. NHF165	2175864	S	99	5	104	0.00001
Streptomyces sp. SN-593	659352	S	96	7	103	0.00001
Streptomyces sp. SCSIO 3032	1264596	S	94	5	99	0.00001
Streptomyces sp. NA02950	2742137	S	90	5	95	0.00001
Streptomyces sp. SAT1	1849967	S	90	9	99	0.00001
Streptomyces sp. M2	646637	S	90	7	97	0.00001
Streptomyces sp. CMB-StM0423	2059884	S	88	14	102	0.00001
Streptomyces sp. W1SF4	2305220	S	86	9	95	0.00001
Streptomyces sp. So13.3	2136173	S	84	4	88	0.00001
Streptomyces sp. ZYC-3	2797636	S	84	5	89	0.00001
Streptomyces sp. CdTB01	1725411	S	81	6	87	0.00001
Streptomyces sp. MBT27	1488356	S	79	7	86	0.00001
Streptomyces sp. YIM 121038	2136401	S	79	6	85	0.00001
Streptomyces sp. CRXT-Y-14	2768069	S	78	6	84	0.00001
Streptomyces sp. RLB1-33	2721243	S	76	12	88	0.00001
Streptomyces sp. 2323.1	1938841	S	74	6	80	0.00001
Streptomyces sp. CB01881	2078691	S	74	4	78	0.00001
Streptomyces sp. CRPJ-33	2768068	S	71	6	77	0.00001
Streptomyces sp. TLI_053	1855352	S	67	6	73	0.00000
Streptomyces sp. WAC 01529	2203205	S	67	6	73	0.00000
Streptomyces sp. RTd22	1841249	S	66	9	75	0.00000
Streptomyces sp. NEAU-sy36	2751189	S	65	7	72	0.00000
Streptomyces sp. SirexAA-E	862751	S	62	5	67	0.00000
Streptomyces sp. 3214.6	1882757	S	62	5	67	0.00000
Streptomyces sp. SCUT-3	2684469	S	61	8	69	0.00000
Streptomyces sp. GS7	2692234	S	60	4	64	0.00000
Streptomyces sp. HF10	2692233	S	59	12	71	0.00000
Streptomyces sp. TN58	234612	S	56	8	64	0.00000
Streptomyces sp. SM18	1736046	S	56	4	60	0.00000
Streptomyces sp. C8S0	2585716	S	54	5	59	0.00000
Streptomyces sp. DSM 40868	2721173	S	54	6	60	0.00000
Streptomyces sp. P3	2135430	S	53	3	56	0.00000
Streptomyces sp. INR7	2607753	S	52	9	61	0.00000
Streptomyces sp. HM190	2695266	S	52	4	56	0.00000
Streptomyces sp. 769	1262452	S	52	9	61	0.00000
Streptomyces sp. QMT-12	2717324	S	50	3	53	0.00000
Streptomyces sp. Z022	1442032	S	48	4	52	0.00000
Streptomyces sp. CCM_MD2014	1561022	S	47	13	60	0.00000
Streptomyces sp. Z423-1	2730915	S	45	3	48	0.00000
Streptomyces sp. PBH53	1577075	S	44	4	48	0.00000
Streptomyces sp. JB150	2714844	S	44	4	48	0.00000
Streptomyces sp. HSG2	2797167	S	44	2	46	0.00000
Streptomyces sp. Go-475	2072505	S	42	5	47	0.00000
Streptomyces sp. CNQ-509	444103	S	40	15	55	0.00000
Streptomyces sp. Rer75	2750011	S	38	6	44	0.00000
Streptomyces sp. WAC 01438	2203204	S	36	3	39	0.00000
Streptomyces sp. SUK 48	2582831	S	36	6	42	0.00000
Streptomyces sp. RPA4-2	2721244	S	36	3	39	0.00000
Streptomyces sp. Tu 2975	2676871	S	35	3	38	0.00000
Streptomyces sp. NA04227	2742136	S	35	2	37	0.00000
Streptomyces sp. jing01	2726118	S	35	5	40	0.00000
Streptomyces sp. S4.7	2705439	S	33	3	36	0.00000
Streptomyces sp. CB09001	2083284	S	32	6	38	0.00000
Streptomyces sp. RPA4-5	2721245	S	32	5	37	0.00000
Streptomyces sp. SYP-A7193	2662065	S	29	5	34	0.00000
Streptomyces sp. ADI95-16	1522758	S	28	9	37	0.00000
Streptomyces sp. Tue 6075	1661694	S	28	6	34	0.00000
Streptomyces sp. Sge12	1972846	S	27	16	43	0.00000
Streptomyces sp. CFMR 7	1649184	S	27	12	39	0.00000
Streptomyces sp. CB04723	2748873	S	27	14	41	0.00000
Streptomyces sp. CB00271	2750025	S	26	6	32	0.00000
Streptomyces sp. MOE7	1961713	S	24	7	31	0.00000
Streptomyces sp. QHH-9511	2684468	S	24	2	26	0.00000
Streptomyces sp. Tu6071	355249	S	23	34	57	0.00000
Streptomyces sp. WAC 06738	2203210	S	23	9	32	0.00000
Streptomyces sp. XC 2026	2782004	S	22	5	27	0.00000
Streptomyces sp. VN1	1821625	S	21	26	47	0.00000
Streptomyces sp. NEAU-S7GS2	2202000	S	21	5	26	0.00000
Streptomyces sp. 3211	1964449	S	21	9	30	0.00000
Streptomyces sp. fd1-xmd	1812480	S	20	2	22	0.00000
Streptomyces sp. AgN23	1188315	S	20	4	24	0.00000
Streptomyces sp. M56	1495638	S	18	14	32	0.00000
Streptomyces sp. endophyte_N2	2153485	S	18	15	33	0.00000
Streptomyces sp. S8	1837283	S	18	4	22	0.00000
Streptomyces sp. SGAir0924	2109593	S	18	21	39	0.00000
Streptomyces sp. CLI2509	1984801	S	16	24	40	0.00000
Streptomyces sp. 2114.2	1881022	S	16	31	47	0.00000
Streptomyces sp. 11-1-2	1851167	S	15	8	23	0.00000
Streptomyces sp. ID38640	1265399	S	15	3	18	0.00000
Streptomyces sp. Mg1	465541	S	12	4	16	0.00000
Streptomyces sp. S063	2005885	S	10	1	11	0.00000
Streptomyces sp. CC0208	2306165	S	9	83	92	0.00001
Streptomyces sp. KPB2	2305221	S	8	22	30	0.00000
Streptomyces sp. S1A1-7	2594459	S	7	32	39	0.00000
Streptomyces sp. ICC1	2099583	S	7	221	228	0.00002
Streptomyces sp. RLB1-9	2594454	S	5	94	99	0.00001
Streptomyces sp. NA03103	2742134	S	5	10	15	0.00000
Streptomyces sp. S501	2420135	S	5	7	12	0.00000
Streptomyces sp. FR1	349971	S	5	1	6	0.00000
Streptomyces sp. F8	1436085	S	4	0	4	0.00000
Streptomyces sp. WAC00288	2094021	S	4	4	8	0.00000
Streptomyces sp. SS52	2563602	S	3	3	6	0.00000
Streptomyces sp. GF20	2692235	S	3	4	7	0.00000
Streptomyces sp. S1D4-14	2594461	S	3	67	70	0.00000
Streptomyces sp. FR-008	206662	S	3	5	8	0.00000
Streptomyces sp. NA02536	2742133	S	2	1	3	0.00000
Streptomyces sp. CA-256286	2801033	S	2	3	5	0.00000
Streptomyces sp. LBUM 1480	2609808	S	2	6	8	0.00000
Streptomyces sp. GBA 94-10	1218177	S	2	10	12	0.00000
Streptomyces sp. PAMC 26508	1265601	S	2	3	5	0.00000
Streptomyces sp. F12	1436084	S	2	0	2	0.00000
Streptomyces sp. 604F	1476754	S	2	4	6	0.00000
Streptomyces sp. S1D4-20	2594462	S	2	20	22	0.00000
Streptomyces sp. F2	317660	S	1	0	1	0.00000
Streptomyces sp. PVA_94-07	1225337	S	1	6	7	0.00000
Streptomyces sp. LBUM 1482	2609809	S	1	11	12	0.00000
Streptomyces venezuelae	54571	S	398	37	435	0.00003
Streptomyces lividans	1916	S	338	3443	3781	0.00025
Streptomyces tsukubensis	83656	S	187	11	198	0.00001
Streptomyces griseus	1911	S	71	13	84	0.00001
Streptomyces sp. M54	2759525	S	5	3	8	0.00000
Streptomyces globisporus	1908	S	37	8	45	0.00000
Streptomyces anulatus	1892	S	28	9	37	0.00000
Streptomyces buecherae	2763006	S	144	10	154	0.00001
Streptomyces albus	1888	S	130	9	139	0.00001
Streptomyces chartreusis	1969	S	126	10	136	0.00001
Streptomyces lydicus	47763	S	122	19	141	0.00001
Streptomyces hygroscopicus	1912	S	110	19	129	0.00001
Streptomyces rectiverticillatus	173860	S	105	10	115	0.00001
Streptomyces niveus	193462	S	104	7	111	0.00001
Streptomyces seoulensis	73044	S	103	11	114	0.00001
Streptomyces clavuligerus	1901	S	102	6	108	0.00001
Streptomyces vietnamensis	362257	S	102	9	111	0.00001
Streptomyces spectabilis	68270	S	96	8	104	0.00001
Streptomyces bingchenggensis	379067	S	95	5	100	0.00001
Streptomyces lavendulae	1914	S	93	8	101	0.00001
Streptomyces rimosus	1927	S	92	6	98	0.00001
Streptomyces phaeolivaceus	2653200	S	90	5	95	0.00001
Streptomyces aquilus	2548456	S	90	6	96	0.00001
Streptomyces griseorubiginosus	67304	S	90	7	97	0.00001
Streptomyces griseoviridis	45398	S	89	7	96	0.00001
Streptomyces harbinensis	1176198	S	86	7	93	0.00001
Streptomyces avermitilis	33903	S	86	6	92	0.00001
Streptomyces rapamycinicus	1226757	S	85	4	89	0.00001
Streptomyces cattleya	29303	S	83	5	88	0.00001
Streptomyces ferrugineus	1413221	S	82	7	89	0.00001
Streptomyces albulus	68570	S	81	6	87	0.00001
Streptomyces gilvosporeus	553510	S	81	6	87	0.00001
Streptomyces paludis	2282738	S	80	5	85	0.00001
Streptomyces lincolnensis	1915	S	80	5	85	0.00001
Streptomyces albireticuli	1940	S	79	7	86	0.00001
Streptomyces coeruleorubidus	116188	S	76	8	84	0.00001
Streptomyces pactum	68249	S	75	7	82	0.00001
Streptomyces antibioticus	1890	S	73	7	80	0.00001
Streptomyces exfoliatus	1905	S	73	7	80	0.00001
Streptomyces griseocarneus	51201	S	70	7	77	0.00001
Streptomyces formicae	1616117	S	68	6	74	0.00000
Streptomyces luteoverticillatus	66425	S	67	6	73	0.00000
Streptomyces galilaeus	33899	S	67	5	72	0.00000
Streptomyces xinghaiensis	1038928	S	67	6	73	0.00000
Streptomyces tendae	1932	S	67	6	73	0.00000
Streptomyces spongiicola	1690221	S	66	6	72	0.00000
Streptomyces aureoverticillatus	66871	S	66	4	70	0.00000
Streptomyces nitrosporeus	28894	S	65	5	70	0.00000
Streptomyces nigra	1827580	S	65	6	71	0.00000
Streptomyces alboflavus	67267	S	65	4	69	0.00000
Streptomyces asterosporus	285570	S	64	6	70	0.00000
Streptomyces olivoreticuli	68246	S	64	5	69	0.00000
Streptomyces capitiformicae	2014920	S	64	2	66	0.00000
Streptomyces mobaraensis	35621	S	62	6	68	0.00000
Streptomyces armeniacus	83291	S	62	2	64	0.00000
Streptomyces glaucescens	1907	S	62	7	69	0.00000
Streptomyces atratus	1893	S	62	3	65	0.00000
Streptomyces viridosporus	67581	S	62	6	68	0.00000
Streptomyces subrutilus	36818	S	61	6	67	0.00000
Streptomyces vinaceus	1960	S	60	5	65	0.00000
Streptomyces fagopyri	2662397	S	59	5	64	0.00000
Streptomyces qinzhouensis	2599401	S	59	3	62	0.00000
Streptomyces cadmiisoli	2184053	S	57	3	60	0.00000
Streptomyces globosus	68209	S	57	5	62	0.00000
Streptomyces antimycoticus	68175	S	57	14	71	0.00000
Streptomyces peucetius	1950	S	56	4	60	0.00000
Streptomyces bathyalis	2710756	S	55	2	57	0.00000
Streptomyces kanamyceticus	1967	S	55	4	59	0.00000
Streptomyces dengpaensis	2049881	S	55	3	58	0.00000
Streptomyces cyaneochromogenes	2496836	S	55	4	59	0.00000
Streptomyces pristinaespiralis	38300	S	54	5	59	0.00000
Streptomyces cacaoi	1898	S	54	4	58	0.00000
Streptomyces actuosus	1885	S	54	6	60	0.00000
Streptomyces tirandamycinicus	2174846	S	53	4	57	0.00000
Streptomyces qaidamensis	1783515	S	53	5	58	0.00000
Streptomyces ambofaciens	1889	S	52	7	59	0.00000
Streptomyces cyanogenus	80860	S	51	5	56	0.00000
Streptomyces koyangensis	188770	S	51	13	64	0.00000
Streptomyces katrae	68223	S	50	5	55	0.00000
Streptomyces ficellus	1977088	S	50	5	55	0.00000
Streptomyces fodineus	1904616	S	50	4	54	0.00000
Streptomyces roseochromogenus	285450	S	50	3	53	0.00000
Streptomyces davaonensis	348043	S	49	3	52	0.00000
Streptomyces finlayi	67296	S	48	2	50	0.00000
Streptomyces glomeroaurantiacus	68210	S	48	2	50	0.00000
Streptomyces hundungensis	1077946	S	47	4	51	0.00000
Streptomyces prasinus	67345	S	47	4	51	0.00000
Streptomyces albidoflavus	1886	S	24	27	51	0.00000
Streptomyces coelicolor	1902	S	14	248	262	0.00002
Streptomyces sampsonii	42239	S	7	13	20	0.00000
Streptomyces griseochromogenes	68214	S	47	3	50	0.00000
Streptomyces violaceusniger	68280	S	46	7	53	0.00000
Streptomyces lunaelactis	1535768	S	45	2	47	0.00000
Streptomyces pluripotens	1355015	S	43	2	45	0.00000
Streptomyces pratensis	1169025	S	43	4	47	0.00000
Streptomyces rutgersensis	53451	S	42	5	47	0.00000
Streptomyces chromofuscus	42881	S	39	3	42	0.00000
Streptomyces broussonetiae	2686304	S	38	2	40	0.00000
Streptomyces nojiriensis	66374	S	38	4	42	0.00000
Streptomyces gardneri	66892	S	38	4	42	0.00000
Streptomyces platensis	58346	S	38	6	44	0.00000
Streptomyces parvulus	146923	S	36	3	39	0.00000
Streptomyces collinus	42684	S	36	3	39	0.00000
Streptomyces noursei	1971	S	35	7	42	0.00000
Streptomyces nodosus	40318	S	35	2	37	0.00000
Streptomyces tuirus	68278	S	35	4	39	0.00000
Streptomyces fulvissimus	68202	S	34	21	55	0.00000
Streptomyces viridifaciens	48665	S	34	90	124	0.00001
Streptomyces leeuwenhoekii	1437453	S	33	6	39	0.00000
Streptomyces alboniger	132473	S	33	3	36	0.00000
Streptomyces cyaneogriseus	68192	S	31	6	37	0.00000
Streptomyces hawaiiensis	67305	S	30	3	33	0.00000
Streptomyces incarnatus	665007	S	24	1	25	0.00000
Streptomyces violaceoruber	1935	S	21	25	46	0.00000
Streptomyces olivaceus	47716	S	20	10	30	0.00000
Streptomyces cavourensis	67258	S	18	8	26	0.00000
Streptomyces californicus	67351	S	15	13	28	0.00000
Streptomyces solisilvae	1929477	S	11	9	20	0.00000
Streptomyces xiamenensis	408015	S	11	2	13	0.00000
Streptomyces alfalfae	1642299	S	10	17	27	0.00000
Streptomyces autolyticus	75293	S	9	8	17	0.00000
Streptomyces murinus	33900	S	8	6	14	0.00000
Streptomyces cinereoruber	67260	S	8	13	21	0.00000
Streptomyces rubrolavendulae	285473	S	7	9	16	0.00000
Streptomyces malaysiensis	92644	S	6	5	11	0.00000
Streptomyces fungicidicus	68203	S	5	3	8	0.00000
Streptomyces scabiei	1930	S	3	8	11	0.00000
Streptomyces laurentii	39478	S	3	0	3	0.00000
Streptomyces rochei	1928	S	3	6	9	0.00000
Streptomyces fradiae	1906	S	1	1	2	0.00000
Streptomyces griseofuscus	146922	S	1	1	2	0.00000
Kitasatospora sp. NA04385	2742135	S	102	25	127	0.00001
Kitasatospora sp. MMS16-BH015	2018025	S	99	10	109	0.00001
Kitasatospora setae	2066	S	106	26	132	0.00001
Kitasatospora albolonga	68173	S	65	16	81	0.00001
Kitasatospora aureofaciens	1894	S	14	43	57	0.00000
Streptacidiphilus sp. PB12-B1b	2705012	S	85	12	97	0.00001
Streptacidiphilus sp. P02-A3a	2704468	S	82	9	91	0.00001
Streptacidiphilus bronchialis	2126346	S	121	12	133	0.00001
Cutibacterium acnes	1747	S	8844	891	9735	0.00064
Cutibacterium avidum	33010	S	137	14	151	0.00001
Cutibacterium granulosum	33011	S	85	8	93	0.00001
Propionibacterium sp. oral taxon 193	671223	S	398	69	467	0.00003
Propionibacterium freudenreichii	1744	S	63	33	96	0.00001
Propionibacterium acidifaciens	556499	S	38	2	40	0.00000
Propionibacterium australiense	119981	S	36	1	37	0.00000
Tessaracoccus defluvii	1285901	S	165	53	218	0.00001
Tessaracoccus flavescens	399497	S	67	24	91	0.00001
Tessaracoccus aquimaris	1332264	S	56	12	68	0.00000
Tessaracoccus timonensis	2161816	S	40	8	48	0.00000
Tessaracoccus flavus	1610493	S	35	10	45	0.00000
Tessaracoccus sp. MC1865	2760310	S	27	2	29	0.00000
Microlunatus phosphovorus	29405	S	159	9	168	0.00001
Microlunatus sagamiharensis	546874	S	113	11	124	0.00001
Microlunatus soli	630515	S	82	4	86	0.00001
Microlunatus sp. KUDC0627	2596828	S	43	3	46	0.00000
Microlunatus sp. Gsoil 973	2672569	S	34	1	35	0.00000
Acidipropionibacterium acidipropionici	1748	S	69	18	87	0.00001
Acidipropionibacterium jensenii	1749	S	47	13	60	0.00000
Acidipropionibacterium virtanenii	2057246	S	14	1	15	0.00000
Brevilactibacter sp. MC1595	2819349	S	85	16	101	0.00001
Propioniciclava sp. HDW11	2714937	S	70	15	85	0.00001
Auraticoccus monumenti	675864	S	68	4	72	0.00000
Raineyella sp. CBA3103	2662261	S	47	1	48	0.00000
Pseudopropionibacterium propionicum	1750	S	40	1	41	0.00000
Nocardioides sp. HDW12B	2714939	S	260	39	299	0.00002
Nocardioides sp. S5	2017486	S	133	38	171	0.00001
Nocardioides sp. CF8	110319	S	98	23	121	0.00001
Nocardioides sp. JS614	196162	S	97	12	109	0.00001
Nocardioides sp. zg-1228	2763008	S	92	18	110	0.00001
Nocardioides sp. MC1495	2736757	S	85	15	100	0.00001
Nocardioides sp. S-1144	2582905	S	82	14	96	0.00001
Nocardioides sp. S-713	2760089	S	82	19	101	0.00001
Nocardioides sp. ZJ1313	2685869	S	71	42	113	0.00001
Nocardioides sp. zg-579	2663857	S	65	17	82	0.00001
Nocardioides sp. 603	2483798	S	63	14	77	0.00001
Nocardioides sp. dk884	2662361	S	60	35	95	0.00001
Nocardioides sp. WS12	2486272	S	56	4	60	0.00000
Nocardioides sp. HDW12A	2714938	S	54	15	69	0.00000
Nocardioides sp. JQ2195	2592334	S	52	4	56	0.00000
Nocardioides sp. HY056	2500546	S	46	7	53	0.00000
Nocardioides sp. dk3136	2575373	S	42	9	51	0.00000
Nocardioides humi	449461	S	111	19	130	0.00001
Nocardioides mesophilus	433659	S	109	14	123	0.00001
Nocardioides aromaticivorans	200618	S	94	21	115	0.00001
Nocardioides anomalus	2712223	S	93	13	106	0.00001
Nocardioides sambongensis	2589074	S	80	11	91	0.00001
Nocardioides houyundeii	2045452	S	79	13	92	0.00001
Nocardioides marinisabuli	419476	S	77	27	104	0.00001
Nocardioides ungokensis	1643322	S	77	14	91	0.00001
Nocardioides dokdonensis	450734	S	76	26	102	0.00001
Nocardioides euryhalodurans	2518370	S	74	11	85	0.00001
Nocardioides cynanchi	2558918	S	74	7	81	0.00001
Nocardioides seonyuensis	2518371	S	67	11	78	0.00001
Nocardioides daphniae	402297	S	57	16	73	0.00000
Nocardioides baekrokdamisoli	1804624	S	24	1	25	0.00000
Aeromicrobium sp. A1-2	2107713	S	62	5	67	0.00000
Aeromicrobium sp. zg-629	2663859	S	38	10	48	0.00000
Aeromicrobium erythreum	2041	S	67	8	75	0.00000
Aeromicrobium chenweiae	2079793	S	54	17	71	0.00000
Aeromicrobium yanjiei	2662028	S	48	14	62	0.00000
Aeromicrobium choanae	1736691	S	42	8	50	0.00000
Aeromicrobium marinum	219314	S	29	3	32	0.00000
Friedmanniella luteola	546871	S	110	8	118	0.00001
Pimelobacter simplex	2045	S	98	21	119	0.00001
Marmoricola scoriae	642780	S	95	17	112	0.00001
Micropruina glycogenica	75385	S	71	5	76	0.00001
Mumia sp. ZJ1417	2708082	S	63	4	67	0.00000
Kribbella flavida	182640	S	124	12	136	0.00001
Kribbella qitaiheensis	1544730	S	92	6	98	0.00001
Actinopolymorpha singaporensis	117157	S	49	1	50	0.00000
Amycolatopsis sp. FDAARGOS 1241	2778070	S	139	10	149	0.00001
Amycolatopsis sp. Hca4	2742131	S	137	28	165	0.00001
Amycolatopsis sp. YIM 10	2653857	S	118	22	140	0.00001
Amycolatopsis sp. AA4	1896961	S	95	8	103	0.00001
Amycolatopsis sp. BJA-103	1911175	S	72	21	93	0.00001
Amycolatopsis mediterranei	33910	S	136	0	136	0.00001
Amycolatopsis methanolica	1814	S	89	11	100	0.00001
Amycolatopsis albispora	1804986	S	83	26	109	0.00001
Amycolatopsis keratiniphila	129921	S	55	46	101	0.00001
Amycolatopsis orientalis	31958	S	43	11	54	0.00000
Amycolatopsis japonica	208439	S	18	21	39	0.00000
Pseudonocardia sp. AL041005-10	445576	S	161	32	193	0.00001
Pseudonocardia sp. CGMCC 4.1532	2761535	S	116	18	134	0.00001
Pseudonocardia sp. HH130630-07	1690815	S	87	23	110	0.00001
Pseudonocardia sp. HH130629-09	1641402	S	79	27	106	0.00001
Pseudonocardia sp. EC080625-04	1096868	S	3	81	84	0.00001
Pseudonocardia broussonetiae	2736640	S	131	18	149	0.00001
Pseudonocardia dioxanivorans	240495	S	120	16	136	0.00001
Pseudonocardia autotrophica	2074	S	107	18	125	0.00001
Saccharothrix syringae	103733	S	154	24	178	0.00001
Saccharothrix sp. 6-C	2781735	S	114	17	131	0.00001
Saccharothrix espanaensis	103731	S	104	13	117	0.00001
Saccharopolyspora erythraea	1836	S	103	9	112	0.00001
Saccharopolyspora pogona	333966	S	47	40	87	0.00001
Saccharopolyspora coralli	2665642	S	45	3	48	0.00000
Saccharopolyspora spinosa	60894	S	35	12	47	0.00000
Saccharopolyspora sp. ASAGF58	2719023	S	15	14	29	0.00000
Saccharomonospora viridis	1852	S	53	4	57	0.00000
Saccharomonospora marina	632569	S	48	6	54	0.00000
Saccharomonospora xinjiangensis	75294	S	47	3	50	0.00000
Saccharomonospora cyanea	40989	S	39	11	50	0.00000
Saccharomonospora glauca	40990	S	35	10	45	0.00000
Saccharomonospora azurea	40988	S	31	7	38	0.00000
Actinoalloteichus hymeniacidonis	340345	S	62	2	64	0.00000
Actinoalloteichus hoggarensis	1470176	S	60	3	63	0.00000
Actinoalloteichus sp. GBA129-24	1612551	S	11	83	94	0.00001
Kutzneria albida	43357	S	157	13	170	0.00001
Actinosynnema pretiosum	42197	S	48	83	131	0.00001
Actinosynnema mirum	40567	S	1	10	11	0.00000
Kibdelosporangium phytohabitans	860235	S	128	5	133	0.00001
Alloactinosynnema sp. L-07	1653480	S	123	10	133	0.00001
Prauserella marina	530584	S	109	3	112	0.00001
Allokutzneria albata	211114	S	108	10	118	0.00001
Lentzea guizhouensis	1586287	S	103	8	111	0.00001
Micromonospora sp. HM134	2583243	S	112	20	132	0.00001
Micromonospora sp. 28ISP2-46	2749844	S	88	18	106	0.00001
Micromonospora sp. WMMA2032	2039870	S	52	12	64	0.00000
Micromonospora sp. B006	2201999	S	40	13	53	0.00000
Micromonospora sp. WMMC415	2675222	S	35	4	39	0.00000
Micromonospora sp. L5	648999	S	5	33	38	0.00000
Micromonospora echinofusca	47858	S	126	21	147	0.00001
Micromonospora carbonacea	47853	S	115	19	134	0.00001
Micromonospora maris	1003110	S	98	9	107	0.00001
Micromonospora inositola	47865	S	81	16	97	0.00001
Micromonospora krabiensis	307121	S	80	10	90	0.00001
Micromonospora echinospora	1877	S	70	9	79	0.00001
Micromonospora rifamycinica	291594	S	68	12	80	0.00001
Micromonospora viridifaciens	1881	S	64	11	75	0.00000
Micromonospora coxensis	356852	S	61	13	74	0.00000
Micromonospora chokoriensis	356851	S	60	7	67	0.00000
Micromonospora purpureochromogenes	47872	S	58	12	70	0.00000
Micromonospora sagamiensis	47875	S	56	8	64	0.00000
Micromonospora terminaliae	1914461	S	55	11	66	0.00000
Micromonospora auratinigra	261654	S	54	11	65	0.00000
Micromonospora coriariae	285665	S	52	6	58	0.00000
Micromonospora craniellae	2294034	S	52	9	61	0.00000
Micromonospora narathiwatensis	299146	S	42	8	50	0.00000
Micromonospora siamensis	299152	S	42	7	49	0.00000
Micromonospora zamorensis	709883	S	41	4	45	0.00000
Micromonospora echinaurantiaca	47857	S	40	7	47	0.00000
Micromonospora aurantiaca	47850	S	28	113	141	0.00001
Micromonospora tulbaghiae	479978	S	20	11	31	0.00000
Actinoplanes sp. N902-109	649831	S	88	4	92	0.00001
Actinoplanes sp. OR16	946334	S	72	4	76	0.00001
Actinoplanes sp. SE50	2033844	S	1	269	270	0.00002
Actinoplanes teichomyceticus	1867	S	134	11	145	0.00001
Actinoplanes friuliensis	196914	S	134	5	139	0.00001
Actinoplanes missouriensis	1866	S	133	9	142	0.00001
Actinoplanes derwentensis	113562	S	111	3	114	0.00001
Phytohabitans suffuscus	624315	S	132	19	151	0.00001
Phytohabitans flavus	1076124	S	78	9	87	0.00001
Plantactinospora sp. KBS50	2024580	S	63	4	67	0.00000
Plantactinospora sp. BC1	2108470	S	35	38	73	0.00000
Plantactinospora sp. BB1	2071627	S	30	32	62	0.00000
Actinocatenispora thailandica	227318	S	102	3	105	0.00001
Salinispora tropica	168695	S	33	4	37	0.00000
Salinispora arenicola	168697	S	23	2	25	0.00000
Verrucosispora sp. NA02020	2742132	S	60	12	72	0.00000
Nonomuraea sp. ATCC 55076	1909395	S	166	14	180	0.00001
Nonomuraea nitratireducens	2656914	S	155	12	167	0.00001
Streptosporangium sp. 'caverna'	2202249	S	100	10	110	0.00001
Streptosporangium roseum	2001	S	98	13	111	0.00001
Thermobispora bispora	2006	S	73	6	79	0.00001
Actinomadura sp. WMMA1423	2591108	S	115	10	125	0.00001
Actinomadura sp. WMMB 499	1219491	S	107	9	116	0.00001
Actinomadura sp. NAK00032	2742128	S	104	11	115	0.00001
Actinomadura verrucosospora	46165	S	122	13	135	0.00001
Thermomonospora curvata	2020	S	66	6	72	0.00000
Nocardiopsis dassonvillei	2014	S	98	11	109	0.00001
Nocardiopsis gilva	280236	S	70	5	75	0.00000
Nocardiopsis alba	53437	S	55	5	60	0.00000
Streptomonospora sp. M2	2498135	S	59	4	63	0.00000
Thermobifida fusca	2021	S	24	1	25	0.00000
Actinomyces sp. oral taxon 414	712122	S	52	6	58	0.00000
Actinomyces sp. zg-993	2763540	S	36	2	38	0.00000
Actinomyces sp. ZJ750	2744574	S	34	2	36	0.00000
Actinomyces sp. oral taxon 169	712116	S	27	23	50	0.00000
Actinomyces sp. Chiba101	1851395	S	27	5	32	0.00000
Actinomyces sp. Z16	2079536	S	18	3	21	0.00000
Actinomyces sp. zg-332	2708340	S	18	1	19	0.00000
Actinomyces sp. oral taxon 171	706438	S	15	6	21	0.00000
Actinomyces sp. HMT 175	2789425	S	14	28	42	0.00000
Actinomyces sp. HMT897	2789424	S	13	22	35	0.00000
Actinomyces sp. 432	2057798	S	12	1	13	0.00000
Actinomyces sp. oral taxon 897	2081702	S	10	17	27	0.00000
Actinomyces sp. ZJ34	2722820	S	10	0	10	0.00000
Actinomyces oris	544580	S	52	66	118	0.00001
Actinomyces viscosus	1656	S	45	8	53	0.00000
Actinomyces weissii	675090	S	42	4	46	0.00000
Actinomyces radicidentis	111015	S	33	6	39	0.00000
Actinomyces wuliandei	2057743	S	33	3	36	0.00000
Actinomyces slackii	52774	S	31	1	32	0.00000
Actinomyces procaprae	2560010	S	26	4	30	0.00000
Actinomyces howellii	52771	S	24	1	25	0.00000
Actinomyces qiguomingii	2057800	S	20	1	21	0.00000
Actinomyces marmotae	2737173	S	20	4	24	0.00000
Actinomyces naeslundii	1655	S	17	5	22	0.00000
Actinomyces gaoshouyii	1960083	S	16	3	19	0.00000
Actinomyces pacaensis	1852377	S	11	0	11	0.00000
Actinomyces lilanjuaniae	2321394	S	10	1	11	0.00000
Actinomyces israelii	1659	S	4	0	4	0.00000
Schaalia odontolytica	1660	S	43	6	49	0.00000
Schaalia sp. JY-X169	2758572	S	18	0	18	0.00000
Schaalia sp. ZJ405	2709403	S	3	2	5	0.00000
Schaalia cardiffensis	181487	S	22	2	24	0.00000
Schaalia meyeri	52773	S	20	2	22	0.00000
Flaviflexus salsibiostraticola	1282737	S	46	7	53	0.00000
Flaviflexus sp. dk850	2758573	S	28	3	31	0.00000
Flaviflexus sp. H23T48	2496867	S	11	0	11	0.00000
Trueperella sp. 19M2397	2733571	S	18	10	28	0.00000
Trueperella sp. 15IMD0307	2819986	S	2	3	5	0.00000
Trueperella pyogenes	1661	S	18	6	24	0.00000
Trueperella bialowiezensis	312285	S	16	0	16	0.00000
Pauljensenia hongkongensis	178339	S	35	9	44	0.00000
Arcanobacterium sp. JY-X040	2758440	S	12	2	14	0.00000
Arcanobacterium sp. 2701	2722751	S	1	0	1	0.00000
Arcanobacterium phocisimile	1302235	S	7	1	8	0.00000
Arcanobacterium haemolyticum	28264	S	6	2	8	0.00000
Arcanobacterium phocae	131112	S	6	1	7	0.00000
Mobiluncus curtisii	2051	S	17	1	18	0.00000
Winkia sp. C64	2692125	S	16	0	16	0.00000
Actinobaculum sp. 313	2495645	S	11	0	11	0.00000
Actinotignum schaalii	59505	S	11	0	11	0.00000
Fannyhessea vaginae	82135	S	5	0	5	0.00000
Boudabousia tangfeifanii	1912795	S	3	0	3	0.00000
Candidatus Planktophila sulfonica	1884904	S	342	19	361	0.00002
Candidatus Planktophila dulcis	1884914	S	80	5	85	0.00001
Candidatus Planktophila lacus	1884913	S	69	1	70	0.00000
Candidatus Planktophila versatilis	1884905	S	42	1	43	0.00000
Candidatus Planktophila vernalis	1884907	S	38	0	38	0.00000
Candidatus Planktophila limnetica	573600	S	13	0	13	0.00000
Candidatus Nanopelagicus limnes	1884634	S	14	4	18	0.00000
Candidatus Nanopelagicus abundans	1884916	S	13	2	15	0.00000
Candidatus Nanopelagicus hibericus	1884915	S	11	2	13	0.00000
Bifidobacterium longum	216816	S	68	75	143	0.00001
Bifidobacterium scardovii	158787	S	41	0	41	0.00000
Bifidobacterium adolescentis	1680	S	36	3	39	0.00000
Bifidobacterium pseudolongum	1694	S	34	1	35	0.00000
Bifidobacterium pullorum	78448	S	34	3	37	0.00000
Bifidobacterium choerinum	35760	S	29	5	34	0.00000
Bifidobacterium eulemuris	1765219	S	24	2	26	0.00000
Bifidobacterium breve	1685	S	24	6	30	0.00000
Bifidobacterium animalis	28025	S	21	0	21	0.00000
Bifidobacterium catenulatum	1686	S	20	3	23	0.00000
Bifidobacterium angulatum	1683	S	17	1	18	0.00000
Bifidobacterium bifidum	1681	S	17	1	18	0.00000
Bifidobacterium subtile	77635	S	14	0	14	0.00000
Bifidobacterium lemurum	1603886	S	12	1	13	0.00000
Bifidobacterium pseudocatenulatum	28026	S	12	4	16	0.00000
Bifidobacterium asteroides	1684	S	11	0	11	0.00000
Bifidobacterium actinocoloniiforme	638619	S	10	0	10	0.00000
Bifidobacterium thermophilum	33905	S	9	0	9	0.00000
Bifidobacterium saguini	762210	S	8	2	10	0.00000
Bifidobacterium dentium	1689	S	7	0	7	0.00000
Bifidobacterium imperatoris	2020965	S	7	1	8	0.00000
Bifidobacterium indicum	1691	S	2	1	3	0.00000
Bifidobacterium coryneforme	1687	S	1	0	1	0.00000
Gardnerella vaginalis	2702	S	33	7	40	0.00000
Gardnerella leopoldii	2792978	S	32	24	56	0.00000
Scardovia inopinata	78259	S	7	0	7	0.00000
Parascardovia denticolens	78258	S	2	0	2	0.00000
Frankia sp. EAN1pec	298653	S	92	4	96	0.00001
Frankia sp. QA3	710111	S	62	16	78	0.00001
Frankia inefficax	298654	S	141	6	147	0.00001
Frankia alni	1859	S	83	22	105	0.00001
Frankia casuarinae	106370	S	62	3	65	0.00000
Candidatus Frankia datiscae	2716812	S	35	1	36	0.00000
Geodermatophilus obscurus	1861	S	110	13	123	0.00001
Modestobacter marinus	477641	S	108	12	120	0.00001
Blastococcus saxobsidens	138336	S	79	8	87	0.00001
Nakamurella multipartita	53461	S	121	8	129	0.00001
Nakamurella sp. PAMC28650	2762325	S	68	2	70	0.00000
Nakamurella sp. s14-144	1902245	S	24	0	24	0.00000
Nakamurella panacisegetis	1090615	S	41	2	43	0.00000
Jiangella alkaliphila	419479	S	147	21	168	0.00001
Jiangella sp. DSM 45060	1798224	S	78	11	89	0.00001
Catenulispora acidiphila	304895	S	112	6	118	0.00001
Stackebrandtia nassauensis	283811	S	98	2	100	0.00001
Epidermidibacterium keratini	1891644	S	78	12	90	0.00001
Kineococcus radiotolerans	131568	S	76	8	84	0.00001
Actinopolyspora erythraea	414996	S	70	1	71	0.00000
Jatrophihabitans sp. GAS493	1907575	S	36	1	37	0.00000
Acidothermus cellulolyticus	28049	S	17	0	17	0.00000
Eggerthella sp. HF-1101	2690837	S	46	4	50	0.00000
Eggerthella sp. YY7918	502558	S	13	1	14	0.00000
Eggerthella lenta	84112	S	24	5	29	0.00000
Gordonibacter pamelaeae	471189	S	47	13	60	0.00000
Gordonibacter urolithinfaciens	1335613	S	22	5	27	0.00000
Adlercreutzia equolifaciens	446660	S	31	4	35	0.00000
Adlercreutzia sp. 8CFCBH1	2707299	S	15	3	18	0.00000
Denitrobacterium detoxificans	79604	S	26	7	33	0.00000
Slackia heliotrinireducens	84110	S	23	0	23	0.00000
Arabia massiliensis	1870985	S	19	0	19	0.00000
Phoenicibacter congonensis	1944646	S	17	1	18	0.00000
Berryella intestinalis	1531429	S	7	6	13	0.00000
Cryptobacterium curtum	84163	S	1	0	1	0.00000
Olsenella sp. oral taxon 807	712411	S	22	0	22	0.00000
Olsenella sp. LZLJ-2	2779519	S	14	1	15	0.00000
Olsenella sp. GAM18	2109685	S	5	1	6	0.00000
Olsenella umbonata	604330	S	25	6	31	0.00000
Olsenella timonensis	1805478	S	24	2	26	0.00000
Olsenella uli	133926	S	13	0	13	0.00000
Parolsenella catena	2003188	S	14	5	19	0.00000
Parolsenella massiliensis	1871022	S	12	2	14	0.00000
Lancefieldella parvula	1382	S	4	0	4	0.00000
Collinsella aerofaciens	74426	S	47	6	53	0.00000
Actinomarinicola tropica	2789776	S	195	8	203	0.00001
Ilumatobacter coccineus	467094	S	181	3	184	0.00001
Acidimicrobium ferrooxidans	53635	S	36	1	37	0.00000
Rubrobacter sp. SCSIO 52909	2653851	S	40	0	40	0.00000
Rubrobacter sp. SCSIO 52915	2653852	S	38	1	39	0.00000
Rubrobacter xylanophilus	49319	S	58	0	58	0.00000
Rubrobacter indicoceani	2051957	S	21	0	21	0.00000
Rubrobacter radiotolerans	42256	S	12	0	12	0.00000
Baekduia soli	496014	S	85	4	89	0.00001
Euzebya sp. DY32-46	1608957	S	123	2	125	0.00001
Egicoccus halophilus	1670830	S	61	2	63	0.00000
Egibacter rhizosphaerae	1670831	S	56	0	56	0.00000
Conexibacter sp. SYSU D00693	2812560	S	108	8	116	0.00001
Conexibacter woesei	191495	S	92	5	97	0.00001
Staphylococcus cohnii	29382	S	3731	1063	4794	0.00032
Staphylococcus haemolyticus	1283	S	3435	959	4394	0.00029
Staphylococcus hominis	1290	S	1777	299	2076	0.00014
Staphylococcus epidermidis	1282	S	569	166	735	0.00005
Staphylococcus aureus	1280	S	481	2367	2848	0.00019
Staphylococcus capitis	29388	S	250	51	301	0.00002
Staphylococcus saprophyticus	29385	S	170	29	199	0.00001
Staphylococcus pettenkoferi	170573	S	121	9	130	0.00001
Staphylococcus pasteuri	45972	S	118	20	138	0.00001
Staphylococcus pseudintermedius	283734	S	84	25	109	0.00001
Staphylococcus delphini	53344	S	12	3	15	0.00000
Staphylococcus equorum	246432	S	101	58	159	0.00001
Staphylococcus simulans	1286	S	89	20	109	0.00001
Staphylococcus warneri	1292	S	88	37	125	0.00001
Staphylococcus sp. 11-B-312	2799680	S	26	23	49	0.00000
Staphylococcus sp. 17KM0847	2583989	S	24	2	26	0.00000
Staphylococcus sp. MI 10-1553	1912064	S	19	1	20	0.00000
Staphylococcus sp. SB1-57	2813777	S	7	15	22	0.00000
Staphylococcus sp. T93	2799681	S	4	721	725	0.00005
Staphylococcus sp. AntiMn-1	1715860	S	1	2	3	0.00000
Staphylococcus saccharolyticus	33028	S	78	5	83	0.00001
Staphylococcus nepalensis	214473	S	69	5	74	0.00000
Staphylococcus lugdunensis	28035	S	62	5	67	0.00000
Staphylococcus xylosus	1288	S	62	5	67	0.00000
Staphylococcus arlettae	29378	S	52	14	66	0.00000
Staphylococcus simiae	308354	S	51	5	56	0.00000
Staphylococcus pseudoxylosus	2282419	S	50	6	56	0.00000
Staphylococcus lloydii	2781774	S	46	4	50	0.00000
Staphylococcus caprae	29380	S	46	7	53	0.00000
Staphylococcus schleiferi	1295	S	46	13	59	0.00000
Staphylococcus succinus	61015	S	45	2	47	0.00000
Staphylococcus agnetis	985762	S	39	3	42	0.00000
Staphylococcus auricularis	29379	S	39	2	41	0.00000
Staphylococcus muscae	1294	S	36	2	38	0.00000
Staphylococcus carnosus	1281	S	29	2	31	0.00000
Staphylococcus condimenti	70255	S	27	2	29	0.00000
Staphylococcus debuckii	2044912	S	27	2	29	0.00000
Staphylococcus lutrae	155085	S	26	2	28	0.00000
Staphylococcus schweitzeri	1654388	S	24	4	28	0.00000
Staphylococcus chromogenes	46126	S	22	2	24	0.00000
Staphylococcus kloosii	29384	S	22	2	24	0.00000
Staphylococcus felis	46127	S	19	1	20	0.00000
Staphylococcus hyicus	1284	S	15	1	16	0.00000
Staphylococcus argenteus	985002	S	5	7	12	0.00000
Abyssicoccus albus	1817405	S	7230	500	7730	0.00051
[Micrococcus] candicans	946432	S	627	42	669	0.00004
Jeotgalicoccus saudimassiliensis	1461582	S	324	8	332	0.00002
Salinicoccus halodurans	407035	S	462	30	492	0.00003
Salinicoccus sp.	1871624	S	38	0	38	0.00000
Mammaliicoccus vitulinus	71237	S	180	29	209	0.00001
Mammaliicoccus sciuri	1296	S	143	30	173	0.00001
Mammaliicoccus lentus	42858	S	64	38	102	0.00001
Mammaliicoccus stepanovicii	643214	S	50	4	54	0.00000
Mammaliicoccus fleurettii	150056	S	14	4	18	0.00000
Macrococcus canis	1855823	S	118	12	130	0.00001
Macrococcus sp. IME1552	1898474	S	40	61	101	0.00001
Macrococcus caseolyticus	69966	S	18	3	21	0.00000
Macrococcus bohemicus	1903056	S	2	2	4	0.00000
Bacillus cereus	1396	S	3804	4408	8212	0.00054
Bacillus thuringiensis	1428	S	206	160	366	0.00002
Bacillus cytotoxicus	580165	S	70	8	78	0.00001
Bacillus mycoides	1405	S	45	10	55	0.00000
Bacillus pseudomycoides	64104	S	28	2	30	0.00000
Bacillus sp. JAS24-2	2217832	S	10	6	16	0.00000
Bacillus sp. ABP14	1892404	S	9	9	18	0.00000
Bacillus sp. FDAARGOS_235	1839798	S	2	4	6	0.00000
Bacillus sp. HBCD-sjtu	2053832	S	2	3	5	0.00000
Bacillus luti	2026191	S	23	5	28	0.00000
Bacillus anthracis	1392	S	20	30	50	0.00000
Bacillus wiedmannii	1890302	S	19	3	22	0.00000
Bacillus paranthracis	2026186	S	11	41	52	0.00000
Bacillus albus	2026189	S	6	1	7	0.00000
Bacillus pacificus	2026187	S	3	3	6	0.00000
Bacillus tropicus	2026188	S	2	11	13	0.00000
Bacillus mobilis	2026190	S	1	1	2	0.00000
Bacillus sp. N1-1	2682541	S	56	16	72	0.00000
Bacillus sp. DSL-17	2567941	S	43	4	47	0.00000
Bacillus sp. FJAT-22090	1581038	S	40	2	42	0.00000
Bacillus sp. Y1	352858	S	36	3	39	0.00000
Bacillus sp. M4U3P1	2592382	S	34	0	34	0.00000
Bacillus sp. V3	2795526	S	34	2	36	0.00000
Bacillus sp. FJAT-45348	2011012	S	32	0	32	0.00000
Bacillus sp. S3	486398	S	32	2	34	0.00000
Bacillus sp. FJAT-18017	1705566	S	28	1	29	0.00000
Bacillus sp. FJAT-42376	2014076	S	27	2	29	0.00000
Bacillus sp. PAMC26568	2760090	S	26	0	26	0.00000
Bacillus sp. X1(2014)	1565991	S	26	2	28	0.00000
Bacillus sp. HD4P25	2779776	S	26	2	28	0.00000
Bacillus sp. SB49	1071080	S	22	0	22	0.00000
Bacillus sp. THAF10	2587848	S	21	1	22	0.00000
Bacillus sp. 1NLA3E	666686	S	19	1	20	0.00000
Bacillus sp. NSP9.1	1071078	S	19	0	19	0.00000
Bacillus sp. OxB-1	98228	S	11	0	11	0.00000
Bacillus sp. BD59S	2499213	S	10	3	13	0.00000
Bacillus sp. SYJ	2529386	S	10	6	16	0.00000
Bacillus sp. CS13	2728853	S	10	0	10	0.00000
Bacillus sp. KH172YL63	2709784	S	10	0	10	0.00000
Bacillus sp. Cs-700	2589818	S	10	3	13	0.00000
Bacillus sp. ms-22	2683680	S	6	2	8	0.00000
Bacillus sp. PDNC022	2812759	S	6	3	9	0.00000
Bacillus sp. Y-01	2052936	S	5	45	50	0.00000
Bacillus sp. COPE52	2233998	S	4	0	4	0.00000
Bacillus sp. PAMC26543	2762329	S	4	2	6	0.00000
Bacillus sp. FDAARGOS_527	2576356	S	3	20	23	0.00000
Bacillus sp. N3536	2666127	S	3	0	3	0.00000
Bacillus sp. ZY-1-1	2093834	S	2	10	12	0.00000
Bacillus sp. JS	1127744	S	1	8	9	0.00000
Bacillus sp. MBGLi79	2070759	S	1	3	4	0.00000
Bacillus sp. WP8	756828	S	1	0	1	0.00000
Bacillus velezensis	492670	S	56	115	171	0.00001
Bacillus amyloliquefaciens	1390	S	28	149	177	0.00001
Bacillus siamensis	659243	S	3	1	4	0.00000
Bacillus subtilis	1423	S	79	99	178	0.00001
Bacillus licheniformis	1402	S	29	32	61	0.00000
Bacillus atrophaeus	1452	S	29	8	37	0.00000
Bacillus sonorensis	119858	S	23	1	24	0.00000
Bacillus mojavensis	72360	S	13	2	15	0.00000
Bacillus halotolerans	260554	S	6	2	8	0.00000
Bacillus vallismortis	72361	S	17	3	20	0.00000
Bacillus paralicheniformis	1648923	S	17	1	18	0.00000
Bacillus tequilensis	227866	S	12	1	13	0.00000
Bacillus spizizenii	96241	S	4	2	6	0.00000
Bacillus vini	1476025	S	190	11	201	0.00001
Bacillus circulans	1397	S	85	6	91	0.00001
Bacillus cellulosilyticus	1413	S	77	2	79	0.00001
Bacillus glycinifermentans	1664069	S	56	3	59	0.00000
Bacillus oleronius	38875	S	53	4	57	0.00000
Bacillus infantis	324767	S	52	3	55	0.00000
Bacillus marisflavi	189381	S	49	4	53	0.00000
Bacillus pumilus	1408	S	43	5	48	0.00000
Bacillus ciccensis	1670641	S	38	3	41	0.00000
Bacillus sporothermodurans	46224	S	37	2	39	0.00000
Bacillus gobiensis	1441095	S	31	1	32	0.00000
Bacillus methanolicus	1471	S	29	2	31	0.00000
Bacillus freudenreichii	1783501	S	25	0	25	0.00000
Bacillus dafuensis	1742359	S	25	2	27	0.00000
Bacillus safensis	561879	S	24	4	28	0.00000
Bacillus cohnii	33932	S	23	2	25	0.00000
Bacillus beveridgei	632773	S	21	0	21	0.00000
Bacillus weihaiensis	1547283	S	21	1	22	0.00000
Bacillus altitudinis	293387	S	19	6	25	0.00000
Bacillus smithii	1479	S	19	3	22	0.00000
Bacillus vietnamensis	218284	S	16	1	17	0.00000
Bacillus horikoshii	79883	S	16	1	17	0.00000
Bacillus haynesii	1925021	S	10	0	10	0.00000
Bacillus xiamenensis	1178537	S	9	3	12	0.00000
[Brevibacterium] frigoritolerans	450367	S	8	53	61	0.00000
Priestia megaterium	1404	S	1883	697	2580	0.00017
Priestia filamentosa	1402861	S	33	1	34	0.00000
Priestia flexa	86664	S	25	3	28	0.00000
Priestia aryabhattai	412384	S	5	6	11	0.00000
Lysinibacillus sp. SGAir0095	2070463	S	37	3	40	0.00000
Lysinibacillus sp. FJAT-51161	2590012	S	37	2	39	0.00000
Lysinibacillus sp. YS11	2072025	S	22	4	26	0.00000
Lysinibacillus sp. 2017	2169540	S	18	2	20	0.00000
Lysinibacillus fusiformis	28031	S	67	37	104	0.00001
Lysinibacillus sphaericus	1421	S	37	17	54	0.00000
Lysinibacillus timonensis	2086577	S	22	2	24	0.00000
Lysinibacillus varians	1145276	S	6	22	28	0.00000
Virgibacillus sp. SK37	403957	S	34	5	39	0.00000
Virgibacillus sp. MSP4-1	2700081	S	28	0	28	0.00000
Virgibacillus sp. Bac330	2419841	S	19	2	21	0.00000
Virgibacillus sp. Bac332	2419842	S	5	33	38	0.00000
Virgibacillus sp. 6R	1911587	S	2	10	12	0.00000
Virgibacillus halodenitrificans	1482	S	41	5	46	0.00000
Virgibacillus necropolis	163877	S	33	0	33	0.00000
Virgibacillus phasianinus	2017483	S	31	0	31	0.00000
Virgibacillus dokdonensis	302167	S	11	1	12	0.00000
Virgibacillus pantothenticus	1473	S	4	21	25	0.00000
Alkalihalobacillus clausii	79880	S	56	1	57	0.00000
Alkalihalobacillus krulwichiae	199441	S	53	3	56	0.00000
Alkalihalobacillus halodurans	86665	S	36	4	40	0.00000
Alkalihalobacillus miscanthi	2598861	S	33	3	36	0.00000
Alkalihalobacillus lehensis	300825	S	31	2	33	0.00000
Alkalihalobacillus pseudofirmus	79885	S	11	0	11	0.00000
Peribacillus simplex	1478	S	57	50	107	0.00001
Peribacillus asahii	228899	S	53	8	61	0.00000
Peribacillus muralis	264697	S	40	9	49	0.00000
Peribacillus butanolivorans	421767	S	38	13	51	0.00000
Peribacillus psychrosaccharolyticus	1407	S	18	2	20	0.00000
Oceanobacillus iheyensis	182710	S	94	11	105	0.00001
Oceanobacillus zhaokaii	2052660	S	42	1	43	0.00000
Oceanobacillus kimchii	746691	S	25	3	28	0.00000
Geobacillus sp. 44B	1963023	S	11	0	11	0.00000
Geobacillus sp. JS12	1813182	S	4	6	10	0.00000
Geobacillus sp. 44C	1963024	S	3	6	9	0.00000
Geobacillus sp. 46C-IIa	1963025	S	3	0	3	0.00000
Geobacillus sp. 47C-IIb	1963026	S	3	17	20	0.00000
Geobacillus sp. WCH70	471223	S	2	5	7	0.00000
Geobacillus sp. E263	391290	S	1	2	3	0.00000
Geobacillus sp. GHH01	1233873	S	1	3	4	0.00000
Geobacillus genomosp. 3	1921421	S	18	1	19	0.00000
Geobacillus stearothermophilus	1422	S	16	5	21	0.00000
Geobacillus thermoleovorans	33941	S	5	20	25	0.00000
Geobacillus thermocatenulatus	33938	S	3	0	3	0.00000
Geobacillus subterraneus	129338	S	12	1	13	0.00000
Geobacillus thermodenitrificans	33940	S	7	9	16	0.00000
Geobacillus zalihae	213419	S	3	5	8	0.00000
Anoxybacillus flavithermus	33934	S	31	8	39	0.00000
Anoxybacillus sp. PDR2	1636720	S	2	20	22	0.00000
Anoxybacillus caldiproteolyticus	247480	S	21	1	22	0.00000
Anoxybacillus amylolyticus	294699	S	8	0	8	0.00000
Anoxybacillus kamchatkensis	196180	S	3	17	20	0.00000
Anoxybacillus gonensis	198467	S	2	12	14	0.00000
Caldibacillus thermoamylovorans	35841	S	106	8	114	0.00001
Salicibibacter sp. NKC5-3	2743000	S	26	10	36	0.00000
Salicibibacter sp. NKC21-4	2743001	S	23	1	24	0.00000
Salicibibacter kimchii	2099786	S	13	0	13	0.00000
Salicibibacter halophilus	2502791	S	8	5	13	0.00000
Metabacillus sp. KUDC1714	2745198	S	36	3	39	0.00000
Metabacillus sp. cB07	2806989	S	17	1	18	0.00000
Metabacillus litoralis	152268	S	30	4	34	0.00000
Cytobacillus oceanisediminis	665099	S	42	3	45	0.00000
Cytobacillus kochii	859143	S	35	2	37	0.00000
Mesobacillus jeotgali	129985	S	46	3	49	0.00000
Mesobacillus foraminis	279826	S	20	1	21	0.00000
Neobacillus cucumis	1740721	S	43	0	43	0.00000
Neobacillus mesonae	1193713	S	17	1	18	0.00000
Neobacillus thermocopriae	1215031	S	5	0	5	0.00000
Weizmannia coagulans	1398	S	55	4	59	0.00000
Psychrobacillus glaciei	2283160	S	47	3	50	0.00000
Psychrobacillus sp. AK 1817	2303505	S	8	2	10	0.00000
Anaerobacillus isosaccharinicus	1532552	S	53	2	55	0.00000
Lentibacillus amyloliquefaciens	1472767	S	25	0	25	0.00000
Lentibacillus sp. CBA3610	2518176	S	25	0	25	0.00000
Pontibacillus sp. ALD_SL1	2777185	S	23	0	23	0.00000
Pontibacillus sp. HMF3514	2692425	S	20	0	20	0.00000
Gracilibacillus sp. SCU50	2663022	S	42	0	42	0.00000
Paraliobacillus zengyii	2213194	S	41	1	42	0.00000
Halobacillus litoralis	45668	S	23	0	23	0.00000
Halobacillus mangrovi	402384	S	9	0	9	0.00000
Halobacillus halophilus	1570	S	7	1	8	0.00000
Lederbergia lentus	1467	S	34	1	35	0.00000
Salimicrobium jeotgali	1230341	S	30	0	30	0.00000
Fictibacillus arsenicus	255247	S	15	0	15	0.00000
Fictibacillus phosphorivorans	1221500	S	14	0	14	0.00000
Amphibacillus xylanus	1449	S	28	0	28	0.00000
Parageobacillus thermoglucosidasius	1426	S	18	9	27	0.00000
Parageobacillus toebii	153151	S	4	3	7	0.00000
Parageobacillus genomosp. 1	1295642	S	4	0	4	0.00000
Sediminibacillus sp. DP4-553-S	2729421	S	25	0	25	0.00000
Terribacillus goriensis	386490	S	24	0	24	0.00000
Radiobacillus deserti	2594883	S	17	0	17	0.00000
Aeribacillus pallidus	33936	S	13	1	14	0.00000
Pradoshia sp. D12	2651284	S	12	0	12	0.00000
Paenibacillus sp. RUD330	2023772	S	63	1	64	0.00000
Paenibacillus sp. UniB2	2726185	S	46	5	51	0.00000
Paenibacillus sp. PAMC21692	2762320	S	44	0	44	0.00000
Paenibacillus sp. FSL R7-0331	1536773	S	41	3	44	0.00000
Paenibacillus sp. B01	2660554	S	39	5	44	0.00000
Paenibacillus sp. 32O-W	1695218	S	37	0	37	0.00000
Paenibacillus sp. FSL R5-0345	1536770	S	36	6	42	0.00000
Paenibacillus sp. JNUCC-31	2777983	S	31	2	33	0.00000
Paenibacillus sp. BIHB4019	1870819	S	28	0	28	0.00000
Paenibacillus sp. FSL R7-0273	1536772	S	27	2	29	0.00000
Paenibacillus sp. FSL H7-0737	1536775	S	25	4	29	0.00000
Paenibacillus sp. FSL P4-0081	1536769	S	24	7	31	0.00000
Paenibacillus sp. HB172198	2565926	S	23	0	23	0.00000
Paenibacillus sp. FSL H7-0357	1536774	S	23	0	23	0.00000
Paenibacillus sp. IHBB 10380	1566358	S	22	0	22	0.00000
Paenibacillus sp. URB8-2	2741301	S	20	0	20	0.00000
Paenibacillus sp. CAA11	1532905	S	20	0	20	0.00000
Paenibacillus sp. TB2019	2810347	S	19	0	19	0.00000
Paenibacillus sp. JZ16	1906272	S	19	1	20	0.00000
Paenibacillus sp. DCT19	2211212	S	18	0	18	0.00000
Paenibacillus sp. E222	2748863	S	17	1	18	0.00000
Paenibacillus sp. FSL R5-0912	1536771	S	14	4	18	0.00000
Paenibacillus sp. IHB B 3084	867076	S	14	1	15	0.00000
Paenibacillus sp. JDR-2	324057	S	13	0	13	0.00000
Paenibacillus sp. 37	2607911	S	8	1	9	0.00000
Paenibacillus sp. Y412MC10	481743	S	6	8	14	0.00000
Paenibacillus sp. JNUCC-32	2777984	S	6	8	14	0.00000
Paenibacillus sp. Cedars	1980674	S	4	6	10	0.00000
Paenibacillus sp. lzh-N1	2069255	S	3	14	17	0.00000
Paenibacillus sp. M-152	2487928	S	1	4	5	0.00000
Paenibacillus polymyxa	1406	S	72	62	134	0.00001
Paenibacillus mucilaginosus	61624	S	59	0	59	0.00000
Paenibacillus psychroresistens	1778678	S	52	0	52	0.00000
Paenibacillus stellifer	169760	S	45	1	46	0.00000
Paenibacillus cellulositrophicus	562959	S	34	0	34	0.00000
Paenibacillus larvae	1464	S	33	7501	7534	0.00050
Paenibacillus bovis	1616788	S	32	1	33	0.00000
Paenibacillus lycopersici	2704462	S	32	0	32	0.00000
Paenibacillus durus	44251	S	31	0	31	0.00000
Paenibacillus uliginis	683737	S	31	0	31	0.00000
Paenibacillus odorifer	189426	S	30	1	31	0.00000
Paenibacillus albus	2495582	S	28	0	28	0.00000
Paenibacillus beijingensis	1126833	S	28	0	28	0.00000
Paenibacillus guangzhouensis	1473112	S	27	0	27	0.00000
Paenibacillus swuensis	1178515	S	27	0	27	0.00000
Paenibacillus ihbetae	1870820	S	26	0	26	0.00000
Paenibacillus antarcticus	253703	S	26	0	26	0.00000
Paenibacillus baekrokdamisoli	1712516	S	24	0	24	0.00000
Paenibacillus physcomitrellae	1619311	S	23	1	24	0.00000
Paenibacillus lutimineralis	2707005	S	23	0	23	0.00000
Paenibacillus lentus	1338368	S	23	0	23	0.00000
Paenibacillus thiaminolyticus	49283	S	23	0	23	0.00000
Paenibacillus barcinonensis	198119	S	23	0	23	0.00000
Paenibacillus chitinolyticus	79263	S	23	0	23	0.00000
Paenibacillus donghaensis	414771	S	22	0	22	0.00000
Paenibacillus kribbensis	172713	S	21	1	22	0.00000
Paenibacillus xylanilyticus	248903	S	20	0	20	0.00000
Paenibacillus rhizovicinus	2704463	S	20	0	20	0.00000
Paenibacillus naphthalenovorans	162209	S	19	0	19	0.00000
Paenibacillus peoriae	59893	S	18	34	52	0.00000
Paenibacillus terrae	159743	S	17	1	18	0.00000
Paenibacillus sonchi	373687	S	9	5	14	0.00000
Paenibacillus riograndensis	483937	S	3	1	4	0.00000
Paenibacillus sabinae	365617	S	15	0	15	0.00000
Paenibacillus crassostreae	1763538	S	15	0	15	0.00000
Paenibacillus xylanexedens	528191	S	15	2	17	0.00000
Paenibacillus brasilensis	128574	S	12	1	13	0.00000
Paenibacillus borealis	160799	S	12	0	12	0.00000
Paenibacillus protaetiae	2509456	S	12	0	12	0.00000
Paenibacillus cellulosilyticus	375489	S	11	0	11	0.00000
Paenibacillus glucanolyticus	59843	S	9	15	24	0.00000
Paenibacillus graminis	189425	S	6	0	6	0.00000
Paenibacillus alvei	44250	S	6	0	6	0.00000
Paenibacillus yonginensis	1462996	S	5	0	5	0.00000
Paenibacillus jilunlii	682956	S	4	0	4	0.00000
Paenibacillus lautus	1401	S	3	1	4	0.00000
Brevibacillus sp. SCSIO 07484	2496837	S	34	1	35	0.00000
Brevibacillus sp. FJAT-54423	2796470	S	24	1	25	0.00000
Brevibacillus sp. JNUCC-41	2778370	S	15	15	30	0.00000
Brevibacillus sp. 7WMA2	2683193	S	10	20	30	0.00000
Brevibacillus laterosporus	1465	S	75	179	254	0.00002
Brevibacillus brevis	1393	S	64	6	70	0.00000
Brevibacillus agri	51101	S	32	2	34	0.00000
Brevibacillus choshinensis	54911	S	17	1	18	0.00000
Brevibacillus formosus	54913	S	3	0	3	0.00000
Cohnella sp. MFER-1	2728023	S	27	1	28	0.00000
Cohnella sp. KS 22	2598458	S	19	1	20	0.00000
Cohnella sp. LGH	1619153	S	17	0	17	0.00000
Cohnella abietis	2507935	S	33	0	33	0.00000
Cohnella candidum	2674991	S	29	0	29	0.00000
Aneurinibacillus soli	1500254	S	31	2	33	0.00000
Aneurinibacillus sp. XH2	1450761	S	22	0	22	0.00000
Thermobacillus composti	377615	S	37	1	38	0.00000
Saccharibacillus brassicae	2583377	S	27	0	27	0.00000
Planococcus sp. Y42	2213202	S	29	1	30	0.00000
Planococcus sp. MB-3u-03	2058136	S	16	3	19	0.00000
Planococcus sp. PAMC 21323	1526927	S	14	2	16	0.00000
Planococcus rifietoensis	200991	S	35	9	44	0.00000
Planococcus antarcticus	161360	S	22	2	24	0.00000
Planococcus faecalis	1598147	S	17	23	40	0.00000
Planococcus plakortidis	1038856	S	14	2	16	0.00000
Planococcus massiliensis	1499687	S	14	0	14	0.00000
Planococcus versutus	1302659	S	11	1	12	0.00000
Planococcus maritimus	192421	S	9	2	11	0.00000
Planococcus dechangensis	1176255	S	9	2	11	0.00000
Planococcus halocryophilus	1215089	S	9	1	10	0.00000
Planococcus donghaensis	414778	S	4	0	4	0.00000
Sporosarcina ureae	1571	S	77	5	82	0.00001
Sporosarcina sp. Te-1	2818390	S	26	1	27	0.00000
Sporosarcina sp. PTS2304	2283194	S	17	1	18	0.00000
Sporosarcina sp. P37	1930546	S	11	7	18	0.00000
Sporosarcina sp. resist	2762563	S	6	9	15	0.00000
Sporosarcina sp. P33	1930764	S	3	2	5	0.00000
Sporosarcina sp.	49982	S	1	0	1	0.00000
Sporosarcina ureilytica	298596	S	36	2	38	0.00000
Sporosarcina pasteurii	1474	S	19	1	20	0.00000
Sporosarcina psychrophila	1476	S	8	15	23	0.00000
Solibacillus sp. R5-41	2048654	S	25	2	27	0.00000
Solibacillus silvestris	76853	S	23	1	24	0.00000
Paenisporosarcina antarctica	417367	S	23	1	24	0.00000
Paenisporosarcina sp. K2R23-3	2320858	S	21	2	23	0.00000
Kurthia sp. 11kri321	1750719	S	18	3	21	0.00000
Kurthia zopfii	1650	S	16	2	18	0.00000
Ureibacillus thermosphaericus	51173	S	25	8	33	0.00000
Ureibacillus thermophilus	367743	S	11	1	12	0.00000
Planomicrobium glaciei	459472	S	31	5	36	0.00000
Viridibacillus sp. JNUCC-6	2779527	S	27	2	29	0.00000
Jeotgalibacillus malaysiensis	1508404	S	26	1	27	0.00000
Rummeliibacillus stabekisii	241244	S	17	1	18	0.00000
Listeria monocytogenes	1639	S	94	23	117	0.00001
Listeria welshimeri	1643	S	29	17	46	0.00000
Listeria ivanovii	1638	S	26	7	33	0.00000
Listeria sp. PSOL-1	1844999	S	19	0	19	0.00000
Listeria innocua	1642	S	16	9	25	0.00000
Listeria seeligeri	1640	S	15	2	17	0.00000
Listeria grayi	1641	S	12	0	12	0.00000
Listeria weihenstephanensis	1006155	S	10	0	10	0.00000
Brochothrix thermosphacta	2756	S	43	2	45	0.00000
Exiguobacterium sp. AT1b	360911	S	33	1	34	0.00000
Exiguobacterium sp. N4-1P	2051906	S	14	2	16	0.00000
Exiguobacterium sp. Helios	2735868	S	12	2	14	0.00000
Exiguobacterium sp. MH3	1399115	S	9	4	13	0.00000
Exiguobacterium sp. U13-1	1849031	S	9	16	25	0.00000
Exiguobacterium mexicanum	340146	S	32	3	35	0.00000
Exiguobacterium acetylicum	41170	S	6	4	10	0.00000
Exiguobacterium antarcticum	132920	S	5	0	5	0.00000
Exiguobacterium sibiricum	332410	S	3	0	3	0.00000
Gemella sanguinis	84135	S	42	8	50	0.00000
Gemella haemolysans	1379	S	40	4	44	0.00000
Gemella morbillorum	29391	S	32	12	44	0.00000
Gemella sp. oral taxon 928	1785995	S	2	20	22	0.00000
Alicyclobacillus acidocaldarius	405212	S	34	0	34	0.00000
Alicyclobacillus sp. TC	2606450	S	10	0	10	0.00000
Alicyclobacillus sp. SO9	2665646	S	10	0	10	0.00000
Alicyclobacillus ferrooxydans	471514	S	17	0	17	0.00000
Tumebacillus avium	1903704	S	31	6	37	0.00000
Tumebacillus algifaecis	1214604	S	24	4	28	0.00000
Kyrpidia spormannii	2055160	S	19	1	20	0.00000
Kyrpidia tusciae	33943	S	14	1	15	0.00000
Effusibacillus sp. skT53	2743772	S	11	0	11	0.00000
Staphylospora marina	2490858	S	25	0	25	0.00000
Kroppenstedtia pulmonis	1380685	S	22	0	22	0.00000
Kroppenstedtia eburnea	714067	S	2	0	2	0.00000
Thermoactinomyces vulgaris	2026	S	23	0	23	0.00000
Novibacillus thermophilus	1471761	S	21	0	21	0.00000
Laceyella sacchari	37482	S	13	0	13	0.00000
Sporolactobacillus terrae	269673	S	17	0	17	0.00000
Lactobacillus crispatus	47770	S	82	7	89	0.00001
Lactobacillus terrae	2269374	S	67	1	68	0.00000
Lactobacillus johnsonii	33959	S	62	29	91	0.00001
Lactobacillus sp. CBA3605	2099788	S	23	1	24	0.00000
Lactobacillus sp. wkB8	1545702	S	14	2	16	0.00000
Lactobacillus sp. CBA3606	2099789	S	9	1	10	0.00000
Lactobacillus sp. 3B(2020)	2695882	S	9	0	9	0.00000
Lactobacillus sp. D1501	2108362	S	2	39	41	0.00000
Lactobacillus sp. JM1	2690380	S	1	10	11	0.00000
Lactobacillus amylovorus	1604	S	48	11	59	0.00000
Lactobacillus helveticus	1587	S	47	8	55	0.00000
Lactobacillus jensenii	109790	S	32	2	34	0.00000
Lactobacillus gasseri	1596	S	29	43	72	0.00000
Lactobacillus iners	147802	S	28	6	34	0.00000
Lactobacillus amylolyticus	83683	S	26	1	27	0.00000
Lactobacillus acidophilus	1579	S	26	0	26	0.00000
Lactobacillus kefiranofaciens	267818	S	21	1	22	0.00000
Lactobacillus kullabergensis	1218493	S	21	0	21	0.00000
Lactobacillus taiwanensis	508451	S	16	1	17	0.00000
Lactobacillus acetotolerans	1600	S	16	0	16	0.00000
Lactobacillus delbrueckii	1584	S	15	3	18	0.00000
Lactobacillus ultunensis	227945	S	13	0	13	0.00000
Lactobacillus helsingborgensis	1218494	S	8	1	9	0.00000
Lactobacillus apis	303541	S	6	0	6	0.00000
Lactobacillus paragasseri	2107999	S	3	3	6	0.00000
Companilactobacillus zhachilii	2304606	S	56	3	59	0.00000
Companilactobacillus futsaii	938155	S	43	9	52	0.00000
Companilactobacillus ginsenosidimutans	1007676	S	27	0	27	0.00000
Companilactobacillus alimentarius	1602	S	26	2	28	0.00000
Companilactobacillus heilongjiangensis	1074467	S	19	1	20	0.00000
Companilactobacillus paralimentarius	83526	S	14	1	15	0.00000
Companilactobacillus farciminis	1612	S	13	3	16	0.00000
Companilactobacillus allii	1847728	S	13	0	13	0.00000
Companilactobacillus crustorum	392416	S	12	1	13	0.00000
Companilactobacillus pabuli	2714036	S	3	0	3	0.00000
Limosilactobacillus reuteri	1598	S	88	8	96	0.00001
Limosilactobacillus vaginalis	1633	S	40	1	41	0.00000
Limosilactobacillus fermentum	1613	S	26	3	29	0.00000
Limosilactobacillus mucosae	97478	S	19	2	21	0.00000
Limosilactobacillus frumenti	104955	S	8	0	8	0.00000
Limosilactobacillus gastricus	227942	S	6	0	6	0.00000
Limosilactobacillus pontis	35787	S	3	0	3	0.00000
Ligilactobacillus salivarius	1624	S	91	12	103	0.00001
Ligilactobacillus murinus	1622	S	25	5	30	0.00000
Ligilactobacillus animalis	1605	S	11	3	14	0.00000
Ligilactobacillus ruminis	1623	S	11	0	11	0.00000
Ligilactobacillus agilis	1601	S	9	1	10	0.00000
Ligilactobacillus acidipiscis	89059	S	4	0	4	0.00000
Ligilactobacillus saerimneri	228229	S	3	0	3	0.00000
Leuconostoc mesenteroides	1245	S	28	4	32	0.00000
Leuconostoc gelidum	1244	S	25	0	25	0.00000
Leuconostoc citreum	33964	S	15	29	44	0.00000
Leuconostoc lactis	1246	S	11	3	14	0.00000
Leuconostoc suionicum	1511761	S	7	0	7	0.00000
Leuconostoc carnosum	1252	S	6	0	6	0.00000
Leuconostoc pseudomesenteroides	33968	S	4	0	4	0.00000
Leuconostoc kimchii	136609	S	3	17	20	0.00000
Leuconostoc garlicum	255248	S	1	1	2	0.00000
Leuconostoc sp. C2	979982	S	1	7	8	0.00000
Weissella hellenica	46256	S	24	5	29	0.00000
Weissella paramesenteroides	1249	S	22	4	26	0.00000
Weissella cibaria	137591	S	15	2	17	0.00000
Weissella sp. HDW19	2714949	S	13	1	14	0.00000
Weissella confusa	1583	S	12	2	14	0.00000
Weissella diestrammenae	1162633	S	11	0	11	0.00000
Weissella cryptocerci	2506420	S	11	0	11	0.00000
Weissella koreensis	165096	S	9	1	10	0.00000
Weissella soli	155866	S	8	0	8	0.00000
Weissella viridescens	1629	S	6	0	6	0.00000
Weissella jogaejeotgali	1631871	S	4	0	4	0.00000
Weissella ceti	759620	S	2	0	2	0.00000
Paucilactobacillus hokkaidonensis	1193095	S	87	11	98	0.00001
Paucilactobacillus oligofermentans	293371	S	27	2	29	0.00000
Paucilactobacillus nenjiangensis	1296540	S	10	2	12	0.00000
Lacticaseibacillus paracasei	1597	S	35	32	67	0.00000
Lacticaseibacillus rhamnosus	47715	S	30	3	33	0.00000
Lacticaseibacillus manihotivorans	88233	S	11	0	11	0.00000
Lacticaseibacillus zeae	57037	S	10	1	11	0.00000
Lacticaseibacillus casei	1582	S	9	1	10	0.00000
Pediococcus pentosaceus	1255	S	28	3	31	0.00000
Pediococcus acidilactici	1254	S	28	3	31	0.00000
Pediococcus claussenii	187452	S	15	1	16	0.00000
Pediococcus inopinatus	114090	S	11	3	14	0.00000
Pediococcus damnosus	51663	S	10	2	12	0.00000
Latilactobacillus sakei	1599	S	28	7	35	0.00000
Latilactobacillus curvatus	28038	S	23	8	31	0.00000
Latilactobacillus fuchuensis	164393	S	19	0	19	0.00000
Latilactobacillus graminis	60519	S	8	1	9	0.00000
Lactiplantibacillus plantarum	1590	S	45	48	93	0.00001
Lactiplantibacillus pentosus	1589	S	19	1	20	0.00000
Lactiplantibacillus paraplantarum	60520	S	8	0	8	0.00000
Lentilactobacillus hilgardii	1588	S	24	2	26	0.00000
Lentilactobacillus buchneri	1581	S	15	3	18	0.00000
Lentilactobacillus kefiri	33962	S	14	3	17	0.00000
Lentilactobacillus parabuchneri	152331	S	7	1	8	0.00000
Lentilactobacillus curieae	1138822	S	4	0	4	0.00000
Levilactobacillus zymae	267363	S	22	4	26	0.00000
Levilactobacillus brevis	1580	S	20	4	24	0.00000
Levilactobacillus koreensis	637971	S	8	1	9	0.00000
Liquorilactobacillus nagelii	82688	S	19	2	21	0.00000
Liquorilactobacillus hordei	468911	S	19	2	21	0.00000
Liquorilactobacillus mali	1618	S	10	1	11	0.00000
Loigolactobacillus backii	375175	S	21	2	23	0.00000
Loigolactobacillus coryniformis	1610	S	10	1	11	0.00000
Loigolactobacillus bifermentans	1607	S	9	0	9	0.00000
Oenococcus oeni	1247	S	16	3	19	0.00000
Oenococcus sicerae	2203724	S	6	0	6	0.00000
Oenococcus sp. UCMA 16435	2259623	S	6	1	7	0.00000
Oenococcus kitaharae	336988	S	2	0	2	0.00000
Fructilactobacillus fructivorans	1614	S	12	0	12	0.00000
Fructilactobacillus lindneri	53444	S	10	0	10	0.00000
Fructilactobacillus sanfranciscensis	1625	S	8	0	8	0.00000
Furfurilactobacillus rossiae	231049	S	27	1	28	0.00000
Secundilactobacillus malefermentans	176292	S	15	2	17	0.00000
Secundilactobacillus paracollinoides	240427	S	8	0	8	0.00000
Bombilactobacillus bombi	1303590	S	22	0	22	0.00000
Apilactobacillus bombintestini	2419772	S	9	0	9	0.00000
Apilactobacillus kunkeei	148814	S	6	0	6	0.00000
Acetilactobacillus jinshanensis	1720083	S	12	0	12	0.00000
Lapidilactobacillus dextrinicus	51664	S	11	0	11	0.00000
Schleiferilactobacillus harbinensis	304207	S	10	0	10	0.00000
Amylolactobacillus amylophilus	1603	S	3	0	3	0.00000
Streptococcus sp. oral taxon 061	712623	S	22	3	25	0.00000
Streptococcus sp. oral taxon 431	712633	S	16	2	18	0.00000
Streptococcus sp. zg-86	2664091	S	13	1	14	0.00000
Streptococcus sp. LPB0220	2610896	S	8	3	11	0.00000
Streptococcus sp. A12	1759399	S	7	1	8	0.00000
Streptococcus sp. 116-D4	2598453	S	6	1	7	0.00000
Streptococcus sp. I-P16	1156433	S	5	8	13	0.00000
Streptococcus sp. HSISS3	1316412	S	5	7	12	0.00000
Streptococcus sp. FDAARGOS_192	1839799	S	4	7	11	0.00000
Streptococcus sp. NSJ-72	2763068	S	3	11	14	0.00000
Streptococcus sp. KS 6	2598457	S	3	2	5	0.00000
Streptococcus sp. DAT741	1940319	S	2	2	4	0.00000
Streptococcus sp. 1643	2576376	S	2	1	3	0.00000
Streptococcus sp. HSISM1	1316408	S	2	0	2	0.00000
Streptococcus sp. HSISS2	1316411	S	1	1	2	0.00000
Streptococcus sp. NPS 308	1902136	S	1	0	1	0.00000
Streptococcus sp. oral taxon 064	712624	S	1	1	2	0.00000
Streptococcus sp. CNU G2	2686210	S	1	3	4	0.00000
Streptococcus suis	1307	S	105	13	118	0.00001
Streptococcus oralis	1303	S	97	39	136	0.00001
Streptococcus mitis	28037	S	80	26	106	0.00001
Streptococcus pyogenes	1314	S	77	38	115	0.00001
Streptococcus thermophilus	1308	S	72	14	86	0.00001
Streptococcus pneumoniae	1313	S	62	25	87	0.00001
Streptococcus anginosus	1328	S	26	42	68	0.00000
Streptococcus intermedius	1338	S	19	5	24	0.00000
Streptococcus constellatus	76860	S	8	15	23	0.00000
Streptococcus equi	1336	S	40	7	47	0.00000
Streptococcus dysgalactiae	1334	S	15	28	43	0.00000
Streptococcus salivarius	1304	S	51	39	90	0.00001
Streptococcus gordonii	1302	S	51	5	56	0.00000
Streptococcus sanguinis	1305	S	47	3	50	0.00000
Streptococcus parauberis	1348	S	43	10	53	0.00000
Streptococcus equinus	1335	S	41	17	58	0.00000
Streptococcus uberis	1349	S	31	3	34	0.00000
Streptococcus mutans	1309	S	30	2	32	0.00000
Streptococcus urinalis	149016	S	29	4	33	0.00000
Streptococcus cristatus	45634	S	28	5	33	0.00000
Streptococcus gallolyticus	315405	S	25	41	66	0.00000
Streptococcus agalactiae	1311	S	23	143	166	0.00001
Streptococcus troglodytae	1111760	S	23	2	25	0.00000
Streptococcus porcinus	1340	S	19	2	21	0.00000
Streptococcus pseudoporcinus	361101	S	17	4	21	0.00000
Streptococcus canis	1329	S	16	3	19	0.00000
Streptococcus ferus	1345	S	15	0	15	0.00000
Streptococcus merionis	400065	S	15	0	15	0.00000
Streptococcus parasanguinis	1318	S	15	4	19	0.00000
Streptococcus halotolerans	1814128	S	12	0	12	0.00000
Streptococcus himalayensis	1888195	S	11	0	11	0.00000
Streptococcus gwangjuense	1433513	S	11	6	17	0.00000
Streptococcus vestibularis	1343	S	10	2	12	0.00000
Streptococcus pseudopneumoniae	257758	S	9	6	15	0.00000
Streptococcus sobrinus	1310	S	9	0	9	0.00000
Streptococcus iniae	1346	S	9	0	9	0.00000
Streptococcus pluranimalium	82348	S	9	0	9	0.00000
Streptococcus pantholopis	1811193	S	8	0	8	0.00000
Streptococcus acidominimus	1326	S	8	0	8	0.00000
Streptococcus periodonticum	2490633	S	8	10	18	0.00000
Streptococcus ratti	1341	S	7	0	7	0.00000
Streptococcus australis	113107	S	7	6	13	0.00000
Streptococcus respiraculi	2021971	S	6	0	6	0.00000
Streptococcus chenjunshii	2173853	S	5	0	5	0.00000
Streptococcus infantis	68892	S	4	14	18	0.00000
Streptococcus marmotae	1825069	S	2	0	2	0.00000
Streptococcus milleri	33040	S	1	2	3	0.00000
Streptococcus infantarius	102684	S	1	1	2	0.00000
Streptococcus ruminantium	1917441	S	1	1	2	0.00000
Lactococcus cremoris	1359	S	184	70	254	0.00002
Lactococcus lactis	1358	S	162	260	422	0.00003
Lactococcus garvieae	1363	S	38	15	53	0.00000
Lactococcus taiwanensis	1151742	S	25	1	26	0.00000
Lactococcus raffinolactis	1366	S	17	2	19	0.00000
Lactococcus piscium	1364	S	11	7	18	0.00000
Lactococcus sp. KACC 19320	2592653	S	7	0	7	0.00000
Lactococcus sp. LG1074	2816909	S	2	18	20	0.00000
Lactococcus sp. LG1267	2816910	S	1	6	7	0.00000
Lactococcus sp. LG606	2816912	S	1	1	2	0.00000
Lactococcus carnosus	2749961	S	11	9	20	0.00000
Lactococcus allomyrinae	2419773	S	8	0	8	0.00000
Enterococcus faecium	1352	S	122	120	242	0.00002
Enterococcus faecalis	1351	S	112	54	166	0.00001
Enterococcus mundtii	53346	S	48	4	52	0.00000
Enterococcus avium	33945	S	47	7	54	0.00000
Enterococcus cecorum	44008	S	43	7	50	0.00000
Enterococcus thailandicus	417368	S	43	4	47	0.00000
Enterococcus durans	53345	S	31	8	39	0.00000
Enterococcus rotai	118060	S	30	0	30	0.00000
Enterococcus saigonensis	1805431	S	26	13	39	0.00000
Enterococcus wangshanyuanii	2005703	S	26	0	26	0.00000
Enterococcus hirae	1354	S	24	4	28	0.00000
Enterococcus gilvus	160453	S	17	1	18	0.00000
Enterococcus casseliflavus	37734	S	11	7	18	0.00000
Enterococcus sp. M190262	2582830	S	5	11	16	0.00000
Enterococcus sp. CR-Ec1	2057791	S	3	5	8	0.00000
Enterococcus sp. FDAARGOS_553	2420313	S	1	8	9	0.00000
Enterococcus gallinarum	1353	S	5	17	22	0.00000
Vagococcus zengguangii	2571750	S	53	6	59	0.00000
Vagococcus penaei	633807	S	36	1	37	0.00000
Vagococcus carniphilus	218144	S	34	4	38	0.00000
Vagococcus teuberi	519472	S	27	1	28	0.00000
Vagococcus hydrophili	2714947	S	25	1	26	0.00000
Vagococcus coleopterorum	2714946	S	17	1	18	0.00000
Vagococcus sp. CF-49	2562451	S	14	2	16	0.00000
Tetragenococcus halophilus	51669	S	33	4	37	0.00000
Tetragenococcus koreensis	290335	S	15	1	16	0.00000
Tetragenococcus osmophilus	526944	S	6	1	7	0.00000
Melissococcus plutonius	33970	S	28	33	61	0.00000
Carnobacterium maltaromaticum	2751	S	49	10	59	0.00000
Carnobacterium divergens	2748	S	32	3	35	0.00000
Carnobacterium sp. 17-4	208596	S	16	1	17	0.00000
Carnobacterium sp. CP1	1564681	S	3	3	6	0.00000
Carnobacterium sp. CS13	2800128	S	3	3	6	0.00000
Carnobacterium inhibens	147709	S	10	2	12	0.00000
Jeotgalibaca porci	1868793	S	22	4	26	0.00000
Jeotgalibaca ciconiae	2496265	S	16	2	18	0.00000
Jeotgalibaca arthritidis	1868794	S	11	14	25	0.00000
Jeotgalibaca dankookensis	708126	S	5	0	5	0.00000
Dolosigranulum pigrum	29394	S	61	4	65	0.00000
Marinilactibacillus sp. 15R	1911586	S	40	4	44	0.00000
Aerococcus urinaeequi	51665	S	14	4	18	0.00000
Aerococcus urinae	1376	S	13	0	13	0.00000
Aerococcus christensenii	87541	S	13	4	17	0.00000
Aerococcus viridans	1377	S	11	6	17	0.00000
Aerococcus sanguinicola	119206	S	9	0	9	0.00000
Aerococcus urinaehominis	128944	S	9	0	9	0.00000
Abiotrophia defectiva	46125	S	16	0	16	0.00000
Suicoccus acidiformans	2036206	S	2	0	2	0.00000
Clostridium botulinum	1491	S	1120	279	1399	0.00009
Clostridium sp. DL-VIII	641107	S	113	3	116	0.00001
Clostridium sp. 'deep sea'	2779445	S	90	0	90	0.00001
Clostridium sp. CT4	2320868	S	89	1	90	0.00001
Clostridium sp. JN-1	2483110	S	55	0	55	0.00000
Clostridium sp. JN-9	2507159	S	52	1	53	0.00000
Clostridium sp. BNL1100	755731	S	43	1	44	0.00000
Clostridium sp. AWRP	2212991	S	43	2	45	0.00000
Clostridium sp. MF28	1702238	S	5	16	21	0.00000
Clostridium sp. SY8519	1042156	S	4	0	4	0.00000
Clostridium perfringens	1502	S	434	27	461	0.00003
Clostridium beijerinckii	1520	S	167	89	256	0.00002
Clostridium butyricum	1492	S	164	4	168	0.00001
Clostridium pasteurianum	1501	S	164	2	166	0.00001
Clostridium baratii	1561	S	150	4	154	0.00001
Clostridium saccharoperbutylacetonicum	36745	S	139	3	142	0.00001
Clostridium saccharobutylicum	169679	S	136	4	140	0.00001
Clostridium argentinense	29341	S	123	2	125	0.00001
Clostridium taeniosporum	394958	S	111	2	113	0.00001
Clostridium cellulovorans	1493	S	97	2	99	0.00001
Clostridium tetani	1513	S	96	28	124	0.00001
Clostridium estertheticum	238834	S	93	2	95	0.00001
Clostridium sporogenes	1509	S	93	191	284	0.00002
Clostridium gasigenes	94869	S	88	2	90	0.00001
Clostridium bornimense	1216932	S	76	7	83	0.00001
Clostridium carboxidivorans	217159	S	76	4	80	0.00001
Clostridium septicum	1504	S	75	3	78	0.00001
Clostridium kluyveri	1534	S	67	0	67	0.00000
Clostridium tyrobutyricum	1519	S	66	0	66	0.00000
Clostridium intestinale	36845	S	64	1	65	0.00000
Clostridium scatologenes	1548	S	60	16	76	0.00001
Clostridium novyi	1542	S	54	21	75	0.00000
Clostridium cochlearium	1494	S	54	3	57	0.00000
Clostridium acetobutylicum	1488	S	54	8	62	0.00000
Clostridium isatidis	182773	S	51	4	55	0.00000
Clostridium chauvoei	46867	S	47	2	49	0.00000
Clostridium drakei	332101	S	38	9	47	0.00000
Clostridium fermenticellae	2068654	S	37	0	37	0.00000
Clostridium formicaceticum	1497	S	28	0	28	0.00000
Clostridium thermarum	1716543	S	28	3	31	0.00000
Clostridium aceticum	84022	S	27	0	27	0.00000
Clostridium ljungdahlii	1538	S	13	28	41	0.00000
Clostridium diolis	223919	S	9	38	47	0.00000
Clostridium autoethanogenum	84023	S	2	5	7	0.00000
Hathewaya histolytica	1498	S	98	3	101	0.00001
Alkaliphilus oremlandii	461876	S	46	1	47	0.00000
Alkaliphilus metalliredigens	208226	S	32	0	32	0.00000
Candidatus Arthromitus sp. SFB-rat-Yit	1041504	S	23	0	23	0.00000
Candidatus Arthromitus sp. SFB-mouse	49118	S	6	27	33	0.00000
Candidatus Arthromitus sp. SFB-mouse-NL	1508644	S	3	3	6	0.00000
Sarcina sp. JB2	2726954	S	56	2	58	0.00000
Crassaminicella sp. SY095	2599308	S	52	1	53	0.00000
Geosporobacter ferrireducens	1424294	S	44	1	45	0.00000
Caloranaerobacter azorensis	116090	S	39	0	39	0.00000
Caloramator sp. E03	2576307	S	28	0	28	0.00000
Hungatella hathewayi	154046	S	14	0	14	0.00000
Blautia sp. SC05B48	2479767	S	49	22	71	0.00000
Blautia sp. LZLJ-3	2779518	S	22	0	22	0.00000
Blautia producta	33035	S	60	27	87	0.00001
Blautia argi	1912897	S	28	7	35	0.00000
Blautia hansenii	1322	S	25	7	32	0.00000
Blautia obeum	40520	S	12	3	15	0.00000
Butyrivibrio fibrisolvens	831	S	59	2	61	0.00000
Butyrivibrio proteoclasticus	43305	S	31	0	31	0.00000
Butyrivibrio hungatei	185008	S	10	0	10	0.00000
Anaerocolumna sedimenticola	2696063	S	60	0	60	0.00000
Anaerocolumna cellulosilytica	433286	S	23	0	23	0.00000
Anaerocolumna sp. CTTW	2736602	S	17	0	17	0.00000
Lachnoclostridium phytofermentans	66219	S	29	0	29	0.00000
Lachnoclostridium phocaeense	1871021	S	20	6	26	0.00000
Lachnoclostridium sp. YL32	1834196	S	18	9	27	0.00000
[Clostridium] scindens	29347	S	15	1	16	0.00000
[Clostridium] hylemonae	89153	S	10	0	10	0.00000
Coprococcus comes	410072	S	41	11	52	0.00000
Coprococcus catus	116085	S	29	5	34	0.00000
Coprococcus sp. ART55/1	751585	S	9	1	10	0.00000
Lacrimispora saccharolytica	84030	S	55	6	61	0.00000
Lacrimispora sphenoides	29370	S	22	0	22	0.00000
[Ruminococcus] gnavus	33038	S	50	13	63	0.00000
[Ruminococcus] torques	33039	S	27	7	34	0.00000
Anaerostipes hadrus	649756	S	30	7	37	0.00000
Anaerostipes caccae	105841	S	12	1	13	0.00000
Anaerostipes rhamnosivorans	1229621	S	8	0	8	0.00000
Roseburia intestinalis	166486	S	36	10	46	0.00000
Roseburia hominis	301301	S	8	2	10	0.00000
Cellulosilyticum sp. WCF-2	2497860	S	15	13	28	0.00000
Cellulosilyticum lentocellum	29360	S	6	5	11	0.00000
Enterocloster bolteae	208479	S	21	2	23	0.00000
Enterocloster clostridioformis	1531	S	11	10	21	0.00000
Herbinix luporum	1679721	S	31	6	37	0.00000
Lachnoanaerobaculum umeaense	617123	S	28	1	29	0.00000
Anaerobutyricum hallii	39488	S	28	5	33	0.00000
Pseudobutyrivibrio xylanivorans	185007	S	21	0	21	0.00000
Lachnospira eligens	39485	S	17	0	17	0.00000
Anaerotignum propionicum	28446	S	16	0	16	0.00000
Clostridioides difficile	1496	S	297	372	669	0.00004
Romboutsia sp. CE17	2724150	S	83	6	89	0.00001
Romboutsia hominis	1507512	S	78	4	82	0.00001
Romboutsia ilealis	1115758	S	69	5	74	0.00000
Paeniclostridium sordellii	1505	S	104	3	107	0.00001
Paraclostridium bifermentans	1490	S	66	2	68	0.00000
Peptacetobacter hiranonis	89152	S	48	3	51	0.00000
Acetoanaerobium sticklandii	1511	S	42	0	42	0.00000
Filifactor alocis	143361	S	25	10	35	0.00000
Peptoclostridium acidaminophilum	1731	S	16	0	16	0.00000
Faecalibacterium prausnitzii	853	S	133	40	173	0.00001
Acetivibrio thermocellus	1515	S	43	2	45	0.00000
Acetivibrio saccincola	1677857	S	42	5	47	0.00000
Acetivibrio clariflavus	288965	S	34	5	39	0.00000
Ruminococcus albus	1264	S	41	0	41	0.00000
Ruminococcus sp. JE7A12	2564099	S	29	1	30	0.00000
Ruminococcus champanellensis	1161942	S	14	0	14	0.00000
Ruminococcus bicirculans	1160721	S	10	1	11	0.00000
Ruminiclostridium herbifermentans	2488810	S	54	4	58	0.00000
Ruminiclostridium cellulolyticum	1521	S	17	1	18	0.00000
Flavonifractor plautii	292800	S	60	3	63	0.00000
Oscillibacter valericigenes	351091	S	30	0	30	0.00000
Oscillibacter sp. NSJ-62	2763056	S	16	1	17	0.00000
Oscillibacter sp. PEA192	2109687	S	1	2	3	0.00000
Pseudoclostridium thermosuccinogenes	84032	S	47	2	49	0.00000
Caproiciproducens sp. 7D4C2	2721621	S	22	2	24	0.00000
Caproiciproducens sp. NJN-50	2507162	S	15	1	16	0.00000
Ethanoligenens harbinense	253239	S	38	0	38	0.00000
Acutalibacter muris	1796620	S	32	0	32	0.00000
Ruthenibacterium lactatiformans	1550024	S	27	2	29	0.00000
Dysosmobacter welbionis	2093857	S	19	36	55	0.00000
Fastidiosipila sanguinis	236753	S	16	3	19	0.00000
Thermoclostridium stercorarium	1510	S	14	1	15	0.00000
Mageeibacillus indolicus	884684	S	8	2	10	0.00000
Desulfitobacterium hafniense	49338	S	36	4	40	0.00000
Desulfitobacterium dehalogenans	36854	S	25	4	29	0.00000
Desulfitobacterium metallireducens	142877	S	24	1	25	0.00000
Desulfitobacterium dichloroeliminans	233055	S	11	2	13	0.00000
Desulfosporosinus meridiei	79209	S	28	2	30	0.00000
Desulfosporosinus youngiae	339862	S	21	1	22	0.00000
Desulfosporosinus acidiphilus	885581	S	21	0	21	0.00000
Desulfosporosinus orientis	1563	S	16	0	16	0.00000
Desulfotomaculum reducens	59610	S	30	0	30	0.00000
Desulfotomaculum ferrireducens	1833852	S	13	1	14	0.00000
Desulfotomaculum ruminis	1564	S	10	0	10	0.00000
Desulfotomaculum nigrificans	1565	S	10	0	10	0.00000
Desulfofarcimen acetoxidans	58138	S	41	0	41	0.00000
Dehalobacter sp. CF	1131462	S	5	16	21	0.00000
Dehalobacter restrictus	55583	S	5	0	5	0.00000
Desulfallas gibsoniae	102134	S	23	0	23	0.00000
Dehalobacterium formicoaceticum	51515	S	22	1	23	0.00000
Thermoanaerosceptrum fracticalcis	1712410	S	21	0	21	0.00000
Syntrophobotulus glycolicus	51197	S	20	0	20	0.00000
Candidatus Desulforudis audaxviator	471827	S	10	0	10	0.00000
Thermincola potens	863643	S	7	0	7	0.00000
Thermaerobacter sp. PB12/4term	2293838	S	47	0	47	0.00000
Thermaerobacter sp. FW80	2546351	S	36	0	36	0.00000
Thermaerobacter marianensis	73919	S	28	0	28	0.00000
Aminipila butyrica	433296	S	49	0	49	0.00000
Aminipila sp. JN-18	2507160	S	14	0	14	0.00000
Aminipila sp. CBA3637	2697030	S	8	0	8	0.00000
Mogibacterium diversum	114527	S	6	2	8	0.00000
Mogibacterium pumilum	86332	S	5	1	6	0.00000
Monoglobus pectinilyticus	1981510	S	34	7	41	0.00000
Flintibacter sp. KGMB00164	2610895	S	33	0	33	0.00000
Intestinimonas butyriciproducens	1297617	S	26	2	28	0.00000
Massilistercora timonensis	2086584	S	9	3	12	0.00000
Eubacterium sp. NSJ-61	2764325	S	39	17	56	0.00000
Eubacterium limosum	1736	S	34	7	41	0.00000
Eubacterium callanderi	53442	S	11	1	12	0.00000
Eubacterium maltosivorans	2041044	S	11	9	20	0.00000
[Eubacterium] cellulosolvens	29322	S	8	0	8	0.00000
Acetobacterium sp. KB-1	2184575	S	31	2	33	0.00000
Acetobacterium woodii	33952	S	23	1	24	0.00000
Alkalibacter sp. ES005	2815577	S	10	0	10	0.00000
Candidatus Syntrophocurvum alkaliphilum	2293317	S	45	5	50	0.00000
Syntrophomonas wolfei	863	S	20	2	22	0.00000
Syntrophothermus lipocalidus	86170	S	8	0	8	0.00000
Christensenella sp. Marseille-P3954	2086585	S	24	4	28	0.00000
Christensenella minuta	626937	S	22	2	24	0.00000
Heliobacterium modesticaldum	35701	S	27	3	30	0.00000
Heliorestis convoluta	356322	S	19	0	19	0.00000
Symbiobacterium thermophilum	2734	S	35	0	35	0.00000
Petrocella atlantisensis	2173034	S	22	0	22	0.00000
Caldicellulosiruptor sp. YA01	2806205	S	32	3	35	0.00000
Caldicellulosiruptor changbaiensis	1222016	S	30	8	38	0.00000
Caldicellulosiruptor hydrothermalis	413888	S	23	5	28	0.00000
Caldicellulosiruptor bescii	31899	S	19	8	27	0.00000
Caldicellulosiruptor kronotskyensis	413889	S	17	6	23	0.00000
Caldicellulosiruptor saccharolyticus	44001	S	15	3	18	0.00000
Caldicellulosiruptor obsidiansis	717609	S	12	1	13	0.00000
Caldicellulosiruptor owensensis	55205	S	11	1	12	0.00000
Caldicellulosiruptor lactoaceticus	52766	S	10	10	20	0.00000
Caldicellulosiruptor kristjanssonii	52765	S	7	6	13	0.00000
Thermoanaerobacterium thermosaccharolyticum	1517	S	48	10	58	0.00000
Thermoanaerobacterium sp. RBIITD	1550240	S	25	1	26	0.00000
Thermoanaerobacterium aotearoense	47490	S	20	1	21	0.00000
Thermoanaerobacterium xylanolyticum	29329	S	15	1	16	0.00000
Thermoanaerobacter kivui	2325	S	35	8	43	0.00000
Thermoanaerobacter italicus	108150	S	10	10	20	0.00000
Thermoanaerobacter brockii	29323	S	9	29	38	0.00000
Thermoanaerobacter wiegelii	46354	S	6	5	11	0.00000
Caldanaerobacter subterraneus	911092	S	43	2	45	0.00000
Moorella thermoacetica	1525	S	16	1	17	0.00000
Moorella glycerini	55779	S	5	0	5	0.00000
Ammonifex degensii	42838	S	6	0	6	0.00000
Carboxydothermus hydrogenoformans	129958	S	17	0	17	0.00000
Thermacetogenium phaeum	85874	S	17	4	21	0.00000
Thermanaeromonas toyohensis	161154	S	14	0	14	0.00000
Thermodesulfobium narugense	184064	S	20	2	22	0.00000
Thermodesulfobium acidiphilum	1794699	S	17	1	18	0.00000
Mahella australiensis	252966	S	30	3	33	0.00000
Halanaerobium praevalens	2331	S	45	0	45	0.00000
Halanaerobium hydrogeniformans	656519	S	40	0	40	0.00000
Halothermothrix orenii	31909	S	37	0	37	0.00000
Halocella sp. SP3-1	2382161	S	29	0	29	0.00000
Halobacteroides halobius	42422	S	38	0	38	0.00000
Acetohalobium arabaticum	28187	S	22	0	22	0.00000
Anoxybacter fermentans	1323375	S	11	0	11	0.00000
Biomaibacter acetigenes	2316383	S	26	0	26	0.00000
Tepidanaerobacter acetatoxydans	499229	S	17	0	17	0.00000
Thermosediminibacter oceani	291990	S	9	0	9	0.00000
Natranaerobius thermophilus	375929	S	32	0	32	0.00000
Koleobacter methoxysyntrophicus	2751313	S	27	0	27	0.00000
Finegoldia magna	1260	S	114	31	145	0.00001
Anaerococcus obesiensis	1287640	S	20	22	42	0.00000
Anaerococcus mediterraneensis	1870984	S	18	7	25	0.00000
Anaerococcus prevotii	33034	S	17	4	21	0.00000
Anaerococcus vaginalis	33037	S	14	15	29	0.00000
Peptoniphilus harei	54005	S	39	10	49	0.00000
Peptoniphilus ivorii	54006	S	21	0	21	0.00000
Parvimonas micra	33033	S	42	16	58	0.00000
Murdochiella vaginalis	1852373	S	24	8	32	0.00000
Tissierellia sp. JN-28	2507161	S	97	5	102	0.00001
Schnuerera ultunensis	45497	S	57	3	60	0.00000
Keratinibaculum paraultunense	1278232	S	50	5	55	0.00000
Gudongella oleilytica	1582259	S	28	1	29	0.00000
Gottschalkia acidurici	1556	S	53	0	53	0.00000
Sedimentibacter sp. zth1	2816908	S	65	0	65	0.00000
Ezakiella massiliensis	1852374	S	22	4	26	0.00000
Selenomonas sp. oral taxon 126	712528	S	21	0	21	0.00000
Selenomonas sp. oral taxon 136	713030	S	13	6	19	0.00000
Selenomonas sp. oral taxon 920	1884263	S	9	0	9	0.00000
Selenomonas sp. Marseille-Q3039	2754044	S	6	0	6	0.00000
Selenomonas sp. oral taxon 478	712538	S	1	0	1	0.00000
Selenomonas sputigena	69823	S	23	0	23	0.00000
Selenomonas ruminantium	971	S	20	0	20	0.00000
Megamonas hypermegale	158847	S	39	0	39	0.00000
Megamonas funiformis	437897	S	39	0	39	0.00000
Pectinatus frisingensis	865	S	19	0	19	0.00000
Pelosinus fermentans	365349	S	48	1	49	0.00000
Pelosinus sp. UFO1	484770	S	23	1	24	0.00000
Methylomusa anaerophila	1930071	S	22	0	22	0.00000
Sporomusa termitida	2377	S	12	0	12	0.00000
Veillonella parvula	29466	S	65	5	70	0.00000
Veillonella atypica	39777	S	12	1	13	0.00000
Veillonella dispar	39778	S	12	5	17	0.00000
Veillonella rodentium	248315	S	11	0	11	0.00000
Veillonella nakazawae	2682456	S	7	4	11	0.00000
Veillonella sp. OK1	1096935	S	1	0	1	0.00000
Megasphaera elsdenii	907	S	48	7	55	0.00000
Megasphaera stantonii	2144175	S	16	2	18	0.00000
Dialister massiliensis	2161821	S	14	4	18	0.00000
Dialister pneumosintes	39950	S	13	5	18	0.00000
Phascolarctobacterium sp. Marseille-Q4147	2823317	S	42	1	43	0.00000
Phascolarctobacterium faecium	33025	S	41	1	42	0.00000
Acidaminococcus fermentans	905	S	18	0	18	0.00000
Acidaminococcus intestini	187327	S	8	2	10	0.00000
Erysipelothrix sp. HDW6B	2714929	S	18	1	19	0.00000
Erysipelothrix sp. HDW6A	2714928	S	16	0	16	0.00000
Erysipelothrix sp. HDW6C	2714930	S	5	0	5	0.00000
Erysipelothrix rhusiopathiae	1648	S	37	6	43	0.00000
Erysipelothrix larvae	1514105	S	28	1	29	0.00000
Erysipelothrix inopinata	225084	S	26	0	26	0.00000
Erysipelothrix piscisicarius	2485784	S	19	0	19	0.00000
Erysipelatoclostridium ramosum	1547	S	77	2	79	0.00001
[Clostridium] innocuum	1522	S	37	7	44	0.00000
Amedibacterium intestinale	2583452	S	33	14	47	0.00000
Bulleidia sp. zg-1006	2806552	S	26	1	27	0.00000
Faecalibacillus intestinalis	1982626	S	16	28	44	0.00000
Faecalitalea cylindroides	39483	S	14	8	22	0.00000
Intestinibaculum porci	2487118	S	12	0	12	0.00000
Longibaculum sp. KGMB06250	2584943	S	8	14	22	0.00000
Faecalibaculum rodentium	1702221	S	3	0	3	0.00000
Turicibacter sanguinis	154288	S	26	4	30	0.00000
Turicibacter sp. H121	1712675	S	11	4	15	0.00000
Limnochorda pilosa	1555112	S	38	0	38	0.00000
endosymbiont 'TC1' of Trimyema compressum	243899	S	24	0	24	0.00000
Ndongobacter massiliensis	1871025	S	11	3	14	0.00000
Oscillatoria nigro-viridis	482564	S	21783	648	22431	0.00148
Oscillatoria acuminata	118323	S	128	8	136	0.00001
Moorea producens	1155739	S	221	2	223	0.00001
Planktothrix agardhii	1160	S	1007	809	1816	0.00012
Planktothrix rubescens	59512	S	270	169	439	0.00003
Trichodesmium erythraeum	1206	S	154	1	155	0.00001
Microcoleus sp. PCC 7113	1173027	S	102	4	106	0.00001
Oxynema sp. AP17	2064643	S	74	2	76	0.00001
Arthrospira platensis	118562	S	4	75	79	0.00001
Limnospira indica	147322	S	4	39	43	0.00000
Crinalium epipsammum	241425	S	83	3	86	0.00001
[Phormidium] sp. ETS-05	222819	S	83	2	85	0.00001
Geitlerinema sp. PCC 7407	1173025	S	56	2	58	0.00000
Cyanothece sp. PCC 7425	395961	S	31	0	31	0.00000
Microcystis aeruginosa	1126	S	791	121	912	0.00006
Microcystis sp. MC19	1967666	S	29	12	41	0.00000
Microcystis viridis	44822	S	7	18	25	0.00000
Gloeothece citriformis	2546356	S	130	5	135	0.00001
Gloeothece verrucosa	2546359	S	56	2	58	0.00000
Rippkaea orientalis	2546366	S	86	2	88	0.00001
Candidatus Atelocyanobacterium thalassa	713887	S	79	9	88	0.00001
Euhalothece natronophila	577489	S	35	1	36	0.00000
Halothece sp. PCC 7418	65093	S	29	3	32	0.00000
Crocosphaera subtropica	2546360	S	55	2	57	0.00000
Geminocystis sp. NIES-3708	1615909	S	146	24	170	0.00001
Geminocystis sp. NIES-3709	1617448	S	76	10	86	0.00001
Geminocystis herdmanii	669359	S	80	9	89	0.00001
Chondrocystis sp. NIES-4102	2005460	S	100	14	114	0.00001
Gloeocapsa sp. PCC 7428	1173026	S	46	1	47	0.00000
Cyanobacterium aponinum	379064	S	95	13	108	0.00001
Nostoc sp. CENA543	1869241	S	368	12	380	0.00003
Nostoc sp. PCC 7524	28072	S	228	10	238	0.00002
Nostoc sp. NIES-4103	2005458	S	188	9	197	0.00001
Nostoc sp. C052	2576902	S	176	25	201	0.00001
Nostoc sp. TCL26-01	2576904	S	159	4	163	0.00001
Nostoc sp. UHCC 0702	2814655	S	147	7	154	0.00001
Nostoc sp. TCL240-02	2572090	S	108	39	147	0.00001
Nostoc sp. 'Peltigera membranacea cyanobiont' N6	1261031	S	101	16	117	0.00001
Nostoc sp. 'Lobaria pulmonaria (5183) cyanobiont'	1618022	S	78	7	85	0.00001
Nostoc sp. ATCC 53789	76335	S	60	75	135	0.00001
Nostoc sp. C057	2576903	S	57	67	124	0.00001
Nostoc sp. NIES-2111	1973475	S	54	106	160	0.00001
Nostoc sp. PCC 7107	317936	S	41	3	44	0.00000
Nostoc sp. NIES-3756	1751286	S	20	58	78	0.00001
Nostoc sphaeroides	446679	S	262	50	312	0.00002
Nostoc carneum	374162	S	260	118	378	0.00002
Nostoc edaphicum	264686	S	162	19	181	0.00001
Nostoc punctiforme	272131	S	109	38	147	0.00001
Nostoc linckia	92942	S	100	7	107	0.00001
Nostoc piscinale	224012	S	85	3	88	0.00001
Nostoc flagelliforme	1306274	S	78	11	89	0.00001
Anabaena sp. YBS01	2490939	S	293	1615	1908	0.00013
Anabaena sp. WA102	1647413	S	96	38	134	0.00001
Anabaena sp. 90	46234	S	30	58	88	0.00001
Anabaena cylindrica	1165	S	300	14	314	0.00002
Cylindrospermum stagnale	142864	S	110	3	113	0.00001
Trichormus azollae	1164	S	80	2	82	0.00001
Calothrix sp. NIES-2098	1954171	S	156	106	262	0.00002
Calothrix sp. PCC 7507	99598	S	139	17	156	0.00001
Calothrix sp. NIES-2100	1954172	S	115	76	191	0.00001
Calothrix sp. 336/3	1337936	S	68	4	72	0.00000
Calothrix sp. NIES-3974	2005462	S	55	1	56	0.00000
Calothrix parasitica	1973486	S	473	6	479	0.00003
Calothrix brevissima	938406	S	223	34	257	0.00002
Calothrix parietina	32054	S	115	3	118	0.00001
Anabaenopsis elenkinii	156213	S	114	6	120	0.00001
Anabaenopsis circularis	109266	S	53	7	60	0.00000
Sphaerospermopsis kisseleviana	289435	S	131	6	137	0.00001
Dolichospermum compactum	136073	S	63	18	81	0.00001
Dolichospermum sp. UHCC 0315A	1914871	S	20	40	60	0.00000
Dolichospermum flos-aquae	1166	S	15	37	52	0.00000
Nodularia spumigena	70799	S	75	9	84	0.00001
Raphidiopsis curvata	312883	S	16	13	29	0.00000
Cylindrospermopsis curvispora	747548	S	15	9	24	0.00000
Scytonema sp. HK-05	1137095	S	152	34	186	0.00001
Scytonema sp. NIES-4073	2005464	S	135	36	171	0.00001
Brasilonema sennae	1397703	S	71	5	76	0.00001
Fischerella sp. NIES-4106	2005456	S	227	15	242	0.00002
Fischerella sp. NIES-3754	1752063	S	63	11	74	0.00000
Rivularia sp. PCC 7116	373994	S	145	6	151	0.00001
Microchaete diplosiphon	1197	S	85	36	121	0.00001
Tolypothrix sp. PCC 7910	2099387	S	83	16	99	0.00001
Aulosira laxa	1541975	S	8	3622	3630	0.00024
Synechococcus sp. PCC 7502	1173263	S	71	0	71	0.00000
Synechococcus sp. PCC 7336	195250	S	36	0	36	0.00000
Synechococcus sp. PCC 6312	195253	S	31	0	31	0.00000
Synechococcus sp. CB0101	232348	S	30	2	32	0.00000
Synechococcus sp. CBW1107	2789857	S	27	2	29	0.00000
Synechococcus sp. NIES-970	1827144	S	26	1	27	0.00000
Synechococcus sp. RS9909	221352	S	26	2	28	0.00000
Synechococcus sp. CBW1004	1353136	S	25	3	28	0.00000
Synechococcus sp. JA-2-3B'a(2-13)	321332	S	24	1	25	0.00000
Synechococcus sp. CBW1006	1353138	S	21	50	71	0.00000
Synechococcus sp. LTW-R	2751170	S	20	1	21	0.00000
Synechococcus sp. PCC 7003	374981	S	20	1	21	0.00000
Synechococcus sp. RSCCF101	2511069	S	19	1	20	0.00000
Synechococcus sp. A15-28	1050638	S	19	1	20	0.00000
Synechococcus sp. CBW1108	1353147	S	18	1	19	0.00000
Synechococcus sp. CC9311	64471	S	18	1	19	0.00000
Synechococcus sp. SynAce01	1916956	S	17	0	17	0.00000
Synechococcus sp. MIT S9220	166309	S	16	0	16	0.00000
Synechococcus sp. RS9902	221345	S	16	8	24	0.00000
Synechococcus sp. KORDI-100	1280380	S	16	0	16	0.00000
Synechococcus sp. WH 8020	32052	S	16	0	16	0.00000
Synechococcus sp. PCC 8807	195248	S	15	24	39	0.00000
Synechococcus sp. HK01-R	2751171	S	15	0	15	0.00000
Synechococcus sp. JA-3-3Ab	321327	S	15	0	15	0.00000
Synechococcus sp. PROS-U-1	1400866	S	13	0	13	0.00000
Synechococcus sp. WH 8101	59932	S	12	1	13	0.00000
Synechococcus sp. CC9902	316279	S	12	0	12	0.00000
Synechococcus sp. BIOS-E4-1	1400864	S	10	0	10	0.00000
Synechococcus sp. PCC 7117	195498	S	10	12	22	0.00000
Synechococcus sp. MVIR-18-1	1386941	S	9	4	13	0.00000
Synechococcus sp. PROS-7-1	1442556	S	9	1	10	0.00000
Synechococcus sp. NOUM97013	1442555	S	9	0	9	0.00000
Synechococcus sp. KORDI-52	585425	S	8	0	8	0.00000
Synechococcus sp. CBW1002	1353134	S	8	21	29	0.00000
Synechococcus sp. A15-24	1050635	S	8	1	9	0.00000
Synechococcus sp. ROS8604	1442557	S	6	0	6	0.00000
Synechococcus sp. A15-127	1050624	S	6	1	7	0.00000
Synechococcus sp. PROS-9-1	1968775	S	6	0	6	0.00000
Synechococcus sp. A15-60	1050655	S	5	10	15	0.00000
Synechococcus sp. MEDNS5	1442554	S	5	0	5	0.00000
Synechococcus sp. A18-25c	1866938	S	5	10	15	0.00000
Synechococcus sp. Minos11	221341	S	5	0	5	0.00000
Synechococcus sp. BMK-MC-1	1442551	S	5	0	5	0.00000
Synechococcus sp. A15-62	1050657	S	3	0	3	0.00000
Synechococcus sp. TAK9802	1442558	S	3	1	4	0.00000
Synechococcus sp. RS9915	221358	S	3	7	10	0.00000
Synechococcus sp. WH 8103	29410	S	3	15	18	0.00000
Synechococcus sp. RS9907	221350	S	3	1	4	0.00000
Synechococcus sp. BIOS-U3-1	1400865	S	3	0	3	0.00000
Synechococcus sp. PCC 73109	374982	S	3	3	6	0.00000
Synechococcus sp. SYN20	1050714	S	2	0	2	0.00000
Synechococcus sp. M16.1	1442553	S	2	1	3	0.00000
Synechococcus sp. WH 8109	166314	S	1	0	1	0.00000
Synechococcus sp. CC9605	110662	S	1	0	1	0.00000
Synechococcus sp. PCC 7002	32049	S	1	1	2	0.00000
Synechococcus elongatus	32046	S	32	25	57	0.00000
Synechococcus lividus	33070	S	23	0	23	0.00000
Cyanobium gracile	59930	S	66	5	71	0.00000
Cyanobium sp. NS01	261284	S	30	5	35	0.00000
Cyanobium sp. NIES-981	1851505	S	30	4	34	0.00000
Dactylococcopsis salina	292566	S	63	8	71	0.00000
Thermosynechococcus sp. CL-1	2583530	S	8	0	8	0.00000
Thermosynechococcus sp. NK55a	1394889	S	7	0	7	0.00000
Thermosynechococcus sp. TA-1	2813673	S	4	0	4	0.00000
Thermosynechococcus elongatus	146786	S	11	3	14	0.00000
Thermosynechococcus vulcanus	32053	S	4	12	16	0.00000
Acaryochloris marina	155978	S	619	4	623	0.00004
Prochlorococcus marinus	1219	S	355	60	415	0.00003
Prochlorococcus sp. MIT 0801	1501269	S	13	8	21	0.00000
Prochlorococcus sp. MIT 0604	1501268	S	11	21	32	0.00000
Leptolyngbya sp. NIES-3755	1752064	S	58	0	58	0.00000
Leptolyngbya sp. PCC 7376	111781	S	45	1	46	0.00000
Leptolyngbya sp. O-77	1080068	S	42	13	55	0.00000
Leptolyngbya sp. BL0902	1115757	S	38	0	38	0.00000
Leptolyngbya boryana	1184	S	68	13	81	0.00001
Pseudanabaena sp. ABRG5-3	685565	S	110	1	111	0.00001
Pseudanabaena sp. PCC 7367	82654	S	75	0	75	0.00000
Chamaesiphon minutus	1173032	S	165	2	167	0.00001
Synechocystis sp. PCC 6714	1147	S	31	4	35	0.00000
Synechocystis sp. CACIAM 05	1933929	S	4	33	37	0.00000
Thermoleptolyngbya sp. PKUAC-SCTB121	2811482	S	3	25	28	0.00000
Thermoleptolyngbya sp. PKUAC-SCTA183	2737172	S	1	9	10	0.00000
Halomicronema hongdechloris	1209493	S	16	0	16	0.00000
Stanieria cyanosphaera	102116	S	48	14	62	0.00000
Stanieria sp. NIES-3757	1807358	S	48	11	59	0.00000
Pleurocapsa minor	54308	S	35	1	36	0.00000
Gloeobacter violaceus	33072	S	43	6	49	0.00000
Gloeobacter kilaueensis	1416614	S	32	4	36	0.00000
Gloeomargarita lithophora	1188228	S	81	0	81	0.00001
Chroococcidiopsis thermalis	54299	S	67	1	68	0.00000
cyanobacterium endosymbiont of Epithemia turgida	718217	S	43	3	46	0.00000
cyanobacterium endosymbiont of Rhopalodia gibberula	1763363	S	21	1	22	0.00000
Mycoplasma sp. Zaradi2	547987	S	31	0	31	0.00000
Mycoplasma sp. (ex Biomphalaria glabrata)	1749074	S	31	0	31	0.00000
Mycoplasma sp. Mirounga ES2806-NAS	754516	S	30	4	34	0.00000
Mycoplasma sp. OR1901	2742195	S	27	0	27	0.00000
Mycoplasma sp. NEAQ87857	2683967	S	25	0	25	0.00000
Mycoplasma sp. Mirounga ES2805-ORL	754514	S	22	0	22	0.00000
Mycoplasma sp. Pen4	640330	S	20	0	20	0.00000
Mycoplasma sp. 1654_15	2725994	S	17	1	18	0.00000
Mycoplasma sp. Mirounga ES2806-GEN	754515	S	9	0	9	0.00000
Mycoplasma sp. C264-NAS	2726117	S	9	0	9	0.00000
Mycoplasma sp. Phocoena C-264-GEN	754517	S	7	0	7	0.00000
Mycoplasma mycoides	2102	S	37	15	52	0.00000
Mycoplasma capricolum	2095	S	14	9	23	0.00000
Mycoplasma leachii	2105	S	2	0	2	0.00000
Mycoplasma neurolyticum	2120	S	42	0	42	0.00000
Mycoplasma conjunctivae	45361	S	42	43	85	0.00001
Mycoplasma yeatsii	51365	S	38	7	45	0.00000
Mycoplasma crocodyli	50052	S	32	0	32	0.00000
Mycoplasma hominis	2098	S	30	9	39	0.00000
Mycoplasma mobile	2118	S	27	0	27	0.00000
Mycoplasma phocicerebrale	142649	S	26	1	27	0.00000
Mycoplasma phocidae	142651	S	23	2	25	0.00000
Mycoplasma anserisalpingitidis	519450	S	22	0	22	0.00000
Mycoplasma putrefaciens	2123	S	20	3	23	0.00000
Mycoplasma canadense	29554	S	20	1	21	0.00000
Mycoplasma alkalescens	45363	S	19	1	20	0.00000
Mycoplasma cloacale	92401	S	19	0	19	0.00000
Mycoplasma nasistruthionis	353852	S	18	0	18	0.00000
Mycoplasma iowae	2116	S	18	0	18	0.00000
Mycoplasma orale	2121	S	18	0	18	0.00000
Mycoplasma genitalium	2097	S	17	-17	0	0.00000
Mycoplasma arthritidis	2111	S	17	0	17	0.00000
Mycoplasma hyosynoviae	29559	S	17	0	17	0.00000
Mycoplasma struthionis	538220	S	16	1	17	0.00000
Mycoplasma hyopneumoniae	2099	S	14	2	16	0.00000
Mycoplasma ovis	171632	S	14	0	14	0.00000
Mycoplasma gallisepticum	2096	S	13	46	59	0.00000
Mycoplasma dispar	86660	S	13	0	13	0.00000
Mycoplasma salivarium	2124	S	12	0	12	0.00000
Mycoplasma hyorhinis	2100	S	10	2	12	0.00000
Mycoplasma bovoculi	45362	S	9	0	9	0.00000
Mycoplasma anseris	92400	S	9	0	9	0.00000
Mycoplasma penetrans	28227	S	8	0	8	0.00000
Mycoplasma parvum	984991	S	7	0	7	0.00000
Mycoplasma suis	57372	S	5	0	5	0.00000
Mycoplasma flocculare	2128	S	4	1	5	0.00000
Mycoplasma haemofelis	29501	S	3	0	3	0.00000
Mycoplasma tullyi	1612150	S	3	0	3	0.00000
Candidatus Mycoplasma haemolamae	141391	S	3	0	3	0.00000
Mycoplasma wenyonii	65123	S	3	0	3	0.00000
Mycoplasma pneumoniae	2104	S	2	0	2	0.00000
Mycoplasma haemocanis	136241	S	1	0	1	0.00000
Mycoplasma gallinaceum	29556	S	35	6	41	0.00000
Mycoplasma canis	29555	S	33	1	34	0.00000
Mycoplasma citelli	171281	S	30	0	30	0.00000
Mycoplasma pulmonis	2107	S	26	0	26	0.00000
Mycoplasma bovis	28903	S	26	0	26	0.00000
Mycoplasma agalactiae	2110	S	24	0	24	0.00000
Mycoplasma bovirhinis	29553	S	24	0	24	0.00000
Mycoplasma anatis	171279	S	22	0	22	0.00000
Mycoplasma maculosum	114885	S	20	0	20	0.00000
Mycoplasma pullorum	48003	S	20	0	20	0.00000
Mycoplasma bovigenitalium	2112	S	19	0	19	0.00000
Mycoplasma phocirhinis	142650	S	19	0	19	0.00000
Mycoplasma gallopavonis	76629	S	19	1	20	0.00000
Mycoplasma glycophilum	171285	S	18	0	18	0.00000
Mycoplasma felis	33923	S	18	0	18	0.00000
Mycoplasma columbinasale	114880	S	16	0	16	0.00000
Mycoplasma cynos	171284	S	14	0	14	0.00000
Mycoplasma edwardii	53558	S	13	0	13	0.00000
Mycoplasma columbinum	114881	S	13	0	13	0.00000
Mycoplasma meleagridis	29561	S	12	0	12	0.00000
Mycoplasma synoviae	2109	S	12	0	12	0.00000
Mycoplasma arginini	2094	S	12	0	12	0.00000
Mycoplasma columborale	171282	S	10	0	10	0.00000
Mycoplasma californicum	2113	S	7	0	7	0.00000
Ureaplasma parvum	134821	S	24	2	26	0.00000
Ureaplasma diversum	42094	S	12	0	12	0.00000
Ureaplasma urealyticum	2130	S	11	0	11	0.00000
Candidatus Hepatoplasma crinochetorum	295596	S	15	0	15	0.00000
Spiroplasma sp. BIUS-1	216964	S	22	1	23	0.00000
Spiroplasma sp. TIUS-1	216963	S	8	0	8	0.00000
Spiroplasma monobiae	2136	S	47	3	50	0.00000
Spiroplasma corruscae	216934	S	46	2	48	0.00000
Spiroplasma culicicola	216935	S	43	1	44	0.00000
Spiroplasma floricola	216937	S	41	1	42	0.00000
Spiroplasma taiwanense	2145	S	39	1	40	0.00000
Spiroplasma turonicum	216946	S	34	1	35	0.00000
Spiroplasma cantharicola	362837	S	33	1	34	0.00000
Spiroplasma chinense	216932	S	33	1	34	0.00000
Spiroplasma tabanidicola	324079	S	32	1	33	0.00000
Spiroplasma poulsonii	2138	S	31	1	32	0.00000
Spiroplasma alleghenense	216931	S	30	2	32	0.00000
Spiroplasma gladiatoris	2143	S	28	1	29	0.00000
Spiroplasma chrysopicola	216933	S	25	1	26	0.00000
Spiroplasma citri	2133	S	23	37	60	0.00000
Spiroplasma litorale	216942	S	23	1	24	0.00000
Spiroplasma kunkelii	47834	S	21	16	37	0.00000
Spiroplasma melliferum	2134	S	20	22	42	0.00000
Spiroplasma diminutum	216936	S	20	1	21	0.00000
Spiroplasma clarkii	2139	S	19	0	19	0.00000
Spiroplasma helicoides	216938	S	17	0	17	0.00000
Spiroplasma syrphidicola	216945	S	14	0	14	0.00000
Spiroplasma sabaudiense	216944	S	13	1	14	0.00000
Spiroplasma eriocheiris	315358	S	13	0	13	0.00000
Spiroplasma apis	2137	S	12	0	12	0.00000
Spiroplasma phoeniceum	47835	S	6	5	11	0.00000
Mesoplasma florum	2151	S	59	14	73	0.00000
Mesoplasma chauliocola	216427	S	30	4	34	0.00000
Mesoplasma tabanidae	219745	S	28	6	34	0.00000
Mesoplasma coleopterae	324078	S	18	10	28	0.00000
Mesoplasma lactucae	138853	S	14	0	14	0.00000
Mesoplasma syrphidae	225999	S	14	1	15	0.00000
Mesoplasma entomophilum	2149	S	3	1	4	0.00000
Entomoplasma luminosum	214888	S	16	0	16	0.00000
Entomoplasma somnilux	215578	S	10	0	10	0.00000
Entomoplasma melaleucae	81459	S	7	0	7	0.00000
Entomoplasma freundtii	74700	S	2	0	2	0.00000
Acholeplasma axanthum	29552	S	33	2	35	0.00000
Acholeplasma laidlawii	2148	S	32	0	32	0.00000
Acholeplasma hippikon	264636	S	26	0	26	0.00000
Acholeplasma palmae	38986	S	25	0	25	0.00000
Acholeplasma brassicae	61635	S	19	0	19	0.00000
Candidatus Phytoplasma australiense	59748	S	18	0	18	0.00000
Candidatus Phytoplasma solani	69896	S	15	0	15	0.00000
Aster yellows witches'-broom phytoplasma	229545	S	6	0	6	0.00000
'Brassica napus' phytoplasma	469009	S	3	0	3	0.00000
'Catharanthus roseus' aster yellows phytoplasma	1193712	S	2	3	5	0.00000
Candidatus Phytoplasma ziziphi	135727	S	12	0	12	0.00000
Candidatus Phytoplasma mali	37692	S	12	0	12	0.00000
Candidatus Phytoplasma luffae	35773	S	10	0	10	0.00000
Peanut witches'-broom phytoplasma	35772	S	1	0	1	0.00000
Candidatus Izimaplasma sp. HR1	1541959	S	34	0	34	0.00000
Deinococcus sp. S14-83	2489213	S	51	0	51	0.00000
Deinococcus sp. AJ005	2652443	S	46	1	47	0.00000
Deinococcus sp. NW-56	2080419	S	45	3	48	0.00000
Deinococcus sp. D7000	2755035	S	14	1	15	0.00000
Deinococcus actinosclerus	1768108	S	106	32	138	0.00001
Deinococcus gobiensis	502394	S	64	2	66	0.00000
Deinococcus geothermalis	68909	S	62	8	70	0.00000
Deinococcus ficus	317577	S	53	1	54	0.00000
Deinococcus peraridilitoris	432329	S	53	0	53	0.00000
Deinococcus irradiatisoli	2202254	S	48	1	49	0.00000
Deinococcus maricopensis	309887	S	42	1	43	0.00000
Deinococcus wulumuqiensis	980427	S	35	6	41	0.00000
Deinococcus proteolyticus	55148	S	35	2	37	0.00000
Deinococcus soli Cha et al. 2016	1309411	S	33	17	50	0.00000
Deinococcus swuensis	1182571	S	30	2	32	0.00000
Deinococcus deserti	310783	S	27	0	27	0.00000
Deinococcus puniceus	1182568	S	24	0	24	0.00000
Deinococcus radiodurans	1299	S	21	3	24	0.00000
Deinococcus metallilatus	1211322	S	19	1	20	0.00000
Thermus scotoductus	37636	S	94	28	122	0.00001
Thermus thermophilus	274	S	25	18	43	0.00000
Thermus caldilimi	2483360	S	22	3	25	0.00000
Thermus brockianus	56956	S	16	1	17	0.00000
Thermus oshimai	56957	S	13	2	15	0.00000
Thermus sp. CCB_US3_UF1	1111069	S	9	0	9	0.00000
Thermus aquaticus	271	S	5	0	5	0.00000
Thermus parvatiensis	456163	S	2	9	11	0.00000
Meiothermus silvanus	52022	S	31	3	34	0.00000
Meiothermus taiwanensis	172827	S	21	6	27	0.00000
Meiothermus ruber	277	S	19	5	24	0.00000
Oceanithermus profundus	187137	S	38	1	39	0.00000
Marinithermus hydrothermalis	186192	S	21	2	23	0.00000
Truepera radiovictrix	332249	S	61	1	62	0.00000
Roseiflexus sp. RS-1	357808	S	36	3	39	0.00000
Roseiflexus castenholzii	120962	S	32	2	34	0.00000
Chloroflexus aggregans	152260	S	27	9	36	0.00000
Chloroflexus aurantiacus	1108	S	17	-17	0	0.00000
Anaerolinea thermophila	167964	S	25	9	34	0.00000
Anaerolinea sp. 'rifampicinis'	2710758	S	25	0	25	0.00000
Brevefilum fermentans	1986204	S	34	0	34	0.00000
Pelolinea submarina	913107	S	25	4	29	0.00000
Candidatus Promineofilum breve	1806508	S	111	0	111	0.00001
Sphaerobacter thermophilus	2057	S	58	0	58	0.00000
Thermomicrobium roseum	500	S	17	0	17	0.00000
Dehalococcoides mccartyi	61435	S	38	5	43	0.00000
Dehalococcoides sp. UCH007	1522671	S	1	0	1	0.00000
Dehalogenimonas lykanthroporepellens	552810	S	13	5	18	0.00000
Dehalogenimonas formicexedens	1839801	S	7	3	10	0.00000
Dehalogenimonas sp. GP	1536648	S	2	0	2	0.00000
Tepidiforma bonchosmolovskayae	2601677	S	48	0	48	0.00000
Ktedonosporobacter rubrisoli	2509675	S	43	0	43	0.00000
Caldilinea aerophila	133453	S	30	0	30	0.00000
Thermobaculum terrenum	166501	S	14	0	14	0.00000
Fimbriimonas ginsengisoli	1005039	S	41	0	41	0.00000
Chthonomonas calidirosea	454171	S	18	0	18	0.00000
Flavobacterium sp. SLB02	2665645	S	307	80	387	0.00003
Flavobacterium sp. KBS0721	1179672	S	287	100	387	0.00003
Flavobacterium sp. M31R6	2739062	S	279	35	314	0.00002
Flavobacterium sp. MDT1-60	1979344	S	250	47	297	0.00002
Flavobacterium sp. Sr18	935222	S	248	27	275	0.00002
Flavobacterium sp. CLA17	2724135	S	223	35	258	0.00002
Flavobacterium sp. HYN0086	2249356	S	219	66	285	0.00002
Flavobacterium sp. 140616W15	2478552	S	215	36	251	0.00002
Flavobacterium sp. BB8	2816357	S	164	33	197	0.00001
Flavobacterium sp. LPB0248	2614441	S	137	85	222	0.00001
Flavobacterium sp. I3-2	2748319	S	136	101	237	0.00002
Flavobacterium sp. P2-65	2748320	S	90	8	98	0.00001
Flavobacterium sp. CJ74	2294119	S	83	3	86	0.00001
Flavobacterium sp. xlx-214	2654325	S	82	8	90	0.00001
Flavobacterium sp. CS20	2775246	S	72	20	92	0.00001
Flavobacterium psychrophilum	96345	S	741	200	941	0.00006
Flavobacterium nackdongense	2547394	S	466	26	492	0.00003
Flavobacterium johnsoniae	986	S	331	113	444	0.00003
Flavobacterium columnare	996	S	278	53	331	0.00002
Flavobacterium sangjuense	2518177	S	240	12	252	0.00002
Flavobacterium branchiophilum	55197	S	231	12	243	0.00002
Flavobacterium commune	1306519	S	215	21	236	0.00002
Flavobacterium gilvum	1492737	S	188	19	207	0.00001
Flavobacterium indicum	312277	S	175	12	187	0.00001
Flavobacterium anhuiense	459526	S	173	76	249	0.00002
Flavobacterium faecale	1355330	S	173	14	187	0.00001
Flavobacterium crocinum	2183896	S	164	51	215	0.00001
Flavobacterium haoranii	683124	S	163	39	202	0.00001
Flavobacterium crassostreae	1763534	S	128	21	149	0.00001
Flavobacterium nitrogenifigens	1617283	S	125	73	198	0.00001
Flavobacterium sediminis	2201181	S	109	61	170	0.00001
Flavobacterium arcticum	1784713	S	70	3	73	0.00000
Flavobacterium album	2175091	S	64	2	66	0.00000
Flavobacterium pallidum	2172098	S	55	3	58	0.00000
Flavobacterium alkalisoli	2602769	S	52	2	54	0.00000
Flavobacterium kingsejongi	1678728	S	45	4	49	0.00000
Flavobacterium magnum	2162713	S	42	3	45	0.00000
Polaribacter sp. SA4-10	754397	S	135	11	146	0.00001
Polaribacter sp. Hel1_33_78	1336804	S	111	10	121	0.00001
Polaribacter sp. ALD11	2058137	S	93	15	108	0.00001
Polaribacter sp. KT25b	1855336	S	92	8	100	0.00001
Polaribacter sp. SM13	2818493	S	90	8	98	0.00001
Polaribacter sp. G4M1	2808900	S	78	6	84	0.00001
Polaribacter sp. L3A8	2686361	S	69	9	78	0.00001
Polaribacter sp. L12M9	2738844	S	69	31	100	0.00001
Polaribacter sp. MED152	313598	S	68	5	73	0.00000
Polaribacter sp. SA4-12	1312072	S	58	6	64	0.00000
Polaribacter sp. BM10	1529069	S	45	57	102	0.00001
Polaribacter sp. KT 15	1896175	S	45	62	107	0.00001
Polaribacter reichenbachii	996801	S	110	7	117	0.00001
Polaribacter sejongensis	985043	S	100	8	108	0.00001
Polaribacter vadi	1774273	S	99	8	107	0.00001
Polaribacter haliotis	1888915	S	68	31	99	0.00001
Tenacibaculum sp. SZ-18	754423	S	105	5	110	0.00001
Tenacibaculum sp. DSM 106434	2358479	S	92	29	121	0.00001
Tenacibaculum jejuense	584609	S	102	4	106	0.00001
Tenacibaculum todarodis	1850252	S	94	20	114	0.00001
Tenacibaculum maritimum	107401	S	90	11	101	0.00001
Tenacibaculum dicentrarchi	669041	S	66	12	78	0.00001
Tenacibaculum mesophilum	104268	S	54	20	74	0.00000
Capnocytophaga sp. oral taxon 878	1316596	S	26	5	31	0.00000
Capnocytophaga sp. oral taxon 864	1316593	S	20	17	37	0.00000
Capnocytophaga sp. oral taxon 323	1705617	S	19	20	39	0.00000
Capnocytophaga sp. FDAARGOS_737	2545799	S	18	6	24	0.00000
Capnocytophaga sp. H2931	1945657	S	15	25	40	0.00000
Capnocytophaga sp. oral taxon 902	2748316	S	4	3	7	0.00000
Capnocytophaga sp. H4358	1945658	S	2	3	5	0.00000
Capnocytophaga sputigena	1019	S	98	18	116	0.00001
Capnocytophaga canimorsus	28188	S	62	10	72	0.00000
Capnocytophaga gingivalis	1017	S	61	3	64	0.00000
Capnocytophaga stomatis	1848904	S	52	6	58	0.00000
Capnocytophaga cynodegmi	28189	S	32	5	37	0.00000
Capnocytophaga leadbetteri	327575	S	29	10	39	0.00000
Capnocytophaga ochracea	1018	S	26	24	50	0.00000
Capnocytophaga endodontalis	2708117	S	21	6	27	0.00000
Capnocytophaga haemolytica	45243	S	14	0	14	0.00000
Myroides odoratimimus	76832	S	228	298	526	0.00003
Myroides odoratus	256	S	107	7	114	0.00001
Myroides phaeus	702745	S	86	29	115	0.00001
Myroides fluvii	2572594	S	63	5	68	0.00000
Myroides profundi	480520	S	39	4	43	0.00000
Myroides sp. A21	1583100	S	14	13	27	0.00000
Myroides sp. ZB35	1458492	S	3	3	6	0.00000
Winogradskyella sp. PG-2	754409	S	87	6	93	0.00001
Winogradskyella sp. J14-2	1936080	S	51	3	54	0.00000
Winogradskyella sp. PC-19	754417	S	44	11	55	0.00000
Winogradskyella forsetii	2686077	S	114	36	150	0.00001
Winogradskyella helgolandensis	2697010	S	83	12	95	0.00001
Winogradskyella sediminis	1382466	S	59	15	74	0.00000
Winogradskyella schleiferi	2686078	S	57	29	86	0.00001
Maribacter sp. T28	1836467	S	144	7	151	0.00001
Maribacter sp. HTCC2170	313603	S	60	1	61	0.00000
Maribacter sp. MJ134	2496865	S	38	1	39	0.00000
Maribacter sp. 1_2014MBL_MicDiv	1644130	S	21	29	50	0.00000
Maribacter cobaltidurans	1178778	S	47	31	78	0.00001
Maribacter dokdonensis	320912	S	26	35	61	0.00000
Formosa sp. Hel1_31_208	1798225	S	77	5	82	0.00001
Formosa sp. Hel1_33_131	1336794	S	61	4	65	0.00000
Formosa sp. Hel3_A1_48	1336795	S	55	13	68	0.00000
Formosa sp. L2A11	2686363	S	48	13	61	0.00000
Formosa sediminum	2594004	S	71	15	86	0.00001
Formosa agariphila	320324	S	55	13	68	0.00000
Cellulophaga baltica	76594	S	148	19	167	0.00001
Cellulophaga algicola	59600	S	84	11	95	0.00001
Cellulophaga lytica	979	S	75	10	85	0.00001
Cellulophaga sp. L1A9	2686362	S	53	15	68	0.00000
Nonlabens sp. Ci31	2608253	S	47	4	51	0.00000
Nonlabens sp. MB-3u-79	2058134	S	32	3	35	0.00000
Nonlabens sp. Hel1_33_55	1336802	S	26	1	27	0.00000
Nonlabens sp. MIC269	1476901	S	12	40	52	0.00000
Nonlabens sp. SY33080	2719911	S	11	20	31	0.00000
Nonlabens ponticola	2496866	S	51	2	53	0.00000
Nonlabens spongiae	331648	S	50	12	62	0.00000
Nonlabens dokdonensis	328515	S	39	3	42	0.00000
Nonlabens marinus	930802	S	19	2	21	0.00000
Nonlabens sediminis	319236	S	2	6	8	0.00000
Aquimarina sp. AD10	1714849	S	108	5	113	0.00001
Aquimarina sp. BL5	1714860	S	87	9	96	0.00001
Aquimarina sp. AD1	1714848	S	79	9	88	0.00001
Aquimarina sp. TRL1	2736252	S	49	2	51	0.00000
Algibacter sp. L1A34	2686365	S	111	26	137	0.00001
Algibacter sp. L3A6	2686366	S	109	29	138	0.00001
Algibacter alginicilyticus	1736674	S	85	15	100	0.00001
Lacinutrix sp. 5H-3-7-4	983544	S	93	29	122	0.00001
Lacinutrix sp. Bg11-31	2057808	S	63	7	70	0.00000
Lacinutrix sp. WUR7	2653681	S	61	8	69	0.00000
Lacinutrix venerupis	1486034	S	72	11	83	0.00001
Kordia sp. SMS9	2282170	S	103	2	105	0.00001
Kordia antarctica	1218801	S	93	3	96	0.00001
Gramella sp. MAR_2010_147	1250205	S	39	5	44	0.00000
Gramella echinicola	279359	S	36	4	40	0.00000
Gramella fulva	2126553	S	34	3	37	0.00000
Gramella forsetii	411153	S	33	7	40	0.00000
Gramella flava	1486245	S	21	6	27	0.00000
Gramella salexigens	1913577	S	15	1	16	0.00000
Salegentibacter sp. T436	1729720	S	81	59	140	0.00001
Salegentibacter salegens	143223	S	57	5	62	0.00000
Dokdonia sp. MED134	313590	S	29	20	49	0.00000
Dokdonia sp. PRO95	1239415	S	28	5	33	0.00000
Dokdonia sp. 4H-3-7-5	983548	S	21	8	29	0.00000
Dokdonia sp. Dokd-P16	2173169	S	18	5	23	0.00000
Dokdonia donghaensis	326320	S	6	4	10	0.00000
Aequorivita sp. KX20305	2803865	S	47	4	51	0.00000
Aequorivita sp. H23M31	2494375	S	35	0	35	0.00000
Aequorivita sublithincola	101385	S	52	3	55	0.00000
Olleya aquimaris	639310	S	86	30	116	0.00001
Olleya sp. Bg11-27	2058135	S	45	49	94	0.00001
Antarcticibacterium flavum	2058175	S	78	10	88	0.00001
Antarcticibacterium arcticum	2585771	S	49	3	52	0.00000
Psychroflexus torquis	57029	S	64	1	65	0.00000
Psychroflexus sp. ALD_RP9	2777186	S	52	2	54	0.00000
Amniculibacterium sp. G2-70	2767188	S	105	50	155	0.00001
Changchengzhania lutea	2049305	S	103	6	109	0.00001
Mesoflavibacter profundi	2708110	S	2	88	90	0.00001
Croceibacter atlanticus	313588	S	95	13	108	0.00001
Zunongwangia profunda	398743	S	94	73	167	0.00001
Urechidicola croceus	1850246	S	93	47	140	0.00001
Lutibacter profundi	1622118	S	89	3	92	0.00001
Muricauda ruestringensis	111501	S	33	1	34	0.00000
Muricauda lutaonensis	516051	S	26	1	27	0.00000
Muricauda sp. 501str8	2698672	S	25	11	36	0.00000
Seonamhaeicola sp. S2-3	1936081	S	84	10	94	0.00001
Mariniflexile sp. TRM1-10	2027857	S	82	3	85	0.00001
Zobellia galactanivorans	63186	S	77	2	79	0.00001
Tamlana carrageenivorans	2069432	S	33	9	42	0.00000
Tamlana sp. s12	1630406	S	30	9	39	0.00000
Gillisia sp. Hel1_33_143	1336796	S	74	20	94	0.00001
Galbibacter sp. BG1	1170699	S	72	5	77	0.00001
Flavivirga eckloniae	1803846	S	70	3	73	0.00000
Costertonia aggregata	343403	S	67	8	75	0.00000
Siansivirga zeaxanthinifaciens	762954	S	63	8	71	0.00000
Wenyingzhuangia fucanilytica	1790137	S	61	6	67	0.00000
Euzebyella marina	1761453	S	59	32	91	0.00001
Oceanihabitans sp. IOP_32	2529032	S	53	17	70	0.00000
Arenibacter algicola	616991	S	48	3	51	0.00000
Flagellimonas maritima	1383885	S	46	1	47	0.00000
Psychroserpens sp. NJDZ02	2570561	S	44	53	97	0.00001
Leeuwenhoekiella sp. ZYFB001	2719912	S	42	6	48	0.00000
Gilvibacter sp. SZ-19	754429	S	34	3	37	0.00000
Sediminicola sp. YIK13	1453352	S	25	1	26	0.00000
Robiginitalea biformata	252307	S	24	1	25	0.00000
Aureitalea sp. RR4-38	2094025	S	20	0	20	0.00000
Muriicola sp. MMS17-SY002	2507538	S	18	0	18	0.00000
Altibacter sp. ALE3EI	2562285	S	16	0	16	0.00000
Chryseobacterium sp. SNU WT5	2594269	S	182	36	218	0.00001
Chryseobacterium sp. NBC 122	2547600	S	166	9	175	0.00001
Chryseobacterium sp. NEB161	2724619	S	131	86	217	0.00001
Chryseobacterium sp. POL2	2713414	S	128	40	168	0.00001
Chryseobacterium sp. 3008163	2478663	S	106	11	117	0.00001
Chryseobacterium sp. T16E-39	2015076	S	95	6	101	0.00001
Chryseobacterium sp. IHB B 17019	1721091	S	92	7	99	0.00001
Chryseobacterium sp. 6424	2039166	S	91	13	104	0.00001
Chryseobacterium sp. G0201	2487065	S	80	14	94	0.00001
Chryseobacterium sp. StRB126	878220	S	75	12	87	0.00001
Chryseobacterium sp. JV274	1932669	S	58	9	67	0.00000
Chryseobacterium sp. G0162	2487063	S	48	37	85	0.00001
Chryseobacterium sp. cx-624	2758037	S	47	8	55	0.00000
Chryseobacterium sp. G0186	2487064	S	40	18	58	0.00000
Chryseobacterium sp.	1871047	S	23	7	30	0.00000
Chryseobacterium indoltheticum	254	S	269	31	300	0.00002
Chryseobacterium aureum	2497456	S	248	26	274	0.00002
Chryseobacterium indologenes	253	S	236	64	300	0.00002
Chryseobacterium shandongense	1493872	S	174	72	246	0.00002
Chryseobacterium manosquense	2754694	S	131	247	378	0.00002
Chryseobacterium gallinarum	1324352	S	103	21	124	0.00001
Chryseobacterium joostei	112234	S	102	26	128	0.00001
Chryseobacterium gleum	250	S	91	79	170	0.00001
Chryseobacterium bernardetii	1241978	S	86	99	185	0.00001
Chryseobacterium glaciei	1685010	S	81	9	90	0.00001
Chryseobacterium balustinum	246	S	80	15	95	0.00001
Chryseobacterium cucumeris	1813611	S	75	9	84	0.00001
Chryseobacterium piperi	558152	S	75	3	78	0.00001
Chryseobacterium camelliae	1265445	S	67	30	97	0.00001
Chryseobacterium carnipullorum	1124835	S	67	16	83	0.00001
Chryseobacterium arthrosphaerae	651561	S	63	28	91	0.00001
Chryseobacterium nakagawai	1241982	S	61	64	125	0.00001
Chryseobacterium taihuense	1141221	S	1	175	176	0.00001
Kaistella jeonii	266749	S	629	30	659	0.00004
Kaistella flava (ex Peng et al. 2021)	2038776	S	334	34	368	0.00002
Kaistella carnis	1241979	S	185	36	221	0.00001
Kaistella antarctica	266748	S	148	10	158	0.00001
Kaistella daneshvariae	2487074	S	95	4	99	0.00001
Chryseobacterium haifense	421525	S	56	89	145	0.00001
Epilithonimonas vandammei	2487072	S	219	216	435	0.00003
Chryseobacterium lactis	1241981	S	41	33	74	0.00000
Chryseobacterium taklimakanense	536441	S	78	27	105	0.00001
Cloacibacterium normanense	237258	S	1186	137	1323	0.00009
Elizabethkingia sp. JS20170427COW	2583851	S	73	4	77	0.00001
Elizabethkingia sp. 2-6	2575699	S	39	54	93	0.00001
Elizabethkingia sp. M8	2796140	S	14	29	43	0.00000
Elizabethkingia anophelis	1117645	S	93	94	187	0.00001
Elizabethkingia bruuniana	1756149	S	66	125	191	0.00001
Elizabethkingia meningoseptica	238	S	63	1	64	0.00000
Elizabethkingia miricola	172045	S	48	18	66	0.00000
Elizabethkingia ursingii	1756150	S	16	1	17	0.00000
Empedobacter brevis	247	S	120	29	149	0.00001
Empedobacter falsenii	343874	S	105	44	149	0.00001
Empedobacter stercoris	1628248	S	87	17	104	0.00001
Apibacter sp. B3706	2656760	S	20	25	45	0.00000
Apibacter sp. B2966	2656761	S	14	17	31	0.00000
Apibacter raozihei	2500547	S	54	0	54	0.00000
Riemerella anatipestifer	34085	S	103	77	180	0.00001
Ornithobacterium rhinotracheale	28251	S	63	18	81	0.00001
Weeksella virosa	1014	S	49	14	63	0.00000
Bergeyella cardium	1585976	S	30	2	32	0.00000
Cruoricaptor ignavus	1118202	S	15	1	16	0.00000
Blattabacterium cuenoti	1653831	S	635	78	713	0.00005
Blattabacterium sp. DPU	2715232	S	24	3	27	0.00000
Blattabacterium sp. (Mastotermes darwiniensis)	39768	S	22	0	22	0.00000
Blattabacterium sp. (Blaberus giganteus)	1186051	S	12	2	14	0.00000
Blattabacterium sp. (Blattella germanica)	624186	S	9	1	10	0.00000
Blattabacterium sp. (Nauphoeta cinerea)	1316444	S	9	2	11	0.00000
Blattabacterium sp. (Cryptocercus kyebangensis)	298656	S	8	1	9	0.00000
Blattabacterium sp. (Blatta orientalis)	367806	S	5	8	13	0.00000
Blattabacterium punctulatus	164514	S	15	6	21	0.00000
Blattabacterium clevelandi	164516	S	6	3	9	0.00000
Fluviicola taffensis	191579	S	110	3	113	0.00001
Candidatus Sulcia muelleri	336810	S	71	4	75	0.00000
Candidatus Walczuchella monophlebidarum	1415657	S	10	0	10	0.00000
Croceimicrobium hydrocarbonivorans	2761580	S	40	4	44	0.00000
Owenweeksia hongkongensis	253245	S	36	0	36	0.00000
Ichthyobacterium seriolicida	242600	S	45	0	45	0.00000
Spirosoma sp. KUDC1026	2745947	S	2305	72	2377	0.00016
Spirosoma sp. KCTC 42546	2520506	S	128	4	132	0.00001
Spirosoma sp. PL0136	2710596	S	94	3	97	0.00001
Spirosoma sp. CJU-R4	2728024	S	61	1	62	0.00000
Spirosoma pollinicola	2057025	S	180	5	185	0.00001
Spirosoma montaniterrae	1178516	S	109	1	110	0.00001
Spirosoma radiotolerans	1379870	S	78	2	80	0.00001
Spirosoma aerolatum	1211326	S	66	1	67	0.00000
Spirosoma endbachense	2666025	S	54	17	71	0.00000
Spirosoma taeanense	2735870	S	52	1	53	0.00000
Spirosoma aureum	2692134	S	39	15	54	0.00000
Spirosoma rigui	564064	S	37	1	38	0.00000
Runella sp. SP2	2268026	S	111	4	115	0.00001
Runella sp. HYN0085	2259595	S	104	9	113	0.00001
Runella slithyformis	106	S	136	8	144	0.00001
Fibrella aestuarina	651143	S	86	4	90	0.00001
Fibrella sp. ES10-3-2-2	1834519	S	60	3	63	0.00000
Rhodocytophaga rosea	2704465	S	132	1	133	0.00001
Aquirufa nivalisilvae	2516557	S	110	6	116	0.00001
Arcticibacterium luteifluviistationis	1784714	S	101	4	105	0.00001
Dyadobacter fermentans	94254	S	65	2	67	0.00000
Dyadobacter sp. Q3-56	2747268	S	33	1	34	0.00000
Cytophaga hutchinsonii	985	S	86	2	88	0.00001
Leadbetterella byssophila	316068	S	64	19	83	0.00001
Hymenobacter sp. APR13	1356852	S	151	51	202	0.00001
Hymenobacter sp. S2-20-2	2761579	S	125	6	131	0.00001
Hymenobacter sp. PAMC 26554	1484116	S	103	2	105	0.00001
Hymenobacter sp. PAMC 26628	1484118	S	102	5	107	0.00001
Hymenobacter sp. DG01	2584940	S	78	22	100	0.00001
Hymenobacter sp. NBH84	2596915	S	77	5	82	0.00001
Hymenobacter sp. BRD128	2675878	S	71	2	73	0.00000
Hymenobacter sp. HDW8	2714932	S	70	96	166	0.00001
Hymenobacter sp. TS19	2735321	S	60	2	62	0.00000
Hymenobacter sp. DG25B	1385664	S	51	9	60	0.00000
Hymenobacter sp. BRD67	2675877	S	37	9	46	0.00000
Hymenobacter sp. DG25A	1385663	S	23	4	27	0.00000
Hymenobacter sedentarius	1411621	S	235	6	241	0.00002
Hymenobacter qilianensis	1385715	S	169	9	178	0.00001
Hymenobacter nivis	1850093	S	92	5	97	0.00001
Hymenobacter busanensis	2607656	S	83	2	85	0.00001
Hymenobacter swuensis	1446467	S	75	4	79	0.00001
Hymenobacter radiodurans	2496028	S	71	106	177	0.00001
Hymenobacter baengnokdamensis	2615203	S	70	21	91	0.00001
Hymenobacter jejuensis	2502781	S	65	1	66	0.00000
Hymenobacter russus	2724192	S	64	2	66	0.00000
Hymenobacter oligotrophus	2319843	S	36	1	37	0.00000
Pontibacter actiniarum	323450	S	45	10	55	0.00000
Pontibacter russatus	2694929	S	39	1	40	0.00000
Pontibacter akesuensis	388950	S	37	3	40	0.00000
Pontibacter sp. SGAir0037	2571030	S	33	6	39	0.00000
Pontibacter pudoricolor	2694930	S	30	1	31	0.00000
Pontibacter korlensis	400092	S	28	2	30	0.00000
Adhaeribacter swui	2086471	S	90	4	94	0.00001
Adhaeribacter radiodurans	2745197	S	62	2	64	0.00000
Rufibacter tibetensis	512763	S	35	2	37	0.00000
Rufibacter sp. DG15C	1379909	S	28	8	36	0.00000
Rufibacter radiotolerans	1379910	S	20	0	20	0.00000
Nibribacter ruber	2698458	S	27	8	35	0.00000
Echinicola sp. 20G	2781961	S	47	1	48	0.00000
Echinicola sp. LN3S3	2591634	S	27	0	27	0.00000
Echinicola vietnamensis	390884	S	48	13	61	0.00000
Echinicola strongylocentroti	1795355	S	34	2	36	0.00000
Echinicola rosea	1807691	S	17	3	20	0.00000
Algoriphagus machipongonensis	388413	S	78	5	83	0.00001
Algoriphagus sp. Y33	2772483	S	42	2	44	0.00000
Algoriphagus sanaruensis	1727163	S	32	2	34	0.00000
Cyclobacterium amurskyense	320787	S	60	10	70	0.00000
Cyclobacterium marinum	104	S	38	10	48	0.00000
Aquiflexum balticum	280473	S	75	3	78	0.00001
Belliella baltica	232259	S	68	11	79	0.00001
Flammeovirga pectinis	2494373	S	131	7	138	0.00001
Flammeovirga sp. MY04	1191459	S	99	3	102	0.00001
Chryseolinea soli	2321403	S	75	0	75	0.00000
Fulvivirga sp. S481	2810512	S	64	1	65	0.00000
Bernardetia litoralis	999	S	124	2	126	0.00001
Marivirga tractuosa	1006	S	109	18	127	0.00001
Cardinium endosymbiont of Sogatella furcifera	650378	S	18	2	20	0.00000
Cardinium endosymbiont of Encarsia pergandiella	249402	S	10	1	11	0.00000
Candidatus Cardinium hertigii	247481	S	11	0	11	0.00000
Candidatus Amoebophilus asiaticus	281120	S	27	0	27	0.00000
Roseivirga pacifica	1267423	S	50	0	50	0.00000
Pedobacter sp. SW-16	2766984	S	888	181	1069	0.00007
Pedobacter sp. G11	2482728	S	741	94	835	0.00006
Pedobacter sp. HDW13	2714940	S	703	88	791	0.00005
Pedobacter sp. JBR3-12	2789740	S	432	26	458	0.00003
Pedobacter sp. KBS0701	2578106	S	400	97	497	0.00003
Pedobacter sp. CJ43	2605747	S	181	3	184	0.00001
Pedobacter sp. eg	2201271	S	136	7	143	0.00001
Pedobacter sp. PACM 27299	1727164	S	110	10	120	0.00001
Pedobacter sp.	1411316	S	12	0	12	0.00000
Pedobacter roseus	336820	S	494	144	638	0.00004
Pedobacter suwonensis	332999	S	331	68	399	0.00003
Pedobacter cryoconitis	188932	S	175	7	182	0.00001
Pedobacter heparinus	984	S	149	7	156	0.00001
Pedobacter ginsengisoli	363852	S	144	9	153	0.00001
Pedobacter steynii	430522	S	90	5	95	0.00001
Sphingobacterium sp. ML3W	1538644	S	91	11	102	0.00001
Sphingobacterium sp. UDSM-2020	2795738	S	87	13	100	0.00001
Sphingobacterium sp. DR205	2713573	S	57	1	58	0.00000
Sphingobacterium sp. dk4302	2662364	S	56	1	57	0.00000
Sphingobacterium sp. CZ-2	2557994	S	46	6	52	0.00000
Sphingobacterium sp. G1-14	2003121	S	25	66	91	0.00001
Sphingobacterium sp. 21	743722	S	10	34	44	0.00000
Sphingobacterium sp. B29	1933220	S	10	16	26	0.00000
Sphingobacterium multivorum	28454	S	137	164	301	0.00002
Sphingobacterium spiritivorum	258	S	122	52	174	0.00001
Sphingobacterium daejeonense	371142	S	67	9	76	0.00001
Sphingobacterium psychroaquaticum	561061	S	63	4	67	0.00000
Sphingobacterium hotanense	649196	S	58	8	66	0.00000
Sphingobacterium thalpophilum	259	S	39	28	67	0.00000
Sphingobacterium mizutaii	1010	S	36	2	38	0.00000
Sphingobacterium lactis	797291	S	18	9	27	0.00000
Sphingobacterium siyangense	459529	S	13	29	42	0.00000
Mucilaginibacter sp. F39-2	2728022	S	98	0	98	0.00001
Mucilaginibacter sp. 14171R-50	2703789	S	61	0	61	0.00000
Mucilaginibacter ginsenosidivorax	862126	S	89	0	89	0.00001
Mucilaginibacter gotjawali	1550579	S	86	0	86	0.00001
Mucilaginibacter paludis	423351	S	83	0	83	0.00001
Mucilaginibacter mali	2740462	S	70	0	70	0.00000
Mucilaginibacter celer	2305508	S	67	0	67	0.00000
Mucilaginibacter rubeus	2027860	S	66	144	210	0.00001
Mucilaginibacter mallensis	652787	S	62	0	62	0.00000
Mucilaginibacter xinganensis	1234841	S	54	0	54	0.00000
Mucilaginibacter gossypii	551996	S	50	30	80	0.00001
Mucilaginibacter ginkgonis	2682091	S	49	0	49	0.00000
Mucilaginibacter ginsenosidivorans	398053	S	44	0	44	0.00000
Solitalea canadensis	995	S	102	1	103	0.00001
Olivibacter sp. SDN3	2764720	S	54	4	58	0.00000
Olivibacter sp. LS-1	2592345	S	34	108	142	0.00001
Pseudopedobacter saltans	151895	S	70	28	98	0.00001
Anseongella ginsenosidimutans	496056	S	32	0	32	0.00000
Chitinophaga sp. XS-30	2604421	S	89	3	92	0.00001
Chitinophaga sp. MD30	2033437	S	86	3	89	0.00001
Chitinophaga sp. 1310	2725416	S	9	101	110	0.00001
Chitinophaga sp. 1303	2725414	S	4	47	51	0.00000
Chitinophaga pinensis	79329	S	165	17	182	0.00001
Chitinophaga agri	2703787	S	76	14	90	0.00001
Chitinophaga caeni	2029983	S	62	5	67	0.00000
Chitinophaga alhagiae	2203219	S	29	0	29	0.00000
Arachidicoccus sp. B3-10	2545455	S	166	4	170	0.00001
Arachidicoccus sp. BS20	1850526	S	100	21	121	0.00001
Arachidicoccus soli	2341117	S	143	11	154	0.00001
Arachidicoccus ginsenosidivorans	496057	S	85	6	91	0.00001
Pseudobacter ginsenosidimutans	661488	S	432	29	461	0.00003
Paraflavitalea soli	2315862	S	296	18	314	0.00002
Lacibacter sp. S13-6-6	2760713	S	279	7	286	0.00002
Flavisolibacter tropicus	1492898	S	138	15	153	0.00001
Flavisolibacter ginsenosidimutans	661481	S	135	5	140	0.00001
Panacibacter ginsenosidivorans	1813871	S	269	6	275	0.00002
Niabella soli	446683	S	96	7	103	0.00001
Niabella ginsenosidivorans	1176587	S	92	5	97	0.00001
Filimonas lacunae	477680	S	152	14	166	0.00001
Flavihumibacter sp. SB-02	2676868	S	137	10	147	0.00001
Niastella koreensis	354356	S	123	10	133	0.00001
Pseudocnuella soli	2502779	S	99	8	107	0.00001
Bacteroides sp. HF-5287	2650157	S	29	5	34	0.00000
Bacteroides sp. CBA7301	2715212	S	19	0	19	0.00000
Bacteroides sp. HF-5141	2650158	S	13	2	15	0.00000
Bacteroides sp. A1C1	2528203	S	8	24	32	0.00000
Bacteroides sp. HF-162	2785531	S	6	19	25	0.00000
Bacteroides sp. M10	2763022	S	5	2	7	0.00000
Bacteroides sp. ZJ-18	2709390	S	4	23	27	0.00000
Bacteroides sp. CACC 737	2755405	S	2	5	7	0.00000
Bacteroides fragilis	817	S	86	67	153	0.00001
Bacteroides thetaiotaomicron	818	S	73	8	81	0.00001
Bacteroides coprosuis	151276	S	37	0	37	0.00000
Bacteroides xylanisolvens	371601	S	37	33	70	0.00000
Bacteroides cellulosilyticus	246787	S	36	2	38	0.00000
Bacteroides ovatus	28116	S	35	24	59	0.00000
Bacteroides heparinolyticus	28113	S	26	3	29	0.00000
Bacteroides helcogenes	290053	S	25	0	25	0.00000
Bacteroides zoogleoformans	28119	S	23	3	26	0.00000
Bacteroides intestinalis	329854	S	23	0	23	0.00000
Bacteroides eggerthii	28111	S	22	3	25	0.00000
Bacteroides caccae	47678	S	22	0	22	0.00000
Bacteroides caecimuris	1796613	S	20	6	26	0.00000
Bacteroides uniformis	820	S	15	10	25	0.00000
Prevotella sp. WR041	2801997	S	67	0	67	0.00000
Prevotella sp. oral taxon 299	652716	S	47	1	48	0.00000
Prevotella intermedia	28131	S	78	6	84	0.00001
Prevotella melaninogenica	28132	S	37	3	40	0.00000
Prevotella scopos	589437	S	32	3	35	0.00000
Prevotella copri	165179	S	31	8	39	0.00000
Prevotella dentalis	52227	S	24	1	25	0.00000
Prevotella oris	28135	S	22	0	22	0.00000
Prevotella denticola	28129	S	19	1	20	0.00000
Prevotella jejuni	1177574	S	18	1	19	0.00000
Prevotella ruminicola	839	S	16	0	16	0.00000
Prevotella fusca	589436	S	14	0	14	0.00000
Prevotella enoeca	76123	S	8	0	8	0.00000
Paraprevotella xylaniphila	454155	S	28	5	33	0.00000
Alloprevotella sp. E39	2133944	S	11	0	11	0.00000
Alistipes onderdonkii	328813	S	71	7	78	0.00001
Alistipes communis	2585118	S	32	5	37	0.00000
Alistipes shahii	328814	S	31	6	37	0.00000
Alistipes megaguti	2364787	S	26	1	27	0.00000
Alistipes dispar	2585119	S	21	1	22	0.00000
Alistipes finegoldii	214856	S	17	3	20	0.00000
Alistipes indistinctus	626932	S	16	1	17	0.00000
Alistipes sp. dk3624	2662363	S	10	1	11	0.00000
Phocaeicola dorei	357276	S	67	24	91	0.00001
Phocaeicola vulgatus	821	S	61	19	80	0.00001
Phocaeicola salanitronis	376805	S	47	4	51	0.00000
Phocaeicola coprophilus	387090	S	32	9	41	0.00000
Parabacteroides goldsteinii	328812	S	68	1	69	0.00000
Parabacteroides distasonis	823	S	28	21	49	0.00000
Parabacteroides sp. CT06	2025876	S	3	12	15	0.00000
Tannerella sp. oral taxon HOT-286	712710	S	37	0	37	0.00000
Tannerella forsythia	28112	S	17	0	17	0.00000
Dysgonomonas sp. HDW5A	2714926	S	20	21	41	0.00000
Dysgonomonas sp. HDW5B	2714927	S	18	18	36	0.00000
Petrimonas mucosa	1642646	S	60	1	61	0.00000
Proteiniphilum saccharofermentans	1642647	S	29	1	30	0.00000
Paludibacter propionicigenes	185300	S	136	1	137	0.00001
Butyricimonas faecalis	2093856	S	27	13	40	0.00000
Butyricimonas virosa	544645	S	24	5	29	0.00000
Odoribacter splanchnicus	28118	S	29	1	30	0.00000
Duncaniella dubosii	2518971	S	10	0	10	0.00000
Muribaculum gordoncarteri	2530390	S	21	0	21	0.00000
Muribaculum intestinale	1796646	S	10	0	10	0.00000
Sodaliphilus pleomorphus	2606626	S	17	4	21	0.00000
Porphyromonas gingivalis	837	S	43	1	44	0.00000
Porphyromonas cangingivalis	36874	S	12	0	12	0.00000
Porphyromonas crevioricanis	393921	S	12	1	13	0.00000
Porphyromonas asaccharolytica	28123	S	9	0	9	0.00000
Barnesiella viscericola	397865	S	36	6	42	0.00000
Coprobacter sp. 2CBH44	2751153	S	34	6	40	0.00000
Salinivirga cyanobacteriivorans	1307839	S	57	0	57	0.00000
Tenuifilum thalassicum	2590900	S	37	0	37	0.00000
Labilibaculum antarcticum	1717717	S	85	1	86	0.00001
Draconibacterium sp. M1	2706887	S	48	1	49	0.00000
Draconibacterium orientale	1168034	S	27	0	27	0.00000
Alkalitalea saponilacus	889453	S	32	1	33	0.00000
Haliscomenobacter hydrossis	2350	S	218	2	220	0.00001
Saprospira grandis	1008	S	38	0	38	0.00000
Rhodothermus marinus	29549	S	105	0	105	0.00001
Salinibacter ruber	146919	S	48	0	48	0.00000
Chlorobium phaeobacteroides	1096	S	74	15	89	0.00001
Chlorobium chlorochromatii	337090	S	17	0	17	0.00000
Chlorobium limicola	1092	S	8	1	9	0.00000
Chlorobium phaeovibrioides	1094	S	7	1	8	0.00000
Pelodictyon phaeoclathratiforme	34090	S	18	0	18	0.00000
Pelodictyon luteolum	1100	S	13	1	14	0.00000
Chlorobaculum limnaeum	274537	S	18	1	19	0.00000
Chlorobaculum tepidum	1097	S	15	2	17	0.00000
Chlorobaculum parvum	274539	S	13	1	14	0.00000
Prosthecochloris sp. HL-130-GSB	1974213	S	16	2	18	0.00000
Prosthecochloris sp. GSB1	281093	S	10	0	10	0.00000
Prosthecochloris sp. CIB 2401	1868325	S	2	0	2	0.00000
Prosthecochloris aestuarii	1102	S	13	1	14	0.00000
Chloroherpeton thalassium	100716	S	31	0	31	0.00000
Ignavibacterium album	591197	S	40	0	40	0.00000
Melioribacter roseus	1134405	S	15	0	15	0.00000
Candidatus Cyclonatronum proteinivorum	1457365	S	26	1	27	0.00000
Gemmatimonas sp. TET16	2732249	S	148	10	158	0.00001
Gemmatimonas aurantiaca	173480	S	107	6	113	0.00001
Gemmatimonas phototrophica	1379270	S	87	8	95	0.00001
Gemmatirosa kalamazoonesis	861299	S	214	6	220	0.00001
Candidatus Cloacimonas acidaminovorans	456827	S	29	0	29	0.00000
Fibrobacter succinogenes	833	S	23	0	23	0.00000
Gemmata obscuriglobus	114	S	455	55	510	0.00003
Gemmata sp. SH-PL17	1630693	S	214	113	327	0.00002
Gemmata massiliana	1210884	S	192	90	282	0.00002
Urbifossiella limnaea	2528023	S	963	89	1052	0.00007
Limnoglobus roseus	2598579	S	756	41	797	0.00005
Frigoriglobus tundricola	2774151	S	402	79	481	0.00003
Tuwongella immobilis	692036	S	75	4	79	0.00001
Gimesia panareensis	2527978	S	93	9	102	0.00001
Gimesia aquarii	2527964	S	78	4	82	0.00001
Gimesia maris	122	S	59	7	66	0.00000
Gimesia fumaroli	2527976	S	52	8	60	0.00000
Gimesia chilikensis	2605989	S	45	18	63	0.00000
Gimesia alba	2527973	S	41	5	46	0.00000
Gimesia algae	2527971	S	40	8	48	0.00000
Gimesia benthica	2608982	S	24	24	48	0.00000
Planctomyces sp. SH-PL14	1632864	S	228	10	238	0.00002
Planctomyces sp. SH-PL62	1636152	S	153	79	232	0.00002
Maioricimonas rarisocia	2528026	S	181	23	204	0.00001
Caulifigura coniformis	2527983	S	162	5	167	0.00001
Planctopirus ephydatiae	2528019	S	52	34	86	0.00001
Planctopirus limnophila	120	S	22	13	35	0.00000
Symmachiella dynata	2527995	S	112	8	120	0.00001
Fuerstia marisgermanicae	1891926	S	107	0	107	0.00001
Alienimonas californiensis	2527989	S	98	6	104	0.00001
Rubinisphaera brasiliensis	119	S	86	6	92	0.00001
Thalassoglobus polymorphus	2527994	S	67	4	71	0.00000
Calycomorphotria hydatis	2528027	S	66	1	67	0.00000
Crateriforma conspicua	2527996	S	51	14	65	0.00000
Polystyrenella longa	2528007	S	34	2	36	0.00000
Stieleria neptunia	2527979	S	98	17	115	0.00001
Stieleria maiorica	2795974	S	75	25	100	0.00001
Anatilimnocola aggregata	2528021	S	188	19	207	0.00001
Pirellula sp. SH-Sr6A	1632865	S	104	2	106	0.00001
Pirellula staleyi	125	S	70	3	73	0.00000
Rosistilla oblonga	2527990	S	90	21	111	0.00001
Rosistilla carotiformis	2528017	S	41	17	58	0.00000
Lignipirellula cremea	2528010	S	132	14	146	0.00001
Roseimaritima ulvae	980254	S	107	3	110	0.00001
Aureliella helgolandensis	2527968	S	84	5	89	0.00001
Bremerella volcania	2527984	S	74	8	82	0.00001
Mariniblastus fucicola	980251	S	57	0	57	0.00000
Rhodopirellula baltica	265606	S	47	3	50	0.00000
Lacipirellula limnantheis	2528024	S	192	19	211	0.00001
Lacipirellula parvula	2650471	S	136	10	146	0.00001
Pirellulimonas nuda	2528009	S	120	5	125	0.00001
Botrimarina mediterranea	2528022	S	90	3	93	0.00001
Aeoliella mucimassa	2527972	S	63	3	66	0.00000
Bythopirellula goksoyri	1400387	S	45	1	46	0.00000
Thermogutta terrifontis	1331910	S	37	0	37	0.00000
Aquisphaera giovannonii	406548	S	207	39	246	0.00002
Tautonia plasticadhaerens	2527974	S	191	15	206	0.00001
Paludisphaera borealis	1387353	S	133	38	171	0.00001
Singulisphaera acidiphila	466153	S	102	29	131	0.00001
Isosphaera pallida	128	S	78	8	86	0.00001
Humisphaera borealis	2807512	S	190	1	191	0.00001
Sedimentisphaera cyanobacteriorum	1940790	S	49	35	84	0.00001
Sedimentisphaera salicampi	1941349	S	22	0	22	0.00000
Limihaloglobus sulfuriphilus	1851148	S	38	0	38	0.00000
Anaerohalosphaera lusitana	1936003	S	12	0	12	0.00000
Phycisphaera mikurensis	547188	S	56	4	60	0.00000
Poriferisphaera corsica	2528020	S	27	0	27	0.00000
Candidatus Kuenenia stuttgartiensis	174633	S	48	0	48	0.00000
Roseimicrobium sp. ORNL1	2711231	S	458	18	476	0.00003
Verrucomicrobium spinosum	2736	S	358	41	399	0.00003
Verrucomicrobium sp. GAS474	1882831	S	88	4	92	0.00001
Luteolibacter luteus	2728835	S	371	5	376	0.00002
Akkermansia muciniphila	239935	S	170	25	195	0.00001
Akkermansia glycaniphila	1679444	S	56	7	63	0.00000
Opitutus sp. GAS368	1882749	S	226	24	250	0.00002
Opitutus terrae	107709	S	167	5	172	0.00001
Lacunisphaera limnophila	1838286	S	170	17	187	0.00001
Nibricoccus aquaticus	2576891	S	145	5	150	0.00001
Ereboglobus luteus	1796921	S	100	3	103	0.00001
Coraliomargarita akajimensis	395922	S	26	0	26	0.00000
Methylacidimicrobium sp. AP8	2730359	S	26	3	29	0.00000
Methylacidimicrobium sp. B4	2796139	S	24	5	29	0.00000
Methylacidiphilum sp. IT6	2795386	S	21	1	22	0.00000
Methylacidiphilum sp. IT5	2795384	S	3	8	11	0.00000
Methylacidiphilum kamchatkense	431057	S	16	1	17	0.00000
Candidatus Xiphinematobacter sp. Idaho Grape	1704307	S	7	0	7	0.00000
Candidatus Protochlamydia amoebophila	362787	S	160	25	185	0.00001
Candidatus Protochlamydia naegleriophila	389348	S	30	5	35	0.00000
Neochlamydia sp. S13	1353976	S	55	3	58	0.00000
Parachlamydia acanthamoebae	83552	S	49	4	53	0.00000
Simkania negevensis	83561	S	30	0	30	0.00000
Waddlia chondrophila	71667	S	18	0	18	0.00000
Criblamydia sequanensis	340071	S	9	0	9	0.00000
Chlamydia gallinacea	1457153	S	21	0	21	0.00000
Chlamydia sp. 2742-308	1806891	S	15	0	15	0.00000
Chlamydia sp. H15-1957-10C	1967782	S	6	0	6	0.00000
Chlamydia trachomatis	813	S	19	1	20	0.00000
Chlamydia pecorum	85991	S	17	0	17	0.00000
Chlamydia pneumoniae	83558	S	10	0	10	0.00000
Chlamydia suis	83559	S	10	2	12	0.00000
Chlamydia muridarum	83560	S	10	0	10	0.00000
Chlamydia psittaci	83554	S	7	26	33	0.00000
Chlamydia caviae	83557	S	7	0	7	0.00000
Chlamydia felis	83556	S	6	0	6	0.00000
Chlamydia avium	1457141	S	6	0	6	0.00000
Chlamydia abortus	83555	S	3	0	3	0.00000
Kiritimatiella glycovorans	1307763	S	49	36	85	0.00001
Candidatus Vampirococcus archaeovorus	1930593	S	19	0	19	0.00000
Treponema sp. RCC2812	2787628	S	28	0	28	0.00000
Treponema sp. Marseille-Q4132	2766701	S	13	0	13	0.00000
Treponema sp. OMZ 838	1539298	S	11	2	13	0.00000
Treponema sp. OMZ 804	120683	S	5	0	5	0.00000
Treponema parvum	138851	S	58	0	58	0.00000
Treponema pedis	409322	S	47	0	47	0.00000
Treponema denticola	158	S	39	13	52	0.00000
Treponema putidum	221027	S	24	0	24	0.00000
Treponema ruminis	744515	S	21	0	21	0.00000
Treponema phagedenis	162	S	19	1	20	0.00000
Treponema brennaborense	81028	S	19	1	20	0.00000
Treponema azotonutricium	150829	S	19	0	19	0.00000
Treponema caldarium	215591	S	15	0	15	0.00000
Treponema socranskii	53419	S	14	0	14	0.00000
Treponema medium	58231	S	13	0	13	0.00000
Treponema primitia	88058	S	12	0	12	0.00000
Treponema succinifaciens	167	S	11	1	12	0.00000
Sphaerochaeta coccoides	273376	S	16	0	16	0.00000
Sphaerochaeta pleomorpha	1131707	S	10	0	10	0.00000
Sphaerochaeta globosa	1131703	S	5	0	5	0.00000
Spirochaeta thermophila	154	S	16	0	16	0.00000
Spirochaeta africana	46355	S	6	0	6	0.00000
Oceanispirochaeta crateris	2518645	S	22	1	23	0.00000
Thiospirochaeta perfilievii	252967	S	22	1	23	0.00000
Salinispira pacifica	1307761	S	13	0	13	0.00000
Sediminispirochaeta smaragdinae	55206	S	5	0	5	0.00000
Borrelia miyamotoi	47466	S	71	1	72	0.00000
Borrelia hermsii	140	S	54	1	55	0.00000
Borrelia sp. A-FGy1	2608247	S	47	1	48	0.00000
Borrelia crocidurae	29520	S	29	25	54	0.00000
Borrelia anserina	143	S	23	-23	0	0.00000
Borrelia turcica	229155	S	19	0	19	0.00000
Borrelia turicatae	142	S	15	6	21	0.00000
Borrelia coriaceae	144	S	14	0	14	0.00000
Borrelia maritima	2761123	S	14	2	16	0.00000
Borrelia parkeri	141	S	11	8	19	0.00000
Borrelia duttonii	40834	S	2	1	3	0.00000
Borreliella afzelii	29518	S	24	10	34	0.00000
Borreliella burgdorferi	139	S	19	13	32	0.00000
Borreliella valaisiana	62088	S	15	1	16	0.00000
Candidatus Borrelia tachyglossi	1964448	S	15	0	15	0.00000
Borreliella mayonii	1674146	S	14	3	17	0.00000
Borreliella bavariensis	664662	S	13	11	24	0.00000
Borreliella garinii	29519	S	9	3	12	0.00000
Borreliella bissettiae	64897	S	6	1	7	0.00000
Borreliella spielmanii	88916	S	1	0	1	0.00000
Borreliella finlandensis	498741	S	1	0	1	0.00000
Brachyspira pilosicoli	52584	S	96	2	98	0.00001
Brachyspira murdochii	84378	S	89	6	95	0.00001
Brachyspira hyodysenteriae	159	S	77	9	86	0.00001
Brachyspira intermedia	84377	S	46	4	50	0.00000
Brachyspira hampsonii	1287055	S	44	3	47	0.00000
Leptospira interrogans	173	S	74	5	79	0.00001
Leptospira biflexa	172	S	38	14	52	0.00000
Leptospira santarosai	28183	S	32	1	33	0.00000
Leptospira weilii	28184	S	19	3	22	0.00000
Leptospira mayottensis	1137606	S	16	2	18	0.00000
Leptospira tipperaryensis	2564040	S	15	0	15	0.00000
Leptospira kmetyi	408139	S	8	0	8	0.00000
Leptospira borgpetersenii	174	S	6	1	7	0.00000
Turneriella parva	29510	S	97	0	97	0.00001
Fusobacterium nucleatum	851	S	253	99	352	0.00002
Fusobacterium ulcerans	861	S	108	4	112	0.00001
Fusobacterium pseudoperiodonticum	2663009	S	99	24	123	0.00001
Fusobacterium varium	856	S	82	4	86	0.00001
Fusobacterium sp. oral taxon 203	671211	S	61	29	90	0.00001
Fusobacterium sp. NSJ-57	2764326	S	21	5	26	0.00000
Fusobacterium hwasookii	1583098	S	69	30	99	0.00001
Fusobacterium mortiferum	850	S	57	0	57	0.00000
Fusobacterium necrophorum	859	S	45	1	46	0.00000
Fusobacterium canifelinum	285729	S	41	10	51	0.00000
Fusobacterium gonidiaformans	849	S	13	0	13	0.00000
Fusobacterium periodonticum	860	S	13	13	26	0.00000
Ilyobacter polytropus	167642	S	31	0	31	0.00000
Leptotrichia wadei	157687	S	79	33	112	0.00001
Leptotrichia sp. oral taxon 847	1785996	S	32	8	40	0.00000
Leptotrichia sp. oral taxon 212	712357	S	15	2	17	0.00000
Leptotrichia sp. oral taxon 498	712368	S	13	5	18	0.00000
Leptotrichia trevisanii	109328	S	27	10	37	0.00000
Leptotrichia hofstadii	157688	S	27	14	41	0.00000
Leptotrichia hongkongensis	554406	S	25	13	38	0.00000
Leptotrichia shahii	157691	S	19	11	30	0.00000
Leptotrichia buccalis	40542	S	13	5	18	0.00000
Sebaldella termitidis	826	S	60	0	60	0.00000
Streptobacillus moniliformis	34105	S	59	7	66	0.00000
Pseudoleptotrichia goodfellowii	157692	S	33	2	35	0.00000
Sneathia vaginalis	187101	S	29	1	30	0.00000
Granulicella sp. 5B5	1617967	S	48	3	51	0.00000
Granulicella sp. WH15	2602070	S	34	2	36	0.00000
Granulicella mallensis	940614	S	33	1	34	0.00000
Granulicella tundricola	940615	S	31	1	32	0.00000
Terriglobus roseus	392734	S	96	5	101	0.00001
Terriglobus saanensis	870903	S	27	1	28	0.00000
Terriglobus albidus	1592106	S	24	0	24	0.00000
Acidobacterium capsulatum	33075	S	49	5	54	0.00000
Acidobacterium sp. 4Y35	2763107	S	28	1	29	0.00000
Candidatus Koribacter versatilis	658062	S	58	1	59	0.00000
Edaphobacter sp. 12200R-103	2703788	S	24	6	30	0.00000
Edaphobacter sp. 4G125	2763071	S	14	3	17	0.00000
Acidisarcina polymorpha	2211140	S	37	1	38	0.00000
Paludibaculum fermentans	1473598	S	141	3	144	0.00001
Candidatus Solibacter usitatus	332163	S	131	6	137	0.00001
Luteitalea pratensis	1855912	S	191	4	195	0.00001
Chloracidobacterium thermophilum	458033	S	28	3	31	0.00000
Thermotomaculum hydrothermale	981385	S	13	0	13	0.00000
Thermocrinis ruber	75906	S	508	0	508	0.00003
Thermocrinis minervae	381751	S	15	0	15	0.00000
Thermocrinis albus	136094	S	3	0	3	0.00000
Hydrogenobaculum sp. Y04AAS1	380749	S	3	14	17	0.00000
Aquifex aeolicus	63363	S	12	0	12	0.00000
Hydrogenobacter sp. T-8	1632019	S	5	0	5	0.00000
Hydrogenobacter thermophilus	940	S	3	0	3	0.00000
Sulfurihydrogenibium azorense	309806	S	54	0	54	0.00000
Sulfurihydrogenibium sp. YO3AOP1	436114	S	25	0	25	0.00000
Persephonella marina	309805	S	12	0	12	0.00000
Thermosulfidibacter takaii	412593	S	19	0	19	0.00000
Desulfurobacterium thermolithotrophum	64160	S	9	0	9	0.00000
Thermosipho sp. FR-w03	2814656	S	39	0	39	0.00000
Thermosipho sp. 1070	1437364	S	6	14	20	0.00000
Thermosipho sp. 1063	1462747	S	4	11	15	0.00000
Thermosipho africanus	2421	S	47	3	50	0.00000
Thermosipho melanesiensis	46541	S	11	0	11	0.00000
Fervidobacterium pennivorans	93466	S	40	9	49	0.00000
Fervidobacterium nodosum	2424	S	27	2	29	0.00000
Thermotoga profunda	1508420	S	13	0	13	0.00000
Thermotoga caldifontis	1508419	S	9	0	9	0.00000
Thermotoga maritima	2336	S	3	16	19	0.00000
Thermotoga petrophila	93929	S	1	5	6	0.00000
Pseudothermotoga thermarum	119394	S	14	0	14	0.00000
Pseudothermotoga elfii	38322	S	7	5	12	0.00000
Pseudothermotoga hypogea	57487	S	6	0	6	0.00000
Pseudothermotoga lettingae	177758	S	1	0	1	0.00000
Tepiditoga spiralis	2108365	S	73	2	75	0.00000
Defluviitoga tunisiensis	1006576	S	36	10	46	0.00000
Marinitoga piezophila	149715	S	6	19	25	0.00000
Marinitoga sp. 1137	1545835	S	2	6	8	0.00000
Petrotoga mobilis	69499	S	10	0	10	0.00000
Kosmotoga pacifica	1330330	S	15	0	15	0.00000
Kosmotoga olearia	651457	S	14	0	14	0.00000
Mesotoga prima	1184387	S	8	0	8	0.00000
Mesotoga infera	1236046	S	4	0	4	0.00000
Athalassotoga saccharophila	1441386	S	4	0	4	0.00000
Nitrospira moscoviensis	42253	S	66	8	74	0.00000
Candidatus Nitrospira inopinata	1715989	S	27	4	31	0.00000
Nitrospira japonica	1325564	S	26	6	32	0.00000
Nitrospira sp. KM1	1936990	S	25	4	29	0.00000
Leptospirillum ferrooxidans	180	S	9	0	9	0.00000
Leptospirillum sp. Group II 'CF-1'	1660083	S	2	4	6	0.00000
Leptospirillum ferriphilum	178606	S	1	3	4	0.00000
Dissulfurispira thermophila	2715679	S	14	0	14	0.00000
Candidatus Babela massiliensis	673862	S	82	0	82	0.00001
Candidatus Saccharimonas aalborgensis	1332188	S	27	10	37	0.00000
Candidatus Nanosynbacter lyticus	2093824	S	15	9	24	0.00000
Candidatus Chazhemtobacterium aquaticus	2715735	S	24	0	24	0.00000
Candidatus Bipolaricaulis anaerobius	2026885	S	11	0	11	0.00000
Denitrovibrio acetiphilus	118000	S	32	0	32	0.00000
Calditerrivibrio nitroreducens	477976	S	24	0	24	0.00000
Deferribacter desulfuricans	197162	S	23	0	23	0.00000
Flexistipes sinusarabici	2352	S	16	0	16	0.00000
Geovibrio thiophilus	139438	S	16	0	16	0.00000
Thermodesulfobacterium geofontis	1295609	S	23	1	24	0.00000
Thermodesulfobacterium commune	1741	S	15	0	15	0.00000
Thermodesulfobacterium sp. TA1	2234087	S	12	0	12	0.00000
Thermosulfurimonas marina	2047767	S	30	0	30	0.00000
Thermosulfuriphilus ammonigenes	1936021	S	11	0	11	0.00000
Caldimicrobium thiodismutans	1653476	S	9	0	9	0.00000
Thermodesulfatator indicus	171695	S	8	0	8	0.00000
Fretibacterium fastidiosum	651822	S	21	0	21	0.00000
Thermovirga lienii	336261	S	17	3	20	0.00000
Jonquetella anthropi	428712	S	17	0	17	0.00000
Cloacibacillus porcorum	1197717	S	13	0	13	0.00000
Aminomonas paucivorans	81412	S	10	1	11	0.00000
Thermanaerovibrio acidaminovorans	81462	S	4	0	4	0.00000
Thermanaerovibrio velox	108007	S	1	0	1	0.00000
Aminobacterium colombiense	81468	S	2	0	2	0.00000
Acetomicrobium mobile	97477	S	1	0	1	0.00000
Caldithrix abyssi	187145	S	47	0	47	0.00000
Endomicrobium proavitum	1408281	S	16	0	16	0.00000
Candidatus Endomicrobium trichonymphae	1408204	S	14	0	14	0.00000
Elusimicrobium minutum	423605	S	9	0	9	0.00000
Dictyoglomus thermophilum	14	S	18	0	18	0.00000
Dictyoglomus turgidum	513050	S	13	0	13	0.00000
Desulfurispirillum indicum	936456	S	25	1	26	0.00000
Abyssogena phaseoliformis symbiont	596095	S	20	2	22	0.00000
Isorropodon fossajaponicum symbiont	883811	S	3	0	3	0.00000
Caldisericum exile	693075	S	8	0	8	0.00000
Coprothermobacter proteolyticus	35786	S	1	0	1	0.00000
Halorubrum sp. CBA1229	1853699	S	30	3	33	0.00000
Halorubrum sp. BOL3-1	2497325	S	27	0	27	0.00000
Halorubrum sp. RHB-C	2739057	S	15	3	18	0.00000
Halorubrum sp. PV6	634157	S	9	0	9	0.00000
Halorubrum ezzemoulense	337243	S	35	2	37	0.00000
Halorubrum trapanicum	29284	S	18	6	24	0.00000
Halorubrum lacusprofundi	2247	S	12	6	18	0.00000
Halorubrum litoreum	409316	S	1	0	1	0.00000
Halobonum sp. NJ-3-1	2743089	S	40	0	40	0.00000
Halobonum sp. Gai3-2	2743090	S	33	0	33	0.00000
Halopenitus persicus	1048396	S	26	0	26	0.00000
Halolamina sp. CBA1230	1853690	S	24	2	26	0.00000
Salinigranum rubrum	755307	S	18	0	18	0.00000
Haloferax gibbonsii	35746	S	43	8	51	0.00000
Haloferax mediterranei	2252	S	10	0	10	0.00000
Haloferax alexandrinus	114529	S	10	24	34	0.00000
Haloferax volcanii	2246	S	4	7	11	0.00000
Haloplanus rubicundus	1547898	S	26	0	26	0.00000
Haloplanus rallus	1816183	S	18	4	22	0.00000
Haloplanus aerogenes	660522	S	8	0	8	0.00000
Haloquadratum walsbyi	293091	S	32	0	32	0.00000
Halogeometricum borinquense	60847	S	25	0	25	0.00000
Haloprofundus sp. MHR1	2572921	S	19	0	19	0.00000
Halobellus limi	699433	S	10	1	11	0.00000
Halalkaliarchaeum desulfuricum	2055893	S	11	0	11	0.00000
Halosimplex litoreum	1198301	S	35	4	39	0.00000
Halosimplex pelagicum	869886	S	23	6	29	0.00000
Halosimplex rubrum	869889	S	22	7	29	0.00000
Haloarcula sp. JP-L23	2716717	S	21	0	21	0.00000
Haloarcula sp. CBA1115	1592728	S	6	27	33	0.00000
Haloarcula taiwanensis	1932004	S	7	0	7	0.00000
Haloarcula hispanica	51589	S	6	-6	0	0.00000
Haloarcula marismortui	2238	S	3	1	4	0.00000
Natronomonas sp. YPL13	1710540	S	27	0	27	0.00000
Natronomonas sp. C90	2747817	S	10	0	10	0.00000
Natronomonas moolapensis	416273	S	26	0	26	0.00000
Natronomonas pharaonis	2257	S	9	0	9	0.00000
Halorhabdus sp. CBA1104	1380432	S	10	0	10	0.00000
Halorhabdus utahensis	146826	S	9	0	9	0.00000
Halorhabdus tiamatea	430914	S	9	1	10	0.00000
Halomicrobium sp. LC1Hm	2610902	S	16	10	26	0.00000
Halapricum salinum	1457250	S	26	0	26	0.00000
Halorientalis sp. IM1011	1932360	S	22	0	22	0.00000
Halobacterium hubeiense	1407499	S	35	5	40	0.00000
Halobacterium sp. DL1	751944	S	16	10	26	0.00000
Halobacterium sp. GSL-19	2812551	S	1	6	7	0.00000
Halobacterium salinarum	2242	S	1	3	4	0.00000
Halorussus sp. RC-68	2505977	S	29	0	29	0.00000
Halorussus sp. ZS-3	2650975	S	20	0	20	0.00000
Halanaeroarchaeum sulfurireducens	1604004	S	25	0	25	0.00000
Halarchaeum sp. CBA1220	1853682	S	22	0	22	0.00000
Salarchaeum sp. JOR-1	2599399	S	14	0	14	0.00000
Halalkalicoccus jeotgali	413810	S	10	0	10	0.00000
Halodesulfurarchaeum formicicum	1873524	S	10	0	10	0.00000
Halostella pelagica	2583824	S	5	14	19	0.00000
Haloterrigena sp. YPL8	1699371	S	32	1	33	0.00000
Haloterrigena sp. KZCA68	2816475	S	15	1	16	0.00000
Haloterrigena turkmenica	62320	S	31	3	34	0.00000
Haloterrigena salifodinae	2675099	S	27	4	31	0.00000
Haloterrigena longa	370324	S	22	4	26	0.00000
Haloterrigena daqingensis	588898	S	16	0	16	0.00000
Natrinema versiforme	88724	S	24	6	30	0.00000
Natrinema pellirubrum	69525	S	21	7	28	0.00000
Natrinema sp. YPL30	1710539	S	9	0	9	0.00000
Natrinema sp. J7-2	406552	S	8	1	9	0.00000
Natrinema pallidum	69527	S	9	2	11	0.00000
Halovivax sp. KZCA124	2817025	S	32	0	32	0.00000
Halovivax ruber	387341	S	9	0	9	0.00000
Natrialba magadii	13769	S	38	12	50	0.00000
Natrarchaeobaculum sulfurireducens	2044521	S	20	0	20	0.00000
Natrarchaeobaculum aegyptiacum	745377	S	13	0	13	0.00000
Halopiger xanaduensis	387343	S	31	4	35	0.00000
Natronorubrum aibiense	348826	S	15	0	15	0.00000
Natronorubrum bangense	61858	S	12	1	13	0.00000
Natronococcus occultus	29288	S	20	0	20	0.00000
Halobiforma lacisalsi	229731	S	19	4	23	0.00000
Salinarchaeum sp. Harcht-Bsk1	1333523	S	19	0	19	0.00000
Natronobacterium gregoryi	44930	S	18	1	19	0.00000
Halostagnicola larsenii	353800	S	14	0	14	0.00000
Methanosarcina barkeri	2208	S	73	1	74	0.00000
Methanosarcina acetivorans	2214	S	36	1	37	0.00000
Methanosarcina sp. MTP4	1434100	S	9	0	9	0.00000
Methanosarcina sp. Kolksee	1434099	S	8	5	13	0.00000
Methanosarcina sp. WH1	1434102	S	1	10	11	0.00000
Methanosarcina siciliae	38027	S	27	0	27	0.00000
Methanosarcina flavescens	1715806	S	26	1	27	0.00000
Methanosarcina mazei	2209	S	24	0	24	0.00000
Methanosarcina horonobensis	418008	S	18	0	18	0.00000
Methanosarcina lacustris	170861	S	16	0	16	0.00000
Methanosarcina thermophila	2210	S	14	-14	0	0.00000
Methanosarcina vacuolata	2215	S	8	5	13	0.00000
Methanococcoides methylutens	2226	S	24	4	28	0.00000
Methanococcoides burtonii	29291	S	3	0	3	0.00000
Methanosalsum zhilinae	39669	S	18	0	18	0.00000
Methanohalobium evestigatum	2322	S	16	0	16	0.00000
Methanohalophilus mahii	2176	S	4	0	4	0.00000
Methanohalophilus halophilus	2177	S	4	0	4	0.00000
Methanohalophilus portucalensis	39664	S	4	0	4	0.00000
Methanolobus zinderi	536044	S	11	0	11	0.00000
Methanomethylovorans hollandica	101192	S	8	0	8	0.00000
Methanosaeta harundinacea	301375	S	14	0	14	0.00000
Methanothrix soehngenii	2223	S	12	0	12	0.00000
Methanothrix thermoacetophila	2224	S	7	0	7	0.00000
Methanoculleus marisnigri	2198	S	25	0	25	0.00000
Methanoculleus bourgensis	83986	S	12	0	12	0.00000
Methanolacinia petrolearia	54120	S	12	0	12	0.00000
Methanoplanus limicola	2315	S	5	0	5	0.00000
Methanofollis liminatans	2201	S	5	0	5	0.00000
Methanoregula formicica	882104	S	11	0	11	0.00000
Methanoregula boonei	358766	S	8	0	8	0.00000
Methanosphaerula palustris	475088	S	7	0	7	0.00000
Methanospirillum hungatei	2203	S	10	0	10	0.00000
Methanocorpusculum labreanum	83984	S	6	0	6	0.00000
Methanocella arvoryzae	1175445	S	28	0	28	0.00000
Methanocella conradii	1175444	S	8	1	9	0.00000
Methanocella paludicola	570267	S	6	0	6	0.00000
Methanobrevibacter smithii	2173	S	71	0	71	0.00000
Methanobrevibacter sp. AbM4	224719	S	34	0	34	0.00000
Methanobrevibacter sp. YE315	1609968	S	12	0	12	0.00000
Methanobrevibacter millerae	230361	S	27	0	27	0.00000
Methanobrevibacter ruminantium	83816	S	22	0	22	0.00000
Methanobrevibacter olleyae	294671	S	19	0	19	0.00000
Methanobacterium paludis	868131	S	29	0	29	0.00000
Methanobacterium lacus	877455	S	23	0	23	0.00000
Methanobacterium formicicum	2162	S	19	0	19	0.00000
Methanobacterium congolense	118062	S	17	0	17	0.00000
Methanobacterium subterraneum	59277	S	7	7	14	0.00000
Methanosphaera stadtmanae	2317	S	28	0	28	0.00000
Methanosphaera sp. BMS	1789762	S	24	0	24	0.00000
Methanothermobacter sp. THM-1	2606911	S	5	0	5	0.00000
Methanothermobacter sp. THM-2	2606912	S	3	4	7	0.00000
Methanothermus fervidus	2180	S	18	0	18	0.00000
Methanococcus maripaludis	39152	S	80	5	85	0.00001
Methanococcus aeolicus	42879	S	28	0	28	0.00000
Methanococcus vannielii	2187	S	16	1	17	0.00000
Methanococcus voltae	2188	S	14	0	14	0.00000
Methanothermococcus okinawensis	155863	S	33	0	33	0.00000
Methanocaldococcus vulcanius	73913	S	20	3	23	0.00000
Methanocaldococcus infernus	67760	S	16	0	16	0.00000
Methanocaldococcus jannaschii	2190	S	12	3	15	0.00000
Methanocaldococcus fervens	83171	S	12	1	13	0.00000
Methanocaldococcus sp. FS406-22	644281	S	10	2	12	0.00000
Methanocaldococcus bathoardescens	1301915	S	8	2	10	0.00000
Methanotorris igneus	2189	S	14	1	15	0.00000
Methanofervidicoccus sp. A16	2607662	S	7	0	7	0.00000
Thermococcus sp. 2319x1	1674923	S	5	0	5	0.00000
Thermococcus sp. IRI35c	2016373	S	5	1	6	0.00000
Thermococcus sp. AM4	246969	S	4	0	4	0.00000
Thermococcus sp. P6	122420	S	3	0	3	0.00000
Thermococcus sp. EXT12c	2016361	S	3	1	4	0.00000
Thermococcus sp. 4557	1042877	S	2	0	2	0.00000
Thermococcus kodakarensis	311400	S	11	0	11	0.00000
Thermococcus litoralis	2265	S	8	3	11	0.00000
Thermococcus thioreducens	277988	S	6	1	7	0.00000
Thermococcus chitonophagus	54262	S	5	0	5	0.00000
Thermococcus paralvinellae	582419	S	5	0	5	0.00000
Thermococcus celer	2264	S	4	0	4	0.00000
Thermococcus siculi	72803	S	4	0	4	0.00000
Thermococcus sibiricus	172049	S	4	0	4	0.00000
Thermococcus gammatolerans	187878	S	4	0	4	0.00000
Thermococcus barossii	54077	S	3	0	3	0.00000
Thermococcus piezophilus	1712654	S	3	0	3	0.00000
Thermococcus onnurineus	342948	S	3	0	3	0.00000
Thermococcus nautili	195522	S	3	1	4	0.00000
Thermococcus pacificus	71998	S	3	0	3	0.00000
Thermococcus indicus	2586643	S	2	1	3	0.00000
Thermococcus profundus	49899	S	1	0	1	0.00000
Thermococcus gorgonarius	71997	S	1	0	1	0.00000
Thermococcus barophilus	55802	S	1	0	1	0.00000
Pyrococcus yayanosii	1008460	S	8	1	9	0.00000
Pyrococcus sp. ST04	1183377	S	5	0	5	0.00000
Pyrococcus sp. NA2	342949	S	1	0	1	0.00000
Pyrococcus horikoshii	53953	S	5	0	5	0.00000
Pyrococcus kukulkanii	1609559	S	5	0	5	0.00000
Pyrococcus abyssi	29292	S	3	0	3	0.00000
Pyrococcus furiosus	2261	S	1	-1	0	0.00000
Palaeococcus pacificus	971279	S	3	0	3	0.00000
Archaeoglobus profundus	84156	S	9	0	9	0.00000
Archaeoglobus fulgidus	2234	S	8	-8	0	0.00000
Archaeoglobus sulfaticallidus	1316941	S	4	0	4	0.00000
Archaeoglobus veneficus	58290	S	3	0	3	0.00000
Geoglobus ahangari	113653	S	6	0	6	0.00000
Ferroglobus placidus	54261	S	3	0	3	0.00000
Methanopyrus kandleri	2320	S	4	0	4	0.00000
Nitrosopumilus ureiphilus	1470067	S	33	2	35	0.00000
Nitrosopumilus piranensis	1582439	S	33	4	37	0.00000
Candidatus Nitrosopumilus koreensis	1510466	S	32	3	35	0.00000
Candidatus Nitrosopumilus sediminis	1229909	S	29	2	31	0.00000
Nitrosopumilus cobalaminigenes	1470066	S	27	2	29	0.00000
Nitrosopumilus adriaticus	1580092	S	17	1	18	0.00000
Nitrosopumilus maritimus	338192	S	15	2	17	0.00000
Candidatus Nitrosopumilus sp. SW	2508726	S	14	2	16	0.00000
Nitrosopumilus oxyclinae	1959104	S	13	1	14	0.00000
Nitrosarchaeum sp. AC2	2259673	S	67	1	68	0.00000
Candidatus Nitrosomarinus catalina	1898749	S	36	2	38	0.00000
Candidatus Nitrosocosmicus franklandus	1798806	S	32	0	32	0.00000
Candidatus Nitrosocosmicus oleophilus	1353260	S	20	0	20	0.00000
Candidatus Nitrosocosmicus hydrocola	1826872	S	15	0	15	0.00000
Candidatus Nitrososphaera evergladensis	1459637	S	11	1	12	0.00000
Candidatus Nitrososphaera gargensis	497727	S	7	0	7	0.00000
Nitrososphaera viennensis	1034015	S	7	0	7	0.00000
Candidatus Nitrosocaldus islandicus	2045011	S	2	12	14	0.00000
Candidatus Nitrosotenuis cloacae	1603555	S	25	0	25	0.00000
Candidatus Nitrosotenuis sp. DW1	2259672	S	6	0	6	0.00000
Candidatus Nitrosotenuis aquarius	1846278	S	2	0	2	0.00000
Candidatus Nitrosopelagicus brevis	1410606	S	21	0	21	0.00000
Candidatus Nitrosotalea okcheonensis	1903276	S	10	0	10	0.00000
Conexivisphaera calida	1874277	S	4	0	4	0.00000
Sulfolobus islandicus	43080	S	54	17	71	0.00000
Sulfolobus sp. S-194	2512240	S	17	7	24	0.00000
Sulfolobus sp. A20	1891280	S	16	3	19	0.00000
Sulfolobus acidocaldarius	2285	S	3	0	3	0.00000
Acidianus sulfidivorans	312539	S	28	0	28	0.00000
Acidianus manzaensis	282676	S	27	0	27	0.00000
Acidianus brierleyi	41673	S	25	0	25	0.00000
Acidianus ambivalens	2283	S	5	3	8	0.00000
Acidianus hospitalis	563177	S	1	0	1	0.00000
Sulfurisphaera tokodaii	111955	S	19	5	24	0.00000
Sulfurisphaera ohwakuensis	69656	S	13	3	16	0.00000
Sulfodiicoccus acidiphilus	1670455	S	28	0	28	0.00000
Saccharolobus solfataricus	2287	S	28	2	30	0.00000
Metallosphaera tengchongensis	1532350	S	11	0	11	0.00000
Metallosphaera cuprina	1006005	S	10	0	10	0.00000
Metallosphaera hakonensis	79601	S	1	0	1	0.00000
Sulfuracidifex tepidarius	1294262	S	12	0	12	0.00000
Stygiolobus azoricus	41675	S	3	0	3	0.00000
Pyrobaculum neutrophilum	70771	S	10	0	10	0.00000
Pyrobaculum calidifontis	181486	S	8	0	8	0.00000
Pyrobaculum islandicum	2277	S	5	0	5	0.00000
Pyrobaculum aerophilum	13773	S	5	0	5	0.00000
Pyrobaculum ferrireducens	1104324	S	5	0	5	0.00000
Thermoproteus tenax	2271	S	8	0	8	0.00000
Thermoproteus uzoniensis	184117	S	5	0	5	0.00000
Vulcanisaeta distributa	164451	S	10	1	11	0.00000
Vulcanisaeta moutnovskia	985052	S	2	0	2	0.00000
Caldivirga maquilingensis	76887	S	6	0	6	0.00000
Thermofilum uzonense	1550241	S	5	0	5	0.00000
Thermofilum adornatum	1365176	S	4	0	4	0.00000
Thermofilum pendens	2269	S	2	0	2	0.00000
Staphylothermus marinus	2280	S	8	0	8	0.00000
Staphylothermus hellenicus	84599	S	5	0	5	0.00000
Desulfurococcus mucosus	2275	S	6	0	6	0.00000
Desulfurococcus amylolyticus	94694	S	4	-4	0	0.00000
Ignicoccus islandicus	54259	S	5	0	5	0.00000
Ignicoccus hospitalis	160233	S	1	0	1	0.00000
Thermosphaera aggregans	54254	S	5	0	5	0.00000
Aeropyrum camini	229980	S	2	0	2	0.00000
Aeropyrum pernix	56636	S	1	0	1	0.00000
Thermogladius calderae	1200300	S	2	0	2	0.00000
Caldisphaera lagunensis	200415	S	21	0	21	0.00000
Acidilobus sp. 7A	1577685	S	4	0	4	0.00000
Fervidicoccus fontis	683846	S	4	0	4	0.00000
Candidatus Korarchaeum cryptofilum	498846	S	1	0	1	0.00000
Ferroplasma acidarmanus	97393	S	21	12	33	0.00000
Ferroplasma acidiphilum	74969	S	8	4	12	0.00000
Thermoplasma volcanium	50339	S	6	3	9	0.00000
Thermoplasma acidophilum	2303	S	5	3	8	0.00000
Cuniculiplasma divulgatum	1673428	S	14	3	17	0.00000
Picrophilus torridus	82076	S	10	0	10	0.00000
Candidatus Methanomassiliicoccus intestinalis	1406512	S	13	0	13	0.00000
Candidatus Methanoplasma termitum	1577791	S	10	0	10	0.00000
Candidatus Methanomethylophilus alvus	1291540	S	22	0	22	0.00000
Aciduliprofundum boonei	379547	S	7	2	9	0.00000
Aciduliprofundum sp. MAR08-339	673860	S	7	2	9	0.00000
Candidatus Prometheoarchaeum syntrophicum	2594042	S	51	0	51	0.00000
Candidatus Micrarchaeum sp.	2282148	S	8	0	8	0.00000
Candidatus Mancarchaeum acidiphilum	1920749	S	6	0	6	0.00000
Flavobacterium phage vB_FspS_filifjonk9-1	2686245	S	579	872	1451	0.00010
Flavobacterium phage vB_FspS_tooticki6-1	2686279	S	145	468	613	0.00004
Flavobacterium phage vB_FspS_mymlan6-1	2686266	S	104	270	374	0.00002
Streptococcus phage SpSL1	1566990	S	95	212	307	0.00002
Flavobacterium phage vB_FspS_snusmum6-1	2686273	S	85	74	159	0.00001
Flavobacterium phage vB_FspS_hattifnatt9-1	2686246	S	71	29	100	0.00001
Synechococcus phage S-CBS3	753085	S	37	0	37	0.00000
Flavobacterium phage 11b	294631	S	27	0	27	0.00000
Vibrio phage pYD38-B	929835	S	18	0	18	0.00000
Geobacillus phage GBK2	1458842	S	16	0	16	0.00000
Cellulophaga phage phi10:1	1327981	S	10	0	10	0.00000
Flavobacterium phage vB_FspS_morran9-1	2686258	S	10	14	24	0.00000
Pseudomonas phage phiPSA1	1500757	S	10	8	18	0.00000
Staphylococcus phage StB27	1147044	S	8	25	33	0.00000
Cellulophaga phage phi46:1	1327974	S	8	0	8	0.00000
Gordonia phage GTE8	1647475	S	8	0	8	0.00000
Bacteriophage vB_NpeS-2AV2	1777122	S	7	8	15	0.00000
Salicola phage CGphi29	754067	S	7	0	7	0.00000
Flavobacterium phage vB_FspS_snork6-1	2686270	S	6	43	49	0.00000
Clostridium phage phiCT19406C	1567011	S	6	6	12	0.00000
Lactococcus phage BK5-T	31754	S	6	62	68	0.00000
Idiomarinaceae phage 1N2-2	1536592	S	4	0	4	0.00000
Rhodococcus phage REQ1	1109712	S	4	0	4	0.00000
Rhodobacter phage RcapNL	1131316	S	4	0	4	0.00000
Bacillus phage vB_BanS-Tsamsa	1308863	S	4	0	4	0.00000
Pseudomonas phage PS-1	1573458	S	4	0	4	0.00000
Yersinia phage PY54	172667	S	4	0	4	0.00000
Sinorhizobium phage phiLM21	1524882	S	3	0	3	0.00000
Enterococcus phage IME-EFm1	1445858	S	3	0	3	0.00000
Achromobacter phage JWF	1589748	S	3	0	3	0.00000
Mycobacterium phage Bipper	1805457	S	3	0	3	0.00000
Rhodococcus phage Whack	2591132	S	3	0	3	0.00000
Lactococcus phage P1048	2662295	S	3	0	3	0.00000
Flavobacterium phage vB_FspS_lillamy9-1	2686251	S	3	99	102	0.00001
Lactococcus phage phiL47	1412875	S	2	0	2	0.00000
Cellulophaga phage phi19:1	1327970	S	2	0	2	0.00000
Actinoplanes phage phiAsp2	279303	S	2	0	2	0.00000
Thermoanaerobacterium phage THSA-485A	1126885	S	2	0	2	0.00000
Lactococcus phage 1358	741942	S	2	-1	1	0.00000
Rhodococcus phage ReqiPine5	691963	S	2	0	2	0.00000
Rhizobium phage 16-3	10704	S	2	0	2	0.00000
Staphylococcus phage IME-SA4	1610872	S	2	5	7	0.00000
Pseudoalteromonas phage H103	1636200	S	2	0	2	0.00000
Providencia phage Kokobel1	2783540	S	2	0	2	0.00000
Burkholderia phage BcepGomr	437329	S	1	0	1	0.00000
Arthrobacter phage vB_ArS-ArV2	1414742	S	1	0	1	0.00000
Geobacillus virus E3	1572712	S	1	0	1	0.00000
Streptomyces phage phiSASD1	747763	S	1	0	1	0.00000
Alteromonas phage vB_AcoS-R7M	2729541	S	1	0	1	0.00000
Flavobacterium phage vB_FspS_mumin9-1	2686263	S	1	7	8	0.00000
Gordonia phage Lambo	2599845	S	1	0	1	0.00000
Tsukamurella phage TPA2	981330	S	1	0	1	0.00000
Nocardia phage NBR1	1109711	S	1	0	1	0.00000
Gordonia phage Kenosha	2588490	S	1	0	1	0.00000
Gordonia phage William	2571253	S	1	2	3	0.00000
Streptomyces phage Gilson	2488789	S	1	0	1	0.00000
Lactococcus phage phiQ1	2488571	S	1	0	1	0.00000
Gordonia phage UmaThurman	1821563	S	1	0	1	0.00000
Streptococcus virus 9874	1814960	S	1	1	2	0.00000
Enterococcus phage IME-EFm5	1718158	S	1	0	1	0.00000
Gordonia phage GMA4	1647471	S	1	0	1	0.00000
Gordonia phage GMA1	1647470	S	1	0	1	0.00000
Lactobacillus phage phiadh	12417	S	1	1	2	0.00000
Mycobacterium phage DS6A	45764	S	1	0	1	0.00000
Streptomyces phage mu1/6	370623	S	1	0	1	0.00000
Xanthomonas phage Xp15	322855	S	1	0	1	0.00000
Bacteroides phage B40-8	99179	S	1	0	1	0.00000
Bacillus phage BCJA1c	294382	S	1	0	1	0.00000
Cellulophaga virus Cba121	1918193	S	75	17	92	0.00001
Cellulophaga virus Cba171	1918194	S	5	1	6	0.00000
Polaribacter virus P12002S	1982246	S	54	17	71	0.00000
Polaribacter virus P12002L	1982245	S	18	6	24	0.00000
Lactococcus phage P656	2662298	S	7	8	15	0.00000
Lactococcus phage 936 group phage PhiS0139	1636587	S	4	2	6	0.00000
Lactococcus phage 936 group phage PhiB1127	1636573	S	4	2	6	0.00000
Lactococcus phage 66901	2029671	S	3	2	5	0.00000
Lactococcus phage 16802	2029659	S	2	2	4	0.00000
Lactococcus phage LP1502a	2027277	S	2	3	5	0.00000
Lactococcus phage phi7	1262538	S	2	2	4	0.00000
Lactococcus phage 936 group phage PhiLj	1636583	S	2	8	10	0.00000
Lactococcus phage 936 group phage Phi4.2	1636566	S	2	1	3	0.00000
Lactococcus lactis phage P475	213774	S	1	2	3	0.00000
Lactococcus phage 38503	2029662	S	1	3	4	0.00000
Lactococcus phage 56003	2029665	S	1	3	4	0.00000
Lactococcus phage i0139	1874593	S	1	0	1	0.00000
Lactococcus phage 936 group phage PhiL.6	1636582	S	1	3	4	0.00000
Lactococcus phage CHPC959	2675255	S	1	3	4	0.00000
Lactococcus phage CHPC361	2675249	S	1	2	3	0.00000
Lactococcus phage 340	1262533	S	1	1	2	0.00000
Lactococcus virus CB13	665883	S	1	1	2	0.00000
Lactococcus virus sk1	31532	S	1	20	21	0.00000
Propionibacterium phage BruceLethal	1654740	S	5	1	6	0.00000
Propionibacterium phage Moyashi	1654781	S	2	2	4	0.00000
Propionibacterium virus Attacne	1982254	S	2	1	3	0.00000
Propionibacterium virus Pacnes201215	1982270	S	2	0	2	0.00000
Propionibacterium virus Stormborn	1982307	S	2	1	3	0.00000
Propionibacterium virus Lauchelly	1982257	S	2	0	2	0.00000
Propionibacterium virus PHL141N00	1982292	S	2	2	4	0.00000
Propionibacterium virus PHL114L00	1982287	S	2	0	2	0.00000
Propionibacterium virus P105	1982261	S	2	2	4	0.00000
Propionibacterium virus PHL152M00	1982295	S	1	0	1	0.00000
Propionibacterium virus PHL060L00	1982277	S	1	1	2	0.00000
Propionibacterium virus PHL301M00	1982301	S	1	0	1	0.00000
Propionibacterium virus PHL070N00	1982279	S	1	0	1	0.00000
Propionibacterium virus MrAK	1982258	S	1	1	2	0.00000
Mycobacterium phage Edtherson	1567468	S	3	13	16	0.00000
Mycobacterium phage Alsfro	1458724	S	2	2	4	0.00000
Mycobacterium phage Echild	1437839	S	1	0	1	0.00000
Mycobacterium virus Doom	1051138	S	6	13	19	0.00000
Mycobacterium phage Spoonbill	2023953	S	3	26	29	0.00000
Mycobacterium phage Squirty	1527512	S	3	1	4	0.00000
Mycobacterium phage SimranZ1	1933771	S	2	0	2	0.00000
Mycobacterium phage Zerg	2488980	S	2	7	9	0.00000
Mycobacterium phage MooMoo	2108127	S	1	0	1	0.00000
Mycobacterium phage Kenuha5	2653759	S	1	1	2	0.00000
Salmonella virus Sasha	2734275	S	27	1	28	0.00000
Flavobacterium phage vB_FspS_laban6-1	2686250	S	12	0	12	0.00000
Flavobacterium virus 2A	2560471	S	2	198	200	0.00001
Gordonia virus GAL1	2560493	S	22	0	22	0.00000
Salmonella phage TS13	2500149	S	16	8	24	0.00000
Salmonella phage vB_SenS_ER6	2801574	S	3	4	7	0.00000
Rhodobacter virus RcTitan	1982575	S	10	1	11	0.00000
Rhodobacter virus RcSpartan	1982574	S	5	1	6	0.00000
Mycobacterium phage Unicorn	2015825	S	3	1	4	0.00000
Mycobacterium phage Hurricane	2015810	S	1	2	3	0.00000
Mycobacterium phage Aminay	2250291	S	1	0	1	0.00000
Mycobacterium phage Marshawn	2652423	S	1	0	1	0.00000
Mycobacterium phage Keshu	1567471	S	1	2	3	0.00000
Mycobacterium phage Rando14	2301556	S	1	0	1	0.00000
Mycobacterium virus Macncheese	1195070	S	2	0	2	0.00000
Mycobacterium phage ThulaThula	2599880	S	16	0	16	0.00000
Mycobacterium phage Purky	2593351	S	1	0	1	0.00000
Mycobacterium phage Quesadilla	2664226	S	7	0	7	0.00000
Mycobacterium phage Jolie1	1463812	S	2	0	2	0.00000
Mycobacterium phage Saguaro	2315616	S	2	0	2	0.00000
Mycobacterium virus BrownCNA	1983108	S	1	0	1	0.00000
Caulobacter virus CcrBL9	2734192	S	3	1	4	0.00000
Caulobacter virus CcrSC	2734193	S	1	0	1	0.00000
Caulobacter virus CcrPW	2734195	S	4	0	4	0.00000
Caulobacter virus CcrColossus	2734194	S	1	0	1	0.00000
Caulobacter virus CcrBL10	2734196	S	3	0	3	0.00000
Rhodococcus virus Poco6	1982369	S	11	0	11	0.00000
Rhodococcus virus Pepy6	1982368	S	1	0	1	0.00000
Mycobacterium phage Lilac	1070990	S	11	4	15	0.00000
Pseudomonas virus NP1	1982240	S	4	1	5	0.00000
Pseudomonas virus PaMx25	1982241	S	3	0	3	0.00000
Streptomyces virus Mildred21	2560787	S	2	7	9	0.00000
Nonlabens virus P12024L	1982247	S	9	0	9	0.00000
Enterococcus virus AL3	2560416	S	5	5	10	0.00000
Enterococcus virus LY0322	2560427	S	2	2	4	0.00000
Enterococcus virus SANTOR1	2560429	S	1	0	1	0.00000
Dinoroseobacter virus D5C	2560407	S	8	0	8	0.00000
Pseudomonas virus PaMx28	1982357	S	5	0	5	0.00000
Pseudomonas virus PaMx74	1982358	S	3	0	3	0.00000
Microbacterium virus Dismas	2560588	S	7	0	7	0.00000
Burkholderia virus AH2	2560359	S	7	0	7	0.00000
Alphaproteobacteria virus phiJl001	279383	S	2	0	2	0.00000
Pseudomonas virus Yua	462590	S	1	4	5	0.00000
Bordetella virus CN1	2734287	S	2	5	7	0.00000
Gordonia phage YorkOnyx	2762402	S	4	0	4	0.00000
Gordonia virus Brandonk123	2560488	S	2	0	2	0.00000
Mycobacterium virus Gaia	1982148	S	6	0	6	0.00000
Mycobacterium virus Bernal13	1982102	S	6	0	6	0.00000
Arthrobacter virus Laroye	1982087	S	6	0	6	0.00000
Gordonia virus BrutonGaster	2734263	S	6	0	6	0.00000
Microbacterium virus Pikmin	2560596	S	6	0	6	0.00000
Microbacterium virus Eden	2734230	S	6	0	6	0.00000
Mycobacterium phage Bromden	2283252	S	3	0	3	0.00000
Mycobacterium phage DyoEdafos	2599860	S	3	0	3	0.00000
Gordonia virus Bantam	2560484	S	5	0	5	0.00000
Gordonia virus BaxterFox	2169730	S	4	0	4	0.00000
Gordonia virus Zirinka	2170042	S	1	0	1	0.00000
Arthrobacter virus Liebe	2734245	S	5	0	5	0.00000
Caulobacter virus Seuss	2734278	S	4	0	4	0.00000
Gordonia virus Trine	2734284	S	4	0	4	0.00000
Proteus virus Isfahan	2560650	S	4	0	4	0.00000
Gordonia virus Twister6	2170253	S	3	0	3	0.00000
Gordonia virus Wizard	2170254	S	1	0	1	0.00000
Arthrobacter virus Amigo	1982100	S	2	0	2	0.00000
Arthrobacteria virus Molivia	2560307	S	2	0	2	0.00000
Mycobacterium virus Brujita	561996	S	3	3	6	0.00000
Staphylococcus virus Sextaec	1922246	S	3	0	3	0.00000
Staphylococcus virus SEP9	1922247	S	1	0	1	0.00000
Pseudomonas virus nickie	2560688	S	4	0	4	0.00000
Microbacterium virus MementoMori	2734252	S	4	0	4	0.00000
Rhizobium virus P106B	2560703	S	4	0	4	0.00000
Lactobacillus virus Maenad	2734210	S	2	0	2	0.00000
Lactobacillus virus Satyr	2734212	S	2	0	2	0.00000
Arthrobacter virus Galaxy	2560303	S	3	0	3	0.00000
Mycobacterium virus Littlee	1034111	S	3	0	3	0.00000
Streptomyces virus Darolandstone	2734266	S	3	0	3	0.00000
Microbacterium virus OneinaGillian	2734236	S	3	0	3	0.00000
Streptococcus virus DT1	90410	S	2	2	4	0.00000
Streptococcus virus Sfi21	64186	S	1	1	2	0.00000
Corynebacterium virus Zion	2560397	S	1	2	3	0.00000
Microbacterium phage McGalleon	2590936	S	3	0	3	0.00000
Mycobacterium virus Mosmoris	1982093	S	1	2	3	0.00000
Microbacterium virus Metamorphoo	2734254	S	2	1	3	0.00000
Rhodococcus virus Trina	2560705	S	3	0	3	0.00000
Xylella virus Sano	2560848	S	3	0	3	0.00000
Gordonia virus Asapag	2734198	S	2	0	2	0.00000
Erwinia virus Eho49	2734231	S	2	1	3	0.00000
Arthrobacter virus Maja	2734249	S	2	0	2	0.00000
Arthrobacter virus DrManhattan	2734250	S	2	0	2	0.00000
Mycobacterium virus Wildcat	1993859	S	2	0	2	0.00000
Mycobacterium phage Estes	2759459	S	1	0	1	0.00000
Gordonia virus Bowser	2560487	S	2	0	2	0.00000
Gordonia virus Eyre	2560492	S	2	0	2	0.00000
Pseudomonas virus Ab26	1921547	S	1	0	1	0.00000
Pseudomonas phage PaMx42	1175662	S	1	0	1	0.00000
Cellulophaga virus ST	1918720	S	2	0	2	0.00000
Caulobacter virus Sansa	2734274	S	2	0	2	0.00000
Gordonia virus Fryberger	2734269	S	2	0	2	0.00000
Gordonia virus Hedwig	2560502	S	2	0	2	0.00000
Gordonia virus GodonK	2734237	S	1	0	1	0.00000
Microbacterium virus Zeta1847	2734292	S	1	0	1	0.00000
Streptomyces virus Lilbooboo	2734285	S	1	0	1	0.00000
Paracoccus virus Shpa	2560625	S	1	0	1	0.00000
Gordonia phage Dardanus	2588489	S	1	0	1	0.00000
Gordonia virus Fairfaxidum	2731208	S	1	2	3	0.00000
Pantoea virus Vid5	2560623	S	1	0	1	0.00000
Rhodococcus virus Weasel	2560706	S	1	0	1	0.00000
Microbacterium virus Armstrong	2734217	S	1	0	1	0.00000
Streptomyces virus Bing	2560785	S	1	0	1	0.00000
Pseudomonas virus Ab19	1982097	S	1	0	1	0.00000
Streptomyces virus TP1604	1982746	S	1	0	1	0.00000
Mycobacterium virus Sbash	2169812	S	1	0	1	0.00000
Mycobacterium virus Giles	1982151	S	1	0	1	0.00000
Pseudomonas virus D3	31535	S	1	16	17	0.00000
Brevibacillus virus Jenst	1982225	S	1	0	1	0.00000
Bacillus virus Stahl	1921711	S	1	0	1	0.00000
Streptococcus phage TP-778L	1385385	S	1	0	1	0.00000
Flavobacterium phage Fpv3	1814284	S	3	946	949	0.00006
Flavobacterium phage Fpv20	1814283	S	2	37	39	0.00000
Rhodoferax phage P26218	1636270	S	100	0	100	0.00001
Cellulophaga phage phi14:2	1327990	S	26	5	31	0.00000
Cellulophaga phage phi18:3	1327983	S	13	0	13	0.00000
uncultured crAssphage	1211417	S	7	0	7	0.00000
Cellulophaga phage phi46:3	1327985	S	4	0	4	0.00000
Cellulophaga phage phi19:3	1327971	S	2	0	2	0.00000
Cellulophaga phage phi13:2	1328030	S	1	0	1	0.00000
IAS virus	1450749	S	1	0	1	0.00000
Bacteroides phage crAss001	2301731	S	1	0	1	0.00000
Pseudomonas phage O4	1784982	S	15	0	15	0.00000
Vibrio phage phi 1	1589297	S	11	2	13	0.00000
Puniceispirillum phage HMO-2011	948071	S	8	0	8	0.00000
Pseudomonas phage Zuri	2604899	S	8	0	8	0.00000
Pseudoalteromonas phage pYD6-A	754052	S	8	0	8	0.00000
Vibrio phage PVA1	1461743	S	7	0	7	0.00000
Pseudomonas phage AF	1235689	S	7	0	7	0.00000
Serratia phage Parlo	2557554	S	6	0	6	0.00000
Enterococcus phage vB_EfaP_Efmus4	2546626	S	3	0	3	0.00000
Xanthomonas citri phage CP2	1188795	S	3	0	3	0.00000
Sulfitobacter phage NYA-2014a	1526550	S	3	8	11	0.00000
Cronobacter phage vB_CsaP_GAP52	1141137	S	2	0	2	0.00000
Pseudomonas phage ZC08	1622116	S	2	2	4	0.00000
Proteus phage Privateer	2712958	S	2	0	2	0.00000
Microbacterium phage Burro	2315703	S	1	0	1	0.00000
Clostridium phage phi24R	1128071	S	1	0	1	0.00000
Weissella phage phiYS61	1161906	S	1	0	1	0.00000
Xanthomonas phage RiverRider	2108116	S	1	0	1	0.00000
Vibrio phage 1.097.O._10N.286.49.B3	1881383	S	1	0	1	0.00000
Pectobacterium phage Nepra	2163635	S	1	3	4	0.00000
Vibrio phage vB_VspP_pVa5	1913109	S	1	0	1	0.00000
Thalassomonas phage BA3	469660	S	1	0	1	0.00000
Acinetobacter phage Presley	1406780	S	1	0	1	0.00000
Sinorhizobium phage PBC5	179237	S	1	0	1	0.00000
Sulfitobacter phage EE36phi1	490913	S	28	13	41	0.00000
Sulfitobacter phage phiCB2047-B	754046	S	12	0	12	0.00000
Roseobacter phage RD-1410W1-01	1815984	S	11	0	11	0.00000
Dinoroseobacter phage DS-1410Ws-06	1815983	S	3	0	3	0.00000
Ruegeria phage vB_RpoP-V13	2218612	S	1	0	1	0.00000
Dinoroseobacter virus DFL12	2169868	S	2	0	2	0.00000
Staphylococcus virus Andhra	2732591	S	14	0	14	0.00000
Staphylococcus virus St134	2732592	S	2	0	2	0.00000
Staphylococcus virus SLPW	2732605	S	3	0	3	0.00000
Staphylococcus virus S24-1	2732602	S	1	0	1	0.00000
Burkholderia virus BcepC6B	279280	S	12	1	13	0.00000
Burkholderia virus DC1	1136535	S	4	0	4	0.00000
Burkholderia virus Bcep22	242527	S	3	0	3	0.00000
Achromobacter virus Axp3	2169962	S	4	0	4	0.00000
Achromobacter virus JWAlpha	2169963	S	2	0	2	0.00000
Shigella virus Sb1	1920761	S	2	0	2	0.00000
Klebsiella phage KP8	2099850	S	2	0	2	0.00000
Klebsiella phage Pylas	2419682	S	4	0	4	0.00000
Escherichia virus C1302	2734159	S	4	0	4	0.00000
Lactococcus virus KSY1	388452	S	3	0	3	0.00000
Pseudomonas virus KPP21	1982595	S	2	0	2	0.00000
Escherichia virus Septima11	1987941	S	1	0	1	0.00000
Pseudomonas virus NV1	2560670	S	1	0	1	0.00000
Erwinia phage phiEaP-8	2178928	S	1	0	1	0.00000
Myxococcus virus Mx8	2560611	S	1	0	1	0.00000
Tenacibaculum phage PTm1	2547425	S	18	1	19	0.00000
Pelagibacter phage HTVC008M	1283076	S	15	0	15	0.00000
Aeromonas phage 4_L372XY	2588520	S	15	3	18	0.00000
Prochlorococcus phage P-TIM68	1542477	S	15	0	15	0.00000
Synechococcus phage S-CAM7	1883368	S	9	0	9	0.00000
Vibrio phage qdvp001	1003177	S	7	0	7	0.00000
Caulobacter phage Cr30	1357714	S	7	0	7	0.00000
Prochlorococcus phage P-SSM4	268747	S	7	0	7	0.00000
Synechococcus phage S-PM2	238854	S	7	0	7	0.00000
Vibrio phage ICP1	979525	S	6	0	6	0.00000
Mycobacterium phage Myrna	546805	S	5	0	5	0.00000
Tenacibaculum phage pT24	1880590	S	5	0	5	0.00000
Synechococcus phage ACG-2014j	1493514	S	4	11	15	0.00000
Acinetobacter phage YMC13/03/R2096	1560342	S	4	0	4	0.00000
Synechococcus phage metaG-MbCM1	1079999	S	4	0	4	0.00000
Alteromonas phage vB_AmeM_PT11-V22	2704031	S	4	0	4	0.00000
Vibrio phage 11895-B1	754075	S	4	0	4	0.00000
Leptospira phage LE1	137511	S	4	0	4	0.00000
Microcystis phage MaMV-DC	1357715	S	3	3	6	0.00000
Acinetobacter phage phiAC-1	1229760	S	3	0	3	0.00000
Aurantimonas phage AmM-1	1503929	S	2	0	2	0.00000
Synechococcus phage S-CRM01	1026955	S	2	0	2	0.00000
Cellulophaga phage phiSM	756280	S	2	0	2	0.00000
Escherichia phage vB_EcoM_PHB05	2041347	S	2	0	2	0.00000
Halovirus HSTV-2	1262527	S	2	0	2	0.00000
Shewanella sp. phage 1/40	1458860	S	2	0	2	0.00000
Bacillus phage 0305phi8-36	458639	S	2	0	2	0.00000
Leptospira phage LE3	2041382	S	1	0	1	0.00000
Pseudomonas phage Persinger	2749430	S	1	0	1	0.00000
Rhizobium phage RR1-B	929834	S	1	0	1	0.00000
Halocynthia phage JM-2012	1173297	S	1	0	1	0.00000
Pseudoalteromonas phage SL20	2023998	S	1	0	1	0.00000
Synechococcus phage S-SSM5	445685	S	1	0	1	0.00000
Cyanophage P-RSM1	536444	S	1	0	1	0.00000
Enterobacter phage Arya	1864622	S	1	0	1	0.00000
Pantoea phage vB_PagM_LIET2	2508071	S	1	0	1	0.00000
Cyanophage S-RIM32	1278479	S	1	0	1	0.00000
Synechococcus phage S-CAM22	1883365	S	1	0	1	0.00000
Synechococcus phage ACG-2014i	1493513	S	1	0	1	0.00000
Acinetobacter phage Acj61	760732	S	17	2	19	0.00000
Acinetobacter phage Ac42	762660	S	4	0	4	0.00000
Pectobacterium bacteriophage PM2	1429794	S	4	0	4	0.00000
Proteus phage vB_PmiM_Pm5461	1636250	S	3	0	3	0.00000
Edwardsiella phage PEi20	1608310	S	3	6	9	0.00000
Aeromonas phage phiAS5	879630	S	2	0	2	0.00000
Enterobacter phage vB_EclM_CIP9	2696340	S	2	4	6	0.00000
Acinetobacter phage Acj9	760939	S	1	0	1	0.00000
Morganella phage vB_MmoM_MP1	1852628	S	1	0	1	0.00000
Vibrio virus nt1	1914020	S	5	0	5	0.00000
Vibrio virus ValKK3	1914021	S	1	0	1	0.00000
Citrobacter virus Merlin	1985341	S	2	1	3	0.00000
Citrobacter virus Moon	1985342	S	2	10	12	0.00000
Escherichia virus CC31	1913656	S	3	0	3	0.00000
Aeromonas virus 65	260149	S	2	0	2	0.00000
Erwinia phage pEp_SNUABM_01	2601643	S	3	0	3	0.00000
Raoultella phage Ro1	2053702	S	2	4	6	0.00000
Erwinia phage Hena1	2678601	S	2	0	2	0.00000
Cronobacter virus CR8	1914898	S	4	0	4	0.00000
Pectobacterium virus phiTE	1980961	S	4	0	4	0.00000
Yersinia virus Yen9-04	2560849	S	23	0	23	0.00000
Flavobacterium virus FCV1	2560474	S	7	5	12	0.00000
Flavobacterium virus FCL2	2560473	S	6	4	10	0.00000
Synechococcus virus Bellamy	2734095	S	10	0	10	0.00000
Synechococcus phage S-SM2	444860	S	9	0	9	0.00000
Aeromonas virus 56	2560283	S	19	0	19	0.00000
Prochlorococcus virus PSSM2	2734140	S	16	0	16	0.00000
Cronobacter virus GAP32	2560400	S	10	0	10	0.00000
Pectinobacterium virus CBB	2560628	S	5	0	5	0.00000
Synechococcus phage ACG-2014c	1079998	S	8	0	8	0.00000
Synechococcus phage S-CAM8	754038	S	3	0	3	0.00000
Synechococcus virus SMbCM100	2734078	S	2	0	2	0.00000
Campylobacter virus CP220	722417	S	1	3	4	0.00000
Bacillus virus G	1084719	S	10	0	10	0.00000
Bordetella virus PHB04	2734129	S	9	0	9	0.00000
Arthrobacter phage DrYang	2686080	S	8	0	8	0.00000
Arthrobacter virus Colucci	2560302	S	1	0	1	0.00000
Escherichia virus EC6	1965376	S	2	2	4	0.00000
Erwinia virus Ea214	1965384	S	2	0	2	0.00000
Erwinia virus M7	1985307	S	1	0	1	0.00000
Prochlorococcus virus Syn33	2734097	S	5	1	6	0.00000
Cyanophage S-RIM12	1278402	S	3	0	3	0.00000
Prochlorococcus virus MED4-213	2734106	S	6	0	6	0.00000
Prochlorococcus phage P-HM1	445700	S	1	0	1	0.00000
Pseudomonas virus Noxifer	2560671	S	7	0	7	0.00000
Escherichia phage nepoznato	2696431	S	1	1	2	0.00000
Escherichia phage nieznany	2696432	S	1	3	4	0.00000
Synechococcus virus SCAM3	2734102	S	6	0	6	0.00000
Dickeya virus JA29	2734142	S	6	0	6	0.00000
Synechococcus virus STIM4	2734148	S	2	3	5	0.00000
Pseudomonas phage PhiPA3	998086	S	3	0	3	0.00000
Pseudomonas phage 201phi2-1	198110	S	2	0	2	0.00000
Burkholderia virus Bcep1	244310	S	3	0	3	0.00000
Burkholderia virus BcepNY3	446807	S	1	0	1	0.00000
Acinetobacter virus AbP2	2560264	S	4	0	4	0.00000
Arthrobacter virus Jawnski	1980949	S	3	1	4	0.00000
Acinetobacter virus Aci02-2	2734139	S	1	3	4	0.00000
Ralstonia virus RSL1	1980923	S	3	0	3	0.00000
Achromobacter phage Motura	2591403	S	1	0	1	0.00000
Iodobacter virus PLPE	2560530	S	4	0	4	0.00000
Vibrio virus pTD1	2560834	S	4	0	4	0.00000
Mycobacterium phage Tonenili	1891703	S	1	3	4	0.00000
Synechococcus virus AC2014fSyn7803C8	2734085	S	4	0	4	0.00000
Prochlorococcus virus PTIM40	2734115	S	2	0	2	0.00000
Synechococcus phage S-WAM1	1815521	S	1	0	1	0.00000
Escherichia virus 121Q	2560436	S	2	1	3	0.00000
Bacillus virus PBS1	10683	S	3	13	16	0.00000
Synechococcus virus SShM2	2734079	S	3	0	3	0.00000
Klebsiella virus RaK2	2560545	S	1	2	3	0.00000
Prochlorococcus virus PSSM7	2734127	S	3	0	3	0.00000
Rheinheimera virus Barba18A	2734090	S	1	1	2	0.00000
Synechococcus virus SRIM50	2734122	S	1	1	2	0.00000
Cronobacter phage CR5	1195085	S	2	0	2	0.00000
Synechococcus virus SIOM18	2734147	S	2	0	2	0.00000
Agrobacterium virus Atuph07	2560286	S	2	0	2	0.00000
Ralstonia virus RSL2	1980925	S	2	0	2	0.00000
Erwinia virus Y3	2734143	S	2	0	2	0.00000
Serratia virus CHI14	2560752	S	1	0	1	0.00000
Pseudomonas virus PMW	2560676	S	1	0	1	0.00000
Synechococcus virus SSM1	2734149	S	1	0	1	0.00000
Ralstonia virus RP12	2560700	S	1	0	1	0.00000
Escherichia virus Goslar	2734109	S	1	0	1	0.00000
Acinetobacter virus ME3	2560269	S	1	0	1	0.00000
Synechococcus virus SCAM9	2734111	S	1	0	1	0.00000
Yersinia virus R1RT	1921705	S	1	0	1	0.00000
Pseudomonas virus pf16	2560689	S	1	0	1	0.00000
Synechococcus virus SSKS1	2734116	S	1	0	1	0.00000
Synechococcus virus STIM5	2734088	S	1	0	1	0.00000
Curvibacter virus P26059B	2733926	S	115	0	115	0.00001
Celeribacter phage P12053L	1197951	S	29	1	30	0.00000
Pseudomonas phage PA11	347327	S	20	2	22	0.00000
Lentibacter virus vB_LenP_ICBM2	2301529	S	11	0	11	0.00000
Salinivibrio phage CW02	1161935	S	10	0	10	0.00000
Ralstonia virus RSJ2	2733594	S	11	0	11	0.00000
Ralstonia virus RSJ5	2733595	S	5	0	5	0.00000
Ralstonia virus RSPI1	2733590	S	8	0	8	0.00000
Burkholderia virus JG068	2733593	S	3	0	3	0.00000
Ralstonia virus RSB1	2733591	S	1	0	1	0.00000
Ralstonia virus RSPII1	2733596	S	1	0	1	0.00000
Pectobacterium virus Jarilo	2733629	S	3	4	7	0.00000
Klebsiella virus BIS33	2733664	S	1	1	2	0.00000
Citrobacter virus CR8	2733611	S	1	1	2	0.00000
Escherichia virus SRT7	2733617	S	1	0	1	0.00000
Ralstonia virus RsoP1EGY	2733919	S	4	4	8	0.00000
Pseudomonas virus VSW3	2560686	S	7	0	7	0.00000
Erwinia phage phiEa100	925983	S	3	0	3	0.00000
Citrobacter CrRp3	2733581	S	1	1	2	0.00000
Salmonella virus SP6	194966	S	1	0	1	0.00000
Synechococcus virus SCBP4	2733949	S	5	0	5	0.00000
Aeromonas virus AS7	2733365	S	4	0	4	0.00000
Sieqvirus S42C7	2733957	S	2	0	2	0.00000
Pelagibacter virus HTVC019P	2733944	S	2	0	2	0.00000
Agrobacterium virus Atuph03	2733891	S	2	0	2	0.00000
Pseudomonas virus f2	2733363	S	2	0	2	0.00000
Klebsiella virus KpV41	1980956	S	2	0	2	0.00000
Caulobacter virus Percy	2733946	S	1	0	1	0.00000
Bacillus virus Grass	1921017	S	8	2	10	0.00000
Bacillus virus Agate	1910935	S	3	0	3	0.00000
Bacillus virus Bp8pC	1910937	S	3	-3	0	0.00000
Bacillus phage Eldridge	1776293	S	5	0	5	0.00000
Bacillus virus B4	1918005	S	2	0	2	0.00000
Staphylococcus virus SEP1	1980930	S	3	7	10	0.00000
Staphylococcus virus IPLAC1C	1980931	S	1	4	5	0.00000
Staphylococcus virus SA12	1924730	S	1	6	7	0.00000
Staphylococcus virus Remus	1857890	S	1	-1	0	0.00000
Lactobacillus virus Lpa804	2734051	S	1	0	1	0.00000
Lactobacillus virus Semele	2734052	S	1	0	1	0.00000
Staphylococcus virus Twort	55510	S	1	0	1	0.00000
Staphylococcus virus SscM1	2734053	S	1	0	1	0.00000
Lactobacillus phage LpeD	2041210	S	1	0	1	0.00000
Salmonella virus S126	2732028	S	2	3	5	0.00000
Salmonella virus 118970sal2	1982565	S	1	-1	0	0.00000
Salmonella phage oldekolle	2713308	S	2	0	2	0.00000
Escherichia virus AKFV33	1112008	S	2	0	2	0.00000
Escherichia virus T5	10726	S	1	0	1	0.00000
Vibrio virus pVp1	2560835	S	6	0	6	0.00000
Vibrio virus Ceto	2060092	S	2	0	2	0.00000
Aeromonas virus AhSzw1	2733999	S	6	0	6	0.00000
Aeromonas virus AhSzq1	2733998	S	3	0	3	0.00000
Pectobacterium virus DUPPV	2733994	S	1	0	1	0.00000
Vibrio phage vB_VchM_Kuja	2686437	S	3	0	3	0.00000
Ralstonia phage RSP15	1785960	S	2	0	2	0.00000
Stenotrophomonas phage Mendera	2650877	S	2	0	2	0.00000
Klebsiella virus May	2731624	S	2	0	2	0.00000
Serratia virus IME250	2169688	S	1	0	1	0.00000
Klebsiella virus KpS110	2731623	S	1	1	2	0.00000
Salmonella phage Mutine	2054274	S	2	3	5	0.00000
Escherichia virus E41c	1920996	S	3	8	11	0.00000
Escherichia phage damhaus	2696389	S	1	1	2	0.00000
Nitrincola phage 1M3-16	1472912	S	2	0	2	0.00000
Shewanella virus Spp001	2733978	S	1	0	1	0.00000
Escherichia phage vB_EcoM_4HA13	2601675	S	1	0	1	0.00000
Bovine alphaherpesvirus 5	35244	S	2	1	3	0.00000
Cercopithecine alphaherpesvirus 9	35246	S	2	0	2	0.00000
Canid alphaherpesvirus 1	170325	S	1	0	1	0.00000
Saimiriine alphaherpesvirus 1	10353	S	4	0	4	0.00000
Meleagrid alphaherpesvirus 1	37108	S	1	0	1	0.00000
Columbid alphaherpesvirus 1	93386	S	1	0	1	0.00000
Elephantid betaherpesvirus 1	146015	S	4	0	4	0.00000
Tupaiid betaherpesvirus 1	10397	S	2	0	2	0.00000
Murid betaherpesvirus 8	1261657	S	1	0	1	0.00000
Murine roseolovirus	1940555	S	1	0	1	0.00000
Common bottlenose dolphin gammaherpesvirus 1 strain Sarasota	2022783	S	2	0	2	0.00000
Saimiriine gammaherpesvirus 2	10381	S	1	0	1	0.00000
Ateline gammaherpesvirus 3	85618	S	1	0	1	0.00000
Macacine gammaherpesvirus 5	154334	S	1	0	1	0.00000
Equid gammaherpesvirus 5	10371	S	1	0	1	0.00000
Anguillid herpesvirus 1	150286	S	4	0	4	0.00000
Cyprinid herpesvirus 1	317858	S	4	0	4	0.00000
Cyprinid herpesvirus 2	317878	S	1	0	1	0.00000
Ranid herpesvirus 2	389214	S	4	0	4	0.00000
Ictalurid herpesvirus 2	508441	S	1	0	1	0.00000
Ostreid herpesvirus 1	261939	S	10	0	10	0.00000
Bufonid herpesvirus 1	2282206	S	3	0	3	0.00000
Yellowstone lake phycodnavirus 2	1586714	S	95	0	95	0.00001
Yellowstone lake phycodnavirus 3	1586715	S	66	0	66	0.00000
Yellowstone lake phycodnavirus 1	1586713	S	34	0	34	0.00000
Micromonas sp. RCC1109 virus MpV1	880161	S	4	0	4	0.00000
Ostreococcus lucimarinus virus 1	880162	S	4	1	5	0.00000
Micromonas pusilla virus 12T	755272	S	2	0	2	0.00000
Micromonas pusilla virus SP1	373996	S	1	0	1	0.00000
Paramecium bursaria Chlorella virus A1	381899	S	62	0	62	0.00000
Acanthocystis turfacea chlorella virus 1	322019	S	20	0	20	0.00000
Paramecium bursaria Chlorella virus 1	10506	S	15	7	22	0.00000
Only Syngen Nebraska virus 5	1917232	S	3	0	3	0.00000
Orpheovirus IHUMI-LCC2	2023057	S	42	0	42	0.00000
Chrysochromulina ericina virus	455364	S	16	0	16	0.00000
Aureococcus anophagefferens virus	1474867	S	8	0	8	0.00000
Phaeocystis globosa virus	251749	S	8	0	8	0.00000
Heterosigma akashiwo virus 01	97195	S	8	0	8	0.00000
Ectocarpus siliculosus virus 1	37665	S	3	0	3	0.00000
Megavirus chiliensis	1094892	S	22	0	22	0.00000
Mimivirus terra2	1128151	S	9	10	19	0.00000
Acanthamoeba polyphaga mimivirus	212035	S	14	15	29	0.00000
Moumouvirus	985782	S	35	0	35	0.00000
Cafeteria roenbergensis virus	1513235	S	16	0	16	0.00000
Invertebrate iridescent virus 9	345195	S	12	1	13	0.00000
Invertebrate iridovirus 25	1301280	S	6	0	6	0.00000
Invertebrate iridescent virus 6	176652	S	17	0	17	0.00000
Invertebrate iridescent virus 31	345199	S	2	0	2	0.00000
Lymphocystis disease virus - isolate China	256729	S	5	0	5	0.00000
Lymphocystis disease virus Sa	1898060	S	2	0	2	0.00000
Tokyovirus A1	1826170	S	8	0	8	0.00000
Brazilian marseillevirus	1813599	S	7	0	7	0.00000
Noumeavirus	1955558	S	5	0	5	0.00000
Marseillevirus marseillevirus	694581	S	1	1	2	0.00000
Lausannevirus	999883	S	3	0	3	0.00000
Heliothis virescens ascovirus 3a	113366	S	1	-1	0	0.00000
Camelpox virus	28873	S	3	4	7	0.00000
Monkeypox virus	10244	S	2	1	3	0.00000
Raccoonpox virus	10256	S	2	0	2	0.00000
Variola virus	10255	S	1	0	1	0.00000
Fowlpox virus	10261	S	5	3	8	0.00000
Canarypox virus	44088	S	3	0	3	0.00000
Murmansk microtuspox virus	2734570	S	3	2	5	0.00000
Yokapox virus	1076255	S	2	0	2	0.00000
NY_014 poxvirus	2025360	S	2	1	3	0.00000
Orf virus	10258	S	7	0	7	0.00000
Pseudocowpox virus	129726	S	2	0	2	0.00000
Seal parapoxvirus	187984	S	1	0	1	0.00000
Eptesipox virus	1329402	S	5	0	5	0.00000
Cotia virus	39444	S	2	0	2	0.00000
Salmon gillpox virus	2734576	S	2	0	2	0.00000
Yaba monkey tumor virus	38804	S	1	0	1	0.00000
Amsacta moorei entomopoxvirus	28321	S	20	0	20	0.00000
Choristoneura rosaceana entomopoxvirus	1993631	S	6	3	9	0.00000
Mythimna separata entomopoxvirus	1179664	S	3	0	3	0.00000
Adoxophyes honmai entomopoxvirus	1993630	S	1	0	1	0.00000
Anomala cuprea entomopoxvirus	62099	S	13	0	13	0.00000
Melanoplus sanguinipes entomopoxvirus	83191	S	5	0	5	0.00000
Linepithema humile entomopoxvirus 1	2259792	S	1	0	1	0.00000
African swine fever virus	10497	S	6	0	6	0.00000
Porcine mastadenovirus A	130369	S	4	0	4	0.00000
Deer mastadenovirus B	2170000	S	2	0	2	0.00000
Human mastadenovirus D	130310	S	2	0	2	0.00000
Ovine mastadenovirus A	114424	S	1	0	1	0.00000
Human mastadenovirus C	129951	S	1	0	1	0.00000
Bat mastadenovirus E	2015374	S	1	0	1	0.00000
Turkey siadenovirus A	298333	S	2	0	2	0.00000
Yellowstone Lake virophage 7	1557035	S	9	0	9	0.00000
Cafeteriavirus-dependent mavirus	1932923	S	2	0	2	0.00000
Natrinema virus SNJ1	1723446	S	1	0	1	0.00000
Agrotis ipsilon multiple nucleopolyhedrovirus	208013	S	13	0	13	0.00000
Lymantria dispar multiple nucleopolyhedrovirus	10449	S	12	1	13	0.00000
Oxyplax ochracea nucleopolyhedrovirus	2083176	S	8	0	8	0.00000
Condylorrhiza vestigialis MNPV	1592576	S	4	0	4	0.00000
Apocheima cinerarium nucleopolyhedrovirus	307461	S	1	0	1	0.00000
Spodoptera litura nucleopolyhedrovirus II	566270	S	1	0	1	0.00000
Peridroma alphabaculovirus	1346829	S	1	0	1	0.00000
Catopsilia pomona nucleopolyhedrovirus	1850906	S	6	0	6	0.00000
Chrysodeixis includens nucleopolyhedrovirus	1207438	S	6	0	6	0.00000
Ectropis obliqua nucleopolyhedrovirus	59376	S	5	0	5	0.00000
Spodoptera frugiperda multiple nucleopolyhedrovirus	10455	S	3	0	3	0.00000
Clanis bilineata nucleopolyhedrovirus	1307957	S	3	0	3	0.00000
Epiphyas postvittana nucleopolyhedrovirus	70600	S	3	0	3	0.00000
Adoxophyes honmai nucleopolyhedrovirus	224399	S	3	0	3	0.00000
Spodoptera exigua multiple nucleopolyhedrovirus	10454	S	1	0	1	0.00000
Agrotis segetum nucleopolyhedrovirus A	1962501	S	1	0	1	0.00000
Lambdina fiscellaria nucleopolyhedrovirus	1642929	S	1	0	1	0.00000
Trichoplusia ni single nucleopolyhedrovirus	332054	S	1	0	1	0.00000
Bombyx mori nucleopolyhedrovirus	271108	S	1	0	1	0.00000
Thysanoplusia orichalcea nucleopolyhedrovirus	101850	S	1	0	1	0.00000
Plodia interpunctella granulovirus	262175	S	9	0	9	0.00000
Choristoneura fumiferana granulovirus	56947	S	6	0	6	0.00000
Mythimna unipuncta granulovirus B	2169746	S	5	0	5	0.00000
Clostera anastomosis granulovirus A	1986289	S	3	0	3	0.00000
Cydia pomonella granulovirus	28289	S	1	0	1	0.00000
Cnaphalocrocis medinalis granulovirus	1750712	S	1	0	1	0.00000
Diatraea saccharalis granulovirus	1675862	S	1	0	1	0.00000
Phthorimaea operculella granulovirus	192584	S	1	0	1	0.00000
Pandoravirus salinus	1349410	S	21	0	21	0.00000
Pandoravirus inopinatum	1605721	S	18	3	21	0.00000
Pandoravirus neocaledonia	2107708	S	11	0	11	0.00000
Pandoravirus macleodensis	2107707	S	10	0	10	0.00000
Pandoravirus dulcis	1349409	S	6	0	6	0.00000
Pandoravirus quercus	2107709	S	6	1	7	0.00000
Apis mellifera filamentous virus	1100043	S	9	0	9	0.00000
Cedratvirus A11	1903266	S	1	0	1	0.00000
Phormidium phage MIS-PhV1B	1391456	S	1	0	1	0.00000
Halovirus HCTV-2	1273747	S	1	0	1	0.00000
Pacmanvirus A23	1932881	S	7	0	7	0.00000
Mollivirus sibericum	1678078	S	3	0	3	0.00000
Lake Sarah-associated circular virus-46	1685775	S	2	0	2	0.00000
Leptopilina boulardi filamentous virus	552509	S	1	0	1	0.00000
Sewage-associated circular DNA virus-11	1519387	S	1	0	1	0.00000
China Rattus coronavirus HKU24	2501960	S	2	0	2	0.00000
Rabbit coronavirus HKU14	1160968	S	1	0	1	0.00000
Canada goose coronavirus	2569586	S	2	0	2	0.00000
Alphamesonivirus 1	1312874	S	5	0	5	0.00000
Tomato marchitez virus	470166	S	2	0	2	0.00000
Mulberry mosaic leaf roll associated virus	1527441	S	1	0	1	0.00000
Pleione virus Y	104390	S	4	0	4	0.00000
Bean common mosaic virus	12196	S	1	0	1	0.00000
African eggplant mosaic virus	2056161	S	1	0	1	0.00000
Oat necrotic mottle virus	112437	S	1	0	1	0.00000
Burana orthonairovirus	1980518	S	5	0	5	0.00000
Spider shaspivirus	2509384	S	2	0	2	0.00000
Shamonda orthobunyavirus	159150	S	2	0	2	0.00000
Rice stripe tenuivirus	12331	S	2	0	2	0.00000
Insect inshuvirus	1980541	S	1	0	1	0.00000
Pepper chlorotic spot orthotospovirus	2734493	S	1	0	1	0.00000
Myriapod hubavirus	2508259	S	1	0	1	0.00000
Koolpinyah ephemerovirus	1972596	S	1	0	1	0.00000
Santabarbara arurhavirus	2734372	S	1	0	1	0.00000
Dipteran anphevirus	2501934	S	1	0	1	0.00000
Una virus	59304	S	3	0	3	0.00000
Narcissus common latent virus	160844	S	2	0	2	0.00000
Fako virus	1567404	S	2	0	2	0.00000
Aquareovirus E	2083444	S	1	0	1	0.00000
Homalodisca vitripennis reovirus	411854	S	1	0	1	0.00000
Saccharomyces 23S RNA narnavirus	198599	S	1	0	1	0.00000
Ophiostoma mitovirus 3a	198597	S	1	0	1	0.00000
Beihai picorna-like virus 49	1922593	S	6	0	6	0.00000
Wuhan heteroptera virus 1	1923701	S	3	0	3	0.00000
Hubei picorna-like virus 52	1923134	S	3	0	3	0.00000
Hubei orthoptera virus 1	1923009	S	3	0	3	0.00000
Wuhan insect virus 19	1923723	S	2	0	2	0.00000
Beihai picorna-like virus 2	1922562	S	1	0	1	0.00000
Wenzhou picorna-like virus 52	1923640	S	1	0	1	0.00000
Changjiang crawfish virus 6	1922770	S	1	0	1	0.00000
Shahe picorna-like virus 11	1923441	S	1	0	1	0.00000
Gamboa mosquito virus	1746059	S	1	0	1	0.00000
Andrena haemorrhoa nege-like virus	2094259	S	1	0	1	0.00000
Wuhan aphid virus 1	1746067	S	1	0	1	0.00000
Snyder-Theilen feline sarcoma virus	11780	S	2	0	2	0.00000
Rhesus macaque simian foamy virus	2170199	S	1	0	1	0.00000
Tobacco vein clearing virus	107324	S	1	0	1	0.00000
Woodchuck hepatitis virus	35269	S	1	0	1	0.00000
Parvovirus NIH-CQV	1341019	S	18	0	18	0.00000
Human polyomavirus 5	1891726	S	6	0	6	0.00000
Meles meles polyomavirus 1	1608323	S	1	0	1	0.00000
Dyoxipapillomavirus 2	2169881	S	2	0	2	0.00000
Tomato leaf curl Philippines virus	96054	S	3	0	3	0.00000
Tomato golden mosaic virus	10831	S	2	0	2	0.00000
Macroptilium common mosaic virus	1904881	S	1	0	1	0.00000
Maize striate mosaic virus	2025388	S	2	0	2	0.00000
Human associated porprismacovirus 1	2170113	S	4	0	4	0.00000
Microviridae Fen7918_21	1655661	S	9	0	9	0.00000
Gokushovirinae GAIR4	1701404	S	2	0	2	0.00000
Betapleolipovirus HGPV1	2747322	S	1	0	1	0.00000
Sulfolobus islandicus rod-shaped virus 10	1983545	S	6	1	7	0.00000
Stygiolobus rod-shaped virus	537009	S	1	0	1	0.00000
Sulfolobus islandicus rod-shaped virus 2	157899	S	4	0	4	0.00000
Drosophila innubila nudivirus	2057187	S	4	0	4	0.00000
Esparto virus	2072209	S	3	0	3	0.00000
Kallithea virus	1654582	S	2	0	2	0.00000
Heliothis zea nudivirus	29250	S	1	0	1	0.00000
Cotesia congregata bracovirus	39640	S	7	0	7	0.00000
Hyposoter fugitivus ichnovirus	265522	S	2	0	2	0.00000
uncultured Mediterranean phage	1868660	S	3	0	3	0.00000
Sulfolobus virus STSV1	285013	S	1	0	1	0.00000
Sulfolobus monocaudavirus SMV3	1732177	S	1	7	8	0.00000
White spot syndrome virus	342409	S	1	0	1	0.00000
Tomato leaf curl Malaysia betasatellite	2049892	S	1	0	1	0.00000
Rodent Torque teno virus 2	1514665	S	1	0	1	0.00000
Glossina hytrosavirus	2747309	S	1	0	1	0.00000
