name	taxonomy_id	taxonomy_lvl	kraken_assigned_reads	added_reads	new_est_reads	fraction_total_reads
Homo sapiens	9606	S	1367713	1817	1369530	0.96931
Acidovorax sp. KKS102	358220	S	181	92	273	0.00019
Acidovorax sp. 1608163	2478662	S	71	10	81	0.00006
Acidovorax sp. JMULE5	2518343	S	70	13	83	0.00006
Acidovorax sp. T1	1858609	S	61	158	219	0.00016
Acidovorax sp. RAC01	1842533	S	47	21	68	0.00005
Acidovorax sp. HDW3	2714923	S	37	10	47	0.00003
Acidovorax sp. JS42	232721	S	3	67	70	0.00005
Acidovorax carolinensis	553814	S	90	71	161	0.00011
Acidovorax avenae	80867	S	41	21	62	0.00004
Acidovorax monticola	1926868	S	28	7	35	0.00002
Acidovorax antarcticus	2743470	S	24	12	36	0.00003
Acidovorax cattleyae	80868	S	15	9	24	0.00002
Acidovorax citrulli	80869	S	8	7	15	0.00001
Acidovorax ebreus	721785	S	5	62	67	0.00005
Rhodoferax sp. AJA081-3	2752316	S	89	6	95	0.00007
Rhodoferax sp. BAB1	2741720	S	43	9	52	0.00004
Rhodoferax sp. PAMC29310	2822760	S	43	7	50	0.00004
Rhodoferax saidenbachensis	1484693	S	111	13	124	0.00009
Rhodoferax sediminis	2509614	S	78	9	87	0.00006
Rhodoferax ferrireducens	192843	S	59	4	63	0.00004
Rhodoferax koreense	1842727	S	59	34	93	0.00007
Rhodoferax antarcticus	81479	S	38	3	41	0.00003
Variovorax sp. PAMC26660	2762322	S	37	8	45	0.00003
Variovorax sp. PAMC 28711	1795631	S	36	3	39	0.00003
Variovorax sp. RKNM96	2681552	S	27	11	38	0.00003
Variovorax sp. PBS-H4	434008	S	22	10	32	0.00002
Variovorax sp. HW608	1034889	S	22	2	24	0.00002
Variovorax sp. WDL1	207745	S	14	15	29	0.00002
Variovorax sp. PAMC28562	2762323	S	13	0	13	0.00001
Variovorax sp. RA8	662548	S	13	10	23	0.00002
Variovorax sp. SRS16	282217	S	12	24	36	0.00003
Variovorax sp. 38R	2774875	S	11	16	27	0.00002
Variovorax sp. PBL-E5	434014	S	7	17	24	0.00002
Variovorax sp. PBL-H6	434009	S	7	8	15	0.00001
Variovorax sp. PDNC026	2811425	S	2	60	62	0.00004
Variovorax paradoxus	34073	S	131	60	191	0.00014
Variovorax boronicumulans	436515	S	14	15	29	0.00002
Hydrogenophaga sp. BA0156	2716225	S	49	26	75	0.00005
Hydrogenophaga sp. PBL-H3	434010	S	45	41	86	0.00006
Hydrogenophaga sp. BPS33	2651974	S	39	20	59	0.00004
Hydrogenophaga sp. RAC07	1842537	S	35	10	45	0.00003
Hydrogenophaga sp. PAMC20947	2565558	S	30	1	31	0.00002
Hydrogenophaga sp. PBC	795665	S	25	15	40	0.00003
Hydrogenophaga sp. YM1	2806262	S	20	7	27	0.00002
Hydrogenophaga sp. NH-16	2184519	S	10	22	32	0.00002
Hydrogenophaga crassostreae	1763535	S	22	0	22	0.00002
Hydrogenophaga pseudoflava	47421	S	17	28	45	0.00003
Comamonas testosteroni	285	S	51	67	118	0.00008
Comamonas kerstersii	225992	S	40	11	51	0.00004
Comamonas piscis	1562974	S	38	4	42	0.00003
Comamonas aquatica	225991	S	36	12	48	0.00003
Comamonas koreensis	160825	S	28	6	34	0.00002
Comamonas serinivorans	1082851	S	19	3	22	0.00002
Comamonas sp. NLF-7-7	2597701	S	14	5	19	0.00001
Comamonas thiooxydans	363952	S	9	9	18	0.00001
Limnohabitans sp. 63ED37-2	1678128	S	111	11	122	0.00009
Limnohabitans sp. 103DPR2	1678129	S	99	7	106	0.00008
Polaromonas sp. JS666	296591	S	28	7	35	0.00002
Polaromonas sp. H8N	1840297	S	3	47	50	0.00004
Polaromonas naphthalenivorans	216465	S	83	11	94	0.00007
Polaromonas vacuolata	37448	S	22	3	25	0.00002
Curvibacter sp. AEP1-3	1844971	S	184	9	193	0.00014
Ottowia oryzae	2109914	S	94	11	105	0.00007
Ottowia sp. 27C	2816950	S	40	3	43	0.00003
Ottowia sp. oral taxon 894	1658672	S	12	0	12	0.00001
Diaphorobacter sp. HDW4B	2714925	S	27	2	29	0.00002
Diaphorobacter sp. HDW4A	2714924	S	20	16	36	0.00003
Diaphorobacter sp. JS3050	2735554	S	6	136	142	0.00010
Diaphorobacter sp. JS3051	2792224	S	6	132	138	0.00010
Diaphorobacter aerolatus	1288495	S	37	50	87	0.00006
Diaphorobacter ruginosibacter	1715720	S	19	2	21	0.00001
Diaphorobacter polyhydroxybutyrativorans	1546149	S	2	16	18	0.00001
Delftia acidovorans	80866	S	11	23	34	0.00002
Delftia lacustris	558537	S	4	26	30	0.00002
Delftia tsuruhatensis	180282	S	3	14	17	0.00001
Delftia sp. Cs1-4	742013	S	2	5	7	0.00000
Delftia sp. HK171	1920191	S	1	3	4	0.00000
Kinneretia sp. DAIF2	2714952	S	59	15	74	0.00005
Serpentinomonas raichei	1458425	S	24	4	28	0.00002
Serpentinomonas mccroryi	1458426	S	19	3	22	0.00002
Ramlibacter tataouinensis	94132	S	45	7	52	0.00004
Simplicispira suum	2109915	S	45	13	58	0.00004
Verminephrobacter eiseniae	364317	S	43	2	45	0.00003
Schlegelella thermodepolymerans	215580	S	37	12	49	0.00003
Alicycliphilus denitrificans	179636	S	30	47	77	0.00005
Melaminivora sp. SC2-9	2109913	S	26	14	40	0.00003
Hylemonella gracilis	80880	S	24	2	26	0.00002
Pulveribacter suum	2116657	S	13	3	16	0.00001
Candidatus Symbiobacter mobilis	1436290	S	12	0	12	0.00001
Polynucleobacter necessarius	576610	S	157	13	170	0.00012
Polynucleobacter duraquae	1835254	S	93	14	107	0.00008
Polynucleobacter asymbioticus	576611	S	31	4	35	0.00002
Polynucleobacter paneuropaeus	2527775	S	22	2	24	0.00002
Polynucleobacter wuianus	1743168	S	20	6	26	0.00002
Polynucleobacter sp. LimPoW16	1743162	S	12	0	12	0.00001
Polynucleobacter sp. MWH-UH21B	1743174	S	4	0	4	0.00000
Polynucleobacter difficilis	556054	S	13	0	13	0.00001
Polynucleobacter acidiphobus	556053	S	7	0	7	0.00000
Cupriavidus taiwanensis	164546	S	36	14	50	0.00004
Cupriavidus necator	106590	S	23	6	29	0.00002
Cupriavidus metallidurans	119219	S	22	21	43	0.00003
Cupriavidus basilensis	68895	S	21	12	33	0.00002
Cupriavidus pauculus	82633	S	14	3	17	0.00001
Cupriavidus campinensis	151783	S	12	4	16	0.00001
Cupriavidus pinatubonensis	248026	S	8	4	12	0.00001
Cupriavidus oxalaticus	96344	S	6	2	8	0.00001
Cupriavidus malaysiensis	367825	S	4	15	19	0.00001
Cupriavidus nantongensis	1796606	S	3	5	8	0.00001
Cupriavidus sp. USMAA2-4	876364	S	3	13	16	0.00001
Cupriavidus gilardii	82541	S	1	3	4	0.00000
Cupriavidus neocaledonicus	1040979	S	1	0	1	0.00000
Burkholderia cenocepacia	95486	S	6	14	20	0.00001
Burkholderia ubonensis	101571	S	6	14	20	0.00001
Burkholderia stabilis	95485	S	5	4	9	0.00001
Burkholderia cepacia	292	S	5	7	12	0.00001
Burkholderia vietnamiensis	60552	S	4	21	25	0.00002
Burkholderia lata	482957	S	4	3	7	0.00000
Burkholderia contaminans	488447	S	4	3	7	0.00000
Burkholderia multivorans	87883	S	3	1	4	0.00000
Burkholderia ambifaria	152480	S	3	8	11	0.00001
Burkholderia anthina	179879	S	1	1	2	0.00000
Burkholderia territorii	1503055	S	1	0	1	0.00000
Burkholderia stagnalis	1503054	S	1	0	1	0.00000
Burkholderia pseudomultivorans	1207504	S	1	1	2	0.00000
Burkholderia diffusa	488732	S	1	0	1	0.00000
Burkholderia latens	488446	S	1	3	4	0.00000
Burkholderia pyrrocinia	60550	S	1	0	1	0.00000
Burkholderia sp. THE68	758782	S	5	0	5	0.00000
Burkholderia sp. CCGE1003	640512	S	4	1	5	0.00000
Burkholderia sp. DHOD12	2571746	S	4	0	4	0.00000
Burkholderia sp. MS389	2811789	S	2	1	3	0.00000
Burkholderia sp. MSMB0856	1637869	S	2	1	3	0.00000
Burkholderia sp. PAMC 28687	1795874	S	2	1	3	0.00000
Burkholderia sp. PAMC 26561	1795043	S	2	0	2	0.00000
Burkholderia sp. Bp7605	1740163	S	2	0	2	0.00000
Burkholderia sp. KBS0801	1179675	S	1	3	4	0.00000
Burkholderia pseudomallei	28450	S	8	9	17	0.00001
Burkholderia thailandensis	57975	S	2	0	2	0.00000
Burkholderia oklahomensis	342113	S	2	0	2	0.00000
Burkholderia sp. BDU6	1385591	S	1	0	1	0.00000
Burkholderia sp. BDU8	1385592	S	1	0	1	0.00000
Burkholderia sp. MSMB617WGS	1637831	S	1	2	3	0.00000
Burkholderia glumae	337	S	11	9	20	0.00001
Burkholderia gladioli	28095	S	6	1	7	0.00000
Burkholderia plantarii	41899	S	4	0	4	0.00000
Paraburkholderia sp. SOS3	1926494	S	20	1	21	0.00001
Paraburkholderia sp. 7MH5	2547399	S	3	0	3	0.00000
Paraburkholderia sp. PGU16	2735433	S	3	1	4	0.00000
Paraburkholderia phytofirmans	261302	S	9	4	13	0.00001
Paraburkholderia graminis	60548	S	7	2	9	0.00001
Paraburkholderia megapolitana	420953	S	7	0	7	0.00000
Paraburkholderia phymatum	148447	S	7	2	9	0.00001
Paraburkholderia fungorum	134537	S	7	2	9	0.00001
Paraburkholderia caledonica	134536	S	7	1	8	0.00001
Paraburkholderia caribensis	75105	S	6	4	10	0.00001
Paraburkholderia aromaticivorans	2026199	S	6	3	9	0.00001
Paraburkholderia xenovorans	36873	S	4	5	9	0.00001
Paraburkholderia terricola	169427	S	3	0	3	0.00000
Paraburkholderia dokdonella	2211211	S	3	0	3	0.00000
Paraburkholderia tropica	92647	S	2	0	2	0.00000
Paraburkholderia acidisoli	2571748	S	2	0	2	0.00000
Paraburkholderia acidiphila	2571747	S	2	0	2	0.00000
Paraburkholderia sprentiae	948107	S	2	0	2	0.00000
Paraburkholderia caffeinilytica	1761016	S	2	0	2	0.00000
Paraburkholderia atlantica	2654982	S	1	0	1	0.00000
Paraburkholderia ginsengisoli	311231	S	1	0	1	0.00000
Paraburkholderia phenoliruptrix	252970	S	1	0	1	0.00000
Ralstonia solanacearum	305	S	29	28	57	0.00004
Ralstonia insidiosa	190721	S	14	6	20	0.00001
Ralstonia mannitolilytica	105219	S	8	7	15	0.00001
Ralstonia pickettii	329	S	5	3	8	0.00001
Pandoraea thiooxydans	445709	S	13	0	13	0.00001
Pandoraea pulmonicola	93221	S	7	2	9	0.00001
Pandoraea vervacti	656178	S	4	2	6	0.00000
Pandoraea fibrosis	1891094	S	4	2	6	0.00000
Pandoraea norimbergensis	93219	S	3	0	3	0.00000
Pandoraea apista	93218	S	2	1	3	0.00000
Pandoraea sp. XY-2	2518599	S	2	0	2	0.00000
Pandoraea pnomenusa	93220	S	1	0	1	0.00000
Pandoraea faecigallinarum	656179	S	1	0	1	0.00000
Lautropia mirabilis	47671	S	10	1	11	0.00001
Caballeronia sp. M1242	2814653	S	5	0	5	0.00000
Caballeronia sp. SBC1	2705548	S	2	3	5	0.00000
Caballeronia insecticola	758793	S	1	0	1	0.00000
Ephemeroptericola cinctiostellae	2268024	S	10	0	10	0.00001
Chitinimonas arctica	2594795	S	6	0	6	0.00000
Limnobacter sp. SAORIC-580	2732163	S	5	0	5	0.00000
Mycetohabitans rhizoxinica	412963	S	4	0	4	0.00000
Massilia sp. CCM 8941	2765360	S	39	19	58	0.00004
Massilia sp. NR 4-1	1678028	S	35	9	44	0.00003
Massilia sp. LPB0304	2769491	S	20	11	31	0.00002
Massilia sp. WG5	1707785	S	18	14	32	0.00002
Massilia sp. YMA4	1593482	S	11	9	20	0.00001
Massilia violaceinigra	2045208	S	40	17	57	0.00004
Massilia putida	1141883	S	21	10	31	0.00002
Massilia lutea	321985	S	18	7	25	0.00002
Massilia albidiflava	321983	S	15	8	23	0.00002
Massilia flava	871742	S	14	3	17	0.00001
Massilia armeniaca	2072590	S	14	11	25	0.00002
Massilia plicata	321984	S	13	4	17	0.00001
Massilia oculi	945844	S	13	3	16	0.00001
Massilia umbonata	864828	S	7	3	10	0.00001
Janthinobacterium sp. 1_2014MBL_MicDiv	1644131	S	22	6	28	0.00002
Janthinobacterium sp. 17J80-10	2497863	S	18	2	20	0.00001
Janthinobacterium sp. LM6	1938606	S	9	4	13	0.00001
Janthinobacterium sp. Marseille	375286	S	8	2	10	0.00001
Janthinobacterium sp. HH102	1537274	S	8	14	22	0.00002
Janthinobacterium sp. PLB02	2808899	S	7	12	19	0.00001
Janthinobacterium sp. B9-8	1236179	S	1	0	1	0.00000
Janthinobacterium tructae	2590869	S	31	15	46	0.00003
Janthinobacterium agaricidamnosum	55508	S	29	15	44	0.00003
Janthinobacterium svalbardensis	368607	S	18	8	26	0.00002
Janthinobacterium lividum	29581	S	8	9	17	0.00001
Duganella sp. AF9R3	2728021	S	198	36	234	0.00017
Duganella sp. GN2-R2	2728020	S	12	4	16	0.00001
Herbaspirillum frisingense	92645	S	22	7	29	0.00002
Herbaspirillum sp. meg3	2025949	S	19	1	20	0.00001
Herbaspirillum rubrisubalbicans	80842	S	12	6	18	0.00001
Herbaspirillum robiniae	2014887	S	10	3	13	0.00001
Herbaspirillum seropedicae	964	S	9	3	12	0.00001
Herbaspirillum hiltneri	341045	S	8	1	9	0.00001
Herbaspirillum huttiense	863372	S	2	0	2	0.00000
Undibacterium sp. YM2	2058625	S	34	10	44	0.00003
Undibacterium sp. KW1	2058624	S	27	7	34	0.00002
Undibacterium parvum	401471	S	5	0	5	0.00000
Collimonas arenae	279058	S	19	1	20	0.00001
Collimonas pratensis	279113	S	19	1	20	0.00001
Collimonas fungivorans	158899	S	16	1	17	0.00001
Noviherbaspirillum sp. UKPF54	2601898	S	12	1	13	0.00001
Herminiimonas arsenitoxidans	1809410	S	9	2	11	0.00001
Glaciimonas sp. PAMC28666	2807626	S	6	0	6	0.00000
Oxalobacter formigenes	847	S	3	0	3	0.00000
Rhizobacter sp. AJA081-3	2753607	S	84	21	105	0.00007
Rhizobacter gummiphilus	946333	S	71	14	85	0.00006
Sphaerotilus natans	34103	S	111	38	149	0.00011
Leptothrix cholodnii	34029	S	85	27	112	0.00008
Methylibium petroleiphilum	105560	S	24	22	46	0.00003
Methylibium sp. Pch-M	2082386	S	17	17	34	0.00002
Rubrivivax gelatinosus	28068	S	53	16	69	0.00005
Paucibacter sp. KCTC 42545	1768242	S	47	9	56	0.00004
Aquabacterium olei	1296669	S	41	11	52	0.00004
Thiomonas sp. X19	1050370	S	18	2	20	0.00001
Thiomonas intermedia	926	S	8	4	12	0.00001
Thiomonas arsenitoxydans	426114	S	4	3	7	0.00000
Inhella inkyongensis	392593	S	26	4	30	0.00002
Mitsuaria sp. 7	1658665	S	25	5	30	0.00002
Xylophilus rhododendri	2697032	S	22	7	29	0.00002
Roseateles depolymerans	76731	S	21	4	25	0.00002
Bordetella genomosp. 13	463040	S	14	7	21	0.00001
Bordetella genomosp. 8	1416806	S	10	0	10	0.00001
Bordetella sp. N	1746199	S	6	0	6	0.00000
Bordetella sp. H567	1697043	S	2	0	2	0.00000
Bordetella avium	521	S	6	0	6	0.00000
Bordetella holmesii	35814	S	6	1	7	0.00000
Bordetella hinzii	103855	S	6	1	7	0.00000
Bordetella trematum	123899	S	6	1	7	0.00000
Bordetella flabilis	463014	S	6	0	6	0.00000
Bordetella genomosp. 9	1416803	S	4	0	4	0.00000
Bordetella bronchiseptica	518	S	3	15	18	0.00001
Bordetella petrii	94624	S	2	2	4	0.00000
Bordetella bronchialis	463025	S	2	0	2	0.00000
Bordetella pseudohinzii	1331258	S	2	0	2	0.00000
Achromobacter xylosoxidans	85698	S	22	33	55	0.00004
Achromobacter spanius	217203	S	15	5	20	0.00001
Achromobacter sp. B7	2282475	S	6	1	7	0.00000
Achromobacter sp. MFA1 R4	1881016	S	5	1	6	0.00000
Achromobacter sp. AONIH1	1758194	S	3	2	5	0.00000
Achromobacter insolitus	217204	S	5	1	6	0.00000
Achromobacter pestifer	1353889	S	5	5	10	0.00001
Achromobacter denitrificans	32002	S	1	0	1	0.00000
Alcaligenes faecalis	511	S	5	3	8	0.00001
Alcaligenes sp. SORT26	2813780	S	2	0	2	0.00000
Alcaligenes aquatilis	323284	S	1	4	5	0.00000
Pigmentiphaga sp. H8	2488560	S	8	0	8	0.00001
Pigmentiphaga aceris	1940612	S	5	0	5	0.00000
Pusillimonas thiosulfatoxidans	2028345	S	10	1	11	0.00001
Pusillimonas sp. T7-7	1007105	S	1	0	1	0.00000
Advenella kashmirensis	310575	S	6	0	6	0.00000
Advenella mimigardefordensis	302406	S	2	0	2	0.00000
Castellaniella defragrans	75697	S	8	3	11	0.00001
Orrella dioscoreae	1851544	S	8	1	9	0.00001
Pelistega ratti	2652177	S	3	0	3	0.00000
Paenalcaligenes hominis	643674	S	3	0	3	0.00000
Basilea psittacipulmonis	1472345	S	3	0	3	0.00000
Taylorella equigenitalis	29575	S	1	0	1	0.00000
Oligella ureolytica	90244	S	1	0	1	0.00000
Kerstersia gyiorum	206506	S	1	0	1	0.00000
Algicoccus marinus	2163011	S	1	0	1	0.00000
Sutterella wadsworthensis	40545	S	5	0	5	0.00000
Sutterella megalosphaeroides	2494234	S	1	0	1	0.00000
Sutterella faecalis	2584944	S	1	0	1	0.00000
Aquaspirillum sp. LM1	1938604	S	141	11	152	0.00011
Chromobacterium sp. ATCC 53434	2059672	S	3	0	3	0.00000
Chromobacterium sp. Rain0013	2292447	S	2	1	3	0.00000
Chromobacterium vaccinii	1108595	S	3	0	3	0.00000
Chromobacterium phragmitis	2202141	S	3	0	3	0.00000
Chromobacterium paludis	2605945	S	2	0	2	0.00000
Chromobacterium haemolyticum	394935	S	1	6	7	0.00000
Iodobacter sp. H11R3	2496266	S	3	0	3	0.00000
Iodobacter fluviatilis	537	S	2	0	2	0.00000
Laribacter hongkongensis	168471	S	17	6	23	0.00002
Jeongeupia sp. USM3	1906741	S	7	0	7	0.00000
Jeongeupia sp. HS-3	1009682	S	4	0	4	0.00000
Chitinibacter sp. 2T18	2739434	S	6	3	9	0.00001
Chitinibacter fontanus	1737446	S	3	0	3	0.00000
Aquitalea aquatilis	1537400	S	2	0	2	0.00000
Aquitalea sp. USM4	1590041	S	2	2	4	0.00000
Aquitalea denitrificans	519081	S	1	0	1	0.00000
Microvirgula aerodenitrificans	57480	S	7	0	7	0.00000
Deefgea sp. D17	2739061	S	7	1	8	0.00001
Vogesella sp. LIG4	1192162	S	4	0	4	0.00000
Pseudogulbenkiania sp. NH8B	748280	S	4	0	4	0.00000
Vitreoscilla filiformis	63	S	78	13	91	0.00006
Vitreoscilla sp. C1	96942	S	3	0	3	0.00000
Neisseria gonorrhoeae	485	S	6	4	10	0.00001
Neisseria animalis	492	S	6	0	6	0.00000
Neisseria sp. oral taxon 014	641148	S	2	0	2	0.00000
Neisseria sp. 10022	1853276	S	2	0	2	0.00000
Neisseria sp. ZJ785	2709396	S	1	0	1	0.00000
Neisseria chenwenguii	1853278	S	5	0	5	0.00000
Neisseria brasiliensis	2666100	S	4	1	5	0.00000
Neisseria subflava	28449	S	3	1	4	0.00000
Neisseria flavescens	484	S	3	1	4	0.00000
Neisseria sicca	490	S	2	1	3	0.00000
Neisseria lactamica	486	S	2	1	3	0.00000
Neisseria mucosa	488	S	2	1	3	0.00000
Neisseria weaveri	28091	S	1	0	1	0.00000
Neisseria cinerea	483	S	1	0	1	0.00000
Neisseria dentiae	194197	S	1	0	1	0.00000
Neisseria bacilliformis	267212	S	1	0	1	0.00000
Neisseria animaloris	326522	S	1	0	1	0.00000
Neisseria zalophi	640030	S	1	0	1	0.00000
Crenobacter cavernae	2290923	S	9	1	10	0.00001
Alysiella filiformis	194196	S	4	0	4	0.00000
Kingella denitrificans	502	S	1	0	1	0.00000
Kingella kingae	504	S	1	0	1	0.00000
Kingella oralis	505	S	1	0	1	0.00000
Chitinolyticbacter meiyuanensis	682798	S	3	0	3	0.00000
Snodgrassella alvi	1196083	S	2	0	2	0.00000
Simonsiella muelleri	72	S	1	0	1	0.00000
Eikenella corrodens	539	S	1	0	1	0.00000
Azoarcus sp. CIB	198107	S	12	4	16	0.00001
Azoarcus sp. DD4	2027405	S	12	7	19	0.00001
Azoarcus sp. DN11	356837	S	11	3	14	0.00001
Azoarcus sp. M9-3-2	2016596	S	8	0	8	0.00001
Azoarcus sp. KH32C	748247	S	7	0	7	0.00000
Azoarcus communis	41977	S	15	4	19	0.00001
Azoarcus olearius	418699	S	9	3	12	0.00001
Azoarcus pumilus	2067960	S	4	0	4	0.00000
Thauera sp. MZ1T	85643	S	8	9	17	0.00001
Thauera sp. K11	2005884	S	8	4	12	0.00001
Thauera humireducens	1134435	S	14	5	19	0.00001
Thauera chlorobenzoica	96773	S	6	7	13	0.00001
Thauera hydrothermalis	2184083	S	6	1	7	0.00000
Thauera aromatica	59405	S	1	1	2	0.00000
Fluviibacter phosphoraccumulans	1751046	S	75	13	88	0.00006
Dechloromonas sp. HYN0024	2231055	S	25	2	27	0.00002
Dechloromonas sp. TW-R-39-2	2654218	S	20	1	21	0.00001
Dechloromonas aromatica	259537	S	26	2	28	0.00002
Aromatoleum bremense	76115	S	7	2	9	0.00001
Aromatoleum aromaticum	551760	S	6	1	7	0.00000
Aromatoleum petrolei	76116	S	4	1	5	0.00000
Azospira restricta	404405	S	8	2	10	0.00001
Azospira oryzae	146939	S	3	2	5	0.00000
Azospira sp. I09	1765049	S	3	3	6	0.00000
Oryzomicrobium terrae	1735038	S	5	0	5	0.00000
Niveibacterium sp. HC41	2811415	S	3	0	3	0.00000
Rugosibacter aromaticivorans	1565605	S	3	0	3	0.00000
Candidatus Methylopumilus rimovensis	2588535	S	28	1	29	0.00002
Candidatus Methylopumilus turicensis	1581680	S	15	1	16	0.00001
Candidatus Methylopumilus universalis	2588536	S	14	0	14	0.00001
Candidatus Methylopumilus planktonicus	1581557	S	9	0	9	0.00001
Methylotenera versatilis	1055487	S	21	1	22	0.00002
Methylotenera mobilis	359408	S	9	0	9	0.00001
Methylophilus sp. TWE2	1662285	S	8	1	9	0.00001
Methylophilus medardicus	2588534	S	3	0	3	0.00000
Methylovorus sp. MP688	887061	S	5	3	8	0.00001
Methylovorus glucosotrophus	266009	S	1	0	1	0.00000
Methylobacillus flagellatus	405	S	2	0	2	0.00000
Sulfuritalea hydrogenivorans	748811	S	23	1	24	0.00002
Denitratisoma oestradiolicum	311182	S	9	0	9	0.00001
Denitratisoma sp. DHT3	1981880	S	8	5	13	0.00001
Methyloversatilis sp. RAC08	1842540	S	9	0	9	0.00001
Sterolibacterium denitrificans	157592	S	2	0	2	0.00000
Nitrosomonas sp. Is79A3	261292	S	14	0	14	0.00001
Nitrosomonas sp. AL212	153948	S	2	0	2	0.00000
Nitrosomonas europaea	915	S	5	0	5	0.00000
Nitrosomonas ureae	44577	S	2	0	2	0.00000
Nitrosomonas communis	44574	S	1	0	1	0.00000
Nitrosospira briensis	35799	S	4	0	4	0.00000
Nitrosospira lacus	1288494	S	2	0	2	0.00000
Sulfuriferula plumbiphila	171865	S	10	1	11	0.00001
Sulfuriferula sp. AH1	1985873	S	5	0	5	0.00000
Sulfuriferula nivalis	2675298	S	1	0	1	0.00000
Sulfurimicrobium lacus	2715678	S	9	0	9	0.00001
Sulfuricella denitrificans	649841	S	2	0	2	0.00000
Sideroxydans lithotrophicus	63745	S	9	0	9	0.00001
Gallionella capsiferriformans	370405	S	5	0	5	0.00000
Candidatus Nitrotoga sp. AM1P	2559597	S	3	0	3	0.00000
Ferriphaselus amnicola	1188319	S	2	0	2	0.00000
Usitatibacter palustris	2732487	S	10	2	12	0.00001
Usitatibacter rugosus	2732067	S	5	1	6	0.00000
Sulfuritortus calidifontis	1914471	S	5	1	6	0.00000
Thiobacillus denitrificans	36861	S	1	0	1	0.00000
Candidatus Accumulibacter phosphatis	327160	S	16	0	16	0.00001
Casimicrobium huifangae	2591109	S	3	0	3	0.00000
Candidatus Kinetoplastibacterium oncopeltii	994696	S	1	0	1	0.00000
Candidatus Kinetoplastibacterium sorsogonicusi	1576550	S	1	0	1	0.00000
Candidatus Profftella armatura (Diaphorina cf. continua)	2661583	S	2	0	2	0.00000
Pseudomonas oryzihabitans	47885	S	560	80	640	0.00045
Pseudomonas putida	303	S	23	20	43	0.00003
Pseudomonas fulva	47880	S	2	0	2	0.00000
Pseudomonas plecoglossicida	70775	S	2	1	3	0.00000
Pseudomonas monteilii	76759	S	1	0	1	0.00000
Pseudomonas sp. CMR12a	658629	S	100	51	151	0.00011
Pseudomonas sp. C27(2019)	2604941	S	22	1	23	0.00002
Pseudomonas sp. S09G 359	2054919	S	11	1	12	0.00001
Pseudomonas sp. LG1E9	2219057	S	9	1	10	0.00001
Pseudomonas sp. NS1(2017)	2025658	S	8	1	9	0.00001
Pseudomonas sp. IB20	1702250	S	7	1	8	0.00001
Pseudomonas sp. DTU12.3	2073078	S	7	0	7	0.00000
Pseudomonas sp. S1-A32-2	2731681	S	7	0	7	0.00000
Pseudomonas sp. HLS-6	2049589	S	7	0	7	0.00000
Pseudomonas sp. URMO17WK12:I11	1283291	S	7	5	12	0.00001
Pseudomonas sp. PONIH3	1636610	S	6	22	28	0.00002
Pseudomonas sp. R5-89-07	658644	S	6	1	7	0.00000
Pseudomonas sp. B11D7D	2735906	S	6	0	6	0.00000
Pseudomonas sp. MPC6	2498848	S	5	0	5	0.00000
Pseudomonas sp. J380	2605424	S	5	4	9	0.00001
Pseudomonas sp. OIL-1	2706126	S	5	0	5	0.00000
Pseudomonas sp. RU47	2005388	S	5	2	7	0.00000
Pseudomonas sp. SDM007	2812000	S	5	1	6	0.00000
Pseudomonas sp. M30-35	1981174	S	4	0	4	0.00000
Pseudomonas sp. TCU-HL1	1856685	S	4	0	4	0.00000
Pseudomonas sp. DY-1	1755504	S	4	0	4	0.00000
Pseudomonas sp. DG56-2	2320270	S	4	0	4	0.00000
Pseudomonas sp. 15A4	2804761	S	4	1	5	0.00000
Pseudomonas sp. SK	2729423	S	3	0	3	0.00000
Pseudomonas sp. R84	1573712	S	3	0	3	0.00000
Pseudomonas sp. IzPS59	2774459	S	3	1	4	0.00000
Pseudomonas sp. Y39-6	2749807	S	3	12	15	0.00001
Pseudomonas sp. S-6-2	1931241	S	3	0	3	0.00000
Pseudomonas sp. MSPm1	2726956	S	3	0	3	0.00000
Pseudomonas sp. S150	2559074	S	3	3	6	0.00000
Pseudomonas sp. StFLB209	1028989	S	3	0	3	0.00000
Pseudomonas sp. ACM7	2052956	S	2	0	2	0.00000
Pseudomonas sp. SCB32	2653853	S	2	0	2	0.00000
Pseudomonas sp. BIGb0427	2724470	S	2	0	2	0.00000
Pseudomonas sp. 02C 26	2054914	S	2	0	2	0.00000
Pseudomonas sp. Tri1	2823875	S	2	0	2	0.00000
Pseudomonas sp. ADAK22	2730851	S	2	1	3	0.00000
Pseudomonas sp. NIBRBAC000502773	2590776	S	2	1	3	0.00000
Pseudomonas sp. ABC1	2748080	S	2	0	2	0.00000
Pseudomonas sp. Z003-0.4C(8344-21)	1855380	S	2	1	3	0.00000
Pseudomonas sp. Leaf58	1736226	S	2	0	2	0.00000
Pseudomonas sp. SWI36	2083052	S	2	5	7	0.00000
Pseudomonas sp. 31-12	2201356	S	2	0	2	0.00000
Pseudomonas sp. MRSN12121	1611770	S	2	3	5	0.00000
Pseudomonas sp. S34	1573718	S	2	0	2	0.00000
Pseudomonas sp. CMR5c	658630	S	2	0	2	0.00000
Pseudomonas sp. UW4	1207075	S	2	1	3	0.00000
Pseudomonas sp. LPB0260	2614442	S	1	0	1	0.00000
Pseudomonas sp. CFSAN084952	2664899	S	1	4	5	0.00000
Pseudomonas sp. gcc21	2726989	S	1	0	1	0.00000
Pseudomonas sp. LBUM920	2126069	S	1	0	1	0.00000
Pseudomonas sp. SXM-1	2169583	S	1	2	3	0.00000
Pseudomonas sp. R2-60-08W	1173280	S	1	1	2	0.00000
Pseudomonas sp. ATCC 13867	1294143	S	1	0	1	0.00000
Pseudomonas sp. FDAARGOS_380	2018067	S	1	0	1	0.00000
Pseudomonas sp. K2W31S-8	2320867	S	1	0	1	0.00000
Pseudomonas sp. phDV1	253237	S	1	2	3	0.00000
Pseudomonas sp. CC6-YY-74	1930532	S	1	0	1	0.00000
Pseudomonas sp. SW-3	147212	S	1	4	5	0.00000
Pseudomonas sp. LAB-08	143813	S	1	0	1	0.00000
Pseudomonas sp. B10	118613	S	1	0	1	0.00000
Pseudomonas sp. Os17	1500686	S	1	0	1	0.00000
Pseudomonas sp. MYb193	1827300	S	1	0	1	0.00000
Pseudomonas sp. RtIB026	2749999	S	1	0	1	0.00000
Pseudomonas sp. SNU WT1	2518644	S	1	0	1	0.00000
Pseudomonas sp. S49	1573720	S	1	0	1	0.00000
Pseudomonas sp. R32	1573704	S	1	0	1	0.00000
Pseudomonas sp. ADPe	2774873	S	1	1	2	0.00000
Pseudomonas sp. OST1909	2777367	S	1	3	4	0.00000
Pseudomonas fluorescens	294	S	99	52	151	0.00011
Pseudomonas veronii	76761	S	35	96	131	0.00009
Pseudomonas tolaasii	29442	S	14	2	16	0.00001
Pseudomonas azotoformans	47878	S	11	3	14	0.00001
Pseudomonas orientalis	76758	S	11	2	13	0.00001
Pseudomonas protegens	380021	S	9	1	10	0.00001
Pseudomonas brenneri	129817	S	8	1	9	0.00001
Pseudomonas corrugata	47879	S	4	0	4	0.00000
Pseudomonas synxantha	47883	S	4	4	8	0.00001
Pseudomonas poae	200451	S	4	1	5	0.00000
Pseudomonas extremorientalis	169669	S	4	1	5	0.00000
Pseudomonas libanensis	75588	S	3	2	5	0.00000
Pseudomonas trivialis	200450	S	3	0	3	0.00000
Pseudomonas cedrina	651740	S	2	0	2	0.00000
Pseudomonas rhodesiae	76760	S	2	0	2	0.00000
Pseudomonas mucidolens	46679	S	2	0	2	0.00000
Pseudomonas mediterranea	183795	S	1	0	1	0.00000
Pseudomonas migulae	78543	S	1	0	1	0.00000
Pseudomonas aeruginosa	287	S	49	203	252	0.00018
Pseudomonas alcaligenes	43263	S	11	3	14	0.00001
Pseudomonas mendocina	300	S	9	1	10	0.00001
Pseudomonas oleovorans	301	S	4	10	14	0.00001
Pseudomonas nitroreducens	46680	S	1	0	1	0.00000
Pseudomonas multiresinivorans	95301	S	1	0	1	0.00000
Pseudomonas citronellolis	53408	S	1	0	1	0.00000
Pseudomonas syringae	317	S	18	25	43	0.00003
Pseudomonas viridiflava	33069	S	17	0	17	0.00001
Pseudomonas asturiensis	1190415	S	9	0	9	0.00001
Pseudomonas coronafaciens	53409	S	3	0	3	0.00000
Pseudomonas fuscovaginae	50340	S	2	1	3	0.00000
Pseudomonas amygdali	47877	S	1	2	3	0.00000
Pseudomonas syringae group genomosp. 3	251701	S	1	1	2	0.00000
Pseudomonas psychrotolerans	237610	S	56	8	64	0.00005
Pseudomonas chlororaphis	587753	S	27	12	39	0.00003
Pseudomonas fragi	296	S	17	15	32	0.00002
Pseudomonas lundensis	86185	S	7	0	7	0.00000
Pseudomonas stutzeri	316	S	37	10	47	0.00003
Pseudomonas balearica	74829	S	1	0	1	0.00000
Pseudomonas xanthomarina	271420	S	1	0	1	0.00000
Pseudomonas palleroniana	191390	S	20	2	22	0.00002
Pseudomonas koreensis	198620	S	11	3	14	0.00001
Pseudomonas moraviensis	321662	S	10	4	14	0.00001
Pseudomonas knackmussii	65741	S	10	3	13	0.00001
Pseudomonas yamanorum	515393	S	9	1	10	0.00001
Pseudomonas lurida	244566	S	9	1	10	0.00001
Pseudomonas psychrophila	122355	S	8	0	8	0.00001
Pseudomonas frederiksbergensis	104087	S	8	2	10	0.00001
Pseudomonas eucalypticola	2599595	S	7	0	7	0.00000
Pseudomonas brassicacearum	930166	S	7	23	30	0.00002
Pseudomonas simiae	321846	S	6	1	7	0.00000
Pseudomonas graminis	158627	S	6	1	7	0.00000
Pseudomonas antarctica	219572	S	6	1	7	0.00000
Pseudomonas salegens	1434072	S	5	0	5	0.00000
Pseudomonas litoralis	797277	S	5	0	5	0.00000
Pseudomonas taetrolens	47884	S	4	0	4	0.00000
Pseudomonas reinekei	395598	S	4	0	4	0.00000
Pseudomonas sediminis	1691904	S	4	0	4	0.00000
Pseudomonas alkylphenolica	237609	S	3	0	3	0.00000
Pseudomonas umsongensis	198618	S	3	0	3	0.00000
Pseudomonas otitidis	319939	S	3	0	3	0.00000
Pseudomonas allokribbensis	2774460	S	3	0	3	0.00000
Pseudomonas khazarica	2502979	S	3	4	7	0.00000
Pseudomonas thivervalensis	86265	S	3	0	3	0.00000
Pseudomonas granadensis	1421430	S	3	1	4	0.00000
Pseudomonas vancouverensis	95300	S	3	0	3	0.00000
Pseudomonas arsenicoxydans	702115	S	2	0	2	0.00000
Pseudomonas marincola	437900	S	2	0	2	0.00000
Pseudomonas guangdongensis	1245526	S	2	0	2	0.00000
Pseudomonas oryzae	1392877	S	2	0	2	0.00000
Pseudomonas lalkuanensis	2604832	S	2	0	2	0.00000
Pseudomonas silesiensis	1853130	S	2	0	2	0.00000
Pseudomonas saudiphocaensis	1499686	S	2	0	2	0.00000
Pseudomonas versuta	1788301	S	2	0	2	0.00000
Pseudomonas alcaliphila	101564	S	2	1	3	0.00000
Pseudomonas parafulva	157782	S	2	0	2	0.00000
Pseudomonas rhizosphaerae	216142	S	2	0	2	0.00000
Pseudomonas entomophila	312306	S	2	0	2	0.00000
Pseudomonas extremaustralis	359110	S	2	0	2	0.00000
Pseudomonas agarici	46677	S	2	0	2	0.00000
Pseudomonas pelagia	553151	S	1	0	1	0.00000
Pseudomonas gozinkensis	2774461	S	1	0	1	0.00000
Pseudomonas cremoricolorata	157783	S	1	0	1	0.00000
Pseudomonas pohangensis	364197	S	1	0	1	0.00000
Pseudomonas toyotomiensis	554344	S	1	1	2	0.00000
Pseudomonas sihuiensis	1274359	S	1	0	1	0.00000
Pseudomonas prosekii	1148509	S	1	0	1	0.00000
Pseudomonas sabulinigri	472181	S	1	0	1	0.00000
Azotobacter salinestris	69964	S	3	0	3	0.00000
Azotobacter chroococcum	353	S	2	0	2	0.00000
Azotobacter vinelandii	354	S	2	-2	0	0.00000
Oblitimonas alkaliphila	1697053	S	5	0	5	0.00000
Permianibacter aggregans	1510150	S	2	0	2	0.00000
Entomomonas moraniae	2213226	S	1	0	1	0.00000
Entomomonas sp. F2A	2785331	S	1	0	1	0.00000
Acinetobacter sp. NEB 394	2743575	S	30	66	96	0.00007
Acinetobacter sp. MYb10	1827285	S	29	7	36	0.00003
Acinetobacter sp. TTH0-4	1646498	S	28	5	33	0.00002
Acinetobacter sp. CS-2	2798861	S	26	14	40	0.00003
Acinetobacter sp. WCHAc010034	1879049	S	21	7	28	0.00002
Acinetobacter sp. ACNIH2	1758189	S	9	4	13	0.00001
Acinetobacter sp. NCu2D-2	1608473	S	8	1	9	0.00001
Acinetobacter sp. LoGeW2-3	1808001	S	8	0	8	0.00001
Acinetobacter sp. NEB149	2725684	S	7	23	30	0.00002
Acinetobacter sp. YH12138	2601122	S	7	2	9	0.00001
Acinetobacter sp. WCHA45	2004644	S	6	8	14	0.00001
Acinetobacter sp. 10FS3-1	2563897	S	5	3	8	0.00001
Acinetobacter sp. WCHA55	2004646	S	3	2	5	0.00000
Acinetobacter sp. Marseille-Q1620	2714110	S	3	0	3	0.00000
Acinetobacter sp. WCHAc010052	2004647	S	2	1	3	0.00000
Acinetobacter sp. SWBY1	2079596	S	2	4	6	0.00000
Acinetobacter sp. FDAARGOS_724	2545797	S	2	10	12	0.00001
Acinetobacter sp. TGL-Y2	1407071	S	2	0	2	0.00000
Acinetobacter sp. C16S1	2609668	S	1	0	1	0.00000
Acinetobacter johnsonii	40214	S	101	105	206	0.00015
Acinetobacter baumannii	470	S	26	122	148	0.00010
Acinetobacter seifertii	1530123	S	8	3	11	0.00001
Acinetobacter calcoaceticus	471	S	6	0	6	0.00000
Acinetobacter nosocomialis	106654	S	6	3	9	0.00001
Acinetobacter pittii	48296	S	5	9	14	0.00001
Acinetobacter lwoffii	28090	S	42	60	102	0.00007
Acinetobacter junii	40215	S	34	8	42	0.00003
Acinetobacter indicus	756892	S	25	10	35	0.00002
Acinetobacter bereziniae	106648	S	18	2	20	0.00001
Acinetobacter wanghuae	2662362	S	16	0	16	0.00001
Acinetobacter wuhouensis	1879050	S	12	5	17	0.00001
Acinetobacter guillouiae	106649	S	11	2	13	0.00001
Acinetobacter venetianus	52133	S	9	1	10	0.00001
Acinetobacter radioresistens	40216	S	9	1	10	0.00001
Acinetobacter piscicola	2006115	S	9	3	12	0.00001
Acinetobacter haemolyticus	29430	S	9	4	13	0.00001
Acinetobacter lanii	2715163	S	8	0	8	0.00001
Acinetobacter schindleri	108981	S	8	4	12	0.00001
Acinetobacter equi	1324350	S	6	0	6	0.00000
Acinetobacter towneri	202956	S	6	10	16	0.00001
Acinetobacter cumulans	2136182	S	5	1	6	0.00000
Acinetobacter ursingii	108980	S	5	2	7	0.00000
Acinetobacter tandoii	202954	S	4	0	4	0.00000
Acinetobacter defluvii	1871111	S	3	1	4	0.00000
Acinetobacter dispersus	70348	S	2	0	2	0.00000
Acinetobacter shaoyimingii	2715164	S	2	0	2	0.00000
Acinetobacter oleivorans	1148157	S	1	0	1	0.00000
Acinetobacter larvae	1789224	S	1	0	1	0.00000
Acinetobacter soli	487316	S	1	0	1	0.00000
Acinetobacter variabilis	70346	S	1	1	2	0.00000
Moraxella osloensis	34062	S	82	8	90	0.00006
Moraxella bovis	476	S	1	0	1	0.00000
Moraxella nonliquefaciens	478	S	1	0	1	0.00000
Psychrobacter sp. DAB_AL43B	1028416	S	7	0	7	0.00000
Psychrobacter sp. P11F6	1699621	S	6	0	6	0.00000
Psychrobacter sp. YP14	2203895	S	3	3	6	0.00000
Psychrobacter sp. P11G5	1699624	S	3	3	6	0.00000
Psychrobacter sp. P2G3	1699622	S	3	3	6	0.00000
Psychrobacter sp.	56811	S	2	0	2	0.00000
Psychrobacter sp. P11G3	1699623	S	2	0	2	0.00000
Psychrobacter sp. 28M-43	2772254	S	1	0	1	0.00000
Psychrobacter sp. AntiMn-1	1720344	S	1	0	1	0.00000
Psychrobacter sp. DAB_AL60	1028419	S	1	0	1	0.00000
Psychrobacter arcticus	334543	S	7	1	8	0.00001
Psychrobacter urativorans	45610	S	5	0	5	0.00000
Psychrobacter arenosus	256326	S	3	0	3	0.00000
Psychrobacter cryohalolentis	330922	S	2	6	8	0.00001
Aquirhabdus parva	2283318	S	2	0	2	0.00000
Stenotrophomonas maltophilia	40324	S	592	250	842	0.00060
Stenotrophomonas sp. SAU14A_NAIMI4_5	2072413	S	5	1	6	0.00000
Stenotrophomonas sp. ESTM1D_MKCIP4_1	2072414	S	5	1	6	0.00000
Stenotrophomonas sp. ZAC14D2_NAIMI4_6	2072406	S	2	3	5	0.00000
Stenotrophomonas sp. YAU14D1_LEIMI4_1	2072407	S	1	1	2	0.00000
Stenotrophomonas sp. SAU14A_NAIMI4_8	2072409	S	1	6	7	0.00000
Stenotrophomonas sp. LM091	1904944	S	10	1	11	0.00001
Stenotrophomonas sp. 169	2770322	S	5	0	5	0.00000
Stenotrophomonas sp. NA06056	2742129	S	4	0	4	0.00000
Stenotrophomonas sp. 364	2691571	S	3	0	3	0.00000
Stenotrophomonas sp. WZN-1	2005046	S	2	0	2	0.00000
Stenotrophomonas sp. ASS1	2282124	S	1	1	2	0.00000
Stenotrophomonas sp. PAMC25021	2565559	S	1	64	65	0.00005
Stenotrophomonas rhizophila	216778	S	16	1	17	0.00001
Stenotrophomonas acidaminiphila	128780	S	7	5	12	0.00001
Lysobacter enzymogenes	69	S	47	5	52	0.00004
Lysobacter sp. TY2-98	2290922	S	10	0	10	0.00001
Lysobacter sp. CW239	2762611	S	5	1	6	0.00000
Lysobacter sp. HDW10	2714936	S	3	0	3	0.00000
Lysobacter sp. H23M47	2781024	S	1	4	5	0.00000
Lysobacter solisilvae	2763317	S	8	0	8	0.00001
Lysobacter antibioticus	84531	S	5	0	5	0.00000
Lysobacter capsici	435897	S	5	0	5	0.00000
Lysobacter oculi	2698682	S	5	0	5	0.00000
Lysobacter maris	1605891	S	3	0	3	0.00000
Lysobacter arenosi	2795387	S	3	0	3	0.00000
Lysobacter lycopersici	1324796	S	2	0	2	0.00000
Lysobacter soli	453783	S	1	0	1	0.00000
Lysobacter alkalisoli	2591633	S	1	0	1	0.00000
Xanthomonas translucens	343	S	9	0	9	0.00001
Xanthomonas hortorum	56454	S	9	0	9	0.00001
Xanthomonas campestris	339	S	8	0	8	0.00001
Xanthomonas citri	346	S	5	4	9	0.00001
Xanthomonas axonopodis	53413	S	5	0	5	0.00000
Xanthomonas sacchari	56458	S	5	0	5	0.00000
Xanthomonas sp. SS	2724122	S	1	0	1	0.00000
Xanthomonas sp. LMG 31887	2775162	S	1	0	1	0.00000
Xanthomonas phaseoli	1985254	S	3	0	3	0.00000
Xanthomonas hyacinthi	56455	S	3	0	3	0.00000
Xanthomonas fragariae	48664	S	3	0	3	0.00000
Xanthomonas oryzae	347	S	3	0	3	0.00000
Xanthomonas cucurbitae	56453	S	2	0	2	0.00000
Xanthomonas vesicatoria	56460	S	2	0	2	0.00000
Xanthomonas euroxanthea	2259622	S	2	0	2	0.00000
Xanthomonas arboricola	56448	S	1	0	1	0.00000
Xanthomonas vasicola	56459	S	1	0	1	0.00000
Xanthomonas euvesicatoria	456327	S	1	151	152	0.00011
Pseudoxanthomonas suwonensis	314722	S	15	1	16	0.00001
Pseudoxanthomonas mexicana	128785	S	8	2	10	0.00001
Pseudoxanthomonas spadix	415229	S	6	0	6	0.00000
Thermomonas sp. XSG	2771436	S	8	0	8	0.00001
Thermomonas sp. SY21	2202149	S	6	1	7	0.00000
Thermomonas sp. HDW16	2714945	S	1	0	1	0.00000
Thermomonas carbonis	1463158	S	12	0	12	0.00001
Thermomonas brevis	215691	S	2	0	2	0.00000
Luteimonas sp. MC1750	2799326	S	6	2	8	0.00001
Luteimonas sp. JM171	1896164	S	5	0	5	0.00000
Luteimonas sp. YGD11-2	2508168	S	3	1	4	0.00000
Luteimonas chenhongjianii	2006110	S	3	0	3	0.00000
Luteimonas granuli	1176533	S	2	0	2	0.00000
Luteimonas yindakuii	2565782	S	1	0	1	0.00000
Arenimonas daejeonensis	370777	S	13	0	13	0.00001
Xylella fastidiosa	2371	S	4	0	4	0.00000
Xylella taiwanensis	1444770	S	2	0	2	0.00000
Pseudolysobacter antarcticus	2511995	S	2	0	2	0.00000
Dyella thiooxydans	445710	S	7	0	7	0.00000
Dyella sp. G9	2763498	S	5	1	6	0.00000
Dyella sp. M7H15-1	2501295	S	2	0	2	0.00000
Dyella japonica	231455	S	1	0	1	0.00000
Rhodanobacter sp. FDAARGOS 1247	2778082	S	4	0	4	0.00000
Rhodanobacter glycinis	582702	S	3	0	3	0.00000
Rhodanobacter denitrificans	666685	S	3	0	3	0.00000
Luteibacter rhizovicinus	242606	S	7	0	7	0.00000
Luteibacter pinisoli	2589080	S	1	0	1	0.00000
Frateuria aurantia	81475	S	7	0	7	0.00000
Dokdonella koreensis	323415	S	7	0	7	0.00000
Ahniella affigens	2021234	S	6	0	6	0.00000
Aerosticca soli	2010829	S	4	2	6	0.00000
Klebsiella pneumoniae	573	S	143	452	595	0.00042
Klebsiella grimontii	2058152	S	8	25	33	0.00002
Klebsiella oxytoca	571	S	6	3	9	0.00001
Klebsiella quasipneumoniae	1463165	S	6	8	14	0.00001
Klebsiella aerogenes	548	S	4	0	4	0.00000
Klebsiella variicola	244366	S	1	0	1	0.00000
Klebsiella michiganensis	1134687	S	1	1	2	0.00000
Klebsiella huaxiensis	2153354	S	1	0	1	0.00000
Enterobacter asburiae	61645	S	11	16	27	0.00002
Enterobacter roggenkampii	1812935	S	4	5	9	0.00001
Enterobacter cloacae	550	S	3	3	6	0.00000
Enterobacter hormaechei	158836	S	3	9	12	0.00001
Enterobacter kobei	208224	S	2	6	8	0.00001
Enterobacter ludwigii	299767	S	2	2	4	0.00000
Enterobacter chengduensis	2494701	S	1	0	1	0.00000
Enterobacter cloacae complex sp.	2027919	S	1	2	3	0.00000
Enterobacter sp. JUb54	2724468	S	3	0	3	0.00000
Enterobacter sp. E76	2596949	S	3	2	5	0.00000
Enterobacter sp. RHBSTW-00593	2742656	S	1	6	7	0.00000
Enterobacter soli	885040	S	1	0	1	0.00000
Escherichia coli	562	S	24	151	175	0.00012
Escherichia marmotae	1499973	S	13	2	15	0.00001
Escherichia fergusonii	564	S	3	1	4	0.00000
Escherichia sp. E4742	2044467	S	2	0	2	0.00000
Citrobacter freundii	546	S	7	16	23	0.00002
Citrobacter youngae	133448	S	2	2	4	0.00000
Citrobacter portucalensis	1639133	S	2	9	11	0.00001
Citrobacter braakii	57706	S	1	2	3	0.00000
Citrobacter sp. LY-1	2546350	S	2	1	3	0.00000
Citrobacter sp. R56	1573676	S	1	0	1	0.00000
Citrobacter amalonaticus	35703	S	3	2	5	0.00000
Raoultella terrigena	577	S	3	4	7	0.00000
Raoultella electrica	1259973	S	3	6	9	0.00001
Raoultella ornithinolytica	54291	S	2	14	16	0.00001
Enterobacteriaceae endosymbiont of Donacia bicoloricornis	2675772	S	5	3	8	0.00001
Enterobacteriaceae endosymbiont of Macroplea mutica	2675791	S	2	0	2	0.00000
Enterobacteriaceae endosymbiont of Donacia tomentosa	2675787	S	2	0	2	0.00000
Enterobacteriaceae endosymbiont of Donacia sparganii	2675785	S	2	1	3	0.00000
Enterobacteriaceae endosymbiont of Donacia crassipes	2675776	S	1	1	2	0.00000
Enterobacteriaceae endosymbiont of Plateumaris braccata	2675793	S	1	0	1	0.00000
Enterobacteriaceae endosymbiont of Neohaemonia nigricornis	2675792	S	1	0	1	0.00000
Enterobacteriaceae endosymbiont of Donacia thalassina	2675786	S	1	0	1	0.00000
Blochmannia endosymbiont of Camponotus (Colobopsis) obliquus	1505597	S	3	0	3	0.00000
Blochmannia endosymbiont of Colobopsis nipponica	2681987	S	3	0	3	0.00000
Blochmannia endosymbiont of Polyrhachis (Hedomyrma) turneri	1505596	S	2	0	2	0.00000
Blochmannia endosymbiont of Camponotus nipponensis	2681986	S	1	0	1	0.00000
Candidatus Blochmannia vafer	251535	S	1	0	1	0.00000
Candidatus Mikella endobia	1778264	S	2	0	2	0.00000
Candidatus Purcelliella pentastirinorum	472834	S	1	0	1	0.00000
Candidatus Annandia adelgestsuga	1302411	S	1	0	1	0.00000
Salmonella enterica	28901	S	8	69	77	0.00005
Salmonella bongori	54736	S	2	0	2	0.00000
Cronobacter sakazakii	28141	S	2	1	3	0.00000
Cronobacter dublinensis	413497	S	2	0	2	0.00000
Kluyvera intermedia	61648	S	3	2	5	0.00000
Leclercia adecarboxylata	83655	S	3	2	5	0.00000
Leclercia sp. 4-9-1-25	2815358	S	1	0	1	0.00000
Kosakonia sp. SMBL-WEM22	2725560	S	2	0	2	0.00000
Kosakonia cowanii	208223	S	1	0	1	0.00000
Kosakonia oryzae	497725	S	1	0	1	0.00000
Cedecea sp. FDAARGOS_727	2545798	S	2	0	2	0.00000
Cedecea neteri	158822	S	1	0	1	0.00000
Buttiauxella agrestis	82977	S	1	0	1	0.00000
Buttiauxella sp. 3AFRM03	2479367	S	1	0	1	0.00000
Scandinavium goeteborgense	1851514	S	2	0	2	0.00000
Lelliottia amnigena	61646	S	2	0	2	0.00000
Candidatus Riesia pediculicola	401619	S	1	1	2	0.00000
Shigella flexneri	623	S	2	6	8	0.00001
Phytobacter ursingii	1972431	S	1	0	1	0.00000
Candidatus Moranella endobia	1048758	S	1	-1	0	0.00000
Shimwellia blattae	563	S	1	0	1	0.00000
Yersinia pestis	632	S	5	14	19	0.00001
Yersinia pseudotuberculosis	633	S	1	0	1	0.00000
Yersinia similis	367190	S	1	0	1	0.00000
Yersinia ruckeri	29486	S	6	0	6	0.00000
Yersinia massiliensis	419257	S	5	7	12	0.00001
Yersinia enterocolitica	630	S	3	1	4	0.00000
Yersinia intermedia	631	S	3	7	10	0.00001
Yersinia kristensenii	28152	S	2	4	6	0.00000
Yersinia frederiksenii	29484	S	1	32	33	0.00002
Yersinia rohdei	29485	S	1	0	1	0.00000
Yersinia canariae	2607663	S	1	0	1	0.00000
Serratia plymuthica	82996	S	10	1	11	0.00001
Serratia fonticola	47917	S	8	1	9	0.00001
Serratia marcescens	615	S	6	5	11	0.00001
Serratia sp. ATCC 39006	104623	S	4	0	4	0.00000
Serratia sp. SSNIH1	1758196	S	2	18	20	0.00001
Serratia proteamaculans	28151	S	4	0	4	0.00000
Serratia symbiotica	138074	S	2	0	2	0.00000
Serratia rubidaea	61652	S	1	0	1	0.00000
Serratia grimesii	82995	S	1	0	1	0.00000
Serratia quinivorans	137545	S	1	0	1	0.00000
Serratia ureilytica	300181	S	1	7	8	0.00001
Rahnella aquatilis	34038	S	2	22	24	0.00002
Rahnella sp. ERMR1:05	1805933	S	2	0	2	0.00000
Gibbsiella quercinecans	929813	S	6	0	6	0.00000
Ewingella americana	41202	S	1	0	1	0.00000
Rouxiella badensis	1646377	S	1	0	1	0.00000
Candidatus Fukatsuia symbiotica	1878942	S	1	0	1	0.00000
Nissabacter sp. SGAir0207	2126321	S	1	0	1	0.00000
Erwinia gerundensis	1619313	S	15	2	17	0.00001
Candidatus Erwinia haradaeae	1922217	S	15	0	15	0.00001
Erwinia billingiae	182337	S	11	18	29	0.00002
Erwinia amylovora	552	S	2	0	2	0.00000
Erwinia persicina	55211	S	2	0	2	0.00000
Erwinia sp. J780	2681984	S	1	0	1	0.00000
Buchnera aphidicola	9	S	37	-2	35	0.00002
Pantoea agglomerans	549	S	20	2	22	0.00002
Pantoea sp. MSR2	2052056	S	3	0	3	0.00000
Pantoea sp. At-9b	592316	S	1	0	1	0.00000
Pantoea sp. 201603H	2479547	S	1	0	1	0.00000
Pantoea sp. CCBC3-3-1	2490851	S	1	0	1	0.00000
Pantoea dispersa	59814	S	2	0	2	0.00000
Pantoea vagans	470934	S	2	0	2	0.00000
Pantoea ananatis	553	S	1	0	1	0.00000
Pantoea stewartii	66269	S	1	0	1	0.00000
Candidatus Pantoea carbekii	1235990	S	1	0	1	0.00000
Mixta gaviniae	665914	S	4	1	5	0.00000
Tatumella citrea	53336	S	2	0	2	0.00000
Tatumella sp. TA1	2487345	S	1	0	1	0.00000
Wigglesworthia glossinidia	51229	S	2	0	2	0.00000
Providencia rettgeri	587	S	5	10	15	0.00001
Providencia heimbachae	333962	S	3	0	3	0.00000
Proteus mirabilis	584	S	6	2	8	0.00001
Proteus vulgaris	585	S	2	0	2	0.00000
Candidatus Arsenophonus lipoptenae	634113	S	4	0	4	0.00000
Arsenophonus endosymbiont of Aphis craccivora	1231049	S	2	0	2	0.00000
Arsenophonus endosymbiont of Aleurodicus dispersus	235559	S	1	0	1	0.00000
Arsenophonus nasoniae	638	S	1	0	1	0.00000
Xenorhabdus poinarii	40577	S	2	0	2	0.00000
Xenorhabdus nematophila	628	S	1	0	1	0.00000
Xenorhabdus bovienii	40576	S	1	0	1	0.00000
Xenorhabdus doucetiae	351671	S	1	0	1	0.00000
Morganella morganii	582	S	4	0	4	0.00000
Photorhabdus asymbiotica	291112	S	1	0	1	0.00000
Dickeya dianthicola	204039	S	5	1	6	0.00000
Dickeya paradisiaca	69223	S	3	-3	0	0.00000
Dickeya dadantii	204038	S	2	0	2	0.00000
Dickeya zeae	204042	S	2	0	2	0.00000
Dickeya fangzhongdai	1778540	S	1	1	2	0.00000
Pectobacterium versatile	2488639	S	5	1	6	0.00000
Pectobacterium carotovorum	554	S	1	0	1	0.00000
Pectobacterium wasabiae	55208	S	1	0	1	0.00000
Pectobacterium parmentieri	1905730	S	1	0	1	0.00000
Brenneria rubrifaciens	55213	S	2	1	3	0.00000
Brenneria sp. Ir50	2722756	S	1	1	2	0.00000
Hafnia paralvei	546367	S	5	0	5	0.00000
Hafnia alvei	569	S	1	0	1	0.00000
Edwardsiella tarda	636	S	2	0	2	0.00000
Obesumbacterium proteus	82983	S	1	0	1	0.00000
Plesiomonas shigelloides	703	S	1	0	1	0.00000
Limnobaculum parvum	2172103	S	1	0	1	0.00000
Aeromonas media	651	S	72	47	119	0.00008
Aeromonas salmonicida	645	S	28	25	53	0.00004
Aeromonas sp. CA23	2033032	S	4	0	4	0.00000
Aeromonas sp.	647	S	2	2	4	0.00000
Aeromonas sp. ASNIH7	1920107	S	2	32	34	0.00002
Aeromonas sp. ASNIH1	1636606	S	1	7	8	0.00001
Aeromonas sp. CU5	2033033	S	1	0	1	0.00000
Aeromonas hydrophila	644	S	9	12	21	0.00001
Aeromonas caviae	648	S	9	26	35	0.00002
Aeromonas veronii	654	S	9	3	12	0.00001
Aeromonas schubertii	652	S	5	0	5	0.00000
Aeromonas dhakensis	196024	S	2	1	3	0.00000
Aeromonas simiae	218936	S	1	0	1	0.00000
Aeromonas encheleia	73010	S	1	0	1	0.00000
Tolumonas auensis	43948	S	14	2	16	0.00001
Zobellella denitrificans	347534	S	3	0	3	0.00000
Oceanisphaera profunda	1416627	S	1	0	1	0.00000
Oceanisphaera avium	1903694	S	1	0	1	0.00000
Succinivibrio dextrinosolvens	83771	S	1	0	1	0.00000
Halomonas sp. JS92-SW72	2306583	S	61	7	68	0.00005
Halomonas sp. KO116	1504981	S	6	2	8	0.00001
Halomonas sp. THAF5a	2587844	S	5	0	5	0.00000
Halomonas sp. A40-4	2785909	S	3	0	3	0.00000
Halomonas sp. THAF12	2587849	S	3	0	3	0.00000
Halomonas sp. GFAJ-1	1118153	S	2	0	2	0.00000
Halomonas sp. MCCC 1A13316	2733487	S	2	0	2	0.00000
Halomonas sp. Y2R2	2562282	S	2	0	2	0.00000
Halomonas sp. BC-M4-5	2497861	S	2	0	2	0.00000
Halomonas sp. 1513	1883416	S	1	0	1	0.00000
Halomonas sp. YLGW01	2773308	S	1	0	1	0.00000
Halomonas sp. GT	1971364	S	1	0	1	0.00000
Halomonas sp. HL-93	1666906	S	1	0	1	0.00000
Halomonas sp. HG01	1609967	S	1	0	1	0.00000
Halomonas sp. PGE1	2730360	S	1	0	1	0.00000
Halomonas chromatireducens	507626	S	6	0	6	0.00000
Halomonas aestuarii	1897729	S	4	0	4	0.00000
Halomonas socia	1081866	S	2	0	2	0.00000
Halomonas meridiana	29570	S	1	0	1	0.00000
Halomonas elongata	2746	S	1	0	1	0.00000
Halomonas venusta	44935	S	1	0	1	0.00000
Halomonas campisalis	74661	S	1	5	6	0.00000
Halomonas hydrothermalis	115561	S	1	0	1	0.00000
Halomonas beimenensis	475662	S	1	0	1	0.00000
Cobetia sp. cqz5-12	2609415	S	3	2	5	0.00000
Cobetia sp. L2A1	2686360	S	1	0	1	0.00000
Kushneria marisflavi	157779	S	2	1	3	0.00000
Kushneria phosphatilytica	657387	S	2	0	2	0.00000
Zymobacter palmae	33074	S	1	0	1	0.00000
Candidatus Portiera aleyrodidarum	91844	S	1	0	1	0.00000
Salinicola tamaricis	1771309	S	2	0	2	0.00000
Halotalea alkalilenta	376489	S	1	0	1	0.00000
Pistricoccus aurantiacus	1883414	S	1	0	1	0.00000
Marinomonas sp. MWYL1	400668	S	1	0	1	0.00000
Marinomonas sp. FW-1	2071621	S	1	0	1	0.00000
Marinomonas arctica	383750	S	2	0	2	0.00000
Marinomonas mediterranea	119864	S	1	0	1	0.00000
Marinomonas primoryensis	178399	S	1	0	1	0.00000
Marinomonas foliarum	491950	S	1	0	1	0.00000
Marinomonas algicola	2773454	S	1	0	1	0.00000
Neptunomonas japonica	417574	S	3	0	3	0.00000
Neptunomonas phycophila	1572645	S	3	0	3	0.00000
Marinobacterium aestuarii	1821621	S	5	0	5	0.00000
Bacterioplanes sanyensis	1249553	S	5	0	5	0.00000
Thalassolituus oleivorans	187493	S	1	0	1	0.00000
Nitrincola sp. KXZD1103	2614693	S	1	0	1	0.00000
Bermanella marisrubri	207949	S	1	0	1	0.00000
Alcanivorax sp. N3-2A	2014542	S	4	0	4	0.00000
Alcanivorax sp. NBRC 101098	1113728	S	1	1	2	0.00000
Alcanivorax xenomutans	1094342	S	3	0	3	0.00000
Alcanivorax pacificus	1306787	S	2	0	2	0.00000
Ketobacter alkanivorans	1917421	S	3	0	3	0.00000
Hahella chejuensis	158327	S	1	0	1	0.00000
Hahella sp. KA22	1628392	S	1	0	1	0.00000
Spartinivicinus ruber	2683272	S	2	0	2	0.00000
Litoricola lipolytica	418701	S	3	0	3	0.00000
Oleiphilus messinensis	141451	S	1	0	1	0.00000
Saccharospirillum mangrovi	2161747	S	1	0	1	0.00000
Kangiella koreensis	261964	S	1	0	1	0.00000
Endozoicomonas montiporae	1027273	S	1	0	1	0.00000
Marinobacter sp. BSs20148	490759	S	3	1	4	0.00000
Marinobacter sp. JH2	2547598	S	2	0	2	0.00000
Marinobacter sp. CP1	1671721	S	1	2	3	0.00000
Marinobacter sp. es.042	1761794	S	1	1	2	0.00000
Marinobacter salarius	1420917	S	6	0	6	0.00000
Marinobacter salinus	1874317	S	4	0	4	0.00000
Marinobacter hydrocarbonoclasticus	2743	S	2	-2	0	0.00000
Marinobacter psychrophilus	330734	S	1	0	1	0.00000
Marinobacter salsuginis	418719	S	1	0	1	0.00000
Marinobacter fonticola	2603215	S	1	0	1	0.00000
Alteromonas mediterranea	314275	S	8	1	9	0.00001
Alteromonas macleodii	28108	S	6	1	7	0.00000
Glaciecola amylolytica	2489595	S	8	0	8	0.00001
Glaciecola nitratireducens	300231	S	3	0	3	0.00000
Paraglaciecola sp. L3A3	2686358	S	2	0	2	0.00000
Paraglaciecola sp. L1A13	2686359	S	2	0	2	0.00000
Paraglaciecola mesophila	197222	S	1	0	1	0.00000
Salinimonas sp. G2-b	2785918	S	2	0	2	0.00000
Salinimonas sp. KX18D6	2572577	S	1	0	1	0.00000
Salinimonas lutimaris	914153	S	1	0	1	0.00000
Catenovulum sediminis	1740262	S	2	0	2	0.00000
Catenovulum sp. CCB-QB4	2172099	S	2	0	2	0.00000
Agarivorans gilvus	680279	S	2	0	2	0.00000
Lacimicrobium alkaliphilum	1526571	S	1	0	1	0.00000
Hydrocarboniclastica marina	2259620	S	1	0	1	0.00000
Saliniradius amylolyticus	2183582	S	1	0	1	0.00000
Pseudoalteromonas sp. A25	116092	S	2	0	2	0.00000
Pseudoalteromonas sp. PS1M3	87791	S	1	3	4	0.00000
Pseudoalteromonas sp. SM1988	2744479	S	1	0	1	0.00000
Pseudoalteromonas sp. DL-6	1390185	S	1	0	1	0.00000
Pseudoalteromonas rubra	43658	S	3	0	3	0.00000
Pseudoalteromonas piratica	1348114	S	2	0	2	0.00000
Pseudoalteromonas xiamenensis	882626	S	2	0	2	0.00000
Pseudoalteromonas arabiensis	874454	S	2	0	2	0.00000
Pseudoalteromonas viridis	339617	S	2	0	2	0.00000
Pseudoalteromonas atlantica	288	S	1	0	1	0.00000
Pseudoalteromonas lipolytica	570156	S	1	10	11	0.00001
Pseudoalteromonas tunicata	314281	S	1	0	1	0.00000
Pseudoalteromonas phenolica	161398	S	1	0	1	0.00000
Pseudoalteromonas carrageenovora	227	S	1	0	1	0.00000
Pseudoalteromonas espejiana	28107	S	1	0	1	0.00000
Pseudoalteromonas luteoviolacea	43657	S	1	0	1	0.00000
Psychrosphaera aestuarii	1266052	S	6	0	6	0.00000
Shewanella sp. M2	2487742	S	6	0	6	0.00000
Shewanella sp. FJAT-53720	2814292	S	2	0	2	0.00000
Shewanella sp. ANA-3	94122	S	1	1	2	0.00000
Shewanella sp. FJAT-51800	2814294	S	1	0	1	0.00000
Shewanella sp. Pdp11	2059264	S	1	1	2	0.00000
Shewanella sp. Arc9-LZ	2698686	S	1	0	1	0.00000
Shewanella sp. SNU WT4	2590015	S	1	0	1	0.00000
Shewanella sp. YLB-06	2593655	S	1	0	1	0.00000
Shewanella donghaensis	238836	S	3	0	3	0.00000
Shewanella baltica	62322	S	3	1	4	0.00000
Shewanella violacea	60217	S	2	0	2	0.00000
Shewanella algae	38313	S	1	0	1	0.00000
Shewanella maritima	2520507	S	1	0	1	0.00000
Shewanella piezotolerans	404011	S	1	0	1	0.00000
Shewanella decolorationis	256839	S	1	0	1	0.00000
Shewanella putrefaciens	24	S	1	4	5	0.00000
Shewanella woodyi	60961	S	1	0	1	0.00000
Shewanella amazonensis	60478	S	1	0	1	0.00000
Shewanella benthica	43661	S	1	0	1	0.00000
Parashewanella tropica	2547970	S	1	0	1	0.00000
Colwellia sp. PAMC 20917	1816218	S	4	0	4	0.00000
Colwellia sp. 20A7	2689569	S	2	0	2	0.00000
Colwellia sp. MT41	58049	S	1	0	1	0.00000
Colwellia sp. Arc7-D	2161872	S	1	0	1	0.00000
Colwellia sp. Arc7-635	2497879	S	1	0	1	0.00000
Colwellia psychrerythraea	28229	S	4	0	4	0.00000
Colwellia beringensis	1967665	S	1	0	1	0.00000
Thalassotalea sp. LPB0316	2769490	S	2	0	2	0.00000
Thalassotalea sp. PS06	2594005	S	1	0	1	0.00000
Idiomarina piscisalsi	1096243	S	2	2	4	0.00000
Idiomarina andamanensis	1940690	S	2	0	2	0.00000
Ferrimonas lipolytica	2724191	S	3	0	3	0.00000
Ferrimonas balearica	44012	S	2	0	2	0.00000
Thioalkalivibrio sulfidiphilus	1033854	S	7	2	9	0.00001
Thioalkalivibrio paradoxus	108010	S	4	0	4	0.00000
Thioalkalivibrio versutus	106634	S	2	0	2	0.00000
Thioalkalivibrio sp. K90mix	396595	S	1	0	1	0.00000
Acidihalobacter ferrooxydans	1765967	S	7	0	7	0.00000
Acidihalobacter aeolianus	2792603	S	5	0	5	0.00000
Acidihalobacter yilgarnenesis	2819280	S	2	0	2	0.00000
Halorhodospira halophila	1053	S	6	0	6	0.00000
Ectothiorhodospira sp. BSL-9	1442136	S	4	0	4	0.00000
Alkalilimnicola ehrlichii	351052	S	4	0	4	0.00000
Aquisalimonas sp. 2447	2740807	S	2	0	2	0.00000
Spiribacter salinus	1335746	S	2	0	2	0.00000
Rheinheimera sp. LHK132	2498451	S	10	0	10	0.00001
Rheinheimera sp. F8	1763998	S	2	0	2	0.00000
Candidatus Thiodictyon syntrophicum	1166950	S	10	0	10	0.00001
Candidatus Nitrosacidococcus tergens	553981	S	7	0	7	0.00000
Thiocystis violascens	73141	S	6	0	6	0.00000
Marichromatium purpuratum	37487	S	4	0	4	0.00000
Thioflavicoccus mobilis	80679	S	2	0	2	0.00000
Thermochromatium tepidum	1050	S	1	0	1	0.00000
Candidatus Nitrosoglobus terrae	1630141	S	1	0	1	0.00000
Thiohalobacter thiocyanaticus	585455	S	2	7	9	0.00001
Halothiobacillus neapolitanus	927	S	4	0	4	0.00000
Granulosicoccus antarcticus	437505	S	3	0	3	0.00000
Sulfuriflexus mobilis	1811807	S	1	0	1	0.00000
Sulfurivermis fontis	1972068	S	4	0	4	0.00000
Guyparkeria halophila	47960	S	4	0	4	0.00000
Wenzhouxiangella marina	1579979	S	2	0	2	0.00000
Wenzhouxiangella sp. AB-CW3	2771012	S	1	0	1	0.00000
Woeseia oceani	1548547	S	2	0	2	0.00000
Vibrio anguillarum	55601	S	19	7	26	0.00002
Vibrio harveyi	669	S	2	0	2	0.00000
Vibrio campbellii	680	S	2	0	2	0.00000
Vibrio diabolicus	50719	S	2	1	3	0.00000
Vibrio parahaemolyticus	670	S	1	0	1	0.00000
Vibrio rotiferianus	190895	S	1	0	1	0.00000
Vibrio sp. SM1977	2662262	S	7	0	7	0.00000
Vibrio sp. Sal10	2777577	S	1	0	1	0.00000
Vibrio furnissii	29494	S	8	2	10	0.00001
Vibrio vulnificus	672	S	7	1	8	0.00001
Vibrio cholerae	666	S	6	4	10	0.00001
Vibrio spartinae	1918945	S	3	0	3	0.00000
Vibrio aphrogenes	1891186	S	3	0	3	0.00000
Vibrio rumoiensis	76258	S	3	1	4	0.00000
Vibrio mediterranei	689	S	2	0	2	0.00000
Vibrio tubiashii	29498	S	1	0	1	0.00000
Vibrio europaeus	300876	S	1	0	1	0.00000
Vibrio tritonius	1435069	S	2	0	2	0.00000
Vibrio panuliri	1381081	S	2	0	2	0.00000
Vibrio navarrensis	29495	S	2	0	2	0.00000
Vibrio fluvialis	676	S	2	0	2	0.00000
Vibrio breoganii	553239	S	1	0	1	0.00000
Vibrio astriarenae	1481923	S	1	0	1	0.00000
Vibrio cyclitrophicus	47951	S	1	0	1	0.00000
Vibrio alfacsensis	1074311	S	1	0	1	0.00000
Vibrio nigripulchritudo	28173	S	1	0	1	0.00000
Vibrio casei	673372	S	1	0	1	0.00000
Vibrio coralliilyticus	190893	S	1	0	1	0.00000
Vibrio kanaloae	170673	S	1	0	1	0.00000
Vibrio taketomensis	2572923	S	1	0	1	0.00000
Vibrio aquimaris	2587862	S	1	0	1	0.00000
Photobacterium damselae	38293	S	5	2	7	0.00000
Photobacterium profundum	74109	S	3	0	3	0.00000
Aliivibrio fischeri	668	S	3	0	3	0.00000
Salinivibrio kushneri	1908198	S	1	1	2	0.00000
Grimontia hollisae	673	S	1	0	1	0.00000
Cellvibrio sp. PSBB023	1945512	S	13	2	15	0.00001
Cellvibrio sp. KY-GH-1	2303332	S	13	2	15	0.00001
Cellvibrio sp. KY-YJ-3	454662	S	8	2	10	0.00001
Cellvibrio sp. PSBB006	1987723	S	7	0	7	0.00000
Cellvibrio japonicus	155077	S	6	0	6	0.00000
Saccharophagus degradans	86304	S	2	0	2	0.00000
Teredinibacter purpureus	2731756	S	1	0	1	0.00000
Agarilytica rhodophyticola	1737490	S	1	0	1	0.00000
Halioglobus japonicus	930805	S	4	0	4	0.00000
Halioglobus pacificus	930806	S	4	0	4	0.00000
Halioglobus maricola	2601894	S	3	0	3	0.00000
Kineobactrum salinum	2708301	S	4	0	4	0.00000
Congregibacter litoralis	393662	S	3	0	3	0.00000
Microbulbifer sp. YPW1	2745199	S	4	1	5	0.00000
Microbulbifer sp. A4B17	359370	S	2	1	3	0.00000
Microbulbifer sp. ALW1	1516059	S	2	0	2	0.00000
Microbulbifer sp. THAF38	2587856	S	1	0	1	0.00000
Microbulbifer thermotolerans	252514	S	3	0	3	0.00000
Microbulbifer agarilyticus	260552	S	1	0	1	0.00000
Microbulbifer aggregans	1769779	S	1	0	1	0.00000
Spongiibacter sp. CSC3.9	2794344	S	3	0	3	0.00000
Zhongshania aliphaticivorans	1470434	S	1	0	1	0.00000
Legionella sp. TUM19329	2708020	S	4	0	4	0.00000
Legionella sp. PC997	2755562	S	3	0	3	0.00000
Legionella sp. MW5194	2662448	S	1	0	1	0.00000
Legionella sp. PC1000	2746060	S	1	0	1	0.00000
Legionella oakridgensis	29423	S	7	0	7	0.00000
Legionella fallonii	96230	S	6	0	6	0.00000
Legionella pneumophila	446	S	5	3	8	0.00001
Legionella waltersii	66969	S	4	1	5	0.00000
Legionella longbeachae	450	S	3	0	3	0.00000
Legionella jordanis	456	S	3	0	3	0.00000
Legionella anisa	28082	S	3	0	3	0.00000
Legionella geestiana	45065	S	3	0	3	0.00000
Legionella cherrii	28084	S	2	0	2	0.00000
Legionella sainthelensi	28087	S	2	0	2	0.00000
Legionella endosymbiont of Polyplax serrata	2005262	S	2	0	2	0.00000
Legionella hackeliae	449	S	2	1	3	0.00000
Legionella spiritensis	452	S	1	0	1	0.00000
Tatlockia micdadei	451	S	1	0	1	0.00000
Candidatus Rickettsiella viridis	676208	S	9	0	9	0.00001
Coxiella burnetii	777	S	5	0	5	0.00000
Candidatus Coxiella mudrowiae	2054173	S	1	0	1	0.00000
Aquicella lusitana	254246	S	2	0	2	0.00000
Thiothrix unzii	111769	S	15	0	15	0.00001
Thiothrix sp.	1032	S	6	0	6	0.00000
Thiothrix sp. Ku-5	2735563	S	3	0	3	0.00000
Beggiatoa leptomitoformis	288004	S	7	0	7	0.00000
Piscirickettsia salmonis	1238	S	8	0	8	0.00001
Hydrogenovibrio marinus	28885	S	5	0	5	0.00000
Hydrogenovibrio crunogenus	39765	S	2	0	2	0.00000
Hydrogenovibrio thermophilus	265883	S	1	0	1	0.00000
Methylophaga frappieri	754477	S	3	0	3	0.00000
Methylophaga nitratireducenticrescens	754476	S	1	0	1	0.00000
Thiomicrospira aerophila	92245	S	2	0	2	0.00000
Cycloclasticus sp. P1	385025	S	1	0	1	0.00000
Thiomicrorhabdus sediminis	2580412	S	1	0	1	0.00000
Thiosulfativibrio zosterae	2675053	S	1	0	1	0.00000
Thiosulfatimonas sediminis	2675054	S	1	0	1	0.00000
Francisella sp. Scap27	2589986	S	2	0	2	0.00000
Francisella tularensis	263	S	1	0	1	0.00000
Francisella persica	954	S	1	0	1	0.00000
Francisella philomiragia	28110	S	1	0	1	0.00000
Francisella hispaniensis	622488	S	1	0	1	0.00000
Francisella adeliensis	2007306	S	1	0	1	0.00000
Haemophilus parainfluenzae	729	S	10	1	11	0.00001
Haemophilus influenzae	727	S	3	2	5	0.00000
Pasteurella multocida	747	S	6	3	9	0.00001
Mannheimia haemolytica	75985	S	3	2	5	0.00000
Mannheimia granulomatis	85402	S	2	0	2	0.00000
Actinobacillus pleuropneumoniae	715	S	2	0	2	0.00000
Actinobacillus porcitonsillarum	189834	S	2	0	2	0.00000
Actinobacillus delphinicola	51161	S	1	0	1	0.00000
Actinobacillus sp. GY-402	2774188	S	1	0	1	0.00000
Aggregatibacter segnis	739	S	3	0	3	0.00000
Aggregatibacter sp. 2125159857	2820817	S	2	0	2	0.00000
Bibersteinia trehalosi	47735	S	5	38	43	0.00003
Glaesserella parasuis	738	S	2	0	2	0.00000
Glaesserella sp. 15-184	2030797	S	1	0	1	0.00000
Histophilus somni	731	S	2	0	2	0.00000
Gallibacterium anatis	750	S	1	0	1	0.00000
Frederiksenia canicola	123824	S	1	0	1	0.00000
Rodentibacter sp. DSM 111151	2778911	S	1	0	1	0.00000
Methylomonas sp. LL1	2785785	S	3	0	3	0.00000
Methylomonas sp. DH-1	1727196	S	2	3	5	0.00000
Methylomonas sp. LW13	107637	S	1	0	1	0.00000
Methylomonas methanica	421	S	1	0	1	0.00000
Methylomonas koyamae	702114	S	1	2	3	0.00000
Methylomonas denitrificans	1538553	S	1	0	1	0.00000
Methylomonas rhizoryzae	2608981	S	1	0	1	0.00000
Methylococcus sp. EFPC2	2812648	S	7	0	7	0.00000
Methylococcus sp. IM1	2681310	S	3	0	3	0.00000
Methylococcus capsulatus	414	S	1	0	1	0.00000
Methylomicrobium album	39775	S	5	0	5	0.00000
Methylomicrobium sp. wino1	2049332	S	4	1	5	0.00000
Methylovulum psychrotolerans	1704499	S	9	0	9	0.00001
Methylocaldum marinum	1432792	S	3	0	3	0.00000
Methylotuvimicrobium buryatense	95641	S	1	0	1	0.00000
Methylotuvimicrobium alcaliphilum	271065	S	1	0	1	0.00000
Candidatus Methylospira mobilis	1808979	S	1	0	1	0.00000
Candidatus Vesicomyosocius okutanii	412965	S	2	0	2	0.00000
Candidatus Vesicomyosocius sp. SY067_SCS001	2732590	S	2	0	2	0.00000
Bathymodiolus septemdierum thioautotrophic gill symbiont	113267	S	2	0	2	0.00000
Candidatus Ruthia magnifica	386487	S	1	0	1	0.00000
Candidatus Thioglobus sp. NP1	2508687	S	3	0	3	0.00000
Candidatus Thioglobus singularis	1427364	S	1	0	1	0.00000
Sedimenticola thiotaurini	1543721	S	1	0	1	0.00000
Pseudohongiella spirulinae	1249552	S	1	0	1	0.00000
Thiolapillus brandeum	1076588	S	1	0	1	0.00000
Sinimarinibacterium sp. NLF-5-8	2698684	S	4	1	5	0.00000
Solimonas sp. K1W22B-7	2303331	S	3	0	3	0.00000
Steroidobacter denitrificans	465721	S	4	0	4	0.00000
Sulfuricaulis limicola	1620215	S	5	0	5	0.00000
Acidiferrobacter sp. SPIII_3	1281578	S	4	0	4	0.00000
Sulfurifustis variabilis	1675686	S	2	0	2	0.00000
Gilliamella apicola	1196095	S	3	0	3	0.00000
Frischella perrara	1267021	S	2	0	2	0.00000
Orbus sp. IPMB12	1635327	S	1	0	1	0.00000
Immundisolibacter cernigliae	1810504	S	5	0	5	0.00000
Cardiobacterium hominis	2718	S	2	0	2	0.00000
Dichelobacter nodosus	870	S	1	0	1	0.00000
endosymbiont of unidentified scaly snail isolate Monju	1248727	S	2	0	2	0.00000
Bradyrhizobium sp. CCBAU 051011	858422	S	12	2	14	0.00001
Bradyrhizobium sp.	376	S	11	29	40	0.00003
Bradyrhizobium sp. ORS 278	114615	S	7	1	8	0.00001
Bradyrhizobium sp. SK17	2057741	S	7	3	10	0.00001
Bradyrhizobium sp. 1(2017)	1404888	S	7	2	9	0.00001
Bradyrhizobium sp. PSBB068	2715960	S	6	2	8	0.00001
Bradyrhizobium sp. BTAi1	288000	S	6	0	6	0.00000
Bradyrhizobium sp. CCBAU 51753	1325100	S	5	1	6	0.00000
Bradyrhizobium sp. CCBAU 51765	1325102	S	5	1	6	0.00000
Bradyrhizobium sp. ORS 285	115808	S	4	0	4	0.00000
Bradyrhizobium sp. CCBAU 53340	1325112	S	4	3	7	0.00000
Bradyrhizobium sp. CCGE-LA001	1223566	S	3	0	3	0.00000
Bradyrhizobium sp. 6(2017)	1197460	S	3	0	3	0.00000
Bradyrhizobium sp. CCBAU 53338	1325111	S	2	1	3	0.00000
Bradyrhizobium sp. LCT2	2493093	S	2	8	10	0.00001
Bradyrhizobium sp. SG09	2599805	S	2	25	27	0.00002
Bradyrhizobium sp. CCBAU 53421	1325120	S	1	0	1	0.00000
Bradyrhizobium erythrophlei	1437360	S	48	3	51	0.00004
Bradyrhizobium diazoefficiens	1355477	S	15	28	43	0.00003
Bradyrhizobium canariense	255045	S	15	1	16	0.00001
Bradyrhizobium vignae	1549949	S	14	2	16	0.00001
Bradyrhizobium lablabi	722472	S	12	26	38	0.00003
Bradyrhizobium paxllaeri	190148	S	10	1	11	0.00001
Bradyrhizobium symbiodeficiens	1404367	S	8	3	11	0.00001
Bradyrhizobium icense	1274631	S	7	1	8	0.00001
Bradyrhizobium guangxiense	1325115	S	7	6	13	0.00001
Bradyrhizobium japonicum	375	S	7	6	13	0.00001
Bradyrhizobium oligotrophicum	44255	S	7	1	8	0.00001
Bradyrhizobium betae	244734	S	6	4	10	0.00001
Bradyrhizobium cosmicum	1404864	S	6	1	7	0.00000
Bradyrhizobium arachidis	858423	S	5	1	6	0.00000
Bradyrhizobium genosp. L	83637	S	5	0	5	0.00000
Bradyrhizobium guangdongense	1325090	S	4	4	8	0.00001
Bradyrhizobium genosp. B	83627	S	4	0	4	0.00000
Bradyrhizobium zhanjiangense	1325107	S	2	0	2	0.00000
Bradyrhizobium amphicarpaeae	1404768	S	1	0	1	0.00000
Bosea sp. RAC05	1842539	S	27	6	33	0.00002
Bosea sp. ANAM02	2020412	S	11	3	14	0.00001
Bosea sp. PAMC 26642	1792307	S	8	1	9	0.00001
Bosea sp. AS-1	2015316	S	5	1	6	0.00000
Bosea sp. Tri-49	1867715	S	4	0	4	0.00000
Bosea sp. F3-2	2599640	S	2	0	2	0.00000
Bosea vaviloviae	1526658	S	9	1	10	0.00001
Rhodopseudomonas palustris	1076	S	50	12	62	0.00004
Tardiphaga robiniae	943830	S	11	1	12	0.00001
Afipia sp. GAS231	1882747	S	10	10	20	0.00001
Afipia carboxidovorans	40137	S	3	-3	0	0.00000
Variibacter gotjawalensis	1333996	S	13	0	13	0.00001
Nitrobacter winogradskyi	913	S	9	1	10	0.00001
Nitrobacter hamburgensis	912	S	1	0	1	0.00000
Rhizobium sp. BG4	2613770	S	12	1	13	0.00001
Rhizobium sp. 11515TR	2028343	S	7	0	7	0.00000
Rhizobium sp. WL3	2603277	S	4	0	4	0.00000
Rhizobium sp. ACO-34A	1571470	S	3	0	3	0.00000
Rhizobium sp. NLR16a	2731112	S	3	1	4	0.00000
Rhizobium sp. CIAT894	2020312	S	2	0	2	0.00000
Rhizobium sp. S41	1869170	S	2	25	27	0.00002
Rhizobium sp. ADMK78	1813451	S	2	0	2	0.00000
Rhizobium sp. NXC24	2048897	S	2	0	2	0.00000
Rhizobium sp. IE4771	1301032	S	1	2	3	0.00000
Rhizobium sp. Kim5	2020311	S	1	3	4	0.00000
Rhizobium sp. NXC14	1981173	S	1	0	1	0.00000
Rhizobium leguminosarum	384	S	16	13	29	0.00002
Rhizobium daejeonense	240521	S	7	2	9	0.00001
Rhizobium pseudoryzae	379684	S	6	1	7	0.00000
Rhizobium lusitanum	293958	S	6	0	6	0.00000
Rhizobium tropici	398	S	5	1	6	0.00000
Rhizobium phaseoli	396	S	4	6	10	0.00001
Rhizobium rhizoryzae	451876	S	3	0	3	0.00000
Rhizobium pusense	648995	S	3	12	15	0.00001
Rhizobium jaguaris	1312183	S	3	0	3	0.00000
Rhizobium etli	29449	S	2	0	2	0.00000
Rhizobium favelukesii	348824	S	2	0	2	0.00000
Rhizobium acidisoli	1538158	S	2	1	3	0.00000
Rhizobium rosettiformans	1368430	S	2	1	3	0.00000
Rhizobium lentis	1138194	S	2	0	2	0.00000
Rhizobium bangladeshense	1138189	S	2	0	2	0.00000
Rhizobium oryzihabitans	2267833	S	1	1	2	0.00000
Rhizobium gallicum	56730	S	1	0	1	0.00000
Agrobacterium tumefaciens	358	S	9	6	15	0.00001
Agrobacterium fabacearum	1183401	S	1	3	4	0.00000
Agrobacterium rubi	28099	S	7	1	8	0.00001
Agrobacterium vitis	373	S	6	0	6	0.00000
Agrobacterium rhizogenes	359	S	2	2	4	0.00000
Agrobacterium larrymoorei	160699	S	2	0	2	0.00000
Agrobacterium sp. CGMCC 11546	2579248	S	1	2	3	0.00000
Agrobacterium sp. T29	2580515	S	1	0	1	0.00000
Neorhizobium sp. SOG26	2060726	S	3	0	3	0.00000
Neorhizobium sp. NCHU2750	1825976	S	1	0	1	0.00000
Neorhizobium galegae	399	S	3	0	3	0.00000
Sinorhizobium sp. RAC02	1842534	S	3	0	3	0.00000
Sinorhizobium sp. BG8	2613773	S	3	0	3	0.00000
Sinorhizobium sp. M14	430451	S	2	10	12	0.00001
Sinorhizobium sp. CCBAU 05631	794846	S	1	3	4	0.00000
Sinorhizobium medicae	110321	S	7	1	8	0.00001
Sinorhizobium fredii	380	S	6	5	11	0.00001
Sinorhizobium meliloti	382	S	3	0	3	0.00000
Sinorhizobium americanum	194963	S	1	0	1	0.00000
Ensifer sojae	716925	S	7	4	11	0.00001
Ensifer alkalisoli	1752398	S	3	0	3	0.00000
Ensifer mexicanus	375549	S	2	0	2	0.00000
Ensifer sp. PDNC004	2811423	S	2	0	2	0.00000
Ensifer adhaerens	106592	S	1	0	1	0.00000
Shinella sp. PSBB067	2715959	S	10	6	16	0.00001
Shinella sp. HZN7	879274	S	5	3	8	0.00001
Kaistia sp. 32K	2795690	S	6	1	7	0.00000
Georhizobium profundi	2341112	S	4	1	5	0.00000
Ciceribacter thiooxidans	1969821	S	3	0	3	0.00000
Candidatus Liberibacter solanacearum	556287	S	1	0	1	0.00000
Methylobacterium sp. WL1	2603276	S	23	2	25	0.00002
Methylobacterium sp. 17Sr1-43	2202828	S	9	1	10	0.00001
Methylobacterium sp. 4-46	426117	S	4	0	4	0.00000
Methylobacterium sp. 17Sr1-1	2202826	S	4	1	5	0.00000
Methylobacterium sp. XJLW	739141	S	3	38	41	0.00003
Methylobacterium sp. AMS5	925818	S	1	0	1	0.00000
Methylobacterium sp. C1	1479019	S	1	4	5	0.00000
Methylobacterium aquaticum	270351	S	16	4	20	0.00001
Methylobacterium indicum	1775910	S	12	4	16	0.00001
Methylobacterium mesophilicum	39956	S	9	1	10	0.00001
Methylobacterium nodulans	114616	S	8	0	8	0.00001
Methylobacterium durans	2202825	S	8	0	8	0.00001
Methylobacterium brachiatum	269660	S	7	2	9	0.00001
Methylobacterium radiotolerans	31998	S	5	15	20	0.00001
Methylobacterium currus	2051553	S	4	1	5	0.00000
Methylobacterium phyllosphaerae	418223	S	2	6	8	0.00001
Methylorubrum populi	223967	S	26	13	39	0.00003
Methylorubrum extorquens	408	S	14	17	31	0.00002
Microvirga sp. VF16	2807101	S	5	0	5	0.00000
Microvirga sp. 17 mud 1-3	2082949	S	3	0	3	0.00000
Microvirga ossetica	1882682	S	4	0	4	0.00000
Microvirga thermotolerans	2651334	S	3	0	3	0.00000
Mesorhizobium sp. Pch-S	2082387	S	8	1	9	0.00001
Mesorhizobium sp. M7A.F.Ce.TU.012.03.2.1	2493681	S	8	3	11	0.00001
Mesorhizobium sp. M1E.F.Ca.ET.045.02.1.1	2493672	S	8	4	12	0.00001
Mesorhizobium sp. M7D.F.Ca.US.005.01.1.1	2493678	S	6	2	8	0.00001
Mesorhizobium sp. N3	675281	S	5	1	6	0.00000
Mesorhizobium sp. M4B.F.Ca.ET.058.02.1.1	2493675	S	5	2	7	0.00000
Mesorhizobium sp. M9A.F.Ca.ET.002.03.1.2	2493668	S	5	2	7	0.00000
Mesorhizobium sp. NZP2077	2483404	S	4	1	5	0.00000
Mesorhizobium sp. 113-3-3	2744516	S	4	2	6	0.00000
Mesorhizobium sp. INR15	2654248	S	4	0	4	0.00000
Mesorhizobium sp. M8A.F.Ca.ET.057.01.1.1	2493679	S	4	1	5	0.00000
Mesorhizobium sp. NBSH29	2654249	S	3	0	3	0.00000
Mesorhizobium sp. 131-2-1	2744518	S	3	1	4	0.00000
Mesorhizobium sp. M3A.F.Ca.ET.080.04.2.1	2493676	S	3	1	4	0.00000
Mesorhizobium sp. 8	2584466	S	2	0	2	0.00000
Mesorhizobium sp. L-2-11	2744521	S	2	0	2	0.00000
Mesorhizobium sp. L-8-3	2744522	S	2	8	10	0.00001
Mesorhizobium sp. J8	2777475	S	2	0	2	0.00000
Mesorhizobium sp. M6A.T.Cr.TU.016.01.1.1	2493677	S	2	0	2	0.00000
Mesorhizobium sp. M1B.F.Ca.ET.045.04.1.1	2493673	S	2	0	2	0.00000
Mesorhizobium sp. DCY119	2108445	S	2	0	2	0.00000
Mesorhizobium sp. M1D.F.Ca.ET.043.01.1.1	2493669	S	2	1	3	0.00000
Mesorhizobium sp. NZP2298	2483403	S	2	1	3	0.00000
Mesorhizobium sp. L-8-10	2744523	S	1	4	5	0.00000
Mesorhizobium sp. AA22	1854057	S	1	0	1	0.00000
Mesorhizobium sp. 113-3-9	2744517	S	1	0	1	0.00000
Mesorhizobium opportunistum	593909	S	9	3	12	0.00001
Mesorhizobium loti	381	S	6	16	22	0.00002
Mesorhizobium oceanicum	1670800	S	6	1	7	0.00000
Mesorhizobium amorphae	71433	S	4	1	5	0.00000
Mesorhizobium australicum	536018	S	3	1	4	0.00000
Mesorhizobium huakuii	28104	S	1	0	1	0.00000
Mesorhizobium erdmanii	1777866	S	1	0	1	0.00000
Mesorhizobium japonicum	2066070	S	1	0	1	0.00000
Phyllobacterium zundukense	1867719	S	6	0	6	0.00000
Phyllobacterium sp. 628	2718938	S	2	0	2	0.00000
Aminobacter sp. MSH1	374606	S	5	5	10	0.00001
Nitratireductor sp. SY7	2599600	S	4	0	4	0.00000
Nitratireductor sp. OM-1	1756988	S	2	0	2	0.00000
Hoeflea sp. IMCC20628	1620421	S	4	0	4	0.00000
Hoeflea phototrophica	244596	S	2	0	2	0.00000
Lentilitoribacter sp. Alg239-R112	2305987	S	5	0	5	0.00000
Chelativorans sp. BNC1	266779	S	4	0	4	0.00000
Oricola thermophila	2742145	S	2	0	2	0.00000
Salaquimonas pukyongi	2712698	S	1	0	1	0.00000
Devosia sp. A16	1736675	S	13	1	14	0.00001
Devosia sp. S02	2657486	S	7	1	8	0.00001
Devosia sp. LEGU1	2774137	S	7	1	8	0.00001
Devosia sp. G19	2801335	S	7	1	8	0.00001
Devosia sp. I507	2083786	S	3	0	3	0.00000
Devosia sp. MC521	2759954	S	2	1	3	0.00000
Devosia sp. 1566	2499144	S	1	0	1	0.00000
Devosia sp. D6-9	2664417	S	1	1	2	0.00000
Devosia ginsengisoli	400770	S	7	0	7	0.00000
Hyphomicrobium sp. MC1	717785	S	16	2	18	0.00001
Hyphomicrobium nitrativorans	1427356	S	8	0	8	0.00001
Hyphomicrobium denitrificans	53399	S	7	2	9	0.00001
Rhodoplanes sp. Z2-YC6860	674703	S	19	1	20	0.00001
Caenibius tardaugens	169176	S	8	13	21	0.00001
Blastochloris tepida	2233851	S	4	1	5	0.00000
Blastochloris viridis	1079	S	2	0	2	0.00000
Pelagibacterium halotolerans	531813	S	4	0	4	0.00000
Youhaiella tibetensis	1447062	S	4	0	4	0.00000
Rhodomicrobium vannielii	1069	S	3	0	3	0.00000
Aquabacter sp. L1I39	2820278	S	3	0	3	0.00000
Methyloligella sp. GL2	2742204	S	3	0	3	0.00000
Paradevosia shaoguanensis	1335043	S	3	5	8	0.00001
Candidatus Filomicrobium marinum	1608628	S	1	0	1	0.00000
Methyloceanibacter sp. wino2	2170729	S	1	0	1	0.00000
Pyruvatibacter mobilis	1712261	S	59	5	64	0.00005
Parvibaculum lavamentivorans	256618	S	10	6	16	0.00001
Pseudolabrys taiwanensis	331696	S	13	1	14	0.00001
Pseudolabrys sp. FHR47	2562284	S	9	1	10	0.00001
Ancylobacter sp. TS-1	1850374	S	8	3	11	0.00001
Ancylobacter pratisalsi	1745854	S	2	0	2	0.00000
Azorhizobium caulinodans	7	S	9	1	10	0.00001
Starkeya sp. ORNL1	2709380	S	6	1	7	0.00000
Starkeya novella	921	S	1	0	1	0.00000
Labrys sp. KNU-23	2789216	S	8	0	8	0.00001
Xanthobacter sp. YN2	2528964	S	6	2	8	0.00001
Methylocystis rosea	173366	S	18	2	20	0.00001
Methylocystis heyeri	391905	S	8	0	8	0.00001
Methylocystis parvus	134	S	1	0	1	0.00000
Methylocystis bryophila	655015	S	1	0	1	0.00000
Methylocystis sp. SC2	187303	S	1	0	1	0.00000
Methylosinus trichosporium	426	S	5	1	6	0.00000
Methylosinus sp. C49	2699395	S	2	0	2	0.00000
Pseudorhodoplanes sinuspersici	1235591	S	12	0	12	0.00001
Nordella sp. HKS 07	2712222	S	8	0	8	0.00001
Candidatus Hodgkinia cicadicola	573658	S	3	0	3	0.00000
Hartmannibacter diazotrophicus	1482074	S	2	0	2	0.00000
Martelella mediterranea	293089	S	6	2	8	0.00001
Martelella sp. AD-3	686597	S	2	3	5	0.00000
Martelella lutilitoris	2583532	S	3	0	3	0.00000
Martelella endophytica	1486262	S	1	0	1	0.00000
Aureimonas sp. OT7	2816454	S	5	5	10	0.00001
Aureimonas sp. AU20	1349819	S	3	0	3	0.00000
Aureimonas sp. LMG 31693	2758041	S	2	0	2	0.00000
Aureimonas populi	1701758	S	1	0	1	0.00000
Brucella pseudogrignonensis	419475	S	4	7	11	0.00001
Brucella anthropi	529	S	3	11	14	0.00001
[Ochrobactrum] quorumnocens	271865	S	2	0	2	0.00000
Labrenzia sp. VG12	2021862	S	1	0	1	0.00000
Labrenzia sp. THAF82	2587861	S	1	0	1	0.00000
Labrenzia sp. PHM005	2590016	S	1	0	1	0.00000
Labrenzia alexandrii	388408	S	1	1	2	0.00000
Stappia sp. ES.058	1881061	S	3	0	3	0.00000
Stappia indica	538381	S	2	0	2	0.00000
Pannonibacter phragmitetus	121719	S	5	6	11	0.00001
Pseudovibrio sp. FO-BEG1	911045	S	1	0	1	0.00000
Bartonella sp. WD16.2	1933904	S	1	1	2	0.00000
Bartonella sp. HY038	2759660	S	1	0	1	0.00000
Bartonella apis	1686310	S	2	0	2	0.00000
Bartonella quintana	803	S	1	0	1	0.00000
Bartonella ancashensis	1318743	S	1	0	1	0.00000
Bartonella alsatica	52764	S	1	0	1	0.00000
Bartonella grahamii	33045	S	1	0	1	0.00000
Bartonella elizabethae	807	S	1	2	3	0.00000
Bartonella bacilliformis	774	S	1	0	1	0.00000
Methylocella tundrae	227605	S	5	0	5	0.00000
Methylocella silvestris	199596	S	2	0	2	0.00000
Methylovirgula ligni	569860	S	7	0	7	0.00000
Chelatococcus daeguensis	444444	S	6	2	8	0.00001
Breoghania sp. L-A4	2304600	S	3	0	3	0.00000
Cohaesibacter sp. ES.047	1798205	S	1	0	1	0.00000
Sphingomonas sp. PAMC26645	2565555	S	109	12	121	0.00009
Sphingomonas sp. HMP9	1517554	S	53	8	61	0.00004
Sphingomonas sp. AAP5	1523415	S	29	4	33	0.00002
Sphingomonas sp. CL5.1	2653203	S	13	2	15	0.00001
Sphingomonas sp. LK11	1390395	S	12	1	13	0.00001
Sphingomonas sp. HMP6	1517551	S	10	0	10	0.00001
Sphingomonas sp. XS-10	2599297	S	8	0	8	0.00001
Sphingomonas sp. AP4-R1	2735134	S	8	0	8	0.00001
Sphingomonas sp. FARSPH	2219696	S	7	3	10	0.00001
Sphingomonas sp. C8-2	2492837	S	7	4	11	0.00001
Sphingomonas sp. NBWT7	2596913	S	7	1	8	0.00001
Sphingomonas sp. Cra20	1327635	S	6	0	6	0.00000
Sphingomonas sp. MK52	2711156	S	6	0	6	0.00000
Sphingomonas sp. HDW15C	2714944	S	6	0	6	0.00000
Sphingomonas sp. MM-1	745310	S	6	7	13	0.00001
Sphingomonas sp. LMO-1	2681549	S	6	0	6	0.00000
Sphingomonas sp. LM7	1938607	S	6	0	6	0.00000
Sphingomonas sp. NIC1	1961362	S	6	4	10	0.00001
Sphingomonas sp. C33	2698679	S	5	0	5	0.00000
Sphingomonas sp. DH-S5	2759526	S	5	0	5	0.00000
Sphingomonas sp. sand1-3	2764186	S	5	0	5	0.00000
Sphingomonas sp. YZ-8	2319844	S	4	0	4	0.00000
Sphingomonas sp. KC8	1030157	S	4	1	5	0.00000
Sphingomonas sp. IC081	304378	S	4	14	18	0.00001
Sphingomonas sp. HDW15A	2714942	S	3	0	3	0.00000
Sphingomonas sp. HDW15B	2714943	S	2	0	2	0.00000
Sphingomonas melonis	152682	S	37	82	119	0.00008
Sphingomonas koreensis	93064	S	26	14	40	0.00003
Sphingomonas alpina	653931	S	20	0	20	0.00001
Sphingomonas panacisoli	1813879	S	18	0	18	0.00001
Sphingomonas panacis	1560345	S	16	0	16	0.00001
Sphingomonas taxi	1549858	S	15	0	15	0.00001
Sphingomonas insulae	424800	S	14	0	14	0.00001
Sphingomonas wittichii	160791	S	10	4	14	0.00001
Sphingomonas sanxanigenens	397260	S	10	4	14	0.00001
Sphingomonas paucimobilis	13689	S	8	2	10	0.00001
Sphingomonas hengshuiensis	1609977	S	8	0	8	0.00001
Sphingomonas rhizophila	2071607	S	5	0	5	0.00000
Sphingomonas xanthus	2594473	S	5	0	5	0.00000
Sphingomonas ginsengisoli An et al. 2013	363835	S	4	0	4	0.00000
Sphingomonas sediminicola	386874	S	4	0	4	0.00000
Sphingomonas daechungensis	1176646	S	4	0	4	0.00000
Sphingomonas lacunae	2698828	S	3	0	3	0.00000
Sphingobium sp. YG1	2082188	S	45	17	62	0.00004
Sphingobium sp. KCTC 72723	2733867	S	28	1	29	0.00002
Sphingobium sp. SCG-1	2072936	S	12	0	12	0.00001
Sphingobium sp. RAC03	1843368	S	8	1	9	0.00001
Sphingobium sp. SYK-6	627192	S	7	2	9	0.00001
Sphingobium sp. CAP-1	2676077	S	6	4	10	0.00001
Sphingobium sp. EP60837	1855519	S	5	0	5	0.00000
Sphingobium sp. Cam5-1	2789327	S	5	1	6	0.00000
Sphingobium sp. TKS	1315974	S	4	5	9	0.00001
Sphingobium sp. MI1205	407020	S	1	1	2	0.00000
Sphingobium sp. YBL2	484429	S	1	4	5	0.00000
Sphingobium sp. RSMS	520734	S	1	4	5	0.00000
Sphingobium sp. PAMC28499	2565554	S	1	1	2	0.00000
Sphingobium hydrophobicum	1673076	S	23	21	44	0.00003
Sphingobium yanoikuyae	13690	S	17	23	40	0.00003
Sphingobium amiense	135719	S	15	27	42	0.00003
Sphingobium cloacae	120107	S	7	13	20	0.00001
Sphingobium japonicum	332056	S	4	2	6	0.00000
Sphingobium fuliginis	336203	S	4	12	16	0.00001
Sphingobium chlorophenolicum	46429	S	3	1	4	0.00000
Sphingobium herbicidovorans	76947	S	3	2	5	0.00000
Sphingobium baderi	1332080	S	2	3	5	0.00000
Sphingobium barthaii	1054037	S	1	2	3	0.00000
Novosphingobium sp. P6W	1609758	S	35	1	36	0.00003
Novosphingobium sp. ABRDHK2	2571749	S	21	8	29	0.00002
Novosphingobium sp. THN1	1016987	S	14	1	15	0.00001
Novosphingobium sp. ES2-1	2780074	S	13	3	16	0.00001
Novosphingobium sp. PP1Y	702113	S	10	4	14	0.00001
Novosphingobium sp. Gsoil 351	2675225	S	10	0	10	0.00001
Novosphingobium sp. KA1	164608	S	7	20	27	0.00002
Novosphingobium resinovorum	158500	S	26	14	40	0.00003
Novosphingobium aromaticivorans	48935	S	19	5	24	0.00002
Novosphingobium ginsenosidimutans	1176536	S	16	0	16	0.00001
Novosphingobium pentaromativorans	205844	S	2	2	4	0.00000
Sphingopyxis sp. 113P3	292913	S	11	5	16	0.00001
Sphingopyxis sp. EG6	1874061	S	11	3	14	0.00001
Sphingopyxis sp. PAMC25046	2565556	S	10	3	13	0.00001
Sphingopyxis sp. FD7	1914525	S	8	2	10	0.00001
Sphingopyxis sp. QXT-31	1357916	S	6	1	7	0.00000
Sphingopyxis sp. OPL5	2486273	S	6	0	6	0.00000
Sphingopyxis sp. MG	1866325	S	3	14	17	0.00001
Sphingopyxis sp. LPB0140	1913578	S	3	0	3	0.00000
Sphingopyxis terrae	33052	S	42	10	52	0.00004
Sphingopyxis macrogoltabida	33050	S	17	6	23	0.00002
Sphingopyxis fribergensis	1515612	S	14	3	17	0.00001
Sphingopyxis alaskensis	117207	S	10	1	11	0.00001
Sphingopyxis lindanitolerans	2054227	S	4	1	5	0.00000
Sphingopyxis granuli	267128	S	1	3	4	0.00000
Sphingorhabdus lacus	392610	S	81	0	81	0.00006
Sphingorhabdus sp. YGSMI21	2077182	S	6	0	6	0.00000
Sphingorhabdus sp. SMR4y	2584094	S	2	0	2	0.00000
Sphingorhabdus sp. JK6	2725558	S	1	0	1	0.00000
Blastomonas sp. RAC04	1842535	S	5	3	8	0.00001
Blastomonas fulva	1550728	S	4	5	9	0.00001
Sphingosinithalassobacter sp. zrk23	2711215	S	4	0	4	0.00000
Sphingosinithalassobacter sp. CS137	2762748	S	4	0	4	0.00000
Rhizorhabdus dicambivorans	1850238	S	7	8	15	0.00001
Parasphingopyxis algicola	2026624	S	3	0	3	0.00000
Parasphingopyxis sp. CP4	2724527	S	3	0	3	0.00000
Novosphingopyxis sp. PB63	2762729	S	6	1	7	0.00000
Allosphingosinicella indica	941907	S	5	0	5	0.00000
Tardibacter chloracetimidivorans	1921510	S	4	3	7	0.00000
Zymomonas mobilis	542	S	1	0	1	0.00000
Citromicrobium sp. JL477	1634516	S	1	0	1	0.00000
Porphyrobacter sp. YT40	2547601	S	20	16	36	0.00003
Porphyrobacter sp. CACIAM 03H1	2003315	S	14	3	17	0.00001
Porphyrobacter sp. HT-58-2	2023229	S	14	3	17	0.00001
Porphyrobacter sp. LM 6	1896196	S	11	4	15	0.00001
Erythrobacter sp. HKB08	2502843	S	6	0	6	0.00000
Erythrobacter sp. KY5	2011159	S	4	0	4	0.00000
Erythrobacter sp. A30-3	2785907	S	4	2	6	0.00000
Erythrobacter sp. 6D36	2782568	S	3	0	3	0.00000
Erythrobacter sp. HL-111	1798193	S	2	0	2	0.00000
Erythrobacter sp. THAF29	2587851	S	2	0	2	0.00000
Erythrobacter litoralis	39960	S	12	2	14	0.00001
Erythrobacter neustonensis	1112	S	11	1	12	0.00001
Erythrobacter aureus	2182384	S	3	0	3	0.00000
Erythrobacter mangrovi	2739433	S	3	0	3	0.00000
Altererythrobacter sp. TH136	2067415	S	10	0	10	0.00001
Altererythrobacter sp. B11	2060312	S	8	1	9	0.00001
Altererythrobacter sp. BO-6	2604537	S	5	0	5	0.00000
Altererythrobacter sp. ZODW24	2185142	S	2	0	2	0.00000
Altererythrobacter epoxidivorans	361183	S	5	0	5	0.00000
Altererythrobacter atlanticus	1267766	S	3	0	3	0.00000
Altererythrobacter ishigakiensis	476157	S	1	0	1	0.00000
Tsuneonella amylolytica	2338327	S	15	1	16	0.00001
Tsuneonella dongtanensis	692370	S	10	0	10	0.00001
Tsuneonella mangrovi	1982042	S	3	0	3	0.00000
Tsuneonella flava	2055955	S	3	0	3	0.00000
Croceicoccus marinus	450378	S	12	4	16	0.00001
Croceicoccus naphthovorans	1348774	S	9	12	21	0.00001
Croceicoccus sp. YJ47	2798724	S	7	2	9	0.00001
Qipengyuania flava	192812	S	10	4	14	0.00001
Qipengyuania sediminis	1532023	S	4	0	4	0.00000
Qipengyuania seohaensis	266951	S	1	0	1	0.00000
Aurantiacibacter atlanticus	1648404	S	6	3	9	0.00001
Aurantiacibacter gangjinensis	502682	S	4	1	5	0.00000
Paraurantiacibacter namhicola	645517	S	7	0	7	0.00000
Pelagerythrobacter marensis	543877	S	2	0	2	0.00000
Sphingosinicella sp. BN140058	1892855	S	6	0	6	0.00000
Sphingosinicella sp. UDD2	2771430	S	6	0	6	0.00000
Sphingosinicella microcystinivorans	335406	S	1	0	1	0.00000
Sandaracinobacter sp. M6	2759707	S	4	0	4	0.00000
Paracoccus yeei	147645	S	24	24	48	0.00003
Paracoccus sp. Arc7-R13	2500532	S	7	0	7	0.00000
Paracoccus sp. AK26	2589076	S	5	0	5	0.00000
Paracoccus sp. BM15	1529068	S	4	0	4	0.00000
Paracoccus sp. H4-D09	2812658	S	3	0	3	0.00000
Paracoccus sp. MC1862	2760307	S	2	0	2	0.00000
Paracoccus sanguinis	1545044	S	18	2	20	0.00001
Paracoccus zhejiangensis	1077935	S	8	1	9	0.00001
Paracoccus liaowanqingii	2560053	S	6	0	6	0.00000
Paracoccus contaminans	1945662	S	6	0	6	0.00000
Paracoccus jeotgali	2065379	S	5	0	5	0.00000
Paracoccus pantotrophus	82367	S	2	0	2	0.00000
Paracoccus aminovorans	34004	S	2	0	2	0.00000
Paracoccus aminophilus	34003	S	2	0	2	0.00000
Paracoccus suum	2259340	S	2	0	2	0.00000
Paracoccus mutanolyticus	1499308	S	1	1	2	0.00000
Paracoccus denitrificans	266	S	1	0	1	0.00000
Rhodobacter sp. LPB0142	1850250	S	11	7	18	0.00001
Rhodobacter sp. CZR27	2033869	S	9	1	10	0.00001
Rhodobacter capsulatus	1061	S	11	1	12	0.00001
Rhodobacter blasticus	1075	S	11	0	11	0.00001
Tabrizicola piscis	2494374	S	29	2	31	0.00002
Cereibacter sphaeroides	1063	S	27	4	31	0.00002
Gemmobacter sp. HYN0069	2169400	S	25	4	29	0.00002
Roseovarius indicus	540747	S	7	5	12	0.00001
Roseovarius sp. TM1035	391613	S	3	5	8	0.00001
Roseovarius sp. THAF9	2587847	S	2	0	2	0.00000
Roseovarius sp. THAF8	2587846	S	1	0	1	0.00000
Roseovarius sp. THAF27	2587850	S	1	0	1	0.00000
Roseovarius faecimaris	2494550	S	5	0	5	0.00000
Sulfitobacter sp. JL08	2070369	S	6	0	6	0.00000
Sulfitobacter sp. SK011	1389004	S	3	0	3	0.00000
Sulfitobacter sp. D7	1968541	S	1	0	1	0.00000
Sulfitobacter pseudonitzschiae	1402135	S	7	3	10	0.00001
Sulfitobacter mediterraneus	83219	S	2	0	2	0.00000
Sulfitobacter pontiacus	60137	S	1	1	2	0.00000
Celeribacter indicus	1208324	S	5	4	9	0.00001
Celeribacter baekdonensis	875171	S	3	0	3	0.00000
Celeribacter manganoxidans	1411902	S	3	1	4	0.00000
Celeribacter marinus	1397108	S	2	0	2	0.00000
Celeribacter ethanolicus	1758178	S	1	0	1	0.00000
Rhodovulum sp. P5	1564506	S	8	1	9	0.00001
Rhodovulum sulfidophilum	35806	S	4	0	4	0.00000
Salipiger profundus	1229727	S	5	4	9	0.00001
Salipiger pacificus	311180	S	3	0	3	0.00000
Yangia sp. CCB-MM3	1792508	S	3	0	3	0.00000
Defluviimonas alba	1335048	S	11	4	15	0.00001
Phaeobacter inhibens	221822	S	3	1	4	0.00000
Phaeobacter gallaeciensis	60890	S	2	1	3	0.00000
Phaeobacter porticola	1844006	S	2	0	2	0.00000
Phaeobacter sp. LSS9	681157	S	2	1	3	0.00000
Ruegeria pomeroyi	89184	S	6	0	6	0.00000
Ruegeria sp. TM1040	292414	S	2	0	2	0.00000
Ruegeria sp. AD91A	2293862	S	2	0	2	0.00000
Ketogulonicigenium vulgare	92945	S	8	1	9	0.00001
Leisingera aquaemixtae	1396826	S	3	0	3	0.00000
Leisingera methylohalidivorans	133924	S	1	0	1	0.00000
Thioclava electrotropha	1549850	S	5	1	6	0.00000
Thioclava nitratireducens	1915078	S	1	0	1	0.00000
Octadecabacter temperatus	1458307	S	3	0	3	0.00000
Octadecabacter sp. SW4	2602067	S	2	0	2	0.00000
Octadecabacter antarcticus	1217908	S	2	0	2	0.00000
Confluentimicrobium sp. EMB200-NS6	1609966	S	6	7	13	0.00001
Pelagovum pacificum	2588711	S	6	0	6	0.00000
Roseobacter ponti	1891787	S	3	0	3	0.00000
Roseobacter litoralis	42443	S	2	0	2	0.00000
Roseobacter denitrificans	2434	S	1	0	1	0.00000
Planktomarina temperata	1284658	S	5	0	5	0.00000
Thalassococcus sp. S3	2017482	S	5	0	5	0.00000
Yoonia vestfoldensis	245188	S	5	2	7	0.00000
Parasedimentitalea marina	2483033	S	5	0	5	0.00000
Antarctobacter heliothermus	74033	S	5	0	5	0.00000
Boseongicola sp. CCM32	2552942	S	4	0	4	0.00000
Brevirhabdus pacifica	1267768	S	4	3	7	0.00000
Polymorphum gilvum	991904	S	4	0	4	0.00000
Qingshengfaniella alkalisoli	2599296	S	4	0	4	0.00000
Haematobacter massiliensis	195105	S	4	2	6	0.00000
Pseudorhodobacter turbinis	2500533	S	4	0	4	0.00000
Pontivivens sp. MT2928	2789856	S	3	0	3	0.00000
Roseivivax sp. THAF30	2587852	S	1	2	3	0.00000
Roseicitreum antarcticum	564137	S	3	0	3	0.00000
Thalassobius gelatinovorus	53501	S	3	0	3	0.00000
Dinoroseobacter shibae	215813	S	3	3	6	0.00000
Silicimonas algicola	1826607	S	3	0	3	0.00000
Cognatishimia activa	1715691	S	3	0	3	0.00000
Roseibacterium elongatum	159346	S	3	0	3	0.00000
Epibacterium mobile	379347	S	3	2	5	0.00000
Paraoceanicella profunda	2579971	S	2	0	2	0.00000
Jannaschia sp. CCS1	290400	S	2	0	2	0.00000
Pseudopuniceibacterium antarcticum	2613965	S	2	0	2	0.00000
Marinovum algicola	42444	S	2	1	3	0.00000
Profundibacter amoris	2171755	S	2	0	2	0.00000
Sagittula sp. P11	2009329	S	2	2	4	0.00000
Pseudooceanicola algae	1537215	S	2	0	2	0.00000
Oceanicola sp. D3	2587163	S	2	0	2	0.00000
Mameliella alba	561184	S	2	0	2	0.00000
Pelagibaca abyssi	1250539	S	2	1	3	0.00000
Marivivens sp. JLT3646	1920883	S	1	0	1	0.00000
Maribius sp. THAF1	2587842	S	1	0	1	0.00000
Brevundimonas sp. LVF2	2774190	S	32	3	35	0.00002
Brevundimonas sp. M20	2591463	S	20	2	22	0.00002
Brevundimonas sp. AJA228-03	2752515	S	15	1	16	0.00001
Brevundimonas sp. LVF1	2774189	S	14	4	18	0.00001
Brevundimonas sp. LM2	1938605	S	11	1	12	0.00001
Brevundimonas sp. MF30-B	2561924	S	11	1	12	0.00001
Brevundimonas sp. 'scallop'	2562582	S	11	17	28	0.00002
Brevundimonas sp. SGAir0440	2579977	S	11	6	17	0.00001
Brevundimonas sp. GRTSA-9	2800818	S	10	0	10	0.00001
Brevundimonas sp. Bb-A	2560058	S	6	16	22	0.00002
Brevundimonas sp. GW460-12-10-14-LB2	1827469	S	5	6	11	0.00001
Brevundimonas sp. CS1	2813778	S	4	3	7	0.00000
Brevundimonas sp. DS20	1532555	S	1	2	3	0.00000
Brevundimonas diminuta	293	S	13	26	39	0.00003
Brevundimonas mediterranea	74329	S	11	3	14	0.00001
Brevundimonas subvibrioides	74313	S	10	1	11	0.00001
Brevundimonas vesicularis	41276	S	9	20	29	0.00002
Brevundimonas naejangsanensis	588932	S	6	1	7	0.00000
Caulobacter henricii	69395	S	32	6	38	0.00003
Caulobacter sp. K31	366602	S	16	4	20	0.00001
Caulobacter sp. FWC26	69665	S	9	4	13	0.00001
Caulobacter segnis	88688	S	24	9	33	0.00002
Caulobacter vibrioides	155892	S	21	10	31	0.00002
Caulobacter soli	2708539	S	18	7	25	0.00002
Caulobacter rhizosphaerae	2010972	S	15	5	20	0.00001
Caulobacter flavus	1679497	S	9	2	11	0.00001
Caulobacter mirabilis	69666	S	8	1	9	0.00001
Phenylobacterium zucineum	284016	S	13	2	15	0.00001
Phenylobacterium parvum	2201350	S	11	0	11	0.00001
Terricaulis silvestris	2686094	S	11	0	11	0.00001
Asticcacaulis excentricus	78587	S	3	0	3	0.00000
Roseomonas sp. 546	2768162	S	8	0	8	0.00001
Roseomonas sp. FDAARGOS_362	2018065	S	7	9	16	0.00001
Roseomonas sp. 1318	2768161	S	3	0	3	0.00000
Roseomonas gilardii	257708	S	7	0	7	0.00000
Roseomonas mucosa	207340	S	5	11	16	0.00001
Acetobacter orientalis	146474	S	3	0	3	0.00000
Acetobacter ghanensis	431306	S	3	0	3	0.00000
Acetobacter ascendens	481146	S	3	2	5	0.00000
Acetobacter persici	1076596	S	3	0	3	0.00000
Acetobacter senegalensis	446692	S	2	1	3	0.00000
Acetobacter oryzoeni	2500548	S	2	2	4	0.00000
Acetobacter tropicalis	104102	S	1	0	1	0.00000
Acetobacter sp. KACC 21233	2592655	S	1	0	1	0.00000
Stella humosa	94	S	16	0	16	0.00001
Komagataeibacter xylinus	28448	S	4	1	5	0.00000
Komagataeibacter hansenii	436	S	3	0	3	0.00000
Komagataeibacter europaeus	33995	S	1	0	1	0.00000
Komagataeibacter oboediens	65958	S	1	0	1	0.00000
Komagataeibacter medellinensis	1177712	S	1	0	1	0.00000
Gluconobacter sphaericus	574987	S	3	0	3	0.00000
Gluconobacter oxydans	442	S	2	1	3	0.00000
Gluconobacter albidus	318683	S	1	0	1	0.00000
Roseococcus sp. NIBR12	2771361	S	8	0	8	0.00001
Acidiphilium multivorum	62140	S	2	4	6	0.00000
Lichenicola cladoniae	1484109	S	6	0	6	0.00000
Granulibacter bethesdensis	364410	S	3	0	3	0.00000
Kozakia baliensis	153496	S	2	0	2	0.00000
Bombella sp. KACC 21507	2697033	S	2	0	2	0.00000
Acidibrevibacterium fodinaquatile	1969806	S	2	0	2	0.00000
Commensalibacter sp. AMU001	2478912	S	1	0	1	0.00000
Asaia bogorensis	91915	S	1	0	1	0.00000
Swingsia samuiensis	1293412	S	1	0	1	0.00000
Oecophyllibacter saccharovorans	2558360	S	1	0	1	0.00000
Gluconacetobacter diazotrophicus	33996	S	1	0	1	0.00000
Azospirillum brasilense	192	S	10	6	16	0.00001
Azospirillum thiophilum	528244	S	7	1	8	0.00001
Azospirillum sp. TSH58	664962	S	3	2	5	0.00000
Azospirillum sp. TSA2s	709810	S	3	1	4	0.00000
Azospirillum sp. TSH100	652764	S	1	0	1	0.00000
Azospirillum lipoferum	193	S	6	2	8	0.00001
Azospirillum thermophilum	2202148	S	6	1	7	0.00000
Azospirillum ramasamyi	682998	S	4	1	5	0.00000
Azospirillum oryzae	286727	S	1	0	1	0.00000
Azospirillum baldaniorum	1064539	S	1	1	2	0.00000
Azospirillum humicireducens	1226968	S	1	0	1	0.00000
Magnetospirillum magneticum	84159	S	8	1	9	0.00001
Magnetospirillum gryphiswaldense	55518	S	6	0	6	0.00000
Magnetospirillum sp. ME-1	1639348	S	5	1	6	0.00000
Rhodospirillum rubrum	1085	S	8	-8	0	0.00000
Rhodospirillum centenum	34018	S	3	0	3	0.00000
Hypericibacter terrae	2602015	S	4	1	5	0.00000
Hypericibacter adhaerens	2602016	S	3	1	4	0.00000
Skermanella pratensis	2233999	S	4	1	5	0.00000
Skermanella sp. TT6	2775420	S	2	2	4	0.00000
Tistrella mobilis	171437	S	6	2	8	0.00001
Thalassospira sp. A40-3	2785908	S	1	0	1	0.00000
Thalassospira sp. B30-1	2785911	S	1	0	1	0.00000
Thalassospira marina	2048283	S	1	0	1	0.00000
Ferrovibrio terrae	2594003	S	4	0	4	0.00000
Niveispirillum cyanobacteriorum	1612173	S	3	0	3	0.00000
Pararhodospirillum photometricum	1084	S	3	0	3	0.00000
Defluviicoccus vanus	111831	S	2	0	2	0.00000
Haematospirillum jordaniae	1549855	S	2	0	2	0.00000
Magnetospira sp. QH-2	1288970	S	1	0	1	0.00000
Candidatus Endolissoclinum faulkneri	1263979	S	1	0	1	0.00000
Nitrospirillum amazonense	28077	S	1	0	1	0.00000
Rickettsia raoultii	369822	S	6	4	10	0.00001
Rickettsia australis	787	S	3	1	4	0.00000
Rickettsia akari	786	S	2	1	3	0.00000
Rickettsia canadensis	788	S	3	0	3	0.00000
Rickettsia endosymbiont of Bemisia tabaci	337479	S	2	1	3	0.00000
Orientia tsutsugamushi	784	S	1	0	1	0.00000
Candidatus Phycorickettsia trachydisci	2115978	S	3	0	3	0.00000
Ehrlichia ruminantium	779	S	4	1	5	0.00000
Ehrlichia canis	944	S	2	0	2	0.00000
Wolbachia endosymbiont of Folsomia candida	169402	S	2	0	2	0.00000
Wolbachia endosymbiont of Dirofilaria (Dirofilaria) immitis	1812115	S	1	0	1	0.00000
Wolbachia endosymbiont of Diaphorina citri	116598	S	1	2	3	0.00000
Anaplasma phagocytophilum	948	S	1	-1	0	0.00000
Neorickettsia helminthoeca	33994	S	1	0	1	0.00000
Candidatus Fokinia solitaria	1802984	S	4	0	4	0.00000
Rickettsiales endosymbiont of Stachyamoeba lipophora	2486578	S	2	0	2	0.00000
Candidatus Pelagibacter sp. IMCC9063	1002672	S	3	0	3	0.00000
Candidatus Pelagibacter sp. RS39	1977864	S	3	0	3	0.00000
Candidatus Pelagibacter sp. HIMB1321	1388755	S	1	0	1	0.00000
Candidatus Pelagibacter sp. FZCC0015	2268451	S	1	0	1	0.00000
Candidatus Pelagibacter ubique	198252	S	2	0	2	0.00000
Candidatus Pelagibacter giovannonii	2563896	S	1	0	1	0.00000
Candidatus Fonsibacter ubiquis	1925548	S	8	0	8	0.00001
Phreatobacter sp. NMCR1094	2570229	S	7	1	8	0.00001
Phreatobacter cathodiphilus	1868589	S	6	1	7	0.00000
Phreatobacter stygius	1940610	S	4	0	4	0.00000
Micavibrio aeruginosavorus	349221	S	1	0	1	0.00000
Kordiimonas pumila	2161677	S	8	0	8	0.00001
Candidatus Paracaedibacter acanthamoebae	91604	S	4	0	4	0.00000
Candidatus Nesciobacter abundans	2601668	S	1	0	1	0.00000
Candidatus Nucleicultrix amoebiphila	1509244	S	1	0	1	0.00000
Hyphomonas sp. CACIAM 19H1	1873716	S	3	0	3	0.00000
Hyphomonas sp. Mor2	1906738	S	3	0	3	0.00000
Glycocaulis alkaliphilus	1434191	S	2	0	2	0.00000
Hyphobacterium sp. CCMP332	2749086	S	2	0	2	0.00000
Marinicauda algicola	2029849	S	1	0	1	0.00000
Magnetococcus marinus	1124597	S	3	0	3	0.00000
Paremcibacter congregatus	2043170	S	2	0	2	0.00000
Aliarcobacter cryaerophilus	28198	S	575	84	659	0.00047
Aliarcobacter faecis	1564138	S	21	2	23	0.00002
Aliarcobacter cibarius	255507	S	14	2	16	0.00001
Aliarcobacter skirrowii	28200	S	13	3	16	0.00001
[Arcobacter] porcinus	1935204	S	10	2	12	0.00001
Aliarcobacter butzleri	28197	S	6	0	6	0.00000
Aliarcobacter trophiarum	708186	S	4	0	4	0.00000
Aliarcobacter lanthieri	1355374	S	4	0	4	0.00000
Aliarcobacter thereius	544718	S	2	0	2	0.00000
Arcobacter suis	1278212	S	36	7	43	0.00003
Arcobacter venerupis	1054033	S	21	3	24	0.00002
Arcobacter ellisii	913109	S	13	4	17	0.00001
Arcobacter cloacae	1054034	S	12	6	18	0.00001
Arcobacter aquimarinus	1315211	S	9	4	13	0.00001
Arcobacter defluvii	873191	S	4	0	4	0.00000
Arcobacter sp. FWKO B	2593672	S	2	0	2	0.00000
Arcobacter anaerophilus	877500	S	1	0	1	0.00000
Pseudoarcobacter acticola	1849015	S	11	0	11	0.00001
Malaciobacter molluscorum	1032072	S	3	0	3	0.00000
Malaciobacter pacificus	1080223	S	3	0	3	0.00000
Malaciobacter halophilus	197482	S	2	0	2	0.00000
Malaciobacter marinus	505249	S	1	0	1	0.00000
Halarcobacter bivalviorum	663364	S	1	0	1	0.00000
Campylobacter pinnipediorum	1965231	S	5	0	5	0.00000
Campylobacter sputorum	206	S	5	0	5	0.00000
Campylobacter coli	195	S	3	0	3	0.00000
Campylobacter jejuni	197	S	3	6	9	0.00001
Campylobacter ornithocola	1848766	S	3	0	3	0.00000
Campylobacter insulaenigrae	260714	S	3	0	3	0.00000
Campylobacter sp. RM16704	1500960	S	1	0	1	0.00000
Campylobacter sp. 2014D-0216	1813595	S	1	0	1	0.00000
Campylobacter concisus	199	S	2	0	2	0.00000
Campylobacter hyointestinalis	198	S	2	0	2	0.00000
Campylobacter lanienae	75658	S	1	0	1	0.00000
Campylobacter corcagiensis	1448857	S	1	0	1	0.00000
Campylobacter avium	522485	S	1	0	1	0.00000
Campylobacter hepaticus	1813019	S	1	0	1	0.00000
Campylobacter curvus	200	S	1	0	1	0.00000
Campylobacter blaseri	2042961	S	1	0	1	0.00000
Campylobacter helveticus	28898	S	1	0	1	0.00000
Campylobacter ureolyticus	827	S	1	0	1	0.00000
Campylobacter lari	201	S	1	0	1	0.00000
Campylobacter showae	204	S	1	0	1	0.00000
Campylobacter fetus	196	S	1	0	1	0.00000
Sulfurospirillum sp. UCH001	1581011	S	7	0	7	0.00000
Sulfurospirillum sp. JPD-1	220622	S	2	2	4	0.00000
Sulfurospirillum halorespirans	194424	S	3	0	3	0.00000
Sulfurospirillum deleyianum	65553	S	2	0	2	0.00000
Sulfurospirillum multivorans	66821	S	2	0	2	0.00000
Helicobacter pylori	210	S	5	0	5	0.00000
Helicobacter himalayensis	1591088	S	2	0	2	0.00000
Helicobacter cinaedi	213	S	1	0	1	0.00000
Helicobacter canis	29419	S	1	0	1	0.00000
Helicobacter hepaticus	32025	S	1	0	1	0.00000
Helicobacter heilmannii	35817	S	1	0	1	0.00000
Helicobacter pullorum	35818	S	1	0	1	0.00000
Helicobacter suis	104628	S	1	0	1	0.00000
Wolinella succinogenes	844	S	1	0	1	0.00000
Sulfurimonas denitrificans	39766	S	2	0	2	0.00000
Sulfurimonas sp. CVO	2283483	S	1	0	1	0.00000
Sulfurimonas sp. S2-6	2590020	S	1	0	1	0.00000
Sulfurimonas autotrophica	202747	S	1	0	1	0.00000
Sulfurimonas paralvinellae	317658	S	1	0	1	0.00000
Candidatus Sulfurimonas marisnigri	2740405	S	1	1	2	0.00000
Sulfuricurvum kujiense	148813	S	1	0	1	0.00000
Nitratifractor salsuginis	269261	S	2	0	2	0.00000
Sulfurovum sp. NBC37-1	387093	S	1	0	1	0.00000
Nitratiruptor sp. YY09-18	2724901	S	1	0	1	0.00000
Nitratiruptor labii	2706014	S	1	0	1	0.00000
Nitrosophilus alvini	2714855	S	1	0	1	0.00000
Caminibacter mediatlanticus	291048	S	2	0	2	0.00000
Sorangium cellulosum	56	S	39	7	46	0.00003
Chondromyces crocatus	52	S	8	0	8	0.00001
Sandaracinus amylolyticus	927083	S	23	1	24	0.00002
Minicystis rosea	888845	S	15	2	17	0.00001
Labilithrix luteola	1391654	S	10	0	10	0.00001
Myxococcus xanthus	34	S	6	4	10	0.00001
Myxococcus sp. SCHIC003	2813577	S	6	2	8	0.00001
Myxococcus stipitatus	83455	S	3	1	4	0.00000
Myxococcus hansupus	1297742	S	3	1	4	0.00000
Pyxidicoccus sp. SCPEA002	2813578	S	8	1	9	0.00001
Corallococcus coralloides	184914	S	5	1	6	0.00000
Archangium violaceum	83451	S	14	2	16	0.00001
Archangium gephyra	48	S	6	1	7	0.00000
Cystobacter fuscus	43	S	5	1	6	0.00000
Melittangium boletus	83453	S	5	1	6	0.00000
Stigmatella aurantiaca	41	S	4	0	4	0.00000
Anaeromyxobacter sp. Fw109-5	404589	S	9	0	9	0.00001
Anaeromyxobacter sp. K	447217	S	1	2	3	0.00000
Anaeromyxobacter dehalogenans	161493	S	3	2	5	0.00000
Vulgatibacter incomptus	1391653	S	3	0	3	0.00000
Haliangium ochraceum	80816	S	6	0	6	0.00000
Geobacter sp. DSM 9736	1277350	S	8	0	8	0.00001
Geobacter sp. SVR	2495594	S	8	0	8	0.00001
Geobacter sp. M18	443143	S	5	1	6	0.00000
Geobacter sp. FeAm09	2597769	S	2	0	2	0.00000
Geobacter sp. M21	443144	S	1	0	1	0.00000
Geobacter sp. Jerry-YX	2815309	S	1	0	1	0.00000
Geobacter metallireducens	28232	S	4	0	4	0.00000
Geobacter uraniireducens	351604	S	4	0	4	0.00000
Geobacter sulfurreducens	35554	S	3	0	3	0.00000
Geobacter lovleyi	313985	S	3	0	3	0.00000
Geobacter bremensis	60035	S	2	0	2	0.00000
Geobacter bemidjiensis	225194	S	2	0	2	0.00000
Geobacter pickeringii	345632	S	1	0	1	0.00000
Geoalkalibacter subterraneus	483547	S	1	0	1	0.00000
Desulfuromonas soudanensis	1603606	S	4	0	4	0.00000
Desulfuromonas sp. DDH964	1823759	S	2	0	2	0.00000
Syntrophotalea acetylenivorans	1842532	S	4	0	4	0.00000
Syntrophotalea carbinolica	19	S	1	0	1	0.00000
Desulfovibrio desulfuricans	876	S	6	5	11	0.00001
Desulfovibrio gigas	879	S	6	0	6	0.00000
Desulfovibrio vulgaris	881	S	4	0	4	0.00000
Desulfovibrio carbinoliphilus	345370	S	3	0	3	0.00000
Desulfovibrio sp. IOR2	2583823	S	1	2	3	0.00000
Desulfovibrio piger	901	S	2	0	2	0.00000
Desulfovibrio alaskensis	58180	S	1	1	2	0.00000
Desulfovibrio sulfodismutans	63561	S	1	0	1	0.00000
Desulfovibrio marinus	370038	S	1	0	1	0.00000
Pseudodesulfovibrio mercurii	641491	S	5	1	6	0.00000
Pseudodesulfovibrio aespoeensis	182210	S	2	1	3	0.00000
Pseudodesulfovibrio indicus	1716143	S	2	0	2	0.00000
Desulfolutivibrio sulfoxidireducens	2773299	S	6	0	6	0.00000
Maridesulfovibrio salexigens	880	S	1	0	1	0.00000
Desulfomicrobium baculatum	899	S	3	0	3	0.00000
Desulfomicrobium orale	132132	S	1	0	1	0.00000
Desulfohalobium retbaense	45663	S	1	0	1	0.00000
Desulfosarcina alkanivorans	571177	S	5	1	6	0.00000
Desulfosarcina ovata	83564	S	2	0	2	0.00000
Desulfosarcina widdelii	947919	S	2	0	2	0.00000
Desulfonema magnum	45655	S	2	0	2	0.00000
Desulfonema limicola	45656	S	1	0	1	0.00000
Desulfatibacillum aliphaticivorans	218208	S	3	0	3	0.00000
Desulfobacula toluolica	28223	S	2	0	2	0.00000
Desulfococcus oleovorans	181663	S	1	0	1	0.00000
Desulfobacter hydrogenophilus	2291	S	1	0	1	0.00000
Desulfobulbus propionicus	894	S	5	0	5	0.00000
Desulfobulbus oralis	1986146	S	1	0	1	0.00000
Desulfopila sp. IMCC35005	2569541	S	1	2	3	0.00000
Desulfocapsa sulfexigens	65555	S	2	0	2	0.00000
Desulfurivibrio alkaliphilus	427923	S	1	0	1	0.00000
Persicimonas caeni	2292766	S	5	0	5	0.00000
Bradymonas sediminis	1548548	S	3	0	3	0.00000
Hippea maritima	84405	S	2	0	2	0.00000
Desulfoglaeba alkanexedens	361111	S	1	0	1	0.00000
Desulfomonile tiedjei	2358	S	1	0	1	0.00000
Candidatus Desulfofervidus auxilii	1621989	S	1	0	1	0.00000
Bacteriovorax stolpii	960	S	32	0	32	0.00002
Halobacteriovorax marinus	97084	S	2	0	2	0.00000
Bdellovibrio bacteriovorus	959	S	14	7	21	0.00001
Bdellovibrio sp. NC01	2220073	S	3	3	6	0.00000
Bdellovibrio exovorus	453816	S	3	0	3	0.00000
Acidithiobacillus ferrivorans	160808	S	5	0	5	0.00000
Acidithiobacillus ferrooxidans	920	S	3	0	3	0.00000
Acidithiobacillus thiooxidans	930	S	2	0	2	0.00000
Acidithiobacillus ferridurans	1232575	S	1	0	1	0.00000
Hydrogenophilus thermoluteolus	297	S	5	0	5	0.00000
Mariprofundus aestuarium	1921086	S	1	0	1	0.00000
Microbacterium sp. PM5	2014534	S	26	4	30	0.00002
Microbacterium sp. A18JL241	2782166	S	11	2	13	0.00001
Microbacterium sp. Y-01	2048898	S	10	4	14	0.00001
Microbacterium sp. BH-3-3-3	1906742	S	9	1	10	0.00001
Microbacterium sp. Se63.02b	2709304	S	9	3	12	0.00001
Microbacterium sp. JZ31	1906274	S	8	1	9	0.00001
Microbacterium sp. XT11	367477	S	7	1	8	0.00001
Microbacterium sp. NY27	2782169	S	7	1	8	0.00001
Microbacterium sp. No. 7	1714373	S	7	2	9	0.00001
Microbacterium sp. Nx66	2766784	S	7	9	16	0.00001
Microbacterium sp. LKL04	912630	S	6	1	7	0.00000
Microbacterium sp. TPU 3598	1938334	S	5	1	6	0.00000
Microbacterium sp. WY121	2782168	S	4	0	4	0.00000
Microbacterium sp. 10M-3C3	2483401	S	3	1	4	0.00000
Microbacterium sp. RG1	2489212	S	3	0	3	0.00000
Microbacterium sp. HY60	2769067	S	3	0	3	0.00000
Microbacterium sp. YJN-G	2763257	S	3	0	3	0.00000
Microbacterium sp. ABRD_28	2268461	S	2	0	2	0.00000
Microbacterium sp. A18JL200	2782167	S	2	1	3	0.00000
Microbacterium sp. 1S1	2606451	S	2	1	3	0.00000
Microbacterium sp. str. 'China'	2103230	S	1	15	16	0.00001
Microbacterium sp. PAMC 28756	1795053	S	1	2	3	0.00000
Microbacterium sp. HY82	2708079	S	1	0	1	0.00000
Microbacterium sp. CBA3102	2603598	S	1	0	1	0.00000
Microbacterium sp. 4R-513	2567934	S	1	0	1	0.00000
Microbacterium foliorum	104336	S	28	7	35	0.00002
Microbacterium lemovicicum	1072463	S	19	3	22	0.00002
Microbacterium hominis	162426	S	11	3	14	0.00001
Microbacterium aurum	36805	S	9	2	11	0.00001
Microbacterium esteraromaticum	57043	S	6	1	7	0.00000
Microbacterium chocolatum	84292	S	5	0	5	0.00000
Microbacterium wangchenii	2541726	S	5	1	6	0.00000
Microbacterium pygmaeum	370764	S	5	0	5	0.00000
Microbacterium lushaniae	2614639	S	4	1	5	0.00000
Microbacterium testaceum	2033	S	4	0	4	0.00000
Microbacterium sediminis	904291	S	4	2	6	0.00000
Microbacterium oryzae	743009	S	4	0	4	0.00000
Microbacterium oxydans	82380	S	4	1	5	0.00000
Microbacterium caowuchunii	2614638	S	3	0	3	0.00000
Microbacterium hydrocarbonoxydans	273678	S	2	0	2	0.00000
Microbacterium oleivorans	273677	S	2	0	2	0.00000
Microbacterium endophyticum	1526412	S	2	0	2	0.00000
Microbacterium protaetiae	2509458	S	2	0	2	0.00000
Microbacterium amylolyticum	936337	S	1	0	1	0.00000
Microbacterium schleiferi	69362	S	1	0	1	0.00000
Rhodoluna lacicola	529884	S	41	9	50	0.00004
Rhodoluna limnophila	232537	S	25	5	30	0.00002
Candidatus Rhodoluna planktonica	535712	S	8	0	8	0.00001
Candidatus Aquiluna sp. UB-MaderosW2red	1855377	S	2	0	2	0.00000
Candidatus Aquiluna sp. 15G-AUS-rot	2499157	S	1	0	1	0.00000
Rathayibacter sp. VKM Ac-2759	2609252	S	7	2	9	0.00001
Rathayibacter sp. VKM Ac-2801	2609255	S	5	6	11	0.00001
Rathayibacter sp. VKM Ac-2760	2609253	S	2	0	2	0.00000
Rathayibacter sp. VKM Ac-2762	2609254	S	1	4	5	0.00000
Rathayibacter festucae	110937	S	8	6	14	0.00001
Rathayibacter tanaceti	1671680	S	5	1	6	0.00000
Rathayibacter toxicus	145458	S	3	0	3	0.00000
Rathayibacter rathayi	33887	S	2	0	2	0.00000
Rathayibacter iranicus	59737	S	2	0	2	0.00000
Rathayibacter tritici	33888	S	1	0	1	0.00000
Plantibacter sp. PA-3-X8	2480625	S	20	8	28	0.00002
Plantibacter sp. M259	2583822	S	11	4	15	0.00001
Plantibacter flavus	150123	S	8	1	9	0.00001
Aurantimicrobium sp. MWH-Mo1	1987356	S	25	3	28	0.00002
Aurantimicrobium sp. MWH-Uga1	2079575	S	3	2	5	0.00000
Aurantimicrobium minutum	708131	S	1	0	1	0.00000
Curtobacterium flaccumfaciens	2035	S	16	4	20	0.00001
Curtobacterium sp. SGAir0471	2070337	S	3	1	4	0.00000
Curtobacterium sp. 24E2	2804758	S	3	0	3	0.00000
Curtobacterium sp. MR_MD2014	1561023	S	1	0	1	0.00000
Curtobacterium sp. BH-2-1-1	1905847	S	1	0	1	0.00000
Curtobacterium pusillum	69373	S	1	0	1	0.00000
Agreia sp. COWG	2773266	S	28	3	31	0.00002
Agromyces sp. HY052	2585717	S	4	0	4	0.00000
Agromyces sp. G127AT	2781962	S	4	1	5	0.00000
Agromyces sp. LHK192	2498704	S	2	0	2	0.00000
Agromyces sp. KACC 19306	2592652	S	1	0	1	0.00000
Agromyces aureus	453304	S	6	1	7	0.00000
Agromyces flavus	589382	S	2	0	2	0.00000
Agromyces badenianii	2080742	S	2	0	2	0.00000
Salinibacterium sp. ZJ70	2708084	S	6	2	8	0.00001
Salinibacterium sp. dk2585	2603292	S	5	1	6	0.00000
Salinibacterium sp. ZJ450	2708338	S	4	0	4	0.00000
Salinibacterium sp. UTAS2018	2508880	S	3	0	3	0.00000
Salinibacterium hongtaonis	2079791	S	1	0	1	0.00000
Clavibacter michiganensis	28447	S	11	3	14	0.00001
Clavibacter sp. DM1	2768071	S	4	3	7	0.00000
Leucobacter denitrificans	683042	S	5	0	5	0.00000
Leucobacter viscericola	2714935	S	4	0	4	0.00000
Leucobacter triazinivorans	1784719	S	2	0	2	0.00000
Leucobacter muris	1935379	S	2	0	2	0.00000
Leucobacter coleopterorum	2714933	S	2	0	2	0.00000
Leucobacter sp. CX169	2813744	S	1	0	1	0.00000
Leifsonia sp. 21MFCrub1.1	1798223	S	3	1	4	0.00000
Leifsonia sp. PS1209	2724914	S	1	0	1	0.00000
Leifsonia shinshuensis	150026	S	4	1	5	0.00000
Leifsonia xyli	1575	S	3	1	4	0.00000
Cryobacterium arcticum	670052	S	4	3	7	0.00000
Cryobacterium sp. LW097	1978566	S	4	0	4	0.00000
Microterricola viridarii	412690	S	11	2	13	0.00001
Frondihabitans sp. 762G35	1446794	S	7	1	8	0.00001
Frondihabitans sp. PAMC 28766	1795630	S	2	0	2	0.00000
Mycetocola sp. JXN-3	2116510	S	7	0	7	0.00000
Mycetocola zhujimingii	2079792	S	2	0	2	0.00000
Protaetiibacter intestinalis	2419774	S	4	1	5	0.00000
Protaetiibacter sp. SSC-01	2759943	S	4	1	5	0.00000
Herbiconiux sp. SALV-R1	2735133	S	7	1	8	0.00001
Agrococcus jejuensis	399736	S	3	1	4	0.00000
Agrococcus carbonis	684552	S	3	0	3	0.00000
Chryseoglobus sp. 28M-23	2772253	S	2	4	6	0.00000
Glaciihabitans sp. INWT7	2596912	S	6	0	6	0.00000
Gryllotalpicola protaetiae	2419771	S	4	0	4	0.00000
Microcella alkaliphila	279828	S	4	0	4	0.00000
Humibacter sp. WJ7-1	2599293	S	3	0	3	0.00000
Marisediminicola antarctica	674079	S	3	0	3	0.00000
Lysinimonas sp. KACC 19322	2592654	S	3	1	4	0.00000
Frigoribacterium sp. NBH87	2596916	S	3	0	3	0.00000
Diaminobutyricimonas sp. LJ205	2683590	S	1	0	1	0.00000
Dermacoccus nishinomiyaensis	1274	S	352	65	417	0.00030
Dermacoccus sp. PAMC28757	2762331	S	8	1	9	0.00001
Yimella sp. cx-51	2770551	S	4	0	4	0.00000
Luteipulveratus mongoliensis	571913	S	1	0	1	0.00000
Kocuria rhizophila	72000	S	70	30	100	0.00007
Kocuria palustris	71999	S	12	3	15	0.00001
Kocuria sp. TGY1120_3	2711329	S	7	0	7	0.00000
Kocuria sp. BT304	1702043	S	3	3	6	0.00000
Kocuria sp. KD4	2719588	S	2	0	2	0.00000
Kocuria varians	1272	S	6	2	8	0.00001
Kocuria turfanensis	388357	S	1	0	1	0.00000
Micrococcus luteus	1270	S	27	26	53	0.00004
Arthrobacter sp. PAMC 25486	1494608	S	4	0	4	0.00000
Arthrobacter sp. YC-RL1	1652545	S	3	1	4	0.00000
Arthrobacter sp. QXT-31	1357915	S	3	0	3	0.00000
Arthrobacter sp. NEB 688	904039	S	3	0	3	0.00000
Arthrobacter sp. FB24	290399	S	2	1	3	0.00000
Arthrobacter sp. KBS0702	2578107	S	2	1	3	0.00000
Arthrobacter sp. ERGS1:01	1704044	S	2	0	2	0.00000
Arthrobacter sp. PGP41	2079227	S	1	0	1	0.00000
Arthrobacter sp. PM3	2017685	S	1	0	1	0.00000
Arthrobacter sp. U41	1849032	S	1	0	1	0.00000
Arthrobacter alpinus	656366	S	5	2	7	0.00000
Arthrobacter crystallopoietes	37928	S	1	0	1	0.00000
Arthrobacter dokdonellae	2211210	S	1	0	1	0.00000
Glutamicibacter arilaitensis	256701	S	5	3	8	0.00001
Glutamicibacter protophormiae	37930	S	4	3	7	0.00000
Glutamicibacter creatinolyticus	162496	S	1	0	1	0.00000
Glutamicibacter halophytocola	1933880	S	1	0	1	0.00000
Paenarthrobacter sp. YJN-D	2735317	S	12	5	17	0.00001
Pseudarthrobacter sp. NIBRBAC000502770	2590785	S	1	5	6	0.00000
Pseudarthrobacter sp. BIM B-2242	2772401	S	1	0	1	0.00000
Pseudarthrobacter sulfonivorans	121292	S	3	0	3	0.00000
Pseudarthrobacter phenanthrenivorans	361575	S	2	1	3	0.00000
Rothia mucilaginosa	43675	S	7	0	7	0.00000
Rothia kristinae	37923	S	2	0	2	0.00000
Rothia dentocariosa	2047	S	1	0	1	0.00000
Rothia nasimurium	85336	S	1	0	1	0.00000
Renibacterium salmoninarum	1646	S	3	0	3	0.00000
Psychromicrobium lacuslunae	1618207	S	3	0	3	0.00000
Citricoccus sp. SGAir0253	2567881	S	2	0	2	0.00000
Sinomonas atrocyanea	37927	S	1	0	1	0.00000
Janibacter indicus	857417	S	23	12	35	0.00002
Janibacter melonis	262209	S	7	1	8	0.00001
Janibacter sp. YB324	2761047	S	5	3	8	0.00001
Janibacter limosus	53458	S	2	0	2	0.00000
Tetrasphaera sp. HKS02	1813880	S	6	1	7	0.00000
Phycicoccus endophyticus	1690220	S	2	1	3	0.00000
Phycicoccus sp. HDW14	2714941	S	1	0	1	0.00000
Intrasporangium calvum	53358	S	3	0	3	0.00000
Pedococcus dokdonensis	443156	S	3	0	3	0.00000
Arsenicicoccus sp. oral taxon 190	1658671	S	1	0	1	0.00000
Brevibacterium sp. CS2	2575923	S	13	2	15	0.00001
Brevibacterium sp. 'Marine'	2725563	S	5	2	7	0.00000
Brevibacterium sp. WO024	2697563	S	3	0	3	0.00000
Brevibacterium sp. PAMC23299	2762330	S	1	6	7	0.00000
Brevibacterium linens	1703	S	8	4	12	0.00001
Brevibacterium casei	33889	S	7	1	8	0.00001
Brevibacterium luteolum	199591	S	2	0	2	0.00000
Brevibacterium aurantiacum	273384	S	2	1	3	0.00000
Brevibacterium sandarakinum	629680	S	2	0	2	0.00000
Brevibacterium oceani	358099	S	1	0	1	0.00000
Serinicoccus marinus	247333	S	5	1	6	0.00000
Serinicoccus profundi	1078471	S	4	0	4	0.00000
Serinicoccus chungangensis	767452	S	2	0	2	0.00000
Serinicoccus hydrothermalis	1758689	S	2	0	2	0.00000
Ornithinimicrobium sp. AMA3305	2283195	S	3	0	3	0.00000
Ornithinimicrobium sp. HY006	2508882	S	3	0	3	0.00000
Ornithinimicrobium sp. H23M54	2594265	S	2	0	2	0.00000
Ornithinimicrobium flavum	1288636	S	1	0	1	0.00000
Cellulomonas shaoxiangyii	2566013	S	5	1	6	0.00000
Cellulomonas sp. PSBB021	2003551	S	2	0	2	0.00000
Cellulomonas sp. JZ18	2654191	S	2	0	2	0.00000
Cellulomonas gilvus	11	S	2	0	2	0.00000
Cellulomonas flavigena	1711	S	1	0	1	0.00000
Cellulomonas taurus	2729175	S	1	0	1	0.00000
Oerskovia sp. KBS0722	1179673	S	2	0	2	0.00000
Actinotalea sp. JY-7876	2758442	S	1	0	1	0.00000
Paraoerskovia marina	545619	S	1	0	1	0.00000
Cellulosimicrobium sp. JZ28	1906273	S	4	1	5	0.00000
Cellulosimicrobium sp. BI34T	2587808	S	1	0	1	0.00000
Cellulosimicrobium cellulans	1710	S	1	0	1	0.00000
Xylanimonas cellulosilytica	186189	S	2	0	2	0.00000
Xylanimonas allomyrinae	2509459	S	1	0	1	0.00000
Xylanimicrobium sp. FW10M-9	2509457	S	3	0	3	0.00000
Isoptericola variabilis	139208	S	2	0	2	0.00000
Brachybacterium vulturis	2017484	S	4	0	4	0.00000
Brachybacterium sp. SGAir0954	2571029	S	2	0	2	0.00000
Brachybacterium sp. P6-10-X1	1903186	S	1	0	1	0.00000
Brachybacterium saurashtrense	556288	S	2	0	2	0.00000
Brachybacterium faecium	43669	S	1	0	1	0.00000
Brachybacterium ginsengisoli	1331682	S	1	0	1	0.00000
Dermabacter jinjuensis	1667168	S	1	1	2	0.00000
Devriesea agamarum	472569	S	1	0	1	0.00000
Georgenia sp. Z294	2585135	S	5	0	5	0.00000
Georgenia sp. Z443	2589797	S	2	0	2	0.00000
Georgenia faecalis	2483799	S	3	0	3	0.00000
Haloactinobacterium sp. HY164	2675754	S	3	0	3	0.00000
Haloactinobacterium sp. RN3S43	2779775	S	3	0	3	0.00000
Ruania sp. HY168	2603206	S	1	0	1	0.00000
Mobilicoccus sp. NJES-13	2716227	S	3	0	3	0.00000
Austwickia chelonae	100225	S	2	0	2	0.00000
Luteimicrobium xylanilyticum	1133546	S	5	0	5	0.00000
Sanguibacter keddieii	60920	S	3	0	3	0.00000
Sanguibacter sp. HDW7	2714931	S	1	0	1	0.00000
Jonesia denitrificans	43674	S	2	0	2	0.00000
Kytococcus sedentarius	1276	S	2	0	2	0.00000
Miniimonas sp. S16	2171623	S	1	0	1	0.00000
Cutibacterium acnes	1747	S	1171	75	1246	0.00088
Cutibacterium granulosum	33011	S	12	1	13	0.00001
Cutibacterium avidum	33010	S	9	1	10	0.00001
Propionibacterium sp. oral taxon 193	671223	S	94	21	115	0.00008
Propionibacterium freudenreichii	1744	S	1	0	1	0.00000
Propionibacterium acidifaciens	556499	S	1	0	1	0.00000
Microlunatus phosphovorus	29405	S	11	0	11	0.00001
Microlunatus sp. Gsoil 973	2672569	S	3	0	3	0.00000
Microlunatus sp. KUDC0627	2596828	S	2	0	2	0.00000
Microlunatus sagamiharensis	546874	S	2	0	2	0.00000
Microlunatus soli	630515	S	2	0	2	0.00000
Tessaracoccus defluvii	1285901	S	5	4	9	0.00001
Tessaracoccus sp. MC1865	2760310	S	3	0	3	0.00000
Tessaracoccus flavus	1610493	S	2	1	3	0.00000
Tessaracoccus flavescens	399497	S	1	0	1	0.00000
Tessaracoccus aquimaris	1332264	S	1	0	1	0.00000
Acidipropionibacterium acidipropionici	1748	S	6	1	7	0.00000
Acidipropionibacterium jensenii	1749	S	2	0	2	0.00000
Auraticoccus monumenti	675864	S	5	0	5	0.00000
Brevilactibacter sp. MC1595	2819349	S	4	0	4	0.00000
Raineyella sp. CBA3103	2662261	S	2	0	2	0.00000
Propioniciclava sp. HDW11	2714937	S	1	0	1	0.00000
Nocardioides sp. JS614	196162	S	15	2	17	0.00001
Nocardioides sp. zg-579	2663857	S	10	3	13	0.00001
Nocardioides sp. zg-1228	2763008	S	6	1	7	0.00000
Nocardioides sp. S-713	2760089	S	5	1	6	0.00000
Nocardioides sp. CF8	110319	S	5	1	6	0.00000
Nocardioides sp. 603	2483798	S	4	1	5	0.00000
Nocardioides sp. S5	2017486	S	4	1	5	0.00000
Nocardioides sp. HDW12A	2714938	S	4	1	5	0.00000
Nocardioides sp. HDW12B	2714939	S	4	0	4	0.00000
Nocardioides sp. WS12	2486272	S	3	0	3	0.00000
Nocardioides sp. HY056	2500546	S	3	0	3	0.00000
Nocardioides sp. S-1144	2582905	S	3	0	3	0.00000
Nocardioides sp. JQ2195	2592334	S	2	0	2	0.00000
Nocardioides sp. dk884	2662361	S	2	1	3	0.00000
Nocardioides sp. ZJ1313	2685869	S	1	0	1	0.00000
Nocardioides sambongensis	2589074	S	12	2	14	0.00001
Nocardioides euryhalodurans	2518370	S	11	1	12	0.00001
Nocardioides aromaticivorans	200618	S	4	1	5	0.00000
Nocardioides baekrokdamisoli	1804624	S	4	0	4	0.00000
Nocardioides seonyuensis	2518371	S	4	0	4	0.00000
Nocardioides dokdonensis	450734	S	3	1	4	0.00000
Nocardioides daphniae	402297	S	2	0	2	0.00000
Nocardioides marinisabuli	419476	S	2	0	2	0.00000
Nocardioides cynanchi	2558918	S	2	0	2	0.00000
Nocardioides anomalus	2712223	S	2	0	2	0.00000
Nocardioides mesophilus	433659	S	1	0	1	0.00000
Nocardioides humi	449461	S	1	0	1	0.00000
Nocardioides ungokensis	1643322	S	1	0	1	0.00000
Nocardioides houyundeii	2045452	S	1	0	1	0.00000
Micropruina glycogenica	75385	S	23	2	25	0.00002
Aeromicrobium sp. zg-629	2663859	S	4	1	5	0.00000
Aeromicrobium sp. A1-2	2107713	S	2	0	2	0.00000
Aeromicrobium marinum	219314	S	3	0	3	0.00000
Aeromicrobium chenweiae	2079793	S	3	1	4	0.00000
Aeromicrobium erythreum	2041	S	1	0	1	0.00000
Aeromicrobium choanae	1736691	S	1	0	1	0.00000
Aeromicrobium yanjiei	2662028	S	1	0	1	0.00000
Friedmanniella luteola	546871	S	3	0	3	0.00000
Mumia sp. ZJ1417	2708082	S	3	0	3	0.00000
Pimelobacter simplex	2045	S	1	0	1	0.00000
Marmoricola scoriae	642780	S	1	0	1	0.00000
Kribbella flavida	182640	S	4	0	4	0.00000
Kribbella qitaiheensis	1544730	S	3	0	3	0.00000
Actinopolymorpha singaporensis	117157	S	7	0	7	0.00000
Rhodococcus sp. MTM3W5.2	1805827	S	7	0	7	0.00000
Rhodococcus sp. YL-1	1045808	S	5	14	19	0.00001
Rhodococcus sp. NJ-530	2490853	S	4	14	18	0.00001
Rhodococcus sp. B7740	1564114	S	4	0	4	0.00000
Rhodococcus sp. SGAir0479	2567884	S	4	0	4	0.00000
Rhodococcus sp. P-2	2795031	S	3	0	3	0.00000
Rhodococcus sp. 008	1723645	S	3	11	14	0.00001
Rhodococcus sp. M8	1925550	S	2	4	6	0.00000
Rhodococcus sp. WB9	2594007	S	2	1	3	0.00000
Rhodococcus sp. ABRD24	2507582	S	2	0	2	0.00000
Rhodococcus sp. WAY2	2663121	S	1	0	1	0.00000
Rhodococcus sp. W8901	2742603	S	1	0	1	0.00000
Rhodococcus sp. P1Y	1302308	S	1	0	1	0.00000
Rhodococcus sp. R79	2811421	S	1	0	1	0.00000
Rhodococcus sp. WMMA185	679318	S	1	0	1	0.00000
Rhodococcus erythropolis	1833	S	25	62	87	0.00006
Rhodococcus qingshengii	334542	S	19	65	84	0.00006
Rhodococcus fascians	1828	S	11	0	11	0.00001
Rhodococcus ruber	1830	S	5	1	6	0.00000
Rhodococcus opacus	37919	S	3	1	4	0.00000
Rhodococcus rhodochrous	1829	S	2	0	2	0.00000
Rhodococcus aetherivorans	191292	S	2	16	18	0.00001
Rhodococcus coprophilus	38310	S	1	0	1	0.00000
Rhodococcus hoagii	43767	S	1	0	1	0.00000
Rhodococcus pyridinivorans	103816	S	1	2	3	0.00000
Rhodococcus jostii	132919	S	1	0	1	0.00000
Rhodococcus imtechensis	262776	S	1	2	3	0.00000
Nocardia sp. CS682	1047172	S	4	0	4	0.00000
Nocardia sp. WCH-YHL-001	2755382	S	1	0	1	0.00000
Nocardia nova	37330	S	4	0	4	0.00000
Nocardia farcinica	37329	S	3	1	4	0.00000
Nocardia seriolae	37332	S	3	0	3	0.00000
Nocardia asteroides	1824	S	2	0	2	0.00000
Nocardia brasiliensis	37326	S	2	0	2	0.00000
Nocardia cyriacigeorgica	135487	S	2	0	2	0.00000
Nocardia arthritidis	228602	S	2	0	2	0.00000
Nocardia terpenica	455432	S	2	0	2	0.00000
Nocardia mangyaensis	2213200	S	1	0	1	0.00000
Nocardia yunnanensis	2382165	S	1	0	1	0.00000
Mycolicibacterium helvum	1534349	S	11	1	12	0.00001
Mycolicibacterium mageritense	53462	S	8	0	8	0.00001
Mycolicibacterium parafortuitum	39692	S	7	1	8	0.00001
Mycolicibacterium chubuense	1800	S	6	1	7	0.00000
Mycolicibacterium mucogenicum	56689	S	5	1	6	0.00000
Mycolicibacterium sp. Z-34	2736649	S	5	0	5	0.00000
Mycolicibacterium sarraceniae	1534348	S	5	0	5	0.00000
Mycolicibacterium rutilum	370526	S	5	1	6	0.00000
Mycolicibacterium doricum	126673	S	5	1	6	0.00000
Mycolicibacterium aurum	1791	S	5	0	5	0.00000
Mycolicibacterium smegmatis	1772	S	4	0	4	0.00000
Mycolicibacterium gilvum	1804	S	4	3	7	0.00000
Mycolicibacterium pulveris	36813	S	4	0	4	0.00000
Mycolicibacterium thermoresistibile	1797	S	3	0	3	0.00000
Mycolicibacterium sediminis	1286180	S	3	0	3	0.00000
Mycolicibacterium celeriflavum	1249101	S	3	0	3	0.00000
Mycolicibacterium fluoranthenivorans	258505	S	3	0	3	0.00000
Mycolicibacterium frederiksbergense	117567	S	3	1	4	0.00000
Mycolicibacterium hassiacum	46351	S	3	0	3	0.00000
Mycolicibacterium tokaiense	39695	S	3	0	3	0.00000
Mycolicibacterium confluentis	28047	S	3	0	3	0.00000
Mycolicibacterium fallax	1793	S	2	0	2	0.00000
Mycolicibacterium litorale	758802	S	2	0	2	0.00000
Mycolicibacterium aubagnense	319707	S	2	0	2	0.00000
Mycolicibacterium phocaicum	319706	S	2	0	2	0.00000
Mycolicibacterium poriferae	39694	S	2	4	6	0.00000
Mycolicibacterium madagascariense	212765	S	2	0	2	0.00000
Mycolicibacterium arabiense	1286181	S	2	0	2	0.00000
Mycolicibacterium aichiense	1799	S	2	0	2	0.00000
Mycolicibacterium anyangense	1431246	S	1	0	1	0.00000
Mycolicibacterium boenickei	146017	S	1	4	5	0.00000
Mycolicibacterium alvei	67081	S	1	0	1	0.00000
Mycolicibacterium gadium	1794	S	1	0	1	0.00000
Mycolicibacterium chitae	1792	S	1	0	1	0.00000
Mycolicibacterium phlei	1771	S	1	0	1	0.00000
Mycobacterium sp. ELW1	1547487	S	6	1	7	0.00000
Mycobacterium sp. EPa45	1545728	S	4	0	4	0.00000
Mycobacterium sp. DL592	2675524	S	4	0	4	0.00000
Mycobacterium sp. YC-RL4	1682113	S	3	0	3	0.00000
Mycobacterium sp. DL440	2675523	S	3	0	3	0.00000
Mycobacterium sp. JS623	212767	S	2	0	2	0.00000
Mycobacterium sp. PYR15	2051552	S	2	1	3	0.00000
Mycobacterium sp. WY10	1920667	S	1	0	1	0.00000
Mycobacterium sp. MS1601	1936029	S	1	0	1	0.00000
Mycobacterium kubicae	120959	S	12	4	16	0.00001
Mycobacterium parmense	185642	S	2	0	2	0.00000
Mycobacterium simiae	1784	S	1	0	1	0.00000
Mycobacterium saskatchewanense	220927	S	1	0	1	0.00000
Mycobacterium florentinum	292462	S	1	0	1	0.00000
Mycobacterium shigaense	722731	S	1	0	1	0.00000
Mycobacterium avium	1764	S	4	0	4	0.00000
Mycobacterium colombiense	339268	S	3	0	3	0.00000
Mycobacterium intracellulare	1767	S	1	5	6	0.00000
Mycobacterium mantenii	560555	S	1	0	1	0.00000
Mycobacterium shinjukuense	398694	S	7	0	7	0.00000
Mycobacterium dioxanotrophicus	482462	S	5	0	5	0.00000
Mycobacterium branderi	43348	S	5	0	5	0.00000
Mycobacterium gordonae	1778	S	3	0	3	0.00000
Mycobacterium leprae	1769	S	2	5	7	0.00000
Mycobacterium grossiae	1552759	S	2	0	2	0.00000
Mycobacterium paraseoulense	590652	S	2	0	2	0.00000
Mycobacterium canettii	78331	S	2	0	2	0.00000
Mycobacterium gallinarum	39689	S	2	0	2	0.00000
Mycobacterium kansasii	1768	S	1	0	1	0.00000
Mycobacterium conspicuum	44010	S	1	0	1	0.00000
Mycobacterium cookii	1775	S	1	0	1	0.00000
Mycobacterium basiliense	2094119	S	1	0	1	0.00000
Mycobacterium paragordonae	1389713	S	1	0	1	0.00000
Mycobacterium xenopi	1789	S	1	0	1	0.00000
Mycobacterium noviomagense	459858	S	1	0	1	0.00000
Mycobacterium lacus	169765	S	1	0	1	0.00000
Mycobacteroides chelonae	1774	S	3	3	6	0.00000
Mycobacteroides abscessus	36809	S	3	3	6	0.00000
Mycobacteroides immunogenum	83262	S	3	0	3	0.00000
Mycobacteroides salmoniphilum	404941	S	1	0	1	0.00000
[Mycobacterium] stephanolepidis	1520670	S	1	0	1	0.00000
Mycolicibacter hiberniae	29314	S	5	0	5	0.00000
Mycolicibacter sinensis	875328	S	2	15	17	0.00001
Mycolicibacter minnesotensis	1118379	S	2	0	2	0.00000
Mycolicibacillus koreensis	1069220	S	2	0	2	0.00000
Corynebacterium kefirresidentii	1979527	S	17	10	27	0.00002
Corynebacterium kroppenstedtii	161879	S	13	0	13	0.00001
Corynebacterium variabile	1727	S	11	5	16	0.00001
Corynebacterium tuberculostearicum	38304	S	8	3	11	0.00001
Corynebacterium sp. FDAARGOS 1242	2778078	S	2	5	7	0.00000
Corynebacterium sp. LMM-1652	2487892	S	2	0	2	0.00000
Corynebacterium sp. zg-917	2763010	S	1	0	1	0.00000
Corynebacterium sp. Marseille-Q3630	2754725	S	1	0	1	0.00000
Corynebacterium sp. 2019	2675218	S	1	0	1	0.00000
Corynebacterium glucuronolyticum	39791	S	7	0	7	0.00000
Corynebacterium xerosis	1725	S	6	1	7	0.00000
Corynebacterium efficiens	152794	S	5	0	5	0.00000
Corynebacterium argentoratense	42817	S	5	0	5	0.00000
Corynebacterium segmentosum	43990	S	4	0	4	0.00000
Corynebacterium jeikeium	38289	S	4	7	11	0.00001
Corynebacterium maris	575200	S	3	0	3	0.00000
Corynebacterium casei	160386	S	3	3	6	0.00000
Corynebacterium minutissimum	38301	S	3	2	5	0.00000
Corynebacterium matruchotii	43768	S	3	0	3	0.00000
Corynebacterium stationis	1705	S	3	0	3	0.00000
Corynebacterium imitans	156978	S	2	0	2	0.00000
Corynebacterium urealyticum	43771	S	2	1	3	0.00000
Corynebacterium phocae	161895	S	2	0	2	0.00000
Corynebacterium camporealensis	161896	S	2	0	2	0.00000
Corynebacterium sphenisci	191493	S	2	0	2	0.00000
Corynebacterium atypicum	191610	S	2	0	2	0.00000
Corynebacterium resistens	258224	S	2	1	3	0.00000
Corynebacterium uterequi	1072256	S	2	0	2	0.00000
Corynebacterium humireducens	1223514	S	2	0	2	0.00000
Corynebacterium yudongzhengii	2080740	S	2	0	2	0.00000
Corynebacterium callunae	1721	S	2	0	2	0.00000
Corynebacterium renale	1724	S	2	0	2	0.00000
Corynebacterium macginleyi	38290	S	2	0	2	0.00000
Corynebacterium genitalium	38288	S	2	0	2	0.00000
Corynebacterium propinquum	43769	S	1	0	1	0.00000
Corynebacterium glyciniphilum	1404244	S	1	0	1	0.00000
Corynebacterium lactis	1231000	S	1	0	1	0.00000
Corynebacterium pelargi	1471400	S	1	0	1	0.00000
Corynebacterium epidermidicanis	1050174	S	1	0	1	0.00000
Corynebacterium nuruki	1032851	S	1	0	1	0.00000
Corynebacterium crudilactis	1652495	S	1	0	1	0.00000
Corynebacterium ureicelerivorans	401472	S	1	0	1	0.00000
Corynebacterium marinum	349751	S	1	0	1	0.00000
Corynebacterium kutscheri	35755	S	1	0	1	0.00000
Corynebacterium endometrii	2488819	S	1	0	1	0.00000
Corynebacterium ulcerans	65058	S	1	0	1	0.00000
Corynebacterium terpenotabidum	89154	S	1	0	1	0.00000
Corynebacterium striatum	43770	S	1	0	1	0.00000
Corynebacterium testudinoris	136857	S	1	0	1	0.00000
Corynebacterium simulans	146827	S	1	0	1	0.00000
Corynebacterium vitaeruminis	38305	S	1	0	1	0.00000
Corynebacterium anserum	2684406	S	1	0	1	0.00000
Corynebacterium singulare	161899	S	1	0	1	0.00000
Gordonia bronchialis	2054	S	18	6	24	0.00002
Gordonia polyisoprenivorans	84595	S	11	1	12	0.00001
Gordonia sp. YC-JH1	2059875	S	2	2	4	0.00000
Gordonia sp. HY186	2597659	S	1	0	1	0.00000
Gordonia sp. PDNC005	2811424	S	1	0	1	0.00000
Gordonia terrae	2055	S	3	8	11	0.00001
Gordonia phthalatica	1136941	S	3	1	4	0.00000
Gordonia rubripertincta	36822	S	2	3	5	0.00000
Tsukamurella paurometabola	2061	S	9	2	11	0.00001
Tsukamurella tyrosinosolvens	57704	S	5	2	7	0.00000
Tomitella sp. HY188	2597660	S	4	1	5	0.00000
Tomitella sp. HY172	2760083	S	1	0	1	0.00000
Lawsonella clevelandensis	1528099	S	6	0	6	0.00000
Dietzia sp. oral taxon 368	712270	S	1	2	3	0.00000
Dietzia lutea	546160	S	1	0	1	0.00000
Candidatus Planktophila sulfonica	1884904	S	280	21	301	0.00021
Candidatus Planktophila dulcis	1884914	S	71	5	76	0.00005
Candidatus Planktophila lacus	1884913	S	58	1	59	0.00004
Candidatus Planktophila vernalis	1884907	S	35	0	35	0.00002
Candidatus Planktophila versatilis	1884905	S	22	1	23	0.00002
Candidatus Planktophila limnetica	573600	S	18	0	18	0.00001
Candidatus Nanopelagicus limnes	1884634	S	15	0	15	0.00001
Candidatus Nanopelagicus abundans	1884916	S	5	0	5	0.00000
Candidatus Nanopelagicus hibericus	1884915	S	1	0	1	0.00000
Streptomyces sp. AgN23	1188315	S	6	2	8	0.00001
Streptomyces sp. 3214.6	1882757	S	6	0	6	0.00000
Streptomyces sp. fd1-xmd	1812480	S	5	1	6	0.00000
Streptomyces sp. SN-593	659352	S	5	0	5	0.00000
Streptomyces sp. P3	2135430	S	5	0	5	0.00000
Streptomyces sp. SUK 48	2582831	S	4	1	5	0.00000
Streptomyces sp. RTd22	1841249	S	4	1	5	0.00000
Streptomyces sp. ZYC-3	2797636	S	4	0	4	0.00000
Streptomyces sp. CRXT-G-22	2768066	S	3	0	3	0.00000
Streptomyces sp. YIM 121038	2136401	S	3	0	3	0.00000
Streptomyces sp. So13.3	2136173	S	3	0	3	0.00000
Streptomyces sp. HSG2	2797167	S	3	0	3	0.00000
Streptomyces sp. CB01881	2078691	S	3	0	3	0.00000
Streptomyces sp. SCSIO 3032	1264596	S	3	0	3	0.00000
Streptomyces sp. MBT27	1488356	S	2	0	2	0.00000
Streptomyces sp. QMT-12	2717324	S	2	0	2	0.00000
Streptomyces sp. JB150	2714844	S	2	0	2	0.00000
Streptomyces sp. SAT1	1849967	S	2	0	2	0.00000
Streptomyces sp. S4.7	2705439	S	2	0	2	0.00000
Streptomyces sp. TLI_053	1855352	S	2	0	2	0.00000
Streptomyces sp. CFMR 7	1649184	S	2	1	3	0.00000
Streptomyces sp. S063	2005885	S	2	0	2	0.00000
Streptomyces sp. NA04227	2742136	S	2	0	2	0.00000
Streptomyces sp. TN58	234612	S	2	0	2	0.00000
Streptomyces sp. NA02950	2742137	S	2	0	2	0.00000
Streptomyces sp. CNQ-509	444103	S	2	2	4	0.00000
Streptomyces sp. CRXT-Y-14	2768069	S	2	0	2	0.00000
Streptomyces sp. endophyte_N2	2153485	S	1	1	2	0.00000
Streptomyces sp. HM190	2695266	S	1	0	1	0.00000
Streptomyces sp. CdTB01	1725411	S	1	0	1	0.00000
Streptomyces sp. C8S0	2585716	S	1	0	1	0.00000
Streptomyces sp. WAC 01438	2203204	S	1	0	1	0.00000
Streptomyces sp. NHF165	2175864	S	1	0	1	0.00000
Streptomyces sp. GS7	2692234	S	1	0	1	0.00000
Streptomyces sp. HF10	2692233	S	1	0	1	0.00000
Streptomyces sp. CLI2509	1984801	S	1	6	7	0.00000
Streptomyces sp. CB09001	2083284	S	1	0	1	0.00000
Streptomyces sp. QHH-9511	2684468	S	1	0	1	0.00000
Streptomyces sp. SYP-A7193	2662065	S	1	0	1	0.00000
Streptomyces sp. LBUM 1480	2609808	S	1	7	8	0.00001
Streptomyces sp. PBH53	1577075	S	1	0	1	0.00000
Streptomyces sp. CB00271	2750025	S	1	0	1	0.00000
Streptomyces sp. Mg1	465541	S	1	1	2	0.00000
Streptomyces sp. CRPJ-33	2768068	S	1	0	1	0.00000
Streptomyces sp. SirexAA-E	862751	S	1	0	1	0.00000
Streptomyces sp. Z423-1	2730915	S	1	0	1	0.00000
Streptomyces sp. jing01	2726118	S	1	0	1	0.00000
Streptomyces sp. ID38640	1265399	S	1	0	1	0.00000
Streptomyces sp. RLB1-33	2721243	S	1	0	1	0.00000
Streptomyces sp. DSM 40868	2721173	S	1	0	1	0.00000
Streptomyces sp. CCM_MD2014	1561022	S	1	0	1	0.00000
Streptomyces sp. Z022	1442032	S	1	0	1	0.00000
Streptomyces venezuelae	54571	S	14	1	15	0.00001
Streptomyces lydicus	47763	S	7	1	8	0.00001
Streptomyces buecherae	2763006	S	5	0	5	0.00000
Streptomyces pristinaespiralis	38300	S	5	0	5	0.00000
Streptomyces griseocarneus	51201	S	5	0	5	0.00000
Streptomyces ficellus	1977088	S	5	0	5	0.00000
Streptomyces griseochromogenes	68214	S	5	0	5	0.00000
Streptomyces tsukubensis	83656	S	5	38	43	0.00003
Streptomyces pratensis	1169025	S	5	0	5	0.00000
Streptomyces asterosporus	285570	S	4	0	4	0.00000
Streptomyces gardneri	66892	S	4	0	4	0.00000
Streptomyces lividans	1916	S	4	58	62	0.00004
Streptomyces vietnamensis	362257	S	4	0	4	0.00000
Streptomyces ambofaciens	1889	S	4	0	4	0.00000
Streptomyces antibioticus	1890	S	4	0	4	0.00000
Streptomyces lunaelactis	1535768	S	4	0	4	0.00000
Streptomyces dengpaensis	2049881	S	4	0	4	0.00000
Streptomyces spongiicola	1690221	S	4	0	4	0.00000
Streptomyces subrutilus	36818	S	3	0	3	0.00000
Streptomyces cadmiisoli	2184053	S	3	0	3	0.00000
Streptomyces capitiformicae	2014920	S	3	0	3	0.00000
Streptomyces hawaiiensis	67305	S	3	0	3	0.00000
Streptomyces viridosporus	67581	S	3	0	3	0.00000
Streptomyces tuirus	68278	S	3	0	3	0.00000
Streptomyces albulus	68570	S	3	0	3	0.00000
Streptomyces coeruleorubidus	116188	S	3	0	3	0.00000
Streptomyces parvulus	146923	S	3	0	3	0.00000
Streptomyces glomeroaurantiacus	68210	S	3	0	3	0.00000
Streptomyces rapamycinicus	1226757	S	3	0	3	0.00000
Streptomyces murinus	33900	S	3	4	7	0.00000
Streptomyces nitrosporeus	28894	S	3	0	3	0.00000
Streptomyces exfoliatus	1905	S	3	0	3	0.00000
Streptomyces albus	1888	S	3	0	3	0.00000
Streptomyces anulatus	1892	S	1	0	1	0.00000
Streptomyces griseus	1911	S	1	0	1	0.00000
Streptomyces vinaceus	1960	S	2	0	2	0.00000
Streptomyces peucetius	1950	S	2	0	2	0.00000
Streptomyces katrae	68223	S	2	0	2	0.00000
Streptomyces spectabilis	68270	S	2	0	2	0.00000
Streptomyces seoulensis	73044	S	2	0	2	0.00000
Streptomyces armeniacus	83291	S	2	0	2	0.00000
Streptomyces koyangensis	188770	S	2	0	2	0.00000
Streptomyces lincolnensis	1915	S	2	0	2	0.00000
Streptomyces gilvosporeus	553510	S	2	0	2	0.00000
Streptomyces broussonetiae	2686304	S	2	0	2	0.00000
Streptomyces avermitilis	33903	S	2	0	2	0.00000
Streptomyces lavendulae	1914	S	2	0	2	0.00000
Streptomyces pluripotens	1355015	S	2	0	2	0.00000
Streptomyces glaucescens	1907	S	2	0	2	0.00000
Streptomyces nigra	1827580	S	2	0	2	0.00000
Streptomyces cacaoi	1898	S	2	0	2	0.00000
Streptomyces fagopyri	2662397	S	2	0	2	0.00000
Streptomyces kanamyceticus	1967	S	2	0	2	0.00000
Streptomyces olivaceus	47716	S	2	1	3	0.00000
Streptomyces alfalfae	1642299	S	1	3	4	0.00000
Streptomyces alboniger	132473	S	1	0	1	0.00000
Streptomyces rimosus	1927	S	1	0	1	0.00000
Streptomyces rectiverticillatus	173860	S	1	0	1	0.00000
Streptomyces chartreusis	1969	S	1	0	1	0.00000
Streptomyces davaonensis	348043	S	1	0	1	0.00000
Streptomyces bingchenggensis	379067	S	1	0	1	0.00000
Streptomyces incarnatus	665007	S	1	0	1	0.00000
Streptomyces xinghaiensis	1038928	S	1	0	1	0.00000
Streptomyces harbinensis	1176198	S	1	0	1	0.00000
Streptomyces hygroscopicus	1912	S	1	0	1	0.00000
Streptomyces ferrugineus	1413221	S	1	0	1	0.00000
Streptomyces albidoflavus	1886	S	1	1	2	0.00000
Streptomyces alboflavus	67267	S	1	0	1	0.00000
Streptomyces collinus	42684	S	1	0	1	0.00000
Streptomyces fodineus	1904616	S	1	0	1	0.00000
Streptomyces tirandamycinicus	2174846	S	1	0	1	0.00000
Streptomyces cyaneochromogenes	2496836	S	1	0	1	0.00000
Streptomyces aquilus	2548456	S	1	0	1	0.00000
Streptomyces atratus	1893	S	1	0	1	0.00000
Streptomyces qinzhouensis	2599401	S	1	0	1	0.00000
Streptomyces phaeolivaceus	2653200	S	1	0	1	0.00000
Streptomyces cattleya	29303	S	1	0	1	0.00000
Streptomyces galilaeus	33899	S	1	0	1	0.00000
Streptomyces mobaraensis	35621	S	1	0	1	0.00000
Streptomyces actuosus	1885	S	1	0	1	0.00000
Streptomyces violaceusniger	68280	S	1	0	1	0.00000
Streptomyces fulvissimus	68202	S	1	1	2	0.00000
Streptomyces tendae	1932	S	1	0	1	0.00000
Streptomyces autolyticus	75293	S	1	1	2	0.00000
Streptomyces platensis	58346	S	1	0	1	0.00000
Streptomyces finlayi	67296	S	1	0	1	0.00000
Streptomyces albireticuli	1940	S	1	0	1	0.00000
Kitasatospora sp. MMS16-BH015	2018025	S	6	0	6	0.00000
Kitasatospora sp. NA04385	2742135	S	1	0	1	0.00000
Kitasatospora setae	2066	S	5	0	5	0.00000
Kitasatospora albolonga	68173	S	5	2	7	0.00000
Streptacidiphilus sp. PB12-B1b	2705012	S	5	0	5	0.00000
Streptacidiphilus sp. P02-A3a	2704468	S	2	0	2	0.00000
Streptacidiphilus bronchialis	2126346	S	2	0	2	0.00000
Bifidobacterium longum	216816	S	75	22	97	0.00007
Bifidobacterium adolescentis	1680	S	54	5	59	0.00004
Bifidobacterium catenulatum	1686	S	17	4	21	0.00001
Bifidobacterium animalis	28025	S	4	0	4	0.00000
Bifidobacterium bifidum	1681	S	3	0	3	0.00000
Bifidobacterium breve	1685	S	3	0	3	0.00000
Bifidobacterium angulatum	1683	S	2	0	2	0.00000
Bifidobacterium eulemuris	1765219	S	2	0	2	0.00000
Bifidobacterium dentium	1689	S	2	0	2	0.00000
Bifidobacterium pseudolongum	1694	S	2	0	2	0.00000
Bifidobacterium pseudocatenulatum	28026	S	2	1	3	0.00000
Bifidobacterium subtile	77635	S	2	0	2	0.00000
Bifidobacterium thermophilum	33905	S	1	0	1	0.00000
Bifidobacterium scardovii	158787	S	1	0	1	0.00000
Bifidobacterium coryneforme	1687	S	1	0	1	0.00000
Gardnerella vaginalis	2702	S	2	0	2	0.00000
Micromonospora sp. WMMA2032	2039870	S	3	2	5	0.00000
Micromonospora sp. 28ISP2-46	2749844	S	3	2	5	0.00000
Micromonospora sp. HM134	2583243	S	2	1	3	0.00000
Micromonospora craniellae	2294034	S	3	1	4	0.00000
Micromonospora carbonacea	47853	S	3	1	4	0.00000
Micromonospora echinaurantiaca	47857	S	3	1	4	0.00000
Micromonospora inositola	47865	S	3	1	4	0.00000
Micromonospora zamorensis	709883	S	3	1	4	0.00000
Micromonospora terminaliae	1914461	S	3	1	4	0.00000
Micromonospora tulbaghiae	479978	S	2	4	6	0.00000
Micromonospora chokoriensis	356851	S	2	0	2	0.00000
Micromonospora siamensis	299152	S	2	1	3	0.00000
Micromonospora auratinigra	261654	S	2	1	3	0.00000
Micromonospora echinospora	1877	S	1	0	1	0.00000
Micromonospora narathiwatensis	299146	S	1	0	1	0.00000
Micromonospora sagamiensis	47875	S	1	0	1	0.00000
Micromonospora purpureochromogenes	47872	S	1	0	1	0.00000
Micromonospora echinofusca	47858	S	1	0	1	0.00000
Actinoplanes derwentensis	113562	S	24	2	26	0.00002
Actinoplanes sp. N902-109	649831	S	4	3	7	0.00000
Actinoplanes sp. OR16	946334	S	3	5	8	0.00001
Actinoplanes teichomyceticus	1867	S	4	1	5	0.00000
Actinoplanes friuliensis	196914	S	4	0	4	0.00000
Actinoplanes missouriensis	1866	S	2	0	2	0.00000
Phytohabitans flavus	1076124	S	6	0	6	0.00000
Phytohabitans suffuscus	624315	S	1	0	1	0.00000
Plantactinospora sp. KBS50	2024580	S	3	0	3	0.00000
Plantactinospora sp. BC1	2108470	S	1	2	3	0.00000
Salinispora arenicola	168697	S	3	0	3	0.00000
Salinispora tropica	168695	S	1	0	1	0.00000
Actinocatenispora thailandica	227318	S	2	0	2	0.00000
Amycolatopsis sp. YIM 10	2653857	S	4	1	5	0.00000
Amycolatopsis sp. AA4	1896961	S	3	0	3	0.00000
Amycolatopsis sp. FDAARGOS 1241	2778070	S	3	0	3	0.00000
Amycolatopsis sp. BJA-103	1911175	S	1	0	1	0.00000
Amycolatopsis sp. Hca4	2742131	S	1	0	1	0.00000
Amycolatopsis keratiniphila	129921	S	4	6	10	0.00001
Amycolatopsis albispora	1804986	S	4	2	6	0.00000
Amycolatopsis mediterranei	33910	S	3	0	3	0.00000
Amycolatopsis orientalis	31958	S	2	0	2	0.00000
Amycolatopsis methanolica	1814	S	1	0	1	0.00000
Pseudonocardia sp. AL041005-10	445576	S	5	2	7	0.00000
Pseudonocardia sp. CGMCC 4.1532	2761535	S	4	0	4	0.00000
Pseudonocardia sp. HH130629-09	1641402	S	2	3	5	0.00000
Pseudonocardia sp. HH130630-07	1690815	S	2	2	4	0.00000
Pseudonocardia broussonetiae	2736640	S	5	0	5	0.00000
Pseudonocardia autotrophica	2074	S	3	0	3	0.00000
Pseudonocardia dioxanivorans	240495	S	3	0	3	0.00000
Saccharopolyspora erythraea	1836	S	2	4	6	0.00000
Saccharopolyspora coralli	2665642	S	2	2	4	0.00000
Saccharomonospora cyanea	40989	S	2	1	3	0.00000
Saccharomonospora glauca	40990	S	2	0	2	0.00000
Saccharomonospora viridis	1852	S	1	0	1	0.00000
Saccharomonospora azurea	40988	S	1	0	1	0.00000
Saccharomonospora marina	632569	S	1	0	1	0.00000
Actinoalloteichus hoggarensis	1470176	S	2	6	8	0.00001
Allokutzneria albata	211114	S	6	1	7	0.00000
Saccharothrix espanaensis	103731	S	4	0	4	0.00000
Prauserella marina	530584	S	3	0	3	0.00000
Alloactinosynnema sp. L-07	1653480	S	3	0	3	0.00000
Kibdelosporangium phytohabitans	860235	S	2	0	2	0.00000
Lentzea guizhouensis	1586287	S	1	0	1	0.00000
Actinomyces sp. oral taxon 414	712122	S	3	0	3	0.00000
Actinomyces sp. ZJ34	2722820	S	3	0	3	0.00000
Actinomyces sp. oral taxon 169	712116	S	2	2	4	0.00000
Actinomyces sp. HMT 175	2789425	S	2	4	6	0.00000
Actinomyces sp. Chiba101	1851395	S	1	0	1	0.00000
Actinomyces sp. 432	2057798	S	1	0	1	0.00000
Actinomyces naeslundii	1655	S	5	1	6	0.00000
Actinomyces oris	544580	S	3	2	5	0.00000
Actinomyces gaoshouyii	1960083	S	1	0	1	0.00000
Actinomyces qiguomingii	2057800	S	1	0	1	0.00000
Schaalia sp. JY-X169	2758572	S	15	0	15	0.00001
Schaalia sp. ZJ405	2709403	S	1	0	1	0.00000
Schaalia meyeri	52773	S	1	0	1	0.00000
Flaviflexus sp. H23T48	2496867	S	2	0	2	0.00000
Flaviflexus sp. dk850	2758573	S	1	0	1	0.00000
Actinotignum schaalii	59505	S	3	0	3	0.00000
Mobiluncus curtisii	2051	S	2	0	2	0.00000
Actinobaculum sp. 313	2495645	S	2	0	2	0.00000
Trueperella pyogenes	1661	S	1	0	1	0.00000
Trueperella sp. 19M2397	2733571	S	1	0	1	0.00000
Winkia sp. C64	2692125	S	2	0	2	0.00000
Arcanobacterium sp. JY-X040	2758440	S	1	0	1	0.00000
Streptosporangium roseum	2001	S	6	1	7	0.00000
Streptosporangium sp. 'caverna'	2202249	S	6	0	6	0.00000
Nonomuraea sp. ATCC 55076	1909395	S	7	0	7	0.00000
Nonomuraea nitratireducens	2656914	S	3	0	3	0.00000
Actinomadura sp. WMMB 499	1219491	S	6	2	8	0.00001
Actinomadura sp. WMMA1423	2591108	S	2	1	3	0.00000
Actinomadura verrucosospora	46165	S	2	2	4	0.00000
Thermomonospora curvata	2020	S	5	1	6	0.00000
Streptomonospora sp. M2	2498135	S	5	0	5	0.00000
Nocardiopsis alba	53437	S	2	0	2	0.00000
Nocardiopsis dassonvillei	2014	S	1	0	1	0.00000
Nocardiopsis gilva	280236	S	1	0	1	0.00000
Thermobifida fusca	2021	S	2	0	2	0.00000
Modestobacter marinus	477641	S	10	1	11	0.00001
Geodermatophilus obscurus	1861	S	4	0	4	0.00000
Blastococcus saxobsidens	138336	S	2	0	2	0.00000
Frankia inefficax	298654	S	5	0	5	0.00000
Frankia sp. EAN1pec	298653	S	3	0	3	0.00000
Frankia sp. QA3	710111	S	2	1	3	0.00000
Frankia alni	1859	S	1	0	1	0.00000
Nakamurella multipartita	53461	S	9	0	9	0.00001
Nakamurella panacisegetis	1090615	S	1	0	1	0.00000
Nakamurella sp. PAMC28650	2762325	S	1	0	1	0.00000
Jatrophihabitans sp. GAS493	1907575	S	4	0	4	0.00000
Jiangella sp. DSM 45060	1798224	S	2	0	2	0.00000
Jiangella alkaliphila	419479	S	1	0	1	0.00000
Stackebrandtia nassauensis	283811	S	4	0	4	0.00000
Kineococcus radiotolerans	131568	S	2	0	2	0.00000
Actinopolyspora erythraea	414996	S	2	0	2	0.00000
Epidermidibacterium keratini	1891644	S	2	0	2	0.00000
Acidothermus cellulolyticus	28049	S	1	0	1	0.00000
Catenulispora acidiphila	304895	S	1	0	1	0.00000
Collinsella aerofaciens	74426	S	75	7	82	0.00006
Coriobacterium glomerans	33871	S	2	0	2	0.00000
Olsenella uli	133926	S	4	1	5	0.00000
Olsenella sp. GAM18	2109685	S	3	1	4	0.00000
Olsenella timonensis	1805478	S	1	0	1	0.00000
Parolsenella catena	2003188	S	6	1	7	0.00000
Eggerthella lenta	84112	S	2	1	3	0.00000
Eggerthella sp. YY7918	502558	S	1	0	1	0.00000
Slackia heliotrinireducens	84110	S	3	0	3	0.00000
Berryella intestinalis	1531429	S	2	1	3	0.00000
Gordonibacter pamelaeae	471189	S	1	0	1	0.00000
Arabia massiliensis	1870985	S	1	0	1	0.00000
Rubrobacter xylanophilus	49319	S	5	0	5	0.00000
Rubrobacter radiotolerans	42256	S	3	0	3	0.00000
Rubrobacter sp. SCSIO 52915	2653852	S	2	0	2	0.00000
Rubrobacter indicoceani	2051957	S	1	0	1	0.00000
Baekduia soli	496014	S	4	0	4	0.00000
Ilumatobacter coccineus	467094	S	7	1	8	0.00001
Actinomarinicola tropica	2789776	S	6	0	6	0.00000
Conexibacter woesei	191495	S	5	0	5	0.00000
Conexibacter sp. SYSU D00693	2812560	S	2	0	2	0.00000
Egibacter rhizosphaerae	1670831	S	3	0	3	0.00000
Euzebya sp. DY32-46	1608957	S	2	0	2	0.00000
Streptococcus thermophilus	1308	S	61	7	68	0.00005
Streptococcus salivarius	1304	S	16	8	24	0.00002
Streptococcus oralis	1303	S	5	1	6	0.00000
Streptococcus suis	1307	S	5	0	5	0.00000
Streptococcus equinus	1335	S	5	1	6	0.00000
Streptococcus agalactiae	1311	S	4	24	28	0.00002
Streptococcus mitis	28037	S	4	0	4	0.00000
Streptococcus sanguinis	1305	S	3	0	3	0.00000
Streptococcus mutans	1309	S	3	0	3	0.00000
Streptococcus gallolyticus	315405	S	3	1	4	0.00000
Streptococcus sp. LPB0220	2610896	S	2	0	2	0.00000
Streptococcus respiraculi	2021971	S	2	0	2	0.00000
Streptococcus intermedius	1338	S	1	1	2	0.00000
Streptococcus lutetiensis	150055	S	2	5	7	0.00000
Streptococcus pyogenes	1314	S	2	0	2	0.00000
Streptococcus pneumoniae	1313	S	2	0	2	0.00000
Streptococcus porcinus	1340	S	1	0	1	0.00000
Streptococcus dysgalactiae	1334	S	1	4	5	0.00000
Streptococcus australis	113107	S	1	0	1	0.00000
Streptococcus halotolerans	1814128	S	1	0	1	0.00000
Streptococcus parauberis	1348	S	1	0	1	0.00000
Streptococcus periodonticum	2490633	S	1	1	2	0.00000
Streptococcus canis	1329	S	1	0	1	0.00000
Lactococcus lactis	1358	S	96	253	349	0.00025
Lactococcus cremoris	1359	S	19	3	22	0.00002
Lactococcus garvieae	1363	S	9	2	11	0.00001
Lactococcus piscium	1364	S	8	1	9	0.00001
Lactococcus raffinolactis	1366	S	3	0	3	0.00000
Lactococcus sp. KACC 19320	2592653	S	1	0	1	0.00000
Lactobacillus helveticus	1587	S	9	2	11	0.00001
Lactobacillus delbrueckii	1584	S	5	3	8	0.00001
Lactobacillus sp. CBA3605	2099788	S	2	1	3	0.00000
Lactobacillus sp. 3B(2020)	2695882	S	1	0	1	0.00000
Lactobacillus johnsonii	33959	S	2	0	2	0.00000
Lactobacillus acetotolerans	1600	S	1	0	1	0.00000
Lactobacillus amylovorus	1604	S	1	0	1	0.00000
Lactobacillus amylolyticus	83683	S	1	0	1	0.00000
Lactobacillus jensenii	109790	S	1	0	1	0.00000
Lactobacillus apis	303541	S	1	0	1	0.00000
Latilactobacillus curvatus	28038	S	11	1	12	0.00001
Latilactobacillus sakei	1599	S	8	1	9	0.00001
Latilactobacillus graminis	60519	S	2	0	2	0.00000
Companilactobacillus paralimentarius	83526	S	10	1	11	0.00001
Companilactobacillus futsaii	938155	S	6	1	7	0.00000
Companilactobacillus crustorum	392416	S	1	0	1	0.00000
Companilactobacillus ginsenosidimutans	1007676	S	1	0	1	0.00000
Companilactobacillus heilongjiangensis	1074467	S	1	0	1	0.00000
Companilactobacillus allii	1847728	S	1	0	1	0.00000
Weissella hellenica	46256	S	8	2	10	0.00001
Weissella paramesenteroides	1249	S	4	1	5	0.00000
Weissella confusa	1583	S	3	0	3	0.00000
Weissella soli	155866	S	1	0	1	0.00000
Weissella cryptocerci	2506420	S	1	0	1	0.00000
Limosilactobacillus mucosae	97478	S	16	1	17	0.00001
Limosilactobacillus fermentum	1613	S	4	0	4	0.00000
Leuconostoc gelidum	1244	S	5	0	5	0.00000
Leuconostoc mesenteroides	1245	S	2	0	2	0.00000
Leuconostoc lactis	1246	S	2	1	3	0.00000
Leuconostoc citreum	33964	S	1	4	5	0.00000
Leuconostoc pseudomesenteroides	33968	S	1	0	1	0.00000
Lactiplantibacillus plantarum	1590	S	3	12	15	0.00001
Lactiplantibacillus pentosus	1589	S	1	0	1	0.00000
Lactiplantibacillus paraplantarum	60520	S	1	0	1	0.00000
Lentilactobacillus hilgardii	1588	S	2	0	2	0.00000
Lentilactobacillus parabuchneri	152331	S	2	0	2	0.00000
Pediococcus pentosaceus	1255	S	2	0	2	0.00000
Pediococcus acidilactici	1254	S	1	0	1	0.00000
Paucilactobacillus nenjiangensis	1296540	S	2	1	3	0.00000
Loigolactobacillus coryniformis	1610	S	3	0	3	0.00000
Lacticaseibacillus casei	1582	S	1	0	1	0.00000
Lacticaseibacillus paracasei	1597	S	1	1	2	0.00000
Fructilactobacillus fructivorans	1614	S	2	0	2	0.00000
Fructilactobacillus sanfranciscensis	1625	S	1	0	1	0.00000
Oenococcus sp. UCMA 16435	2259623	S	2	0	2	0.00000
Ligilactobacillus animalis	1605	S	1	0	1	0.00000
Ligilactobacillus salivarius	1624	S	1	0	1	0.00000
Levilactobacillus koreensis	637971	S	2	0	2	0.00000
Apilactobacillus kunkeei	148814	S	2	0	2	0.00000
Lapidilactobacillus dextrinicus	51664	S	1	0	1	0.00000
Enterococcus cecorum	44008	S	25	3	28	0.00002
Enterococcus faecium	1352	S	7	5	12	0.00001
Enterococcus casseliflavus	37734	S	5	3	8	0.00001
Enterococcus gilvus	160453	S	5	0	5	0.00000
Enterococcus faecalis	1351	S	3	0	3	0.00000
Enterococcus hirae	1354	S	1	0	1	0.00000
Enterococcus avium	33945	S	1	0	1	0.00000
Enterococcus durans	53345	S	1	0	1	0.00000
Enterococcus saigonensis	1805431	S	1	0	1	0.00000
Vagococcus hydrophili	2714947	S	4	0	4	0.00000
Vagococcus carniphilus	218144	S	3	0	3	0.00000
Melissococcus plutonius	33970	S	3	0	3	0.00000
Tetragenococcus koreensis	290335	S	1	0	1	0.00000
Jeotgalibaca porci	1868793	S	29	3	32	0.00002
Jeotgalibaca sp. PTS2502	1903686	S	2	3	5	0.00000
Jeotgalibaca dankookensis	708126	S	1	0	1	0.00000
Carnobacterium maltaromaticum	2751	S	10	0	10	0.00001
Dolosigranulum pigrum	29394	S	4	0	4	0.00000
Aerococcus urinaeequi	51665	S	6	2	8	0.00001
Aerococcus sanguinicola	119206	S	2	0	2	0.00000
Aerococcus urinaehominis	128944	S	2	0	2	0.00000
Aerococcus viridans	1377	S	1	0	1	0.00000
Staphylococcus capitis	29388	S	40	7	47	0.00003
Staphylococcus epidermidis	1282	S	32	8	40	0.00003
Staphylococcus aureus	1280	S	25	57	82	0.00006
Staphylococcus hominis	1290	S	10	1	11	0.00001
Staphylococcus warneri	1292	S	8	3	11	0.00001
Staphylococcus pasteuri	45972	S	5	0	5	0.00000
Staphylococcus equorum	246432	S	4	2	6	0.00000
Staphylococcus saprophyticus	29385	S	4	0	4	0.00000
Staphylococcus pseudintermedius	283734	S	2	0	2	0.00000
Staphylococcus delphini	53344	S	1	0	1	0.00000
Staphylococcus auricularis	29379	S	3	0	3	0.00000
Staphylococcus lugdunensis	28035	S	3	0	3	0.00000
Staphylococcus simulans	1286	S	3	0	3	0.00000
Staphylococcus haemolyticus	1283	S	3	0	3	0.00000
Staphylococcus pseudoxylosus	2282419	S	2	0	2	0.00000
Staphylococcus kloosii	29384	S	2	0	2	0.00000
Staphylococcus xylosus	1288	S	2	0	2	0.00000
Staphylococcus simiae	308354	S	1	0	1	0.00000
Staphylococcus muscae	1294	S	1	0	1	0.00000
Staphylococcus lloydii	2781774	S	1	0	1	0.00000
Staphylococcus nepalensis	214473	S	1	0	1	0.00000
Staphylococcus felis	46127	S	1	0	1	0.00000
Staphylococcus succinus	61015	S	1	0	1	0.00000
Staphylococcus agnetis	985762	S	1	0	1	0.00000
Staphylococcus sp. MI 10-1553	1912064	S	1	0	1	0.00000
Jeotgalicoccus saudimassiliensis	1461582	S	5	0	5	0.00000
[Micrococcus] candicans	946432	S	3	0	3	0.00000
Mammaliicoccus sciuri	1296	S	2	0	2	0.00000
Mammaliicoccus lentus	42858	S	1	0	1	0.00000
Macrococcus canis	1855823	S	1	1	2	0.00000
Bacillus thuringiensis	1428	S	8	12	20	0.00001
Bacillus cereus	1396	S	7	8	15	0.00001
Bacillus mycoides	1405	S	3	1	4	0.00000
Bacillus cytotoxicus	580165	S	3	0	3	0.00000
Bacillus sp. DSL-17	2567941	S	4	0	4	0.00000
Bacillus sp. FJAT-45348	2011012	S	3	0	3	0.00000
Bacillus sp. FJAT-22090	1581038	S	2	0	2	0.00000
Bacillus sp. HD4P25	2779776	S	2	0	2	0.00000
Bacillus sp. Cs-700	2589818	S	1	0	1	0.00000
Bacillus sp. Y1	352858	S	1	0	1	0.00000
Bacillus sp. AM1(2019)	2665175	S	1	2	3	0.00000
Bacillus sp. V3	2795526	S	1	0	1	0.00000
Bacillus sp. SB49	1071080	S	1	0	1	0.00000
Bacillus sp. FJAT-42376	2014076	S	1	0	1	0.00000
Bacillus sp. KH172YL63	2709784	S	1	0	1	0.00000
Bacillus sp. WP8	756828	S	1	0	1	0.00000
Bacillus sp. SYJ	2529386	S	1	0	1	0.00000
Bacillus pumilus	1408	S	6	0	6	0.00000
Bacillus velezensis	492670	S	3	5	8	0.00001
Bacillus subtilis	1423	S	1	2	3	0.00000
Bacillus cellulosilyticus	1413	S	3	0	3	0.00000
Bacillus smithii	1479	S	2	0	2	0.00000
Bacillus weihaiensis	1547283	S	1	0	1	0.00000
Bacillus gobiensis	1441095	S	1	0	1	0.00000
Bacillus glycinifermentans	1664069	S	1	0	1	0.00000
Bacillus ciccensis	1670641	S	1	0	1	0.00000
Bacillus beveridgei	632773	S	1	0	1	0.00000
Bacillus safensis	561879	S	1	0	1	0.00000
Bacillus circulans	1397	S	1	0	1	0.00000
Bacillus freudenreichii	1783501	S	1	0	1	0.00000
Bacillus marisflavi	189381	S	1	0	1	0.00000
Bacillus horikoshii	79883	S	1	0	1	0.00000
Bacillus oleronius	38875	S	1	0	1	0.00000
Bacillus cohnii	33932	S	1	0	1	0.00000
Priestia megaterium	1404	S	5	5	10	0.00001
Priestia flexa	86664	S	2	0	2	0.00000
Priestia filamentosa	1402861	S	2	0	2	0.00000
Lysinibacillus sp. 2017	2169540	S	4	0	4	0.00000
Lysinibacillus timonensis	2086577	S	3	0	3	0.00000
Lysinibacillus sphaericus	1421	S	2	2	4	0.00000
Geobacillus sp. E263	391290	S	1	1	2	0.00000
Geobacillus sp. C56-T3	691437	S	1	4	5	0.00000
Geobacillus sp. 44B	1963023	S	1	0	1	0.00000
Geobacillus subterraneus	129338	S	1	0	1	0.00000
Anoxybacillus flavithermus	33934	S	4	0	4	0.00000
Anoxybacillus kamchatkensis	196180	S	2	2	4	0.00000
Anoxybacillus caldiproteolyticus	247480	S	1	0	1	0.00000
Caldibacillus thermoamylovorans	35841	S	9	0	9	0.00001
Virgibacillus halodenitrificans	1482	S	2	2	4	0.00000
Virgibacillus phasianinus	2017483	S	1	0	1	0.00000
Alkalihalobacillus clausii	79880	S	3	0	3	0.00000
Alkalihalobacillus halodurans	86665	S	1	0	1	0.00000
Alkalihalobacillus lehensis	300825	S	1	0	1	0.00000
Alkalihalobacillus miscanthi	2598861	S	1	0	1	0.00000
Peribacillus simplex	1478	S	2	2	4	0.00000
Peribacillus asahii	228899	S	2	0	2	0.00000
Peribacillus muralis	264697	S	1	0	1	0.00000
Peribacillus butanolivorans	421767	S	1	0	1	0.00000
Gracilibacillus sp. SCU50	2663022	S	3	0	3	0.00000
Fictibacillus phosphorivorans	1221500	S	3	0	3	0.00000
Anaerobacillus isosaccharinicus	1532552	S	2	0	2	0.00000
Weizmannia coagulans	1398	S	2	0	2	0.00000
Mesobacillus jeotgali	129985	S	1	0	1	0.00000
Mesobacillus foraminis	279826	S	1	0	1	0.00000
Metabacillus litoralis	152268	S	1	0	1	0.00000
Metabacillus sp. cB07	2806989	S	1	0	1	0.00000
Salicibibacter kimchii	2099786	S	2	0	2	0.00000
Lederbergia lentus	1467	S	2	0	2	0.00000
Aeribacillus pallidus	33936	S	1	0	1	0.00000
Neobacillus thermocopriae	1215031	S	1	0	1	0.00000
Paraliobacillus zengyii	2213194	S	1	0	1	0.00000
Cytobacillus oceanisediminis	665099	S	1	0	1	0.00000
Psychrobacillus glaciei	2283160	S	1	0	1	0.00000
Sediminibacillus sp. DP4-553-S	2729421	S	1	0	1	0.00000
Paenibacillus sp. B01	2660554	S	4	1	5	0.00000
Paenibacillus sp. JNUCC-31	2777983	S	2	0	2	0.00000
Paenibacillus sp. RUD330	2023772	S	1	0	1	0.00000
Paenibacillus sp. 32O-W	1695218	S	1	0	1	0.00000
Paenibacillus sp. FSL H7-0737	1536775	S	1	0	1	0.00000
Paenibacillus sp. E222	2748863	S	1	0	1	0.00000
Paenibacillus odorifer	189426	S	8	0	8	0.00001
Paenibacillus protaetiae	2509456	S	3	0	3	0.00000
Paenibacillus stellifer	169760	S	3	0	3	0.00000
Paenibacillus donghaensis	414771	S	3	0	3	0.00000
Paenibacillus larvae	1464	S	2	551	553	0.00039
Paenibacillus rhizovicinus	2704463	S	2	0	2	0.00000
Paenibacillus mucilaginosus	61624	S	2	-2	0	0.00000
Paenibacillus physcomitrellae	1619311	S	2	0	2	0.00000
Paenibacillus bovis	1616788	S	1	0	1	0.00000
Paenibacillus barcinonensis	198119	S	1	0	1	0.00000
Paenibacillus xylanilyticus	248903	S	1	0	1	0.00000
Paenibacillus cellulositrophicus	562959	S	1	0	1	0.00000
Paenibacillus beijingensis	1126833	S	1	0	1	0.00000
Paenibacillus lentus	1338368	S	1	0	1	0.00000
Paenibacillus sabinae	365617	S	1	0	1	0.00000
Paenibacillus psychroresistens	1778678	S	1	0	1	0.00000
Paenibacillus ihbetae	1870820	S	1	0	1	0.00000
Paenibacillus albus	2495582	S	1	0	1	0.00000
Paenibacillus lutimineralis	2707005	S	1	0	1	0.00000
Paenibacillus polymyxa	1406	S	1	1	2	0.00000
Paenibacillus borealis	160799	S	1	0	1	0.00000
Paenibacillus glucanolyticus	59843	S	1	2	3	0.00000
Paenibacillus terrae	159743	S	1	0	1	0.00000
Brevibacillus sp. SCSIO 07484	2496837	S	3	0	3	0.00000
Brevibacillus brevis	1393	S	1	0	1	0.00000
Brevibacillus laterosporus	1465	S	1	4	5	0.00000
Brevibacillus agri	51101	S	1	0	1	0.00000
Cohnella candidum	2674991	S	3	0	3	0.00000
Cohnella sp. LGH	1619153	S	1	0	1	0.00000
Cohnella sp. MFER-1	2728023	S	1	0	1	0.00000
Thermobacillus composti	377615	S	1	0	1	0.00000
Aneurinibacillus soli	1500254	S	1	0	1	0.00000
Saccharibacillus brassicae	2583377	S	1	0	1	0.00000
Alicyclobacillus acidocaldarius	405212	S	11	0	11	0.00001
Alicyclobacillus sp. SO9	2665646	S	3	0	3	0.00000
Alicyclobacillus sp. TC	2606450	S	1	0	1	0.00000
Tumebacillus avium	1903704	S	1	1	2	0.00000
Listeria grayi	1641	S	4	0	4	0.00000
Listeria monocytogenes	1639	S	1	0	1	0.00000
Listeria welshimeri	1643	S	1	2	3	0.00000
Brochothrix thermosphacta	2756	S	2	0	2	0.00000
Sporosarcina ureae	1571	S	2	0	2	0.00000
Sporosarcina sp. P37	1930546	S	1	0	1	0.00000
Sporosarcina sp. PTS2304	2283194	S	1	0	1	0.00000
Ureibacillus thermosphaericus	51173	S	2	0	2	0.00000
Solibacillus silvestris	76853	S	2	0	2	0.00000
Planococcus versutus	1302659	S	1	0	1	0.00000
Kurthia zopfii	1650	S	1	0	1	0.00000
Laceyella sacchari	37482	S	5	0	5	0.00000
Kroppenstedtia eburnea	714067	S	1	0	1	0.00000
Kroppenstedtia pulmonis	1380685	S	1	0	1	0.00000
Staphylospora marina	2490858	S	2	0	2	0.00000
Thermoactinomyces vulgaris	2026	S	1	0	1	0.00000
Novibacillus thermophilus	1471761	S	1	0	1	0.00000
Gemella haemolysans	1379	S	3	0	3	0.00000
Gemella morbillorum	29391	S	1	0	1	0.00000
Exiguobacterium mexicanum	340146	S	1	0	1	0.00000
Blautia sp. SC05B48	2479767	S	83	40	123	0.00009
Blautia obeum	40520	S	30	11	41	0.00003
Blautia hansenii	1322	S	13	5	18	0.00001
Blautia argi	1912897	S	6	1	7	0.00000
Blautia producta	33035	S	5	1	6	0.00000
[Ruminococcus] gnavus	33038	S	56	27	83	0.00006
[Ruminococcus] torques	33039	S	34	14	48	0.00003
Coprococcus comes	410072	S	39	16	55	0.00004
Coprococcus catus	116085	S	21	7	28	0.00002
Coprococcus sp. ART55/1	751585	S	5	1	6	0.00000
Anaerobutyricum hallii	39488	S	69	23	92	0.00007
Anaerostipes hadrus	649756	S	54	14	68	0.00005
Anaerostipes caccae	105841	S	2	0	2	0.00000
Roseburia intestinalis	166486	S	49	10	59	0.00004
Roseburia hominis	301301	S	5	1	6	0.00000
Lachnoclostridium phocaeense	1871021	S	7	2	9	0.00001
Lachnoclostridium sp. YL32	1834196	S	3	4	7	0.00000
[Clostridium] scindens	29347	S	2	0	2	0.00000
Lachnoclostridium phytofermentans	66219	S	2	0	2	0.00000
[Clostridium] hylemonae	89153	S	1	0	1	0.00000
Lacrimispora saccharolytica	84030	S	12	2	14	0.00001
Lacrimispora sphenoides	29370	S	1	0	1	0.00000
Enterocloster bolteae	208479	S	6	0	6	0.00000
Enterocloster clostridioformis	1531	S	4	8	12	0.00001
Lachnospira eligens	39485	S	10	0	10	0.00001
Butyrivibrio fibrisolvens	831	S	6	0	6	0.00000
Butyrivibrio proteoclasticus	43305	S	2	0	2	0.00000
Butyrivibrio hungatei	185008	S	1	0	1	0.00000
Herbinix luporum	1679721	S	3	1	4	0.00000
Anaerocolumna sedimenticola	2696063	S	2	1	3	0.00000
Lachnoanaerobaculum umeaense	617123	S	1	0	1	0.00000
Clostridium botulinum	1491	S	37	7	44	0.00003
Clostridium perfringens	1502	S	31	1	32	0.00002
Clostridium isatidis	182773	S	17	1	18	0.00001
Clostridium sp. DL-VIII	641107	S	6	0	6	0.00000
Clostridium sp. BNL1100	755731	S	2	0	2	0.00000
Clostridium sp. JN-1	2483110	S	2	0	2	0.00000
Clostridium sp. 'deep sea'	2779445	S	2	0	2	0.00000
Clostridium sp. SY8519	1042156	S	1	0	1	0.00000
Clostridium sp. MF28	1702238	S	1	3	4	0.00000
Clostridium sp. CT4	2320868	S	1	0	1	0.00000
Clostridium pasteurianum	1501	S	10	0	10	0.00001
Clostridium saccharobutylicum	169679	S	7	0	7	0.00000
Clostridium beijerinckii	1520	S	7	2	9	0.00001
Clostridium saccharoperbutylacetonicum	36745	S	6	0	6	0.00000
Clostridium baratii	1561	S	6	0	6	0.00000
Clostridium butyricum	1492	S	5	0	5	0.00000
Clostridium gasigenes	94869	S	4	0	4	0.00000
Clostridium intestinale	36845	S	4	0	4	0.00000
Clostridium tyrobutyricum	1519	S	4	0	4	0.00000
Clostridium taeniosporum	394958	S	3	0	3	0.00000
Clostridium carboxidivorans	217159	S	3	0	3	0.00000
Clostridium tetani	1513	S	3	0	3	0.00000
Clostridium cellulovorans	1493	S	3	0	3	0.00000
Clostridium scatologenes	1548	S	2	0	2	0.00000
Clostridium bornimense	1216932	S	2	0	2	0.00000
Clostridium argentinense	29341	S	2	0	2	0.00000
Clostridium sporogenes	1509	S	2	4	6	0.00000
Clostridium fermenticellae	2068654	S	2	0	2	0.00000
Clostridium acetobutylicum	1488	S	1	0	1	0.00000
Clostridium thermarum	1716543	S	1	0	1	0.00000
Clostridium estertheticum	238834	S	1	0	1	0.00000
Clostridium cochlearium	1494	S	1	0	1	0.00000
Clostridium aceticum	84022	S	1	0	1	0.00000
Clostridium chauvoei	46867	S	1	0	1	0.00000
Clostridium novyi	1542	S	1	0	1	0.00000
Clostridium ljungdahlii	1538	S	1	2	3	0.00000
Clostridium septicum	1504	S	1	0	1	0.00000
Alkaliphilus metalliredigens	208226	S	3	0	3	0.00000
Crassaminicella sp. SY095	2599308	S	3	0	3	0.00000
Sarcina sp. JB2	2726954	S	2	0	2	0.00000
Caloramator sp. E03	2576307	S	2	0	2	0.00000
Caloranaerobacter azorensis	116090	S	2	0	2	0.00000
Faecalibacterium prausnitzii	853	S	112	30	142	0.00010
Ruminococcus bicirculans	1160721	S	34	2	36	0.00003
Ruminococcus sp. JE7A12	2564099	S	7	0	7	0.00000
Ruminococcus champanellensis	1161942	S	1	0	1	0.00000
Oscillibacter sp. PEA192	2109687	S	5	5	10	0.00001
Oscillibacter sp. NSJ-62	2763056	S	2	0	2	0.00000
Oscillibacter valericigenes	351091	S	1	0	1	0.00000
Acetivibrio clariflavus	288965	S	1	2	3	0.00000
Acetivibrio saccincola	1677857	S	1	2	3	0.00000
Ruminiclostridium cellulolyticum	1521	S	2	0	2	0.00000
Ruminiclostridium herbifermentans	2488810	S	2	0	2	0.00000
Ruthenibacterium lactatiformans	1550024	S	4	0	4	0.00000
Caproiciproducens sp. 7D4C2	2721621	S	2	1	3	0.00000
Thermoclostridium stercorarium	1510	S	3	-3	0	0.00000
Flavonifractor plautii	292800	S	2	0	2	0.00000
Dysosmobacter welbionis	2093857	S	1	0	1	0.00000
Monoglobus pectinilyticus	1981510	S	10	2	12	0.00001
Massilistercora timonensis	2086584	S	8	3	11	0.00001
Aminipila sp. JN-18	2507160	S	3	0	3	0.00000
Aminipila sp. CBA3637	2697030	S	1	0	1	0.00000
Mogibacterium diversum	114527	S	2	0	2	0.00000
Thermaerobacter marianensis	73919	S	2	0	2	0.00000
Thermaerobacter sp. PB12/4term	2293838	S	1	0	1	0.00000
Intestinimonas butyriciproducens	1297617	S	3	0	3	0.00000
Flintibacter sp. KGMB00164	2610895	S	3	0	3	0.00000
Clostridioides difficile	1496	S	17	57	74	0.00005
Paeniclostridium sordellii	1505	S	3	0	3	0.00000
Acetoanaerobium sticklandii	1511	S	2	0	2	0.00000
Peptoclostridium acidaminophilum	1731	S	2	0	2	0.00000
Paraclostridium bifermentans	1490	S	2	0	2	0.00000
Filifactor alocis	143361	S	1	0	1	0.00000
Desulfotomaculum ruminis	1564	S	1	0	1	0.00000
Desulfotomaculum nigrificans	1565	S	1	0	1	0.00000
Desulfotomaculum reducens	59610	S	1	0	1	0.00000
Desulfotomaculum ferrireducens	1833852	S	1	0	1	0.00000
Desulfitobacterium dichloroeliminans	233055	S	3	0	3	0.00000
Desulfitobacterium hafniense	49338	S	1	0	1	0.00000
Dehalobacterium formicoaceticum	51515	S	3	0	3	0.00000
Desulfosporosinus meridiei	79209	S	1	0	1	0.00000
Desulfosporosinus youngiae	339862	S	1	0	1	0.00000
Thermoanaerosceptrum fracticalcis	1712410	S	1	0	1	0.00000
Eubacterium sp. NSJ-61	2764325	S	5	2	7	0.00000
[Eubacterium] cellulosolvens	29322	S	2	0	2	0.00000
Eubacterium maltosivorans	2041044	S	1	0	1	0.00000
Acetobacterium sp. KB-1	2184575	S	3	0	3	0.00000
Christensenella minuta	626937	S	2	0	2	0.00000
Christensenella sp. Marseille-P3954	2086585	S	1	0	1	0.00000
Heliobacterium modesticaldum	35701	S	1	0	1	0.00000
Heliorestis convoluta	356322	S	1	0	1	0.00000
Candidatus Syntrophocurvum alkaliphilum	2293317	S	2	0	2	0.00000
Petrocella atlantisensis	2173034	S	1	0	1	0.00000
Halocella sp. SP3-1	2382161	S	4	0	4	0.00000
Halanaerobium praevalens	2331	S	1	0	1	0.00000
Halanaerobium hydrogeniformans	656519	S	1	0	1	0.00000
Halothermothrix orenii	31909	S	2	0	2	0.00000
Acetohalobium arabaticum	28187	S	1	0	1	0.00000
Halobacteroides halobius	42422	S	1	0	1	0.00000
Anoxybacter fermentans	1323375	S	1	0	1	0.00000
Thermoanaerobacterium aotearoense	47490	S	1	0	1	0.00000
Thermoanaerobacterium sp. RBIITD	1550240	S	1	0	1	0.00000
Moorella thermoacetica	1525	S	1	0	1	0.00000
Mahella australiensis	252966	S	1	0	1	0.00000
Tepidanaerobacter acetatoxydans	499229	S	1	0	1	0.00000
Biomaibacter acetigenes	2316383	S	1	0	1	0.00000
Megamonas funiformis	437897	S	56	1	57	0.00004
Megamonas hypermegale	158847	S	1	0	1	0.00000
Selenomonas ruminantium	971	S	3	0	3	0.00000
Selenomonas sp. oral taxon 920	1884263	S	2	0	2	0.00000
Selenomonas sp. oral taxon 136	713030	S	1	0	1	0.00000
Pectinatus frisingensis	865	S	3	0	3	0.00000
Pelosinus fermentans	365349	S	2	0	2	0.00000
Pelosinus sp. UFO1	484770	S	1	0	1	0.00000
Methylomusa anaerophila	1930071	S	2	0	2	0.00000
Sporomusa termitida	2377	S	1	0	1	0.00000
Megasphaera elsdenii	907	S	14	0	14	0.00001
Veillonella parvula	29466	S	12	0	12	0.00001
Dialister pneumosintes	39950	S	1	0	1	0.00000
Phascolarctobacterium sp. Marseille-Q4147	2823317	S	6	0	6	0.00000
Phascolarctobacterium faecium	33025	S	2	0	2	0.00000
Acidaminococcus fermentans	905	S	1	0	1	0.00000
Faecalitalea cylindroides	39483	S	7	3	10	0.00001
Longibaculum sp. KGMB06250	2584943	S	7	20	27	0.00002
Faecalibacillus intestinalis	1982626	S	5	14	19	0.00001
Erysipelatoclostridium ramosum	1547	S	2	0	2	0.00000
[Clostridium] innocuum	1522	S	1	0	1	0.00000
Erysipelothrix inopinata	225084	S	1	0	1	0.00000
Erysipelothrix sp. HDW6B	2714929	S	1	0	1	0.00000
Amedibacterium intestinale	2583452	S	1	0	1	0.00000
Turicibacter sp. H121	1712675	S	8	3	11	0.00001
Turicibacter sanguinis	154288	S	1	0	1	0.00000
Murdochiella vaginalis	1852373	S	8	2	10	0.00001
Finegoldia magna	1260	S	4	1	5	0.00000
Anaerococcus prevotii	33034	S	1	0	1	0.00000
Anaerococcus obesiensis	1287640	S	1	1	2	0.00000
Parvimonas micra	33033	S	2	0	2	0.00000
Peptoniphilus harei	54005	S	1	0	1	0.00000
Tissierellia sp. JN-28	2507161	S	3	0	3	0.00000
Schnuerera ultunensis	45497	S	3	0	3	0.00000
Gottschalkia acidurici	1556	S	2	0	2	0.00000
Sedimentibacter sp. zth1	2816908	S	1	0	1	0.00000
Limnochorda pilosa	1555112	S	1	0	1	0.00000
Oscillatoria nigro-viridis	482564	S	154	28	182	0.00013
Oscillatoria acuminata	118323	S	2	0	2	0.00000
Moorea producens	1155739	S	7	0	7	0.00000
Microcoleus sp. PCC 7113	1173027	S	5	2	7	0.00000
Oxynema sp. AP17	2064643	S	3	7	10	0.00001
[Phormidium] sp. ETS-05	222819	S	14	1	15	0.00001
Geitlerinema sp. PCC 7407	1173025	S	3	0	3	0.00000
Cyanothece sp. PCC 7425	395961	S	1	0	1	0.00000
Crinalium epipsammum	241425	S	1	0	1	0.00000
Geminocystis sp. NIES-3708	1615909	S	11	4	15	0.00001
Geminocystis sp. NIES-3709	1617448	S	7	1	8	0.00001
Geminocystis herdmanii	669359	S	8	1	9	0.00001
Chondrocystis sp. NIES-4102	2005460	S	2	1	3	0.00000
Microcystis aeruginosa	1126	S	16	7	23	0.00002
Microcystis viridis	44822	S	1	1	2	0.00000
Microcystis sp. MC19	1967666	S	1	0	1	0.00000
Halothece sp. PCC 7418	65093	S	3	2	5	0.00000
Euhalothece natronophila	577489	S	2	0	2	0.00000
Gloeothece citriformis	2546356	S	4	0	4	0.00000
Crocosphaera subtropica	2546360	S	4	0	4	0.00000
Rippkaea orientalis	2546366	S	3	1	4	0.00000
Candidatus Atelocyanobacterium thalassa	713887	S	1	0	1	0.00000
Cyanobacterium aponinum	379064	S	9	5	14	0.00001
Nostoc sp. NIES-4103	2005458	S	6	1	7	0.00000
Nostoc sp. CENA543	1869241	S	5	0	5	0.00000
Nostoc sp. TCL26-01	2576904	S	5	0	5	0.00000
Nostoc sp. PCC 7524	28072	S	3	0	3	0.00000
Nostoc sp. PCC 7107	317936	S	3	1	4	0.00000
Nostoc sp. C052	2576902	S	3	0	3	0.00000
Nostoc sp. NIES-2111	1973475	S	2	4	6	0.00000
Nostoc sp. ATCC 53789	76335	S	1	1	2	0.00000
Nostoc sp. PCC 7120 = FACHB-418	103690	S	1	23	24	0.00002
Nostoc sp. 'Peltigera membranacea cyanobiont' N6	1261031	S	1	0	1	0.00000
Nostoc sp. TCL240-02	2572090	S	1	0	1	0.00000
Nostoc sp. UHCC 0702	2814655	S	1	0	1	0.00000
Nostoc flagelliforme	1306274	S	8	4	12	0.00001
Nostoc edaphicum	264686	S	5	2	7	0.00000
Nostoc piscinale	224012	S	4	0	4	0.00000
Nostoc carneum	374162	S	3	7	10	0.00001
Nostoc sphaeroides	446679	S	2	1	3	0.00000
Trichormus azollae	1164	S	6	1	7	0.00000
Anabaena cylindrica	1165	S	3	0	3	0.00000
Anabaena sp. WA102	1647413	S	1	2	3	0.00000
Calothrix sp. 336/3	1337936	S	3	0	3	0.00000
Calothrix sp. NIES-3974	2005462	S	3	0	3	0.00000
Calothrix sp. NIES-2100	1954172	S	2	2	4	0.00000
Calothrix sp. PCC 7507	99598	S	1	0	1	0.00000
Calothrix sp. NIES-2098	1954171	S	1	1	2	0.00000
Calothrix brevissima	938406	S	9	5	14	0.00001
Calothrix parasitica	1973486	S	6	0	6	0.00000
Calothrix parietina	32054	S	2	0	2	0.00000
Sphaerospermopsis kisseleviana	289435	S	9	2	11	0.00001
Dolichospermum flos-aquae	1166	S	1	10	11	0.00001
Dolichospermum sp. UHCC 0315A	1914871	S	1	8	9	0.00001
Anabaenopsis elenkinii	156213	S	1	0	1	0.00000
Fischerella sp. NIES-4106	2005456	S	7	2	9	0.00001
Fischerella sp. NIES-3754	1752063	S	3	2	5	0.00000
Scytonema sp. NIES-4073	2005464	S	2	2	4	0.00000
Scytonema sp. HK-05	1137095	S	1	0	1	0.00000
Brasilonema sennae	1397703	S	1	0	1	0.00000
Rivularia sp. PCC 7116	373994	S	4	0	4	0.00000
Microchaete diplosiphon	1197	S	1	2	3	0.00000
Tolypothrix sp. PCC 7910	2099387	S	1	1	2	0.00000
Synechococcus sp. PCC 7502	1173263	S	8	0	8	0.00001
Synechococcus sp. JA-2-3B'a(2-13)	321332	S	8	2	10	0.00001
Synechococcus sp. CBW1107	2789857	S	6	1	7	0.00000
Synechococcus sp. LTW-R	2751170	S	3	1	4	0.00000
Synechococcus sp. RSCCF101	2511069	S	3	0	3	0.00000
Synechococcus sp. JA-3-3Ab	321327	S	3	0	3	0.00000
Synechococcus sp. SynAce01	1916956	S	2	0	2	0.00000
Synechococcus sp. PCC 7336	195250	S	2	0	2	0.00000
Synechococcus sp. PCC 6312	195253	S	2	0	2	0.00000
Synechococcus sp. PROS-U-1	1400866	S	2	0	2	0.00000
Synechococcus sp. KORDI-52	585425	S	1	0	1	0.00000
Synechococcus sp. MEDNS5	1442554	S	1	0	1	0.00000
Synechococcus sp. PCC 7003	374981	S	1	0	1	0.00000
Synechococcus sp. CB0101	232348	S	1	0	1	0.00000
Synechococcus sp. ROS8604	1442557	S	1	0	1	0.00000
Synechococcus sp. RS9907	221350	S	1	2	3	0.00000
Synechococcus sp. PCC 8807	195248	S	1	6	7	0.00000
Synechococcus elongatus	32046	S	5	1	6	0.00000
Synechococcus lividus	33070	S	1	0	1	0.00000
Cyanobium gracile	59930	S	8	1	9	0.00001
Cyanobium sp. NIES-981	1851505	S	4	1	5	0.00000
Dactylococcopsis salina	292566	S	6	5	11	0.00001
Thermosynechococcus elongatus	146786	S	1	1	2	0.00000
Prochlorococcus marinus	1219	S	23	9	32	0.00002
Pseudanabaena sp. ABRG5-3	685565	S	7	0	7	0.00000
Pseudanabaena sp. PCC 7367	82654	S	3	0	3	0.00000
Leptolyngbya sp. PCC 7376	111781	S	3	0	3	0.00000
Leptolyngbya sp. NIES-3755	1752064	S	3	0	3	0.00000
Leptolyngbya sp. BL0902	1115757	S	1	0	1	0.00000
Leptolyngbya boryana	1184	S	2	0	2	0.00000
Chamaesiphon minutus	1173032	S	6	0	6	0.00000
Acaryochloris marina	155978	S	2	0	2	0.00000
cyanobacterium endosymbiont of Epithemia turgida	718217	S	6	2	8	0.00001
cyanobacterium endosymbiont of Rhopalodia gibberula	1763363	S	2	0	2	0.00000
Stanieria cyanosphaera	102116	S	3	2	5	0.00000
Stanieria sp. NIES-3757	1807358	S	2	0	2	0.00000
Pleurocapsa minor	54308	S	1	0	1	0.00000
Chroococcidiopsis thermalis	54299	S	6	1	7	0.00000
Gloeomargarita lithophora	1188228	S	4	0	4	0.00000
Gloeobacter violaceus	33072	S	1	0	1	0.00000
Mycoplasma sp. OR1901	2742195	S	3	0	3	0.00000
Mycoplasma sp. Zaradi2	547987	S	2	0	2	0.00000
Mycoplasma sp. (ex Biomphalaria glabrata)	1749074	S	2	0	2	0.00000
Mycoplasma sp. Mirounga ES2806-NAS	754516	S	1	0	1	0.00000
Mycoplasma sp. Phocoena C-264-GEN	754517	S	1	0	1	0.00000
Mycoplasma anserisalpingitidis	519450	S	3	0	3	0.00000
Mycoplasma hominis	2098	S	2	0	2	0.00000
Mycoplasma mycoides	2102	S	1	0	1	0.00000
Mycoplasma leachii	2105	S	1	0	1	0.00000
Mycoplasma cloacale	92401	S	2	0	2	0.00000
Mycoplasma alkalescens	45363	S	1	0	1	0.00000
Mycoplasma anseris	92400	S	1	0	1	0.00000
Mycoplasma dispar	86660	S	1	0	1	0.00000
Mycoplasma bovoculi	45362	S	1	0	1	0.00000
Mycoplasma flocculare	2128	S	1	0	1	0.00000
Mycoplasma salivarium	2124	S	1	0	1	0.00000
Mycoplasma orale	2121	S	1	0	1	0.00000
Mycoplasma neurolyticum	2120	S	1	0	1	0.00000
Mycoplasma putrefaciens	2123	S	1	0	1	0.00000
Mycoplasma hyorhinis	2100	S	1	0	1	0.00000
Mycoplasma phocirhinis	142650	S	5	0	5	0.00000
Mycoplasma pulmonis	2107	S	2	0	2	0.00000
Mycoplasma maculosum	114885	S	2	0	2	0.00000
Mycoplasma felis	33923	S	1	0	1	0.00000
Mycoplasma cynos	171284	S	1	0	1	0.00000
Mycoplasma columborale	171282	S	1	0	1	0.00000
Mycoplasma gallopavonis	76629	S	1	0	1	0.00000
Mycoplasma pullorum	48003	S	1	0	1	0.00000
Mycoplasma arginini	2094	S	1	0	1	0.00000
Mycoplasma gallinaceum	29556	S	1	0	1	0.00000
Mycoplasma bovirhinis	29553	S	1	0	1	0.00000
Mycoplasma californicum	2113	S	1	0	1	0.00000
Candidatus Hepatoplasma crinochetorum	295596	S	1	0	1	0.00000
Spiroplasma turonicum	216946	S	3	0	3	0.00000
Spiroplasma syrphidicola	216945	S	3	0	3	0.00000
Spiroplasma gladiatoris	2143	S	2	0	2	0.00000
Spiroplasma floricola	216937	S	2	0	2	0.00000
Spiroplasma taiwanense	2145	S	2	0	2	0.00000
Spiroplasma melliferum	2134	S	1	0	1	0.00000
Spiroplasma cantharicola	362837	S	1	0	1	0.00000
Spiroplasma eriocheiris	315358	S	1	0	1	0.00000
Spiroplasma diminutum	216936	S	1	0	1	0.00000
Spiroplasma culicicola	216935	S	1	0	1	0.00000
Spiroplasma chrysopicola	216933	S	1	0	1	0.00000
Spiroplasma phoeniceum	47835	S	1	0	1	0.00000
Mesoplasma syrphidae	225999	S	2	0	2	0.00000
Mesoplasma florum	2151	S	1	0	1	0.00000
Mesoplasma chauliocola	216427	S	1	0	1	0.00000
Mesoplasma tabanidae	219745	S	1	0	1	0.00000
Mesoplasma coleopterae	324078	S	1	0	1	0.00000
Acholeplasma laidlawii	2148	S	4	0	4	0.00000
Acholeplasma palmae	38986	S	3	0	3	0.00000
Acholeplasma axanthum	29552	S	2	0	2	0.00000
Acholeplasma brassicae	61635	S	1	0	1	0.00000
Candidatus Phytoplasma mali	37692	S	2	0	2	0.00000
Onion yellows phytoplasma	100379	S	1	0	1	0.00000
Candidatus Phytoplasma luffae	35773	S	1	0	1	0.00000
Meiothermus silvanus	52022	S	37	0	37	0.00003
Thermus scotoductus	37636	S	3	1	4	0.00000
Thermus aquaticus	271	S	2	0	2	0.00000
Thermus oshimai	56957	S	2	0	2	0.00000
Thermus thermophilus	274	S	1	1	2	0.00000
Thermus caldilimi	2483360	S	1	0	1	0.00000
Oceanithermus profundus	187137	S	3	0	3	0.00000
Marinithermus hydrothermalis	186192	S	2	0	2	0.00000
Deinococcus sp. AJ005	2652443	S	4	0	4	0.00000
Deinococcus sp. S14-83	2489213	S	1	0	1	0.00000
Deinococcus gobiensis	502394	S	3	0	3	0.00000
Deinococcus irradiatisoli	2202254	S	3	0	3	0.00000
Deinococcus actinosclerus	1768108	S	3	0	3	0.00000
Deinococcus swuensis	1182571	S	3	0	3	0.00000
Deinococcus radiodurans	1299	S	3	0	3	0.00000
Deinococcus maricopensis	309887	S	3	0	3	0.00000
Deinococcus deserti	310783	S	2	0	2	0.00000
Deinococcus puniceus	1182568	S	2	0	2	0.00000
Deinococcus metallilatus	1211322	S	2	0	2	0.00000
Deinococcus geothermalis	68909	S	2	0	2	0.00000
Deinococcus proteolyticus	55148	S	1	0	1	0.00000
Truepera radiovictrix	332249	S	3	0	3	0.00000
Brevefilum fermentans	1986204	S	8	0	8	0.00001
Pelolinea submarina	913107	S	2	0	2	0.00000
Anaerolinea thermophila	167964	S	1	0	1	0.00000
Candidatus Promineofilum breve	1806508	S	5	0	5	0.00000
Dehalococcoides mccartyi	61435	S	1	2	3	0.00000
Roseiflexus castenholzii	120962	S	1	0	1	0.00000
Sphaerobacter thermophilus	2057	S	1	0	1	0.00000
Ktedonosporobacter rubrisoli	2509675	S	1	0	1	0.00000
Tepidiforma bonchosmolovskayae	2601677	S	1	0	1	0.00000
Fimbriimonas ginsengisoli	1005039	S	1	0	1	0.00000
Flavobacterium sp. KBS0721	1179672	S	69	27	96	0.00007
Flavobacterium sp. 140616W15	2478552	S	67	12	79	0.00006
Flavobacterium sp. CLA17	2724135	S	51	9	60	0.00004
Flavobacterium sp. M31R6	2739062	S	50	7	57	0.00004
Flavobacterium sp. Sr18	935222	S	44	5	49	0.00003
Flavobacterium sp. MDT1-60	1979344	S	39	8	47	0.00003
Flavobacterium sp. SLB02	2665645	S	38	11	49	0.00003
Flavobacterium sp. BB8	2816357	S	29	6	35	0.00002
Flavobacterium sp. HYN0086	2249356	S	29	9	38	0.00003
Flavobacterium sp. CJ74	2294119	S	29	1	30	0.00002
Flavobacterium sp. LPB0248	2614441	S	18	12	30	0.00002
Flavobacterium sp. I3-2	2748319	S	13	10	23	0.00002
Flavobacterium sp. P2-65	2748320	S	9	0	9	0.00001
Flavobacterium sp. xlx-214	2654325	S	8	0	8	0.00001
Flavobacterium sangjuense	2518177	S	77	4	81	0.00006
Flavobacterium nackdongense	2547394	S	61	3	64	0.00005
Flavobacterium johnsoniae	986	S	60	23	83	0.00006
Flavobacterium psychrophilum	96345	S	50	7	57	0.00004
Flavobacterium commune	1306519	S	45	4	49	0.00003
Flavobacterium branchiophilum	55197	S	29	1	30	0.00002
Flavobacterium faecale	1355330	S	24	2	26	0.00002
Flavobacterium anhuiense	459526	S	23	11	34	0.00002
Flavobacterium gilvum	1492737	S	22	2	24	0.00002
Flavobacterium crocinum	2183896	S	21	7	28	0.00002
Flavobacterium columnare	996	S	20	3	23	0.00002
Flavobacterium indicum	312277	S	20	1	21	0.00001
Flavobacterium kingsejongi	1678728	S	19	2	21	0.00001
Flavobacterium nitrogenifigens	1617283	S	16	10	26	0.00002
Flavobacterium haoranii	683124	S	13	3	16	0.00001
Flavobacterium alkalisoli	2602769	S	12	0	12	0.00001
Flavobacterium crassostreae	1763534	S	11	2	13	0.00001
Flavobacterium pallidum	2172098	S	10	0	10	0.00001
Flavobacterium album	2175091	S	8	0	8	0.00001
Flavobacterium sediminis	2201181	S	7	4	11	0.00001
Flavobacterium magnum	2162713	S	5	0	5	0.00000
Flavobacterium arcticum	1784713	S	3	0	3	0.00000
Polaribacter sp. SA4-10	754397	S	11	1	12	0.00001
Polaribacter sp. MED152	313598	S	4	0	4	0.00000
Polaribacter sp. ALD11	2058137	S	4	0	4	0.00000
Polaribacter sp. G4M1	2808900	S	4	0	4	0.00000
Polaribacter sp. SM13	2818493	S	4	0	4	0.00000
Polaribacter sp. BM10	1529069	S	3	4	7	0.00000
Polaribacter sp. KT25b	1855336	S	3	0	3	0.00000
Polaribacter sp. L12M9	2738844	S	3	1	4	0.00000
Polaribacter sp. SA4-12	1312072	S	2	0	2	0.00000
Polaribacter sp. L3A8	2686361	S	2	0	2	0.00000
Polaribacter sp. KT 15	1896175	S	1	1	2	0.00000
Polaribacter vadi	1774273	S	9	1	10	0.00001
Polaribacter sejongensis	985043	S	5	0	5	0.00000
Polaribacter haliotis	1888915	S	3	2	5	0.00000
Polaribacter reichenbachii	996801	S	2	0	2	0.00000
Capnocytophaga sp. oral taxon 878	1316596	S	3	0	3	0.00000
Capnocytophaga sp. H2931	1945657	S	1	1	2	0.00000
Capnocytophaga sp. H4358	1945658	S	1	1	2	0.00000
Capnocytophaga sp. FDAARGOS_737	2545799	S	1	0	1	0.00000
Capnocytophaga canimorsus	28188	S	6	0	6	0.00000
Capnocytophaga gingivalis	1017	S	4	0	4	0.00000
Capnocytophaga ochracea	1018	S	3	1	4	0.00000
Capnocytophaga sputigena	1019	S	3	0	3	0.00000
Capnocytophaga endodontalis	2708117	S	3	0	3	0.00000
Capnocytophaga cynodegmi	28189	S	2	0	2	0.00000
Capnocytophaga haemolytica	45243	S	1	0	1	0.00000
Capnocytophaga leadbetteri	327575	S	1	0	1	0.00000
Myroides phaeus	702745	S	9	3	12	0.00001
Myroides fluvii	2572594	S	7	1	8	0.00001
Myroides odoratus	256	S	5	0	5	0.00000
Myroides profundi	480520	S	4	6	10	0.00001
Maribacter sp. T28	1836467	S	9	5	14	0.00001
Maribacter sp. HTCC2170	313603	S	6	0	6	0.00000
Maribacter sp. MJ134	2496865	S	1	0	1	0.00000
Maribacter cobaltidurans	1178778	S	3	3	6	0.00000
Winogradskyella sp. PG-2	754409	S	5	0	5	0.00000
Winogradskyella sp. PC-19	754417	S	5	1	6	0.00000
Winogradskyella sp. J14-2	1936080	S	4	0	4	0.00000
Winogradskyella helgolandensis	2697010	S	5	0	5	0.00000
Winogradskyella forsetii	2686077	S	2	0	2	0.00000
Winogradskyella schleiferi	2686078	S	2	0	2	0.00000
Winogradskyella sediminis	1382466	S	1	0	1	0.00000
Tenacibaculum sp. SZ-18	754423	S	4	0	4	0.00000
Tenacibaculum sp. DSM 106434	2358479	S	3	0	3	0.00000
Tenacibaculum maritimum	107401	S	5	0	5	0.00000
Tenacibaculum jejuense	584609	S	3	0	3	0.00000
Tenacibaculum dicentrarchi	669041	S	3	0	3	0.00000
Tenacibaculum todarodis	1850252	S	3	0	3	0.00000
Tenacibaculum mesophilum	104268	S	2	0	2	0.00000
Muricauda sp. 501str8	2698672	S	16	9	25	0.00002
Muricauda ruestringensis	111501	S	5	0	5	0.00000
Muricauda lutaonensis	516051	S	1	0	1	0.00000
Gramella sp. MAR_2010_147	1250205	S	5	0	5	0.00000
Gramella echinicola	279359	S	4	0	4	0.00000
Gramella forsetii	411153	S	3	0	3	0.00000
Gramella flava	1486245	S	3	0	3	0.00000
Gramella fulva	2126553	S	3	0	3	0.00000
Gramella salexigens	1913577	S	2	0	2	0.00000
Kordia sp. SMS9	2282170	S	12	1	13	0.00001
Kordia antarctica	1218801	S	2	0	2	0.00000
Aquimarina sp. AD1	1714848	S	6	0	6	0.00000
Aquimarina sp. BL5	1714860	S	4	0	4	0.00000
Aquimarina sp. TRL1	2736252	S	3	0	3	0.00000
Aquimarina sp. AD10	1714849	S	2	0	2	0.00000
Algibacter sp. L3A6	2686366	S	5	2	7	0.00000
Algibacter sp. L1A34	2686365	S	4	1	5	0.00000
Algibacter alginicilyticus	1736674	S	5	1	6	0.00000
Cellulophaga lytica	979	S	6	1	7	0.00000
Cellulophaga baltica	76594	S	5	0	5	0.00000
Cellulophaga sp. L1A9	2686362	S	3	0	3	0.00000
Formosa sp. L2A11	2686363	S	6	1	7	0.00000
Formosa sp. Hel1_31_208	1798225	S	3	0	3	0.00000
Formosa sp. Hel1_33_131	1336794	S	1	0	1	0.00000
Formosa sp. Hel3_A1_48	1336795	S	1	0	1	0.00000
Formosa agariphila	320324	S	3	0	3	0.00000
Nonlabens sp. Hel1_33_55	1336802	S	3	0	3	0.00000
Nonlabens sp. Ci31	2608253	S	2	0	2	0.00000
Nonlabens dokdonensis	328515	S	3	0	3	0.00000
Nonlabens spongiae	331648	S	2	0	2	0.00000
Nonlabens marinus	930802	S	2	0	2	0.00000
Nonlabens sediminis	319236	S	1	0	1	0.00000
Lacinutrix sp. WUR7	2653681	S	6	2	8	0.00001
Lacinutrix sp. Bg11-31	2057808	S	2	0	2	0.00000
Lacinutrix sp. 5H-3-7-4	983544	S	1	0	1	0.00000
Lacinutrix venerupis	1486034	S	1	0	1	0.00000
Aequorivita sp. KX20305	2803865	S	5	0	5	0.00000
Aequorivita sp. H23M31	2494375	S	1	0	1	0.00000
Aequorivita sublithincola	101385	S	5	0	5	0.00000
Croceibacter atlanticus	313588	S	10	1	11	0.00001
Flavivirga eckloniae	1803846	S	10	0	10	0.00001
Dokdonia sp. PRO95	1239415	S	2	0	2	0.00000
Dokdonia sp. 4H-3-7-5	983548	S	1	0	1	0.00000
Dokdonia sp. Dokd-P16	2173169	S	1	0	1	0.00000
Dokdonia donghaensis	326320	S	2	1	3	0.00000
Mariniflexile sp. TRM1-10	2027857	S	8	0	8	0.00001
Psychroflexus sp. ALD_RP9	2777186	S	5	0	5	0.00000
Psychroflexus torquis	57029	S	3	0	3	0.00000
Wenyingzhuangia fucanilytica	1790137	S	6	0	6	0.00000
Antarcticibacterium flavum	2058175	S	6	0	6	0.00000
Tamlana carrageenivorans	2069432	S	3	0	3	0.00000
Tamlana sp. s12	1630406	S	3	0	3	0.00000
Gillisia sp. Hel1_33_143	1336796	S	4	1	5	0.00000
Salegentibacter salegens	143223	S	3	0	3	0.00000
Salegentibacter sp. T436	1729720	S	1	0	1	0.00000
Olleya aquimaris	639310	S	2	0	2	0.00000
Olleya sp. Bg11-27	2058135	S	2	3	5	0.00000
Lutibacter profundi	1622118	S	4	0	4	0.00000
Psychroserpens sp. NJDZ02	2570561	S	4	6	10	0.00001
Altibacter sp. ALE3EI	2562285	S	3	0	3	0.00000
Urechidicola croceus	1850246	S	3	2	5	0.00000
Galbibacter sp. BG1	1170699	S	3	0	3	0.00000
Changchengzhania lutea	2049305	S	3	0	3	0.00000
Leeuwenhoekiella sp. ZYFB001	2719912	S	3	0	3	0.00000
Amniculibacterium sp. G2-70	2767188	S	2	1	3	0.00000
Zunongwangia profunda	398743	S	2	2	4	0.00000
Sediminicola sp. YIK13	1453352	S	2	0	2	0.00000
Gilvibacter sp. SZ-19	754429	S	2	0	2	0.00000
Zobellia galactanivorans	63186	S	2	0	2	0.00000
Oceanihabitans sp. IOP_32	2529032	S	1	0	1	0.00000
Euzebyella marina	1761453	S	1	0	1	0.00000
Arenibacter algicola	616991	S	1	0	1	0.00000
Seonamhaeicola sp. S2-3	1936081	S	1	0	1	0.00000
Chryseobacterium sp. 3008163	2478663	S	12	1	13	0.00001
Chryseobacterium sp. IHB B 17019	1721091	S	10	0	10	0.00001
Chryseobacterium sp. JV274	1932669	S	7	1	8	0.00001
Chryseobacterium sp. T16E-39	2015076	S	6	0	6	0.00000
Chryseobacterium sp. NEB161	2724619	S	6	4	10	0.00001
Chryseobacterium sp. G0186	2487064	S	5	2	7	0.00000
Chryseobacterium sp. POL2	2713414	S	5	1	6	0.00000
Chryseobacterium sp. G0201	2487065	S	4	0	4	0.00000
Chryseobacterium sp. StRB126	878220	S	3	0	3	0.00000
Chryseobacterium sp. NBC 122	2547600	S	3	0	3	0.00000
Chryseobacterium sp. cx-624	2758037	S	3	0	3	0.00000
Chryseobacterium sp. G0162	2487063	S	2	1	3	0.00000
Chryseobacterium sp. 6424	2039166	S	1	0	1	0.00000
Chryseobacterium balustinum	246	S	36	9	45	0.00003
Chryseobacterium indoltheticum	254	S	26	4	30	0.00002
Chryseobacterium indologenes	253	S	9	2	11	0.00001
Chryseobacterium shandongense	1493872	S	9	3	12	0.00001
Chryseobacterium gleum	250	S	7	5	12	0.00001
Chryseobacterium carnipullorum	1124835	S	7	2	9	0.00001
Chryseobacterium camelliae	1265445	S	7	2	9	0.00001
Chryseobacterium glaciei	1685010	S	4	0	4	0.00000
Chryseobacterium arthrosphaerae	651561	S	4	1	5	0.00000
Chryseobacterium gallinarum	1324352	S	4	0	4	0.00000
Chryseobacterium bernardetii	1241978	S	3	2	5	0.00000
Chryseobacterium piperi	558152	S	3	0	3	0.00000
Chryseobacterium nakagawai	1241982	S	2	2	4	0.00000
Chryseobacterium cucumeris	1813611	S	2	0	2	0.00000
Chryseobacterium joostei	112234	S	1	0	1	0.00000
Chryseobacterium manosquense	2754694	S	1	2	3	0.00000
Kaistella jeonii	266749	S	12	0	12	0.00001
Kaistella carnis	1241979	S	6	1	7	0.00000
Kaistella flava (ex Peng et al. 2021)	2038776	S	6	0	6	0.00000
Chryseobacterium haifense	421525	S	4	8	12	0.00001
Kaistella antarctica	266748	S	3	0	3	0.00000
Kaistella daneshvariae	2487074	S	1	0	1	0.00000
Epilithonimonas vandammei	2487072	S	12	11	23	0.00002
Chryseobacterium lactis	1241981	S	2	1	3	0.00000
Chryseobacterium taklimakanense	536441	S	7	2	9	0.00001
Cloacibacterium normanense	237258	S	97	13	110	0.00008
Elizabethkingia meningoseptica	238	S	7	0	7	0.00000
Elizabethkingia bruuniana	1756149	S	6	28	34	0.00002
Elizabethkingia anophelis	1117645	S	3	7	10	0.00001
Elizabethkingia miricola	172045	S	1	1	2	0.00000
Elizabethkingia sp. JS20170427COW	2583851	S	1	0	1	0.00000
Empedobacter falsenii	343874	S	4	3	7	0.00000
Empedobacter brevis	247	S	3	1	4	0.00000
Empedobacter stercoris	1628248	S	2	1	3	0.00000
Riemerella anatipestifer	34085	S	6	0	6	0.00000
Ornithobacterium rhinotracheale	28251	S	4	0	4	0.00000
Apibacter sp. B3706	2656760	S	1	2	3	0.00000
Weeksella virosa	1014	S	1	0	1	0.00000
Bergeyella cardium	1585976	S	1	0	1	0.00000
Blattabacterium cuenoti	1653831	S	23	4	27	0.00002
Blattabacterium clevelandi	164516	S	1	1	2	0.00000
Candidatus Sulcia muelleri	336810	S	9	0	9	0.00001
Candidatus Walczuchella monophlebidarum	1415657	S	1	0	1	0.00000
Croceimicrobium hydrocarbonivorans	2761580	S	5	0	5	0.00000
Owenweeksia hongkongensis	253245	S	4	0	4	0.00000
Fluviicola taffensis	191579	S	9	0	9	0.00001
Ichthyobacterium seriolicida	242600	S	1	0	1	0.00000
Bacteroides uniformis	820	S	116	99	215	0.00015
Bacteroides thetaiotaomicron	818	S	84	10	94	0.00007
Bacteroides ovatus	28116	S	73	62	135	0.00010
Bacteroides sp. A1C1	2528203	S	8	25	33	0.00002
Bacteroides sp. CACC 737	2755405	S	8	21	29	0.00002
Bacteroides sp. M10	2763022	S	6	3	9	0.00001
Bacteroides sp. HF-5287	2650157	S	4	0	4	0.00000
Bacteroides sp. CBA7301	2715212	S	4	0	4	0.00000
Bacteroides sp. HF-5141	2650158	S	3	0	3	0.00000
Bacteroides sp. HF-162	2785531	S	2	7	9	0.00001
Bacteroides caccae	47678	S	52	2	54	0.00004
Bacteroides fragilis	817	S	42	39	81	0.00006
Bacteroides xylanisolvens	371601	S	34	34	68	0.00005
Bacteroides cellulosilyticus	246787	S	26	1	27	0.00002
Bacteroides intestinalis	329854	S	21	1	22	0.00002
Bacteroides eggerthii	28111	S	13	2	15	0.00001
Bacteroides caecimuris	1796613	S	7	2	9	0.00001
Bacteroides coprosuis	151276	S	4	0	4	0.00000
Bacteroides zoogleoformans	28119	S	2	0	2	0.00000
Bacteroides heparinolyticus	28113	S	1	0	1	0.00000
Bacteroides helcogenes	290053	S	1	0	1	0.00000
Phocaeicola vulgatus	821	S	375	143	518	0.00037
Phocaeicola dorei	357276	S	138	61	199	0.00014
Phocaeicola salanitronis	376805	S	5	0	5	0.00000
Phocaeicola coprophilus	387090	S	5	1	6	0.00000
Prevotella copri	165179	S	148	25	173	0.00012
Prevotella sp. WR041	2801997	S	11	0	11	0.00001
Prevotella sp. oral taxon 299	652716	S	2	0	2	0.00000
Prevotella fusca	589436	S	6	1	7	0.00000
Prevotella melaninogenica	28132	S	3	0	3	0.00000
Prevotella denticola	28129	S	2	0	2	0.00000
Prevotella intermedia	28131	S	2	0	2	0.00000
Prevotella oris	28135	S	1	0	1	0.00000
Prevotella dentalis	52227	S	1	0	1	0.00000
Paraprevotella xylaniphila	454155	S	3	0	3	0.00000
Alloprevotella sp. E39	2133944	S	1	0	1	0.00000
Parabacteroides distasonis	823	S	47	66	113	0.00008
Parabacteroides goldsteinii	328812	S	9	0	9	0.00001
Tannerella sp. oral taxon HOT-286	712710	S	3	0	3	0.00000
Tannerella forsythia	28112	S	1	-1	0	0.00000
Alistipes shahii	328814	S	17	1	18	0.00001
Alistipes onderdonkii	328813	S	15	0	15	0.00001
Alistipes communis	2585118	S	8	0	8	0.00001
Alistipes finegoldii	214856	S	7	0	7	0.00000
Alistipes indistinctus	626932	S	3	0	3	0.00000
Alistipes megaguti	2364787	S	1	0	1	0.00000
Alistipes sp. dk3624	2662363	S	1	0	1	0.00000
Odoribacter splanchnicus	28118	S	19	0	19	0.00001
Butyricimonas faecalis	2093856	S	14	3	17	0.00001
Butyricimonas virosa	544645	S	1	0	1	0.00000
Petrimonas mucosa	1642646	S	18	0	18	0.00001
Dysgonomonas sp. HDW5A	2714926	S	3	2	5	0.00000
Dysgonomonas sp. HDW5B	2714927	S	1	0	1	0.00000
Proteiniphilum saccharofermentans	1642647	S	4	0	4	0.00000
Coprobacter sp. 2CBH44	2751153	S	8	1	9	0.00001
Barnesiella viscericola	397865	S	3	0	3	0.00000
Paludibacter propionicigenes	185300	S	8	0	8	0.00001
Duncaniella dubosii	2518971	S	3	0	3	0.00000
Muribaculum intestinale	1796646	S	1	0	1	0.00000
Muribaculum gordoncarteri	2530390	S	1	0	1	0.00000
Sodaliphilus pleomorphus	2606626	S	2	0	2	0.00000
Porphyromonas gingivalis	837	S	3	0	3	0.00000
Salinivirga cyanobacteriivorans	1307839	S	1	0	1	0.00000
Draconibacterium sp. M1	2706887	S	6	0	6	0.00000
Draconibacterium orientale	1168034	S	3	0	3	0.00000
Labilibaculum antarcticum	1717717	S	4	0	4	0.00000
Pedobacter sp. KBS0701	2578106	S	19	8	27	0.00002
Pedobacter sp. G11	2482728	S	17	3	20	0.00001
Pedobacter sp. PACM 27299	1727164	S	9	0	9	0.00001
Pedobacter sp. SW-16	2766984	S	8	3	11	0.00001
Pedobacter sp. CJ43	2605747	S	7	0	7	0.00000
Pedobacter sp. HDW13	2714940	S	5	1	6	0.00000
Pedobacter sp. JBR3-12	2789740	S	5	0	5	0.00000
Pedobacter sp. eg	2201271	S	3	0	3	0.00000
Pedobacter cryoconitis	188932	S	12	0	12	0.00001
Pedobacter suwonensis	332999	S	11	1	12	0.00001
Pedobacter roseus	336820	S	10	1	11	0.00001
Pedobacter ginsengisoli	363852	S	9	0	9	0.00001
Pedobacter steynii	430522	S	6	0	6	0.00000
Pedobacter heparinus	984	S	4	0	4	0.00000
Mucilaginibacter paludis	423351	S	16	0	16	0.00001
Mucilaginibacter ginsenosidivorax	862126	S	16	0	16	0.00001
Mucilaginibacter gotjawali	1550579	S	12	0	12	0.00001
Mucilaginibacter sp. 14171R-50	2703789	S	8	0	8	0.00001
Mucilaginibacter sp. F39-2	2728022	S	4	0	4	0.00000
Mucilaginibacter mallensis	652787	S	11	0	11	0.00001
Mucilaginibacter celer	2305508	S	9	0	9	0.00001
Mucilaginibacter rubeus	2027860	S	8	11	19	0.00001
Mucilaginibacter mali	2740462	S	8	0	8	0.00001
Mucilaginibacter gossypii	551996	S	6	2	8	0.00001
Mucilaginibacter ginkgonis	2682091	S	4	0	4	0.00000
Mucilaginibacter ginsenosidivorans	398053	S	3	0	3	0.00000
Mucilaginibacter xinganensis	1234841	S	1	0	1	0.00000
Sphingobacterium sp. UDSM-2020	2795738	S	42	4	46	0.00003
Sphingobacterium sp. ML3W	1538644	S	5	0	5	0.00000
Sphingobacterium sp. dk4302	2662364	S	3	0	3	0.00000
Sphingobacterium sp. G1-14	2003121	S	2	4	6	0.00000
Sphingobacterium sp. CZ-2	2557994	S	1	0	1	0.00000
Sphingobacterium sp. DR205	2713573	S	1	0	1	0.00000
Sphingobacterium daejeonense	371142	S	11	1	12	0.00001
Sphingobacterium spiritivorum	258	S	9	2	11	0.00001
Sphingobacterium multivorum	28454	S	6	3	9	0.00001
Sphingobacterium siyangense	459529	S	6	5	11	0.00001
Sphingobacterium psychroaquaticum	561061	S	4	0	4	0.00000
Sphingobacterium thalpophilum	259	S	2	0	2	0.00000
Sphingobacterium mizutaii	1010	S	1	0	1	0.00000
Sphingobacterium hotanense	649196	S	1	0	1	0.00000
Sphingobacterium lactis	797291	S	1	0	1	0.00000
Olivibacter sp. SDN3	2764720	S	8	3	11	0.00001
Pseudopedobacter saltans	151895	S	5	1	6	0.00000
Solitalea canadensis	995	S	3	0	3	0.00000
Anseongella ginsenosidimutans	496056	S	2	0	2	0.00000
Spirosoma sp. PL0136	2710596	S	9	0	9	0.00001
Spirosoma sp. KCTC 42546	2520506	S	5	0	5	0.00000
Spirosoma sp. KUDC1026	2745947	S	5	0	5	0.00000
Spirosoma sp. CJU-R4	2728024	S	1	0	1	0.00000
Spirosoma pollinicola	2057025	S	15	0	15	0.00001
Spirosoma endbachense	2666025	S	6	0	6	0.00000
Spirosoma rigui	564064	S	3	0	3	0.00000
Spirosoma aerolatum	1211326	S	2	0	2	0.00000
Spirosoma aureum	2692134	S	2	0	2	0.00000
Spirosoma taeanense	2735870	S	2	0	2	0.00000
Spirosoma radiotolerans	1379870	S	1	0	1	0.00000
Aquirufa nivalisilvae	2516557	S	22	1	23	0.00002
Runella sp. SP2	2268026	S	9	0	9	0.00001
Runella sp. HYN0085	2259595	S	5	0	5	0.00000
Runella slithyformis	106	S	5	0	5	0.00000
Fibrella sp. ES10-3-2-2	1834519	S	11	0	11	0.00001
Fibrella aestuarina	651143	S	4	0	4	0.00000
Dyadobacter fermentans	94254	S	10	0	10	0.00001
Leadbetterella byssophila	316068	S	9	1	10	0.00001
Arcticibacterium luteifluviistationis	1784714	S	9	0	9	0.00001
Cytophaga hutchinsonii	985	S	7	0	7	0.00000
Rhodocytophaga rosea	2704465	S	3	0	3	0.00000
Hymenobacter sp. APR13	1356852	S	17	4	21	0.00001
Hymenobacter sp. PAMC 26554	1484116	S	4	0	4	0.00000
Hymenobacter sp. PAMC 26628	1484118	S	4	0	4	0.00000
Hymenobacter sp. S2-20-2	2761579	S	3	0	3	0.00000
Hymenobacter sp. DG25A	1385663	S	2	0	2	0.00000
Hymenobacter sp. DG25B	1385664	S	2	0	2	0.00000
Hymenobacter sp. BRD128	2675878	S	2	0	2	0.00000
Hymenobacter sp. BRD67	2675877	S	1	0	1	0.00000
Hymenobacter sp. TS19	2735321	S	1	0	1	0.00000
Hymenobacter sedentarius	1411621	S	4	0	4	0.00000
Hymenobacter oligotrophus	2319843	S	4	0	4	0.00000
Hymenobacter radiodurans	2496028	S	4	2	6	0.00000
Hymenobacter swuensis	1446467	S	3	0	3	0.00000
Hymenobacter nivis	1850093	S	3	0	3	0.00000
Hymenobacter jejuensis	2502781	S	3	0	3	0.00000
Hymenobacter qilianensis	1385715	S	1	0	1	0.00000
Hymenobacter busanensis	2607656	S	1	0	1	0.00000
Hymenobacter russus	2724192	S	1	0	1	0.00000
Pontibacter sp. SGAir0037	2571030	S	6	1	7	0.00000
Pontibacter akesuensis	388950	S	5	0	5	0.00000
Pontibacter russatus	2694929	S	1	0	1	0.00000
Pontibacter pudoricolor	2694930	S	1	0	1	0.00000
Adhaeribacter radiodurans	2745197	S	8	1	9	0.00001
Adhaeribacter swui	2086471	S	2	0	2	0.00000
Rufibacter sp. DG15C	1379909	S	1	0	1	0.00000
Algoriphagus machipongonensis	388413	S	5	0	5	0.00000
Algoriphagus sanaruensis	1727163	S	4	0	4	0.00000
Algoriphagus sp. Y33	2772483	S	2	0	2	0.00000
Echinicola sp. LN3S3	2591634	S	3	0	3	0.00000
Echinicola sp. 20G	2781961	S	3	0	3	0.00000
Echinicola vietnamensis	390884	S	1	0	1	0.00000
Echinicola rosea	1807691	S	1	0	1	0.00000
Aquiflexum balticum	280473	S	6	0	6	0.00000
Belliella baltica	232259	S	4	0	4	0.00000
Cyclobacterium marinum	104	S	2	0	2	0.00000
Bernardetia litoralis	999	S	8	0	8	0.00001
Chryseolinea soli	2321403	S	8	0	8	0.00001
Marivirga tractuosa	1006	S	6	1	7	0.00000
Flammeovirga pectinis	2494373	S	1	0	1	0.00000
Flammeovirga sp. MY04	1191459	S	1	0	1	0.00000
Roseivirga pacifica	1267423	S	3	0	3	0.00000
Cardinium endosymbiont of Encarsia pergandiella	249402	S	1	0	1	0.00000
Chitinophaga sp. MD30	2033437	S	5	13	18	0.00001
Chitinophaga sp. XS-30	2604421	S	3	2	5	0.00000
Chitinophaga pinensis	79329	S	8	1	9	0.00001
Chitinophaga caeni	2029983	S	2	0	2	0.00000
Chitinophaga agri	2703787	S	2	1	3	0.00000
Arachidicoccus sp. B3-10	2545455	S	7	0	7	0.00000
Arachidicoccus sp. BS20	1850526	S	4	0	4	0.00000
Arachidicoccus soli	2341117	S	6	1	7	0.00000
Arachidicoccus ginsenosidivorans	496057	S	5	1	6	0.00000
Paraflavitalea soli	2315862	S	7	0	7	0.00000
Filimonas lacunae	477680	S	6	0	6	0.00000
Niastella koreensis	354356	S	5	0	5	0.00000
Lacibacter sp. S13-6-6	2760713	S	5	0	5	0.00000
Panacibacter ginsenosidivorans	1813871	S	5	0	5	0.00000
Pseudobacter ginsenosidimutans	661488	S	4	0	4	0.00000
Niabella soli	446683	S	1	0	1	0.00000
Niabella ginsenosidivorans	1176587	S	1	0	1	0.00000
Flavisolibacter ginsenosidimutans	661481	S	3	0	3	0.00000
Flavihumibacter sp. SB-02	2676868	S	3	0	3	0.00000
Pseudocnuella soli	2502779	S	2	0	2	0.00000
Haliscomenobacter hydrossis	2350	S	9	0	9	0.00001
Saprospira grandis	1008	S	3	0	3	0.00000
Salinibacter ruber	146919	S	2	0	2	0.00000
Chlorobium chlorochromatii	337090	S	7	0	7	0.00000
Chlorobium limicola	1092	S	1	0	1	0.00000
Chlorobium phaeobacteroides	1096	S	1	0	1	0.00000
Pelodictyon phaeoclathratiforme	34090	S	1	0	1	0.00000
Prosthecochloris sp. GSB1	281093	S	1	0	1	0.00000
Prosthecochloris sp. CIB 2401	1868325	S	1	0	1	0.00000
Chlorobaculum limnaeum	274537	S	1	0	1	0.00000
Ignavibacterium album	591197	S	3	0	3	0.00000
Candidatus Cyclonatronum proteinivorum	1457365	S	1	0	1	0.00000
Gemmatimonas phototrophica	1379270	S	20	2	22	0.00002
Gemmatimonas sp. TET16	2732249	S	10	0	10	0.00001
Gemmatimonas aurantiaca	173480	S	1	0	1	0.00000
Gemmatirosa kalamazoonesis	861299	S	4	0	4	0.00000
Candidatus Cloacimonas acidaminovorans	456827	S	34	0	34	0.00002
Fibrobacter succinogenes	833	S	2	0	2	0.00000
Limnoglobus roseus	2598579	S	69	1	70	0.00005
Urbifossiella limnaea	2528023	S	61	2	63	0.00004
Gemmata obscuriglobus	114	S	27	1	28	0.00002
Gemmata massiliana	1210884	S	12	2	14	0.00001
Gemmata sp. SH-PL17	1630693	S	7	1	8	0.00001
Frigoriglobus tundricola	2774151	S	39	2	41	0.00003
Tuwongella immobilis	692036	S	4	0	4	0.00000
Pirellula sp. SH-Sr6A	1632865	S	14	0	14	0.00001
Pirellula staleyi	125	S	6	0	6	0.00000
Anatilimnocola aggregata	2528021	S	14	1	15	0.00001
Stieleria neptunia	2527979	S	8	1	9	0.00001
Stieleria maiorica	2795974	S	4	1	5	0.00000
Roseimaritima ulvae	980254	S	8	0	8	0.00001
Rosistilla oblonga	2527990	S	4	0	4	0.00000
Rosistilla carotiformis	2528017	S	4	0	4	0.00000
Lignipirellula cremea	2528010	S	5	0	5	0.00000
Bremerella volcania	2527984	S	4	0	4	0.00000
Aureliella helgolandensis	2527968	S	3	0	3	0.00000
Rhodopirellula baltica	265606	S	2	0	2	0.00000
Mariniblastus fucicola	980251	S	2	0	2	0.00000
Lacipirellula limnantheis	2528024	S	37	1	38	0.00003
Lacipirellula parvula	2650471	S	11	0	11	0.00001
Aeoliella mucimassa	2527972	S	10	0	10	0.00001
Botrimarina mediterranea	2528022	S	5	0	5	0.00000
Pirellulimonas nuda	2528009	S	3	0	3	0.00000
Bythopirellula goksoyri	1400387	S	1	0	1	0.00000
Thermogutta terrifontis	1331910	S	5	0	5	0.00000
Planctomyces sp. SH-PL62	1636152	S	16	6	22	0.00002
Planctomyces sp. SH-PL14	1632864	S	12	0	12	0.00001
Gimesia maris	122	S	7	1	8	0.00001
Gimesia aquarii	2527964	S	5	0	5	0.00000
Gimesia fumaroli	2527976	S	3	0	3	0.00000
Gimesia panareensis	2527978	S	3	0	3	0.00000
Gimesia algae	2527971	S	1	0	1	0.00000
Gimesia alba	2527973	S	1	0	1	0.00000
Gimesia chilikensis	2605989	S	1	0	1	0.00000
Planctopirus ephydatiae	2528019	S	18	2	20	0.00001
Rubinisphaera brasiliensis	119	S	8	0	8	0.00001
Alienimonas californiensis	2527989	S	8	0	8	0.00001
Caulifigura coniformis	2527983	S	6	0	6	0.00000
Fuerstia marisgermanicae	1891926	S	5	0	5	0.00000
Polystyrenella longa	2528007	S	4	0	4	0.00000
Maioricimonas rarisocia	2528026	S	3	0	3	0.00000
Symmachiella dynata	2527995	S	3	0	3	0.00000
Crateriforma conspicua	2527996	S	1	0	1	0.00000
Calycomorphotria hydatis	2528027	S	1	0	1	0.00000
Tautonia plasticadhaerens	2527974	S	12	0	12	0.00001
Singulisphaera acidiphila	466153	S	11	1	12	0.00001
Aquisphaera giovannonii	406548	S	11	1	12	0.00001
Paludisphaera borealis	1387353	S	4	0	4	0.00000
Isosphaera pallida	128	S	1	0	1	0.00000
Humisphaera borealis	2807512	S	11	0	11	0.00001
Phycisphaera mikurensis	547188	S	9	0	9	0.00001
Poriferisphaera corsica	2528020	S	1	0	1	0.00000
Sedimentisphaera salicampi	1941349	S	2	0	2	0.00000
Lacunisphaera limnophila	1838286	S	43	2	45	0.00003
Opitutus sp. GAS368	1882749	S	24	2	26	0.00002
Opitutus terrae	107709	S	16	0	16	0.00001
Nibricoccus aquaticus	2576891	S	31	0	31	0.00002
Ereboglobus luteus	1796921	S	21	0	21	0.00001
Coraliomargarita akajimensis	395922	S	3	0	3	0.00000
Verrucomicrobium spinosum	2736	S	20	3	23	0.00002
Verrucomicrobium sp. GAS474	1882831	S	13	0	13	0.00001
Luteolibacter luteus	2728835	S	29	0	29	0.00002
Roseimicrobium sp. ORNL1	2711231	S	29	2	31	0.00002
Akkermansia muciniphila	239935	S	16	0	16	0.00001
Akkermansia glycaniphila	1679444	S	1	0	1	0.00000
Methylacidiphilum infernorum	511746	S	2	0	2	0.00000
Candidatus Xiphinematobacter sp. Idaho Grape	1704307	S	1	0	1	0.00000
Methylacidimicrobium sp. AP8	2730359	S	1	0	1	0.00000
Parachlamydia acanthamoebae	83552	S	2	1	3	0.00000
Candidatus Protochlamydia naegleriophila	389348	S	2	1	3	0.00000
Chlamydia suis	83559	S	1	1	2	0.00000
Chlamydia pecorum	85991	S	1	0	1	0.00000
Chlamydia sp. 2742-308	1806891	S	1	0	1	0.00000
Candidatus Vampirococcus archaeovorus	1930593	S	1	0	1	0.00000
Kiritimatiella glycovorans	1307763	S	1	3	4	0.00000
Treponema succinifaciens	167	S	3	0	3	0.00000
Treponema pedis	409322	S	2	1	3	0.00000
Treponema phagedenis	162	S	1	0	1	0.00000
Treponema socranskii	53419	S	1	1	2	0.00000
Treponema brennaborense	81028	S	1	0	1	0.00000
Treponema primitia	88058	S	1	0	1	0.00000
Treponema parvum	138851	S	1	0	1	0.00000
Treponema azotonutricium	150829	S	1	0	1	0.00000
Treponema caldarium	215591	S	1	0	1	0.00000
Treponema sp. RCC2812	2787628	S	1	0	1	0.00000
Spirochaeta thermophila	154	S	3	0	3	0.00000
Spirochaeta africana	46355	S	2	0	2	0.00000
Sphaerochaeta coccoides	273376	S	1	0	1	0.00000
Oceanispirochaeta crateris	2518645	S	1	0	1	0.00000
Borreliella burgdorferi	139	S	3	0	3	0.00000
Borreliella valaisiana	62088	S	2	0	2	0.00000
Borreliella garinii	29519	S	1	0	1	0.00000
Borreliella mayonii	1674146	S	1	0	1	0.00000
Borrelia hermsii	140	S	1	0	1	0.00000
Borrelia crocidurae	29520	S	1	1	2	0.00000
Borrelia miyamotoi	47466	S	1	0	1	0.00000
Borrelia maritima	2761123	S	1	0	1	0.00000
Leptospira tipperaryensis	2564040	S	8	0	8	0.00001
Leptospira interrogans	173	S	3	0	3	0.00000
Leptospira santarosai	28183	S	1	0	1	0.00000
Leptospira weilii	28184	S	1	0	1	0.00000
Turneriella parva	29510	S	5	0	5	0.00000
Brachyspira intermedia	84377	S	3	3	6	0.00000
Brachyspira hyodysenteriae	159	S	1	0	1	0.00000
Brachyspira pilosicoli	52584	S	1	-1	0	0.00000
Brachyspira hampsonii	1287055	S	1	0	1	0.00000
Granulicella sp. 5B5	1617967	S	4	0	4	0.00000
Granulicella sp. WH15	2602070	S	3	0	3	0.00000
Granulicella tundricola	940615	S	3	0	3	0.00000
Acidobacterium capsulatum	33075	S	4	0	4	0.00000
Candidatus Koribacter versatilis	658062	S	4	0	4	0.00000
Terriglobus roseus	392734	S	2	0	2	0.00000
Terriglobus albidus	1592106	S	1	0	1	0.00000
Acidisarcina polymorpha	2211140	S	2	0	2	0.00000
Edaphobacter sp. 4G125	2763071	S	1	0	1	0.00000
Candidatus Solibacter usitatus	332163	S	4	0	4	0.00000
Paludibaculum fermentans	1473598	S	4	0	4	0.00000
Luteitalea pratensis	1855912	S	7	0	7	0.00000
Chloracidobacterium thermophilum	458033	S	5	2	7	0.00000
Fusobacterium ulcerans	861	S	8	1	9	0.00001
Fusobacterium nucleatum	851	S	7	6	13	0.00001
Fusobacterium varium	856	S	3	0	3	0.00000
Fusobacterium necrophorum	859	S	1	0	1	0.00000
Fusobacterium canifelinum	285729	S	1	0	1	0.00000
Fusobacterium hwasookii	1583098	S	1	0	1	0.00000
Fusobacterium pseudoperiodonticum	2663009	S	1	1	2	0.00000
Leptotrichia trevisanii	109328	S	3	0	3	0.00000
Leptotrichia buccalis	40542	S	2	0	2	0.00000
Leptotrichia wadei	157687	S	2	0	2	0.00000
Leptotrichia hofstadii	157688	S	1	0	1	0.00000
Leptotrichia hongkongensis	554406	S	1	0	1	0.00000
Sebaldella termitidis	826	S	4	0	4	0.00000
Streptobacillus moniliformis	34105	S	1	0	1	0.00000
Candidatus Saccharimonas aalborgensis	1332188	S	9	3	12	0.00001
Candidatus Nanosynbacter lyticus	2093824	S	2	1	3	0.00000
Candidatus Chazhemtobacterium aquaticus	2715735	S	3	0	3	0.00000
Candidatus Nitrospira inopinata	1715989	S	4	0	4	0.00000
Nitrospira japonica	1325564	S	3	0	3	0.00000
Nitrospira moscoviensis	42253	S	1	0	1	0.00000
Leptospirillum ferrooxidans	180	S	2	0	2	0.00000
Deferribacter desulfuricans	197162	S	5	0	5	0.00000
Calditerrivibrio nitroreducens	477976	S	4	0	4	0.00000
Thermosipho sp. FR-w03	2814656	S	1	0	1	0.00000
Fervidobacterium pennivorans	93466	S	1	0	1	0.00000
Marinitoga piezophila	149715	S	1	0	1	0.00000
Tepiditoga spiralis	2108365	S	1	0	1	0.00000
Thermodesulfatator indicus	171695	S	3	0	3	0.00000
Caldimicrobium thiodismutans	1653476	S	1	0	1	0.00000
Candidatus Endomicrobium trichonymphae	1408204	S	3	0	3	0.00000
Elusimicrobium minutum	423605	S	1	0	1	0.00000
Acetomicrobium mobile	97477	S	2	0	2	0.00000
Thermanaerovibrio velox	108007	S	1	0	1	0.00000
Jonquetella anthropi	428712	S	1	0	1	0.00000
Hydrogenobacter thermophilus	940	S	1	0	1	0.00000
Sulfurihydrogenibium azorense	309806	S	1	0	1	0.00000
Abyssogena phaseoliformis symbiont	596095	S	1	0	1	0.00000
Caldithrix abyssi	187145	S	1	0	1	0.00000
Methanothrix soehngenii	2223	S	58	0	58	0.00004
Methanosarcina barkeri	2208	S	7	0	7	0.00000
Methanosarcina lacustris	170861	S	6	1	7	0.00000
Methanosarcina mazei	2209	S	2	0	2	0.00000
Methanosarcina siciliae	38027	S	2	1	3	0.00000
Methanosarcina horonobensis	418008	S	2	0	2	0.00000
Methanosarcina acetivorans	2214	S	1	0	1	0.00000
Methanosarcina flavescens	1715806	S	1	0	1	0.00000
Methanosarcina sp. MTP4	1434100	S	1	0	1	0.00000
Methanococcoides burtonii	29291	S	1	0	1	0.00000
Methanoculleus bourgensis	83986	S	13	2	15	0.00001
Methanoregula boonei	358766	S	3	0	3	0.00000
Methanoregula formicica	882104	S	1	0	1	0.00000
Methanocorpusculum labreanum	83984	S	1	0	1	0.00000
Methanospirillum hungatei	2203	S	1	0	1	0.00000
Methanocella arvoryzae	1175445	S	2	0	2	0.00000
Natrialba magadii	13769	S	13	2	15	0.00001
Natronococcus occultus	29288	S	1	0	1	0.00000
Natrinema versiforme	88724	S	1	0	1	0.00000
Halopiger xanaduensis	387343	S	1	0	1	0.00000
Salinarchaeum sp. Harcht-Bsk1	1333523	S	1	0	1	0.00000
Haloplanus rubicundus	1547898	S	2	0	2	0.00000
Haloplanus aerogenes	660522	S	1	0	1	0.00000
Haloquadratum walsbyi	293091	S	2	0	2	0.00000
Halorubrum lacusprofundi	2247	S	1	0	1	0.00000
Halorubrum sp. BOL3-1	2497325	S	1	0	1	0.00000
Halolamina sp. CBA1230	1853690	S	1	0	1	0.00000
Halopenitus persicus	1048396	S	1	0	1	0.00000
Halalkaliarchaeum desulfuricum	2055893	S	2	0	2	0.00000
Natronomonas sp. C90	2747817	S	3	0	3	0.00000
Natronomonas sp. YPL13	1710540	S	1	0	1	0.00000
Halosimplex pelagicum	869886	S	2	0	2	0.00000
Halorhabdus utahensis	146826	S	1	0	1	0.00000
Halobacterium hubeiense	1407499	S	1	0	1	0.00000
Halorussus sp. RC-68	2505977	S	1	0	1	0.00000
Salarchaeum sp. JOR-1	2599399	S	1	0	1	0.00000
Methanobrevibacter ruminantium	83816	S	5	1	6	0.00000
Methanobrevibacter smithii	2173	S	4	0	4	0.00000
Methanobrevibacter sp. AbM4	224719	S	2	0	2	0.00000
Methanobrevibacter sp. YE315	1609968	S	2	0	2	0.00000
Methanobrevibacter millerae	230361	S	3	0	3	0.00000
Methanobrevibacter olleyae	294671	S	1	0	1	0.00000
Methanobacterium paludis	868131	S	3	0	3	0.00000
Methanobacterium subterraneum	59277	S	1	1	2	0.00000
Methanobacterium lacus	877455	S	1	0	1	0.00000
Methanosphaera stadtmanae	2317	S	3	0	3	0.00000
Methanothermobacter sp. CaT2	866790	S	1	0	1	0.00000
Methanothermus fervidus	2180	S	1	0	1	0.00000
Methanococcus maripaludis	39152	S	3	1	4	0.00000
Methanococcus vannielii	2187	S	1	0	1	0.00000
Methanococcus voltae	2188	S	1	0	1	0.00000
Thermococcus sp. AM4	246969	S	2	0	2	0.00000
Thermococcus paralvinellae	582419	S	1	0	1	0.00000
Palaeococcus pacificus	971279	S	2	0	2	0.00000
Archaeoglobus sulfaticallidus	1316941	S	1	0	1	0.00000
Nitrosopumilus piranensis	1582439	S	2	0	2	0.00000
Nitrosopumilus maritimus	338192	S	1	0	1	0.00000
Candidatus Nitrosopumilus koreensis	1510466	S	1	0	1	0.00000
Nitrosopumilus oxyclinae	1959104	S	1	0	1	0.00000
Nitrosarchaeum sp. AC2	2259673	S	3	0	3	0.00000
Candidatus Nitrosotalea okcheonensis	1903276	S	10	0	10	0.00001
Candidatus Nitrosocosmicus hydrocola	1826872	S	4	0	4	0.00000
Candidatus Nitrosocosmicus oleophilus	1353260	S	2	0	2	0.00000
Candidatus Nitrosocosmicus franklandus	1798806	S	1	0	1	0.00000
Candidatus Nitrososphaera gargensis	497727	S	1	0	1	0.00000
Conexivisphaera calida	1874277	S	2	0	2	0.00000
Acidianus ambivalens	2283	S	1	0	1	0.00000
Acidianus manzaensis	282676	S	1	0	1	0.00000
Acidianus hospitalis	563177	S	1	0	1	0.00000
Sulfuracidifex tepidarius	1294262	S	3	0	3	0.00000
Sulfolobus islandicus	43080	S	1	0	1	0.00000
Sulfurisphaera tokodaii	111955	S	1	0	1	0.00000
Candidatus Prometheoarchaeum syntrophicum	2594042	S	2	0	2	0.00000
Cuniculiplasma divulgatum	1673428	S	1	0	1	0.00000
Flavobacterium phage vB_FspS_filifjonk9-1	2686245	S	2	6	8	0.00001
Streptomyces phage Karimac	2283303	S	1	0	1	0.00000
Pseudomonas phage PS-1	1573458	S	1	0	1	0.00000
Flavobacterium phage vB_FspS_mymlan6-1	2686266	S	1	5	6	0.00000
Pseudomonas phage phiPSA1	1500757	S	1	0	1	0.00000
Streptomyces phage Gilson	2488789	S	1	0	1	0.00000
Pseudomonas virus PaMx25	1982241	S	2	4	6	0.00000
Propionibacterium virus PHL009M11	1982273	S	2	0	2	0.00000
Mycobacterium phage Mantra	2283297	S	1	2	3	0.00000
Mycobacterium virus Godines	1982904	S	1	0	1	0.00000
Streptomyces virus Lilbooboo	2734285	S	1	0	1	0.00000
Xanthomonas phage Xoo-sp2	1852622	S	1	0	1	0.00000
Streptomyces virus Mildred21	2560787	S	1	0	1	0.00000
Mycobacterium virus Butters	2169798	S	1	0	1	0.00000
uncultured crAssphage	1211417	S	13	0	13	0.00001
Rhodoferax phage P26218	1636270	S	2	0	2	0.00000
Streptomyces phage Immanuel3	2053813	S	1	1	2	0.00000
Pelagibacter phage HTVC008M	1283076	S	1	0	1	0.00000
Burkholderia phage BcepB1A	279530	S	1	0	1	0.00000
Pseudoalteromonas phage H101	1654919	S	1	0	1	0.00000
Escherichia virus Goslar	2734109	S	2	0	2	0.00000
Synechococcus virus SCBWM1	2734084	S	1	0	1	0.00000
Synechococcus virus SSM1	2734149	S	1	0	1	0.00000
Salinivibrio phage CW02	1161935	S	1	0	1	0.00000
Ranid herpesvirus 2	389214	S	1	0	1	0.00000
Paramecium bursaria Chlorella virus A1	381899	S	20	0	20	0.00001
Ostreococcus lucimarinus virus OlV5	754064	S	1	0	1	0.00000
Orpheovirus IHUMI-LCC2	2023057	S	1	0	1	0.00000
Megavirus chiliensis	1094892	S	2	0	2	0.00000
Moumouvirus	985782	S	1	0	1	0.00000
Cafeteria roenbergensis virus	1513235	S	1	0	1	0.00000
Invertebrate iridescent virus 31	345199	S	2	0	2	0.00000
Scale drop disease virus	1697349	S	1	0	1	0.00000
Melanoplus sanguinipes entomopoxvirus	83191	S	2	0	2	0.00000
Choristoneura biennis entomopoxvirus	10288	S	1	0	1	0.00000
African swine fever virus	10497	S	1	0	1	0.00000
Chimeric virus 14	1608440	S	12	0	12	0.00001
Murine leukemia virus	11786	S	6	6	12	0.00001
Planidovirus 1	2508226	S	1	0	1	0.00000
Agrotis ipsilon multiple nucleopolyhedrovirus	208013	S	2	0	2	0.00000
Orgyia leucostigma nucleopolyhedrovirus	490711	S	1	0	1	0.00000
Cryptophlebia leucotreta granulovirus	35254	S	1	0	1	0.00000
Xestia c-nigrum granulovirus	51677	S	1	0	1	0.00000
Cotesia congregata bracovirus	39640	S	1	0	1	0.00000
Heliothis zea nudivirus	29250	S	1	0	1	0.00000
