name	taxonomy_id	taxonomy_lvl	kraken_assigned_reads	added_reads	new_est_reads	fraction_total_reads
Homo sapiens	9606	S	1023950	1008	1024958	0.98645
Pseudomonas oryzihabitans	47885	S	701	65	766	0.00074
Pseudomonas putida	303	S	12	4	16	0.00002
Pseudomonas monteilii	76759	S	2	0	2	0.00000
Pseudomonas sp. SGAir0191	2217867	S	2	1	3	0.00000
Pseudomonas fluorescens	294	S	211	100	311	0.00030
Pseudomonas tolaasii	29442	S	11	1	12	0.00001
Pseudomonas veronii	76761	S	9	16	25	0.00002
Pseudomonas synxantha	47883	S	4	1	5	0.00000
Pseudomonas azotoformans	47878	S	2	0	2	0.00000
Pseudomonas trivialis	200450	S	2	0	2	0.00000
Pseudomonas orientalis	76758	S	2	0	2	0.00000
Pseudomonas cedrina	651740	S	1	0	1	0.00000
Pseudomonas protegens	380021	S	1	0	1	0.00000
Pseudomonas poae	200451	S	1	0	1	0.00000
Pseudomonas mediterranea	183795	S	1	0	1	0.00000
Pseudomonas rhodesiae	76760	S	1	0	1	0.00000
Pseudomonas libanensis	75588	S	1	0	1	0.00000
Pseudomonas sp. CMR12a	658629	S	15	9	24	0.00002
Pseudomonas sp. S150	2559074	S	13	12	25	0.00002
Pseudomonas sp. Y39-6	2749807	S	7	21	28	0.00003
Pseudomonas sp. DTU12.3	2073078	S	5	0	5	0.00000
Pseudomonas sp. R76	1573711	S	5	1	6	0.00001
Pseudomonas sp. BIOMIG1BAC	1758730	S	4	2	6	0.00001
Pseudomonas sp. FDAARGOS_380	2018067	S	3	1	4	0.00000
Pseudomonas sp. RU47	2005388	S	3	1	4	0.00000
Pseudomonas sp. B11D7D	2735906	S	3	0	3	0.00000
Pseudomonas sp.	306	S	3	9	12	0.00001
Pseudomonas sp. URMO17WK12:I11	1283291	S	3	1	4	0.00000
Pseudomonas sp. MPC6	2498848	S	3	0	3	0.00000
Pseudomonas sp. S09G 359	2054919	S	2	0	2	0.00000
Pseudomonas sp. IzPS59	2774459	S	2	0	2	0.00000
Pseudomonas sp. DY-1	1755504	S	2	0	2	0.00000
Pseudomonas sp. IB20	1702250	S	2	0	2	0.00000
Pseudomonas sp. LH1G9	2083055	S	2	4	6	0.00001
Pseudomonas sp. Z003-0.4C(8344-21)	1855380	S	2	1	3	0.00000
Pseudomonas sp. SCB32	2653853	S	1	0	1	0.00000
Pseudomonas sp. MSPm1	2726956	S	1	0	1	0.00000
Pseudomonas sp. BIGb0427	2724470	S	1	0	1	0.00000
Pseudomonas sp. DG56-2	2320270	S	1	0	1	0.00000
Pseudomonas sp. SNU WT1	2518644	S	1	0	1	0.00000
Pseudomonas sp. ADAK18	2730848	S	1	0	1	0.00000
Pseudomonas sp. R84	1573712	S	1	0	1	0.00000
Pseudomonas sp. S1-A32-2	2731681	S	1	0	1	0.00000
Pseudomonas sp. R5-89-07	658644	S	1	0	1	0.00000
Pseudomonas sp. ABC1	2748080	S	1	0	1	0.00000
Pseudomonas sp. S49	1573720	S	1	0	1	0.00000
Pseudomonas sp. phDV1	253237	S	1	1	2	0.00000
Pseudomonas sp. LG1D9	2083054	S	1	0	1	0.00000
Pseudomonas sp. LAB-08	143813	S	1	0	1	0.00000
Pseudomonas sp. PDNC002	2811422	S	1	0	1	0.00000
Pseudomonas sp. SDM007	2812000	S	1	0	1	0.00000
Pseudomonas psychrotolerans	237610	S	42	3	45	0.00004
Pseudomonas koreensis	198620	S	17	3	20	0.00002
Pseudomonas aeruginosa	287	S	11	28	39	0.00004
Pseudomonas citronellolis	53408	S	2	1	3	0.00000
Pseudomonas alcaligenes	43263	S	1	0	1	0.00000
Pseudomonas resinovorans	53412	S	1	0	1	0.00000
Pseudomonas stutzeri	316	S	9	3	12	0.00001
Pseudomonas luteola	47886	S	1	0	1	0.00000
Pseudomonas balearica	74829	S	1	1	2	0.00000
Pseudomonas chlororaphis	587753	S	9	4	13	0.00001
Pseudomonas syringae	317	S	4	3	7	0.00001
Pseudomonas cichorii	36746	S	2	0	2	0.00000
Pseudomonas coronafaciens	53409	S	1	0	1	0.00000
Pseudomonas palleroniana	191390	S	6	0	6	0.00001
Pseudomonas frederiksbergensis	104087	S	5	0	5	0.00000
Pseudomonas agarici	46677	S	3	0	3	0.00000
Pseudomonas sihuiensis	1274359	S	3	1	4	0.00000
Pseudomonas kribbensis	1628086	S	3	0	3	0.00000
Pseudomonas eucalypticola	2599595	S	3	0	3	0.00000
Pseudomonas saudiphocaensis	1499686	S	2	0	2	0.00000
Pseudomonas arsenicoxydans	702115	S	2	0	2	0.00000
Pseudomonas denitrificans (nom. rej.)	43306	S	2	0	2	0.00000
Pseudomonas reinekei	395598	S	2	0	2	0.00000
Pseudomonas extremaustralis	359110	S	2	0	2	0.00000
Pseudomonas simiae	321846	S	2	0	2	0.00000
Pseudomonas entomophila	312306	S	2	0	2	0.00000
Pseudomonas versuta	1788301	S	1	0	1	0.00000
Pseudomonas viciae	2505979	S	1	0	1	0.00000
Pseudomonas pelagia	553151	S	1	0	1	0.00000
Pseudomonas atacamensis	2565368	S	1	0	1	0.00000
Pseudomonas yamanorum	515393	S	1	0	1	0.00000
Pseudomonas gozinkensis	2774461	S	1	0	1	0.00000
Pseudomonas taetrolens	47884	S	1	0	1	0.00000
Pseudomonas moraviensis	321662	S	1	0	1	0.00000
Pseudomonas lurida	244566	S	1	0	1	0.00000
Pseudomonas asplenii	53407	S	1	0	1	0.00000
Pseudomonas thivervalensis	86265	S	1	0	1	0.00000
Pseudomonas vancouverensis	95300	S	1	0	1	0.00000
Pseudomonas alcaliphila	101564	S	1	0	1	0.00000
Pseudomonas graminis	158627	S	1	0	1	0.00000
Pseudomonas otitidis	319939	S	1	0	1	0.00000
Pseudomonas antarctica	219572	S	1	0	1	0.00000
Oblitimonas alkaliphila	1697053	S	3	0	3	0.00000
Azotobacter salinestris	69964	S	1	0	1	0.00000
Acinetobacter junii	40215	S	27	3	30	0.00003
Acinetobacter sp. MYb10	1827285	S	6	0	6	0.00001
Acinetobacter sp. TTH0-4	1646498	S	4	0	4	0.00000
Acinetobacter sp. WCHAc010034	1879049	S	2	0	2	0.00000
Acinetobacter sp. WCHA45	2004644	S	1	0	1	0.00000
Acinetobacter sp. NCu2D-2	1608473	S	1	0	1	0.00000
Acinetobacter sp. ACNIH2	1758189	S	1	0	1	0.00000
Acinetobacter sp. LoGeW2-3	1808001	S	1	0	1	0.00000
Acinetobacter tandoii	202954	S	12	0	12	0.00001
Acinetobacter johnsonii	40214	S	11	5	16	0.00002
Acinetobacter lactucae	1785128	S	4	0	4	0.00000
Acinetobacter baumannii	470	S	3	8	11	0.00001
Acinetobacter pittii	48296	S	2	1	3	0.00000
Acinetobacter indicus	756892	S	7	1	8	0.00001
Acinetobacter guillouiae	106649	S	5	0	5	0.00000
Acinetobacter bereziniae	106648	S	4	0	4	0.00000
Acinetobacter ursingii	108980	S	3	0	3	0.00000
Acinetobacter towneri	202956	S	2	1	3	0.00000
Acinetobacter schindleri	108981	S	2	0	2	0.00000
Acinetobacter radioresistens	40216	S	2	0	2	0.00000
Acinetobacter lwoffii	28090	S	2	1	3	0.00000
Acinetobacter wuhouensis	1879050	S	1	0	1	0.00000
Acinetobacter larvae	1789224	S	1	0	1	0.00000
Acinetobacter soli	487316	S	1	0	1	0.00000
Acinetobacter defluvii	1871111	S	1	0	1	0.00000
Acinetobacter dispersus	70348	S	1	0	1	0.00000
Acinetobacter wanghuae	2662362	S	1	0	1	0.00000
Moraxella osloensis	34062	S	32	1	33	0.00003
Moraxella catarrhalis	480	S	2	0	2	0.00000
Psychrobacter sp. YP14	2203895	S	4	0	4	0.00000
Psychrobacter sp.	56811	S	3	0	3	0.00000
Psychrobacter sp. PRwf-1	349106	S	2	0	2	0.00000
Psychrobacter sp. 28M-43	2772254	S	1	0	1	0.00000
Psychrobacter sp. P11G3	1699623	S	1	0	1	0.00000
Psychrobacter sp. P11F6	1699621	S	1	0	1	0.00000
Psychrobacter sp. DAB_AL43B	1028416	S	1	0	1	0.00000
Psychrobacter maritimus	256325	S	2	5	7	0.00001
Psychrobacter arcticus	334543	S	2	0	2	0.00000
Aquirhabdus parva	2283318	S	2	0	2	0.00000
Stenotrophomonas maltophilia	40324	S	706	158	864	0.00083
Stenotrophomonas sp. ESTM1D_MKCIP4_1	2072414	S	4	0	4	0.00000
Stenotrophomonas sp. ZAC14D2_NAIMI4_7	2072405	S	2	0	2	0.00000
Stenotrophomonas sp. SAU14A_NAIMI4_5	2072413	S	2	0	2	0.00000
Stenotrophomonas sp. ZAC14D2_NAIMI4_6	2072406	S	1	0	1	0.00000
Stenotrophomonas sp. WZN-1	2005046	S	6	1	7	0.00001
Stenotrophomonas sp. G4	2303750	S	5	2	7	0.00001
Stenotrophomonas sp. LM091	1904944	S	3	0	3	0.00000
Stenotrophomonas sp. NA06056	2742129	S	3	0	3	0.00000
Stenotrophomonas sp. Pemsol	2040586	S	1	0	1	0.00000
Stenotrophomonas sp. ASS1	2282124	S	1	1	2	0.00000
Stenotrophomonas sp. 364	2691571	S	1	0	1	0.00000
Stenotrophomonas sp. 169	2770322	S	1	0	1	0.00000
Stenotrophomonas rhizophila	216778	S	7	0	7	0.00001
Stenotrophomonas acidaminiphila	128780	S	2	0	2	0.00000
Xanthomonas euvesicatoria	456327	S	21	211	232	0.00022
Xanthomonas campestris	339	S	4	0	4	0.00000
Xanthomonas hyacinthi	56455	S	2	0	2	0.00000
Xanthomonas sp. GW	2724121	S	2	0	2	0.00000
Xanthomonas theicola	56464	S	2	0	2	0.00000
Xanthomonas translucens	343	S	2	0	2	0.00000
Xanthomonas cucurbitae	56453	S	1	0	1	0.00000
Xanthomonas hortorum	56454	S	1	0	1	0.00000
Xanthomonas fragariae	48664	S	1	0	1	0.00000
Xanthomonas sacchari	56458	S	1	0	1	0.00000
Xanthomonas vasicola	56459	S	1	0	1	0.00000
Xanthomonas vesicatoria	56460	S	1	0	1	0.00000
Xanthomonas albilineans	29447	S	1	0	1	0.00000
Lysobacter enzymogenes	69	S	14	5	19	0.00002
Lysobacter sp. HDW10	2714936	S	4	0	4	0.00000
Lysobacter oculi	2698682	S	3	0	3	0.00000
Lysobacter solisilvae	2763317	S	2	0	2	0.00000
Lysobacter arenosi	2795387	S	2	0	2	0.00000
Lysobacter antibioticus	84531	S	1	0	1	0.00000
Lysobacter maris	1605891	S	1	0	1	0.00000
Lysobacter alkalisoli	2591633	S	1	0	1	0.00000
Luteimonas yindakuii	2565782	S	4	0	4	0.00000
Luteimonas granuli	1176533	S	1	0	1	0.00000
Luteimonas chenhongjianii	2006110	S	1	0	1	0.00000
Luteimonas sp. MC1825	2761107	S	1	0	1	0.00000
Pseudoxanthomonas mexicana	128785	S	3	0	3	0.00000
Pseudoxanthomonas suwonensis	314722	S	3	0	3	0.00000
Thermomonas sp. SY21	2202149	S	2	0	2	0.00000
Thermomonas sp. XSG	2771436	S	1	0	1	0.00000
Arenimonas daejeonensis	370777	S	2	0	2	0.00000
Dyella thiooxydans	445710	S	3	0	3	0.00000
Dyella sp. M7H15-1	2501295	S	1	0	1	0.00000
Frateuria aurantia	81475	S	1	0	1	0.00000
Ahniella affigens	2021234	S	1	0	1	0.00000
Klebsiella pneumoniae	573	S	221	361	582	0.00056
Klebsiella michiganensis	1134687	S	3	0	3	0.00000
Klebsiella aerogenes	548	S	1	0	1	0.00000
Klebsiella variicola	244366	S	1	0	1	0.00000
Klebsiella grimontii	2058152	S	1	0	1	0.00000
Klebsiella africana	2489010	S	1	0	1	0.00000
Escherichia coli	562	S	22	791	813	0.00078
Enterobacter asburiae	61645	S	6	5	11	0.00001
Enterobacter cloacae	550	S	3	1	4	0.00000
Enterobacter hormaechei	158836	S	2	13	15	0.00001
Enterobacter sp. RHBSTW-00175	2742639	S	1	0	1	0.00000
Citrobacter rodentium	67825	S	4	0	4	0.00000
Citrobacter freundii	546	S	2	3	5	0.00000
Phytobacter ursingii	1972431	S	6	1	7	0.00001
Phytobacter sp. SCO41	1756993	S	1	0	1	0.00000
Salmonella enterica	28901	S	4	9	13	0.00001
Enterobacteriaceae endosymbiont of Plateumaris braccata	2675793	S	2	0	2	0.00000
Enterobacteriaceae endosymbiont of Plateumaris consimilis	2675794	S	1	0	1	0.00000
Candidatus Blochmannia chromaiodes	251542	S	1	1	2	0.00000
Candidatus Hamiltonella defensa	138072	S	1	0	1	0.00000
Candidatus Gullanella endobia	1070130	S	1	0	1	0.00000
Raoultella ornithinolytica	54291	S	1	1	2	0.00000
Kluyvera genomosp. 3	2774055	S	1	0	1	0.00000
Cronobacter malonaticus	413503	S	1	0	1	0.00000
Yersinia aldovae	29483	S	2	6	8	0.00001
Yersinia rohdei	29485	S	1	1	2	0.00000
Serratia liquefaciens	614	S	2	1	3	0.00000
Serratia marcescens	615	S	2	1	3	0.00000
Serratia proteamaculans	28151	S	1	0	1	0.00000
Serratia symbiotica	138074	S	1	0	1	0.00000
Rahnella aquatilis	34038	S	2	0	2	0.00000
Gibbsiella quercinecans	929813	S	1	0	1	0.00000
Buchnera aphidicola	9	S	9	0	9	0.00001
Candidatus Erwinia haradaeae	1922217	S	3	0	3	0.00000
Erwinia gerundensis	1619313	S	1	0	1	0.00000
Candidatus Pantoea carbekii	1235990	S	1	0	1	0.00000
Pantoea sp. SO10	2575375	S	1	0	1	0.00000
Providencia rustigianii	158850	S	1	1	2	0.00000
Xenorhabdus nematophila	628	S	1	1	2	0.00000
Arsenophonus endosymbiont of Aleurodicus dispersus	235559	S	1	0	1	0.00000
Photorhabdus laumondii	2218628	S	1	0	1	0.00000
Pectobacterium carotovorum	554	S	1	2	3	0.00000
Sodalis praecaptivus	1239307	S	2	0	2	0.00000
Halomonas sp. JS92-SW72	2306583	S	3	0	3	0.00000
Halomonas sp. MCCC 1A13718	2733488	S	2	0	2	0.00000
Halomonas sp. HG01	1609967	S	2	0	2	0.00000
Halomonas sp. SF2003	2136172	S	1	0	1	0.00000
Halomonas sp. THAF5a	2587844	S	1	0	1	0.00000
Halomonas sp. MCCC 1A11059	2733484	S	1	3	4	0.00000
Halomonas sp. hl-4	1761789	S	1	0	1	0.00000
Halomonas sp. PGE1	2730360	S	1	0	1	0.00000
Halomonas subglaciescola	29571	S	2	0	2	0.00000
Halomonas chromatireducens	507626	S	2	0	2	0.00000
Halomonas elongata	2746	S	1	0	1	0.00000
Halotalea alkalilenta	376489	S	1	0	1	0.00000
Kushneria phosphatilytica	657387	S	1	0	1	0.00000
Marinomonas posidonica	936476	S	1	0	1	0.00000
Amphritea japonica	452627	S	1	0	1	0.00000
Alcanivorax sp. N3-2A	2014542	S	2	0	2	0.00000
Hahella sp. KA22	1628392	S	1	0	1	0.00000
Spartinivicinus ruber	2683272	S	1	0	1	0.00000
Saccharospirillum mangrovi	2161747	S	1	0	1	0.00000
Kangiella geojedonensis	914150	S	1	0	1	0.00000
Shewanella sp. FJAT-51800	2814294	S	1	0	1	0.00000
Shewanella sp. Pdp11	2059264	S	1	1	2	0.00000
Shewanella sp. Scap07	2589987	S	1	0	1	0.00000
Shewanella sp. YLB-06	2593655	S	1	0	1	0.00000
Shewanella halifaxensis	271098	S	2	0	2	0.00000
Shewanella baltica	62322	S	1	0	1	0.00000
Parashewanella tropica	2547970	S	2	0	2	0.00000
Pseudoalteromonas sp. DL-6	1390185	S	1	0	1	0.00000
Pseudoalteromonas translucida	166935	S	1	0	1	0.00000
Pseudoalteromonas paragorgicola	166934	S	1	0	1	0.00000
Pseudoalteromonas spongiae	298657	S	1	0	1	0.00000
Pseudoalteromonas tunicata	314281	S	1	0	1	0.00000
Pseudoalteromonas ulvae	107327	S	1	0	1	0.00000
Psychrosphaera aestuarii	1266052	S	1	0	1	0.00000
Psychrosphaera sp. MTZ26	2820710	S	1	0	1	0.00000
Marinobacter sp. Arc7-DN-1	2304594	S	1	0	1	0.00000
Agarivorans gilvus	680279	S	1	0	1	0.00000
Catenovulum sediminis	1740262	S	1	0	1	0.00000
Lacimicrobium alkaliphilum	1526571	S	1	0	1	0.00000
Colwellia sp. 20A7	2689569	S	2	0	2	0.00000
Thalassotalea crassostreae	1763536	S	1	0	1	0.00000
Psychromonas ingrahamii	357794	S	1	0	1	0.00000
Vibrio anguillarum	55601	S	6	0	6	0.00001
Vibrio natriegens	691	S	1	0	1	0.00000
Vibrio rotiferianus	190895	S	1	0	1	0.00000
Vibrio gazogenes	687	S	1	0	1	0.00000
Vibrio mediterranei	689	S	1	0	1	0.00000
Vibrio spartinae	1918945	S	1	0	1	0.00000
Vibrio panuliri	1381081	S	1	0	1	0.00000
Aliivibrio fischeri	668	S	2	0	2	0.00000
Candidatus Enterovibrio luxaltus	1927128	S	1	0	1	0.00000
Methylomonas sp. LL1	2785785	S	9	0	9	0.00001
Methylomonas rhizoryzae	2608981	S	1	0	1	0.00000
Methylomicrobium album	39775	S	1	0	1	0.00000
Methylovulum psychrotolerans	1704499	S	1	0	1	0.00000
Methylotuvimicrobium buryatense	95641	S	1	1	2	0.00000
Spiribacter salinus	1335746	S	3	0	3	0.00000
Thioalkalivibrio nitratireducens	186931	S	1	0	1	0.00000
Thioalkalivibrio sulfidiphilus	1033854	S	1	0	1	0.00000
Acidihalobacter yilgarnenesis	2819280	S	1	1	2	0.00000
Rheinheimera sp. LHK132	2498451	S	2	0	2	0.00000
Rheinheimera sp. D18	2545632	S	1	0	1	0.00000
Thiocystis violascens	73141	S	1	0	1	0.00000
Allochromatium vinosum	1049	S	1	0	1	0.00000
Thermochromatium tepidum	1050	S	1	0	1	0.00000
Sulfuriflexus mobilis	1811807	S	1	0	1	0.00000
Aeromonas salmonicida	645	S	2	0	2	0.00000
Aeromonas sp. ASNIH1	1636606	S	1	2	3	0.00000
Aeromonas sp. ASNIH4	1636609	S	1	0	1	0.00000
Aeromonas veronii	654	S	2	0	2	0.00000
Aeromonas allosaccharophila	656	S	1	0	1	0.00000
Aeromonas encheleia	73010	S	1	0	1	0.00000
Aeromonas hydrophila	644	S	1	0	1	0.00000
Haemophilus parainfluenzae	729	S	3	0	3	0.00000
Haemophilus parahaemolyticus	735	S	2	0	2	0.00000
[Haemophilus] ducreyi	730	S	1	0	1	0.00000
Actinobacillus delphinicola	51161	S	1	0	1	0.00000
Actinobacillus porcitonsillarum	189834	S	1	0	1	0.00000
Otariodibacter oris	1032623	S	2	0	2	0.00000
Pasteurella multocida	747	S	1	0	1	0.00000
Mannheimia sp. USDA-ARS-USMARC-1261	1432056	S	1	0	1	0.00000
Microbulbifer thermotolerans	252514	S	3	0	3	0.00000
Microbulbifer sp. GL-2	2591606	S	1	0	1	0.00000
Cellvibrio sp. KY-GH-1	2303332	S	2	0	2	0.00000
Cellvibrio japonicus	155077	S	1	0	1	0.00000
Halioglobus pacificus	930806	S	2	0	2	0.00000
Thiomicrorhabdus aquaedulcis	2211106	S	2	0	2	0.00000
Thiomicrospira cyclica	147268	S	1	0	1	0.00000
Hydrogenovibrio crunogenus	39765	S	1	0	1	0.00000
Thiosulfativibrio zosterae	2675053	S	1	0	1	0.00000
Francisella philomiragia	28110	S	1	0	1	0.00000
Francisella halioticida	549298	S	1	0	1	0.00000
Francisella sp. FSC1006	1547445	S	1	0	1	0.00000
Legionella longbeachae	450	S	2	0	2	0.00000
Legionella geestiana	45065	S	2	0	2	0.00000
Legionella anisa	28082	S	1	0	1	0.00000
Legionella waltersii	66969	S	1	0	1	0.00000
Candidatus Rickettsiella viridis	676208	S	1	0	1	0.00000
Candidatus Ruthia magnifica	386487	S	1	0	1	0.00000
Candidatus Thioglobus sp. NP1	2508687	S	1	0	1	0.00000
Candidatus Azoamicus ciliaticola	2652803	S	1	0	1	0.00000
Acidiferrobacter sp. SPIII_3	1281578	S	1	0	1	0.00000
Sulfuricaulis limicola	1620215	S	1	0	1	0.00000
Solimonas sp. K1W22B-7	2303331	S	2	0	2	0.00000
Salinisphaera sp. LB1	2183911	S	1	0	1	0.00000
Gilliamella apicola	1196095	S	1	0	1	0.00000
Variovorax sp. PAMC 28711	1795631	S	12	0	12	0.00001
Variovorax sp. 38R	2774875	S	11	6	17	0.00002
Variovorax sp. PBS-H4	434008	S	8	1	9	0.00001
Variovorax sp. HW608	1034889	S	8	0	8	0.00001
Variovorax sp. PAMC26660	2762322	S	7	0	7	0.00001
Variovorax sp. RKNM96	2681552	S	3	0	3	0.00000
Variovorax sp. PDNC026	2811425	S	2	29	31	0.00003
Variovorax sp. WDL1	207745	S	2	0	2	0.00000
Variovorax sp. PAMC28562	2762323	S	2	0	2	0.00000
Variovorax sp. RA8	662548	S	1	0	1	0.00000
Variovorax sp. SRS16	282217	S	1	0	1	0.00000
Variovorax paradoxus	34073	S	49	9	58	0.00006
Variovorax boronicumulans	436515	S	49	23	72	0.00007
Acidovorax sp. KKS102	358220	S	38	7	45	0.00004
Acidovorax sp. JMULE5	2518343	S	16	1	17	0.00002
Acidovorax sp. T1	1858609	S	15	12	27	0.00003
Acidovorax sp. RAC01	1842533	S	8	1	9	0.00001
Acidovorax sp. 1608163	2478662	S	7	0	7	0.00001
Acidovorax sp. JS42	232721	S	4	26	30	0.00003
Acidovorax sp. HDW3	2714923	S	1	0	1	0.00000
Acidovorax carolinensis	553814	S	15	5	20	0.00002
Acidovorax antarcticus	2743470	S	8	1	9	0.00001
Acidovorax monticola	1926868	S	7	0	7	0.00001
Acidovorax avenae	80867	S	3	1	4	0.00000
Acidovorax citrulli	80869	S	3	2	5	0.00000
Acidovorax cattleyae	80868	S	2	0	2	0.00000
Rhodoferax sediminis	2509614	S	19	1	20	0.00002
Rhodoferax sp. AJA081-3	2752316	S	7	0	7	0.00001
Rhodoferax sp. BAB1	2741720	S	3	0	3	0.00000
Rhodoferax sp. PAMC29310	2822760	S	2	0	2	0.00000
Rhodoferax saidenbachensis	1484693	S	9	0	9	0.00001
Rhodoferax ferrireducens	192843	S	5	0	5	0.00000
Rhodoferax koreense	1842727	S	3	0	3	0.00000
Hydrogenophaga sp. RAC07	1842537	S	5	2	7	0.00001
Hydrogenophaga sp. BPS33	2651974	S	5	0	5	0.00000
Hydrogenophaga sp. PBL-H3	434010	S	4	1	5	0.00000
Hydrogenophaga sp. YM1	2806262	S	4	1	5	0.00000
Hydrogenophaga sp. NH-16	2184519	S	3	3	6	0.00001
Hydrogenophaga sp. PBC	795665	S	2	0	2	0.00000
Hydrogenophaga sp. BA0156	2716225	S	2	0	2	0.00000
Hydrogenophaga pseudoflava	47421	S	6	4	10	0.00001
Hydrogenophaga crassostreae	1763535	S	1	0	1	0.00000
Comamonas testosteroni	285	S	11	4	15	0.00001
Comamonas aquatica	225991	S	6	0	6	0.00001
Comamonas kerstersii	225992	S	6	0	6	0.00001
Comamonas koreensis	160825	S	4	0	4	0.00000
Comamonas piscis	1562974	S	4	0	4	0.00000
Comamonas sp. NLF-7-7	2597701	S	3	0	3	0.00000
Comamonas serinivorans	1082851	S	2	0	2	0.00000
Comamonas thiooxydans	363952	S	1	0	1	0.00000
Polaromonas sp. JS666	296591	S	9	3	12	0.00001
Polaromonas sp.	1869339	S	1	5	6	0.00001
Polaromonas naphthalenivorans	216465	S	9	1	10	0.00001
Delftia sp. Cs1-4	742013	S	3	6	9	0.00001
Delftia sp. HK171	1920191	S	1	2	3	0.00000
Delftia acidovorans	80866	S	3	4	7	0.00001
Delftia lacustris	558537	S	2	8	10	0.00001
Limnohabitans sp. 63ED37-2	1678128	S	12	0	12	0.00001
Limnohabitans sp. 103DPR2	1678129	S	11	0	11	0.00001
Diaphorobacter sp. HDW4A	2714924	S	5	1	6	0.00001
Diaphorobacter sp. JS3050	2735554	S	5	32	37	0.00004
Diaphorobacter sp. HDW4B	2714925	S	3	0	3	0.00000
Diaphorobacter sp. JS3051	2792224	S	1	6	7	0.00001
Diaphorobacter aerolatus	1288495	S	8	3	11	0.00001
Ottowia oryzae	2109914	S	10	0	10	0.00001
Ottowia sp. 27C	2816950	S	3	0	3	0.00000
Ottowia sp. oral taxon 894	1658672	S	2	0	2	0.00000
Curvibacter sp. AEP1-3	1844971	S	11	0	11	0.00001
Serpentinomonas raichei	1458425	S	7	0	7	0.00001
Serpentinomonas mccroryi	1458426	S	4	0	4	0.00000
Ramlibacter tataouinensis	94132	S	7	0	7	0.00001
Kinneretia sp. DAIF2	2714952	S	7	0	7	0.00001
Melaminivora sp. SC2-9	2109913	S	5	0	5	0.00000
Simplicispira suum	2109915	S	5	0	5	0.00000
Alicycliphilus denitrificans	179636	S	5	5	10	0.00001
Schlegelella thermodepolymerans	215580	S	4	0	4	0.00000
Pulveribacter suum	2116657	S	3	0	3	0.00000
Candidatus Symbiobacter mobilis	1436290	S	1	0	1	0.00000
Verminephrobacter eiseniae	364317	S	1	0	1	0.00000
Hylemonella gracilis	80880	S	1	0	1	0.00000
Janthinobacterium sp. HH102	1537274	S	25	40	65	0.00006
Janthinobacterium sp. LM6	1938606	S	20	8	28	0.00003
Janthinobacterium sp. 1_2014MBL_MicDiv	1644131	S	12	2	14	0.00001
Janthinobacterium sp. PLB02	2808899	S	10	17	27	0.00003
Janthinobacterium sp. 17J80-10	2497863	S	4	0	4	0.00000
Janthinobacterium sp. Marseille	375286	S	3	0	3	0.00000
Janthinobacterium svalbardensis	368607	S	29	11	40	0.00004
Janthinobacterium tructae	2590869	S	23	9	32	0.00003
Janthinobacterium lividum	29581	S	14	15	29	0.00003
Janthinobacterium agaricidamnosum	55508	S	11	18	29	0.00003
Collimonas fungivorans	158899	S	25	3	28	0.00003
Collimonas arenae	279058	S	14	1	15	0.00001
Collimonas pratensis	279113	S	9	1	10	0.00001
Massilia sp. LPB0304	2769491	S	4	4	8	0.00001
Massilia sp. WG5	1707785	S	3	1	4	0.00000
Massilia sp. NR 4-1	1678028	S	1	0	1	0.00000
Massilia sp. CCM 8941	2765360	S	1	0	1	0.00000
Massilia putida	1141883	S	5	0	5	0.00000
Massilia plicata	321984	S	3	0	3	0.00000
Massilia lutea	321985	S	2	0	2	0.00000
Massilia umbonata	864828	S	2	0	2	0.00000
Massilia violaceinigra	2045208	S	2	0	2	0.00000
Massilia albidiflava	321983	S	1	0	1	0.00000
Undibacterium sp. YM2	2058625	S	6	0	6	0.00001
Undibacterium sp. KW1	2058624	S	5	0	5	0.00000
Undibacterium parvum	401471	S	7	0	7	0.00001
Duganella sp. AF9R3	2728021	S	15	1	16	0.00002
Duganella sp. GN2-R2	2728020	S	2	0	2	0.00000
Herbaspirillum robiniae	2014887	S	4	0	4	0.00000
Herbaspirillum seropedicae	964	S	3	0	3	0.00000
Herbaspirillum rubrisubalbicans	80842	S	2	0	2	0.00000
Herbaspirillum sp. meg3	2025949	S	2	0	2	0.00000
Herbaspirillum hiltneri	341045	S	1	0	1	0.00000
Noviherbaspirillum sp. UKPF54	2601898	S	2	0	2	0.00000
Herminiimonas arsenitoxidans	1809410	S	1	0	1	0.00000
Glaciimonas sp. PAMC28666	2807626	S	1	0	1	0.00000
Burkholderia cepacia	292	S	6	2	8	0.00001
Burkholderia contaminans	488447	S	5	1	6	0.00001
Burkholderia territorii	1503055	S	2	0	2	0.00000
Burkholderia cenocepacia	95486	S	2	3	5	0.00000
Burkholderia ubonensis	101571	S	2	2	4	0.00000
Burkholderia ambifaria	152480	S	2	2	4	0.00000
Burkholderia lata	482957	S	2	0	2	0.00000
Burkholderia anthina	179879	S	1	0	1	0.00000
Burkholderia stagnalis	1503054	S	1	0	1	0.00000
Burkholderia metallica	488729	S	1	0	1	0.00000
Burkholderia pyrrocinia	60550	S	1	0	1	0.00000
Burkholderia sp. Bp7605	1740163	S	3	0	3	0.00000
Burkholderia sp. CCGE1003	640512	S	1	0	1	0.00000
Burkholderia sp. NRF60-BP8	1637853	S	1	1	2	0.00000
Burkholderia glumae	337	S	5	1	6	0.00001
Burkholderia pseudomallei	28450	S	1	0	1	0.00000
Burkholderia sp. MSMB1588	1636423	S	1	2	3	0.00000
Burkholderia sp. MSMB0266	1637837	S	1	1	2	0.00000
Burkholderia gladioli	28095	S	2	0	2	0.00000
Cupriavidus taiwanensis	164546	S	6	3	9	0.00001
Cupriavidus oxalaticus	96344	S	5	1	6	0.00001
Cupriavidus basilensis	68895	S	3	0	3	0.00000
Cupriavidus gilardii	82541	S	2	5	7	0.00001
Cupriavidus pauculus	82633	S	2	0	2	0.00000
Cupriavidus necator	106590	S	2	0	2	0.00000
Cupriavidus pinatubonensis	248026	S	2	0	2	0.00000
Cupriavidus campinensis	151783	S	1	0	1	0.00000
Cupriavidus nantongensis	1796606	S	1	1	2	0.00000
Polynucleobacter necessarius	576610	S	8	0	8	0.00001
Polynucleobacter asymbioticus	576611	S	4	0	4	0.00000
Polynucleobacter difficilis	556054	S	2	0	2	0.00000
Polynucleobacter duraquae	1835254	S	2	0	2	0.00000
Polynucleobacter sp. LimPoW16	1743162	S	2	0	2	0.00000
Polynucleobacter wuianus	1743168	S	1	0	1	0.00000
Ralstonia solanacearum	305	S	5	3	8	0.00001
Ralstonia pickettii	329	S	5	1	6	0.00001
Ralstonia insidiosa	190721	S	4	0	4	0.00000
Paraburkholderia sp. 7MH5	2547399	S	2	0	2	0.00000
Paraburkholderia sp. PGU19	2735434	S	2	0	2	0.00000
Paraburkholderia phymatum	148447	S	2	0	2	0.00000
Paraburkholderia terricola	169427	S	2	0	2	0.00000
Paraburkholderia xenovorans	36873	S	1	0	1	0.00000
Paraburkholderia tropica	92647	S	1	0	1	0.00000
Paraburkholderia acidiphila	2571747	S	1	0	1	0.00000
Paraburkholderia aromaticivorans	2026199	S	1	0	1	0.00000
Paraburkholderia phytofirmans	261302	S	1	0	1	0.00000
Paraburkholderia acidophila	265293	S	1	1	2	0.00000
Paraburkholderia ginsengisoli	311231	S	1	0	1	0.00000
Paraburkholderia megapolitana	420953	S	1	0	1	0.00000
Pandoraea apista	93218	S	1	0	1	0.00000
Pandoraea norimbergensis	93219	S	1	0	1	0.00000
Pandoraea pnomenusa	93220	S	1	0	1	0.00000
Pandoraea oxalativorans	573737	S	1	0	1	0.00000
Pandoraea vervacti	656178	S	1	0	1	0.00000
Caballeronia insecticola	758793	S	1	0	1	0.00000
Lautropia mirabilis	47671	S	2	0	2	0.00000
Chitinimonas arctica	2594795	S	2	0	2	0.00000
Ephemeroptericola cinctiostellae	2268024	S	2	0	2	0.00000
Limnobacter sp. SAORIC-580	2732163	S	1	0	1	0.00000
Paucibacter sp. KCTC 42545	1768242	S	26	2	28	0.00003
Rhizobacter sp. AJA081-3	2753607	S	14	1	15	0.00001
Rhizobacter gummiphilus	946333	S	11	1	12	0.00001
Methylibium petroleiphilum	105560	S	3	2	5	0.00000
Mitsuaria sp. 7	1658665	S	6	0	6	0.00001
Aquabacterium olei	1296669	S	5	0	5	0.00000
Thiomonas arsenitoxydans	426114	S	2	2	4	0.00000
Sphaerotilus natans	34103	S	4	0	4	0.00000
Xylophilus rhododendri	2697032	S	4	0	4	0.00000
Roseateles depolymerans	76731	S	4	0	4	0.00000
Rubrivivax gelatinosus	28068	S	3	0	3	0.00000
Leptothrix cholodnii	34029	S	2	0	2	0.00000
Inhella inkyongensis	392593	S	2	0	2	0.00000
Achromobacter spanius	217203	S	6	0	6	0.00001
Achromobacter sp. AONIH1	1758194	S	2	0	2	0.00000
Achromobacter sp. MFA1 R4	1881016	S	1	0	1	0.00000
Achromobacter xylosoxidans	85698	S	2	0	2	0.00000
Achromobacter denitrificans	32002	S	1	0	1	0.00000
Bordetella avium	521	S	2	3	5	0.00000
Bordetella sp. H567	1697043	S	1	0	1	0.00000
Bordetella sp. N	1746199	S	1	0	1	0.00000
Bordetella parapertussis	519	S	1	2	3	0.00000
Bordetella holmesii	35814	S	1	0	1	0.00000
Bordetella flabilis	463014	S	1	0	1	0.00000
Bordetella genomosp. 6	463024	S	1	0	1	0.00000
Bordetella bronchialis	463025	S	1	0	1	0.00000
Bordetella pseudohinzii	1331258	S	1	0	1	0.00000
Alcaligenes faecalis	511	S	4	0	4	0.00000
Oligella ureolytica	90244	S	1	0	1	0.00000
Oligella urethralis	90245	S	1	0	1	0.00000
Castellaniella defragrans	75697	S	1	0	1	0.00000
Sutterella faecalis	2584944	S	1	0	1	0.00000
Candidatus Methylopumilus turicensis	1581680	S	7	0	7	0.00001
Candidatus Methylopumilus planktonicus	1581557	S	1	1	2	0.00000
Methylotenera versatilis	1055487	S	5	0	5	0.00000
Methylotenera mobilis	359408	S	2	0	2	0.00000
Methylophilus sp. TWE2	1662285	S	2	1	3	0.00000
Nitrosomonas sp. Is79A3	261292	S	7	0	7	0.00001
Nitrosomonas sp. AL212	153948	S	3	0	3	0.00000
Nitrosospira briensis	35799	S	2	0	2	0.00000
Nitrosospira lacus	1288494	S	1	0	1	0.00000
Denitratisoma sp. DHT3	1981880	S	4	1	5	0.00000
Denitratisoma oestradiolicum	311182	S	1	0	1	0.00000
Sulfuritalea hydrogenivorans	748811	S	3	0	3	0.00000
Methyloversatilis sp. RAC08	1842540	S	1	0	1	0.00000
Thiobacillus denitrificans	36861	S	1	0	1	0.00000
Sulfuritortus calidifontis	1914471	S	1	0	1	0.00000
Usitatibacter rugosus	2732067	S	2	0	2	0.00000
Ferriphaselus amnicola	1188319	S	1	0	1	0.00000
Sulfurimicrobium lacus	2715678	S	1	0	1	0.00000
Azoarcus sp. DN11	356837	S	3	0	3	0.00000
Azoarcus sp. CIB	198107	S	2	0	2	0.00000
Azoarcus sp. M9-3-2	2016596	S	1	0	1	0.00000
Azoarcus sp. DD4	2027405	S	1	0	1	0.00000
Azoarcus communis	41977	S	2	0	2	0.00000
Thauera aromatica	59405	S	3	0	3	0.00000
Thauera sp. MZ1T	85643	S	1	0	1	0.00000
Thauera sp. K11	2005884	S	1	0	1	0.00000
Thauera humireducens	1134435	S	1	0	1	0.00000
Thauera hydrothermalis	2184083	S	1	0	1	0.00000
Azospira oryzae	146939	S	3	0	3	0.00000
Aromatoleum bremense	76115	S	1	0	1	0.00000
Niveibacterium sp. HC41	2811415	S	1	0	1	0.00000
Rugosibacter aromaticivorans	1565605	S	1	0	1	0.00000
Fluviibacter phosphoraccumulans	1751046	S	4	0	4	0.00000
Dechloromonas sp. TW-R-39-2	2654218	S	2	0	2	0.00000
Neisseria mucosa	488	S	2	0	2	0.00000
Neisseria sicca	490	S	2	0	2	0.00000
Neisseria zalophi	640030	S	1	0	1	0.00000
Neisseria wadsworthii	607711	S	1	0	1	0.00000
Vitreoscilla filiformis	63	S	1	0	1	0.00000
Vitreoscilla sp. C1	96942	S	1	0	1	0.00000
Kingella denitrificans	502	S	1	0	1	0.00000
Chromobacterium haemolyticum	394935	S	2	0	2	0.00000
Chromobacterium paludis	2605945	S	2	0	2	0.00000
Aquaspirillum sp. LM1	1938604	S	2	0	2	0.00000
Aquitalea denitrificans	519081	S	2	0	2	0.00000
Vogesella sp. LIG4	1192162	S	1	0	1	0.00000
Candidatus Accumulibacter phosphatis	327160	S	1	0	1	0.00000
Bradyrhizobium sp. ORS 285	115808	S	3	1	4	0.00000
Bradyrhizobium sp. BTAi1	288000	S	2	0	2	0.00000
Bradyrhizobium sp. CCBAU 53340	1325112	S	2	2	4	0.00000
Bradyrhizobium sp. CCBAU 051011	858422	S	2	0	2	0.00000
Bradyrhizobium sp. CCBAU 51765	1325102	S	2	1	3	0.00000
Bradyrhizobium sp. PSBB068	2715960	S	1	1	2	0.00000
Bradyrhizobium sp. 1(2017)	1404888	S	1	0	1	0.00000
Bradyrhizobium sp. CCBAU 51753	1325100	S	1	0	1	0.00000
Bradyrhizobium sp. 6(2017)	1197460	S	1	0	1	0.00000
Bradyrhizobium erythrophlei	1437360	S	15	0	15	0.00001
Bradyrhizobium icense	1274631	S	6	0	6	0.00001
Bradyrhizobium paxllaeri	190148	S	6	1	7	0.00001
Bradyrhizobium symbiodeficiens	1404367	S	4	1	5	0.00000
Bradyrhizobium betae	244734	S	3	2	5	0.00000
Bradyrhizobium arachidis	858423	S	3	1	4	0.00000
Bradyrhizobium vignae	1549949	S	3	0	3	0.00000
Bradyrhizobium canariense	255045	S	2	0	2	0.00000
Bradyrhizobium genosp. L	83637	S	2	0	2	0.00000
Bradyrhizobium oligotrophicum	44255	S	2	0	2	0.00000
Bradyrhizobium cosmicum	1404864	S	2	0	2	0.00000
Bradyrhizobium diazoefficiens	1355477	S	2	5	7	0.00001
Bradyrhizobium lablabi	722472	S	1	2	3	0.00000
Bradyrhizobium japonicum	375	S	1	1	2	0.00000
Bradyrhizobium guangdongense	1325090	S	1	1	2	0.00000
Bradyrhizobium amphicarpaeae	1404768	S	1	0	1	0.00000
Bosea sp. ANAM02	2020412	S	5	1	6	0.00001
Bosea sp. RAC05	1842539	S	2	0	2	0.00000
Bosea sp. Tri-49	1867715	S	2	0	2	0.00000
Bosea sp. AS-1	2015316	S	1	0	1	0.00000
Bosea sp. F3-2	2599640	S	1	0	1	0.00000
Bosea vaviloviae	1526658	S	3	0	3	0.00000
Rhodopseudomonas palustris	1076	S	6	1	7	0.00001
Afipia carboxidovorans	40137	S	3	-3	0	0.00000
Afipia sp. GAS231	1882747	S	2	2	4	0.00000
Nitrobacter hamburgensis	912	S	3	0	3	0.00000
Nitrobacter winogradskyi	913	S	1	0	1	0.00000
Tardiphaga robiniae	943830	S	2	0	2	0.00000
Variibacter gotjawalensis	1333996	S	2	0	2	0.00000
Methylobacterium sp. 17Sr1-1	2202826	S	4	0	4	0.00000
Methylobacterium sp. WL1	2603276	S	4	0	4	0.00000
Methylobacterium sp. 4-46	426117	S	2	0	2	0.00000
Methylobacterium sp. XJLW	739141	S	2	10	12	0.00001
Methylobacterium sp. C1	1479019	S	2	3	5	0.00000
Methylobacterium sp. DM1	2067957	S	2	1	3	0.00000
Methylobacterium sp. 17Sr1-43	2202828	S	2	0	2	0.00000
Methylobacterium sp. AMS5	925818	S	1	0	1	0.00000
Methylobacterium brachiatum	269660	S	9	1	10	0.00001
Methylobacterium aquaticum	270351	S	5	0	5	0.00000
Methylobacterium radiotolerans	31998	S	4	4	8	0.00001
Methylobacterium mesophilicum	39956	S	3	0	3	0.00000
Methylobacterium phyllosphaerae	418223	S	3	3	6	0.00001
Methylobacterium indicum	1775910	S	1	0	1	0.00000
Methylobacterium terrae	2202827	S	1	0	1	0.00000
Methylorubrum populi	223967	S	8	1	9	0.00001
Methylorubrum extorquens	408	S	5	2	7	0.00001
Microvirga sp. 17 mud 1-3	2082949	S	1	0	1	0.00000
Microvirga sp. VF16	2807101	S	1	0	1	0.00000
Microvirga ossetica	1882682	S	1	0	1	0.00000
Mesorhizobium sp. J8	2777475	S	3	0	3	0.00000
Mesorhizobium sp. Pch-S	2082387	S	3	0	3	0.00000
Mesorhizobium sp. INR15	2654248	S	2	0	2	0.00000
Mesorhizobium sp. 8	2584466	S	2	0	2	0.00000
Mesorhizobium sp. M2A.F.Ca.ET.046.03.2.1	2493674	S	2	1	3	0.00000
Mesorhizobium sp. M1D.F.Ca.ET.043.01.1.1	2493669	S	2	0	2	0.00000
Mesorhizobium sp. M1B.F.Ca.ET.045.04.1.1	2493673	S	2	0	2	0.00000
Mesorhizobium sp. M1E.F.Ca.ET.045.02.1.1	2493672	S	2	0	2	0.00000
Mesorhizobium sp. M6A.T.Cr.TU.016.01.1.1	2493677	S	1	0	1	0.00000
Mesorhizobium sp. L-8-3	2744522	S	1	0	1	0.00000
Mesorhizobium sp. NBSH29	2654249	S	1	0	1	0.00000
Mesorhizobium sp. M7A.F.Ce.TU.012.03.2.1	2493681	S	1	0	1	0.00000
Mesorhizobium sp. M2A.F.Ca.ET.043.02.1.1	2493670	S	1	0	1	0.00000
Mesorhizobium sp. M9A.F.Ca.ET.002.03.1.2	2493668	S	1	0	1	0.00000
Mesorhizobium amorphae	71433	S	3	0	3	0.00000
Mesorhizobium huakuii	28104	S	2	10	12	0.00001
Mesorhizobium oceanicum	1670800	S	1	0	1	0.00000
Mesorhizobium erdmanii	1777866	S	1	0	1	0.00000
Aminobacter sp. MSH1	374606	S	1	0	1	0.00000
Aminobacter sp. MDW-2	2666139	S	1	3	4	0.00000
Hoeflea sp. IMCC20628	1620421	S	3	0	3	0.00000
Chelativorans sp. BNC1	266779	S	3	0	3	0.00000
Nitratireductor sp. SY7	2599600	S	1	0	1	0.00000
Oricola thermophila	2742145	S	1	0	1	0.00000
Rhizobium sp. Khangiran2	1435607	S	1	1	2	0.00000
Rhizobium pusense	648995	S	2	4	6	0.00001
Rhizobium leguminosarum	384	S	2	0	2	0.00000
Rhizobium tropici	398	S	1	0	1	0.00000
Rhizobium favelukesii	348824	S	1	0	1	0.00000
Rhizobium jaguaris	1312183	S	1	0	1	0.00000
Rhizobium lentis	1138194	S	1	0	1	0.00000
Agrobacterium tumefaciens	358	S	4	1	5	0.00000
Agrobacterium rubi	28099	S	2	0	2	0.00000
Agrobacterium vitis	373	S	1	0	1	0.00000
Neorhizobium galegae	399	S	2	0	2	0.00000
Sinorhizobium fredii	380	S	2	0	2	0.00000
Sinorhizobium meliloti	382	S	1	0	1	0.00000
Sinorhizobium sp. BG8	2613773	S	1	0	1	0.00000
Ensifer mexicanus	375549	S	2	0	2	0.00000
Ensifer sojae	716925	S	1	0	1	0.00000
Ensifer sp. PDNC004	2811423	S	1	0	1	0.00000
Shinella sp. HZN7	879274	S	2	1	3	0.00000
Georhizobium profundi	2341112	S	2	0	2	0.00000
Candidatus Liberibacter solanacearum	556287	S	1	0	1	0.00000
Kaistia sp. 32K	2795690	S	1	0	1	0.00000
Xanthobacter sp. YN2	2528964	S	13	1	14	0.00001
Labrys sp. KNU-23	2789216	S	5	0	5	0.00000
Starkeya novella	921	S	2	0	2	0.00000
Starkeya sp. ORNL1	2709380	S	2	0	2	0.00000
Azorhizobium caulinodans	7	S	1	0	1	0.00000
Pseudolabrys sp. FHR47	2562284	S	1	0	1	0.00000
Devosia sp. S02	2657486	S	1	0	1	0.00000
Devosia sp. MC521	2759954	S	1	0	1	0.00000
Devosia sp. G19	2801335	S	1	0	1	0.00000
Hyphomicrobium nitrativorans	1427356	S	2	0	2	0.00000
Aquabacter sp. L1I39	2820278	S	2	0	2	0.00000
Blastochloris tepida	2233851	S	2	0	2	0.00000
Rhodoplanes sp. Z2-YC6860	674703	S	1	0	1	0.00000
Candidatus Filomicrobium marinum	1608628	S	1	0	1	0.00000
Youhaiella tibetensis	1447062	S	1	2	3	0.00000
Caenibius tardaugens	169176	S	1	1	2	0.00000
Aureimonas sp. OT7	2816454	S	3	2	5	0.00000
Aureimonas sp. AU20	1349819	S	1	0	1	0.00000
Aureimonas populi	1701758	S	2	0	2	0.00000
Pannonibacter phragmitetus	121719	S	4	3	7	0.00001
Stappia indica	538381	S	1	0	1	0.00000
Labrenzia sp. THAF82	2587861	S	1	0	1	0.00000
Methylocystis parvus	134	S	1	0	1	0.00000
Methylocystis bryophila	655015	S	1	0	1	0.00000
Methylocystis sp. SC2	187303	S	1	0	1	0.00000
Methylosinus trichosporium	426	S	1	0	1	0.00000
Candidatus Hodgkinia cicadicola	573658	S	1	0	1	0.00000
Pseudorhodoplanes sinuspersici	1235591	S	1	0	1	0.00000
Brucella intermedia	94625	S	2	0	2	0.00000
Methylocella tundrae	227605	S	1	0	1	0.00000
Breoghania sp. L-A4	2304600	S	1	0	1	0.00000
Candidatus Phaeomarinobacter ectocarpi	1458461	S	1	0	1	0.00000
Sphingomonas sp. CL5.1	2653203	S	6	1	7	0.00001
Sphingomonas sp. DH-S5	2759526	S	6	0	6	0.00001
Sphingomonas sp. AAP5	1523415	S	6	0	6	0.00001
Sphingomonas sp. PAMC26645	2565555	S	5	0	5	0.00000
Sphingomonas sp. C33	2698679	S	4	0	4	0.00000
Sphingomonas sp. HMP6	1517551	S	4	0	4	0.00000
Sphingomonas sp. LMO-1	2681549	S	3	0	3	0.00000
Sphingomonas sp. C8-2	2492837	S	3	1	4	0.00000
Sphingomonas sp. NIC1	1961362	S	3	1	4	0.00000
Sphingomonas sp. AP4-R1	2735134	S	3	0	3	0.00000
Sphingomonas sp. HMP9	1517554	S	2	0	2	0.00000
Sphingomonas sp. Cra20	1327635	S	2	0	2	0.00000
Sphingomonas sp. LK11	1390395	S	1	0	1	0.00000
Sphingomonas sp. HDW15B	2714943	S	1	0	1	0.00000
Sphingomonas sp. MK52	2711156	S	1	0	1	0.00000
Sphingomonas sp. FARSPH	2219696	S	1	0	1	0.00000
Sphingomonas sp. MM-1	745310	S	1	1	2	0.00000
Sphingomonas sp. NBWT7	2596913	S	1	0	1	0.00000
Sphingomonas sp. XS-10	2599297	S	1	0	1	0.00000
Sphingomonas melonis	152682	S	13	23	36	0.00003
Sphingomonas sanxanigenens	397260	S	6	2	8	0.00001
Sphingomonas paucimobilis	13689	S	6	1	7	0.00001
Sphingomonas hengshuiensis	1609977	S	6	0	6	0.00001
Sphingomonas koreensis	93064	S	5	2	7	0.00001
Sphingomonas insulae	424800	S	4	0	4	0.00000
Sphingomonas wittichii	160791	S	3	0	3	0.00000
Sphingomonas panacisoli	1813879	S	3	0	3	0.00000
Sphingomonas panacis	1560345	S	3	0	3	0.00000
Sphingomonas ginsengisoli An et al. 2013	363835	S	2	0	2	0.00000
Sphingomonas taxi	1549858	S	2	0	2	0.00000
Sphingomonas alpina	653931	S	1	0	1	0.00000
Sphingomonas daechungensis	1176646	S	1	0	1	0.00000
Sphingomonas sediminicola	386874	S	1	0	1	0.00000
Sphingobium sp. YG1	2082188	S	18	6	24	0.00002
Sphingobium sp. CAP-1	2676077	S	3	2	5	0.00000
Sphingobium sp. MI1205	407020	S	2	2	4	0.00000
Sphingobium sp. SCG-1	2072936	S	2	0	2	0.00000
Sphingobium sp. TKS	1315974	S	1	1	2	0.00000
Sphingobium sp. EP60837	1855519	S	1	0	1	0.00000
Sphingobium herbicidovorans	76947	S	5	2	7	0.00001
Sphingobium yanoikuyae	13690	S	4	5	9	0.00001
Sphingobium amiense	135719	S	2	3	5	0.00000
Sphingopyxis sp. FD7	1914525	S	9	2	11	0.00001
Sphingopyxis sp. 113P3	292913	S	5	2	7	0.00001
Sphingopyxis sp. OPL5	2486273	S	2	0	2	0.00000
Sphingopyxis sp. EG6	1874061	S	1	0	1	0.00000
Sphingopyxis terrae	33052	S	4	0	4	0.00000
Sphingopyxis fribergensis	1515612	S	4	0	4	0.00000
Sphingopyxis macrogoltabida	33050	S	3	0	3	0.00000
Sphingopyxis alaskensis	117207	S	3	0	3	0.00000
Sphingopyxis lindanitolerans	2054227	S	3	0	3	0.00000
Novosphingobium sp. PP1Y	702113	S	4	1	5	0.00000
Novosphingobium sp. THN1	1016987	S	4	0	4	0.00000
Novosphingobium sp. ABRDHK2	2571749	S	4	1	5	0.00000
Novosphingobium sp. KA1	164608	S	2	7	9	0.00001
Novosphingobium sp. P6W	1609758	S	2	0	2	0.00000
Novosphingobium sp. Gsoil 351	2675225	S	2	0	2	0.00000
Novosphingobium sp. ES2-1	2780074	S	1	0	1	0.00000
Novosphingobium ginsenosidimutans	1176536	S	2	0	2	0.00000
Sphingorhabdus lacus	392610	S	4	0	4	0.00000
Sphingorhabdus sp. JK6	2725558	S	1	0	1	0.00000
Sphingosinithalassobacter sp. zrk23	2711215	S	2	0	2	0.00000
Sphingosinithalassobacter sp. CS137	2762748	S	1	0	1	0.00000
Citromicrobium sp. JL477	1634516	S	2	0	2	0.00000
Blastomonas sp. RAC04	1842535	S	1	1	2	0.00000
Rhizorhabdus dicambivorans	1850238	S	1	1	2	0.00000
Allosphingosinicella indica	941907	S	1	0	1	0.00000
Erythrobacter sp. KY5	2011159	S	3	0	3	0.00000
Erythrobacter sp. A30-3	2785907	S	1	0	1	0.00000
Porphyrobacter sp. LM 6	1896196	S	1	0	1	0.00000
Porphyrobacter sp. CACIAM 03H1	2003315	S	1	0	1	0.00000
Qipengyuania sediminis	1532023	S	5	0	5	0.00000
Qipengyuania seohaensis	266951	S	2	0	2	0.00000
Altererythrobacter sp. B11	2060312	S	2	0	2	0.00000
Altererythrobacter sp. BO-6	2604537	S	1	0	1	0.00000
Altererythrobacter epoxidivorans	361183	S	1	0	1	0.00000
Altererythrobacter ishigakiensis	476157	S	1	0	1	0.00000
Croceicoccus marinus	450378	S	3	1	4	0.00000
Pelagerythrobacter marensis	543877	S	3	0	3	0.00000
Aurantiacibacter atlanticus	1648404	S	1	0	1	0.00000
Sphingosinicella sp. BN140058	1892855	S	2	0	2	0.00000
Sphingosinicella microcystinivorans	335406	S	1	0	1	0.00000
Sandaracinobacter sp. M6	2759707	S	1	0	1	0.00000
Brevundimonas sp. SGAir0440	2579977	S	10	4	14	0.00001
Brevundimonas sp. DS20	1532555	S	8	12	20	0.00002
Brevundimonas sp. 'scallop'	2562582	S	8	10	18	0.00002
Brevundimonas sp. LVF1	2774189	S	8	1	9	0.00001
Brevundimonas sp. AJA228-03	2752515	S	7	0	7	0.00001
Brevundimonas sp. CS1	2813778	S	7	4	11	0.00001
Brevundimonas sp. GW460-12-10-14-LB2	1827469	S	5	5	10	0.00001
Brevundimonas sp. LM2	1938605	S	5	0	5	0.00000
Brevundimonas sp. M20	2591463	S	5	0	5	0.00000
Brevundimonas sp. Bb-A	2560058	S	3	4	7	0.00001
Brevundimonas sp. MF30-B	2561924	S	2	0	2	0.00000
Brevundimonas sp. LVF2	2774190	S	2	0	2	0.00000
Brevundimonas sp. GRTSA-9	2800818	S	2	0	2	0.00000
Brevundimonas subvibrioides	74313	S	5	0	5	0.00000
Brevundimonas naejangsanensis	588932	S	4	0	4	0.00000
Brevundimonas mediterranea	74329	S	3	0	3	0.00000
Brevundimonas diminuta	293	S	1	2	3	0.00000
Brevundimonas vesicularis	41276	S	1	2	3	0.00000
Caulobacter henricii	69395	S	5	0	5	0.00000
Caulobacter vibrioides	155892	S	5	1	6	0.00001
Caulobacter sp. FWC26	69665	S	2	0	2	0.00000
Caulobacter sp. K31	366602	S	1	0	1	0.00000
Caulobacter rhizosphaerae	2010972	S	1	0	1	0.00000
Phenylobacterium zucineum	284016	S	2	0	2	0.00000
Asticcacaulis excentricus	78587	S	2	0	2	0.00000
Terricaulis silvestris	2686094	S	1	0	1	0.00000
Paracoccus sp. Arc7-R13	2500532	S	16	2	18	0.00002
Paracoccus sp. BM15	1529068	S	3	0	3	0.00000
Paracoccus sp. MC1862	2760307	S	2	0	2	0.00000
Paracoccus yeei	147645	S	13	15	28	0.00003
Paracoccus sanguinis	1545044	S	8	1	9	0.00001
Paracoccus contaminans	1945662	S	3	0	3	0.00000
Paracoccus pantotrophus	82367	S	3	0	3	0.00000
Paracoccus liaowanqingii	2560053	S	2	0	2	0.00000
Paracoccus jeotgali	2065379	S	2	0	2	0.00000
Paracoccus aminovorans	34004	S	2	0	2	0.00000
Paracoccus suum	2259340	S	1	0	1	0.00000
Paracoccus denitrificans	266	S	1	0	1	0.00000
Rhodobacter blasticus	1075	S	3	0	3	0.00000
Rhodobacter sp. CZR27	2033869	S	2	0	2	0.00000
Rhodobacter sp. LPB0142	1850250	S	1	0	1	0.00000
Rhodobacter capsulatus	1061	S	1	0	1	0.00000
Sulfitobacter sp. THAF37	2587855	S	2	2	4	0.00000
Sulfitobacter sp. SK011	1389004	S	1	0	1	0.00000
Sulfitobacter sp. SK012	1389005	S	1	0	1	0.00000
Sulfitobacter pseudonitzschiae	1402135	S	1	0	1	0.00000
Cereibacter sphaeroides	1063	S	4	0	4	0.00000
Tabrizicola piscis	2494374	S	4	0	4	0.00000
Pseudopuniceibacterium antarcticum	2613965	S	3	0	3	0.00000
Ruegeria sp. TM1040	292414	S	2	0	2	0.00000
Ruegeria pomeroyi	89184	S	1	0	1	0.00000
Dinoroseobacter shibae	215813	S	3	3	6	0.00001
Thioclava nitratireducens	1915078	S	2	0	2	0.00000
Thioclava electrotropha	1549850	S	1	0	1	0.00000
Maribius sp. THAF1	2587842	S	2	0	2	0.00000
Monaibacterium sp. ALG8	2715211	S	2	0	2	0.00000
Pseudooceanicola algae	1537215	S	2	0	2	0.00000
Celeribacter indicus	1208324	S	1	1	2	0.00000
Celeribacter ethanolicus	1758178	S	1	0	1	0.00000
Haematobacter massiliensis	195105	S	2	1	3	0.00000
Roseovarius indicus	540747	S	1	0	1	0.00000
Roseovarius sp. THAF9	2587847	S	1	0	1	0.00000
Pelagovum pacificum	2588711	S	1	0	1	0.00000
Leisingera methylohalidivorans	133924	S	1	0	1	0.00000
Paraoceanicella profunda	2579971	S	1	0	1	0.00000
Tateyamaria omphalii	299262	S	1	0	1	0.00000
Roseicitreum antarcticum	564137	S	1	0	1	0.00000
Rhodobaca barguzinensis	441209	S	1	0	1	0.00000
Pseudohalocynthiibacter aestuariivivens	1591409	S	1	0	1	0.00000
Brevirhabdus pacifica	1267768	S	1	1	2	0.00000
Azospirillum brasilense	192	S	3	1	4	0.00000
Azospirillum ramasamyi	682998	S	2	0	2	0.00000
Azospirillum thermophilum	2202148	S	2	0	2	0.00000
Azospirillum sp. TSA2s	709810	S	2	0	2	0.00000
Azospirillum oryzae	286727	S	1	0	1	0.00000
Azospirillum humicireducens	1226968	S	1	0	1	0.00000
Magnetospirillum sp. XM-1	1663591	S	3	0	3	0.00000
Magnetospirillum sp. ME-1	1639348	S	1	0	1	0.00000
Skermanella pratensis	2233999	S	3	0	3	0.00000
Nitrospirillum amazonense	28077	S	3	0	3	0.00000
Niveispirillum cyanobacteriorum	1612173	S	2	0	2	0.00000
Rhodospirillum rubrum	1085	S	1	-1	0	0.00000
Thalassospira sp. B30-1	2785911	S	1	0	1	0.00000
Roseomonas sp. FDAARGOS_362	2018065	S	2	14	16	0.00002
Roseomonas sp. 1318	2768161	S	1	1	2	0.00000
Acetobacter aceti	435	S	2	0	2	0.00000
Gluconobacter oxydans	442	S	1	0	1	0.00000
Roseococcus sp. NIBR12	2771361	S	1	0	1	0.00000
Stella humosa	94	S	1	0	1	0.00000
Commensalibacter sp. AMU001	2478912	S	1	0	1	0.00000
Swingsia sp. F3b2	2558361	S	1	0	1	0.00000
Phreatobacter stygius	1940610	S	3	0	3	0.00000
Phreatobacter cathodiphilus	1868589	S	2	0	2	0.00000
Micavibrio aeruginosavorus	349221	S	1	-1	0	0.00000
Orientia tsutsugamushi	784	S	1	0	1	0.00000
Ehrlichia ruminantium	779	S	1	0	1	0.00000
Wolbachia endosymbiont of Ctenocephalides felis wCfeJ	2732594	S	1	0	1	0.00000
Candidatus Deianiraea vastatrix	2163644	S	1	0	1	0.00000
Candidatus Pelagibacter ubique	198252	S	1	0	1	0.00000
Candidatus Pelagibacter giovannonii	2563896	S	1	0	1	0.00000
Candidatus Pelagibacter sp. HIMB1321	1388755	S	1	0	1	0.00000
Kordiimonas pumila	2161677	S	1	0	1	0.00000
Candidatus Cytomitobacter primus	2066024	S	1	0	1	0.00000
Luteithermobacter gelatinilyticus	2582913	S	1	0	1	0.00000
Aliarcobacter cryaerophilus	28198	S	14	1	15	0.00001
Aliarcobacter cibarius	255507	S	4	0	4	0.00000
Aliarcobacter trophiarum	708186	S	3	0	3	0.00000
Aliarcobacter faecis	1564138	S	3	0	3	0.00000
Aliarcobacter lanthieri	1355374	S	2	0	2	0.00000
Arcobacter suis	1278212	S	3	2	5	0.00000
Arcobacter defluvii	873191	S	2	1	3	0.00000
Arcobacter venerupis	1054033	S	2	1	3	0.00000
Arcobacter nitrofigilis	28199	S	1	0	1	0.00000
Malaciobacter molluscorum	1032072	S	2	0	2	0.00000
Malaciobacter mytili	603050	S	1	0	1	0.00000
Pseudoarcobacter acticola	1849015	S	2	0	2	0.00000
Halarcobacter bivalviorum	663364	S	1	0	1	0.00000
Poseidonibacter lekithochrous	1904463	S	1	0	1	0.00000
Campylobacter sp. RM16704	1500960	S	4	0	4	0.00000
Campylobacter sp. RM6137	1660073	S	1	0	1	0.00000
Campylobacter sp. RM12175	1660076	S	1	0	1	0.00000
Campylobacter lanienae	75658	S	3	0	3	0.00000
Campylobacter jejuni	197	S	2	0	2	0.00000
Campylobacter lari	201	S	2	0	2	0.00000
Campylobacter insulaenigrae	260714	S	1	0	1	0.00000
Campylobacter pinnipediorum	1965231	S	1	0	1	0.00000
Campylobacter showae	204	S	1	0	1	0.00000
Campylobacter concisus	199	S	1	0	1	0.00000
Sulfurospirillum sp. JPD-1	220622	S	2	1	3	0.00000
Sulfurospirillum sp. UCH001	1581011	S	2	0	2	0.00000
Sulfurospirillum barnesii	44674	S	1	0	1	0.00000
Helicobacter himalayensis	1591088	S	1	0	1	0.00000
Helicobacter apodemus	135569	S	1	0	1	0.00000
Helicobacter hepaticus	32025	S	1	0	1	0.00000
Helicobacter bilis	37372	S	1	0	1	0.00000
Helicobacter pylori	210	S	1	0	1	0.00000
Helicobacter typhlonius	76936	S	1	0	1	0.00000
Sulfurimonas sp. H1576	2672570	S	2	0	2	0.00000
Nitratifractor salsuginis	269261	S	1	0	1	0.00000
Archangium violaceum	83451	S	5	2	7	0.00001
Archangium gephyra	48	S	1	0	1	0.00000
Cystobacter fuscus	43	S	1	0	1	0.00000
Corallococcus coralloides	184914	S	3	1	4	0.00000
Myxococcus xanthus	34	S	1	0	1	0.00000
Pyxidicoccus sp. SCPEA002	2813578	S	1	0	1	0.00000
Anaeromyxobacter dehalogenans	161493	S	2	1	3	0.00000
Anaeromyxobacter sp. Fw109-5	404589	S	2	0	2	0.00000
Vulgatibacter incomptus	1391653	S	1	0	1	0.00000
Chondromyces crocatus	52	S	1	0	1	0.00000
Sorangium cellulosum	56	S	1	0	1	0.00000
Sandaracinus amylolyticus	927083	S	1	0	1	0.00000
Labilithrix luteola	1391654	S	1	0	1	0.00000
Desulfobacterium autotrophicum	2296	S	4	0	4	0.00000
Desulfococcus multivorans	897	S	1	0	1	0.00000
Desulfosarcina widdelii	947919	S	1	0	1	0.00000
Desulfotalea psychrophila	84980	S	1	0	1	0.00000
Geobacter sp. FeAm09	2597769	S	4	0	4	0.00000
Geobacter bemidjiensis	225194	S	1	0	1	0.00000
Desulfuromonas sp. DDH964	1823759	S	1	0	1	0.00000
Desulfovibrio carbinoliphilus	345370	S	2	0	2	0.00000
Desulfovibrio gigas	879	S	1	0	1	0.00000
Pseudodesulfovibrio sp. zrk46	2725288	S	1	0	1	0.00000
Desulfomicrobium baculatum	899	S	2	0	2	0.00000
Bdellovibrio exovorus	453816	S	5	0	5	0.00000
Halobacteriovorax marinus	97084	S	3	0	3	0.00000
Halobacteriovorax sp. BALOs_7	2109558	S	1	0	1	0.00000
Silvanigrella aquatica	1915309	S	1	0	1	0.00000
Acidithiobacillus caldus	33059	S	1	0	1	0.00000
Cutibacterium acnes	1747	S	2584	107	2691	0.00259
Cutibacterium granulosum	33011	S	21	1	22	0.00002
Cutibacterium avidum	33010	S	17	1	18	0.00002
Propionibacterium sp. oral taxon 193	671223	S	34	4	38	0.00004
Microlunatus sagamiharensis	546874	S	1	0	1	0.00000
Microlunatus soli	630515	S	1	0	1	0.00000
Microlunatus sp. Gsoil 973	2672569	S	1	0	1	0.00000
Tessaracoccus defluvii	1285901	S	1	1	2	0.00000
Propioniciclava sp. HDW11	2714937	S	2	0	2	0.00000
Acidipropionibacterium virtanenii	2057246	S	2	0	2	0.00000
Pseudopropionibacterium propionicum	1750	S	2	0	2	0.00000
Nocardioides sp. S5	2017486	S	6	2	8	0.00001
Nocardioides sp. dk884	2662361	S	3	1	4	0.00000
Nocardioides sp. S-1144	2582905	S	3	0	3	0.00000
Nocardioides sp. zg-1228	2763008	S	2	0	2	0.00000
Nocardioides sp. ZJ1313	2685869	S	2	1	3	0.00000
Nocardioides sp. JQ2195	2592334	S	1	0	1	0.00000
Nocardioides sp. MC1495	2736757	S	1	0	1	0.00000
Nocardioides sp. dk3136	2575373	S	1	0	1	0.00000
Nocardioides sp. JS614	196162	S	1	0	1	0.00000
Nocardioides cynanchi	2558918	S	3	0	3	0.00000
Nocardioides daphniae	402297	S	2	0	2	0.00000
Nocardioides marinisabuli	419476	S	2	1	3	0.00000
Nocardioides humi	449461	S	1	0	1	0.00000
Nocardioides euryhalodurans	2518370	S	1	0	1	0.00000
Nocardioides sambongensis	2589074	S	1	0	1	0.00000
Aeromicrobium marinum	219314	S	2	0	2	0.00000
Micropruina glycogenica	75385	S	2	0	2	0.00000
Mumia sp. ZJ1417	2708082	S	1	0	1	0.00000
Actinopolymorpha singaporensis	117157	S	1	0	1	0.00000
Dermacoccus nishinomiyaensis	1274	S	222	24	246	0.00024
Dermacoccus sp. PAMC28757	2762331	S	2	0	2	0.00000
Luteipulveratus mongoliensis	571913	S	1	0	1	0.00000
Microbacterium sp. PM5	2014534	S	25	3	28	0.00003
Microbacterium sp. WY121	2782168	S	8	1	9	0.00001
Microbacterium sp. LKL04	912630	S	3	0	3	0.00000
Microbacterium sp. Se63.02b	2709304	S	3	2	5	0.00000
Microbacterium sp. BH-3-3-3	1906742	S	2	0	2	0.00000
Microbacterium sp. CBA3102	2603598	S	2	0	2	0.00000
Microbacterium sp. PAMC 28756	1795053	S	1	3	4	0.00000
Microbacterium sp. A18JL200	2782167	S	1	0	1	0.00000
Microbacterium sp. TPU 3598	1938334	S	1	0	1	0.00000
Microbacterium sp. Y-01	2048898	S	1	0	1	0.00000
Microbacterium sp. ABRD_28	2268461	S	1	0	1	0.00000
Microbacterium sp. YJN-G	2763257	S	1	0	1	0.00000
Microbacterium hominis	162426	S	11	2	13	0.00001
Microbacterium foliorum	104336	S	6	1	7	0.00001
Microbacterium lemovicicum	1072463	S	5	0	5	0.00000
Microbacterium aurum	36805	S	4	0	4	0.00000
Microbacterium chocolatum	84292	S	4	0	4	0.00000
Microbacterium protaetiae	2509458	S	3	0	3	0.00000
Microbacterium testaceum	2033	S	1	0	1	0.00000
Microbacterium oleivorans	273677	S	1	0	1	0.00000
Microbacterium pygmaeum	370764	S	1	0	1	0.00000
Microbacterium sediminis	904291	S	1	0	1	0.00000
Microbacterium amylolyticum	936337	S	1	0	1	0.00000
Curtobacterium flaccumfaciens	2035	S	13	0	13	0.00001
Curtobacterium sp. MR_MD2014	1561023	S	1	2	3	0.00000
Curtobacterium sp. SGAir0471	2070337	S	1	2	3	0.00000
Leifsonia sp. 21MFCrub1.1	1798223	S	7	0	7	0.00001
Leifsonia xyli	1575	S	3	0	3	0.00000
Leifsonia shinshuensis	150026	S	2	0	2	0.00000
Rathayibacter sp. VKM Ac-2759	2609252	S	2	0	2	0.00000
Rathayibacter sp. VKM Ac-2804	2609257	S	2	1	3	0.00000
Rathayibacter toxicus	145458	S	2	0	2	0.00000
Herbiconiux sp. SALV-R1	2735133	S	4	0	4	0.00000
Leucobacter triazinivorans	1784719	S	3	0	3	0.00000
Cryobacterium arcticum	670052	S	2	0	2	0.00000
Cryobacterium sp. LW097	1978566	S	1	0	1	0.00000
Glaciihabitans sp. INWT7	2596912	S	3	0	3	0.00000
Mycetocola zhujimingii	2079792	S	2	0	2	0.00000
Microterricola viridarii	412690	S	2	0	2	0.00000
Protaetiibacter intestinalis	2419774	S	1	0	1	0.00000
Cnuibacter physcomitrellae	1619308	S	1	3	4	0.00000
Rhodoluna lacicola	529884	S	1	0	1	0.00000
Frondihabitans sp. PAMC 28766	1795630	S	1	0	1	0.00000
Salinibacterium sp. dk2585	2603292	S	1	0	1	0.00000
Agreia sp. COWG	2773266	S	1	0	1	0.00000
Agrococcus jejuensis	399736	S	1	0	1	0.00000
Agromyces badenianii	2080742	S	1	0	1	0.00000
Kocuria rhizophila	72000	S	45	9	54	0.00005
Kocuria palustris	71999	S	27	2	29	0.00003
Kocuria varians	1272	S	3	0	3	0.00000
Kocuria sp. KD4	2719588	S	2	0	2	0.00000
Kocuria sp. TGY1127_2	2711328	S	1	0	1	0.00000
Kocuria rosea	1275	S	1	0	1	0.00000
Paenarthrobacter sp. YJN-D	2735317	S	20	1	21	0.00002
Paenarthrobacter sp. YJN-5	2735316	S	2	0	2	0.00000
Micrococcus luteus	1270	S	9	11	20	0.00002
Arthrobacter sp. PGP41	2079227	S	3	0	3	0.00000
Arthrobacter sp. NEB 688	904039	S	3	0	3	0.00000
Arthrobacter sp. PAMC25564	2565366	S	2	0	2	0.00000
Arthrobacter sp. ZXY-2	1806905	S	2	4	6	0.00001
Arthrobacter sp. D5-1	1477518	S	1	0	1	0.00000
Arthrobacter sp. PAMC 25486	1494608	S	1	0	1	0.00000
Arthrobacter crystallopoietes	37928	S	1	0	1	0.00000
Arthrobacter dokdonellae	2211210	S	1	0	1	0.00000
Rothia mucilaginosa	43675	S	10	0	10	0.00001
Rothia amarae	169480	S	2	0	2	0.00000
Rothia aeria	172042	S	2	0	2	0.00000
Glutamicibacter mishrai	1775880	S	4	0	4	0.00000
Glutamicibacter arilaitensis	256701	S	2	0	2	0.00000
Nesterenkonia sp. NBAIMH1	2600320	S	3	0	3	0.00000
Pseudarthrobacter sp. NIBRBAC000502772	2590775	S	1	2	3	0.00000
Zhihengliuella sp. ISTPL4	2058657	S	1	0	1	0.00000
Auritidibacter sp. NML130574	2170745	S	1	0	1	0.00000
Janibacter indicus	857417	S	5	2	7	0.00001
Janibacter sp. YB324	2761047	S	3	2	5	0.00000
Janibacter limosus	53458	S	2	0	2	0.00000
Intrasporangium calvum	53358	S	1	0	1	0.00000
Brevibacterium sp. CS2	2575923	S	8	0	8	0.00001
Brevibacterium aurantiacum	273384	S	3	0	3	0.00000
Brevibacterium casei	33889	S	2	0	2	0.00000
Brevibacterium sandarakinum	629680	S	1	0	1	0.00000
Brachybacterium ginsengisoli	1331682	S	4	0	4	0.00000
Brachybacterium sp. P6-10-X1	1903186	S	4	0	4	0.00000
Brachybacterium saurashtrense	556288	S	2	0	2	0.00000
Dermabacter vaginalis	1630135	S	1	0	1	0.00000
Pseudactinotalea sp. HY158	2654547	S	2	0	2	0.00000
Cellulomonas sp. PSBB021	2003551	S	1	0	1	0.00000
Cellulosimicrobium sp. BI34T	2587808	S	2	0	2	0.00000
Xylanimonas allomyrinae	2509459	S	1	0	1	0.00000
Ornithinimicrobium sp. AMA3305	2283195	S	1	1	2	0.00000
Georgenia sp. Z443	2589797	S	1	0	1	0.00000
Sanguibacter keddieii	60920	S	1	0	1	0.00000
Luteimicrobium xylanilyticum	1133546	S	1	0	1	0.00000
Ruania sp. HY168	2603206	S	1	0	1	0.00000
Rhodococcus sp. NJ-530	2490853	S	7	32	39	0.00004
Rhodococcus sp. W8901	2742603	S	4	0	4	0.00000
Rhodococcus sp. PBTS 2	1653479	S	2	1	3	0.00000
Rhodococcus sp. X156	2499145	S	1	0	1	0.00000
Rhodococcus sp. AQ5-07	2054902	S	1	3	4	0.00000
Rhodococcus sp. SGAir0479	2567884	S	1	0	1	0.00000
Rhodococcus sp. 008	1723645	S	1	5	6	0.00001
Rhodococcus qingshengii	334542	S	18	94	112	0.00011
Rhodococcus erythropolis	1833	S	14	51	65	0.00006
Rhodococcus fascians	1828	S	3	0	3	0.00000
Rhodococcus ruber	1830	S	2	0	2	0.00000
Rhodococcus hoagii	43767	S	1	0	1	0.00000
Nocardia brasiliensis	37326	S	3	0	3	0.00000
Nocardia asteroides	1824	S	2	0	2	0.00000
Nocardia cyriacigeorgica	135487	S	2	0	2	0.00000
Nocardia sp. WCH-YHL-001	2755382	S	2	0	2	0.00000
Nocardia seriolae	37332	S	1	0	1	0.00000
Nocardia arthritidis	228602	S	1	0	1	0.00000
Nocardia terpenica	455432	S	1	0	1	0.00000
Corynebacterium kefirresidentii	1979527	S	31	13	44	0.00004
Corynebacterium sp. LMM-1652	2487892	S	7	0	7	0.00001
Corynebacterium sp. Marseille-Q3630	2754725	S	3	0	3	0.00000
Corynebacterium sp. zg-320	2768834	S	2	0	2	0.00000
Corynebacterium sp. 1959	2675216	S	2	0	2	0.00000
Corynebacterium sp. 2019	2675218	S	2	0	2	0.00000
Corynebacterium sp. zg-917	2763010	S	1	0	1	0.00000
Corynebacterium sp. 2039	2675219	S	1	0	1	0.00000
Corynebacterium tuberculostearicum	38304	S	11	3	14	0.00001
Corynebacterium segmentosum	43990	S	9	0	9	0.00001
Corynebacterium striatum	43770	S	7	2	9	0.00001
Corynebacterium testudinoris	136857	S	6	0	6	0.00001
Corynebacterium jeikeium	38289	S	6	7	13	0.00001
Corynebacterium argentoratense	42817	S	4	0	4	0.00000
Corynebacterium genitalium	38288	S	4	0	4	0.00000
Corynebacterium efficiens	152794	S	3	0	3	0.00000
Corynebacterium endometrii	2488819	S	3	0	3	0.00000
Corynebacterium doosanense	1121358	S	3	0	3	0.00000
Corynebacterium imitans	156978	S	2	0	2	0.00000
Corynebacterium casei	160386	S	2	1	3	0.00000
Corynebacterium terpenotabidum	89154	S	2	0	2	0.00000
Corynebacterium urealyticum	43771	S	2	0	2	0.00000
Corynebacterium glucuronolyticum	39791	S	2	0	2	0.00000
Corynebacterium riegelii	156976	S	2	0	2	0.00000
Corynebacterium epidermidicanis	1050174	S	2	0	2	0.00000
Corynebacterium bovis	36808	S	2	0	2	0.00000
Corynebacterium cystitidis	35757	S	2	0	2	0.00000
Corynebacterium deserti	1408191	S	2	0	2	0.00000
Corynebacterium aquilae	203263	S	2	0	2	0.00000
Corynebacterium variabile	1727	S	2	0	2	0.00000
Corynebacterium xerosis	1725	S	2	0	2	0.00000
Corynebacterium callunae	1721	S	2	0	2	0.00000
Corynebacterium resistens	258224	S	2	0	2	0.00000
Corynebacterium frankenforstense	1230998	S	1	0	1	0.00000
Corynebacterium glaucum	187491	S	1	0	1	0.00000
Corynebacterium ureicelerivorans	401472	S	1	0	1	0.00000
Corynebacterium liangguodongii	2079535	S	1	0	1	0.00000
Corynebacterium camporealensis	161896	S	1	0	1	0.00000
Corynebacterium singulare	161899	S	1	0	1	0.00000
Corynebacterium atypicum	191610	S	1	0	1	0.00000
Corynebacterium sphenisci	191493	S	1	0	1	0.00000
Corynebacterium ulcerans	65058	S	1	0	1	0.00000
Corynebacterium stationis	1705	S	1	0	1	0.00000
Corynebacterium matruchotii	43768	S	1	0	1	0.00000
Corynebacterium vitaeruminis	38305	S	1	0	1	0.00000
Corynebacterium suranareeae	2506452	S	1	0	1	0.00000
Corynebacterium minutissimum	38301	S	1	0	1	0.00000
Corynebacterium macginleyi	38290	S	1	0	1	0.00000
Corynebacterium simulans	146827	S	1	0	1	0.00000
Corynebacterium renale	1724	S	1	0	1	0.00000
Corynebacterium glutamicum	1718	S	1	12	13	0.00001
Mycolicibacterium insubricum	444597	S	4	0	4	0.00000
Mycolicibacterium fortuitum	1766	S	4	0	4	0.00000
Mycolicibacterium thermoresistibile	1797	S	3	0	3	0.00000
Mycolicibacterium doricum	126673	S	3	0	3	0.00000
Mycolicibacterium phocaicum	319706	S	2	0	2	0.00000
Mycolicibacterium psychrotolerans	216929	S	2	0	2	0.00000
Mycolicibacterium boenickei	146017	S	1	3	4	0.00000
Mycolicibacterium poriferae	39694	S	1	0	1	0.00000
Mycolicibacterium litorale	758802	S	1	0	1	0.00000
Mycolicibacterium smegmatis	1772	S	1	0	1	0.00000
Mycolicibacterium confluentis	28047	S	1	0	1	0.00000
Mycobacterium sp. DL592	2675524	S	3	0	3	0.00000
Mycobacterium sp. EPa45	1545728	S	1	1	2	0.00000
Mycobacterium sp. DL440	2675523	S	1	0	1	0.00000
Mycobacterium colombiense	339268	S	2	1	3	0.00000
Mycobacterium mantenii	560555	S	1	0	1	0.00000
Mycobacterium lacus	169765	S	2	0	2	0.00000
Mycobacterium gordonae	1778	S	2	0	2	0.00000
Mycobacterium parmense	185642	S	1	1	2	0.00000
Mycobacterium shigaense	722731	S	1	0	1	0.00000
Mycobacterium gallinarum	39689	S	1	0	1	0.00000
Mycobacterium haemophilum	29311	S	1	0	1	0.00000
Mycobacterium xenopi	1789	S	1	0	1	0.00000
Mycobacterium novum	2492438	S	1	2	3	0.00000
Mycobacteroides chelonae	1774	S	1	1	2	0.00000
Mycobacteroides immunogenum	83262	S	1	0	1	0.00000
Mycolicibacter hiberniae	29314	S	1	0	1	0.00000
Gordonia bronchialis	2054	S	18	2	20	0.00002
Gordonia sp. KTR9	337191	S	2	0	2	0.00000
Gordonia sp. JH63	2698900	S	2	1	3	0.00000
Gordonia sp. 135	2676309	S	1	0	1	0.00000
Gordonia sp. PDNC005	2811424	S	1	0	1	0.00000
Gordonia polyisoprenivorans	84595	S	4	0	4	0.00000
Gordonia terrae	2055	S	1	0	1	0.00000
Gordonia rubripertincta	36822	S	1	0	1	0.00000
Gordonia ajococcus	1292359	S	1	1	2	0.00000
Lawsonella clevelandensis	1528099	S	28	1	29	0.00003
Dietzia sp. oral taxon 368	712270	S	2	2	4	0.00000
Dietzia timorensis	499555	S	2	1	3	0.00000
Dietzia psychralcaliphila	139021	S	1	0	1	0.00000
Tomitella sp. HY172	2760083	S	1	0	1	0.00000
Streptomyces sp. TLI_053	1855352	S	2	0	2	0.00000
Streptomyces sp. So13.3	2136173	S	2	0	2	0.00000
Streptomyces sp. NEAU-sy36	2751189	S	2	0	2	0.00000
Streptomyces sp. CB00271	2750025	S	1	0	1	0.00000
Streptomyces sp. QMT-12	2717324	S	1	0	1	0.00000
Streptomyces sp. SAT1	1849967	S	1	0	1	0.00000
Streptomyces sp. 3211	1964449	S	1	1	2	0.00000
Streptomyces sp. SUK 48	2582831	S	1	0	1	0.00000
Streptomyces sp. CB01881	2078691	S	1	0	1	0.00000
Streptomyces sp. SYP-A7193	2662065	S	1	0	1	0.00000
Streptomyces sp. WAC 01438	2203204	S	1	0	1	0.00000
Streptomyces sp. PBH53	1577075	S	1	0	1	0.00000
Streptomyces sp. ADI95-16	1522758	S	1	0	1	0.00000
Streptomyces fagopyri	2662397	S	4	0	4	0.00000
Streptomyces avermitilis	33903	S	3	0	3	0.00000
Streptomyces lividans	1916	S	3	19	22	0.00002
Streptomyces venezuelae	54571	S	2	0	2	0.00000
Streptomyces chartreusis	1969	S	2	0	2	0.00000
Streptomyces collinus	42684	S	2	0	2	0.00000
Streptomyces lydicus	47763	S	2	0	2	0.00000
Streptomyces aquilus	2548456	S	2	0	2	0.00000
Streptomyces clavuligerus	1901	S	2	0	2	0.00000
Streptomyces glomeroaurantiacus	68210	S	2	0	2	0.00000
Streptomyces nojiriensis	66374	S	1	0	1	0.00000
Streptomyces griseorubiginosus	67304	S	1	0	1	0.00000
Streptomyces albulus	68570	S	1	0	1	0.00000
Streptomyces gilvosporeus	553510	S	1	0	1	0.00000
Streptomyces viridifaciens	48665	S	1	0	1	0.00000
Streptomyces viridosporus	67581	S	1	0	1	0.00000
Streptomyces chromofuscus	42881	S	1	0	1	0.00000
Streptomyces pratensis	1169025	S	1	0	1	0.00000
Streptomyces rapamycinicus	1226757	S	1	0	1	0.00000
Streptomyces griseochromogenes	68214	S	1	0	1	0.00000
Streptomyces armeniacus	83291	S	1	0	1	0.00000
Streptomyces actuosus	1885	S	1	0	1	0.00000
Streptomyces ambofaciens	1889	S	1	0	1	0.00000
Streptomyces cadmiisoli	2184053	S	1	0	1	0.00000
Kitasatospora albolonga	68173	S	1	0	1	0.00000
Kitasatospora sp. MMS16-BH015	2018025	S	1	0	1	0.00000
Streptacidiphilus bronchialis	2126346	S	2	0	2	0.00000
Candidatus Planktophila sulfonica	1884904	S	21	2	23	0.00002
Candidatus Planktophila versatilis	1884905	S	7	0	7	0.00001
Candidatus Planktophila lacus	1884913	S	7	0	7	0.00001
Candidatus Planktophila vernalis	1884907	S	2	0	2	0.00000
Candidatus Planktophila dulcis	1884914	S	2	0	2	0.00000
Amycolatopsis mediterranei	33910	S	5	0	5	0.00000
Amycolatopsis albispora	1804986	S	3	1	4	0.00000
Amycolatopsis sp. Hca4	2742131	S	2	0	2	0.00000
Amycolatopsis sp. FDAARGOS 1241	2778070	S	1	0	1	0.00000
Amycolatopsis orientalis	31958	S	1	0	1	0.00000
Pseudonocardia sp. CGMCC 4.1532	2761535	S	2	0	2	0.00000
Pseudonocardia sp. HH130630-07	1690815	S	1	1	2	0.00000
Pseudonocardia dioxanivorans	240495	S	2	0	2	0.00000
Pseudonocardia broussonetiae	2736640	S	1	0	1	0.00000
Saccharothrix espanaensis	103731	S	4	2	6	0.00001
Actinoalloteichus hymeniacidonis	340345	S	1	1	2	0.00000
Saccharopolyspora erythraea	1836	S	1	0	1	0.00000
Lentzea guizhouensis	1586287	S	1	0	1	0.00000
Alloactinosynnema sp. L-07	1653480	S	1	0	1	0.00000
Actinomyces sp. oral taxon 169	712116	S	3	1	4	0.00000
Actinomyces sp. 432	2057798	S	1	0	1	0.00000
Actinomyces sp. zg-332	2708340	S	1	0	1	0.00000
Actinomyces sp. ZJ750	2744574	S	1	0	1	0.00000
Actinomyces naeslundii	1655	S	5	0	5	0.00000
Actinomyces oris	544580	S	5	3	8	0.00001
Actinomyces weissii	675090	S	1	0	1	0.00000
Flaviflexus salsibiostraticola	1282737	S	1	0	1	0.00000
Schaalia odontolytica	1660	S	1	0	1	0.00000
Micromonospora chokoriensis	356851	S	2	1	3	0.00000
Micromonospora rifamycinica	291594	S	1	1	2	0.00000
Micromonospora terminaliae	1914461	S	1	1	2	0.00000
Micromonospora maris	1003110	S	1	0	1	0.00000
Micromonospora echinospora	1877	S	1	0	1	0.00000
Micromonospora echinofusca	47858	S	1	0	1	0.00000
Micromonospora inositola	47865	S	1	1	2	0.00000
Actinoplanes sp. N902-109	649831	S	3	3	6	0.00001
Verrucosispora sp. NA02020	2742132	S	1	0	1	0.00000
Phytohabitans flavus	1076124	S	1	0	1	0.00000
Actinomadura sp. WMMB 499	1219491	S	3	0	3	0.00000
Actinomadura sp. NAK00032	2742128	S	2	0	2	0.00000
Actinomadura sp. WMMA1423	2591108	S	1	0	1	0.00000
Actinomadura verrucosospora	46165	S	2	0	2	0.00000
Nonomuraea sp. ATCC 55076	1909395	S	2	0	2	0.00000
Thermobispora bispora	2006	S	2	0	2	0.00000
Streptosporangium sp. 'caverna'	2202249	S	1	0	1	0.00000
Nocardiopsis gilva	280236	S	2	0	2	0.00000
Thermobifida fusca	2021	S	1	0	1	0.00000
Bifidobacterium breve	1685	S	4	1	5	0.00000
Bifidobacterium longum	216816	S	2	1	3	0.00000
Bifidobacterium adolescentis	1680	S	2	0	2	0.00000
Bifidobacterium catenulatum	1686	S	1	0	1	0.00000
Gardnerella vaginalis	2702	S	3	0	3	0.00000
Blastococcus saxobsidens	138336	S	3	0	3	0.00000
Modestobacter marinus	477641	S	2	0	2	0.00000
Geodermatophilus obscurus	1861	S	1	0	1	0.00000
Jatrophihabitans sp. GAS493	1907575	S	4	0	4	0.00000
Actinopolyspora erythraea	414996	S	1	0	1	0.00000
Kineococcus radiotolerans	131568	S	1	0	1	0.00000
Jiangella alkaliphila	419479	S	1	0	1	0.00000
Catenulispora acidiphila	304895	S	1	0	1	0.00000
Nakamurella panacisegetis	1090615	S	1	0	1	0.00000
Frankia sp. EAN1pec	298653	S	1	0	1	0.00000
Collinsella aerofaciens	74426	S	4	0	4	0.00000
Olsenella umbonata	604330	S	1	0	1	0.00000
Olsenella timonensis	1805478	S	1	0	1	0.00000
Olsenella sp. LZLJ-2	2779519	S	1	0	1	0.00000
Eggerthella lenta	84112	S	3	0	3	0.00000
Eggerthella sp. HF-1101	2690837	S	1	0	1	0.00000
Cryptobacterium curtum	84163	S	1	0	1	0.00000
Adlercreutzia sp. 8CFCBH1	2707299	S	1	0	1	0.00000
Acidimicrobium ferrooxidans	53635	S	4	0	4	0.00000
Actinomarinicola tropica	2789776	S	3	0	3	0.00000
Ilumatobacter coccineus	467094	S	3	0	3	0.00000
Rubrobacter xylanophilus	49319	S	2	0	2	0.00000
Rubrobacter sp. SCSIO 52909	2653851	S	1	0	1	0.00000
Baekduia soli	496014	S	1	0	1	0.00000
Conexibacter sp. SYSU D00693	2812560	S	1	0	1	0.00000
Staphylococcus epidermidis	1282	S	91	12	103	0.00010
Staphylococcus capitis	29388	S	47	3	50	0.00005
Staphylococcus aureus	1280	S	19	41	60	0.00006
Staphylococcus warneri	1292	S	16	4	20	0.00002
Staphylococcus hominis	1290	S	11	0	11	0.00001
Staphylococcus haemolyticus	1283	S	5	0	5	0.00000
Staphylococcus xylosus	1288	S	4	0	4	0.00000
Staphylococcus saprophyticus	29385	S	4	0	4	0.00000
Staphylococcus cohnii	29382	S	4	1	5	0.00000
Staphylococcus nepalensis	214473	S	3	0	3	0.00000
Staphylococcus sp. 11-B-312	2799680	S	2	1	3	0.00000
Staphylococcus auricularis	29379	S	2	0	2	0.00000
Staphylococcus carnosus	1281	S	1	0	1	0.00000
Staphylococcus succinus	61015	S	1	0	1	0.00000
Staphylococcus pasteuri	45972	S	1	0	1	0.00000
Staphylococcus saccharolyticus	33028	S	1	0	1	0.00000
Staphylococcus kloosii	29384	S	1	0	1	0.00000
Mammaliicoccus sciuri	1296	S	1	0	1	0.00000
Bacillus cereus	1396	S	4	3	7	0.00001
Bacillus thuringiensis	1428	S	3	2	5	0.00000
Bacillus sp. SB49	1071080	S	2	0	2	0.00000
Bacillus sp. A260	2660750	S	1	1	2	0.00000
Bacillus sp. PDNC022	2812759	S	1	0	1	0.00000
Bacillus sp. 1NLA3E	666686	S	1	0	1	0.00000
Bacillus sonorensis	119858	S	2	0	2	0.00000
Bacillus subtilis	1423	S	1	5	6	0.00001
Bacillus methanolicus	1471	S	2	0	2	0.00000
Bacillus vietnamensis	218284	S	2	0	2	0.00000
Bacillus cellulosilyticus	1413	S	1	0	1	0.00000
Bacillus beveridgei	632773	S	1	0	1	0.00000
Bacillus horikoshii	79883	S	1	0	1	0.00000
Bacillus glycinifermentans	1664069	S	1	0	1	0.00000
Alkalihalobacillus clausii	79880	S	2	0	2	0.00000
Geobacillus subterraneus	129338	S	1	1	2	0.00000
Lederbergia lentus	1467	S	1	0	1	0.00000
Priestia filamentosa	1402861	S	1	0	1	0.00000
Halobacillus litoralis	45668	S	1	0	1	0.00000
Anoxybacillus caldiproteolyticus	247480	S	1	0	1	0.00000
Psychrobacillus glaciei	2283160	S	1	0	1	0.00000
Salicibibacter sp. NKC5-3	2743000	S	1	0	1	0.00000
Aeribacillus pallidus	33936	S	1	0	1	0.00000
Metabacillus sp. KUDC1714	2745198	S	1	0	1	0.00000
Lysinibacillus sp. YS11	2072025	S	1	0	1	0.00000
Cytobacillus oceanisediminis	665099	S	1	0	1	0.00000
Paenibacillus sp. FSL H7-0737	1536775	S	2	0	2	0.00000
Paenibacillus sp. Cedars	1980674	S	1	0	1	0.00000
Paenibacillus sp. lzh-N1	2069255	S	1	0	1	0.00000
Paenibacillus sp. URB8-2	2741301	S	1	0	1	0.00000
Paenibacillus polymyxa	1406	S	2	0	2	0.00000
Paenibacillus mucilaginosus	61624	S	2	-2	0	0.00000
Paenibacillus uliginis	683737	S	1	0	1	0.00000
Paenibacillus albus	2495582	S	1	0	1	0.00000
Paenibacillus guangzhouensis	1473112	S	1	0	1	0.00000
Brevibacillus sp. FJAT-54423	2796470	S	1	0	1	0.00000
Aneurinibacillus soli	1500254	S	1	0	1	0.00000
Saccharibacillus brassicae	2583377	S	1	0	1	0.00000
Alicyclobacillus acidocaldarius	405212	S	9	0	9	0.00001
Gemella haemolysans	1379	S	3	0	3	0.00000
Gemella morbillorum	29391	S	1	0	1	0.00000
Listeria grayi	1641	S	2	0	2	0.00000
Listeria monocytogenes	1639	S	1	0	1	0.00000
Listeria welshimeri	1643	S	1	0	1	0.00000
Listeria sp. PSOL-1	1844999	S	1	0	1	0.00000
Sporosarcina sp. P37	1930546	S	1	0	1	0.00000
Planomicrobium glaciei	459472	S	1	0	1	0.00000
Solibacillus silvestris	76853	S	1	0	1	0.00000
Paenisporosarcina antarctica	417367	S	1	0	1	0.00000
Thermoactinomyces vulgaris	2026	S	1	0	1	0.00000
Streptococcus mitis	28037	S	18	4	22	0.00002
Streptococcus sanguinis	1305	S	8	0	8	0.00001
Streptococcus thermophilus	1308	S	5	0	5	0.00000
Streptococcus suis	1307	S	3	0	3	0.00000
Streptococcus anginosus	1328	S	3	10	13	0.00001
Streptococcus porcinus	1340	S	3	0	3	0.00000
Streptococcus salivarius	1304	S	2	1	3	0.00000
Streptococcus periodonticum	2490633	S	2	2	4	0.00000
Streptococcus cristatus	45634	S	2	0	2	0.00000
Streptococcus oralis	1303	S	1	0	1	0.00000
Streptococcus sp. HSISM1	1316408	S	1	0	1	0.00000
Streptococcus parauberis	1348	S	1	0	1	0.00000
Lactococcus lactis	1358	S	11	3	14	0.00001
Lactococcus garvieae	1363	S	4	1	5	0.00000
Lactococcus cremoris	1359	S	2	0	2	0.00000
Lactobacillus crispatus	47770	S	8	7	15	0.00001
Lactobacillus jensenii	109790	S	2	0	2	0.00000
Lactobacillus iners	147802	S	2	0	2	0.00000
Lactobacillus acidophilus	1579	S	1	0	1	0.00000
Lactobacillus taiwanensis	508451	S	1	1	2	0.00000
Limosilactobacillus reuteri	1598	S	4	0	4	0.00000
Limosilactobacillus gastricus	227942	S	2	0	2	0.00000
Latilactobacillus curvatus	28038	S	4	0	4	0.00000
Lactiplantibacillus plantarum	1590	S	2	2	4	0.00000
Ligilactobacillus murinus	1622	S	1	0	1	0.00000
Ligilactobacillus salivarius	1624	S	1	0	1	0.00000
Leuconostoc gelidum	1244	S	1	-1	0	0.00000
Weissella koreensis	165096	S	1	0	1	0.00000
Companilactobacillus heilongjiangensis	1074467	S	1	0	1	0.00000
Fructilactobacillus lindneri	53444	S	1	0	1	0.00000
Enterococcus cecorum	44008	S	4	0	4	0.00000
Enterococcus gilvus	160453	S	4	0	4	0.00000
Enterococcus faecalis	1351	S	2	0	2	0.00000
Enterococcus avium	33945	S	2	0	2	0.00000
Enterococcus faecium	1352	S	1	0	1	0.00000
Enterococcus saigonensis	1805431	S	1	0	1	0.00000
Enterococcus wangshanyuanii	2005703	S	1	0	1	0.00000
Melissococcus plutonius	33970	S	2	0	2	0.00000
Vagococcus sp. CF-49	2562451	S	1	0	1	0.00000
Dolosigranulum pigrum	29394	S	10	0	10	0.00001
Carnobacterium maltaromaticum	2751	S	4	0	4	0.00000
Aerococcus viridans	1377	S	2	0	2	0.00000
Blautia sp. SC05B48	2479767	S	13	4	17	0.00002
Blautia obeum	40520	S	8	2	10	0.00001
Blautia hansenii	1322	S	2	0	2	0.00000
Blautia producta	33035	S	1	0	1	0.00000
Blautia argi	1912897	S	1	0	1	0.00000
Coprococcus comes	410072	S	8	2	10	0.00001
Coprococcus catus	116085	S	7	1	8	0.00001
[Ruminococcus] torques	33039	S	8	2	10	0.00001
[Ruminococcus] gnavus	33038	S	7	2	9	0.00001
Anaerobutyricum hallii	39488	S	11	2	13	0.00001
Roseburia intestinalis	166486	S	3	0	3	0.00000
Roseburia hominis	301301	S	3	0	3	0.00000
Lachnoclostridium phytofermentans	66219	S	2	0	2	0.00000
Lachnoclostridium sp. YL32	1834196	S	2	2	4	0.00000
[Clostridium] scindens	29347	S	1	0	1	0.00000
Enterocloster bolteae	208479	S	3	0	3	0.00000
Lacrimispora saccharolytica	84030	S	2	0	2	0.00000
Lacrimispora sphenoides	29370	S	1	0	1	0.00000
Lachnospira eligens	39485	S	1	0	1	0.00000
Clostridium botulinum	1491	S	22	8	30	0.00003
Clostridium perfringens	1502	S	8	0	8	0.00001
Clostridium sp. DL-VIII	641107	S	2	0	2	0.00000
Clostridium sp. CT4	2320868	S	2	0	2	0.00000
Clostridium sp. JN-1	2483110	S	1	0	1	0.00000
Clostridium butyricum	1492	S	3	0	3	0.00000
Clostridium tetani	1513	S	3	0	3	0.00000
Clostridium taeniosporum	394958	S	2	0	2	0.00000
Clostridium estertheticum	238834	S	2	0	2	0.00000
Clostridium gasigenes	94869	S	2	0	2	0.00000
Clostridium novyi	1542	S	2	2	4	0.00000
Clostridium saccharoperbutylacetonicum	36745	S	1	0	1	0.00000
Clostridium acetobutylicum	1488	S	1	0	1	0.00000
Clostridium thermarum	1716543	S	1	0	1	0.00000
Clostridium isatidis	182773	S	1	0	1	0.00000
Clostridium chauvoei	46867	S	1	0	1	0.00000
Clostridium intestinale	36845	S	1	0	1	0.00000
Clostridium cellulovorans	1493	S	1	0	1	0.00000
Clostridium argentinense	29341	S	1	0	1	0.00000
Clostridium cochlearium	1494	S	1	0	1	0.00000
Clostridium ljungdahlii	1538	S	1	1	2	0.00000
Clostridium kluyveri	1534	S	1	0	1	0.00000
Clostridium tyrobutyricum	1519	S	1	0	1	0.00000
Clostridium pasteurianum	1501	S	1	0	1	0.00000
Clostridium baratii	1561	S	1	0	1	0.00000
Sarcina sp. JB2	2726954	S	2	0	2	0.00000
Candidatus Arthromitus sp. SFB-rat-Yit	1041504	S	1	0	1	0.00000
Alkaliphilus metalliredigens	208226	S	1	0	1	0.00000
Hathewaya histolytica	1498	S	1	0	1	0.00000
Ruminococcus bicirculans	1160721	S	3	2	5	0.00000
Faecalibacterium prausnitzii	853	S	4	0	4	0.00000
Ruminiclostridium cellulolyticum	1521	S	2	0	2	0.00000
Thermoclostridium stercorarium	1510	S	2	1	3	0.00000
Oscillibacter sp. NSJ-62	2763056	S	1	0	1	0.00000
Flavonifractor plautii	292800	S	1	0	1	0.00000
Romboutsia ilealis	1115758	S	4	0	4	0.00000
Romboutsia hominis	1507512	S	2	0	2	0.00000
Romboutsia sp. CE17	2724150	S	2	0	2	0.00000
Clostridioides difficile	1496	S	4	0	4	0.00000
Peptoclostridium acidaminophilum	1731	S	1	0	1	0.00000
Paraclostridium bifermentans	1490	S	1	0	1	0.00000
Desulfosporosinus youngiae	339862	S	5	0	5	0.00000
Desulfitobacterium dehalogenans	36854	S	2	0	2	0.00000
Dehalobacterium formicoaceticum	51515	S	2	0	2	0.00000
Desulfotomaculum ruminis	1564	S	1	0	1	0.00000
Desulfofarcimen acetoxidans	58138	S	1	0	1	0.00000
Eubacterium sp. NSJ-61	2764325	S	4	1	5	0.00000
Aminipila butyrica	433296	S	1	0	1	0.00000
Monoglobus pectinilyticus	1981510	S	1	0	1	0.00000
Massilistercora timonensis	2086584	S	1	0	1	0.00000
Christensenella minuta	626937	S	2	0	2	0.00000
Syntrophomonas wolfei	863	S	1	0	1	0.00000
Halobacteroides halobius	42422	S	2	0	2	0.00000
Halanaerobium hydrogeniformans	656519	S	1	0	1	0.00000
Anoxybacter fermentans	1323375	S	1	0	1	0.00000
Thermoanaerobacterium xylanolyticum	29329	S	1	0	1	0.00000
Thermoanaerobacterium sp. RBIITD	1550240	S	1	0	1	0.00000
Caldanaerobacter subterraneus	911092	S	1	0	1	0.00000
Veillonella parvula	29466	S	6	0	6	0.00001
Veillonella nakazawae	2682456	S	5	0	5	0.00000
Dialister pneumosintes	39950	S	2	0	2	0.00000
Megasphaera elsdenii	907	S	1	0	1	0.00000
Megamonas funiformis	437897	S	2	0	2	0.00000
Megamonas hypermegale	158847	S	1	0	1	0.00000
Pectinatus frisingensis	865	S	1	0	1	0.00000
Finegoldia magna	1260	S	3	0	3	0.00000
Peptoniphilus harei	54005	S	3	0	3	0.00000
Anaerococcus prevotii	33034	S	1	1	2	0.00000
Keratinibaculum paraultunense	1278232	S	2	0	2	0.00000
Gottschalkia acidurici	1556	S	2	0	2	0.00000
Faecalitalea cylindroides	39483	S	1	0	1	0.00000
Faecalibacillus intestinalis	1982626	S	1	0	1	0.00000
Turicibacter sp. H121	1712675	S	1	0	1	0.00000
Limnochorda pilosa	1555112	S	2	0	2	0.00000
Ndongobacter massiliensis	1871025	S	1	0	1	0.00000
Oscillatoria nigro-viridis	482564	S	60	2	62	0.00006
Oscillatoria acuminata	118323	S	1	0	1	0.00000
Geitlerinema sp. PCC 7407	1173025	S	1	0	1	0.00000
Trichodesmium erythraeum	1206	S	1	0	1	0.00000
Crocosphaera subtropica	2546360	S	1	0	1	0.00000
Candidatus Atelocyanobacterium thalassa	713887	S	1	0	1	0.00000
Geminocystis herdmanii	669359	S	1	0	1	0.00000
Geminocystis sp. NIES-3709	1617448	S	1	0	1	0.00000
Microcystis aeruginosa	1126	S	1	0	1	0.00000
Nostoc sp. 'Lobaria pulmonaria (5183) cyanobiont'	1618022	S	2	0	2	0.00000
Nostoc sp. PCC 7524	28072	S	1	0	1	0.00000
Nostoc sp. C052	2576902	S	1	0	1	0.00000
Nostoc linckia	92942	S	1	0	1	0.00000
Nostoc piscinale	224012	S	1	0	1	0.00000
Nostoc edaphicum	264686	S	1	0	1	0.00000
Anabaena sp. YBS01	2490939	S	1	19	20	0.00002
Cylindrospermum stagnale	142864	S	1	0	1	0.00000
Calothrix sp. NIES-2098	1954171	S	1	1	2	0.00000
Calothrix parietina	32054	S	1	0	1	0.00000
Calothrix brevissima	938406	S	1	0	1	0.00000
Calothrix parasitica	1973486	S	1	0	1	0.00000
Raphidiopsis curvata	312883	S	1	2	3	0.00000
Fischerella sp. NIES-4106	2005456	S	1	0	1	0.00000
Synechococcus sp. PCC 7502	1173263	S	4	0	4	0.00000
Synechococcus sp. M16.1	1442553	S	1	0	1	0.00000
Synechococcus sp. JA-3-3Ab	321327	S	1	0	1	0.00000
Synechococcus sp. BIOS-U3-1	1400865	S	1	0	1	0.00000
Dactylococcopsis salina	292566	S	1	0	1	0.00000
Leptolyngbya sp. BL0902	1115757	S	5	0	5	0.00000
Leptolyngbya boryana	1184	S	1	0	1	0.00000
Prochlorococcus marinus	1219	S	1	1	2	0.00000
Acaryochloris marina	155978	S	2	0	2	0.00000
Chamaesiphon minutus	1173032	S	2	0	2	0.00000
Meiothermus silvanus	52022	S	31	0	31	0.00003
Meiothermus taiwanensis	172827	S	2	0	2	0.00000
Thermus parvatiensis	456163	S	2	2	4	0.00000
Thermus scotoductus	37636	S	1	0	1	0.00000
Thermus brockianus	56956	S	1	0	1	0.00000
Thermus caldilimi	2483360	S	1	0	1	0.00000
Oceanithermus profundus	187137	S	1	0	1	0.00000
Deinococcus metallilatus	1211322	S	1	1	2	0.00000
Mycoplasma sp. Mirounga ES2806-GEN	754515	S	1	0	1	0.00000
Mycoplasma sp. Mirounga ES2806-NAS	754516	S	1	0	1	0.00000
Mycoplasma hominis	2098	S	1	0	1	0.00000
Mycoplasma gallisepticum	2096	S	1	0	1	0.00000
Mycoplasma struthionis	538220	S	1	0	1	0.00000
Mycoplasma nasistruthionis	353852	S	1	0	1	0.00000
Mycoplasma phocidae	142651	S	1	0	1	0.00000
Mycoplasma columbinum	114881	S	1	0	1	0.00000
Mycoplasma columbinasale	114880	S	1	0	1	0.00000
Mycoplasma arginini	2094	S	1	0	1	0.00000
Ureaplasma diversum	42094	S	1	0	1	0.00000
Candidatus Hepatoplasma crinochetorum	295596	S	1	0	1	0.00000
Spiroplasma melliferum	2134	S	1	0	1	0.00000
Spiroplasma taiwanense	2145	S	1	0	1	0.00000
Spiroplasma diminutum	216936	S	1	0	1	0.00000
Spiroplasma culicicola	216935	S	1	0	1	0.00000
Entomoplasma luminosum	214888	S	2	1	3	0.00000
Mesoplasma entomophilum	2149	S	1	0	1	0.00000
Mesoplasma chauliocola	216427	S	1	0	1	0.00000
Acholeplasma laidlawii	2148	S	1	1	2	0.00000
Ktedonosporobacter rubrisoli	2509675	S	1	0	1	0.00000
Candidatus Promineofilum breve	1806508	S	1	0	1	0.00000
Flavobacterium sp. KBS0721	1179672	S	8	2	10	0.00001
Flavobacterium sp. 140616W15	2478552	S	7	0	7	0.00001
Flavobacterium sp. MDT1-60	1979344	S	6	1	7	0.00001
Flavobacterium sp. M31R6	2739062	S	6	0	6	0.00001
Flavobacterium sp. LPB0248	2614441	S	5	1	6	0.00001
Flavobacterium sp. Sr18	935222	S	4	0	4	0.00000
Flavobacterium sp. SLB02	2665645	S	3	0	3	0.00000
Flavobacterium sp. HYN0086	2249356	S	2	0	2	0.00000
Flavobacterium sp. CJ74	2294119	S	2	0	2	0.00000
Flavobacterium sp. I3-2	2748319	S	2	2	4	0.00000
Flavobacterium sp. xlx-214	2654325	S	1	0	1	0.00000
Flavobacterium sp. CLA17	2724135	S	1	0	1	0.00000
Flavobacterium psychrophilum	96345	S	11	1	12	0.00001
Flavobacterium sangjuense	2518177	S	8	0	8	0.00001
Flavobacterium nackdongense	2547394	S	7	0	7	0.00001
Flavobacterium haoranii	683124	S	5	0	5	0.00000
Flavobacterium gilvum	1492737	S	5	0	5	0.00000
Flavobacterium johnsoniae	986	S	4	1	5	0.00000
Flavobacterium crocinum	2183896	S	3	0	3	0.00000
Flavobacterium columnare	996	S	2	0	2	0.00000
Flavobacterium alkalisoli	2602769	S	2	0	2	0.00000
Flavobacterium pallidum	2172098	S	2	0	2	0.00000
Flavobacterium crassostreae	1763534	S	2	0	2	0.00000
Flavobacterium faecale	1355330	S	2	0	2	0.00000
Flavobacterium branchiophilum	55197	S	2	0	2	0.00000
Flavobacterium kingsejongi	1678728	S	1	0	1	0.00000
Flavobacterium nitrogenifigens	1617283	S	1	0	1	0.00000
Flavobacterium commune	1306519	S	1	0	1	0.00000
Flavobacterium anhuiense	459526	S	1	0	1	0.00000
Flavobacterium indicum	312277	S	1	0	1	0.00000
Polaribacter sp. MED152	313598	S	3	0	3	0.00000
Polaribacter sp. G4M1	2808900	S	2	0	2	0.00000
Polaribacter sp. SA4-12	1312072	S	1	0	1	0.00000
Polaribacter sp. ALD11	2058137	S	1	0	1	0.00000
Polaribacter sp. L3A8	2686361	S	1	0	1	0.00000
Polaribacter sejongensis	985043	S	1	0	1	0.00000
Capnocytophaga sp. oral taxon 878	1316596	S	1	1	2	0.00000
Capnocytophaga sp. FDAARGOS_737	2545799	S	1	1	2	0.00000
Capnocytophaga canimorsus	28188	S	1	0	1	0.00000
Myroides phaeus	702745	S	3	0	3	0.00000
Myroides odoratimimus	76832	S	2	1	3	0.00000
Myroides odoratus	256	S	1	0	1	0.00000
Nonlabens sp. MIC269	1476901	S	2	0	2	0.00000
Nonlabens sp. Hel1_33_55	1336802	S	1	0	1	0.00000
Nonlabens dokdonensis	328515	S	1	0	1	0.00000
Nonlabens spongiae	331648	S	1	0	1	0.00000
Cellulophaga baltica	76594	S	2	-2	0	0.00000
Cellulophaga sp. L1A9	2686362	S	1	0	1	0.00000
Tenacibaculum dicentrarchi	669041	S	1	0	1	0.00000
Tenacibaculum todarodis	1850252	S	1	0	1	0.00000
Tenacibaculum sp. DSM 106434	2358479	S	1	0	1	0.00000
Kordia sp. SMS9	2282170	S	2	0	2	0.00000
Kordia antarctica	1218801	S	1	0	1	0.00000
Gramella forsetii	411153	S	1	0	1	0.00000
Gramella sp. MAR_2010_147	1250205	S	1	0	1	0.00000
Lacinutrix venerupis	1486034	S	2	0	2	0.00000
Lutibacter profundi	1622118	S	2	0	2	0.00000
Maribacter sp. 1_2014MBL_MicDiv	1644130	S	1	1	2	0.00000
Changchengzhania lutea	2049305	S	2	0	2	0.00000
Formosa sp. Hel1_33_131	1336794	S	1	0	1	0.00000
Formosa sp. Hel1_31_208	1798225	S	1	0	1	0.00000
Antarcticibacterium arcticum	2585771	S	2	0	2	0.00000
Aequorivita sublithincola	101385	S	2	0	2	0.00000
Salegentibacter salegens	143223	S	1	0	1	0.00000
Salegentibacter sp. T436	1729720	S	1	0	1	0.00000
Siansivirga zeaxanthinifaciens	762954	S	2	0	2	0.00000
Psychroflexus torquis	57029	S	1	0	1	0.00000
Psychroflexus sp. ALD_RP9	2777186	S	1	0	1	0.00000
Gilvibacter sp. SZ-19	754429	S	1	0	1	0.00000
Euzebyella marina	1761453	S	1	0	1	0.00000
Olleya aquimaris	639310	S	1	0	1	0.00000
Algibacter sp. L1A34	2686365	S	1	0	1	0.00000
Aquimarina sp. AD10	1714849	S	1	0	1	0.00000
Robiginitalea biformata	252307	S	1	0	1	0.00000
Arenibacter algicola	616991	S	1	0	1	0.00000
Muricauda sp. 501str8	2698672	S	1	0	1	0.00000
Chryseobacterium sp. IHB B 17019	1721091	S	3	0	3	0.00000
Chryseobacterium sp. NBC 122	2547600	S	3	0	3	0.00000
Chryseobacterium sp. 6424	2039166	S	2	0	2	0.00000
Chryseobacterium sp. G0162	2487063	S	2	1	3	0.00000
Chryseobacterium sp. SNU WT5	2594269	S	2	0	2	0.00000
Chryseobacterium sp. POL2	2713414	S	2	0	2	0.00000
Chryseobacterium sp. NEB161	2724619	S	2	0	2	0.00000
Chryseobacterium sp. cx-624	2758037	S	2	0	2	0.00000
Chryseobacterium sp. JV274	1932669	S	1	0	1	0.00000
Chryseobacterium sp. T16E-39	2015076	S	1	0	1	0.00000
Chryseobacterium sp. 3008163	2478663	S	1	0	1	0.00000
Chryseobacterium sp. G0186	2487064	S	1	0	1	0.00000
Chryseobacterium sp. G0201	2487065	S	1	0	1	0.00000
Chryseobacterium indoltheticum	254	S	19	2	21	0.00002
Chryseobacterium balustinum	246	S	12	2	14	0.00001
Chryseobacterium carnipullorum	1124835	S	5	0	5	0.00000
Chryseobacterium bernardetii	1241978	S	4	3	7	0.00001
Chryseobacterium manosquense	2754694	S	4	5	9	0.00001
Chryseobacterium joostei	112234	S	3	0	3	0.00000
Chryseobacterium glaciei	1685010	S	3	0	3	0.00000
Chryseobacterium indologenes	253	S	3	0	3	0.00000
Chryseobacterium cucumeris	1813611	S	2	0	2	0.00000
Chryseobacterium arthrosphaerae	651561	S	1	0	1	0.00000
Chryseobacterium piperi	558152	S	1	0	1	0.00000
Chryseobacterium nakagawai	1241982	S	1	0	1	0.00000
Chryseobacterium aureum	2497456	S	1	0	1	0.00000
Kaistella jeonii	266749	S	9	0	9	0.00001
Kaistella carnis	1241979	S	6	0	6	0.00001
Kaistella flava (ex Peng et al. 2021)	2038776	S	6	0	6	0.00001
Kaistella antarctica	266748	S	3	0	3	0.00000
Chryseobacterium haifense	421525	S	1	1	2	0.00000
Kaistella daneshvariae	2487074	S	1	0	1	0.00000
Elizabethkingia meningoseptica	238	S	1	0	1	0.00000
Elizabethkingia miricola	172045	S	1	4	5	0.00000
Elizabethkingia bruuniana	1756149	S	1	11	12	0.00001
Cloacibacterium normanense	237258	S	7	0	7	0.00001
Cruoricaptor ignavus	1118202	S	2	0	2	0.00000
Riemerella anatipestifer	34085	S	1	0	1	0.00000
Empedobacter brevis	247	S	1	0	1	0.00000
Bergeyella cardium	1585976	S	1	0	1	0.00000
Blattabacterium cuenoti	1653831	S	7	0	7	0.00001
Owenweeksia hongkongensis	253245	S	2	0	2	0.00000
Candidatus Sulcia muelleri	336810	S	1	0	1	0.00000
Ichthyobacterium seriolicida	242600	S	1	0	1	0.00000
Fluviicola taffensis	191579	S	1	0	1	0.00000
Bacteroides thetaiotaomicron	818	S	17	1	18	0.00002
Bacteroides uniformis	820	S	11	9	20	0.00002
Bacteroides sp. CBA7301	2715212	S	3	0	3	0.00000
Bacteroides sp. HF-5287	2650157	S	2	2	4	0.00000
Bacteroides sp. M10	2763022	S	2	3	5	0.00000
Bacteroides eggerthii	28111	S	6	0	6	0.00001
Bacteroides xylanisolvens	371601	S	4	3	7	0.00001
Bacteroides fragilis	817	S	3	2	5	0.00000
Bacteroides ovatus	28116	S	3	2	5	0.00000
Bacteroides caecimuris	1796613	S	3	0	3	0.00000
Bacteroides coprosuis	151276	S	1	0	1	0.00000
Bacteroides intestinalis	329854	S	1	0	1	0.00000
Phocaeicola vulgatus	821	S	32	9	41	0.00004
Phocaeicola dorei	357276	S	30	9	39	0.00004
Parabacteroides distasonis	823	S	7	16	23	0.00002
Parabacteroides goldsteinii	328812	S	4	0	4	0.00000
Prevotella melaninogenica	28132	S	4	0	4	0.00000
Prevotella oris	28135	S	2	0	2	0.00000
Prevotella enoeca	76123	S	2	0	2	0.00000
Prevotella copri	165179	S	2	0	2	0.00000
Prevotella fusca	589436	S	1	0	1	0.00000
Alistipes onderdonkii	328813	S	4	0	4	0.00000
Alistipes finegoldii	214856	S	2	0	2	0.00000
Alistipes shahii	328814	S	2	0	2	0.00000
Odoribacter splanchnicus	28118	S	2	0	2	0.00000
Butyricimonas faecalis	2093856	S	1	0	1	0.00000
Porphyromonas gingivalis	837	S	1	1	2	0.00000
Paludibacter propionicigenes	185300	S	2	0	2	0.00000
Salinivirga cyanobacteriivorans	1307839	S	1	0	1	0.00000
Sodaliphilus pleomorphus	2606626	S	1	0	1	0.00000
Labilibaculum antarcticum	1717717	S	1	0	1	0.00000
Pedobacter sp. SW-16	2766984	S	25	2	27	0.00003
Pedobacter sp. G11	2482728	S	7	0	7	0.00001
Pedobacter sp. HDW13	2714940	S	5	0	5	0.00000
Pedobacter sp. JBR3-12	2789740	S	4	0	4	0.00000
Pedobacter sp. eg	2201271	S	1	0	1	0.00000
Pedobacter sp. KBS0701	2578106	S	1	0	1	0.00000
Pedobacter cryoconitis	188932	S	7	0	7	0.00001
Pedobacter heparinus	984	S	4	0	4	0.00000
Pedobacter roseus	336820	S	4	0	4	0.00000
Pedobacter suwonensis	332999	S	3	0	3	0.00000
Pedobacter ginsengisoli	363852	S	2	0	2	0.00000
Pedobacter steynii	430522	S	1	0	1	0.00000
Mucilaginibacter sp. 14171R-50	2703789	S	4	2	6	0.00001
Mucilaginibacter gotjawali	1550579	S	2	1	3	0.00000
Mucilaginibacter paludis	423351	S	1	0	1	0.00000
Sphingobacterium daejeonense	371142	S	2	2	4	0.00000
Sphingobacterium sp. DR205	2713573	S	1	1	2	0.00000
Sphingobacterium lactis	797291	S	1	0	1	0.00000
Anseongella ginsenosidimutans	496056	S	1	0	1	0.00000
Hymenobacter sp. PAMC 26554	1484116	S	4	0	4	0.00000
Hymenobacter sp. PAMC 26628	1484118	S	2	0	2	0.00000
Hymenobacter sp. NBH84	2596915	S	1	0	1	0.00000
Hymenobacter sp. S2-20-2	2761579	S	1	0	1	0.00000
Hymenobacter jejuensis	2502781	S	3	0	3	0.00000
Hymenobacter sedentarius	1411621	S	2	0	2	0.00000
Hymenobacter nivis	1850093	S	1	0	1	0.00000
Hymenobacter oligotrophus	2319843	S	1	0	1	0.00000
Hymenobacter busanensis	2607656	S	1	0	1	0.00000
Hymenobacter baengnokdamensis	2615203	S	1	1	2	0.00000
Hymenobacter russus	2724192	S	1	0	1	0.00000
Pontibacter russatus	2694929	S	3	0	3	0.00000
Rufibacter tibetensis	512763	S	1	0	1	0.00000
Aquirufa nivalisilvae	2516557	S	5	0	5	0.00000
Runella slithyformis	106	S	3	0	3	0.00000
Runella sp. SP2	2268026	S	1	0	1	0.00000
Dyadobacter fermentans	94254	S	1	1	2	0.00000
Dyadobacter sp. Q3-56	2747268	S	1	1	2	0.00000
Spirosoma pollinicola	2057025	S	1	0	1	0.00000
Spirosoma endbachense	2666025	S	1	0	1	0.00000
Spirosoma taeanense	2735870	S	1	0	1	0.00000
Cytophaga hutchinsonii	985	S	3	0	3	0.00000
Rhodocytophaga rosea	2704465	S	2	0	2	0.00000
Fibrella aestuarina	651143	S	1	0	1	0.00000
Cyclobacterium marinum	104	S	2	0	2	0.00000
Cyclobacterium amurskyense	320787	S	1	0	1	0.00000
Belliella baltica	232259	S	2	0	2	0.00000
Algoriphagus sp. Y33	2772483	S	1	0	1	0.00000
Fulvivirga sp. S481	2810512	S	2	0	2	0.00000
Chryseolinea soli	2321403	S	2	0	2	0.00000
Marivirga tractuosa	1006	S	1	0	1	0.00000
Chitinophaga sp. XS-30	2604421	S	2	1	3	0.00000
Chitinophaga pinensis	79329	S	2	0	2	0.00000
Chitinophaga alhagiae	2203219	S	2	0	2	0.00000
Lacibacter sp. S13-6-6	2760713	S	7	0	7	0.00001
Flavisolibacter ginsenosidimutans	661481	S	1	0	1	0.00000
Flavisolibacter tropicus	1492898	S	1	0	1	0.00000
Panacibacter ginsenosidivorans	1813871	S	2	0	2	0.00000
Niastella koreensis	354356	S	1	0	1	0.00000
Niabella soli	446683	S	1	0	1	0.00000
Filimonas lacunae	477680	S	1	0	1	0.00000
Flavihumibacter sp. SB-02	2676868	S	1	0	1	0.00000
Pseudocnuella soli	2502779	S	1	0	1	0.00000
Haliscomenobacter hydrossis	2350	S	2	0	2	0.00000
Gemmatimonas sp. TET16	2732249	S	2	0	2	0.00000
Candidatus Cloacimonas acidaminovorans	456827	S	1	0	1	0.00000
Gimesia maris	122	S	2	1	3	0.00000
Gimesia aquarii	2527964	S	1	0	1	0.00000
Gimesia algae	2527971	S	1	1	2	0.00000
Calycomorphotria hydatis	2528027	S	3	0	3	0.00000
Planctomyces sp. SH-PL14	1632864	S	1	0	1	0.00000
Planctomyces sp. SH-PL62	1636152	S	1	0	1	0.00000
Planctopirus limnophila	120	S	2	0	2	0.00000
Alienimonas californiensis	2527989	S	2	0	2	0.00000
Caulifigura coniformis	2527983	S	2	0	2	0.00000
Rubinisphaera brasiliensis	119	S	1	0	1	0.00000
Gemmata massiliana	1210884	S	3	0	3	0.00000
Gemmata obscuriglobus	114	S	1	0	1	0.00000
Gemmata sp. SH-PL17	1630693	S	1	0	1	0.00000
Frigoriglobus tundricola	2774151	S	6	0	6	0.00001
Urbifossiella limnaea	2528023	S	6	0	6	0.00001
Limnoglobus roseus	2598579	S	1	0	1	0.00000
Rosistilla oblonga	2527990	S	3	1	4	0.00000
Pirellula sp. SH-Sr6A	1632865	S	1	0	1	0.00000
Mariniblastus fucicola	980251	S	1	0	1	0.00000
Stieleria neptunia	2527979	S	1	0	1	0.00000
Anatilimnocola aggregata	2528021	S	1	0	1	0.00000
Aeoliella mucimassa	2527972	S	2	1	3	0.00000
Lacipirellula limnantheis	2528024	S	1	0	1	0.00000
Pirellulimonas nuda	2528009	S	1	0	1	0.00000
Aquisphaera giovannonii	406548	S	3	0	3	0.00000
Singulisphaera acidiphila	466153	S	2	0	2	0.00000
Paludisphaera borealis	1387353	S	1	0	1	0.00000
Tautonia plasticadhaerens	2527974	S	1	0	1	0.00000
Candidatus Kuenenia stuttgartiensis	174633	S	1	0	1	0.00000
Verrucomicrobium spinosum	2736	S	7	0	7	0.00001
Verrucomicrobium sp. GAS474	1882831	S	2	0	2	0.00000
Luteolibacter luteus	2728835	S	1	0	1	0.00000
Akkermansia muciniphila	239935	S	2	0	2	0.00000
Opitutus terrae	107709	S	1	0	1	0.00000
Opitutus sp. GAS368	1882749	S	1	0	1	0.00000
Nibricoccus aquaticus	2576891	S	2	0	2	0.00000
Lacunisphaera limnophila	1838286	S	1	0	1	0.00000
Candidatus Xiphinematobacter sp. Idaho Grape	1704307	S	1	0	1	0.00000
Simkania negevensis	83561	S	1	0	1	0.00000
Borrelia crocidurae	29520	S	1	0	1	0.00000
Borrelia miyamotoi	47466	S	1	0	1	0.00000
Borrelia sp. A-FGy1	2608247	S	1	0	1	0.00000
Borreliella valaisiana	62088	S	1	-1	0	0.00000
Borreliella bissettiae	64897	S	1	0	1	0.00000
Treponema pedis	409322	S	1	0	1	0.00000
Brachyspira murdochii	84378	S	2	0	2	0.00000
Brachyspira pilosicoli	52584	S	1	0	1	0.00000
Brachyspira hampsonii	1287055	S	1	0	1	0.00000
Leptospira biflexa	172	S	1	-1	0	0.00000
Leptospira borgpetersenii	174	S	1	0	1	0.00000
Leptospira kmetyi	408139	S	1	0	1	0.00000
Leptospira tipperaryensis	2564040	S	1	0	1	0.00000
Granulicella sp. 5B5	1617967	S	1	0	1	0.00000
Granulicella sp. WH15	2602070	S	1	0	1	0.00000
Granulicella mallensis	940614	S	1	0	1	0.00000
Granulicella tundricola	940615	S	1	0	1	0.00000
Acidobacterium capsulatum	33075	S	1	0	1	0.00000
Acidobacterium sp. 4Y35	2763107	S	1	0	1	0.00000
Candidatus Koribacter versatilis	658062	S	1	0	1	0.00000
Acidisarcina polymorpha	2211140	S	1	0	1	0.00000
Thermotomaculum hydrothermale	981385	S	3	0	3	0.00000
Fervidobacterium pennivorans	93466	S	4	0	4	0.00000
Fervidobacterium nodosum	2424	S	1	0	1	0.00000
Thermosipho sp. FR-w03	2814656	S	1	1	2	0.00000
Kosmotoga olearia	651457	S	1	0	1	0.00000
Fusobacterium mortiferum	850	S	1	0	1	0.00000
Fusobacterium hwasookii	1583098	S	1	0	1	0.00000
Fusobacterium pseudoperiodonticum	2663009	S	1	0	1	0.00000
Leptotrichia trevisanii	109328	S	1	0	1	0.00000
Sneathia vaginalis	187101	S	1	0	1	0.00000
Nitrospira japonica	1325564	S	2	0	2	0.00000
Nitrospira moscoviensis	42253	S	1	0	1	0.00000
Candidatus Nitrospira inopinata	1715989	S	1	0	1	0.00000
Dictyoglomus thermophilum	14	S	1	0	1	0.00000
Persephonella marina	309805	S	1	0	1	0.00000
Methanosarcina barkeri	2208	S	6	1	7	0.00001
Methanosarcina acetivorans	2214	S	2	0	2	0.00000
Methanosarcina thermophila	2210	S	1	-1	0	0.00000
Methanosarcina lacustris	170861	S	1	0	1	0.00000
Methanosarcina horonobensis	418008	S	1	0	1	0.00000
Methanohalobium evestigatum	2322	S	1	0	1	0.00000
Methanothrix soehngenii	2223	S	12	0	12	0.00001
Haloterrigena longa	370324	S	3	0	3	0.00000
Haloterrigena daqingensis	588898	S	1	0	1	0.00000
Natrialba magadii	13769	S	2	0	2	0.00000
Natronococcus occultus	29288	S	1	0	1	0.00000
Salinarchaeum sp. Harcht-Bsk1	1333523	S	1	0	1	0.00000
Halorhabdus tiamatea	430914	S	1	0	1	0.00000
Halobellus limi	699433	S	1	0	1	0.00000
Haloprofundus sp. MHR1	2572921	S	1	0	1	0.00000
Methanobacterium paludis	868131	S	8	0	8	0.00001
Methanobrevibacter sp. AbM4	224719	S	2	0	2	0.00000
Methanobrevibacter smithii	2173	S	1	0	1	0.00000
Methanobrevibacter olleyae	294671	S	1	0	1	0.00000
Methanosphaera stadtmanae	2317	S	2	0	2	0.00000
Methanosphaera sp. BMS	1789762	S	1	0	1	0.00000
Methanococcus maripaludis	39152	S	2	0	2	0.00000
Methanococcus aeolicus	42879	S	1	0	1	0.00000
Methanocaldococcus infernus	67760	S	1	0	1	0.00000
Thermococcus thioreducens	277988	S	1	0	1	0.00000
Thermococcus sibiricus	172049	S	1	0	1	0.00000
Archaeoglobus profundus	84156	S	1	0	1	0.00000
Nitrosarchaeum sp. AC2	2259673	S	8	0	8	0.00001
Candidatus Nitrosopumilus sediminis	1229909	S	4	0	4	0.00000
Nitrosopumilus ureiphilus	1470067	S	1	0	1	0.00000
Candidatus Nitrosomarinus catalina	1898749	S	2	0	2	0.00000
Candidatus Nitrosotenuis cloacae	1603555	S	2	0	2	0.00000
Candidatus Nitrosotenuis sp. DW1	2259672	S	1	0	1	0.00000
Pyrobaculum aerophilum	13773	S	1	0	1	0.00000
Pyrobaculum ferrireducens	1104324	S	1	0	1	0.00000
Acidianus sulfidivorans	312539	S	1	1	2	0.00000
Ferroplasma acidiphilum	74969	S	1	0	1	0.00000
Flavobacterium phage vB_FspS_filifjonk9-1	2686245	S	8	13	21	0.00002
Flavobacterium phage vB_FspS_mymlan6-1	2686266	S	2	5	7	0.00001
Flavobacterium phage 11b	294631	S	1	0	1	0.00000
Streptococcus phage SpSL1	1566990	S	1	1	2	0.00000
Flavobacterium phage vB_FspS_tooticki6-1	2686279	S	1	3	4	0.00000
Propionibacterium virus Solid	1982306	S	2	2	4	0.00000
Pseudomonas virus Ab26	1921547	S	1	0	1	0.00000
Cellulophaga phage phi46:3	1327985	S	1	0	1	0.00000
uncultured crAssphage	1211417	S	1	0	1	0.00000
Alteromonas phage vB_AmaP_AD45-P1	1300004	S	1	0	1	0.00000
Escherichia virus C1302	2734159	S	1	0	1	0.00000
Synechococcus virus Syn19	2734134	S	2	0	2	0.00000
Aeromonas phage 4_L372D	2588518	S	1	1	2	0.00000
Synechococcus phage S-SM2	444860	S	2	0	2	0.00000
Acinetobacter virus AP22	1915209	S	1	0	1	0.00000
Aeromonas virus 56	2560283	S	1	0	1	0.00000
Erwinia phage Hena1	2678601	S	1	0	1	0.00000
Curvibacter virus P26059B	2733926	S	1	0	1	0.00000
Erwinia virus Faunus	2733973	S	1	0	1	0.00000
Human betaherpesvirus 7	10372	S	7	0	7	0.00001
Paramecium bursaria Chlorella virus A1	381899	S	2	0	2	0.00000
Ostreococcus tauri virus 1	642926	S	1	0	1	0.00000
Phaeocystis globosa virus	251749	S	1	0	1	0.00000
Emiliania huxleyi virus 86	181082	S	1	0	1	0.00000
Megavirus chiliensis	1094892	S	1	0	1	0.00000
Sea otterpox virus	2734573	S	1	0	1	0.00000
Anomala cuprea entomopoxvirus	62099	S	1	0	1	0.00000
Wuhan insect virus 19	1923723	S	1	0	1	0.00000
Penaeus monodon nudivirus	1529056	S	1	0	1	0.00000
