name	taxonomy_id	taxonomy_lvl	kraken_assigned_reads	added_reads	new_est_reads	fraction_total_reads
Homo sapiens	9606	S	1055113	2070	1057183	0.94108
Acidovorax sp. KKS102	358220	S	166	85	251	0.00022
Acidovorax sp. 1608163	2478662	S	110	16	126	0.00011
Acidovorax sp. T1	1858609	S	90	221	311	0.00028
Acidovorax sp. JMULE5	2518343	S	89	18	107	0.00010
Acidovorax sp. RAC01	1842533	S	43	19	62	0.00006
Acidovorax sp. HDW3	2714923	S	30	7	37	0.00003
Acidovorax sp. JS42	232721	S	8	195	203	0.00018
Acidovorax carolinensis	553814	S	113	80	193	0.00017
Acidovorax avenae	80867	S	55	26	81	0.00007
Acidovorax antarcticus	2743470	S	40	17	57	0.00005
Acidovorax monticola	1926868	S	38	9	47	0.00004
Acidovorax citrulli	80869	S	10	9	19	0.00002
Acidovorax cattleyae	80868	S	8	5	13	0.00001
Acidovorax ebreus	721785	S	6	84	90	0.00008
Variovorax sp. PAMC 28711	1795631	S	51	4	55	0.00005
Variovorax sp. HW608	1034889	S	44	3	47	0.00004
Variovorax sp. PAMC28562	2762323	S	31	1	32	0.00003
Variovorax sp. 38R	2774875	S	29	35	64	0.00006
Variovorax sp. WDL1	207745	S	27	26	53	0.00005
Variovorax sp. PBL-H6	434009	S	21	22	43	0.00004
Variovorax sp. PAMC26660	2762322	S	18	3	21	0.00002
Variovorax sp. PBS-H4	434008	S	15	7	22	0.00002
Variovorax sp. RA8	662548	S	15	9	24	0.00002
Variovorax sp. RKNM96	2681552	S	15	5	20	0.00002
Variovorax sp. PBL-E5	434014	S	12	25	37	0.00003
Variovorax sp. SRS16	282217	S	7	12	19	0.00002
Variovorax sp. PMC12	2126319	S	3	113	116	0.00010
Variovorax paradoxus	34073	S	151	58	209	0.00019
Variovorax boronicumulans	436515	S	36	32	68	0.00006
Rhodoferax sp. AJA081-3	2752316	S	88	7	95	0.00008
Rhodoferax sp. BAB1	2741720	S	55	11	66	0.00006
Rhodoferax sp. PAMC29310	2822760	S	50	7	57	0.00005
Rhodoferax sediminis	2509614	S	103	10	113	0.00010
Rhodoferax saidenbachensis	1484693	S	87	8	95	0.00008
Rhodoferax ferrireducens	192843	S	63	3	66	0.00006
Rhodoferax koreense	1842727	S	56	28	84	0.00007
Rhodoferax antarcticus	81479	S	50	3	53	0.00005
Hydrogenophaga sp. BPS33	2651974	S	48	25	73	0.00006
Hydrogenophaga sp. PBL-H3	434010	S	41	38	79	0.00007
Hydrogenophaga sp. RAC07	1842537	S	38	14	52	0.00005
Hydrogenophaga sp. BA0156	2716225	S	32	15	47	0.00004
Hydrogenophaga sp. PAMC20947	2565558	S	30	1	31	0.00003
Hydrogenophaga sp. YM1	2806262	S	29	11	40	0.00004
Hydrogenophaga sp. PBC	795665	S	21	12	33	0.00003
Hydrogenophaga sp. NH-16	2184519	S	20	39	59	0.00005
Hydrogenophaga crassostreae	1763535	S	54	1	55	0.00005
Hydrogenophaga pseudoflava	47421	S	29	43	72	0.00006
Limnohabitans sp. 103DPR2	1678129	S	221	14	235	0.00021
Limnohabitans sp. 63ED37-2	1678128	S	196	17	213	0.00019
Polaromonas sp. JS666	296591	S	103	8	111	0.00010
Polaromonas sp. E19S	1840257	S	1	89	90	0.00008
Polaromonas naphthalenivorans	216465	S	152	15	167	0.00015
Polaromonas vacuolata	37448	S	28	4	32	0.00003
Comamonas testosteroni	285	S	62	69	131	0.00012
Comamonas aquatica	225991	S	44	14	58	0.00005
Comamonas serinivorans	1082851	S	38	6	44	0.00004
Comamonas kerstersii	225992	S	35	9	44	0.00004
Comamonas piscis	1562974	S	34	4	38	0.00003
Comamonas sp. NLF-7-7	2597701	S	26	9	35	0.00003
Comamonas koreensis	160825	S	17	3	20	0.00002
Comamonas thiooxydans	363952	S	11	14	25	0.00002
Curvibacter sp. AEP1-3	1844971	S	186	8	194	0.00017
Diaphorobacter sp. HDW4A	2714924	S	44	29	73	0.00006
Diaphorobacter sp. HDW4B	2714925	S	31	1	32	0.00003
Diaphorobacter sp. JS3050	2735554	S	4	99	103	0.00009
Diaphorobacter sp. JS3051	2792224	S	4	93	97	0.00009
Diaphorobacter aerolatus	1288495	S	49	53	102	0.00009
Diaphorobacter ruginosibacter	1715720	S	13	1	14	0.00001
Diaphorobacter polyhydroxybutyrativorans	1546149	S	2	19	21	0.00002
Ottowia oryzae	2109914	S	60	8	68	0.00006
Ottowia sp. 27C	2816950	S	36	3	39	0.00003
Ottowia sp. oral taxon 894	1658672	S	24	1	25	0.00002
Delftia acidovorans	80866	S	19	29	48	0.00004
Delftia tsuruhatensis	180282	S	12	41	53	0.00005
Delftia lacustris	558537	S	12	54	66	0.00006
Delftia sp. Cs1-4	742013	S	4	7	11	0.00001
Delftia sp. HK171	1920191	S	1	2	3	0.00000
Ramlibacter tataouinensis	94132	S	68	9	77	0.00007
Kinneretia sp. DAIF2	2714952	S	66	12	78	0.00007
Simplicispira suum	2109915	S	58	16	74	0.00007
Serpentinomonas raichei	1458425	S	33	7	40	0.00004
Serpentinomonas mccroryi	1458426	S	18	4	22	0.00002
Alicycliphilus denitrificans	179636	S	53	153	206	0.00018
Schlegelella thermodepolymerans	215580	S	42	10	52	0.00005
Hylemonella gracilis	80880	S	36	2	38	0.00003
Melaminivora sp. SC2-9	2109913	S	29	14	43	0.00004
Verminephrobacter eiseniae	364317	S	29	1	30	0.00003
Pulveribacter suum	2116657	S	26	6	32	0.00003
Candidatus Symbiobacter mobilis	1436290	S	6	0	6	0.00001
Massilia sp. CCM 8941	2765360	S	58	23	81	0.00007
Massilia sp. NR 4-1	1678028	S	38	7	45	0.00004
Massilia sp. WG5	1707785	S	30	18	48	0.00004
Massilia sp. LPB0304	2769491	S	22	4	26	0.00002
Massilia sp. YMA4	1593482	S	20	13	33	0.00003
Massilia sp. Se16.2.3	2709303	S	1	30	31	0.00003
Massilia oculi	945844	S	46	11	57	0.00005
Massilia putida	1141883	S	33	14	47	0.00004
Massilia violaceinigra	2045208	S	32	12	44	0.00004
Massilia flava	871742	S	23	5	28	0.00002
Massilia albidiflava	321983	S	21	10	31	0.00003
Massilia umbonata	864828	S	20	10	30	0.00003
Massilia plicata	321984	S	18	5	23	0.00002
Massilia armeniaca	2072590	S	18	12	30	0.00003
Massilia lutea	321985	S	16	5	21	0.00002
Janthinobacterium sp. 1_2014MBL_MicDiv	1644131	S	35	10	45	0.00004
Janthinobacterium sp. HH102	1537274	S	16	35	51	0.00005
Janthinobacterium sp. Marseille	375286	S	14	4	18	0.00002
Janthinobacterium sp. PLB02	2808899	S	12	27	39	0.00003
Janthinobacterium sp. 17J80-10	2497863	S	10	1	11	0.00001
Janthinobacterium sp. LM6	1938606	S	9	4	13	0.00001
Janthinobacterium sp. B9-8	1236179	S	3	0	3	0.00000
Janthinobacterium agaricidamnosum	55508	S	55	19	74	0.00007
Janthinobacterium tructae	2590869	S	33	20	53	0.00005
Janthinobacterium svalbardensis	368607	S	21	12	33	0.00003
Janthinobacterium lividum	29581	S	16	25	41	0.00004
Duganella sp. AF9R3	2728021	S	256	49	305	0.00027
Duganella sp. GN2-R2	2728020	S	23	8	31	0.00003
Undibacterium sp. KW1	2058624	S	55	14	69	0.00006
Undibacterium sp. YM2	2058625	S	38	10	48	0.00004
Undibacterium parvum	401471	S	18	1	19	0.00002
Herbaspirillum sp. meg3	2025949	S	19	2	21	0.00002
Herbaspirillum robiniae	2014887	S	17	5	22	0.00002
Herbaspirillum hiltneri	341045	S	15	2	17	0.00002
Herbaspirillum rubrisubalbicans	80842	S	10	5	15	0.00001
Herbaspirillum huttiense	863372	S	9	5	14	0.00001
Herbaspirillum seropedicae	964	S	6	3	9	0.00001
Herbaspirillum frisingense	92645	S	3	1	4	0.00000
Collimonas arenae	279058	S	21	2	23	0.00002
Collimonas pratensis	279113	S	20	3	23	0.00002
Collimonas fungivorans	158899	S	15	2	17	0.00002
Noviherbaspirillum sp. UKPF54	2601898	S	13	1	14	0.00001
Herminiimonas arsenitoxidans	1809410	S	8	2	10	0.00001
Oxalobacter formigenes	847	S	5	0	5	0.00000
Glaciimonas sp. PAMC28666	2807626	S	3	0	3	0.00000
Polynucleobacter necessarius	576610	S	188	15	203	0.00018
Polynucleobacter duraquae	1835254	S	122	19	141	0.00013
Polynucleobacter asymbioticus	576611	S	65	10	75	0.00007
Polynucleobacter wuianus	1743168	S	32	10	42	0.00004
Polynucleobacter sp. LimPoW16	1743162	S	13	0	13	0.00001
Polynucleobacter sp. MWH-UH21B	1743174	S	11	1	12	0.00001
Polynucleobacter paneuropaeus	2527775	S	23	2	25	0.00002
Polynucleobacter difficilis	556054	S	8	0	8	0.00001
Polynucleobacter acidiphobus	556053	S	4	0	4	0.00000
Burkholderia contaminans	488447	S	12	4	16	0.00001
Burkholderia multivorans	87883	S	12	2	14	0.00001
Burkholderia cenocepacia	95486	S	8	9	17	0.00002
Burkholderia anthina	179879	S	6	2	8	0.00001
Burkholderia territorii	1503055	S	6	1	7	0.00001
Burkholderia cepacia	292	S	6	2	8	0.00001
Burkholderia lata	482957	S	5	1	6	0.00001
Burkholderia vietnamiensis	60552	S	5	4	9	0.00001
Burkholderia ubonensis	101571	S	2	1	3	0.00000
Burkholderia ambifaria	152480	S	2	0	2	0.00000
Burkholderia stagnalis	1503054	S	2	0	2	0.00000
Burkholderia pyrrocinia	60550	S	2	0	2	0.00000
Burkholderia stabilis	95485	S	1	0	1	0.00000
Burkholderia metallica	488729	S	1	0	1	0.00000
Burkholderia seminalis	488731	S	1	0	1	0.00000
Burkholderia diffusa	488732	S	1	0	1	0.00000
Burkholderia pseudomallei	28450	S	19	17	36	0.00003
Burkholderia thailandensis	57975	S	8	920	928	0.00083
Burkholderia sp. MSMB0852	1637841	S	7	2	9	0.00001
Burkholderia sp. BDU8	1385592	S	3	0	3	0.00000
Burkholderia sp. BDU6	1385591	S	2	0	2	0.00000
Burkholderia oklahomensis	342113	S	1	0	1	0.00000
Burkholderia sp. MSMB617WGS	1637831	S	1	0	1	0.00000
Burkholderia sp. PAMC 26561	1795043	S	6	6	12	0.00001
Burkholderia sp. THE68	758782	S	5	0	5	0.00000
Burkholderia sp. DHOD12	2571746	S	5	0	5	0.00000
Burkholderia sp. Bp7605	1740163	S	4	0	4	0.00000
Burkholderia sp. CCGE1003	640512	S	2	0	2	0.00000
Burkholderia sp. LA-2-3-30-S1-D2	1637862	S	2	0	2	0.00000
Burkholderia sp. KK1	1855726	S	2	3	5	0.00000
Burkholderia sp. YI23	1097668	S	1	2	3	0.00000
Burkholderia sp. JP2-270	2217913	S	1	0	1	0.00000
Burkholderia gladioli	28095	S	13	0	13	0.00001
Burkholderia plantarii	41899	S	5	0	5	0.00000
Burkholderia glumae	337	S	4	2	6	0.00001
Cupriavidus taiwanensis	164546	S	32	13	45	0.00004
Cupriavidus metallidurans	119219	S	30	20	50	0.00004
Cupriavidus necator	106590	S	23	4	27	0.00002
Cupriavidus oxalaticus	96344	S	19	4	23	0.00002
Cupriavidus basilensis	68895	S	18	7	25	0.00002
Cupriavidus pauculus	82633	S	17	2	19	0.00002
Cupriavidus pinatubonensis	248026	S	11	4	15	0.00001
Cupriavidus campinensis	151783	S	7	1	8	0.00001
Cupriavidus malaysiensis	367825	S	5	23	28	0.00002
Cupriavidus neocaledonicus	1040979	S	5	3	8	0.00001
Cupriavidus sp. USMAA2-4	876364	S	3	14	17	0.00002
Cupriavidus gilardii	82541	S	4	12	16	0.00001
Cupriavidus nantongensis	1796606	S	4	6	10	0.00001
Paraburkholderia sp. SOS3	1926494	S	34	1	35	0.00003
Paraburkholderia sp. Msb3	2604047	S	5	2	7	0.00001
Paraburkholderia sp. PGU16	2735433	S	3	1	4	0.00000
Paraburkholderia sp. 7MH5	2547399	S	2	0	2	0.00000
Paraburkholderia sp. PGU19	2735434	S	1	0	1	0.00000
Paraburkholderia tropica	92647	S	14	1	15	0.00001
Paraburkholderia acidisoli	2571748	S	12	1	13	0.00001
Paraburkholderia caledonica	134536	S	10	1	11	0.00001
Paraburkholderia xenovorans	36873	S	9	7	16	0.00001
Paraburkholderia phymatum	148447	S	9	2	11	0.00001
Paraburkholderia phytofirmans	261302	S	8	2	10	0.00001
Paraburkholderia fungorum	134537	S	6	0	6	0.00001
Paraburkholderia phenoliruptrix	252970	S	6	1	7	0.00001
Paraburkholderia ginsengisoli	311231	S	6	1	7	0.00001
Paraburkholderia caribensis	75105	S	5	2	7	0.00001
Paraburkholderia sprentiae	948107	S	5	0	5	0.00000
Paraburkholderia acidiphila	2571747	S	5	0	5	0.00000
Paraburkholderia atlantica	2654982	S	4	0	4	0.00000
Paraburkholderia terricola	169427	S	4	0	4	0.00000
Paraburkholderia graminis	60548	S	3	0	3	0.00000
Paraburkholderia dokdonella	2211211	S	3	0	3	0.00000
Paraburkholderia caffeinilytica	1761016	S	3	0	3	0.00000
Paraburkholderia aromaticivorans	2026199	S	2	0	2	0.00000
Paraburkholderia terrae	311230	S	2	2	4	0.00000
Paraburkholderia megapolitana	420953	S	1	0	1	0.00000
Paraburkholderia acidophila	265293	S	1	0	1	0.00000
Paraburkholderia hospita	169430	S	1	0	1	0.00000
Ralstonia solanacearum	305	S	37	35	72	0.00006
Ralstonia insidiosa	190721	S	19	6	25	0.00002
Ralstonia pickettii	329	S	16	8	24	0.00002
Ralstonia mannitolilytica	105219	S	7	4	11	0.00001
Pandoraea pnomenusa	93220	S	13	4	17	0.00002
Pandoraea thiooxydans	445709	S	12	0	12	0.00001
Pandoraea apista	93218	S	9	3	12	0.00001
Pandoraea vervacti	656178	S	9	1	10	0.00001
Pandoraea fibrosis	1891094	S	8	1	9	0.00001
Pandoraea faecigallinarum	656179	S	4	0	4	0.00000
Pandoraea pulmonicola	93221	S	3	0	3	0.00000
Pandoraea oxalativorans	573737	S	3	1	4	0.00000
Pandoraea sp. XY-2	2518599	S	3	0	3	0.00000
Pandoraea norimbergensis	93219	S	2	0	2	0.00000
Pandoraea sputorum	93222	S	1	0	1	0.00000
Lautropia mirabilis	47671	S	15	1	16	0.00001
Caballeronia sp. M1242	2814653	S	7	2	9	0.00001
Caballeronia insecticola	758793	S	6	0	6	0.00001
Chitinimonas arctica	2594795	S	13	0	13	0.00001
Limnobacter sp. SAORIC-580	2732163	S	12	0	12	0.00001
Ephemeroptericola cinctiostellae	2268024	S	10	0	10	0.00001
Mycoavidus cysteinexigens	1553431	S	3	0	3	0.00000
Rhizobacter sp. AJA081-3	2753607	S	96	18	114	0.00010
Rhizobacter gummiphilus	946333	S	77	11	88	0.00008
Sphaerotilus natans	34103	S	154	40	194	0.00017
Leptothrix cholodnii	34029	S	104	25	129	0.00011
Methylibium sp. Pch-M	2082386	S	27	21	48	0.00004
Methylibium sp. T29	1430884	S	3	1	4	0.00000
Methylibium petroleiphilum	105560	S	29	20	49	0.00004
Aquabacterium olei	1296669	S	65	13	78	0.00007
Rubrivivax gelatinosus	28068	S	61	14	75	0.00007
Paucibacter sp. KCTC 42545	1768242	S	58	9	67	0.00006
Roseateles depolymerans	76731	S	44	7	51	0.00005
Xylophilus rhododendri	2697032	S	37	7	44	0.00004
Mitsuaria sp. 7	1658665	S	37	6	43	0.00004
Thiomonas sp. X19	1050370	S	8	3	11	0.00001
Thiomonas intermedia	926	S	5	1	6	0.00001
Thiomonas arsenitoxydans	426114	S	1	5	6	0.00001
Inhella inkyongensis	392593	S	21	2	23	0.00002
Achromobacter xylosoxidans	85698	S	30	31	61	0.00005
Achromobacter spanius	217203	S	20	5	25	0.00002
Achromobacter sp. MFA1 R4	1881016	S	8	1	9	0.00001
Achromobacter sp. B7	2282475	S	8	1	9	0.00001
Achromobacter sp. AONIH1	1758194	S	4	3	7	0.00001
Achromobacter pestifer	1353889	S	10	7	17	0.00002
Achromobacter deleyi	1353891	S	9	14	23	0.00002
Achromobacter denitrificans	32002	S	8	5	13	0.00001
Achromobacter insolitus	217204	S	8	1	9	0.00001
Bordetella genomosp. 9	1416803	S	16	2	18	0.00002
Bordetella petrii	94624	S	13	12	25	0.00002
Bordetella genomosp. 13	463040	S	13	5	18	0.00002
Bordetella sp. N	1746199	S	6	0	6	0.00001
Bordetella sp. H567	1697043	S	5	0	5	0.00000
Bordetella holmesii	35814	S	9	1	10	0.00001
Bordetella hinzii	103855	S	9	2	11	0.00001
Bordetella bronchialis	463025	S	7	0	7	0.00001
Bordetella avium	521	S	6	0	6	0.00001
Bordetella parapertussis	519	S	5	23	28	0.00002
Bordetella flabilis	463014	S	5	0	5	0.00000
Bordetella trematum	123899	S	4	1	5	0.00000
Bordetella bronchiseptica	518	S	3	6	9	0.00001
Bordetella genomosp. 8	1416806	S	3	0	3	0.00000
Bordetella pseudohinzii	1331258	S	2	0	2	0.00000
Bordetella genomosp. 6	463024	S	1	1	2	0.00000
Alcaligenes faecalis	511	S	20	6	26	0.00002
Alcaligenes sp. SORT26	2813780	S	1	0	1	0.00000
Alcaligenes aquatilis	323284	S	1	2	3	0.00000
Pigmentiphaga aceris	1940612	S	9	0	9	0.00001
Pigmentiphaga sp. H8	2488560	S	9	0	9	0.00001
Pusillimonas sp. T7-7	1007105	S	6	0	6	0.00001
Pusillimonas sp. DMV24BSW_D	2716226	S	5	0	5	0.00000
Pusillimonas thiosulfatoxidans	2028345	S	7	0	7	0.00001
Orrella dioscoreae	1851544	S	12	2	14	0.00001
Advenella mimigardefordensis	302406	S	6	0	6	0.00001
Advenella kashmirensis	310575	S	2	0	2	0.00000
Kerstersia gyiorum	206506	S	6	0	6	0.00001
Oligella urethralis	90245	S	2	0	2	0.00000
Oligella ureolytica	90244	S	1	0	1	0.00000
Castellaniella defragrans	75697	S	3	1	4	0.00000
Basilea psittacipulmonis	1472345	S	2	0	2	0.00000
Algicoccus marinus	2163011	S	2	0	2	0.00000
Taylorella asinigenitalis	84590	S	1	0	1	0.00000
Pelistega ratti	2652177	S	1	0	1	0.00000
Paenalcaligenes hominis	643674	S	1	0	1	0.00000
Sutterella wadsworthensis	40545	S	8	2	10	0.00001
Turicimonas muris	1796652	S	4	0	4	0.00000
Aquaspirillum sp. LM1	1938604	S	213	13	226	0.00020
Chromobacterium violaceum	536	S	8	2	10	0.00001
Chromobacterium vaccinii	1108595	S	4	1	5	0.00000
Chromobacterium paludis	2605945	S	4	1	5	0.00000
Chromobacterium phragmitis	2202141	S	3	1	4	0.00000
Chromobacterium sp. Rain0013	2292447	S	2	3	5	0.00000
Chromobacterium rhizoryzae	1778675	S	1	8	9	0.00001
Iodobacter fluviatilis	537	S	2	0	2	0.00000
Iodobacter sp. H11R3	2496266	S	2	0	2	0.00000
Aquitalea sp. USM4	1590041	S	9	3	12	0.00001
Aquitalea aquatilis	1537400	S	6	0	6	0.00001
Aquitalea denitrificans	519081	S	2	0	2	0.00000
Aquitalea magnusonii	332411	S	1	0	1	0.00000
Laribacter hongkongensis	168471	S	10	3	13	0.00001
Vogesella sp. LIG4	1192162	S	8	0	8	0.00001
Jeongeupia sp. USM3	1906741	S	5	0	5	0.00000
Jeongeupia sp. HS-3	1009682	S	2	0	2	0.00000
Microvirgula aerodenitrificans	57480	S	6	0	6	0.00001
Deefgea sp. D17	2739061	S	6	0	6	0.00001
Pseudogulbenkiania sp. NH8B	748280	S	5	0	5	0.00000
Chitinibacter fontanus	1737446	S	2	0	2	0.00000
Chitinibacter sp. 2T18	2739434	S	1	0	1	0.00000
Vitreoscilla filiformis	63	S	94	13	107	0.00010
Vitreoscilla sp. C1	96942	S	4	0	4	0.00000
Neisseria sicca	490	S	7	3	10	0.00001
Neisseria sp. KEM232	655307	S	2	0	2	0.00000
Neisseria sp. oral taxon 014	641148	S	1	0	1	0.00000
Neisseria sp. ZJ785	2709396	S	1	1	2	0.00000
Neisseria elongata	495	S	6	1	7	0.00001
Neisseria meningitidis	487	S	5	4	9	0.00001
Neisseria mucosa	488	S	5	2	7	0.00001
Neisseria animaloris	326522	S	4	0	4	0.00000
Neisseria gonorrhoeae	485	S	3	1	4	0.00000
Neisseria dentiae	194197	S	3	0	3	0.00000
Neisseria chenwenguii	1853278	S	2	0	2	0.00000
Neisseria animalis	492	S	2	0	2	0.00000
Neisseria canis	493	S	2	0	2	0.00000
Neisseria cinerea	483	S	2	0	2	0.00000
Neisseria zalophi	640030	S	2	0	2	0.00000
Neisseria wadsworthii	607711	S	1	0	1	0.00000
Neisseria subflava	28449	S	1	0	1	0.00000
Neisseria musculi	1815583	S	1	0	1	0.00000
Neisseria brasiliensis	2666100	S	1	0	1	0.00000
Neisseria zoodegmatis	326523	S	1	0	1	0.00000
Neisseria bacilliformis	267212	S	1	0	1	0.00000
Neisseria weaveri	28091	S	1	0	1	0.00000
Neisseria polysaccharea	489	S	1	1	2	0.00000
Neisseria lactamica	486	S	1	1	2	0.00000
Crenobacter cavernae	2290923	S	12	2	14	0.00001
Chitinolyticbacter meiyuanensis	682798	S	7	0	7	0.00001
Snodgrassella alvi	1196083	S	5	0	5	0.00000
Conchiformibius steedae	153493	S	4	0	4	0.00000
Simonsiella muelleri	72	S	3	0	3	0.00000
Eikenella corrodens	539	S	1	1	2	0.00000
Kingella kingae	504	S	2	0	2	0.00000
Alysiella filiformis	194196	S	1	0	1	0.00000
Azoarcus sp. DD4	2027405	S	14	6	20	0.00002
Azoarcus sp. M9-3-2	2016596	S	12	0	12	0.00001
Azoarcus sp. DN11	356837	S	10	3	13	0.00001
Azoarcus sp. KH32C	748247	S	10	0	10	0.00001
Azoarcus sp. CIB	198107	S	6	2	8	0.00001
Azoarcus communis	41977	S	20	4	24	0.00002
Azoarcus olearius	418699	S	10	2	12	0.00001
Azoarcus pumilus	2067960	S	4	0	4	0.00000
Thauera sp. K11	2005884	S	10	3	13	0.00001
Thauera sp. MZ1T	85643	S	5	4	9	0.00001
Thauera humireducens	1134435	S	9	2	11	0.00001
Thauera hydrothermalis	2184083	S	7	1	8	0.00001
Thauera aromatica	59405	S	6	7	13	0.00001
Thauera chlorobenzoica	96773	S	6	5	11	0.00001
Azospira restricta	404405	S	19	6	25	0.00002
Azospira sp. I09	1765049	S	7	13	20	0.00002
Azospira oryzae	146939	S	5	8	13	0.00001
Aromatoleum aromaticum	551760	S	9	4	13	0.00001
Aromatoleum bremense	76115	S	8	4	12	0.00001
Aromatoleum petrolei	76116	S	7	3	10	0.00001
Oryzomicrobium terrae	1735038	S	10	1	11	0.00001
Rugosibacter aromaticivorans	1565605	S	8	0	8	0.00001
Niveibacterium sp. HC41	2811415	S	4	0	4	0.00000
Fluviibacter phosphoraccumulans	1751046	S	99	17	116	0.00010
Dechloromonas sp. HYN0024	2231055	S	28	5	33	0.00003
Dechloromonas sp. TW-R-39-2	2654218	S	18	3	21	0.00002
Dechloromonas aromatica	259537	S	30	5	35	0.00003
Candidatus Methylopumilus rimovensis	2588535	S	33	3	36	0.00003
Candidatus Methylopumilus universalis	2588536	S	18	4	22	0.00002
Candidatus Methylopumilus turicensis	1581680	S	17	1	18	0.00002
Candidatus Methylopumilus planktonicus	1581557	S	12	3	15	0.00001
Methylotenera versatilis	1055487	S	24	1	25	0.00002
Methylotenera mobilis	359408	S	14	0	14	0.00001
Methylophilus sp. TWE2	1662285	S	8	1	9	0.00001
Methylophilus medardicus	2588534	S	2	0	2	0.00000
Methylovorus sp. MP688	887061	S	2	1	3	0.00000
Methylovorus glucosotrophus	266009	S	1	0	1	0.00000
Methylobacillus flagellatus	405	S	1	0	1	0.00000
Sulfuritalea hydrogenivorans	748811	S	38	2	40	0.00004
Denitratisoma sp. DHT3	1981880	S	9	5	14	0.00001
Denitratisoma oestradiolicum	311182	S	7	0	7	0.00001
Methyloversatilis sp. RAC08	1842540	S	13	0	13	0.00001
Sterolibacterium denitrificans	157592	S	11	2	13	0.00001
Nitrosomonas sp. Is79A3	261292	S	31	0	31	0.00003
Nitrosomonas sp. AL212	153948	S	2	2	4	0.00000
Nitrosomonas ureae	44577	S	3	1	4	0.00000
Nitrosomonas eutropha	916	S	2	0	2	0.00000
Nitrosomonas communis	44574	S	2	0	2	0.00000
Nitrosomonas europaea	915	S	1	0	1	0.00000
Nitrosospira lacus	1288494	S	5	0	5	0.00000
Nitrosospira briensis	35799	S	3	0	3	0.00000
Nitrosospira multiformis	1231	S	2	0	2	0.00000
Sulfuriferula plumbiphila	171865	S	7	1	8	0.00001
Sulfuriferula sp. AH1	1985873	S	6	2	8	0.00001
Sulfuriferula nivalis	2675298	S	4	0	4	0.00000
Sulfurimicrobium lacus	2715678	S	9	0	9	0.00001
Sulfuricella denitrificans	649841	S	8	0	8	0.00001
Sulfuritortus calidifontis	1914471	S	18	4	22	0.00002
Thiobacillus denitrificans	36861	S	9	0	9	0.00001
Usitatibacter rugosus	2732067	S	14	0	14	0.00001
Usitatibacter palustris	2732487	S	7	0	7	0.00001
Candidatus Nitrotoga sp. AM1P	2559597	S	8	0	8	0.00001
Sideroxydans lithotrophicus	63745	S	5	0	5	0.00000
Gallionella capsiferriformans	370405	S	4	0	4	0.00000
Candidatus Accumulibacter phosphatis	327160	S	19	0	19	0.00002
Casimicrobium huifangae	2591109	S	18	3	21	0.00002
Candidatus Kinetoplastibacterium crithidii	33056	S	1	-1	0	0.00000
Candidatus Kinetoplastibacterium galatii	994695	S	1	1	2	0.00000
Candidatus Profftella armatura (Diaphorina cf. continua)	2661583	S	1	0	1	0.00000
Pseudomonas oryzihabitans	47885	S	534	71	605	0.00054
Pseudomonas putida	303	S	74	49	123	0.00011
Pseudomonas fulva	47880	S	13	0	13	0.00001
Pseudomonas monteilii	76759	S	5	4	9	0.00001
Pseudomonas mosselii	78327	S	2	2	4	0.00000
Pseudomonas plecoglossicida	70775	S	1	0	1	0.00000
Pseudomonas sp. CMR12a	658629	S	78	58	136	0.00012
Pseudomonas sp. NIBRBAC000502773	2590776	S	13	6	19	0.00002
Pseudomonas sp. S34	1573718	S	11	1	12	0.00001
Pseudomonas sp. C27(2019)	2604941	S	11	0	11	0.00001
Pseudomonas sp. 15A4	2804761	S	9	2	11	0.00001
Pseudomonas sp. SCB32	2653853	S	9	0	9	0.00001
Pseudomonas sp. M30-35	1981174	S	8	0	8	0.00001
Pseudomonas sp. SNU WT1	2518644	S	8	0	8	0.00001
Pseudomonas sp. URMO17WK12:I11	1283291	S	7	5	12	0.00001
Pseudomonas sp. S150	2559074	S	7	8	15	0.00001
Pseudomonas sp. ADAK13	2730847	S	6	1	7	0.00001
Pseudomonas sp. J380	2605424	S	6	4	10	0.00001
Pseudomonas sp. CMR5c	658630	S	5	0	5	0.00000
Pseudomonas sp. CC6-YY-74	1930532	S	5	0	5	0.00000
Pseudomonas sp. S-6-2	1931241	S	5	0	5	0.00000
Pseudomonas sp. RU47	2005388	S	5	3	8	0.00001
Pseudomonas sp. ACM7	2052956	S	5	0	5	0.00000
Pseudomonas sp. 02C 26	2054914	S	5	0	5	0.00000
Pseudomonas sp. ADAK18	2730848	S	5	0	5	0.00000
Pseudomonas sp. HLS-6	2049589	S	4	0	4	0.00000
Pseudomonas sp. CFSAN084952	2664899	S	4	16	20	0.00002
Pseudomonas sp. TUM18999	2725477	S	4	0	4	0.00000
Pseudomonas sp. 7SR1	1881017	S	4	0	4	0.00000
Pseudomonas sp. BIOMIG1BAC	1758730	S	4	4	8	0.00001
Pseudomonas sp. R76	1573711	S	4	1	5	0.00000
Pseudomonas sp. Tri1	2823875	S	4	0	4	0.00000
Pseudomonas sp. VLB120	69328	S	4	12	16	0.00001
Pseudomonas sp. StFLB209	1028989	S	3	0	3	0.00000
Pseudomonas sp. ATCC 43928	676210	S	3	3	6	0.00001
Pseudomonas sp. R5-89-07	658644	S	3	0	3	0.00000
Pseudomonas sp. LG1D9	2083054	S	3	3	6	0.00001
Pseudomonas sp. LG1E9	2219057	S	3	0	3	0.00000
Pseudomonas sp. R84	1573712	S	3	0	3	0.00000
Pseudomonas sp. S1-A32-2	2731681	S	3	0	3	0.00000
Pseudomonas sp. FGI182	1259844	S	3	3	6	0.00001
Pseudomonas sp. ATCC 13867	1294143	S	3	0	3	0.00000
Pseudomonas sp. B11D7D	2735906	S	2	0	2	0.00000
Pseudomonas sp. UW4	1207075	S	2	1	3	0.00000
Pseudomonas sp. FDAARGOS_380	2018067	S	2	1	3	0.00000
Pseudomonas sp. Z003-0.4C(8344-21)	1855380	S	2	1	3	0.00000
Pseudomonas sp. S09G 359	2054919	S	2	0	2	0.00000
Pseudomonas sp. DTU12.3	2073078	S	2	0	2	0.00000
Pseudomonas sp. Leaf58	1736226	S	2	0	2	0.00000
Pseudomonas sp. IB20	1702250	S	2	0	2	0.00000
Pseudomonas sp. DG56-2	2320270	S	2	0	2	0.00000
Pseudomonas sp. K2W31S-8	2320867	S	2	0	2	0.00000
Pseudomonas sp. MPC6	2498848	S	2	0	2	0.00000
Pseudomonas sp. S49	1573720	S	2	1	3	0.00000
Pseudomonas sp. OIL-1	2706126	S	2	0	2	0.00000
Pseudomonas sp. BIGb0427	2724470	S	2	0	2	0.00000
Pseudomonas sp. DR 5-09	1534110	S	2	1	3	0.00000
Pseudomonas sp. S35	1573719	S	2	0	2	0.00000
Pseudomonas sp. gcc21	2726989	S	2	0	2	0.00000
Pseudomonas sp. LAB-08	143813	S	1	0	1	0.00000
Pseudomonas sp. LBUM920	2126069	S	1	0	1	0.00000
Pseudomonas sp. Y39-6	2749807	S	1	3	4	0.00000
Pseudomonas sp. RtIB026	2749999	S	1	0	1	0.00000
Pseudomonas sp. SK	2729423	S	1	0	1	0.00000
Pseudomonas sp. NS1(2017)	2025658	S	1	0	1	0.00000
Pseudomonas sp. s211(2017)	2045200	S	1	1	2	0.00000
Pseudomonas sp. MSPm1	2726956	S	1	0	1	0.00000
Pseudomonas sp. PDNC002	2811422	S	1	0	1	0.00000
Pseudomonas sp. IzPS59	2774459	S	1	0	1	0.00000
Pseudomonas sp. LPB0260	2614442	S	1	0	1	0.00000
Pseudomonas sp. FDAARGOS_761	2545800	S	1	23	24	0.00002
Pseudomonas sp. PONIH3	1636610	S	1	3	4	0.00000
Pseudomonas sp. TCU-HL1	1856685	S	1	0	1	0.00000
Pseudomonas sp. MYb193	1827300	S	1	0	1	0.00000
Pseudomonas sp. DY-1	1755504	S	1	0	1	0.00000
Pseudomonas sp. R2-37-08W	1173273	S	1	1	2	0.00000
Pseudomonas fluorescens	294	S	162	82	244	0.00022
Pseudomonas azotoformans	47878	S	23	7	30	0.00003
Pseudomonas veronii	76761	S	22	55	77	0.00007
Pseudomonas tolaasii	29442	S	19	4	23	0.00002
Pseudomonas orientalis	76758	S	17	3	20	0.00002
Pseudomonas synxantha	47883	S	13	4	17	0.00002
Pseudomonas protegens	380021	S	10	1	11	0.00001
Pseudomonas cedrina	651740	S	6	1	7	0.00001
Pseudomonas brenneri	129817	S	6	1	7	0.00001
Pseudomonas trivialis	200450	S	4	0	4	0.00000
Pseudomonas migulae	78543	S	3	0	3	0.00000
Pseudomonas libanensis	75588	S	3	2	5	0.00000
Pseudomonas extremorientalis	169669	S	3	1	4	0.00000
Pseudomonas poae	200451	S	3	1	4	0.00000
Pseudomonas rhodesiae	76760	S	2	0	2	0.00000
Pseudomonas mandelii	75612	S	2	4	6	0.00001
Pseudomonas corrugata	47879	S	1	0	1	0.00000
Pseudomonas mucidolens	46679	S	1	0	1	0.00000
Pseudomonas syringae	317	S	25	24	49	0.00004
Pseudomonas viridiflava	33069	S	19	0	19	0.00002
Pseudomonas cichorii	36746	S	12	0	12	0.00001
Pseudomonas asturiensis	1190415	S	10	0	10	0.00001
Pseudomonas coronafaciens	53409	S	6	0	6	0.00001
Pseudomonas savastanoi	29438	S	2	4	6	0.00001
Pseudomonas syringae group genomosp. 3	251701	S	2	14	16	0.00001
Pseudomonas aeruginosa	287	S	51	245	296	0.00026
Pseudomonas alcaligenes	43263	S	11	3	14	0.00001
Pseudomonas nitroreducens	46680	S	4	3	7	0.00001
Pseudomonas multiresinivorans	95301	S	2	1	3	0.00000
Pseudomonas mendocina	300	S	8	1	9	0.00001
Pseudomonas oleovorans	301	S	5	11	16	0.00001
Pseudomonas furukawaii	1149133	S	1	0	1	0.00000
Pseudomonas citronellolis	53408	S	4	3	7	0.00001
Pseudomonas resinovorans	53412	S	2	0	2	0.00000
Pseudomonas stutzeri	316	S	78	23	101	0.00009
Pseudomonas balearica	74829	S	2	1	3	0.00000
Pseudomonas palleroniana	191390	S	54	5	59	0.00005
Pseudomonas fragi	296	S	21	17	38	0.00003
Pseudomonas chlororaphis	587753	S	14	3	17	0.00002
Pseudomonas lundensis	86185	S	11	0	11	0.00001
Pseudomonas psychrotolerans	237610	S	42	5	47	0.00004
Pseudomonas extremaustralis	359110	S	20	3	23	0.00002
Pseudomonas koreensis	198620	S	15	4	19	0.00002
Pseudomonas entomophila	312306	S	14	1	15	0.00001
Pseudomonas litoralis	797277	S	14	0	14	0.00001
Pseudomonas psychrophila	122355	S	13	0	13	0.00001
Pseudomonas rhizosphaerae	216142	S	13	0	13	0.00001
Pseudomonas agarici	46677	S	10	0	10	0.00001
Pseudomonas graminis	158627	S	10	2	12	0.00001
Pseudomonas taetrolens	47884	S	8	0	8	0.00001
Pseudomonas otitidis	319939	S	8	0	8	0.00001
Pseudomonas arsenicoxydans	702115	S	8	0	8	0.00001
Pseudomonas yamanorum	515393	S	7	1	8	0.00001
Pseudomonas brassicacearum	930166	S	7	21	28	0.00002
Pseudomonas parafulva	157782	S	7	1	8	0.00001
Pseudomonas lurida	244566	S	7	1	8	0.00001
Pseudomonas antarctica	219572	S	6	1	7	0.00001
Pseudomonas alkylphenolica	237609	S	6	0	6	0.00001
Pseudomonas lalkuanensis	2604832	S	5	0	5	0.00000
Pseudomonas silesiensis	1853130	S	5	0	5	0.00000
Pseudomonas versuta	1788301	S	5	0	5	0.00000
Pseudomonas kribbensis	1628086	S	5	2	7	0.00001
Pseudomonas eucalypticola	2599595	S	4	0	4	0.00000
Pseudomonas lini	163011	S	4	0	4	0.00000
Pseudomonas prosekii	1148509	S	4	0	4	0.00000
Pseudomonas thivervalensis	86265	S	4	0	4	0.00000
Pseudomonas umsongensis	198618	S	4	0	4	0.00000
Pseudomonas knackmussii	65741	S	4	2	6	0.00001
Pseudomonas allokribbensis	2774460	S	4	1	5	0.00000
Pseudomonas pelagia	553151	S	4	0	4	0.00000
Pseudomonas salegens	1434072	S	3	0	3	0.00000
Pseudomonas marincola	437900	S	3	0	3	0.00000
Pseudomonas frederiksbergensis	104087	S	3	0	3	0.00000
Pseudomonas xinjiangensis	487184	S	3	0	3	0.00000
Pseudomonas moraviensis	321662	S	2	0	2	0.00000
Pseudomonas atacamensis	2565368	S	2	1	3	0.00000
Pseudomonas alcaliphila	101564	S	2	1	3	0.00000
Pseudomonas asiatica	2219225	S	2	18	20	0.00002
Pseudomonas denitrificans (nom. rej.)	43306	S	2	0	2	0.00000
Pseudomonas vancouverensis	95300	S	2	0	2	0.00000
Pseudomonas cremoricolorata	157783	S	2	0	2	0.00000
Pseudomonas granadensis	1421430	S	2	0	2	0.00000
Pseudomonas oryzae	1392877	S	2	0	2	0.00000
Pseudomonas soli	1306993	S	2	5	7	0.00001
Pseudomonas guangdongensis	1245526	S	2	0	2	0.00000
Pseudomonas simiae	321846	S	2	0	2	0.00000
Pseudomonas pohangensis	364197	S	2	0	2	0.00000
Candidatus Pseudomonas adelgestsugas	1302376	S	1	0	1	0.00000
Pseudomonas saudiphocaensis	1499686	S	1	0	1	0.00000
Pseudomonas cerasi	1583341	S	1	2	3	0.00000
Pseudomonas sihuiensis	1274359	S	1	0	1	0.00000
Pseudomonas reinekei	395598	S	1	0	1	0.00000
Pseudomonas khazarica	2502979	S	1	1	2	0.00000
Azotobacter chroococcum	353	S	4	1	5	0.00000
Azotobacter salinestris	69964	S	4	1	5	0.00000
Azotobacter vinelandii	354	S	2	-2	0	0.00000
Entomomonas sp. F2A	2785331	S	6	0	6	0.00001
Entomomonas moraniae	2213226	S	4	0	4	0.00000
Oblitimonas alkaliphila	1697053	S	7	0	7	0.00001
Permianibacter aggregans	1510150	S	2	0	2	0.00000
Acinetobacter sp. TTH0-4	1646498	S	44	7	51	0.00005
Acinetobacter sp. NEB 394	2743575	S	31	56	87	0.00008
Acinetobacter sp. CS-2	2798861	S	15	6	21	0.00002
Acinetobacter sp. 10FS3-1	2563897	S	14	8	22	0.00002
Acinetobacter sp. WCHAc010034	1879049	S	13	4	17	0.00002
Acinetobacter sp. NCu2D-2	1608473	S	11	1	12	0.00001
Acinetobacter sp. Marseille-Q1620	2714110	S	9	0	9	0.00001
Acinetobacter sp. YH12138	2601122	S	8	2	10	0.00001
Acinetobacter sp. MYb10	1827285	S	8	1	9	0.00001
Acinetobacter sp. WCHA55	2004646	S	7	5	12	0.00001
Acinetobacter sp. LoGeW2-3	1808001	S	7	0	7	0.00001
Acinetobacter sp. WCHA45	2004644	S	5	6	11	0.00001
Acinetobacter sp. NEB149	2725684	S	4	11	15	0.00001
Acinetobacter sp. ACNIH2	1758189	S	4	1	5	0.00000
Acinetobacter sp. SWBY1	2079596	S	4	7	11	0.00001
Acinetobacter sp. ACNIH1	1636603	S	3	8	11	0.00001
Acinetobacter sp. TGL-Y2	1407071	S	3	0	3	0.00000
Acinetobacter sp. FDAARGOS_724	2545797	S	2	4	6	0.00001
Acinetobacter johnsonii	40214	S	113	100	213	0.00019
Acinetobacter baumannii	470	S	34	168	202	0.00018
Acinetobacter seifertii	1530123	S	11	4	15	0.00001
Acinetobacter calcoaceticus	471	S	5	0	5	0.00000
Acinetobacter pittii	48296	S	4	8	12	0.00001
Acinetobacter nosocomialis	106654	S	3	2	5	0.00000
Acinetobacter lwoffii	28090	S	61	76	137	0.00012
Acinetobacter junii	40215	S	40	9	49	0.00004
Acinetobacter haemolyticus	29430	S	26	10	36	0.00003
Acinetobacter guillouiae	106649	S	23	5	28	0.00002
Acinetobacter wuhouensis	1879050	S	20	7	27	0.00002
Acinetobacter indicus	756892	S	17	6	23	0.00002
Acinetobacter piscicola	2006115	S	15	5	20	0.00002
Acinetobacter soli	487316	S	14	0	14	0.00001
Acinetobacter gyllenbergii	134534	S	11	0	11	0.00001
Acinetobacter towneri	202956	S	11	16	27	0.00002
Acinetobacter radioresistens	40216	S	10	2	12	0.00001
Acinetobacter lanii	2715163	S	9	0	9	0.00001
Acinetobacter schindleri	108981	S	8	4	12	0.00001
Acinetobacter baylyi	202950	S	8	0	8	0.00001
Acinetobacter dispersus	70348	S	6	0	6	0.00001
Acinetobacter ursingii	108980	S	6	2	8	0.00001
Acinetobacter cumulans	2136182	S	5	1	6	0.00001
Acinetobacter equi	1324350	S	5	0	5	0.00000
Acinetobacter wanghuae	2662362	S	4	0	4	0.00000
Acinetobacter tandoii	202954	S	4	0	4	0.00000
Acinetobacter larvae	1789224	S	4	0	4	0.00000
Acinetobacter defluvii	1871111	S	3	1	4	0.00000
Acinetobacter oleivorans	1148157	S	3	0	3	0.00000
Acinetobacter variabilis	70346	S	3	3	6	0.00001
Acinetobacter chinensis	2004650	S	2	1	3	0.00000
Acinetobacter bereziniae	106648	S	2	0	2	0.00000
Acinetobacter shaoyimingii	2715164	S	2	0	2	0.00000
Acinetobacter venetianus	52133	S	1	0	1	0.00000
Moraxella osloensis	34062	S	106	8	114	0.00010
Moraxella nonliquefaciens	478	S	1	0	1	0.00000
Moraxella catarrhalis	480	S	1	0	1	0.00000
Moraxella cuniculi	34061	S	1	0	1	0.00000
Psychrobacter sp. P11F6	1699621	S	11	1	12	0.00001
Psychrobacter sp. G	571800	S	8	11	19	0.00002
Psychrobacter sp. P11G3	1699623	S	6	1	7	0.00001
Psychrobacter sp. 28M-43	2772254	S	5	1	6	0.00001
Psychrobacter sp. P11G5	1699624	S	5	9	14	0.00001
Psychrobacter sp. DAB_AL43B	1028416	S	3	0	3	0.00000
Psychrobacter sp. YP14	2203895	S	3	6	9	0.00001
Psychrobacter sp.	56811	S	3	1	4	0.00000
Psychrobacter sp. PRwf-1	349106	S	2	4	6	0.00001
Psychrobacter sp. KCTC 72983	2733866	S	2	3	5	0.00000
Psychrobacter sp. P2G3	1699622	S	1	1	2	0.00000
Psychrobacter arcticus	334543	S	3	0	3	0.00000
Psychrobacter urativorans	45610	S	2	0	2	0.00000
Psychrobacter arenosus	256326	S	2	0	2	0.00000
Psychrobacter maritimus	256325	S	1	9	10	0.00001
Psychrobacter cryohalolentis	330922	S	1	1	2	0.00000
Aquirhabdus parva	2283318	S	8	0	8	0.00001
Stenotrophomonas maltophilia	40324	S	718	324	1042	0.00093
Stenotrophomonas sp. SAU14A_NAIMI4_5	2072413	S	6	1	7	0.00001
Stenotrophomonas sp. ESTM1D_MKCIP4_1	2072414	S	4	0	4	0.00000
Stenotrophomonas sp. SAU14A_NAIMI4_8	2072409	S	3	10	13	0.00001
Stenotrophomonas sp. ZAC14D2_NAIMI4_7	2072405	S	1	0	1	0.00000
Stenotrophomonas sp. ZAC14D2_NAIMI4_6	2072406	S	1	1	2	0.00000
Stenotrophomonas sp. 169	2770322	S	10	0	10	0.00001
Stenotrophomonas sp. LM091	1904944	S	8	0	8	0.00001
Stenotrophomonas sp. Pemsol	2040586	S	8	3	11	0.00001
Stenotrophomonas sp. NA06056	2742129	S	6	0	6	0.00001
Stenotrophomonas sp. WZN-1	2005046	S	5	2	7	0.00001
Stenotrophomonas sp. 364	2691571	S	5	0	5	0.00000
Stenotrophomonas sp. G4	2303750	S	3	1	4	0.00000
Stenotrophomonas sp. MYb57	1827305	S	1	1	2	0.00000
Stenotrophomonas sp. SXG-1	2682487	S	1	2	3	0.00000
Stenotrophomonas rhizophila	216778	S	21	1	22	0.00002
Stenotrophomonas acidaminiphila	128780	S	8	7	15	0.00001
Stenotrophomonas indicatrix	2045451	S	2	3	5	0.00000
Xanthomonas campestris	339	S	70	1	71	0.00006
Xanthomonas sp. LMG 31887	2775162	S	4	4	8	0.00001
Xanthomonas sp. SI	2724123	S	2	0	2	0.00000
Xanthomonas sp. SS	2724122	S	1	0	1	0.00000
Xanthomonas hortorum	56454	S	11	0	11	0.00001
Xanthomonas oryzae	347	S	8	0	8	0.00001
Xanthomonas fragariae	48664	S	6	0	6	0.00001
Xanthomonas arboricola	56448	S	5	0	5	0.00000
Xanthomonas sacchari	56458	S	5	0	5	0.00000
Xanthomonas translucens	343	S	3	0	3	0.00000
Xanthomonas citri	346	S	3	0	3	0.00000
Xanthomonas cassavae	56450	S	3	0	3	0.00000
Xanthomonas hyacinthi	56455	S	2	0	2	0.00000
Xanthomonas vasicola	56459	S	2	0	2	0.00000
Xanthomonas vesicatoria	56460	S	2	0	2	0.00000
Xanthomonas theicola	56464	S	2	0	2	0.00000
Xanthomonas euvesicatoria	456327	S	2	258	260	0.00023
Xanthomonas cucurbitae	56453	S	1	0	1	0.00000
Xanthomonas axonopodis	53413	S	1	0	1	0.00000
Xanthomonas albilineans	29447	S	1	0	1	0.00000
Lysobacter enzymogenes	69	S	44	6	50	0.00004
Lysobacter sp. HDW10	2714936	S	8	0	8	0.00001
Lysobacter sp. CW239	2762611	S	3	0	3	0.00000
Lysobacter sp. H21R20	2781022	S	3	2	5	0.00000
Lysobacter sp. TY2-98	2290922	S	2	0	2	0.00000
Lysobacter sp. H21R4	2781021	S	2	1	3	0.00000
Lysobacter sp. H23M47	2781024	S	1	2	3	0.00000
Lysobacter solisilvae	2763317	S	13	0	13	0.00001
Lysobacter arenosi	2795387	S	11	0	11	0.00001
Lysobacter lycopersici	1324796	S	9	0	9	0.00001
Lysobacter capsici	435897	S	6	0	6	0.00001
Lysobacter antibioticus	84531	S	4	0	4	0.00000
Lysobacter soli	453783	S	3	0	3	0.00000
Lysobacter maris	1605891	S	3	0	3	0.00000
Lysobacter gummosus	262324	S	2	0	2	0.00000
Lysobacter oculi	2698682	S	2	0	2	0.00000
Thermomonas carbonis	1463158	S	32	0	32	0.00003
Thermomonas sp. HDW16	2714945	S	20	1	21	0.00002
Thermomonas sp. SY21	2202149	S	6	0	6	0.00001
Thermomonas sp. XSG	2771436	S	3	0	3	0.00000
Thermomonas brevis	215691	S	2	0	2	0.00000
Luteimonas sp. YGD11-2	2508168	S	12	1	13	0.00001
Luteimonas sp. MC1750	2799326	S	10	0	10	0.00001
Luteimonas sp. MC1572	2799325	S	7	0	7	0.00001
Luteimonas sp. JM171	1896164	S	4	0	4	0.00000
Luteimonas sp. MC1825	2761107	S	4	0	4	0.00000
Luteimonas chenhongjianii	2006110	S	9	0	9	0.00001
Luteimonas yindakuii	2565782	S	9	0	9	0.00001
Luteimonas granuli	1176533	S	7	0	7	0.00001
Pseudoxanthomonas mexicana	128785	S	23	5	28	0.00002
Pseudoxanthomonas suwonensis	314722	S	16	1	17	0.00002
Pseudoxanthomonas spadix	415229	S	3	0	3	0.00000
Arenimonas daejeonensis	370777	S	13	0	13	0.00001
Pseudolysobacter antarcticus	2511995	S	12	0	12	0.00001
Xylella fastidiosa	2371	S	4	1	5	0.00000
Xylella taiwanensis	1444770	S	3	0	3	0.00000
Rhodanobacter glycinis	582702	S	10	1	11	0.00001
Rhodanobacter denitrificans	666685	S	9	1	10	0.00001
Rhodanobacter sp. FDAARGOS 1247	2778082	S	6	1	7	0.00001
Dyella sp. G9	2763498	S	7	1	8	0.00001
Dyella sp. M7H15-1	2501295	S	5	0	5	0.00000
Dyella japonica	231455	S	3	0	3	0.00000
Dyella thiooxydans	445710	S	2	0	2	0.00000
Dyella caseinilytica	1849581	S	1	0	1	0.00000
Ahniella affigens	2021234	S	19	0	19	0.00002
Luteibacter pinisoli	2589080	S	12	1	13	0.00001
Luteibacter rhizovicinus	242606	S	6	0	6	0.00001
Dokdonella koreensis	323415	S	6	0	6	0.00001
Aerosticca soli	2010829	S	1	0	1	0.00000
Klebsiella pneumoniae	573	S	227	622	849	0.00076
Klebsiella grimontii	2058152	S	16	53	69	0.00006
Klebsiella sp. WP3-W18-ESBL-02	2675710	S	4	46	50	0.00004
Klebsiella sp. STW0522-44	2681387	S	2	2	4	0.00000
Klebsiella sp. BDA134-6	2787706	S	1	0	1	0.00000
Klebsiella aerogenes	548	S	4	0	4	0.00000
Klebsiella oxytoca	571	S	2	1	3	0.00000
Klebsiella variicola	244366	S	2	2	4	0.00000
Klebsiella michiganensis	1134687	S	2	2	4	0.00000
Klebsiella quasipneumoniae	1463165	S	2	3	5	0.00000
Klebsiella quasivariicola	2026240	S	1	0	1	0.00000
Enterobacter asburiae	61645	S	16	39	55	0.00005
Enterobacter cloacae	550	S	9	11	20	0.00002
Enterobacter hormaechei	158836	S	9	42	51	0.00005
Enterobacter roggenkampii	1812935	S	5	11	16	0.00001
Enterobacter ludwigii	299767	S	3	7	10	0.00001
Enterobacter chengduensis	2494701	S	1	0	1	0.00000
Enterobacter sp. 638	399742	S	1	0	1	0.00000
Enterobacter sp. RHBSTW-00975	2742673	S	1	5	6	0.00001
Enterobacter sp. RHBSTW-00175	2742639	S	1	0	1	0.00000
Enterobacter sp. JUb54	2724468	S	1	0	1	0.00000
Enterobacter sp. SA187	1914861	S	1	0	1	0.00000
Enterobacter sp. N18-03635	2500132	S	1	2	3	0.00000
Citrobacter freundii	546	S	10	22	32	0.00003
Citrobacter sp. BIDMC107	1686384	S	1	2	3	0.00000
Citrobacter freundii complex sp. CFNIH9	2077149	S	1	7	8	0.00001
Citrobacter youngae	133448	S	1	1	2	0.00000
Citrobacter sp. BDA59-3	2781952	S	4	1	5	0.00000
Citrobacter sp. R56	1573676	S	4	0	4	0.00000
Citrobacter sp. CF971	2566012	S	1	12	13	0.00001
Citrobacter rodentium	67825	S	2	0	2	0.00000
Citrobacter tructae	2562449	S	1	0	1	0.00000
Escherichia coli	562	S	26	229	255	0.00023
Escherichia marmotae	1499973	S	3	0	3	0.00000
Escherichia fergusonii	564	S	1	0	1	0.00000
Escherichia albertii	208962	S	1	0	1	0.00000
Raoultella terrigena	577	S	5	2	7	0.00001
Raoultella ornithinolytica	54291	S	5	14	19	0.00002
Raoultella sp. X13	2259647	S	1	5	6	0.00001
Enterobacteriaceae endosymbiont of Donacia bicoloricornis	2675772	S	3	1	4	0.00000
Enterobacteriaceae endosymbiont of Plateumaris sericea	2675797	S	2	1	3	0.00000
Enterobacteriaceae endosymbiont of Neohaemonia nigricornis	2675792	S	2	0	2	0.00000
Enterobacteriaceae endosymbiont of Donacia tomentosa	2675787	S	2	0	2	0.00000
Enterobacteriaceae endosymbiont of Donacia cinerea	2675774	S	1	0	1	0.00000
Enterobacteriaceae endosymbiont of Plateumaris rustica	2675796	S	1	0	1	0.00000
Enterobacteriaceae endosymbiont of Plateumaris braccata	2675793	S	1	0	1	0.00000
Enterobacteriaceae endosymbiont of Donacia provostii	2675781	S	1	0	1	0.00000
Enterobacteriaceae endosymbiont of Donacia semicuprea	2675783	S	1	1	2	0.00000
Enterobacteriaceae endosymbiont of Donacia thalassina	2675786	S	1	0	1	0.00000
Candidatus Hamiltonella defensa	138072	S	7	0	7	0.00001
secondary endosymbiont of Ctenarytaina eucalypti	1199245	S	2	0	2	0.00000
Candidatus Blochmannia pennsylvanicus	101534	S	2	0	2	0.00000
Blochmannia endosymbiont of Camponotus (Colobopsis) obliquus	1505597	S	1	0	1	0.00000
secondary endosymbiont of Trabutina mannipara	1835721	S	1	0	1	0.00000
Candidatus Purcelliella pentastirinorum	472834	S	1	0	1	0.00000
Candidatus Gullanella endobia	1070130	S	1	0	1	0.00000
Salmonella enterica	28901	S	8	14	22	0.00002
Leclercia sp. 4-9-1-25	2815358	S	1	4	5	0.00000
Leclercia adecarboxylata	83655	S	4	3	7	0.00001
Kosakonia sacchari	1158459	S	2	1	3	0.00000
Kosakonia cowanii	208223	S	1	2	3	0.00000
Kosakonia sp. MUSA4	2067958	S	1	2	3	0.00000
Buttiauxella sp. 3AFRM03	2479367	S	6	2	8	0.00001
Buttiauxella agrestis	82977	S	1	0	1	0.00000
Kluyvera ascorbata	51288	S	4	5	9	0.00001
Kluyvera intermedia	61648	S	3	0	3	0.00000
Kluyvera genomosp. 3	2774055	S	2	0	2	0.00000
Cronobacter sakazakii	28141	S	3	0	3	0.00000
Cronobacter muytjensii	413501	S	2	0	2	0.00000
Cronobacter dublinensis	413497	S	1	0	1	0.00000
Cronobacter universalis	535744	S	1	0	1	0.00000
Pluralibacter gergoviae	61647	S	5	0	5	0.00000
[Enterobacter] lignolyticus	1334193	S	1	0	1	0.00000
Cedecea neteri	158822	S	4	0	4	0.00000
Lelliottia amnigena	61646	S	4	0	4	0.00000
Metakosakonia sp. MRY16-398	2487150	S	2	4	6	0.00001
Jejubacter calystegiae	2579935	S	2	0	2	0.00000
Phytobacter diazotrophicus	395631	S	2	2	4	0.00000
Candidatus Ishikawaella capsulata	168169	S	1	0	1	0.00000
Yokenella regensburgei	158877	S	1	0	1	0.00000
Serratia fonticola	47917	S	22	6	28	0.00002
Serratia liquefaciens	614	S	13	14	27	0.00002
Serratia marcescens	615	S	10	15	25	0.00002
Serratia plymuthica	82996	S	8	1	9	0.00001
Serratia sp. 3ACOL1	2448483	S	2	2	4	0.00000
Serratia sp. FGI94	671990	S	1	0	1	0.00000
Serratia sp. KUDC3025	2597702	S	1	0	1	0.00000
Serratia sp. ATCC 39006	104623	S	1	0	1	0.00000
Serratia symbiotica	138074	S	4	0	4	0.00000
Serratia proteamaculans	28151	S	2	0	2	0.00000
Serratia odorifera	618	S	1	0	1	0.00000
Serratia quinivorans	137545	S	1	1	2	0.00000
Rahnella aquatilis	34038	S	9	15	24	0.00002
Rahnella sp. ERMR1:05	1805933	S	6	0	6	0.00001
Rahnella aceris	2703885	S	2	12	14	0.00001
Yersinia pestis	632	S	2	7	9	0.00001
Yersinia pseudotuberculosis	633	S	2	1	3	0.00000
Yersinia intermedia	631	S	3	6	9	0.00001
Yersinia massiliensis	419257	S	3	4	7	0.00001
Yersinia canariae	2607663	S	3	0	3	0.00000
Yersinia enterocolitica	630	S	2	0	2	0.00000
Yersinia kristensenii	28152	S	2	4	6	0.00001
Yersinia aldovae	29483	S	2	0	2	0.00000
Yersinia ruckeri	29486	S	1	0	1	0.00000
Yersinia entomophaga	935293	S	1	0	1	0.00000
Ewingella americana	41202	S	1	0	1	0.00000
Gibbsiella quercinecans	929813	S	1	0	1	0.00000
Chania multitudinisentens	1639108	S	1	0	1	0.00000
Candidatus Fukatsuia symbiotica	1878942	S	1	0	1	0.00000
Nissabacter sp. SGAir0207	2126321	S	1	0	1	0.00000
Pantoea agglomerans	549	S	24	2	26	0.00002
Pantoea sp. PSNIH1	1484158	S	3	2	5	0.00000
Pantoea sp. MSR2	2052056	S	2	0	2	0.00000
Pantoea sp. SO10	2575375	S	2	0	2	0.00000
Pantoea sp. At-9b	592316	S	1	0	1	0.00000
Pantoea vagans	470934	S	7	7	14	0.00001
Pantoea ananatis	553	S	6	0	6	0.00001
Pantoea dispersa	59814	S	4	0	4	0.00000
Pantoea alhagi	1891675	S	4	0	4	0.00000
Pantoea cypripedii	55209	S	2	0	2	0.00000
Pantoea rwandensis	1076550	S	2	0	2	0.00000
Pantoea eucalypti	470933	S	1	6	7	0.00001
Candidatus Pantoea carbekii	1235990	S	1	0	1	0.00000
Candidatus Erwinia haradaeae	1922217	S	15	0	15	0.00001
Erwinia sp. QL-Z3	2547962	S	4	5	9	0.00001
Erwinia sp. J780	2681984	S	3	0	3	0.00000
Erwinia sp. Ejp617	215689	S	1	0	1	0.00000
Erwinia gerundensis	1619313	S	7	0	7	0.00001
Erwinia billingiae	182337	S	5	2	7	0.00001
Erwinia pyrifoliae	79967	S	3	2	5	0.00000
Erwinia persicina	55211	S	1	0	1	0.00000
Erwinia tasmaniensis	338565	S	1	0	1	0.00000
Buchnera aphidicola	9	S	46	0	46	0.00004
Tatumella ptyseos	82987	S	2	0	2	0.00000
Tatumella sp. TA1	2487345	S	1	0	1	0.00000
Wigglesworthia glossinidia	51229	S	1	0	1	0.00000
Mixta calida	665913	S	1	0	1	0.00000
Proteus mirabilis	584	S	9	3	12	0.00001
Proteus vulgaris	585	S	5	8	13	0.00001
Proteus hauseri	183417	S	1	0	1	0.00000
Proteus sp. ZN5	2697019	S	1	1	2	0.00000
Providencia rettgeri	587	S	4	6	10	0.00001
Providencia alcalifaciens	126385	S	2	0	2	0.00000
Providencia rustigianii	158850	S	2	0	2	0.00000
Arsenophonus endosymbiont of Aphis craccivora	1231049	S	4	2	6	0.00001
Arsenophonus endosymbiont of Aleurodicus dispersus	235559	S	1	0	1	0.00000
Candidatus Arsenophonus lipoptenae	634113	S	3	0	3	0.00000
Arsenophonus nasoniae	638	S	1	0	1	0.00000
Xenorhabdus nematophila	628	S	1	0	1	0.00000
Xenorhabdus bovienii	40576	S	1	0	1	0.00000
Xenorhabdus poinarii	40577	S	1	0	1	0.00000
Xenorhabdus budapestensis	290110	S	1	0	1	0.00000
Xenorhabdus hominickii	351679	S	1	0	1	0.00000
Photorhabdus thracensis	230089	S	3	0	3	0.00000
Photorhabdus laumondii	2218628	S	2	0	2	0.00000
Morganella morganii	582	S	1	0	1	0.00000
Pectobacterium parmentieri	1905730	S	4	0	4	0.00000
Pectobacterium carotovorum	554	S	2	5	7	0.00001
Pectobacterium atrosepticum	29471	S	1	0	1	0.00000
Pectobacterium brasiliense	180957	S	1	1	2	0.00000
Pectobacterium punjabense	2108399	S	1	0	1	0.00000
Dickeya zeae	204042	S	4	0	4	0.00000
Dickeya paradisiaca	69223	S	2	-2	0	0.00000
Dickeya poaceiphila	568768	S	2	0	2	0.00000
Dickeya solani	1089444	S	2	0	2	0.00000
Dickeya sp. MK7	1224145	S	2	4	6	0.00001
Brenneria goodwinii	1109412	S	1	3	4	0.00000
Lonsdalea britannica	1082704	S	2	0	2	0.00000
Lonsdalea populi	1172565	S	1	0	1	0.00000
Hafnia alvei	569	S	6	3	9	0.00001
Hafnia paralvei	546367	S	1	0	1	0.00000
Obesumbacterium proteus	82983	S	4	0	4	0.00000
Edwardsiella hoshinae	93378	S	2	0	2	0.00000
Pragia fontium	82985	S	4	0	4	0.00000
Leminorella richardii	158841	S	1	0	1	0.00000
Plesiomonas shigelloides	703	S	3	0	3	0.00000
Sodalis endosymbiont of Henestaris halophilus	1929246	S	1	0	1	0.00000
Halomonas sp. JS92-SW72	2306583	S	69	14	83	0.00007
Halomonas sp. THAF5a	2587844	S	9	0	9	0.00001
Halomonas sp. MCCC 1A13718	2733488	S	6	0	6	0.00001
Halomonas sp. GT	1971364	S	4	1	5	0.00000
Halomonas sp. PGE1	2730360	S	3	0	3	0.00000
Halomonas sp. THAF12	2587849	S	3	1	4	0.00000
Halomonas sp. A40-4	2785909	S	2	0	2	0.00000
Halomonas sp. MCCC 1A13316	2733487	S	2	0	2	0.00000
Halomonas sp. Y2R2	2562282	S	2	0	2	0.00000
Halomonas sp. SF2003	2136172	S	1	0	1	0.00000
Halomonas sp. SH5A2	2749040	S	1	0	1	0.00000
Halomonas sp. MCCC 1A11059	2733484	S	1	7	8	0.00001
Halomonas sp. BC-M4-5	2497861	S	1	0	1	0.00000
Halomonas sp. N3-2A	2014541	S	1	0	1	0.00000
Halomonas sp. hl-4	1761789	S	1	1	2	0.00000
Halomonas sp. KO116	1504981	S	1	0	1	0.00000
Halomonas sp. HG01	1609967	S	1	0	1	0.00000
Halomonas elongata	2746	S	4	0	4	0.00000
Halomonas aestuarii	1897729	S	3	0	3	0.00000
Halomonas beimenensis	475662	S	3	0	3	0.00000
Halomonas hydrothermalis	115561	S	2	1	3	0.00000
Halomonas huangheensis	1178482	S	2	0	2	0.00000
Halomonas socia	1081866	S	2	0	2	0.00000
Halomonas meridiana	29570	S	1	0	1	0.00000
Halomonas subglaciescola	29571	S	1	0	1	0.00000
Halomonas chromatireducens	507626	S	1	0	1	0.00000
Kushneria konosiri	698828	S	6	0	6	0.00001
Kushneria phosphatilytica	657387	S	3	0	3	0.00000
Kushneria marisflavi	157779	S	1	0	1	0.00000
Cobetia sp. cqz5-12	2609415	S	4	2	6	0.00001
Cobetia pacifica	1055101	S	1	2	3	0.00000
Halotalea alkalilenta	376489	S	8	0	8	0.00001
Salinicola tamaricis	1771309	S	6	0	6	0.00001
Zymobacter palmae	33074	S	2	0	2	0.00000
Candidatus Portiera aleyrodidarum	91844	S	2	0	2	0.00000
Chromohalobacter salexigens	158080	S	1	0	1	0.00000
Marinomonas mediterranea	119864	S	4	0	4	0.00000
Marinomonas sp. MWYL1	400668	S	2	0	2	0.00000
Marinomonas sp. FW-1	2071621	S	2	0	2	0.00000
Marinomonas foliarum	491950	S	4	1	5	0.00000
Marinomonas arctica	383750	S	2	0	2	0.00000
Marinomonas posidonica	936476	S	1	0	1	0.00000
Marinomonas algicola	2773454	S	1	0	1	0.00000
Neptunomonas japonica	417574	S	12	0	12	0.00001
Neptunomonas phycophila	1572645	S	3	0	3	0.00000
Neptunomonas concharum	1031538	S	2	0	2	0.00000
Marinobacterium georgiense	48076	S	4	0	4	0.00000
Marinobacterium aestuarii	1821621	S	2	0	2	0.00000
Marinobacterium sp. LSUCC0821	2668067	S	2	0	2	0.00000
Bacterioplanes sanyensis	1249553	S	3	0	3	0.00000
Thalassolituus oleivorans	187493	S	2	0	2	0.00000
Nitrincola sp. KXZD1103	2614693	S	2	0	2	0.00000
Amphritea japonica	452627	S	2	0	2	0.00000
Bermanella marisrubri	207949	S	2	0	2	0.00000
Kangiella geojedonensis	914150	S	3	0	3	0.00000
Kangiella sediminilitoris	1144748	S	3	0	3	0.00000
Kangiella profundi	1561924	S	2	0	2	0.00000
Saccharospirillum mangrovi	2161747	S	3	0	3	0.00000
Reinekea forsetii	1336806	S	2	0	2	0.00000
Gynuella sunshinyii	1445505	S	2	0	2	0.00000
Alcanivorax sp. N3-2A	2014542	S	2	3	5	0.00000
Hahella sp. KA22	1628392	S	4	0	4	0.00000
Hahella chejuensis	158327	S	1	0	1	0.00000
Litoricola lipolytica	418701	S	2	0	2	0.00000
Oleiphilus messinensis	141451	S	1	0	1	0.00000
Endozoicomonas montiporae	1027273	S	1	0	1	0.00000
Aeromonas media	651	S	92	53	145	0.00013
Aeromonas sp. CU5	2033033	S	8	0	8	0.00001
Aeromonas sp. ASNIH3	1636608	S	5	116	121	0.00011
Aeromonas sp. ASNIH4	1636609	S	5	10	15	0.00001
Aeromonas sp. CA23	2033032	S	2	0	2	0.00000
Aeromonas sp. 2692-1	2560029	S	2	4	6	0.00001
Aeromonas sp.	647	S	1	1	2	0.00000
Aeromonas hydrophila	644	S	13	16	29	0.00003
Aeromonas veronii	654	S	12	3	15	0.00001
Aeromonas salmonicida	645	S	8	13	21	0.00002
Aeromonas rivipollensis	948519	S	6	4	10	0.00001
Aeromonas encheleia	73010	S	6	0	6	0.00001
Aeromonas caviae	648	S	3	7	10	0.00001
Aeromonas schubertii	652	S	2	0	2	0.00000
Aeromonas dhakensis	196024	S	1	0	1	0.00000
Aeromonas simiae	218936	S	1	0	1	0.00000
Aeromonas sobria	646	S	1	8	9	0.00001
Tolumonas auensis	43948	S	5	0	5	0.00000
Oceanimonas sp. GK1	511062	S	4	0	4	0.00000
Oceanisphaera avium	1903694	S	4	0	4	0.00000
Zobellella denitrificans	347534	S	4	0	4	0.00000
Succinivibrio dextrinosolvens	83771	S	4	0	4	0.00000
Pseudoalteromonas sp. SM1988	2744479	S	4	0	4	0.00000
Pseudoalteromonas sp. 1_2015MBL_MicDiv	1720343	S	2	2	4	0.00000
Pseudoalteromonas sp. LC2018020214	2799564	S	1	1	2	0.00000
Pseudoalteromonas sp. DL-6	1390185	S	1	0	1	0.00000
Pseudoalteromonas sp. GCY	2003316	S	1	0	1	0.00000
Pseudoalteromonas translucida	166935	S	5	1	6	0.00001
Pseudoalteromonas undina	43660	S	4	3	7	0.00001
Pseudoalteromonas paragorgicola	166934	S	4	6	10	0.00001
Pseudoalteromonas espejiana	28107	S	3	0	3	0.00000
Pseudoalteromonas nigrifaciens	28109	S	3	6	9	0.00001
Pseudoalteromonas luteoviolacea	43657	S	3	0	3	0.00000
Pseudoalteromonas spongiae	298657	S	3	0	3	0.00000
Pseudoalteromonas tunicata	314281	S	2	0	2	0.00000
Pseudoalteromonas atlantica	288	S	1	0	1	0.00000
Pseudoalteromonas shioyasakiensis	1190813	S	1	0	1	0.00000
Pseudoalteromonas xiamenensis	882626	S	1	0	1	0.00000
Pseudoalteromonas arabiensis	874454	S	1	0	1	0.00000
Pseudoalteromonas viridis	339617	S	1	0	1	0.00000
Pseudoalteromonas marina	267375	S	1	1	2	0.00000
Pseudoalteromonas aliena	247523	S	1	0	1	0.00000
Pseudoalteromonas agarivorans	176102	S	1	1	2	0.00000
Pseudoalteromonas ruthenica	151081	S	1	0	1	0.00000
Pseudoalteromonas piscicida	43662	S	1	0	1	0.00000
Psychrosphaera aestuarii	1266052	S	2	0	2	0.00000
Psychrosphaera sp. MTZ26	2820710	S	1	0	1	0.00000
Shewanella sp. M2	2487742	S	4	0	4	0.00000
Shewanella sp. ANA-3	94122	S	2	2	4	0.00000
Shewanella sp. FJAT-51800	2814294	S	1	0	1	0.00000
Shewanella sp. FJAT-52962	2814293	S	1	0	1	0.00000
Shewanella sp. LZH-2	2806008	S	1	0	1	0.00000
Shewanella sp. YLB-09	2601269	S	1	6	7	0.00001
Shewanella donghaensis	238836	S	5	0	5	0.00000
Shewanella baltica	62322	S	4	1	5	0.00000
Shewanella loihica	359303	S	3	0	3	0.00000
Shewanella amazonensis	60478	S	3	0	3	0.00000
Shewanella khirikhana	1965282	S	3	0	3	0.00000
Shewanella psychrophila	225848	S	3	0	3	0.00000
Shewanella maritima	2520507	S	2	0	2	0.00000
Shewanella sediminis	271097	S	2	0	2	0.00000
Shewanella litorisediminis	1173586	S	2	0	2	0.00000
Shewanella japonica	93973	S	2	3	5	0.00000
Shewanella aestuarii	1028752	S	1	0	1	0.00000
Shewanella halifaxensis	271098	S	1	0	1	0.00000
Shewanella chilikensis	558541	S	1	1	2	0.00000
Shewanella decolorationis	256839	S	1	0	1	0.00000
Shewanella denitrificans	192073	S	1	0	1	0.00000
Shewanella bicestrii	2018305	S	1	2	3	0.00000
Shewanella violacea	60217	S	1	0	1	0.00000
Shewanella benthica	43661	S	1	0	1	0.00000
Shewanella putrefaciens	24	S	1	1	2	0.00000
Parashewanella spongiae	342950	S	1	0	1	0.00000
Parashewanella tropica	2547970	S	1	0	1	0.00000
Marinobacter sp. es.042	1761794	S	3	1	4	0.00000
Marinobacter sp. NP-4(2019)	2488665	S	2	0	2	0.00000
Marinobacter sp. LV10R510-11A	1415568	S	1	0	1	0.00000
Marinobacter sp. JH2	2547598	S	1	0	1	0.00000
Marinobacter salarius	1420917	S	3	0	3	0.00000
Marinobacter hydrocarbonoclasticus	2743	S	2	0	2	0.00000
Marinobacter fonticola	2603215	S	2	0	2	0.00000
Marinobacter salinus	1874317	S	1	0	1	0.00000
Alteromonas macleodii	28108	S	6	2	8	0.00001
Alteromonas sp. RKMC-009	2267264	S	1	3	4	0.00000
Alteromonas mediterranea	314275	S	2	0	2	0.00000
Alteromonas pelagimontana	1858656	S	2	0	2	0.00000
Alteromonas naphthalenivorans	715451	S	1	0	1	0.00000
Paraglaciecola sp. L1A13	2686359	S	5	1	6	0.00001
Paraglaciecola sp. L3A3	2686358	S	2	0	2	0.00000
Paraglaciecola mesophila	197222	S	1	0	1	0.00000
Glaciecola amylolytica	2489595	S	7	0	7	0.00001
Saliniradius amylolyticus	2183582	S	5	0	5	0.00000
Agarivorans gilvus	680279	S	2	0	2	0.00000
Catenovulum sediminis	1740262	S	2	0	2	0.00000
Hydrocarboniclastica marina	2259620	S	2	0	2	0.00000
Salinimonas sp. G2-b	2785918	S	1	0	1	0.00000
Colwellia sp. MT41	58049	S	3	0	3	0.00000
Colwellia sp. Arc7-D	2161872	S	2	0	2	0.00000
Colwellia sp. Arc7-635	2497879	S	2	0	2	0.00000
Colwellia psychrerythraea	28229	S	1	0	1	0.00000
Litorilituus sediminis	718192	S	1	0	1	0.00000
Thalassotalea sp. HSM 43	2552945	S	1	0	1	0.00000
Moritella marina	90736	S	4	0	4	0.00000
Moritella yayanosii	69539	S	3	0	3	0.00000
Idiomarina andamanensis	1940690	S	3	0	3	0.00000
Idiomarina sp. OT37-5b	2100422	S	1	0	1	0.00000
Ferrimonas lipolytica	2724191	S	2	0	2	0.00000
Psychromonas ingrahamii	357794	S	1	0	1	0.00000
Psychromonas sp. CNPT3	314282	S	1	0	1	0.00000
Rheinheimera sp. LHK132	2498451	S	35	0	35	0.00003
Rheinheimera sp. F8	1763998	S	12	0	12	0.00001
Rheinheimera sp. D18	2545632	S	3	0	3	0.00000
Thioflavicoccus mobilis	80679	S	11	0	11	0.00001
Candidatus Thiodictyon syntrophicum	1166950	S	10	0	10	0.00001
Thiocystis violascens	73141	S	7	0	7	0.00001
Nitrosococcus wardiae	1814290	S	3	2	5	0.00000
Marichromatium purpuratum	37487	S	3	0	3	0.00000
Candidatus Nitrosoglobus terrae	1630141	S	3	0	3	0.00000
Caldichromatium japonicum	2699430	S	3	0	3	0.00000
Allochromatium vinosum	1049	S	2	0	2	0.00000
Thermochromatium tepidum	1050	S	2	0	2	0.00000
Candidatus Nitrosacidococcus tergens	553981	S	2	0	2	0.00000
Thioalkalivibrio sulfidiphilus	1033854	S	10	2	12	0.00001
Thioalkalivibrio nitratireducens	186931	S	3	1	4	0.00000
Thioalkalivibrio sp. K90mix	396595	S	2	0	2	0.00000
Thioalkalivibrio paradoxus	108010	S	1	0	1	0.00000
Acidihalobacter ferrooxydans	1765967	S	5	0	5	0.00000
Acidihalobacter yilgarnenesis	2819280	S	5	0	5	0.00000
Acidihalobacter aeolianus	2792603	S	2	0	2	0.00000
Halorhodospira halophila	1053	S	6	0	6	0.00001
Halorhodospira halochloris	1052	S	2	0	2	0.00000
Spiribacter salinus	1335746	S	3	0	3	0.00000
Spiribacter sp. 2438	2666185	S	2	0	2	0.00000
Spiribacter curvatus	1335757	S	1	0	1	0.00000
Alkalilimnicola ehrlichii	351052	S	2	0	2	0.00000
Aquisalimonas sp. 2447	2740807	S	2	0	2	0.00000
Ectothiorhodospira haloalkaliphila	421628	S	1	0	1	0.00000
Granulosicoccus antarcticus	437505	S	4	0	4	0.00000
Sulfuriflexus mobilis	1811807	S	3	0	3	0.00000
Halothiobacillus neapolitanus	927	S	1	2	3	0.00000
Halothiobacillus sp. LS2	1860122	S	1	2	3	0.00000
Thiohalobacter sp. COW1	2795687	S	1	5	6	0.00001
Wenzhouxiangella marina	1579979	S	3	0	3	0.00000
Woeseia oceani	1548547	S	2	0	2	0.00000
Guyparkeria halophila	47960	S	2	0	2	0.00000
Vibrio anguillarum	55601	S	33	2	35	0.00003
Vibrio parahaemolyticus	670	S	9	1	10	0.00001
Vibrio campbellii	680	S	5	0	5	0.00000
Vibrio natriegens	691	S	3	1	4	0.00000
Vibrio diabolicus	50719	S	2	0	2	0.00000
Vibrio azureus	512649	S	1	0	1	0.00000
Vibrio owensii	696485	S	1	0	1	0.00000
Vibrio vulnificus	672	S	9	0	9	0.00001
Vibrio sp. SM1977	2662262	S	3	0	3	0.00000
Vibrio sp. Sal10	2777577	S	2	0	2	0.00000
Vibrio sp. sp1	2766781	S	2	7	9	0.00001
Vibrio sp. HDW18	2714948	S	1	0	1	0.00000
Vibrio crassostreae	246167	S	4	0	4	0.00000
Vibrio rumoiensis	76258	S	4	1	5	0.00000
Vibrio spartinae	1918945	S	3	0	3	0.00000
Vibrio mimicus	674	S	3	0	3	0.00000
Vibrio aphrogenes	1891186	S	3	0	3	0.00000
Vibrio scophthalmi	45658	S	3	0	3	0.00000
Vibrio metschnikovii	28172	S	3	0	3	0.00000
Vibrio gazogenes	687	S	3	0	3	0.00000
Vibrio navarrensis	29495	S	2	0	2	0.00000
Vibrio splendidus	29497	S	2	0	2	0.00000
Vibrio furnissii	29494	S	2	0	2	0.00000
Vibrio aquimaris	2587862	S	2	0	2	0.00000
Vibrio tubiashii	29498	S	2	0	2	0.00000
Vibrio nigripulchritudo	28173	S	2	0	2	0.00000
Vibrio chagasii	170679	S	2	0	2	0.00000
Vibrio astriarenae	1481923	S	2	0	2	0.00000
Vibrio fluvialis	676	S	2	0	2	0.00000
Vibrio metoecus	1481663	S	2	0	2	0.00000
Vibrio cholerae	666	S	1	0	1	0.00000
Vibrio tritonius	1435069	S	1	0	1	0.00000
Vibrio alfacsensis	1074311	S	1	0	1	0.00000
Vibrio mediterranei	689	S	1	0	1	0.00000
Vibrio kanaloae	170673	S	1	0	1	0.00000
Photobacterium damselae	38293	S	9	2	11	0.00001
Photobacterium profundum	74109	S	3	0	3	0.00000
Photobacterium ganghwense	320778	S	2	0	2	0.00000
Photobacterium gaetbulicola	1295392	S	2	0	2	0.00000
Aliivibrio fischeri	668	S	6	0	6	0.00001
Aliivibrio salmonicida	40269	S	1	0	1	0.00000
Grimontia hollisae	673	S	6	0	6	0.00001
Paraphotobacterium marinum	1755811	S	3	0	3	0.00000
Salinivibrio kushneri	1908198	S	1	1	2	0.00000
Cellvibrio sp. KY-GH-1	2303332	S	12	2	14	0.00001
Cellvibrio sp. KY-YJ-3	454662	S	11	3	14	0.00001
Cellvibrio sp. PSBB023	1945512	S	8	1	9	0.00001
Cellvibrio sp. PSBB006	1987723	S	6	0	6	0.00001
Cellvibrio japonicus	155077	S	7	0	7	0.00001
Simiduia agarivorans	447471	S	10	0	10	0.00001
Teredinibacter haidensis	2731755	S	3	0	3	0.00000
Teredinibacter purpureus	2731756	S	3	0	3	0.00000
Teredinibacter turnerae	2426	S	1	0	1	0.00000
Saccharophagus degradans	86304	S	2	0	2	0.00000
Agarilytica rhodophyticola	1737490	S	2	0	2	0.00000
Halioglobus japonicus	930805	S	7	0	7	0.00001
Halioglobus pacificus	930806	S	3	0	3	0.00000
Halioglobus maricola	2601894	S	3	0	3	0.00000
Kineobactrum salinum	2708301	S	6	0	6	0.00001
Congregibacter litoralis	393662	S	3	1	4	0.00000
Microbulbifer sp. THAF38	2587856	S	3	0	3	0.00000
Microbulbifer sp. YPW1	2745199	S	3	0	3	0.00000
Microbulbifer sp. SH-1	2681547	S	2	0	2	0.00000
Microbulbifer sp. GL-2	2591606	S	1	0	1	0.00000
Microbulbifer thermotolerans	252514	S	3	0	3	0.00000
Microbulbifer aggregans	1769779	S	3	0	3	0.00000
Spongiibacter sp. IMCC21906	1620392	S	1	0	1	0.00000
Spongiibacter sp. CSC3.9	2794344	S	1	0	1	0.00000
Oceanicoccus sagamiensis	716816	S	1	0	1	0.00000
Zhongshania aliphaticivorans	1470434	S	1	0	1	0.00000
Legionella oakridgensis	29423	S	11	1	12	0.00001
Legionella sp. TUM19329	2708020	S	4	0	4	0.00000
Legionella sp. PC997	2755562	S	3	0	3	0.00000
Legionella sp. MW5194	2662448	S	2	0	2	0.00000
Legionella pneumophila	446	S	9	3	12	0.00001
Legionella cherrii	28084	S	6	0	6	0.00001
Legionella sainthelensi	28087	S	6	0	6	0.00001
Legionella waltersii	66969	S	5	1	6	0.00001
Legionella endosymbiont of Polyplax serrata	2005262	S	5	0	5	0.00000
Legionella longbeachae	450	S	4	0	4	0.00000
Legionella fallonii	96230	S	4	0	4	0.00000
Legionella spiritensis	452	S	3	0	3	0.00000
Legionella anisa	28082	S	3	0	3	0.00000
Legionella adelaidensis	45056	S	3	0	3	0.00000
Legionella hackeliae	449	S	2	0	2	0.00000
Legionella israelensis	454	S	1	0	1	0.00000
Legionella jordanis	456	S	1	0	1	0.00000
Legionella geestiana	45065	S	1	0	1	0.00000
Legionella clemsonensis	1867846	S	1	0	1	0.00000
Fluoribacter dumoffii	463	S	3	-3	0	0.00000
Tatlockia micdadei	451	S	2	0	2	0.00000
Candidatus Rickettsiella viridis	676208	S	13	1	14	0.00001
Aquicella lusitana	254246	S	2	0	2	0.00000
Aquicella siphonis	254247	S	2	0	2	0.00000
Candidatus Coxiella mudrowiae	2054173	S	1	0	1	0.00000
Haemophilus parainfluenzae	729	S	12	1	13	0.00001
Haemophilus haemolyticus	726	S	6	1	7	0.00001
Haemophilus influenzae	727	S	4	1	5	0.00000
Haemophilus parahaemolyticus	735	S	3	0	3	0.00000
Haemophilus sp. oral taxon 036	712310	S	2	0	2	0.00000
[Haemophilus] ducreyi	730	S	1	0	1	0.00000
Pasteurella multocida	747	S	28	23	51	0.00005
Actinobacillus pleuropneumoniae	715	S	3	2	5	0.00000
Actinobacillus equuli	718	S	2	0	2	0.00000
Actinobacillus sp. GY-402	2774188	S	2	0	2	0.00000
Actinobacillus succinogenes	67854	S	1	0	1	0.00000
Actinobacillus porcitonsillarum	189834	S	1	0	1	0.00000
Aggregatibacter actinomycetemcomitans	714	S	3	3	6	0.00001
Aggregatibacter segnis	739	S	3	0	3	0.00000
Mannheimia granulomatis	85402	S	2	0	2	0.00000
Mannheimia pernigra	111844	S	2	1	3	0.00000
Mannheimia bovis	2770636	S	1	0	1	0.00000
Gallibacterium anatis	750	S	4	0	4	0.00000
Glaesserella parasuis	738	S	4	0	4	0.00000
Rodentibacter heylii	1906744	S	2	0	2	0.00000
Rodentibacter sp. DSM 111151	2778911	S	1	0	1	0.00000
Bibersteinia trehalosi	47735	S	1	41	42	0.00004
Basfia succiniciproducens	653940	S	1	0	1	0.00000
Thiothrix sp.	1032	S	9	1	10	0.00001
Thiothrix sp. Ku-5	2735563	S	8	1	9	0.00001
Thiothrix unzii	111769	S	10	1	11	0.00001
Beggiatoa leptomitoformis	288004	S	8	0	8	0.00001
Cycloclasticus zancles	1329899	S	4	5	9	0.00001
Cycloclasticus sp. PY97N	728003	S	2	2	4	0.00000
Thiomicrospira aerophila	92245	S	3	0	3	0.00000
Thiomicrospira cyclica	147268	S	2	0	2	0.00000
Thiomicrospira sp. S5	1803865	S	2	0	2	0.00000
Piscirickettsia salmonis	1238	S	5	0	5	0.00000
Methylophaga nitratireducenticrescens	754476	S	3	0	3	0.00000
Methylophaga frappieri	754477	S	1	0	1	0.00000
Hydrogenovibrio crunogenus	39765	S	3	0	3	0.00000
Thiomicrorhabdus aquaedulcis	2211106	S	3	0	3	0.00000
Thiosulfativibrio zosterae	2675053	S	1	0	1	0.00000
Thiosulfatimonas sediminis	2675054	S	1	0	1	0.00000
Francisella tularensis	263	S	3	0	3	0.00000
Francisella halioticida	549298	S	3	0	3	0.00000
Francisella hispaniensis	622488	S	3	1	4	0.00000
Francisella uliginis	573570	S	2	0	2	0.00000
Francisella sp. FSC1006	1547445	S	1	0	1	0.00000
Francisella sp. Scap27	2589986	S	1	1	2	0.00000
Francisella adeliensis	2007306	S	1	1	2	0.00000
Methylomonas sp. EFPC1	2812647	S	6	2	8	0.00001
Methylomonas sp. LL1	2785785	S	5	0	5	0.00000
Methylomonas sp. DH-1	1727196	S	3	6	9	0.00001
Methylomonas sp. LW13	107637	S	1	0	1	0.00000
Methylomonas rhizoryzae	2608981	S	8	0	8	0.00001
Methylomonas methanica	421	S	6	0	6	0.00001
Methylomonas denitrificans	1538553	S	3	0	3	0.00000
Methylococcus sp. IM1	2681310	S	5	0	5	0.00000
Methylococcus sp. EFPC2	2812648	S	5	0	5	0.00000
Methylococcus capsulatus	414	S	1	0	1	0.00000
Methylotuvimicrobium buryatense	95641	S	5	3	8	0.00001
Methylotuvimicrobium alcaliphilum	271065	S	4	3	7	0.00001
Methylovulum psychrotolerans	1704499	S	8	0	8	0.00001
Methylomicrobium sp. wino1	2049332	S	7	4	11	0.00001
Methylocaldum marinum	1432792	S	6	0	6	0.00001
Candidatus Methylospira mobilis	1808979	S	1	0	1	0.00000
Thiolapillus brandeum	1076588	S	10	0	10	0.00001
Candidatus Vesicomyosocius okutanii	412965	S	2	2	4	0.00000
Bathymodiolus thermophilus thioautotrophic gill symbiont	2360	S	1	0	1	0.00000
Pseudohongiella spirulinae	1249552	S	4	0	4	0.00000
Candidatus Azoamicus ciliaticola	2652803	S	4	0	4	0.00000
Candidatus Thioglobus autotrophicus	1705394	S	2	0	2	0.00000
Candidatus Reidiella endopervernicosa	2738883	S	2	0	2	0.00000
endosymbiont of Sipalinus gigas	1972134	S	1	0	1	0.00000
Gallaecimonas mangrovi	2291597	S	1	0	1	0.00000
Sinimarinibacterium sp. NLF-5-8	2698684	S	9	1	10	0.00001
Solimonas sp. K1W22B-7	2303331	S	5	0	5	0.00000
Steroidobacter denitrificans	465721	S	7	0	7	0.00001
Acidiferrobacter sp. SPIII_3	1281578	S	5	0	5	0.00000
Sulfuricaulis limicola	1620215	S	4	0	4	0.00000
Sulfurifustis variabilis	1675686	S	3	0	3	0.00000
Immundisolibacter cernigliae	1810504	S	10	0	10	0.00001
Frischella perrara	1267021	S	5	0	5	0.00000
Gilliamella apicola	1196095	S	3	0	3	0.00000
Cardiobacterium hominis	2718	S	6	0	6	0.00001
Salinisphaera sp. LB1	2183911	S	3	0	3	0.00000
endosymbiont of unidentified scaly snail isolate Monju	1248727	S	2	0	2	0.00000
Bradyrhizobium sp.	376	S	20	34	54	0.00005
Bradyrhizobium sp. ORS 285	115808	S	16	3	19	0.00002
Bradyrhizobium sp. CCBAU 051011	858422	S	12	2	14	0.00001
Bradyrhizobium sp. SK17	2057741	S	11	4	15	0.00001
Bradyrhizobium sp. 6(2017)	1197460	S	11	2	13	0.00001
Bradyrhizobium sp. ORS 278	114615	S	8	1	9	0.00001
Bradyrhizobium sp. CCBAU 51765	1325102	S	8	2	10	0.00001
Bradyrhizobium sp. CCBAU 51753	1325100	S	8	1	9	0.00001
Bradyrhizobium sp. CCBAU 53340	1325112	S	7	6	13	0.00001
Bradyrhizobium sp. CCBAU 53421	1325120	S	7	1	8	0.00001
Bradyrhizobium sp. BTAi1	288000	S	7	1	8	0.00001
Bradyrhizobium sp. PSBB068	2715960	S	5	1	6	0.00001
Bradyrhizobium sp. CCBAU 53351	1325114	S	4	4	8	0.00001
Bradyrhizobium sp. WSM471	319017	S	3	5	8	0.00001
Bradyrhizobium sp. 1(2017)	1404888	S	3	0	3	0.00000
Bradyrhizobium sp. CCGE-LA001	1223566	S	2	0	2	0.00000
Bradyrhizobium sp. CCBAU 53338	1325111	S	1	0	1	0.00000
Bradyrhizobium erythrophlei	1437360	S	53	4	57	0.00005
Bradyrhizobium diazoefficiens	1355477	S	27	55	82	0.00007
Bradyrhizobium canariense	255045	S	22	1	23	0.00002
Bradyrhizobium arachidis	858423	S	14	5	19	0.00002
Bradyrhizobium cosmicum	1404864	S	13	4	17	0.00002
Bradyrhizobium icense	1274631	S	12	1	13	0.00001
Bradyrhizobium lablabi	722472	S	12	29	41	0.00004
Bradyrhizobium paxllaeri	190148	S	12	2	14	0.00001
Bradyrhizobium japonicum	375	S	10	10	20	0.00002
Bradyrhizobium genosp. L	83637	S	8	1	9	0.00001
Bradyrhizobium symbiodeficiens	1404367	S	8	3	11	0.00001
Bradyrhizobium oligotrophicum	44255	S	8	1	9	0.00001
Bradyrhizobium guangdongense	1325090	S	6	7	13	0.00001
Bradyrhizobium genosp. B	83627	S	6	1	7	0.00001
Bradyrhizobium zhanjiangense	1325107	S	5	1	6	0.00001
Bradyrhizobium guangzhouense	1325095	S	4	3	7	0.00001
Bradyrhizobium guangxiense	1325115	S	4	3	7	0.00001
Bradyrhizobium amphicarpaeae	1404768	S	4	1	5	0.00000
Bradyrhizobium betae	244734	S	3	2	5	0.00000
Bradyrhizobium ottawaense	931866	S	2	22	24	0.00002
Bradyrhizobium vignae	1549949	S	2	0	2	0.00000
Bosea sp. RAC05	1842539	S	39	9	48	0.00004
Bosea sp. ANAM02	2020412	S	14	4	18	0.00002
Bosea sp. PAMC 26642	1792307	S	13	1	14	0.00001
Bosea sp. Tri-49	1867715	S	12	1	13	0.00001
Bosea sp. F3-2	2599640	S	5	1	6	0.00001
Bosea sp. AS-1	2015316	S	3	0	3	0.00000
Bosea vaviloviae	1526658	S	6	0	6	0.00001
Rhodopseudomonas palustris	1076	S	54	14	68	0.00006
Tardiphaga robiniae	943830	S	15	1	16	0.00001
Afipia sp. GAS231	1882747	S	15	19	34	0.00003
Afipia carboxidovorans	40137	S	7	-7	0	0.00000
Nitrobacter hamburgensis	912	S	4	0	4	0.00000
Nitrobacter winogradskyi	913	S	1	0	1	0.00000
Variibacter gotjawalensis	1333996	S	4	0	4	0.00000
Methylobacterium sp. 17Sr1-43	2202828	S	26	4	30	0.00003
Methylobacterium sp. WL1	2603276	S	21	3	24	0.00002
Methylobacterium sp. 4-46	426117	S	17	2	19	0.00002
Methylobacterium sp. AMS5	925818	S	6	2	8	0.00001
Methylobacterium sp. DM1	2067957	S	4	11	15	0.00001
Methylobacterium sp. C1	1479019	S	3	20	23	0.00002
Methylobacterium sp. 17Sr1-1	2202826	S	1	0	1	0.00000
Methylobacterium brachiatum	269660	S	33	11	44	0.00004
Methylobacterium mesophilicum	39956	S	23	3	26	0.00002
Methylobacterium aquaticum	270351	S	22	8	30	0.00003
Methylobacterium indicum	1775910	S	15	6	21	0.00002
Methylobacterium durans	2202825	S	12	1	13	0.00001
Methylobacterium terrae	2202827	S	10	3	13	0.00001
Methylobacterium nodulans	114616	S	7	0	7	0.00001
Methylobacterium currus	2051553	S	6	2	8	0.00001
Methylobacterium phyllosphaerae	418223	S	4	18	22	0.00002
Methylobacterium oryzae	334852	S	2	41	43	0.00004
Methylobacterium radiotolerans	31998	S	1	4	5	0.00000
Methylorubrum extorquens	408	S	26	27	53	0.00005
Methylorubrum populi	223967	S	24	8	32	0.00003
Microvirga sp. VF16	2807101	S	14	2	16	0.00001
Microvirga sp. 17 mud 1-3	2082949	S	4	0	4	0.00000
Microvirga ossetica	1882682	S	14	2	16	0.00001
Microvirga thermotolerans	2651334	S	6	1	7	0.00001
Rhizobium sp. WL3	2603277	S	8	1	9	0.00001
Rhizobium sp. ACO-34A	1571470	S	6	0	6	0.00001
Rhizobium sp. NXC24	2048897	S	6	0	6	0.00001
Rhizobium sp. Khangiran2	1435607	S	5	5	10	0.00001
Rhizobium sp. BG4	2613770	S	4	0	4	0.00000
Rhizobium sp. NXC14	1981173	S	3	0	3	0.00000
Rhizobium sp. ADMK78	1813451	S	3	0	3	0.00000
Rhizobium sp. NIBRBAC000502774	2590777	S	2	3	5	0.00000
Rhizobium sp. ZX09	2291939	S	2	9	11	0.00001
Rhizobium sp. TCK	136098	S	2	4	6	0.00001
Rhizobium sp. Y9	1914541	S	1	5	6	0.00001
Rhizobium sp. 007	2785056	S	1	1	2	0.00000
Rhizobium sp. NZLR1	2731096	S	1	0	1	0.00000
Rhizobium sp. TAL182	2020313	S	1	2	3	0.00000
Rhizobium sp. CIAT894	2020312	S	1	0	1	0.00000
Rhizobium sp. N324	1703969	S	1	6	7	0.00001
Rhizobium leguminosarum	384	S	28	14	42	0.00004
Rhizobium pusense	648995	S	8	33	41	0.00004
Rhizobium flavum	1335061	S	7	4	11	0.00001
Rhizobium pseudoryzae	379684	S	7	1	8	0.00001
Rhizobium bangladeshense	1138189	S	6	1	7	0.00001
Rhizobium oryzihabitans	2267833	S	6	7	13	0.00001
Rhizobium tropici	398	S	6	3	9	0.00001
Rhizobium etli	29449	S	6	3	9	0.00001
Rhizobium daejeonense	240521	S	4	3	7	0.00001
Rhizobium rhizoryzae	451876	S	3	0	3	0.00000
Rhizobium acidisoli	1538158	S	3	1	4	0.00000
Rhizobium gallicum	56730	S	3	2	5	0.00000
Rhizobium lentis	1138194	S	3	0	3	0.00000
Rhizobium lusitanum	293958	S	2	0	2	0.00000
Rhizobium phaseoli	396	S	2	3	5	0.00000
Rhizobium jaguaris	1312183	S	1	0	1	0.00000
Rhizobium rosettiformans	1368430	S	1	0	1	0.00000
Agrobacterium tumefaciens	358	S	13	9	22	0.00002
Agrobacterium fabrum	1176649	S	1	0	1	0.00000
Agrobacterium rhizogenes	359	S	7	4	11	0.00001
Agrobacterium vitis	373	S	6	0	6	0.00001
Agrobacterium larrymoorei	160699	S	5	0	5	0.00000
Agrobacterium sp. CGMCC 11546	2579248	S	1	0	1	0.00000
Agrobacterium sp. T29	2580515	S	1	0	1	0.00000
Agrobacterium sp. MA01	2664893	S	1	2	3	0.00000
Agrobacterium rubi	28099	S	4	0	4	0.00000
Neorhizobium galegae	399	S	12	0	12	0.00001
Neorhizobium sp. NCHU2750	1825976	S	5	0	5	0.00000
Neorhizobium sp. SOG26	2060726	S	2	0	2	0.00000
Pseudorhizobium banfieldiae	1125847	S	2	4	6	0.00001
Sinorhizobium sp. RAC02	1842534	S	12	2	14	0.00001
Sinorhizobium sp. CCBAU 05631	794846	S	1	2	3	0.00000
Sinorhizobium sp. BG8	2613773	S	1	0	1	0.00000
Sinorhizobium fredii	380	S	13	14	27	0.00002
Sinorhizobium meliloti	382	S	12	4	16	0.00001
Sinorhizobium americanum	194963	S	5	1	6	0.00001
Sinorhizobium medicae	110321	S	4	0	4	0.00000
Ensifer sp. PDNC004	2811423	S	8	4	12	0.00001
Ensifer adhaerens	106592	S	5	1	6	0.00001
Ensifer sojae	716925	S	3	4	7	0.00001
Ensifer mexicanus	375549	S	2	0	2	0.00000
Ensifer alkalisoli	1752398	S	1	0	1	0.00000
Shinella sp. HZN7	879274	S	6	6	12	0.00001
Shinella sp. PSBB067	2715959	S	4	4	8	0.00001
Candidatus Liberibacter asiaticus	34021	S	2	39	41	0.00004
Candidatus Liberibacter americanus	309868	S	2	0	2	0.00000
Liberibacter crescens	1273132	S	2	0	2	0.00000
Candidatus Liberibacter solanacearum	556287	S	1	0	1	0.00000
Kaistia sp. 32K	2795690	S	6	1	7	0.00001
Georhizobium profundi	2341112	S	4	1	5	0.00000
Ciceribacter thiooxidans	1969821	S	1	0	1	0.00000
Mesorhizobium sp. N3	675281	S	11	2	13	0.00001
Mesorhizobium sp. Pch-S	2082387	S	9	1	10	0.00001
Mesorhizobium sp. 113-3-3	2744516	S	8	4	12	0.00001
Mesorhizobium sp. M6A.T.Cr.TU.016.01.1.1	2493677	S	7	2	9	0.00001
Mesorhizobium sp. 8	2584466	S	6	1	7	0.00001
Mesorhizobium sp. M1E.F.Ca.ET.045.02.1.1	2493672	S	6	2	8	0.00001
Mesorhizobium sp. M1D.F.Ca.ET.043.01.1.1	2493669	S	5	2	7	0.00001
Mesorhizobium sp. DCY119	2108445	S	4	0	4	0.00000
Mesorhizobium sp. 113-3-9	2744517	S	4	2	6	0.00001
Mesorhizobium sp. M4B.F.Ca.ET.058.02.1.1	2493675	S	4	1	5	0.00000
Mesorhizobium sp. J8	2777475	S	3	0	3	0.00000
Mesorhizobium sp. INR15	2654248	S	3	0	3	0.00000
Mesorhizobium sp. M9A.F.Ca.ET.002.03.1.2	2493668	S	3	1	4	0.00000
Mesorhizobium sp. L-2-11	2744521	S	2	0	2	0.00000
Mesorhizobium sp. 131-3-5	2744520	S	2	9	11	0.00001
Mesorhizobium sp. L-8-3	2744522	S	2	4	6	0.00001
Mesorhizobium sp. AA22	1854057	S	2	1	3	0.00000
Mesorhizobium sp. M7D.F.Ca.US.005.01.1.1	2493678	S	2	0	2	0.00000
Mesorhizobium sp. NBSH29	2654249	S	2	0	2	0.00000
Mesorhizobium sp. M7A.F.Ce.TU.012.03.2.1	2493681	S	2	0	2	0.00000
Mesorhizobium sp. NZP2298	2483403	S	2	1	3	0.00000
Mesorhizobium sp. 131-2-1	2744518	S	1	0	1	0.00000
Mesorhizobium sp. L-8-10	2744523	S	1	2	3	0.00000
Mesorhizobium sp. M8A.F.Ca.ET.057.01.1.1	2493679	S	1	0	1	0.00000
Mesorhizobium sp. M1A.F.Ca.IN.022.06.1.1	2493680	S	1	0	1	0.00000
Mesorhizobium sp. WSM1497	278153	S	1	3	4	0.00000
Mesorhizobium sp. M1B.F.Ca.ET.045.04.1.1	2493673	S	1	0	1	0.00000
Mesorhizobium sp. NZP2077	2483404	S	1	0	1	0.00000
Mesorhizobium sp. NZP2234	2483402	S	1	6	7	0.00001
Mesorhizobium loti	381	S	13	17	30	0.00003
Mesorhizobium amorphae	71433	S	4	0	4	0.00000
Mesorhizobium oceanicum	1670800	S	4	0	4	0.00000
Mesorhizobium japonicum	2066070	S	4	2	6	0.00001
Mesorhizobium ciceri	39645	S	3	5	8	0.00001
Mesorhizobium huakuii	28104	S	2	1	3	0.00000
Mesorhizobium erdmanii	1777866	S	2	0	2	0.00000
Aminobacter sp. SR38	2774562	S	3	10	13	0.00001
Aminobacter sp. MDW-2	2666139	S	2	8	10	0.00001
Aminobacter sp. MSH1	374606	S	1	0	1	0.00000
Chelativorans sp. BNC1	266779	S	8	1	9	0.00001
Oricola thermophila	2742145	S	7	0	7	0.00001
Phyllobacterium zundukense	1867719	S	2	1	3	0.00000
Phyllobacterium sp. 628	2718938	S	2	1	3	0.00000
Hoeflea phototrophica	244596	S	4	0	4	0.00000
Hoeflea sp. IMCC20628	1620421	S	1	0	1	0.00000
Roseitalea porphyridii	1852022	S	5	0	5	0.00000
Nitratireductor sp. OM-1	1756988	S	2	0	2	0.00000
Nitratireductor sp. SY7	2599600	S	2	0	2	0.00000
Lentilitoribacter sp. Alg239-R112	2305987	S	1	0	1	0.00000
Salaquimonas pukyongi	2712698	S	1	0	1	0.00000
Devosia sp. A16	1736675	S	15	2	17	0.00002
Devosia sp. G19	2801335	S	8	2	10	0.00001
Devosia sp. I507	2083786	S	5	1	6	0.00001
Devosia sp. S02	2657486	S	4	1	5	0.00000
Devosia sp. LEGU1	2774137	S	3	0	3	0.00000
Devosia sp. MC521	2759954	S	1	0	1	0.00000
Devosia ginsengisoli	400770	S	2	0	2	0.00000
Hyphomicrobium denitrificans	53399	S	12	5	17	0.00002
Hyphomicrobium nitrativorans	1427356	S	8	0	8	0.00001
Hyphomicrobium sp. MC1	717785	S	7	2	9	0.00001
Rhodoplanes sp. Z2-YC6860	674703	S	24	2	26	0.00002
Blastochloris viridis	1079	S	10	1	11	0.00001
Blastochloris tepida	2233851	S	7	1	8	0.00001
Methyloceanibacter sp. wino2	2170729	S	5	0	5	0.00000
Methyloceanibacter caenitepidi	1384459	S	4	0	4	0.00000
Caenibius tardaugens	169176	S	9	14	23	0.00002
Candidatus Filomicrobium marinum	1608628	S	5	0	5	0.00000
Aquabacter sp. L1I39	2820278	S	4	0	4	0.00000
Paradevosia shaoguanensis	1335043	S	4	7	11	0.00001
Youhaiella tibetensis	1447062	S	4	0	4	0.00000
Methyloligella sp. GL2	2742204	S	3	0	3	0.00000
Rhodomicrobium vannielii	1069	S	2	0	2	0.00000
Pelagibacterium halotolerans	531813	S	1	0	1	0.00000
Pseudolabrys taiwanensis	331696	S	15	2	17	0.00002
Pseudolabrys sp. FHR47	2562284	S	12	1	13	0.00001
Ancylobacter pratisalsi	1745854	S	10	2	12	0.00001
Ancylobacter sp. TS-1	1850374	S	10	4	14	0.00001
Labrys sp. KNU-23	2789216	S	15	1	16	0.00001
Xanthobacter sp. YN2	2528964	S	8	3	11	0.00001
Azorhizobium caulinodans	7	S	4	0	4	0.00000
Starkeya sp. ORNL1	2709380	S	2	0	2	0.00000
Starkeya novella	921	S	1	0	1	0.00000
Pyruvatibacter mobilis	1712261	S	60	5	65	0.00006
Parvibaculum lavamentivorans	256618	S	6	3	9	0.00001
Aureimonas sp. OT7	2816454	S	21	24	45	0.00004
Aureimonas sp. AU20	1349819	S	8	0	8	0.00001
Aureimonas sp. LMG 31693	2758041	S	2	0	2	0.00000
Aureimonas populi	1701758	S	11	1	12	0.00001
Martelella sp. AD-3	686597	S	3	9	12	0.00001
Martelella lutilitoris	2583532	S	3	1	4	0.00000
Martelella mediterranea	293089	S	2	0	2	0.00000
Methylocystis rosea	173366	S	25	2	27	0.00002
Methylocystis sp. SC2	187303	S	5	0	5	0.00000
Methylocystis heyeri	391905	S	4	0	4	0.00000
Methylocystis parvus	134	S	2	0	2	0.00000
Methylocystis bryophila	655015	S	2	0	2	0.00000
Methylosinus sp. C49	2699395	S	7	1	8	0.00001
Methylosinus trichosporium	426	S	6	0	6	0.00001
Nordella sp. HKS 07	2712222	S	17	0	17	0.00002
Hartmannibacter diazotrophicus	1482074	S	8	1	9	0.00001
Candidatus Hodgkinia cicadicola	573658	S	5	0	5	0.00000
Pseudorhodoplanes sinuspersici	1235591	S	5	0	5	0.00000
Pannonibacter phragmitetus	121719	S	11	14	25	0.00002
Labrenzia sp. THAF82	2587861	S	3	2	5	0.00000
Labrenzia sp. PHM005	2590016	S	2	1	3	0.00000
Labrenzia sp. VG12	2021862	S	1	1	2	0.00000
Stappia indica	538381	S	4	0	4	0.00000
Stappia sp. ES.058	1881061	S	4	0	4	0.00000
Pseudovibrio sp. FO-BEG1	911045	S	1	0	1	0.00000
Brucella anthropi	529	S	5	17	22	0.00002
[Ochrobactrum] quorumnocens	271865	S	3	0	3	0.00000
Brucella pseudogrignonensis	419475	S	3	1	4	0.00000
Brucella pituitosa	571256	S	2	0	2	0.00000
Brucella sp. 09RB8910	1844051	S	2	1	3	0.00000
Ochrobactrum sp. MT180101	2726427	S	2	6	8	0.00001
Chelatococcus sp. CO-6	1702325	S	9	3	12	0.00001
Chelatococcus daeguensis	444444	S	4	1	5	0.00000
Bartonella sp. HY038	2759660	S	3	3	6	0.00001
Bartonella vinsonii	33047	S	1	0	1	0.00000
Bartonella alsatica	52764	S	1	0	1	0.00000
Bartonella ancashensis	1318743	S	1	0	1	0.00000
Bartonella bacilliformis	774	S	1	0	1	0.00000
Methylocella silvestris	199596	S	3	0	3	0.00000
Methylocella tundrae	227605	S	3	0	3	0.00000
Methylovirgula ligni	569860	S	2	0	2	0.00000
Lichenihabitans psoromatis	2528642	S	6	0	6	0.00001
Breoghania sp. L-A4	2304600	S	1	0	1	0.00000
Sphingomonas sp. PAMC26645	2565555	S	92	12	104	0.00009
Sphingomonas sp. HMP9	1517554	S	59	11	70	0.00006
Sphingomonas sp. AAP5	1523415	S	27	4	31	0.00003
Sphingomonas sp. NBWT7	2596913	S	23	4	27	0.00002
Sphingomonas sp. Cra20	1327635	S	20	0	20	0.00002
Sphingomonas sp. AP4-R1	2735134	S	18	0	18	0.00002
Sphingomonas sp. FARSPH	2219696	S	18	8	26	0.00002
Sphingomonas sp. XS-10	2599297	S	17	0	17	0.00002
Sphingomonas sp. DH-S5	2759526	S	16	0	16	0.00001
Sphingomonas sp. CL5.1	2653203	S	15	2	17	0.00002
Sphingomonas sp. MM-1	745310	S	13	12	25	0.00002
Sphingomonas sp. LK11	1390395	S	11	1	12	0.00001
Sphingomonas sp. NIC1	1961362	S	10	10	20	0.00002
Sphingomonas sp. HDW15B	2714943	S	10	0	10	0.00001
Sphingomonas sp. MK52	2711156	S	10	0	10	0.00001
Sphingomonas sp. IC081	304378	S	10	22	32	0.00003
Sphingomonas sp. HMP6	1517551	S	9	0	9	0.00001
Sphingomonas sp. C33	2698679	S	9	0	9	0.00001
Sphingomonas sp. LMO-1	2681549	S	8	0	8	0.00001
Sphingomonas sp. YZ-8	2319844	S	7	0	7	0.00001
Sphingomonas sp. C8-2	2492837	S	7	4	11	0.00001
Sphingomonas sp. KC8	1030157	S	7	2	9	0.00001
Sphingomonas sp. ERG5	1381597	S	6	3	9	0.00001
Sphingomonas sp. LM7	1938607	S	5	0	5	0.00000
Sphingomonas sp. HDW15A	2714942	S	5	0	5	0.00000
Sphingomonas sp. HDW15C	2714944	S	3	0	3	0.00000
Sphingomonas sp. JE1	1628059	S	2	0	2	0.00000
Sphingomonas sp. sand1-3	2764186	S	1	0	1	0.00000
Sphingomonas melonis	152682	S	29	76	105	0.00009
Sphingomonas alpina	653931	S	27	0	27	0.00002
Sphingomonas panacis	1560345	S	23	0	23	0.00002
Sphingomonas taxi	1549858	S	23	1	24	0.00002
Sphingomonas wittichii	160791	S	20	9	29	0.00003
Sphingomonas koreensis	93064	S	15	7	22	0.00002
Sphingomonas insulae	424800	S	15	1	16	0.00001
Sphingomonas sanxanigenens	397260	S	15	5	20	0.00002
Sphingomonas paucimobilis	13689	S	14	3	17	0.00002
Sphingomonas hengshuiensis	1609977	S	14	0	14	0.00001
Sphingomonas sediminicola	386874	S	6	0	6	0.00001
Sphingomonas panacisoli	1813879	S	6	0	6	0.00001
Sphingomonas rhizophila	2071607	S	6	0	6	0.00001
Sphingomonas ginsengisoli An et al. 2013	363835	S	5	0	5	0.00000
Sphingomonas lutea	1045317	S	3	0	3	0.00000
Sphingomonas xanthus	2594473	S	2	0	2	0.00000
Sphingomonas lacunae	2698828	S	2	0	2	0.00000
Sphingomonas daechungensis	1176646	S	1	0	1	0.00000
Sphingopyxis sp. EG6	1874061	S	32	11	43	0.00004
Sphingopyxis sp. 113P3	292913	S	23	9	32	0.00003
Sphingopyxis sp. PAMC25046	2565556	S	18	5	23	0.00002
Sphingopyxis sp. OPL5	2486273	S	16	2	18	0.00002
Sphingopyxis sp. QXT-31	1357916	S	11	2	13	0.00001
Sphingopyxis sp. MG	1866325	S	9	45	54	0.00005
Sphingopyxis sp. FD7	1914525	S	6	1	7	0.00001
Sphingopyxis sp. LPB0140	1913578	S	2	0	2	0.00000
Sphingopyxis macrogoltabida	33050	S	27	8	35	0.00003
Sphingopyxis terrae	33052	S	25	6	31	0.00003
Sphingopyxis fribergensis	1515612	S	25	5	30	0.00003
Sphingopyxis alaskensis	117207	S	19	1	20	0.00002
Sphingopyxis lindanitolerans	2054227	S	18	3	21	0.00002
Sphingopyxis granuli	267128	S	1	3	4	0.00000
Novosphingobium sp. P6W	1609758	S	41	2	43	0.00004
Novosphingobium sp. THN1	1016987	S	28	6	34	0.00003
Novosphingobium sp. ABRDHK2	2571749	S	26	8	34	0.00003
Novosphingobium sp. PP1Y	702113	S	17	9	26	0.00002
Novosphingobium sp. Gsoil 351	2675225	S	13	0	13	0.00001
Novosphingobium sp. ES2-1	2780074	S	12	4	16	0.00001
Novosphingobium sp. KA1	164608	S	8	14	22	0.00002
Novosphingobium ginsenosidimutans	1176536	S	29	1	30	0.00003
Novosphingobium resinovorum	158500	S	24	11	35	0.00003
Novosphingobium aromaticivorans	48935	S	23	6	29	0.00003
Novosphingobium pentaromativorans	205844	S	5	6	11	0.00001
Sphingobium sp. KCTC 72723	2733867	S	37	1	38	0.00003
Sphingobium sp. YG1	2082188	S	17	5	22	0.00002
Sphingobium sp. SYK-6	627192	S	11	2	13	0.00001
Sphingobium sp. RAC03	1843368	S	11	1	12	0.00001
Sphingobium sp. TKS	1315974	S	8	10	18	0.00002
Sphingobium sp. CAP-1	2676077	S	8	5	13	0.00001
Sphingobium sp. MI1205	407020	S	6	8	14	0.00001
Sphingobium sp. Cam5-1	2789327	S	6	1	7	0.00001
Sphingobium sp. EP60837	1855519	S	5	0	5	0.00000
Sphingobium sp. YBL2	484429	S	4	15	19	0.00002
Sphingobium sp. SCG-1	2072936	S	4	0	4	0.00000
Sphingobium sp. RSMS	520734	S	3	11	14	0.00001
Sphingobium sp. PAMC28499	2565554	S	1	1	2	0.00000
Sphingobium herbicidovorans	76947	S	15	9	24	0.00002
Sphingobium yanoikuyae	13690	S	14	17	31	0.00003
Sphingobium cloacae	120107	S	13	21	34	0.00003
Sphingobium hydrophobicum	1673076	S	9	6	15	0.00001
Sphingobium amiense	135719	S	7	10	17	0.00002
Sphingobium baderi	1332080	S	7	10	17	0.00002
Sphingobium chlorophenolicum	46429	S	5	2	7	0.00001
Sphingobium japonicum	332056	S	3	1	4	0.00000
Sphingobium fuliginis	336203	S	3	7	10	0.00001
Sphingobium indicum	332055	S	1	3	4	0.00000
Sphingorhabdus lacus	392610	S	94	0	94	0.00008
Sphingorhabdus sp. SMR4y	2584094	S	5	0	5	0.00000
Sphingorhabdus sp. M41	1806885	S	4	0	4	0.00000
Sphingorhabdus sp. YGSMI21	2077182	S	1	0	1	0.00000
Blastomonas fulva	1550728	S	7	5	12	0.00001
Blastomonas sp. RAC04	1842535	S	7	2	9	0.00001
Sphingosinithalassobacter sp. CS137	2762748	S	11	1	12	0.00001
Sphingosinithalassobacter sp. zrk23	2711215	S	5	1	6	0.00001
Allosphingosinicella indica	941907	S	10	0	10	0.00001
Citromicrobium sp. JL477	1634516	S	9	3	12	0.00001
Novosphingopyxis sp. PB63	2762729	S	9	3	12	0.00001
Rhizorhabdus dicambivorans	1850238	S	8	7	15	0.00001
Parasphingopyxis algicola	2026624	S	5	0	5	0.00000
Parasphingopyxis sp. CP4	2724527	S	1	0	1	0.00000
Tardibacter chloracetimidivorans	1921510	S	5	3	8	0.00001
Parasphingorhabdus sp. JHSY0214	2806553	S	4	0	4	0.00000
Zymomonas mobilis	542	S	3	0	3	0.00000
Porphyrobacter sp. LM 6	1896196	S	25	8	33	0.00003
Porphyrobacter sp. HT-58-2	2023229	S	23	4	27	0.00002
Porphyrobacter sp. YT40	2547601	S	18	16	34	0.00003
Porphyrobacter sp. CACIAM 03H1	2003315	S	9	2	11	0.00001
Erythrobacter sp. HL-111	1798193	S	11	1	12	0.00001
Erythrobacter sp. THAF29	2587851	S	7	2	9	0.00001
Erythrobacter sp. A30-3	2785907	S	5	4	9	0.00001
Erythrobacter sp. 6D36	2782568	S	4	0	4	0.00000
Erythrobacter sp. HKB08	2502843	S	3	0	3	0.00000
Erythrobacter sp. KY5	2011159	S	2	0	2	0.00000
Erythrobacter neustonensis	1112	S	9	1	10	0.00001
Erythrobacter litoralis	39960	S	6	1	7	0.00001
Erythrobacter aureus	2182384	S	4	0	4	0.00000
Erythrobacter mangrovi	2739433	S	3	1	4	0.00000
Tsuneonella amylolytica	2338327	S	32	4	36	0.00003
Tsuneonella dongtanensis	692370	S	8	0	8	0.00001
Tsuneonella flava	2055955	S	7	2	9	0.00001
Tsuneonella mangrovi	1982042	S	5	0	5	0.00000
Altererythrobacter sp. B11	2060312	S	10	2	12	0.00001
Altererythrobacter sp. TH136	2067415	S	5	0	5	0.00000
Altererythrobacter sp. ZODW24	2185142	S	3	0	3	0.00000
Altererythrobacter sp. BO-6	2604537	S	1	0	1	0.00000
Altererythrobacter epoxidivorans	361183	S	4	0	4	0.00000
Altererythrobacter ishigakiensis	476157	S	4	0	4	0.00000
Altererythrobacter atlanticus	1267766	S	1	0	1	0.00000
Croceicoccus marinus	450378	S	16	9	25	0.00002
Croceicoccus naphthovorans	1348774	S	6	10	16	0.00001
Croceicoccus sp. YJ47	2798724	S	3	1	4	0.00000
Aurantiacibacter gangjinensis	502682	S	9	0	9	0.00001
Aurantiacibacter atlanticus	1648404	S	4	2	6	0.00001
Qipengyuania flava	192812	S	5	3	8	0.00001
Qipengyuania seohaensis	266951	S	4	0	4	0.00000
Qipengyuania sediminis	1532023	S	2	0	2	0.00000
Pelagerythrobacter marensis	543877	S	9	0	9	0.00001
Paraurantiacibacter namhicola	645517	S	4	0	4	0.00000
Sphingosinicella sp. BN140058	1892855	S	9	0	9	0.00001
Sphingosinicella sp. UDD2	2771430	S	4	0	4	0.00000
Sphingosinicella microcystinivorans	335406	S	9	0	9	0.00001
Sandaracinobacter sp. M6	2759707	S	8	0	8	0.00001
Paracoccus yeei	147645	S	89	87	176	0.00016
Paracoccus sp. Arc7-R13	2500532	S	33	3	36	0.00003
Paracoccus sp. MC1862	2760307	S	11	0	11	0.00001
Paracoccus sp. H4-D09	2812658	S	5	0	5	0.00000
Paracoccus sp. BM15	1529068	S	4	0	4	0.00000
Paracoccus sp. AK26	2589076	S	4	0	4	0.00000
Paracoccus sanguinis	1545044	S	56	8	64	0.00006
Paracoccus zhejiangensis	1077935	S	15	3	18	0.00002
Paracoccus aminophilus	34003	S	13	1	14	0.00001
Paracoccus pantotrophus	82367	S	11	2	13	0.00001
Paracoccus kondratievae	135740	S	8	1	9	0.00001
Paracoccus aminovorans	34004	S	7	1	8	0.00001
Paracoccus contaminans	1945662	S	6	0	6	0.00001
Paracoccus jeotgali	2065379	S	4	0	4	0.00000
Paracoccus denitrificans	266	S	3	0	3	0.00000
Paracoccus suum	2259340	S	3	0	3	0.00000
Paracoccus liaowanqingii	2560053	S	3	0	3	0.00000
Paracoccus mutanolyticus	1499308	S	2	3	5	0.00000
Rhodobacter blasticus	1075	S	16	0	16	0.00001
Rhodobacter capsulatus	1061	S	14	1	15	0.00001
Rhodobacter sp. CZR27	2033869	S	10	1	11	0.00001
Rhodobacter sp. LPB0142	1850250	S	4	2	6	0.00001
Sulfitobacter sp. SK011	1389004	S	9	0	9	0.00001
Sulfitobacter sp. D7	1968541	S	9	4	13	0.00001
Sulfitobacter sp. BSw21498	664426	S	6	0	6	0.00001
Sulfitobacter sp. SK025	1389011	S	3	2	5	0.00000
Sulfitobacter sp. SK012	1389005	S	1	0	1	0.00000
Sulfitobacter sp. AM1-D1	1917485	S	1	1	2	0.00000
Sulfitobacter sp. THAF37	2587855	S	1	0	1	0.00000
Sulfitobacter pseudonitzschiae	1402135	S	10	4	14	0.00001
Sulfitobacter mediterraneus	83219	S	1	0	1	0.00000
Gemmobacter sp. HYN0069	2169400	S	34	5	39	0.00003
Tabrizicola piscis	2494374	S	33	2	35	0.00003
Cereibacter sphaeroides	1063	S	30	3	33	0.00003
Phaeobacter porticola	1844006	S	8	2	10	0.00001
Phaeobacter inhibens	221822	S	7	4	11	0.00001
Phaeobacter gallaeciensis	60890	S	6	5	11	0.00001
Phaeobacter piscinae	1580596	S	2	1	3	0.00000
Haematobacter massiliensis	195105	S	25	17	42	0.00004
Yangia sp. CCB-MM3	1792508	S	9	0	9	0.00001
Salipiger profundus	1229727	S	7	5	12	0.00001
Salipiger pacificus	311180	S	3	0	3	0.00000
Defluviimonas alba	1335048	S	15	6	21	0.00002
Roseovarius sp. THAF9	2587847	S	3	1	4	0.00000
Roseovarius sp. THAF8	2587846	S	2	1	3	0.00000
Roseovarius sp. THAF27	2587850	S	1	0	1	0.00000
Roseovarius indicus	540747	S	5	3	8	0.00001
Roseovarius faecimaris	2494550	S	2	0	2	0.00000
Roseovarius mucosus	215743	S	1	0	1	0.00000
Celeribacter ethanolicus	1758178	S	5	3	8	0.00001
Celeribacter indicus	1208324	S	2	2	4	0.00000
Celeribacter marinus	1397108	S	2	0	2	0.00000
Celeribacter manganoxidans	1411902	S	2	0	2	0.00000
Celeribacter baekdonensis	875171	S	1	0	1	0.00000
Yoonia vestfoldensis	245188	S	11	5	16	0.00001
Leisingera aquaemixtae	1396826	S	4	2	6	0.00001
Leisingera sp. NJS204	2508307	S	1	3	4	0.00000
Roseobacter denitrificans	2434	S	3	1	4	0.00000
Roseobacter litoralis	42443	S	2	0	2	0.00000
Roseobacter ponti	1891787	S	2	0	2	0.00000
Rhodovulum sulfidophilum	35806	S	4	1	5	0.00000
Rhodovulum sp. MB263	308754	S	2	0	2	0.00000
Rhodovulum sp. P5	1564506	S	2	0	2	0.00000
Antarctobacter heliothermus	74033	S	9	0	9	0.00001
Octadecabacter sp. SW4	2602067	S	7	2	9	0.00001
Octadecabacter antarcticus	1217908	S	1	0	1	0.00000
Octadecabacter temperatus	1458307	S	1	0	1	0.00000
Roseicitreum antarcticum	564137	S	9	0	9	0.00001
Roseivivax sp. THAF30	2587852	S	3	5	8	0.00001
Thioclava electrotropha	1549850	S	3	0	3	0.00000
Thioclava nitratireducens	1915078	S	3	1	4	0.00000
Profundibacter amoris	2171755	S	7	0	7	0.00001
Pelagovum pacificum	2588711	S	7	0	7	0.00001
Sagittula sp. P11	2009329	S	6	7	13	0.00001
Confluentimicrobium sp. EMB200-NS6	1609966	S	6	7	13	0.00001
Ketogulonicigenium robustum	92947	S	3	0	3	0.00000
Ketogulonicigenium vulgare	92945	S	2	0	2	0.00000
Jannaschia sp. CCS1	290400	S	6	0	6	0.00001
Pseudooceanicola algae	1537215	S	5	0	5	0.00000
Thalassobius gelatinovorus	53501	S	5	0	5	0.00000
Brevirhabdus pacifica	1267768	S	5	4	9	0.00001
Paraoceanicella profunda	2579971	S	5	1	6	0.00001
Rhodobaca barguzinensis	441209	S	5	0	5	0.00000
Ruegeria pomeroyi	89184	S	3	0	3	0.00000
Ruegeria sp. AD91A	2293862	S	2	0	2	0.00000
Pontivivens sp. MT2928	2789856	S	4	0	4	0.00000
Marivivens sp. JLT3646	1920883	S	4	0	4	0.00000
Silicimonas algicola	1826607	S	4	0	4	0.00000
Pseudopuniceibacterium antarcticum	2613965	S	4	0	4	0.00000
Qingshengfaniella alkalisoli	2599296	S	4	0	4	0.00000
Boseongicola sp. CCM32	2552942	S	4	0	4	0.00000
Mameliella alba	561184	S	4	1	5	0.00000
Pseudorhodobacter turbinis	2500533	S	4	0	4	0.00000
Epibacterium mobile	379347	S	3	1	4	0.00000
Polymorphum gilvum	991904	S	3	0	3	0.00000
Parasedimentitalea marina	2483033	S	3	0	3	0.00000
Cognatishimia activa	1715691	S	3	0	3	0.00000
Roseibacterium elongatum	159346	S	2	0	2	0.00000
Tateyamaria omphalii	299262	S	2	0	2	0.00000
Dinoroseobacter shibae	215813	S	2	1	3	0.00000
Pelagibaca abyssi	1250539	S	2	1	3	0.00000
Monaibacterium sp. ALG8	2715211	S	2	0	2	0.00000
Marinovum algicola	42444	S	1	0	1	0.00000
Maribius sp. THAF1	2587842	S	1	0	1	0.00000
Pseudohalocynthiibacter aestuariivivens	1591409	S	1	0	1	0.00000
Halocynthiibacter arcticus	1579316	S	1	0	1	0.00000
Brevundimonas sp. LVF2	2774190	S	34	3	37	0.00003
Brevundimonas sp. 'scallop'	2562582	S	26	35	61	0.00005
Brevundimonas sp. CS1	2813778	S	23	15	38	0.00003
Brevundimonas sp. SGAir0440	2579977	S	21	9	30	0.00003
Brevundimonas sp. M20	2591463	S	19	1	20	0.00002
Brevundimonas sp. AJA228-03	2752515	S	19	1	20	0.00002
Brevundimonas sp. LVF1	2774189	S	19	4	23	0.00002
Brevundimonas sp. LM2	1938605	S	14	1	15	0.00001
Brevundimonas sp. GW460-12-10-14-LB2	1827469	S	11	12	23	0.00002
Brevundimonas sp. GRTSA-9	2800818	S	11	0	11	0.00001
Brevundimonas sp. Bb-A	2560058	S	9	19	28	0.00002
Brevundimonas sp. MF30-B	2561924	S	7	0	7	0.00001
Brevundimonas sp. DS20	1532555	S	5	11	16	0.00001
Brevundimonas mediterranea	74329	S	27	6	33	0.00003
Brevundimonas vesicularis	41276	S	15	31	46	0.00004
Brevundimonas naejangsanensis	588932	S	15	3	18	0.00002
Brevundimonas subvibrioides	74313	S	13	1	14	0.00001
Brevundimonas diminuta	293	S	10	18	28	0.00002
Brevundimonas vancanneytii	1325724	S	2	6	8	0.00001
Caulobacter sp. K31	366602	S	32	8	40	0.00004
Caulobacter sp. FWC26	69665	S	15	7	22	0.00002
Caulobacter vibrioides	155892	S	36	15	51	0.00005
Caulobacter henricii	69395	S	32	5	37	0.00003
Caulobacter soli	2708539	S	28	11	39	0.00003
Caulobacter rhizosphaerae	2010972	S	25	8	33	0.00003
Caulobacter segnis	88688	S	21	7	28	0.00002
Caulobacter flavus	1679497	S	21	5	26	0.00002
Caulobacter mirabilis	69666	S	17	2	19	0.00002
Phenylobacterium zucineum	284016	S	20	3	23	0.00002
Phenylobacterium parvum	2201350	S	11	0	11	0.00001
Terricaulis silvestris	2686094	S	16	0	16	0.00001
Asticcacaulis excentricus	78587	S	6	0	6	0.00001
Azospirillum brasilense	192	S	12	11	23	0.00002
Azospirillum thermophilum	2202148	S	12	2	14	0.00001
Azospirillum oryzae	286727	S	6	5	11	0.00001
Azospirillum lipoferum	193	S	5	2	7	0.00001
Azospirillum ramasamyi	682998	S	5	2	7	0.00001
Azospirillum sp. TSH100	652764	S	3	1	4	0.00000
Azospirillum thiophilum	528244	S	1	0	1	0.00000
Magnetospirillum magneticum	84159	S	15	3	18	0.00002
Magnetospirillum gryphiswaldense	55518	S	13	0	13	0.00001
Magnetospirillum sp. XM-1	1663591	S	8	3	11	0.00001
Magnetospirillum sp. ME-1	1639348	S	1	0	1	0.00000
Hypericibacter terrae	2602015	S	9	0	9	0.00001
Hypericibacter adhaerens	2602016	S	9	1	10	0.00001
Niveispirillum cyanobacteriorum	1612173	S	14	2	16	0.00001
Skermanella pratensis	2233999	S	6	4	10	0.00001
Skermanella sp. TT6	2775420	S	2	2	4	0.00000
Thalassospira indica	1891279	S	4	4	8	0.00001
Thalassospira marina	2048283	S	2	0	2	0.00000
Thalassospira sp. A40-3	2785908	S	1	1	2	0.00000
Rhodospirillum centenum	34018	S	6	1	7	0.00001
Rhodospirillum rubrum	1085	S	4	-4	0	0.00000
Nitrospirillum amazonense	28077	S	9	0	9	0.00001
Ferrovibrio terrae	2594003	S	8	0	8	0.00001
Pararhodospirillum photometricum	1084	S	8	0	8	0.00001
Indioceanicola profundi	2220096	S	8	1	9	0.00001
Defluviicoccus vanus	111831	S	7	0	7	0.00001
Tistrella mobilis	171437	S	3	1	4	0.00000
Magnetospira sp. QH-2	1288970	S	3	0	3	0.00000
Roseomonas sp. FDAARGOS_362	2018065	S	8	18	26	0.00002
Roseomonas sp. 546	2768162	S	7	1	8	0.00001
Roseomonas sp. 1318	2768161	S	4	1	5	0.00000
Roseomonas mucosa	207340	S	7	21	28	0.00002
Roseomonas gilardii	257708	S	7	1	8	0.00001
Acetobacter orientalis	146474	S	5	0	5	0.00000
Acetobacter aceti	435	S	3	0	3	0.00000
Acetobacter ascendens	481146	S	2	2	4	0.00000
Acetobacter sp. KACC 21233	2592655	S	2	0	2	0.00000
Acetobacter pasteurianus	438	S	1	1	2	0.00000
Acetobacter tropicalis	104102	S	1	1	2	0.00000
Acetobacter persici	1076596	S	1	0	1	0.00000
Acetobacter oryzoeni	2500548	S	1	2	3	0.00000
Roseococcus sp. NIBR12	2771361	S	16	0	16	0.00001
Komagataeibacter xylinus	28448	S	5	2	7	0.00001
Komagataeibacter medellinensis	1177712	S	4	2	6	0.00001
Komagataeibacter europaeus	33995	S	3	0	3	0.00000
Komagataeibacter hansenii	436	S	1	0	1	0.00000
Komagataeibacter saccharivorans	265959	S	1	0	1	0.00000
Stella humosa	94	S	13	1	14	0.00001
Acidibrevibacterium fodinaquatile	1969806	S	6	0	6	0.00001
Gluconacetobacter diazotrophicus	33996	S	5	0	5	0.00000
Kozakia baliensis	153496	S	5	0	5	0.00000
Bombella sp. KACC 21507	2697033	S	5	0	5	0.00000
Entomobacter blattae	2762277	S	3	0	3	0.00000
Lichenicola cladoniae	1484109	S	3	0	3	0.00000
Neoasaia chiangmaiensis	320497	S	3	0	3	0.00000
Swingsia sp. F3b2	2558361	S	2	0	2	0.00000
Gluconobacter oxydans	442	S	1	1	2	0.00000
Granulibacter bethesdensis	364410	S	1	0	1	0.00000
Oecophyllibacter saccharovorans	2558360	S	1	0	1	0.00000
Terasakiella sp. SH-1	2560057	S	3	0	3	0.00000
Rickettsia amblyommatis	33989	S	3	2	5	0.00000
Rickettsia endosymbiont of Ixodes scapularis	444612	S	2	1	3	0.00000
Rickettsia akari	786	S	2	0	2	0.00000
Rickettsia raoultii	369822	S	2	2	4	0.00000
Rickettsia prowazekii	782	S	2	0	2	0.00000
Rickettsia canadensis	788	S	1	-1	0	0.00000
Orientia tsutsugamushi	784	S	3	0	3	0.00000
Candidatus Phycorickettsia trachydisci	2115978	S	1	0	1	0.00000
Wolbachia endosymbiont of Ctenocephalides felis wCfeT	2732593	S	2	0	2	0.00000
Wolbachia endosymbiont of Brugia malayi	80849	S	1	1	2	0.00000
Wolbachia endosymbiont of Dirofilaria (Dirofilaria) immitis	1812115	S	1	0	1	0.00000
Wolbachia endosymbiont of Folsomia candida	169402	S	1	0	1	0.00000
Candidatus Wolbachia massiliensis	1845000	S	1	3	4	0.00000
Ehrlichia ruminantium	779	S	5	1	6	0.00001
Ehrlichia canis	944	S	1	0	1	0.00000
Candidatus Fokinia solitaria	1802984	S	4	0	4	0.00000
Candidatus Midichloria mitochondrii	234827	S	1	0	1	0.00000
Rickettsiales endosymbiont of Stachyamoeba lipophora	2486578	S	2	2	4	0.00000
Phreatobacter stygius	1940610	S	15	1	16	0.00001
Phreatobacter cathodiphilus	1868589	S	3	0	3	0.00000
Phreatobacter sp. NMCR1094	2570229	S	2	0	2	0.00000
Micavibrio aeruginosavorus	349221	S	4	0	4	0.00000
Candidatus Puniceispirillum marinum	767892	S	2	0	2	0.00000
Candidatus Pelagibacter sp. FZCC0015	2268451	S	6	0	6	0.00001
Candidatus Pelagibacter sp. HIMB1321	1388755	S	3	0	3	0.00000
Candidatus Pelagibacter sp. IMCC9063	1002672	S	2	0	2	0.00000
Candidatus Pelagibacter sp. RS39	1977864	S	2	0	2	0.00000
Candidatus Pelagibacter ubique	198252	S	2	0	2	0.00000
Candidatus Pelagibacter giovannonii	2563896	S	2	0	2	0.00000
Candidatus Fonsibacter ubiquis	1925548	S	2	0	2	0.00000
Hyphomonas sp. CACIAM 19H1	1873716	S	7	0	7	0.00001
Hyphomonas sp. KY3	2016196	S	5	0	5	0.00000
Hyphomonas sp. Mor2	1906738	S	2	0	2	0.00000
Hirschia baltica	2724	S	2	0	2	0.00000
Hyphobacterium sp. CCMP332	2749086	S	4	0	4	0.00000
Maricaulis maris	74318	S	2	0	2	0.00000
Marinicauda algicola	2029849	S	2	0	2	0.00000
Glycocaulis alkaliphilus	1434191	S	1	0	1	0.00000
Candidatus Paracaedibacter acanthamoebae	91604	S	4	0	4	0.00000
endosymbiont of Acanthamoeba sp. UWC8	86106	S	2	0	2	0.00000
Candidatus Nucleicultrix amoebiphila	1509244	S	2	0	2	0.00000
Paremcibacter congregatus	2043170	S	4	0	4	0.00000
Luteithermobacter gelatinilyticus	2582913	S	3	0	3	0.00000
Kordiimonas pumila	2161677	S	5	0	5	0.00000
Magnetococcus marinus	1124597	S	5	0	5	0.00000
Aliarcobacter cryaerophilus	28198	S	488	68	556	0.00049
Aliarcobacter skirrowii	28200	S	31	8	39	0.00003
Aliarcobacter cibarius	255507	S	13	1	14	0.00001
Aliarcobacter lanthieri	1355374	S	9	0	9	0.00001
Aliarcobacter butzleri	28197	S	8	1	9	0.00001
Aliarcobacter trophiarum	708186	S	8	0	8	0.00001
Aliarcobacter thereius	544718	S	3	0	3	0.00000
Aliarcobacter faecis	1564138	S	3	0	3	0.00000
[Arcobacter] porcinus	1935204	S	2	0	2	0.00000
Arcobacter suis	1278212	S	40	8	48	0.00004
Arcobacter venerupis	1054033	S	20	3	23	0.00002
Arcobacter defluvii	873191	S	12	2	14	0.00001
Arcobacter ellisii	913109	S	9	3	12	0.00001
Arcobacter aquimarinus	1315211	S	6	3	9	0.00001
Arcobacter cloacae	1054034	S	3	1	4	0.00000
Arcobacter sp. FWKO B	2593672	S	2	0	2	0.00000
Arcobacter anaerophilus	877500	S	1	0	1	0.00000
Pseudoarcobacter acticola	1849015	S	15	0	15	0.00001
Malaciobacter mytili	603050	S	4	0	4	0.00000
Malaciobacter molluscorum	1032072	S	3	0	3	0.00000
Malaciobacter marinus	505249	S	2	0	2	0.00000
Malaciobacter canalis	1912871	S	2	0	2	0.00000
Malaciobacter pacificus	1080223	S	1	0	1	0.00000
Halarcobacter ebronensis	1462615	S	8	0	8	0.00001
Halarcobacter bivalviorum	663364	S	4	0	4	0.00000
Poseidonibacter lekithochrous	1904463	S	3	0	3	0.00000
Poseidonibacter parvus	1850254	S	1	3	4	0.00000
Campylobacter sp. RM16704	1500960	S	5	0	5	0.00000
Campylobacter sp. 2014D-0216	1813595	S	1	0	1	0.00000
Campylobacter ureolyticus	827	S	5	0	5	0.00000
Campylobacter pinnipediorum	1965231	S	4	0	4	0.00000
Campylobacter fetus	196	S	3	0	3	0.00000
Campylobacter upsaliensis	28080	S	3	0	3	0.00000
Campylobacter showae	204	S	3	0	3	0.00000
Campylobacter jejuni	197	S	3	13	16	0.00001
Campylobacter curvus	200	S	2	0	2	0.00000
Campylobacter sputorum	206	S	2	0	2	0.00000
Campylobacter concisus	199	S	2	0	2	0.00000
Campylobacter helveticus	28898	S	2	0	2	0.00000
Campylobacter lanienae	75658	S	1	0	1	0.00000
Campylobacter iguaniorum	1244531	S	1	0	1	0.00000
Campylobacter corcagiensis	1448857	S	1	0	1	0.00000
Campylobacter subantarcticus	497724	S	1	-1	0	0.00000
Campylobacter lari	201	S	1	0	1	0.00000
Campylobacter insulaenigrae	260714	S	1	0	1	0.00000
Campylobacter blaseri	2042961	S	1	0	1	0.00000
Campylobacter armoricus	2505970	S	1	0	1	0.00000
Campylobacter coli	195	S	1	0	1	0.00000
Sulfurospirillum sp. UCH001	1581011	S	14	0	14	0.00001
Sulfurospirillum sp. JPD-1	220622	S	2	9	11	0.00001
Sulfurospirillum halorespirans	194424	S	4	2	6	0.00001
Sulfurospirillum cavolei	366522	S	2	0	2	0.00000
Sulfurospirillum deleyianum	65553	S	1	0	1	0.00000
Sulfurimonas sp. H1576	2672570	S	2	0	2	0.00000
Sulfurimonas sp. NW10	2509341	S	1	1	2	0.00000
Sulfurimonas denitrificans	39766	S	4	0	4	0.00000
Candidatus Sulfurimonas baltica	2740404	S	3	0	3	0.00000
Sulfurimonas gotlandica	1176482	S	2	0	2	0.00000
Sulfuricurvum kujiense	148813	S	12	0	12	0.00001
Helicobacter pylori	210	S	9	1	10	0.00001
Helicobacter cinaedi	213	S	1	0	1	0.00000
Helicobacter suis	104628	S	1	0	1	0.00000
Helicobacter typhlonius	76936	S	1	0	1	0.00000
Helicobacter bizzozeronii	56877	S	1	0	1	0.00000
Wolinella succinogenes	844	S	2	0	2	0.00000
Nitratifractor salsuginis	269261	S	2	0	2	0.00000
Hydrogenimonas urashimensis	2740515	S	1	0	1	0.00000
Nitratiruptor sp. YY09-18	2724901	S	1	5	6	0.00001
Nitratiruptor labii	2706014	S	2	0	2	0.00000
Nitrosophilus alvini	2714855	S	3	0	3	0.00000
Cetia pacifica	1424653	S	3	0	3	0.00000
Caminibacter mediatlanticus	291048	S	2	0	2	0.00000
Archangium violaceum	83451	S	19	11	30	0.00003
Archangium gephyra	48	S	3	2	5	0.00000
Stigmatella aurantiaca	41	S	5	2	7	0.00001
Cystobacter fuscus	43	S	5	3	8	0.00001
Melittangium boletus	83453	S	5	3	8	0.00001
Myxococcus xanthus	34	S	8	5	13	0.00001
Myxococcus hansupus	1297742	S	5	3	8	0.00001
Myxococcus sp. SCHIC003	2813577	S	2	2	4	0.00000
Myxococcus stipitatus	83455	S	1	1	2	0.00000
Corallococcus coralloides	184914	S	10	3	13	0.00001
Corallococcus macrosporus	35	S	2	3	5	0.00000
Pyxidicoccus sp. SCPEA002	2813578	S	7	1	8	0.00001
Anaeromyxobacter sp. Fw109-5	404589	S	7	0	7	0.00001
Anaeromyxobacter sp. K	447217	S	4	5	9	0.00001
Anaeromyxobacter dehalogenans	161493	S	2	0	2	0.00000
Vulgatibacter incomptus	1391653	S	2	0	2	0.00000
Sorangium cellulosum	56	S	61	9	70	0.00006
Chondromyces crocatus	52	S	5	0	5	0.00000
Labilithrix luteola	1391654	S	21	0	21	0.00002
Sandaracinus amylolyticus	927083	S	18	0	18	0.00002
Minicystis rosea	888845	S	14	1	15	0.00001
Haliangium ochraceum	80816	S	19	0	19	0.00002
Desulfovibrio desulfuricans	876	S	9	6	15	0.00001
Desulfovibrio vulgaris	881	S	9	0	9	0.00001
Desulfovibrio piger	901	S	7	1	8	0.00001
Desulfovibrio sulfodismutans	63561	S	5	0	5	0.00000
Desulfovibrio fairfieldensis	44742	S	3	0	3	0.00000
Desulfovibrio carbinoliphilus	345370	S	3	0	3	0.00000
Desulfovibrio gigas	879	S	2	0	2	0.00000
Desulfovibrio sp. 86	2666132	S	2	1	3	0.00000
Desulfovibrio magneticus	184917	S	1	4	5	0.00000
Desulfovibrio marinus	370038	S	1	0	1	0.00000
Candidatus Desulfovibrio trichonymphae	1725232	S	1	0	1	0.00000
Pseudodesulfovibrio sp. zrk46	2725288	S	5	0	5	0.00000
Pseudodesulfovibrio indicus	1716143	S	4	0	4	0.00000
Pseudodesulfovibrio aespoeensis	182210	S	3	1	4	0.00000
Pseudodesulfovibrio piezophilus	879567	S	2	0	2	0.00000
Pseudodesulfovibrio mercurii	641491	S	1	0	1	0.00000
Pseudodesulfovibrio cashew	2678688	S	1	0	1	0.00000
Desulfocurvibacter africanus	873	S	3	0	3	0.00000
Maridesulfovibrio hydrothermalis	191026	S	2	0	2	0.00000
Maridesulfovibrio salexigens	880	S	1	0	1	0.00000
Desulfolutivibrio sulfoxidireducens	2773299	S	2	0	2	0.00000
Desulfomicrobium baculatum	899	S	4	1	5	0.00000
Desulfomicrobium orale	132132	S	3	1	4	0.00000
Geobacter sp. M18	443143	S	9	5	14	0.00001
Geobacter sp. SVR	2495594	S	3	0	3	0.00000
Geobacter sp. FeAm09	2597769	S	2	0	2	0.00000
Geobacter sp. Jerry-YX	2815309	S	2	0	2	0.00000
Geobacter sp. M21	443144	S	1	1	2	0.00000
Geobacter lovleyi	313985	S	4	0	4	0.00000
Geobacter pickeringii	345632	S	4	0	4	0.00000
Geobacter uraniireducens	351604	S	3	0	3	0.00000
Geobacter sulfurreducens	35554	S	2	0	2	0.00000
Geobacter bemidjiensis	225194	S	2	2	4	0.00000
Geobacter daltonii	1203471	S	2	0	2	0.00000
Desulfuromonas sp. DDH964	1823759	S	5	1	6	0.00001
Desulfuromonas soudanensis	1603606	S	1	0	1	0.00000
Pelobacter propionicus	29543	S	2	2	4	0.00000
Syntrophotalea acetylenica	29542	S	4	0	4	0.00000
Syntrophotalea carbinolica	19	S	2	0	2	0.00000
Desulfobacter postgatei	2293	S	6	0	6	0.00001
Desulfobacter hydrogenophilus	2291	S	5	0	5	0.00000
Desulfosarcina alkanivorans	571177	S	5	1	6	0.00001
Desulfosarcina ovata	83564	S	2	-2	0	0.00000
Desulfosarcina widdelii	947919	S	2	0	2	0.00000
Desulfonema magnum	45655	S	6	0	6	0.00001
Desulfonema limicola	45656	S	2	0	2	0.00000
Desulfococcus oleovorans	181663	S	3	0	3	0.00000
Desulfobacula toluolica	28223	S	3	0	3	0.00000
Desulfatibacillum aliphaticivorans	218208	S	1	0	1	0.00000
Desulfocapsa sulfexigens	65555	S	4	0	4	0.00000
Desulfopila sp. IMCC35005	2569541	S	1	2	3	0.00000
Desulfobulbus oligotrophicus	1909699	S	1	0	1	0.00000
Desulfobulbus oralis	1986146	S	1	0	1	0.00000
Desulfurivibrio alkaliphilus	427923	S	2	0	2	0.00000
Desulfotalea psychrophila	84980	S	1	0	1	0.00000
Syntrophobacter fumaroxidans	119484	S	3	0	3	0.00000
Desulfoglaeba alkanexedens	361111	S	3	0	3	0.00000
Syntrophus aciditrophicus	316277	S	4	0	4	0.00000
Desulfomonile tiedjei	2358	S	1	0	1	0.00000
Desulfobacca acetoxidans	60893	S	1	0	1	0.00000
Persicimonas caeni	2292766	S	7	0	7	0.00001
Bradymonas sediminis	1548548	S	1	0	1	0.00000
Desulfarculus baarsii	453230	S	6	2	8	0.00001
Hippea maritima	84405	S	4	0	4	0.00000
Bdellovibrio bacteriovorus	959	S	16	2	18	0.00002
Bdellovibrio sp. NC01	2220073	S	5	1	6	0.00001
Bdellovibrio sp. KM01	2748865	S	4	2	6	0.00001
Bdellovibrio sp. ZAP7	2231053	S	3	1	4	0.00000
Bdellovibrio exovorus	453816	S	11	0	11	0.00001
Bacteriovorax stolpii	960	S	20	0	20	0.00002
Halobacteriovorax sp. BALOs_7	2109558	S	3	0	3	0.00000
Halobacteriovorax marinus	97084	S	1	0	1	0.00000
Silvanigrella aquatica	1915309	S	6	0	6	0.00001
Acidithiobacillus ferrivorans	160808	S	5	0	5	0.00000
Acidithiobacillus ferrooxidans	920	S	3	2	5	0.00000
Acidithiobacillus caldus	33059	S	3	0	3	0.00000
Mariprofundus aestuarium	1921086	S	2	0	2	0.00000
Hydrogenophilus thermoluteolus	297	S	1	0	1	0.00000
Cutibacterium acnes	1747	S	5933	389	6322	0.00563
Cutibacterium avidum	33010	S	60	5	65	0.00006
Cutibacterium granulosum	33011	S	48	4	52	0.00005
Propionibacterium sp. oral taxon 193	671223	S	116	19	135	0.00012
Propionibacterium freudenreichii	1744	S	6	10	16	0.00001
Propionibacterium australiense	119981	S	1	1	2	0.00000
Tessaracoccus flavescens	399497	S	12	2	14	0.00001
Tessaracoccus defluvii	1285901	S	8	1	9	0.00001
Tessaracoccus aquimaris	1332264	S	5	0	5	0.00000
Tessaracoccus sp. MC1865	2760310	S	5	0	5	0.00000
Tessaracoccus timonensis	2161816	S	4	0	4	0.00000
Tessaracoccus flavus	1610493	S	1	0	1	0.00000
Microlunatus sp. Gsoil 973	2672569	S	5	0	5	0.00000
Microlunatus sp. KUDC0627	2596828	S	4	0	4	0.00000
Microlunatus sagamiharensis	546874	S	7	0	7	0.00001
Microlunatus soli	630515	S	4	0	4	0.00000
Microlunatus phosphovorus	29405	S	2	0	2	0.00000
Auraticoccus monumenti	675864	S	9	0	9	0.00001
Brevilactibacter sp. MC1595	2819349	S	8	1	9	0.00001
Propioniciclava sp. HDW11	2714937	S	7	1	8	0.00001
Acidipropionibacterium acidipropionici	1748	S	3	0	3	0.00000
Acidipropionibacterium virtanenii	2057246	S	1	0	1	0.00000
Raineyella sp. CBA3103	2662261	S	2	0	2	0.00000
Propionimicrobium sp. Marseille-P3275	1871034	S	1	0	1	0.00000
Pseudopropionibacterium propionicum	1750	S	1	0	1	0.00000
Nocardioides sp. HDW12B	2714939	S	12	2	14	0.00001
Nocardioides sp. S5	2017486	S	9	3	12	0.00001
Nocardioides sp. CF8	110319	S	9	3	12	0.00001
Nocardioides sp. S-713	2760089	S	8	2	10	0.00001
Nocardioides sp. JS614	196162	S	7	1	8	0.00001
Nocardioides sp. WS12	2486272	S	7	0	7	0.00001
Nocardioides sp. 603	2483798	S	5	1	6	0.00001
Nocardioides sp. S-1144	2582905	S	5	1	6	0.00001
Nocardioides sp. MC1495	2736757	S	5	1	6	0.00001
Nocardioides sp. zg-579	2663857	S	5	1	6	0.00001
Nocardioides sp. HDW12A	2714938	S	5	2	7	0.00001
Nocardioides sp. zg-1228	2763008	S	4	1	5	0.00000
Nocardioides sp. ZJ1313	2685869	S	3	3	6	0.00001
Nocardioides sp. JQ2195	2592334	S	3	0	3	0.00000
Nocardioides sp. dk3136	2575373	S	3	1	4	0.00000
Nocardioides sp. HY056	2500546	S	3	0	3	0.00000
Nocardioides sp. dk884	2662361	S	1	1	2	0.00000
Nocardioides aromaticivorans	200618	S	12	4	16	0.00001
Nocardioides ungokensis	1643322	S	10	2	12	0.00001
Nocardioides mesophilus	433659	S	9	1	10	0.00001
Nocardioides humi	449461	S	8	2	10	0.00001
Nocardioides marinisabuli	419476	S	7	3	10	0.00001
Nocardioides baekrokdamisoli	1804624	S	7	0	7	0.00001
Nocardioides anomalus	2712223	S	7	1	8	0.00001
Nocardioides cynanchi	2558918	S	5	0	5	0.00000
Nocardioides dokdonensis	450734	S	3	1	4	0.00000
Nocardioides euryhalodurans	2518370	S	3	0	3	0.00000
Nocardioides daphniae	402297	S	2	0	2	0.00000
Nocardioides houyundeii	2045452	S	2	0	2	0.00000
Nocardioides seonyuensis	2518371	S	2	0	2	0.00000
Nocardioides sambongensis	2589074	S	1	0	1	0.00000
Aeromicrobium yanjiei	2662028	S	7	0	7	0.00001
Aeromicrobium sp. A1-2	2107713	S	3	0	3	0.00000
Aeromicrobium sp. zg-629	2663859	S	3	0	3	0.00000
Aeromicrobium choanae	1736691	S	5	0	5	0.00000
Aeromicrobium erythreum	2041	S	4	0	4	0.00000
Aeromicrobium marinum	219314	S	2	0	2	0.00000
Aeromicrobium chenweiae	2079793	S	2	0	2	0.00000
Micropruina glycogenica	75385	S	16	1	17	0.00002
Pimelobacter simplex	2045	S	6	1	7	0.00001
Marmoricola scoriae	642780	S	6	1	7	0.00001
Friedmanniella luteola	546871	S	4	0	4	0.00000
Mumia sp. ZJ1417	2708082	S	3	0	3	0.00000
Kribbella flavida	182640	S	5	1	6	0.00001
Actinopolymorpha singaporensis	117157	S	4	0	4	0.00000
Curtobacterium flaccumfaciens	2035	S	758	78	836	0.00074
Curtobacterium sp. 24E2	2804758	S	7	0	7	0.00001
Curtobacterium sp. SGAir0471	2070337	S	4	0	4	0.00000
Curtobacterium sp. Csp2	2495430	S	2	2	4	0.00000
Curtobacterium sp. YC1	2795488	S	2	0	2	0.00000
Curtobacterium sp. MR_MD2014	1561023	S	1	0	1	0.00000
Curtobacterium sp. BH-2-1-1	1905847	S	1	0	1	0.00000
Curtobacterium pusillum	69373	S	3	0	3	0.00000
Microbacterium sp. PM5	2014534	S	40	3	43	0.00004
Microbacterium sp. BH-3-3-3	1906742	S	24	2	26	0.00002
Microbacterium sp. Y-01	2048898	S	21	5	26	0.00002
Microbacterium sp. NY27	2782169	S	9	0	9	0.00001
Microbacterium sp. ABRD_28	2268461	S	9	0	9	0.00001
Microbacterium sp. 10M-3C3	2483401	S	8	1	9	0.00001
Microbacterium sp. WY121	2782168	S	8	0	8	0.00001
Microbacterium sp. CBA3102	2603598	S	8	1	9	0.00001
Microbacterium sp. LKL04	912630	S	8	0	8	0.00001
Microbacterium sp. No. 7	1714373	S	8	1	9	0.00001
Microbacterium sp. RG1	2489212	S	7	0	7	0.00001
Microbacterium sp. TPU 3598	1938334	S	6	1	7	0.00001
Microbacterium sp. YJN-G	2763257	S	6	0	6	0.00001
Microbacterium sp. JZ31	1906274	S	5	0	5	0.00000
Microbacterium sp. XT11	367477	S	5	0	5	0.00000
Microbacterium sp. HY60	2769067	S	5	0	5	0.00000
Microbacterium sp. Nx66	2766784	S	5	4	9	0.00001
Microbacterium sp. Se63.02b	2709304	S	5	1	6	0.00001
Microbacterium sp. A18JL200	2782167	S	4	1	5	0.00000
Microbacterium sp. A18JL241	2782166	S	4	0	4	0.00000
Microbacterium sp. PAMC 28756	1795053	S	4	5	9	0.00001
Microbacterium sp. 1S1	2606451	S	2	1	3	0.00000
Microbacterium sp. HY82	2708079	S	2	0	2	0.00000
Microbacterium sp. 4R-513	2567934	S	2	0	2	0.00000
Microbacterium sp. SGAir0570	2070348	S	1	5	6	0.00001
Microbacterium sp. 1.5R	1916917	S	1	5	6	0.00001
Microbacterium foliorum	104336	S	38	5	43	0.00004
Microbacterium oxydans	82380	S	27	6	33	0.00003
Microbacterium hominis	162426	S	19	3	22	0.00002
Microbacterium aurum	36805	S	12	2	14	0.00001
Microbacterium lemovicicum	1072463	S	12	1	13	0.00001
Microbacterium esteraromaticum	57043	S	9	1	10	0.00001
Microbacterium chocolatum	84292	S	7	0	7	0.00001
Microbacterium pygmaeum	370764	S	7	0	7	0.00001
Microbacterium oleivorans	273677	S	6	0	6	0.00001
Microbacterium lushaniae	2614639	S	5	0	5	0.00000
Microbacterium caowuchunii	2614638	S	5	0	5	0.00000
Microbacterium schleiferi	69362	S	5	1	6	0.00001
Microbacterium sediminis	904291	S	4	1	5	0.00000
Microbacterium paraoxydans	199592	S	4	25	29	0.00003
Microbacterium amylolyticum	936337	S	3	0	3	0.00000
Microbacterium testaceum	2033	S	3	0	3	0.00000
Microbacterium endophyticum	1526412	S	2	0	2	0.00000
Microbacterium protaetiae	2509458	S	2	0	2	0.00000
Microbacterium wangchenii	2541726	S	2	0	2	0.00000
Microbacterium oryzae	743009	S	1	0	1	0.00000
Microbacterium hydrocarbonoxydans	273678	S	1	0	1	0.00000
Rhodoluna lacicola	529884	S	54	2	56	0.00005
Rhodoluna limnophila	232537	S	27	0	27	0.00002
Candidatus Rhodoluna planktonica	535712	S	11	0	11	0.00001
Candidatus Aquiluna sp. 15G-AUS-rot	2499157	S	3	0	3	0.00000
Candidatus Aquiluna sp. UB-MaderosW2red	1855377	S	2	0	2	0.00000
Plantibacter sp. PA-3-X8	2480625	S	30	23	53	0.00005
Plantibacter sp. M259	2583822	S	12	9	21	0.00002
Plantibacter flavus	150123	S	18	9	27	0.00002
Rathayibacter sp. VKM Ac-2759	2609252	S	11	2	13	0.00001
Rathayibacter sp. VKM Ac-2804	2609257	S	9	4	13	0.00001
Rathayibacter sp. VKM Ac-2760	2609253	S	4	1	5	0.00000
Rathayibacter sp. VKM Ac-2762	2609254	S	2	5	7	0.00001
Rathayibacter sp. VKM Ac-2805	2609258	S	1	3	4	0.00000
Rathayibacter festucae	110937	S	20	11	31	0.00003
Rathayibacter toxicus	145458	S	3	0	3	0.00000
Rathayibacter rathayi	33887	S	2	0	2	0.00000
Rathayibacter iranicus	59737	S	2	0	2	0.00000
Rathayibacter tanaceti	1671680	S	2	0	2	0.00000
Rathayibacter tritici	33888	S	1	0	1	0.00000
Aurantimicrobium sp. MWH-Mo1	1987356	S	32	2	34	0.00003
Aurantimicrobium sp. MWH-Uga1	2079575	S	3	2	5	0.00000
Aurantimicrobium minutum	708131	S	3	2	5	0.00000
Agromyces sp. HY052	2585717	S	7	0	7	0.00001
Agromyces sp. KACC 19306	2592652	S	6	0	6	0.00001
Agromyces sp. G127AT	2781962	S	5	0	5	0.00000
Agromyces sp. LHK192	2498704	S	4	0	4	0.00000
Agromyces aureus	453304	S	6	0	6	0.00001
Agromyces protaetiae	2509455	S	5	0	5	0.00000
Agromyces flavus	589382	S	4	0	4	0.00000
Agromyces badenianii	2080742	S	3	0	3	0.00000
Leifsonia xyli	1575	S	17	2	19	0.00002
Leifsonia sp. 21MFCrub1.1	1798223	S	5	4	9	0.00001
Leifsonia sp. PS1209	2724914	S	5	0	5	0.00000
Leifsonia shinshuensis	150026	S	5	1	6	0.00001
Clavibacter michiganensis	28447	S	22	4	26	0.00002
Clavibacter sp. DM1	2768071	S	1	0	1	0.00000
Leucobacter sp. CX169	2813744	S	9	1	10	0.00001
Leucobacter muris	1935379	S	4	0	4	0.00000
Leucobacter insecticola	2714934	S	4	0	4	0.00000
Leucobacter coleopterorum	2714933	S	3	0	3	0.00000
Leucobacter denitrificans	683042	S	2	0	2	0.00000
Leucobacter triazinivorans	1784719	S	2	0	2	0.00000
Leucobacter viscericola	2714935	S	2	0	2	0.00000
Agreia sp. COWG	2773266	S	25	1	26	0.00002
Salinibacterium sp. dk2585	2603292	S	9	0	9	0.00001
Salinibacterium sp. UTAS2018	2508880	S	4	0	4	0.00000
Salinibacterium sp. ZJ450	2708338	S	4	0	4	0.00000
Salinibacterium sp. ZJ70	2708084	S	2	0	2	0.00000
Salinibacterium hongtaonis	2079791	S	4	0	4	0.00000
Agrococcus jejuensis	399736	S	7	1	8	0.00001
Agrococcus sp. SGAir0287	2070347	S	6	0	6	0.00001
Agrococcus carbonis	684552	S	3	0	3	0.00000
Protaetiibacter intestinalis	2419774	S	11	1	12	0.00001
Protaetiibacter sp. SSC-01	2759943	S	5	0	5	0.00000
Frigoribacterium sp. NBH87	2596916	S	15	1	16	0.00001
Herbiconiux sp. SALV-R1	2735133	S	11	0	11	0.00001
Frondihabitans sp. PAMC 28766	1795630	S	7	0	7	0.00001
Frondihabitans sp. 762G35	1446794	S	3	0	3	0.00000
Gryllotalpicola protaetiae	2419771	S	10	0	10	0.00001
Marisediminicola antarctica	674079	S	8	0	8	0.00001
Mycetocola zhujimingii	2079792	S	4	0	4	0.00000
Mycetocola sp. JXN-3	2116510	S	4	0	4	0.00000
Cryobacterium soli	2220095	S	4	1	5	0.00000
Cryobacterium arcticum	670052	S	1	0	1	0.00000
Cryobacterium sp. LW097	1978566	S	1	0	1	0.00000
Lysinimonas sp. KACC 19322	2592654	S	6	1	7	0.00001
Glaciihabitans sp. INWT7	2596912	S	5	0	5	0.00000
Humibacter sp. BT305	2282656	S	3	16	19	0.00002
Pontimonas salivibrio	1159327	S	3	0	3	0.00000
Microterricola viridarii	412690	S	2	0	2	0.00000
Diaminobutyricimonas sp. LJ205	2683590	S	2	0	2	0.00000
Microcella alkaliphila	279828	S	1	0	1	0.00000
Dermacoccus nishinomiyaensis	1274	S	1360	154	1514	0.00135
Dermacoccus sp. PAMC28757	2762331	S	21	1	22	0.00002
Yimella sp. cx-51	2770551	S	5	0	5	0.00000
Luteipulveratus mongoliensis	571913	S	1	0	1	0.00000
Kocuria rhizophila	72000	S	267	70	337	0.00030
Kocuria palustris	71999	S	57	7	64	0.00006
Kocuria sp. BT304	1702043	S	5	4	9	0.00001
Kocuria sp. TGY1127_2	2711328	S	1	0	1	0.00000
Kocuria sp. TGY1120_3	2711329	S	1	0	1	0.00000
Kocuria sp. KD4	2719588	S	1	0	1	0.00000
Kocuria varians	1272	S	6	1	7	0.00001
Kocuria rosea	1275	S	6	0	6	0.00001
Kocuria turfanensis	388357	S	4	0	4	0.00000
Kocuria flava	446860	S	3	0	3	0.00000
Micrococcus luteus	1270	S	74	49	123	0.00011
Micrococcus sp. KBS0714	1179670	S	3	15	18	0.00002
Arthrobacter sp. FB24	290399	S	3	0	3	0.00000
Arthrobacter sp. UKPF54-2	2600159	S	3	1	4	0.00000
Arthrobacter sp. KBS0702	2578107	S	3	1	4	0.00000
Arthrobacter sp. NEB 688	904039	S	2	0	2	0.00000
Arthrobacter sp. PAMC 25486	1494608	S	1	0	1	0.00000
Arthrobacter sp. 24S4-2	2575374	S	1	0	1	0.00000
Arthrobacter sp. YN	2020486	S	1	1	2	0.00000
Arthrobacter sp. U41	1849032	S	1	0	1	0.00000
Arthrobacter sp. ERGS1:01	1704044	S	1	0	1	0.00000
Arthrobacter sp. D5-1	1477518	S	1	1	2	0.00000
Arthrobacter sp. QXT-31	1357915	S	1	0	1	0.00000
Arthrobacter sp. Rue61a	1118963	S	1	3	4	0.00000
Arthrobacter agilis	37921	S	7	0	7	0.00001
Arthrobacter alpinus	656366	S	5	8	13	0.00001
Arthrobacter citreus	1670	S	3	0	3	0.00000
Arthrobacter dokdonellae	2211210	S	3	0	3	0.00000
Arthrobacter crystallopoietes	37928	S	2	0	2	0.00000
Arthrobacter woluwensis	156980	S	2	0	2	0.00000
Rothia dentocariosa	2047	S	16	1	17	0.00002
Rothia amarae	169480	S	16	6	22	0.00002
Rothia mucilaginosa	43675	S	8	0	8	0.00001
Rothia kristinae	37923	S	6	1	7	0.00001
Rothia aeria	172042	S	4	0	4	0.00000
Rothia sp. ZJ932	2810516	S	2	0	2	0.00000
Rothia nasimurium	85336	S	1	0	1	0.00000
Rothia terrae	396015	S	1	0	1	0.00000
Glutamicibacter arilaitensis	256701	S	6	4	10	0.00001
Glutamicibacter protophormiae	37930	S	4	2	6	0.00001
Glutamicibacter creatinolyticus	162496	S	2	0	2	0.00000
Glutamicibacter mishrai	1775880	S	1	1	2	0.00000
Glutamicibacter halophytocola	1933880	S	1	0	1	0.00000
Pseudarthrobacter sp. YJ56	2697569	S	2	0	2	0.00000
Pseudarthrobacter sp. BIM B-2242	2772401	S	2	0	2	0.00000
Pseudarthrobacter sp. NIBRBAC000502772	2590775	S	1	0	1	0.00000
Pseudarthrobacter sulfonivorans	121292	S	3	0	3	0.00000
Pseudarthrobacter equi	728066	S	3	0	3	0.00000
Pseudarthrobacter chlorophenolicus	85085	S	2	0	2	0.00000
Paenarthrobacter sp. YJN-D	2735317	S	9	1	10	0.00001
Paenarthrobacter sp. YJN-5	2735316	S	2	3	5	0.00000
Paenarthrobacter ureafaciens	37931	S	1	4	5	0.00000
Sinomonas atrocyanea	37927	S	5	0	5	0.00000
Sinomonas sp. R1AF57	2020377	S	3	0	3	0.00000
Citricoccus sp. SGAir0253	2567881	S	4	0	4	0.00000
Neomicrococcus aestuarii	556325	S	4	0	4	0.00000
Renibacterium salmoninarum	1646	S	3	0	3	0.00000
Nesterenkonia sp. NBAIMH1	2600320	S	3	0	3	0.00000
Zhihengliuella sp. ISTPL4	2058657	S	1	0	1	0.00000
Psychromicrobium lacuslunae	1618207	S	1	0	1	0.00000
Janibacter indicus	857417	S	76	54	130	0.00012
Janibacter sp. YB324	2761047	S	24	24	48	0.00004
Janibacter limosus	53458	S	14	1	15	0.00001
Janibacter melonis	262209	S	7	0	7	0.00001
Phycicoccus sp. HDW14	2714941	S	8	1	9	0.00001
Phycicoccus endophyticus	1690220	S	1	0	1	0.00000
Pedococcus dokdonensis	443156	S	4	0	4	0.00000
Arsenicicoccus sp. oral taxon 190	1658671	S	3	0	3	0.00000
Tetrasphaera sp. HKS02	1813880	S	2	0	2	0.00000
Intrasporangium calvum	53358	S	1	0	1	0.00000
Brevibacterium sp. CS2	2575923	S	35	4	39	0.00003
Brevibacterium sp. YB235	1496080	S	4	1	5	0.00000
Brevibacterium sp. WO024	2697563	S	3	0	3	0.00000
Brevibacterium sp. 'Marine'	2725563	S	1	0	1	0.00000
Brevibacterium casei	33889	S	23	2	25	0.00002
Brevibacterium linens	1703	S	15	5	20	0.00002
Brevibacterium aurantiacum	273384	S	9	2	11	0.00001
Brevibacterium sandarakinum	629680	S	5	0	5	0.00000
Brevibacterium luteolum	199591	S	2	0	2	0.00000
Brevibacterium oceani	358099	S	1	0	1	0.00000
Brevibacterium siliguriense	1136497	S	1	0	1	0.00000
Brachybacterium sp. SGAir0954	2571029	S	14	1	15	0.00001
Brachybacterium sp. P6-10-X1	1903186	S	4	0	4	0.00000
Brachybacterium faecium	43669	S	11	1	12	0.00001
Brachybacterium ginsengisoli	1331682	S	6	1	7	0.00001
Brachybacterium vulturis	2017484	S	6	1	7	0.00001
Brachybacterium saurashtrense	556288	S	5	0	5	0.00000
Brachybacterium avium	2017485	S	1	0	1	0.00000
Dermabacter vaginalis	1630135	S	5	1	6	0.00001
Dermabacter jinjuensis	1667168	S	4	1	5	0.00000
Devriesea agamarum	472569	S	2	0	2	0.00000
Cellulomonas sp. Y8	2591145	S	6	0	6	0.00001
Cellulomonas sp. PSBB021	2003551	S	5	1	6	0.00001
Cellulomonas sp. H30R-01	2704467	S	3	0	3	0.00000
Cellulomonas flavigena	1711	S	9	1	10	0.00001
Cellulomonas shaoxiangyii	2566013	S	5	0	5	0.00000
Cellulomonas taurus	2729175	S	5	0	5	0.00000
Cellulomonas gilvus	11	S	3	0	3	0.00000
Cellulomonas fimi	1708	S	3	0	3	0.00000
Actinotalea sp. JY-7876	2758442	S	8	0	8	0.00001
Oerskovia sp. KBS0722	1179673	S	5	0	5	0.00000
Paraoerskovia marina	545619	S	1	0	1	0.00000
Cellulosimicrobium sp. JZ28	1906273	S	2	3	5	0.00000
Cellulosimicrobium sp. BI34T	2587808	S	2	0	2	0.00000
Cellulosimicrobium cellulans	1710	S	2	2	4	0.00000
Isoptericola variabilis	139208	S	6	0	6	0.00001
Isoptericola dokdonensis	372663	S	3	0	3	0.00000
Xylanimonas allomyrinae	2509459	S	6	0	6	0.00001
Xylanimonas cellulosilytica	186189	S	1	0	1	0.00000
Xylanimicrobium sp. FW10M-9	2509457	S	3	0	3	0.00000
Ornithinimicrobium sp. H23M54	2594265	S	6	0	6	0.00001
Ornithinimicrobium sp. AMA3305	2283195	S	3	0	3	0.00000
Ornithinimicrobium sp. HY006	2508882	S	2	0	2	0.00000
Ornithinimicrobium flavum	1288636	S	3	1	4	0.00000
Ornithinimicrobium pratense	2593973	S	2	0	2	0.00000
Serinicoccus profundi	1078471	S	8	2	10	0.00001
Serinicoccus chungangensis	767452	S	2	0	2	0.00000
Kytococcus sedentarius	1276	S	23	2	25	0.00002
Georgenia sp. Z443	2589797	S	4	0	4	0.00000
Georgenia sp. Z294	2585135	S	3	0	3	0.00000
Georgenia faecalis	2483799	S	3	0	3	0.00000
Haloactinobacterium sp. RN3S43	2779775	S	4	0	4	0.00000
Ruania sp. HY168	2603206	S	3	0	3	0.00000
Haloactinobacterium sp. HY164	2675754	S	3	0	3	0.00000
Sanguibacter sp. HDW7	2714931	S	5	0	5	0.00000
Sanguibacter keddieii	60920	S	2	0	2	0.00000
Dermatophilus congolensis	1863	S	4	0	4	0.00000
Miniimonas sp. S16	2171623	S	3	0	3	0.00000
Luteimicrobium xylanilyticum	1133546	S	3	0	3	0.00000
Jonesia denitrificans	43674	S	1	0	1	0.00000
Tropheryma whipplei	2039	S	1	-1	0	0.00000
Corynebacterium kefirresidentii	1979527	S	63	21	84	0.00007
Corynebacterium xerosis	1725	S	59	11	70	0.00006
Corynebacterium tuberculostearicum	38304	S	50	12	62	0.00006
Corynebacterium sp. zg-320	2768834	S	11	0	11	0.00001
Corynebacterium sp. LMM-1652	2487892	S	6	0	6	0.00001
Corynebacterium sp. 1959	2675216	S	5	0	5	0.00000
Corynebacterium sp. zg-917	2763010	S	5	0	5	0.00000
Corynebacterium sp. FDAARGOS 1242	2778078	S	4	5	9	0.00001
Corynebacterium sp. 2019	2675218	S	4	0	4	0.00000
Corynebacterium sp. sy039	2599641	S	3	0	3	0.00000
Corynebacterium sp. NML93-0612	699041	S	2	0	2	0.00000
Corynebacterium sp. L2-79-05	373068	S	2	22	24	0.00002
Corynebacterium sp. MC1420	2709392	S	2	0	2	0.00000
Corynebacterium sp. 1864	2820399	S	1	0	1	0.00000
Corynebacterium sp. Marseille-Q3630	2754725	S	1	0	1	0.00000
Corynebacterium sp. ZJ-599	2709394	S	1	0	1	0.00000
Corynebacterium sp. 4H37-19	2684405	S	1	0	1	0.00000
Corynebacterium segmentosum	43990	S	30	2	32	0.00003
Corynebacterium efficiens	152794	S	27	1	28	0.00002
Corynebacterium testudinoris	136857	S	13	0	13	0.00001
Corynebacterium bovis	36808	S	13	0	13	0.00001
Corynebacterium variabile	1727	S	12	3	15	0.00001
Corynebacterium jeikeium	38289	S	12	12	24	0.00002
Corynebacterium propinquum	43769	S	12	0	12	0.00001
Corynebacterium kroppenstedtii	161879	S	10	0	10	0.00001
Corynebacterium glucuronolyticum	39791	S	9	0	9	0.00001
Corynebacterium nuruki	1032851	S	8	0	8	0.00001
Corynebacterium matruchotii	43768	S	8	0	8	0.00001
Corynebacterium resistens	258224	S	8	3	11	0.00001
Corynebacterium simulans	146827	S	7	2	9	0.00001
Corynebacterium glutamicum	1718	S	6	37	43	0.00004
Corynebacterium urealyticum	43771	S	5	1	6	0.00001
Corynebacterium striatum	43770	S	5	1	6	0.00001
Corynebacterium stationis	1705	S	5	0	5	0.00000
Corynebacterium vitaeruminis	38305	S	5	1	6	0.00001
Corynebacterium macginleyi	38290	S	5	0	5	0.00000
Corynebacterium uterequi	1072256	S	5	0	5	0.00000
Corynebacterium lactis	1231000	S	5	0	5	0.00000
Corynebacterium callunae	1721	S	5	0	5	0.00000
Corynebacterium marinum	349751	S	4	0	4	0.00000
Corynebacterium timonense	441500	S	4	0	4	0.00000
Corynebacterium crudilactis	1652495	S	4	1	5	0.00000
Corynebacterium halotolerans	225326	S	4	0	4	0.00000
Corynebacterium glaucum	187491	S	4	0	4	0.00000
Corynebacterium sanguinis	2594913	S	4	1	5	0.00000
Corynebacterium anserum	2684406	S	4	0	4	0.00000
Corynebacterium phocae	161895	S	4	0	4	0.00000
Corynebacterium diphtheriae	1717	S	4	0	4	0.00000
Corynebacterium genitalium	38288	S	4	0	4	0.00000
Corynebacterium mycetoides	38302	S	4	0	4	0.00000
Corynebacterium argentoratense	42817	S	4	0	4	0.00000
Corynebacterium deserti	1408191	S	3	0	3	0.00000
Corynebacterium minutissimum	38301	S	3	1	4	0.00000
Corynebacterium singulare	161899	S	3	0	3	0.00000
Corynebacterium suranareeae	2506452	S	3	0	3	0.00000
Corynebacterium endometrii	2488819	S	3	0	3	0.00000
Corynebacterium kutscheri	35755	S	3	0	3	0.00000
Corynebacterium mustelae	571915	S	3	0	3	0.00000
Corynebacterium flavescens	28028	S	3	0	3	0.00000
Corynebacterium ureicelerivorans	401472	S	3	0	3	0.00000
Corynebacterium riegelii	156976	S	2	0	2	0.00000
Corynebacterium glyciniphilum	1404244	S	2	0	2	0.00000
Corynebacterium yudongzhengii	2080740	S	2	0	2	0.00000
Corynebacterium sphenisci	191493	S	2	0	2	0.00000
Corynebacterium ammoniagenes	1697	S	2	0	2	0.00000
Corynebacterium provencense	1737425	S	1	0	1	0.00000
Corynebacterium liangguodongii	2079535	S	1	0	1	0.00000
Corynebacterium renale	1724	S	1	0	1	0.00000
Corynebacterium pelargi	1471400	S	1	0	1	0.00000
Corynebacterium pseudotuberculosis	1719	S	1	0	1	0.00000
Corynebacterium rouxii	2719119	S	1	0	1	0.00000
Corynebacterium cystitidis	35757	S	1	0	1	0.00000
Corynebacterium aquilae	203263	S	1	0	1	0.00000
Corynebacterium imitans	156978	S	1	0	1	0.00000
Corynebacterium casei	160386	S	1	0	1	0.00000
Corynebacterium camporealensis	161896	S	1	0	1	0.00000
Corynebacterium atypicum	191610	S	1	0	1	0.00000
Corynebacterium frankenforstense	1230998	S	1	0	1	0.00000
Corynebacterium maris	575200	S	1	0	1	0.00000
Corynebacterium epidermidicanis	1050174	S	1	0	1	0.00000
Rhodococcus sp. YL-1	1045808	S	12	43	55	0.00005
Rhodococcus sp. B7740	1564114	S	11	0	11	0.00001
Rhodococcus sp. P1Y	1302308	S	8	0	8	0.00001
Rhodococcus sp. P-2	2795031	S	8	1	9	0.00001
Rhodococcus sp. X156	2499145	S	7	0	7	0.00001
Rhodococcus sp. W8901	2742603	S	6	0	6	0.00001
Rhodococcus sp. 008	1723645	S	6	27	33	0.00003
Rhodococcus sp. AQ5-07	2054902	S	4	11	15	0.00001
Rhodococcus sp. WMMA185	679318	S	4	0	4	0.00000
Rhodococcus sp. ABRD24	2507582	S	4	0	4	0.00000
Rhodococcus sp. PBTS 2	1653479	S	3	1	4	0.00000
Rhodococcus sp. MTM3W5.2	1805827	S	3	0	3	0.00000
Rhodococcus sp. PBTS 1	1653478	S	2	0	2	0.00000
Rhodococcus sp. NJ-530	2490853	S	2	8	10	0.00001
Rhodococcus sp. SGAir0479	2567884	S	2	0	2	0.00000
Rhodococcus sp. H-CA8f	1727214	S	1	3	4	0.00000
Rhodococcus sp. 21391	2683591	S	1	3	4	0.00000
Rhodococcus sp. WAY2	2663121	S	1	0	1	0.00000
Rhodococcus sp. p52	935199	S	1	3	4	0.00000
Rhodococcus qingshengii	334542	S	31	125	156	0.00014
Rhodococcus erythropolis	1833	S	25	66	91	0.00008
Rhodococcus fascians	1828	S	14	2	16	0.00001
Rhodococcus coprophilus	38310	S	7	0	7	0.00001
Rhodococcus opacus	37919	S	3	0	3	0.00000
Rhodococcus rhodochrous	1829	S	2	0	2	0.00000
Rhodococcus hoagii	43767	S	2	0	2	0.00000
Rhodococcus koreensis	99653	S	2	0	2	0.00000
Rhodococcus ruber	1830	S	1	0	1	0.00000
Rhodococcus pyridinivorans	103816	S	1	2	3	0.00000
Rhodococcus triatomae	300028	S	1	0	1	0.00000
Nocardia terpenica	455432	S	8	0	8	0.00001
Nocardia otitidiscaviarum	1823	S	7	0	7	0.00001
Nocardia farcinica	37329	S	7	1	8	0.00001
Nocardia seriolae	37332	S	7	0	7	0.00001
Nocardia cyriacigeorgica	135487	S	7	1	8	0.00001
Nocardia sp. WCH-YHL-001	2755382	S	5	0	5	0.00000
Nocardia arthritidis	228602	S	4	0	4	0.00000
Nocardia brasiliensis	37326	S	3	0	3	0.00000
Nocardia asteroides	1824	S	2	0	2	0.00000
Nocardia nova	37330	S	2	0	2	0.00000
Nocardia mangyaensis	2213200	S	2	0	2	0.00000
Nocardia wallacei	480035	S	1	0	1	0.00000
Nocardia yunnanensis	2382165	S	1	0	1	0.00000
Mycolicibacterium phocaicum	319706	S	19	3	22	0.00002
Mycolicibacterium helvum	1534349	S	12	0	12	0.00001
Mycolicibacterium sediminis	1286180	S	11	0	11	0.00001
Mycolicibacterium madagascariense	212765	S	9	0	9	0.00001
Mycolicibacterium sp. Z-34	2736649	S	6	0	6	0.00001
Mycolicibacterium sp. CBMA 213	1968788	S	1	0	1	0.00000
Mycolicibacterium sp. LJ126	2761578	S	1	0	1	0.00000
Mycolicibacterium thermoresistibile	1797	S	8	0	8	0.00001
Mycolicibacterium frederiksbergense	117567	S	8	2	10	0.00001
Mycolicibacterium celeriflavum	1249101	S	7	0	7	0.00001
Mycolicibacterium litorale	758802	S	7	1	8	0.00001
Mycolicibacterium mageritense	53462	S	7	0	7	0.00001
Mycolicibacterium fortuitum	1766	S	6	0	6	0.00001
Mycolicibacterium aurum	1791	S	6	0	6	0.00001
Mycolicibacterium phlei	1771	S	5	0	5	0.00000
Mycolicibacterium sarraceniae	1534348	S	5	0	5	0.00000
Mycolicibacterium insubricum	444597	S	5	0	5	0.00000
Mycolicibacterium boenickei	146017	S	5	8	13	0.00001
Mycolicibacterium chitae	1792	S	5	0	5	0.00000
Mycolicibacterium duvalii	39688	S	4	0	4	0.00000
Mycolicibacterium smegmatis	1772	S	4	0	4	0.00000
Mycolicibacterium fallax	1793	S	4	0	4	0.00000
Mycolicibacterium aichiense	1799	S	4	0	4	0.00000
Mycolicibacterium gilvum	1804	S	4	1	5	0.00000
Mycolicibacterium fluoranthenivorans	258505	S	4	0	4	0.00000
Mycolicibacterium mucogenicum	56689	S	4	0	4	0.00000
Mycolicibacterium parafortuitum	39692	S	4	0	4	0.00000
Mycolicibacterium alvei	67081	S	3	0	3	0.00000
Mycolicibacterium arabiense	1286181	S	3	0	3	0.00000
Mycolicibacterium aubagnense	319707	S	3	0	3	0.00000
Mycolicibacterium hassiacum	46351	S	3	0	3	0.00000
Mycolicibacterium confluentis	28047	S	3	0	3	0.00000
Mycolicibacterium tokaiense	39695	S	2	0	2	0.00000
Mycolicibacterium rutilum	370526	S	2	0	2	0.00000
Mycolicibacterium chubuense	1800	S	2	0	2	0.00000
Mycolicibacterium goodii	134601	S	2	0	2	0.00000
Mycolicibacterium gadium	1794	S	2	0	2	0.00000
Mycolicibacterium rhodesiae	36814	S	2	0	2	0.00000
Mycolicibacterium vaccae	1810	S	1	0	1	0.00000
Mycolicibacterium psychrotolerans	216929	S	1	0	1	0.00000
Mycolicibacterium pulveris	36813	S	1	0	1	0.00000
Mycolicibacterium vanbaalenii	110539	S	1	4	5	0.00000
Mycolicibacterium moriokaense	39691	S	1	0	1	0.00000
Mycolicibacterium anyangense	1431246	S	1	0	1	0.00000
Mycobacterium sp. YC-RL4	1682113	S	13	3	16	0.00001
Mycobacterium sp. DL592	2675524	S	4	0	4	0.00000
Mycobacterium sp. JS623	212767	S	3	0	3	0.00000
Mycobacterium sp. ELW1	1547487	S	3	1	4	0.00000
Mycobacterium sp. KMS	189918	S	2	12	14	0.00001
Mycobacterium sp. EPa45	1545728	S	2	0	2	0.00000
Mycobacterium sp. MS1601	1936029	S	2	0	2	0.00000
Mycobacterium sp. QIA-37	1561223	S	1	7	8	0.00001
Mycobacterium shigaense	722731	S	4	0	4	0.00000
Mycobacterium simiae	1784	S	3	0	3	0.00000
Mycobacterium kubicae	120959	S	3	0	3	0.00000
Mycobacterium parmense	185642	S	3	0	3	0.00000
Mycobacterium florentinum	292462	S	3	1	4	0.00000
Mycobacterium heidelbergense	53376	S	2	0	2	0.00000
Mycobacterium saskatchewanense	220927	S	2	0	2	0.00000
Mycobacterium stomatepiae	470076	S	1	0	1	0.00000
Mycobacterium avium	1764	S	3	1	4	0.00000
Mycobacterium colombiense	339268	S	3	0	3	0.00000
Mycobacterium intracellulare	1767	S	2	3	5	0.00000
Mycobacterium paraintracellulare	1138383	S	2	10	12	0.00001
Mycobacterium leprae	1769	S	5	0	5	0.00000
Mycobacterium grossiae	1552759	S	5	0	5	0.00000
Mycobacterium dioxanotrophicus	482462	S	5	0	5	0.00000
Mycobacterium cookii	1775	S	5	0	5	0.00000
Mycobacterium gordonae	1778	S	5	0	5	0.00000
Mycobacterium kansasii	1768	S	4	0	4	0.00000
Mycobacterium paragordonae	1389713	S	4	0	4	0.00000
Mycobacterium noviomagense	459858	S	4	0	4	0.00000
Mycobacterium gallinarum	39689	S	3	0	3	0.00000
Mycobacterium branderi	43348	S	3	0	3	0.00000
Mycobacterium heckeshornense	110505	S	2	0	2	0.00000
Mycobacterium seoulense	386911	S	1	0	1	0.00000
Mycobacterium basiliense	2094119	S	1	0	1	0.00000
Mycobacterium shinjukuense	398694	S	1	0	1	0.00000
Mycobacterium lacus	169765	S	1	0	1	0.00000
Mycobacterium xenopi	1789	S	1	0	1	0.00000
Mycobacterium haemophilum	29311	S	1	0	1	0.00000
Mycobacteroides abscessus	36809	S	6	7	13	0.00001
Mycobacteroides chelonae	1774	S	4	4	8	0.00001
Mycobacteroides salmoniphilum	404941	S	2	0	2	0.00000
Mycobacteroides immunogenum	83262	S	1	0	1	0.00000
Mycobacteroides saopaulense	1578165	S	1	0	1	0.00000
Mycolicibacter minnesotensis	1118379	S	3	0	3	0.00000
Mycolicibacter terrae	1788	S	2	0	2	0.00000
Mycolicibacter hiberniae	29314	S	2	0	2	0.00000
Mycolicibacillus koreensis	1069220	S	8	1	9	0.00001
Gordonia bronchialis	2054	S	69	7	76	0.00007
Gordonia sp. 135	2676309	S	4	6	10	0.00001
Gordonia sp. YC-JH1	2059875	S	3	1	4	0.00000
Gordonia sp. HY186	2597659	S	3	0	3	0.00000
Gordonia sp. KTR9	337191	S	2	0	2	0.00000
Gordonia sp. JH63	2698900	S	2	1	3	0.00000
Gordonia sp. PDNC005	2811424	S	1	0	1	0.00000
Gordonia polyisoprenivorans	84595	S	8	0	8	0.00001
Gordonia rubripertincta	36822	S	6	2	8	0.00001
Gordonia terrae	2055	S	4	1	5	0.00000
Gordonia iterans	1004901	S	2	0	2	0.00000
Gordonia insulae	2420509	S	2	0	2	0.00000
Gordonia phthalatica	1136941	S	1	0	1	0.00000
Tsukamurella tyrosinosolvens	57704	S	26	8	34	0.00003
Tsukamurella paurometabola	2061	S	25	4	29	0.00003
Lawsonella clevelandensis	1528099	S	55	2	57	0.00005
Dietzia sp. oral taxon 368	712270	S	7	2	9	0.00001
Dietzia sp. DQ12-45-1b	912801	S	2	9	11	0.00001
Dietzia psychralcaliphila	139021	S	8	1	9	0.00001
Dietzia timorensis	499555	S	7	3	10	0.00001
Dietzia lutea	546160	S	6	1	7	0.00001
Tomitella sp. HY188	2597660	S	2	0	2	0.00000
Tomitella sp. HY172	2760083	S	2	0	2	0.00000
Segniliparus rotundus	286802	S	2	0	2	0.00000
Streptomyces sp. SUK 48	2582831	S	14	3	17	0.00002
Streptomyces sp. NA02950	2742137	S	8	0	8	0.00001
Streptomyces sp. RPA4-2	2721244	S	8	0	8	0.00001
Streptomyces sp. RLB1-33	2721243	S	6	1	7	0.00001
Streptomyces sp. C8S0	2585716	S	5	0	5	0.00000
Streptomyces sp. CB01881	2078691	S	5	0	5	0.00000
Streptomyces sp. Tu 2975	2676871	S	5	0	5	0.00000
Streptomyces sp. QMT-12	2717324	S	5	0	5	0.00000
Streptomyces sp. SCUT-3	2684469	S	5	0	5	0.00000
Streptomyces sp. JB150	2714844	S	5	0	5	0.00000
Streptomyces sp. MBT27	1488356	S	4	0	4	0.00000
Streptomyces sp. PBH53	1577075	S	4	0	4	0.00000
Streptomyces sp. HM190	2695266	S	4	0	4	0.00000
Streptomyces sp. SYP-A7193	2662065	S	4	1	5	0.00000
Streptomyces sp. P3	2135430	S	4	0	4	0.00000
Streptomyces sp. TLI_053	1855352	S	4	0	4	0.00000
Streptomyces sp. NHF165	2175864	S	4	0	4	0.00000
Streptomyces sp. W1SF4	2305220	S	4	0	4	0.00000
Streptomyces sp. SS52	2563602	S	4	9	13	0.00001
Streptomyces sp. CRXT-G-22	2768066	S	4	0	4	0.00000
Streptomyces sp. WAC 01438	2203204	S	4	0	4	0.00000
Streptomyces sp. NA04227	2742136	S	3	0	3	0.00000
Streptomyces sp. YIM 121038	2136401	S	3	0	3	0.00000
Streptomyces sp. So13.3	2136173	S	3	0	3	0.00000
Streptomyces sp. Z423-1	2730915	S	3	0	3	0.00000
Streptomyces sp. M2	646637	S	3	0	3	0.00000
Streptomyces sp. SAT1	1849967	S	3	0	3	0.00000
Streptomyces sp. CB09001	2083284	S	3	0	3	0.00000
Streptomyces sp. HF10	2692233	S	3	0	3	0.00000
Streptomyces sp. ZYC-3	2797636	S	3	0	3	0.00000
Streptomyces sp. SM18	1736046	S	3	0	3	0.00000
Streptomyces sp. HSG2	2797167	S	2	0	2	0.00000
Streptomyces sp. CRXT-Y-14	2768069	S	2	0	2	0.00000
Streptomyces sp. CdTB01	1725411	S	2	0	2	0.00000
Streptomyces sp. fd1-xmd	1812480	S	2	0	2	0.00000
Streptomyces sp. MOE7	1961713	S	2	0	2	0.00000
Streptomyces sp. RTd22	1841249	S	2	0	2	0.00000
Streptomyces sp. 3214.6	1882757	S	2	0	2	0.00000
Streptomyces sp. XC 2026	2782004	S	2	0	2	0.00000
Streptomyces sp. QHH-9511	2684468	S	2	0	2	0.00000
Streptomyces sp. CRPJ-33	2768068	S	2	0	2	0.00000
Streptomyces sp. NEAU-sy36	2751189	S	2	0	2	0.00000
Streptomyces sp. Mg1	465541	S	2	1	3	0.00000
Streptomyces sp. CB00271	2750025	S	2	0	2	0.00000
Streptomyces sp. INR7	2607753	S	2	0	2	0.00000
Streptomyces sp. S501	2420135	S	1	2	3	0.00000
Streptomyces sp. S063	2005885	S	1	0	1	0.00000
Streptomyces sp. CMB-StM0423	2059884	S	1	0	1	0.00000
Streptomyces sp. 2323.1	1938841	S	1	0	1	0.00000
Streptomyces sp. CA-256286	2801033	S	1	3	4	0.00000
Streptomyces sp. 11-1-2	1851167	S	1	0	1	0.00000
Streptomyces sp. SN-593	659352	S	1	0	1	0.00000
Streptomyces sp. Rer75	2750011	S	1	0	1	0.00000
Streptomyces sp. SirexAA-E	862751	S	1	0	1	0.00000
Streptomyces sp. NA03103	2742134	S	1	3	4	0.00000
Streptomyces sp. TN58	234612	S	1	0	1	0.00000
Streptomyces sp. GBA 94-10	1218177	S	1	9	10	0.00001
Streptomyces sp. jing01	2726118	S	1	0	1	0.00000
Streptomyces sp. 769	1262452	S	1	0	1	0.00000
Streptomyces sp. SCSIO 3032	1264596	S	1	0	1	0.00000
Streptomyces sp. ID38640	1265399	S	1	0	1	0.00000
Streptomyces sp. RPA4-5	2721245	S	1	0	1	0.00000
Streptomyces sp. DSM 40868	2721173	S	1	0	1	0.00000
Streptomyces sp. M56	1495638	S	1	1	2	0.00000
Streptomyces sp. ADI95-16	1522758	S	1	0	1	0.00000
Streptomyces sp. S4.7	2705439	S	1	0	1	0.00000
Streptomyces sp. GS7	2692234	S	1	0	1	0.00000
Streptomyces sp. S8	1837283	S	1	0	1	0.00000
Streptomyces venezuelae	54571	S	22	2	24	0.00002
Streptomyces broussonetiae	2686304	S	10	0	10	0.00001
Streptomyces bingchenggensis	379067	S	10	0	10	0.00001
Streptomyces lydicus	47763	S	9	2	11	0.00001
Streptomyces griseochromogenes	68214	S	9	0	9	0.00001
Streptomyces bathyalis	2710756	S	8	0	8	0.00001
Streptomyces niveus	193462	S	7	0	7	0.00001
Streptomyces albireticuli	1940	S	7	0	7	0.00001
Streptomyces lividans	1916	S	7	105	112	0.00010
Streptomyces xinghaiensis	1038928	S	7	0	7	0.00001
Streptomyces cyaneochromogenes	2496836	S	7	0	7	0.00001
Streptomyces prasinus	67345	S	6	0	6	0.00001
Streptomyces albus	1888	S	6	0	6	0.00001
Streptomyces alboniger	132473	S	5	0	5	0.00000
Streptomyces buecherae	2763006	S	5	0	5	0.00000
Streptomyces globosus	68209	S	5	0	5	0.00000
Streptomyces griseorubiginosus	67304	S	5	0	5	0.00000
Streptomyces fagopyri	2662397	S	5	0	5	0.00000
Streptomyces griseocarneus	51201	S	4	0	4	0.00000
Streptomyces nodosus	40318	S	4	0	4	0.00000
Streptomyces albidoflavus	1886	S	4	7	11	0.00001
Streptomyces pactum	68249	S	4	0	4	0.00000
Streptomyces mobaraensis	35621	S	4	0	4	0.00000
Streptomyces armeniacus	83291	S	4	0	4	0.00000
Streptomyces vietnamensis	362257	S	4	0	4	0.00000
Streptomyces chartreusis	1969	S	4	0	4	0.00000
Streptomyces hygroscopicus	1912	S	4	2	6	0.00001
Streptomyces vinaceus	1960	S	4	0	4	0.00000
Streptomyces glaucescens	1907	S	4	0	4	0.00000
Streptomyces albulus	68570	S	3	0	3	0.00000
Streptomyces aureoverticillatus	66871	S	3	0	3	0.00000
Streptomyces fodineus	1904616	S	3	0	3	0.00000
Streptomyces olivaceus	47716	S	3	2	5	0.00000
Streptomyces exfoliatus	1905	S	3	0	3	0.00000
Streptomyces fulvissimus	68202	S	3	1	4	0.00000
Streptomyces dengpaensis	2049881	S	3	0	3	0.00000
Streptomyces seoulensis	73044	S	3	0	3	0.00000
Streptomyces harbinensis	1176198	S	3	0	3	0.00000
Streptomyces cyanogenus	80860	S	3	0	3	0.00000
Streptomyces nitrosporeus	28894	S	3	0	3	0.00000
Streptomyces cacaoi	1898	S	3	0	3	0.00000
Streptomyces tsukubensis	83656	S	3	0	3	0.00000
Streptomyces atratus	1893	S	3	0	3	0.00000
Streptomyces rapamycinicus	1226757	S	3	0	3	0.00000
Streptomyces incarnatus	665007	S	2	0	2	0.00000
Streptomyces antimycoticus	68175	S	2	0	2	0.00000
Streptomyces asterosporus	285570	S	2	0	2	0.00000
Streptomyces cyaneogriseus	68192	S	2	0	2	0.00000
Streptomyces olivoreticuli	68246	S	2	0	2	0.00000
Streptomyces spectabilis	68270	S	2	0	2	0.00000
Streptomyces antibioticus	1890	S	2	0	2	0.00000
Streptomyces violaceusniger	68280	S	2	0	2	0.00000
Streptomyces roseochromogenus	285450	S	2	0	2	0.00000
Streptomyces parvulus	146923	S	2	0	2	0.00000
Streptomyces cattleya	29303	S	2	0	2	0.00000
Streptomyces cadmiisoli	2184053	S	2	0	2	0.00000
Streptomyces avermitilis	33903	S	2	0	2	0.00000
Streptomyces ficellus	1977088	S	2	0	2	0.00000
Streptomyces griseoviridis	45398	S	2	0	2	0.00000
Streptomyces pluripotens	1355015	S	2	0	2	0.00000
Streptomyces aquilus	2548456	S	2	0	2	0.00000
Streptomyces rimosus	1927	S	2	0	2	0.00000
Streptomyces formicae	1616117	S	2	0	2	0.00000
Streptomyces kanamyceticus	1967	S	2	0	2	0.00000
Streptomyces nojiriensis	66374	S	2	0	2	0.00000
Streptomyces luteoverticillatus	66425	S	2	0	2	0.00000
Streptomyces gardneri	66892	S	2	0	2	0.00000
Streptomyces qinzhouensis	2599401	S	2	0	2	0.00000
Streptomyces alboflavus	67267	S	2	0	2	0.00000
Streptomyces qaidamensis	1783515	S	1	0	1	0.00000
Streptomyces clavuligerus	1901	S	1	0	1	0.00000
Streptomyces koyangensis	188770	S	1	0	1	0.00000
Streptomyces rectiverticillatus	173860	S	1	0	1	0.00000
Streptomyces actuosus	1885	S	1	0	1	0.00000
Streptomyces paludis	2282738	S	1	0	1	0.00000
Streptomyces capitiformicae	2014920	S	1	0	1	0.00000
Streptomyces davaonensis	348043	S	1	0	1	0.00000
Streptomyces spongiicola	1690221	S	1	0	1	0.00000
Streptomyces xiamenensis	408015	S	1	0	1	0.00000
Streptomyces gilvosporeus	553510	S	1	0	1	0.00000
Streptomyces globisporus	1908	S	1	0	1	0.00000
Streptomyces leeuwenhoekii	1437453	S	1	0	1	0.00000
Streptomyces pratensis	1169025	S	1	0	1	0.00000
Streptomyces ferrugineus	1413221	S	1	0	1	0.00000
Streptomyces coeruleorubidus	116188	S	1	0	1	0.00000
Streptomyces finlayi	67296	S	1	0	1	0.00000
Streptomyces hawaiiensis	67305	S	1	0	1	0.00000
Streptomyces lincolnensis	1915	S	1	0	1	0.00000
Streptomyces californicus	67351	S	1	1	2	0.00000
Streptomyces viridosporus	67581	S	1	0	1	0.00000
Streptomyces subrutilus	36818	S	1	0	1	0.00000
Streptomyces murinus	33900	S	1	1	2	0.00000
Streptomyces glomeroaurantiacus	68210	S	1	0	1	0.00000
Streptomyces autolyticus	75293	S	1	1	2	0.00000
Kitasatospora albolonga	68173	S	12	3	15	0.00001
Kitasatospora sp. MMS16-BH015	2018025	S	6	0	6	0.00001
Kitasatospora sp. NA04385	2742135	S	3	1	4	0.00000
Kitasatospora aureofaciens	1894	S	1	4	5	0.00000
Kitasatospora setae	2066	S	1	0	1	0.00000
Streptacidiphilus sp. PB12-B1b	2705012	S	4	0	4	0.00000
Streptacidiphilus sp. P02-A3a	2704468	S	2	0	2	0.00000
Streptacidiphilus bronchialis	2126346	S	5	0	5	0.00000
Candidatus Planktophila sulfonica	1884904	S	374	28	402	0.00036
Candidatus Planktophila lacus	1884913	S	70	2	72	0.00006
Candidatus Planktophila dulcis	1884914	S	54	5	59	0.00005
Candidatus Planktophila versatilis	1884905	S	46	2	48	0.00004
Candidatus Planktophila limnetica	573600	S	22	0	22	0.00002
Candidatus Planktophila vernalis	1884907	S	19	0	19	0.00002
Candidatus Nanopelagicus limnes	1884634	S	14	1	15	0.00001
Candidatus Nanopelagicus hibericus	1884915	S	7	0	7	0.00001
Candidatus Nanopelagicus abundans	1884916	S	5	0	5	0.00000
Bifidobacterium adolescentis	1680	S	100	6	106	0.00009
Bifidobacterium longum	216816	S	78	22	100	0.00009
Bifidobacterium catenulatum	1686	S	16	3	19	0.00002
Bifidobacterium angulatum	1683	S	10	0	10	0.00001
Bifidobacterium pseudolongum	1694	S	8	0	8	0.00001
Bifidobacterium bifidum	1681	S	6	0	6	0.00001
Bifidobacterium breve	1685	S	6	5	11	0.00001
Bifidobacterium animalis	28025	S	6	0	6	0.00001
Bifidobacterium dentium	1689	S	5	0	5	0.00000
Bifidobacterium pseudocatenulatum	28026	S	5	0	5	0.00000
Bifidobacterium lemurum	1603886	S	3	0	3	0.00000
Bifidobacterium thermophilum	33905	S	2	0	2	0.00000
Bifidobacterium pullorum	78448	S	2	0	2	0.00000
Bifidobacterium asteroides	1684	S	2	0	2	0.00000
Bifidobacterium actinocoloniiforme	638619	S	1	0	1	0.00000
Bifidobacterium eulemuris	1765219	S	1	0	1	0.00000
Gardnerella vaginalis	2702	S	12	3	15	0.00001
Actinoplanes derwentensis	113562	S	48	4	52	0.00005
Actinoplanes sp. N902-109	649831	S	17	8	25	0.00002
Actinoplanes sp. OR16	946334	S	9	8	17	0.00002
Actinoplanes teichomyceticus	1867	S	14	3	17	0.00002
Actinoplanes friuliensis	196914	S	10	0	10	0.00001
Actinoplanes missouriensis	1866	S	4	1	5	0.00000
Micromonospora sp. WMMA2032	2039870	S	3	1	4	0.00000
Micromonospora sp. B006	2201999	S	3	1	4	0.00000
Micromonospora sp. 28ISP2-46	2749844	S	3	0	3	0.00000
Micromonospora sp. HM134	2583243	S	2	0	2	0.00000
Micromonospora sp. WMMC415	2675222	S	2	0	2	0.00000
Micromonospora echinospora	1877	S	8	1	9	0.00001
Micromonospora siamensis	299152	S	5	1	6	0.00001
Micromonospora aurantiaca	47850	S	4	18	22	0.00002
Micromonospora zamorensis	709883	S	4	0	4	0.00000
Micromonospora coxensis	356852	S	3	0	3	0.00000
Micromonospora coriariae	285665	S	3	0	3	0.00000
Micromonospora echinofusca	47858	S	3	0	3	0.00000
Micromonospora echinaurantiaca	47857	S	3	0	3	0.00000
Micromonospora purpureochromogenes	47872	S	2	0	2	0.00000
Micromonospora sagamiensis	47875	S	2	0	2	0.00000
Micromonospora auratinigra	261654	S	2	0	2	0.00000
Micromonospora maris	1003110	S	2	0	2	0.00000
Micromonospora carbonacea	47853	S	2	0	2	0.00000
Micromonospora chokoriensis	356851	S	2	0	2	0.00000
Micromonospora terminaliae	1914461	S	1	0	1	0.00000
Micromonospora tulbaghiae	479978	S	1	0	1	0.00000
Micromonospora viridifaciens	1881	S	1	0	1	0.00000
Micromonospora narathiwatensis	299146	S	1	0	1	0.00000
Phytohabitans suffuscus	624315	S	4	1	5	0.00000
Phytohabitans flavus	1076124	S	1	0	1	0.00000
Plantactinospora sp. BB1	2071627	S	3	0	3	0.00000
Plantactinospora sp. KBS50	2024580	S	2	0	2	0.00000
Plantactinospora sp. BC1	2108470	S	1	0	1	0.00000
Salinispora arenicola	168697	S	3	0	3	0.00000
Salinispora tropica	168695	S	2	0	2	0.00000
Actinocatenispora thailandica	227318	S	4	0	4	0.00000
Verrucosispora sp. NA02020	2742132	S	2	1	3	0.00000
Amycolatopsis sp. YIM 10	2653857	S	5	1	6	0.00001
Amycolatopsis sp. FDAARGOS 1241	2778070	S	5	0	5	0.00000
Amycolatopsis sp. AA4	1896961	S	4	0	4	0.00000
Amycolatopsis sp. Hca4	2742131	S	3	0	3	0.00000
Amycolatopsis sp. BJA-103	1911175	S	1	0	1	0.00000
Amycolatopsis methanolica	1814	S	7	1	8	0.00001
Amycolatopsis mediterranei	33910	S	5	0	5	0.00000
Amycolatopsis keratiniphila	129921	S	5	5	10	0.00001
Amycolatopsis albispora	1804986	S	2	1	3	0.00000
Amycolatopsis orientalis	31958	S	1	0	1	0.00000
Pseudonocardia sp. AL041005-10	445576	S	5	2	7	0.00001
Pseudonocardia sp. HH130630-07	1690815	S	5	4	9	0.00001
Pseudonocardia sp. HH130629-09	1641402	S	2	2	4	0.00000
Pseudonocardia sp. CGMCC 4.1532	2761535	S	2	0	2	0.00000
Pseudonocardia broussonetiae	2736640	S	5	0	5	0.00000
Pseudonocardia dioxanivorans	240495	S	4	0	4	0.00000
Pseudonocardia autotrophica	2074	S	1	0	1	0.00000
Saccharomonospora marina	632569	S	10	2	12	0.00001
Saccharomonospora cyanea	40989	S	7	2	9	0.00001
Saccharomonospora glauca	40990	S	5	1	6	0.00001
Saccharomonospora azurea	40988	S	3	0	3	0.00000
Saccharomonospora viridis	1852	S	2	0	2	0.00000
Saccharomonospora xinjiangensis	75294	S	2	0	2	0.00000
Saccharopolyspora erythraea	1836	S	9	0	9	0.00001
Saccharopolyspora coralli	2665642	S	3	0	3	0.00000
Saccharopolyspora pogona	333966	S	2	2	4	0.00000
Saccharopolyspora sp. ASAGF58	2719023	S	1	1	2	0.00000
Saccharothrix espanaensis	103731	S	5	1	6	0.00001
Saccharothrix sp. 6-C	2781735	S	5	1	6	0.00001
Saccharothrix syringae	103733	S	4	1	5	0.00000
Actinosynnema pretiosum	42197	S	4	12	16	0.00001
Lentzea guizhouensis	1586287	S	12	1	13	0.00001
Kibdelosporangium phytohabitans	860235	S	9	0	9	0.00001
Actinoalloteichus hymeniacidonis	340345	S	4	0	4	0.00000
Actinoalloteichus fjordicus	1612552	S	1	2	3	0.00000
Prauserella marina	530584	S	4	0	4	0.00000
Alloactinosynnema sp. L-07	1653480	S	4	0	4	0.00000
Kutzneria albida	43357	S	2	0	2	0.00000
Allokutzneria albata	211114	S	1	0	1	0.00000
Actinomyces sp. oral taxon 414	712122	S	7	0	7	0.00001
Actinomyces sp. oral taxon 171	706438	S	6	1	7	0.00001
Actinomyces sp. HMT 175	2789425	S	3	2	5	0.00000
Actinomyces sp. oral taxon 169	712116	S	2	0	2	0.00000
Actinomyces sp. Chiba101	1851395	S	2	0	2	0.00000
Actinomyces sp. 432	2057798	S	2	0	2	0.00000
Actinomyces sp. ZJ750	2744574	S	2	0	2	0.00000
Actinomyces sp. ZJ34	2722820	S	1	0	1	0.00000
Actinomyces sp. HMT897	2789424	S	1	0	1	0.00000
Actinomyces oris	544580	S	17	11	28	0.00002
Actinomyces naeslundii	1655	S	3	0	3	0.00000
Actinomyces viscosus	1656	S	2	0	2	0.00000
Actinomyces howellii	52771	S	2	0	2	0.00000
Actinomyces radicidentis	111015	S	2	0	2	0.00000
Actinomyces procaprae	2560010	S	2	0	2	0.00000
Actinomyces israelii	1659	S	1	0	1	0.00000
Actinomyces slackii	52774	S	1	0	1	0.00000
Actinomyces gaoshouyii	1960083	S	1	0	1	0.00000
Schaalia sp. JY-X169	2758572	S	40	0	40	0.00004
Schaalia odontolytica	1660	S	8	4	12	0.00001
Schaalia cardiffensis	181487	S	3	1	4	0.00000
Trueperella sp. 19M2397	2733571	S	5	0	5	0.00000
Trueperella bialowiezensis	312285	S	1	0	1	0.00000
Arcanobacterium phocisimile	1302235	S	2	0	2	0.00000
Arcanobacterium haemolyticum	28264	S	1	0	1	0.00000
Flaviflexus sp. H23T48	2496867	S	2	0	2	0.00000
Mobiluncus curtisii	2051	S	1	0	1	0.00000
Winkia sp. C64	2692125	S	1	0	1	0.00000
Pauljensenia hongkongensis	178339	S	1	0	1	0.00000
Nonomuraea nitratireducens	2656914	S	10	1	11	0.00001
Nonomuraea sp. ATCC 55076	1909395	S	5	0	5	0.00000
Streptosporangium sp. 'caverna'	2202249	S	11	0	11	0.00001
Streptosporangium roseum	2001	S	5	0	5	0.00000
Thermobispora bispora	2006	S	4	0	4	0.00000
Thermobifida fusca	2021	S	20	1	21	0.00002
Nocardiopsis dassonvillei	2014	S	4	0	4	0.00000
Nocardiopsis alba	53437	S	3	0	3	0.00000
Streptomonospora sp. M2	2498135	S	8	0	8	0.00001
Actinomadura sp. WMMA1423	2591108	S	5	1	6	0.00001
Actinomadura sp. WMMB 499	1219491	S	4	0	4	0.00000
Actinomadura sp. NAK00032	2742128	S	3	0	3	0.00000
Actinomadura verrucosospora	46165	S	6	2	8	0.00001
Thermomonospora curvata	2020	S	3	0	3	0.00000
Nakamurella multipartita	53461	S	11	0	11	0.00001
Nakamurella sp. s14-144	1902245	S	4	0	4	0.00000
Nakamurella sp. PAMC28650	2762325	S	4	0	4	0.00000
Nakamurella panacisegetis	1090615	S	5	0	5	0.00000
Blastococcus saxobsidens	138336	S	9	1	10	0.00001
Geodermatophilus obscurus	1861	S	6	1	7	0.00001
Modestobacter marinus	477641	S	3	0	3	0.00000
Frankia alni	1859	S	6	1	7	0.00001
Frankia inefficax	298654	S	4	0	4	0.00000
Frankia sp. EAN1pec	298653	S	3	0	3	0.00000
Frankia sp. QA3	710111	S	1	0	1	0.00000
Candidatus Frankia datiscae	2716812	S	2	0	2	0.00000
Frankia casuarinae	106370	S	1	0	1	0.00000
Catenulispora acidiphila	304895	S	13	0	13	0.00001
Jiangella sp. DSM 45060	1798224	S	7	0	7	0.00001
Jiangella alkaliphila	419479	S	5	0	5	0.00000
Kineococcus radiotolerans	131568	S	3	0	3	0.00000
Stackebrandtia nassauensis	283811	S	2	0	2	0.00000
Acidothermus cellulolyticus	28049	S	2	0	2	0.00000
Actinopolyspora erythraea	414996	S	1	0	1	0.00000
Epidermidibacterium keratini	1891644	S	1	0	1	0.00000
Jatrophihabitans sp. GAS493	1907575	S	1	0	1	0.00000
Collinsella aerofaciens	74426	S	56	6	62	0.00006
Coriobacterium glomerans	33871	S	3	0	3	0.00000
Olsenella sp. GAM18	2109685	S	6	1	7	0.00001
Olsenella sp. LZLJ-2	2779519	S	4	1	5	0.00000
Olsenella sp. oral taxon 807	712411	S	1	0	1	0.00000
Olsenella timonensis	1805478	S	4	1	5	0.00000
Olsenella uli	133926	S	3	0	3	0.00000
Olsenella umbonata	604330	S	2	0	2	0.00000
Parolsenella massiliensis	1871022	S	8	1	9	0.00001
Parolsenella catena	2003188	S	1	0	1	0.00000
Lancefieldella parvula	1382	S	2	0	2	0.00000
Adlercreutzia sp. 8CFCBH1	2707299	S	5	2	7	0.00001
Adlercreutzia equolifaciens	446660	S	3	0	3	0.00000
Eggerthella lenta	84112	S	5	1	6	0.00001
Eggerthella sp. HF-1101	2690837	S	2	0	2	0.00000
Denitrobacterium detoxificans	79604	S	5	1	6	0.00001
Slackia heliotrinireducens	84110	S	3	0	3	0.00000
Gordonibacter pamelaeae	471189	S	3	0	3	0.00000
Phoenicibacter congonensis	1944646	S	2	0	2	0.00000
Cryptobacterium curtum	84163	S	1	0	1	0.00000
Arabia massiliensis	1870985	S	1	0	1	0.00000
Berryella intestinalis	1531429	S	1	0	1	0.00000
Rubrobacter sp. SCSIO 52909	2653851	S	9	0	9	0.00001
Rubrobacter sp. SCSIO 52915	2653852	S	3	0	3	0.00000
Rubrobacter xylanophilus	49319	S	4	0	4	0.00000
Rubrobacter indicoceani	2051957	S	3	0	3	0.00000
Baekduia soli	496014	S	11	0	11	0.00001
Actinomarinicola tropica	2789776	S	13	0	13	0.00001
Ilumatobacter coccineus	467094	S	11	0	11	0.00001
Acidimicrobium ferrooxidans	53635	S	3	0	3	0.00000
Conexibacter woesei	191495	S	13	1	14	0.00001
Conexibacter sp. SYSU D00693	2812560	S	6	0	6	0.00001
Euzebya sp. DY32-46	1608957	S	8	0	8	0.00001
Egicoccus halophilus	1670830	S	2	0	2	0.00000
Egibacter rhizosphaerae	1670831	S	1	0	1	0.00000
Streptococcus thermophilus	1308	S	123	14	137	0.00012
Streptococcus equinus	1335	S	20	5	25	0.00002
Streptococcus oralis	1303	S	18	4	22	0.00002
Streptococcus salivarius	1304	S	18	7	25	0.00002
Streptococcus sp. oral taxon 064	712624	S	2	2	4	0.00000
Streptococcus sp. CNU G3	2698804	S	2	3	5	0.00000
Streptococcus sp. FDAARGOS_192	1839799	S	2	2	4	0.00000
Streptococcus sp. oral taxon 061	712623	S	1	0	1	0.00000
Streptococcus sp. oral taxon 431	712633	S	1	0	1	0.00000
Streptococcus sp. HSISS3	1316412	S	1	1	2	0.00000
Streptococcus sp. NPS 308	1902136	S	1	0	1	0.00000
Streptococcus gallolyticus	315405	S	7	5	12	0.00001
Streptococcus pneumoniae	1313	S	7	7	14	0.00001
Streptococcus mitis	28037	S	7	1	8	0.00001
Streptococcus suis	1307	S	5	0	5	0.00000
Streptococcus sanguinis	1305	S	5	0	5	0.00000
Streptococcus gordonii	1302	S	4	0	4	0.00000
Streptococcus equi	1336	S	4	0	4	0.00000
Streptococcus vestibularis	1343	S	4	0	4	0.00000
Streptococcus porcinus	1340	S	4	0	4	0.00000
Streptococcus mutans	1309	S	3	0	3	0.00000
Streptococcus agalactiae	1311	S	3	14	17	0.00002
Streptococcus parasanguinis	1318	S	3	0	3	0.00000
Streptococcus lutetiensis	150055	S	2	4	6	0.00001
Streptococcus sobrinus	1310	S	2	0	2	0.00000
Streptococcus merionis	400065	S	2	0	2	0.00000
Streptococcus pyogenes	1314	S	2	0	2	0.00000
Streptococcus pluranimalium	82348	S	2	0	2	0.00000
Streptococcus milleri	33040	S	1	1	2	0.00000
Streptococcus ferus	1345	S	1	0	1	0.00000
Streptococcus constellatus	76860	S	1	1	2	0.00000
Lactococcus lactis	1358	S	181	355	536	0.00048
Lactococcus cremoris	1359	S	26	9	35	0.00003
Lactococcus raffinolactis	1366	S	17	1	18	0.00002
Lactococcus garvieae	1363	S	2	0	2	0.00000
Lactococcus taiwanensis	1151742	S	1	0	1	0.00000
Lactobacillus delbrueckii	1584	S	71	12	83	0.00007
Lactobacillus helveticus	1587	S	35	6	41	0.00004
Lactobacillus crispatus	47770	S	11	1	12	0.00001
Lactobacillus ultunensis	227945	S	4	0	4	0.00000
Lactobacillus apis	303541	S	3	0	3	0.00000
Lactobacillus acetotolerans	1600	S	3	0	3	0.00000
Lactobacillus jensenii	109790	S	3	0	3	0.00000
Lactobacillus sp. CBA3606	2099789	S	2	0	2	0.00000
Lactobacillus iners	147802	S	2	0	2	0.00000
Lactobacillus gasseri	1596	S	1	3	4	0.00000
Lactobacillus paragasseri	2107999	S	1	2	3	0.00000
Lactobacillus terrae	2269374	S	1	0	1	0.00000
Weissella cibaria	137591	S	10	1	11	0.00001
Weissella soli	155866	S	6	0	6	0.00001
Weissella paramesenteroides	1249	S	3	0	3	0.00000
Weissella ceti	759620	S	2	0	2	0.00000
Weissella diestrammenae	1162633	S	2	0	2	0.00000
Weissella koreensis	165096	S	1	0	1	0.00000
Weissella cryptocerci	2506420	S	1	0	1	0.00000
Leuconostoc lactis	1246	S	4	2	6	0.00001
Leuconostoc citreum	33964	S	4	11	15	0.00001
Leuconostoc pseudomesenteroides	33968	S	2	0	2	0.00000
Leuconostoc falkenbergense	2766470	S	1	1	2	0.00000
Lacticaseibacillus paracasei	1597	S	7	8	15	0.00001
Lacticaseibacillus rhamnosus	47715	S	4	0	4	0.00000
Limosilactobacillus fermentum	1613	S	10	1	11	0.00001
Limosilactobacillus reuteri	1598	S	5	0	5	0.00000
Ligilactobacillus animalis	1605	S	4	1	5	0.00000
Ligilactobacillus ruminis	1623	S	4	0	4	0.00000
Ligilactobacillus murinus	1622	S	2	0	2	0.00000
Ligilactobacillus acidipiscis	89059	S	2	0	2	0.00000
Ligilactobacillus salivarius	1624	S	1	0	1	0.00000
Loigolactobacillus bifermentans	1607	S	5	0	5	0.00000
Loigolactobacillus coryniformis	1610	S	4	1	5	0.00000
Loigolactobacillus backii	375175	S	2	0	2	0.00000
Lactiplantibacillus plantarum	1590	S	8	17	25	0.00002
Latilactobacillus curvatus	28038	S	8	0	8	0.00001
Latilactobacillus fuchuensis	164393	S	1	0	1	0.00000
Companilactobacillus farciminis	1612	S	2	0	2	0.00000
Companilactobacillus alimentarius	1602	S	1	0	1	0.00000
Companilactobacillus paralimentarius	83526	S	1	0	1	0.00000
Companilactobacillus ginsenosidimutans	1007676	S	1	0	1	0.00000
Companilactobacillus pabuli	2714036	S	1	0	1	0.00000
Liquorilactobacillus mali	1618	S	4	0	4	0.00000
Liquorilactobacillus hordei	468911	S	2	0	2	0.00000
Fructilactobacillus fructivorans	1614	S	5	0	5	0.00000
Fructilactobacillus sanfranciscensis	1625	S	1	0	1	0.00000
Pediococcus pentosaceus	1255	S	3	1	4	0.00000
Pediococcus acidilactici	1254	S	1	0	1	0.00000
Schleiferilactobacillus harbinensis	304207	S	4	0	4	0.00000
Paucilactobacillus nenjiangensis	1296540	S	4	0	4	0.00000
Levilactobacillus brevis	1580	S	4	0	4	0.00000
Oenococcus oeni	1247	S	1	0	1	0.00000
Oenococcus sp. UCMA 16435	2259623	S	1	0	1	0.00000
Apilactobacillus bombintestini	2419772	S	2	0	2	0.00000
Lentilactobacillus hilgardii	1588	S	1	0	1	0.00000
Enterococcus faecium	1352	S	10	8	18	0.00002
Enterococcus faecalis	1351	S	8	1	9	0.00001
Enterococcus hirae	1354	S	4	0	4	0.00000
Enterococcus gilvus	160453	S	4	0	4	0.00000
Enterococcus avium	33945	S	3	0	3	0.00000
Enterococcus durans	53345	S	3	0	3	0.00000
Enterococcus saigonensis	1805431	S	3	1	4	0.00000
Enterococcus cecorum	44008	S	2	0	2	0.00000
Enterococcus thailandicus	417368	S	2	0	2	0.00000
Enterococcus mundtii	53346	S	1	0	1	0.00000
Enterococcus rotai	118060	S	1	0	1	0.00000
Vagococcus zengguangii	2571750	S	3	1	4	0.00000
Vagococcus hydrophili	2714947	S	3	0	3	0.00000
Vagococcus sp. CF-49	2562451	S	2	1	3	0.00000
Vagococcus carniphilus	218144	S	1	0	1	0.00000
Tetragenococcus halophilus	51669	S	5	0	5	0.00000
Tetragenococcus osmophilus	526944	S	1	0	1	0.00000
Melissococcus plutonius	33970	S	1	0	1	0.00000
Jeotgalibaca porci	1868793	S	22	5	27	0.00002
Jeotgalibaca dankookensis	708126	S	1	0	1	0.00000
Jeotgalibaca ciconiae	2496265	S	1	0	1	0.00000
Carnobacterium maltaromaticum	2751	S	13	1	14	0.00001
Carnobacterium inhibens	147709	S	5	0	5	0.00000
Carnobacterium divergens	2748	S	2	0	2	0.00000
Carnobacterium sp. CS13	2800128	S	1	0	1	0.00000
Dolosigranulum pigrum	29394	S	6	0	6	0.00001
Marinilactibacillus sp. 15R	1911586	S	2	0	2	0.00000
Aerococcus urinaeequi	51665	S	16	5	21	0.00002
Aerococcus urinaehominis	128944	S	5	0	5	0.00000
Aerococcus viridans	1377	S	2	1	3	0.00000
Aerococcus christensenii	87541	S	1	0	1	0.00000
Suicoccus acidiformans	2036206	S	2	0	2	0.00000
Staphylococcus capitis	29388	S	111	21	132	0.00012
Staphylococcus epidermidis	1282	S	83	22	105	0.00009
Staphylococcus aureus	1280	S	31	72	103	0.00009
Staphylococcus hominis	1290	S	24	3	27	0.00002
Staphylococcus nepalensis	214473	S	14	1	15	0.00001
Staphylococcus pasteuri	45972	S	11	1	12	0.00001
Staphylococcus auricularis	29379	S	10	0	10	0.00001
Staphylococcus xylosus	1288	S	6	0	6	0.00001
Staphylococcus haemolyticus	1283	S	5	1	6	0.00001
Staphylococcus warneri	1292	S	5	1	6	0.00001
Staphylococcus saccharolyticus	33028	S	4	0	4	0.00000
Staphylococcus carnosus	1281	S	3	0	3	0.00000
Staphylococcus saprophyticus	29385	S	3	0	3	0.00000
Staphylococcus arlettae	29378	S	3	0	3	0.00000
Staphylococcus delphini	53344	S	2	0	2	0.00000
Staphylococcus equorum	246432	S	2	1	3	0.00000
Staphylococcus hyicus	1284	S	2	0	2	0.00000
Staphylococcus lugdunensis	28035	S	2	0	2	0.00000
Staphylococcus simulans	1286	S	2	0	2	0.00000
Staphylococcus succinus	61015	S	2	0	2	0.00000
Staphylococcus felis	46127	S	1	0	1	0.00000
Staphylococcus agnetis	985762	S	1	0	1	0.00000
Staphylococcus sp. 17KM0847	2583989	S	1	0	1	0.00000
Staphylococcus condimenti	70255	S	1	0	1	0.00000
Staphylococcus debuckii	2044912	S	1	0	1	0.00000
Staphylococcus pseudoxylosus	2282419	S	1	0	1	0.00000
Mammaliicoccus stepanovicii	643214	S	3	0	3	0.00000
Mammaliicoccus sciuri	1296	S	2	0	2	0.00000
Mammaliicoccus lentus	42858	S	1	0	1	0.00000
Mammaliicoccus vitulinus	71237	S	1	0	1	0.00000
Abyssicoccus albus	1817405	S	4	0	4	0.00000
Macrococcus canis	1855823	S	2	1	3	0.00000
Jeotgalicoccus saudimassiliensis	1461582	S	3	0	3	0.00000
Salinicoccus halodurans	407035	S	1	0	1	0.00000
Bacillus cereus	1396	S	17	26	43	0.00004
Bacillus thuringiensis	1428	S	8	8	16	0.00001
Bacillus pseudomycoides	64104	S	2	0	2	0.00000
Bacillus wiedmannii	1890302	S	2	0	2	0.00000
Bacillus mycoides	1405	S	1	0	1	0.00000
Bacillus sp. ABP14	1892404	S	1	1	2	0.00000
Bacillus sp. M4U3P1	2592382	S	5	0	5	0.00000
Bacillus sp. X1(2014)	1565991	S	5	0	5	0.00000
Bacillus sp. FJAT-45348	2011012	S	4	0	4	0.00000
Bacillus sp. NSP9.1	1071078	S	3	0	3	0.00000
Bacillus sp. FJAT-18017	1705566	S	2	0	2	0.00000
Bacillus sp. S3	486398	S	2	0	2	0.00000
Bacillus sp. THAF10	2587848	S	2	0	2	0.00000
Bacillus sp. 1NLA3E	666686	S	2	0	2	0.00000
Bacillus sp. DSL-17	2567941	S	2	0	2	0.00000
Bacillus sp. KH172YL63	2709784	S	2	0	2	0.00000
Bacillus sp. PAMC26568	2760090	S	1	0	1	0.00000
Bacillus sp. FJAT-22090	1581038	S	1	0	1	0.00000
Bacillus sp. N3536	2666127	S	1	2	3	0.00000
Bacillus sp. Cs-700	2589818	S	1	0	1	0.00000
Bacillus sp. HD4P25	2779776	S	1	0	1	0.00000
Bacillus velezensis	492670	S	3	7	10	0.00001
Bacillus amyloliquefaciens	1390	S	2	8	10	0.00001
Bacillus halotolerans	260554	S	2	0	2	0.00000
Bacillus licheniformis	1402	S	1	2	3	0.00000
Bacillus subtilis	1423	S	1	5	6	0.00001
Bacillus atrophaeus	1452	S	1	0	1	0.00000
Bacillus circulans	1397	S	7	0	7	0.00001
Bacillus smithii	1479	S	4	0	4	0.00000
Bacillus dafuensis	1742359	S	4	0	4	0.00000
Bacillus gobiensis	1441095	S	3	0	3	0.00000
Bacillus vietnamensis	218284	S	3	0	3	0.00000
Bacillus altitudinis	293387	S	2	1	3	0.00000
Bacillus haynesii	1925021	S	2	0	2	0.00000
Bacillus weihaiensis	1547283	S	2	0	2	0.00000
Bacillus oleronius	38875	S	1	0	1	0.00000
Bacillus cohnii	33932	S	1	0	1	0.00000
Bacillus methanolicus	1471	S	1	0	1	0.00000
Bacillus ciccensis	1670641	S	1	0	1	0.00000
Bacillus vini	1476025	S	1	0	1	0.00000
Lysinibacillus sphaericus	1421	S	5	2	7	0.00001
Lysinibacillus sp. SGAir0095	2070463	S	2	0	2	0.00000
Lysinibacillus sp. 2017	2169540	S	2	0	2	0.00000
Geobacillus subterraneus	129338	S	3	3	6	0.00001
Geobacillus genomosp. 3	1921421	S	3	1	4	0.00000
Peribacillus psychrosaccharolyticus	1407	S	3	0	3	0.00000
Peribacillus simplex	1478	S	2	1	3	0.00000
Peribacillus asahii	228899	S	2	0	2	0.00000
Peribacillus muralis	264697	S	1	0	1	0.00000
Priestia megaterium	1404	S	5	11	16	0.00001
Priestia flexa	86664	S	1	0	1	0.00000
Priestia filamentosa	1402861	S	1	0	1	0.00000
Virgibacillus necropolis	163877	S	2	0	2	0.00000
Virgibacillus sp. SK37	403957	S	1	1	2	0.00000
Virgibacillus sp. MSP4-1	2700081	S	1	0	1	0.00000
Virgibacillus dokdonensis	302167	S	1	1	2	0.00000
Anoxybacillus flavithermus	33934	S	2	2	4	0.00000
Anoxybacillus caldiproteolyticus	247480	S	2	0	2	0.00000
Parageobacillus genomosp. 1	1295642	S	3	0	3	0.00000
Pontibacillus sp. HMF3514	2692425	S	2	0	2	0.00000
Pontibacillus sp. ALD_SL1	2777185	S	1	0	1	0.00000
Metabacillus sp. KUDC1714	2745198	S	1	0	1	0.00000
Metabacillus sp. cB07	2806989	S	1	0	1	0.00000
Metabacillus litoralis	152268	S	1	0	1	0.00000
Alkalihalobacillus pseudofirmus	79885	S	1	0	1	0.00000
Alkalihalobacillus halodurans	86665	S	1	0	1	0.00000
Gracilibacillus sp. SCU50	2663022	S	2	0	2	0.00000
Cytobacillus oceanisediminis	665099	S	1	0	1	0.00000
Cytobacillus kochii	859143	S	1	0	1	0.00000
Fictibacillus arsenicus	255247	S	1	0	1	0.00000
Fictibacillus phosphorivorans	1221500	S	1	0	1	0.00000
Psychrobacillus glaciei	2283160	S	2	0	2	0.00000
Terribacillus goriensis	386490	S	2	0	2	0.00000
Amphibacillus xylanus	1449	S	2	0	2	0.00000
Salicibibacter kimchii	2099786	S	1	0	1	0.00000
Salicibibacter halophilus	2502791	S	1	0	1	0.00000
Halobacillus litoralis	45668	S	2	0	2	0.00000
Oceanobacillus zhaokaii	2052660	S	2	0	2	0.00000
Lentibacillus sp. CBA3610	2518176	S	2	0	2	0.00000
Neobacillus cucumis	1740721	S	1	0	1	0.00000
Mesobacillus foraminis	279826	S	1	0	1	0.00000
Lederbergia lentus	1467	S	1	0	1	0.00000
Weizmannia coagulans	1398	S	1	0	1	0.00000
Caldibacillus thermoamylovorans	35841	S	1	0	1	0.00000
Aeribacillus pallidus	33936	S	1	0	1	0.00000
Paenibacillus sp. FSL H7-0357	1536774	S	4	0	4	0.00000
Paenibacillus sp. JDR-2	324057	S	3	0	3	0.00000
Paenibacillus sp. FSL R7-0331	1536773	S	3	0	3	0.00000
Paenibacillus sp. DCT19	2211212	S	2	0	2	0.00000
Paenibacillus sp. RUD330	2023772	S	2	0	2	0.00000
Paenibacillus sp. B01	2660554	S	2	0	2	0.00000
Paenibacillus sp. UniB2	2726185	S	1	0	1	0.00000
Paenibacillus sp. M-152	2487928	S	1	5	6	0.00001
Paenibacillus sp. HB172198	2565926	S	1	0	1	0.00000
Paenibacillus sp. BIHB4019	1870819	S	1	0	1	0.00000
Paenibacillus sp. 32O-W	1695218	S	1	0	1	0.00000
Paenibacillus sp. JNUCC-32	2777984	S	1	2	3	0.00000
Paenibacillus sp. FSL H7-0737	1536775	S	1	0	1	0.00000
Paenibacillus sp. FSL R7-0273	1536772	S	1	0	1	0.00000
Paenibacillus sp. URB8-2	2741301	S	1	0	1	0.00000
Paenibacillus cellulositrophicus	562959	S	7	0	7	0.00001
Paenibacillus thiaminolyticus	49283	S	5	0	5	0.00000
Paenibacillus bovis	1616788	S	5	0	5	0.00000
Paenibacillus polymyxa	1406	S	4	3	7	0.00001
Paenibacillus larvae	1464	S	4	1089	1093	0.00097
Paenibacillus mucilaginosus	61624	S	4	-4	0	0.00000
Paenibacillus odorifer	189426	S	3	0	3	0.00000
Paenibacillus crassostreae	1763538	S	3	0	3	0.00000
Paenibacillus psychroresistens	1778678	S	3	0	3	0.00000
Paenibacillus naphthalenovorans	162209	S	3	0	3	0.00000
Paenibacillus stellifer	169760	S	2	0	2	0.00000
Paenibacillus lentus	1338368	S	2	0	2	0.00000
Paenibacillus baekrokdamisoli	1712516	S	2	0	2	0.00000
Paenibacillus rhizovicinus	2704463	S	2	0	2	0.00000
Paenibacillus durus	44251	S	2	0	2	0.00000
Paenibacillus riograndensis	483937	S	1	0	1	0.00000
Paenibacillus albus	2495582	S	1	0	1	0.00000
Paenibacillus chitinolyticus	79263	S	1	0	1	0.00000
Paenibacillus protaetiae	2509456	S	1	0	1	0.00000
Paenibacillus antarcticus	253703	S	1	0	1	0.00000
Paenibacillus guangzhouensis	1473112	S	1	0	1	0.00000
Paenibacillus donghaensis	414771	S	1	0	1	0.00000
Paenibacillus yonginensis	1462996	S	1	0	1	0.00000
Brevibacillus sp. JNUCC-41	2778370	S	2	1	3	0.00000
Brevibacillus sp. FJAT-54423	2796470	S	2	0	2	0.00000
Brevibacillus sp. SCSIO 07484	2496837	S	1	0	1	0.00000
Brevibacillus brevis	1393	S	1	0	1	0.00000
Brevibacillus laterosporus	1465	S	1	1	2	0.00000
Brevibacillus agri	51101	S	1	0	1	0.00000
Aneurinibacillus soli	1500254	S	2	0	2	0.00000
Cohnella abietis	2507935	S	2	0	2	0.00000
Saccharibacillus brassicae	2583377	S	1	0	1	0.00000
Planococcus sp. PAMC 21323	1526927	S	3	0	3	0.00000
Planococcus sp. Y42	2213202	S	3	0	3	0.00000
Planococcus sp. MB-3u-03	2058136	S	2	1	3	0.00000
Planococcus plakortidis	1038856	S	4	1	5	0.00000
Planococcus massiliensis	1499687	S	3	0	3	0.00000
Planococcus antarcticus	161360	S	2	0	2	0.00000
Planococcus donghaensis	414778	S	2	0	2	0.00000
Planococcus rifietoensis	200991	S	1	0	1	0.00000
Planococcus versutus	1302659	S	1	0	1	0.00000
Sporosarcina ureae	1571	S	4	0	4	0.00000
Sporosarcina pasteurii	1474	S	2	0	2	0.00000
Viridibacillus sp. JNUCC-6	2779527	S	6	0	6	0.00001
Solibacillus sp. R5-41	2048654	S	3	0	3	0.00000
Solibacillus silvestris	76853	S	2	0	2	0.00000
Rummeliibacillus stabekisii	241244	S	3	0	3	0.00000
Planomicrobium glaciei	459472	S	2	0	2	0.00000
Paenisporosarcina antarctica	417367	S	2	0	2	0.00000
Alicyclobacillus acidocaldarius	405212	S	11	0	11	0.00001
Alicyclobacillus ferrooxydans	471514	S	9	0	9	0.00001
Alicyclobacillus sp. SO9	2665646	S	4	0	4	0.00000
Tumebacillus avium	1903704	S	4	1	5	0.00000
Tumebacillus algifaecis	1214604	S	1	0	1	0.00000
Effusibacillus sp. skT53	2743772	S	4	0	4	0.00000
Kyrpidia tusciae	33943	S	1	1	2	0.00000
Listeria grayi	1641	S	7	0	7	0.00001
Listeria welshimeri	1643	S	5	0	5	0.00000
Listeria monocytogenes	1639	S	2	0	2	0.00000
Listeria seeligeri	1640	S	2	0	2	0.00000
Listeria ivanovii	1638	S	1	0	1	0.00000
Listeria sp. PSOL-1	1844999	S	1	0	1	0.00000
Brochothrix thermosphacta	2756	S	6	0	6	0.00001
Gemella haemolysans	1379	S	3	0	3	0.00000
Gemella morbillorum	29391	S	2	0	2	0.00000
Gemella sanguinis	84135	S	2	0	2	0.00000
Exiguobacterium sibiricum	332410	S	3	0	3	0.00000
Exiguobacterium sp. N4-1P	2051906	S	2	0	2	0.00000
Exiguobacterium sp. Helios	2735868	S	1	0	1	0.00000
Exiguobacterium antarcticum	132920	S	1	0	1	0.00000
Exiguobacterium mexicanum	340146	S	1	0	1	0.00000
Staphylospora marina	2490858	S	4	0	4	0.00000
Kroppenstedtia eburnea	714067	S	2	0	2	0.00000
Kroppenstedtia pulmonis	1380685	S	1	0	1	0.00000
Novibacillus thermophilus	1471761	S	2	0	2	0.00000
Sporolactobacillus terrae	269673	S	3	0	3	0.00000
Blautia sp. SC05B48	2479767	S	153	90	243	0.00022
Blautia sp. LZLJ-3	2779518	S	3	0	3	0.00000
Blautia obeum	40520	S	41	20	61	0.00005
Blautia hansenii	1322	S	17	9	26	0.00002
Blautia producta	33035	S	12	12	24	0.00002
Blautia argi	1912897	S	2	0	2	0.00000
Coprococcus comes	410072	S	65	27	92	0.00008
Coprococcus catus	116085	S	36	9	45	0.00004
Coprococcus sp. ART55/1	751585	S	21	4	25	0.00002
[Ruminococcus] torques	33039	S	69	35	104	0.00009
[Ruminococcus] gnavus	33038	S	45	25	70	0.00006
Anaerobutyricum hallii	39488	S	110	45	155	0.00014
Anaerostipes hadrus	649756	S	89	26	115	0.00010
Anaerostipes caccae	105841	S	1	0	1	0.00000
Anaerostipes rhamnosivorans	1229621	S	1	0	1	0.00000
Roseburia intestinalis	166486	S	40	24	64	0.00006
Roseburia hominis	301301	S	12	5	17	0.00002
Enterocloster clostridioformis	1531	S	17	46	63	0.00006
Enterocloster bolteae	208479	S	13	2	15	0.00001
[Clostridium] scindens	29347	S	8	1	9	0.00001
Lachnoclostridium phytofermentans	66219	S	6	0	6	0.00001
Lachnoclostridium phocaeense	1871021	S	5	1	6	0.00001
Lachnoclostridium sp. YL32	1834196	S	4	7	11	0.00001
[Clostridium] hylemonae	89153	S	2	0	2	0.00000
Lacrimispora saccharolytica	84030	S	17	4	21	0.00002
Butyrivibrio fibrisolvens	831	S	4	0	4	0.00000
Butyrivibrio proteoclasticus	43305	S	4	1	5	0.00000
Butyrivibrio hungatei	185008	S	1	0	1	0.00000
Anaerocolumna sedimenticola	2696063	S	3	0	3	0.00000
Anaerocolumna sp. CTTW	2736602	S	2	0	2	0.00000
Lachnoanaerobaculum umeaense	617123	S	4	0	4	0.00000
Anaerotignum propionicum	28446	S	4	0	4	0.00000
Lachnospira eligens	39485	S	4	0	4	0.00000
Pseudobutyrivibrio xylanivorans	185007	S	1	0	1	0.00000
Faecalibacterium prausnitzii	853	S	209	66	275	0.00024
Ruminococcus bicirculans	1160721	S	29	3	32	0.00003
Ruminococcus sp. JE7A12	2564099	S	9	0	9	0.00001
Ruminococcus champanellensis	1161942	S	6	0	6	0.00001
Oscillibacter sp. PEA192	2109687	S	5	17	22	0.00002
Oscillibacter sp. NSJ-62	2763056	S	4	0	4	0.00000
Oscillibacter valericigenes	351091	S	1	0	1	0.00000
Ruthenibacterium lactatiformans	1550024	S	10	0	10	0.00001
Flavonifractor plautii	292800	S	8	0	8	0.00001
Thermoclostridium stercorarium	1510	S	7	4	11	0.00001
Acetivibrio thermocellus	1515	S	3	-3	0	0.00000
Acetivibrio clariflavus	288965	S	1	0	1	0.00000
Acetivibrio saccincola	1677857	S	1	0	1	0.00000
Ruminiclostridium herbifermentans	2488810	S	3	0	3	0.00000
Ruminiclostridium cellulolyticum	1521	S	1	0	1	0.00000
Acutalibacter muris	1796620	S	3	0	3	0.00000
Mageeibacillus indolicus	884684	S	1	0	1	0.00000
Caproiciproducens sp. 7D4C2	2721621	S	1	0	1	0.00000
Clostridium botulinum	1491	S	45	13	58	0.00005
Clostridium sp. DL-VIII	641107	S	11	0	11	0.00001
Clostridium sp. SY8519	1042156	S	7	0	7	0.00001
Clostridium sp. CT4	2320868	S	4	0	4	0.00000
Clostridium sp. JN-1	2483110	S	3	0	3	0.00000
Clostridium sp. 'deep sea'	2779445	S	3	0	3	0.00000
Clostridium sp. BNL1100	755731	S	2	0	2	0.00000
Clostridium sp. AWRP	2212991	S	2	0	2	0.00000
Clostridium sp. JN-9	2507159	S	1	0	1	0.00000
Clostridium saccharoperbutylacetonicum	36745	S	19	0	19	0.00002
Clostridium perfringens	1502	S	13	0	13	0.00001
Clostridium pasteurianum	1501	S	10	0	10	0.00001
Clostridium beijerinckii	1520	S	10	2	12	0.00001
Clostridium argentinense	29341	S	7	0	7	0.00001
Clostridium isatidis	182773	S	6	0	6	0.00001
Clostridium tetani	1513	S	6	0	6	0.00001
Clostridium saccharobutylicum	169679	S	5	0	5	0.00000
Clostridium drakei	332101	S	4	0	4	0.00000
Clostridium novyi	1542	S	3	1	4	0.00000
Clostridium estertheticum	238834	S	3	0	3	0.00000
Clostridium baratii	1561	S	3	0	3	0.00000
Clostridium septicum	1504	S	3	0	3	0.00000
Clostridium formicaceticum	1497	S	3	0	3	0.00000
Clostridium carboxidivorans	217159	S	3	0	3	0.00000
Clostridium thermarum	1716543	S	3	0	3	0.00000
Clostridium tyrobutyricum	1519	S	2	0	2	0.00000
Clostridium sporogenes	1509	S	2	2	4	0.00000
Clostridium taeniosporum	394958	S	2	0	2	0.00000
Clostridium diolis	223919	S	2	5	7	0.00001
Clostridium chauvoei	46867	S	2	0	2	0.00000
Clostridium aceticum	84022	S	2	0	2	0.00000
Clostridium fermenticellae	2068654	S	2	0	2	0.00000
Clostridium cellulovorans	1493	S	1	0	1	0.00000
Clostridium gasigenes	94869	S	1	0	1	0.00000
Clostridium kluyveri	1534	S	1	0	1	0.00000
Clostridium cochlearium	1494	S	1	0	1	0.00000
Clostridium butyricum	1492	S	1	0	1	0.00000
Crassaminicella sp. SY095	2599308	S	4	0	4	0.00000
Sarcina sp. JB2	2726954	S	3	0	3	0.00000
Candidatus Arthromitus sp. SFB-rat-Yit	1041504	S	2	0	2	0.00000
Alkaliphilus metalliredigens	208226	S	2	0	2	0.00000
Hungatella hathewayi	154046	S	2	0	2	0.00000
Hathewaya histolytica	1498	S	2	0	2	0.00000
Caloramator sp. E03	2576307	S	1	0	1	0.00000
Caloranaerobacter azorensis	116090	S	1	0	1	0.00000
Clostridioides difficile	1496	S	29	5	34	0.00003
Peptacetobacter hiranonis	89152	S	20	1	21	0.00002
Romboutsia ilealis	1115758	S	6	1	7	0.00001
Romboutsia sp. CE17	2724150	S	5	0	5	0.00000
Romboutsia hominis	1507512	S	2	0	2	0.00000
Acetoanaerobium sticklandii	1511	S	7	0	7	0.00001
Peptoclostridium acidaminophilum	1731	S	4	0	4	0.00000
Filifactor alocis	143361	S	2	0	2	0.00000
Paraclostridium bifermentans	1490	S	1	0	1	0.00000
Paeniclostridium sordellii	1505	S	1	0	1	0.00000
Massilistercora timonensis	2086584	S	15	5	20	0.00002
Aminipila butyrica	433296	S	4	0	4	0.00000
Aminipila sp. JN-18	2507160	S	2	0	2	0.00000
Aminipila sp. CBA3637	2697030	S	1	0	1	0.00000
Mogibacterium diversum	114527	S	1	4	5	0.00000
Monoglobus pectinilyticus	1981510	S	6	1	7	0.00001
Intestinimonas butyriciproducens	1297617	S	5	0	5	0.00000
Thermaerobacter sp. PB12/4term	2293838	S	3	0	3	0.00000
Desulfitobacterium dehalogenans	36854	S	2	0	2	0.00000
Desulfitobacterium hafniense	49338	S	2	0	2	0.00000
Desulfitobacterium dichloroeliminans	233055	S	2	0	2	0.00000
Desulfitobacterium metallireducens	142877	S	1	0	1	0.00000
Desulfotomaculum reducens	59610	S	4	0	4	0.00000
Dehalobacter restrictus	55583	S	4	0	4	0.00000
Desulfosporosinus youngiae	339862	S	2	0	2	0.00000
Desulfosporosinus meridiei	79209	S	1	0	1	0.00000
Desulfallas gibsoniae	102134	S	2	0	2	0.00000
Desulfofarcimen acetoxidans	58138	S	1	0	1	0.00000
Eubacterium limosum	1736	S	4	1	5	0.00000
Eubacterium sp. NSJ-61	2764325	S	3	1	4	0.00000
[Eubacterium] cellulosolvens	29322	S	2	0	2	0.00000
Eubacterium maltosivorans	2041044	S	2	2	4	0.00000
Eubacterium callanderi	53442	S	1	0	1	0.00000
Acetobacterium woodii	33952	S	3	0	3	0.00000
Acetobacterium sp. KB-1	2184575	S	3	0	3	0.00000
Christensenella sp. Marseille-P3954	2086585	S	4	0	4	0.00000
Heliobacterium modesticaldum	35701	S	2	0	2	0.00000
Syntrophothermus lipocalidus	86170	S	1	1	2	0.00000
Symbiobacterium thermophilum	2734	S	1	0	1	0.00000
Caldicellulosiruptor obsidiansis	717609	S	5	2	7	0.00001
Caldicellulosiruptor saccharolyticus	44001	S	2	2	4	0.00000
Caldicellulosiruptor bescii	31899	S	1	1	2	0.00000
Caldicellulosiruptor sp. YA01	2806205	S	1	0	1	0.00000
Thermoanaerobacterium sp. RBIITD	1550240	S	4	0	4	0.00000
Thermoanaerobacterium thermosaccharolyticum	1517	S	1	0	1	0.00000
Thermoanaerobacterium xylanolyticum	29329	S	1	0	1	0.00000
Thermodesulfobium acidiphilum	1794699	S	2	0	2	0.00000
Thermodesulfobium narugense	184064	S	1	0	1	0.00000
Mahella australiensis	252966	S	2	0	2	0.00000
Moorella glycerini	55779	S	1	0	1	0.00000
Halobacteroides halobius	42422	S	4	0	4	0.00000
Acetohalobium arabaticum	28187	S	3	0	3	0.00000
Halocella sp. SP3-1	2382161	S	2	0	2	0.00000
Halanaerobium praevalens	2331	S	1	0	1	0.00000
Halothermothrix orenii	31909	S	1	0	1	0.00000
Anoxybacter fermentans	1323375	S	1	0	1	0.00000
Koleobacter methoxysyntrophicus	2751313	S	1	0	1	0.00000
Megamonas funiformis	437897	S	61	1	62	0.00006
Megamonas hypermegale	158847	S	1	0	1	0.00000
Selenomonas ruminantium	971	S	4	0	4	0.00000
Selenomonas sputigena	69823	S	4	0	4	0.00000
Selenomonas sp. oral taxon 126	712528	S	2	0	2	0.00000
Pectinatus frisingensis	865	S	2	0	2	0.00000
Pelosinus sp. UFO1	484770	S	5	2	7	0.00001
Pelosinus fermentans	365349	S	4	1	5	0.00000
Acidaminococcus intestini	187327	S	12	0	12	0.00001
Acidaminococcus fermentans	905	S	2	0	2	0.00000
Phascolarctobacterium faecium	33025	S	8	0	8	0.00001
Phascolarctobacterium sp. Marseille-Q4147	2823317	S	3	0	3	0.00000
Megasphaera elsdenii	907	S	10	1	11	0.00001
Veillonella parvula	29466	S	7	0	7	0.00001
Veillonella nakazawae	2682456	S	2	0	2	0.00000
Veillonella rodentium	248315	S	1	0	1	0.00000
Dialister massiliensis	2161821	S	3	0	3	0.00000
Dialister pneumosintes	39950	S	1	0	1	0.00000
Longibaculum sp. KGMB06250	2584943	S	15	46	61	0.00005
Amedibacterium intestinale	2583452	S	13	6	19	0.00002
Faecalitalea cylindroides	39483	S	12	8	20	0.00002
[Clostridium] innocuum	1522	S	8	1	9	0.00001
Erysipelatoclostridium ramosum	1547	S	2	0	2	0.00000
Erysipelothrix larvae	1514105	S	2	0	2	0.00000
Erysipelothrix piscisicarius	2485784	S	1	0	1	0.00000
Faecalibaculum rodentium	1702221	S	2	0	2	0.00000
Faecalibacillus intestinalis	1982626	S	2	6	8	0.00001
Intestinibaculum porci	2487118	S	1	0	1	0.00000
Turicibacter sp. H121	1712675	S	2	1	3	0.00000
Finegoldia magna	1260	S	8	2	10	0.00001
Peptoniphilus harei	54005	S	3	0	3	0.00000
Anaerococcus obesiensis	1287640	S	1	0	1	0.00000
Anaerococcus mediterraneensis	1870984	S	1	0	1	0.00000
Keratinibaculum paraultunense	1278232	S	3	0	3	0.00000
Schnuerera ultunensis	45497	S	2	0	2	0.00000
Gudongella oleilytica	1582259	S	1	0	1	0.00000
Sedimentibacter sp. zth1	2816908	S	3	0	3	0.00000
endosymbiont 'TC1' of Trimyema compressum	243899	S	1	0	1	0.00000
Limnochorda pilosa	1555112	S	1	0	1	0.00000
Oscillatoria nigro-viridis	482564	S	342	40	382	0.00034
Oscillatoria acuminata	118323	S	4	0	4	0.00000
Moorea producens	1155739	S	6	0	6	0.00001
Planktothrix rubescens	59512	S	4	4	8	0.00001
Planktothrix agardhii	1160	S	2	3	5	0.00000
Oxynema sp. AP17	2064643	S	6	3	9	0.00001
Trichodesmium erythraeum	1206	S	2	0	2	0.00000
Microcoleus sp. PCC 7113	1173027	S	2	0	2	0.00000
[Phormidium] sp. ETS-05	222819	S	5	0	5	0.00000
Geitlerinema sp. PCC 7407	1173025	S	2	0	2	0.00000
Crinalium epipsammum	241425	S	1	0	1	0.00000
Geminocystis sp. NIES-3708	1615909	S	18	4	22	0.00002
Geminocystis sp. NIES-3709	1617448	S	8	1	9	0.00001
Geminocystis herdmanii	669359	S	7	1	8	0.00001
Chondrocystis sp. NIES-4102	2005460	S	11	4	15	0.00001
Gloeocapsa sp. PCC 7428	1173026	S	2	0	2	0.00000
Microcystis aeruginosa	1126	S	26	5	31	0.00003
Microcystis viridis	44822	S	3	4	7	0.00001
Microcystis sp. MC19	1967666	S	2	0	2	0.00000
Gloeothece citriformis	2546356	S	5	1	6	0.00001
Gloeothece verrucosa	2546359	S	1	0	1	0.00000
Candidatus Atelocyanobacterium thalassa	713887	S	7	2	9	0.00001
Euhalothece natronophila	577489	S	2	1	3	0.00000
Crocosphaera subtropica	2546360	S	3	0	3	0.00000
Rippkaea orientalis	2546366	S	1	-1	0	0.00000
Cyanobacterium aponinum	379064	S	9	2	11	0.00001
Nostoc sp. CENA543	1869241	S	7	0	7	0.00001
Nostoc sp. PCC 7524	28072	S	6	1	7	0.00001
Nostoc sp. 'Peltigera membranacea cyanobiont' N6	1261031	S	5	2	7	0.00001
Nostoc sp. 'Lobaria pulmonaria (5183) cyanobiont'	1618022	S	5	1	6	0.00001
Nostoc sp. TCL240-02	2572090	S	5	4	9	0.00001
Nostoc sp. NIES-2111	1973475	S	3	7	10	0.00001
Nostoc sp. TCL26-01	2576904	S	2	0	2	0.00000
Nostoc sp. UHCC 0702	2814655	S	2	0	2	0.00000
Nostoc sp. NIES-4103	2005458	S	1	0	1	0.00000
Nostoc sp. C057	2576903	S	1	2	3	0.00000
Nostoc piscinale	224012	S	7	1	8	0.00001
Nostoc edaphicum	264686	S	6	3	9	0.00001
Nostoc flagelliforme	1306274	S	6	3	9	0.00001
Nostoc sphaeroides	446679	S	5	4	9	0.00001
Nostoc carneum	374162	S	4	7	11	0.00001
Nostoc linckia	92942	S	1	0	1	0.00000
Anabaena sp. WA102	1647413	S	11	17	28	0.00002
Anabaena sp. YBS01	2490939	S	3	47	50	0.00004
Anabaena sp. 90	46234	S	1	8	9	0.00001
Anabaena cylindrica	1165	S	4	0	4	0.00000
Trichormus azollae	1164	S	9	1	10	0.00001
Cylindrospermum stagnale	142864	S	5	0	5	0.00000
Calothrix sp. NIES-3974	2005462	S	10	1	11	0.00001
Calothrix sp. PCC 7507	99598	S	8	3	11	0.00001
Calothrix sp. 336/3	1337936	S	2	0	2	0.00000
Calothrix sp. NIES-2098	1954171	S	2	3	5	0.00000
Calothrix sp. NIES-2100	1954172	S	1	1	2	0.00000
Calothrix parietina	32054	S	7	0	7	0.00001
Calothrix brevissima	938406	S	6	2	8	0.00001
Calothrix parasitica	1973486	S	5	0	5	0.00000
Scytonema sp. NIES-4073	2005464	S	8	4	12	0.00001
Scytonema sp. HK-05	1137095	S	7	3	10	0.00001
Brasilonema sennae	1397703	S	3	0	3	0.00000
Anabaenopsis elenkinii	156213	S	4	0	4	0.00000
Anabaenopsis circularis	109266	S	3	1	4	0.00000
Dolichospermum compactum	136073	S	2	2	4	0.00000
Dolichospermum flos-aquae	1166	S	1	7	8	0.00001
Nodularia spumigena	70799	S	2	-2	0	0.00000
Sphaerospermopsis kisseleviana	289435	S	2	0	2	0.00000
Cylindrospermopsis curvispora	747548	S	1	1	2	0.00000
Raphidiopsis curvata	312883	S	1	1	2	0.00000
Fischerella sp. NIES-3754	1752063	S	10	6	16	0.00001
Fischerella sp. NIES-4106	2005456	S	4	0	4	0.00000
Rivularia sp. PCC 7116	373994	S	5	0	5	0.00000
Microchaete diplosiphon	1197	S	2	3	5	0.00000
Synechococcus sp. CBW1107	2789857	S	7	2	9	0.00001
Synechococcus sp. PCC 7502	1173263	S	7	1	8	0.00001
Synechococcus sp. ROS8604	1442557	S	4	1	5	0.00000
Synechococcus sp. JA-3-3Ab	321327	S	4	0	4	0.00000
Synechococcus sp. A15-28	1050638	S	3	1	4	0.00000
Synechococcus sp. JA-2-3B'a(2-13)	321332	S	3	0	3	0.00000
Synechococcus sp. RS9909	221352	S	2	1	3	0.00000
Synechococcus sp. CB0101	232348	S	2	0	2	0.00000
Synechococcus sp. BIOS-U3-1	1400865	S	2	0	2	0.00000
Synechococcus sp. PCC 7336	195250	S	2	0	2	0.00000
Synechococcus sp. M16.1	1442553	S	2	3	5	0.00000
Synechococcus sp. NOUM97013	1442555	S	2	1	3	0.00000
Synechococcus sp. NIES-970	1827144	S	2	0	2	0.00000
Synechococcus sp. SynAce01	1916956	S	2	0	2	0.00000
Synechococcus sp. WH 8020	32052	S	2	0	2	0.00000
Synechococcus sp. A15-24	1050635	S	1	0	1	0.00000
Synechococcus sp. A15-62	1050657	S	1	0	1	0.00000
Synechococcus sp. KORDI-49	585423	S	1	0	1	0.00000
Synechococcus sp. KORDI-100	1280380	S	1	0	1	0.00000
Synechococcus sp. CBW1004	1353136	S	1	0	1	0.00000
Synechococcus sp. PROS-U-1	1400866	S	1	0	1	0.00000
Synechococcus sp. BMK-MC-1	1442551	S	1	0	1	0.00000
Synechococcus sp. A18-46.1	1866940	S	1	5	6	0.00001
Synechococcus sp. RSCCF101	2511069	S	1	0	1	0.00000
Synechococcus sp. WH 8101	59932	S	1	0	1	0.00000
Synechococcus sp. CC9605	110662	S	1	0	1	0.00000
Synechococcus lividus	33070	S	1	0	1	0.00000
Cyanobium gracile	59930	S	5	1	6	0.00001
Cyanobium sp. NS01	261284	S	2	0	2	0.00000
Cyanobium sp. NIES-981	1851505	S	2	1	3	0.00000
Dactylococcopsis salina	292566	S	6	3	9	0.00001
Thermosynechococcus elongatus	146786	S	1	0	1	0.00000
Prochlorococcus marinus	1219	S	21	10	31	0.00003
Chamaesiphon minutus	1173032	S	7	0	7	0.00001
Pseudanabaena sp. ABRG5-3	685565	S	6	0	6	0.00001
Pseudanabaena sp. PCC 7367	82654	S	1	0	1	0.00000
Leptolyngbya sp. PCC 7376	111781	S	2	0	2	0.00000
Leptolyngbya sp. NIES-3755	1752064	S	2	0	2	0.00000
Leptolyngbya sp. BL0902	1115757	S	1	0	1	0.00000
Acaryochloris marina	155978	S	4	0	4	0.00000
Stanieria sp. NIES-3757	1807358	S	8	2	10	0.00001
Stanieria cyanosphaera	102116	S	4	2	6	0.00001
Pleurocapsa minor	54308	S	2	0	2	0.00000
Gloeobacter kilaueensis	1416614	S	6	1	7	0.00001
Gloeobacter violaceus	33072	S	4	1	5	0.00000
cyanobacterium endosymbiont of Epithemia turgida	718217	S	4	0	4	0.00000
cyanobacterium endosymbiont of Rhopalodia gibberula	1763363	S	2	0	2	0.00000
Chroococcidiopsis thermalis	54299	S	2	0	2	0.00000
Gloeomargarita lithophora	1188228	S	2	0	2	0.00000
Mycoplasma sp. Phocoena C-264-GEN	754517	S	5	0	5	0.00000
Mycoplasma sp. (ex Biomphalaria glabrata)	1749074	S	4	0	4	0.00000
Mycoplasma sp. Mirounga ES2806-NAS	754516	S	3	0	3	0.00000
Mycoplasma sp. 1654_15	2725994	S	1	0	1	0.00000
Mycoplasma hominis	2098	S	3	1	4	0.00000
Mycoplasma mycoides	2102	S	1	1	2	0.00000
Mycoplasma canadense	29554	S	2	0	2	0.00000
Mycoplasma orale	2121	S	2	0	2	0.00000
Mycoplasma penetrans	28227	S	2	0	2	0.00000
Mycoplasma dispar	86660	S	1	0	1	0.00000
Mycoplasma wenyonii	65123	S	1	0	1	0.00000
Mycoplasma suis	57372	S	1	0	1	0.00000
Mycoplasma ovis	171632	S	1	0	1	0.00000
Mycoplasma nasistruthionis	353852	S	1	0	1	0.00000
Mycoplasma haemofelis	29501	S	1	0	1	0.00000
Mycoplasma flocculare	2128	S	1	1	2	0.00000
Mycoplasma salivarium	2124	S	1	0	1	0.00000
Mycoplasma putrefaciens	2123	S	1	0	1	0.00000
Mycoplasma mobile	2118	S	1	0	1	0.00000
Mycoplasma iowae	2116	S	1	0	1	0.00000
Mycoplasma struthionis	538220	S	1	0	1	0.00000
Mycoplasma parvum	984991	S	1	0	1	0.00000
Mycoplasma tullyi	1612150	S	1	0	1	0.00000
Mycoplasma pullorum	48003	S	2	0	2	0.00000
Mycoplasma felis	33923	S	1	0	1	0.00000
Mycoplasma glycophilum	171285	S	1	0	1	0.00000
Mycoplasma citelli	171281	S	1	0	1	0.00000
Mycoplasma anatis	171279	S	1	0	1	0.00000
Mycoplasma phocirhinis	142650	S	1	0	1	0.00000
Mycoplasma maculosum	114885	S	1	0	1	0.00000
Mycoplasma edwardii	53558	S	1	0	1	0.00000
Mycoplasma arginini	2094	S	1	0	1	0.00000
Mycoplasma canis	29555	S	1	0	1	0.00000
Mycoplasma bovigenitalium	2112	S	1	0	1	0.00000
Mycoplasma agalactiae	2110	S	1	0	1	0.00000
Ureaplasma urealyticum	2130	S	2	0	2	0.00000
Ureaplasma parvum	134821	S	1	0	1	0.00000
Candidatus Hepatoplasma crinochetorum	295596	S	2	0	2	0.00000
Spiroplasma culicicola	216935	S	4	0	4	0.00000
Spiroplasma chinense	216932	S	4	0	4	0.00000
Spiroplasma sp. TIUS-1	216963	S	1	0	1	0.00000
Spiroplasma sp. BIUS-1	216964	S	1	0	1	0.00000
Spiroplasma turonicum	216946	S	3	0	3	0.00000
Spiroplasma corruscae	216934	S	2	0	2	0.00000
Spiroplasma tabanidicola	324079	S	2	0	2	0.00000
Spiroplasma taiwanense	2145	S	2	0	2	0.00000
Spiroplasma monobiae	2136	S	2	0	2	0.00000
Spiroplasma melliferum	2134	S	1	2	3	0.00000
Spiroplasma phoeniceum	47835	S	1	1	2	0.00000
Spiroplasma syrphidicola	216945	S	1	0	1	0.00000
Spiroplasma diminutum	216936	S	1	0	1	0.00000
Spiroplasma sabaudiense	216944	S	1	0	1	0.00000
Spiroplasma litorale	216942	S	1	0	1	0.00000
Mesoplasma syrphidae	225999	S	4	0	4	0.00000
Mesoplasma coleopterae	324078	S	3	1	4	0.00000
Mesoplasma entomophilum	2149	S	1	0	1	0.00000
Mesoplasma lactucae	138853	S	1	0	1	0.00000
Mesoplasma chauliocola	216427	S	1	0	1	0.00000
Entomoplasma freundtii	74700	S	1	0	1	0.00000
Entomoplasma somnilux	215578	S	1	0	1	0.00000
Acholeplasma laidlawii	2148	S	6	0	6	0.00001
Acholeplasma brassicae	61635	S	4	0	4	0.00000
Acholeplasma palmae	38986	S	3	0	3	0.00000
Acholeplasma hippikon	264636	S	1	0	1	0.00000
Candidatus Phytoplasma australiense	59748	S	1	0	1	0.00000
Deinococcus gobiensis	502394	S	4	0	4	0.00000
Deinococcus sp. NW-56	2080419	S	2	0	2	0.00000
Deinococcus sp. AJ005	2652443	S	1	0	1	0.00000
Deinococcus radiodurans	1299	S	3	1	4	0.00000
Deinococcus irradiatisoli	2202254	S	3	0	3	0.00000
Deinococcus puniceus	1182568	S	3	0	3	0.00000
Deinococcus wulumuqiensis	980427	S	3	2	5	0.00000
Deinococcus deserti	310783	S	3	0	3	0.00000
Deinococcus geothermalis	68909	S	3	1	4	0.00000
Deinococcus soli Cha et al. 2016	1309411	S	2	4	6	0.00001
Deinococcus ficus	317577	S	1	0	1	0.00000
Deinococcus maricopensis	309887	S	1	0	1	0.00000
Meiothermus silvanus	52022	S	16	1	17	0.00002
Meiothermus ruber	277	S	1	0	1	0.00000
Meiothermus taiwanensis	172827	S	1	0	1	0.00000
Thermus scotoductus	37636	S	3	3	6	0.00001
Thermus thermophilus	274	S	1	2	3	0.00000
Thermus brockianus	56956	S	1	0	1	0.00000
Marinithermus hydrothermalis	186192	S	2	0	2	0.00000
Truepera radiovictrix	332249	S	5	0	5	0.00000
Brevefilum fermentans	1986204	S	5	0	5	0.00000
Anaerolinea thermophila	167964	S	3	0	3	0.00000
Pelolinea submarina	913107	S	3	0	3	0.00000
Dehalococcoides mccartyi	61435	S	7	0	7	0.00001
Dehalogenimonas lykanthroporepellens	552810	S	2	0	2	0.00000
Roseiflexus castenholzii	120962	S	3	0	3	0.00000
Roseiflexus sp. RS-1	357808	S	1	0	1	0.00000
Chloroflexus aurantiacus	1108	S	2	-2	0	0.00000
Chloroflexus aggregans	152260	S	1	0	1	0.00000
Candidatus Promineofilum breve	1806508	S	6	0	6	0.00001
Sphaerobacter thermophilus	2057	S	3	0	3	0.00000
Thermomicrobium roseum	500	S	1	0	1	0.00000
Caldilinea aerophila	133453	S	4	0	4	0.00000
Ktedonosporobacter rubrisoli	2509675	S	3	0	3	0.00000
Fimbriimonas ginsengisoli	1005039	S	3	0	3	0.00000
Flavobacterium sp. M31R6	2739062	S	67	10	77	0.00007
Flavobacterium sp. MDT1-60	1979344	S	67	16	83	0.00007
Flavobacterium sp. Sr18	935222	S	65	9	74	0.00007
Flavobacterium sp. KBS0721	1179672	S	50	23	73	0.00006
Flavobacterium sp. 140616W15	2478552	S	43	9	52	0.00005
Flavobacterium sp. SLB02	2665645	S	42	14	56	0.00005
Flavobacterium sp. CLA17	2724135	S	31	6	37	0.00003
Flavobacterium sp. BB8	2816357	S	30	8	38	0.00003
Flavobacterium sp. LPB0248	2614441	S	25	21	46	0.00004
Flavobacterium sp. HYN0086	2249356	S	24	9	33	0.00003
Flavobacterium sp. CJ74	2294119	S	22	1	23	0.00002
Flavobacterium sp. I3-2	2748319	S	22	20	42	0.00004
Flavobacterium sp. P2-65	2748320	S	9	1	10	0.00001
Flavobacterium sp. CS20	2775246	S	4	1	5	0.00000
Flavobacterium sp. xlx-214	2654325	S	3	0	3	0.00000
Flavobacterium sangjuense	2518177	S	97	6	103	0.00009
Flavobacterium johnsoniae	986	S	85	43	128	0.00011
Flavobacterium nackdongense	2547394	S	73	5	78	0.00007
Flavobacterium branchiophilum	55197	S	47	3	50	0.00004
Flavobacterium gilvum	1492737	S	47	6	53	0.00005
Flavobacterium psychrophilum	96345	S	46	7	53	0.00005
Flavobacterium commune	1306519	S	45	5	50	0.00004
Flavobacterium indicum	312277	S	38	3	41	0.00004
Flavobacterium anhuiense	459526	S	25	14	39	0.00003
Flavobacterium columnare	996	S	24	8	32	0.00003
Flavobacterium haoranii	683124	S	21	7	28	0.00002
Flavobacterium kingsejongi	1678728	S	20	2	22	0.00002
Flavobacterium crocinum	2183896	S	20	8	28	0.00002
Flavobacterium faecale	1355330	S	19	2	21	0.00002
Flavobacterium crassostreae	1763534	S	17	3	20	0.00002
Flavobacterium nitrogenifigens	1617283	S	15	11	26	0.00002
Flavobacterium album	2175091	S	12	0	12	0.00001
Flavobacterium sediminis	2201181	S	9	7	16	0.00001
Flavobacterium pallidum	2172098	S	7	0	7	0.00001
Flavobacterium arcticum	1784713	S	6	0	6	0.00001
Flavobacterium alkalisoli	2602769	S	6	0	6	0.00001
Flavobacterium magnum	2162713	S	4	0	4	0.00000
Polaribacter sp. SA4-10	754397	S	8	1	9	0.00001
Polaribacter sp. G4M1	2808900	S	6	1	7	0.00001
Polaribacter sp. MED152	313598	S	5	0	5	0.00000
Polaribacter sp. KT25b	1855336	S	5	1	6	0.00001
Polaribacter sp. SM13	2818493	S	5	1	6	0.00001
Polaribacter sp. SA4-12	1312072	S	4	1	5	0.00000
Polaribacter sp. ALD11	2058137	S	4	1	5	0.00000
Polaribacter sp. Hel1_33_78	1336804	S	3	0	3	0.00000
Polaribacter sp. L3A8	2686361	S	3	1	4	0.00000
Polaribacter sp. BM10	1529069	S	1	3	4	0.00000
Polaribacter sp. KT 15	1896175	S	1	3	4	0.00000
Polaribacter sp. L12M9	2738844	S	1	2	3	0.00000
Polaribacter sejongensis	985043	S	4	1	5	0.00000
Polaribacter vadi	1774273	S	4	0	4	0.00000
Polaribacter reichenbachii	996801	S	3	0	3	0.00000
Capnocytophaga canimorsus	28188	S	13	2	15	0.00001
Capnocytophaga sputigena	1019	S	10	3	13	0.00001
Capnocytophaga stomatis	1848904	S	7	1	8	0.00001
Capnocytophaga cynodegmi	28189	S	6	2	8	0.00001
Capnocytophaga sp. H4358	1945658	S	1	3	4	0.00000
Capnocytophaga sp. FDAARGOS_737	2545799	S	1	0	1	0.00000
Capnocytophaga gingivalis	1017	S	3	0	3	0.00000
Tenacibaculum todarodis	1850252	S	11	2	13	0.00001
Tenacibaculum sp. SZ-18	754423	S	8	0	8	0.00001
Tenacibaculum sp. DSM 106434	2358479	S	3	0	3	0.00000
Tenacibaculum maritimum	107401	S	9	1	10	0.00001
Tenacibaculum mesophilum	104268	S	6	1	7	0.00001
Tenacibaculum dicentrarchi	669041	S	4	0	4	0.00000
Tenacibaculum jejuense	584609	S	3	0	3	0.00000
Winogradskyella sp. PG-2	754409	S	8	0	8	0.00001
Winogradskyella sp. J14-2	1936080	S	7	0	7	0.00001
Winogradskyella forsetii	2686077	S	7	5	12	0.00001
Winogradskyella helgolandensis	2697010	S	6	1	7	0.00001
Winogradskyella sediminis	1382466	S	4	1	5	0.00000
Winogradskyella schleiferi	2686078	S	1	1	2	0.00000
Myroides fluvii	2572594	S	15	1	16	0.00001
Myroides odoratus	256	S	8	0	8	0.00001
Myroides phaeus	702745	S	7	2	9	0.00001
Myroides odoratimimus	76832	S	3	4	7	0.00001
Myroides profundi	480520	S	2	0	2	0.00000
Kordia antarctica	1218801	S	16	1	17	0.00002
Kordia sp. SMS9	2282170	S	12	1	13	0.00001
Maribacter sp. HTCC2170	313603	S	7	0	7	0.00001
Maribacter sp. T28	1836467	S	7	0	7	0.00001
Maribacter sp. MJ134	2496865	S	2	0	2	0.00000
Maribacter dokdonensis	320912	S	6	0	6	0.00001
Maribacter cobaltidurans	1178778	S	4	3	7	0.00001
Nonlabens sp. Ci31	2608253	S	5	0	5	0.00000
Nonlabens sp. Hel1_33_55	1336802	S	2	0	2	0.00000
Nonlabens sp. MIC269	1476901	S	1	2	3	0.00000
Nonlabens sp. MB-3u-79	2058134	S	1	0	1	0.00000
Nonlabens sp. SY33080	2719911	S	1	1	2	0.00000
Nonlabens dokdonensis	328515	S	7	0	7	0.00001
Nonlabens marinus	930802	S	4	0	4	0.00000
Nonlabens spongiae	331648	S	2	0	2	0.00000
Formosa sp. Hel3_A1_48	1336795	S	6	1	7	0.00001
Formosa sp. Hel1_31_208	1798225	S	5	0	5	0.00000
Formosa sp. Hel1_33_131	1336794	S	3	0	3	0.00000
Formosa sp. L2A11	2686363	S	2	0	2	0.00000
Formosa sediminum	2594004	S	6	0	6	0.00001
Formosa agariphila	320324	S	2	0	2	0.00000
Aquimarina sp. BL5	1714860	S	7	0	7	0.00001
Aquimarina sp. TRL1	2736252	S	7	0	7	0.00001
Aquimarina sp. AD1	1714848	S	6	0	6	0.00001
Aquimarina sp. AD10	1714849	S	3	0	3	0.00000
Cellulophaga baltica	76594	S	8	0	8	0.00001
Cellulophaga lytica	979	S	6	1	7	0.00001
Cellulophaga algicola	59600	S	6	1	7	0.00001
Cellulophaga sp. L1A9	2686362	S	1	0	1	0.00000
Muricauda sp. 501str8	2698672	S	16	8	24	0.00002
Muricauda lutaonensis	516051	S	2	0	2	0.00000
Muricauda ruestringensis	111501	S	1	0	1	0.00000
Lacinutrix sp. Bg11-31	2057808	S	8	1	9	0.00001
Lacinutrix sp. 5H-3-7-4	983544	S	5	1	6	0.00001
Lacinutrix sp. WUR7	2653681	S	3	0	3	0.00000
Lacinutrix venerupis	1486034	S	3	0	3	0.00000
Algibacter sp. L1A34	2686365	S	9	3	12	0.00001
Algibacter sp. L3A6	2686366	S	2	0	2	0.00000
Algibacter alginicilyticus	1736674	S	4	0	4	0.00000
Aequorivita sp. KX20305	2803865	S	5	0	5	0.00000
Aequorivita sp. H23M31	2494375	S	4	0	4	0.00000
Aequorivita sublithincola	101385	S	5	0	5	0.00000
Olleya aquimaris	639310	S	11	4	15	0.00001
Olleya sp. Bg11-27	2058135	S	2	2	4	0.00000
Gramella fulva	2126553	S	6	0	6	0.00001
Gramella echinicola	279359	S	1	0	1	0.00000
Gramella forsetii	411153	S	1	0	1	0.00000
Gramella flava	1486245	S	1	0	1	0.00000
Gramella salexigens	1913577	S	1	0	1	0.00000
Gramella sp. MAR_2010_147	1250205	S	1	0	1	0.00000
Psychroflexus torquis	57029	S	7	0	7	0.00001
Psychroflexus sp. ALD_RP9	2777186	S	5	0	5	0.00000
Urechidicola croceus	1850246	S	11	7	18	0.00002
Siansivirga zeaxanthinifaciens	762954	S	10	1	11	0.00001
Lutibacter profundi	1622118	S	8	0	8	0.00001
Dokdonia sp. PRO95	1239415	S	3	0	3	0.00000
Dokdonia sp. Dokd-P16	2173169	S	3	0	3	0.00000
Dokdonia sp. MED134	313590	S	1	0	1	0.00000
Dokdonia sp. 4H-3-7-5	983548	S	1	0	1	0.00000
Zobellia galactanivorans	63186	S	8	0	8	0.00001
Mariniflexile sp. TRM1-10	2027857	S	7	0	7	0.00001
Tamlana carrageenivorans	2069432	S	6	1	7	0.00001
Changchengzhania lutea	2049305	S	6	0	6	0.00001
Salegentibacter salegens	143223	S	6	0	6	0.00001
Euzebyella marina	1761453	S	5	3	8	0.00001
Zunongwangia profunda	398743	S	5	4	9	0.00001
Psychroserpens sp. NJDZ02	2570561	S	4	6	10	0.00001
Flavivirga eckloniae	1803846	S	4	0	4	0.00000
Wenyingzhuangia fucanilytica	1790137	S	3	0	3	0.00000
Seonamhaeicola sp. S2-3	1936081	S	3	0	3	0.00000
Galbibacter sp. BG1	1170699	S	3	0	3	0.00000
Oceanihabitans sp. IOP_32	2529032	S	2	0	2	0.00000
Gilvibacter sp. SZ-19	754429	S	2	0	2	0.00000
Aureitalea sp. RR4-38	2094025	S	2	0	2	0.00000
Croceibacter atlanticus	313588	S	2	0	2	0.00000
Leeuwenhoekiella sp. ZYFB001	2719912	S	2	0	2	0.00000
Altibacter sp. ALE3EI	2562285	S	1	0	1	0.00000
Antarcticibacterium arcticum	2585771	S	1	0	1	0.00000
Amniculibacterium sp. G2-70	2767188	S	1	0	1	0.00000
Muriicola sp. MMS17-SY002	2507538	S	1	0	1	0.00000
Flagellimonas maritima	1383885	S	1	0	1	0.00000
Sediminicola sp. YIK13	1453352	S	1	0	1	0.00000
Arenibacter algicola	616991	S	1	0	1	0.00000
Robiginitalea biformata	252307	S	1	0	1	0.00000
Chryseobacterium sp. 3008163	2478663	S	20	2	22	0.00002
Chryseobacterium sp. NEB161	2724619	S	16	8	24	0.00002
Chryseobacterium sp. G0201	2487065	S	9	1	10	0.00001
Chryseobacterium sp. cx-624	2758037	S	9	0	9	0.00001
Chryseobacterium sp. T16E-39	2015076	S	7	0	7	0.00001
Chryseobacterium sp. IHB B 17019	1721091	S	6	0	6	0.00001
Chryseobacterium sp. G0186	2487064	S	6	3	9	0.00001
Chryseobacterium sp. JV274	1932669	S	5	0	5	0.00000
Chryseobacterium sp. StRB126	878220	S	4	0	4	0.00000
Chryseobacterium sp. 6424	2039166	S	4	0	4	0.00000
Chryseobacterium sp. NBC 122	2547600	S	3	0	3	0.00000
Chryseobacterium sp.	1871047	S	2	0	2	0.00000
Chryseobacterium sp. G0162	2487063	S	1	0	1	0.00000
Chryseobacterium sp. SNU WT5	2594269	S	1	0	1	0.00000
Chryseobacterium sp. POL2	2713414	S	1	0	1	0.00000
Chryseobacterium balustinum	246	S	40	12	52	0.00005
Chryseobacterium indoltheticum	254	S	35	6	41	0.00004
Chryseobacterium indologenes	253	S	9	2	11	0.00001
Chryseobacterium carnipullorum	1124835	S	9	2	11	0.00001
Chryseobacterium gleum	250	S	6	5	11	0.00001
Chryseobacterium glaciei	1685010	S	6	0	6	0.00001
Chryseobacterium piperi	558152	S	5	0	5	0.00000
Chryseobacterium gallinarum	1324352	S	5	0	5	0.00000
Chryseobacterium cucumeris	1813611	S	5	1	6	0.00001
Chryseobacterium joostei	112234	S	4	1	5	0.00000
Chryseobacterium aureum	2497456	S	4	0	4	0.00000
Chryseobacterium camelliae	1265445	S	4	1	5	0.00000
Chryseobacterium shandongense	1493872	S	4	1	5	0.00000
Chryseobacterium arthrosphaerae	651561	S	3	1	4	0.00000
Chryseobacterium manosquense	2754694	S	2	3	5	0.00000
Chryseobacterium bernardetii	1241978	S	2	2	4	0.00000
Chryseobacterium nakagawai	1241982	S	1	1	2	0.00000
Kaistella jeonii	266749	S	12	0	12	0.00001
Kaistella flava (ex Peng et al. 2021)	2038776	S	6	0	6	0.00001
Chryseobacterium haifense	421525	S	5	7	12	0.00001
Kaistella carnis	1241979	S	4	0	4	0.00000
Kaistella daneshvariae	2487074	S	4	0	4	0.00000
Kaistella antarctica	266748	S	3	0	3	0.00000
Epilithonimonas vandammei	2487072	S	23	21	44	0.00004
Chryseobacterium lactis	1241981	S	9	4	13	0.00001
Chryseobacterium taklimakanense	536441	S	1	0	1	0.00000
Elizabethkingia bruuniana	1756149	S	19	49	68	0.00006
Elizabethkingia miricola	172045	S	5	4	9	0.00001
Elizabethkingia anophelis	1117645	S	4	4	8	0.00001
Elizabethkingia sp. JS20170427COW	2583851	S	2	0	2	0.00000
Elizabethkingia meningoseptica	238	S	1	0	1	0.00000
Cloacibacterium normanense	237258	S	28	2	30	0.00003
Empedobacter brevis	247	S	8	2	10	0.00001
Empedobacter falsenii	343874	S	6	3	9	0.00001
Empedobacter stercoris	1628248	S	1	0	1	0.00000
Apibacter raozihei	2500547	S	4	0	4	0.00000
Apibacter sp. B3706	2656760	S	1	1	2	0.00000
Weeksella virosa	1014	S	4	0	4	0.00000
Riemerella anatipestifer	34085	S	4	2	6	0.00001
Cruoricaptor ignavus	1118202	S	3	0	3	0.00000
Ornithobacterium rhinotracheale	28251	S	2	0	2	0.00000
Blattabacterium cuenoti	1653831	S	30	3	33	0.00003
Blattabacterium sp. (Blaberus giganteus)	1186051	S	2	0	2	0.00000
Blattabacterium sp. (Cryptocercus kyebangensis)	298656	S	1	0	1	0.00000
Blattabacterium sp. (Blattella germanica)	624186	S	1	0	1	0.00000
Blattabacterium sp. DPU	2715232	S	1	0	1	0.00000
Fluviicola taffensis	191579	S	18	0	18	0.00002
Owenweeksia hongkongensis	253245	S	3	1	4	0.00000
Croceimicrobium hydrocarbonivorans	2761580	S	2	1	3	0.00000
Candidatus Sulcia muelleri	336810	S	4	0	4	0.00000
Ichthyobacterium seriolicida	242600	S	1	0	1	0.00000
Bacteroides uniformis	820	S	128	98	226	0.00020
Bacteroides thetaiotaomicron	818	S	110	13	123	0.00011
Bacteroides sp. HF-5287	2650157	S	11	1	12	0.00001
Bacteroides sp. HF-5141	2650158	S	9	1	10	0.00001
Bacteroides sp. CACC 737	2755405	S	9	19	28	0.00002
Bacteroides sp. M10	2763022	S	5	2	7	0.00001
Bacteroides sp. HF-162	2785531	S	5	15	20	0.00002
Bacteroides sp. CBA7301	2715212	S	4	0	4	0.00000
Bacteroides sp. A1C1	2528203	S	3	8	11	0.00001
Bacteroides ovatus	28116	S	61	46	107	0.00010
Bacteroides cellulosilyticus	246787	S	51	3	54	0.00005
Bacteroides fragilis	817	S	47	39	86	0.00008
Bacteroides xylanisolvens	371601	S	43	39	82	0.00007
Bacteroides caccae	47678	S	23	0	23	0.00002
Bacteroides eggerthii	28111	S	21	3	24	0.00002
Bacteroides helcogenes	290053	S	7	0	7	0.00001
Bacteroides intestinalis	329854	S	4	0	4	0.00000
Bacteroides caecimuris	1796613	S	3	0	3	0.00000
Bacteroides heparinolyticus	28113	S	2	0	2	0.00000
Bacteroides coprosuis	151276	S	2	0	2	0.00000
Phocaeicola vulgatus	821	S	305	106	411	0.00037
Phocaeicola dorei	357276	S	165	66	231	0.00021
Phocaeicola coprophilus	387090	S	12	2	14	0.00001
Phocaeicola salanitronis	376805	S	2	0	2	0.00000
Prevotella copri	165179	S	157	25	182	0.00016
Prevotella sp. WR041	2801997	S	17	0	17	0.00002
Prevotella sp. oral taxon 299	652716	S	1	0	1	0.00000
Prevotella intermedia	28131	S	7	0	7	0.00001
Prevotella dentalis	52227	S	4	0	4	0.00000
Prevotella jejuni	1177574	S	4	0	4	0.00000
Prevotella ruminicola	839	S	3	0	3	0.00000
Prevotella oris	28135	S	3	0	3	0.00000
Prevotella denticola	28129	S	2	0	2	0.00000
Prevotella melaninogenica	28132	S	2	0	2	0.00000
Prevotella enoeca	76123	S	2	0	2	0.00000
Prevotella fusca	589436	S	2	0	2	0.00000
Prevotella scopos	589437	S	1	0	1	0.00000
Paraprevotella xylaniphila	454155	S	5	0	5	0.00000
Alloprevotella sp. E39	2133944	S	2	0	2	0.00000
Parabacteroides distasonis	823	S	40	61	101	0.00009
Parabacteroides goldsteinii	328812	S	2	0	2	0.00000
Parabacteroides sp. CT06	2025876	S	2	26	28	0.00002
Tannerella sp. oral taxon HOT-286	712710	S	7	0	7	0.00001
Tannerella forsythia	28112	S	3	-3	0	0.00000
Alistipes onderdonkii	328813	S	37	1	38	0.00003
Alistipes shahii	328814	S	17	1	18	0.00002
Alistipes communis	2585118	S	10	1	11	0.00001
Alistipes finegoldii	214856	S	5	0	5	0.00000
Alistipes dispar	2585119	S	4	0	4	0.00000
Alistipes indistinctus	626932	S	3	0	3	0.00000
Alistipes sp. dk3624	2662363	S	1	0	1	0.00000
Odoribacter splanchnicus	28118	S	11	0	11	0.00001
Butyricimonas virosa	544645	S	6	0	6	0.00001
Butyricimonas faecalis	2093856	S	4	1	5	0.00000
Proteiniphilum saccharofermentans	1642647	S	8	0	8	0.00001
Dysgonomonas sp. HDW5A	2714926	S	2	2	4	0.00000
Petrimonas mucosa	1642646	S	1	0	1	0.00000
Paludibacter propionicigenes	185300	S	13	0	13	0.00001
Coprobacter sp. 2CBH44	2751153	S	10	1	11	0.00001
Barnesiella viscericola	397865	S	2	0	2	0.00000
Muribaculum intestinale	1796646	S	4	0	4	0.00000
Muribaculum gordoncarteri	2530390	S	1	0	1	0.00000
Sodaliphilus pleomorphus	2606626	S	5	0	5	0.00000
Porphyromonas asaccharolytica	28123	S	2	0	2	0.00000
Porphyromonas gingivalis	837	S	1	0	1	0.00000
Salinivirga cyanobacteriivorans	1307839	S	3	0	3	0.00000
Tenuifilum thalassicum	2590900	S	1	0	1	0.00000
Draconibacterium orientale	1168034	S	6	0	6	0.00001
Draconibacterium sp. M1	2706887	S	2	0	2	0.00000
Alkalitalea saponilacus	889453	S	5	0	5	0.00000
Labilibaculum antarcticum	1717717	S	3	0	3	0.00000
Pedobacter sp. HDW13	2714940	S	33	3	36	0.00003
Pedobacter sp. G11	2482728	S	30	3	33	0.00003
Pedobacter sp. KBS0701	2578106	S	29	5	34	0.00003
Pedobacter sp. SW-16	2766984	S	17	2	19	0.00002
Pedobacter sp. CJ43	2605747	S	12	0	12	0.00001
Pedobacter sp. JBR3-12	2789740	S	12	0	12	0.00001
Pedobacter sp. eg	2201271	S	11	0	11	0.00001
Pedobacter sp. PACM 27299	1727164	S	4	0	4	0.00000
Pedobacter roseus	336820	S	49	12	61	0.00005
Pedobacter heparinus	984	S	13	0	13	0.00001
Pedobacter cryoconitis	188932	S	11	0	11	0.00001
Pedobacter suwonensis	332999	S	11	1	12	0.00001
Pedobacter ginsengisoli	363852	S	6	0	6	0.00001
Pedobacter steynii	430522	S	4	0	4	0.00000
Sphingobacterium sp. UDSM-2020	2795738	S	40	4	44	0.00004
Sphingobacterium sp. ML3W	1538644	S	23	2	25	0.00002
Sphingobacterium sp. DR205	2713573	S	4	0	4	0.00000
Sphingobacterium sp. 21	743722	S	3	20	23	0.00002
Sphingobacterium sp. G1-14	2003121	S	2	4	6	0.00001
Sphingobacterium sp. dk4302	2662364	S	1	0	1	0.00000
Sphingobacterium multivorum	28454	S	19	17	36	0.00003
Sphingobacterium spiritivorum	258	S	8	2	10	0.00001
Sphingobacterium mizutaii	1010	S	7	0	7	0.00001
Sphingobacterium daejeonense	371142	S	4	0	4	0.00000
Sphingobacterium lactis	797291	S	3	0	3	0.00000
Sphingobacterium thalpophilum	259	S	2	0	2	0.00000
Sphingobacterium siyangense	459529	S	2	4	6	0.00001
Sphingobacterium psychroaquaticum	561061	S	2	0	2	0.00000
Sphingobacterium hotanense	649196	S	1	0	1	0.00000
Mucilaginibacter celer	2305508	S	21	0	21	0.00002
Mucilaginibacter ginsenosidivorax	862126	S	20	0	20	0.00002
Mucilaginibacter xinganensis	1234841	S	15	0	15	0.00001
Mucilaginibacter sp. 14171R-50	2703789	S	11	0	11	0.00001
Mucilaginibacter sp. F39-2	2728022	S	1	0	1	0.00000
Mucilaginibacter ginkgonis	2682091	S	10	0	10	0.00001
Mucilaginibacter mali	2740462	S	9	0	9	0.00001
Mucilaginibacter mallensis	652787	S	8	0	8	0.00001
Mucilaginibacter gotjawali	1550579	S	8	0	8	0.00001
Mucilaginibacter rubeus	2027860	S	8	18	26	0.00002
Mucilaginibacter ginsenosidivorans	398053	S	4	0	4	0.00000
Mucilaginibacter gossypii	551996	S	4	2	6	0.00001
Mucilaginibacter paludis	423351	S	1	0	1	0.00000
Solitalea canadensis	995	S	10	0	10	0.00001
Pseudopedobacter saltans	151895	S	5	1	6	0.00001
Anseongella ginsenosidimutans	496056	S	1	0	1	0.00000
Spirosoma sp. KUDC1026	2745947	S	18	0	18	0.00002
Spirosoma sp. PL0136	2710596	S	14	1	15	0.00001
Spirosoma sp. KCTC 42546	2520506	S	9	0	9	0.00001
Spirosoma sp. CJU-R4	2728024	S	3	0	3	0.00000
Spirosoma pollinicola	2057025	S	27	0	27	0.00002
Spirosoma rigui	564064	S	5	0	5	0.00000
Spirosoma radiotolerans	1379870	S	4	0	4	0.00000
Spirosoma aureum	2692134	S	4	1	5	0.00000
Spirosoma montaniterrae	1178516	S	2	0	2	0.00000
Spirosoma aerolatum	1211326	S	2	0	2	0.00000
Spirosoma endbachense	2666025	S	2	0	2	0.00000
Spirosoma taeanense	2735870	S	2	0	2	0.00000
Runella sp. HYN0085	2259595	S	21	2	23	0.00002
Runella sp. SP2	2268026	S	10	0	10	0.00001
Runella slithyformis	106	S	21	2	23	0.00002
Aquirufa nivalisilvae	2516557	S	19	1	20	0.00002
Cytophaga hutchinsonii	985	S	11	0	11	0.00001
Dyadobacter sp. Q3-56	2747268	S	4	0	4	0.00000
Dyadobacter fermentans	94254	S	3	0	3	0.00000
Fibrella aestuarina	651143	S	3	0	3	0.00000
Fibrella sp. ES10-3-2-2	1834519	S	3	0	3	0.00000
Rhodocytophaga rosea	2704465	S	6	0	6	0.00001
Arcticibacterium luteifluviistationis	1784714	S	6	0	6	0.00001
Leadbetterella byssophila	316068	S	5	1	6	0.00001
Hymenobacter sp. APR13	1356852	S	6	3	9	0.00001
Hymenobacter sp. PAMC 26554	1484116	S	6	0	6	0.00001
Hymenobacter sp. DG01	2584940	S	4	1	5	0.00000
Hymenobacter sp. NBH84	2596915	S	4	0	4	0.00000
Hymenobacter sp. BRD67	2675877	S	4	1	5	0.00000
Hymenobacter sp. DG25A	1385663	S	3	0	3	0.00000
Hymenobacter sp. TS19	2735321	S	3	0	3	0.00000
Hymenobacter sp. PAMC 26628	1484118	S	2	0	2	0.00000
Hymenobacter sp. HDW8	2714932	S	1	2	3	0.00000
Hymenobacter sp. S2-20-2	2761579	S	1	0	1	0.00000
Hymenobacter busanensis	2607656	S	6	0	6	0.00001
Hymenobacter sedentarius	1411621	S	5	0	5	0.00000
Hymenobacter qilianensis	1385715	S	2	0	2	0.00000
Hymenobacter swuensis	1446467	S	2	0	2	0.00000
Hymenobacter baengnokdamensis	2615203	S	2	1	3	0.00000
Hymenobacter oligotrophus	2319843	S	1	0	1	0.00000
Hymenobacter russus	2724192	S	1	0	1	0.00000
Adhaeribacter swui	2086471	S	13	1	14	0.00001
Adhaeribacter radiodurans	2745197	S	5	0	5	0.00000
Pontibacter sp. SGAir0037	2571030	S	7	0	7	0.00001
Pontibacter korlensis	400092	S	5	0	5	0.00000
Pontibacter akesuensis	388950	S	2	0	2	0.00000
Pontibacter pudoricolor	2694930	S	2	0	2	0.00000
Pontibacter russatus	2694929	S	1	0	1	0.00000
Rufibacter sp. DG15C	1379909	S	6	2	8	0.00001
Rufibacter tibetensis	512763	S	2	0	2	0.00000
Rufibacter radiotolerans	1379910	S	1	0	1	0.00000
Nibribacter ruber	2698458	S	2	0	2	0.00000
Algoriphagus sp. Y33	2772483	S	7	0	7	0.00001
Algoriphagus sanaruensis	1727163	S	4	0	4	0.00000
Algoriphagus machipongonensis	388413	S	3	0	3	0.00000
Aquiflexum balticum	280473	S	9	0	9	0.00001
Belliella baltica	232259	S	8	2	10	0.00001
Echinicola sp. 20G	2781961	S	4	0	4	0.00000
Echinicola sp. LN3S3	2591634	S	2	0	2	0.00000
Echinicola strongylocentroti	1795355	S	1	0	1	0.00000
Echinicola rosea	1807691	S	1	0	1	0.00000
Cyclobacterium marinum	104	S	2	0	2	0.00000
Cyclobacterium amurskyense	320787	S	1	0	1	0.00000
Flammeovirga pectinis	2494373	S	8	0	8	0.00001
Flammeovirga sp. MY04	1191459	S	6	0	6	0.00001
Bernardetia litoralis	999	S	11	0	11	0.00001
Fulvivirga sp. S481	2810512	S	7	0	7	0.00001
Chryseolinea soli	2321403	S	1	0	1	0.00000
Roseivirga pacifica	1267423	S	5	0	5	0.00000
Cardinium endosymbiont of Sogatella furcifera	650378	S	1	2	3	0.00000
Candidatus Amoebophilus asiaticus	281120	S	1	0	1	0.00000
Marivirga tractuosa	1006	S	3	1	4	0.00000
Chitinophaga sp. MD30	2033437	S	2	0	2	0.00000
Chitinophaga sp. XS-30	2604421	S	1	0	1	0.00000
Chitinophaga sp. 1303	2725414	S	1	4	5	0.00000
Chitinophaga sp. 1310	2725416	S	1	4	5	0.00000
Chitinophaga pinensis	79329	S	5	0	5	0.00000
Chitinophaga agri	2703787	S	3	0	3	0.00000
Chitinophaga caeni	2029983	S	2	0	2	0.00000
Chitinophaga alhagiae	2203219	S	1	0	1	0.00000
Arachidicoccus sp. B3-10	2545455	S	9	0	9	0.00001
Arachidicoccus sp. BS20	1850526	S	4	0	4	0.00000
Arachidicoccus soli	2341117	S	6	0	6	0.00001
Arachidicoccus ginsenosidivorans	496057	S	3	0	3	0.00000
Flavisolibacter tropicus	1492898	S	9	2	11	0.00001
Flavisolibacter ginsenosidimutans	661481	S	5	0	5	0.00000
Lacibacter sp. S13-6-6	2760713	S	13	0	13	0.00001
Panacibacter ginsenosidivorans	1813871	S	11	0	11	0.00001
Flavihumibacter sp. SB-02	2676868	S	10	1	11	0.00001
Paraflavitalea soli	2315862	S	10	1	11	0.00001
Niastella koreensis	354356	S	9	1	10	0.00001
Niabella soli	446683	S	6	0	6	0.00001
Niabella ginsenosidivorans	1176587	S	3	0	3	0.00000
Pseudocnuella soli	2502779	S	6	1	7	0.00001
Filimonas lacunae	477680	S	5	1	6	0.00001
Pseudobacter ginsenosidimutans	661488	S	3	0	3	0.00000
Haliscomenobacter hydrossis	2350	S	20	0	20	0.00002
Saprospira grandis	1008	S	5	0	5	0.00000
Salinibacter ruber	146919	S	8	0	8	0.00001
Rhodothermus marinus	29549	S	1	0	1	0.00000
Chlorobium phaeobacteroides	1096	S	6	1	7	0.00001
Chlorobium chlorochromatii	337090	S	5	0	5	0.00000
Chlorobium limicola	1092	S	2	0	2	0.00000
Chlorobium phaeovibrioides	1094	S	1	1	2	0.00000
Pelodictyon phaeoclathratiforme	34090	S	1	0	1	0.00000
Chlorobaculum limnaeum	274537	S	5	0	5	0.00000
Chlorobaculum tepidum	1097	S	1	0	1	0.00000
Chlorobaculum parvum	274539	S	1	0	1	0.00000
Prosthecochloris sp. CIB 2401	1868325	S	2	0	2	0.00000
Prosthecochloris sp. GSB1	281093	S	1	0	1	0.00000
Prosthecochloris sp. HL-130-GSB	1974213	S	1	0	1	0.00000
Prosthecochloris aestuarii	1102	S	1	0	1	0.00000
Ignavibacterium album	591197	S	1	0	1	0.00000
Melioribacter roseus	1134405	S	1	0	1	0.00000
Gemmatimonas phototrophica	1379270	S	18	1	19	0.00002
Gemmatimonas sp. TET16	2732249	S	14	1	15	0.00001
Gemmatimonas aurantiaca	173480	S	6	0	6	0.00001
Gemmatirosa kalamazoonesis	861299	S	12	1	13	0.00001
Candidatus Cloacimonas acidaminovorans	456827	S	16	0	16	0.00001
Fibrobacter succinogenes	833	S	2	0	2	0.00000
Limnoglobus roseus	2598579	S	126	4	130	0.00012
Gemmata obscuriglobus	114	S	31	2	33	0.00003
Gemmata massiliana	1210884	S	15	12	27	0.00002
Gemmata sp. SH-PL17	1630693	S	6	5	11	0.00001
Urbifossiella limnaea	2528023	S	58	3	61	0.00005
Frigoriglobus tundricola	2774151	S	42	5	47	0.00004
Tuwongella immobilis	692036	S	5	0	5	0.00000
Pirellula sp. SH-Sr6A	1632865	S	19	0	19	0.00002
Pirellula staleyi	125	S	8	0	8	0.00001
Anatilimnocola aggregata	2528021	S	22	2	24	0.00002
Rosistilla carotiformis	2528017	S	9	1	10	0.00001
Rosistilla oblonga	2527990	S	2	0	2	0.00000
Roseimaritima ulvae	980254	S	11	0	11	0.00001
Bremerella volcania	2527984	S	9	0	9	0.00001
Lignipirellula cremea	2528010	S	9	1	10	0.00001
Stieleria neptunia	2527979	S	5	0	5	0.00000
Stieleria maiorica	2795974	S	2	0	2	0.00000
Aureliella helgolandensis	2527968	S	4	0	4	0.00000
Rhodopirellula baltica	265606	S	2	0	2	0.00000
Mariniblastus fucicola	980251	S	1	0	1	0.00000
Lacipirellula limnantheis	2528024	S	24	4	28	0.00002
Lacipirellula parvula	2650471	S	16	2	18	0.00002
Botrimarina mediterranea	2528022	S	8	0	8	0.00001
Aeoliella mucimassa	2527972	S	5	0	5	0.00000
Pirellulimonas nuda	2528009	S	4	0	4	0.00000
Bythopirellula goksoyri	1400387	S	1	0	1	0.00000
Thermogutta terrifontis	1331910	S	6	0	6	0.00001
Gimesia panareensis	2527978	S	8	1	9	0.00001
Gimesia alba	2527973	S	5	1	6	0.00001
Gimesia fumaroli	2527976	S	4	1	5	0.00000
Gimesia aquarii	2527964	S	3	0	3	0.00000
Gimesia maris	122	S	2	0	2	0.00000
Gimesia algae	2527971	S	1	0	1	0.00000
Gimesia chilikensis	2605989	S	1	0	1	0.00000
Gimesia benthica	2608982	S	1	2	3	0.00000
Planctomyces sp. SH-PL62	1636152	S	16	6	22	0.00002
Planctomyces sp. SH-PL14	1632864	S	12	0	12	0.00001
Alienimonas californiensis	2527989	S	11	0	11	0.00001
Maioricimonas rarisocia	2528026	S	11	1	12	0.00001
Planctopirus limnophila	120	S	5	0	5	0.00000
Planctopirus ephydatiae	2528019	S	3	0	3	0.00000
Polystyrenella longa	2528007	S	8	0	8	0.00001
Caulifigura coniformis	2527983	S	6	0	6	0.00001
Crateriforma conspicua	2527996	S	5	1	6	0.00001
Symmachiella dynata	2527995	S	4	0	4	0.00000
Calycomorphotria hydatis	2528027	S	3	0	3	0.00000
Fuerstia marisgermanicae	1891926	S	2	0	2	0.00000
Rubinisphaera brasiliensis	119	S	1	0	1	0.00000
Paludisphaera borealis	1387353	S	20	5	25	0.00002
Singulisphaera acidiphila	466153	S	17	3	20	0.00002
Aquisphaera giovannonii	406548	S	17	2	19	0.00002
Tautonia plasticadhaerens	2527974	S	14	0	14	0.00001
Isosphaera pallida	128	S	3	0	3	0.00000
Humisphaera borealis	2807512	S	22	0	22	0.00002
Phycisphaera mikurensis	547188	S	4	0	4	0.00000
Poriferisphaera corsica	2528020	S	4	0	4	0.00000
Sedimentisphaera salicampi	1941349	S	1	0	1	0.00000
Candidatus Kuenenia stuttgartiensis	174633	S	6	0	6	0.00001
Lacunisphaera limnophila	1838286	S	115	9	124	0.00011
Opitutus sp. GAS368	1882749	S	57	4	61	0.00005
Opitutus terrae	107709	S	20	0	20	0.00002
Nibricoccus aquaticus	2576891	S	19	0	19	0.00002
Ereboglobus luteus	1796921	S	10	0	10	0.00001
Coraliomargarita akajimensis	395922	S	2	0	2	0.00000
Luteolibacter luteus	2728835	S	33	2	35	0.00003
Verrucomicrobium spinosum	2736	S	23	14	37	0.00003
Verrucomicrobium sp. GAS474	1882831	S	6	0	6	0.00001
Roseimicrobium sp. ORNL1	2711231	S	14	3	17	0.00002
Akkermansia muciniphila	239935	S	14	2	16	0.00001
Akkermansia glycaniphila	1679444	S	3	0	3	0.00000
Candidatus Xiphinematobacter sp. Idaho Grape	1704307	S	4	0	4	0.00000
Methylacidimicrobium sp. AP8	2730359	S	2	0	2	0.00000
Methylacidimicrobium sp. B4	2796139	S	1	0	1	0.00000
Candidatus Protochlamydia naegleriophila	389348	S	5	1	6	0.00001
Candidatus Protochlamydia amoebophila	362787	S	4	0	4	0.00000
Parachlamydia acanthamoebae	83552	S	7	1	8	0.00001
Neochlamydia sp. S13	1353976	S	2	0	2	0.00000
Waddlia chondrophila	71667	S	4	0	4	0.00000
Simkania negevensis	83561	S	2	0	2	0.00000
Chlamydia abortus	83555	S	1	0	1	0.00000
Chlamydia pneumoniae	83558	S	1	0	1	0.00000
Chlamydia suis	83559	S	1	0	1	0.00000
Chlamydia gallinacea	1457153	S	1	0	1	0.00000
Kiritimatiella glycovorans	1307763	S	7	4	11	0.00001
Candidatus Vampirococcus archaeovorus	1930593	S	1	0	1	0.00000
Granulicella sp. 5B5	1617967	S	8	1	9	0.00001
Granulicella sp. WH15	2602070	S	8	1	9	0.00001
Granulicella tundricola	940615	S	5	0	5	0.00000
Granulicella mallensis	940614	S	3	0	3	0.00000
Acidisarcina polymorpha	2211140	S	9	0	9	0.00001
Terriglobus roseus	392734	S	4	0	4	0.00000
Terriglobus albidus	1592106	S	2	0	2	0.00000
Terriglobus saanensis	870903	S	1	0	1	0.00000
Candidatus Koribacter versatilis	658062	S	5	0	5	0.00000
Acidobacterium sp. 4Y35	2763107	S	3	0	3	0.00000
Edaphobacter sp. 12200R-103	2703788	S	1	0	1	0.00000
Candidatus Solibacter usitatus	332163	S	9	0	9	0.00001
Paludibaculum fermentans	1473598	S	8	0	8	0.00001
Luteitalea pratensis	1855912	S	18	0	18	0.00002
Chloracidobacterium thermophilum	458033	S	1	0	1	0.00000
Treponema caldarium	215591	S	8	0	8	0.00001
Treponema pedis	409322	S	3	0	3	0.00000
Treponema socranskii	53419	S	2	1	3	0.00000
Treponema medium	58231	S	2	1	3	0.00000
Treponema azotonutricium	150829	S	2	0	2	0.00000
Treponema phagedenis	162	S	1	0	1	0.00000
Treponema brennaborense	81028	S	1	0	1	0.00000
Treponema primitia	88058	S	1	0	1	0.00000
Treponema ruminis	744515	S	1	0	1	0.00000
Treponema sp. Marseille-Q4132	2766701	S	1	0	1	0.00000
Sphaerochaeta globosa	1131703	S	11	1	12	0.00001
Sphaerochaeta pleomorpha	1131707	S	2	0	2	0.00000
Spirochaeta thermophila	154	S	1	-1	0	0.00000
Spirochaeta africana	46355	S	1	0	1	0.00000
Salinispira pacifica	1307761	S	2	0	2	0.00000
Sediminispirochaeta smaragdinae	55206	S	2	0	2	0.00000
Thiospirochaeta perfilievii	252967	S	1	0	1	0.00000
Borreliella burgdorferi	139	S	2	0	2	0.00000
Borreliella afzelii	29518	S	1	0	1	0.00000
Borreliella garinii	29519	S	1	0	1	0.00000
Borreliella valaisiana	62088	S	1	-1	0	0.00000
Borreliella bissettiae	64897	S	1	0	1	0.00000
Candidatus Borrelia tachyglossi	1964448	S	1	0	1	0.00000
Borrelia hermsii	140	S	1	0	1	0.00000
Borrelia parkeri	141	S	1	0	1	0.00000
Borrelia anserina	143	S	1	-1	0	0.00000
Borrelia duttonii	40834	S	1	0	1	0.00000
Leptospira interrogans	173	S	3	0	3	0.00000
Leptospira tipperaryensis	2564040	S	2	0	2	0.00000
Leptospira santarosai	28183	S	1	1	2	0.00000
Leptospira kmetyi	408139	S	1	0	1	0.00000
Turneriella parva	29510	S	3	0	3	0.00000
Brachyspira murdochii	84378	S	3	0	3	0.00000
Brachyspira hampsonii	1287055	S	2	0	2	0.00000
Brachyspira pilosicoli	52584	S	1	-1	0	0.00000
Brachyspira intermedia	84377	S	1	0	1	0.00000
Leptotrichia trevisanii	109328	S	3	1	4	0.00000
Leptotrichia wadei	157687	S	3	1	4	0.00000
Leptotrichia sp. oral taxon 498	712368	S	3	1	4	0.00000
Leptotrichia shahii	157691	S	1	0	1	0.00000
Leptotrichia hongkongensis	554406	S	1	0	1	0.00000
Sebaldella termitidis	826	S	4	0	4	0.00000
Sneathia vaginalis	187101	S	3	0	3	0.00000
Streptobacillus moniliformis	34105	S	1	0	1	0.00000
Pseudoleptotrichia goodfellowii	157692	S	1	0	1	0.00000
Fusobacterium ulcerans	861	S	5	1	6	0.00001
Fusobacterium mortiferum	850	S	3	0	3	0.00000
Fusobacterium varium	856	S	3	0	3	0.00000
Fusobacterium nucleatum	851	S	2	1	3	0.00000
Fusobacterium hwasookii	1583098	S	2	2	4	0.00000
Fusobacterium gonidiaformans	849	S	1	0	1	0.00000
Fusobacterium pseudoperiodonticum	2663009	S	1	1	2	0.00000
Ilyobacter polytropus	167642	S	1	0	1	0.00000
Candidatus Saccharimonas aalborgensis	1332188	S	19	1	20	0.00002
Candidatus Chazhemtobacterium aquaticus	2715735	S	6	0	6	0.00001
Candidatus Babela massiliensis	673862	S	4	0	4	0.00000
Candidatus Bipolaricaulis anaerobius	2026885	S	1	0	1	0.00000
Cloacibacillus porcorum	1197717	S	8	0	8	0.00001
Aminomonas paucivorans	81412	S	1	0	1	0.00000
Thermanaerovibrio acidaminovorans	81462	S	1	0	1	0.00000
Aminobacterium colombiense	81468	S	1	0	1	0.00000
Jonquetella anthropi	428712	S	1	0	1	0.00000
Fretibacterium fastidiosum	651822	S	1	0	1	0.00000
Nitrospira sp. KM1	1936990	S	5	1	6	0.00001
Nitrospira japonica	1325564	S	2	0	2	0.00000
Nitrospira moscoviensis	42253	S	1	0	1	0.00000
Dissulfurispira thermophila	2715679	S	2	0	2	0.00000
Fervidobacterium nodosum	2424	S	2	0	2	0.00000
Fervidobacterium pennivorans	93466	S	2	0	2	0.00000
Thermosipho sp. FR-w03	2814656	S	2	0	2	0.00000
Petrotoga mobilis	69499	S	1	0	1	0.00000
Thermosulfidibacter takaii	412593	S	4	0	4	0.00000
Sulfurihydrogenibium sp. YO3AOP1	436114	S	2	0	2	0.00000
Sulfurihydrogenibium azorense	309806	S	1	0	1	0.00000
Thermocrinis ruber	75906	S	1	0	1	0.00000
Candidatus Endomicrobium trichonymphae	1408204	S	1	0	1	0.00000
Endomicrobium proavitum	1408281	S	1	0	1	0.00000
Elusimicrobium minutum	423605	S	1	0	1	0.00000
Deferribacter desulfuricans	197162	S	2	0	2	0.00000
Calditerrivibrio nitroreducens	477976	S	1	0	1	0.00000
Thermodesulfobacterium geofontis	1295609	S	2	0	2	0.00000
Thermosulfuriphilus ammonigenes	1936021	S	1	0	1	0.00000
Desulfurispirillum indicum	936456	S	2	0	2	0.00000
Coprothermobacter proteolyticus	35786	S	2	0	2	0.00000
Methanosarcina mazei	2209	S	13	0	13	0.00001
Methanosarcina barkeri	2208	S	9	0	9	0.00001
Methanosarcina sp. Kolksee	1434099	S	3	10	13	0.00001
Methanosarcina sp. MTP4	1434100	S	1	1	2	0.00000
Methanosarcina horonobensis	418008	S	4	0	4	0.00000
Methanosarcina acetivorans	2214	S	3	0	3	0.00000
Methanosarcina flavescens	1715806	S	2	0	2	0.00000
Methanosarcina vacuolata	2215	S	1	3	4	0.00000
Methanolobus zinderi	536044	S	1	0	1	0.00000
Methanosalsum zhilinae	39669	S	1	0	1	0.00000
Methanothrix soehngenii	2223	S	41	0	41	0.00004
Methanoculleus bourgensis	83986	S	4	0	4	0.00000
Methanoculleus marisnigri	2198	S	1	0	1	0.00000
Methanofollis liminatans	2201	S	3	0	3	0.00000
Methanoplanus limicola	2315	S	1	0	1	0.00000
Methanoregula formicica	882104	S	5	0	5	0.00000
Methanoregula boonei	358766	S	2	0	2	0.00000
Methanosphaerula palustris	475088	S	2	0	2	0.00000
Methanocella conradii	1175444	S	2	0	2	0.00000
Methanocella arvoryzae	1175445	S	1	0	1	0.00000
Natrialba magadii	13769	S	13	3	16	0.00001
Haloterrigena turkmenica	62320	S	1	0	1	0.00000
Haloterrigena daqingensis	588898	S	1	0	1	0.00000
Haloterrigena sp. YPL8	1699371	S	1	0	1	0.00000
Natronococcus occultus	29288	S	2	0	2	0.00000
Natrinema pallidum	69527	S	1	0	1	0.00000
Natrinema sp. YPL30	1710539	S	1	0	1	0.00000
Halovivax ruber	387341	S	1	0	1	0.00000
Natrarchaeobaculum sulfurireducens	2044521	S	1	0	1	0.00000
Haloarcula marismortui	2238	S	1	0	1	0.00000
Haloarcula taiwanensis	1932004	S	1	0	1	0.00000
Halosimplex litoreum	1198301	S	2	0	2	0.00000
Halorientalis sp. IM1011	1932360	S	2	0	2	0.00000
Natronomonas moolapensis	416273	S	1	0	1	0.00000
Halorhabdus tiamatea	430914	S	1	0	1	0.00000
Halobacterium hubeiense	1407499	S	2	0	2	0.00000
Halalkalicoccus jeotgali	413810	S	2	0	2	0.00000
Halodesulfurarchaeum formicicum	1873524	S	2	0	2	0.00000
Salarchaeum sp. JOR-1	2599399	S	1	0	1	0.00000
Halorubrum trapanicum	29284	S	2	0	2	0.00000
Halorubrum sp. PV6	634157	S	1	0	1	0.00000
Halorubrum sp. CBA1229	1853699	S	1	0	1	0.00000
Halorubrum lacusprofundi	2247	S	1	0	1	0.00000
Halolamina sp. CBA1230	1853690	S	2	0	2	0.00000
Salinigranum rubrum	755307	S	1	0	1	0.00000
Halogeometricum borinquense	60847	S	1	0	1	0.00000
Haloplanus rubicundus	1547898	S	1	0	1	0.00000
Halalkaliarchaeum desulfuricum	2055893	S	1	0	1	0.00000
Methanobrevibacter smithii	2173	S	10	0	10	0.00001
Methanobrevibacter millerae	230361	S	7	0	7	0.00001
Methanobrevibacter olleyae	294671	S	5	0	5	0.00000
Methanobrevibacter sp. YE315	1609968	S	2	0	2	0.00000
Methanobacterium lacus	877455	S	8	0	8	0.00001
Methanobacterium paludis	868131	S	5	0	5	0.00000
Methanobacterium sp. MZ-A1	1911685	S	1	1	2	0.00000
Methanothermobacter sp. THM-1	2606911	S	3	0	3	0.00000
Methanothermobacter thermautotrophicus	145262	S	1	0	1	0.00000
Methanosphaera stadtmanae	2317	S	1	0	1	0.00000
Methanococcus vannielii	2187	S	3	0	3	0.00000
Methanococcus maripaludis	39152	S	1	0	1	0.00000
Methanococcus aeolicus	42879	S	1	0	1	0.00000
Methanocaldococcus vulcanius	73913	S	1	0	1	0.00000
Thermococcus litoralis	2265	S	2	0	2	0.00000
Thermococcus sp. AM4	246969	S	1	0	1	0.00000
Thermococcus onnurineus	342948	S	1	0	1	0.00000
Thermococcus siculi	72803	S	1	0	1	0.00000
Thermococcus barophilus	55802	S	1	0	1	0.00000
Thermococcus profundus	49899	S	1	0	1	0.00000
Pyrococcus yayanosii	1008460	S	4	0	4	0.00000
Archaeoglobus profundus	84156	S	1	0	1	0.00000
Candidatus Nitrosotalea okcheonensis	1903276	S	14	0	14	0.00001
Candidatus Nitrosopelagicus brevis	1410606	S	2	0	2	0.00000
Candidatus Nitrosotenuis cloacae	1603555	S	1	0	1	0.00000
Nitrosopumilus ureiphilus	1470067	S	1	0	1	0.00000
Candidatus Nitrosopumilus sp. SW	2508726	S	1	0	1	0.00000
Nitrosarchaeum sp. AC2	2259673	S	2	1	3	0.00000
Candidatus Nitrosocosmicus oleophilus	1353260	S	2	0	2	0.00000
Candidatus Nitrosocosmicus franklandus	1798806	S	2	0	2	0.00000
Vulcanisaeta moutnovskia	985052	S	1	1	2	0.00000
Thermofilum pendens	2269	S	1	0	1	0.00000
Sulfolobus sp. E5-1-F	2663019	S	1	0	1	0.00000
Sulfurisphaera tokodaii	111955	S	1	0	1	0.00000
Staphylothermus hellenicus	84599	S	1	0	1	0.00000
Aeropyrum pernix	56636	S	1	0	1	0.00000
Candidatus Methanomethylophilus alvus	1291540	S	3	0	3	0.00000
Candidatus Methanomassiliicoccus intestinalis	1406512	S	1	0	1	0.00000
Thermoplasma acidophilum	2303	S	1	0	1	0.00000
Aciduliprofundum boonei	379547	S	1	0	1	0.00000
Candidatus Prometheoarchaeum syntrophicum	2594042	S	1	0	1	0.00000
Flavobacterium phage vB_FspS_filifjonk9-1	2686245	S	9	23	32	0.00003
Flavobacterium phage vB_FspS_mymlan6-1	2686266	S	3	13	16	0.00001
Pseudomonas phage PS-1	1573458	S	3	0	3	0.00000
Flavobacterium phage vB_FspS_hattifnatt9-1	2686246	S	1	0	1	0.00000
Streptomyces phage Gilson	2488789	S	1	0	1	0.00000
Propionibacterium virus PHL116M00	1982288	S	2	0	2	0.00000
Propionibacterium phage QueenBey	1654782	S	1	0	1	0.00000
Propionibacterium virus P91	1982260	S	1	0	1	0.00000
Propionibacterium virus Attacne	1982254	S	1	0	1	0.00000
Mycobacterium phage SweetiePie	1555235	S	2	2	4	0.00000
Pseudomonas virus 73	1921545	S	2	0	2	0.00000
Pseudomonas virus Ab26	1921547	S	1	0	1	0.00000
Mycobacterium phage Yuna	2599885	S	1	1	2	0.00000
Mycobacterium virus Larva	1056831	S	1	0	1	0.00000
Caulobacter virus CcrSC	2734193	S	1	0	1	0.00000
Streptomyces virus TP1604	1982746	S	1	0	1	0.00000
Streptomyces virus YDN12	1982747	S	1	0	1	0.00000
Gordonia virus GAL1	2560493	S	2	0	2	0.00000
Salmonella phage TS13	2500149	S	1	0	1	0.00000
Staphylococcus virus phiMR25	487152	S	1	173	174	0.00015
Dinoroseobacter virus D5C	2560407	S	1	0	1	0.00000
Pseudomonas virus PMBT3	2734251	S	1	0	1	0.00000
Enterococcus virus EF3	2560420	S	1	0	1	0.00000
Salmonella virus Sasha	2734275	S	1	0	1	0.00000
Lactobacillus virus Ld25A	1981024	S	1	0	1	0.00000
Gordonia virus Yvonnetastic	2560514	S	1	0	1	0.00000
Mycobacterium phage ThulaThula	2599880	S	1	0	1	0.00000
Streptomyces phage BRock	1913591	S	2	0	2	0.00000
Alteromonas phage vB_AmeM_PT11-V22	2704031	S	1	0	1	0.00000
Pseudomonas virus PMW	2560676	S	2	0	2	0.00000
Synechococcus virus AC2014fSyn7803C8	2734085	S	2	0	2	0.00000
Escherichia virus APECc02	2560438	S	2	0	2	0.00000
Erwinia virus Ea35-70	1984778	S	1	0	1	0.00000
Synechococcus virus SSKS1	2734116	S	1	0	1	0.00000
Escherichia virus 121Q	2560436	S	1	0	1	0.00000
Ralstonia virus RSL1	1980923	S	1	0	1	0.00000
uncultured crAssphage	1211417	S	10	0	10	0.00001
Rhodoferax phage P26218	1636270	S	2	0	2	0.00000
Streptomyces phage FlowerPower	2182408	S	1	0	1	0.00000
Pseudomonas virus Bjorn	2560658	S	2	0	2	0.00000
Curvibacter virus P26059B	2733926	S	2	0	2	0.00000
Pseudomonas phage PA11	347327	S	1	0	1	0.00000
Saimiriine alphaherpesvirus 1	10353	S	1	0	1	0.00000
Equid alphaherpesvirus 1	10326	S	1	0	1	0.00000
Murid betaherpesvirus 1	10366	S	1	0	1	0.00000
Suid gammaherpesvirus 4	1960250	S	1	0	1	0.00000
Ranid herpesvirus 2	389214	S	1	0	1	0.00000
Paramecium bursaria Chlorella virus A1	381899	S	33	0	33	0.00003
Orpheovirus IHUMI-LCC2	2023057	S	1	0	1	0.00000
Heterosigma akashiwo virus 01	97195	S	1	0	1	0.00000
Invertebrate iridescent virus 31	345199	S	3	0	3	0.00000
Mythimna separata entomopoxvirus	1179664	S	1	0	1	0.00000
African swine fever virus	10497	S	1	0	1	0.00000
Chimeric virus 14	1608440	S	7	0	7	0.00001
Pandoravirus dulcis	1349409	S	1	0	1	0.00000
Salisaeta icosahedral phage 1	1183239	S	1	0	1	0.00000
Mollivirus sibericum	1678078	S	1	0	1	0.00000
Hyphantria cunea nucleopolyhedrovirus	28288	S	5	0	5	0.00000
Spodoptera frugiperda multiple nucleopolyhedrovirus	10455	S	1	0	1	0.00000
Agrotis ipsilon multiple nucleopolyhedrovirus	208013	S	1	0	1	0.00000
Lambdina fiscellaria nucleopolyhedrovirus	1642929	S	1	0	1	0.00000
Mus musculus mobilized endogenous polytropic provirus	590745	S	3	1	4	0.00000
Murine leukemia-related retroviruses	99182	S	2	0	2	0.00000
Murine leukemia virus	11786	S	1	0	1	0.00000
Ophiostoma mitovirus 4	88387	S	1	0	1	0.00000
Heliothis zea nudivirus	29250	S	2	0	2	0.00000
Drosophila innubila nudivirus	2057187	S	1	0	1	0.00000
Cotesia congregata bracovirus	39640	S	1	0	1	0.00000
