name	taxonomy_id	taxonomy_lvl	kraken_assigned_reads	added_reads	new_est_reads	fraction_total_reads
Homo sapiens	9606	S	1290210	989	1291199	0.98632
Variovorax sp. PAMC26660	2762322	S	56	6	62	0.00005
Variovorax sp. PAMC 28711	1795631	S	41	2	43	0.00003
Variovorax sp. 38R	2774875	S	28	21	49	0.00004
Variovorax sp. WDL1	207745	S	17	11	28	0.00002
Variovorax sp. PBS-H4	434008	S	14	4	18	0.00001
Variovorax sp. HW608	1034889	S	14	0	14	0.00001
Variovorax sp. RKNM96	2681552	S	11	2	13	0.00001
Variovorax sp. PBL-H6	434009	S	8	7	15	0.00001
Variovorax sp. RA8	662548	S	8	4	12	0.00001
Variovorax sp. PBL-E5	434014	S	7	14	21	0.00002
Variovorax sp. PAMC28562	2762323	S	7	0	7	0.00001
Variovorax sp. SRS16	282217	S	2	3	5	0.00000
Variovorax sp. PMC12	2126319	S	2	73	75	0.00006
Variovorax sp. PDNC026	2811425	S	1	27	28	0.00002
Variovorax paradoxus	34073	S	131	34	165	0.00013
Variovorax boronicumulans	436515	S	117	67	184	0.00014
Acidovorax sp. KKS102	358220	S	215	57	272	0.00021
Acidovorax sp. JMULE5	2518343	S	159	23	182	0.00014
Acidovorax sp. T1	1858609	S	48	67	115	0.00009
Acidovorax sp. RAC01	1842533	S	41	10	51	0.00004
Acidovorax sp. 1608163	2478662	S	41	4	45	0.00003
Acidovorax sp. JS42	232721	S	3	37	40	0.00003
Acidovorax sp. HDW3	2714923	S	3	0	3	0.00000
Acidovorax carolinensis	553814	S	40	20	60	0.00005
Acidovorax avenae	80867	S	23	8	31	0.00002
Acidovorax antarcticus	2743470	S	12	2	14	0.00001
Acidovorax monticola	1926868	S	11	1	12	0.00001
Acidovorax cattleyae	80868	S	2	1	3	0.00000
Acidovorax citrulli	80869	S	1	0	1	0.00000
Acidovorax ebreus	721785	S	1	7	8	0.00001
Diaphorobacter sp. HDW4A	2714924	S	192	77	269	0.00021
Diaphorobacter sp. HDW4B	2714925	S	7	0	7	0.00001
Diaphorobacter sp. JS3050	2735554	S	2	27	29	0.00002
Diaphorobacter sp. JS3051	2792224	S	1	13	14	0.00001
Diaphorobacter aerolatus	1288495	S	21	12	33	0.00003
Diaphorobacter ruginosibacter	1715720	S	11	0	11	0.00001
Hydrogenophaga sp. PBL-H3	434010	S	18	9	27	0.00002
Hydrogenophaga sp. BPS33	2651974	S	16	5	21	0.00002
Hydrogenophaga sp. RAC07	1842537	S	13	2	15	0.00001
Hydrogenophaga sp. PAMC20947	2565558	S	10	0	10	0.00001
Hydrogenophaga sp. YM1	2806262	S	10	2	12	0.00001
Hydrogenophaga sp. NH-16	2184519	S	9	14	23	0.00002
Hydrogenophaga sp. BA0156	2716225	S	9	2	11	0.00001
Hydrogenophaga sp. PBC	795665	S	7	2	9	0.00001
Hydrogenophaga pseudoflava	47421	S	9	10	19	0.00001
Hydrogenophaga crassostreae	1763535	S	8	0	8	0.00001
Rhodoferax sp. AJA081-3	2752316	S	18	1	19	0.00001
Rhodoferax sp. BAB1	2741720	S	15	2	17	0.00001
Rhodoferax sp. PAMC29310	2822760	S	11	1	12	0.00001
Rhodoferax koreense	1842727	S	37	15	52	0.00004
Rhodoferax sediminis	2509614	S	17	1	18	0.00001
Rhodoferax saidenbachensis	1484693	S	13	1	14	0.00001
Rhodoferax antarcticus	81479	S	7	0	7	0.00001
Rhodoferax ferrireducens	192843	S	5	0	5	0.00000
Comamonas testosteroni	285	S	26	19	45	0.00003
Comamonas aquatica	225991	S	26	5	31	0.00002
Comamonas kerstersii	225992	S	14	2	16	0.00001
Comamonas thiooxydans	363952	S	13	11	24	0.00002
Comamonas piscis	1562974	S	12	1	13	0.00001
Comamonas sp. NLF-7-7	2597701	S	9	1	10	0.00001
Comamonas koreensis	160825	S	5	0	5	0.00000
Comamonas serinivorans	1082851	S	2	0	2	0.00000
Delftia acidovorans	80866	S	18	30	48	0.00004
Delftia lacustris	558537	S	8	39	47	0.00004
Delftia sp. Cs1-4	742013	S	2	5	7	0.00001
Delftia sp. KV29	1170710	S	2	133	135	0.00010
Delftia sp. HK171	1920191	S	2	6	8	0.00001
Delftia tsuruhatensis	180282	S	5	17	22	0.00002
Ottowia oryzae	2109914	S	36	2	38	0.00003
Ottowia sp. 27C	2816950	S	21	1	22	0.00002
Ottowia sp. oral taxon 894	1658672	S	6	0	6	0.00000
Polaromonas sp. JS666	296591	S	14	12	26	0.00002
Polaromonas naphthalenivorans	216465	S	20	2	22	0.00002
Polaromonas vacuolata	37448	S	8	2	10	0.00001
Kinneretia sp. DAIF2	2714952	S	46	7	53	0.00004
Limnohabitans sp. 63ED37-2	1678128	S	34	1	35	0.00003
Limnohabitans sp. 103DPR2	1678129	S	4	0	4	0.00000
Curvibacter sp. AEP1-3	1844971	S	31	0	31	0.00002
Alicycliphilus denitrificans	179636	S	22	17	39	0.00003
Ramlibacter tataouinensis	94132	S	14	1	15	0.00001
Melaminivora sp. SC2-9	2109913	S	11	3	14	0.00001
Verminephrobacter eiseniae	364317	S	11	0	11	0.00001
Schlegelella thermodepolymerans	215580	S	9	1	10	0.00001
Simplicispira suum	2109915	S	8	1	9	0.00001
Hylemonella gracilis	80880	S	5	0	5	0.00000
Serpentinomonas mccroryi	1458426	S	3	1	4	0.00000
Candidatus Symbiobacter mobilis	1436290	S	2	0	2	0.00000
Pulveribacter suum	2116657	S	1	0	1	0.00000
Janthinobacterium sp. HH102	1537274	S	36	51	87	0.00007
Janthinobacterium sp. LM6	1938606	S	28	8	36	0.00003
Janthinobacterium sp. 1_2014MBL_MicDiv	1644131	S	22	3	25	0.00002
Janthinobacterium sp. PLB02	2808899	S	9	13	22	0.00002
Janthinobacterium sp. Marseille	375286	S	1	0	1	0.00000
Janthinobacterium sp. 17J80-10	2497863	S	1	0	1	0.00000
Janthinobacterium svalbardensis	368607	S	21	7	28	0.00002
Janthinobacterium agaricidamnosum	55508	S	19	26	45	0.00003
Janthinobacterium tructae	2590869	S	18	6	24	0.00002
Janthinobacterium lividum	29581	S	15	15	30	0.00002
Massilia sp. WG5	1707785	S	4	2	6	0.00000
Massilia sp. YMA4	1593482	S	2	1	3	0.00000
Massilia sp. NR 4-1	1678028	S	2	0	2	0.00000
Massilia sp. CCM 8941	2765360	S	2	0	2	0.00000
Massilia sp. LPB0304	2769491	S	2	1	3	0.00000
Massilia albidiflava	321983	S	3	0	3	0.00000
Massilia umbonata	864828	S	3	0	3	0.00000
Massilia armeniaca	2072590	S	3	1	4	0.00000
Massilia lutea	321985	S	2	0	2	0.00000
Massilia flava	871742	S	2	0	2	0.00000
Massilia oculi	945844	S	2	0	2	0.00000
Massilia putida	1141883	S	2	0	2	0.00000
Massilia violaceinigra	2045208	S	2	0	2	0.00000
Massilia plicata	321984	S	1	0	1	0.00000
Undibacterium sp. KW1	2058624	S	8	2	10	0.00001
Undibacterium sp. YM2	2058625	S	8	2	10	0.00001
Undibacterium parvum	401471	S	2	0	2	0.00000
Collimonas fungivorans	158899	S	7	2	9	0.00001
Collimonas arenae	279058	S	6	1	7	0.00001
Collimonas pratensis	279113	S	4	1	5	0.00000
Herbaspirillum frisingense	92645	S	5	0	5	0.00000
Herbaspirillum seropedicae	964	S	4	0	4	0.00000
Herbaspirillum rubrisubalbicans	80842	S	3	0	3	0.00000
Herbaspirillum huttiense	863372	S	3	0	3	0.00000
Herbaspirillum robiniae	2014887	S	3	0	3	0.00000
Duganella sp. GN2-R2	2728020	S	5	0	5	0.00000
Duganella sp. AF9R3	2728021	S	4	0	4	0.00000
Noviherbaspirillum sp. UKPF54	2601898	S	3	0	3	0.00000
Herminiimonas arsenitoxidans	1809410	S	2	0	2	0.00000
Oxalobacter formigenes	847	S	1	0	1	0.00000
Glaciimonas sp. PAMC28666	2807626	S	1	0	1	0.00000
Burkholderia cepacia	292	S	4	2	6	0.00000
Burkholderia cenocepacia	95486	S	4	6	10	0.00001
Burkholderia vietnamiensis	60552	S	2	8	10	0.00001
Burkholderia stabilis	95485	S	2	1	3	0.00000
Burkholderia ubonensis	101571	S	2	2	4	0.00000
Burkholderia diffusa	488732	S	2	1	3	0.00000
Burkholderia pyrrocinia	60550	S	1	0	1	0.00000
Burkholderia seminalis	488731	S	1	0	1	0.00000
Burkholderia latens	488446	S	1	2	3	0.00000
Burkholderia contaminans	488447	S	1	0	1	0.00000
Burkholderia metallica	488729	S	1	0	1	0.00000
Burkholderia pseudomallei	28450	S	7	10	17	0.00001
Burkholderia thailandensis	57975	S	1	0	1	0.00000
Burkholderia sp. BDU6	1385591	S	1	0	1	0.00000
Burkholderia sp. PAMC 26561	1795043	S	2	3	5	0.00000
Burkholderia sp. CCGE1003	640512	S	1	0	1	0.00000
Burkholderia sp. Bp7605	1740163	S	1	0	1	0.00000
Burkholderia sp. IDO3	1705310	S	1	2	3	0.00000
Burkholderia gladioli	28095	S	4	0	4	0.00000
Cupriavidus basilensis	68895	S	10	2	12	0.00001
Cupriavidus taiwanensis	164546	S	9	3	12	0.00001
Cupriavidus nantongensis	1796606	S	7	7	14	0.00001
Cupriavidus necator	106590	S	5	0	5	0.00000
Cupriavidus oxalaticus	96344	S	4	1	5	0.00000
Cupriavidus metallidurans	119219	S	4	1	5	0.00000
Cupriavidus pinatubonensis	248026	S	3	1	4	0.00000
Cupriavidus sp. USMAHM13	1389192	S	2	7	9	0.00001
Polynucleobacter difficilis	556054	S	36	2	38	0.00003
Polynucleobacter necessarius	576610	S	6	0	6	0.00000
Polynucleobacter asymbioticus	576611	S	4	0	4	0.00000
Polynucleobacter sp. MWH-UH21B	1743174	S	1	0	1	0.00000
Paraburkholderia sp. PGU16	2735433	S	3	1	4	0.00000
Paraburkholderia sp. SOS3	1926494	S	2	0	2	0.00000
Paraburkholderia sp. Msb3	2604047	S	1	0	1	0.00000
Paraburkholderia acidophila	265293	S	5	7	12	0.00001
Paraburkholderia graminis	60548	S	3	0	3	0.00000
Paraburkholderia caledonica	134536	S	2	0	2	0.00000
Paraburkholderia caribensis	75105	S	2	0	2	0.00000
Paraburkholderia megapolitana	420953	S	2	0	2	0.00000
Paraburkholderia aromaticivorans	2026199	S	2	0	2	0.00000
Paraburkholderia phymatum	148447	S	1	0	1	0.00000
Paraburkholderia terricola	169427	S	1	0	1	0.00000
Paraburkholderia hospita	169430	S	1	1	2	0.00000
Paraburkholderia phenoliruptrix	252970	S	1	0	1	0.00000
Paraburkholderia xenovorans	36873	S	1	0	1	0.00000
Paraburkholderia acidiphila	2571747	S	1	0	1	0.00000
Paraburkholderia sprentiae	948107	S	1	0	1	0.00000
Paraburkholderia dokdonella	2211211	S	1	0	1	0.00000
Pandoraea pnomenusa	93220	S	6	3	9	0.00001
Pandoraea apista	93218	S	4	2	6	0.00000
Pandoraea norimbergensis	93219	S	2	0	2	0.00000
Pandoraea vervacti	656178	S	2	1	3	0.00000
Pandoraea sp. XY-2	2518599	S	2	0	2	0.00000
Pandoraea pulmonicola	93221	S	1	0	1	0.00000
Pandoraea sputorum	93222	S	1	0	1	0.00000
Pandoraea faecigallinarum	656179	S	1	0	1	0.00000
Ralstonia solanacearum	305	S	7	5	12	0.00001
Ralstonia insidiosa	190721	S	7	1	8	0.00001
Ralstonia pickettii	329	S	6	2	8	0.00001
Lautropia mirabilis	47671	S	2	0	2	0.00000
Limnobacter sp. SAORIC-580	2732163	S	2	0	2	0.00000
Ephemeroptericola cinctiostellae	2268024	S	2	0	2	0.00000
Rhizobacter sp. AJA081-3	2753607	S	25	5	30	0.00002
Rhizobacter gummiphilus	946333	S	23	3	26	0.00002
Paucibacter sp. KCTC 42545	1768242	S	38	5	43	0.00003
Methylibium sp. Pch-M	2082386	S	13	11	24	0.00002
Methylibium sp. T29	1430884	S	1	2	3	0.00000
Methylibium petroleiphilum	105560	S	5	3	8	0.00001
Roseateles depolymerans	76731	S	20	3	23	0.00002
Aquabacterium olei	1296669	S	19	3	22	0.00002
Sphaerotilus natans	34103	S	18	4	22	0.00002
Mitsuaria sp. 7	1658665	S	18	2	20	0.00002
Rubrivivax gelatinosus	28068	S	17	3	20	0.00002
Leptothrix cholodnii	34029	S	12	2	14	0.00001
Thiomonas intermedia	926	S	1	0	1	0.00000
Thiomonas arsenitoxydans	426114	S	1	4	5	0.00000
Thiomonas sp. X19	1050370	S	1	0	1	0.00000
Inhella inkyongensis	392593	S	6	0	6	0.00000
Xylophilus rhododendri	2697032	S	3	0	3	0.00000
Achromobacter xylosoxidans	85698	S	13	9	22	0.00002
Achromobacter sp. AONIH1	1758194	S	5	1	6	0.00000
Achromobacter sp. B7	2282475	S	2	0	2	0.00000
Achromobacter denitrificans	32002	S	5	2	7	0.00001
Achromobacter insolitus	217204	S	5	0	5	0.00000
Achromobacter spanius	217203	S	3	0	3	0.00000
Achromobacter deleyi	1353891	S	3	3	6	0.00000
Bordetella pseudohinzii	1331258	S	5	0	5	0.00000
Bordetella hinzii	103855	S	4	0	4	0.00000
Bordetella genomosp. 9	1416803	S	4	0	4	0.00000
Bordetella parapertussis	519	S	3	5	8	0.00001
Bordetella petrii	94624	S	2	0	2	0.00000
Bordetella trematum	123899	S	2	0	2	0.00000
Bordetella genomosp. 13	463040	S	2	0	2	0.00000
Bordetella genomosp. 8	1416806	S	2	0	2	0.00000
Bordetella avium	521	S	1	0	1	0.00000
Bordetella sp. N	1746199	S	1	0	1	0.00000
Alcaligenes faecalis	511	S	2	0	2	0.00000
Alcaligenes sp. SORT26	2813780	S	1	0	1	0.00000
Oligella urethralis	90245	S	2	0	2	0.00000
Pigmentiphaga aceris	1940612	S	2	0	2	0.00000
Pusillimonas sp. T7-7	1007105	S	2	0	2	0.00000
Orrella dioscoreae	1851544	S	2	0	2	0.00000
Kerstersia gyiorum	206506	S	1	0	1	0.00000
Advenella kashmirensis	310575	S	1	0	1	0.00000
Castellaniella defragrans	75697	S	1	0	1	0.00000
Sutterella megalosphaeroides	2494234	S	1	0	1	0.00000
Chromobacterium haemolyticum	394935	S	4	1	5	0.00000
Chromobacterium vaccinii	1108595	S	4	0	4	0.00000
Chromobacterium violaceum	536	S	3	0	3	0.00000
Chromobacterium phragmitis	2202141	S	3	0	3	0.00000
Chromobacterium paludis	2605945	S	3	0	3	0.00000
Chromobacterium sp. ATCC 53434	2059672	S	1	0	1	0.00000
Iodobacter fluviatilis	537	S	1	0	1	0.00000
Aquaspirillum sp. LM1	1938604	S	3	0	3	0.00000
Chitinibacter sp. 2T18	2739434	S	3	0	3	0.00000
Deefgea sp. D17	2739061	S	3	0	3	0.00000
Aquitalea magnusonii	332411	S	2	0	2	0.00000
Aquitalea sp. USM4	1590041	S	1	0	1	0.00000
Vogesella sp. LIG4	1192162	S	2	0	2	0.00000
Pseudogulbenkiania sp. NH8B	748280	S	2	0	2	0.00000
Microvirgula aerodenitrificans	57480	S	1	0	1	0.00000
Neisseria sp. oral taxon 014	641148	S	2	0	2	0.00000
Neisseria sp. KEM232	655307	S	1	0	1	0.00000
Neisseria meningitidis	487	S	3	1	4	0.00000
Neisseria mucosa	488	S	3	1	4	0.00000
Neisseria sicca	490	S	2	0	2	0.00000
Neisseria musculi	1815583	S	1	0	1	0.00000
Neisseria animalis	492	S	1	0	1	0.00000
Neisseria canis	493	S	1	0	1	0.00000
Neisseria shayeganii	607712	S	1	0	1	0.00000
Vitreoscilla filiformis	63	S	6	0	6	0.00000
Kingella denitrificans	502	S	1	0	1	0.00000
Kingella oralis	505	S	1	0	1	0.00000
Azospira restricta	404405	S	4	1	5	0.00000
Azospira oryzae	146939	S	2	5	7	0.00001
Oryzomicrobium terrae	1735038	S	10	0	10	0.00001
Aromatoleum aromaticum	551760	S	4	2	6	0.00000
Aromatoleum petrolei	76116	S	2	1	3	0.00000
Rugosibacter aromaticivorans	1565605	S	4	0	4	0.00000
Azoarcus sp. DD4	2027405	S	2	0	2	0.00000
Azoarcus sp. CIB	198107	S	1	2	3	0.00000
Azoarcus sp. KH32C	748247	S	1	0	1	0.00000
Azoarcus sp. M9-3-2	2016596	S	1	0	1	0.00000
Azoarcus pumilus	2067960	S	3	0	3	0.00000
Azoarcus communis	41977	S	1	0	1	0.00000
Azoarcus olearius	418699	S	1	0	1	0.00000
Thauera humireducens	1134435	S	2	0	2	0.00000
Thauera aromatica	59405	S	1	0	1	0.00000
Thauera chlorobenzoica	96773	S	1	0	1	0.00000
Thauera sp. K11	2005884	S	1	0	1	0.00000
Dechloromonas sp. HYN0024	2231055	S	3	0	3	0.00000
Dechloromonas sp. TW-R-39-2	2654218	S	2	0	2	0.00000
Dechloromonas aromatica	259537	S	1	0	1	0.00000
Denitratisoma sp. DHT3	1981880	S	3	1	4	0.00000
Denitratisoma oestradiolicum	311182	S	1	0	1	0.00000
Sulfuritalea hydrogenivorans	748811	S	4	0	4	0.00000
Methyloversatilis sp. RAC08	1842540	S	1	0	1	0.00000
Methylophilus medardicus	2588534	S	3	0	3	0.00000
Methylophilus sp. TWE2	1662285	S	3	0	3	0.00000
Candidatus Methylopumilus turicensis	1581680	S	2	0	2	0.00000
Nitrosomonas sp. Is79A3	261292	S	4	0	4	0.00000
Nitrosomonas ureae	44577	S	2	0	2	0.00000
Nitrosospira lacus	1288494	S	1	0	1	0.00000
Sideroxydans lithotrophicus	63745	S	3	0	3	0.00000
Candidatus Nitrotoga sp. AM1P	2559597	S	2	0	2	0.00000
Ferriphaselus amnicola	1188319	S	1	0	1	0.00000
Usitatibacter palustris	2732487	S	3	0	3	0.00000
Usitatibacter rugosus	2732067	S	1	0	1	0.00000
Sulfuritortus calidifontis	1914471	S	2	0	2	0.00000
Thiobacillus denitrificans	36861	S	1	0	1	0.00000
Sulfuriferula plumbiphila	171865	S	1	0	1	0.00000
Sulfuriferula sp. AH1	1985873	S	1	0	1	0.00000
Casimicrobium huifangae	2591109	S	5	0	5	0.00000
Acinetobacter junii	40215	S	457	64	521	0.00040
Acinetobacter baumannii	470	S	24	69	93	0.00007
Acinetobacter pittii	48296	S	7	5	12	0.00001
Acinetobacter seifertii	1530123	S	6	0	6	0.00000
Acinetobacter calcoaceticus	471	S	1	0	1	0.00000
Acinetobacter nosocomialis	106654	S	1	0	1	0.00000
Acinetobacter sp. MYb10	1827285	S	7	1	8	0.00001
Acinetobacter sp. WCHAc010052	2004647	S	3	0	3	0.00000
Acinetobacter sp. WCHA45	2004644	S	3	2	5	0.00000
Acinetobacter sp. WCHAc010034	1879049	S	2	0	2	0.00000
Acinetobacter sp. NCu2D-2	1608473	S	2	0	2	0.00000
Acinetobacter sp. WCHA55	2004646	S	1	0	1	0.00000
Acinetobacter sp. CS-2	2798861	S	1	0	1	0.00000
Acinetobacter sp. 10FS3-1	2563897	S	1	0	1	0.00000
Acinetobacter sp. SWBY1	2079596	S	1	1	2	0.00000
Acinetobacter haemolyticus	29430	S	19	4	23	0.00002
Acinetobacter johnsonii	40214	S	12	6	18	0.00001
Acinetobacter ursingii	108980	S	8	1	9	0.00001
Acinetobacter guillouiae	106649	S	7	1	8	0.00001
Acinetobacter venetianus	52133	S	5	0	5	0.00000
Acinetobacter tandoii	202954	S	4	0	4	0.00000
Acinetobacter lwoffii	28090	S	4	3	7	0.00001
Acinetobacter towneri	202956	S	3	3	6	0.00000
Acinetobacter equi	1324350	S	3	0	3	0.00000
Acinetobacter indicus	756892	S	2	0	2	0.00000
Acinetobacter chinensis	2004650	S	2	0	2	0.00000
Acinetobacter wuhouensis	1879050	S	2	0	2	0.00000
Acinetobacter shaoyimingii	2715164	S	1	0	1	0.00000
Acinetobacter gyllenbergii	134534	S	1	0	1	0.00000
Acinetobacter dispersus	70348	S	1	0	1	0.00000
Acinetobacter piscicola	2006115	S	1	0	1	0.00000
Acinetobacter bereziniae	106648	S	1	0	1	0.00000
Moraxella osloensis	34062	S	76	1	77	0.00006
Psychrobacter sp. DAB_AL43B	1028416	S	5	0	5	0.00000
Psychrobacter sp.	56811	S	5	4	9	0.00001
Pseudomonas sp. CMR12a	658629	S	63	18	81	0.00006
Pseudomonas sp. LPH1	1898684	S	4	3	7	0.00001
Pseudomonas sp. DY-1	1755504	S	4	0	4	0.00000
Pseudomonas sp. DTU12.3	2073078	S	3	0	3	0.00000
Pseudomonas sp. UW4	1207075	S	3	1	4	0.00000
Pseudomonas sp. S1-A32-2	2731681	S	3	0	3	0.00000
Pseudomonas sp. MRSN12121	1611770	S	3	3	6	0.00000
Pseudomonas sp. J380	2605424	S	2	1	3	0.00000
Pseudomonas sp. CC6-YY-74	1930532	S	2	0	2	0.00000
Pseudomonas sp. LBUM920	2126069	S	2	0	2	0.00000
Pseudomonas sp. TCU-HL1	1856685	S	2	0	2	0.00000
Pseudomonas sp. K2W31S-8	2320867	S	2	0	2	0.00000
Pseudomonas sp. BIOMIG1BAC	1758730	S	2	0	2	0.00000
Pseudomonas sp. MPC6	2498848	S	2	0	2	0.00000
Pseudomonas sp. C27(2019)	2604941	S	2	0	2	0.00000
Pseudomonas sp. phDV1	253237	S	2	2	4	0.00000
Pseudomonas sp. PONIH3	1636610	S	2	3	5	0.00000
Pseudomonas sp. ABC1	2748080	S	2	0	2	0.00000
Pseudomonas sp. ATCC 13867	1294143	S	1	0	1	0.00000
Pseudomonas sp. Os17	1500686	S	1	0	1	0.00000
Pseudomonas sp. HLS-6	2049589	S	1	0	1	0.00000
Pseudomonas sp. LG1E9	2219057	S	1	0	1	0.00000
Pseudomonas sp. DG56-2	2320270	S	1	0	1	0.00000
Pseudomonas sp. LTJR-52	2479392	S	1	0	1	0.00000
Pseudomonas sp. LPB0260	2614442	S	1	0	1	0.00000
Pseudomonas sp. BIGb0427	2724470	S	1	0	1	0.00000
Pseudomonas sp. gcc21	2726989	S	1	0	1	0.00000
Pseudomonas sp. ADAK13	2730847	S	1	0	1	0.00000
Pseudomonas sp. B11D7D	2735906	S	1	0	1	0.00000
Pseudomonas sp. Tri1	2823875	S	1	0	1	0.00000
Pseudomonas sp. URMO17WK12:I11	1283291	S	1	0	1	0.00000
Pseudomonas sp. LAB-08	143813	S	1	0	1	0.00000
Pseudomonas fluorescens	294	S	42	20	62	0.00005
Pseudomonas tolaasii	29442	S	41	5	46	0.00004
Pseudomonas veronii	76761	S	4	7	11	0.00001
Pseudomonas protegens	380021	S	3	0	3	0.00000
Pseudomonas poae	200451	S	3	0	3	0.00000
Pseudomonas rhodesiae	76760	S	2	0	2	0.00000
Pseudomonas synxantha	47883	S	1	0	1	0.00000
Pseudomonas trivialis	200450	S	1	0	1	0.00000
Pseudomonas aeruginosa	287	S	29	77	106	0.00008
Pseudomonas alcaligenes	43263	S	15	1	16	0.00001
Pseudomonas nitroreducens	46680	S	3	0	3	0.00000
Pseudomonas multiresinivorans	95301	S	2	0	2	0.00000
Pseudomonas mendocina	300	S	4	0	4	0.00000
Pseudomonas citronellolis	53408	S	4	2	6	0.00000
Pseudomonas furukawaii	1149133	S	2	0	2	0.00000
Pseudomonas oleovorans	301	S	1	1	2	0.00000
Pseudomonas stutzeri	316	S	28	5	33	0.00003
Pseudomonas balearica	74829	S	1	0	1	0.00000
Pseudomonas putida	303	S	20	14	34	0.00003
Pseudomonas monteilii	76759	S	3	1	4	0.00000
Pseudomonas oryzihabitans	47885	S	2	0	2	0.00000
Pseudomonas sp. SGAir0191	2217867	S	2	1	3	0.00000
Pseudomonas fulva	47880	S	1	4	5	0.00000
Pseudomonas chlororaphis	587753	S	9	4	13	0.00001
Pseudomonas fragi	296	S	1	0	1	0.00000
Pseudomonas palleroniana	191390	S	9	0	9	0.00001
Pseudomonas cichorii	36746	S	2	0	2	0.00000
Pseudomonas savastanoi	29438	S	2	3	5	0.00000
Pseudomonas viridiflava	33069	S	1	0	1	0.00000
Pseudomonas coronafaciens	53409	S	1	0	1	0.00000
Pseudomonas syringae	317	S	1	0	1	0.00000
Pseudomonas syringae group genomosp. 3	251701	S	1	0	1	0.00000
Pseudomonas koreensis	198620	S	6	1	7	0.00001
Pseudomonas psychrophila	122355	S	4	0	4	0.00000
Pseudomonas guangdongensis	1245526	S	2	0	2	0.00000
Pseudomonas reinekei	395598	S	2	0	2	0.00000
Pseudomonas psychrotolerans	237610	S	2	0	2	0.00000
Pseudomonas glycinae	1785145	S	2	3	5	0.00000
Pseudomonas rhizosphaerae	216142	S	2	0	2	0.00000
Pseudomonas versuta	1788301	S	1	0	1	0.00000
Pseudomonas saudiphocaensis	1499686	S	1	0	1	0.00000
Pseudomonas extremaustralis	359110	S	1	0	1	0.00000
Pseudomonas kribbensis	1628086	S	1	0	1	0.00000
Pseudomonas otitidis	319939	S	1	0	1	0.00000
Pseudomonas entomophila	312306	S	1	0	1	0.00000
Pseudomonas sabulinigri	472181	S	1	0	1	0.00000
Pseudomonas granadensis	1421430	S	1	0	1	0.00000
Pseudomonas bijieensis	2681983	S	1	3	4	0.00000
Pseudomonas yamanorum	515393	S	1	0	1	0.00000
Pseudomonas umsongensis	198618	S	1	0	1	0.00000
Candidatus Pseudomonas adelgestsugas	1302376	S	1	0	1	0.00000
Pseudomonas brassicacearum	930166	S	1	1	2	0.00000
Pseudomonas khazarica	2502979	S	1	1	2	0.00000
Pseudomonas denitrificans (nom. rej.)	43306	S	1	0	1	0.00000
Azotobacter vinelandii	354	S	1	-1	0	0.00000
Entomomonas moraniae	2213226	S	1	0	1	0.00000
Klebsiella pneumoniae	573	S	729	625	1354	0.00103
Klebsiella aerogenes	548	S	5	0	5	0.00000
Klebsiella michiganensis	1134687	S	4	1	5	0.00000
Klebsiella grimontii	2058152	S	1	0	1	0.00000
Klebsiella sp. STW0522-44	2681387	S	1	0	1	0.00000
Enterobacter cloacae	550	S	2	2	4	0.00000
Enterobacter asburiae	61645	S	1	2	3	0.00000
Enterobacter sichuanensis	2071710	S	1	0	1	0.00000
Enterobacter sp. SA187	1914861	S	1	0	1	0.00000
Escherichia coli	562	S	6	10	16	0.00001
Escherichia fergusonii	564	S	1	0	1	0.00000
Escherichia albertii	208962	S	1	0	1	0.00000
Escherichia marmotae	1499973	S	1	0	1	0.00000
Leclercia adecarboxylata	83655	S	2	8	10	0.00001
Raoultella planticola	575	S	2	2	4	0.00000
Raoultella terrigena	577	S	1	5	6	0.00000
Salmonella enterica	28901	S	7	14	21	0.00002
Citrobacter freundii	546	S	2	3	5	0.00000
Citrobacter telavivum	2653932	S	1	0	1	0.00000
Candidatus Annandia adelgestsuga	1302411	S	2	0	2	0.00000
secondary endosymbiont of Heteropsylla cubana	134287	S	1	0	1	0.00000
secondary endosymbiont of Trabutina mannipara	1835721	S	1	0	1	0.00000
Candidatus Tachikawaea gelatinosa	1410383	S	1	0	1	0.00000
Kluyvera intermedia	61648	S	3	0	3	0.00000
Kluyvera genomosp. 3	2774055	S	1	0	1	0.00000
Enterobacteriaceae endosymbiont of Macroplea appendiculata	2675790	S	2	0	2	0.00000
Phytobacter ursingii	1972431	S	2	0	2	0.00000
Cronobacter malonaticus	413503	S	1	0	1	0.00000
Cronobacter universalis	535744	S	1	0	1	0.00000
Kosakonia sp. MUSA4	2067958	S	1	0	1	0.00000
Pluralibacter gergoviae	61647	S	1	0	1	0.00000
Lelliottia sp. WB101	2153385	S	1	0	1	0.00000
Cedecea neteri	158822	S	1	0	1	0.00000
Scandinavium goeteborgense	1851514	S	1	0	1	0.00000
Serratia marcescens	615	S	9	6	15	0.00001
Serratia fonticola	47917	S	1	0	1	0.00000
Serratia rubidaea	61652	S	1	0	1	0.00000
Serratia symbiotica	138074	S	1	0	1	0.00000
Yersinia intermedia	631	S	2	3	5	0.00000
Yersinia aldovae	29483	S	1	0	1	0.00000
Yersinia massiliensis	419257	S	1	1	2	0.00000
Yersinia pseudotuberculosis	633	S	1	0	1	0.00000
Ewingella americana	41202	S	2	0	2	0.00000
Nissabacter sp. SGAir0207	2126321	S	2	0	2	0.00000
Gibbsiella quercinecans	929813	S	1	0	1	0.00000
Pantoea sp. PSNIH1	1484158	S	3	1	4	0.00000
Pantoea sp. SO10	2575375	S	2	0	2	0.00000
Pantoea sp. At-9b	592316	S	1	0	1	0.00000
Pantoea sp. CCBC3-3-1	2490851	S	1	0	1	0.00000
Pantoea cypripedii	55209	S	1	0	1	0.00000
Pantoea dispersa	59814	S	1	0	1	0.00000
Pantoea stewartii	66269	S	1	0	1	0.00000
Pantoea rwandensis	1076550	S	1	0	1	0.00000
Pantoea agglomerans	549	S	1	0	1	0.00000
Buchnera aphidicola	9	S	8	-1	7	0.00001
Erwinia tasmaniensis	338565	S	1	0	1	0.00000
Erwinia gerundensis	1619313	S	1	0	1	0.00000
Mixta theicola	1458355	S	1	0	1	0.00000
Proteus mirabilis	584	S	2	0	2	0.00000
Proteus vulgaris	585	S	2	1	3	0.00000
Morganella morganii	582	S	4	0	4	0.00000
Providencia rettgeri	587	S	1	2	3	0.00000
Providencia vermicola	333965	S	1	0	1	0.00000
Xenorhabdus bovienii	40576	S	2	0	2	0.00000
Xenorhabdus budapestensis	290110	S	2	0	2	0.00000
Arsenophonus nasoniae	638	S	1	0	1	0.00000
Candidatus Arsenophonus lipoptenae	634113	S	1	0	1	0.00000
Pectobacterium parmentieri	1905730	S	3	0	3	0.00000
Pectobacterium brasiliense	180957	S	2	0	2	0.00000
Pectobacterium punjabense	2108399	S	2	0	2	0.00000
Pectobacterium versatile	2488639	S	1	0	1	0.00000
Dickeya zeae	204042	S	2	0	2	0.00000
Dickeya fangzhongdai	1778540	S	1	0	1	0.00000
Lonsdalea britannica	1082704	S	2	0	2	0.00000
Brenneria rubrifaciens	55213	S	1	0	1	0.00000
Hafnia alvei	569	S	4	1	5	0.00000
Obesumbacterium proteus	82983	S	4	0	4	0.00000
Xanthomonas campestris	339	S	37	0	37	0.00003
Xanthomonas euvesicatoria	456327	S	25	495	520	0.00040
Xanthomonas hyacinthi	56455	S	6	0	6	0.00000
Xanthomonas sp. GW	2724121	S	2	3	5	0.00000
Xanthomonas citri	346	S	5	0	5	0.00000
Xanthomonas arboricola	56448	S	2	0	2	0.00000
Xanthomonas oryzae	347	S	2	0	2	0.00000
Xanthomonas axonopodis	53413	S	1	0	1	0.00000
Xanthomonas hortorum	56454	S	1	0	1	0.00000
Xanthomonas vesicatoria	56460	S	1	0	1	0.00000
Lysobacter enzymogenes	69	S	56	8	64	0.00005
Lysobacter solisilvae	2763317	S	3	0	3	0.00000
Lysobacter antibioticus	84531	S	2	0	2	0.00000
Lysobacter capsici	435897	S	1	0	1	0.00000
Lysobacter soli	453783	S	1	0	1	0.00000
Lysobacter alkalisoli	2591633	S	1	0	1	0.00000
Lysobacter sp. HDW10	2714936	S	1	0	1	0.00000
Lysobacter oculi	2698682	S	1	0	1	0.00000
Stenotrophomonas maltophilia	40324	S	29	15	44	0.00003
Stenotrophomonas sp. WZN-1	2005046	S	2	1	3	0.00000
Stenotrophomonas sp. CW117	2775920	S	2	18	20	0.00002
Stenotrophomonas sp. 169	2770322	S	1	0	1	0.00000
Stenotrophomonas rhizophila	216778	S	5	0	5	0.00000
Pseudoxanthomonas mexicana	128785	S	7	0	7	0.00001
Pseudoxanthomonas spadix	415229	S	3	0	3	0.00000
Thermomonas carbonis	1463158	S	4	0	4	0.00000
Thermomonas sp. XSG	2771436	S	3	0	3	0.00000
Thermomonas sp. SY21	2202149	S	1	0	1	0.00000
Thermomonas brevis	215691	S	1	0	1	0.00000
Luteimonas sp. MC1750	2799326	S	2	0	2	0.00000
Luteimonas sp. JM171	1896164	S	1	0	1	0.00000
Luteimonas sp. YGD11-2	2508168	S	1	0	1	0.00000
Luteimonas chenhongjianii	2006110	S	1	0	1	0.00000
Xylella fastidiosa	2371	S	1	0	1	0.00000
Pseudolysobacter antarcticus	2511995	S	1	0	1	0.00000
Luteibacter rhizovicinus	242606	S	1	5	6	0.00000
Rhodanobacter glycinis	582702	S	3	0	3	0.00000
Dyella thiooxydans	445710	S	3	0	3	0.00000
Dokdonella koreensis	323415	S	1	0	1	0.00000
Halomonas sp. JS92-SW72	2306583	S	41	3	44	0.00003
Halomonas sp. THAF5a	2587844	S	3	0	3	0.00000
Halomonas sp. MCCC 1A13316	2733487	S	2	0	2	0.00000
Halomonas sp. YLGW01	2773308	S	1	0	1	0.00000
Halomonas sp. A3H3	1346287	S	1	3	4	0.00000
Halomonas sp. KO116	1504981	S	1	0	1	0.00000
Halomonas piezotolerans	2609667	S	1	0	1	0.00000
Kushneria phosphatilytica	657387	S	2	0	2	0.00000
Kushneria konosiri	698828	S	1	0	1	0.00000
Candidatus Portiera aleyrodidarum	91844	S	2	0	2	0.00000
Salinicola tamaricis	1771309	S	1	0	1	0.00000
Marinomonas mediterranea	119864	S	1	0	1	0.00000
Marinomonas arctica	383750	S	1	0	1	0.00000
Thalassolituus oleivorans	187493	S	1	0	1	0.00000
Amphritea japonica	452627	S	1	0	1	0.00000
Alcanivorax sp. N3-2A	2014542	S	2	0	2	0.00000
Hahella chejuensis	158327	S	1	0	1	0.00000
Reinekea forsetii	1336806	S	1	0	1	0.00000
Kangiella sediminilitoris	1144748	S	1	0	1	0.00000
Endozoicomonas montiporae	1027273	S	1	0	1	0.00000
Alteromonas addita	287094	S	1	1	2	0.00000
Alteromonas australica	589873	S	1	0	1	0.00000
Alteromonas pelagimontana	1858656	S	1	0	1	0.00000
Marinobacter hydrocarbonoclasticus	2743	S	1	-1	0	0.00000
Marinobacter fonticola	2603215	S	1	0	1	0.00000
Salinimonas sp. G2-b	2785918	S	3	0	3	0.00000
Salinimonas sp. KX18D6	2572577	S	1	0	1	0.00000
Glaciecola amylolytica	2489595	S	1	0	1	0.00000
Agarivorans gilvus	680279	S	1	0	1	0.00000
Catenovulum sp. CCB-QB4	2172099	S	1	0	1	0.00000
Shewanella sp. WE21	2029986	S	1	1	2	0.00000
Shewanella sp. KX20019	2803864	S	1	0	1	0.00000
Shewanella sp. M2	2487742	S	1	0	1	0.00000
Shewanella sp. WPAGA9	2775245	S	1	0	1	0.00000
Shewanella sp. YLB-06	2593655	S	1	0	1	0.00000
Shewanella algae	38313	S	2	0	2	0.00000
Shewanella baltica	62322	S	2	0	2	0.00000
Shewanella putrefaciens	24	S	1	0	1	0.00000
Shewanella japonica	93973	S	1	0	1	0.00000
Parashewanella spongiae	342950	S	1	0	1	0.00000
Pseudoalteromonas agarivorans	176102	S	1	1	2	0.00000
Pseudoalteromonas piratica	1348114	S	1	0	1	0.00000
Pseudoalteromonas viridis	339617	S	1	0	1	0.00000
Pseudoalteromonas tunicata	314281	S	1	0	1	0.00000
Pseudoalteromonas sp. A25	116092	S	1	0	1	0.00000
Pseudoalteromonas prydzensis	182141	S	1	0	1	0.00000
Pseudoalteromonas phenolica	161398	S	1	0	1	0.00000
Pseudoalteromonas ulvae	107327	S	1	0	1	0.00000
Pseudoalteromonas undina	43660	S	1	0	1	0.00000
Pseudoalteromonas espejiana	28107	S	1	0	1	0.00000
Colwellia sp. PAMC 21821	1816219	S	1	0	1	0.00000
Litorilituus sediminis	718192	S	1	0	1	0.00000
Psychromonas ingrahamii	357794	S	1	0	1	0.00000
Vibrio harveyi	669	S	6	0	6	0.00000
Vibrio parahaemolyticus	670	S	1	0	1	0.00000
Vibrio diabolicus	50719	S	1	0	1	0.00000
Vibrio anguillarum	55601	S	8	0	8	0.00001
Vibrio coralliilyticus	190893	S	3	0	3	0.00000
Vibrio sp. SM1977	2662262	S	2	0	2	0.00000
Vibrio vulnificus	672	S	1	0	1	0.00000
Vibrio tubiashii	29498	S	1	0	1	0.00000
Vibrio astriarenae	1481923	S	1	0	1	0.00000
Vibrio scophthalmi	45658	S	1	0	1	0.00000
Vibrio nigripulchritudo	28173	S	1	0	1	0.00000
Vibrio fluvialis	676	S	1	0	1	0.00000
Photobacterium damselae	38293	S	3	0	3	0.00000
Photobacterium gaetbulicola	1295392	S	1	0	1	0.00000
Paraphotobacterium marinum	1755811	S	2	0	2	0.00000
Candidatus Enterovibrio luxaltus	1927128	S	1	0	1	0.00000
Aliivibrio fischeri	668	S	1	0	1	0.00000
Haemophilus parainfluenzae	729	S	11	2	13	0.00001
Actinobacillus porcitonsillarum	189834	S	3	1	4	0.00000
Actinobacillus pleuropneumoniae	715	S	2	0	2	0.00000
Actinobacillus suis	716	S	1	0	1	0.00000
Pasteurella multocida	747	S	3	1	4	0.00000
Aggregatibacter actinomycetemcomitans	714	S	2	0	2	0.00000
Gallibacterium anatis	750	S	1	0	1	0.00000
Avibacterium paragallinarum	728	S	1	0	1	0.00000
Mannheimia varigena	85404	S	1	0	1	0.00000
Vespertiliibacter pulmonis	1443036	S	1	0	1	0.00000
Rodentibacter sp. DSM 111151	2778911	S	1	0	1	0.00000
Thioalkalivibrio sulfidiphilus	1033854	S	2	0	2	0.00000
Thioalkalivibrio versutus	106634	S	1	0	1	0.00000
Thioalkalivibrio paradoxus	108010	S	1	0	1	0.00000
Acidihalobacter ferrooxydans	1765967	S	2	0	2	0.00000
Acidihalobacter aeolianus	2792603	S	1	0	1	0.00000
Acidihalobacter yilgarnenesis	2819280	S	1	0	1	0.00000
Ectothiorhodospira sp. BSL-9	1442136	S	1	0	1	0.00000
Candidatus Thiodictyon syntrophicum	1166950	S	4	0	4	0.00000
Thermochromatium tepidum	1050	S	2	0	2	0.00000
Nitrosococcus wardiae	1814290	S	1	0	1	0.00000
Rheinheimera sp. F8	1763998	S	1	0	1	0.00000
Sulfuriflexus mobilis	1811807	S	2	0	2	0.00000
Sulfurivermis fontis	1972068	S	2	0	2	0.00000
Woeseia oceani	1548547	S	1	0	1	0.00000
Aeromonas sp. ASNIH2	1636607	S	1	8	9	0.00001
Aeromonas simiae	218936	S	3	0	3	0.00000
Aeromonas salmonicida	645	S	1	0	1	0.00000
Aeromonas allosaccharophila	656	S	1	1	2	0.00000
Aeromonas veronii	654	S	1	0	1	0.00000
Aeromonas hydrophila	644	S	1	1	2	0.00000
Tolumonas auensis	43948	S	1	0	1	0.00000
Oceanisphaera profunda	1416627	S	1	0	1	0.00000
Dongshaea marina	2047966	S	1	0	1	0.00000
Legionella pneumophila	446	S	2	0	2	0.00000
Legionella fallonii	96230	S	2	0	2	0.00000
Legionella oakridgensis	29423	S	2	0	2	0.00000
Legionella anisa	28082	S	2	0	2	0.00000
Legionella hackeliae	449	S	1	0	1	0.00000
Legionella waltersii	66969	S	1	0	1	0.00000
Legionella jordanis	456	S	1	0	1	0.00000
Legionella spiritensis	452	S	1	0	1	0.00000
Fluoribacter dumoffii	463	S	1	-1	0	0.00000
Candidatus Coxiella mudrowiae	2054173	S	2	0	2	0.00000
Coxiella burnetii	777	S	1	0	1	0.00000
Aquicella lusitana	254246	S	1	0	1	0.00000
Aquicella siphonis	254247	S	1	0	1	0.00000
Immundisolibacter cernigliae	1810504	S	17	0	17	0.00001
Kineobactrum salinum	2708301	S	5	0	5	0.00000
Congregibacter litoralis	393662	S	1	1	2	0.00000
Microbulbifer thermotolerans	252514	S	1	0	1	0.00000
Microbulbifer aggregans	1769779	S	1	0	1	0.00000
Microbulbifer sp. SH-1	2681547	S	1	0	1	0.00000
Oceanicoccus sagamiensis	716816	S	2	0	2	0.00000
Zhongshania aliphaticivorans	1470434	S	1	0	1	0.00000
Cellvibrio japonicus	155077	S	1	0	1	0.00000
Francisella orientalis	299583	S	1	1	2	0.00000
Francisella hispaniensis	622488	S	1	0	1	0.00000
Thiomicrospira aerophila	92245	S	1	0	1	0.00000
Hydrogenovibrio crunogenus	39765	S	1	0	1	0.00000
Methylophaga nitratireducenticrescens	754476	S	1	0	1	0.00000
Thiothrix unzii	111769	S	1	0	1	0.00000
Thiothrix sp.	1032	S	1	0	1	0.00000
Methylomonas denitrificans	1538553	S	1	0	1	0.00000
Methylomonas sp. LL1	2785785	S	1	0	1	0.00000
Methylovulum psychrotolerans	1704499	S	2	0	2	0.00000
Methylococcus capsulatus	414	S	1	0	1	0.00000
Methylomicrobium sp. wino1	2049332	S	1	0	1	0.00000
Bathymodiolus thermophilus thioautotrophic gill symbiont	2360	S	3	0	3	0.00000
Candidatus Ruthia magnifica	386487	S	2	0	2	0.00000
Sulfuricaulis limicola	1620215	S	2	0	2	0.00000
Acidiferrobacter sp. SPIII_3	1281578	S	1	0	1	0.00000
Solimonas sp. K1W22B-7	2303331	S	3	0	3	0.00000
Orbus sp. IPMB12	1635327	S	1	0	1	0.00000
Bradyrhizobium sp. CCBAU 051011	858422	S	13	2	15	0.00001
Bradyrhizobium sp. CCBAU 51765	1325102	S	10	3	13	0.00001
Bradyrhizobium sp. SK17	2057741	S	6	2	8	0.00001
Bradyrhizobium sp. CCBAU 53421	1325120	S	6	2	8	0.00001
Bradyrhizobium sp.	376	S	5	14	19	0.00001
Bradyrhizobium sp. BTAi1	288000	S	5	0	5	0.00000
Bradyrhizobium sp. CCBAU 51753	1325100	S	5	1	6	0.00000
Bradyrhizobium sp. PSBB068	2715960	S	4	1	5	0.00000
Bradyrhizobium sp. CCGE-LA001	1223566	S	4	1	5	0.00000
Bradyrhizobium sp. CCBAU 53338	1325111	S	4	3	7	0.00001
Bradyrhizobium sp. ORS 278	114615	S	3	0	3	0.00000
Bradyrhizobium sp. 6(2017)	1197460	S	3	0	3	0.00000
Bradyrhizobium sp. ORS 285	115808	S	3	0	3	0.00000
Bradyrhizobium sp. CCBAU 53340	1325112	S	1	0	1	0.00000
Bradyrhizobium sp. CCBAU 53351	1325114	S	1	1	2	0.00000
Bradyrhizobium sp. 1(2017)	1404888	S	1	0	1	0.00000
Bradyrhizobium icense	1274631	S	15	2	17	0.00001
Bradyrhizobium erythrophlei	1437360	S	10	0	10	0.00001
Bradyrhizobium paxllaeri	190148	S	7	1	8	0.00001
Bradyrhizobium canariense	255045	S	7	0	7	0.00001
Bradyrhizobium lablabi	722472	S	7	17	24	0.00002
Bradyrhizobium diazoefficiens	1355477	S	5	9	14	0.00001
Bradyrhizobium zhanjiangense	1325107	S	5	1	6	0.00000
Bradyrhizobium betae	244734	S	4	3	7	0.00001
Bradyrhizobium symbiodeficiens	1404367	S	3	1	4	0.00000
Bradyrhizobium arachidis	858423	S	3	1	4	0.00000
Bradyrhizobium guangdongense	1325090	S	3	3	6	0.00000
Bradyrhizobium cosmicum	1404864	S	2	0	2	0.00000
Bradyrhizobium japonicum	375	S	2	2	4	0.00000
Bradyrhizobium guangzhouense	1325095	S	1	0	1	0.00000
Bradyrhizobium guangxiense	1325115	S	1	0	1	0.00000
Bradyrhizobium vignae	1549949	S	1	0	1	0.00000
Bradyrhizobium oligotrophicum	44255	S	1	0	1	0.00000
Bosea sp. ANAM02	2020412	S	12	3	15	0.00001
Bosea sp. RAC05	1842539	S	10	2	12	0.00001
Bosea sp. Tri-49	1867715	S	7	1	8	0.00001
Bosea sp. AS-1	2015316	S	3	0	3	0.00000
Bosea sp. PAMC 26642	1792307	S	2	0	2	0.00000
Rhodopseudomonas palustris	1076	S	13	3	16	0.00001
Tardiphaga robiniae	943830	S	11	1	12	0.00001
Nitrobacter winogradskyi	913	S	5	0	5	0.00000
Nitrobacter hamburgensis	912	S	1	0	1	0.00000
Afipia carboxidovorans	40137	S	3	-3	0	0.00000
Afipia sp. GAS231	1882747	S	3	4	7	0.00001
Variibacter gotjawalensis	1333996	S	5	0	5	0.00000
Methylobacterium sp. 17Sr1-43	2202828	S	9	1	10	0.00001
Methylobacterium sp. DM1	2067957	S	6	4	10	0.00001
Methylobacterium sp. WL1	2603276	S	6	0	6	0.00000
Methylobacterium sp. AMS5	925818	S	3	1	4	0.00000
Methylobacterium sp. 4-46	426117	S	1	0	1	0.00000
Methylobacterium sp. 17Sr1-1	2202826	S	1	0	1	0.00000
Methylobacterium mesophilicum	39956	S	8	0	8	0.00001
Methylobacterium durans	2202825	S	8	0	8	0.00001
Methylobacterium nodulans	114616	S	4	0	4	0.00000
Methylobacterium aquaticum	270351	S	4	0	4	0.00000
Methylobacterium oryzae	334852	S	3	23	26	0.00002
Methylobacterium indicum	1775910	S	3	0	3	0.00000
Methylobacterium brachiatum	269660	S	1	0	1	0.00000
Methylobacterium currus	2051553	S	1	0	1	0.00000
Methylorubrum populi	223967	S	26	8	34	0.00003
Methylorubrum extorquens	408	S	8	11	19	0.00001
Microvirga thermotolerans	2651334	S	2	0	2	0.00000
Microvirga sp. VF16	2807101	S	1	0	1	0.00000
Rhizobium sp. NZLR1	2731096	S	2	0	2	0.00000
Rhizobium sp. BG4	2613770	S	2	0	2	0.00000
Rhizobium sp. NXC14	1981173	S	1	0	1	0.00000
Rhizobium sp. Khangiran2	1435607	S	1	1	2	0.00000
Rhizobium sp. NXC24	2048897	S	1	0	1	0.00000
Rhizobium oryzihabitans	2267833	S	4	3	7	0.00001
Rhizobium pusense	648995	S	4	13	17	0.00001
Rhizobium etli	29449	S	3	0	3	0.00000
Rhizobium leguminosarum	384	S	2	1	3	0.00000
Rhizobium tropici	398	S	2	0	2	0.00000
Rhizobium favelukesii	348824	S	2	0	2	0.00000
Rhizobium phaseoli	396	S	1	0	1	0.00000
Rhizobium rosettiformans	1368430	S	1	0	1	0.00000
Rhizobium lentis	1138194	S	1	0	1	0.00000
Rhizobium pseudoryzae	379684	S	1	0	1	0.00000
Agrobacterium vitis	373	S	8	0	8	0.00001
Agrobacterium tumefaciens	358	S	7	5	12	0.00001
Agrobacterium rhizogenes	359	S	1	2	3	0.00000
Agrobacterium rubi	28099	S	1	0	1	0.00000
Neorhizobium galegae	399	S	4	0	4	0.00000
Neorhizobium sp. NCHU2750	1825976	S	2	0	2	0.00000
Sinorhizobium meliloti	382	S	8	0	8	0.00001
Sinorhizobium sp. RAC02	1842534	S	3	0	3	0.00000
Sinorhizobium fredii	380	S	2	1	3	0.00000
Ensifer sp. PDNC004	2811423	S	3	0	3	0.00000
Ensifer mexicanus	375549	S	2	0	2	0.00000
Ensifer adhaerens	106592	S	1	0	1	0.00000
Kaistia sp. 32K	2795690	S	3	0	3	0.00000
Shinella sp. HZN7	879274	S	2	0	2	0.00000
Shinella sp. PSBB067	2715959	S	1	0	1	0.00000
Ciceribacter thiooxidans	1969821	S	3	0	3	0.00000
Georhizobium profundi	2341112	S	2	0	2	0.00000
Mesorhizobium sp. Pch-S	2082387	S	8	0	8	0.00001
Mesorhizobium sp. N3	675281	S	4	0	4	0.00000
Mesorhizobium sp. 131-2-1	2744518	S	4	1	5	0.00000
Mesorhizobium sp. M1E.F.Ca.ET.045.02.1.1	2493672	S	3	1	4	0.00000
Mesorhizobium sp. J8	2777475	S	2	0	2	0.00000
Mesorhizobium sp. L-8-3	2744522	S	2	4	6	0.00000
Mesorhizobium sp. INR15	2654248	S	2	0	2	0.00000
Mesorhizobium sp. M8A.F.Ca.ET.057.01.1.1	2493679	S	2	0	2	0.00000
Mesorhizobium sp. NZP2298	2483403	S	2	1	3	0.00000
Mesorhizobium sp. M1D.F.Ca.ET.043.01.1.1	2493669	S	1	0	1	0.00000
Mesorhizobium sp. NBSH29	2654249	S	1	0	1	0.00000
Mesorhizobium sp. M4B.F.Ca.ET.058.02.1.1	2493675	S	1	0	1	0.00000
Mesorhizobium sp. M1B.F.Ca.ET.045.04.1.1	2493673	S	1	0	1	0.00000
Mesorhizobium sp. M2A.F.Ca.ET.043.05.1.1	2493671	S	1	0	1	0.00000
Mesorhizobium sp. M9A.F.Ca.ET.002.03.1.2	2493668	S	1	0	1	0.00000
Mesorhizobium opportunistum	593909	S	3	1	4	0.00000
Mesorhizobium loti	381	S	2	8	10	0.00001
Mesorhizobium amorphae	71433	S	2	0	2	0.00000
Mesorhizobium ciceri	39645	S	1	0	1	0.00000
Aminobacter sp. MDW-2	2666139	S	2	6	8	0.00001
Aminobacter sp. MSH1	374606	S	1	0	1	0.00000
Aminobacter sp. SR38	2774562	S	1	2	3	0.00000
Aminobacter aminovorans	83263	S	2	1	3	0.00000
Phyllobacterium sp. 628	2718938	S	2	0	2	0.00000
Hoeflea phototrophica	244596	S	1	0	1	0.00000
Hoeflea sp. IMCC20628	1620421	S	1	0	1	0.00000
Nitratireductor sp. SY7	2599600	S	1	0	1	0.00000
Chelativorans sp. BNC1	266779	S	1	0	1	0.00000
Lentilitoribacter sp. Alg239-R112	2305987	S	1	0	1	0.00000
Devosia sp. A16	1736675	S	5	0	5	0.00000
Devosia sp. MC521	2759954	S	1	0	1	0.00000
Devosia sp. G19	2801335	S	1	0	1	0.00000
Devosia ginsengisoli	400770	S	1	0	1	0.00000
Hyphomicrobium denitrificans	53399	S	2	1	3	0.00000
Hyphomicrobium sp. MC1	717785	S	2	0	2	0.00000
Rhodoplanes sp. Z2-YC6860	674703	S	3	0	3	0.00000
Aquabacter sp. L1I39	2820278	S	3	0	3	0.00000
Candidatus Filomicrobium marinum	1608628	S	3	0	3	0.00000
Rhodomicrobium vannielii	1069	S	1	0	1	0.00000
Blastochloris tepida	2233851	S	1	0	1	0.00000
Maritalea myrionectae	454601	S	1	0	1	0.00000
Methyloceanibacter caenitepidi	1384459	S	1	0	1	0.00000
Youhaiella tibetensis	1447062	S	1	0	1	0.00000
Aureimonas sp. AU20	1349819	S	5	0	5	0.00000
Aureimonas sp. OT7	2816454	S	4	3	7	0.00001
Aureimonas sp. LMG 31693	2758041	S	2	0	2	0.00000
Aureimonas populi	1701758	S	1	0	1	0.00000
Martelella mediterranea	293089	S	1	0	1	0.00000
Martelella sp. AD-3	686597	S	1	0	1	0.00000
Pannonibacter phragmitetus	121719	S	7	7	14	0.00001
Stappia sp. ES.058	1881061	S	2	0	2	0.00000
Stappia indica	538381	S	1	0	1	0.00000
Xanthobacter sp. YN2	2528964	S	5	0	5	0.00000
Pseudolabrys taiwanensis	331696	S	4	0	4	0.00000
Pseudolabrys sp. FHR47	2562284	S	1	0	1	0.00000
Starkeya sp. ORNL1	2709380	S	1	0	1	0.00000
Brucella pseudogrignonensis	419475	S	2	1	3	0.00000
Brucella sp. 6810	2769351	S	1	2	3	0.00000
Hartmannibacter diazotrophicus	1482074	S	6	0	6	0.00000
Bartonella ancashensis	1318743	S	2	0	2	0.00000
Bartonella grahamii	33045	S	1	2	3	0.00000
Methylocystis parvus	134	S	3	0	3	0.00000
Methylocystis bryophila	655015	S	2	0	2	0.00000
Methylocystis sp. SC2	187303	S	1	0	1	0.00000
Beijerinckia indica	533	S	3	0	3	0.00000
Methylocella silvestris	199596	S	1	0	1	0.00000
Breoghania sp. L-A4	2304600	S	2	0	2	0.00000
Cohaesibacter sp. ES.047	1798205	S	1	0	1	0.00000
Pyruvatibacter mobilis	1712261	S	2	0	2	0.00000
Parvibaculum lavamentivorans	256618	S	1	0	1	0.00000
Chelatococcus sp. CO-6	1702325	S	1	0	1	0.00000
Lichenihabitans psoromatis	2528642	S	1	0	1	0.00000
Sphingomonas sp. KC8	1030157	S	7	2	9	0.00001
Sphingomonas sp. PAMC26645	2565555	S	6	0	6	0.00000
Sphingomonas sp. LM7	1938607	S	6	0	6	0.00000
Sphingomonas sp. AAP5	1523415	S	6	1	7	0.00001
Sphingomonas sp. YZ-8	2319844	S	5	0	5	0.00000
Sphingomonas sp. AP4-R1	2735134	S	5	0	5	0.00000
Sphingomonas sp. NBWT7	2596913	S	4	0	4	0.00000
Sphingomonas sp. CL5.1	2653203	S	4	0	4	0.00000
Sphingomonas sp. HMP9	1517554	S	3	0	3	0.00000
Sphingomonas sp. Cra20	1327635	S	3	0	3	0.00000
Sphingomonas sp. MM-1	745310	S	3	5	8	0.00001
Sphingomonas sp. MK52	2711156	S	3	0	3	0.00000
Sphingomonas sp. HMP6	1517551	S	2	0	2	0.00000
Sphingomonas sp. DH-S5	2759526	S	2	0	2	0.00000
Sphingomonas sp. NIC1	1961362	S	2	1	3	0.00000
Sphingomonas sp. FARSPH	2219696	S	2	0	2	0.00000
Sphingomonas sp. XS-10	2599297	S	2	0	2	0.00000
Sphingomonas sp. C33	2698679	S	2	0	2	0.00000
Sphingomonas sp. HDW15B	2714943	S	1	0	1	0.00000
Sphingomonas sp. LMO-1	2681549	S	1	0	1	0.00000
Sphingomonas sp. HDW15A	2714942	S	1	0	1	0.00000
Sphingomonas sp. HDW15C	2714944	S	1	0	1	0.00000
Sphingomonas sp. IC081	304378	S	1	5	6	0.00000
Sphingomonas melonis	152682	S	30	30	60	0.00005
Sphingomonas alpina	653931	S	9	0	9	0.00001
Sphingomonas hengshuiensis	1609977	S	8	0	8	0.00001
Sphingomonas paucimobilis	13689	S	6	1	7	0.00001
Sphingomonas panacisoli	1813879	S	6	0	6	0.00000
Sphingomonas koreensis	93064	S	5	3	8	0.00001
Sphingomonas panacis	1560345	S	4	0	4	0.00000
Sphingomonas taxi	1549858	S	3	0	3	0.00000
Sphingomonas wittichii	160791	S	3	1	4	0.00000
Sphingomonas sanxanigenens	397260	S	2	1	3	0.00000
Sphingomonas lutea	1045317	S	2	0	2	0.00000
Sphingomonas ginsengisoli An et al. 2013	363835	S	2	0	2	0.00000
Sphingomonas lacunae	2698828	S	2	0	2	0.00000
Sphingomonas daechungensis	1176646	S	1	0	1	0.00000
Sphingomonas rhizophila	2071607	S	1	0	1	0.00000
Sphingomonas xanthus	2594473	S	1	0	1	0.00000
Sphingopyxis sp. QXT-31	1357916	S	5	1	6	0.00000
Sphingopyxis sp. EG6	1874061	S	5	2	7	0.00001
Sphingopyxis sp. FD7	1914525	S	5	2	7	0.00001
Sphingopyxis sp. OPL5	2486273	S	4	0	4	0.00000
Sphingopyxis sp. 113P3	292913	S	3	1	4	0.00000
Sphingopyxis sp. PAMC25046	2565556	S	3	1	4	0.00000
Sphingopyxis sp. LPB0140	1913578	S	1	0	1	0.00000
Sphingopyxis macrogoltabida	33050	S	7	3	10	0.00001
Sphingopyxis fribergensis	1515612	S	7	2	9	0.00001
Sphingopyxis terrae	33052	S	5	2	7	0.00001
Sphingopyxis alaskensis	117207	S	5	0	5	0.00000
Sphingopyxis granuli	267128	S	3	16	19	0.00001
Sphingopyxis lindanitolerans	2054227	S	3	1	4	0.00000
Sphingobium sp. TKS	1315974	S	4	6	10	0.00001
Sphingobium sp. YG1	2082188	S	4	1	5	0.00000
Sphingobium sp. RAC03	1843368	S	3	0	3	0.00000
Sphingobium sp. SCG-1	2072936	S	2	0	2	0.00000
Sphingobium sp. KCTC 72723	2733867	S	2	0	2	0.00000
Sphingobium sp. Cam5-1	2789327	S	2	1	3	0.00000
Sphingobium sp. EP60837	1855519	S	1	0	1	0.00000
Sphingobium sp. LF-16	2185111	S	1	9	10	0.00001
Sphingobium sp. CAP-1	2676077	S	1	1	2	0.00000
Sphingobium yanoikuyae	13690	S	9	12	21	0.00002
Sphingobium amiense	135719	S	5	10	15	0.00001
Sphingobium herbicidovorans	76947	S	3	2	5	0.00000
Sphingobium fuliginis	336203	S	2	5	7	0.00001
Sphingobium baderi	1332080	S	2	3	5	0.00000
Sphingobium hydrophobicum	1673076	S	2	2	4	0.00000
Sphingobium chlorophenolicum	46429	S	1	0	1	0.00000
Sphingobium cloacae	120107	S	1	2	3	0.00000
Sphingobium japonicum	332056	S	1	0	1	0.00000
Sphingorhabdus lacus	392610	S	26	1	27	0.00002
Sphingorhabdus sp. SMR4y	2584094	S	4	0	4	0.00000
Novosphingobium sp. ABRDHK2	2571749	S	6	3	9	0.00001
Novosphingobium sp. Gsoil 351	2675225	S	3	0	3	0.00000
Novosphingobium sp. PP1Y	702113	S	2	1	3	0.00000
Novosphingobium sp. THN1	1016987	S	2	0	2	0.00000
Novosphingobium sp. ES2-1	2780074	S	1	0	1	0.00000
Novosphingobium pentaromativorans	205844	S	4	6	10	0.00001
Novosphingobium ginsenosidimutans	1176536	S	4	0	4	0.00000
Novosphingobium aromaticivorans	48935	S	3	1	4	0.00000
Blastomonas sp. RAC04	1842535	S	7	5	12	0.00001
Blastomonas fulva	1550728	S	6	7	13	0.00001
Sphingosinithalassobacter sp. zrk23	2711215	S	2	0	2	0.00000
Sphingosinithalassobacter sp. CS137	2762748	S	2	0	2	0.00000
Parasphingopyxis algicola	2026624	S	2	0	2	0.00000
Allosphingosinicella indica	941907	S	2	0	2	0.00000
Citromicrobium sp. JL477	1634516	S	1	0	1	0.00000
Rhizorhabdus dicambivorans	1850238	S	1	1	2	0.00000
Tardibacter chloracetimidivorans	1921510	S	1	1	2	0.00000
Novosphingopyxis sp. PB63	2762729	S	1	0	1	0.00000
Erythrobacter sp. THAF29	2587851	S	3	0	3	0.00000
Erythrobacter sp. 6D36	2782568	S	2	0	2	0.00000
Erythrobacter sp. A30-3	2785907	S	2	1	3	0.00000
Erythrobacter sp. KY5	2011159	S	1	0	1	0.00000
Erythrobacter sp. HKB08	2502843	S	1	0	1	0.00000
Erythrobacter mangrovi	2739433	S	4	0	4	0.00000
Erythrobacter litoralis	39960	S	2	0	2	0.00000
Erythrobacter aureus	2182384	S	1	0	1	0.00000
Porphyrobacter sp. CACIAM 03H1	2003315	S	4	1	5	0.00000
Porphyrobacter sp. HT-58-2	2023229	S	3	0	3	0.00000
Porphyrobacter sp. LM 6	1896196	S	2	0	2	0.00000
Porphyrobacter sp. YT40	2547601	S	2	2	4	0.00000
Altererythrobacter sp. BO-6	2604537	S	8	0	8	0.00001
Altererythrobacter sp. TH136	2067415	S	1	0	1	0.00000
Altererythrobacter epoxidivorans	361183	S	2	0	2	0.00000
Altererythrobacter atlanticus	1267766	S	2	1	3	0.00000
Croceicoccus sp. YJ47	2798724	S	4	1	5	0.00000
Croceicoccus marinus	450378	S	2	1	3	0.00000
Croceicoccus naphthovorans	1348774	S	1	1	2	0.00000
Tsuneonella amylolytica	2338327	S	2	0	2	0.00000
Tsuneonella dongtanensis	692370	S	1	0	1	0.00000
Tsuneonella mangrovi	1982042	S	1	0	1	0.00000
Tsuneonella flava	2055955	S	1	0	1	0.00000
Qipengyuania flava	192812	S	4	3	7	0.00001
Qipengyuania sediminis	1532023	S	1	0	1	0.00000
Paraurantiacibacter namhicola	645517	S	3	0	3	0.00000
Pelagerythrobacter marensis	543877	S	3	0	3	0.00000
Aurantiacibacter gangjinensis	502682	S	2	0	2	0.00000
Sphingosinicella sp. BN140058	1892855	S	4	1	5	0.00000
Paracoccus sp. AK26	2589076	S	4	0	4	0.00000
Paracoccus sp. BM15	1529068	S	2	0	2	0.00000
Paracoccus sp. Arc7-R13	2500532	S	1	0	1	0.00000
Paracoccus sp. MC1862	2760307	S	1	0	1	0.00000
Paracoccus sp. H4-D09	2812658	S	1	0	1	0.00000
Paracoccus sanguinis	1545044	S	6	1	7	0.00001
Paracoccus yeei	147645	S	5	11	16	0.00001
Paracoccus denitrificans	266	S	4	2	6	0.00000
Paracoccus suum	2259340	S	3	0	3	0.00000
Paracoccus aminophilus	34003	S	2	0	2	0.00000
Paracoccus zhejiangensis	1077935	S	2	0	2	0.00000
Paracoccus aestuarii	453842	S	2	0	2	0.00000
Paracoccus aminovorans	34004	S	2	0	2	0.00000
Paracoccus liaowanqingii	2560053	S	1	0	1	0.00000
Tabrizicola piscis	2494374	S	11	0	11	0.00001
Rhodobacter blasticus	1075	S	7	0	7	0.00001
Rhodobacter capsulatus	1061	S	2	0	2	0.00000
Rhodobacter sp. CZR27	2033869	S	1	0	1	0.00000
Sulfitobacter sp. BSw21498	664426	S	1	0	1	0.00000
Sulfitobacter sp. SK011	1389004	S	1	0	1	0.00000
Sulfitobacter sp. AM1-D1	1917485	S	1	1	2	0.00000
Sulfitobacter sp. JL08	2070369	S	1	0	1	0.00000
Sulfitobacter sp. B30-2	2785912	S	1	0	1	0.00000
Sulfitobacter mediterraneus	83219	S	2	0	2	0.00000
Sulfitobacter pseudonitzschiae	1402135	S	2	0	2	0.00000
Phaeobacter gallaeciensis	60890	S	1	2	3	0.00000
Phaeobacter piscinae	1580596	S	1	5	6	0.00000
Gemmobacter sp. HYN0069	2169400	S	8	0	8	0.00001
Roseovarius sp. THAF9	2587847	S	1	0	1	0.00000
Roseovarius sp. THAF27	2587850	S	1	1	2	0.00000
Roseovarius indicus	540747	S	2	1	3	0.00000
Roseovarius faecimaris	2494550	S	2	0	2	0.00000
Cereibacter sphaeroides	1063	S	5	0	5	0.00000
Salipiger pacificus	311180	S	3	0	3	0.00000
Salipiger profundus	1229727	S	1	0	1	0.00000
Yangia sp. CCB-MM3	1792508	S	1	0	1	0.00000
Rhodovulum sulfidophilum	35806	S	1	2	3	0.00000
Rhodovulum sp. P5	1564506	S	1	0	1	0.00000
Leisingera aquaemixtae	1396826	S	2	0	2	0.00000
Leisingera sp. NJS204	2508307	S	1	1	2	0.00000
Roseobacter litoralis	42443	S	2	0	2	0.00000
Roseobacter ponti	1891787	S	1	0	1	0.00000
Defluviimonas alba	1335048	S	3	1	4	0.00000
Rhodobaca barguzinensis	441209	S	3	0	3	0.00000
Pseudorhodobacter turbinis	2500533	S	3	0	3	0.00000
Parasedimentitalea marina	2483033	S	2	0	2	0.00000
Qingshengfaniella alkalisoli	2599296	S	2	0	2	0.00000
Marinovum algicola	42444	S	2	1	3	0.00000
Thalassobius gelatinovorus	53501	S	2	0	2	0.00000
Jannaschia sp. CCS1	290400	S	2	0	2	0.00000
Sagittula sp. P11	2009329	S	2	2	4	0.00000
Celeribacter marinus	1397108	S	1	0	1	0.00000
Pseudooceanicola algae	1537215	S	1	0	1	0.00000
Marivivens sp. JLT3646	1920883	S	1	0	1	0.00000
Pseudohalocynthiibacter aestuariivivens	1591409	S	1	0	1	0.00000
Ketogulonicigenium robustum	92947	S	1	0	1	0.00000
Confluentimicrobium sp. EMB200-NS6	1609966	S	1	1	2	0.00000
Roseivivax sp. THAF30	2587852	S	1	0	1	0.00000
Ruegeria sp. AD91A	2293862	S	1	0	1	0.00000
Haematobacter massiliensis	195105	S	1	0	1	0.00000
Paraoceanicella profunda	2579971	S	1	0	1	0.00000
Octadecabacter arcticus	53946	S	1	0	1	0.00000
Brevundimonas sp. LM2	1938605	S	6	0	6	0.00000
Brevundimonas sp. LVF1	2774189	S	5	0	5	0.00000
Brevundimonas sp. 'scallop'	2562582	S	4	4	8	0.00001
Brevundimonas sp. GRTSA-9	2800818	S	4	0	4	0.00000
Brevundimonas sp. GW460-12-10-14-LB2	1827469	S	3	2	5	0.00000
Brevundimonas sp. DS20	1532555	S	1	2	3	0.00000
Brevundimonas sp. Bb-A	2560058	S	1	2	3	0.00000
Brevundimonas sp. SGAir0440	2579977	S	1	0	1	0.00000
Brevundimonas sp. AJA228-03	2752515	S	1	0	1	0.00000
Brevundimonas sp. LVF2	2774190	S	1	0	1	0.00000
Brevundimonas sp. CS1	2813778	S	1	0	1	0.00000
Brevundimonas naejangsanensis	588932	S	13	1	14	0.00001
Brevundimonas mediterranea	74329	S	10	1	11	0.00001
Brevundimonas vesicularis	41276	S	9	15	24	0.00002
Brevundimonas subvibrioides	74313	S	1	0	1	0.00000
Caulobacter vibrioides	155892	S	8	2	10	0.00001
Caulobacter sp. FWC26	69665	S	8	2	10	0.00001
Caulobacter soli	2708539	S	4	1	5	0.00000
Caulobacter rhizosphaerae	2010972	S	3	0	3	0.00000
Caulobacter mirabilis	69666	S	2	0	2	0.00000
Caulobacter flavus	1679497	S	2	0	2	0.00000
Phenylobacterium zucineum	284016	S	5	0	5	0.00000
Phenylobacterium parvum	2201350	S	2	0	2	0.00000
Terricaulis silvestris	2686094	S	6	0	6	0.00000
Asticcacaulis excentricus	78587	S	5	0	5	0.00000
Azospirillum brasilense	192	S	6	5	11	0.00001
Azospirillum thermophilum	2202148	S	1	0	1	0.00000
Azospirillum sp. TSH100	652764	S	1	0	1	0.00000
Magnetospirillum sp. ME-1	1639348	S	3	0	3	0.00000
Magnetospirillum sp. XM-1	1663591	S	3	0	3	0.00000
Magnetospirillum magneticum	84159	S	3	0	3	0.00000
Magnetospirillum gryphiswaldense	55518	S	2	0	2	0.00000
Niveispirillum cyanobacteriorum	1612173	S	5	0	5	0.00000
Rhodospirillum centenum	34018	S	2	0	2	0.00000
Rhodospirillum rubrum	1085	S	1	-1	0	0.00000
Skermanella sp. TT6	2775420	S	3	1	4	0.00000
Thalassospira sp. B30-1	2785911	S	2	0	2	0.00000
Tistrella mobilis	171437	S	2	0	2	0.00000
Nitrospirillum amazonense	28077	S	1	0	1	0.00000
Hypericibacter terrae	2602015	S	1	0	1	0.00000
Acetobacter ghanensis	431306	S	3	1	4	0.00000
Acetobacter aceti	435	S	2	1	3	0.00000
Roseomonas sp. FDAARGOS_362	2018065	S	2	1	3	0.00000
Roseomonas mucosa	207340	S	1	1	2	0.00000
Roseomonas gilardii	257708	S	1	0	1	0.00000
Roseococcus sp. NIBR12	2771361	S	4	0	4	0.00000
Komagataeibacter xylinus	28448	S	2	1	3	0.00000
Komagataeibacter oboediens	65958	S	1	0	1	0.00000
Stella humosa	94	S	2	0	2	0.00000
Lichenicola cladoniae	1484109	S	2	0	2	0.00000
Entomobacter blattae	2762277	S	1	0	1	0.00000
Kozakia baliensis	153496	S	1	0	1	0.00000
Gluconacetobacter diazotrophicus	33996	S	1	0	1	0.00000
Orientia tsutsugamushi	784	S	3	0	3	0.00000
Rickettsia sp. Tillamook 23	2761623	S	1	1	2	0.00000
Candidatus Phycorickettsia trachydisci	2115978	S	1	0	1	0.00000
Ehrlichia ruminantium	779	S	3	0	3	0.00000
Hyphomonas sp. CACIAM 19H1	1873716	S	3	0	3	0.00000
Hyphomonas sp. Mor2	1906738	S	1	0	1	0.00000
Hirschia baltica	2724	S	2	0	2	0.00000
Phreatobacter stygius	1940610	S	3	0	3	0.00000
Phreatobacter cathodiphilus	1868589	S	1	0	1	0.00000
Micavibrio aeruginosavorus	349221	S	1	0	1	0.00000
Parvularcula bermudensis	208216	S	3	0	3	0.00000
Marinicauda algicola	2029849	S	2	0	2	0.00000
Maricaulis maris	74318	S	1	0	1	0.00000
Candidatus Paracaedibacter acanthamoebae	91604	S	1	0	1	0.00000
Candidatus Nucleicultrix amoebiphila	1509244	S	1	0	1	0.00000
Luteithermobacter gelatinilyticus	2582913	S	2	0	2	0.00000
Candidatus Pelagibacter sp. HIMB1321	1388755	S	1	0	1	0.00000
Magnetococcus marinus	1124597	S	1	0	1	0.00000
Sorangium cellulosum	56	S	23	1	24	0.00002
Chondromyces crocatus	52	S	1	0	1	0.00000
Labilithrix luteola	1391654	S	9	0	9	0.00001
Minicystis rosea	888845	S	8	0	8	0.00001
Sandaracinus amylolyticus	927083	S	2	0	2	0.00000
Myxococcus xanthus	34	S	3	2	5	0.00000
Myxococcus hansupus	1297742	S	1	1	2	0.00000
Corallococcus macrosporus	35	S	1	2	3	0.00000
Corallococcus coralloides	184914	S	1	0	1	0.00000
Archangium violaceum	83451	S	3	0	3	0.00000
Archangium gephyra	48	S	2	0	2	0.00000
Cystobacter fuscus	43	S	2	0	2	0.00000
Melittangium boletus	83453	S	1	0	1	0.00000
Anaeromyxobacter sp. Fw109-5	404589	S	2	3	5	0.00000
Vulgatibacter incomptus	1391653	S	1	0	1	0.00000
Haliangium ochraceum	80816	S	5	0	5	0.00000
Desulfovibrio vulgaris	881	S	5	0	5	0.00000
Desulfovibrio alaskensis	58180	S	3	2	5	0.00000
Desulfovibrio piger	901	S	1	0	1	0.00000
Desulfovibrio sulfodismutans	63561	S	1	0	1	0.00000
Desulfovibrio carbinoliphilus	345370	S	1	0	1	0.00000
Desulfovibrio sp. IOR2	2583823	S	1	0	1	0.00000
Pseudodesulfovibrio indicus	1716143	S	1	1	2	0.00000
Maridesulfovibrio hydrothermalis	191026	S	1	0	1	0.00000
Geobacter sp. SVR	2495594	S	4	0	4	0.00000
Geobacter sp. M21	443144	S	1	0	1	0.00000
Geobacter sp. DSM 9736	1277350	S	1	0	1	0.00000
Syntrophotalea carbinolica	19	S	2	0	2	0.00000
Syntrophotalea acetylenica	29542	S	2	0	2	0.00000
Syntrophotalea acetylenivorans	1842532	S	2	0	2	0.00000
Desulfococcus oleovorans	181663	S	4	0	4	0.00000
Desulfosarcina alkanivorans	571177	S	1	0	1	0.00000
Desulfosarcina widdelii	947919	S	1	0	1	0.00000
Desulfobacterium autotrophicum	2296	S	1	0	1	0.00000
Desulfonema limicola	45656	S	1	0	1	0.00000
Desulfatibacillum aliphaticivorans	218208	S	1	0	1	0.00000
Desulfarculus baarsii	453230	S	3	0	3	0.00000
Persicimonas caeni	2292766	S	2	0	2	0.00000
Desulfomonile tiedjei	2358	S	1	0	1	0.00000
Aliarcobacter cryaerophilus	28198	S	6	3	9	0.00001
Aliarcobacter cibarius	255507	S	1	0	1	0.00000
Aliarcobacter faecis	1564138	S	1	0	1	0.00000
[Arcobacter] porcinus	1935204	S	1	1	2	0.00000
Arcobacter ellisii	913109	S	2	2	4	0.00000
Arcobacter suis	1278212	S	1	0	1	0.00000
Arcobacter sp. FWKO B	2593672	S	1	0	1	0.00000
Malaciobacter halophilus	197482	S	1	2	3	0.00000
Campylobacter insulaenigrae	260714	S	1	0	1	0.00000
Candidatus Campylobacter infans	2561898	S	1	0	1	0.00000
Campylobacter geochelonis	1780362	S	1	0	1	0.00000
Campylobacter corcagiensis	1448857	S	1	0	1	0.00000
Campylobacter canadensis	449520	S	1	0	1	0.00000
Campylobacter coli	195	S	1	0	1	0.00000
Campylobacter lanienae	75658	S	1	0	1	0.00000
Campylobacter ureolyticus	827	S	1	0	1	0.00000
Campylobacter jejuni	197	S	1	2	3	0.00000
Campylobacter mucosalis	202	S	1	0	1	0.00000
Campylobacter curvus	200	S	1	0	1	0.00000
Campylobacter concisus	199	S	1	0	1	0.00000
Campylobacter showae	204	S	1	0	1	0.00000
Helicobacter canadensis	123841	S	2	0	2	0.00000
Helicobacter bilis	37372	S	2	0	2	0.00000
Helicobacter pylori	210	S	2	0	2	0.00000
Helicobacter mustelae	217	S	1	0	1	0.00000
Sulfurimonas gotlandica	1176482	S	1	0	1	0.00000
Sulfurimonas sp. GYSZ_1	2590022	S	1	0	1	0.00000
Candidatus Sulfurimonas baltica	2740404	S	1	0	1	0.00000
Candidatus Sulfurimonas marisnigri	2740405	S	1	0	1	0.00000
Hydrogenimonas urashimensis	2740515	S	1	0	1	0.00000
Nitratifractor salsuginis	269261	S	1	0	1	0.00000
Caminibacter mediatlanticus	291048	S	3	0	3	0.00000
Nautilia sp. PV-1	2579250	S	1	0	1	0.00000
Cetia pacifica	1424653	S	1	0	1	0.00000
Nitratiruptor sp. YY09-18	2724901	S	1	0	1	0.00000
Nitratiruptor labii	2706014	S	1	0	1	0.00000
Bdellovibrio exovorus	453816	S	5	0	5	0.00000
Bdellovibrio sp. NC01	2220073	S	3	1	4	0.00000
Bdellovibrio sp. ZAP7	2231053	S	2	0	2	0.00000
Bdellovibrio bacteriovorus	959	S	1	0	1	0.00000
Bacteriovorax stolpii	960	S	3	0	3	0.00000
Hydrogenophilus thermoluteolus	297	S	3	0	3	0.00000
Acidithiobacillus caldus	33059	S	2	0	2	0.00000
Mariprofundus ferrinatatus	1921087	S	1	0	1	0.00000
Cutibacterium acnes	1747	S	1749	94	1843	0.00141
Cutibacterium granulosum	33011	S	20	1	21	0.00002
Cutibacterium avidum	33010	S	7	0	7	0.00001
Propionibacterium sp. oral taxon 193	671223	S	58	6	64	0.00005
Microlunatus sagamiharensis	546874	S	7	0	7	0.00001
Microlunatus soli	630515	S	3	0	3	0.00000
Microlunatus phosphovorus	29405	S	1	0	1	0.00000
Microlunatus sp. KUDC0627	2596828	S	1	0	1	0.00000
Tessaracoccus flavus	1610493	S	2	0	2	0.00000
Tessaracoccus flavescens	399497	S	1	0	1	0.00000
Tessaracoccus timonensis	2161816	S	1	0	1	0.00000
Acidipropionibacterium acidipropionici	1748	S	2	0	2	0.00000
Acidipropionibacterium virtanenii	2057246	S	1	0	1	0.00000
Auraticoccus monumenti	675864	S	1	0	1	0.00000
Brevilactibacter sp. MC1595	2819349	S	1	0	1	0.00000
Nocardioides sp. S5	2017486	S	4	1	5	0.00000
Nocardioides sp. HDW12B	2714939	S	4	0	4	0.00000
Nocardioides sp. 603	2483798	S	3	0	3	0.00000
Nocardioides sp. MC1495	2736757	S	3	0	3	0.00000
Nocardioides sp. zg-579	2663857	S	3	0	3	0.00000
Nocardioides sp. JQ2195	2592334	S	2	0	2	0.00000
Nocardioides sp. zg-1228	2763008	S	2	0	2	0.00000
Nocardioides sp. CF8	110319	S	2	0	2	0.00000
Nocardioides sp. dk884	2662361	S	1	0	1	0.00000
Nocardioides sp. HDW12A	2714938	S	1	0	1	0.00000
Nocardioides sp. JS614	196162	S	1	0	1	0.00000
Nocardioides ungokensis	1643322	S	3	0	3	0.00000
Nocardioides dokdonensis	450734	S	2	0	2	0.00000
Nocardioides houyundeii	2045452	S	2	0	2	0.00000
Nocardioides cynanchi	2558918	S	2	0	2	0.00000
Nocardioides sambongensis	2589074	S	2	0	2	0.00000
Nocardioides aromaticivorans	200618	S	1	0	1	0.00000
Nocardioides marinisabuli	419476	S	1	0	1	0.00000
Nocardioides euryhalodurans	2518370	S	1	0	1	0.00000
Nocardioides anomalus	2712223	S	1	0	1	0.00000
Aeromicrobium yanjiei	2662028	S	4	1	5	0.00000
Aeromicrobium erythreum	2041	S	1	0	1	0.00000
Pimelobacter simplex	2045	S	1	0	1	0.00000
Friedmanniella luteola	546871	S	1	0	1	0.00000
Micropruina glycogenica	75385	S	1	0	1	0.00000
Kribbella flavida	182640	S	2	0	2	0.00000
Kribbella qitaiheensis	1544730	S	2	0	2	0.00000
Actinopolymorpha singaporensis	117157	S	2	0	2	0.00000
Rhodococcus sp. YL-1	1045808	S	13	43	56	0.00004
Rhodococcus sp. 008	1723645	S	10	41	51	0.00004
Rhodococcus sp. NJ-530	2490853	S	9	34	43	0.00003
Rhodococcus sp. P-2	2795031	S	7	1	8	0.00001
Rhodococcus sp. B7740	1564114	S	4	0	4	0.00000
Rhodococcus sp. AQ5-07	2054902	S	4	11	15	0.00001
Rhodococcus sp. BH4	1807790	S	3	12	15	0.00001
Rhodococcus sp. PBTS 2	1653479	S	2	0	2	0.00000
Rhodococcus sp. H-CA8f	1727214	S	1	3	4	0.00000
Rhodococcus sp. MTM3W5.2	1805827	S	1	0	1	0.00000
Rhodococcus erythropolis	1833	S	36	102	138	0.00011
Rhodococcus qingshengii	334542	S	25	105	130	0.00010
Rhodococcus fascians	1828	S	8	1	9	0.00001
Rhodococcus hoagii	43767	S	5	0	5	0.00000
Rhodococcus coprophilus	38310	S	3	0	3	0.00000
Rhodococcus koreensis	99653	S	2	0	2	0.00000
Rhodococcus ruber	1830	S	1	0	1	0.00000
Rhodococcus imtechensis	262776	S	1	3	4	0.00000
Rhodococcus triatomae	300028	S	1	0	1	0.00000
Nocardia arthritidis	228602	S	5	0	5	0.00000
Nocardia asteroides	1824	S	4	1	5	0.00000
Nocardia terpenica	455432	S	3	0	3	0.00000
Nocardia cyriacigeorgica	135487	S	2	0	2	0.00000
Nocardia mangyaensis	2213200	S	2	0	2	0.00000
Nocardia nova	37330	S	1	0	1	0.00000
Mycolicibacterium tokaiense	39695	S	5	0	5	0.00000
Mycolicibacterium boenickei	146017	S	4	5	9	0.00001
Mycolicibacterium phocaicum	319706	S	4	0	4	0.00000
Mycolicibacterium aubagnense	319707	S	4	0	4	0.00000
Mycolicibacterium fortuitum	1766	S	2	0	2	0.00000
Mycolicibacterium goodii	134601	S	2	0	2	0.00000
Mycolicibacterium frederiksbergense	117567	S	2	0	2	0.00000
Mycolicibacterium hassiacum	46351	S	2	0	2	0.00000
Mycolicibacterium rutilum	370526	S	2	0	2	0.00000
Mycolicibacterium sediminis	1286180	S	2	0	2	0.00000
Mycolicibacterium helvum	1534349	S	2	0	2	0.00000
Mycolicibacterium aurum	1791	S	2	0	2	0.00000
Mycolicibacterium arabiense	1286181	S	1	0	1	0.00000
Mycolicibacterium litorale	758802	S	1	0	1	0.00000
Mycolicibacterium insubricum	444597	S	1	0	1	0.00000
Mycolicibacterium rhodesiae	36814	S	1	0	1	0.00000
Mycolicibacterium sarraceniae	1534348	S	1	0	1	0.00000
Mycolicibacterium duvalii	39688	S	1	0	1	0.00000
Mycolicibacterium gadium	1794	S	1	0	1	0.00000
Mycolicibacterium parafortuitum	39692	S	1	0	1	0.00000
Mycolicibacterium poriferae	39694	S	1	0	1	0.00000
Mycolicibacterium fallax	1793	S	1	0	1	0.00000
Mycolicibacterium mucogenicum	56689	S	1	0	1	0.00000
Mycobacterium sp. YC-RL4	1682113	S	3	0	3	0.00000
Mycobacterium sp. DL440	2675523	S	2	0	2	0.00000
Mycobacterium sp. EPa45	1545728	S	1	0	1	0.00000
Mycobacterium sp. QIA-37	1561223	S	1	0	1	0.00000
Mycobacterium mantenii	560555	S	4	0	4	0.00000
Mycobacterium avium	1764	S	1	0	1	0.00000
Mycobacterium intracellulare	1767	S	1	12	13	0.00001
Mycobacterium marseillense	701042	S	1	0	1	0.00000
Mycobacterium conspicuum	44010	S	3	0	3	0.00000
Mycobacterium gallinarum	39689	S	3	0	3	0.00000
Mycobacterium leprae	1769	S	2	0	2	0.00000
Mycobacterium florentinum	292462	S	1	0	1	0.00000
Mycobacterium stomatepiae	470076	S	1	0	1	0.00000
Mycobacterium dioxanotrophicus	482462	S	2	0	2	0.00000
Mycobacterium kansasii	1768	S	2	0	2	0.00000
Mycobacterium ulcerans	1809	S	1	0	1	0.00000
Mycobacterium cookii	1775	S	1	0	1	0.00000
Mycobacterium grossiae	1552759	S	1	0	1	0.00000
Mycobacterium marinum	1781	S	1	0	1	0.00000
Mycobacterium shottsii	133549	S	1	0	1	0.00000
Mycobacterium gordonae	1778	S	1	0	1	0.00000
Mycobacterium noviomagense	459858	S	1	0	1	0.00000
Mycobacteroides chelonae	1774	S	6	2	8	0.00001
Mycobacteroides immunogenum	83262	S	6	0	6	0.00000
Mycobacteroides abscessus	36809	S	2	0	2	0.00000
Mycobacteroides salmoniphilum	404941	S	2	0	2	0.00000
Mycobacteroides saopaulense	1578165	S	1	0	1	0.00000
Mycolicibacter hiberniae	29314	S	2	0	2	0.00000
Mycolicibacter terrae	1788	S	1	0	1	0.00000
Corynebacterium xerosis	1725	S	9	1	10	0.00001
Corynebacterium sp. NML98-0116	702967	S	3	0	3	0.00000
Corynebacterium sp. zg-917	2763010	S	2	0	2	0.00000
Corynebacterium sp. sy039	2599641	S	1	0	1	0.00000
Corynebacterium sp. 2019	2675218	S	1	0	1	0.00000
Corynebacterium sp. 2039	2675219	S	1	0	1	0.00000
Corynebacterium tuberculostearicum	38304	S	8	2	10	0.00001
Corynebacterium kefirresidentii	1979527	S	6	2	8	0.00001
Corynebacterium terpenotabidum	89154	S	4	0	4	0.00000
Corynebacterium glaucum	187491	S	4	0	4	0.00000
Corynebacterium matruchotii	43768	S	3	0	3	0.00000
Corynebacterium kroppenstedtii	161879	S	3	0	3	0.00000
Corynebacterium bovis	36808	S	3	0	3	0.00000
Corynebacterium jeikeium	38289	S	3	3	6	0.00000
Corynebacterium ulcerans	65058	S	2	0	2	0.00000
Corynebacterium segmentosum	43990	S	2	0	2	0.00000
Corynebacterium amycolatum	43765	S	2	11	13	0.00001
Corynebacterium aurimucosum	169292	S	2	0	2	0.00000
Corynebacterium vitaeruminis	38305	S	2	0	2	0.00000
Corynebacterium macginleyi	38290	S	2	0	2	0.00000
Corynebacterium lactis	1231000	S	2	0	2	0.00000
Corynebacterium liangguodongii	2079535	S	2	0	2	0.00000
Corynebacterium sanguinis	2594913	S	2	0	2	0.00000
Corynebacterium rouxii	2719119	S	2	0	2	0.00000
Corynebacterium sphenisci	191493	S	1	0	1	0.00000
Corynebacterium ureicelerivorans	401472	S	1	0	1	0.00000
Corynebacterium timonense	441500	S	1	0	1	0.00000
Corynebacterium uterequi	1072256	S	1	0	1	0.00000
Corynebacterium humireducens	1223514	S	1	0	1	0.00000
Corynebacterium frankenforstense	1230998	S	1	0	1	0.00000
Corynebacterium imitans	156978	S	1	0	1	0.00000
Corynebacterium testudinoris	136857	S	1	0	1	0.00000
Corynebacterium stationis	1705	S	1	0	1	0.00000
Corynebacterium ammoniagenes	1697	S	1	0	1	0.00000
Corynebacterium variabile	1727	S	1	0	1	0.00000
Corynebacterium mycetoides	38302	S	1	0	1	0.00000
Corynebacterium glucuronolyticum	39791	S	1	0	1	0.00000
Corynebacterium striatum	43770	S	1	0	1	0.00000
Gordonia bronchialis	2054	S	16	1	17	0.00001
Gordonia polyisoprenivorans	84595	S	6	0	6	0.00000
Gordonia sp. JH63	2698900	S	2	3	5	0.00000
Gordonia sp. KTR9	337191	S	1	0	1	0.00000
Gordonia sp. YC-JH1	2059875	S	1	0	1	0.00000
Gordonia terrae	2055	S	2	1	3	0.00000
Gordonia phthalatica	1136941	S	2	0	2	0.00000
Gordonia iterans	1004901	S	1	0	1	0.00000
Tsukamurella paurometabola	2061	S	7	0	7	0.00001
Tsukamurella tyrosinosolvens	57704	S	6	0	6	0.00000
Dietzia sp. oral taxon 368	712270	S	5	0	5	0.00000
Dietzia psychralcaliphila	139021	S	1	0	1	0.00000
Lawsonella clevelandensis	1528099	S	2	0	2	0.00000
Segniliparus rotundus	286802	S	1	0	1	0.00000
Microbacterium sp. PM5	2014534	S	34	5	39	0.00003
Microbacterium sp. No. 7	1714373	S	6	1	7	0.00001
Microbacterium sp. Nx66	2766784	S	5	6	11	0.00001
Microbacterium sp. A18JL200	2782167	S	4	2	6	0.00000
Microbacterium sp. BH-3-3-3	1906742	S	4	0	4	0.00000
Microbacterium sp. 1S1	2606451	S	3	2	5	0.00000
Microbacterium sp. 10M-3C3	2483401	S	3	0	3	0.00000
Microbacterium sp. NY27	2782169	S	2	0	2	0.00000
Microbacterium sp. YJN-G	2763257	S	2	0	2	0.00000
Microbacterium sp. 4R-513	2567934	S	2	0	2	0.00000
Microbacterium sp. TPU 3598	1938334	S	2	0	2	0.00000
Microbacterium sp. XT11	367477	S	1	0	1	0.00000
Microbacterium sp. ABRD_28	2268461	S	1	0	1	0.00000
Microbacterium sp. A18JL241	2782166	S	1	0	1	0.00000
Microbacterium sp. CBA3102	2603598	S	1	0	1	0.00000
Microbacterium sp. JZ31	1906274	S	1	0	1	0.00000
Microbacterium sp. HY60	2769067	S	1	0	1	0.00000
Microbacterium sp. Se63.02b	2709304	S	1	0	1	0.00000
Microbacterium hominis	162426	S	8	2	10	0.00001
Microbacterium lemovicicum	1072463	S	4	0	4	0.00000
Microbacterium foliorum	104336	S	4	1	5	0.00000
Microbacterium aurum	36805	S	2	0	2	0.00000
Microbacterium lushaniae	2614639	S	2	0	2	0.00000
Microbacterium wangchenii	2541726	S	2	0	2	0.00000
Microbacterium pygmaeum	370764	S	2	0	2	0.00000
Microbacterium oleivorans	273677	S	2	0	2	0.00000
Microbacterium hydrocarbonoxydans	273678	S	1	0	1	0.00000
Microbacterium sediminis	904291	S	1	0	1	0.00000
Microbacterium oxydans	82380	S	1	0	1	0.00000
Microbacterium protaetiae	2509458	S	1	0	1	0.00000
Microbacterium esteraromaticum	57043	S	1	0	1	0.00000
Microbacterium caowuchunii	2614638	S	1	0	1	0.00000
Microbacterium testaceum	2033	S	1	0	1	0.00000
Curtobacterium flaccumfaciens	2035	S	17	3	20	0.00002
Curtobacterium sp. Csp2	2495430	S	2	3	5	0.00000
Curtobacterium sp. YC1	2795488	S	2	0	2	0.00000
Curtobacterium sp. BH-2-1-1	1905847	S	1	0	1	0.00000
Leifsonia xyli	1575	S	4	0	4	0.00000
Leifsonia shinshuensis	150026	S	3	0	3	0.00000
Leifsonia sp. 21MFCrub1.1	1798223	S	2	0	2	0.00000
Rathayibacter sp. VKM Ac-2759	2609252	S	1	0	1	0.00000
Rathayibacter sp. VKM Ac-2801	2609255	S	1	0	1	0.00000
Rathayibacter sp. VKM Ac-2804	2609257	S	1	0	1	0.00000
Rathayibacter sp. VKM Ac-2805	2609258	S	1	1	2	0.00000
Rathayibacter festucae	110937	S	2	0	2	0.00000
Rathayibacter toxicus	145458	S	1	0	1	0.00000
Protaetiibacter sp. SSC-01	2759943	S	5	1	6	0.00000
Protaetiibacter intestinalis	2419774	S	1	0	1	0.00000
Rhodoluna limnophila	232537	S	2	0	2	0.00000
Rhodoluna lacicola	529884	S	2	0	2	0.00000
Candidatus Aquiluna sp. UB-MaderosW2red	1855377	S	1	0	1	0.00000
Microterricola viridarii	412690	S	3	0	3	0.00000
Clavibacter michiganensis	28447	S	2	-2	0	0.00000
Clavibacter sp. DM1	2768071	S	1	0	1	0.00000
Gryllotalpicola protaetiae	2419771	S	3	0	3	0.00000
Agromyces aureus	453304	S	2	0	2	0.00000
Plantibacter sp. PA-3-X8	2480625	S	2	0	2	0.00000
Salinibacterium hongtaonis	2079791	S	1	0	1	0.00000
Salinibacterium sp. UTAS2018	2508880	S	1	0	1	0.00000
Marisediminicola antarctica	674079	S	2	0	2	0.00000
Agrococcus jejuensis	399736	S	2	0	2	0.00000
Herbiconiux sp. SALV-R1	2735133	S	2	0	2	0.00000
Leucobacter coleopterorum	2714933	S	1	0	1	0.00000
Frigoribacterium sp. NBH87	2596916	S	1	0	1	0.00000
Glaciihabitans sp. INWT7	2596912	S	1	0	1	0.00000
Frondihabitans sp. 762G35	1446794	S	1	0	1	0.00000
Humibacter sp. BT305	2282656	S	1	7	8	0.00001
Agreia sp. COWG	2773266	S	1	0	1	0.00000
Paenarthrobacter sp. YJN-D	2735317	S	49	8	57	0.00004
Paenarthrobacter ureafaciens	37931	S	1	3	4	0.00000
Kocuria rhizophila	72000	S	22	4	26	0.00002
Kocuria palustris	71999	S	16	1	17	0.00001
Kocuria flava	446860	S	2	0	2	0.00000
Kocuria sp. TGY1120_3	2711329	S	1	0	1	0.00000
Kocuria sp. KD4	2719588	S	1	0	1	0.00000
Kocuria varians	1272	S	1	0	1	0.00000
Kocuria rosea	1275	S	1	0	1	0.00000
Arthrobacter sp. D5-1	1477518	S	5	1	6	0.00000
Arthrobacter sp. YC-RL1	1652545	S	3	0	3	0.00000
Arthrobacter sp. 24S4-2	2575374	S	3	0	3	0.00000
Arthrobacter sp. YN	2020486	S	3	0	3	0.00000
Arthrobacter sp. QXT-31	1357915	S	2	0	2	0.00000
Arthrobacter sp. ZXY-2	1806905	S	1	8	9	0.00001
Arthrobacter sp. ERGS1:01	1704044	S	1	0	1	0.00000
Arthrobacter sp. PM3	2017685	S	1	0	1	0.00000
Arthrobacter sp. NEB 688	904039	S	1	0	1	0.00000
Arthrobacter alpinus	656366	S	4	0	4	0.00000
Arthrobacter citreus	1670	S	1	0	1	0.00000
Arthrobacter agilis	37921	S	1	0	1	0.00000
Arthrobacter crystallopoietes	37928	S	1	0	1	0.00000
Arthrobacter woluwensis	156980	S	1	0	1	0.00000
Arthrobacter dokdonellae	2211210	S	1	0	1	0.00000
Micrococcus luteus	1270	S	13	8	21	0.00002
Micrococcus sp. KBS0714	1179670	S	3	15	18	0.00001
Rothia terrae	396015	S	12	4	16	0.00001
Rothia dentocariosa	2047	S	4	0	4	0.00000
Rothia mucilaginosa	43675	S	4	0	4	0.00000
Rothia aeria	172042	S	2	0	2	0.00000
Glutamicibacter arilaitensis	256701	S	9	1	10	0.00001
Glutamicibacter nicotianae	37929	S	2	0	2	0.00000
Glutamicibacter creatinolyticus	162496	S	1	0	1	0.00000
Glutamicibacter halophytocola	1933880	S	1	0	1	0.00000
Pseudarthrobacter sp. BIM B-2242	2772401	S	2	0	2	0.00000
Pseudarthrobacter sp. NIBRBAC000502772	2590775	S	1	0	1	0.00000
Pseudarthrobacter sp. NBSH8	2596911	S	1	0	1	0.00000
Pseudarthrobacter sp. YJ56	2697569	S	1	0	1	0.00000
Pseudarthrobacter equi	728066	S	1	0	1	0.00000
Citricoccus sp. SGAir0253	2567881	S	2	0	2	0.00000
Sinomonas atrocyanea	37927	S	1	0	1	0.00000
Sinomonas sp. R1AF57	2020377	S	1	0	1	0.00000
Zhihengliuella sp. ISTPL4	2058657	S	1	0	1	0.00000
Dermacoccus nishinomiyaensis	1274	S	103	11	114	0.00009
Dermacoccus sp. PAMC28757	2762331	S	2	0	2	0.00000
Luteipulveratus mongoliensis	571913	S	3	0	3	0.00000
Janibacter limosus	53458	S	5	0	5	0.00000
Janibacter indicus	857417	S	3	1	4	0.00000
Janibacter sp. YB324	2761047	S	2	1	3	0.00000
Phycicoccus endophyticus	1690220	S	3	0	3	0.00000
Phycicoccus sp. HDW14	2714941	S	2	0	2	0.00000
Pedococcus dokdonensis	443156	S	2	0	2	0.00000
Intrasporangium calvum	53358	S	1	0	1	0.00000
Cellulosimicrobium sp. TH-20	1980001	S	3	2	5	0.00000
Isoptericola variabilis	139208	S	3	0	3	0.00000
Isoptericola dokdonensis	372663	S	1	0	1	0.00000
Xylanimonas cellulosilytica	186189	S	2	0	2	0.00000
Xylanimicrobium sp. FW10M-9	2509457	S	2	0	2	0.00000
Ornithinimicrobium sp. HY006	2508882	S	7	0	7	0.00001
Ornithinimicrobium sp. AMA3305	2283195	S	1	0	1	0.00000
Ornithinimicrobium pratense	2593973	S	1	0	1	0.00000
Serinicoccus marinus	247333	S	2	0	2	0.00000
Serinicoccus profundi	1078471	S	2	0	2	0.00000
Brevibacterium sp. CS2	2575923	S	3	0	3	0.00000
Brevibacterium sp. YB235	1496080	S	2	0	2	0.00000
Brevibacterium sp. o2	2697565	S	1	0	1	0.00000
Brevibacterium casei	33889	S	3	0	3	0.00000
Cellulomonas sp. PSBB021	2003551	S	1	0	1	0.00000
Cellulomonas sp. Y8	2591145	S	1	0	1	0.00000
Cellulomonas sp. JZ18	2654191	S	1	0	1	0.00000
Cellulomonas sp. H30R-01	2704467	S	1	0	1	0.00000
Cellulomonas fimi	1708	S	1	0	1	0.00000
Cellulomonas flavigena	1711	S	1	0	1	0.00000
Brachybacterium faecium	43669	S	2	0	2	0.00000
Brachybacterium avium	2017485	S	2	0	2	0.00000
Brachybacterium saurashtrense	556288	S	1	0	1	0.00000
Brachybacterium vulturis	2017484	S	1	0	1	0.00000
Miniimonas sp. S16	2171623	S	2	0	2	0.00000
Beutenbergia cavernae	84757	S	1	0	1	0.00000
Sanguibacter keddieii	60920	S	1	0	1	0.00000
Haloactinobacterium sp. RN3S43	2779775	S	1	0	1	0.00000
Kytococcus sedentarius	1276	S	1	0	1	0.00000
Streptomyces sp. So13.3	2136173	S	3	0	3	0.00000
Streptomyces sp. PBH53	1577075	S	3	0	3	0.00000
Streptomyces sp. TN58	234612	S	2	0	2	0.00000
Streptomyces sp. W1SF4	2305220	S	2	0	2	0.00000
Streptomyces sp. QMT-12	2717324	S	2	0	2	0.00000
Streptomyces sp. CRXT-Y-14	2768069	S	2	0	2	0.00000
Streptomyces sp. CB01881	2078691	S	2	0	2	0.00000
Streptomyces sp. SN-593	659352	S	2	0	2	0.00000
Streptomyces sp. TLI_053	1855352	S	2	0	2	0.00000
Streptomyces sp. 3214.6	1882757	S	2	0	2	0.00000
Streptomyces sp. JB150	2714844	S	1	0	1	0.00000
Streptomyces sp. SCUT-3	2684469	S	1	0	1	0.00000
Streptomyces sp. RLB1-33	2721243	S	1	0	1	0.00000
Streptomyces sp. 2323.1	1938841	S	1	0	1	0.00000
Streptomyces sp. GBA 94-10	1218177	S	1	8	9	0.00001
Streptomyces sp. RPA4-2	2721244	S	1	0	1	0.00000
Streptomyces sp. QHH-9511	2684468	S	1	0	1	0.00000
Streptomyces sp. CMB-StM0423	2059884	S	1	0	1	0.00000
Streptomyces sp. Tue 6075	1661694	S	1	0	1	0.00000
Streptomyces sp. SGAir0924	2109593	S	1	2	3	0.00000
Streptomyces sp. CB00271	2750025	S	1	0	1	0.00000
Streptomyces sp. SAT1	1849967	S	1	0	1	0.00000
Streptomyces sp. CRXT-G-22	2768066	S	1	0	1	0.00000
Streptomyces sp. RTd22	1841249	S	1	0	1	0.00000
Streptomyces sp. endophyte_N2	2153485	S	1	0	1	0.00000
Streptomyces sp. NHF165	2175864	S	1	0	1	0.00000
Streptomyces sp. WAC 01529	2203205	S	1	0	1	0.00000
Streptomyces lividans	1916	S	8	45	53	0.00004
Streptomyces griseoviridis	45398	S	4	0	4	0.00000
Streptomyces venezuelae	54571	S	4	0	4	0.00000
Streptomyces lydicus	47763	S	3	0	3	0.00000
Streptomyces fagopyri	2662397	S	3	0	3	0.00000
Streptomyces aureoverticillatus	66871	S	3	0	3	0.00000
Streptomyces pactum	68249	S	3	0	3	0.00000
Streptomyces buecherae	2763006	S	2	0	2	0.00000
Streptomyces globosus	68209	S	2	0	2	0.00000
Streptomyces albulus	68570	S	2	0	2	0.00000
Streptomyces cattleya	29303	S	2	0	2	0.00000
Streptomyces armeniacus	83291	S	2	0	2	0.00000
Streptomyces anulatus	1892	S	1	0	1	0.00000
Streptomyces griseus	1911	S	1	0	1	0.00000
Streptomyces incarnatus	665007	S	2	0	2	0.00000
Streptomyces ferrugineus	1413221	S	2	0	2	0.00000
Streptomyces cyaneochromogenes	2496836	S	2	0	2	0.00000
Streptomyces lunaelactis	1535768	S	2	0	2	0.00000
Streptomyces tirandamycinicus	2174846	S	2	0	2	0.00000
Streptomyces formicae	1616117	S	1	0	1	0.00000
Streptomyces albus	1888	S	1	0	1	0.00000
Streptomyces griseocarneus	51201	S	1	0	1	0.00000
Streptomyces bathyalis	2710756	S	1	0	1	0.00000
Streptomyces phaeolivaceus	2653200	S	1	0	1	0.00000
Streptomyces aquilus	2548456	S	1	0	1	0.00000
Streptomyces cavourensis	67258	S	1	0	1	0.00000
Streptomyces griseorubiginosus	67304	S	1	0	1	0.00000
Streptomyces antimycoticus	68175	S	1	0	1	0.00000
Streptomyces griseochromogenes	68214	S	1	0	1	0.00000
Streptomyces cadmiisoli	2184053	S	1	0	1	0.00000
Streptomyces violaceusniger	68280	S	1	0	1	0.00000
Streptomyces harbinensis	1176198	S	1	0	1	0.00000
Streptomyces seoulensis	73044	S	1	0	1	0.00000
Streptomyces tsukubensis	83656	S	1	0	1	0.00000
Streptomyces coeruleorubidus	116188	S	1	0	1	0.00000
Streptomyces alboniger	132473	S	1	0	1	0.00000
Streptomyces roseochromogenus	285450	S	1	0	1	0.00000
Streptomyces asterosporus	285570	S	1	0	1	0.00000
Streptomyces bingchenggensis	379067	S	1	0	1	0.00000
Streptomyces gilvosporeus	553510	S	1	0	1	0.00000
Streptomyces rapamycinicus	1226757	S	1	0	1	0.00000
Streptomyces hundungensis	1077946	S	1	0	1	0.00000
Streptomyces lavendulae	1914	S	1	0	1	0.00000
Streptomyces pristinaespiralis	38300	S	1	0	1	0.00000
Streptomyces violaceoruber	1935	S	1	0	1	0.00000
Streptomyces exfoliatus	1905	S	1	0	1	0.00000
Streptomyces clavuligerus	1901	S	1	0	1	0.00000
Streptomyces mobaraensis	35621	S	1	0	1	0.00000
Streptomyces atratus	1893	S	1	0	1	0.00000
Streptomyces antibioticus	1890	S	1	0	1	0.00000
Streptomyces viridifaciens	48665	S	1	0	1	0.00000
Streptomyces ambofaciens	1889	S	1	0	1	0.00000
Kitasatospora setae	2066	S	2	1	3	0.00000
Streptacidiphilus sp. P02-A3a	2704468	S	3	0	3	0.00000
Amycolatopsis sp. FDAARGOS 1241	2778070	S	4	0	4	0.00000
Amycolatopsis sp. AA4	1896961	S	3	0	3	0.00000
Amycolatopsis sp. BJA-103	1911175	S	1	0	1	0.00000
Amycolatopsis sp. Hca4	2742131	S	1	0	1	0.00000
Amycolatopsis mediterranei	33910	S	5	0	5	0.00000
Amycolatopsis orientalis	31958	S	1	0	1	0.00000
Amycolatopsis keratiniphila	129921	S	1	2	3	0.00000
Pseudonocardia sp. AL041005-10	445576	S	8	1	9	0.00001
Pseudonocardia sp. CGMCC 4.1532	2761535	S	3	0	3	0.00000
Pseudonocardia sp. HH130630-07	1690815	S	1	0	1	0.00000
Pseudonocardia dioxanivorans	240495	S	3	0	3	0.00000
Saccharopolyspora erythraea	1836	S	2	4	6	0.00000
Saccharothrix sp. 6-C	2781735	S	3	0	3	0.00000
Saccharothrix espanaensis	103731	S	1	0	1	0.00000
Saccharothrix syringae	103733	S	1	0	1	0.00000
Kibdelosporangium phytohabitans	860235	S	3	0	3	0.00000
Alloactinosynnema sp. L-07	1653480	S	2	0	2	0.00000
Kutzneria albida	43357	S	1	0	1	0.00000
Micromonospora sp. B006	2201999	S	3	1	4	0.00000
Micromonospora sp. WMMA2032	2039870	S	1	0	1	0.00000
Micromonospora sp. 28ISP2-46	2749844	S	1	0	1	0.00000
Micromonospora chokoriensis	356851	S	4	0	4	0.00000
Micromonospora echinaurantiaca	47857	S	3	0	3	0.00000
Micromonospora narathiwatensis	299146	S	2	0	2	0.00000
Micromonospora siamensis	299152	S	2	0	2	0.00000
Micromonospora carbonacea	47853	S	1	0	1	0.00000
Micromonospora echinofusca	47858	S	1	0	1	0.00000
Micromonospora inositola	47865	S	1	0	1	0.00000
Micromonospora sagamiensis	47875	S	1	0	1	0.00000
Micromonospora tulbaghiae	479978	S	1	0	1	0.00000
Micromonospora krabiensis	307121	S	1	0	1	0.00000
Actinoplanes sp. N902-109	649831	S	4	0	4	0.00000
Actinoplanes sp. OR16	946334	S	3	0	3	0.00000
Actinoplanes teichomyceticus	1867	S	4	0	4	0.00000
Actinoplanes derwentensis	113562	S	3	0	3	0.00000
Actinoplanes missouriensis	1866	S	1	0	1	0.00000
Actinoplanes friuliensis	196914	S	1	0	1	0.00000
Phytohabitans suffuscus	624315	S	2	0	2	0.00000
Phytohabitans flavus	1076124	S	2	0	2	0.00000
Verrucosispora sp. NA02020	2742132	S	1	0	1	0.00000
Salinispora tropica	168695	S	1	0	1	0.00000
Actinomyces sp. oral taxon 169	712116	S	4	4	8	0.00001
Actinomyces sp. HMT 175	2789425	S	1	2	3	0.00000
Actinomyces naeslundii	1655	S	2	0	2	0.00000
Actinomyces qiguomingii	2057800	S	2	0	2	0.00000
Actinomyces radicidentis	111015	S	1	0	1	0.00000
Actinomyces gaoshouyii	1960083	S	1	0	1	0.00000
Schaalia odontolytica	1660	S	4	1	5	0.00000
Pauljensenia hongkongensis	178339	S	2	0	2	0.00000
Flaviflexus salsibiostraticola	1282737	S	1	0	1	0.00000
Gardnerella vaginalis	2702	S	11	0	11	0.00001
Gardnerella leopoldii	2792978	S	1	0	1	0.00000
Bifidobacterium adolescentis	1680	S	2	0	2	0.00000
Bifidobacterium bifidum	1681	S	1	0	1	0.00000
Bifidobacterium lemurum	1603886	S	1	0	1	0.00000
Bifidobacterium longum	216816	S	1	0	1	0.00000
Bifidobacterium scardovii	158787	S	1	0	1	0.00000
Bifidobacterium animalis	28025	S	1	0	1	0.00000
Candidatus Planktophila sulfonica	1884904	S	12	0	12	0.00001
Candidatus Planktophila lacus	1884913	S	3	0	3	0.00000
Candidatus Planktophila vernalis	1884907	S	2	0	2	0.00000
Candidatus Planktophila dulcis	1884914	S	1	0	1	0.00000
Actinomadura sp. WMMA1423	2591108	S	6	0	6	0.00000
Actinomadura sp. WMMB 499	1219491	S	1	0	1	0.00000
Actinomadura verrucosospora	46165	S	3	0	3	0.00000
Streptosporangium roseum	2001	S	1	0	1	0.00000
Streptosporangium sp. 'caverna'	2202249	S	1	0	1	0.00000
Nonomuraea sp. ATCC 55076	1909395	S	2	0	2	0.00000
Nakamurella multipartita	53461	S	3	0	3	0.00000
Nakamurella sp. PAMC28650	2762325	S	3	0	3	0.00000
Geodermatophilus obscurus	1861	S	4	0	4	0.00000
Modestobacter marinus	477641	S	1	0	1	0.00000
Frankia alni	1859	S	3	0	3	0.00000
Frankia sp. QA3	710111	S	1	0	1	0.00000
Catenulispora acidiphila	304895	S	2	0	2	0.00000
Epidermidibacterium keratini	1891644	S	2	0	2	0.00000
Jiangella alkaliphila	419479	S	1	0	1	0.00000
Jiangella sp. DSM 45060	1798224	S	1	0	1	0.00000
Stackebrandtia nassauensis	283811	S	1	0	1	0.00000
Acidothermus cellulolyticus	28049	S	1	0	1	0.00000
Kineococcus radiotolerans	131568	S	1	0	1	0.00000
Ilumatobacter coccineus	467094	S	8	0	8	0.00001
Actinomarinicola tropica	2789776	S	5	0	5	0.00000
Rubrobacter radiotolerans	42256	S	1	0	1	0.00000
Rubrobacter xylanophilus	49319	S	1	0	1	0.00000
Rubrobacter sp. SCSIO 52909	2653851	S	1	0	1	0.00000
Baekduia soli	496014	S	1	0	1	0.00000
Eggerthella sp. HF-1101	2690837	S	1	1	2	0.00000
Slackia heliotrinireducens	84110	S	1	0	1	0.00000
Gordonibacter pamelaeae	471189	S	1	0	1	0.00000
Conexibacter woesei	191495	S	2	0	2	0.00000
Conexibacter sp. SYSU D00693	2812560	S	2	0	2	0.00000
Euzebya sp. DY32-46	1608957	S	2	0	2	0.00000
Staphylococcus epidermidis	1282	S	48	9	57	0.00004
Staphylococcus capitis	29388	S	21	3	24	0.00002
Staphylococcus haemolyticus	1283	S	15	3	18	0.00001
Staphylococcus aureus	1280	S	12	37	49	0.00004
Staphylococcus saccharolyticus	33028	S	9	0	9	0.00001
Staphylococcus saprophyticus	29385	S	7	0	7	0.00001
Staphylococcus warneri	1292	S	7	4	11	0.00001
Staphylococcus hominis	1290	S	7	1	8	0.00001
Staphylococcus auricularis	29379	S	6	0	6	0.00000
Staphylococcus equorum	246432	S	5	6	11	0.00001
Staphylococcus xylosus	1288	S	4	0	4	0.00000
Staphylococcus pasteuri	45972	S	4	0	4	0.00000
Staphylococcus cohnii	29382	S	4	1	5	0.00000
Staphylococcus sp. SB1-57	2813777	S	1	5	6	0.00000
Staphylococcus succinus	61015	S	3	0	3	0.00000
Staphylococcus nepalensis	214473	S	1	0	1	0.00000
Staphylococcus delphini	53344	S	1	0	1	0.00000
Staphylococcus simulans	1286	S	1	0	1	0.00000
Macrococcus caseolyticus	69966	S	1	0	1	0.00000
Mammaliicoccus lentus	42858	S	1	0	1	0.00000
Priestia megaterium	1404	S	60	15	75	0.00006
Priestia flexa	86664	S	1	0	1	0.00000
Priestia filamentosa	1402861	S	1	0	1	0.00000
Bacillus cereus	1396	S	12	13	25	0.00002
Bacillus thuringiensis	1428	S	1	0	1	0.00000
Bacillus vini	1476025	S	4	0	4	0.00000
Bacillus sp. FJAT-22090	1581038	S	1	0	1	0.00000
Bacillus sp. S3	486398	S	1	0	1	0.00000
Bacillus sp. BD59S	2499213	S	1	0	1	0.00000
Bacillus sonorensis	119858	S	1	0	1	0.00000
Bacillus tequilensis	227866	S	1	0	1	0.00000
Bacillus gobiensis	1441095	S	2	0	2	0.00000
Bacillus dafuensis	1742359	S	2	0	2	0.00000
Bacillus cellulosilyticus	1413	S	1	0	1	0.00000
Bacillus cohnii	33932	S	1	0	1	0.00000
Bacillus vietnamensis	218284	S	1	0	1	0.00000
Bacillus marisflavi	189381	S	1	0	1	0.00000
Caldibacillus thermoamylovorans	35841	S	8	0	8	0.00001
Anoxybacillus caldiproteolyticus	247480	S	2	0	2	0.00000
Anoxybacillus flavithermus	33934	S	1	0	1	0.00000
Anoxybacillus kamchatkensis	196180	S	1	1	2	0.00000
Weizmannia coagulans	1398	S	3	0	3	0.00000
Mesobacillus foraminis	279826	S	3	0	3	0.00000
Virgibacillus sp. SK37	403957	S	1	1	2	0.00000
Virgibacillus sp. MSP4-1	2700081	S	1	0	1	0.00000
Geobacillus sp. E263	391290	S	1	0	1	0.00000
Geobacillus sp. 44B	1963023	S	1	0	1	0.00000
Geobacillus sp. 46C-IIa	1963025	S	1	0	1	0.00000
Peribacillus asahii	228899	S	1	0	1	0.00000
Peribacillus muralis	264697	S	1	0	1	0.00000
Oceanobacillus iheyensis	182710	S	1	0	1	0.00000
Lederbergia lentus	1467	S	1	0	1	0.00000
Pontibacillus sp. HMF3514	2692425	S	1	0	1	0.00000
Lysinibacillus sp. SGAir0095	2070463	S	1	0	1	0.00000
Sediminibacillus sp. DP4-553-S	2729421	S	1	0	1	0.00000
Anaerobacillus isosaccharinicus	1532552	S	1	0	1	0.00000
Cytobacillus kochii	859143	S	1	0	1	0.00000
Paenibacillus sp. TB2019	2810347	S	2	0	2	0.00000
Paenibacillus sp. B01	2660554	S	2	0	2	0.00000
Paenibacillus sp. E222	2748863	S	1	0	1	0.00000
Paenibacillus sp. URB8-2	2741301	S	1	0	1	0.00000
Paenibacillus sp. FSL R7-0273	1536772	S	1	0	1	0.00000
Paenibacillus glucanolyticus	59843	S	3	0	3	0.00000
Paenibacillus rhizovicinus	2704463	S	2	0	2	0.00000
Paenibacillus mucilaginosus	61624	S	2	-2	0	0.00000
Paenibacillus polymyxa	1406	S	1	0	1	0.00000
Paenibacillus cellulosilyticus	375489	S	1	0	1	0.00000
Paenibacillus swuensis	1178515	S	1	0	1	0.00000
Paenibacillus antarcticus	253703	S	1	0	1	0.00000
Paenibacillus bovis	1616788	S	1	0	1	0.00000
Paenibacillus naphthalenovorans	162209	S	1	0	1	0.00000
Paenibacillus lycopersici	2704462	S	1	0	1	0.00000
Paenibacillus protaetiae	2509456	S	1	0	1	0.00000
Paenibacillus chitinolyticus	79263	S	1	0	1	0.00000
Cohnella sp. LGH	1619153	S	5	0	5	0.00000
Cohnella candidum	2674991	S	2	0	2	0.00000
Brevibacillus brevis	1393	S	1	0	1	0.00000
Brevibacillus laterosporus	1465	S	1	1	2	0.00000
Brevibacillus sp. 7WMA2	2683193	S	1	0	1	0.00000
Thermobacillus composti	377615	S	1	0	1	0.00000
Planomicrobium glaciei	459472	S	2	0	2	0.00000
Solibacillus silvestris	76853	S	2	0	2	0.00000
Paenisporosarcina antarctica	417367	S	1	0	1	0.00000
Listeria monocytogenes	1639	S	2	1	3	0.00000
Gemella haemolysans	1379	S	2	0	2	0.00000
Tumebacillus algifaecis	1214604	S	1	0	1	0.00000
Streptococcus thermophilus	1308	S	16	5	21	0.00002
Streptococcus mitis	28037	S	7	5	12	0.00001
Streptococcus gordonii	1302	S	7	1	8	0.00001
Streptococcus sanguinis	1305	S	4	0	4	0.00000
Streptococcus australis	113107	S	2	5	7	0.00001
Streptococcus pneumoniae	1313	S	2	1	3	0.00000
Streptococcus parasanguinis	1318	S	1	0	1	0.00000
Streptococcus marmotae	1825069	S	1	0	1	0.00000
Streptococcus halotolerans	1814128	S	1	0	1	0.00000
Streptococcus uberis	1349	S	1	0	1	0.00000
Streptococcus anginosus	1328	S	1	2	3	0.00000
Lactococcus lactis	1358	S	23	15	38	0.00003
Lactococcus cremoris	1359	S	8	3	11	0.00001
Lactococcus garvieae	1363	S	5	2	7	0.00001
Lactococcus raffinolactis	1366	S	1	0	1	0.00000
Lactococcus allomyrinae	2419773	S	1	0	1	0.00000
Lactobacillus acidophilus	1579	S	2	0	2	0.00000
Lactobacillus helveticus	1587	S	2	0	2	0.00000
Lactobacillus terrae	2269374	S	2	0	2	0.00000
Lactobacillus iners	147802	S	2	0	2	0.00000
Lactobacillus amylovorus	1604	S	2	0	2	0.00000
Lactobacillus sp. wkB8	1545702	S	1	0	1	0.00000
Lactobacillus crispatus	47770	S	1	0	1	0.00000
Limosilactobacillus fermentum	1613	S	11	3	14	0.00001
Limosilactobacillus reuteri	1598	S	1	0	1	0.00000
Paucilactobacillus hokkaidonensis	1193095	S	7	2	9	0.00001
Leuconostoc pseudomesenteroides	33968	S	2	2	4	0.00000
Weissella hellenica	46256	S	2	1	3	0.00000
Lacticaseibacillus paracasei	1597	S	1	0	1	0.00000
Lacticaseibacillus rhamnosus	47715	S	1	2	3	0.00000
Lacticaseibacillus manihotivorans	88233	S	1	0	1	0.00000
Ligilactobacillus salivarius	1624	S	2	1	3	0.00000
Latilactobacillus curvatus	28038	S	1	1	2	0.00000
Pediococcus claussenii	187452	S	1	0	1	0.00000
Loigolactobacillus backii	375175	S	1	0	1	0.00000
Levilactobacillus brevis	1580	S	1	0	1	0.00000
Companilactobacillus allii	1847728	S	1	0	1	0.00000
Enterococcus faecalis	1351	S	7	2	9	0.00001
Enterococcus cecorum	44008	S	6	0	6	0.00000
Enterococcus mundtii	53346	S	4	0	4	0.00000
Enterococcus faecium	1352	S	2	1	3	0.00000
Enterococcus hirae	1354	S	1	0	1	0.00000
Enterococcus saigonensis	1805431	S	1	0	1	0.00000
Vagococcus penaei	633807	S	2	0	2	0.00000
Dolosigranulum pigrum	29394	S	2	0	2	0.00000
Jeotgalibaca porci	1868793	S	1	1	2	0.00000
Carnobacterium inhibens	147709	S	1	0	1	0.00000
Aerococcus viridans	1377	S	1	0	1	0.00000
Roseburia intestinalis	166486	S	100	16	116	0.00009
Roseburia hominis	301301	S	2	0	2	0.00000
Blautia obeum	40520	S	3	1	4	0.00000
Blautia sp. SC05B48	2479767	S	2	1	3	0.00000
Anaerobutyricum hallii	39488	S	6	1	7	0.00001
[Ruminococcus] gnavus	33038	S	3	0	3	0.00000
[Ruminococcus] torques	33039	S	2	0	2	0.00000
Coprococcus comes	410072	S	2	0	2	0.00000
Butyrivibrio proteoclasticus	43305	S	2	0	2	0.00000
Lachnospira eligens	39485	S	1	0	1	0.00000
Anaerostipes caccae	105841	S	1	0	1	0.00000
Lachnoclostridium phytofermentans	66219	S	1	0	1	0.00000
Clostridium botulinum	1491	S	30	5	35	0.00003
Clostridium sp. JN-1	2483110	S	2	0	2	0.00000
Clostridium sp. JN-9	2507159	S	1	0	1	0.00000
Clostridium sp. 'deep sea'	2779445	S	1	0	1	0.00000
Clostridium butyricum	1492	S	3	0	3	0.00000
Clostridium perfringens	1502	S	2	0	2	0.00000
Clostridium saccharobutylicum	169679	S	2	0	2	0.00000
Clostridium tetani	1513	S	2	0	2	0.00000
Clostridium saccharoperbutylacetonicum	36745	S	2	0	2	0.00000
Clostridium argentinense	29341	S	2	0	2	0.00000
Clostridium acetobutylicum	1488	S	1	0	1	0.00000
Clostridium fermenticellae	2068654	S	1	0	1	0.00000
Clostridium bornimense	1216932	S	1	0	1	0.00000
Clostridium drakei	332101	S	1	0	1	0.00000
Clostridium aceticum	84022	S	1	0	1	0.00000
Clostridium novyi	1542	S	1	0	1	0.00000
Clostridium cellulovorans	1493	S	1	0	1	0.00000
Clostridium beijerinckii	1520	S	1	0	1	0.00000
Clostridium sporogenes	1509	S	1	1	2	0.00000
Sarcina sp. JB2	2726954	S	1	0	1	0.00000
Alkaliphilus metalliredigens	208226	S	1	0	1	0.00000
Hungatella hathewayi	154046	S	1	0	1	0.00000
Hathewaya histolytica	1498	S	1	0	1	0.00000
Faecalibacterium prausnitzii	853	S	9	1	10	0.00001
Ruminococcus bicirculans	1160721	S	1	0	1	0.00000
Acetivibrio saccincola	1677857	S	1	0	1	0.00000
Fastidiosipila sanguinis	236753	S	1	0	1	0.00000
Thermoclostridium stercorarium	1510	S	1	-1	0	0.00000
Clostridioides difficile	1496	S	3	0	3	0.00000
Romboutsia ilealis	1115758	S	1	0	1	0.00000
Romboutsia sp. CE17	2724150	S	1	0	1	0.00000
Peptacetobacter hiranonis	89152	S	1	0	1	0.00000
Desulfosporosinus meridiei	79209	S	1	0	1	0.00000
Desulfosporosinus youngiae	339862	S	1	0	1	0.00000
Desulfosporosinus acidiphilus	885581	S	1	0	1	0.00000
Syntrophobotulus glycolicus	51197	S	1	0	1	0.00000
Eubacterium sp. NSJ-61	2764325	S	1	0	1	0.00000
Thermaerobacter marianensis	73919	S	1	0	1	0.00000
Symbiobacterium thermophilum	2734	S	1	0	1	0.00000
Petrocella atlantisensis	2173034	S	1	0	1	0.00000
Thermoanaerobacterium thermosaccharolyticum	1517	S	1	0	1	0.00000
Thermoanaerobacterium aotearoense	47490	S	1	0	1	0.00000
Thermoanaerobacterium sp. RBIITD	1550240	S	1	0	1	0.00000
Caldicellulosiruptor kronotskyensis	413889	S	1	0	1	0.00000
Caldanaerobacter subterraneus	911092	S	1	0	1	0.00000
Halanaerobium praevalens	2331	S	1	0	1	0.00000
Acetohalobium arabaticum	28187	S	1	0	1	0.00000
Natranaerobius thermophilus	375929	S	1	0	1	0.00000
Veillonella parvula	29466	S	5	0	5	0.00000
Veillonella atypica	39777	S	1	0	1	0.00000
Megasphaera stantonii	2144175	S	2	0	2	0.00000
Megasphaera elsdenii	907	S	1	0	1	0.00000
Dialister massiliensis	2161821	S	1	0	1	0.00000
Megamonas funiformis	437897	S	4	0	4	0.00000
Megamonas hypermegale	158847	S	1	0	1	0.00000
Pelosinus fermentans	365349	S	1	0	1	0.00000
Phascolarctobacterium faecium	33025	S	4	0	4	0.00000
Phascolarctobacterium sp. Marseille-Q4147	2823317	S	1	0	1	0.00000
Finegoldia magna	1260	S	8	1	9	0.00001
Anaerococcus vaginalis	33037	S	2	2	4	0.00000
Anaerococcus prevotii	33034	S	1	0	1	0.00000
Peptoniphilus harei	54005	S	1	0	1	0.00000
Gudongella oleilytica	1582259	S	1	0	1	0.00000
Schnuerera ultunensis	45497	S	1	0	1	0.00000
Erysipelothrix rhusiopathiae	1648	S	2	0	2	0.00000
Amedibacterium intestinale	2583452	S	2	0	2	0.00000
Faecalibaculum rodentium	1702221	S	1	0	1	0.00000
Oscillatoria nigro-viridis	482564	S	94	2	96	0.00007
Moorea producens	1155739	S	1	0	1	0.00000
Planktothrix agardhii	1160	S	37	34	71	0.00005
Planktothrix rubescens	59512	S	3	2	5	0.00000
Microcoleus sp. PCC 7113	1173027	S	1	0	1	0.00000
Crinalium epipsammum	241425	S	2	0	2	0.00000
[Phormidium] sp. ETS-05	222819	S	2	0	2	0.00000
Geitlerinema sp. PCC 7407	1173025	S	1	0	1	0.00000
Microcystis aeruginosa	1126	S	7	0	7	0.00001
Microcystis viridis	44822	S	1	0	1	0.00000
Geminocystis herdmanii	669359	S	3	0	3	0.00000
Geminocystis sp. NIES-3708	1615909	S	2	0	2	0.00000
Gloeothece verrucosa	2546359	S	3	0	3	0.00000
Gloeothece citriformis	2546356	S	1	0	1	0.00000
Cyanobacterium aponinum	379064	S	2	0	2	0.00000
Nostoc sp. CENA543	1869241	S	4	0	4	0.00000
Nostoc sp. PCC 7524	28072	S	3	0	3	0.00000
Nostoc sp. 'Lobaria pulmonaria (5183) cyanobiont'	1618022	S	3	0	3	0.00000
Nostoc sp. TCL26-01	2576904	S	3	0	3	0.00000
Nostoc sp. ATCC 53789	76335	S	1	1	2	0.00000
Nostoc sp. PCC 7107	317936	S	1	0	1	0.00000
Nostoc sp. NIES-4103	2005458	S	1	0	1	0.00000
Nostoc sp. C052	2576902	S	1	0	1	0.00000
Nostoc sp. C057	2576903	S	1	1	2	0.00000
Nostoc sp. UHCC 0702	2814655	S	1	0	1	0.00000
Nostoc carneum	374162	S	8	25	33	0.00003
Nostoc edaphicum	264686	S	3	0	3	0.00000
Nostoc sphaeroides	446679	S	3	0	3	0.00000
Nostoc linckia	92942	S	1	0	1	0.00000
Anabaena sp. YBS01	2490939	S	3	46	49	0.00004
Anabaena sp. WA102	1647413	S	1	2	3	0.00000
Anabaena cylindrica	1165	S	3	0	3	0.00000
Calothrix parasitica	1973486	S	19	0	19	0.00001
Calothrix sp. NIES-2098	1954171	S	7	6	13	0.00001
Calothrix sp. PCC 7507	99598	S	1	0	1	0.00000
Calothrix sp. NIES-3974	2005462	S	1	0	1	0.00000
Calothrix brevissima	938406	S	4	2	6	0.00000
Calothrix parietina	32054	S	3	0	3	0.00000
Cylindrospermopsis curvispora	747548	S	3	0	3	0.00000
Dolichospermum compactum	136073	S	2	3	5	0.00000
Sphaerospermopsis kisseleviana	289435	S	1	0	1	0.00000
Rivularia sp. PCC 7116	373994	S	4	0	4	0.00000
Microchaete diplosiphon	1197	S	1	2	3	0.00000
Fischerella sp. NIES-4106	2005456	S	3	0	3	0.00000
Scytonema sp. HK-05	1137095	S	1	0	1	0.00000
Prochlorococcus marinus	1219	S	9	4	13	0.00001
Synechococcus sp. PCC 7336	195250	S	3	0	3	0.00000
Synechococcus sp. CBW1107	2789857	S	2	0	2	0.00000
Synechococcus sp. CB0101	232348	S	2	0	2	0.00000
Synechococcus sp. NOUM97013	1442555	S	1	0	1	0.00000
Synechococcus lividus	33070	S	1	1	2	0.00000
Cyanobium sp. NS01	261284	S	1	0	1	0.00000
Acaryochloris marina	155978	S	8	0	8	0.00001
Pseudanabaena sp. PCC 7367	82654	S	1	0	1	0.00000
Pseudanabaena sp. ABRG5-3	685565	S	1	0	1	0.00000
Leptolyngbya sp. PCC 7376	111781	S	1	0	1	0.00000
Leptolyngbya sp. O-77	1080068	S	1	0	1	0.00000
Gloeobacter violaceus	33072	S	1	1	2	0.00000
Stanieria cyanosphaera	102116	S	1	0	1	0.00000
Deinococcus sp. S14-83	2489213	S	2	0	2	0.00000
Deinococcus sp. NW-56	2080419	S	1	0	1	0.00000
Deinococcus sp. D7000	2755035	S	1	0	1	0.00000
Deinococcus gobiensis	502394	S	3	0	3	0.00000
Deinococcus geothermalis	68909	S	2	0	2	0.00000
Deinococcus actinosclerus	1768108	S	2	0	2	0.00000
Deinococcus peraridilitoris	432329	S	1	0	1	0.00000
Deinococcus swuensis	1182571	S	1	0	1	0.00000
Deinococcus irradiatisoli	2202254	S	1	0	1	0.00000
Deinococcus proteolyticus	55148	S	1	0	1	0.00000
Thermus scotoductus	37636	S	3	0	3	0.00000
Thermus sp. CCB_US3_UF1	1111069	S	2	0	2	0.00000
Thermus thermophilus	274	S	1	0	1	0.00000
Thermus caldilimi	2483360	S	1	0	1	0.00000
Meiothermus taiwanensis	172827	S	3	1	4	0.00000
Oceanithermus profundus	187137	S	1	0	1	0.00000
Truepera radiovictrix	332249	S	1	0	1	0.00000
Mycoplasma sp. Zaradi2	547987	S	2	0	2	0.00000
Mycoplasma sp. C264-NAS	2726117	S	1	0	1	0.00000
Mycoplasma hominis	2098	S	1	0	1	0.00000
Mycoplasma hyosynoviae	29559	S	1	0	1	0.00000
Mycoplasma haemofelis	29501	S	1	0	1	0.00000
Mycoplasma penetrans	28227	S	1	0	1	0.00000
Mycoplasma salivarium	2124	S	1	0	1	0.00000
Mycoplasma canis	29555	S	2	0	2	0.00000
Mycoplasma meleagridis	29561	S	2	0	2	0.00000
Mycoplasma citelli	171281	S	1	0	1	0.00000
Mycoplasma gallopavonis	76629	S	1	0	1	0.00000
Spiroplasma helicoides	216938	S	2	0	2	0.00000
Spiroplasma apis	2137	S	1	0	1	0.00000
Spiroplasma tabanidicola	324079	S	1	0	1	0.00000
Spiroplasma kunkelii	47834	S	1	0	1	0.00000
Spiroplasma citri	2133	S	1	0	1	0.00000
Candidatus Promineofilum breve	1806508	S	5	0	5	0.00000
Tepidiforma bonchosmolovskayae	2601677	S	2	0	2	0.00000
Thermomicrobium roseum	500	S	1	0	1	0.00000
Pelolinea submarina	913107	S	1	0	1	0.00000
Dehalococcoides mccartyi	61435	S	1	0	1	0.00000
Flavobacterium sp. M31R6	2739062	S	78	8	86	0.00007
Flavobacterium sp. Sr18	935222	S	8	0	8	0.00001
Flavobacterium sp. CLA17	2724135	S	8	1	9	0.00001
Flavobacterium sp. MDT1-60	1979344	S	7	1	8	0.00001
Flavobacterium sp. KBS0721	1179672	S	5	1	6	0.00000
Flavobacterium sp. HYN0086	2249356	S	5	1	6	0.00000
Flavobacterium sp. SLB02	2665645	S	3	0	3	0.00000
Flavobacterium sp. LPB0248	2614441	S	3	1	4	0.00000
Flavobacterium sp. BB8	2816357	S	2	0	2	0.00000
Flavobacterium sp. I3-2	2748319	S	2	1	3	0.00000
Flavobacterium sp. 140616W15	2478552	S	2	0	2	0.00000
Flavobacterium sp. CS20	2775246	S	1	0	1	0.00000
Flavobacterium psychrophilum	96345	S	15	1	16	0.00001
Flavobacterium nackdongense	2547394	S	15	0	15	0.00001
Flavobacterium gilvum	1492737	S	12	1	13	0.00001
Flavobacterium johnsoniae	986	S	10	3	13	0.00001
Flavobacterium columnare	996	S	9	1	10	0.00001
Flavobacterium branchiophilum	55197	S	6	0	6	0.00000
Flavobacterium anhuiense	459526	S	6	2	8	0.00001
Flavobacterium sediminis	2201181	S	6	3	9	0.00001
Flavobacterium faecale	1355330	S	6	0	6	0.00000
Flavobacterium nitrogenifigens	1617283	S	5	2	7	0.00001
Flavobacterium crassostreae	1763534	S	5	0	5	0.00000
Flavobacterium haoranii	683124	S	5	0	5	0.00000
Flavobacterium indicum	312277	S	5	0	5	0.00000
Flavobacterium crocinum	2183896	S	4	1	5	0.00000
Flavobacterium sangjuense	2518177	S	4	0	4	0.00000
Flavobacterium commune	1306519	S	3	0	3	0.00000
Flavobacterium magnum	2162713	S	2	0	2	0.00000
Flavobacterium pallidum	2172098	S	1	0	1	0.00000
Flavobacterium album	2175091	S	1	0	1	0.00000
Polaribacter sp. MED152	313598	S	4	0	4	0.00000
Polaribacter sp. Hel1_33_78	1336804	S	3	0	3	0.00000
Polaribacter sp. KT25b	1855336	S	3	0	3	0.00000
Polaribacter sp. G4M1	2808900	S	2	0	2	0.00000
Polaribacter sp. SA4-12	1312072	S	1	0	1	0.00000
Polaribacter vadi	1774273	S	2	0	2	0.00000
Polaribacter reichenbachii	996801	S	1	0	1	0.00000
Polaribacter haliotis	1888915	S	1	0	1	0.00000
Myroides odoratimimus	76832	S	7	6	13	0.00001
Myroides phaeus	702745	S	6	1	7	0.00001
Myroides odoratus	256	S	2	0	2	0.00000
Myroides profundi	480520	S	1	0	1	0.00000
Myroides fluvii	2572594	S	1	0	1	0.00000
Myroides sp. A21	1583100	S	1	0	1	0.00000
Capnocytophaga gingivalis	1017	S	3	0	3	0.00000
Capnocytophaga sputigena	1019	S	2	1	3	0.00000
Capnocytophaga cynodegmi	28189	S	1	0	1	0.00000
Capnocytophaga stomatis	1848904	S	1	0	1	0.00000
Capnocytophaga endodontalis	2708117	S	1	0	1	0.00000
Winogradskyella sediminis	1382466	S	4	0	4	0.00000
Winogradskyella sp. J14-2	1936080	S	2	0	2	0.00000
Winogradskyella sp. PG-2	754409	S	1	0	1	0.00000
Winogradskyella forsetii	2686077	S	1	0	1	0.00000
Winogradskyella helgolandensis	2697010	S	1	0	1	0.00000
Nonlabens sp. Hel1_33_55	1336802	S	3	0	3	0.00000
Nonlabens sp. Ci31	2608253	S	1	0	1	0.00000
Nonlabens dokdonensis	328515	S	3	0	3	0.00000
Cellulophaga sp. L1A9	2686362	S	5	1	6	0.00000
Cellulophaga lytica	979	S	2	0	2	0.00000
Aquimarina sp. AD1	1714848	S	5	0	5	0.00000
Aquimarina sp. AD10	1714849	S	1	0	1	0.00000
Aquimarina sp. BL5	1714860	S	1	0	1	0.00000
Tenacibaculum sp. SZ-18	754423	S	1	0	1	0.00000
Tenacibaculum sp. DSM 106434	2358479	S	1	0	1	0.00000
Tenacibaculum jejuense	584609	S	1	0	1	0.00000
Tenacibaculum dicentrarchi	669041	S	1	0	1	0.00000
Tenacibaculum todarodis	1850252	S	1	0	1	0.00000
Salegentibacter sp. T436	1729720	S	4	2	6	0.00000
Salegentibacter salegens	143223	S	1	0	1	0.00000
Aequorivita sublithincola	101385	S	5	0	5	0.00000
Lacinutrix sp. Bg11-31	2057808	S	3	0	3	0.00000
Lacinutrix venerupis	1486034	S	1	0	1	0.00000
Formosa agariphila	320324	S	2	0	2	0.00000
Formosa sp. Hel1_33_131	1336794	S	1	0	1	0.00000
Formosa sp. Hel1_31_208	1798225	S	1	0	1	0.00000
Siansivirga zeaxanthinifaciens	762954	S	3	0	3	0.00000
Tamlana carrageenivorans	2069432	S	3	0	3	0.00000
Maribacter sp. HTCC2170	313603	S	1	0	1	0.00000
Maribacter sp. T28	1836467	S	1	0	1	0.00000
Maribacter cobaltidurans	1178778	S	1	0	1	0.00000
Kordia antarctica	1218801	S	2	0	2	0.00000
Kordia sp. SMS9	2282170	S	1	0	1	0.00000
Mariniflexile sp. TRM1-10	2027857	S	2	0	2	0.00000
Algibacter alginicilyticus	1736674	S	1	0	1	0.00000
Algibacter sp. L3A6	2686366	S	1	0	1	0.00000
Zunongwangia profunda	398743	S	2	1	3	0.00000
Changchengzhania lutea	2049305	S	2	0	2	0.00000
Muricauda ruestringensis	111501	S	1	0	1	0.00000
Muricauda sp. 501str8	2698672	S	1	0	1	0.00000
Oceanihabitans sp. IOP_32	2529032	S	1	0	1	0.00000
Urechidicola croceus	1850246	S	1	0	1	0.00000
Antarcticibacterium arcticum	2585771	S	1	0	1	0.00000
Gilvibacter sp. SZ-19	754429	S	1	0	1	0.00000
Amniculibacterium sp. G2-70	2767188	S	1	0	1	0.00000
Olleya sp. Bg11-27	2058135	S	1	0	1	0.00000
Psychroflexus sp. ALD_RP9	2777186	S	1	0	1	0.00000
Gramella salexigens	1913577	S	1	0	1	0.00000
Robiginitalea biformata	252307	S	1	0	1	0.00000
Gillisia sp. Hel1_33_143	1336796	S	1	0	1	0.00000
Chryseobacterium sp. SNU WT5	2594269	S	13	2	15	0.00001
Chryseobacterium sp. POL2	2713414	S	6	1	7	0.00001
Chryseobacterium sp. IHB B 17019	1721091	S	5	0	5	0.00000
Chryseobacterium sp. 3008163	2478663	S	5	1	6	0.00000
Chryseobacterium sp. 6424	2039166	S	3	0	3	0.00000
Chryseobacterium sp. NBC 122	2547600	S	2	0	2	0.00000
Chryseobacterium sp. StRB126	878220	S	1	0	1	0.00000
Chryseobacterium sp. JV274	1932669	S	1	0	1	0.00000
Chryseobacterium sp. G0162	2487063	S	1	1	2	0.00000
Chryseobacterium sp. G0186	2487064	S	1	0	1	0.00000
Chryseobacterium sp. G0201	2487065	S	1	0	1	0.00000
Chryseobacterium sp. NEB161	2724619	S	1	0	1	0.00000
Chryseobacterium sp. cx-624	2758037	S	1	0	1	0.00000
Chryseobacterium aureum	2497456	S	8	1	9	0.00001
Chryseobacterium balustinum	246	S	5	2	7	0.00001
Chryseobacterium indologenes	253	S	5	2	7	0.00001
Chryseobacterium manosquense	2754694	S	5	10	15	0.00001
Chryseobacterium carnipullorum	1124835	S	4	1	5	0.00000
Chryseobacterium indoltheticum	254	S	3	0	3	0.00000
Chryseobacterium glaciei	1685010	S	3	0	3	0.00000
Chryseobacterium joostei	112234	S	2	1	3	0.00000
Chryseobacterium shandongense	1493872	S	2	1	3	0.00000
Chryseobacterium gleum	250	S	1	1	2	0.00000
Chryseobacterium cucumeris	1813611	S	1	0	1	0.00000
Chryseobacterium gallinarum	1324352	S	1	0	1	0.00000
Chryseobacterium nakagawai	1241982	S	1	2	3	0.00000
Chryseobacterium arthrosphaerae	651561	S	1	0	1	0.00000
Chryseobacterium piperi	558152	S	1	0	1	0.00000
Kaistella jeonii	266749	S	13	0	13	0.00001
Kaistella flava (ex Peng et al. 2021)	2038776	S	10	1	11	0.00001
Kaistella antarctica	266748	S	7	0	7	0.00001
Kaistella carnis	1241979	S	2	0	2	0.00000
Epilithonimonas vandammei	2487072	S	5	5	10	0.00001
Chryseobacterium lactis	1241981	S	1	0	1	0.00000
Chryseobacterium taklimakanense	536441	S	1	0	1	0.00000
Cloacibacterium normanense	237258	S	34	3	37	0.00003
Elizabethkingia bruuniana	1756149	S	5	9	14	0.00001
Elizabethkingia meningoseptica	238	S	4	0	4	0.00000
Empedobacter brevis	247	S	5	1	6	0.00000
Empedobacter falsenii	343874	S	4	1	5	0.00000
Empedobacter stercoris	1628248	S	1	0	1	0.00000
Apibacter sp. B3706	2656760	S	1	3	4	0.00000
Apibacter raozihei	2500547	S	3	0	3	0.00000
Ornithobacterium rhinotracheale	28251	S	2	0	2	0.00000
Riemerella anatipestifer	34085	S	2	0	2	0.00000
Bergeyella cardium	1585976	S	1	0	1	0.00000
Blattabacterium cuenoti	1653831	S	11	1	12	0.00001
Blattabacterium sp. (Mastotermes darwiniensis)	39768	S	1	0	1	0.00000
Blattabacterium sp. (Blattella germanica)	624186	S	1	0	1	0.00000
Blattabacterium sp. (Blaberus giganteus)	1186051	S	1	0	1	0.00000
Blattabacterium punctulatus	164514	S	1	0	1	0.00000
Fluviicola taffensis	191579	S	4	0	4	0.00000
Owenweeksia hongkongensis	253245	S	1	0	1	0.00000
Pedobacter sp. SW-16	2766984	S	30	7	37	0.00003
Pedobacter sp. HDW13	2714940	S	13	1	14	0.00001
Pedobacter sp. G11	2482728	S	9	1	10	0.00001
Pedobacter sp. KBS0701	2578106	S	8	2	10	0.00001
Pedobacter sp. JBR3-12	2789740	S	7	0	7	0.00001
Pedobacter sp. PACM 27299	1727164	S	1	0	1	0.00000
Pedobacter sp. CJ43	2605747	S	1	0	1	0.00000
Pedobacter roseus	336820	S	10	4	14	0.00001
Pedobacter suwonensis	332999	S	8	2	10	0.00001
Pedobacter cryoconitis	188932	S	6	0	6	0.00000
Pedobacter heparinus	984	S	4	0	4	0.00000
Pedobacter ginsengisoli	363852	S	4	0	4	0.00000
Pedobacter steynii	430522	S	4	0	4	0.00000
Sphingobacterium multivorum	28454	S	9	7	16	0.00001
Sphingobacterium sp. dk4302	2662364	S	2	0	2	0.00000
Sphingobacterium sp. UDSM-2020	2795738	S	2	0	2	0.00000
Sphingobacterium sp. ML3W	1538644	S	1	0	1	0.00000
Sphingobacterium spiritivorum	258	S	5	2	7	0.00001
Sphingobacterium thalpophilum	259	S	2	1	3	0.00000
Sphingobacterium psychroaquaticum	561061	S	2	0	2	0.00000
Sphingobacterium hotanense	649196	S	2	0	2	0.00000
Sphingobacterium daejeonense	371142	S	1	0	1	0.00000
Mucilaginibacter celer	2305508	S	4	2	6	0.00000
Mucilaginibacter xinganensis	1234841	S	3	0	3	0.00000
Mucilaginibacter mallensis	652787	S	2	0	2	0.00000
Mucilaginibacter ginsenosidivorax	862126	S	2	0	2	0.00000
Mucilaginibacter sp. 14171R-50	2703789	S	2	0	2	0.00000
Mucilaginibacter ginsenosidivorans	398053	S	1	0	1	0.00000
Mucilaginibacter mali	2740462	S	1	0	1	0.00000
Solitalea canadensis	995	S	7	0	7	0.00001
Olivibacter sp. LS-1	2592345	S	3	4	7	0.00001
Olivibacter sp. SDN3	2764720	S	1	0	1	0.00000
Anseongella ginsenosidimutans	496056	S	2	0	2	0.00000
Pseudopedobacter saltans	151895	S	1	0	1	0.00000
Spirosoma sp. KUDC1026	2745947	S	49	2	51	0.00004
Spirosoma sp. CJU-R4	2728024	S	4	0	4	0.00000
Spirosoma pollinicola	2057025	S	7	0	7	0.00001
Spirosoma montaniterrae	1178516	S	2	0	2	0.00000
Spirosoma taeanense	2735870	S	2	0	2	0.00000
Spirosoma rigui	564064	S	1	0	1	0.00000
Spirosoma radiotolerans	1379870	S	1	0	1	0.00000
Spirosoma endbachense	2666025	S	1	0	1	0.00000
Cytophaga hutchinsonii	985	S	7	0	7	0.00001
Runella sp. SP2	2268026	S	4	0	4	0.00000
Runella slithyformis	106	S	1	0	1	0.00000
Aquirufa nivalisilvae	2516557	S	4	0	4	0.00000
Fibrella sp. ES10-3-2-2	1834519	S	2	0	2	0.00000
Dyadobacter sp. Q3-56	2747268	S	1	0	1	0.00000
Arcticibacterium luteifluviistationis	1784714	S	1	0	1	0.00000
Hymenobacter sp. BRD67	2675877	S	2	1	3	0.00000
Hymenobacter sp. BRD128	2675878	S	2	0	2	0.00000
Hymenobacter sp. TS19	2735321	S	2	0	2	0.00000
Hymenobacter sp. APR13	1356852	S	1	0	1	0.00000
Hymenobacter sp. PAMC 26554	1484116	S	1	0	1	0.00000
Hymenobacter sp. PAMC 26628	1484118	S	1	0	1	0.00000
Hymenobacter sp. NBH84	2596915	S	1	0	1	0.00000
Hymenobacter sp. S2-20-2	2761579	S	1	0	1	0.00000
Hymenobacter nivis	1850093	S	4	0	4	0.00000
Hymenobacter sedentarius	1411621	S	3	0	3	0.00000
Hymenobacter busanensis	2607656	S	1	0	1	0.00000
Hymenobacter baengnokdamensis	2615203	S	1	1	2	0.00000
Hymenobacter russus	2724192	S	1	0	1	0.00000
Pontibacter akesuensis	388950	S	2	0	2	0.00000
Pontibacter sp. SGAir0037	2571030	S	1	0	1	0.00000
Rufibacter radiotolerans	1379910	S	2	0	2	0.00000
Rufibacter sp. DG15C	1379909	S	1	0	1	0.00000
Nibribacter ruber	2698458	S	2	0	2	0.00000
Cyclobacterium marinum	104	S	3	0	3	0.00000
Cyclobacterium amurskyense	320787	S	3	0	3	0.00000
Aquiflexum balticum	280473	S	4	0	4	0.00000
Belliella baltica	232259	S	3	0	3	0.00000
Algoriphagus sp. Y33	2772483	S	2	0	2	0.00000
Echinicola strongylocentroti	1795355	S	1	0	1	0.00000
Echinicola rosea	1807691	S	1	0	1	0.00000
Flammeovirga pectinis	2494373	S	3	0	3	0.00000
Flammeovirga sp. MY04	1191459	S	3	0	3	0.00000
Cardinium endosymbiont of Sogatella furcifera	650378	S	1	0	1	0.00000
Candidatus Amoebophilus asiaticus	281120	S	1	0	1	0.00000
Marivirga tractuosa	1006	S	2	0	2	0.00000
Roseivirga pacifica	1267423	S	2	0	2	0.00000
Bernardetia litoralis	999	S	1	0	1	0.00000
Chryseolinea soli	2321403	S	1	0	1	0.00000
Phocaeicola dorei	357276	S	19	2	21	0.00002
Phocaeicola vulgatus	821	S	9	0	9	0.00001
Phocaeicola salanitronis	376805	S	1	0	1	0.00000
Bacteroides caccae	47678	S	6	0	6	0.00000
Bacteroides eggerthii	28111	S	5	0	5	0.00000
Bacteroides ovatus	28116	S	3	2	5	0.00000
Bacteroides sp. CBA7301	2715212	S	3	0	3	0.00000
Bacteroides fragilis	817	S	2	2	4	0.00000
Bacteroides coprosuis	151276	S	2	0	2	0.00000
Bacteroides uniformis	820	S	1	0	1	0.00000
Prevotella melaninogenica	28132	S	3	0	3	0.00000
Prevotella oris	28135	S	2	0	2	0.00000
Prevotella intermedia	28131	S	1	0	1	0.00000
Prevotella dentalis	52227	S	1	0	1	0.00000
Prevotella enoeca	76123	S	1	0	1	0.00000
Prevotella fusca	589436	S	1	0	1	0.00000
Prevotella sp. oral taxon 299	652716	S	1	0	1	0.00000
Parabacteroides distasonis	823	S	2	0	2	0.00000
Parabacteroides sp. CT06	2025876	S	2	5	7	0.00001
Tannerella sp. oral taxon HOT-286	712710	S	2	0	2	0.00000
Butyricimonas virosa	544645	S	1	0	1	0.00000
Butyricimonas faecalis	2093856	S	1	0	1	0.00000
Odoribacter splanchnicus	28118	S	1	0	1	0.00000
Petrimonas mucosa	1642646	S	3	0	3	0.00000
Paludibacter propionicigenes	185300	S	3	0	3	0.00000
Alistipes communis	2585118	S	1	0	1	0.00000
Alistipes sp. dk3624	2662363	S	1	0	1	0.00000
Porphyromonas gingivalis	837	S	2	0	2	0.00000
Muribaculum intestinale	1796646	S	1	0	1	0.00000
Muribaculum gordoncarteri	2530390	S	1	0	1	0.00000
Salinivirga cyanobacteriivorans	1307839	S	1	0	1	0.00000
Labilibaculum antarcticum	1717717	S	2	0	2	0.00000
Alkalitalea saponilacus	889453	S	1	0	1	0.00000
Draconibacterium sp. M1	2706887	S	1	0	1	0.00000
Pseudobacter ginsenosidimutans	661488	S	21	1	22	0.00002
Chitinophaga sp. MD30	2033437	S	1	6	7	0.00001
Chitinophaga pinensis	79329	S	5	1	6	0.00000
Chitinophaga caeni	2029983	S	2	1	3	0.00000
Arachidicoccus ginsenosidivorans	496057	S	8	0	8	0.00001
Arachidicoccus sp. B3-10	2545455	S	4	0	4	0.00000
Arachidicoccus soli	2341117	S	1	0	1	0.00000
Lacibacter sp. S13-6-6	2760713	S	10	0	10	0.00001
Panacibacter ginsenosidivorans	1813871	S	8	0	8	0.00001
Paraflavitalea soli	2315862	S	8	0	8	0.00001
Niabella ginsenosidivorans	1176587	S	2	0	2	0.00000
Niabella soli	446683	S	1	0	1	0.00000
Filimonas lacunae	477680	S	3	0	3	0.00000
Niastella koreensis	354356	S	2	0	2	0.00000
Flavihumibacter sp. SB-02	2676868	S	2	0	2	0.00000
Pseudocnuella soli	2502779	S	2	0	2	0.00000
Flavisolibacter tropicus	1492898	S	1	0	1	0.00000
Haliscomenobacter hydrossis	2350	S	4	0	4	0.00000
Rhodothermus marinus	29549	S	2	0	2	0.00000
Salinibacter ruber	146919	S	1	0	1	0.00000
Chlorobium phaeovibrioides	1094	S	1	0	1	0.00000
Chlorobium phaeobacteroides	1096	S	1	0	1	0.00000
Prosthecochloris aestuarii	1102	S	1	0	1	0.00000
Chlorobaculum limnaeum	274537	S	1	0	1	0.00000
Candidatus Cyclonatronum proteinivorum	1457365	S	1	0	1	0.00000
Gemmatimonas sp. TET16	2732249	S	7	0	7	0.00001
Gemmatimonas aurantiaca	173480	S	1	0	1	0.00000
Gemmatimonas phototrophica	1379270	S	1	0	1	0.00000
Gemmatirosa kalamazoonesis	861299	S	8	0	8	0.00001
Fibrobacter succinogenes	833	S	2	0	2	0.00000
Candidatus Cloacimonas acidaminovorans	456827	S	1	0	1	0.00000
Urbifossiella limnaea	2528023	S	27	1	28	0.00002
Gemmata massiliana	1210884	S	9	2	11	0.00001
Gemmata obscuriglobus	114	S	7	0	7	0.00001
Gemmata sp. SH-PL17	1630693	S	4	1	5	0.00000
Limnoglobus roseus	2598579	S	18	0	18	0.00001
Frigoriglobus tundricola	2774151	S	12	1	13	0.00001
Lignipirellula cremea	2528010	S	4	1	5	0.00000
Anatilimnocola aggregata	2528021	S	4	1	5	0.00000
Pirellula sp. SH-Sr6A	1632865	S	3	0	3	0.00000
Rhodopirellula baltica	265606	S	3	0	3	0.00000
Roseimaritima ulvae	980254	S	3	0	3	0.00000
Rosistilla oblonga	2527990	S	1	0	1	0.00000
Rosistilla carotiformis	2528017	S	1	0	1	0.00000
Mariniblastus fucicola	980251	S	1	0	1	0.00000
Aureliella helgolandensis	2527968	S	1	0	1	0.00000
Stieleria maiorica	2795974	S	1	0	1	0.00000
Lacipirellula limnantheis	2528024	S	11	1	12	0.00001
Lacipirellula parvula	2650471	S	2	0	2	0.00000
Bythopirellula goksoyri	1400387	S	1	0	1	0.00000
Botrimarina mediterranea	2528022	S	1	0	1	0.00000
Pirellulimonas nuda	2528009	S	1	0	1	0.00000
Planctomyces sp. SH-PL14	1632864	S	10	0	10	0.00001
Planctomyces sp. SH-PL62	1636152	S	2	0	2	0.00000
Gimesia panareensis	2527978	S	3	0	3	0.00000
Gimesia aquarii	2527964	S	1	0	1	0.00000
Crateriforma conspicua	2527996	S	4	0	4	0.00000
Maioricimonas rarisocia	2528026	S	4	1	5	0.00000
Fuerstia marisgermanicae	1891926	S	3	0	3	0.00000
Caulifigura coniformis	2527983	S	3	0	3	0.00000
Calycomorphotria hydatis	2528027	S	2	0	2	0.00000
Thalassoglobus polymorphus	2527994	S	2	0	2	0.00000
Rubinisphaera brasiliensis	119	S	1	0	1	0.00000
Alienimonas californiensis	2527989	S	1	0	1	0.00000
Tautonia plasticadhaerens	2527974	S	8	0	8	0.00001
Aquisphaera giovannonii	406548	S	5	0	5	0.00000
Singulisphaera acidiphila	466153	S	2	0	2	0.00000
Paludisphaera borealis	1387353	S	2	0	2	0.00000
Isosphaera pallida	128	S	1	0	1	0.00000
Phycisphaera mikurensis	547188	S	2	0	2	0.00000
Humisphaera borealis	2807512	S	1	0	1	0.00000
Anaerohalosphaera lusitana	1936003	S	1	0	1	0.00000
Verrucomicrobium spinosum	2736	S	11	1	12	0.00001
Verrucomicrobium sp. GAS474	1882831	S	5	0	5	0.00000
Roseimicrobium sp. ORNL1	2711231	S	9	0	9	0.00001
Luteolibacter luteus	2728835	S	8	0	8	0.00001
Akkermansia muciniphila	239935	S	2	0	2	0.00000
Akkermansia glycaniphila	1679444	S	1	0	1	0.00000
Opitutus sp. GAS368	1882749	S	10	0	10	0.00001
Lacunisphaera limnophila	1838286	S	6	0	6	0.00000
Nibricoccus aquaticus	2576891	S	2	0	2	0.00000
Ereboglobus luteus	1796921	S	1	0	1	0.00000
Methylacidiphilum kamchatkense	431057	S	1	0	1	0.00000
Candidatus Protochlamydia naegleriophila	389348	S	2	3	5	0.00000
Simkania negevensis	83561	S	3	0	3	0.00000
Chlamydia abortus	83555	S	1	1	2	0.00000
Kiritimatiella glycovorans	1307763	S	1	2	3	0.00000
Leptospira kmetyi	408139	S	6	0	6	0.00000
Leptospira borgpetersenii	174	S	3	0	3	0.00000
Turneriella parva	29510	S	7	0	7	0.00001
Borrelia crocidurae	29520	S	2	1	3	0.00000
Borrelia parkeri	141	S	1	-1	0	0.00000
Borrelia sp. A-FGy1	2608247	S	1	0	1	0.00000
Treponema socranskii	53419	S	2	0	2	0.00000
Treponema succinifaciens	167	S	1	0	1	0.00000
Treponema parvum	138851	S	1	0	1	0.00000
Treponema sp. Marseille-Q4132	2766701	S	1	0	1	0.00000
Brachyspira hyodysenteriae	159	S	1	1	2	0.00000
Brachyspira pilosicoli	52584	S	1	-1	0	0.00000
Fusobacterium nucleatum	851	S	4	0	4	0.00000
Fusobacterium pseudoperiodonticum	2663009	S	2	0	2	0.00000
Fusobacterium gonidiaformans	849	S	1	0	1	0.00000
Fusobacterium mortiferum	850	S	1	0	1	0.00000
Ilyobacter polytropus	167642	S	2	0	2	0.00000
Leptotrichia trevisanii	109328	S	3	0	3	0.00000
Leptotrichia wadei	157687	S	1	0	1	0.00000
Streptobacillus moniliformis	34105	S	1	0	1	0.00000
Pseudoleptotrichia goodfellowii	157692	S	1	0	1	0.00000
Candidatus Solibacter usitatus	332163	S	3	0	3	0.00000
Paludibaculum fermentans	1473598	S	2	0	2	0.00000
Luteitalea pratensis	1855912	S	3	0	3	0.00000
Candidatus Saccharimonas aalborgensis	1332188	S	2	0	2	0.00000
Candidatus Nanosynbacter lyticus	2093824	S	1	0	1	0.00000
Candidatus Babela massiliensis	673862	S	2	0	2	0.00000
Candidatus Nitrospira inopinata	1715989	S	3	2	5	0.00000
Fervidobacterium pennivorans	93466	S	3	0	3	0.00000
Tepiditoga spiralis	2108365	S	1	0	1	0.00000
Thermodesulfatator indicus	171695	S	2	0	2	0.00000
Thermodesulfobacterium geofontis	1295609	S	1	0	1	0.00000
Thermosulfuriphilus ammonigenes	1936021	S	1	0	1	0.00000
Fretibacterium fastidiosum	651822	S	4	0	4	0.00000
Deferribacter desulfuricans	197162	S	3	0	3	0.00000
Dictyoglomus turgidum	513050	S	1	0	1	0.00000
Caldithrix abyssi	187145	S	1	0	1	0.00000
Natrinema versiforme	88724	S	2	0	2	0.00000
Natrinema pellirubrum	69525	S	1	0	1	0.00000
Halovivax sp. KZCA124	2817025	S	2	0	2	0.00000
Halovivax ruber	387341	S	1	0	1	0.00000
Natrialba magadii	13769	S	2	0	2	0.00000
Haloterrigena longa	370324	S	1	0	1	0.00000
Natronorubrum aibiense	348826	S	1	0	1	0.00000
Natronomonas moolapensis	416273	S	2	0	2	0.00000
Natronomonas sp. YPL13	1710540	S	1	0	1	0.00000
Halosimplex rubrum	869889	S	1	0	1	0.00000
Halosimplex litoreum	1198301	S	1	0	1	0.00000
Halanaeroarchaeum sulfurireducens	1604004	S	1	0	1	0.00000
Halorubrum sp. BOL3-1	2497325	S	2	0	2	0.00000
Methanosarcina mazei	2209	S	3	0	3	0.00000
Methanosarcina barkeri	2208	S	1	0	1	0.00000
Methanosarcina thermophila	2210	S	1	-1	0	0.00000
Methanosarcina siciliae	38027	S	1	-1	0	0.00000
Methanocella paludicola	570267	S	1	0	1	0.00000
Methanococcus maripaludis	39152	S	2	0	2	0.00000
Methanococcus aeolicus	42879	S	1	0	1	0.00000
Methanocaldococcus fervens	83171	S	1	0	1	0.00000
Thermococcus sp. IRI35c	2016373	S	1	0	1	0.00000
Thermococcus profundus	49899	S	1	0	1	0.00000
Palaeococcus pacificus	971279	S	1	0	1	0.00000
Nitrosopumilus maritimus	338192	S	1	0	1	0.00000
Nitrosopumilus cobalaminigenes	1470066	S	1	0	1	0.00000
Nitrosopumilus piranensis	1582439	S	1	0	1	0.00000
Candidatus Nitrosopumilus sp. SW	2508726	S	1	0	1	0.00000
Nitrosarchaeum sp. AC2	2259673	S	2	0	2	0.00000
Candidatus Nitrosocosmicus oleophilus	1353260	S	2	0	2	0.00000
Candidatus Nitrosocosmicus hydrocola	1826872	S	1	0	1	0.00000
Candidatus Nitrosopelagicus brevis	1410606	S	1	0	1	0.00000
Candidatus Nitrosotenuis aquarius	1846278	S	1	0	1	0.00000
Aeropyrum pernix	56636	S	1	0	1	0.00000
Candidatus Prometheoarchaeum syntrophicum	2594042	S	2	0	2	0.00000
Flavobacterium phage vB_FspS_filifjonk9-1	2686245	S	16	18	34	0.00003
Flavobacterium phage vB_FspS_tooticki6-1	2686279	S	4	9	13	0.00001
Flavobacterium phage vB_FspS_mymlan6-1	2686266	S	3	5	8	0.00001
Staphylococcus phage StB12	1147042	S	1	0	1	0.00000
Cellulophaga phage phi19:1	1327970	S	1	0	1	0.00000
Pseudomonas phage Epa5	2719575	S	1	0	1	0.00000
Streptococcus phage SpSL1	1566990	S	1	1	2	0.00000
Anoxybacillus phage A403	2099336	S	1	0	1	0.00000
Flavobacterium phage vB_FspS_snork6-1	2686270	S	1	5	6	0.00000
Flavobacterium phage vB_FspS_snusmum6-1	2686273	S	1	0	1	0.00000
Propionibacterium virus Kubed	1982256	S	2	0	2	0.00000
Propionibacterium virus PHL152M00	1982295	S	1	0	1	0.00000
Propionibacterium virus PHL070N00	1982279	S	1	0	1	0.00000
Propionibacterium virus PHL132N00	1982291	S	1	0	1	0.00000
Propionibacterium virus PHL009M11	1982273	S	1	0	1	0.00000
Lactococcus phage M6162	1862961	S	2	3	5	0.00000
Lactococcus virus c2	31537	S	1	0	1	0.00000
Mycobacterium phage Aminay	2250291	S	1	0	1	0.00000
Salmonella phage TS13	2500149	S	1	0	1	0.00000
Gordonia virus Wizard	2170254	S	1	0	1	0.00000
Cellulophaga virus Cba121	1918193	S	1	0	1	0.00000
Polaribacter virus P12002S	1982246	S	1	0	1	0.00000
Flavobacterium phage Fpv20	1814283	S	1	50	51	0.00004
Rhodoferax phage P26218	1636270	S	2	0	2	0.00000
Sulfitobacter phage NYA-2014a	1526550	S	1	0	1	0.00000
Pseudomonas virus phCDa	2734187	S	1	0	1	0.00000
Escherichia virus Pollock	2170215	S	1	0	1	0.00000
Aeromonas virus 56	2560283	S	4	0	4	0.00000
Escherichia virus T4	10665	S	1	1	2	0.00000
Vibrio virus nt1	1914020	S	1	0	1	0.00000
Acinetobacter phage ZZ1	1049283	S	1	0	1	0.00000
Pseudomonas phage Persinger	2749430	S	1	0	1	0.00000
Prochlorococcus virus PSSM2	2734140	S	1	0	1	0.00000
Curvibacter virus P26059B	2733926	S	4	0	4	0.00000
Pseudomonas phage PA11	347327	S	1	0	1	0.00000
Aeromonas virus CF7	2733369	S	1	0	1	0.00000
Human betaherpesvirus 7	10372	S	15	0	15	0.00001
Paramecium bursaria Chlorella virus A1	381899	S	2	-2	0	0.00000
Paramecium bursaria Chlorella virus 1	10506	S	1	0	1	0.00000
Yellowstone lake phycodnavirus 2	1586714	S	3	0	3	0.00000
Aureococcus anophagefferens virus	1474867	S	2	0	2	0.00000
Invertebrate iridescent virus 22	345198	S	1	0	1	0.00000
Heliothis zea nudivirus	29250	S	6	0	6	0.00000
Gokushovirinae Bog5712_52	1655649	S	1	0	1	0.00000
