name	taxonomy_id	taxonomy_lvl	kraken_assigned_reads	added_reads	new_est_reads	fraction_total_reads
Homo sapiens	9606	S	894395	651	895046	0.98609
Acinetobacter junii	40215	S	452	42	494	0.00054
Acinetobacter baumannii	470	S	11	77	88	0.00010
Acinetobacter calcoaceticus	471	S	2	0	2	0.00000
Acinetobacter pittii	48296	S	2	2	4	0.00000
Acinetobacter lactucae	1785128	S	1	0	1	0.00000
Acinetobacter sp. WCHA45	2004644	S	3	1	4	0.00000
Acinetobacter sp. MYb10	1827285	S	3	0	3	0.00000
Acinetobacter sp. ACNIH2	1758189	S	3	0	3	0.00000
Acinetobacter sp. NEB 394	2743575	S	2	1	3	0.00000
Acinetobacter sp. WCHAc010052	2004647	S	1	0	1	0.00000
Acinetobacter sp. TGL-Y2	1407071	S	1	0	1	0.00000
Acinetobacter sp. WCHAc010034	1879049	S	1	0	1	0.00000
Acinetobacter sp. LoGeW2-3	1808001	S	1	0	1	0.00000
Acinetobacter johnsonii	40214	S	9	8	17	0.00002
Acinetobacter haemolyticus	29430	S	8	1	9	0.00001
Acinetobacter lwoffii	28090	S	4	6	10	0.00001
Acinetobacter indicus	756892	S	3	0	3	0.00000
Acinetobacter guillouiae	106649	S	3	0	3	0.00000
Acinetobacter ursingii	108980	S	3	0	3	0.00000
Acinetobacter schindleri	108981	S	3	0	3	0.00000
Acinetobacter venetianus	52133	S	2	0	2	0.00000
Acinetobacter gyllenbergii	134534	S	2	0	2	0.00000
Acinetobacter tandoii	202954	S	1	0	1	0.00000
Acinetobacter wanghuae	2662362	S	1	0	1	0.00000
Acinetobacter bereziniae	106648	S	1	0	1	0.00000
Acinetobacter dispersus	70348	S	1	0	1	0.00000
Moraxella osloensis	34062	S	66	2	68	0.00007
Moraxella nonliquefaciens	478	S	1	0	1	0.00000
Psychrobacter urativorans	45610	S	1	1	2	0.00000
Aquirhabdus parva	2283318	S	1	0	1	0.00000
Pseudomonas sp. CMR12a	658629	S	108	24	132	0.00015
Pseudomonas sp. 13159349	2662034	S	3	19	22	0.00002
Pseudomonas sp. IzPS59	2774459	S	3	1	4	0.00000
Pseudomonas sp. J380	2605424	S	3	1	4	0.00000
Pseudomonas sp. THAF7b	2587845	S	3	3	6	0.00001
Pseudomonas sp. TCU-HL1	1856685	S	3	0	3	0.00000
Pseudomonas sp. StFLB209	1028989	S	2	0	2	0.00000
Pseudomonas sp. R84	1573712	S	2	0	2	0.00000
Pseudomonas sp. LBUM920	2126069	S	2	0	2	0.00000
Pseudomonas sp. LH1G9	2083055	S	2	5	7	0.00001
Pseudomonas sp. ADAK22	2730851	S	1	0	1	0.00000
Pseudomonas sp. CC6-YY-74	1930532	S	1	0	1	0.00000
Pseudomonas sp. LG1E9	2219057	S	1	0	1	0.00000
Pseudomonas sp. ADAK13	2730847	S	1	0	1	0.00000
Pseudomonas sp. SCB32	2653853	S	1	0	1	0.00000
Pseudomonas sp. gcc21	2726989	S	1	0	1	0.00000
Pseudomonas sp. UW4	1207075	S	1	0	1	0.00000
Pseudomonas sp. BIGb0427	2724470	S	1	0	1	0.00000
Pseudomonas sp. 31-12	2201356	S	1	0	1	0.00000
Pseudomonas sp. Y39-6	2749807	S	1	3	4	0.00000
Pseudomonas sp. R32	1573704	S	1	0	1	0.00000
Pseudomonas sp. C27(2019)	2604941	S	1	0	1	0.00000
Pseudomonas sp. 02C 26	2054914	S	1	0	1	0.00000
Pseudomonas sp. PDNC002	2811422	S	1	0	1	0.00000
Pseudomonas fluorescens	294	S	30	15	45	0.00005
Pseudomonas tolaasii	29442	S	29	4	33	0.00004
Pseudomonas veronii	76761	S	3	6	9	0.00001
Pseudomonas azotoformans	47878	S	2	0	2	0.00000
Pseudomonas libanensis	75588	S	2	1	3	0.00000
Pseudomonas brenneri	129817	S	2	0	2	0.00000
Pseudomonas protegens	380021	S	1	0	1	0.00000
Pseudomonas trivialis	200450	S	1	0	1	0.00000
Pseudomonas aeruginosa	287	S	16	45	61	0.00007
Pseudomonas alcaligenes	43263	S	13	1	14	0.00002
Pseudomonas mendocina	300	S	3	0	3	0.00000
Pseudomonas citronellolis	53408	S	3	2	5	0.00001
Pseudomonas stutzeri	316	S	16	5	21	0.00002
Pseudomonas palleroniana	191390	S	10	0	10	0.00001
Pseudomonas monteilii	76759	S	4	2	6	0.00001
Pseudomonas putida	303	S	3	1	4	0.00000
Pseudomonas oryzihabitans	47885	S	1	0	1	0.00000
Pseudomonas mosselii	78327	S	1	0	1	0.00000
Pseudomonas viridiflava	33069	S	1	0	1	0.00000
Pseudomonas syringae	317	S	1	2	3	0.00000
Pseudomonas savastanoi	29438	S	1	2	3	0.00000
Pseudomonas syringae group genomosp. 3	251701	S	1	1	2	0.00000
Pseudomonas moraviensis	321662	S	4	2	6	0.00001
Pseudomonas chlororaphis	587753	S	3	1	4	0.00000
Pseudomonas sediminis	1691904	S	3	0	3	0.00000
Pseudomonas knackmussii	65741	S	3	0	3	0.00000
Pseudomonas otitidis	319939	S	3	0	3	0.00000
Pseudomonas eucalypticola	2599595	S	2	0	2	0.00000
Pseudomonas lurida	244566	S	2	0	2	0.00000
Pseudomonas pohangensis	364197	S	2	0	2	0.00000
Pseudomonas salegens	1434072	S	2	0	2	0.00000
Pseudomonas brassicacearum	930166	S	1	1	2	0.00000
Pseudomonas rhizosphaerae	216142	S	1	0	1	0.00000
Pseudomonas psychrotolerans	237610	S	1	0	1	0.00000
Pseudomonas entomophila	312306	S	1	0	1	0.00000
Pseudomonas oryzae	1392877	S	1	0	1	0.00000
Pseudomonas yamanorum	515393	S	1	0	1	0.00000
Pseudomonas psychrophila	122355	S	1	0	1	0.00000
Pseudomonas sihuiensis	1274359	S	1	0	1	0.00000
Pseudomonas guangdongensis	1245526	S	1	0	1	0.00000
Pseudomonas prosekii	1148509	S	1	0	1	0.00000
Azotobacter chroococcum	353	S	1	1	2	0.00000
Oblitimonas alkaliphila	1697053	S	1	0	1	0.00000
Entomomonas sp. F2A	2785331	S	1	0	1	0.00000
Klebsiella grimontii	2058152	S	480	296	776	0.00085
Klebsiella pneumoniae	573	S	83	54	137	0.00015
Klebsiella aerogenes	548	S	12	0	12	0.00001
Klebsiella variicola	244366	S	5	1	6	0.00001
Klebsiella quasivariicola	2026240	S	1	0	1	0.00000
Citrobacter freundii	546	S	2	6	8	0.00001
Citrobacter tructae	2562449	S	2	0	2	0.00000
Enterobacter roggenkampii	1812935	S	7	2	9	0.00001
Enterobacter cloacae	550	S	1	0	1	0.00000
Enterobacter hormaechei	158836	S	1	0	1	0.00000
Enterobacter sp. RHBSTW-00175	2742639	S	1	0	1	0.00000
Salmonella enterica	28901	S	2	6	8	0.00001
Enterobacteriaceae endosymbiont of Donacia simplex	2675784	S	2	1	3	0.00000
Enterobacteriaceae endosymbiont of Donacia cincticornis	2675773	S	1	0	1	0.00000
Enterobacteriaceae endosymbiont of Donacia cinerea	2675774	S	1	0	1	0.00000
Enterobacteriaceae endosymbiont of Plateumaris consimilis	2675794	S	1	0	1	0.00000
Kluyvera intermedia	61648	S	4	0	4	0.00000
Raoultella planticola	575	S	1	0	1	0.00000
Raoultella ornithinolytica	54291	S	1	1	2	0.00000
Cedecea neteri	158822	S	1	0	1	0.00000
Cedecea lapagei	158823	S	1	0	1	0.00000
Kosakonia pseudosacchari	1646340	S	1	1	2	0.00000
Leclercia adecarboxylata	83655	S	1	0	1	0.00000
Leclercia sp. J807	2681307	S	1	0	1	0.00000
Scandinavium goeteborgense	1851514	S	1	0	1	0.00000
Buttiauxella agrestis	82977	S	1	0	1	0.00000
Candidatus Tachikawaea gelatinosa	1410383	S	1	0	1	0.00000
Escherichia coli	562	S	1	1	2	0.00000
[Enterobacter] lignolyticus	1334193	S	1	0	1	0.00000
Pantoea sp. MSR2	2052056	S	6	0	6	0.00001
Pantoea sp. PSNIH1	1484158	S	2	0	2	0.00000
Pantoea sp. At-9b	592316	S	1	0	1	0.00000
Pantoea rwandensis	1076550	S	7	0	7	0.00001
Pantoea agglomerans	549	S	5	0	5	0.00001
Pantoea cypripedii	55209	S	3	0	3	0.00000
Pantoea stewartii	66269	S	1	0	1	0.00000
Erwinia gerundensis	1619313	S	2	0	2	0.00000
Erwinia amylovora	552	S	1	0	1	0.00000
Erwinia pyrifoliae	79967	S	1	1	2	0.00000
Candidatus Erwinia haradaeae	1922217	S	1	0	1	0.00000
Buchnera aphidicola	9	S	5	0	5	0.00001
Mixta theicola	1458355	S	1	0	1	0.00000
Serratia marcescens	615	S	12	3	15	0.00002
Serratia plymuthica	82996	S	2	0	2	0.00000
Serratia rubidaea	61652	S	1	0	1	0.00000
Yersinia enterocolitica	630	S	2	0	2	0.00000
Yersinia frederiksenii	29484	S	1	2	3	0.00000
Yersinia ruckeri	29486	S	1	0	1	0.00000
Gibbsiella quercinecans	929813	S	1	0	1	0.00000
Lonsdalea populi	1172565	S	3	0	3	0.00000
Pectobacterium brasiliense	180957	S	1	0	1	0.00000
Pectobacterium polaris	2042057	S	1	0	1	0.00000
Dickeya dianthicola	204039	S	2	0	2	0.00000
Providencia sneebia	516075	S	1	0	1	0.00000
Providencia sp. 2.29	2791982	S	1	3	4	0.00000
Proteus mirabilis	584	S	1	0	1	0.00000
Xenorhabdus bovienii	40576	S	1	0	1	0.00000
Arsenophonus endosymbiont of Aleurodicus dispersus	235559	S	1	0	1	0.00000
Vibrio anguillarum	55601	S	194	0	194	0.00021
Vibrio coralliilyticus	190893	S	36	0	36	0.00004
Vibrio harveyi	669	S	3	0	3	0.00000
Vibrio parahaemolyticus	670	S	1	0	1	0.00000
Vibrio diabolicus	50719	S	1	0	1	0.00000
Vibrio sp. SM1977	2662262	S	1	0	1	0.00000
Vibrio sp. EJY3	1116375	S	1	0	1	0.00000
Vibrio sp. Scap24	2589990	S	1	0	1	0.00000
Vibrio vulnificus	672	S	2	0	2	0.00000
Vibrio panuliri	1381081	S	2	0	2	0.00000
Vibrio metschnikovii	28172	S	2	0	2	0.00000
Vibrio nigripulchritudo	28173	S	1	0	1	0.00000
Vibrio alfacsensis	1074311	S	1	0	1	0.00000
Vibrio metoecus	1481663	S	1	0	1	0.00000
Vibrio zhugei	2479546	S	1	0	1	0.00000
Vibrio navarrensis	29495	S	1	0	1	0.00000
Paraphotobacterium marinum	1755811	S	1	0	1	0.00000
Xanthomonas euvesicatoria	456327	S	34	409	443	0.00049
Xanthomonas campestris	339	S	9	0	9	0.00001
Xanthomonas hyacinthi	56455	S	4	0	4	0.00000
Xanthomonas citri	346	S	3	0	3	0.00000
Xanthomonas vesicatoria	56460	S	3	0	3	0.00000
Xanthomonas sacchari	56458	S	3	0	3	0.00000
Xanthomonas sp. SS	2724122	S	2	0	2	0.00000
Xanthomonas fragariae	48664	S	1	0	1	0.00000
Lysobacter enzymogenes	69	S	43	1	44	0.00005
Lysobacter arenosi	2795387	S	5	0	5	0.00001
Lysobacter antibioticus	84531	S	3	0	3	0.00000
Lysobacter soli	453783	S	3	0	3	0.00000
Lysobacter capsici	435897	S	2	0	2	0.00000
Lysobacter lycopersici	1324796	S	2	0	2	0.00000
Lysobacter sp. HDW10	2714936	S	1	0	1	0.00000
Lysobacter oculi	2698682	S	1	0	1	0.00000
Stenotrophomonas maltophilia	40324	S	18	16	34	0.00004
Stenotrophomonas sp. SAU14A_NAIMI4_5	2072413	S	1	0	1	0.00000
Stenotrophomonas rhizophila	216778	S	7	0	7	0.00001
Stenotrophomonas acidaminiphila	128780	S	2	0	2	0.00000
Stenotrophomonas sp. SXG-1	2682487	S	1	1	2	0.00000
Pseudoxanthomonas mexicana	128785	S	9	0	9	0.00001
Pseudoxanthomonas suwonensis	314722	S	5	0	5	0.00001
Pseudoxanthomonas spadix	415229	S	2	0	2	0.00000
Thermomonas carbonis	1463158	S	4	0	4	0.00000
Thermomonas brevis	215691	S	2	0	2	0.00000
Thermomonas sp. HDW16	2714945	S	1	0	1	0.00000
Thermomonas sp. XSG	2771436	S	1	0	1	0.00000
Xylella fastidiosa	2371	S	2	0	2	0.00000
Arenimonas daejeonensis	370777	S	1	0	1	0.00000
Pseudolysobacter antarcticus	2511995	S	1	0	1	0.00000
Dyella sp. M7H15-1	2501295	S	2	1	3	0.00000
Dokdonella koreensis	323415	S	3	0	3	0.00000
Rhodanobacter glycinis	582702	S	1	0	1	0.00000
Rhodanobacter sp. FDAARGOS 1247	2778082	S	1	0	1	0.00000
Ahniella affigens	2021234	S	2	0	2	0.00000
Aerosticca soli	2010829	S	1	0	1	0.00000
Pasteurella multocida	747	S	114	33	147	0.00016
Haemophilus parainfluenzae	729	S	4	0	4	0.00000
Mannheimia pernigra	111844	S	3	0	3	0.00000
Mannheimia haemolytica	75985	S	1	0	1	0.00000
Actinobacillus pleuropneumoniae	715	S	1	0	1	0.00000
Actinobacillus equuli	718	S	1	0	1	0.00000
Rodentibacter heylii	1906744	S	1	0	1	0.00000
Histophilus somni	731	S	1	0	1	0.00000
Frederiksenia canicola	123824	S	1	0	1	0.00000
Otariodibacter oris	1032623	S	1	0	1	0.00000
Halomonas sp. JS92-SW72	2306583	S	26	3	29	0.00003
Halomonas sp. SH5A2	2749040	S	1	0	1	0.00000
Halomonas sp. MCCC 1A13718	2733488	S	1	0	1	0.00000
Halomonas sp. MCCC 1A13316	2733487	S	1	0	1	0.00000
Halomonas sp. 1513	1883416	S	1	0	1	0.00000
Halomonas subglaciescola	29571	S	1	0	1	0.00000
Halomonas huangheensis	1178482	S	1	0	1	0.00000
Halomonas socia	1081866	S	1	0	1	0.00000
Candidatus Carsonella ruddii	114186	S	2	0	2	0.00000
Halotalea alkalilenta	376489	S	1	0	1	0.00000
Marinomonas primoryensis	178399	S	1	0	1	0.00000
Marinomonas algicola	2773454	S	1	0	1	0.00000
Marinobacterium georgiense	48076	S	1	0	1	0.00000
Neptunomonas japonica	417574	S	1	0	1	0.00000
Bermanella marisrubri	207949	S	1	0	1	0.00000
Oleiphilus messinensis	141451	S	1	0	1	0.00000
Endozoicomonas montiporae	1027273	S	1	0	1	0.00000
Pseudoalteromonas agarivorans	176102	S	2	3	5	0.00001
Pseudoalteromonas sp. SM1988	2744479	S	1	0	1	0.00000
Pseudoalteromonas paragorgicola	166934	S	1	2	3	0.00000
Pseudoalteromonas rubra	43658	S	1	0	1	0.00000
Pseudoalteromonas tunicata	314281	S	1	0	1	0.00000
Alteromonas macleodii	28108	S	2	0	2	0.00000
Marinobacter sp. BSs20148	490759	S	1	0	1	0.00000
Marinobacter sp. es.042	1761794	S	1	0	1	0.00000
Glaciecola amylolytica	2489595	S	1	0	1	0.00000
Salinimonas lutimaris	914153	S	1	0	1	0.00000
Paraglaciecola sp. L3A3	2686358	S	1	0	1	0.00000
Shewanella sp. YLB-06	2593655	S	1	4	5	0.00001
Shewanella putrefaciens	24	S	1	3	4	0.00000
Colwellia sp. Arc7-D	2161872	S	1	0	1	0.00000
Psychromonas ingrahamii	357794	S	1	0	1	0.00000
Aeromonas caviae	648	S	7	5	12	0.00001
Aeromonas hydrophila	644	S	6	1	7	0.00001
Aeromonas sp. CU5	2033033	S	4	0	4	0.00000
Aeromonas veronii	654	S	1	0	1	0.00000
Thioalkalivibrio sulfidiphilus	1033854	S	4	0	4	0.00000
Thioalkalivibrio paradoxus	108010	S	1	0	1	0.00000
Acidihalobacter yilgarnenesis	2819280	S	2	0	2	0.00000
Spiribacter curvatus	1335757	S	1	0	1	0.00000
Rheinheimera sp. LHK132	2498451	S	2	0	2	0.00000
Candidatus Thiodictyon syntrophicum	1166950	S	1	0	1	0.00000
Thermochromatium tepidum	1050	S	1	0	1	0.00000
Thioflavicoccus mobilis	80679	S	1	0	1	0.00000
Candidatus Nitrosacidococcus tergens	553981	S	1	0	1	0.00000
Guyparkeria halophila	47960	S	2	0	2	0.00000
Halothiobacillus neapolitanus	927	S	1	0	1	0.00000
Thiothrix sp.	1032	S	3	0	3	0.00000
Thiothrix sp. Ku-5	2735563	S	1	0	1	0.00000
Francisella salina	573569	S	1	0	1	0.00000
Francisella sp. FSC1006	1547445	S	1	0	1	0.00000
Piscirickettsia salmonis	1238	S	2	0	2	0.00000
Kineobactrum salinum	2708301	S	4	0	4	0.00000
Halioglobus maricola	2601894	S	1	0	1	0.00000
Teredinibacter purpureus	2731756	S	2	0	2	0.00000
Oceanicoccus sagamiensis	716816	S	2	0	2	0.00000
Microbulbifer sp. YPW1	2745199	S	1	0	1	0.00000
Legionella pneumophila	446	S	2	1	3	0.00000
Legionella jordanis	456	S	1	0	1	0.00000
Legionella lansingensis	45067	S	1	0	1	0.00000
Legionella sainthelensi	28087	S	1	0	1	0.00000
Legionella geestiana	45065	S	1	0	1	0.00000
Candidatus Rickettsiella viridis	676208	S	2	0	2	0.00000
Methylocaldum marinum	1432792	S	2	0	2	0.00000
Methylovulum psychrotolerans	1704499	S	2	0	2	0.00000
Methylococcus sp. EFPC2	2812648	S	1	0	1	0.00000
Methylomonas sp. LL1	2785785	S	1	0	1	0.00000
Methylomicrobium album	39775	S	1	0	1	0.00000
Immundisolibacter cernigliae	1810504	S	5	0	5	0.00001
Solimonas sp. K1W22B-7	2303331	S	2	0	2	0.00000
Steroidobacter denitrificans	465721	S	2	0	2	0.00000
Candidatus Ruthia magnifica	386487	S	1	0	1	0.00000
Pseudohongiella spirulinae	1249552	S	1	0	1	0.00000
Frischella perrara	1267021	S	1	0	1	0.00000
Sulfuricaulis limicola	1620215	S	1	0	1	0.00000
Variovorax sp. PAMC 28711	1795631	S	25	1	26	0.00003
Variovorax sp. PAMC26660	2762322	S	25	3	28	0.00003
Variovorax sp. 38R	2774875	S	23	21	44	0.00005
Variovorax sp. HW608	1034889	S	14	0	14	0.00002
Variovorax sp. PAMC28562	2762323	S	10	0	10	0.00001
Variovorax sp. WDL1	207745	S	8	5	13	0.00001
Variovorax sp. PBS-H4	434008	S	8	2	10	0.00001
Variovorax sp. PBL-H6	434009	S	7	6	13	0.00001
Variovorax sp. RA8	662548	S	7	3	10	0.00001
Variovorax sp. SRS16	282217	S	5	8	13	0.00001
Variovorax sp. RKNM96	2681552	S	3	0	3	0.00000
Variovorax sp. PMC12	2126319	S	2	89	91	0.00010
Variovorax paradoxus	34073	S	65	18	83	0.00009
Variovorax boronicumulans	436515	S	57	39	96	0.00011
Acidovorax sp. KKS102	358220	S	92	23	115	0.00013
Acidovorax sp. JMULE5	2518343	S	79	12	91	0.00010
Acidovorax sp. T1	1858609	S	36	40	76	0.00008
Acidovorax sp. RAC01	1842533	S	23	5	28	0.00003
Acidovorax sp. 1608163	2478662	S	17	1	18	0.00002
Acidovorax sp. HDW3	2714923	S	8	1	9	0.00001
Acidovorax sp. JS42	232721	S	7	76	83	0.00009
Acidovorax carolinensis	553814	S	30	12	42	0.00005
Acidovorax avenae	80867	S	9	2	11	0.00001
Acidovorax cattleyae	80868	S	5	1	6	0.00001
Acidovorax monticola	1926868	S	5	0	5	0.00001
Acidovorax citrulli	80869	S	4	2	6	0.00001
Acidovorax antarcticus	2743470	S	4	0	4	0.00000
Acidovorax ebreus	721785	S	3	19	22	0.00002
Diaphorobacter sp. HDW4A	2714924	S	128	41	169	0.00019
Diaphorobacter sp. HDW4B	2714925	S	6	0	6	0.00001
Diaphorobacter sp. JS3050	2735554	S	1	12	13	0.00001
Diaphorobacter sp. JS3051	2792224	S	1	11	12	0.00001
Diaphorobacter aerolatus	1288495	S	29	13	42	0.00005
Diaphorobacter ruginosibacter	1715720	S	2	0	2	0.00000
Diaphorobacter polyhydroxybutyrativorans	1546149	S	1	4	5	0.00001
Delftia acidovorans	80866	S	35	47	82	0.00009
Delftia lacustris	558537	S	6	23	29	0.00003
Delftia sp. Cs1-4	742013	S	3	6	9	0.00001
Delftia sp. KV29	1170710	S	2	95	97	0.00011
Delftia sp. HK171	1920191	S	1	2	3	0.00000
Delftia tsuruhatensis	180282	S	1	2	3	0.00000
Rhodoferax sp. AJA081-3	2752316	S	16	0	16	0.00002
Rhodoferax sp. BAB1	2741720	S	12	1	13	0.00001
Rhodoferax sp. PAMC29310	2822760	S	4	0	4	0.00000
Rhodoferax koreense	1842727	S	18	5	23	0.00003
Rhodoferax sediminis	2509614	S	15	1	16	0.00002
Rhodoferax antarcticus	81479	S	13	0	13	0.00001
Rhodoferax ferrireducens	192843	S	10	0	10	0.00001
Rhodoferax saidenbachensis	1484693	S	7	0	7	0.00001
Hydrogenophaga sp. RAC07	1842537	S	18	6	24	0.00003
Hydrogenophaga sp. PBL-H3	434010	S	11	5	16	0.00002
Hydrogenophaga sp. YM1	2806262	S	11	3	14	0.00002
Hydrogenophaga sp. BPS33	2651974	S	9	2	11	0.00001
Hydrogenophaga sp. NH-16	2184519	S	8	7	15	0.00002
Hydrogenophaga sp. PAMC20947	2565558	S	5	0	5	0.00001
Hydrogenophaga sp. BA0156	2716225	S	3	1	4	0.00000
Hydrogenophaga sp. PBC	795665	S	2	0	2	0.00000
Hydrogenophaga crassostreae	1763535	S	7	0	7	0.00001
Hydrogenophaga pseudoflava	47421	S	3	1	4	0.00000
Comamonas aquatica	225991	S	24	4	28	0.00003
Comamonas testosteroni	285	S	14	8	22	0.00002
Comamonas thiooxydans	363952	S	9	5	14	0.00002
Comamonas sp. NLF-7-7	2597701	S	6	1	7	0.00001
Comamonas sp. 7D-2	1232667	S	1	10	11	0.00001
Comamonas koreensis	160825	S	5	0	5	0.00001
Comamonas serinivorans	1082851	S	5	0	5	0.00001
Comamonas piscis	1562974	S	5	0	5	0.00001
Comamonas kerstersii	225992	S	1	0	1	0.00000
Ottowia oryzae	2109914	S	21	1	22	0.00002
Ottowia sp. 27C	2816950	S	13	0	13	0.00001
Kinneretia sp. DAIF2	2714952	S	35	4	39	0.00004
Polaromonas sp. JS666	296591	S	17	7	24	0.00003
Polaromonas naphthalenivorans	216465	S	6	1	7	0.00001
Limnohabitans sp. 63ED37-2	1678128	S	25	1	26	0.00003
Limnohabitans sp. 103DPR2	1678129	S	3	0	3	0.00000
Curvibacter sp. AEP1-3	1844971	S	23	0	23	0.00003
Alicycliphilus denitrificans	179636	S	15	14	29	0.00003
Ramlibacter tataouinensis	94132	S	12	0	12	0.00001
Schlegelella thermodepolymerans	215580	S	10	1	11	0.00001
Melaminivora sp. SC2-9	2109913	S	9	2	11	0.00001
Simplicispira suum	2109915	S	8	1	9	0.00001
Verminephrobacter eiseniae	364317	S	7	0	7	0.00001
Serpentinomonas raichei	1458425	S	3	0	3	0.00000
Serpentinomonas mccroryi	1458426	S	3	0	3	0.00000
Pulveribacter suum	2116657	S	4	0	4	0.00000
Hylemonella gracilis	80880	S	3	0	3	0.00000
Janthinobacterium sp. HH102	1537274	S	22	32	54	0.00006
Janthinobacterium sp. LM6	1938606	S	21	7	28	0.00003
Janthinobacterium sp. 1_2014MBL_MicDiv	1644131	S	5	0	5	0.00001
Janthinobacterium sp. PLB02	2808899	S	5	7	12	0.00001
Janthinobacterium sp. Marseille	375286	S	2	0	2	0.00000
Janthinobacterium sp. 17J80-10	2497863	S	1	0	1	0.00000
Janthinobacterium agaricidamnosum	55508	S	21	28	49	0.00005
Janthinobacterium tructae	2590869	S	11	3	14	0.00002
Janthinobacterium lividum	29581	S	8	7	15	0.00002
Janthinobacterium svalbardensis	368607	S	5	1	6	0.00001
Massilia sp. CCM 8941	2765360	S	9	3	12	0.00001
Massilia sp. YMA4	1593482	S	2	1	3	0.00000
Massilia sp. NR 4-1	1678028	S	1	0	1	0.00000
Massilia sp. WG5	1707785	S	1	0	1	0.00000
Massilia sp. LPB0304	2769491	S	1	0	1	0.00000
Massilia oculi	945844	S	4	0	4	0.00000
Massilia albidiflava	321983	S	3	1	4	0.00000
Massilia umbonata	864828	S	3	1	4	0.00000
Massilia flava	871742	S	3	0	3	0.00000
Massilia armeniaca	2072590	S	3	2	5	0.00001
Massilia lutea	321985	S	2	0	2	0.00000
Massilia violaceinigra	2045208	S	1	0	1	0.00000
Herbaspirillum seropedicae	964	S	6	0	6	0.00001
Herbaspirillum huttiense	863372	S	6	1	7	0.00001
Herbaspirillum rubrisubalbicans	80842	S	5	0	5	0.00001
Herbaspirillum frisingense	92645	S	3	0	3	0.00000
Herbaspirillum hiltneri	341045	S	2	0	2	0.00000
Herbaspirillum robiniae	2014887	S	1	0	1	0.00000
Undibacterium sp. KW1	2058624	S	3	4	7	0.00001
Undibacterium sp. YM2	2058625	S	3	4	7	0.00001
Undibacterium parvum	401471	S	6	1	7	0.00001
Collimonas fungivorans	158899	S	6	0	6	0.00001
Collimonas arenae	279058	S	4	0	4	0.00000
Collimonas pratensis	279113	S	3	0	3	0.00000
Duganella sp. GN2-R2	2728020	S	2	0	2	0.00000
Duganella sp. AF9R3	2728021	S	2	0	2	0.00000
Glaciimonas sp. PAMC28666	2807626	S	2	0	2	0.00000
Oxalobacter formigenes	847	S	1	0	1	0.00000
Polynucleobacter difficilis	556054	S	48	1	49	0.00005
Polynucleobacter necessarius	576610	S	6	0	6	0.00001
Polynucleobacter sp. MWH-UH21B	1743174	S	2	0	2	0.00000
Polynucleobacter acidiphobus	556053	S	1	0	1	0.00000
Polynucleobacter asymbioticus	576611	S	1	0	1	0.00000
Polynucleobacter paneuropaeus	2527775	S	1	0	1	0.00000
Burkholderia cepacia	292	S	2	0	2	0.00000
Burkholderia cenocepacia	95486	S	2	4	6	0.00001
Burkholderia multivorans	87883	S	1	1	2	0.00000
Burkholderia ubonensis	101571	S	1	1	2	0.00000
Burkholderia ambifaria	152480	S	1	0	1	0.00000
Burkholderia anthina	179879	S	1	0	1	0.00000
Burkholderia sp. DHOD12	2571746	S	3	0	3	0.00000
Burkholderia sp. IDO3	1705310	S	2	2	4	0.00000
Burkholderia sp. MS389	2811789	S	1	0	1	0.00000
Burkholderia sp. KK1	1855726	S	1	0	1	0.00000
Burkholderia sp. Bp7605	1740163	S	1	0	1	0.00000
Burkholderia sp. KJ006	416344	S	1	5	6	0.00001
Burkholderia sp. YI23	1097668	S	1	0	1	0.00000
Burkholderia pseudomallei	28450	S	3	5	8	0.00001
Burkholderia sp. MSMB1588	1636423	S	1	2	3	0.00000
Burkholderia glumae	337	S	1	0	1	0.00000
Cupriavidus metallidurans	119219	S	7	3	10	0.00001
Cupriavidus basilensis	68895	S	4	1	5	0.00001
Cupriavidus oxalaticus	96344	S	3	1	4	0.00000
Cupriavidus necator	106590	S	3	0	3	0.00000
Cupriavidus campinensis	151783	S	3	1	4	0.00000
Cupriavidus taiwanensis	164546	S	3	2	5	0.00001
Cupriavidus pauculus	82633	S	2	0	2	0.00000
Cupriavidus neocaledonicus	1040979	S	1	1	2	0.00000
Paraburkholderia caribensis	75105	S	6	1	7	0.00001
Paraburkholderia sp. 7MH5	2547399	S	2	0	2	0.00000
Paraburkholderia sp. PGU19	2735434	S	2	0	2	0.00000
Paraburkholderia sp. Msb3	2604047	S	1	0	1	0.00000
Paraburkholderia sp. PGU16	2735433	S	1	0	1	0.00000
Paraburkholderia acidisoli	2571748	S	2	0	2	0.00000
Paraburkholderia phytofirmans	261302	S	2	0	2	0.00000
Paraburkholderia tropica	92647	S	1	0	1	0.00000
Paraburkholderia fungorum	134537	S	1	0	1	0.00000
Paraburkholderia terricola	169427	S	1	0	1	0.00000
Paraburkholderia hospita	169430	S	1	0	1	0.00000
Paraburkholderia acidiphila	2571747	S	1	0	1	0.00000
Paraburkholderia acidophila	265293	S	1	1	2	0.00000
Paraburkholderia megapolitana	420953	S	1	0	1	0.00000
Ralstonia solanacearum	305	S	9	4	13	0.00001
Ralstonia pickettii	329	S	7	2	9	0.00001
Ralstonia mannitolilytica	105219	S	2	0	2	0.00000
Ralstonia insidiosa	190721	S	2	0	2	0.00000
Pandoraea thiooxydans	445709	S	2	0	2	0.00000
Pandoraea apista	93218	S	1	1	2	0.00000
Pandoraea pnomenusa	93220	S	1	0	1	0.00000
Pandoraea pulmonicola	93221	S	1	0	1	0.00000
Lautropia mirabilis	47671	S	4	0	4	0.00000
Limnobacter sp. SAORIC-580	2732163	S	2	0	2	0.00000
Chitinimonas arctica	2594795	S	2	0	2	0.00000
Caballeronia sp. M1242	2814653	S	2	0	2	0.00000
Rhizobacter sp. AJA081-3	2753607	S	21	3	24	0.00003
Rhizobacter gummiphilus	946333	S	13	1	14	0.00002
Paucibacter sp. KCTC 42545	1768242	S	29	4	33	0.00004
Rubrivivax gelatinosus	28068	S	20	4	24	0.00003
Aquabacterium olei	1296669	S	18	3	21	0.00002
Roseateles depolymerans	76731	S	17	2	19	0.00002
Mitsuaria sp. 7	1658665	S	16	2	18	0.00002
Methylibium sp. Pch-M	2082386	S	7	3	10	0.00001
Methylibium petroleiphilum	105560	S	5	2	7	0.00001
Sphaerotilus natans	34103	S	15	3	18	0.00002
Leptothrix cholodnii	34029	S	9	2	11	0.00001
Inhella inkyongensis	392593	S	8	0	8	0.00001
Thiomonas intermedia	926	S	3	3	6	0.00001
Xylophilus rhododendri	2697032	S	2	0	2	0.00000
Achromobacter xylosoxidans	85698	S	9	4	13	0.00001
Achromobacter sp. MFA1 R4	1881016	S	4	0	4	0.00000
Achromobacter sp. AONIH1	1758194	S	3	0	3	0.00000
Achromobacter sp. B7	2282475	S	1	0	1	0.00000
Achromobacter spanius	217203	S	3	0	3	0.00000
Achromobacter denitrificans	32002	S	1	0	1	0.00000
Achromobacter deleyi	1353891	S	1	0	1	0.00000
Bordetella hinzii	103855	S	7	0	7	0.00001
Bordetella parapertussis	519	S	3	4	7	0.00001
Bordetella sp. N	1746199	S	3	0	3	0.00000
Bordetella trematum	123899	S	2	0	2	0.00000
Bordetella genomosp. 6	463024	S	2	0	2	0.00000
Bordetella genomosp. 8	1416806	S	2	0	2	0.00000
Bordetella flabilis	463014	S	1	0	1	0.00000
Bordetella bronchialis	463025	S	1	0	1	0.00000
Bordetella pseudohinzii	1331258	S	1	0	1	0.00000
Pigmentiphaga sp. H8	2488560	S	4	0	4	0.00000
Pigmentiphaga aceris	1940612	S	2	0	2	0.00000
Alcaligenes faecalis	511	S	1	0	1	0.00000
Alcaligenes aquatilis	323284	S	1	1	2	0.00000
Advenella mimigardefordensis	302406	S	3	0	3	0.00000
Taylorella equigenitalis	29575	S	1	0	1	0.00000
Pelistega ratti	2652177	S	1	0	1	0.00000
Kerstersia gyiorum	206506	S	1	0	1	0.00000
Sutterella wadsworthensis	40545	S	1	1	2	0.00000
Neisseria animalis	492	S	2	0	2	0.00000
Neisseria subflava	28449	S	2	2	4	0.00000
Neisseria cinerea	483	S	1	1	2	0.00000
Neisseria sp. 10022	1853276	S	1	0	1	0.00000
Neisseria meningitidis	487	S	1	3	4	0.00000
Neisseria animaloris	326522	S	1	0	1	0.00000
Neisseria bacilliformis	267212	S	1	0	1	0.00000
Vitreoscilla filiformis	63	S	7	0	7	0.00001
Eikenella corrodens	539	S	1	0	1	0.00000
Eikenella exigua	2528037	S	1	0	1	0.00000
Crenobacter cavernae	2290923	S	1	0	1	0.00000
Chromobacterium phragmitis	2202141	S	3	0	3	0.00000
Chromobacterium vaccinii	1108595	S	2	0	2	0.00000
Chromobacterium haemolyticum	394935	S	1	0	1	0.00000
Iodobacter fluviatilis	537	S	2	0	2	0.00000
Jeongeupia sp. USM3	1906741	S	3	0	3	0.00000
Jeongeupia sp. HS-3	1009682	S	1	0	1	0.00000
Aquaspirillum sp. LM1	1938604	S	1	0	1	0.00000
Chitinibacter sp. 2T18	2739434	S	1	0	1	0.00000
Deefgea sp. D17	2739061	S	1	0	1	0.00000
Aquitalea magnusonii	332411	S	1	0	1	0.00000
Azospira sp. I09	1765049	S	3	3	6	0.00001
Azospira oryzae	146939	S	1	1	2	0.00000
Aromatoleum aromaticum	551760	S	3	2	5	0.00001
Aromatoleum petrolei	76116	S	1	0	1	0.00000
Oryzomicrobium terrae	1735038	S	5	0	5	0.00001
Azoarcus sp. KH32C	748247	S	2	0	2	0.00000
Azoarcus sp. DD4	2027405	S	2	1	3	0.00000
Azoarcus sp. CIB	198107	S	1	0	1	0.00000
Azoarcus olearius	418699	S	2	1	3	0.00000
Azoarcus communis	41977	S	1	0	1	0.00000
Thauera humireducens	1134435	S	4	0	4	0.00000
Thauera sp. MZ1T	85643	S	2	0	2	0.00000
Thauera sp. K11	2005884	S	1	0	1	0.00000
Dechloromonas sp. TW-R-39-2	2654218	S	4	0	4	0.00000
Dechloromonas sp. HYN0024	2231055	S	2	0	2	0.00000
Dechloromonas aromatica	259537	S	1	0	1	0.00000
Nitrosomonas sp. Is79A3	261292	S	3	0	3	0.00000
Nitrosomonas eutropha	916	S	1	0	1	0.00000
Nitrosomonas ureae	44577	S	1	1	2	0.00000
Nitrosospira multiformis	1231	S	1	0	1	0.00000
Nitrosospira lacus	1288494	S	1	0	1	0.00000
Sterolibacterium denitrificans	157592	S	3	0	3	0.00000
Methyloversatilis sp. RAC08	1842540	S	2	0	2	0.00000
Denitratisoma oestradiolicum	311182	S	1	0	1	0.00000
Sulfuritalea hydrogenivorans	748811	S	1	0	1	0.00000
Usitatibacter palustris	2732487	S	4	0	4	0.00000
Usitatibacter rugosus	2732067	S	1	0	1	0.00000
Methylotenera versatilis	1055487	S	3	0	3	0.00000
Methylophilus medardicus	2588534	S	1	0	1	0.00000
Methylobacillus flagellatus	405	S	1	0	1	0.00000
Sulfuriferula sp. AH1	1985873	S	3	0	3	0.00000
Sulfuriferula nivalis	2675298	S	1	0	1	0.00000
Sulfurimicrobium lacus	2715678	S	1	0	1	0.00000
Sideroxydans lithotrophicus	63745	S	2	0	2	0.00000
Thiobacillus denitrificans	36861	S	1	0	1	0.00000
Sulfuritortus calidifontis	1914471	S	1	0	1	0.00000
Candidatus Kinetoplastibacterium galatii	994695	S	1	0	1	0.00000
Candidatus Kinetoplastibacterium sorsogonicusi	1576550	S	1	0	1	0.00000
Candidatus Accumulibacter phosphatis	327160	S	2	0	2	0.00000
Casimicrobium huifangae	2591109	S	2	0	2	0.00000
Bradyrhizobium sp. CCBAU 53421	1325120	S	6	1	7	0.00001
Bradyrhizobium sp. CCBAU 51765	1325102	S	5	1	6	0.00001
Bradyrhizobium sp. CCBAU 53340	1325112	S	3	2	5	0.00001
Bradyrhizobium sp. CCBAU 051011	858422	S	3	0	3	0.00000
Bradyrhizobium sp. PSBB068	2715960	S	2	0	2	0.00000
Bradyrhizobium sp. SK17	2057741	S	2	0	2	0.00000
Bradyrhizobium sp. CCGE-LA001	1223566	S	2	0	2	0.00000
Bradyrhizobium sp. BTAi1	288000	S	2	0	2	0.00000
Bradyrhizobium sp.	376	S	1	1	2	0.00000
Bradyrhizobium sp. CCBAU 51753	1325100	S	1	0	1	0.00000
Bradyrhizobium sp. WSM471	319017	S	1	2	3	0.00000
Bradyrhizobium sp. CCBAU 53338	1325111	S	1	0	1	0.00000
Bradyrhizobium sp. TM102	2599819	S	1	10	11	0.00001
Bradyrhizobium sp. ORS 285	115808	S	1	0	1	0.00000
Bradyrhizobium sp. 1(2017)	1404888	S	1	0	1	0.00000
Bradyrhizobium sp. ORS 278	114615	S	1	0	1	0.00000
Bradyrhizobium sp. LCT2	2493093	S	1	4	5	0.00001
Bradyrhizobium icense	1274631	S	5	0	5	0.00001
Bradyrhizobium diazoefficiens	1355477	S	5	9	14	0.00002
Bradyrhizobium paxllaeri	190148	S	5	0	5	0.00001
Bradyrhizobium erythrophlei	1437360	S	4	0	4	0.00000
Bradyrhizobium symbiodeficiens	1404367	S	4	1	5	0.00001
Bradyrhizobium canariense	255045	S	2	0	2	0.00000
Bradyrhizobium japonicum	375	S	2	2	4	0.00000
Bradyrhizobium oligotrophicum	44255	S	2	0	2	0.00000
Bradyrhizobium betae	244734	S	1	0	1	0.00000
Bradyrhizobium lablabi	722472	S	1	2	3	0.00000
Bradyrhizobium arachidis	858423	S	1	0	1	0.00000
Bradyrhizobium guangzhouense	1325095	S	1	0	1	0.00000
Bosea sp. ANAM02	2020412	S	7	2	9	0.00001
Bosea sp. RAC05	1842539	S	5	1	6	0.00001
Bosea sp. Tri-49	1867715	S	3	0	3	0.00000
Bosea sp. F3-2	2599640	S	2	0	2	0.00000
Bosea vaviloviae	1526658	S	5	1	6	0.00001
Rhodopseudomonas palustris	1076	S	9	2	11	0.00001
Tardiphaga robiniae	943830	S	3	0	3	0.00000
Afipia carboxidovorans	40137	S	2	-2	0	0.00000
Afipia sp. GAS231	1882747	S	1	1	2	0.00000
Nitrobacter winogradskyi	913	S	2	0	2	0.00000
Variibacter gotjawalensis	1333996	S	1	0	1	0.00000
Rhizobium sp. BG4	2613770	S	2	0	2	0.00000
Rhizobium sp. NXC14	1981173	S	1	1	2	0.00000
Rhizobium sp. TCK	136098	S	1	4	5	0.00001
Rhizobium sp. ACO-34A	1571470	S	1	0	1	0.00000
Rhizobium sp. 11515TR	2028343	S	1	0	1	0.00000
Rhizobium leguminosarum	384	S	2	1	3	0.00000
Rhizobium bangladeshense	1138189	S	1	0	1	0.00000
Rhizobium pusense	648995	S	1	6	7	0.00001
Rhizobium gallicum	56730	S	1	2	3	0.00000
Agrobacterium tumefaciens	358	S	2	2	4	0.00000
Agrobacterium fabrum	1176649	S	1	1	2	0.00000
Agrobacterium vitis	373	S	2	0	2	0.00000
Agrobacterium larrymoorei	160699	S	2	0	2	0.00000
Neorhizobium sp. SOG26	2060726	S	4	0	4	0.00000
Neorhizobium galegae	399	S	2	0	2	0.00000
Ensifer alkalisoli	1752398	S	3	0	3	0.00000
Ensifer adhaerens	106592	S	1	0	1	0.00000
Ensifer sp. PDNC004	2811423	S	1	0	1	0.00000
Sinorhizobium americanum	194963	S	1	1	2	0.00000
Sinorhizobium sp. RAC02	1842534	S	1	0	1	0.00000
Candidatus Liberibacter africanus	34020	S	4	0	4	0.00000
Shinella sp. PSBB067	2715959	S	2	2	4	0.00000
Shinella sp. HZN7	879274	S	1	1	2	0.00000
Kaistia sp. 32K	2795690	S	2	0	2	0.00000
Methylobacterium sp. WL1	2603276	S	8	1	9	0.00001
Methylobacterium sp. 17Sr1-43	2202828	S	5	0	5	0.00001
Methylobacterium sp. C1	1479019	S	1	7	8	0.00001
Methylobacterium brachiatum	269660	S	5	1	6	0.00001
Methylobacterium radiotolerans	31998	S	2	4	6	0.00001
Methylobacterium nodulans	114616	S	2	0	2	0.00000
Methylobacterium durans	2202825	S	2	0	2	0.00000
Methylobacterium aquaticum	270351	S	1	0	1	0.00000
Methylobacterium phyllosphaerae	418223	S	1	2	3	0.00000
Methylobacterium currus	2051553	S	1	0	1	0.00000
Methylobacterium terrae	2202827	S	1	0	1	0.00000
Methylorubrum populi	223967	S	11	3	14	0.00002
Methylorubrum extorquens	408	S	4	1	5	0.00001
Microvirga ossetica	1882682	S	1	0	1	0.00000
Microvirga sp. VF16	2807101	S	1	0	1	0.00000
Mesorhizobium sp. Pch-S	2082387	S	6	0	6	0.00001
Mesorhizobium sp. AA22	1854057	S	2	2	4	0.00000
Mesorhizobium sp. NBSH29	2654249	S	2	0	2	0.00000
Mesorhizobium sp. M1B.F.Ca.ET.045.04.1.1	2493673	S	2	1	3	0.00000
Mesorhizobium sp. DCY119	2108445	S	1	0	1	0.00000
Mesorhizobium sp. 8	2584466	S	1	0	1	0.00000
Mesorhizobium sp. 131-2-1	2744518	S	1	1	2	0.00000
Mesorhizobium loti	381	S	1	5	6	0.00001
Mesorhizobium huakuii	28104	S	1	0	1	0.00000
Mesorhizobium australicum	536018	S	1	0	1	0.00000
Mesorhizobium opportunistum	593909	S	1	0	1	0.00000
Mesorhizobium oceanicum	1670800	S	1	0	1	0.00000
Aminobacter sp. MSH1	374606	S	6	1	7	0.00001
Aminobacter sp. MDW-2	2666139	S	2	6	8	0.00001
Aminobacter aminovorans	83263	S	1	0	1	0.00000
Phyllobacterium zundukense	1867719	S	1	0	1	0.00000
Chelativorans sp. BNC1	266779	S	1	0	1	0.00000
Salaquimonas pukyongi	2712698	S	1	0	1	0.00000
Devosia sp. A16	1736675	S	4	0	4	0.00000
Devosia sp. LEGU1	2774137	S	1	0	1	0.00000
Devosia sp. G19	2801335	S	1	0	1	0.00000
Devosia ginsengisoli	400770	S	1	0	1	0.00000
Aquabacter sp. L1I39	2820278	S	3	0	3	0.00000
Blastochloris tepida	2233851	S	2	0	2	0.00000
Blastochloris viridis	1079	S	1	0	1	0.00000
Rhodoplanes sp. Z2-YC6860	674703	S	2	0	2	0.00000
Pseudolabrys taiwanensis	331696	S	3	0	3	0.00000
Pseudolabrys sp. FHR47	2562284	S	2	0	2	0.00000
Azorhizobium caulinodans	7	S	4	0	4	0.00000
Starkeya novella	921	S	2	0	2	0.00000
Ancylobacter sp. TS-1	1850374	S	1	0	1	0.00000
Xanthobacter sp. YN2	2528964	S	1	0	1	0.00000
Labrys sp. KNU-23	2789216	S	1	0	1	0.00000
Stappia indica	538381	S	3	0	3	0.00000
Labrenzia sp. VG12	2021862	S	2	1	3	0.00000
Pannonibacter phragmitetus	121719	S	2	2	4	0.00000
Nordella sp. HKS 07	2712222	S	4	0	4	0.00000
Hartmannibacter diazotrophicus	1482074	S	3	0	3	0.00000
Pyruvatibacter mobilis	1712261	S	7	0	7	0.00001
Brucella melitensis	29459	S	3	4	7	0.00001
Brucella intermedia	94625	S	3	0	3	0.00000
Methylocystis sp. SC2	187303	S	2	1	3	0.00000
Methylosinus sp. C49	2699395	S	1	0	1	0.00000
Bartonella vinsonii	33047	S	1	0	1	0.00000
Bartonella australis	388640	S	1	0	1	0.00000
Martelella mediterranea	293089	S	1	0	1	0.00000
Aureimonas sp. AU12	1638161	S	1	4	5	0.00001
Chelatococcus daeguensis	444444	S	1	0	1	0.00000
Chelatococcus sp. CO-6	1702325	S	1	0	1	0.00000
Methylocella tundrae	227605	S	1	0	1	0.00000
Sphingomonas sp. LM7	1938607	S	7	0	7	0.00001
Sphingomonas sp. AAP5	1523415	S	7	1	8	0.00001
Sphingomonas sp. FARSPH	2219696	S	6	2	8	0.00001
Sphingomonas sp. LMO-1	2681549	S	6	0	6	0.00001
Sphingomonas sp. MK52	2711156	S	4	0	4	0.00000
Sphingomonas sp. HMP9	1517554	S	4	0	4	0.00000
Sphingomonas sp. HMP6	1517551	S	4	0	4	0.00000
Sphingomonas sp. XS-10	2599297	S	3	0	3	0.00000
Sphingomonas sp. HDW15A	2714942	S	3	0	3	0.00000
Sphingomonas sp. C33	2698679	S	3	0	3	0.00000
Sphingomonas sp. IC081	304378	S	3	13	16	0.00002
Sphingomonas sp. ERG5	1381597	S	2	2	4	0.00000
Sphingomonas sp. DH-S5	2759526	S	2	0	2	0.00000
Sphingomonas sp. NIC1	1961362	S	2	1	3	0.00000
Sphingomonas sp. PAMC26645	2565555	S	2	0	2	0.00000
Sphingomonas sp. AP4-R1	2735134	S	1	0	1	0.00000
Sphingomonas sp. CL5.1	2653203	S	1	0	1	0.00000
Sphingomonas sp. HDW15C	2714944	S	1	0	1	0.00000
Sphingomonas sp. LK11	1390395	S	1	0	1	0.00000
Sphingomonas sp. Cra20	1327635	S	1	0	1	0.00000
Sphingomonas sp. KC8	1030157	S	1	0	1	0.00000
Sphingomonas sp. MM-1	745310	S	1	1	2	0.00000
Sphingomonas melonis	152682	S	8	14	22	0.00002
Sphingomonas panacisoli	1813879	S	8	0	8	0.00001
Sphingomonas alpina	653931	S	7	0	7	0.00001
Sphingomonas paucimobilis	13689	S	5	1	6	0.00001
Sphingomonas rhizophila	2071607	S	3	0	3	0.00000
Sphingomonas ginsengisoli An et al. 2013	363835	S	3	0	3	0.00000
Sphingomonas koreensis	93064	S	2	1	3	0.00000
Sphingomonas hengshuiensis	1609977	S	2	0	2	0.00000
Sphingomonas panacis	1560345	S	2	0	2	0.00000
Sphingomonas taxi	1549858	S	2	0	2	0.00000
Sphingomonas insulae	424800	S	2	0	2	0.00000
Sphingomonas wittichii	160791	S	2	0	2	0.00000
Sphingomonas sediminicola	386874	S	1	0	1	0.00000
Sphingomonas xanthus	2594473	S	1	0	1	0.00000
Sphingopyxis sp. EG6	1874061	S	7	2	9	0.00001
Sphingopyxis sp. PAMC25046	2565556	S	6	2	8	0.00001
Sphingopyxis sp. FD7	1914525	S	5	1	6	0.00001
Sphingopyxis sp. 113P3	292913	S	4	2	6	0.00001
Sphingopyxis sp. OPL5	2486273	S	3	0	3	0.00000
Sphingopyxis sp. MG	1866325	S	2	9	11	0.00001
Sphingopyxis sp. QXT-31	1357916	S	1	0	1	0.00000
Sphingopyxis sp. LPB0140	1913578	S	1	0	1	0.00000
Sphingopyxis fribergensis	1515612	S	6	1	7	0.00001
Sphingopyxis macrogoltabida	33050	S	5	1	6	0.00001
Sphingopyxis terrae	33052	S	3	0	3	0.00000
Sphingopyxis lindanitolerans	2054227	S	2	0	2	0.00000
Sphingopyxis alaskensis	117207	S	1	0	1	0.00000
Sphingobium sp. YG1	2082188	S	6	2	8	0.00001
Sphingobium sp. SYK-6	627192	S	2	0	2	0.00000
Sphingobium sp. EP60837	1855519	S	2	0	2	0.00000
Sphingobium sp. RSMS	520734	S	1	2	3	0.00000
Sphingobium sp. TKS	1315974	S	1	1	2	0.00000
Sphingobium sp. SCG-1	2072936	S	1	0	1	0.00000
Sphingobium sp. PAMC28499	2565554	S	1	0	1	0.00000
Sphingobium sp. KCTC 72723	2733867	S	1	0	1	0.00000
Sphingobium sp. Cam5-1	2789327	S	1	0	1	0.00000
Sphingobium yanoikuyae	13690	S	15	15	30	0.00003
Sphingobium hydrophobicum	1673076	S	3	3	6	0.00001
Sphingobium chlorophenolicum	46429	S	2	1	3	0.00000
Sphingobium fuliginis	336203	S	2	3	5	0.00001
Sphingobium herbicidovorans	76947	S	1	0	1	0.00000
Sphingobium cloacae	120107	S	1	2	3	0.00000
Sphingobium amiense	135719	S	1	1	2	0.00000
Novosphingobium sp. P6W	1609758	S	5	0	5	0.00001
Novosphingobium sp. THN1	1016987	S	4	0	4	0.00000
Novosphingobium sp. ES2-1	2780074	S	4	2	6	0.00001
Novosphingobium sp. KA1	164608	S	2	7	9	0.00001
Novosphingobium sp. Gsoil 351	2675225	S	2	0	2	0.00000
Novosphingobium pentaromativorans	205844	S	2	5	7	0.00001
Novosphingobium ginsenosidimutans	1176536	S	2	0	2	0.00000
Novosphingobium aromaticivorans	48935	S	1	0	1	0.00000
Novosphingobium resinovorum	158500	S	1	0	1	0.00000
Sphingorhabdus lacus	392610	S	12	0	12	0.00001
Blastomonas fulva	1550728	S	3	3	6	0.00001
Blastomonas sp. RAC04	1842535	S	1	0	1	0.00000
Parasphingopyxis algicola	2026624	S	2	0	2	0.00000
Parasphingopyxis sp. CP4	2724527	S	2	0	2	0.00000
Sphingosinithalassobacter sp. zrk23	2711215	S	4	1	5	0.00001
Citromicrobium sp. JL477	1634516	S	3	1	4	0.00000
Rhizorhabdus dicambivorans	1850238	S	2	2	4	0.00000
Tardibacter chloracetimidivorans	1921510	S	2	2	4	0.00000
Zymomonas mobilis	542	S	1	0	1	0.00000
Erythrobacter neustonensis	1112	S	4	0	4	0.00000
Erythrobacter litoralis	39960	S	4	0	4	0.00000
Erythrobacter sp. 6D36	2782568	S	2	0	2	0.00000
Erythrobacter sp. HL-111	1798193	S	1	0	1	0.00000
Erythrobacter sp. HKB08	2502843	S	1	0	1	0.00000
Erythrobacter mangrovi	2739433	S	2	0	2	0.00000
Porphyrobacter sp. HT-58-2	2023229	S	4	0	4	0.00000
Porphyrobacter sp. YT40	2547601	S	4	3	7	0.00001
Porphyrobacter sp. CACIAM 03H1	2003315	S	2	0	2	0.00000
Porphyrobacter sp. LM 6	1896196	S	1	0	1	0.00000
Altererythrobacter sp. TH136	2067415	S	3	0	3	0.00000
Altererythrobacter sp. B11	2060312	S	2	0	2	0.00000
Altererythrobacter epoxidivorans	361183	S	3	0	3	0.00000
Altererythrobacter atlanticus	1267766	S	1	0	1	0.00000
Qipengyuania sediminis	1532023	S	3	0	3	0.00000
Qipengyuania flava	192812	S	1	0	1	0.00000
Tsuneonella amylolytica	2338327	S	2	0	2	0.00000
Tsuneonella dongtanensis	692370	S	1	0	1	0.00000
Croceicoccus marinus	450378	S	1	0	1	0.00000
Pelagerythrobacter marensis	543877	S	1	0	1	0.00000
Sphingosinicella sp. BN140058	1892855	S	1	0	1	0.00000
Sphingosinicella sp. UDD2	2771430	S	1	0	1	0.00000
Sandaracinobacter sp. M6	2759707	S	1	0	1	0.00000
Paracoccus yeei	147645	S	7	7	14	0.00002
Paracoccus suum	2259340	S	3	0	3	0.00000
Paracoccus sanguinis	1545044	S	3	0	3	0.00000
Paracoccus pantotrophus	82367	S	3	0	3	0.00000
Paracoccus sp. Arc7-R13	2500532	S	1	0	1	0.00000
Paracoccus sp. H4-D09	2812658	S	1	0	1	0.00000
Paracoccus liaowanqingii	2560053	S	2	0	2	0.00000
Paracoccus denitrificans	266	S	2	0	2	0.00000
Paracoccus zhejiangensis	1077935	S	1	0	1	0.00000
Cereibacter sphaeroides	1063	S	7	0	7	0.00001
Tabrizicola piscis	2494374	S	7	0	7	0.00001
Sulfitobacter sp. AM1-D1	1917485	S	4	4	8	0.00001
Sulfitobacter sp. SK012	1389005	S	1	0	1	0.00000
Sulfitobacter sp. SK025	1389011	S	1	0	1	0.00000
Rhodobacter blasticus	1075	S	3	0	3	0.00000
Rhodobacter capsulatus	1061	S	1	0	1	0.00000
Rhodobacter sp. LPB0142	1850250	S	1	0	1	0.00000
Octadecabacter antarcticus	1217908	S	3	0	3	0.00000
Octadecabacter arcticus	53946	S	1	0	1	0.00000
Defluviimonas alba	1335048	S	4	1	5	0.00001
Pelagibaca abyssi	1250539	S	3	1	4	0.00000
Gemmobacter sp. HYN0069	2169400	S	3	0	3	0.00000
Leisingera aquaemixtae	1396826	S	2	0	2	0.00000
Leisingera methylohalidivorans	133924	S	1	0	1	0.00000
Roseobacter litoralis	42443	S	2	0	2	0.00000
Pseudohalocynthiibacter aestuariivivens	1591409	S	2	0	2	0.00000
Pseudorhodobacter turbinis	2500533	S	2	0	2	0.00000
Celeribacter manganoxidans	1411902	S	2	0	2	0.00000
Pseudooceanicola algae	1537215	S	2	0	2	0.00000
Profundibacter amoris	2171755	S	2	0	2	0.00000
Boseongicola sp. CCM32	2552942	S	1	0	1	0.00000
Planktomarina temperata	1284658	S	1	0	1	0.00000
Confluentimicrobium sp. EMB200-NS6	1609966	S	1	0	1	0.00000
Thalassococcus sp. S3	2017482	S	1	0	1	0.00000
Haematobacter massiliensis	195105	S	1	0	1	0.00000
Epibacterium mobile	379347	S	1	0	1	0.00000
Dinoroseobacter shibae	215813	S	1	0	1	0.00000
Brevirhabdus pacifica	1267768	S	1	0	1	0.00000
Silicimonas algicola	1826607	S	1	0	1	0.00000
Salipiger profundus	1229727	S	1	0	1	0.00000
Yoonia vestfoldensis	245188	S	1	0	1	0.00000
Ruegeria pomeroyi	89184	S	1	0	1	0.00000
Rhodovulum sp. MB263	308754	S	1	0	1	0.00000
Brevundimonas sp. Bb-A	2560058	S	7	1	8	0.00001
Brevundimonas sp. SGAir0440	2579977	S	4	0	4	0.00000
Brevundimonas sp. LM2	1938605	S	3	0	3	0.00000
Brevundimonas sp. M20	2591463	S	2	0	2	0.00000
Brevundimonas sp. GW460-12-10-14-LB2	1827469	S	1	0	1	0.00000
Brevundimonas sp. MF30-B	2561924	S	1	0	1	0.00000
Brevundimonas sp. 'scallop'	2562582	S	1	0	1	0.00000
Brevundimonas sp. AJA228-03	2752515	S	1	0	1	0.00000
Brevundimonas sp. LVF1	2774189	S	1	0	1	0.00000
Brevundimonas diminuta	293	S	2	3	5	0.00001
Brevundimonas vancanneytii	1325724	S	2	5	7	0.00001
Brevundimonas naejangsanensis	588932	S	1	0	1	0.00000
Caulobacter sp. FWC26	69665	S	7	2	9	0.00001
Caulobacter sp. K31	366602	S	3	0	3	0.00000
Caulobacter soli	2708539	S	5	1	6	0.00001
Caulobacter henricii	69395	S	3	0	3	0.00000
Caulobacter vibrioides	155892	S	2	0	2	0.00000
Caulobacter flavus	1679497	S	2	0	2	0.00000
Caulobacter rhizosphaerae	2010972	S	2	0	2	0.00000
Caulobacter mirabilis	69666	S	1	0	1	0.00000
Asticcacaulis excentricus	78587	S	3	0	3	0.00000
Phenylobacterium parvum	2201350	S	2	0	2	0.00000
Terricaulis silvestris	2686094	S	2	0	2	0.00000
Azospirillum lipoferum	193	S	5	2	7	0.00001
Azospirillum brasilense	192	S	3	1	4	0.00000
Azospirillum sp. TSH100	652764	S	1	0	1	0.00000
Azospirillum sp. TSH58	664962	S	1	0	1	0.00000
Azospirillum ramasamyi	682998	S	1	0	1	0.00000
Azospirillum humicireducens	1226968	S	1	0	1	0.00000
Azospirillum thermophilum	2202148	S	1	0	1	0.00000
Magnetospirillum sp. ME-1	1639348	S	2	0	2	0.00000
Magnetospirillum sp. XM-1	1663591	S	1	0	1	0.00000
Skermanella pratensis	2233999	S	1	0	1	0.00000
Ferrovibrio terrae	2594003	S	1	0	1	0.00000
Candidatus Endolissoclinum faulkneri	1263979	S	1	0	1	0.00000
Niveispirillum cyanobacteriorum	1612173	S	1	0	1	0.00000
Pararhodospirillum photometricum	1084	S	1	0	1	0.00000
Indioceanicola profundi	2220096	S	1	0	1	0.00000
Hypericibacter terrae	2602015	S	1	0	1	0.00000
Gluconobacter albidus	318683	S	3	1	4	0.00000
Gluconobacter oxydans	442	S	1	0	1	0.00000
Roseococcus sp. NIBR12	2771361	S	5	0	5	0.00001
Acetobacter aceti	435	S	1	0	1	0.00000
Acetobacter sp. KACC 21233	2592655	S	1	0	1	0.00000
Acidibrevibacterium fodinaquatile	1969806	S	2	0	2	0.00000
Entomobacter blattae	2762277	S	1	0	1	0.00000
Commensalibacter sp. AMU001	2478912	S	1	0	1	0.00000
Granulibacter bethesdensis	364410	S	1	0	1	0.00000
Asaia bogorensis	91915	S	1	0	1	0.00000
Ehrlichia ruminantium	779	S	3	0	3	0.00000
Ehrlichia canis	944	S	1	0	1	0.00000
Ehrlichia muris	35795	S	1	0	1	0.00000
Ehrlichia sp. HF	391036	S	1	0	1	0.00000
Wolbachia endosymbiont of Ctenocephalides felis wCfeT	2732593	S	1	0	1	0.00000
Wolbachia endosymbiont of Folsomia candida	169402	S	1	0	1	0.00000
Rickettsia parkeri	35792	S	1	0	1	0.00000
Rickettsia endosymbiont of Ixodes scapularis	444612	S	1	0	1	0.00000
Rickettsia conorii	781	S	1	0	1	0.00000
Rickettsia endosymbiont of Ixodes pacificus	1133329	S	2	0	2	0.00000
Rickettsia prowazekii	782	S	1	0	1	0.00000
Rickettsia canadensis	788	S	1	-1	0	0.00000
Orientia tsutsugamushi	784	S	1	0	1	0.00000
Rickettsiales endosymbiont of Stachyamoeba lipophora	2486578	S	1	0	1	0.00000
Phreatobacter cathodiphilus	1868589	S	3	0	3	0.00000
Phreatobacter sp. NMCR1094	2570229	S	3	0	3	0.00000
Candidatus Puniceispirillum marinum	767892	S	2	0	2	0.00000
Candidatus Fonsibacter ubiquis	1925548	S	3	0	3	0.00000
Candidatus Nucleicultrix amoebiphila	1509244	S	2	0	2	0.00000
Hyphomonas sp. Mor2	1906738	S	1	0	1	0.00000
Hyphomonas sp. KY3	2016196	S	1	0	1	0.00000
Hyphobacterium sp. CCMP332	2749086	S	1	0	1	0.00000
Sorangium cellulosum	56	S	10	5	15	0.00002
Minicystis rosea	888845	S	5	3	8	0.00001
Labilithrix luteola	1391654	S	4	0	4	0.00000
Sandaracinus amylolyticus	927083	S	1	0	1	0.00000
Myxococcus xanthus	34	S	3	0	3	0.00000
Myxococcus stipitatus	83455	S	2	0	2	0.00000
Myxococcus hansupus	1297742	S	1	0	1	0.00000
Pyxidicoccus sp. SCPEA002	2813578	S	1	0	1	0.00000
Archangium violaceum	83451	S	2	0	2	0.00000
Archangium gephyra	48	S	1	0	1	0.00000
Stigmatella aurantiaca	41	S	1	0	1	0.00000
Anaeromyxobacter dehalogenans	161493	S	1	-1	0	0.00000
Anaeromyxobacter sp. Fw109-5	404589	S	1	1	2	0.00000
Vulgatibacter incomptus	1391653	S	2	0	2	0.00000
Haliangium ochraceum	80816	S	1	0	1	0.00000
Desulfovibrio carbinoliphilus	345370	S	2	0	2	0.00000
Desulfovibrio sp. IOR2	2583823	S	1	0	1	0.00000
Desulfovibrio sp. 86	2666132	S	1	0	1	0.00000
Desulfovibrio fairfieldensis	44742	S	1	0	1	0.00000
Pseudodesulfovibrio piezophilus	879567	S	2	0	2	0.00000
Pseudodesulfovibrio cashew	2678688	S	1	0	1	0.00000
Desulfolutivibrio sulfoxidireducens	2773299	S	1	0	1	0.00000
Geobacter sp. M18	443143	S	2	0	2	0.00000
Geobacter bremensis	60035	S	1	0	1	0.00000
Geobacter bemidjiensis	225194	S	1	1	2	0.00000
Geoalkalibacter subterraneus	483547	S	2	1	3	0.00000
Syntrophotalea acetylenica	29542	S	1	0	1	0.00000
Desulfonema magnum	45655	S	3	0	3	0.00000
Desulfococcus oleovorans	181663	S	1	0	1	0.00000
Desulfopila sp. IMCC35005	2569541	S	1	0	1	0.00000
Persicimonas caeni	2292766	S	3	0	3	0.00000
Bradymonas sediminis	1548548	S	1	0	1	0.00000
Desulfarculus baarsii	453230	S	1	0	1	0.00000
Campylobacter armoricus	2505970	S	2	0	2	0.00000
Campylobacter blaseri	2042961	S	2	0	2	0.00000
Campylobacter sp. 2014D-0216	1813595	S	1	0	1	0.00000
Campylobacter concisus	199	S	1	0	1	0.00000
Campylobacter cuniculorum	374106	S	1	0	1	0.00000
Campylobacter coli	195	S	1	0	1	0.00000
Campylobacter hominis	76517	S	1	0	1	0.00000
Campylobacter showae	204	S	1	0	1	0.00000
Campylobacter corcagiensis	1448857	S	1	0	1	0.00000
Campylobacter iguaniorum	1244531	S	1	0	1	0.00000
Campylobacter volucris	1031542	S	1	0	1	0.00000
Aliarcobacter cryaerophilus	28198	S	3	0	3	0.00000
Aliarcobacter lanthieri	1355374	S	1	0	1	0.00000
Arcobacter cloacae	1054034	S	1	0	1	0.00000
Malaciobacter canalis	1912871	S	1	0	1	0.00000
Poseidonibacter lekithochrous	1904463	S	1	0	1	0.00000
Sulfurospirillum deleyianum	65553	S	1	0	1	0.00000
Sulfurospirillum multivorans	66821	S	1	0	1	0.00000
Helicobacter pylori	210	S	2	0	2	0.00000
Helicobacter himalayensis	1591088	S	1	0	1	0.00000
Helicobacter mustelae	217	S	1	0	1	0.00000
Helicobacter suis	104628	S	1	0	1	0.00000
Sulfurimonas denitrificans	39766	S	1	0	1	0.00000
Sulfurimonas autotrophica	202747	S	1	0	1	0.00000
Sulfurimonas paralvinellae	317658	S	1	0	1	0.00000
Candidatus Sulfurimonas baltica	2740404	S	1	0	1	0.00000
Hydrogenimonas urashimensis	2740515	S	1	0	1	0.00000
Nitrosophilus alvini	2714855	S	1	0	1	0.00000
Bdellovibrio bacteriovorus	959	S	5	0	5	0.00001
Bdellovibrio sp. NC01	2220073	S	3	0	3	0.00000
Bdellovibrio sp. ZAP7	2231053	S	1	0	1	0.00000
Bdellovibrio exovorus	453816	S	1	0	1	0.00000
Halobacteriovorax marinus	97084	S	3	0	3	0.00000
Halobacteriovorax sp. BALOs_7	2109558	S	1	0	1	0.00000
Bacteriovorax stolpii	960	S	1	0	1	0.00000
Mariprofundus aestuarium	1921086	S	2	0	2	0.00000
Cutibacterium acnes	1747	S	920	63	983	0.00108
Cutibacterium avidum	33010	S	15	0	15	0.00002
Cutibacterium granulosum	33011	S	6	0	6	0.00001
Propionibacterium sp. oral taxon 193	671223	S	94	7	101	0.00011
Propionibacterium freudenreichii	1744	S	3	0	3	0.00000
Microlunatus sagamiharensis	546874	S	3	0	3	0.00000
Microlunatus phosphovorus	29405	S	2	0	2	0.00000
Tessaracoccus flavus	1610493	S	2	1	3	0.00000
Brevilactibacter sp. MC1595	2819349	S	2	0	2	0.00000
Pseudopropionibacterium propionicum	1750	S	2	0	2	0.00000
Propionimicrobium sp. Marseille-P3275	1871034	S	1	0	1	0.00000
Raineyella sp. CBA3103	2662261	S	1	0	1	0.00000
Nocardioides sp. S5	2017486	S	3	0	3	0.00000
Nocardioides sp. CF8	110319	S	3	1	4	0.00000
Nocardioides sp. zg-1228	2763008	S	1	0	1	0.00000
Nocardioides sp. 603	2483798	S	1	0	1	0.00000
Nocardioides sp. WS12	2486272	S	1	0	1	0.00000
Nocardioides sp. HY056	2500546	S	1	0	1	0.00000
Nocardioides sp. S-1144	2582905	S	1	0	1	0.00000
Nocardioides sp. dk884	2662361	S	1	1	2	0.00000
Nocardioides sp. zg-579	2663857	S	1	0	1	0.00000
Nocardioides euryhalodurans	2518370	S	3	0	3	0.00000
Nocardioides mesophilus	433659	S	2	0	2	0.00000
Nocardioides humi	449461	S	2	0	2	0.00000
Nocardioides cynanchi	2558918	S	2	0	2	0.00000
Nocardioides dokdonensis	450734	S	1	0	1	0.00000
Nocardioides houyundeii	2045452	S	1	0	1	0.00000
Marmoricola scoriae	642780	S	2	0	2	0.00000
Aeromicrobium marinum	219314	S	1	0	1	0.00000
Kribbella qitaiheensis	1544730	S	2	0	2	0.00000
Kribbella flavida	182640	S	1	0	1	0.00000
Actinopolymorpha singaporensis	117157	S	1	0	1	0.00000
Rhodococcus sp. YL-1	1045808	S	6	18	24	0.00003
Rhodococcus sp. 008	1723645	S	4	15	19	0.00002
Rhodococcus sp. NJ-530	2490853	S	3	10	13	0.00001
Rhodococcus sp. AQ5-07	2054902	S	3	8	11	0.00001
Rhodococcus sp. p52	935199	S	2	6	8	0.00001
Rhodococcus sp. P-2	2795031	S	2	0	2	0.00000
Rhodococcus sp. 2G	1570939	S	2	4	6	0.00001
Rhodococcus sp. H-CA8f	1727214	S	2	6	8	0.00001
Rhodococcus sp. DMU1	2722825	S	2	4	6	0.00001
Rhodococcus sp. ABRD24	2507582	S	1	0	1	0.00000
Rhodococcus sp. SGAir0479	2567884	S	1	0	1	0.00000
Rhodococcus sp. PBTS 2	1653479	S	1	0	1	0.00000
Rhodococcus erythropolis	1833	S	30	85	115	0.00013
Rhodococcus qingshengii	334542	S	23	94	117	0.00013
Rhodococcus ruber	1830	S	2	0	2	0.00000
Rhodococcus triatomae	300028	S	2	0	2	0.00000
Rhodococcus fascians	1828	S	1	0	1	0.00000
Rhodococcus opacus	37919	S	1	0	1	0.00000
Nocardia arthritidis	228602	S	5	0	5	0.00001
Nocardia asteroides	1824	S	3	0	3	0.00000
Nocardia brasiliensis	37326	S	2	0	2	0.00000
Nocardia nova	37330	S	2	0	2	0.00000
Nocardia seriolae	37332	S	1	0	1	0.00000
Nocardia sp. CS682	1047172	S	1	0	1	0.00000
Mycolicibacterium psychrotolerans	216929	S	7	0	7	0.00001
Mycolicibacterium fortuitum	1766	S	3	0	3	0.00000
Mycolicibacterium phocaicum	319706	S	3	0	3	0.00000
Mycolicibacterium fallax	1793	S	3	0	3	0.00000
Mycolicibacterium thermoresistibile	1797	S	3	0	3	0.00000
Mycolicibacterium mucogenicum	56689	S	3	0	3	0.00000
Mycolicibacterium gilvum	1804	S	2	1	3	0.00000
Mycolicibacterium mageritense	53462	S	2	0	2	0.00000
Mycolicibacterium sp. LJ126	2761578	S	1	0	1	0.00000
Mycolicibacterium celeriflavum	1249101	S	1	0	1	0.00000
Mycolicibacterium insubricum	444597	S	1	0	1	0.00000
Mycolicibacterium boenickei	146017	S	1	0	1	0.00000
Mycolicibacterium goodii	134601	S	1	0	1	0.00000
Mycolicibacterium hassiacum	46351	S	1	0	1	0.00000
Mycolicibacterium phlei	1771	S	1	0	1	0.00000
Mycolicibacterium gadium	1794	S	1	0	1	0.00000
Mycolicibacterium chitae	1792	S	1	0	1	0.00000
Mycolicibacterium aurum	1791	S	1	0	1	0.00000
Mycobacterium heidelbergense	53376	S	2	0	2	0.00000
Mycobacterium parmense	185642	S	2	0	2	0.00000
Mycobacterium stomatepiae	470076	S	2	0	2	0.00000
Mycobacterium shigaense	722731	S	1	0	1	0.00000
Mycobacterium sp. JS623	212767	S	2	0	2	0.00000
Mycobacterium sp. YC-RL4	1682113	S	1	0	1	0.00000
Mycobacterium sp. MS1601	1936029	S	1	0	1	0.00000
Mycobacterium gallinarum	39689	S	3	0	3	0.00000
Mycobacterium shottsii	133549	S	1	0	1	0.00000
Mycobacterium paragordonae	1389713	S	1	0	1	0.00000
Mycobacterium dioxanotrophicus	482462	S	1	0	1	0.00000
Mycobacterium kansasii	1768	S	1	0	1	0.00000
Mycobacterium heckeshornense	110505	S	1	0	1	0.00000
Mycobacterium xenopi	1789	S	1	0	1	0.00000
Mycobacteroides chelonae	1774	S	15	16	31	0.00003
Mycobacteroides salmoniphilum	404941	S	2	0	2	0.00000
Mycolicibacillus koreensis	1069220	S	1	0	1	0.00000
Corynebacterium tuberculostearicum	38304	S	7	1	8	0.00001
Corynebacterium kroppenstedtii	161879	S	4	0	4	0.00000
Corynebacterium kefirresidentii	1979527	S	4	0	4	0.00000
Corynebacterium sp. L2-79-05	373068	S	1	6	7	0.00001
Corynebacterium sp. FDAARGOS 1242	2778078	S	1	1	2	0.00000
Corynebacterium sp. 2039	2675219	S	1	0	1	0.00000
Corynebacterium xerosis	1725	S	3	0	3	0.00000
Corynebacterium striatum	43770	S	2	0	2	0.00000
Corynebacterium diphtheriae	1717	S	2	0	2	0.00000
Corynebacterium sanguinis	2594913	S	2	0	2	0.00000
Corynebacterium flavescens	28028	S	2	0	2	0.00000
Corynebacterium marinum	349751	S	2	0	2	0.00000
Corynebacterium bovis	36808	S	1	0	1	0.00000
Corynebacterium argentoratense	42817	S	1	0	1	0.00000
Corynebacterium glucuronolyticum	39791	S	1	0	1	0.00000
Corynebacterium mycetoides	38302	S	1	0	1	0.00000
Corynebacterium glyciniphilum	1404244	S	1	0	1	0.00000
Corynebacterium jeikeium	38289	S	1	0	1	0.00000
Corynebacterium aurimucosum	169292	S	1	0	1	0.00000
Corynebacterium efficiens	152794	S	1	0	1	0.00000
Corynebacterium variabile	1727	S	1	0	1	0.00000
Corynebacterium anserum	2684406	S	1	0	1	0.00000
Corynebacterium humireducens	1223514	S	1	0	1	0.00000
Gordonia bronchialis	2054	S	7	0	7	0.00001
Gordonia sp. KTR9	337191	S	1	0	1	0.00000
Gordonia sp. JH63	2698900	S	1	1	2	0.00000
Gordonia sp. PDNC005	2811424	S	1	0	1	0.00000
Gordonia rubripertincta	36822	S	1	0	1	0.00000
Gordonia ajococcus	1292359	S	1	4	5	0.00001
Tsukamurella tyrosinosolvens	57704	S	5	0	5	0.00001
Tsukamurella paurometabola	2061	S	2	0	2	0.00000
Dietzia lutea	546160	S	2	0	2	0.00000
Dietzia timorensis	499555	S	1	0	1	0.00000
Tomitella sp. HY188	2597660	S	1	0	1	0.00000
Tomitella sp. HY172	2760083	S	1	0	1	0.00000
Lawsonella clevelandensis	1528099	S	1	0	1	0.00000
Microbacterium sp. PM5	2014534	S	33	5	38	0.00004
Microbacterium sp. BH-3-3-3	1906742	S	4	0	4	0.00000
Microbacterium sp. HY60	2769067	S	3	0	3	0.00000
Microbacterium sp. Y-01	2048898	S	3	2	5	0.00001
Microbacterium sp. CBA3102	2603598	S	1	0	1	0.00000
Microbacterium sp. 4R-513	2567934	S	1	0	1	0.00000
Microbacterium sp. RG1	2489212	S	1	0	1	0.00000
Microbacterium sp. XT11	367477	S	1	0	1	0.00000
Microbacterium sp. 1S1	2606451	S	1	1	2	0.00000
Microbacterium sp. HY82	2708079	S	1	0	1	0.00000
Microbacterium sp. NY27	2782169	S	1	0	1	0.00000
Microbacterium chocolatum	84292	S	5	0	5	0.00001
Microbacterium hominis	162426	S	5	1	6	0.00001
Microbacterium aurum	36805	S	2	0	2	0.00000
Microbacterium lushaniae	2614639	S	2	0	2	0.00000
Microbacterium sediminis	904291	S	2	0	2	0.00000
Microbacterium pygmaeum	370764	S	2	0	2	0.00000
Microbacterium oleivorans	273677	S	2	0	2	0.00000
Microbacterium paraoxydans	199592	S	2	9	11	0.00001
Microbacterium testaceum	2033	S	2	0	2	0.00000
Microbacterium foliorum	104336	S	1	0	1	0.00000
Microbacterium oxydans	82380	S	1	0	1	0.00000
Curtobacterium flaccumfaciens	2035	S	6	1	7	0.00001
Curtobacterium sp. MR_MD2014	1561023	S	1	0	1	0.00000
Curtobacterium sp. BH-2-1-1	1905847	S	1	0	1	0.00000
Curtobacterium sp. Csp2	2495430	S	1	0	1	0.00000
Leucobacter triazinivorans	1784719	S	4	0	4	0.00000
Leucobacter viscericola	2714935	S	2	0	2	0.00000
Leucobacter muris	1935379	S	1	0	1	0.00000
Leucobacter coleopterorum	2714933	S	1	0	1	0.00000
Rathayibacter sp. VKM Ac-2759	2609252	S	2	1	3	0.00000
Rathayibacter sp. VKM Ac-2804	2609257	S	1	3	4	0.00000
Rhodoluna lacicola	529884	S	4	0	4	0.00000
Rhodoluna limnophila	232537	S	1	0	1	0.00000
Candidatus Aquiluna sp. 15G-AUS-rot	2499157	S	2	0	2	0.00000
Leifsonia xyli	1575	S	4	0	4	0.00000
Leifsonia sp. 21MFCrub1.1	1798223	S	2	0	2	0.00000
Leifsonia sp. PS1209	2724914	S	1	0	1	0.00000
Herbiconiux sp. SALV-R1	2735133	S	5	1	6	0.00001
Agromyces aureus	453304	S	2	0	2	0.00000
Agromyces sp. LHK192	2498704	S	2	0	2	0.00000
Protaetiibacter intestinalis	2419774	S	2	1	3	0.00000
Protaetiibacter sp. SSC-01	2759943	S	1	0	1	0.00000
Salinibacterium sp. ZJ70	2708084	S	2	0	2	0.00000
Salinibacterium sp. UTAS2018	2508880	S	1	0	1	0.00000
Agrococcus carbonis	684552	S	1	0	1	0.00000
Agrococcus sp. SGAir0287	2070347	S	1	0	1	0.00000
Marisediminicola antarctica	674079	S	1	0	1	0.00000
Clavibacter michiganensis	28447	S	1	-1	0	0.00000
Aurantimicrobium sp. MWH-Mo1	1987356	S	1	0	1	0.00000
Microterricola viridarii	412690	S	1	0	1	0.00000
Frondihabitans sp. 762G35	1446794	S	1	0	1	0.00000
Microcella alkaliphila	279828	S	1	0	1	0.00000
Frigoribacterium sp. NBH87	2596916	S	1	0	1	0.00000
Plantibacter flavus	150123	S	1	0	1	0.00000
Paenarthrobacter sp. YJN-D	2735317	S	49	11	60	0.00007
Paenarthrobacter aurescens	43663	S	1	4	5	0.00001
Micrococcus luteus	1270	S	10	8	18	0.00002
Arthrobacter sp. PM3	2017685	S	4	0	4	0.00000
Arthrobacter sp. FB24	290399	S	1	0	1	0.00000
Arthrobacter sp. UKPF54-2	2600159	S	1	0	1	0.00000
Arthrobacter sp. 24S4-2	2575374	S	1	0	1	0.00000
Arthrobacter sp. D5-1	1477518	S	1	0	1	0.00000
Arthrobacter alpinus	656366	S	3	0	3	0.00000
Arthrobacter dokdonellae	2211210	S	2	0	2	0.00000
Arthrobacter crystallopoietes	37928	S	1	0	1	0.00000
Rothia terrae	396015	S	10	2	12	0.00001
Rothia mucilaginosa	43675	S	3	0	3	0.00000
Rothia aeria	172042	S	2	0	2	0.00000
Kocuria palustris	71999	S	5	0	5	0.00001
Kocuria rhizophila	72000	S	5	0	5	0.00001
Pseudarthrobacter phenanthrenivorans	361575	S	4	0	4	0.00000
Pseudarthrobacter chlorophenolicus	85085	S	1	0	1	0.00000
Pseudarthrobacter sp. BIM B-2242	2772401	S	1	0	1	0.00000
Renibacterium salmoninarum	1646	S	2	0	2	0.00000
Sinomonas atrocyanea	37927	S	1	0	1	0.00000
Glutamicibacter nicotianae	37929	S	1	0	1	0.00000
Dermacoccus nishinomiyaensis	1274	S	34	5	39	0.00004
Phycicoccus sp. HDW14	2714941	S	10	0	10	0.00001
Janibacter melonis	262209	S	2	0	2	0.00000
Janibacter sp. YB324	2761047	S	1	3	4	0.00000
Arsenicicoccus sp. oral taxon 190	1658671	S	1	0	1	0.00000
Brevibacterium sp. CS2	2575923	S	2	0	2	0.00000
Brevibacterium sp. 'Marine'	2725563	S	1	0	1	0.00000
Brevibacterium sp. JNUCC-42	2777985	S	1	4	5	0.00001
Brevibacterium linens	1703	S	3	0	3	0.00000
Brevibacterium casei	33889	S	2	0	2	0.00000
Brachybacterium sp. P6-10-X1	1903186	S	3	0	3	0.00000
Brachybacterium saurashtrense	556288	S	1	0	1	0.00000
Brachybacterium ginsengisoli	1331682	S	1	0	1	0.00000
Devriesea agamarum	472569	S	1	0	1	0.00000
Cellulomonas sp. PSBB021	2003551	S	2	0	2	0.00000
Oerskovia sp. KBS0722	1179673	S	1	0	1	0.00000
Pseudactinotalea sp. HY158	2654547	S	1	0	1	0.00000
Cellulosimicrobium sp. 72-3	2731680	S	1	0	1	0.00000
Isoptericola variabilis	139208	S	1	0	1	0.00000
Beutenbergia cavernae	84757	S	1	0	1	0.00000
Serinicoccus chungangensis	767452	S	1	0	1	0.00000
Kytococcus sedentarius	1276	S	1	0	1	0.00000
Sanguibacter keddieii	60920	S	1	0	1	0.00000
Streptomyces sp. NHF165	2175864	S	2	0	2	0.00000
Streptomyces sp. WAC 01438	2203204	S	2	0	2	0.00000
Streptomyces sp. CRXT-Y-14	2768069	S	2	0	2	0.00000
Streptomyces sp. WAC 06738	2203210	S	2	4	6	0.00001
Streptomyces sp. 3211	1964449	S	1	2	3	0.00000
Streptomyces sp. CCM_MD2014	1561022	S	1	1	2	0.00000
Streptomyces sp. GS7	2692234	S	1	0	1	0.00000
Streptomyces sp. S4.7	2705439	S	1	0	1	0.00000
Streptomyces sp. 3214.6	1882757	S	1	0	1	0.00000
Streptomyces sp. Z423-1	2730915	S	1	0	1	0.00000
Streptomyces sp. CB01881	2078691	S	1	0	1	0.00000
Streptomyces sp. YIM 121038	2136401	S	1	0	1	0.00000
Streptomyces sp. CRPJ-33	2768068	S	1	0	1	0.00000
Streptomyces sp. ZYC-3	2797636	S	1	0	1	0.00000
Streptomyces sp. NEAU-sy36	2751189	S	1	0	1	0.00000
Streptomyces clavuligerus	1901	S	4	0	4	0.00000
Streptomyces venezuelae	54571	S	4	0	4	0.00000
Streptomyces tendae	1932	S	3	0	3	0.00000
Streptomyces griseocarneus	51201	S	3	0	3	0.00000
Streptomyces lividans	1916	S	3	23	26	0.00003
Streptomyces alboniger	132473	S	2	0	2	0.00000
Streptomyces seoulensis	73044	S	2	0	2	0.00000
Streptomyces griseorubiginosus	67304	S	2	0	2	0.00000
Streptomyces tsukubensis	83656	S	2	0	2	0.00000
Streptomyces alfalfae	1642299	S	1	1	2	0.00000
Streptomyces peucetius	1950	S	1	0	1	0.00000
Streptomyces fodineus	1904616	S	1	0	1	0.00000
Streptomyces alboflavus	67267	S	1	0	1	0.00000
Streptomyces chartreusis	1969	S	1	0	1	0.00000
Streptomyces griseoviridis	45398	S	1	0	1	0.00000
Streptomyces glomeroaurantiacus	68210	S	1	0	1	0.00000
Streptomyces nodosus	40318	S	1	0	1	0.00000
Streptomyces prasinus	67345	S	1	0	1	0.00000
Streptomyces rapamycinicus	1226757	S	1	0	1	0.00000
Streptomyces pluripotens	1355015	S	1	0	1	0.00000
Streptomyces lydicus	47763	S	1	0	1	0.00000
Streptomyces griseofuscus	146922	S	1	1	2	0.00000
Streptomyces davaonensis	348043	S	1	0	1	0.00000
Streptomyces lincolnensis	1915	S	1	0	1	0.00000
Streptomyces cyaneochromogenes	2496836	S	1	0	1	0.00000
Streptomyces broussonetiae	2686304	S	1	0	1	0.00000
Streptomyces antibioticus	1890	S	1	0	1	0.00000
Streptomyces actuosus	1885	S	1	0	1	0.00000
Kitasatospora sp. MMS16-BH015	2018025	S	2	0	2	0.00000
Kitasatospora setae	2066	S	1	0	1	0.00000
Pseudonocardia sp. AL041005-10	445576	S	20	1	21	0.00002
Pseudonocardia sp. HH130629-09	1641402	S	5	0	5	0.00001
Pseudonocardia sp. HH130630-07	1690815	S	2	0	2	0.00000
Pseudonocardia broussonetiae	2736640	S	1	0	1	0.00000
Amycolatopsis keratiniphila	129921	S	2	0	2	0.00000
Amycolatopsis albispora	1804986	S	2	0	2	0.00000
Saccharothrix syringae	103733	S	1	1	2	0.00000
Actinosynnema mirum	40567	S	1	0	1	0.00000
Prauserella marina	530584	S	1	0	1	0.00000
Alloactinosynnema sp. L-07	1653480	S	1	0	1	0.00000
Actinomyces sp. oral taxon 171	706438	S	2	0	2	0.00000
Actinomyces sp. oral taxon 169	712116	S	1	0	1	0.00000
Actinomyces sp. Chiba101	1851395	S	1	0	1	0.00000
Actinomyces sp. zg-332	2708340	S	1	0	1	0.00000
Actinomyces sp. ZJ750	2744574	S	1	0	1	0.00000
Actinomyces naeslundii	1655	S	5	0	5	0.00001
Actinomyces slackii	52774	S	1	0	1	0.00000
Schaalia odontolytica	1660	S	4	0	4	0.00000
Schaalia sp. ZJ405	2709403	S	2	0	2	0.00000
Trueperella bialowiezensis	312285	S	1	0	1	0.00000
Flaviflexus salsibiostraticola	1282737	S	1	0	1	0.00000
Micromonospora tulbaghiae	479978	S	2	0	2	0.00000
Micromonospora auratinigra	261654	S	2	0	2	0.00000
Micromonospora siamensis	299152	S	2	0	2	0.00000
Micromonospora echinaurantiaca	47857	S	1	0	1	0.00000
Micromonospora echinofusca	47858	S	1	0	1	0.00000
Micromonospora narathiwatensis	299146	S	1	0	1	0.00000
Actinoplanes sp. N902-109	649831	S	2	0	2	0.00000
Actinoplanes sp. OR16	946334	S	1	0	1	0.00000
Actinoplanes missouriensis	1866	S	1	0	1	0.00000
Actinoplanes teichomyceticus	1867	S	1	0	1	0.00000
Actinoplanes friuliensis	196914	S	1	0	1	0.00000
Phytohabitans suffuscus	624315	S	2	0	2	0.00000
Actinocatenispora thailandica	227318	S	1	0	1	0.00000
Candidatus Planktophila sulfonica	1884904	S	12	0	12	0.00001
Candidatus Planktophila dulcis	1884914	S	4	0	4	0.00000
Streptosporangium roseum	2001	S	3	0	3	0.00000
Streptosporangium sp. 'caverna'	2202249	S	1	0	1	0.00000
Thermobispora bispora	2006	S	2	0	2	0.00000
Nonomuraea nitratireducens	2656914	S	1	0	1	0.00000
Actinomadura verrucosospora	46165	S	2	0	2	0.00000
Gardnerella vaginalis	2702	S	2	2	4	0.00000
Bifidobacterium imperatoris	2020965	S	1	1	2	0.00000
Nakamurella multipartita	53461	S	2	0	2	0.00000
Frankia sp. QA3	710111	S	1	0	1	0.00000
Kineococcus radiotolerans	131568	S	1	0	1	0.00000
Geodermatophilus obscurus	1861	S	1	0	1	0.00000
Actinomarinicola tropica	2789776	S	2	0	2	0.00000
Ilumatobacter coccineus	467094	S	2	0	2	0.00000
Egibacter rhizosphaerae	1670831	S	3	0	3	0.00000
Euzebya sp. DY32-46	1608957	S	1	0	1	0.00000
Rubrobacter xylanophilus	49319	S	1	0	1	0.00000
Rubrobacter sp. SCSIO 52909	2653851	S	1	0	1	0.00000
Baekduia soli	496014	S	1	0	1	0.00000
Olsenella umbonata	604330	S	1	0	1	0.00000
Streptococcus thermophilus	1308	S	76	58	134	0.00015
Streptococcus sp. oral taxon 431	712633	S	3	0	3	0.00000
Streptococcus sp. oral taxon 061	712623	S	2	0	2	0.00000
Streptococcus sp. HSISS2	1316411	S	1	0	1	0.00000
Streptococcus sp. A12	1759399	S	1	0	1	0.00000
Streptococcus sp. HSISM1	1316408	S	1	0	1	0.00000
Streptococcus sp. oral taxon 064	712624	S	1	0	1	0.00000
Streptococcus oralis	1303	S	5	1	6	0.00001
Streptococcus mitis	28037	S	4	0	4	0.00000
Streptococcus salivarius	1304	S	2	0	2	0.00000
Streptococcus sanguinis	1305	S	2	0	2	0.00000
Streptococcus pneumoniae	1313	S	2	0	2	0.00000
Streptococcus suis	1307	S	1	0	1	0.00000
Streptococcus pantholopis	1811193	S	1	0	1	0.00000
Streptococcus pseudopneumoniae	257758	S	1	0	1	0.00000
Streptococcus equinus	1335	S	1	0	1	0.00000
Lactococcus garvieae	1363	S	15	5	20	0.00002
Lactococcus lactis	1358	S	11	2	13	0.00001
Lactococcus taiwanensis	1151742	S	1	0	1	0.00000
Leuconostoc mesenteroides	1245	S	8	0	8	0.00001
Leuconostoc sp. C2	979982	S	2	5	7	0.00001
Lactobacillus crispatus	47770	S	5	0	5	0.00001
Lactobacillus gasseri	1596	S	4	3	7	0.00001
Lactobacillus delbrueckii	1584	S	3	0	3	0.00000
Lactiplantibacillus plantarum	1590	S	5	9	14	0.00002
Lactiplantibacillus pentosus	1589	S	2	0	2	0.00000
Ligilactobacillus agilis	1601	S	1	0	1	0.00000
Ligilactobacillus salivarius	1624	S	1	0	1	0.00000
Ligilactobacillus acidipiscis	89059	S	1	0	1	0.00000
Lacticaseibacillus zeae	57037	S	1	2	3	0.00000
Latilactobacillus curvatus	28038	S	3	0	3	0.00000
Companilactobacillus alimentarius	1602	S	2	0	2	0.00000
Companilactobacillus heilongjiangensis	1074467	S	1	0	1	0.00000
Pediococcus pentosaceus	1255	S	1	0	1	0.00000
Paucilactobacillus hokkaidonensis	1193095	S	1	0	1	0.00000
Limosilactobacillus reuteri	1598	S	1	0	1	0.00000
Weissella hellenica	46256	S	1	0	1	0.00000
Enterococcus faecalis	1351	S	13	1	14	0.00002
Enterococcus faecium	1352	S	1	0	1	0.00000
Enterococcus cecorum	44008	S	1	0	1	0.00000
Enterococcus durans	53345	S	1	0	1	0.00000
Enterococcus sp. FDAARGOS_375	2060307	S	1	0	1	0.00000
Tetragenococcus halophilus	51669	S	1	0	1	0.00000
Tetragenococcus koreensis	290335	S	1	0	1	0.00000
Tetragenococcus osmophilus	526944	S	1	0	1	0.00000
Vagococcus teuberi	519472	S	1	0	1	0.00000
Carnobacterium inhibens	147709	S	1	0	1	0.00000
Dolosigranulum pigrum	29394	S	1	0	1	0.00000
Suicoccus acidiformans	2036206	S	1	0	1	0.00000
Priestia megaterium	1404	S	56	9	65	0.00007
Bacillus cereus	1396	S	12	18	30	0.00003
Bacillus cytotoxicus	580165	S	2	0	2	0.00000
Bacillus thuringiensis	1428	S	1	0	1	0.00000
Bacillus sp. X1(2014)	1565991	S	1	0	1	0.00000
Bacillus sp. N1-1	2682541	S	1	2	3	0.00000
Bacillus atrophaeus	1452	S	1	0	1	0.00000
Bacillus paralicheniformis	1648923	S	1	0	1	0.00000
Bacillus cellulosilyticus	1413	S	2	0	2	0.00000
Bacillus beveridgei	632773	S	1	0	1	0.00000
Bacillus safensis	561879	S	1	0	1	0.00000
Bacillus circulans	1397	S	1	0	1	0.00000
Caldibacillus thermoamylovorans	35841	S	4	0	4	0.00000
Lysinibacillus sphaericus	1421	S	1	0	1	0.00000
Lysinibacillus fusiformis	28031	S	1	0	1	0.00000
Salicibibacter sp. NKC5-3	2743000	S	1	0	1	0.00000
Salicibibacter sp. NKC21-4	2743001	S	1	0	1	0.00000
Terribacillus goriensis	386490	S	2	0	2	0.00000
Anaerobacillus isosaccharinicus	1532552	S	1	0	1	0.00000
Neobacillus mesonae	1193713	S	1	0	1	0.00000
Cytobacillus oceanisediminis	665099	S	1	0	1	0.00000
Pradoshia sp. D12	2651284	S	1	0	1	0.00000
Parageobacillus genomosp. 1	1295642	S	1	0	1	0.00000
Aeribacillus pallidus	33936	S	1	0	1	0.00000
Halobacillus litoralis	45668	S	1	0	1	0.00000
Gracilibacillus sp. SCU50	2663022	S	1	0	1	0.00000
Virgibacillus sp. MSP4-1	2700081	S	1	0	1	0.00000
Staphylococcus epidermidis	1282	S	24	4	28	0.00003
Staphylococcus aureus	1280	S	13	28	41	0.00005
Staphylococcus capitis	29388	S	12	1	13	0.00001
Staphylococcus hominis	1290	S	5	0	5	0.00001
Staphylococcus auricularis	29379	S	4	0	4	0.00000
Staphylococcus pasteuri	45972	S	4	0	4	0.00000
Staphylococcus lugdunensis	28035	S	4	0	4	0.00000
Staphylococcus haemolyticus	1283	S	4	0	4	0.00000
Staphylococcus saprophyticus	29385	S	2	0	2	0.00000
Staphylococcus warneri	1292	S	1	0	1	0.00000
Staphylococcus nepalensis	214473	S	1	0	1	0.00000
Staphylococcus succinus	61015	S	1	0	1	0.00000
Staphylococcus cohnii	29382	S	1	0	1	0.00000
Staphylococcus schleiferi	1295	S	1	0	1	0.00000
Staphylococcus xylosus	1288	S	1	0	1	0.00000
Mammaliicoccus sciuri	1296	S	1	0	1	0.00000
Mammaliicoccus lentus	42858	S	1	0	1	0.00000
Mammaliicoccus vitulinus	71237	S	1	0	1	0.00000
Paenibacillus sp. FSL P4-0081	1536769	S	1	2	3	0.00000
Paenibacillus sp. FSL R7-0273	1536772	S	1	0	1	0.00000
Paenibacillus sp. FSL R7-0331	1536773	S	1	0	1	0.00000
Paenibacillus bovis	1616788	S	2	0	2	0.00000
Paenibacillus lycopersici	2704462	S	1	0	1	0.00000
Paenibacillus barcinonensis	198119	S	1	0	1	0.00000
Paenibacillus mucilaginosus	61624	S	1	-1	0	0.00000
Brevibacillus laterosporus	1465	S	1	0	1	0.00000
Sporosarcina pasteurii	1474	S	2	0	2	0.00000
Paenisporosarcina antarctica	417367	S	1	0	1	0.00000
Brochothrix thermosphacta	2756	S	2	0	2	0.00000
Listeria monocytogenes	1639	S	1	0	1	0.00000
Exiguobacterium sp. Helios	2735868	S	2	0	2	0.00000
Exiguobacterium sp. U13-1	1849031	S	1	0	1	0.00000
Alicyclobacillus ferrooxydans	471514	S	1	0	1	0.00000
Clostridium botulinum	1491	S	44	2	46	0.00005
Clostridium sp. DL-VIII	641107	S	1	0	1	0.00000
Clostridium sp. JN-1	2483110	S	1	0	1	0.00000
Clostridium sp. JN-9	2507159	S	1	0	1	0.00000
Clostridium sp. 'deep sea'	2779445	S	1	0	1	0.00000
Clostridium sporogenes	1509	S	3	0	3	0.00000
Clostridium gasigenes	94869	S	2	0	2	0.00000
Clostridium saccharobutylicum	169679	S	2	0	2	0.00000
Clostridium bornimense	1216932	S	2	0	2	0.00000
Clostridium scatologenes	1548	S	2	0	2	0.00000
Clostridium acetobutylicum	1488	S	1	0	1	0.00000
Clostridium butyricum	1492	S	1	0	1	0.00000
Clostridium beijerinckii	1520	S	1	0	1	0.00000
Clostridium estertheticum	238834	S	1	0	1	0.00000
Clostridium tetani	1513	S	1	0	1	0.00000
Clostridium thermarum	1716543	S	1	0	1	0.00000
Alkaliphilus metalliredigens	208226	S	1	0	1	0.00000
Blautia obeum	40520	S	2	2	4	0.00000
Blautia sp. SC05B48	2479767	S	2	2	4	0.00000
Coprococcus catus	116085	S	2	1	3	0.00000
Lachnospira eligens	39485	S	1	0	1	0.00000
Anaerobutyricum hallii	39488	S	1	1	2	0.00000
Anaerocolumna sedimenticola	2696063	S	1	0	1	0.00000
Herbinix luporum	1679721	S	1	0	1	0.00000
Romboutsia sp. CE17	2724150	S	5	0	5	0.00001
Romboutsia ilealis	1115758	S	1	0	1	0.00000
Romboutsia hominis	1507512	S	1	0	1	0.00000
Clostridioides difficile	1496	S	3	0	3	0.00000
Acetivibrio clariflavus	288965	S	2	0	2	0.00000
Acetivibrio thermocellus	1515	S	1	-1	0	0.00000
Ruminococcus bicirculans	1160721	S	1	0	1	0.00000
Ruminococcus champanellensis	1161942	S	1	0	1	0.00000
Fastidiosipila sanguinis	236753	S	2	0	2	0.00000
Ruminiclostridium cellulolyticum	1521	S	1	0	1	0.00000
Dehalobacterium formicoaceticum	51515	S	4	1	5	0.00001
Desulfitobacterium dehalogenans	36854	S	1	0	1	0.00000
Candidatus Desulforudis audaxviator	471827	S	1	0	1	0.00000
Eubacterium limosum	1736	S	1	0	1	0.00000
[Eubacterium] cellulosolvens	29322	S	1	0	1	0.00000
Monoglobus pectinilyticus	1981510	S	2	0	2	0.00000
Petrocella atlantisensis	2173034	S	1	0	1	0.00000
Moorella thermoacetica	1525	S	1	0	1	0.00000
Mahella australiensis	252966	S	1	0	1	0.00000
Tepidanaerobacter acetatoxydans	499229	S	1	0	1	0.00000
Pelosinus sp. UFO1	484770	S	2	0	2	0.00000
Sporomusa termitida	2377	S	1	0	1	0.00000
Selenomonas sp. oral taxon 920	1884263	S	1	0	1	0.00000
Megamonas hypermegale	158847	S	1	0	1	0.00000
Phascolarctobacterium faecium	33025	S	1	0	1	0.00000
Veillonella parvula	29466	S	1	0	1	0.00000
Faecalitalea cylindroides	39483	S	4	2	6	0.00001
Erysipelothrix larvae	1514105	S	2	0	2	0.00000
Finegoldia magna	1260	S	2	0	2	0.00000
Anaerococcus prevotii	33034	S	2	0	2	0.00000
Oscillatoria nigro-viridis	482564	S	252	16	268	0.00030
Oscillatoria acuminata	118323	S	2	0	2	0.00000
Moorea producens	1155739	S	2	0	2	0.00000
Oxynema sp. AP17	2064643	S	5	2	7	0.00001
Microcoleus sp. PCC 7113	1173027	S	1	0	1	0.00000
Crinalium epipsammum	241425	S	5	0	5	0.00001
[Phormidium] sp. ETS-05	222819	S	4	0	4	0.00000
Cyanothece sp. PCC 7425	395961	S	1	0	1	0.00000
Microcystis aeruginosa	1126	S	14	4	18	0.00002
Gloeocapsa sp. PCC 7428	1173026	S	2	0	2	0.00000
Geminocystis herdmanii	669359	S	1	0	1	0.00000
Geminocystis sp. NIES-3709	1617448	S	1	0	1	0.00000
Chondrocystis sp. NIES-4102	2005460	S	1	0	1	0.00000
Gloeothece citriformis	2546356	S	2	0	2	0.00000
Halothece sp. PCC 7418	65093	S	1	0	1	0.00000
Rippkaea orientalis	2546366	S	1	-1	0	0.00000
Nostoc sp. NIES-2111	1973475	S	4	7	11	0.00001
Nostoc sp. CENA543	1869241	S	3	0	3	0.00000
Nostoc sp. PCC 7107	317936	S	2	2	4	0.00000
Nostoc sp. C052	2576902	S	2	0	2	0.00000
Nostoc sp. 'Peltigera membranacea cyanobiont' N6	1261031	S	1	0	1	0.00000
Nostoc sp. 'Lobaria pulmonaria (5183) cyanobiont'	1618022	S	1	0	1	0.00000
Nostoc sp. UHCC 0702	2814655	S	1	0	1	0.00000
Nostoc carneum	374162	S	7	44	51	0.00006
Nostoc edaphicum	264686	S	4	2	6	0.00001
Nostoc linckia	92942	S	3	2	5	0.00001
Nostoc sphaeroides	446679	S	2	1	3	0.00000
Nostoc piscinale	224012	S	1	1	2	0.00000
Nostoc punctiforme	272131	S	1	1	2	0.00000
Nostoc flagelliforme	1306274	S	1	0	1	0.00000
Anabaena cylindrica	1165	S	13	6	19	0.00002
Cylindrospermum stagnale	142864	S	3	2	5	0.00001
Calothrix parasitica	1973486	S	5	0	5	0.00001
Calothrix brevissima	938406	S	4	4	8	0.00001
Calothrix sp. PCC 7507	99598	S	1	0	1	0.00000
Calothrix sp. 336/3	1337936	S	1	0	1	0.00000
Calothrix sp. NIES-2098	1954171	S	1	0	1	0.00000
Calothrix parietina	32054	S	1	0	1	0.00000
Dolichospermum compactum	136073	S	3	10	13	0.00001
Nodularia spumigena	70799	S	1	1	2	0.00000
Raphidiopsis curvata	312883	S	1	2	3	0.00000
Fischerella sp. NIES-4106	2005456	S	2	0	2	0.00000
Tolypothrix sp. PCC 7910	2099387	S	1	2	3	0.00000
Synechococcus sp. PCC 6312	195253	S	4	0	4	0.00000
Synechococcus sp. JA-3-3Ab	321327	S	3	0	3	0.00000
Synechococcus sp. PCC 7502	1173263	S	1	0	1	0.00000
Synechococcus sp. HK01-R	2751171	S	1	0	1	0.00000
Synechococcus sp. WH 8101	59932	S	1	0	1	0.00000
Synechococcus sp. CBW1006	1353138	S	1	3	4	0.00000
Synechococcus sp. PCC 7336	195250	S	1	0	1	0.00000
Acaryochloris marina	155978	S	9	0	9	0.00001
Prochlorococcus marinus	1219	S	3	0	3	0.00000
Prochlorococcus sp. MIT 0801	1501269	S	1	1	2	0.00000
Chamaesiphon minutus	1173032	S	4	0	4	0.00000
Leptolyngbya sp. PCC 7376	111781	S	3	0	3	0.00000
Leptolyngbya sp. BL0902	1115757	S	1	0	1	0.00000
Pseudanabaena sp. PCC 7367	82654	S	3	0	3	0.00000
Stanieria cyanosphaera	102116	S	5	5	10	0.00001
Pleurocapsa minor	54308	S	1	0	1	0.00000
Chroococcidiopsis thermalis	54299	S	1	0	1	0.00000
Thermus scotoductus	37636	S	10	0	10	0.00001
Thermus thermophilus	274	S	5	1	6	0.00001
Thermus caldilimi	2483360	S	1	0	1	0.00000
Oceanithermus profundus	187137	S	3	0	3	0.00000
Deinococcus deserti	310783	S	2	0	2	0.00000
Deinococcus proteolyticus	55148	S	1	0	1	0.00000
Deinococcus swuensis	1182571	S	1	1	2	0.00000
Truepera radiovictrix	332249	S	2	0	2	0.00000
Mycoplasma sp. Zaradi2	547987	S	4	0	4	0.00000
Mycoplasma sp. Mirounga ES2805-ORL	754514	S	2	0	2	0.00000
Mycoplasma sp. Mirounga ES2806-NAS	754516	S	2	0	2	0.00000
Mycoplasma nasistruthionis	353852	S	1	0	1	0.00000
Mycoplasma agalactiae	2110	S	1	0	1	0.00000
Mycoplasma citelli	171281	S	1	0	1	0.00000
Mycoplasma anatis	171279	S	1	0	1	0.00000
Mycoplasma canis	29555	S	1	0	1	0.00000
Mycoplasma arginini	2094	S	1	0	1	0.00000
Spiroplasma monobiae	2136	S	1	0	1	0.00000
Spiroplasma culicicola	216935	S	1	0	1	0.00000
Spiroplasma corruscae	216934	S	1	0	1	0.00000
Spiroplasma helicoides	216938	S	1	0	1	0.00000
Spiroplasma gladiatoris	2143	S	1	0	1	0.00000
Spiroplasma taiwanense	2145	S	1	0	1	0.00000
Spiroplasma turonicum	216946	S	1	0	1	0.00000
Acholeplasma axanthum	29552	S	2	0	2	0.00000
Chloroflexus aurantiacus	1108	S	1	-1	0	0.00000
Pelolinea submarina	913107	S	1	0	1	0.00000
Flavobacterium sp. Sr18	935222	S	13	2	15	0.00002
Flavobacterium sp. HYN0086	2249356	S	5	2	7	0.00001
Flavobacterium sp. SLB02	2665645	S	5	4	9	0.00001
Flavobacterium sp. CS20	2775246	S	4	1	5	0.00001
Flavobacterium sp. MDT1-60	1979344	S	4	1	5	0.00001
Flavobacterium sp. 140616W15	2478552	S	4	1	5	0.00001
Flavobacterium sp. M31R6	2739062	S	4	0	4	0.00000
Flavobacterium sp. CJ74	2294119	S	3	0	3	0.00000
Flavobacterium sp. CLA17	2724135	S	3	1	4	0.00000
Flavobacterium sp. BB8	2816357	S	2	0	2	0.00000
Flavobacterium sp. I3-2	2748319	S	2	1	3	0.00000
Flavobacterium sp. KBS0721	1179672	S	1	1	2	0.00000
Flavobacterium sp. xlx-214	2654325	S	1	0	1	0.00000
Flavobacterium psychrophilum	96345	S	13	1	14	0.00002
Flavobacterium johnsoniae	986	S	12	5	17	0.00002
Flavobacterium branchiophilum	55197	S	6	0	6	0.00001
Flavobacterium haoranii	683124	S	6	2	8	0.00001
Flavobacterium columnare	996	S	4	1	5	0.00001
Flavobacterium sangjuense	2518177	S	4	0	4	0.00000
Flavobacterium nitrogenifigens	1617283	S	4	2	6	0.00001
Flavobacterium anhuiense	459526	S	4	2	6	0.00001
Flavobacterium gilvum	1492737	S	3	0	3	0.00000
Flavobacterium crocinum	2183896	S	3	1	4	0.00000
Flavobacterium indicum	312277	S	3	0	3	0.00000
Flavobacterium nackdongense	2547394	S	3	0	3	0.00000
Flavobacterium commune	1306519	S	1	0	1	0.00000
Flavobacterium faecale	1355330	S	1	0	1	0.00000
Flavobacterium crassostreae	1763534	S	1	0	1	0.00000
Flavobacterium magnum	2162713	S	1	0	1	0.00000
Flavobacterium pallidum	2172098	S	1	0	1	0.00000
Flavobacterium sediminis	2201181	S	1	0	1	0.00000
Flavobacterium alkalisoli	2602769	S	1	0	1	0.00000
Myroides odoratimimus	76832	S	14	14	28	0.00003
Myroides phaeus	702745	S	1	0	1	0.00000
Myroides fluvii	2572594	S	1	0	1	0.00000
Polaribacter sp. Hel1_33_78	1336804	S	2	0	2	0.00000
Polaribacter sp. BM10	1529069	S	2	1	3	0.00000
Polaribacter sp. MED152	313598	S	1	0	1	0.00000
Polaribacter sp. SA4-10	754397	S	1	0	1	0.00000
Polaribacter sp. SA4-12	1312072	S	1	0	1	0.00000
Polaribacter sp. ALD11	2058137	S	1	0	1	0.00000
Polaribacter reichenbachii	996801	S	3	0	3	0.00000
Polaribacter vadi	1774273	S	1	0	1	0.00000
Capnocytophaga leadbetteri	327575	S	3	0	3	0.00000
Capnocytophaga sp. oral taxon 878	1316596	S	1	1	2	0.00000
Capnocytophaga sputigena	1019	S	1	0	1	0.00000
Capnocytophaga endodontalis	2708117	S	1	0	1	0.00000
Winogradskyella sediminis	1382466	S	2	0	2	0.00000
Winogradskyella schleiferi	2686078	S	2	0	2	0.00000
Winogradskyella sp. PC-19	754417	S	1	0	1	0.00000
Winogradskyella forsetii	2686077	S	1	0	1	0.00000
Winogradskyella helgolandensis	2697010	S	1	0	1	0.00000
Gramella flava	1486245	S	3	0	3	0.00000
Gramella echinicola	279359	S	2	0	2	0.00000
Cellulophaga sp. L1A9	2686362	S	2	2	4	0.00000
Seonamhaeicola sp. S2-3	1936081	S	4	0	4	0.00000
Nonlabens dokdonensis	328515	S	1	1	2	0.00000
Nonlabens sp. Hel1_33_55	1336802	S	1	0	1	0.00000
Aequorivita sublithincola	101385	S	3	0	3	0.00000
Tenacibaculum maritimum	107401	S	1	0	1	0.00000
Tenacibaculum dicentrarchi	669041	S	1	0	1	0.00000
Tenacibaculum todarodis	1850252	S	1	0	1	0.00000
Tamlana sp. s12	1630406	S	2	0	2	0.00000
Galbibacter sp. BG1	1170699	S	2	0	2	0.00000
Zobellia galactanivorans	63186	S	2	0	2	0.00000
Kordia antarctica	1218801	S	1	1	2	0.00000
Maribacter cobaltidurans	1178778	S	2	1	3	0.00000
Aquimarina sp. AD1	1714848	S	2	0	2	0.00000
Mariniflexile sp. TRM1-10	2027857	S	1	0	1	0.00000
Lutibacter profundi	1622118	S	1	0	1	0.00000
Olleya sp. Bg11-27	2058135	S	1	1	2	0.00000
Wenyingzhuangia fucanilytica	1790137	S	1	0	1	0.00000
Flagellimonas maritima	1383885	S	1	0	1	0.00000
Lacinutrix sp. Bg11-31	2057808	S	1	0	1	0.00000
Altibacter sp. ALE3EI	2562285	S	1	0	1	0.00000
Algibacter sp. L1A34	2686365	S	1	0	1	0.00000
Robiginitalea biformata	252307	S	1	0	1	0.00000
Formosa sp. Hel1_33_131	1336794	S	1	0	1	0.00000
Changchengzhania lutea	2049305	S	1	0	1	0.00000
Psychroserpens sp. NJDZ02	2570561	S	1	1	2	0.00000
Chryseobacterium sp. NEB161	2724619	S	3	1	4	0.00000
Chryseobacterium sp. 3008163	2478663	S	1	0	1	0.00000
Chryseobacterium sp. G0186	2487064	S	1	0	1	0.00000
Chryseobacterium sp. NBC 122	2547600	S	1	0	1	0.00000
Chryseobacterium sp. POL2	2713414	S	1	0	1	0.00000
Chryseobacterium carnipullorum	1124835	S	3	1	4	0.00000
Chryseobacterium nakagawai	1241982	S	2	3	5	0.00001
Chryseobacterium camelliae	1265445	S	2	0	2	0.00000
Chryseobacterium gallinarum	1324352	S	2	0	2	0.00000
Chryseobacterium manosquense	2754694	S	1	1	2	0.00000
Chryseobacterium indologenes	253	S	1	0	1	0.00000
Chryseobacterium joostei	112234	S	1	0	1	0.00000
Chryseobacterium aureum	2497456	S	1	0	1	0.00000
Chryseobacterium arthrosphaerae	651561	S	1	0	1	0.00000
Chryseobacterium shandongense	1493872	S	1	0	1	0.00000
Kaistella jeonii	266749	S	10	0	10	0.00001
Kaistella carnis	1241979	S	5	0	5	0.00001
Kaistella flava (ex Peng et al. 2021)	2038776	S	5	0	5	0.00001
Kaistella antarctica	266748	S	1	0	1	0.00000
Chryseobacterium haifense	421525	S	1	0	1	0.00000
Kaistella daneshvariae	2487074	S	1	0	1	0.00000
Epilithonimonas vandammei	2487072	S	3	2	5	0.00001
Chryseobacterium lactis	1241981	S	1	0	1	0.00000
Cloacibacterium normanense	237258	S	24	3	27	0.00003
Elizabethkingia bruuniana	1756149	S	5	11	16	0.00002
Elizabethkingia meningoseptica	238	S	2	0	2	0.00000
Elizabethkingia sp. JS20170427COW	2583851	S	2	0	2	0.00000
Cruoricaptor ignavus	1118202	S	2	0	2	0.00000
Empedobacter falsenii	343874	S	1	0	1	0.00000
Blattabacterium cuenoti	1653831	S	7	0	7	0.00001
Candidatus Sulcia muelleri	336810	S	2	0	2	0.00000
Spirosoma sp. KUDC1026	2745947	S	39	0	39	0.00004
Spirosoma sp. KCTC 42546	2520506	S	2	0	2	0.00000
Spirosoma radiotolerans	1379870	S	7	0	7	0.00001
Spirosoma montaniterrae	1178516	S	2	0	2	0.00000
Spirosoma aureum	2692134	S	2	0	2	0.00000
Spirosoma rigui	564064	S	1	0	1	0.00000
Spirosoma aerolatum	1211326	S	1	0	1	0.00000
Aquirufa nivalisilvae	2516557	S	6	0	6	0.00001
Runella slithyformis	106	S	3	0	3	0.00000
Runella sp. HYN0085	2259595	S	2	0	2	0.00000
Dyadobacter fermentans	94254	S	1	0	1	0.00000
Dyadobacter sp. Q3-56	2747268	S	1	0	1	0.00000
Leadbetterella byssophila	316068	S	1	0	1	0.00000
Fibrella sp. ES10-3-2-2	1834519	S	1	0	1	0.00000
Hymenobacter sp. APR13	1356852	S	2	0	2	0.00000
Hymenobacter sp. PAMC 26628	1484118	S	2	0	2	0.00000
Hymenobacter sp. S2-20-2	2761579	S	2	0	2	0.00000
Hymenobacter sp. PAMC 26554	1484116	S	1	0	1	0.00000
Hymenobacter sp. DG01	2584940	S	1	0	1	0.00000
Hymenobacter sp. NBH84	2596915	S	1	0	1	0.00000
Hymenobacter sp. BRD128	2675878	S	1	0	1	0.00000
Hymenobacter sedentarius	1411621	S	2	0	2	0.00000
Hymenobacter swuensis	1446467	S	2	0	2	0.00000
Hymenobacter nivis	1850093	S	2	0	2	0.00000
Hymenobacter radiodurans	2496028	S	2	4	6	0.00001
Hymenobacter baengnokdamensis	2615203	S	2	0	2	0.00000
Hymenobacter oligotrophus	2319843	S	1	0	1	0.00000
Hymenobacter busanensis	2607656	S	1	0	1	0.00000
Pontibacter korlensis	400092	S	2	0	2	0.00000
Pontibacter pudoricolor	2694930	S	2	0	2	0.00000
Pontibacter actiniarum	323450	S	1	0	1	0.00000
Adhaeribacter swui	2086471	S	2	0	2	0.00000
Adhaeribacter radiodurans	2745197	S	1	0	1	0.00000
Rufibacter sp. DG15C	1379909	S	1	0	1	0.00000
Belliella baltica	232259	S	2	0	2	0.00000
Cyclobacterium amurskyense	320787	S	1	0	1	0.00000
Echinicola vietnamensis	390884	S	1	0	1	0.00000
Fulvivirga sp. S481	2810512	S	3	0	3	0.00000
Chryseolinea soli	2321403	S	1	0	1	0.00000
Bernardetia litoralis	999	S	2	0	2	0.00000
Marivirga tractuosa	1006	S	2	0	2	0.00000
Flammeovirga pectinis	2494373	S	1	0	1	0.00000
Roseivirga pacifica	1267423	S	1	0	1	0.00000
Pedobacter sp. SW-16	2766984	S	22	6	28	0.00003
Pedobacter sp. G11	2482728	S	12	3	15	0.00002
Pedobacter sp. HDW13	2714940	S	10	2	12	0.00001
Pedobacter sp. JBR3-12	2789740	S	3	0	3	0.00000
Pedobacter sp. eg	2201271	S	1	0	1	0.00000
Pedobacter sp. CJ43	2605747	S	1	0	1	0.00000
Pedobacter roseus	336820	S	8	5	13	0.00001
Pedobacter suwonensis	332999	S	3	1	4	0.00000
Pedobacter heparinus	984	S	2	0	2	0.00000
Pedobacter cryoconitis	188932	S	2	0	2	0.00000
Pedobacter ginsengisoli	363852	S	2	0	2	0.00000
Pedobacter steynii	430522	S	1	0	1	0.00000
Sphingobacterium spiritivorum	258	S	3	1	4	0.00000
Sphingobacterium multivorum	28454	S	3	2	5	0.00001
Sphingobacterium siyangense	459529	S	2	2	4	0.00000
Sphingobacterium lactis	797291	S	2	1	3	0.00000
Sphingobacterium sp. ML3W	1538644	S	1	0	1	0.00000
Mucilaginibacter paludis	423351	S	2	0	2	0.00000
Mucilaginibacter ginsenosidivorax	862126	S	1	0	1	0.00000
Mucilaginibacter gotjawali	1550579	S	1	0	1	0.00000
Mucilaginibacter rubeus	2027860	S	1	5	6	0.00001
Mucilaginibacter ginkgonis	2682091	S	1	0	1	0.00000
Olivibacter sp. SDN3	2764720	S	2	1	3	0.00000
Solitalea canadensis	995	S	2	0	2	0.00000
Pseudobacter ginsenosidimutans	661488	S	11	2	13	0.00001
Chitinophaga sp. MD30	2033437	S	1	5	6	0.00001
Lacibacter sp. S13-6-6	2760713	S	5	0	5	0.00001
Flavihumibacter sp. SB-02	2676868	S	5	1	6	0.00001
Paraflavitalea soli	2315862	S	4	0	4	0.00000
Arachidicoccus sp. B3-10	2545455	S	2	0	2	0.00000
Arachidicoccus sp. BS20	1850526	S	1	0	1	0.00000
Flavisolibacter tropicus	1492898	S	1	0	1	0.00000
Panacibacter ginsenosidivorans	1813871	S	1	0	1	0.00000
Prevotella copri	165179	S	3	0	3	0.00000
Prevotella sp. oral taxon 299	652716	S	2	0	2	0.00000
Prevotella melaninogenica	28132	S	1	0	1	0.00000
Prevotella dentalis	52227	S	1	0	1	0.00000
Bacteroides thetaiotaomicron	818	S	4	0	4	0.00000
Bacteroides caccae	47678	S	1	0	1	0.00000
Bacteroides sp. M10	2763022	S	1	0	1	0.00000
Petrimonas mucosa	1642646	S	2	1	3	0.00000
Dysgonomonas sp. HDW5A	2714926	S	1	0	1	0.00000
Phocaeicola vulgatus	821	S	2	2	4	0.00000
Parabacteroides distasonis	823	S	3	0	3	0.00000
Salinivirga cyanobacteriivorans	1307839	S	2	0	2	0.00000
Alistipes finegoldii	214856	S	1	0	1	0.00000
Barnesiella viscericola	397865	S	1	0	1	0.00000
Draconibacterium sp. M1	2706887	S	1	0	1	0.00000
Labilibaculum antarcticum	1717717	S	1	0	1	0.00000
Haliscomenobacter hydrossis	2350	S	5	0	5	0.00001
Rhodothermus marinus	29549	S	2	0	2	0.00000
Chlorobium phaeovibrioides	1094	S	1	0	1	0.00000
Chlorobium phaeobacteroides	1096	S	1	0	1	0.00000
Prosthecochloris aestuarii	1102	S	1	0	1	0.00000
Chlorobaculum tepidum	1097	S	1	0	1	0.00000
Ignavibacterium album	591197	S	2	0	2	0.00000
Gemmatimonas phototrophica	1379270	S	1	0	1	0.00000
Gemmatimonas sp. TET16	2732249	S	1	0	1	0.00000
Gemmatirosa kalamazoonesis	861299	S	2	0	2	0.00000
Urbifossiella limnaea	2528023	S	19	2	21	0.00002
Gemmata obscuriglobus	114	S	8	1	9	0.00001
Gemmata massiliana	1210884	S	5	1	6	0.00001
Gemmata sp. SH-PL17	1630693	S	4	0	4	0.00000
Limnoglobus roseus	2598579	S	18	1	19	0.00002
Frigoriglobus tundricola	2774151	S	9	2	11	0.00001
Tuwongella immobilis	692036	S	2	0	2	0.00000
Bremerella volcania	2527984	S	6	1	7	0.00001
Pirellula sp. SH-Sr6A	1632865	S	4	0	4	0.00000
Pirellula staleyi	125	S	1	0	1	0.00000
Anatilimnocola aggregata	2528021	S	3	1	4	0.00000
Roseimaritima ulvae	980254	S	2	0	2	0.00000
Mariniblastus fucicola	980251	S	2	0	2	0.00000
Lignipirellula cremea	2528010	S	2	1	3	0.00000
Aureliella helgolandensis	2527968	S	1	0	1	0.00000
Rosistilla carotiformis	2528017	S	1	0	1	0.00000
Stieleria maiorica	2795974	S	1	0	1	0.00000
Lacipirellula limnantheis	2528024	S	3	0	3	0.00000
Lacipirellula parvula	2650471	S	1	0	1	0.00000
Botrimarina mediterranea	2528022	S	1	0	1	0.00000
Thermogutta terrifontis	1331910	S	1	0	1	0.00000
Planctomyces sp. SH-PL62	1636152	S	2	1	3	0.00000
Planctomyces sp. SH-PL14	1632864	S	1	0	1	0.00000
Gimesia fumaroli	2527976	S	1	0	1	0.00000
Gimesia chilikensis	2605989	S	1	0	1	0.00000
Maioricimonas rarisocia	2528026	S	2	0	2	0.00000
Caulifigura coniformis	2527983	S	2	0	2	0.00000
Symmachiella dynata	2527995	S	2	0	2	0.00000
Thalassoglobus polymorphus	2527994	S	2	0	2	0.00000
Crateriforma conspicua	2527996	S	1	0	1	0.00000
Alienimonas californiensis	2527989	S	1	0	1	0.00000
Calycomorphotria hydatis	2528027	S	1	0	1	0.00000
Tautonia plasticadhaerens	2527974	S	4	0	4	0.00000
Singulisphaera acidiphila	466153	S	2	0	2	0.00000
Aquisphaera giovannonii	406548	S	2	0	2	0.00000
Humisphaera borealis	2807512	S	1	0	1	0.00000
Anaerohalosphaera lusitana	1936003	S	1	0	1	0.00000
Luteolibacter luteus	2728835	S	7	0	7	0.00001
Verrucomicrobium sp. GAS474	1882831	S	4	1	5	0.00001
Verrucomicrobium spinosum	2736	S	2	0	2	0.00000
Roseimicrobium sp. ORNL1	2711231	S	4	0	4	0.00000
Akkermansia glycaniphila	1679444	S	2	0	2	0.00000
Opitutus sp. GAS368	1882749	S	4	0	4	0.00000
Nibricoccus aquaticus	2576891	S	2	0	2	0.00000
Ereboglobus luteus	1796921	S	1	0	1	0.00000
Coraliomargarita akajimensis	395922	S	1	0	1	0.00000
Candidatus Xiphinematobacter sp. Idaho Grape	1704307	S	1	0	1	0.00000
Methylacidimicrobium sp. B4	2796139	S	1	0	1	0.00000
Simkania negevensis	83561	S	1	2	3	0.00000
Criblamydia sequanensis	340071	S	1	0	1	0.00000
Chlamydia pecorum	85991	S	1	1	2	0.00000
Candidatus Vampirococcus archaeovorus	1930593	S	3	0	3	0.00000
Borrelia hermsii	140	S	3	0	3	0.00000
Borrelia crocidurae	29520	S	2	0	2	0.00000
Borreliella burgdorferi	139	S	1	0	1	0.00000
Borreliella afzelii	29518	S	1	0	1	0.00000
Leptospira interrogans	173	S	1	2	3	0.00000
Turneriella parva	29510	S	2	0	2	0.00000
Brachyspira pilosicoli	52584	S	2	0	2	0.00000
Brachyspira murdochii	84378	S	2	0	2	0.00000
Candidatus Koribacter versatilis	658062	S	2	0	2	0.00000
Acidobacterium capsulatum	33075	S	1	0	1	0.00000
Granulicella mallensis	940614	S	1	0	1	0.00000
Paludibaculum fermentans	1473598	S	2	0	2	0.00000
Luteitalea pratensis	1855912	S	4	0	4	0.00000
Thermotomaculum hydrothermale	981385	S	1	0	1	0.00000
Chloracidobacterium thermophilum	458033	S	1	0	1	0.00000
Fusobacterium ulcerans	861	S	2	0	2	0.00000
Fusobacterium nucleatum	851	S	1	0	1	0.00000
Fusobacterium hwasookii	1583098	S	1	0	1	0.00000
Fusobacterium pseudoperiodonticum	2663009	S	1	0	1	0.00000
Leptotrichia hofstadii	157688	S	1	0	1	0.00000
Aquifex aeolicus	63363	S	2	0	2	0.00000
Thermocrinis ruber	75906	S	1	0	1	0.00000
Sulfurihydrogenibium azorense	309806	S	1	0	1	0.00000
Candidatus Babela massiliensis	673862	S	3	0	3	0.00000
Candidatus Nitrospira inopinata	1715989	S	2	0	2	0.00000
Nitrospira japonica	1325564	S	1	0	1	0.00000
Thermosulfurimonas marina	2047767	S	3	0	3	0.00000
Thermotoga caldifontis	1508419	S	1	0	1	0.00000
Athalassotoga saccharophila	1441386	S	1	0	1	0.00000
Calditerrivibrio nitroreducens	477976	S	1	0	1	0.00000
Abyssogena phaseoliformis symbiont	596095	S	1	0	1	0.00000
Halobiforma lacisalsi	229731	S	3	0	3	0.00000
Natrinema versiforme	88724	S	1	0	1	0.00000
Natrinema sp. YPL30	1710539	S	1	0	1	0.00000
Halobonum sp. NJ-3-1	2743089	S	2	0	2	0.00000
Halobonum sp. Gai3-2	2743090	S	1	0	1	0.00000
Haloferax alexandrinus	114529	S	1	0	1	0.00000
Halogeometricum borinquense	60847	S	1	0	1	0.00000
Natronomonas sp. C90	2747817	S	1	0	1	0.00000
Halosimplex rubrum	869889	S	1	0	1	0.00000
Halobacterium hubeiense	1407499	S	1	0	1	0.00000
Methanosarcina acetivorans	2214	S	4	0	4	0.00000
Methanosarcina barkeri	2208	S	1	-1	0	0.00000
Methanosarcina vacuolata	2215	S	1	2	3	0.00000
Methanosarcina siciliae	38027	S	1	0	1	0.00000
Methanothrix soehngenii	2223	S	1	0	1	0.00000
Methanoculleus marisnigri	2198	S	1	0	1	0.00000
Methanobacterium congolense	118062	S	1	0	1	0.00000
Methanobacterium lacus	877455	S	1	0	1	0.00000
Methanobrevibacter smithii	2173	S	2	0	2	0.00000
Candidatus Nitrosopumilus koreensis	1510466	S	1	0	1	0.00000
Nitrosopumilus piranensis	1582439	S	1	0	1	0.00000
Nitrosarchaeum sp. AC2	2259673	S	1	0	1	0.00000
Candidatus Nitrosocosmicus oleophilus	1353260	S	1	0	1	0.00000
Candidatus Nitrosocosmicus hydrocola	1826872	S	1	0	1	0.00000
Conexivisphaera calida	1874277	S	1	0	1	0.00000
Flavobacterium phage vB_FspS_filifjonk9-1	2686245	S	14	18	32	0.00004
Flavobacterium phage vB_FspS_mymlan6-1	2686266	S	5	11	16	0.00002
Flavobacterium phage vB_FspS_hattifnatt9-1	2686246	S	2	0	2	0.00000
Flavobacterium phage vB_FspS_snusmum6-1	2686273	S	1	0	1	0.00000
Propionibacterium virus PHL070N00	1982279	S	2	1	3	0.00000
Propionibacterium phage QueenBey	1654782	S	1	0	1	0.00000
Propionibacterium virus PHL060L00	1982277	S	1	2	3	0.00000
Propionibacterium virus PHL141N00	1982292	S	1	2	3	0.00000
Polaribacter virus P12002S	1982246	S	1	2	3	0.00000
Salmonella phage TS13	2500149	S	1	0	1	0.00000
Streptococcus virus DT1	90410	S	1	1	2	0.00000
Streptococcus virus ALQ132	682370	S	1	0	1	0.00000
Mycobacterium phage ThulaThula	2599880	S	1	0	1	0.00000
Mycobacterium phage Yuna	2599885	S	1	0	1	0.00000
Sulfitobacter phage EE36phi1	490913	S	1	0	1	0.00000
Staphylococcus virus Andhra	2732591	S	1	0	1	0.00000
Prochlorococcus phage P-SSM3	536453	S	1	0	1	0.00000
Halovirus HSTV-2	1262527	S	1	0	1	0.00000
Edwardsiella phage PEi20	1608310	S	1	0	1	0.00000
Serratia virus BF	2560751	S	1	0	1	0.00000
Synechococcus virus STIM5	2734088	S	1	0	1	0.00000
Edwardsiella virus pEtSU	2734128	S	1	0	1	0.00000
Prochlorococcus virus PSSM2	2734140	S	1	0	1	0.00000
Aeromonas virus 56	2560283	S	1	0	1	0.00000
Bacillus virus BM15	1985178	S	1	0	1	0.00000
Curvibacter virus P26059B	2733926	S	1	0	1	0.00000
Human betaherpesvirus 7	10372	S	6	0	6	0.00001
Parvovirus NIH-CQV	1341019	S	3	0	3	0.00000
Common bean-associated gemycircularvirus	1897538	S	1	0	1	0.00000
Orpheovirus IHUMI-LCC2	2023057	S	2	0	2	0.00000
Yellowstone lake phycodnavirus 2	1586714	S	1	0	1	0.00000
Lymantria dispar multiple nucleopolyhedrovirus	10449	S	1	0	1	0.00000
Rotavirus D	335100	S	1	0	1	0.00000
