name	taxonomy_id	taxonomy_lvl	kraken_assigned_reads	added_reads	new_est_reads	fraction_total_reads
Homo sapiens	9606	S	2317800	9365	2327165	0.72627
Variovorax sp. 38R	2774875	S	1747	1442	3189	0.00100
Variovorax sp. PAMC26660	2762322	S	1657	222	1879	0.00059
Variovorax sp. PAMC 28711	1795631	S	1025	74	1099	0.00034
Variovorax sp. HW608	1034889	S	916	69	985	0.00031
Variovorax sp. PAMC28562	2762323	S	688	24	712	0.00022
Variovorax sp. WDL1	207745	S	646	441	1087	0.00034
Variovorax sp. RKNM96	2681552	S	639	163	802	0.00025
Variovorax sp. PBL-H6	434009	S	539	529	1068	0.00033
Variovorax sp. RA8	662548	S	534	292	826	0.00026
Variovorax sp. PBS-H4	434008	S	513	182	695	0.00022
Variovorax sp. PBL-E5	434014	S	216	441	657	0.00021
Variovorax sp. SRS16	282217	S	205	340	545	0.00017
Variovorax sp. PDNC026	2811425	S	68	1851	1919	0.00060
Variovorax sp. PMC12	2126319	S	61	2234	2295	0.00072
Variovorax paradoxus	34073	S	5373	1489	6862	0.00214
Variovorax boronicumulans	436515	S	4736	2883	7619	0.00238
Acidovorax sp. KKS102	358220	S	5633	1685	7318	0.00228
Acidovorax sp. JMULE5	2518343	S	4615	759	5374	0.00168
Acidovorax sp. T1	1858609	S	2102	3160	5262	0.00164
Acidovorax sp. RAC01	1842533	S	1832	524	2356	0.00074
Acidovorax sp. 1608163	2478662	S	1757	212	1969	0.00061
Acidovorax sp. HDW3	2714923	S	967	172	1139	0.00036
Acidovorax sp. JS42	232721	S	372	5649	6021	0.00188
Acidovorax carolinensis	553814	S	2375	1393	3768	0.00118
Acidovorax avenae	80867	S	1204	578	1782	0.00056
Acidovorax monticola	1926868	S	862	165	1027	0.00032
Acidovorax antarcticus	2743470	S	690	166	856	0.00027
Acidovorax cattleyae	80868	S	376	208	584	0.00018
Acidovorax citrulli	80869	S	270	214	484	0.00015
Acidovorax ebreus	721785	S	145	1312	1457	0.00045
Diaphorobacter sp. HDW4A	2714924	S	7654	3345	10999	0.00343
Diaphorobacter sp. HDW4B	2714925	S	641	36	677	0.00021
Diaphorobacter sp. JS3051	2792224	S	134	2097	2231	0.00070
Diaphorobacter sp. JS3050	2735554	S	122	2003	2125	0.00066
Diaphorobacter aerolatus	1288495	S	1805	1172	2977	0.00093
Diaphorobacter ruginosibacter	1715720	S	476	42	518	0.00016
Diaphorobacter polyhydroxybutyrativorans	1546149	S	197	1223	1420	0.00044
Hydrogenophaga sp. BPS33	2651974	S	1111	453	1564	0.00049
Hydrogenophaga sp. RAC07	1842537	S	1084	341	1425	0.00044
Hydrogenophaga sp. PBL-H3	434010	S	908	574	1482	0.00046
Hydrogenophaga sp. PAMC20947	2565558	S	776	26	802	0.00025
Hydrogenophaga sp. YM1	2806262	S	765	251	1016	0.00032
Hydrogenophaga sp. BA0156	2716225	S	696	278	974	0.00030
Hydrogenophaga sp. PBC	795665	S	621	247	868	0.00027
Hydrogenophaga sp. NH-16	2184519	S	533	785	1318	0.00041
Hydrogenophaga crassostreae	1763535	S	744	20	764	0.00024
Hydrogenophaga pseudoflava	47421	S	573	595	1168	0.00036
Comamonas testosteroni	285	S	1956	1684	3640	0.00114
Comamonas aquatica	225991	S	1734	409	2143	0.00067
Comamonas kerstersii	225992	S	725	124	849	0.00026
Comamonas koreensis	160825	S	722	112	834	0.00026
Comamonas serinivorans	1082851	S	716	71	787	0.00025
Comamonas thiooxydans	363952	S	691	628	1319	0.00041
Comamonas sp. NLF-7-7	2597701	S	532	135	667	0.00021
Comamonas sp. 7D-2	1232667	S	5	75	80	0.00002
Comamonas piscis	1562974	S	435	45	480	0.00015
Rhodoferax sp. AJA081-3	2752316	S	1276	79	1355	0.00042
Rhodoferax sp. BAB1	2741720	S	1122	183	1305	0.00041
Rhodoferax sp. PAMC29310	2822760	S	632	74	706	0.00022
Rhodoferax koreense	1842727	S	1672	679	2351	0.00073
Rhodoferax sediminis	2509614	S	1308	105	1413	0.00044
Rhodoferax saidenbachensis	1484693	S	989	80	1069	0.00033
Rhodoferax antarcticus	81479	S	680	36	716	0.00022
Rhodoferax ferrireducens	192843	S	675	33	708	0.00022
Delftia acidovorans	80866	S	1641	2630	4271	0.00133
Delftia lacustris	558537	S	310	1475	1785	0.00056
Delftia sp. Cs1-4	742013	S	147	348	495	0.00015
Delftia sp. HK171	1920191	S	87	234	321	0.00010
Delftia sp. KV29	1170710	S	36	2385	2421	0.00076
Delftia tsuruhatensis	180282	S	222	743	965	0.00030
Ottowia oryzae	2109914	S	2085	198	2283	0.00071
Ottowia sp. 27C	2816950	S	985	75	1060	0.00033
Ottowia sp. oral taxon 894	1658672	S	426	19	445	0.00014
Polaromonas sp. JS666	296591	S	986	46	1032	0.00032
Polaromonas sp. W9N	1840323	S	34	0	34	0.00001
Polaromonas sp. H8N	1840297	S	25	2	27	0.00001
Polaromonas sp.	1869339	S	25	19	44	0.00001
Polaromonas sp. H6N	1840293	S	3	0	3	0.00000
Polaromonas sp. SP1	2268087	S	2	913	915	0.00029
Polaromonas sp. E3S	1840265	S	1	2	3	0.00000
Polaromonas sp. W10N	1840301	S	1	0	1	0.00000
Polaromonas sp. W11N	1840303	S	1	0	1	0.00000
Polaromonas naphthalenivorans	216465	S	1131	132	1263	0.00039
Polaromonas vacuolata	37448	S	232	44	276	0.00009
Kinneretia sp. DAIF2	2714952	S	2917	519	3436	0.00107
Alicycliphilus denitrificans	179636	S	2616	3807	6423	0.00200
Limnohabitans sp. 63ED37-2	1678128	S	1746	125	1871	0.00058
Limnohabitans sp. 103DPR2	1678129	S	361	18	379	0.00012
Schlegelella thermodepolymerans	215580	S	1757	375	2132	0.00067
Ramlibacter tataouinensis	94132	S	1460	168	1628	0.00051
Curvibacter sp. AEP1-3	1844971	S	1332	49	1381	0.00043
Pulveribacter suum	2116657	S	782	140	922	0.00029
Simplicispira suum	2109915	S	772	139	911	0.00028
Serpentinomonas mccroryi	1458426	S	354	71	425	0.00013
Serpentinomonas raichei	1458425	S	318	62	380	0.00012
Melaminivora sp. SC2-9	2109913	S	707	221	928	0.00029
Hylemonella gracilis	80880	S	691	44	735	0.00023
Verminephrobacter eiseniae	364317	S	666	25	691	0.00022
Candidatus Symbiobacter mobilis	1436290	S	218	2	220	0.00007
Aquabacterium olei	1296669	S	36137	7617	43754	0.01365
Rhizobacter sp. AJA081-3	2753607	S	2319	448	2767	0.00086
Rhizobacter gummiphilus	946333	S	1797	276	2073	0.00065
Methylibium petroleiphilum	105560	S	925	699	1624	0.00051
Methylibium sp. Pch-M	2082386	S	670	629	1299	0.00041
Methylibium sp. T29	1430884	S	41	120	161	0.00005
Paucibacter sp. KCTC 42545	1768242	S	2631	411	3042	0.00095
Sphaerotilus natans	34103	S	2431	623	3054	0.00095
Roseateles depolymerans	76731	S	1807	285	2092	0.00065
Leptothrix cholodnii	34029	S	1806	433	2239	0.00070
Rubrivivax gelatinosus	28068	S	1710	382	2092	0.00065
Mitsuaria sp. 7	1658665	S	1567	265	1832	0.00057
Inhella inkyongensis	392593	S	1410	171	1581	0.00049
Thiomonas sp. X19	1050370	S	400	13	413	0.00013
Thiomonas sp. OC7	2493107	S	2	420	422	0.00013
Thiomonas intermedia	926	S	331	58	389	0.00012
Thiomonas arsenitoxydans	426114	S	69	13	82	0.00003
Xylophilus rhododendri	2697032	S	524	117	641	0.00020
Cupriavidus taiwanensis	164546	S	959	515	1474	0.00046
Cupriavidus basilensis	68895	S	670	236	906	0.00028
Cupriavidus metallidurans	119219	S	452	250	702	0.00022
Cupriavidus necator	106590	S	443	102	545	0.00017
Cupriavidus pauculus	82633	S	380	90	470	0.00015
Cupriavidus oxalaticus	96344	S	332	108	440	0.00014
Cupriavidus campinensis	151783	S	287	103	390	0.00012
Cupriavidus pinatubonensis	248026	S	241	116	357	0.00011
Cupriavidus sp. USMAA2-4	876364	S	36	187	223	0.00007
Cupriavidus sp. ISTL7	2771360	S	26	153	179	0.00006
Cupriavidus sp. USMAHM13	1389192	S	24	132	156	0.00005
Cupriavidus gilardii	82541	S	47	150	197	0.00006
Cupriavidus neocaledonicus	1040979	S	47	44	91	0.00003
Cupriavidus nantongensis	1796606	S	32	41	73	0.00002
Cupriavidus malaysiensis	367825	S	31	185	216	0.00007
Burkholderia multivorans	87883	S	313	122	435	0.00014
Burkholderia cenocepacia	95486	S	211	351	562	0.00018
Burkholderia cepacia	292	S	107	101	208	0.00006
Burkholderia lata	482957	S	94	48	142	0.00004
Burkholderia contaminans	488447	S	92	56	148	0.00005
Burkholderia anthina	179879	S	91	58	149	0.00005
Burkholderia ubonensis	101571	S	85	188	273	0.00009
Burkholderia stabilis	95485	S	77	47	124	0.00004
Burkholderia stagnalis	1503054	S	66	32	98	0.00003
Burkholderia vietnamiensis	60552	S	63	138	201	0.00006
Burkholderia territorii	1503055	S	62	28	90	0.00003
Burkholderia metallica	488729	S	36	16	52	0.00002
Burkholderia seminalis	488731	S	34	15	49	0.00002
Burkholderia pseudomultivorans	1207504	S	32	37	69	0.00002
Burkholderia pyrrocinia	60550	S	30	15	45	0.00001
Burkholderia latens	488446	S	28	66	94	0.00003
Burkholderia ambifaria	152480	S	14	10	24	0.00001
Burkholderia diffusa	488732	S	10	4	14	0.00000
Burkholderia sp. DHOD12	2571746	S	115	10	125	0.00004
Burkholderia sp. THE68	758782	S	93	11	104	0.00003
Burkholderia sp. PAMC 26561	1795043	S	71	55	126	0.00004
Burkholderia sp. CCGE1003	640512	S	65	17	82	0.00003
Burkholderia sp. Bp7605	1740163	S	50	4	54	0.00002
Burkholderia sp. KK1	1855726	S	33	44	77	0.00002
Burkholderia sp. YI23	1097668	S	31	49	80	0.00002
Burkholderia sp. MSMB0856	1637869	S	27	14	41	0.00001
Burkholderia sp. JP2-270	2217913	S	26	14	40	0.00001
Burkholderia sp. PAMC 28687	1795874	S	26	36	62	0.00002
Burkholderia sp. LA-2-3-30-S1-D2	1637862	S	19	9	28	0.00001
Burkholderia sp. RPE67	758796	S	17	27	44	0.00001
Burkholderia sp. NRF60-BP8	1637853	S	16	7	23	0.00001
Burkholderia sp. KBS0801	1179675	S	11	16	27	0.00001
Burkholderia sp. IDO3	1705310	S	11	13	24	0.00001
Burkholderia sp. MS389	2811789	S	10	4	14	0.00000
Burkholderia sp. MBR-1	2732364	S	8	25	33	0.00001
Burkholderia sp. MS455	2811788	S	4	2	6	0.00000
Burkholderia sp. 2002721687	1468409	S	2	591	593	0.00019
Burkholderia pseudomallei	28450	S	276	529	805	0.00025
Burkholderia thailandensis	57975	S	72	118	190	0.00006
Burkholderia sp. BDU8	1385592	S	38	7	45	0.00001
Burkholderia oklahomensis	342113	S	29	6	35	0.00001
Burkholderia sp. MSMB0852	1637841	S	24	31	55	0.00002
Burkholderia sp. BDU6	1385591	S	11	2	13	0.00000
Burkholderia sp. MSMB617WGS	1637831	S	9	15	24	0.00001
Burkholderia sp. MSMB0266	1637837	S	9	8	17	0.00001
Burkholderia mallei	13373	S	2	13	15	0.00000
Burkholderia sp. MSMB1588	1636423	S	1	1	2	0.00000
Burkholderia gladioli	28095	S	279	39	318	0.00010
Burkholderia glumae	337	S	150	28	178	0.00006
Burkholderia plantarii	41899	S	144	21	165	0.00005
Ralstonia solanacearum	305	S	856	464	1320	0.00041
Ralstonia pickettii	329	S	757	335	1092	0.00034
Ralstonia insidiosa	190721	S	459	93	552	0.00017
Ralstonia mannitolilytica	105219	S	336	197	533	0.00017
blood disease bacterium A2-HR MARDI	1944648	S	18	680	698	0.00022
Ralstonia pseudosolanacearum	1310165	S	16	40	56	0.00002
Ralstonia syzygii	28097	S	7	100	107	0.00003
Paraburkholderia sp. 7MH5	2547399	S	170	21	191	0.00006
Paraburkholderia sp. SOS3	1926494	S	98	7	105	0.00003
Paraburkholderia sp. Msb3	2604047	S	87	52	139	0.00004
Paraburkholderia sp. PGU19	2735434	S	42	22	64	0.00002
Paraburkholderia sp. PGU16	2735433	S	39	13	52	0.00002
Paraburkholderia acidisoli	2571748	S	176	23	199	0.00006
Paraburkholderia aromaticivorans	2026199	S	161	58	219	0.00007
Paraburkholderia terricola	169427	S	145	32	177	0.00006
Paraburkholderia phytofirmans	261302	S	144	68	212	0.00007
Paraburkholderia tropica	92647	S	135	25	160	0.00005
Paraburkholderia caribensis	75105	S	121	51	172	0.00005
Paraburkholderia hospita	169430	S	109	92	201	0.00006
Paraburkholderia acidiphila	2571747	S	102	14	116	0.00004
Paraburkholderia caledonica	134536	S	95	15	110	0.00003
Paraburkholderia atlantica	2654982	S	89	16	105	0.00003
Paraburkholderia dokdonella	2211211	S	84	17	101	0.00003
Paraburkholderia xenovorans	36873	S	80	53	133	0.00004
Paraburkholderia megapolitana	420953	S	77	5	82	0.00003
Paraburkholderia phymatum	148447	S	64	16	80	0.00002
Paraburkholderia caffeinilytica	1761016	S	59	12	71	0.00002
Paraburkholderia fungorum	134537	S	58	11	69	0.00002
Paraburkholderia graminis	60548	S	53	12	65	0.00002
Paraburkholderia ginsengisoli	311231	S	51	12	63	0.00002
Paraburkholderia sprentiae	948107	S	47	6	53	0.00002
Paraburkholderia phenoliruptrix	252970	S	44	17	61	0.00002
Paraburkholderia acidophila	265293	S	15	41	56	0.00002
Paraburkholderia terrae	311230	S	8	8	16	0.00000
Polynucleobacter difficilis	556054	S	1312	52	1364	0.00043
Polynucleobacter necessarius	576610	S	419	20	439	0.00014
Polynucleobacter duraquae	1835254	S	285	26	311	0.00010
Polynucleobacter asymbioticus	576611	S	98	11	109	0.00003
Polynucleobacter sp. MWH-UH21B	1743174	S	32	2	34	0.00001
Polynucleobacter sp. LimPoW16	1743162	S	23	1	24	0.00001
Polynucleobacter acidiphobus	556053	S	45	0	45	0.00001
Polynucleobacter wuianus	1743168	S	30	5	35	0.00001
Polynucleobacter paneuropaeus	2527775	S	30	1	31	0.00001
Pandoraea pnomenusa	93220	S	284	118	402	0.00013
Pandoraea apista	93218	S	154	51	205	0.00006
Pandoraea vervacti	656178	S	139	47	186	0.00006
Pandoraea thiooxydans	445709	S	120	5	125	0.00004
Pandoraea sp. XY-2	2518599	S	94	20	114	0.00004
Pandoraea norimbergensis	93219	S	91	11	102	0.00003
Pandoraea fibrosis	1891094	S	85	31	116	0.00004
Pandoraea pulmonicola	93221	S	82	15	97	0.00003
Pandoraea faecigallinarum	656179	S	81	24	105	0.00003
Pandoraea sputorum	93222	S	70	34	104	0.00003
Pandoraea oxalativorans	573737	S	41	22	63	0.00002
Caballeronia sp. M1242	2814653	S	65	9	74	0.00002
Caballeronia sp. SBC1	2705548	S	10	112	122	0.00004
Caballeronia sp. SBC2	2705547	S	2	14	16	0.00000
Caballeronia insecticola	758793	S	76	10	86	0.00003
Limnobacter sp. SAORIC-580	2732163	S	237	3	240	0.00007
Chitinimonas arctica	2594795	S	191	7	198	0.00006
Lautropia mirabilis	47671	S	166	14	180	0.00006
Mycetohabitans rhizoxinica	412963	S	101	2	103	0.00003
Ephemeroptericola cinctiostellae	2268024	S	79	2	81	0.00003
Mycoavidus cysteinexigens	1553431	S	31	0	31	0.00001
Mycoavidus sp. B2-EB	2651972	S	26	1	27	0.00001
Janthinobacterium sp. HH102	1537274	S	830	1445	2275	0.00071
Janthinobacterium sp. LM6	1938606	S	736	337	1073	0.00033
Janthinobacterium sp. 1_2014MBL_MicDiv	1644131	S	610	155	765	0.00024
Janthinobacterium sp. PLB02	2808899	S	185	327	512	0.00016
Janthinobacterium sp. 17J80-10	2497863	S	160	13	173	0.00005
Janthinobacterium sp. Marseille	375286	S	134	26	160	0.00005
Janthinobacterium sp. B9-8	1236179	S	41	10	51	0.00002
Janthinobacterium agaricidamnosum	55508	S	776	1096	1872	0.00058
Janthinobacterium svalbardensis	368607	S	487	211	698	0.00022
Janthinobacterium tructae	2590869	S	473	213	686	0.00021
Janthinobacterium lividum	29581	S	416	503	919	0.00029
Massilia sp. WG5	1707785	S	262	148	410	0.00013
Massilia sp. LPB0304	2769491	S	248	51	299	0.00009
Massilia sp. NR 4-1	1678028	S	198	32	230	0.00007
Massilia sp. CCM 8941	2765360	S	144	54	198	0.00006
Massilia sp. YMA4	1593482	S	143	94	237	0.00007
Massilia sp. Dwa41.01b	2709302	S	2	248	250	0.00008
Massilia putida	1141883	S	239	101	340	0.00011
Massilia violaceinigra	2045208	S	220	79	299	0.00009
Massilia armeniaca	2072590	S	213	143	356	0.00011
Massilia lutea	321985	S	210	71	281	0.00009
Massilia plicata	321984	S	205	51	256	0.00008
Massilia oculi	945844	S	204	40	244	0.00008
Massilia flava	871742	S	196	41	237	0.00007
Massilia albidiflava	321983	S	171	83	254	0.00008
Massilia umbonata	864828	S	157	74	231	0.00007
Herbaspirillum huttiense	863372	S	352	117	469	0.00015
Herbaspirillum rubrisubalbicans	80842	S	348	93	441	0.00014
Herbaspirillum seropedicae	964	S	345	101	446	0.00014
Herbaspirillum robiniae	2014887	S	302	70	372	0.00012
Herbaspirillum frisingense	92645	S	223	54	277	0.00009
Herbaspirillum sp. meg3	2025949	S	222	15	237	0.00007
Herbaspirillum hiltneri	341045	S	168	16	184	0.00006
Collimonas fungivorans	158899	S	411	71	482	0.00015
Collimonas arenae	279058	S	314	41	355	0.00011
Collimonas pratensis	279113	S	297	61	358	0.00011
Duganella sp. GN2-R2	2728020	S	321	85	406	0.00013
Duganella sp. AF9R3	2728021	S	313	43	356	0.00011
Undibacterium sp. YM2	2058625	S	157	60	217	0.00007
Undibacterium sp. KW1	2058624	S	135	52	187	0.00006
Undibacterium parvum	401471	S	86	7	93	0.00003
Noviherbaspirillum sp. UKPF54	2601898	S	278	25	303	0.00009
Herminiimonas arsenitoxidans	1809410	S	75	13	88	0.00003
Glaciimonas sp. PAMC28666	2807626	S	69	3	72	0.00002
Oxalobacter formigenes	847	S	51	1	52	0.00002
Bordetella sp. N	1746199	S	230	23	253	0.00008
Bordetella sp. H567	1697043	S	123	9	132	0.00004
Bordetella petrii	94624	S	267	173	440	0.00014
Bordetella hinzii	103855	S	265	63	328	0.00010
Bordetella genomosp. 13	463040	S	257	60	317	0.00010
Bordetella genomosp. 9	1416803	S	200	29	229	0.00007
Bordetella avium	521	S	199	26	225	0.00007
Bordetella flabilis	463014	S	199	11	210	0.00007
Bordetella bronchialis	463025	S	186	15	201	0.00006
Bordetella holmesii	35814	S	154	26	180	0.00006
Bordetella trematum	123899	S	134	28	162	0.00005
Bordetella genomosp. 8	1416806	S	123	10	133	0.00004
Bordetella bronchiseptica	518	S	82	268	350	0.00011
Bordetella pseudohinzii	1331258	S	82	23	105	0.00003
Bordetella parapertussis	519	S	49	292	341	0.00011
Bordetella genomosp. 6	463024	S	17	24	41	0.00001
Bordetella pertussis	520	S	16	77	93	0.00003
Achromobacter xylosoxidans	85698	S	685	611	1296	0.00040
Achromobacter spanius	217203	S	432	85	517	0.00016
Achromobacter sp. AONIH1	1758194	S	131	51	182	0.00006
Achromobacter sp. B7	2282475	S	106	18	124	0.00004
Achromobacter sp. MFA1 R4	1881016	S	94	23	117	0.00004
Achromobacter denitrificans	32002	S	250	156	406	0.00013
Achromobacter insolitus	217204	S	120	27	147	0.00005
Achromobacter pestifer	1353889	S	96	62	158	0.00005
Achromobacter deleyi	1353891	S	71	97	168	0.00005
Achromobacter ruhlandii	72557	S	8	376	384	0.00012
Alcaligenes faecalis	511	S	319	144	463	0.00014
Alcaligenes sp. SORT26	2813780	S	58	14	72	0.00002
Alcaligenes aquatilis	323284	S	14	52	66	0.00002
Pigmentiphaga aceris	1940612	S	273	9	282	0.00009
Pigmentiphaga sp. H8	2488560	S	207	16	223	0.00007
Pusillimonas sp. T7-7	1007105	S	98	7	105	0.00003
Pusillimonas sp. DMV24BSW_D	2716226	S	70	4	74	0.00002
Pusillimonas thiosulfatoxidans	2028345	S	78	7	85	0.00003
Orrella dioscoreae	1851544	S	158	31	189	0.00006
Castellaniella defragrans	75697	S	126	25	151	0.00005
Kerstersia gyiorum	206506	S	114	17	131	0.00004
Advenella kashmirensis	310575	S	54	1	55	0.00002
Advenella mimigardefordensis	302406	S	52	1	53	0.00002
Algicoccus marinus	2163011	S	43	2	45	0.00001
Paenalcaligenes hominis	643674	S	38	1	39	0.00001
Oligella ureolytica	90244	S	25	6	31	0.00001
Oligella urethralis	90245	S	5	0	5	0.00000
Taylorella equigenitalis	29575	S	13	29	42	0.00001
Taylorella asinigenitalis	84590	S	8	0	8	0.00000
Pelistega ratti	2652177	S	17	1	18	0.00001
Basilea psittacipulmonis	1472345	S	4	0	4	0.00000
Sutterella megalosphaeroides	2494234	S	36	3	39	0.00001
Sutterella wadsworthensis	40545	S	20	0	20	0.00001
Sutterella faecalis	2584944	S	15	0	15	0.00000
Turicimonas muris	1796652	S	10	0	10	0.00000
Azoarcus sp. M9-3-2	2016596	S	228	13	241	0.00008
Azoarcus sp. DD4	2027405	S	199	67	266	0.00008
Azoarcus sp. CIB	198107	S	190	55	245	0.00008
Azoarcus sp. KH32C	748247	S	136	9	145	0.00005
Azoarcus sp. DN11	356837	S	124	30	154	0.00005
Azoarcus communis	41977	S	309	40	349	0.00011
Azoarcus olearius	418699	S	255	56	311	0.00010
Azoarcus pumilus	2067960	S	103	9	112	0.00003
Thauera sp. K11	2005884	S	209	61	270	0.00008
Thauera sp. MZ1T	85643	S	169	97	266	0.00008
Thauera humireducens	1134435	S	169	29	198	0.00006
Thauera aromatica	59405	S	116	65	181	0.00006
Thauera hydrothermalis	2184083	S	99	12	111	0.00003
Thauera chlorobenzoica	96773	S	71	31	102	0.00003
Azospira sp. I09	1765049	S	453	417	870	0.00027
Azospira oryzae	146939	S	216	194	410	0.00013
Azospira restricta	404405	S	202	39	241	0.00008
Oryzomicrobium terrae	1735038	S	436	39	475	0.00015
Aromatoleum aromaticum	551760	S	129	16	145	0.00005
Aromatoleum petrolei	76116	S	119	32	151	0.00005
Aromatoleum bremense	76115	S	73	11	84	0.00003
Niveibacterium sp. HC41	2811415	S	176	8	184	0.00006
Rugosibacter aromaticivorans	1565605	S	77	6	83	0.00003
Dechloromonas sp. TW-R-39-2	2654218	S	232	14	246	0.00008
Dechloromonas sp. HYN0024	2231055	S	130	8	138	0.00004
Dechloromonas aromatica	259537	S	268	15	283	0.00009
Fluviibacter phosphoraccumulans	1751046	S	117	12	129	0.00004
Chromobacterium vaccinii	1108595	S	150	35	185	0.00006
Chromobacterium paludis	2605945	S	126	28	154	0.00005
Chromobacterium phragmitis	2202141	S	84	22	106	0.00003
Chromobacterium violaceum	536	S	83	29	112	0.00003
Chromobacterium sp. ATCC 53434	2059672	S	35	6	41	0.00001
Chromobacterium sp. Rain0013	2292447	S	28	22	50	0.00002
Chromobacterium rhizoryzae	1778675	S	32	135	167	0.00005
Chromobacterium haemolyticum	394935	S	25	144	169	0.00005
Iodobacter sp. H11R3	2496266	S	37	7	44	0.00001
Iodobacter fluviatilis	537	S	24	4	28	0.00001
Aquitalea aquatilis	1537400	S	109	24	133	0.00004
Aquitalea denitrificans	519081	S	94	37	131	0.00004
Aquitalea sp. USM4	1590041	S	75	32	107	0.00003
Aquitalea magnusonii	332411	S	71	32	103	0.00003
Pseudogulbenkiania sp. NH8B	748280	S	215	40	255	0.00008
Vogesella sp. LIG4	1192162	S	181	21	202	0.00006
Laribacter hongkongensis	168471	S	166	37	203	0.00006
Aquaspirillum sp. LM1	1938604	S	164	11	175	0.00005
Jeongeupia sp. USM3	1906741	S	75	14	89	0.00003
Jeongeupia sp. HS-3	1009682	S	71	11	82	0.00003
Chitinibacter sp. 2T18	2739434	S	48	41	89	0.00003
Chitinibacter fontanus	1737446	S	24	14	38	0.00001
Microvirgula aerodenitrificans	57480	S	107	9	116	0.00004
Deefgea sp. D17	2739061	S	26	3	29	0.00001
Vitreoscilla filiformis	63	S	818	85	903	0.00028
Vitreoscilla sp. C1	96942	S	8	0	8	0.00000
Neisseria meningitidis	487	S	59	136	195	0.00006
Neisseria sp. KEM232	655307	S	16	1	17	0.00001
Neisseria sp. ZJ785	2709396	S	15	1	16	0.00000
Neisseria sp. oral taxon 014	641148	S	14	3	17	0.00001
Neisseria sp. 10022	1853276	S	9	0	9	0.00000
Neisseria elongata	495	S	28	9	37	0.00001
Neisseria shayeganii	607712	S	24	2	26	0.00001
Neisseria dentiae	194197	S	23	1	24	0.00001
Neisseria musculi	1815583	S	19	0	19	0.00001
Neisseria wadsworthii	607711	S	19	2	21	0.00001
Neisseria subflava	28449	S	17	4	21	0.00001
Neisseria sicca	490	S	16	6	22	0.00001
Neisseria bacilliformis	267212	S	16	2	18	0.00001
Neisseria lactamica	486	S	15	8	23	0.00001
Neisseria canis	493	S	13	1	14	0.00000
Neisseria cinerea	483	S	12	4	16	0.00000
Neisseria weaveri	28091	S	11	1	12	0.00000
Neisseria animaloris	326522	S	11	1	12	0.00000
Neisseria mucosa	488	S	10	4	14	0.00000
Neisseria animalis	492	S	9	0	9	0.00000
Neisseria chenwenguii	1853278	S	9	0	9	0.00000
Neisseria zoodegmatis	326523	S	9	1	10	0.00000
Neisseria zalophi	640030	S	8	0	8	0.00000
Neisseria brasiliensis	2666100	S	6	1	7	0.00000
Neisseria gonorrhoeae	485	S	5	2	7	0.00000
Neisseria polysaccharea	489	S	2	1	3	0.00000
Neisseria flavescens	484	S	2	0	2	0.00000
Chitinolyticbacter meiyuanensis	682798	S	163	9	172	0.00005
Crenobacter cavernae	2290923	S	141	22	163	0.00005
Eikenella corrodens	539	S	26	18	44	0.00001
Eikenella exigua	2528037	S	14	11	25	0.00001
Kingella denitrificans	502	S	26	13	39	0.00001
Kingella oralis	505	S	22	3	25	0.00001
Kingella kingae	504	S	7	1	8	0.00000
Snodgrassella alvi	1196083	S	23	1	24	0.00001
Conchiformibius steedae	153493	S	16	1	17	0.00001
Simonsiella muelleri	72	S	14	1	15	0.00000
Alysiella filiformis	194196	S	12	1	13	0.00000
Denitratisoma sp. DHT3	1981880	S	209	109	318	0.00010
Denitratisoma oestradiolicum	311182	S	122	17	139	0.00004
Methyloversatilis sp. RAC08	1842540	S	314	19	333	0.00010
Sulfuritalea hydrogenivorans	748811	S	175	14	189	0.00006
Sterolibacterium denitrificans	157592	S	115	10	125	0.00004
Methylotenera mobilis	359408	S	167	24	191	0.00006
Methylotenera versatilis	1055487	S	80	12	92	0.00003
Methylophilus sp. TWE2	1662285	S	108	11	119	0.00004
Methylophilus medardicus	2588534	S	60	8	68	0.00002
Methylovorus glucosotrophus	266009	S	62	31	93	0.00003
Methylovorus sp. MP688	887061	S	62	35	97	0.00003
Candidatus Methylopumilus turicensis	1581680	S	43	6	49	0.00002
Candidatus Methylopumilus rimovensis	2588535	S	27	5	32	0.00001
Candidatus Methylopumilus universalis	2588536	S	16	9	25	0.00001
Candidatus Methylopumilus planktonicus	1581557	S	8	5	13	0.00000
Methylobacillus flagellatus	405	S	58	8	66	0.00002
Nitrosomonas sp. Is79A3	261292	S	217	9	226	0.00007
Nitrosomonas sp. AL212	153948	S	5	6	11	0.00000
Nitrosomonas europaea	915	S	26	2	28	0.00001
Nitrosomonas ureae	44577	S	22	13	35	0.00001
Nitrosomonas communis	44574	S	20	0	20	0.00001
Nitrosomonas eutropha	916	S	18	1	19	0.00001
Nitrosomonas stercoris	1444684	S	11	0	11	0.00000
Nitrosospira multiformis	1231	S	32	1	33	0.00001
Nitrosospira lacus	1288494	S	30	1	31	0.00001
Nitrosospira briensis	35799	S	8	0	8	0.00000
Sulfuriferula sp. AH1	1985873	S	80	8	88	0.00003
Sulfuriferula nivalis	2675298	S	76	6	82	0.00003
Sulfuriferula plumbiphila	171865	S	63	7	70	0.00002
Sulfurimicrobium lacus	2715678	S	123	12	135	0.00004
Sulfuricella denitrificans	649841	S	60	5	65	0.00002
Sulfuritortus calidifontis	1914471	S	158	37	195	0.00006
Thiobacillus denitrificans	36861	S	101	11	112	0.00003
Sideroxydans lithotrophicus	63745	S	77	7	84	0.00003
Ferriphaselus amnicola	1188319	S	73	10	83	0.00003
Candidatus Nitrotoga sp. AM1P	2559597	S	70	7	77	0.00002
Gallionella capsiferriformans	370405	S	26	2	28	0.00001
Usitatibacter palustris	2732487	S	100	11	111	0.00003
Usitatibacter rugosus	2732067	S	85	8	93	0.00003
Casimicrobium huifangae	2591109	S	180	22	202	0.00006
Candidatus Accumulibacter phosphatis	327160	S	177	4	181	0.00006
Candidatus Kinetoplastibacterium crithidii	33056	S	35	-35	0	0.00000
Candidatus Kinetoplastibacterium sorsogonicusi	1576550	S	26	2	28	0.00001
Candidatus Kinetoplastibacterium oncopeltii	994696	S	13	1	14	0.00000
Candidatus Kinetoplastibacterium desouzaii	994692	S	9	0	9	0.00000
Candidatus Kinetoplastibacterium galatii	994695	S	8	0	8	0.00000
Candidatus Kinetoplastibacterium blastocrithidii	233181	S	3	-3	0	0.00000
Candidatus Profftella armatura	669502	S	19	10	29	0.00001
Candidatus Profftella armatura (Diaphorina cf. continua)	2661583	S	7	3	10	0.00000
Pseudomonas tolaasii	29442	S	17076	1672	18748	0.00585
Pseudomonas fluorescens	294	S	1014	279	1293	0.00040
Pseudomonas protegens	380021	S	157	8	165	0.00005
Pseudomonas azotoformans	47878	S	106	12	118	0.00004
Pseudomonas synxantha	47883	S	103	12	115	0.00004
Pseudomonas veronii	76761	S	98	102	200	0.00006
Pseudomonas orientalis	76758	S	84	5	89	0.00003
Pseudomonas migulae	78543	S	71	10	81	0.00003
Pseudomonas trivialis	200450	S	60	3	63	0.00002
Pseudomonas brenneri	129817	S	56	4	60	0.00002
Pseudomonas libanensis	75588	S	54	15	69	0.00002
Pseudomonas poae	200451	S	52	7	59	0.00002
Pseudomonas rhodesiae	76760	S	51	4	55	0.00002
Pseudomonas mediterranea	183795	S	44	2	46	0.00001
Pseudomonas cedrina	651740	S	26	1	27	0.00001
Pseudomonas mucidolens	46679	S	21	0	21	0.00001
Pseudomonas extremorientalis	169669	S	16	1	17	0.00001
Pseudomonas mandelii	75612	S	15	15	30	0.00001
Pseudomonas corrugata	47879	S	14	0	14	0.00000
Pseudomonas sp. CMR12a	658629	S	4764	654	5418	0.00169
Pseudomonas sp. TUM18999	2725477	S	97	5	102	0.00003
Pseudomonas sp. SCB32	2653853	S	83	2	85	0.00003
Pseudomonas sp. MRSN12121	1611770	S	78	44	122	0.00004
Pseudomonas sp. ATCC 13867	1294143	S	71	3	74	0.00002
Pseudomonas sp. S09G 359	2054919	S	71	4	75	0.00002
Pseudomonas sp. K2W31S-8	2320867	S	69	1	70	0.00002
Pseudomonas sp. TCU-HL1	1856685	S	66	1	67	0.00002
Pseudomonas sp. SK	2729423	S	65	3	68	0.00002
Pseudomonas sp. MSPm1	2726956	S	63	4	67	0.00002
Pseudomonas sp. CC6-YY-74	1930532	S	60	0	60	0.00002
Pseudomonas sp. PDNC002	2811422	S	59	3	62	0.00002
Pseudomonas sp. ADAK22	2730851	S	59	10	69	0.00002
Pseudomonas sp. S34	1573718	S	57	3	60	0.00002
Pseudomonas sp. MPC6	2498848	S	57	3	60	0.00002
Pseudomonas sp. DY-1	1755504	S	55	1	56	0.00002
Pseudomonas sp. S1-A32-2	2731681	S	54	1	55	0.00002
Pseudomonas sp. LPB0260	2614442	S	52	1	53	0.00002
Pseudomonas sp. ADAK13	2730847	S	51	3	54	0.00002
Pseudomonas sp. HLS-6	2049589	S	49	2	51	0.00002
Pseudomonas sp. gcc21	2726989	S	43	1	44	0.00001
Pseudomonas sp. R32	1573704	S	43	1	44	0.00001
Pseudomonas sp. ABC1	2748080	S	42	0	42	0.00001
Pseudomonas sp. BIGb0427	2724470	S	39	1	40	0.00001
Pseudomonas sp. S-6-2	1931241	S	38	0	38	0.00001
Pseudomonas sp. phDV1	253237	S	37	31	68	0.00002
Pseudomonas sp. ADPe	2774873	S	37	31	68	0.00002
Pseudomonas sp. OIL-1	2706126	S	36	0	36	0.00001
Pseudomonas sp. NS1(2017)	2025658	S	36	3	39	0.00001
Pseudomonas sp. B11D7D	2735906	S	35	1	36	0.00001
Pseudomonas sp. SNU WT1	2518644	S	33	0	33	0.00001
Pseudomonas sp. 7SR1	1881017	S	33	1	34	0.00001
Pseudomonas sp. Tri1	2823875	S	31	2	33	0.00001
Pseudomonas sp. S35	1573719	S	31	2	33	0.00001
Pseudomonas sp. M30-35	1981174	S	30	0	30	0.00001
Pseudomonas sp. CMR5c	658630	S	28	0	28	0.00001
Pseudomonas sp. StFLB209	1028989	S	28	0	28	0.00001
Pseudomonas sp. 02C 26	2054914	S	28	0	28	0.00001
Pseudomonas sp. ACM7	2052956	S	27	1	28	0.00001
Pseudomonas sp. BIOMIG1BAC	1758730	S	26	5	31	0.00001
Pseudomonas sp. R76	1573711	S	26	5	31	0.00001
Pseudomonas sp. Leaf58	1736226	S	25	0	25	0.00001
Pseudomonas sp. LAB-08	143813	S	25	1	26	0.00001
Pseudomonas sp. IB20	1702250	S	24	2	26	0.00001
Pseudomonas sp. B10	118613	S	22	6	28	0.00001
Pseudomonas sp. URMO17WK12:I11	1283291	S	22	7	29	0.00001
Pseudomonas sp. DG56-2	2320270	S	22	0	22	0.00001
Pseudomonas sp. R4-39-08	1173288	S	21	7	28	0.00001
Pseudomonas sp. DTU12.3	2073078	S	19	0	19	0.00001
Pseudomonas sp. Y39-6	2749807	S	19	31	50	0.00002
Pseudomonas sp. LBUM920	2126069	S	18	3	21	0.00001
Pseudomonas sp. LTJR-52	2479392	S	17	2	19	0.00001
Pseudomonas sp. 31-12	2201356	S	17	1	18	0.00001
Pseudomonas sp. LG1E9	2219057	S	17	1	18	0.00001
Pseudomonas sp. 14181154	2662033	S	17	5	22	0.00001
Pseudomonas sp. R5-89-07	658644	S	16	1	17	0.00001
Pseudomonas sp. SXM-1	2169583	S	15	14	29	0.00001
Pseudomonas sp. C27(2019)	2604941	S	15	0	15	0.00000
Pseudomonas sp. VLB120	69328	S	14	9	23	0.00001
Pseudomonas sp. RtIB026	2749999	S	14	1	15	0.00000
Pseudomonas sp. LPH1	1898684	S	14	6	20	0.00001
Pseudomonas sp. SDM007	2812000	S	13	1	14	0.00000
Pseudomonas sp. Os17	1500686	S	13	3	16	0.00000
Pseudomonas sp. CCOS 191	1649877	S	13	2	15	0.00000
Pseudomonas sp. FDAARGOS_380	2018067	S	13	4	17	0.00001
Pseudomonas sp. R84	1573712	S	12	0	12	0.00000
Pseudomonas sp. UW4	1207075	S	11	3	14	0.00000
Pseudomonas sp. ADAK18	2730848	S	10	0	10	0.00000
Pseudomonas sp. SWI44	2083053	S	10	4	14	0.00000
Pseudomonas sp. RU47	2005388	S	9	1	10	0.00000
Pseudomonas sp. Z003-0.4C(8344-21)	1855380	S	9	3	12	0.00000
Pseudomonas sp. BJP69	2597770	S	9	10	19	0.00001
Pseudomonas sp. IzPS59	2774459	S	9	1	10	0.00000
Pseudomonas sp. S49	1573720	S	8	1	9	0.00000
Pseudomonas sp. R2-37-08W	1173273	S	8	2	10	0.00000
Pseudomonas sp. CFA	2651048	S	7	10	17	0.00001
Pseudomonas sp. NC02	2067572	S	7	7	14	0.00000
Pseudomonas sp. GR 6-02	1659194	S	5	2	7	0.00000
Pseudomonas sp. MYb193	1827300	S	5	1	6	0.00000
Pseudomonas sp. 15A4	2804761	S	5	0	5	0.00000
Pseudomonas sp. S150	2559074	S	5	2	7	0.00000
Pseudomonas sp. XWY-1	2069256	S	5	8	13	0.00000
Pseudomonas sp. NIBRBAC000502773	2590776	S	4	0	4	0.00000
Pseudomonas sp. PONIH3	1636610	S	4	4	8	0.00000
Pseudomonas sp. TMW 2.1634	1886807	S	4	6	10	0.00000
Pseudomonas sp. JY-Q	1338689	S	4	16	20	0.00001
Pseudomonas sp. J380	2605424	S	4	1	5	0.00000
Pseudomonas sp.	306	S	3	8	11	0.00000
Pseudomonas sp. OST1909	2777367	S	3	4	7	0.00000
Pseudomonas sp. DTU12.1	2654238	S	3	0	3	0.00000
Pseudomonas sp. R4-34-07	658642	S	3	1	4	0.00000
Pseudomonas sp. LH1G9	2083055	S	3	4	7	0.00000
Pseudomonas sp. bs2935	1761895	S	3	67	70	0.00002
Pseudomonas sp. SWI36	2083052	S	3	3	6	0.00000
Pseudomonas sp. TKP	1415630	S	2	4	6	0.00000
Pseudomonas sp. St29	1500687	S	2	0	2	0.00000
Pseudomonas sp. DR 5-09	1534110	S	2	0	2	0.00000
Pseudomonas sp. CFSAN084952	2664899	S	2	3	5	0.00000
Pseudomonas sp. 13159349	2662034	S	2	6	8	0.00000
Pseudomonas sp. SWI6	2083051	S	2	1	3	0.00000
Pseudomonas sp. R2A2	2213057	S	1	0	1	0.00000
Pseudomonas sp. LG1D9	2083054	S	1	0	1	0.00000
Pseudomonas sp. SW-3	147212	S	1	1	2	0.00000
Pseudomonas sp. FGI182	1259844	S	1	0	1	0.00000
Pseudomonas sp. B14-6	2738843	S	1	1	2	0.00000
Pseudomonas sp. R11-23-07	658632	S	1	0	1	0.00000
Pseudomonas sp. MPDS	2762896	S	1	0	1	0.00000
Pseudomonas sp. R3-52-08	1173284	S	1	0	1	0.00000
Pseudomonas sp. R3-18-08	1173283	S	1	0	1	0.00000
Pseudomonas sp. s211(2017)	2045200	S	1	0	1	0.00000
Pseudomonas sp. R1-43-08	1173270	S	1	0	1	0.00000
Pseudomonas sp. 09C 129	2054915	S	1	0	1	0.00000
Pseudomonas sp. THAF187a	2587863	S	1	2879	2880	0.00090
Pseudomonas aeruginosa	287	S	1048	2667	3715	0.00116
Pseudomonas alcaligenes	43263	S	965	87	1052	0.00033
Pseudomonas mendocina	300	S	291	22	313	0.00010
Pseudomonas citronellolis	53408	S	269	105	374	0.00012
Pseudomonas oleovorans	301	S	90	75	165	0.00005
Pseudomonas furukawaii	1149133	S	39	1	40	0.00001
Pseudomonas multiresinivorans	95301	S	59	4	63	0.00002
Pseudomonas nitroreducens	46680	S	56	5	61	0.00002
Pseudomonas resinovorans	53412	S	54	3	57	0.00002
Pseudomonas putida	303	S	729	387	1116	0.00035
Pseudomonas oryzihabitans	47885	S	137	8	145	0.00005
Pseudomonas monteilii	76759	S	119	54	173	0.00005
Pseudomonas plecoglossicida	70775	S	101	35	136	0.00004
Pseudomonas fulva	47880	S	43	26	69	0.00002
Pseudomonas mosselii	78327	S	8	8	16	0.00000
Pseudomonas sp. SGAir0191	2217867	S	4	1	5	0.00000
Pseudomonas stutzeri	316	S	817	118	935	0.00029
Pseudomonas balearica	74829	S	67	16	83	0.00003
Pseudomonas xanthomarina	271420	S	28	2	30	0.00001
Pseudomonas luteola	47886	S	16	2	18	0.00001
Pseudomonas syringae	317	S	161	89	250	0.00008
Pseudomonas asturiensis	1190415	S	61	1	62	0.00002
Pseudomonas savastanoi	29438	S	27	39	66	0.00002
Pseudomonas amygdali	47877	S	13	14	27	0.00001
Pseudomonas viridiflava	33069	S	43	1	44	0.00001
Pseudomonas syringae group genomosp. 3	251701	S	38	78	116	0.00004
Pseudomonas cichorii	36746	S	25	0	25	0.00001
Pseudomonas coronafaciens	53409	S	24	0	24	0.00001
Pseudomonas fuscovaginae	50340	S	9	2	11	0.00000
Pseudomonas sp. Lz4W	1206777	S	1	1	2	0.00000
Pseudomonas chlororaphis	587753	S	352	108	460	0.00014
Pseudomonas lundensis	86185	S	70	1	71	0.00002
Pseudomonas fragi	296	S	37	13	50	0.00002
Pseudomonas entomophila	312306	S	174	9	183	0.00006
Pseudomonas otitidis	319939	S	166	6	172	0.00005
Pseudomonas psychrotolerans	237610	S	124	7	131	0.00004
Pseudomonas thivervalensis	86265	S	105	8	113	0.00004
Pseudomonas eucalypticola	2599595	S	105	2	107	0.00003
Pseudomonas yamanorum	515393	S	102	8	110	0.00003
Pseudomonas knackmussii	65741	S	101	7	108	0.00003
Pseudomonas frederiksbergensis	104087	S	84	9	93	0.00003
Pseudomonas palleroniana	191390	S	78	3	81	0.00003
Pseudomonas brassicacearum	930166	S	73	69	142	0.00004
Pseudomonas oryzae	1392877	S	72	3	75	0.00002
Pseudomonas pohangensis	364197	S	69	0	69	0.00002
Pseudomonas alcaliphila	101564	S	68	21	89	0.00003
Pseudomonas denitrificans (nom. rej.)	43306	S	66	3	69	0.00002
Pseudomonas reinekei	395598	S	64	2	66	0.00002
Pseudomonas sediminis	1691904	S	63	5	68	0.00002
Pseudomonas granadensis	1421430	S	60	12	72	0.00002
Pseudomonas antarctica	219572	S	60	5	65	0.00002
Pseudomonas arsenicoxydans	702115	S	59	2	61	0.00002
Pseudomonas lalkuanensis	2604832	S	59	1	60	0.00002
Pseudomonas parafulva	157782	S	58	5	63	0.00002
Pseudomonas simiae	321846	S	54	4	58	0.00002
Pseudomonas xinjiangensis	487184	S	53	0	53	0.00002
Pseudomonas vancouverensis	95300	S	53	2	55	0.00002
Pseudomonas agarici	46677	S	51	0	51	0.00002
Pseudomonas gozinkensis	2774461	S	49	8	57	0.00002
Pseudomonas alkylphenolica	237609	S	47	1	48	0.00001
Pseudomonas graminis	158627	S	47	4	51	0.00002
Pseudomonas sabulinigri	472181	S	46	0	46	0.00001
Pseudomonas cremoricolorata	157783	S	43	1	44	0.00001
Pseudomonas guangdongensis	1245526	S	42	1	43	0.00001
Pseudomonas prosekii	1148509	S	42	1	43	0.00001
Pseudomonas salegens	1434072	S	40	0	40	0.00001
Pseudomonas taetrolens	47884	S	40	0	40	0.00001
Pseudomonas lurida	244566	S	37	2	39	0.00001
Pseudomonas moraviensis	321662	S	35	6	41	0.00001
Pseudomonas khazarica	2502979	S	32	19	51	0.00002
Pseudomonas rhizosphaerae	216142	S	32	0	32	0.00001
Pseudomonas umsongensis	198618	S	31	1	32	0.00001
Pseudomonas extremaustralis	359110	S	31	2	33	0.00001
Pseudomonas sihuiensis	1274359	S	27	9	36	0.00001
Pseudomonas pelagia	553151	S	25	0	25	0.00001
Pseudomonas soli	1306993	S	25	27	52	0.00002
Pseudomonas marincola	437900	S	23	0	23	0.00001
Pseudomonas saudiphocaensis	1499686	S	23	0	23	0.00001
Pseudomonas koreensis	198620	S	22	2	24	0.00001
Pseudomonas silesiensis	1853130	S	21	1	22	0.00001
Pseudomonas lini	163011	S	20	1	21	0.00001
Pseudomonas allokribbensis	2774460	S	19	2	21	0.00001
Pseudomonas viciae	2505979	S	18	1	19	0.00001
Pseudomonas litoralis	797277	S	18	0	18	0.00001
Pseudomonas toyotomiensis	554344	S	13	5	18	0.00001
Pseudomonas lactis	1615674	S	12	3	15	0.00000
Pseudomonas psychrophila	122355	S	11	0	11	0.00000
Pseudomonas asplenii	53407	S	8	2	10	0.00000
Pseudomonas glycinae	1785145	S	7	6	13	0.00000
Pseudomonas cerasi	1583341	S	6	6	12	0.00000
Pseudomonas atacamensis	2565368	S	6	2	8	0.00000
Candidatus Pseudomonas adelgestsugas	1302376	S	6	0	6	0.00000
Pseudomonas kribbensis	1628086	S	4	0	4	0.00000
Pseudomonas bijieensis	2681983	S	4	7	11	0.00000
Pseudomonas versuta	1788301	S	1	0	1	0.00000
Pseudomonas asiatica	2219225	S	1	3	4	0.00000
Azotobacter chroococcum	353	S	98	21	119	0.00004
Azotobacter salinestris	69964	S	53	14	67	0.00002
Azotobacter vinelandii	354	S	47	-47	0	0.00000
Entomomonas sp. F2A	2785331	S	26	0	26	0.00001
Entomomonas moraniae	2213226	S	22	0	22	0.00001
Permianibacter aggregans	1510150	S	44	0	44	0.00001
Oblitimonas alkaliphila	1697053	S	8	0	8	0.00000
Acinetobacter junii	40215	S	11250	1629	12879	0.00402
Acinetobacter sp. MYb10	1827285	S	203	37	240	0.00007
Acinetobacter sp. WCHA45	2004644	S	135	109	244	0.00008
Acinetobacter sp. WCHAc010034	1879049	S	46	4	50	0.00002
Acinetobacter sp. TTH0-4	1646498	S	45	4	49	0.00002
Acinetobacter sp. WCHA55	2004646	S	34	14	48	0.00001
Acinetobacter sp. NEB 394	2743575	S	31	41	72	0.00002
Acinetobacter sp. Marseille-Q1620	2714110	S	30	0	30	0.00001
Acinetobacter sp. C16S1	2609668	S	29	7	36	0.00001
Acinetobacter sp. NEB149	2725684	S	23	54	77	0.00002
Acinetobacter sp. ACNIH2	1758189	S	21	3	24	0.00001
Acinetobacter sp. TGL-Y2	1407071	S	20	0	20	0.00001
Acinetobacter sp. CS-2	2798861	S	19	5	24	0.00001
Acinetobacter sp. LoGeW2-3	1808001	S	18	0	18	0.00001
Acinetobacter sp. YH12138	2601122	S	17	3	20	0.00001
Acinetobacter sp. ACNIH1	1636603	S	12	19	31	0.00001
Acinetobacter sp. 10FS3-1	2563897	S	9	4	13	0.00000
Acinetobacter sp. SWBY1	2079596	S	8	11	19	0.00001
Acinetobacter sp. FDAARGOS_724	2545797	S	4	5	9	0.00000
Acinetobacter sp. NCu2D-2	1608473	S	3	0	3	0.00000
Acinetobacter sp. M131	1280052	S	2	22	24	0.00001
Acinetobacter sp. WCHAc010052	2004647	S	1	0	1	0.00000
Acinetobacter sp.	472	S	1	15	16	0.00000
Acinetobacter baumannii	470	S	373	1469	1842	0.00057
Acinetobacter pittii	48296	S	66	86	152	0.00005
Acinetobacter calcoaceticus	471	S	63	4	67	0.00002
Acinetobacter seifertii	1530123	S	57	14	71	0.00002
Acinetobacter nosocomialis	106654	S	26	8	34	0.00001
Acinetobacter lactucae	1785128	S	10	2	12	0.00000
Acinetobacter johnsonii	40214	S	388	379	767	0.00024
Acinetobacter haemolyticus	29430	S	327	84	411	0.00013
Acinetobacter lwoffii	28090	S	182	212	394	0.00012
Acinetobacter guillouiae	106649	S	152	28	180	0.00006
Acinetobacter tandoii	202954	S	124	3	127	0.00004
Acinetobacter indicus	756892	S	122	27	149	0.00005
Acinetobacter ursingii	108980	S	105	23	128	0.00004
Acinetobacter bereziniae	106648	S	80	5	85	0.00003
Acinetobacter radioresistens	40216	S	67	7	74	0.00002
Acinetobacter venetianus	52133	S	66	10	76	0.00002
Acinetobacter gyllenbergii	134534	S	43	1	44	0.00001
Acinetobacter towneri	202956	S	43	46	89	0.00003
Acinetobacter schindleri	108981	S	39	11	50	0.00002
Acinetobacter wuhouensis	1879050	S	36	6	42	0.00001
Acinetobacter soli	487316	S	35	1	36	0.00001
Acinetobacter baylyi	202950	S	32	3	35	0.00001
Acinetobacter dispersus	70348	S	29	0	29	0.00001
Acinetobacter defluvii	1871111	S	24	6	30	0.00001
Acinetobacter larvae	1789224	S	22	0	22	0.00001
Acinetobacter equi	1324350	S	21	0	21	0.00001
Acinetobacter lanii	2715163	S	20	0	20	0.00001
Acinetobacter piscicola	2006115	S	19	4	23	0.00001
Acinetobacter cumulans	2136182	S	17	1	18	0.00001
Acinetobacter variabilis	70346	S	13	9	22	0.00001
Acinetobacter shaoyimingii	2715164	S	10	0	10	0.00000
Acinetobacter wanghuae	2662362	S	9	0	9	0.00000
Acinetobacter oleivorans	1148157	S	8	1	9	0.00000
Acinetobacter chinensis	2004650	S	7	2	9	0.00000
Moraxella osloensis	34062	S	2040	75	2115	0.00066
Moraxella catarrhalis	480	S	30	0	30	0.00001
Moraxella bovoculi	386891	S	17	6	23	0.00001
Moraxella cuniculi	34061	S	12	0	12	0.00000
Moraxella ovis	29433	S	8	5	13	0.00000
Moraxella nonliquefaciens	478	S	7	0	7	0.00000
Moraxella bovis	476	S	6	0	6	0.00000
Psychrobacter sp.	56811	S	24	11	35	0.00001
Psychrobacter sp. DAB_AL43B	1028416	S	23	2	25	0.00001
Psychrobacter sp. P11F6	1699621	S	20	3	23	0.00001
Psychrobacter sp. P11G5	1699624	S	11	23	34	0.00001
Psychrobacter sp. 28M-43	2772254	S	8	2	10	0.00000
Psychrobacter sp. G	571800	S	5	22	27	0.00001
Psychrobacter sp. KCTC 72983	2733866	S	4	7	11	0.00000
Psychrobacter sp. AntiMn-1	1720344	S	3	4	7	0.00000
Psychrobacter sp. P11G3	1699623	S	2	0	2	0.00000
Psychrobacter arenosus	256326	S	18	0	18	0.00001
Psychrobacter arcticus	334543	S	11	2	13	0.00000
Psychrobacter urativorans	45610	S	9	1	10	0.00000
Aquirhabdus parva	2283318	S	31	0	31	0.00001
Klebsiella pneumoniae	573	S	27457	22371	49828	0.01555
Klebsiella aerogenes	548	S	56	3	59	0.00002
Klebsiella grimontii	2058152	S	55	44	99	0.00003
Klebsiella michiganensis	1134687	S	52	16	68	0.00002
Klebsiella oxytoca	571	S	30	4	34	0.00001
Klebsiella variicola	244366	S	19	4	23	0.00001
Klebsiella quasipneumoniae	1463165	S	19	8	27	0.00001
Klebsiella sp. STW0522-44	2681387	S	9	9	18	0.00001
Klebsiella huaxiensis	2153354	S	3	0	3	0.00000
Klebsiella quasivariicola	2026240	S	1	0	1	0.00000
Klebsiella africana	2489010	S	1	0	1	0.00000
Enterobacter cloacae	550	S	86	51	137	0.00004
Enterobacter hormaechei	158836	S	61	152	213	0.00007
Enterobacter roggenkampii	1812935	S	35	31	66	0.00002
Enterobacter asburiae	61645	S	25	25	50	0.00002
Enterobacter kobei	208224	S	9	17	26	0.00001
Enterobacter chengduensis	2494701	S	9	1	10	0.00000
Enterobacter cancerogenus	69218	S	5	0	5	0.00000
Enterobacter ludwigii	299767	S	3	3	6	0.00000
Enterobacter cloacae complex sp.	2027919	S	1	1	2	0.00000
Enterobacter sp. 638	399742	S	23	0	23	0.00001
Enterobacter sp. RHBSTW-00175	2742639	S	16	2	18	0.00001
Enterobacter sp. E76	2596949	S	16	2	18	0.00001
Enterobacter sp. RHBSTW-00994	2742676	S	13	0	13	0.00000
Enterobacter sp. RHB15-C17	2742619	S	13	0	13	0.00000
Enterobacter sp. SA187	1914861	S	10	0	10	0.00000
Enterobacter sp. JUb54	2724468	S	8	0	8	0.00000
Enterobacter sp. E20	1560339	S	4	5	9	0.00000
Enterobacter sp. SES19	2705458	S	4	1	5	0.00000
Enterobacter sp. ODB01	1827481	S	2	5	7	0.00000
Enterobacter soli	885040	S	12	0	12	0.00000
Enterobacter oligotrophicus	2478464	S	5	0	5	0.00000
Enterobacter mori	539813	S	2	2	4	0.00000
Enterobacter bugandensis	881260	S	1	0	1	0.00000
Citrobacter freundii	546	S	39	76	115	0.00004
Citrobacter portucalensis	1639133	S	10	41	51	0.00002
Citrobacter freundii complex sp. CFNIH2	2066049	S	6	3	9	0.00000
Citrobacter freundii complex sp. CFNIH9	2077149	S	2	8	10	0.00000
Citrobacter braakii	57706	S	3	10	13	0.00000
Citrobacter werkmanii	67827	S	1	0	1	0.00000
Citrobacter youngae	133448	S	1	1	2	0.00000
Citrobacter sp. R56	1573676	S	16	0	16	0.00000
Citrobacter sp. LY-1	2546350	S	8	1	9	0.00000
Citrobacter sp. BDA59-3	2781952	S	4	0	4	0.00000
Citrobacter sp. RHB25-C09	2742624	S	2	0	2	0.00000
Citrobacter sp. CRE-46	1703250	S	1	3	4	0.00000
Citrobacter sp. 172116965	2683822	S	1	25	26	0.00001
Citrobacter amalonaticus	35703	S	25	30	55	0.00002
Citrobacter farmeri	67824	S	8	3	11	0.00000
Citrobacter rodentium	67825	S	7	0	7	0.00000
Citrobacter telavivum	2653932	S	4	0	4	0.00000
Citrobacter koseri	545	S	3	2	5	0.00000
Citrobacter cronae	1748967	S	3	11	14	0.00000
Escherichia coli	562	S	242	903	1145	0.00036
Escherichia albertii	208962	S	10	1	11	0.00000
Escherichia fergusonii	564	S	9	3	12	0.00000
Escherichia marmotae	1499973	S	9	1	10	0.00000
Escherichia sp. SCLE84	2725997	S	5	97	102	0.00003
Blochmannia endosymbiont of Polyrhachis (Hedomyrma) turneri	1505596	S	14	0	14	0.00000
Blochmannia endosymbiont of Camponotus (Colobopsis) obliquus	1505597	S	14	1	15	0.00000
Blochmannia endosymbiont of Colobopsis nipponica	2681987	S	13	0	13	0.00000
Blochmannia endosymbiont of Camponotus nipponensis	2681986	S	5	0	5	0.00000
Candidatus Blochmannia vafer	251535	S	22	0	22	0.00001
Candidatus Blochmannia pennsylvanicus	101534	S	6	12	18	0.00001
secondary endosymbiont of Heteropsylla cubana	134287	S	12	0	12	0.00000
Candidatus Hamiltonella defensa	138072	S	8	0	8	0.00000
secondary endosymbiont of Ctenarytaina eucalypti	1199245	S	5	0	5	0.00000
Candidatus Annandia adelgestsuga	1302411	S	20	0	20	0.00001
Candidatus Tachikawaea gelatinosa	1410383	S	12	0	12	0.00000
secondary endosymbiont of Trabutina mannipara	1835721	S	6	0	6	0.00000
Candidatus Hoaglandella endobia	1778263	S	6	0	6	0.00000
Candidatus Mikella endobia	1778264	S	6	0	6	0.00000
Candidatus Purcelliella pentastirinorum	472834	S	3	0	3	0.00000
Candidatus Doolittlea endobia	1778262	S	3	0	3	0.00000
Candidatus Gullanella endobia	1070130	S	2	0	2	0.00000
Salmonella enterica	28901	S	130	441	571	0.00018
Salmonella sp. SSDFZ54	2500542	S	1	36	37	0.00001
Salmonella bongori	54736	S	8	0	8	0.00000
Enterobacteriaceae endosymbiont of Donacia bicoloricornis	2675772	S	20	4	24	0.00001
Enterobacteriaceae endosymbiont of Donacia cinerea	2675774	S	11	3	14	0.00000
Enterobacteriaceae endosymbiont of Plateumaris braccata	2675793	S	8	1	9	0.00000
Enterobacteriaceae endosymbiont of Macroplea appendiculata	2675790	S	8	0	8	0.00000
Enterobacteriaceae endosymbiont of Donacia versicolorea	2675788	S	6	7	13	0.00000
Enterobacteriaceae endosymbiont of Donacia thalassina	2675786	S	6	1	7	0.00000
Enterobacteriaceae endosymbiont of Plateumaris consimilis	2675794	S	5	1	6	0.00000
Enterobacteriaceae endosymbiont of Donacia cincticornis	2675773	S	4	1	5	0.00000
Enterobacteriaceae endosymbiont of Donacia vulgaris	2675789	S	4	1	5	0.00000
Enterobacteriaceae endosymbiont of Donacia sparganii	2675785	S	4	0	4	0.00000
Enterobacteriaceae endosymbiont of Donacia simplex	2675784	S	3	1	4	0.00000
Enterobacteriaceae endosymbiont of Donacia tomentosa	2675787	S	3	0	3	0.00000
Enterobacteriaceae endosymbiont of Donacia fulgens	2675778	S	3	1	4	0.00000
Enterobacteriaceae endosymbiont of Plateumaris rustica	2675796	S	3	0	3	0.00000
Enterobacteriaceae endosymbiont of Plateumaris sericea	2675797	S	3	0	3	0.00000
Enterobacteriaceae endosymbiont of Donacia proxima	2675782	S	2	0	2	0.00000
Enterobacteriaceae endosymbiont of Donacia marginata	2675779	S	2	0	2	0.00000
Enterobacteriaceae endosymbiont of Donacia dentata	2675777	S	2	2	4	0.00000
Enterobacteriaceae endosymbiont of Plateumaris pusilla	2675795	S	2	0	2	0.00000
Enterobacteriaceae endosymbiont of Donacia semicuprea	2675783	S	1	0	1	0.00000
Enterobacteriaceae endosymbiont of Neohaemonia nigricornis	2675792	S	1	0	1	0.00000
Enterobacteriaceae endosymbiont of Donacia crassipes	2675776	S	1	0	1	0.00000
Leclercia sp. J807	2681307	S	18	29	47	0.00001
Leclercia sp. 119287	2681308	S	13	23	36	0.00001
Leclercia sp. 4-9-1-25	2815358	S	11	0	11	0.00000
Leclercia sp. 29361	2714951	S	8	1	9	0.00000
Leclercia adecarboxylata	83655	S	14	20	34	0.00001
Cronobacter malonaticus	413503	S	40	16	56	0.00002
Cronobacter sakazakii	28141	S	33	8	41	0.00001
Cronobacter condimenti	1163710	S	10	0	10	0.00000
Cronobacter universalis	535744	S	9	1	10	0.00000
Cronobacter dublinensis	413497	S	4	0	4	0.00000
Cronobacter muytjensii	413501	S	3	4	7	0.00000
Cronobacter sp. JZ38	1906275	S	2	2	4	0.00000
Kosakonia cowanii	208223	S	30	15	45	0.00001
Kosakonia sacchari	1158459	S	25	4	29	0.00001
Kosakonia arachidis	551989	S	17	1	18	0.00001
Kosakonia sp. MUSA4	2067958	S	5	2	7	0.00000
Kosakonia sp. SMBL-WEM22	2725560	S	4	0	4	0.00000
Kosakonia sp. CCTCC M2018092	2492396	S	2	1	3	0.00000
Kosakonia pseudosacchari	1646340	S	8	1	9	0.00000
Kosakonia oryzae	497725	S	5	2	7	0.00000
Kosakonia radicincitans	283686	S	3	1	4	0.00000
Raoultella terrigena	577	S	24	12	36	0.00001
Raoultella planticola	575	S	18	4	22	0.00001
Raoultella ornithinolytica	54291	S	9	20	29	0.00001
Raoultella electrica	1259973	S	5	3	8	0.00000
Cedecea neteri	158822	S	34	0	34	0.00001
Cedecea lapagei	158823	S	9	0	9	0.00000
Cedecea sp. FDAARGOS_727	2545798	S	7	0	7	0.00000
Pluralibacter gergoviae	61647	S	34	0	34	0.00001
[Enterobacter] lignolyticus	1334193	S	9	0	9	0.00000
Lelliottia amnigena	61646	S	33	0	33	0.00001
Lelliottia nimipressuralis	69220	S	4	0	4	0.00000
Lelliottia sp. WB101	2153385	S	4	0	4	0.00000
Jejubacter calystegiae	2579935	S	35	0	35	0.00001
Pseudescherichia vulneris	566	S	35	0	35	0.00001
Kluyvera intermedia	61648	S	13	2	15	0.00000
Kluyvera genomosp. 3	2774055	S	7	1	8	0.00000
Buttiauxella sp. 3AFRM03	2479367	S	10	0	10	0.00000
Buttiauxella agrestis	82977	S	7	0	7	0.00000
Shimwellia blattae	563	S	18	0	18	0.00001
Atlantibacter hermannii	565	S	17	0	17	0.00001
Phytobacter ursingii	1972431	S	16	4	20	0.00001
Scandinavium goeteborgense	1851514	S	14	0	14	0.00000
Candidatus Ishikawaella capsulata	168169	S	12	0	12	0.00000
Candidatus Riesia pediculicola	401619	S	11	1	12	0.00000
Yokenella regensburgei	158877	S	11	0	11	0.00000
Shigella boydii	621	S	1	12	13	0.00000
Candidatus Moranella endobia	1048758	S	5	-5	0	0.00000
Metakosakonia sp. MRY16-398	2487150	S	1	0	1	0.00000
Serratia marcescens	615	S	253	157	410	0.00013
Serratia proteamaculans	28151	S	103	11	114	0.00004
Serratia fonticola	47917	S	99	11	110	0.00003
Serratia sp. P2ACOL2	2482769	S	22	28	50	0.00002
Serratia sp. 3ACOL1	2448483	S	11	5	16	0.00000
Serratia sp. ATCC 39006	104623	S	7	0	7	0.00000
Serratia sp. FDAARGOS_506	2420306	S	6	1	7	0.00000
Serratia sp. KUDC3025	2597702	S	5	1	6	0.00000
Serratia sp. FGI94	671990	S	4	1	5	0.00000
Serratia sp. 1D1416	2447890	S	3	4	7	0.00000
Serratia sp. FS14	1327989	S	2	3	5	0.00000
Serratia sp. SSNIH1	1758196	S	1	5	6	0.00000
Serratia sp. JKS000199	1938820	S	1	7	8	0.00000
Serratia plymuthica	82996	S	59	8	67	0.00002
Serratia symbiotica	138074	S	20	0	20	0.00001
Serratia liquefaciens	614	S	19	7	26	0.00001
Serratia rubidaea	61652	S	13	6	19	0.00001
Serratia ficaria	61651	S	12	21	33	0.00001
Serratia grimesii	82995	S	11	0	11	0.00000
Serratia quinivorans	137545	S	9	4	13	0.00000
Serratia odorifera	618	S	6	0	6	0.00000
Serratia surfactantfaciens	2741499	S	3	0	3	0.00000
Yersinia pseudotuberculosis	633	S	47	7	54	0.00002
Yersinia similis	367190	S	8	0	8	0.00000
Yersinia pestis	632	S	3	113	116	0.00004
Yersinia enterocolitica	630	S	32	2	34	0.00001
Yersinia intermedia	631	S	25	47	72	0.00002
Yersinia ruckeri	29486	S	19	0	19	0.00001
Yersinia aldovae	29483	S	13	0	13	0.00000
Yersinia rohdei	29485	S	12	0	12	0.00000
Yersinia mollaretii	33060	S	10	0	10	0.00000
Yersinia massiliensis	419257	S	10	12	22	0.00001
Yersinia canariae	2607663	S	8	0	8	0.00000
Yersinia aleksiciae	263819	S	7	0	7	0.00000
Yersinia entomophaga	935293	S	7	0	7	0.00000
Yersinia kristensenii	28152	S	6	10	16	0.00000
Yersinia frederiksenii	29484	S	6	2	8	0.00000
Yersinia hibernica	2339259	S	3	1	4	0.00000
Rahnella sp. ERMR1:05	1805933	S	13	0	13	0.00000
Rahnella sp. Y9602	741091	S	1	13	14	0.00000
Rahnella aquatilis	34038	S	12	16	28	0.00001
Rouxiella badensis	1646377	S	47	0	47	0.00001
Nissabacter sp. SGAir0207	2126321	S	36	0	36	0.00001
Ewingella americana	41202	S	14	0	14	0.00000
Chania multitudinisentens	1639108	S	14	0	14	0.00000
Candidatus Fukatsuia symbiotica	1878942	S	12	0	12	0.00000
Gibbsiella quercinecans	929813	S	6	0	6	0.00000
Pantoea sp. At-9b	592316	S	68	4	72	0.00002
Pantoea sp. CCBC3-3-1	2490851	S	44	1	45	0.00001
Pantoea sp. MSR2	2052056	S	33	2	35	0.00001
Pantoea sp. PSNIH1	1484158	S	24	5	29	0.00001
Pantoea sp. SO10	2575375	S	21	0	21	0.00001
Pantoea sp. 201603H	2479547	S	6	0	6	0.00000
Pantoea sp. MT58	2768165	S	4	12	16	0.00000
Pantoea ananatis	553	S	78	3	81	0.00003
Pantoea agglomerans	549	S	75	4	79	0.00002
Pantoea stewartii	66269	S	60	2	62	0.00002
Pantoea vagans	470934	S	50	22	72	0.00002
Pantoea rwandensis	1076550	S	39	1	40	0.00001
Pantoea dispersa	59814	S	37	2	39	0.00001
Pantoea cypripedii	55209	S	31	0	31	0.00001
Candidatus Pantoea carbekii	1235990	S	4	0	4	0.00000
Pantoea eucalypti	470933	S	2	5	7	0.00000
Pantoea alhagi	1891675	S	2	0	2	0.00000
Buchnera aphidicola	9	S	403	-2	401	0.00013
Candidatus Erwinia haradaeae	1922217	S	78	0	78	0.00002
Erwinia persicina	55211	S	22	0	22	0.00001
Erwinia gerundensis	1619313	S	21	0	21	0.00001
Erwinia sp. Ejp617	215689	S	7	5	12	0.00000
Erwinia sp. QL-Z3	2547962	S	7	9	16	0.00000
Erwinia sp. J780	2681984	S	6	0	6	0.00000
Erwinia amylovora	552	S	19	0	19	0.00001
Erwinia billingiae	182337	S	11	6	17	0.00001
Erwinia tasmaniensis	338565	S	11	0	11	0.00000
Mixta gaviniae	665914	S	48	3	51	0.00002
Mixta theicola	1458355	S	16	1	17	0.00001
Mixta intestinalis	1615494	S	16	1	17	0.00001
Mixta calida	665913	S	14	2	16	0.00000
Tatumella ptyseos	82987	S	21	0	21	0.00001
Tatumella sp. TA1	2487345	S	13	0	13	0.00000
Tatumella citrea	53336	S	9	0	9	0.00000
Wigglesworthia glossinidia	51229	S	8	0	8	0.00000
Dickeya zeae	204042	S	53	1	54	0.00002
Dickeya poaceiphila	568768	S	36	0	36	0.00001
Dickeya chrysanthemi	556	S	20	0	20	0.00001
Dickeya paradisiaca	69223	S	18	-18	0	0.00000
Dickeya dadantii	204038	S	14	0	14	0.00000
Dickeya dianthicola	204039	S	14	0	14	0.00000
Dickeya sp. NCPPB 3274	568766	S	4	0	4	0.00000
Dickeya sp. MK7	1224145	S	2	2	4	0.00000
Dickeya solani	1089444	S	5	0	5	0.00000
Dickeya aquatica	1401087	S	5	86	91	0.00003
Dickeya fangzhongdai	1778540	S	5	2	7	0.00000
Pectobacterium brasiliense	180957	S	64	18	82	0.00003
Pectobacterium parmentieri	1905730	S	41	2	43	0.00001
Pectobacterium carotovorum	554	S	38	12	50	0.00002
Pectobacterium aroidearum	1201031	S	11	6	17	0.00001
Pectobacterium polaris	2042057	S	7	1	8	0.00000
Pectobacterium punjabense	2108399	S	6	0	6	0.00000
Pectobacterium atrosepticum	29471	S	5	0	5	0.00000
Pectobacterium versatile	2488639	S	2	0	2	0.00000
Pectobacterium odoriferum	78398	S	1	0	1	0.00000
Brenneria rubrifaciens	55213	S	20	10	30	0.00001
Brenneria goodwinii	1109412	S	8	12	20	0.00001
Brenneria sp. Ir50	2722756	S	4	6	10	0.00000
Lonsdalea britannica	1082704	S	11	0	11	0.00000
Lonsdalea populi	1172565	S	5	0	5	0.00000
Proteus mirabilis	584	S	80	18	98	0.00003
Proteus vulgaris	585	S	14	21	35	0.00001
Proteus hauseri	183417	S	10	0	10	0.00000
Proteus penneri	102862	S	8	3	11	0.00000
Proteus terrae	1574161	S	1	11	12	0.00000
Proteus columbae	1987580	S	1	1	2	0.00000
Providencia rettgeri	587	S	29	12	41	0.00001
Providencia stuartii	588	S	21	24	45	0.00001
Providencia heimbachae	333962	S	21	0	21	0.00001
Providencia vermicola	333965	S	18	1	19	0.00001
Providencia alcalifaciens	126385	S	6	0	6	0.00000
Providencia sneebia	516075	S	6	0	6	0.00000
Providencia rustigianii	158850	S	5	0	5	0.00000
Xenorhabdus bovienii	40576	S	58	4	62	0.00002
Xenorhabdus budapestensis	290110	S	19	0	19	0.00001
Xenorhabdus doucetiae	351671	S	12	0	12	0.00000
Xenorhabdus nematophila	628	S	9	0	9	0.00000
Xenorhabdus poinarii	40577	S	9	0	9	0.00000
Xenorhabdus hominickii	351679	S	2	0	2	0.00000
Morganella morganii	582	S	42	3	45	0.00001
Arsenophonus endosymbiont of Aleurodicus dispersus	235559	S	14	0	14	0.00000
Arsenophonus endosymbiont of Aphis craccivora	1231049	S	6	0	6	0.00000
Candidatus Arsenophonus lipoptenae	634113	S	15	0	15	0.00000
Arsenophonus nasoniae	638	S	6	0	6	0.00000
Photorhabdus thracensis	230089	S	12	0	12	0.00000
Photorhabdus asymbiotica	291112	S	7	0	7	0.00000
Photorhabdus laumondii	2218628	S	3	0	3	0.00000
Hafnia alvei	569	S	62	13	75	0.00002
Hafnia paralvei	546367	S	9	0	9	0.00000
Obesumbacterium proteus	82983	S	69	3	72	0.00002
Edwardsiella tarda	636	S	18	24	42	0.00001
Edwardsiella hoshinae	93378	S	11	0	11	0.00000
Edwardsiella ictaluri	67780	S	3	0	3	0.00000
Pragia fontium	82985	S	26	0	26	0.00001
Leminorella richardii	158841	S	4	0	4	0.00000
Jinshanibacter zhutongyuii	2498113	S	4	0	4	0.00000
Limnobaculum parvum	2172103	S	2	0	2	0.00000
Candidatus Sodalis pierantonius	1486991	S	9	4	13	0.00000
Sodalis endosymbiont of Henestaris halophilus	1929246	S	6	0	6	0.00000
Sodalis praecaptivus	1239307	S	4	1	5	0.00000
Plesiomonas shigelloides	703	S	8	0	8	0.00000
Xanthomonas euvesicatoria	456327	S	1683	31860	33543	0.01047
Xanthomonas campestris	339	S	407	6	413	0.00013
Xanthomonas citri	346	S	237	10	247	0.00008
Xanthomonas hyacinthi	56455	S	135	4	139	0.00004
Xanthomonas oryzae	347	S	114	1	115	0.00004
Xanthomonas sp. GW	2724121	S	25	8	33	0.00001
Xanthomonas sp. LMG 31887	2775162	S	20	38	58	0.00002
Xanthomonas sp. SS	2724122	S	9	3	12	0.00000
Xanthomonas sp. SI	2724123	S	3	1	4	0.00000
Xanthomonas translucens	343	S	106	2	108	0.00003
Xanthomonas arboricola	56448	S	98	24	122	0.00004
Xanthomonas hortorum	56454	S	75	1	76	0.00002
Xanthomonas sacchari	56458	S	66	0	66	0.00002
Xanthomonas cucurbitae	56453	S	63	0	63	0.00002
Xanthomonas theicola	56464	S	40	0	40	0.00001
Xanthomonas albilineans	29447	S	39	2	41	0.00001
Xanthomonas axonopodis	53413	S	31	0	31	0.00001
Xanthomonas fragariae	48664	S	31	0	31	0.00001
Xanthomonas phaseoli	1985254	S	27	2	29	0.00001
Xanthomonas euroxanthea	2259622	S	26	0	26	0.00001
Xanthomonas cassavae	56450	S	24	0	24	0.00001
Xanthomonas vesicatoria	56460	S	23	2	25	0.00001
Xanthomonas perforans	442694	S	21	5	26	0.00001
Xanthomonas vasicola	56459	S	16	0	16	0.00000
Lysobacter enzymogenes	69	S	1600	143	1743	0.00054
Lysobacter sp. H21R4	2781021	S	37	19	56	0.00002
Lysobacter sp. CW239	2762611	S	36	2	38	0.00001
Lysobacter sp. TY2-98	2290922	S	32	0	32	0.00001
Lysobacter sp. HDW10	2714936	S	23	0	23	0.00001
Lysobacter sp. H23M47	2781024	S	12	20	32	0.00001
Lysobacter sp. H23M41	2781023	S	11	18	29	0.00001
Lysobacter sp. H21R20	2781022	S	10	5	15	0.00000
Lysobacter antibioticus	84531	S	169	12	181	0.00006
Lysobacter solisilvae	2763317	S	137	5	142	0.00004
Lysobacter capsici	435897	S	101	9	110	0.00003
Lysobacter alkalisoli	2591633	S	75	2	77	0.00002
Lysobacter oculi	2698682	S	63	1	64	0.00002
Lysobacter lycopersici	1324796	S	57	1	58	0.00002
Lysobacter arenosi	2795387	S	55	2	57	0.00002
Lysobacter gummosus	262324	S	53	5	58	0.00002
Lysobacter soli	453783	S	47	1	48	0.00001
Lysobacter maris	1605891	S	45	1	46	0.00001
Stenotrophomonas maltophilia	40324	S	970	499	1469	0.00046
Stenotrophomonas sp. SAU14A_NAIMI4_5	2072413	S	54	23	77	0.00002
Stenotrophomonas sp. ESTM1D_MKCIP4_1	2072414	S	30	6	36	0.00001
Stenotrophomonas sp. ZAC14D2_NAIMI4_7	2072405	S	17	17	34	0.00001
Stenotrophomonas sp. ZAC14A_NAIMI4_1	2072412	S	4	8	12	0.00000
Stenotrophomonas sp. ZAC14D2_NAIMI4_6	2072406	S	3	6	9	0.00000
Stenotrophomonas sp. YAU14D1_LEIMI4_1	2072407	S	2	3	5	0.00000
Stenotrophomonas sp. SAU14A_NAIMI4_8	2072409	S	1	7	8	0.00000
Stenotrophomonas sp. LM091	1904944	S	44	2	46	0.00001
Stenotrophomonas sp. NA06056	2742129	S	40	5	45	0.00001
Stenotrophomonas sp. CW117	2775920	S	31	187	218	0.00007
Stenotrophomonas sp. Pemsol	2040586	S	29	13	42	0.00001
Stenotrophomonas sp. 169	2770322	S	24	0	24	0.00001
Stenotrophomonas sp. WZN-1	2005046	S	20	8	28	0.00001
Stenotrophomonas sp. 364	2691571	S	19	1	20	0.00001
Stenotrophomonas sp. MYb57	1827305	S	16	29	45	0.00001
Stenotrophomonas sp. G4	2303750	S	8	5	13	0.00000
Stenotrophomonas sp. ASS1	2282124	S	6	11	17	0.00001
Stenotrophomonas sp. SXG-1	2682487	S	5	10	15	0.00000
Stenotrophomonas rhizophila	216778	S	180	7	187	0.00006
Stenotrophomonas acidaminiphila	128780	S	178	103	281	0.00009
Stenotrophomonas indicatrix	2045451	S	9	13	22	0.00001
Pseudoxanthomonas mexicana	128785	S	553	28	581	0.00018
Pseudoxanthomonas suwonensis	314722	S	113	1	114	0.00004
Pseudoxanthomonas spadix	415229	S	95	1	96	0.00003
Luteimonas sp. MC1750	2799326	S	73	7	80	0.00002
Luteimonas sp. JM171	1896164	S	60	1	61	0.00002
Luteimonas sp. MC1572	2799325	S	47	11	58	0.00002
Luteimonas sp. YGD11-2	2508168	S	37	7	44	0.00001
Luteimonas sp. MC1825	2761107	S	19	4	23	0.00001
Luteimonas chenhongjianii	2006110	S	64	1	65	0.00002
Luteimonas granuli	1176533	S	53	4	57	0.00002
Luteimonas yindakuii	2565782	S	36	6	42	0.00001
Thermomonas sp. XSG	2771436	S	79	5	84	0.00003
Thermomonas sp. SY21	2202149	S	65	5	70	0.00002
Thermomonas sp. HDW16	2714945	S	28	1	29	0.00001
Thermomonas carbonis	1463158	S	105	2	107	0.00003
Thermomonas brevis	215691	S	63	5	68	0.00002
Arenimonas daejeonensis	370777	S	88	0	88	0.00003
Pseudolysobacter antarcticus	2511995	S	57	0	57	0.00002
Xylella fastidiosa	2371	S	38	0	38	0.00001
Xylella taiwanensis	1444770	S	2	0	2	0.00000
Dyella sp. G9	2763498	S	72	11	83	0.00003
Dyella sp. M7H15-1	2501295	S	42	1	43	0.00001
Dyella caseinilytica	1849581	S	65	2	67	0.00002
Dyella japonica	231455	S	50	8	58	0.00002
Dyella thiooxydans	445710	S	36	3	39	0.00001
Rhodanobacter glycinis	582702	S	143	9	152	0.00005
Rhodanobacter denitrificans	666685	S	47	5	52	0.00002
Rhodanobacter sp. FDAARGOS 1247	2778082	S	44	6	50	0.00002
Dokdonella koreensis	323415	S	87	1	88	0.00003
Frateuria aurantia	81475	S	77	4	81	0.00003
Luteibacter rhizovicinus	242606	S	40	2	42	0.00001
Luteibacter pinisoli	2589080	S	35	2	37	0.00001
Ahniella affigens	2021234	S	69	0	69	0.00002
Aerosticca soli	2010829	S	41	6	47	0.00001
Halomonas sp. JS92-SW72	2306583	S	2173	186	2359	0.00074
Halomonas sp. BC-M4-5	2497861	S	62	2	64	0.00002
Halomonas sp. THAF5a	2587844	S	48	2	50	0.00002
Halomonas sp. THAF12	2587849	S	43	7	50	0.00002
Halomonas sp. MCCC 1A13718	2733488	S	40	0	40	0.00001
Halomonas sp. Y2R2	2562282	S	39	0	39	0.00001
Halomonas sp. YLGW01	2773308	S	35	0	35	0.00001
Halomonas sp. HG01	1609967	S	34	1	35	0.00001
Halomonas sp. A40-4	2785909	S	33	1	34	0.00001
Halomonas sp. SF2003	2136172	S	29	33	62	0.00002
Halomonas sp. MCCC 1A13316	2733487	S	25	0	25	0.00001
Halomonas sp. GFAJ-1	1118153	S	22	0	22	0.00001
Halomonas sp. 1513	1883416	S	21	0	21	0.00001
Halomonas sp. SH5A2	2749040	S	15	0	15	0.00000
Halomonas sp. KO116	1504981	S	12	2	14	0.00000
Halomonas sp. PGE1	2730360	S	10	1	11	0.00000
Halomonas sp. N3-2A	2014541	S	9	3	12	0.00000
Halomonas sp. A3H3	1346287	S	4	41	45	0.00001
Halomonas sp. HL-93	1666906	S	2	1	3	0.00000
Halomonas sp. MCCC 1A11059	2733484	S	1	2	3	0.00000
Halomonas sp. GT	1971364	S	1	0	1	0.00000
Halomonas meridiana	29570	S	73	11	84	0.00003
Halomonas socia	1081866	S	58	1	59	0.00002
Halomonas hydrothermalis	115561	S	53	13	66	0.00002
Halomonas aestuarii	1897729	S	52	1	53	0.00002
Halomonas beimenensis	475662	S	50	1	51	0.00002
Halomonas elongata	2746	S	44	0	44	0.00001
Halomonas huangheensis	1178482	S	39	0	39	0.00001
Halomonas campisalis	74661	S	31	88	119	0.00004
Halomonas subglaciescola	29571	S	17	0	17	0.00001
Halomonas piezotolerans	2609667	S	16	1	17	0.00001
Halomonas titanicae	664683	S	15	24	39	0.00001
Halomonas chromatireducens	507626	S	13	0	13	0.00000
Halomonas venusta	44935	S	10	3	13	0.00000
Halomonas alkaliphila	272774	S	7	10	17	0.00001
Zymobacter palmae	33074	S	31	0	31	0.00001
Candidatus Carsonella ruddii	114186	S	8	12	20	0.00001
Candidatus Carsonella ruddii (Diaphorina cf. continua)	2661587	S	2	6	8	0.00000
Candidatus Portiera aleyrodidarum	91844	S	17	1	18	0.00001
Cobetia sp. L2A1	2686360	S	13	0	13	0.00000
Cobetia sp. AM6	2661553	S	5	17	22	0.00001
Cobetia sp. cqz5-12	2609415	S	2	4	6	0.00000
Cobetia pacifica	1055101	S	4	18	22	0.00001
Salinicola tamaricis	1771309	S	45	0	45	0.00001
Pistricoccus aurantiacus	1883414	S	32	0	32	0.00001
Chromohalobacter salexigens	158080	S	27	0	27	0.00001
Kushneria marisflavi	157779	S	11	0	11	0.00000
Kushneria konosiri	698828	S	8	0	8	0.00000
Kushneria phosphatilytica	657387	S	4	0	4	0.00000
Halotalea alkalilenta	376489	S	9	0	9	0.00000
Alcanivorax dieselolei	285091	S	107	23	130	0.00004
Alcanivorax sp. N3-2A	2014542	S	64	16	80	0.00002
Alcanivorax xenomutans	1094342	S	62	18	80	0.00002
Alcanivorax pacificus	1306787	S	49	2	51	0.00002
Alcanivorax borkumensis	59754	S	2	25	27	0.00001
Ketobacter alkanivorans	1917421	S	6	0	6	0.00000
Marinomonas mediterranea	119864	S	11	1	12	0.00000
Marinomonas primoryensis	178399	S	10	2	12	0.00000
Marinomonas algicola	2773454	S	10	0	10	0.00000
Marinomonas sp. FW-1	2071621	S	6	3	9	0.00000
Marinomonas sp. MWYL1	400668	S	1	0	1	0.00000
Marinomonas posidonica	936476	S	7	1	8	0.00000
Marinomonas foliarum	491950	S	4	2	6	0.00000
Marinobacterium georgiense	48076	S	31	2	33	0.00001
Marinobacterium aestuarii	1821621	S	19	0	19	0.00001
Marinobacterium sp. LSUCC0821	2668067	S	10	0	10	0.00000
Neptunomonas japonica	417574	S	20	0	20	0.00001
Neptunomonas phycophila	1572645	S	8	0	8	0.00000
Neptunomonas concharum	1031538	S	2	0	2	0.00000
Bacterioplanes sanyensis	1249553	S	22	0	22	0.00001
Thalassolituus oleivorans	187493	S	15	0	15	0.00000
Amphritea japonica	452627	S	9	0	9	0.00000
Bermanella marisrubri	207949	S	7	0	7	0.00000
Nitrincola sp. KXZD1103	2614693	S	6	0	6	0.00000
Hahella sp. KA22	1628392	S	23	2	25	0.00001
Hahella chejuensis	158327	S	15	1	16	0.00000
Spartinivicinus ruber	2683272	S	2	0	2	0.00000
Saccharospirillum mangrovi	2161747	S	18	0	18	0.00001
Reinekea forsetii	1336806	S	14	0	14	0.00000
Gynuella sunshinyii	1445505	S	6	0	6	0.00000
Litoricola lipolytica	418701	S	35	0	35	0.00001
Kangiella profundi	1561924	S	12	1	13	0.00000
Kangiella geojedonensis	914150	S	9	0	9	0.00000
Kangiella sediminilitoris	1144748	S	3	0	3	0.00000
Kangiella koreensis	261964	S	2	0	2	0.00000
Oleiphilus messinensis	141451	S	22	1	23	0.00001
Endozoicomonas montiporae	1027273	S	14	0	14	0.00000
Marinobacter sp. LQ44	1749259	S	34	45	79	0.00002
Marinobacter sp. NP-4(2019)	2488665	S	34	4	38	0.00001
Marinobacter sp. LPB0319	2769486	S	30	0	30	0.00001
Marinobacter sp. CP1	1671721	S	25	34	59	0.00002
Marinobacter sp. Arc7-DN-1	2304594	S	23	2	25	0.00001
Marinobacter sp. JH2	2547598	S	17	1	18	0.00001
Marinobacter sp. LV10R510-11A	1415568	S	14	0	14	0.00000
Marinobacter sp. BSs20148	490759	S	4	0	4	0.00000
Marinobacter sp. es.042	1761794	S	3	2	5	0.00000
Marinobacter salarius	1420917	S	41	2	43	0.00001
Marinobacter salinus	1874317	S	35	0	35	0.00001
Marinobacter hydrocarbonoclasticus	2743	S	33	3	36	0.00001
Marinobacter fonticola	2603215	S	29	0	29	0.00001
Marinobacter salsuginis	418719	S	8	0	8	0.00000
Marinobacter psychrophilus	330734	S	5	1	6	0.00000
Marinobacter adhaerens	1033846	S	1	0	1	0.00000
Alteromonas sp. RKMC-009	2267264	S	9	0	9	0.00000
Alteromonas sp. BL110	1714845	S	7	1	8	0.00000
Alteromonas sp. 76-1	2358187	S	3	0	3	0.00000
Alteromonas sp. B31-7	2785913	S	2	20	22	0.00001
Alteromonas mediterranea	314275	S	22	3	25	0.00001
Alteromonas macleodii	28108	S	21	4	25	0.00001
Alteromonas pelagimontana	1858656	S	12	0	12	0.00000
Alteromonas australica	589873	S	10	14	24	0.00001
Alteromonas stellipolaris	233316	S	3	15	18	0.00001
Alteromonas addita	287094	S	3	12	15	0.00000
Alteromonas naphthalenivorans	715451	S	3	0	3	0.00000
Paraglaciecola mesophila	197222	S	16	5	21	0.00001
Paraglaciecola sp. L3A3	2686358	S	9	0	9	0.00000
Paraglaciecola sp. L1A13	2686359	S	5	0	5	0.00000
Paraglaciecola psychrophila	326544	S	11	0	11	0.00000
Glaciecola amylolytica	2489595	S	27	0	27	0.00001
Glaciecola nitratireducens	300231	S	3	0	3	0.00000
Catenovulum sp. CCB-QB4	2172099	S	18	0	18	0.00001
Catenovulum sediminis	1740262	S	11	0	11	0.00000
Hydrocarboniclastica marina	2259620	S	25	0	25	0.00001
Salinimonas lutimaris	914153	S	7	0	7	0.00000
Salinimonas sp. G2-b	2785918	S	4	0	4	0.00000
Salinimonas sp. KX18D6	2572577	S	3	0	3	0.00000
Salinimonas sediminis	2303538	S	1	0	1	0.00000
Agarivorans gilvus	680279	S	5	0	5	0.00000
Saliniradius amylolyticus	2183582	S	5	0	5	0.00000
Lacimicrobium alkaliphilum	1526571	S	4	0	4	0.00000
Shewanella sp. WE21	2029986	S	41	9	50	0.00002
Shewanella sp. KX20019	2803864	S	19	0	19	0.00001
Shewanella sp. LZH-2	2806008	S	14	13	27	0.00001
Shewanella sp. FDAARGOS_354	1930557	S	12	43	55	0.00002
Shewanella sp. YLB-06	2593655	S	11	0	11	0.00000
Shewanella sp. FJAT-51800	2814294	S	10	0	10	0.00000
Shewanella sp. ANA-3	94122	S	8	6	14	0.00000
Shewanella sp. FJAT-52962	2814293	S	8	1	9	0.00000
Shewanella sp. Pdp11	2059264	S	8	5	13	0.00000
Shewanella sp. Scap07	2589987	S	8	0	8	0.00000
Shewanella sp. FJAT-53726	2814295	S	7	4	11	0.00000
Shewanella sp. Arc9-LZ	2698686	S	6	1	7	0.00000
Shewanella sp. SNU WT4	2590015	S	5	0	5	0.00000
Shewanella sp. WPAGA9	2775245	S	5	8	13	0.00000
Shewanella sp. LC6	2589790	S	4	9	13	0.00000
Shewanella sp. MEBiC00475	2575361	S	4	5	9	0.00000
Shewanella sp. M2	2487742	S	4	0	4	0.00000
Shewanella sp. MR-4	60480	S	3	2	5	0.00000
Shewanella khirikhana	1965282	S	42	1	43	0.00001
Shewanella violacea	60217	S	32	1	33	0.00001
Shewanella loihica	359303	S	28	1	29	0.00001
Shewanella marisflavi	260364	S	27	1	28	0.00001
Shewanella baltica	62322	S	25	7	32	0.00001
Shewanella algae	38313	S	24	4	28	0.00001
Shewanella putrefaciens	24	S	24	46	70	0.00002
Shewanella amazonensis	60478	S	22	1	23	0.00001
Shewanella pealeana	70864	S	17	0	17	0.00001
Shewanella aestuarii	1028752	S	16	3	19	0.00001
Shewanella benthica	43661	S	15	1	16	0.00000
Shewanella decolorationis	256839	S	14	5	19	0.00001
Shewanella donghaensis	238836	S	13	0	13	0.00000
Shewanella sediminis	271097	S	10	0	10	0.00000
Shewanella litorisediminis	1173586	S	10	0	10	0.00000
Shewanella denitrificans	192073	S	8	0	8	0.00000
Shewanella livingstonensis	150120	S	8	0	8	0.00000
Shewanella woodyi	60961	S	8	0	8	0.00000
Shewanella maritima	2520507	S	7	0	7	0.00000
Shewanella polaris	2588449	S	7	9	16	0.00000
Shewanella frigidimarina	56812	S	6	1	7	0.00000
Shewanella psychrophila	225848	S	4	0	4	0.00000
Shewanella piezotolerans	404011	S	4	0	4	0.00000
Shewanella halifaxensis	271098	S	3	0	3	0.00000
Shewanella japonica	93973	S	2	3	5	0.00000
Shewanella chilikensis	558541	S	2	1	3	0.00000
Parashewanella tropica	2547970	S	11	0	11	0.00000
Parashewanella spongiae	342950	S	1	0	1	0.00000
Pseudoalteromonas sp. SM1988	2744479	S	17	0	17	0.00001
Pseudoalteromonas sp. A25	116092	S	11	0	11	0.00000
Pseudoalteromonas sp. R3	1709477	S	6	0	6	0.00000
Pseudoalteromonas sp. NC201	1514074	S	6	3	9	0.00000
Pseudoalteromonas sp. DL-6	1390185	S	6	4	10	0.00000
Pseudoalteromonas sp. THAF3	2587843	S	4	4	8	0.00000
Pseudoalteromonas sp. GCY	2003316	S	3	1	4	0.00000
Pseudoalteromonas sp. LC2018020214	2799564	S	2	7	9	0.00000
Pseudoalteromonas sp. 16-SW-7	2583375	S	2	8	10	0.00000
Pseudoalteromonas sp. 1_2015MBL_MicDiv	1720343	S	1	2	3	0.00000
Pseudoalteromonas sp. A41-2	2785910	S	1	18	19	0.00001
Pseudoalteromonas rubra	43658	S	32	2	34	0.00001
Pseudoalteromonas tunicata	314281	S	26	1	27	0.00001
Pseudoalteromonas luteoviolacea	43657	S	23	1	24	0.00001
Pseudoalteromonas ulvae	107327	S	20	0	20	0.00001
Pseudoalteromonas undina	43660	S	18	30	48	0.00001
Pseudoalteromonas aliena	247523	S	17	3	20	0.00001
Pseudoalteromonas spongiae	298657	S	15	1	16	0.00000
Pseudoalteromonas piratica	1348114	S	11	1	12	0.00000
Pseudoalteromonas espejiana	28107	S	11	2	13	0.00000
Pseudoalteromonas agarivorans	176102	S	10	25	35	0.00001
Pseudoalteromonas prydzensis	182141	S	9	1	10	0.00000
Pseudoalteromonas piscicida	43662	S	9	2	11	0.00000
Pseudoalteromonas xiamenensis	882626	S	7	0	7	0.00000
Pseudoalteromonas arctica	394751	S	6	4	10	0.00000
Pseudoalteromonas viridis	339617	S	6	0	6	0.00000
Pseudoalteromonas phenolica	161398	S	5	0	5	0.00000
Pseudoalteromonas paragorgicola	166934	S	4	14	18	0.00001
Pseudoalteromonas translucida	166935	S	4	14	18	0.00001
Pseudoalteromonas atlantica	288	S	3	1	4	0.00000
Pseudoalteromonas arabiensis	874454	S	3	0	3	0.00000
Pseudoalteromonas carrageenovora	227	S	3	0	3	0.00000
Pseudoalteromonas shioyasakiensis	1190813	S	2	0	2	0.00000
Pseudoalteromonas tetraodonis	43659	S	1	6	7	0.00000
Pseudoalteromonas issachenkonii	152297	S	1	4	5	0.00000
Psychrosphaera aestuarii	1266052	S	6	3	9	0.00000
Psychrosphaera sp. MTZ26	2820710	S	2	1	3	0.00000
Colwellia sp. PAMC 20917	1816218	S	34	1	35	0.00001
Colwellia sp. Arc7-635	2497879	S	30	5	35	0.00001
Colwellia sp. PAMC 21821	1816219	S	19	5	24	0.00001
Colwellia sp. Arc7-D	2161872	S	13	3	16	0.00000
Colwellia sp. MT41	58049	S	7	0	7	0.00000
Colwellia sp. 20A7	2689569	S	7	0	7	0.00000
Colwellia psychrerythraea	28229	S	21	0	21	0.00001
Colwellia beringensis	1967665	S	12	2	14	0.00000
Thalassotalea sp. HSM 43	2552945	S	21	0	21	0.00001
Thalassotalea sp. PS06	2594005	S	9	0	9	0.00000
Thalassotalea sp. LPB0316	2769490	S	8	0	8	0.00000
Thalassotalea crassostreae	1763536	S	6	0	6	0.00000
Litorilituus sediminis	718192	S	4	0	4	0.00000
Idiomarina andamanensis	1940690	S	27	0	27	0.00001
Idiomarina sp. OT37-5b	2100422	S	9	0	9	0.00000
Idiomarina loihiensis	135577	S	5	-5	0	0.00000
Idiomarina piscisalsi	1096243	S	4	0	4	0.00000
Moritella yayanosii	69539	S	20	4	24	0.00001
Moritella marina	90736	S	13	1	14	0.00000
Psychromonas sp. CNPT3	314282	S	15	1	16	0.00000
Psychromonas ingrahamii	357794	S	6	0	6	0.00000
Ferrimonas balearica	44012	S	10	0	10	0.00000
Ferrimonas lipolytica	2724191	S	6	0	6	0.00000
Thioalkalivibrio sulfidiphilus	1033854	S	39	4	43	0.00001
Thioalkalivibrio sp. K90mix	396595	S	37	3	40	0.00001
Thioalkalivibrio versutus	106634	S	35	3	38	0.00001
Thioalkalivibrio nitratireducens	186931	S	35	14	49	0.00002
Thioalkalivibrio paradoxus	108010	S	12	5	17	0.00001
Acidihalobacter yilgarnenesis	2819280	S	59	1	60	0.00002
Acidihalobacter aeolianus	2792603	S	51	1	52	0.00002
Acidihalobacter ferrooxydans	1765967	S	46	0	46	0.00001
Alkalilimnicola ehrlichii	351052	S	92	5	97	0.00003
Aquisalimonas sp. 2447	2740807	S	89	2	91	0.00003
Ectothiorhodospira sp. BSL-9	1442136	S	48	3	51	0.00002
Ectothiorhodospira haloalkaliphila	421628	S	37	2	39	0.00001
Halorhodospira halophila	1053	S	51	1	52	0.00002
Halorhodospira halochloris	1052	S	7	0	7	0.00000
Spiribacter curvatus	1335757	S	30	0	30	0.00001
Spiribacter sp. 2438	2666185	S	15	0	15	0.00000
Spiribacter salinus	1335746	S	12	0	12	0.00000
Candidatus Thiodictyon syntrophicum	1166950	S	137	2	139	0.00004
Rheinheimera sp. LHK132	2498451	S	57	1	58	0.00002
Rheinheimera sp. F8	1763998	S	45	0	45	0.00001
Rheinheimera sp. D18	2545632	S	21	2	23	0.00001
Thiocystis violascens	73141	S	77	1	78	0.00002
Thioflavicoccus mobilis	80679	S	66	1	67	0.00002
Nitrosococcus wardiae	1814290	S	19	0	19	0.00001
Nitrosococcus watsonii	473531	S	15	1	16	0.00000
Nitrosococcus oceani	1229	S	8	0	8	0.00000
Nitrosococcus halophilus	133539	S	7	0	7	0.00000
Allochromatium vinosum	1049	S	29	1	30	0.00001
Marichromatium purpuratum	37487	S	27	1	28	0.00001
Thermochromatium tepidum	1050	S	22	0	22	0.00001
Caldichromatium japonicum	2699430	S	13	0	13	0.00000
Candidatus Nitrosoglobus terrae	1630141	S	11	0	11	0.00000
Candidatus Nitrosacidococcus tergens	553981	S	11	0	11	0.00000
Halothiobacillus sp. LS2	1860122	S	61	1	62	0.00002
Halothiobacillus neapolitanus	927	S	47	1	48	0.00001
Sulfurivermis fontis	1972068	S	102	5	107	0.00003
Wenzhouxiangella marina	1579979	S	41	0	41	0.00001
Wenzhouxiangella sp. AB-CW3	2771012	S	30	0	30	0.00001
Thiohalobacter thiocyanaticus	585455	S	30	28	58	0.00002
Thiohalobacter sp. COW1	2795687	S	7	5	12	0.00000
Guyparkeria halophila	47960	S	59	3	62	0.00002
Granulosicoccus antarcticus	437505	S	23	0	23	0.00001
Sulfuriflexus mobilis	1811807	S	18	0	18	0.00001
Woeseia oceani	1548547	S	15	0	15	0.00000
Vibrio anguillarum	55601	S	592	19	611	0.00019
Vibrio parahaemolyticus	670	S	26	6	32	0.00001
Vibrio campbellii	680	S	22	3	25	0.00001
Vibrio azureus	512649	S	17	0	17	0.00001
Vibrio harveyi	669	S	14	2	16	0.00000
Vibrio rotiferianus	190895	S	12	1	13	0.00000
Vibrio alginolyticus	663	S	11	5	16	0.00000
Vibrio diabolicus	50719	S	8	1	9	0.00000
Vibrio antiquarius	150340	S	2	0	2	0.00000
Vibrio owensii	696485	S	9	1	10	0.00000
Vibrio natriegens	691	S	3	0	3	0.00000
Vibrio sp. SM1977	2662262	S	38	0	38	0.00001
Vibrio sp. HDW18	2714948	S	12	0	12	0.00000
Vibrio sp. THAF190c	2587865	S	11	0	11	0.00000
Vibrio sp. Sal10	2777577	S	9	2	11	0.00000
Vibrio sp. ZWAL4003	2711221	S	2	0	2	0.00000
Vibrio sp. EJY3	1116375	S	1	6	7	0.00000
Vibrio sp. Scap24	2589990	S	1	0	1	0.00000
Vibrio vulnificus	672	S	70	2	72	0.00002
Vibrio furnissii	29494	S	45	1	46	0.00001
Vibrio cholerae	666	S	35	184	219	0.00007
Vibrio mimicus	674	S	34	1	35	0.00001
Vibrio nigripulchritudo	28173	S	30	0	30	0.00001
Vibrio fluvialis	676	S	24	0	24	0.00001
Vibrio mediterranei	689	S	23	0	23	0.00001
Vibrio europaeus	300876	S	14	1	15	0.00000
Vibrio tubiashii	29498	S	2	0	2	0.00000
Vibrio tapetis	52443	S	17	0	17	0.00001
Vibrio coralliilyticus	190893	S	15	1	16	0.00000
Vibrio metschnikovii	28172	S	14	0	14	0.00000
Vibrio metoecus	1481663	S	14	0	14	0.00000
Vibrio tritonius	1435069	S	13	0	13	0.00000
Vibrio spartinae	1918945	S	12	0	12	0.00000
Vibrio gazogenes	687	S	9	0	9	0.00000
Vibrio taketomensis	2572923	S	9	0	9	0.00000
Vibrio breoganii	553239	S	9	0	9	0.00000
Vibrio navarrensis	29495	S	9	0	9	0.00000
Vibrio rumoiensis	76258	S	9	0	9	0.00000
Vibrio kanaloae	170673	S	9	0	9	0.00000
Vibrio astriarenae	1481923	S	8	0	8	0.00000
Vibrio splendidus	29497	S	8	0	8	0.00000
Vibrio hyugaensis	1534743	S	8	0	8	0.00000
Vibrio casei	673372	S	8	0	8	0.00000
Vibrio crassostreae	246167	S	7	0	7	0.00000
Vibrio cidicii	1763883	S	7	0	7	0.00000
Vibrio scophthalmi	45658	S	7	0	7	0.00000
Vibrio cyclitrophicus	47951	S	6	0	6	0.00000
Vibrio aphrogenes	1891186	S	5	0	5	0.00000
Vibrio panuliri	1381081	S	3	0	3	0.00000
Vibrio cincinnatiensis	675	S	3	0	3	0.00000
Vibrio neocaledonicus	1208308	S	2	2	4	0.00000
Vibrio chagasii	170679	S	2	0	2	0.00000
Vibrio ponticus	265668	S	2	0	2	0.00000
Vibrio alfacsensis	1074311	S	1	0	1	0.00000
Vibrio qinghaiensis	2025808	S	1	0	1	0.00000
Vibrio zhugei	2479546	S	1	0	1	0.00000
Vibrio aquimaris	2587862	S	1	0	1	0.00000
Photobacterium damselae	38293	S	31	4	35	0.00001
Photobacterium profundum	74109	S	17	0	17	0.00001
Photobacterium ganghwense	320778	S	11	1	12	0.00000
Photobacterium gaetbulicola	1295392	S	2	0	2	0.00000
Aliivibrio fischeri	668	S	28	4	32	0.00001
Aliivibrio salmonicida	40269	S	4	0	4	0.00000
Paraphotobacterium marinum	1755811	S	30	0	30	0.00001
Salinivibrio kushneri	1908198	S	7	0	7	0.00000
Salinivibrio costicola	51367	S	2	12	14	0.00000
Grimontia hollisae	673	S	10	0	10	0.00000
Candidatus Enterovibrio luxaltus	1927128	S	3	0	3	0.00000
Aeromonas dhakensis	196024	S	255	90	345	0.00011
Aeromonas veronii	654	S	143	25	168	0.00005
Aeromonas salmonicida	645	S	85	44	129	0.00004
Aeromonas sp. CU5	2033033	S	27	2	29	0.00001
Aeromonas sp. ASNIH4	1636609	S	13	13	26	0.00001
Aeromonas sp. ASNIH3	1636608	S	10	109	119	0.00004
Aeromonas sp. ASNIH2	1636607	S	9	21	30	0.00001
Aeromonas sp. 2692-1	2560029	S	8	12	20	0.00001
Aeromonas sp. CA23	2033032	S	5	0	5	0.00000
Aeromonas sp. ASNIH5	1758179	S	3	7	10	0.00000
Aeromonas sp. 1805	2560028	S	2	1	3	0.00000
Aeromonas sp. ASNIH1	1636606	S	1	3	4	0.00000
Aeromonas hydrophila	644	S	65	33	98	0.00003
Aeromonas caviae	648	S	58	89	147	0.00005
Aeromonas simiae	218936	S	32	3	35	0.00001
Aeromonas media	651	S	28	7	35	0.00001
Aeromonas schubertii	652	S	28	0	28	0.00001
Aeromonas encheleia	73010	S	14	0	14	0.00000
Aeromonas rivipollensis	948519	S	9	5	14	0.00000
Aeromonas allosaccharophila	656	S	8	3	11	0.00000
Aeromonas jandaei	650	S	8	2	10	0.00000
Zobellella denitrificans	347534	S	37	0	37	0.00001
Dongshaea marina	2047966	S	32	0	32	0.00001
Oceanimonas sp. GK1	511062	S	28	0	28	0.00001
Oceanisphaera avium	1903694	S	14	0	14	0.00000
Oceanisphaera profunda	1416627	S	8	0	8	0.00000
Tolumonas auensis	43948	S	10	0	10	0.00000
Succinivibrio dextrinosolvens	83771	S	12	0	12	0.00000
Haemophilus influenzae	727	S	102	41	143	0.00004
Haemophilus parainfluenzae	729	S	101	5	106	0.00003
Haemophilus haemolyticus	726	S	20	3	23	0.00001
[Haemophilus] ducreyi	730	S	20	1	21	0.00001
Haemophilus parahaemolyticus	735	S	6	0	6	0.00000
Haemophilus pittmaniae	249188	S	5	0	5	0.00000
Haemophilus sp. oral taxon 036	712310	S	5	1	6	0.00000
Pasteurella multocida	747	S	206	74	280	0.00009
Pasteurella skyensis	97481	S	2	0	2	0.00000
Pasteurella dagmatis	754	S	1	6	7	0.00000
Actinobacillus pleuropneumoniae	715	S	98	18	116	0.00004
Actinobacillus succinogenes	67854	S	16	0	16	0.00000
Actinobacillus sp. GY-402	2774188	S	14	1	15	0.00000
Actinobacillus indolicus	51049	S	9	1	10	0.00000
Actinobacillus porcitonsillarum	189834	S	8	0	8	0.00000
Actinobacillus equuli	718	S	6	0	6	0.00000
Actinobacillus lignieresii	720	S	3	0	3	0.00000
Actinobacillus suis	716	S	2	0	2	0.00000
Actinobacillus delphinicola	51161	S	1	0	1	0.00000
Mannheimia pernigra	111844	S	51	25	76	0.00002
Mannheimia varigena	85404	S	32	2	34	0.00001
Mannheimia sp. USDA-ARS-USMARC-1261	1432056	S	15	1	16	0.00000
Mannheimia haemolytica	75985	S	12	6	18	0.00001
Mannheimia granulomatis	85402	S	10	0	10	0.00000
Mannheimia bovis	2770636	S	5	0	5	0.00000
Mannheimia ovis	2679994	S	1	0	1	0.00000
Aggregatibacter actinomycetemcomitans	714	S	17	1	18	0.00001
Aggregatibacter aphrophilus	732	S	6	1	7	0.00000
Aggregatibacter segnis	739	S	4	1	5	0.00000
Bibersteinia trehalosi	47735	S	22	625	647	0.00020
Glaesserella parasuis	738	S	14	0	14	0.00000
Glaesserella sp. 15-184	2030797	S	3	0	3	0.00000
Histophilus somni	731	S	12	0	12	0.00000
Avibacterium paragallinarum	728	S	12	0	12	0.00000
Bisgaardia hudsonensis	109472	S	12	0	12	0.00000
Gallibacterium anatis	750	S	10	0	10	0.00000
Rodentibacter sp. DSM 111151	2778911	S	6	0	6	0.00000
Rodentibacter heylii	1906744	S	4	0	4	0.00000
Otariodibacter oris	1032623	S	8	0	8	0.00000
[Mannheimia] succiniciproducens	157673	S	3	2	5	0.00000
Frederiksenia canicola	123824	S	5	0	5	0.00000
Vespertiliibacter pulmonis	1443036	S	2	0	2	0.00000
Cellvibrio sp. PSBB023	1945512	S	26	1	27	0.00001
Cellvibrio sp. KY-GH-1	2303332	S	25	1	26	0.00001
Cellvibrio sp. PSBB006	1987723	S	18	0	18	0.00001
Cellvibrio sp. KY-YJ-3	454662	S	14	1	15	0.00000
Cellvibrio japonicus	155077	S	22	0	22	0.00001
Teredinibacter turnerae	2426	S	44	0	44	0.00001
Teredinibacter purpureus	2731756	S	26	0	26	0.00001
Teredinibacter haidensis	2731755	S	3	0	3	0.00000
Agarilytica rhodophyticola	1737490	S	37	0	37	0.00001
Simiduia agarivorans	447471	S	11	0	11	0.00000
Saccharophagus degradans	86304	S	5	0	5	0.00000
Halioglobus pacificus	930806	S	31	0	31	0.00001
Halioglobus japonicus	930805	S	30	2	32	0.00001
Halioglobus maricola	2601894	S	19	1	20	0.00001
Kineobactrum salinum	2708301	S	66	0	66	0.00002
Congregibacter litoralis	393662	S	44	4	48	0.00001
Microbulbifer sp. SH-1	2681547	S	32	2	34	0.00001
Microbulbifer sp. ALW1	1516059	S	29	2	31	0.00001
Microbulbifer sp. YPW1	2745199	S	17	1	18	0.00001
Microbulbifer sp. THAF38	2587856	S	12	1	13	0.00000
Microbulbifer sp. A4B17	359370	S	9	1	10	0.00000
Microbulbifer sp. GL-2	2591606	S	8	0	8	0.00000
Microbulbifer thermotolerans	252514	S	33	0	33	0.00001
Microbulbifer aggregans	1769779	S	20	0	20	0.00001
Microbulbifer hydrolyticus	48074	S	10	0	10	0.00000
Microbulbifer agarilyticus	260552	S	9	0	9	0.00000
Spongiibacter sp. IMCC21906	1620392	S	36	1	37	0.00001
Spongiibacter sp. CSC3.9	2794344	S	33	0	33	0.00001
Zhongshania aliphaticivorans	1470434	S	22	0	22	0.00001
Oceanicoccus sagamiensis	716816	S	10	0	10	0.00000
Methylomonas sp. LL1	2785785	S	37	0	37	0.00001
Methylomonas sp. DH-1	1727196	S	19	18	37	0.00001
Methylomonas sp. LW13	107637	S	18	6	24	0.00001
Methylomonas sp. EFPC1	2812647	S	16	5	21	0.00001
Methylomonas methanica	421	S	37	0	37	0.00001
Methylomonas denitrificans	1538553	S	37	0	37	0.00001
Methylomonas rhizoryzae	2608981	S	29	0	29	0.00001
Methylomonas koyamae	702114	S	10	10	20	0.00001
Methylococcus sp. EFPC2	2812648	S	86	0	86	0.00003
Methylococcus sp. IM1	2681310	S	65	2	67	0.00002
Methylococcus capsulatus	414	S	44	1	45	0.00001
Methylocaldum marinum	1432792	S	66	0	66	0.00002
Methylomicrobium album	39775	S	51	0	51	0.00002
Methylomicrobium sp. wino1	2049332	S	13	3	16	0.00000
Candidatus Methylospira mobilis	1808979	S	49	0	49	0.00002
Methylovulum psychrotolerans	1704499	S	18	0	18	0.00001
Methylotuvimicrobium alcaliphilum	271065	S	15	3	18	0.00001
Methylotuvimicrobium buryatense	95641	S	1	0	1	0.00000
Thiomicrorhabdus aquaedulcis	2211106	S	38	0	38	0.00001
Thiomicrorhabdus sediminis	2580412	S	14	0	14	0.00000
Thiomicrorhabdus xiamenensis	2739063	S	3	0	3	0.00000
Thiomicrorhabdus indica	2267253	S	2	0	2	0.00000
Hydrogenovibrio thermophilus	265883	S	29	13	42	0.00001
Hydrogenovibrio marinus	28885	S	14	0	14	0.00000
Hydrogenovibrio crunogenus	39765	S	13	0	13	0.00000
Piscirickettsia salmonis	1238	S	44	0	44	0.00001
Thiomicrospira cyclica	147268	S	11	0	11	0.00000
Thiomicrospira sp. S5	1803865	S	9	4	13	0.00000
Thiomicrospira aerophila	92245	S	1	0	1	0.00000
Methylophaga frappieri	754477	S	17	0	17	0.00001
Methylophaga nitratireducenticrescens	754476	S	4	0	4	0.00000
Thiosulfativibrio zosterae	2675053	S	19	0	19	0.00001
Cycloclasticus sp. PY97N	728003	S	2	16	18	0.00001
Thiosulfatimonas sediminis	2675054	S	8	0	8	0.00000
Francisella uliginis	573570	S	26	2	28	0.00001
Francisella sp. LA112445	1395624	S	8	1	9	0.00000
Francisella sp. Scap27	2589986	S	6	4	10	0.00000
Francisella sp. FSC1006	1547445	S	5	0	5	0.00000
Francisella frigiditurris	1542390	S	16	0	16	0.00000
Francisella philomiragia	28110	S	13	15	28	0.00001
Francisella tularensis	263	S	12	9	21	0.00001
Francisella orientalis	299583	S	8	7	15	0.00000
Francisella halioticida	549298	S	7	0	7	0.00000
Francisella hispaniensis	622488	S	7	1	8	0.00000
Francisella persica	954	S	5	0	5	0.00000
Francisella noatunensis	657445	S	3	4	7	0.00000
Francisella adeliensis	2007306	S	2	1	3	0.00000
Allofrancisella guangzhouensis	594679	S	10	2	12	0.00000
Allofrancisella frigidaquae	1085644	S	6	4	10	0.00000
Thiothrix sp.	1032	S	62	8	70	0.00002
Thiothrix sp. Ku-5	2735563	S	15	1	16	0.00000
Thiothrix unzii	111769	S	19	5	24	0.00001
Beggiatoa leptomitoformis	288004	S	30	0	30	0.00001
Legionella pneumophila	446	S	74	19	93	0.00003
Legionella sp. TUM19329	2708020	S	20	0	20	0.00001
Legionella sp. PC997	2755562	S	14	2	16	0.00000
Legionella sp. MW5194	2662448	S	8	1	9	0.00000
Legionella sp. PC1000	2746060	S	7	0	7	0.00000
Legionella oakridgensis	29423	S	37	1	38	0.00001
Legionella fallonii	96230	S	31	0	31	0.00001
Legionella waltersii	66969	S	28	2	30	0.00001
Legionella geestiana	45065	S	27	0	27	0.00001
Legionella sainthelensi	28087	S	26	2	28	0.00001
Legionella hackeliae	449	S	23	3	26	0.00001
Legionella adelaidensis	45056	S	17	0	17	0.00001
Legionella longbeachae	450	S	16	1	17	0.00001
Legionella spiritensis	452	S	15	0	15	0.00000
Legionella anisa	28082	S	13	1	14	0.00000
Legionella clemsonensis	1867846	S	13	1	14	0.00000
Legionella lansingensis	45067	S	12	0	12	0.00000
Legionella cherrii	28084	S	10	0	10	0.00000
Legionella endosymbiont of Polyplax serrata	2005262	S	10	0	10	0.00000
Legionella israelensis	454	S	7	0	7	0.00000
Legionella jordanis	456	S	6	0	6	0.00000
Fluoribacter dumoffii	463	S	19	2	21	0.00001
Tatlockia micdadei	451	S	7	0	7	0.00000
Coxiella burnetii	777	S	22	3	25	0.00001
Candidatus Coxiella mudrowiae	2054173	S	12	0	12	0.00000
Coxiella endosymbiont of Amblyomma sculptum	2487929	S	4	0	4	0.00000
Aquicella siphonis	254247	S	15	1	16	0.00000
Aquicella lusitana	254246	S	12	0	12	0.00000
Candidatus Rickettsiella viridis	676208	S	27	0	27	0.00001
Solimonas sp. K1W22B-7	2303331	S	228	2	230	0.00007
Sinimarinibacterium sp. NLF-5-8	2698684	S	148	5	153	0.00005
Steroidobacter denitrificans	465721	S	34	0	34	0.00001
Bathymodiolus thermophilus thioautotrophic gill symbiont	2360	S	24	0	24	0.00001
Bathymodiolus septemdierum thioautotrophic gill symbiont	113267	S	9	0	9	0.00000
Candidatus Vesicomyosocius sp. SY067_SCS001	2732590	S	3	4	7	0.00000
Candidatus Ruthia magnifica	386487	S	6	0	6	0.00000
Sedimenticola thiotaurini	1543721	S	38	0	38	0.00001
Candidatus Nardonella dryophthoridicola	1971485	S	18	2	20	0.00001
endosymbiont of Pachyrhynchus infernalis	1971488	S	8	0	8	0.00000
endosymbiont of Sipalinus gigas	1972134	S	6	0	6	0.00000
Gallaecimonas mangrovi	2291597	S	33	0	33	0.00001
Candidatus Thioglobus autotrophicus	1705394	S	18	0	18	0.00001
Candidatus Thioglobus singularis	1427364	S	7	0	7	0.00000
Candidatus Thioglobus sp. NP1	2508687	S	6	0	6	0.00000
Candidatus Reidiella endopervernicosa	2738883	S	20	0	20	0.00001
Thiolapillus brandeum	1076588	S	17	0	17	0.00001
Pseudohongiella spirulinae	1249552	S	13	0	13	0.00000
Candidatus Azoamicus ciliaticola	2652803	S	11	0	11	0.00000
Sulfuricaulis limicola	1620215	S	36	0	36	0.00001
Sulfurifustis variabilis	1675686	S	30	0	30	0.00001
Acidiferrobacter sp. SPIII_3	1281578	S	23	0	23	0.00001
Immundisolibacter cernigliae	1810504	S	88	0	88	0.00003
Gilliamella apicola	1196095	S	25	0	25	0.00001
Orbus sp. IPMB12	1635327	S	13	0	13	0.00000
Frischella perrara	1267021	S	8	0	8	0.00000
endosymbiont of unidentified scaly snail isolate Monju	1248727	S	35	0	35	0.00001
Cardiobacterium hominis	2718	S	26	0	26	0.00001
Dichelobacter nodosus	870	S	8	0	8	0.00000
Salinisphaera sp. LB1	2183911	S	34	0	34	0.00001
Bradyrhizobium sp. CCBAU 051011	858422	S	392	58	450	0.00014
Bradyrhizobium sp. CCBAU 51765	1325102	S	353	110	463	0.00014
Bradyrhizobium sp. BTAi1	288000	S	167	23	190	0.00006
Bradyrhizobium sp. CCBAU 51753	1325100	S	165	31	196	0.00006
Bradyrhizobium sp. CCBAU 53421	1325120	S	156	44	200	0.00006
Bradyrhizobium sp. SK17	2057741	S	155	63	218	0.00007
Bradyrhizobium sp. 6(2017)	1197460	S	137	29	166	0.00005
Bradyrhizobium sp. PSBB068	2715960	S	133	38	171	0.00005
Bradyrhizobium sp. 1(2017)	1404888	S	112	29	141	0.00004
Bradyrhizobium sp. ORS 285	115808	S	111	21	132	0.00004
Bradyrhizobium sp. CCBAU 53338	1325111	S	83	60	143	0.00004
Bradyrhizobium sp. ORS 278	114615	S	77	15	92	0.00003
Bradyrhizobium sp. CCBAU 53351	1325114	S	69	55	124	0.00004
Bradyrhizobium sp. CCGE-LA001	1223566	S	64	14	78	0.00002
Bradyrhizobium sp. CCBAU 53340	1325112	S	61	41	102	0.00003
Bradyrhizobium sp.	376	S	58	133	191	0.00006
Bradyrhizobium sp. WSM471	319017	S	33	123	156	0.00005
Bradyrhizobium sp. LCT2	2493093	S	16	55	71	0.00002
Bradyrhizobium sp. SG09	2599805	S	14	143	157	0.00005
Bradyrhizobium sp. TM102	2599819	S	6	59	65	0.00002
Bradyrhizobium sp. 323S2	1404649	S	2	3	5	0.00000
Bradyrhizobium erythrophlei	1437360	S	523	32	555	0.00017
Bradyrhizobium icense	1274631	S	389	47	436	0.00014
Bradyrhizobium paxllaeri	190148	S	379	58	437	0.00014
Bradyrhizobium diazoefficiens	1355477	S	307	453	760	0.00024
Bradyrhizobium lablabi	722472	S	195	352	547	0.00017
Bradyrhizobium betae	244734	S	145	92	237	0.00007
Bradyrhizobium genosp. L	83637	S	144	21	165	0.00005
Bradyrhizobium canariense	255045	S	142	8	150	0.00005
Bradyrhizobium symbiodeficiens	1404367	S	137	41	178	0.00006
Bradyrhizobium oligotrophicum	44255	S	115	14	129	0.00004
Bradyrhizobium guangdongense	1325090	S	109	96	205	0.00006
Bradyrhizobium arachidis	858423	S	99	29	128	0.00004
Bradyrhizobium cosmicum	1404864	S	82	21	103	0.00003
Bradyrhizobium zhanjiangense	1325107	S	77	12	89	0.00003
Bradyrhizobium genosp. B	83627	S	77	12	89	0.00003
Bradyrhizobium japonicum	375	S	70	58	128	0.00004
Bradyrhizobium guangxiense	1325115	S	69	48	117	0.00004
Bradyrhizobium vignae	1549949	S	59	10	69	0.00002
Bradyrhizobium guangzhouense	1325095	S	54	37	91	0.00003
Bradyrhizobium ottawaense	931866	S	29	242	271	0.00008
Bradyrhizobium amphicarpaeae	1404768	S	21	7	28	0.00001
Bradyrhizobium elkanii	29448	S	7	247	254	0.00008
Bosea sp. ANAM02	2020412	S	359	110	469	0.00015
Bosea sp. RAC05	1842539	S	347	86	433	0.00014
Bosea sp. Tri-49	1867715	S	152	25	177	0.00006
Bosea sp. PAMC 26642	1792307	S	141	23	164	0.00005
Bosea sp. AS-1	2015316	S	129	36	165	0.00005
Bosea sp. F3-2	2599640	S	124	34	158	0.00005
Bosea vaviloviae	1526658	S	143	26	169	0.00005
Rhodopseudomonas palustris	1076	S	795	200	995	0.00031
Tardiphaga robiniae	943830	S	279	34	313	0.00010
Tardiphaga sp. vice154	2592814	S	5	114	119	0.00004
Tardiphaga sp. vice304	2592817	S	2	54	56	0.00002
Tardiphaga sp. vice278	2592815	S	1	35	36	0.00001
Variibacter gotjawalensis	1333996	S	253	12	265	0.00008
Afipia sp. GAS231	1882747	S	116	117	233	0.00007
Afipia carboxidovorans	40137	S	105	-105	0	0.00000
Nitrobacter hamburgensis	912	S	67	9	76	0.00002
Nitrobacter winogradskyi	913	S	61	10	71	0.00002
Rhizobium sp. 11515TR	2028343	S	45	3	48	0.00001
Rhizobium sp. WL3	2603277	S	42	4	46	0.00001
Rhizobium sp. ACO-34A	1571470	S	37	4	41	0.00001
Rhizobium sp. ADMK78	1813451	S	30	2	32	0.00001
Rhizobium sp. BG4	2613770	S	29	2	31	0.00001
Rhizobium sp. NLR16a	2731112	S	27	9	36	0.00001
Rhizobium sp. NZLR1	2731096	S	24	5	29	0.00001
Rhizobium sp. CIAT894	2020312	S	20	6	26	0.00001
Rhizobium sp. NXC14	1981173	S	19	6	25	0.00001
Rhizobium sp. NXC24	2048897	S	18	1	19	0.00001
Rhizobium sp. ZX09	2291939	S	11	40	51	0.00002
Rhizobium sp. Kim5	2020311	S	9	21	30	0.00001
Rhizobium sp. 007	2785056	S	6	5	11	0.00000
Rhizobium sp. IE4771	1301032	S	5	11	16	0.00000
Rhizobium sp. TCK	136098	S	5	8	13	0.00000
Rhizobium sp. Khangiran2	1435607	S	5	5	10	0.00000
Rhizobium sp. TAL182	2020313	S	2	6	8	0.00000
Rhizobium sp. NIBRBAC000502774	2590777	S	2	2	4	0.00000
Rhizobium sp. S41	1869170	S	1	10	11	0.00000
Rhizobium sp. Y9	1914541	S	1	4	5	0.00000
Rhizobium sp. N113	1703960	S	1	212	213	0.00007
Rhizobium sp. CCGE531	2364271	S	1	68	69	0.00002
Rhizobium leguminosarum	384	S	188	82	270	0.00008
Rhizobium pusense	648995	S	109	346	455	0.00014
Rhizobium etli	29449	S	63	21	84	0.00003
Rhizobium rosettiformans	1368430	S	61	35	96	0.00003
Rhizobium tropici	398	S	51	18	69	0.00002
Rhizobium rhizoryzae	451876	S	47	5	52	0.00002
Rhizobium favelukesii	348824	S	45	10	55	0.00002
Rhizobium phaseoli	396	S	43	57	100	0.00003
Rhizobium pseudoryzae	379684	S	43	6	49	0.00002
Rhizobium lusitanum	293958	S	41	2	43	0.00001
Rhizobium oryzihabitans	2267833	S	40	41	81	0.00003
Rhizobium daejeonense	240521	S	35	18	53	0.00002
Rhizobium gallicum	56730	S	32	9	41	0.00001
Rhizobium lentis	1138194	S	28	5	33	0.00001
Rhizobium binae	1138190	S	24	5	29	0.00001
Rhizobium flavum	1335061	S	22	11	33	0.00001
Rhizobium jaguaris	1312183	S	20	1	21	0.00001
Rhizobium bangladeshense	1138189	S	16	2	18	0.00001
Rhizobium acidisoli	1538158	S	14	6	20	0.00001
Rhizobium indicum	2583231	S	12	6	18	0.00001
Rhizobium hidalgonense	1538159	S	5	8	13	0.00000
Rhizobium ruizarguesonis	2081791	S	2	6	8	0.00000
Agrobacterium tumefaciens	358	S	233	159	392	0.00012
Agrobacterium fabacearum	1183401	S	20	39	59	0.00002
Agrobacterium fabrum	1176649	S	11	10	21	0.00001
Agrobacterium sp. MA01	2664893	S	34	17	51	0.00002
Agrobacterium sp. T29	2580515	S	15	6	21	0.00001
Agrobacterium sp. RAC06	1842536	S	13	6	19	0.00001
Agrobacterium sp. CGMCC 11546	2579248	S	13	19	32	0.00001
Agrobacterium sp. 33MFTa1.1	1279031	S	2	10	12	0.00000
Agrobacterium vitis	373	S	88	7	95	0.00003
Agrobacterium rhizogenes	359	S	31	28	59	0.00002
Agrobacterium rubi	28099	S	31	5	36	0.00001
Agrobacterium larrymoorei	160699	S	30	3	33	0.00001
Neorhizobium sp. SOG26	2060726	S	58	6	64	0.00002
Neorhizobium sp. NCHU2750	1825976	S	51	7	58	0.00002
Neorhizobium galegae	399	S	62	3	65	0.00002
Pseudorhizobium banfieldiae	1125847	S	24	35	59	0.00002
Sinorhizobium fredii	380	S	137	93	230	0.00007
Sinorhizobium meliloti	382	S	125	31	156	0.00005
Sinorhizobium sp. RAC02	1842534	S	47	6	53	0.00002
Sinorhizobium sp. BG8	2613773	S	37	4	41	0.00001
Sinorhizobium sp. M14	430451	S	1	4	5	0.00000
Sinorhizobium americanum	194963	S	55	9	64	0.00002
Sinorhizobium medicae	110321	S	45	6	51	0.00002
Ensifer adhaerens	106592	S	75	19	94	0.00003
Ensifer sp. PDNC004	2811423	S	56	19	75	0.00002
Ensifer alkalisoli	1752398	S	40	7	47	0.00001
Ensifer mexicanus	375549	S	20	1	21	0.00001
Ensifer sojae	716925	S	17	14	31	0.00001
Shinella sp. HZN7	879274	S	80	46	126	0.00004
Shinella sp. PSBB067	2715959	S	67	40	107	0.00003
Kaistia sp. 32K	2795690	S	84	14	98	0.00003
Ciceribacter thiooxidans	1969821	S	65	7	72	0.00002
Candidatus Liberibacter americanus	309868	S	19	0	19	0.00001
Liberibacter crescens	1273132	S	19	1	20	0.00001
Candidatus Liberibacter africanus	34020	S	11	0	11	0.00000
Candidatus Liberibacter solanacearum	556287	S	9	0	9	0.00000
Candidatus Liberibacter asiaticus	34021	S	3	61	64	0.00002
Georhizobium profundi	2341112	S	52	13	65	0.00002
Methylobacterium sp. 17Sr1-43	2202828	S	213	28	241	0.00008
Methylobacterium sp. 4-46	426117	S	179	16	195	0.00006
Methylobacterium sp. WL1	2603276	S	176	17	193	0.00006
Methylobacterium sp. DM1	2067957	S	77	121	198	0.00006
Methylobacterium sp. 17Sr1-1	2202826	S	54	13	67	0.00002
Methylobacterium sp. AMS5	925818	S	48	26	74	0.00002
Methylobacterium sp. XJLW	739141	S	33	307	340	0.00011
Methylobacterium sp. C1	1479019	S	27	90	117	0.00004
Methylobacterium aquaticum	270351	S	221	50	271	0.00008
Methylobacterium brachiatum	269660	S	176	50	226	0.00007
Methylobacterium durans	2202825	S	156	13	169	0.00005
Methylobacterium nodulans	114616	S	122	6	128	0.00004
Methylobacterium currus	2051553	S	100	29	129	0.00004
Methylobacterium mesophilicum	39956	S	94	8	102	0.00003
Methylobacterium indicum	1775910	S	84	22	106	0.00003
Methylobacterium terrae	2202827	S	65	15	80	0.00002
Methylobacterium phyllosphaerae	418223	S	49	108	157	0.00005
Methylobacterium radiotolerans	31998	S	26	54	80	0.00002
Methylobacterium oryzae	334852	S	8	79	87	0.00003
Methylorubrum populi	223967	S	352	145	497	0.00016
Methylorubrum extorquens	408	S	347	302	649	0.00020
Methylorubrum zatmanii	29429	S	17	75	92	0.00003
Microvirga sp. VF16	2807101	S	58	6	64	0.00002
Microvirga sp. 17 mud 1-3	2082949	S	33	5	38	0.00001
Microvirga ossetica	1882682	S	90	12	102	0.00003
Microvirga thermotolerans	2651334	S	63	13	76	0.00002
Mesorhizobium sp. Pch-S	2082387	S	226	21	247	0.00008
Mesorhizobium sp. DCY119	2108445	S	75	12	87	0.00003
Mesorhizobium sp. N3	675281	S	70	11	81	0.00003
Mesorhizobium sp. M4B.F.Ca.ET.058.02.1.1	2493675	S	69	23	92	0.00003
Mesorhizobium sp. INR15	2654248	S	55	4	59	0.00002
Mesorhizobium sp. 8	2584466	S	51	7	58	0.00002
Mesorhizobium sp. J8	2777475	S	44	8	52	0.00002
Mesorhizobium sp. M9A.F.Ca.ET.002.03.1.2	2493668	S	42	17	59	0.00002
Mesorhizobium sp. M1B.F.Ca.ET.045.04.1.1	2493673	S	41	11	52	0.00002
Mesorhizobium sp. L-8-3	2744522	S	41	110	151	0.00005
Mesorhizobium sp. M1E.F.Ca.ET.045.02.1.1	2493672	S	40	16	56	0.00002
Mesorhizobium sp. M3A.F.Ca.ET.080.04.2.1	2493676	S	37	9	46	0.00001
Mesorhizobium sp. NBSH29	2654249	S	34	1	35	0.00001
Mesorhizobium sp. 131-2-1	2744518	S	31	14	45	0.00001
Mesorhizobium sp. NZP2298	2483403	S	31	18	49	0.00002
Mesorhizobium sp. M8A.F.Ca.ET.057.01.1.1	2493679	S	29	8	37	0.00001
Mesorhizobium sp. M1D.F.Ca.ET.043.01.1.1	2493669	S	27	13	40	0.00001
Mesorhizobium sp. M1A.F.Ca.IN.022.06.1.1	2493680	S	24	6	30	0.00001
Mesorhizobium sp. M2A.F.Ca.ET.043.05.1.1	2493671	S	23	13	36	0.00001
Mesorhizobium sp. 113-3-3	2744516	S	22	12	34	0.00001
Mesorhizobium sp. L-8-10	2744523	S	21	55	76	0.00002
Mesorhizobium sp. L-2-11	2744521	S	20	7	27	0.00001
Mesorhizobium sp. M2A.F.Ca.ET.043.02.1.1	2493670	S	20	38	58	0.00002
Mesorhizobium sp. M6A.T.Cr.TU.016.01.1.1	2493677	S	17	5	22	0.00001
Mesorhizobium sp. NZP2077	2483404	S	16	4	20	0.00001
Mesorhizobium sp. M7D.F.Ca.US.005.01.1.1	2493678	S	15	5	20	0.00001
Mesorhizobium sp. M7A.F.Ce.TU.012.03.2.1	2493681	S	12	4	16	0.00000
Mesorhizobium sp. 113-3-9	2744517	S	12	9	21	0.00001
Mesorhizobium sp. AA22	1854057	S	10	9	19	0.00001
Mesorhizobium sp. M2A.F.Ca.ET.046.03.2.1	2493674	S	9	19	28	0.00001
Mesorhizobium sp. 113-1-2	2744515	S	8	37	45	0.00001
Mesorhizobium sp. WSM1497	278153	S	5	22	27	0.00001
Mesorhizobium sp. 131-3-5	2744520	S	4	25	29	0.00001
Mesorhizobium huakuii	28104	S	47	46	93	0.00003
Mesorhizobium australicum	536018	S	46	18	64	0.00002
Mesorhizobium oceanicum	1670800	S	45	7	52	0.00002
Mesorhizobium ciceri	39645	S	43	99	142	0.00004
Mesorhizobium loti	381	S	40	91	131	0.00004
Mesorhizobium opportunistum	593909	S	38	15	53	0.00002
Mesorhizobium amorphae	71433	S	37	7	44	0.00001
Mesorhizobium erdmanii	1777866	S	29	9	38	0.00001
Mesorhizobium japonicum	2066070	S	29	24	53	0.00002
Mesorhizobium terrae	2725666	S	2	0	2	0.00000
Aminobacter sp. MSH1	374606	S	76	26	102	0.00003
Aminobacter sp. MDW-2	2666139	S	41	203	244	0.00008
Aminobacter sp. SR38	2774562	S	12	40	52	0.00002
Aminobacter aminovorans	83263	S	15	22	37	0.00001
Nitratireductor sp. SY7	2599600	S	76	9	85	0.00003
Nitratireductor sp. OM-1	1756988	S	23	1	24	0.00001
Phyllobacterium sp. 628	2718938	S	60	7	67	0.00002
Phyllobacterium zundukense	1867719	S	33	5	38	0.00001
Chelativorans sp. BNC1	266779	S	88	10	98	0.00003
Roseitalea porphyridii	1852022	S	71	7	78	0.00002
Hoeflea sp. IMCC20628	1620421	S	32	3	35	0.00001
Hoeflea phototrophica	244596	S	23	3	26	0.00001
Oricola thermophila	2742145	S	30	2	32	0.00001
Salaquimonas pukyongi	2712698	S	23	0	23	0.00001
Lentilitoribacter sp. Alg239-R112	2305987	S	16	0	16	0.00000
Devosia sp. A16	1736675	S	190	11	201	0.00006
Devosia sp. S02	2657486	S	94	12	106	0.00003
Devosia sp. I507	2083786	S	52	9	61	0.00002
Devosia sp. 1566	2499144	S	52	6	58	0.00002
Devosia sp. G19	2801335	S	42	6	48	0.00001
Devosia sp. LEGU1	2774137	S	34	2	36	0.00001
Devosia sp. D6-9	2664417	S	25	22	47	0.00001
Devosia sp. MC521	2759954	S	20	2	22	0.00001
Devosia ginsengisoli	400770	S	52	13	65	0.00002
Hyphomicrobium denitrificans	53399	S	106	25	131	0.00004
Hyphomicrobium sp. MC1	717785	S	83	12	95	0.00003
Hyphomicrobium nitrativorans	1427356	S	56	3	59	0.00002
Blastochloris tepida	2233851	S	93	22	115	0.00004
Blastochloris viridis	1079	S	57	10	67	0.00002
Rhodoplanes sp. Z2-YC6860	674703	S	106	7	113	0.00004
Rhodoplanes piscinae	444923	S	3	0	3	0.00000
Aquabacter sp. L1I39	2820278	S	81	8	89	0.00003
Methyloceanibacter caenitepidi	1384459	S	35	5	40	0.00001
Methyloceanibacter sp. wino2	2170729	S	32	5	37	0.00001
Youhaiella tibetensis	1447062	S	57	3	60	0.00002
Methyloligella sp. GL2	2742204	S	51	2	53	0.00002
Caenibius tardaugens	169176	S	46	71	117	0.00004
Rhodomicrobium vannielii	1069	S	43	1	44	0.00001
Candidatus Filomicrobium marinum	1608628	S	32	0	32	0.00001
Pelagibacterium halotolerans	531813	S	32	2	34	0.00001
Maritalea myrionectae	454601	S	29	0	29	0.00001
Paradevosia shaoguanensis	1335043	S	21	22	43	0.00001
Xanthobacter sp. YN2	2528964	S	164	54	218	0.00007
Pseudolabrys taiwanensis	331696	S	93	10	103	0.00003
Pseudolabrys sp. FHR47	2562284	S	63	7	70	0.00002
Ancylobacter pratisalsi	1745854	S	63	12	75	0.00002
Ancylobacter sp. TS-1	1850374	S	52	22	74	0.00002
Starkeya novella	921	S	64	26	90	0.00003
Starkeya sp. ORNL1	2709380	S	46	8	54	0.00002
Labrys sp. KNU-23	2789216	S	82	5	87	0.00003
Azorhizobium caulinodans	7	S	78	13	91	0.00003
Labrenzia sp. VG12	2021862	S	59	3	62	0.00002
Labrenzia sp. THAF82	2587861	S	32	0	32	0.00001
Labrenzia sp. PHM005	2590016	S	30	1	31	0.00001
Labrenzia sp. THAF35	2587854	S	17	32	49	0.00002
Labrenzia sp. CP4	1674922	S	1	1	2	0.00000
Labrenzia alexandrii	388408	S	32	2	34	0.00001
Labrenzia aggregata	187304	S	14	16	30	0.00001
Stappia indica	538381	S	53	7	60	0.00002
Stappia sp. ES.058	1881061	S	34	2	36	0.00001
Pannonibacter phragmitetus	121719	S	86	92	178	0.00006
Pseudovibrio sp. FO-BEG1	911045	S	6	0	6	0.00000
Aureimonas sp. AU20	1349819	S	76	8	84	0.00003
Aureimonas sp. OT7	2816454	S	39	42	81	0.00003
Aureimonas sp. LMG 31693	2758041	S	37	5	42	0.00001
Aureimonas sp. AU12	1638161	S	4	27	31	0.00001
Aureimonas populi	1701758	S	47	7	54	0.00002
Martelella sp. AD-3	686597	S	32	63	95	0.00003
Martelella mediterranea	293089	S	34	14	48	0.00001
Martelella lutilitoris	2583532	S	22	14	36	0.00001
Martelella endophytica	1486262	S	16	2	18	0.00001
Methylocystis rosea	173366	S	84	13	97	0.00003
Methylocystis heyeri	391905	S	42	4	46	0.00001
Methylocystis bryophila	655015	S	42	4	46	0.00001
Methylocystis parvus	134	S	34	3	37	0.00001
Methylocystis sp. SC2	187303	S	32	10	42	0.00001
Methylosinus trichosporium	426	S	43	6	49	0.00002
Methylosinus sp. C49	2699395	S	25	4	29	0.00001
Pseudorhodoplanes sinuspersici	1235591	S	141	6	147	0.00005
Nordella sp. HKS 07	2712222	S	70	2	72	0.00002
Hartmannibacter diazotrophicus	1482074	S	55	7	62	0.00002
Candidatus Hodgkinia cicadicola	573658	S	46	0	46	0.00001
[Ochrobactrum] quorumnocens	271865	S	42	3	45	0.00001
Brucella intermedia	94625	S	35	5	40	0.00001
Brucella anthropi	529	S	22	67	89	0.00003
Brucella pseudogrignonensis	419475	S	21	3	24	0.00001
Brucella sp. 09RB8910	1844051	S	5	2	7	0.00000
Brucella sp. BO2	693750	S	4	3	7	0.00000
Brucella sp. 10RB9215	1149953	S	3	1	4	0.00000
Brucella sp. 2280	2592625	S	3	2	5	0.00000
Brucella pituitosa	571256	S	9	2	11	0.00000
Brucella suis	29461	S	2	27	29	0.00001
Brucella inopinata	1218315	S	2	1	3	0.00000
Brucella melitensis	29459	S	1	42	43	0.00001
Ochrobactrum sp. MT180101	2726427	S	39	117	156	0.00005
Ochrobactrum sp. LM19	1449781	S	2	0	2	0.00000
Ochrobactrum sp. EEELCW01	2696486	S	1	4	5	0.00000
Bartonella sp. HY038	2759660	S	15	1	16	0.00000
Bartonella sp. WD16.2	1933904	S	14	4	18	0.00001
Bartonella sp. 1-1C	515256	S	1	24	25	0.00001
Bartonella apis	1686310	S	27	1	28	0.00001
Bartonella vinsonii	33047	S	16	2	18	0.00001
Bartonella krasnovii	2267275	S	14	6	20	0.00001
Bartonella grahamii	33045	S	14	3	17	0.00001
Bartonella bacilliformis	774	S	11	1	12	0.00000
Bartonella birtlesii	111504	S	9	1	10	0.00000
Bartonella ancashensis	1318743	S	9	0	9	0.00000
Bartonella quintana	803	S	8	0	8	0.00000
Bartonella bovis	155194	S	7	1	8	0.00000
Bartonella tribocorum	85701	S	6	9	15	0.00000
Bartonella australis	388640	S	6	0	6	0.00000
Bartonella clarridgeiae	56426	S	2	0	2	0.00000
Bartonella schoenbuchensis	165694	S	2	0	2	0.00000
Bartonella alsatica	52764	S	2	0	2	0.00000
Bartonella kosoyi	2133959	S	2	7	9	0.00000
Bartonella henselae	38323	S	1	0	1	0.00000
Methylocella tundrae	227605	S	49	5	54	0.00002
Methylocella silvestris	199596	S	40	5	45	0.00001
Methylovirgula ligni	569860	S	62	4	66	0.00002
Beijerinckia indica	533	S	38	2	40	0.00001
Parvibaculum lavamentivorans	256618	S	72	23	95	0.00003
Pyruvatibacter mobilis	1712261	S	50	4	54	0.00002
Candidatus Phaeomarinobacter ectocarpi	1458461	S	21	0	21	0.00001
Chelatococcus sp. CO-6	1702325	S	58	28	86	0.00003
Chelatococcus daeguensis	444444	S	33	15	48	0.00001
Breoghania sp. L-A4	2304600	S	59	5	64	0.00002
Cohaesibacter sp. ES.047	1798205	S	34	0	34	0.00001
Lichenihabitans psoromatis	2528642	S	52	2	54	0.00002
Sphingomonas sp. DH-S5	2759526	S	279	14	293	0.00009
Sphingomonas sp. AAP5	1523415	S	278	47	325	0.00010
Sphingomonas sp. FARSPH	2219696	S	247	117	364	0.00011
Sphingomonas sp. CL5.1	2653203	S	239	46	285	0.00009
Sphingomonas sp. HMP9	1517554	S	229	49	278	0.00009
Sphingomonas sp. XS-10	2599297	S	223	8	231	0.00007
Sphingomonas sp. PAMC26645	2565555	S	223	34	257	0.00008
Sphingomonas sp. HMP6	1517551	S	181	16	197	0.00006
Sphingomonas sp. LM7	1938607	S	149	10	159	0.00005
Sphingomonas sp. NBWT7	2596913	S	146	27	173	0.00005
Sphingomonas sp. NIC1	1961362	S	141	133	274	0.00009
Sphingomonas sp. MM-1	745310	S	129	161	290	0.00009
Sphingomonas sp. KC8	1030157	S	128	44	172	0.00005
Sphingomonas sp. Cra20	1327635	S	121	5	126	0.00004
Sphingomonas sp. LK11	1390395	S	119	17	136	0.00004
Sphingomonas sp. LMO-1	2681549	S	117	5	122	0.00004
Sphingomonas sp. C33	2698679	S	109	7	116	0.00004
Sphingomonas sp. AP4-R1	2735134	S	108	4	112	0.00003
Sphingomonas sp. C8-2	2492837	S	105	74	179	0.00006
Sphingomonas sp. MK52	2711156	S	98	4	102	0.00003
Sphingomonas sp. IC081	304378	S	82	284	366	0.00011
Sphingomonas sp. YZ-8	2319844	S	59	0	59	0.00002
Sphingomonas sp. HDW15B	2714943	S	52	1	53	0.00002
Sphingomonas sp. HDW15C	2714944	S	51	1	52	0.00002
Sphingomonas sp. sand1-3	2764186	S	48	1	49	0.00002
Sphingomonas sp. HDW15A	2714942	S	42	0	42	0.00001
Sphingomonas sp. ERG5	1381597	S	14	13	27	0.00001
Sphingomonas sp.	28214	S	5	0	5	0.00000
Sphingomonas sp. JE1	1628059	S	1	0	1	0.00000
Sphingomonas melonis	152682	S	500	1045	1545	0.00048
Sphingomonas koreensis	93064	S	483	271	754	0.00024
Sphingomonas alpina	653931	S	293	5	298	0.00009
Sphingomonas panacisoli	1813879	S	271	7	278	0.00009
Sphingomonas taxi	1549858	S	227	14	241	0.00008
Sphingomonas insulae	424800	S	209	13	222	0.00007
Sphingomonas paucimobilis	13689	S	191	52	243	0.00008
Sphingomonas sanxanigenens	397260	S	179	80	259	0.00008
Sphingomonas hengshuiensis	1609977	S	167	4	171	0.00005
Sphingomonas wittichii	160791	S	166	80	246	0.00008
Sphingomonas lacunae	2698828	S	152	4	156	0.00005
Sphingomonas panacis	1560345	S	145	4	149	0.00005
Sphingomonas ginsengisoli An et al. 2013	363835	S	61	1	62	0.00002
Sphingomonas rhizophila	2071607	S	50	2	52	0.00002
Sphingomonas lutea	1045317	S	48	1	49	0.00002
Sphingomonas daechungensis	1176646	S	44	0	44	0.00001
Sphingomonas sediminicola	386874	S	43	0	43	0.00001
Sphingomonas xanthus	2594473	S	23	1	24	0.00001
Sphingobium sp. YG1	2082188	S	223	83	306	0.00010
Sphingobium sp. KCTC 72723	2733867	S	148	8	156	0.00005
Sphingobium sp. RAC03	1843368	S	140	21	161	0.00005
Sphingobium sp. TKS	1315974	S	117	163	280	0.00009
Sphingobium sp. CAP-1	2676077	S	94	71	165	0.00005
Sphingobium sp. SYK-6	627192	S	65	20	85	0.00003
Sphingobium sp. Cam5-1	2789327	S	63	24	87	0.00003
Sphingobium sp. SCG-1	2072936	S	59	1	60	0.00002
Sphingobium sp. EP60837	1855519	S	53	9	62	0.00002
Sphingobium sp. MI1205	407020	S	49	84	133	0.00004
Sphingobium sp. PAMC28499	2565554	S	44	47	91	0.00003
Sphingobium sp. YBL2	484429	S	34	159	193	0.00006
Sphingobium sp. RSMS	520734	S	17	76	93	0.00003
Sphingobium sp. LF-16	2185111	S	13	136	149	0.00005
Sphingobium yanoikuyae	13690	S	668	820	1488	0.00046
Sphingobium hydrophobicum	1673076	S	237	217	454	0.00014
Sphingobium amiense	135719	S	119	210	329	0.00010
Sphingobium cloacae	120107	S	103	194	297	0.00009
Sphingobium chlorophenolicum	46429	S	90	47	137	0.00004
Sphingobium herbicidovorans	76947	S	88	52	140	0.00004
Sphingobium baderi	1332080	S	77	120	197	0.00006
Sphingobium japonicum	332056	S	53	24	77	0.00002
Sphingobium fuliginis	336203	S	39	98	137	0.00004
Sphingobium barthaii	1054037	S	36	68	104	0.00003
Sphingopyxis sp. 113P3	292913	S	412	171	583	0.00018
Sphingopyxis sp. EG6	1874061	S	385	121	506	0.00016
Sphingopyxis sp. FD7	1914525	S	225	59	284	0.00009
Sphingopyxis sp. OPL5	2486273	S	212	18	230	0.00007
Sphingopyxis sp. PAMC25046	2565556	S	208	57	265	0.00008
Sphingopyxis sp. QXT-31	1357916	S	144	21	165	0.00005
Sphingopyxis sp. MG	1866325	S	64	285	349	0.00011
Sphingopyxis sp. LPB0140	1913578	S	28	0	28	0.00001
Sphingopyxis macrogoltabida	33050	S	363	121	484	0.00015
Sphingopyxis fribergensis	1515612	S	355	88	443	0.00014
Sphingopyxis lindanitolerans	2054227	S	191	52	243	0.00008
Sphingopyxis terrae	33052	S	144	36	180	0.00006
Sphingopyxis alaskensis	117207	S	133	13	146	0.00005
Sphingopyxis granuli	267128	S	66	233	299	0.00009
Novosphingobium sp. ABRDHK2	2571749	S	202	78	280	0.00009
Novosphingobium sp. P6W	1609758	S	157	7	164	0.00005
Novosphingobium sp. ES2-1	2780074	S	133	43	176	0.00005
Novosphingobium sp. THN1	1016987	S	126	26	152	0.00005
Novosphingobium sp. Gsoil 351	2675225	S	122	2	124	0.00004
Novosphingobium sp. KA1	164608	S	64	189	253	0.00008
Novosphingobium sp. PP1Y	702113	S	59	24	83	0.00003
Novosphingobium ginsenosidimutans	1176536	S	263	9	272	0.00008
Novosphingobium pentaromativorans	205844	S	129	145	274	0.00009
Novosphingobium resinovorum	158500	S	105	56	161	0.00005
Novosphingobium aromaticivorans	48935	S	86	58	144	0.00004
Sphingorhabdus lacus	392610	S	617	5	622	0.00019
Sphingorhabdus sp. SMR4y	2584094	S	96	6	102	0.00003
Sphingorhabdus sp. YGSMI21	2077182	S	63	3	66	0.00002
Sphingorhabdus sp. M41	1806885	S	52	1	53	0.00002
Sphingorhabdus sp. JK6	2725558	S	47	0	47	0.00001
Sphingosinithalassobacter sp. CS137	2762748	S	136	13	149	0.00005
Sphingosinithalassobacter sp. zrk23	2711215	S	75	18	93	0.00003
Blastomonas fulva	1550728	S	35	91	126	0.00004
Blastomonas sp. RAC04	1842535	S	31	57	88	0.00003
Rhizorhabdus dicambivorans	1850238	S	113	132	245	0.00008
Parasphingopyxis sp. CP4	2724527	S	51	1	52	0.00002
Parasphingopyxis algicola	2026624	S	41	1	42	0.00001
Tardibacter chloracetimidivorans	1921510	S	72	66	138	0.00004
Allosphingosinicella indica	941907	S	64	2	66	0.00002
Citromicrobium sp. JL477	1634516	S	61	19	80	0.00002
Novosphingopyxis sp. PB63	2762729	S	49	17	66	0.00002
Parasphingorhabdus sp. JHSY0214	2806553	S	25	0	25	0.00001
Zymomonas mobilis	542	S	18	0	18	0.00001
Erythrobacter sp. HKB08	2502843	S	81	8	89	0.00003
Erythrobacter sp. HL-111	1798193	S	65	6	71	0.00002
Erythrobacter sp. KY5	2011159	S	59	2	61	0.00002
Erythrobacter sp. A30-3	2785907	S	40	30	70	0.00002
Erythrobacter sp. THAF29	2587851	S	36	7	43	0.00001
Erythrobacter sp. 6D36	2782568	S	31	2	33	0.00001
Erythrobacter litoralis	39960	S	111	40	151	0.00005
Erythrobacter neustonensis	1112	S	101	9	110	0.00003
Erythrobacter mangrovi	2739433	S	49	12	61	0.00002
Erythrobacter aureus	2182384	S	44	2	46	0.00001
Porphyrobacter sp. CACIAM 03H1	2003315	S	159	41	200	0.00006
Porphyrobacter sp. LM 6	1896196	S	135	49	184	0.00006
Porphyrobacter sp. YT40	2547601	S	117	94	211	0.00007
Porphyrobacter sp. HT-58-2	2023229	S	106	25	131	0.00004
Altererythrobacter sp. TH136	2067415	S	56	6	62	0.00002
Altererythrobacter sp. BO-6	2604537	S	50	4	54	0.00002
Altererythrobacter sp. B11	2060312	S	44	11	55	0.00002
Altererythrobacter sp. ZODW24	2185142	S	27	0	27	0.00001
Altererythrobacter ishigakiensis	476157	S	48	1	49	0.00002
Altererythrobacter epoxidivorans	361183	S	44	7	51	0.00002
Altererythrobacter atlanticus	1267766	S	44	17	61	0.00002
Croceicoccus marinus	450378	S	142	77	219	0.00007
Croceicoccus naphthovorans	1348774	S	68	106	174	0.00005
Croceicoccus sp. YJ47	2798724	S	54	17	71	0.00002
Tsuneonella amylolytica	2338327	S	84	19	103	0.00003
Tsuneonella dongtanensis	692370	S	67	10	77	0.00002
Tsuneonella mangrovi	1982042	S	43	4	47	0.00001
Tsuneonella flava	2055955	S	36	13	49	0.00002
Qipengyuania flava	192812	S	74	46	120	0.00004
Qipengyuania sediminis	1532023	S	74	3	77	0.00002
Qipengyuania seohaensis	266951	S	24	3	27	0.00001
Aurantiacibacter gangjinensis	502682	S	55	1	56	0.00002
Aurantiacibacter atlanticus	1648404	S	51	31	82	0.00003
Paraurantiacibacter namhicola	645517	S	60	2	62	0.00002
Pelagerythrobacter marensis	543877	S	42	2	44	0.00001
Sphingosinicella sp. BN140058	1892855	S	71	1	72	0.00002
Sphingosinicella sp. UDD2	2771430	S	59	2	61	0.00002
Sphingosinicella microcystinivorans	335406	S	123	5	128	0.00004
Sandaracinobacter sp. M6	2759707	S	124	5	129	0.00004
Paracoccus sp. Arc7-R13	2500532	S	117	15	132	0.00004
Paracoccus sp. AK26	2589076	S	89	5	94	0.00003
Paracoccus sp. H4-D09	2812658	S	77	13	90	0.00003
Paracoccus sp. BM15	1529068	S	66	2	68	0.00002
Paracoccus sp. MC1862	2760307	S	54	2	56	0.00002
Paracoccus yeei	147645	S	164	202	366	0.00011
Paracoccus zhejiangensis	1077935	S	111	25	136	0.00004
Paracoccus sanguinis	1545044	S	104	17	121	0.00004
Paracoccus pantotrophus	82367	S	103	22	125	0.00004
Paracoccus suum	2259340	S	80	14	94	0.00003
Paracoccus jeotgali	2065379	S	64	7	71	0.00002
Paracoccus contaminans	1945662	S	58	8	66	0.00002
Paracoccus aminophilus	34003	S	54	4	58	0.00002
Paracoccus kondratievae	135740	S	52	9	61	0.00002
Paracoccus liaowanqingii	2560053	S	51	1	52	0.00002
Paracoccus denitrificans	266	S	41	10	51	0.00002
Paracoccus aminovorans	34004	S	34	6	40	0.00001
Paracoccus mutanolyticus	1499308	S	4	12	16	0.00000
Paracoccus haeundaensis	225362	S	2	0	2	0.00000
Paracoccus marcusii	59779	S	1	0	1	0.00000
Tabrizicola piscis	2494374	S	487	31	518	0.00016
Rhodobacter sp. CZR27	2033869	S	108	15	123	0.00004
Rhodobacter sp. LPB0142	1850250	S	82	38	120	0.00004
Rhodobacter blasticus	1075	S	155	8	163	0.00005
Rhodobacter capsulatus	1061	S	132	10	142	0.00004
Sulfitobacter sp. JL08	2070369	S	57	0	57	0.00002
Sulfitobacter sp. AM1-D1	1917485	S	48	61	109	0.00003
Sulfitobacter sp. THAF37	2587855	S	45	35	80	0.00002
Sulfitobacter sp. D7	1968541	S	43	18	61	0.00002
Sulfitobacter sp. SK012	1389005	S	37	0	37	0.00001
Sulfitobacter sp. BSw21498	664426	S	14	2	16	0.00000
Sulfitobacter sp. SK011	1389004	S	13	0	13	0.00000
Sulfitobacter sp. B30-2	2785912	S	9	12	21	0.00001
Sulfitobacter sp. SK025	1389011	S	8	10	18	0.00001
Sulfitobacter pseudonitzschiae	1402135	S	73	26	99	0.00003
Sulfitobacter mediterraneus	83219	S	57	11	68	0.00002
Sulfitobacter pontiacus	60137	S	13	14	27	0.00001
Cereibacter sphaeroides	1063	S	333	33	366	0.00011
Roseovarius sp. THAF9	2587847	S	54	25	79	0.00002
Roseovarius sp. THAF27	2587850	S	13	24	37	0.00001
Roseovarius sp. TM1035	391613	S	6	19	25	0.00001
Roseovarius sp. THAF8	2587846	S	4	6	10	0.00000
Roseovarius indicus	540747	S	103	67	170	0.00005
Roseovarius faecimaris	2494550	S	46	1	47	0.00001
Roseovarius mucosus	215743	S	8	26	34	0.00001
Gemmobacter sp. HYN0069	2169400	S	288	28	316	0.00010
Phaeobacter inhibens	221822	S	63	43	106	0.00003
Phaeobacter gallaeciensis	60890	S	58	51	109	0.00003
Phaeobacter piscinae	1580596	S	13	17	30	0.00001
Phaeobacter porticola	1844006	S	7	3	10	0.00000
Phaeobacter sp. LSS9	681157	S	6	16	22	0.00001
Rhodovulum sp. P5	1564506	S	48	6	54	0.00002
Rhodovulum sp. MB263	308754	S	36	18	54	0.00002
Rhodovulum sulfidophilum	35806	S	60	27	87	0.00003
Yangia sp. CCB-MM3	1792508	S	81	10	91	0.00003
Salipiger profundus	1229727	S	53	36	89	0.00003
Salipiger pacificus	311180	S	31	5	36	0.00001
Celeribacter baekdonensis	875171	S	56	14	70	0.00002
Celeribacter manganoxidans	1411902	S	34	10	44	0.00001
Celeribacter marinus	1397108	S	30	0	30	0.00001
Celeribacter ethanolicus	1758178	S	21	9	30	0.00001
Celeribacter indicus	1208324	S	20	16	36	0.00001
Ruegeria sp. THAF33	2587853	S	28	7	35	0.00001
Ruegeria sp. TM1040	292414	S	22	3	25	0.00001
Ruegeria sp. AD91A	2293862	S	20	0	20	0.00001
Ruegeria sp. PR1b	185588	S	2	1	3	0.00000
Ruegeria pomeroyi	89184	S	52	2	54	0.00002
Octadecabacter sp. SW4	2602067	S	83	29	112	0.00003
Octadecabacter temperatus	1458307	S	14	0	14	0.00000
Octadecabacter arcticus	53946	S	10	1	11	0.00000
Octadecabacter antarcticus	1217908	S	9	0	9	0.00000
Paraoceanicella profunda	2579971	S	116	32	148	0.00005
Leisingera sp. NJS201	2508306	S	20	36	56	0.00002
Leisingera sp. NJS204	2508307	S	10	18	28	0.00001
Leisingera methylohalidivorans	133924	S	25	5	30	0.00001
Leisingera aquaemixtae	1396826	S	23	3	26	0.00001
Defluviimonas alba	1335048	S	111	40	151	0.00005
Haematobacter massiliensis	195105	S	89	58	147	0.00005
Thioclava electrotropha	1549850	S	46	9	55	0.00002
Thioclava nitratireducens	1915078	S	29	9	38	0.00001
Ketogulonicigenium vulgare	92945	S	43	6	49	0.00002
Ketogulonicigenium robustum	92947	S	38	5	43	0.00001
Pseudooceanicola algae	1537215	S	79	3	82	0.00003
Mameliella alba	561184	S	63	17	80	0.00002
Pelagovum pacificum	2588711	S	62	6	68	0.00002
Dinoroseobacter shibae	215813	S	62	49	111	0.00003
Marinovum algicola	42444	S	61	32	93	0.00003
Polymorphum gilvum	991904	S	60	13	73	0.00002
Oceanicola sp. D3	2587163	S	59	1	60	0.00002
Pseudopuniceibacterium antarcticum	2613965	S	59	2	61	0.00002
Roseobacter ponti	1891787	S	23	0	23	0.00001
Roseobacter denitrificans	2434	S	18	3	21	0.00001
Roseobacter litoralis	42443	S	9	1	10	0.00000
Confluentimicrobium sp. EMB200-NS6	1609966	S	54	54	108	0.00003
Roseivivax sp. THAF30	2587852	S	15	39	54	0.00002
Sagittula sp. P11	2009329	S	51	49	100	0.00003
Maribius sp. THAF1	2587842	S	50	1	51	0.00002
Silicimonas algicola	1826607	S	49	1	50	0.00002
Pseudorhodobacter turbinis	2500533	S	49	1	50	0.00002
Yoonia vestfoldensis	245188	S	48	20	68	0.00002
Roseibacterium elongatum	159346	S	47	2	49	0.00002
Brevirhabdus pacifica	1267768	S	47	35	82	0.00003
Boseongicola sp. CCM32	2552942	S	45	0	45	0.00001
Thalassococcus sp. S3	2017482	S	45	0	45	0.00001
Roseicitreum antarcticum	564137	S	44	0	44	0.00001
Pontivivens sp. MT2928	2789856	S	43	1	44	0.00001
Epibacterium mobile	379347	S	42	21	63	0.00002
Thalassobius gelatinovorus	53501	S	41	1	42	0.00001
Parasedimentitalea marina	2483033	S	36	1	37	0.00001
Antarctobacter heliothermus	74033	S	36	1	37	0.00001
Rhodobaca barguzinensis	441209	S	36	0	36	0.00001
Profundibacter amoris	2171755	S	33	0	33	0.00001
Tateyamaria omphalii	299262	S	31	0	31	0.00001
Monaibacterium sp. ALG8	2715211	S	31	9	40	0.00001
Pseudohalocynthiibacter aestuariivivens	1591409	S	30	8	38	0.00001
Pelagibaca abyssi	1250539	S	29	16	45	0.00001
Jannaschia sp. CCS1	290400	S	26	0	26	0.00001
Marivivens sp. JLT3646	1920883	S	22	2	24	0.00001
Cognatishimia activa	1715691	S	21	0	21	0.00001
Qingshengfaniella alkalisoli	2599296	S	14	0	14	0.00000
Halocynthiibacter arcticus	1579316	S	10	0	10	0.00000
Planktomarina temperata	1284658	S	8	0	8	0.00000
Brevundimonas sp. LVF1	2774189	S	194	33	227	0.00007
Brevundimonas sp. LVF2	2774190	S	163	9	172	0.00005
Brevundimonas sp. M20	2591463	S	110	6	116	0.00004
Brevundimonas sp. GRTSA-9	2800818	S	97	4	101	0.00003
Brevundimonas sp. MF30-B	2561924	S	92	4	96	0.00003
Brevundimonas sp. GW460-12-10-14-LB2	1827469	S	90	64	154	0.00005
Brevundimonas sp. Bb-A	2560058	S	89	132	221	0.00007
Brevundimonas sp. SGAir0440	2579977	S	86	25	111	0.00003
Brevundimonas sp. AJA228-03	2752515	S	86	3	89	0.00003
Brevundimonas sp. LM2	1938605	S	81	4	85	0.00003
Brevundimonas sp. CS1	2813778	S	72	29	101	0.00003
Brevundimonas sp. 'scallop'	2562582	S	62	57	119	0.00004
Brevundimonas sp. DS20	1532555	S	49	73	122	0.00004
Brevundimonas naejangsanensis	588932	S	186	23	209	0.00007
Brevundimonas diminuta	293	S	140	170	310	0.00010
Brevundimonas mediterranea	74329	S	112	16	128	0.00004
Brevundimonas subvibrioides	74313	S	96	6	102	0.00003
Brevundimonas vancanneytii	1325724	S	70	135	205	0.00006
Brevundimonas vesicularis	41276	S	66	106	172	0.00005
Caulobacter sp. FWC26	69665	S	190	33	223	0.00007
Caulobacter sp. K31	366602	S	129	7	136	0.00004
Caulobacter vibrioides	155892	S	301	423	724	0.00023
Caulobacter flavus	1679497	S	166	11	177	0.00006
Caulobacter segnis	88688	S	112	9	121	0.00004
Caulobacter rhizosphaerae	2010972	S	90	6	96	0.00003
Caulobacter soli	2708539	S	83	6	89	0.00003
Caulobacter henricii	69395	S	79	3	82	0.00003
Caulobacter mirabilis	69666	S	63	3	66	0.00002
Phenylobacterium zucineum	284016	S	131	16	147	0.00005
Phenylobacterium parvum	2201350	S	79	2	81	0.00003
Terricaulis silvestris	2686094	S	182	1	183	0.00006
Asticcacaulis excentricus	78587	S	113	2	115	0.00004
Azospirillum brasilense	192	S	259	151	410	0.00013
Azospirillum lipoferum	193	S	116	27	143	0.00004
Azospirillum sp. TSA2s	709810	S	43	25	68	0.00002
Azospirillum sp. TSH100	652764	S	37	9	46	0.00001
Azospirillum sp. TSH58	664962	S	26	20	46	0.00001
Azospirillum thermophilum	2202148	S	105	14	119	0.00004
Azospirillum ramasamyi	682998	S	60	20	80	0.00002
Azospirillum oryzae	286727	S	48	29	77	0.00002
Azospirillum thiophilum	528244	S	46	9	55	0.00002
Azospirillum humicireducens	1226968	S	33	10	43	0.00001
Azospirillum baldaniorum	1064539	S	16	19	35	0.00001
Magnetospirillum sp. XM-1	1663591	S	119	26	145	0.00005
Magnetospirillum sp. ME-1	1639348	S	32	7	39	0.00001
Magnetospirillum magneticum	84159	S	137	27	164	0.00005
Magnetospirillum gryphiswaldense	55518	S	89	18	107	0.00003
Thalassospira sp. A40-3	2785908	S	49	8	57	0.00002
Thalassospira sp. B30-1	2785911	S	18	10	28	0.00001
Thalassospira marina	2048283	S	14	0	14	0.00000
Thalassospira xiamenensis	220697	S	13	7	20	0.00001
Thalassospira indica	1891279	S	7	1	8	0.00000
Skermanella pratensis	2233999	S	75	13	88	0.00003
Skermanella sp. TT6	2775420	S	40	34	74	0.00002
Rhodospirillum centenum	34018	S	63	8	71	0.00002
Rhodospirillum rubrum	1085	S	48	-48	0	0.00000
Nitrospirillum amazonense	28077	S	101	7	108	0.00003
Hypericibacter adhaerens	2602016	S	59	11	70	0.00002
Hypericibacter terrae	2602015	S	24	3	27	0.00001
Ferrovibrio terrae	2594003	S	69	2	71	0.00002
Niveispirillum cyanobacteriorum	1612173	S	66	8	74	0.00002
Indioceanicola profundi	2220096	S	60	5	65	0.00002
Tistrella mobilis	171437	S	55	5	60	0.00002
Pararhodospirillum photometricum	1084	S	38	2	40	0.00001
Magnetospira sp. QH-2	1288970	S	36	0	36	0.00001
Defluviicoccus vanus	111831	S	27	2	29	0.00001
Candidatus Endolissoclinum faulkneri	1263979	S	23	0	23	0.00001
Haematospirillum jordaniae	1549855	S	9	0	9	0.00000
Roseomonas sp. 1318	2768161	S	92	5	97	0.00003
Roseomonas sp. 546	2768162	S	68	4	72	0.00002
Roseomonas sp. FDAARGOS_362	2018065	S	14	42	56	0.00002
Roseomonas gilardii	257708	S	66	13	79	0.00002
Roseomonas mucosa	207340	S	21	84	105	0.00003
Komagataeibacter xylinus	28448	S	88	52	140	0.00004
Komagataeibacter hansenii	436	S	57	4	61	0.00002
Komagataeibacter medellinensis	1177712	S	33	15	48	0.00001
Komagataeibacter saccharivorans	265959	S	29	4	33	0.00001
Komagataeibacter nataicola	265960	S	13	1	14	0.00000
Komagataeibacter oboediens	65958	S	10	0	10	0.00000
Komagataeibacter europaeus	33995	S	5	1	6	0.00000
Acetobacter aceti	435	S	44	7	51	0.00002
Acetobacter sp. KACC 21233	2592655	S	13	0	13	0.00000
Acetobacter sp. JWB	2259883	S	6	97	103	0.00003
Acetobacter orientalis	146474	S	17	0	17	0.00001
Acetobacter persici	1076596	S	16	0	16	0.00000
Acetobacter pasteurianus	438	S	9	3	12	0.00000
Acetobacter ghanensis	431306	S	9	0	9	0.00000
Acetobacter senegalensis	446692	S	8	1	9	0.00000
Acetobacter ascendens	481146	S	6	2	8	0.00000
Acetobacter oryzoeni	2500548	S	6	1	7	0.00000
Acetobacter tropicalis	104102	S	1	0	1	0.00000
Roseococcus sp. NIBR12	2771361	S	174	5	179	0.00006
Stella humosa	94	S	82	5	87	0.00003
Lichenicola cladoniae	1484109	S	66	0	66	0.00002
Acidiphilium cryptum	524	S	9	26	35	0.00001
Acidiphilium multivorum	62140	S	4	11	15	0.00000
Gluconacetobacter diazotrophicus	33996	S	48	3	51	0.00002
Gluconobacter oxydans	442	S	15	2	17	0.00001
Gluconobacter albidus	318683	S	15	0	15	0.00000
Gluconobacter sphaericus	574987	S	5	0	5	0.00000
Gluconobacter thailandicus	257438	S	1	0	1	0.00000
Acidibrevibacterium fodinaquatile	1969806	S	34	1	35	0.00001
Granulibacter bethesdensis	364410	S	33	0	33	0.00001
Commensalibacter sp. AMU001	2478912	S	10	13	23	0.00001
Swingsia sp. F3b2	2558361	S	16	0	16	0.00000
Swingsia samuiensis	1293412	S	4	0	4	0.00000
Kozakia baliensis	153496	S	13	1	14	0.00000
Parasaccharibacter apium	1510841	S	11	0	11	0.00000
Bombella sp. KACC 21507	2697033	S	9	0	9	0.00000
Entomobacter blattae	2762277	S	9	0	9	0.00000
Asaia bogorensis	91915	S	7	0	7	0.00000
Neoasaia chiangmaiensis	320497	S	6	0	6	0.00000
Oecophyllibacter saccharovorans	2558360	S	5	0	5	0.00000
Neokomagataea tanensis	661191	S	3	0	3	0.00000
Terasakiella sp. SH-1	2560057	S	19	0	19	0.00001
Rickettsia endosymbiont of Ixodes pacificus	1133329	S	341	37	378	0.00012
Rickettsia sp. Tillamook 23	2761623	S	25	2	27	0.00001
Rickettsia endosymbiont of Bemisia tabaci	337479	S	15	1	16	0.00000
Rickettsia amblyommatis	33989	S	23	9	32	0.00001
Rickettsia endosymbiont of Ixodes scapularis	444612	S	16	5	21	0.00001
Rickettsia akari	786	S	9	0	9	0.00000
Rickettsia rhipicephali	33992	S	9	8	17	0.00001
Rickettsia raoultii	369822	S	6	4	10	0.00000
Rickettsia australis	787	S	4	0	4	0.00000
Rickettsia montanensis	33991	S	2	1	3	0.00000
Rickettsia helvetica	35789	S	2	1	3	0.00000
Rickettsia japonica	35790	S	1	1	2	0.00000
Rickettsia monacensis	109232	S	1	0	1	0.00000
Rickettsia canadensis	788	S	33	0	33	0.00001
Rickettsia bellii	33990	S	27	23	50	0.00002
Rickettsia prowazekii	782	S	1	2	3	0.00000
Rickettsia typhi	785	S	1	2	3	0.00000
Orientia tsutsugamushi	784	S	49	1	50	0.00002
Candidatus Sneabacter namystus	2601646	S	25	1	26	0.00001
Candidatus Phycorickettsia trachydisci	2115978	S	24	0	24	0.00001
Wolbachia endosymbiont of Cruorifilaria tuberocauda	1812111	S	22	0	22	0.00001
Wolbachia endosymbiont of Litomosoides sigmodontis	80850	S	12	0	12	0.00000
Wolbachia endosymbiont of Ctenocephalides felis wCfeT	2732593	S	11	0	11	0.00000
Wolbachia endosymbiont of Folsomia candida	169402	S	8	0	8	0.00000
Wolbachia endosymbiont of Dipetalonema caudispina	1812112	S	5	0	5	0.00000
Wolbachia endosymbiont of Dirofilaria (Dirofilaria) immitis	1812115	S	4	0	4	0.00000
Wolbachia endosymbiont of Ctenocephalides felis wCfeJ	2732594	S	1	0	1	0.00000
Wolbachia endosymbiont of Diaphorina citri	116598	S	1	2	3	0.00000
Wolbachia endosymbiont of Trichogramma pretiosum	125593	S	1	0	1	0.00000
Wolbachia endosymbiont of Cimex lectularius	246273	S	1	0	1	0.00000
Wolbachia endosymbiont of Chrysomya megacephala	1335053	S	1	15	16	0.00000
Wolbachia pipientis	955	S	13	23	36	0.00001
Candidatus Wolbachia massiliensis	1845000	S	6	0	6	0.00000
Ehrlichia canis	944	S	42	9	51	0.00002
Ehrlichia ruminantium	779	S	21	2	23	0.00001
Ehrlichia chaffeensis	945	S	6	-6	0	0.00000
Ehrlichia muris	35795	S	2	3	5	0.00000
Ehrlichia sp. HF	391036	S	1	1	2	0.00000
Anaplasma phagocytophilum	948	S	18	-18	0	0.00000
Anaplasma platys	949	S	15	1	16	0.00000
Anaplasma centrale	769	S	1	5	6	0.00000
Neorickettsia risticii	950	S	3	4	7	0.00000
Neorickettsia helminthoeca	33994	S	3	0	3	0.00000
Neorickettsia sennetsu	951	S	2	2	4	0.00000
Neorickettsia findlayensis	2686014	S	2	1	3	0.00000
Rickettsiales endosymbiont of Stachyamoeba lipophora	2486578	S	31	3	34	0.00001
Candidatus Midichloria mitochondrii	234827	S	15	1	16	0.00000
Candidatus Fokinia solitaria	1802984	S	7	0	7	0.00000
Candidatus Deianiraea vastatrix	2163644	S	14	0	14	0.00000
Phreatobacter cathodiphilus	1868589	S	160	20	180	0.00006
Phreatobacter stygius	1940610	S	135	8	143	0.00004
Phreatobacter sp. NMCR1094	2570229	S	74	6	80	0.00002
Micavibrio aeruginosavorus	349221	S	57	0	57	0.00002
Candidatus Puniceispirillum marinum	767892	S	5	0	5	0.00000
Hyphomonas sp. CACIAM 19H1	1873716	S	129	4	133	0.00004
Hyphomonas sp. KY3	2016196	S	54	8	62	0.00002
Hyphomonas sp. Mor2	1906738	S	35	0	35	0.00001
Hirschia baltica	2724	S	22	0	22	0.00001
Glycocaulis alkaliphilus	1434191	S	76	5	81	0.00003
Marinicauda algicola	2029849	S	51	11	62	0.00002
Hyphobacterium sp. CCMP332	2749086	S	46	0	46	0.00001
Maricaulis maris	74318	S	36	2	38	0.00001
Candidatus Pelagibacter sp. IMCC9063	1002672	S	27	0	27	0.00001
Candidatus Pelagibacter sp. HIMB1321	1388755	S	18	0	18	0.00001
Candidatus Pelagibacter sp. RS39	1977864	S	16	0	16	0.00000
Candidatus Pelagibacter sp. RS40	1977865	S	13	0	13	0.00000
Candidatus Pelagibacter sp. FZCC0015	2268451	S	9	0	9	0.00000
Candidatus Pelagibacter giovannonii	2563896	S	28	11	39	0.00001
Candidatus Pelagibacter ubique	198252	S	13	5	18	0.00001
Candidatus Fonsibacter ubiquis	1925548	S	13	0	13	0.00000
endosymbiont of Acanthamoeba sp. UWC8	86106	S	30	0	30	0.00001
Candidatus Cytomitobacter indipagum	2601575	S	24	0	24	0.00001
Candidatus Nesciobacter abundans	2601668	S	10	0	10	0.00000
Candidatus Paracaedibacter acanthamoebae	91604	S	32	0	32	0.00001
Candidatus Nucleicultrix amoebiphila	1509244	S	8	0	8	0.00000
Magnetococcus marinus	1124597	S	37	0	37	0.00001
Luteithermobacter gelatinilyticus	2582913	S	12	0	12	0.00000
Paremcibacter congregatus	2043170	S	11	0	11	0.00000
Kordiimonas pumila	2161677	S	19	0	19	0.00001
Parvularcula bermudensis	208216	S	18	3	21	0.00001
Myxococcus xanthus	34	S	116	55	171	0.00005
Myxococcus hansupus	1297742	S	53	18	71	0.00002
Myxococcus stipitatus	83455	S	44	17	61	0.00002
Myxococcus sp. SCHIC003	2813577	S	32	12	44	0.00001
Corallococcus coralloides	184914	S	120	21	141	0.00004
Corallococcus macrosporus	35	S	56	55	111	0.00003
Pyxidicoccus sp. SCPEA002	2813578	S	64	7	71	0.00002
Archangium violaceum	83451	S	140	31	171	0.00005
Archangium gephyra	48	S	56	15	71	0.00002
Cystobacter fuscus	43	S	106	32	138	0.00004
Stigmatella aurantiaca	41	S	92	14	106	0.00003
Melittangium boletus	83453	S	70	19	89	0.00003
Anaeromyxobacter sp. Fw109-5	404589	S	58	2	60	0.00002
Anaeromyxobacter sp. K	447217	S	31	35	66	0.00002
Anaeromyxobacter dehalogenans	161493	S	75	37	112	0.00003
Vulgatibacter incomptus	1391653	S	50	1	51	0.00002
Sorangium cellulosum	56	S	480	60	540	0.00017
Chondromyces crocatus	52	S	142	8	150	0.00005
Pajaroellobacter abortibovis	1882918	S	4	0	4	0.00000
Labilithrix luteola	1391654	S	256	10	266	0.00008
Minicystis rosea	888845	S	215	21	236	0.00007
Sandaracinus amylolyticus	927083	S	129	3	132	0.00004
Haliangium ochraceum	80816	S	150	2	152	0.00005
Desulfovibrio vulgaris	881	S	69	1	70	0.00002
Desulfovibrio piger	901	S	51	4	55	0.00002
Desulfovibrio gigas	879	S	48	0	48	0.00001
Desulfovibrio marinus	370038	S	42	0	42	0.00001
Desulfovibrio desulfuricans	876	S	37	6	43	0.00001
Desulfovibrio fairfieldensis	44742	S	35	1	36	0.00001
Desulfovibrio carbinoliphilus	345370	S	31	1	32	0.00001
Desulfovibrio alaskensis	58180	S	29	28	57	0.00002
Desulfovibrio sp. IOR2	2583823	S	21	2	23	0.00001
Desulfovibrio sp. 86	2666132	S	7	1	8	0.00000
Desulfovibrio sulfodismutans	63561	S	24	4	28	0.00001
Candidatus Desulfovibrio trichonymphae	1725232	S	24	0	24	0.00001
Desulfovibrio magneticus	184917	S	18	18	36	0.00001
Desulfovibrio ferrophilus	241368	S	13	0	13	0.00000
Desulfovibrio carbinolicus	296842	S	13	14	27	0.00001
Pseudodesulfovibrio indicus	1716143	S	41	7	48	0.00001
Pseudodesulfovibrio cashew	2678688	S	36	8	44	0.00001
Pseudodesulfovibrio mercurii	641491	S	25	4	29	0.00001
Pseudodesulfovibrio aespoeensis	182210	S	16	9	25	0.00001
Pseudodesulfovibrio profundus	57320	S	14	13	27	0.00001
Pseudodesulfovibrio piezophilus	879567	S	6	0	6	0.00000
Pseudodesulfovibrio sp. zrk46	2725288	S	1	0	1	0.00000
Maridesulfovibrio salexigens	880	S	19	2	21	0.00001
Maridesulfovibrio hydrothermalis	191026	S	15	2	17	0.00001
Desulfocurvibacter africanus	873	S	29	0	29	0.00001
Lawsonia intracellularis	29546	S	18	-18	0	0.00000
Desulfolutivibrio sulfoxidireducens	2773299	S	12	2	14	0.00000
Desulfomicrobium baculatum	899	S	21	1	22	0.00001
Desulfomicrobium orale	132132	S	6	1	7	0.00000
Desulfohalobium retbaense	45663	S	1	0	1	0.00000
Geobacter sp. SVR	2495594	S	186	14	200	0.00006
Geobacter sp. M18	443143	S	54	18	72	0.00002
Geobacter sp. FeAm09	2597769	S	44	2	46	0.00001
Geobacter sp. Jerry-YX	2815309	S	27	3	30	0.00001
Geobacter sp. DSM 9736	1277350	S	12	0	12	0.00000
Geobacter sp. M21	443144	S	8	6	14	0.00000
Geobacter sulfurreducens	35554	S	65	17	82	0.00003
Geobacter lovleyi	313985	S	47	3	50	0.00002
Geobacter bremensis	60035	S	29	11	40	0.00001
Geobacter pickeringii	345632	S	18	1	19	0.00001
Geobacter uraniireducens	351604	S	16	0	16	0.00000
Geobacter daltonii	1203471	S	12	0	12	0.00000
Geobacter metallireducens	28232	S	11	0	11	0.00000
Geobacter bemidjiensis	225194	S	7	5	12	0.00000
Geoalkalibacter subterraneus	483547	S	28	13	41	0.00001
Desulfuromonas soudanensis	1603606	S	38	12	50	0.00002
Desulfuromonas sp. DDH964	1823759	S	26	10	36	0.00001
Pelobacter propionicus	29543	S	50	4	54	0.00002
Syntrophotalea acetylenica	29542	S	31	1	32	0.00001
Syntrophotalea carbinolica	19	S	17	0	17	0.00001
Syntrophotalea acetylenivorans	1842532	S	11	0	11	0.00000
Desulfonema magnum	45655	S	97	2	99	0.00003
Desulfonema limicola	45656	S	17	1	18	0.00001
Desulfosarcina ovata	83564	S	27	1	28	0.00001
Desulfosarcina widdelii	947919	S	17	3	20	0.00001
Desulfosarcina alkanivorans	571177	S	15	10	25	0.00001
Desulfococcus multivorans	897	S	28	10	38	0.00001
Desulfococcus oleovorans	181663	S	10	1	11	0.00000
Desulfobacter postgatei	2293	S	17	2	19	0.00001
Desulfobacter hydrogenophilus	2291	S	15	2	17	0.00001
Desulfobacterium autotrophicum	2296	S	24	2	26	0.00001
Desulfatibacillum aliphaticivorans	218208	S	14	0	14	0.00000
Desulfobacula toluolica	28223	S	13	2	15	0.00000
Desulfobulbus propionicus	894	S	35	1	36	0.00001
Desulfobulbus oralis	1986146	S	11	1	12	0.00000
Desulfobulbus oligotrophicus	1909699	S	4	5	9	0.00000
Desulfopila sp. IMCC35004	2569540	S	37	0	37	0.00001
Desulfopila sp. IMCC35005	2569541	S	7	0	7	0.00000
Desulfotalea psychrophila	84980	S	11	0	11	0.00000
Desulfocapsa sulfexigens	65555	S	7	0	7	0.00000
Desulfurivibrio alkaliphilus	427923	S	6	0	6	0.00000
Persicimonas caeni	2292766	S	60	14	74	0.00002
Bradymonas sediminis	1548548	S	24	14	38	0.00001
Desulfoglaeba alkanexedens	361111	S	16	0	16	0.00000
Syntrophobacter fumaroxidans	119484	S	11	2	13	0.00000
Syntrophus aciditrophicus	316277	S	11	0	11	0.00000
Desulfomonile tiedjei	2358	S	7	0	7	0.00000
Desulfobacca acetoxidans	60893	S	5	0	5	0.00000
Desulfarculus baarsii	453230	S	46	19	65	0.00002
Candidatus Desulfofervidus auxilii	1621989	S	8	0	8	0.00000
Aliarcobacter cryaerophilus	28198	S	75	14	89	0.00003
Aliarcobacter faecis	1564138	S	35	4	39	0.00001
Aliarcobacter cibarius	255507	S	32	7	39	0.00001
Aliarcobacter butzleri	28197	S	20	3	23	0.00001
[Arcobacter] porcinus	1935204	S	12	3	15	0.00000
Aliarcobacter lanthieri	1355374	S	11	1	12	0.00000
Aliarcobacter trophiarum	708186	S	9	1	10	0.00000
Aliarcobacter skirrowii	28200	S	7	1	8	0.00000
Aliarcobacter thereius	544718	S	7	1	8	0.00000
Arcobacter venerupis	1054033	S	40	9	49	0.00002
Arcobacter nitrofigilis	28199	S	26	2	28	0.00001
Arcobacter suis	1278212	S	25	6	31	0.00001
Arcobacter defluvii	873191	S	22	5	27	0.00001
Arcobacter ellisii	913109	S	13	4	17	0.00001
Arcobacter aquimarinus	1315211	S	13	6	19	0.00001
Arcobacter cloacae	1054034	S	10	5	15	0.00000
Arcobacter anaerophilus	877500	S	7	0	7	0.00000
Arcobacter sp. FWKO B	2593672	S	6	0	6	0.00000
Arcobacter peruensis	2320140	S	3	20	23	0.00001
Halarcobacter ebronensis	1462615	S	69	4	73	0.00002
Halarcobacter bivalviorum	663364	S	10	0	10	0.00000
Malaciobacter mytili	603050	S	22	4	26	0.00001
Malaciobacter molluscorum	1032072	S	15	2	17	0.00001
Malaciobacter pacificus	1080223	S	10	1	11	0.00000
Malaciobacter canalis	1912871	S	9	5	14	0.00000
Malaciobacter halophilus	197482	S	8	1	9	0.00000
Malaciobacter marinus	505249	S	2	1	3	0.00000
Poseidonibacter lekithochrous	1904463	S	19	2	21	0.00001
Poseidonibacter parvus	1850254	S	8	51	59	0.00002
Pseudoarcobacter acticola	1849015	S	8	1	9	0.00000
Campylobacter sp. RM16192	1660080	S	13	0	13	0.00000
Campylobacter sp. RM12175	1660076	S	10	3	13	0.00000
Campylobacter sp. 2014D-0216	1813595	S	9	3	12	0.00000
Campylobacter sp. CCUG 57310	2517362	S	8	0	8	0.00000
Campylobacter sp. RM16704	1500960	S	7	1	8	0.00000
Campylobacter sp. RM6914	1032243	S	7	0	7	0.00000
Campylobacter concisus	199	S	52	2	54	0.00002
Campylobacter lari	201	S	46	12	58	0.00002
Campylobacter iguaniorum	1244531	S	44	4	48	0.00001
Campylobacter sputorum	206	S	27	3	30	0.00001
Campylobacter jejuni	197	S	23	55	78	0.00002
Campylobacter ureolyticus	827	S	20	2	22	0.00001
Campylobacter insulaenigrae	260714	S	19	2	21	0.00001
Campylobacter hominis	76517	S	17	1	18	0.00001
Campylobacter pinnipediorum	1965231	S	16	0	16	0.00000
Campylobacter coli	195	S	16	34	50	0.00002
Campylobacter hyointestinalis	198	S	15	1	16	0.00000
Candidatus Campylobacter infans	2561898	S	13	0	13	0.00000
Campylobacter gracilis	824	S	13	0	13	0.00000
Campylobacter blaseri	2042961	S	12	0	12	0.00000
Campylobacter hepaticus	1813019	S	12	0	12	0.00000
Campylobacter canadensis	449520	S	12	0	12	0.00000
Campylobacter curvus	200	S	11	0	11	0.00000
Campylobacter fetus	196	S	10	1	11	0.00000
Campylobacter geochelonis	1780362	S	10	0	10	0.00000
Campylobacter lanienae	75658	S	9	1	10	0.00000
Campylobacter showae	204	S	8	0	8	0.00000
Campylobacter corcagiensis	1448857	S	8	0	8	0.00000
Campylobacter cuniculorum	374106	S	8	0	8	0.00000
Campylobacter helveticus	28898	S	8	4	12	0.00000
Campylobacter rectus	203	S	8	0	8	0.00000
Campylobacter ornithocola	1848766	S	6	1	7	0.00000
Campylobacter volucris	1031542	S	5	0	5	0.00000
Campylobacter peloridis	488546	S	5	0	5	0.00000
Campylobacter armoricus	2505970	S	5	0	5	0.00000
Campylobacter mucosalis	202	S	5	0	5	0.00000
Campylobacter subantarcticus	497724	S	3	1	4	0.00000
Campylobacter avium	522485	S	2	0	2	0.00000
Campylobacter upsaliensis	28080	S	1	0	1	0.00000
Sulfurospirillum sp. UCH001	1581011	S	53	5	58	0.00002
Sulfurospirillum sp. JPD-1	220622	S	5	20	25	0.00001
Sulfurospirillum halorespirans	194424	S	8	2	10	0.00000
Sulfurospirillum multivorans	66821	S	7	2	9	0.00000
Sulfurospirillum barnesii	44674	S	3	0	3	0.00000
Sulfurospirillum deleyianum	65553	S	2	0	2	0.00000
Sulfurospirillum cavolei	366522	S	2	0	2	0.00000
Helicobacter pylori	210	S	99	18	117	0.00004
Helicobacter hepaticus	32025	S	16	3	19	0.00001
Helicobacter apodemus	135569	S	14	1	15	0.00000
Helicobacter mustelae	217	S	13	0	13	0.00000
Helicobacter canadensis	123841	S	10	2	12	0.00000
Helicobacter bilis	37372	S	10	4	14	0.00000
Helicobacter felis	214	S	9	0	9	0.00000
Helicobacter cholecystus	45498	S	9	0	9	0.00000
Helicobacter sp. MIT 01-6242	222136	S	8	0	8	0.00000
Helicobacter cetorum	138563	S	6	0	6	0.00000
Helicobacter cinaedi	213	S	5	1	6	0.00000
Helicobacter bizzozeronii	56877	S	3	0	3	0.00000
Helicobacter winghamensis	157268	S	3	0	3	0.00000
Helicobacter pullorum	35818	S	2	0	2	0.00000
Helicobacter heilmannii	35817	S	2	0	2	0.00000
Helicobacter typhlonius	76936	S	2	0	2	0.00000
Helicobacter himalayensis	1591088	S	2	0	2	0.00000
Helicobacter suis	104628	S	1	0	1	0.00000
Helicobacter acinonychis	212	S	1	0	1	0.00000
Wolinella succinogenes	844	S	2	0	2	0.00000
Sulfurimonas sp. GYSZ_1	2590022	S	11	0	11	0.00000
Sulfurimonas sp. B2	2590551	S	5	0	5	0.00000
Sulfurimonas sp. S2-6	2590020	S	4	0	4	0.00000
Sulfurimonas sp. CVO	2283483	S	3	13	16	0.00000
Sulfurimonas sp. NW10	2509341	S	1	0	1	0.00000
Sulfurimonas sp. H1576	2672570	S	1	0	1	0.00000
Sulfurimonas gotlandica	1176482	S	15	1	16	0.00000
Candidatus Sulfurimonas marisnigri	2740405	S	14	1	15	0.00000
Sulfurimonas denitrificans	39766	S	11	1	12	0.00000
Candidatus Sulfurimonas baltica	2740404	S	8	1	9	0.00000
Sulfurimonas autotrophica	202747	S	6	0	6	0.00000
Sulfurimonas paralvinellae	317658	S	2	0	2	0.00000
Sulfuricurvum kujiense	148813	S	32	1	33	0.00001
Sulfurovum lithotrophicum	206403	S	17	1	18	0.00001
Sulfurovum indicum	2779528	S	5	0	5	0.00000
Sulfurovum sp. NBC37-1	387093	S	3	0	3	0.00000
Nitratifractor salsuginis	269261	S	1	0	1	0.00000
Hydrogenimonas urashimensis	2740515	S	8	0	8	0.00000
Caminibacter mediatlanticus	291048	S	38	3	41	0.00001
Nautilia profundicola	244787	S	5	1	6	0.00000
Nautilia sp. PV-1	2579250	S	4	1	5	0.00000
Cetia pacifica	1424653	S	8	1	9	0.00000
Nitratiruptor sp. SB155-2	387092	S	16	11	27	0.00001
Nitratiruptor sp. YY09-18	2724901	S	4	1	5	0.00000
Nitratiruptor labii	2706014	S	28	2	30	0.00001
Nitrosophilus alvini	2714855	S	1	0	1	0.00000
Bdellovibrio sp. NC01	2220073	S	112	14	126	0.00004
Bdellovibrio sp. ZAP7	2231053	S	40	20	60	0.00002
Bdellovibrio sp. KM01	2748865	S	21	10	31	0.00001
Bdellovibrio bacteriovorus	959	S	144	11	155	0.00005
Bdellovibrio exovorus	453816	S	33	0	33	0.00001
Bacteriovorax stolpii	960	S	45	2	47	0.00001
Halobacteriovorax marinus	97084	S	20	2	22	0.00001
Halobacteriovorax sp. BALOs_7	2109558	S	15	0	15	0.00000
Silvanigrella aquatica	1915309	S	37	0	37	0.00001
Acidithiobacillus ferrivorans	160808	S	108	8	116	0.00004
Acidithiobacillus caldus	33059	S	39	3	42	0.00001
Acidithiobacillus ferrooxidans	920	S	29	32	61	0.00002
Acidithiobacillus thiooxidans	930	S	22	2	24	0.00001
Acidithiobacillus sp. 'AMD consortium'	2614801	S	1	18	19	0.00001
Hydrogenophilus thermoluteolus	297	S	45	1	46	0.00001
Mariprofundus ferrinatatus	1921087	S	8	1	9	0.00000
Mariprofundus aestuarium	1921086	S	7	1	8	0.00000
Rhodococcus sp. YL-1	1045808	S	406	1680	2086	0.00065
Rhodococcus sp. NJ-530	2490853	S	215	1028	1243	0.00039
Rhodococcus sp. 008	1723645	S	152	778	930	0.00029
Rhodococcus sp. AQ5-07	2054902	S	118	398	516	0.00016
Rhodococcus sp. P-2	2795031	S	105	24	129	0.00004
Rhodococcus sp. BH4	1807790	S	77	402	479	0.00015
Rhodococcus sp. PBTS 2	1653479	S	68	38	106	0.00003
Rhodococcus sp. MTM3W5.2	1805827	S	62	6	68	0.00002
Rhodococcus sp. B7740	1564114	S	56	3	59	0.00002
Rhodococcus sp. H-CA8f	1727214	S	44	185	229	0.00007
Rhodococcus sp. SGAir0479	2567884	S	43	5	48	0.00001
Rhodococcus sp. X156	2499145	S	41	5	46	0.00001
Rhodococcus sp. PBTS 1	1653478	S	38	4	42	0.00001
Rhodococcus sp. ABRD24	2507582	S	35	2	37	0.00001
Rhodococcus sp. WAY2	2663121	S	32	19	51	0.00002
Rhodococcus sp. P1Y	1302308	S	24	1	25	0.00001
Rhodococcus sp. W8901	2742603	S	24	2	26	0.00001
Rhodococcus sp. R79	2811421	S	22	4	26	0.00001
Rhodococcus sp. WMMA185	679318	S	19	1	20	0.00001
Rhodococcus sp. PSBB049	2812863	S	13	264	277	0.00009
Rhodococcus sp. 2G	1570939	S	11	32	43	0.00001
Rhodococcus sp. WB9	2594007	S	10	12	22	0.00001
Rhodococcus sp. M8	1925550	S	9	28	37	0.00001
Rhodococcus sp. 21391	2683591	S	7	30	37	0.00001
Rhodococcus sp. S2-17	1990687	S	6	14	20	0.00001
Rhodococcus sp. ZPP	2749906	S	5	14	19	0.00001
Rhodococcus sp. DMU1	2722825	S	5	15	20	0.00001
Rhodococcus sp. NS1	402236	S	4	1	5	0.00000
Rhodococcus sp. p52	935199	S	3	11	14	0.00000
Rhodococcus erythropolis	1833	S	1145	3992	5137	0.00160
Rhodococcus qingshengii	334542	S	1078	5454	6532	0.00204
Rhodococcus ruber	1830	S	154	32	186	0.00006
Rhodococcus fascians	1828	S	119	22	141	0.00004
Rhodococcus opacus	37919	S	93	45	138	0.00004
Rhodococcus rhodochrous	1829	S	53	15	68	0.00002
Rhodococcus hoagii	43767	S	49	9	58	0.00002
Rhodococcus coprophilus	38310	S	29	2	31	0.00001
Rhodococcus koreensis	99653	S	22	3	25	0.00001
Rhodococcus pyridinivorans	103816	S	19	57	76	0.00002
Rhodococcus triatomae	300028	S	15	1	16	0.00000
Rhodococcus jostii	132919	S	12	4	16	0.00000
Rhodococcus imtechensis	262776	S	12	45	57	0.00002
Rhodococcus biphenylivorans	1500843	S	6	38	44	0.00001
Rhodococcus aetherivorans	191292	S	2	24	26	0.00001
Nocardia asteroides	1824	S	196	61	257	0.00008
Nocardia mangyaensis	2213200	S	183	40	223	0.00007
Nocardia brasiliensis	37326	S	117	18	135	0.00004
Nocardia sp. CS682	1047172	S	72	11	83	0.00003
Nocardia sp. WCH-YHL-001	2755382	S	42	5	47	0.00001
Nocardia cyriacigeorgica	135487	S	104	30	134	0.00004
Nocardia farcinica	37329	S	89	27	116	0.00004
Nocardia terpenica	455432	S	67	7	74	0.00002
Nocardia nova	37330	S	53	4	57	0.00002
Nocardia arthritidis	228602	S	52	4	56	0.00002
Nocardia yunnanensis	2382165	S	43	9	52	0.00002
Nocardia wallacei	480035	S	36	6	42	0.00001
Nocardia otitidiscaviarum	1823	S	31	4	35	0.00001
Nocardia seriolae	37332	S	15	3	18	0.00001
Corynebacterium tuberculostearicum	38304	S	1416	361	1777	0.00055
Corynebacterium sp. zg-917	2763010	S	528	59	587	0.00018
Corynebacterium sp. NML98-0116	702967	S	53	6	59	0.00002
Corynebacterium sp. Marseille-Q3630	2754725	S	27	2	29	0.00001
Corynebacterium sp. 2039	2675219	S	26	1	27	0.00001
Corynebacterium sp. 1959	2675216	S	25	2	27	0.00001
Corynebacterium sp. 2019	2675218	S	12	0	12	0.00000
Corynebacterium sp. FDAARGOS 1242	2778078	S	11	6	17	0.00001
Corynebacterium sp. MC1420	2709392	S	11	0	11	0.00000
Corynebacterium sp. zg-320	2768834	S	10	0	10	0.00000
Corynebacterium sp. LMM-1652	2487892	S	9	0	9	0.00000
Corynebacterium sp. ZJ-599	2709394	S	9	0	9	0.00000
Corynebacterium sp. 4H37-19	2684405	S	4	0	4	0.00000
Corynebacterium sp. NML93-0612	699041	S	2	9	11	0.00000
Corynebacterium sp. sy039	2599641	S	1	0	1	0.00000
Corynebacterium kefirresidentii	1979527	S	232	72	304	0.00009
Corynebacterium ureicelerivorans	401472	S	162	17	179	0.00006
Corynebacterium jeikeium	38289	S	130	101	231	0.00007
Corynebacterium lactis	1231000	S	113	5	118	0.00004
Corynebacterium xerosis	1725	S	110	23	133	0.00004
Corynebacterium kroppenstedtii	161879	S	103	4	107	0.00003
Corynebacterium vitaeruminis	38305	S	86	13	99	0.00003
Corynebacterium segmentosum	43990	S	76	5	81	0.00003
Corynebacterium glucuronolyticum	39791	S	75	5	80	0.00002
Corynebacterium simulans	146827	S	74	15	89	0.00003
Corynebacterium aurimucosum	169292	S	69	7	76	0.00002
Corynebacterium singulare	161899	S	65	13	78	0.00002
Corynebacterium riegelii	156976	S	59	4	63	0.00002
Corynebacterium matruchotii	43768	S	57	1	58	0.00002
Corynebacterium minutissimum	38301	S	55	9	64	0.00002
Corynebacterium sanguinis	2594913	S	53	14	67	0.00002
Corynebacterium striatum	43770	S	52	16	68	0.00002
Corynebacterium genitalium	38288	S	49	3	52	0.00002
Corynebacterium imitans	156978	S	49	6	55	0.00002
Corynebacterium ammoniagenes	1697	S	48	3	51	0.00002
Corynebacterium diphtheriae	1717	S	46	8	54	0.00002
Corynebacterium variabile	1727	S	42	14	56	0.00002
Corynebacterium liangguodongii	2079535	S	41	2	43	0.00001
Corynebacterium halotolerans	225326	S	39	2	41	0.00001
Corynebacterium glaucum	187491	S	38	2	40	0.00001
Corynebacterium frankenforstense	1230998	S	35	2	37	0.00001
Corynebacterium testudinoris	136857	S	34	2	36	0.00001
Corynebacterium propinquum	43769	S	33	2	35	0.00001
Corynebacterium terpenotabidum	89154	S	30	2	32	0.00001
Corynebacterium macginleyi	38290	S	30	1	31	0.00001
Corynebacterium yudongzhengii	2080740	S	30	1	31	0.00001
Corynebacterium urealyticum	43771	S	29	12	41	0.00001
Corynebacterium bovis	36808	S	28	1	29	0.00001
Corynebacterium camporealensis	161896	S	28	1	29	0.00001
Corynebacterium humireducens	1223514	S	25	1	26	0.00001
Corynebacterium flavescens	28028	S	24	1	25	0.00001
Corynebacterium resistens	258224	S	22	9	31	0.00001
Corynebacterium phocae	161895	S	21	0	21	0.00001
Corynebacterium marinum	349751	S	20	3	23	0.00001
Corynebacterium doosanense	1121358	S	20	5	25	0.00001
Corynebacterium timonense	441500	S	20	1	21	0.00001
Corynebacterium atypicum	191610	S	20	2	22	0.00001
Corynebacterium efficiens	152794	S	19	0	19	0.00001
Corynebacterium mycetoides	38302	S	18	2	20	0.00001
Corynebacterium ulcerans	65058	S	16	1	17	0.00001
Corynebacterium maris	575200	S	16	0	16	0.00000
Corynebacterium sphenisci	191493	S	15	1	16	0.00000
Corynebacterium crudilactis	1652495	S	15	4	19	0.00001
Corynebacterium provencense	1737425	S	14	0	14	0.00000
Corynebacterium cystitidis	35757	S	14	0	14	0.00000
Corynebacterium amycolatum	43765	S	12	22	34	0.00001
Corynebacterium mustelae	571915	S	12	0	12	0.00000
Corynebacterium epidermidicanis	1050174	S	11	0	11	0.00000
Corynebacterium glyciniphilum	1404244	S	10	0	10	0.00000
Corynebacterium stationis	1705	S	10	0	10	0.00000
Corynebacterium nuruki	1032851	S	10	0	10	0.00000
Corynebacterium aquilae	203263	S	10	0	10	0.00000
Corynebacterium casei	160386	S	10	10	20	0.00001
Corynebacterium uterequi	1072256	S	10	0	10	0.00000
Corynebacterium callunae	1721	S	9	1	10	0.00000
Corynebacterium anserum	2684406	S	7	0	7	0.00000
Corynebacterium argentoratense	42817	S	7	0	7	0.00000
Corynebacterium kutscheri	35755	S	7	0	7	0.00000
Corynebacterium endometrii	2488819	S	7	0	7	0.00000
Corynebacterium deserti	1408191	S	6	0	6	0.00000
Corynebacterium renale	1724	S	6	0	6	0.00000
Corynebacterium choanis	1862358	S	5	0	5	0.00000
Corynebacterium glutamicum	1718	S	5	648	653	0.00020
Corynebacterium rouxii	2719119	S	4	0	4	0.00000
Corynebacterium pseudotuberculosis	1719	S	4	0	4	0.00000
Corynebacterium geronticis	2079234	S	4	0	4	0.00000
Corynebacterium pelargi	1471400	S	4	0	4	0.00000
Corynebacterium suranareeae	2506452	S	2	0	2	0.00000
Corynebacterium pseudopelargi	2080757	S	2	0	2	0.00000
Mycolicibacterium fortuitum	1766	S	152	14	166	0.00005
Mycolicibacterium fluoranthenivorans	258505	S	79	4	83	0.00003
Mycolicibacterium smegmatis	1772	S	76	8	84	0.00003
Mycolicibacterium sp. LJ126	2761578	S	38	2	40	0.00001
Mycolicibacterium sp. Z-34	2736649	S	34	1	35	0.00001
Mycolicibacterium sp. CBMA 213	1968788	S	4	0	4	0.00000
Mycolicibacterium aurum	1791	S	65	5	70	0.00002
Mycolicibacterium litorale	758802	S	60	7	67	0.00002
Mycolicibacterium arabiense	1286181	S	57	2	59	0.00002
Mycolicibacterium boenickei	146017	S	55	63	118	0.00004
Mycolicibacterium alvei	67081	S	50	6	56	0.00002
Mycolicibacterium phocaicum	319706	S	50	7	57	0.00002
Mycolicibacterium sediminis	1286180	S	49	4	53	0.00002
Mycolicibacterium frederiksbergense	117567	S	46	9	55	0.00002
Mycolicibacterium insubricum	444597	S	42	5	47	0.00001
Mycolicibacterium madagascariense	212765	S	40	2	42	0.00001
Mycolicibacterium mageritense	53462	S	40	2	42	0.00001
Mycolicibacterium duvalii	39688	S	39	3	42	0.00001
Mycolicibacterium hassiacum	46351	S	38	4	42	0.00001
Mycolicibacterium psychrotolerans	216929	S	37	2	39	0.00001
Mycolicibacterium fallax	1793	S	37	6	43	0.00001
Mycolicibacterium gilvum	1804	S	36	7	43	0.00001
Mycolicibacterium rutilum	370526	S	36	4	40	0.00001
Mycolicibacterium parafortuitum	39692	S	35	2	37	0.00001
Mycolicibacterium tokaiense	39695	S	35	2	37	0.00001
Mycolicibacterium vaccae	1810	S	34	2	36	0.00001
Mycolicibacterium thermoresistibile	1797	S	34	2	36	0.00001
Mycolicibacterium phlei	1771	S	33	4	37	0.00001
Mycolicibacterium celeriflavum	1249101	S	32	2	34	0.00001
Mycolicibacterium mucogenicum	56689	S	31	4	35	0.00001
Mycolicibacterium chitae	1792	S	28	2	30	0.00001
Mycolicibacterium helvum	1534349	S	27	1	28	0.00001
Mycolicibacterium anyangense	1431246	S	24	1	25	0.00001
Mycolicibacterium confluentis	28047	S	23	1	24	0.00001
Mycolicibacterium aubagnense	319707	S	23	2	25	0.00001
Mycolicibacterium pulveris	36813	S	22	1	23	0.00001
Mycolicibacterium goodii	134601	S	21	1	22	0.00001
Mycolicibacterium gadium	1794	S	20	2	22	0.00001
Mycolicibacterium chubuense	1800	S	19	2	21	0.00001
Mycolicibacterium aichiense	1799	S	19	2	21	0.00001
Mycolicibacterium vanbaalenii	110539	S	19	64	83	0.00003
Mycolicibacterium moriokaense	39691	S	15	0	15	0.00000
Mycolicibacterium rhodesiae	36814	S	14	1	15	0.00000
Mycolicibacterium sarraceniae	1534348	S	14	0	14	0.00000
Mycolicibacterium austroafricanum	39687	S	13	45	58	0.00002
Mycolicibacterium doricum	126673	S	11	1	12	0.00000
Mycolicibacterium nivoides	2487344	S	10	38	48	0.00001
Mycolicibacterium poriferae	39694	S	5	8	13	0.00000
Mycolicibacterium monacense	85693	S	3	11	14	0.00000
Mycobacterium sp. YC-RL4	1682113	S	45	8	53	0.00002
Mycobacterium sp. DL592	2675524	S	43	2	45	0.00001
Mycobacterium sp. EPa45	1545728	S	35	2	37	0.00001
Mycobacterium sp. DL440	2675523	S	34	2	36	0.00001
Mycobacterium sp. MS1601	1936029	S	33	2	35	0.00001
Mycobacterium sp. JS623	212767	S	23	0	23	0.00001
Mycobacterium sp. KMS	189918	S	21	74	95	0.00003
Mycobacterium sp. QIA-37	1561223	S	19	82	101	0.00003
Mycobacterium sp. ELW1	1547487	S	16	2	18	0.00001
Mycobacterium sp. PYR15	2051552	S	9	17	26	0.00001
Mycobacterium sp. THAF192	2587868	S	9	13	22	0.00001
Mycobacterium sp. WY10	1920667	S	8	15	23	0.00001
Mycobacterium sp. MOTT36Y	1168287	S	1	15	16	0.00000
Mycobacterium saskatchewanense	220927	S	32	1	33	0.00001
Mycobacterium simiae	1784	S	26	0	26	0.00001
Mycobacterium heidelbergense	53376	S	22	1	23	0.00001
Mycobacterium florentinum	292462	S	22	0	22	0.00001
Mycobacterium kubicae	120959	S	21	3	24	0.00001
Mycobacterium parmense	185642	S	21	2	23	0.00001
Mycobacterium shigaense	722731	S	18	0	18	0.00001
Mycobacterium stomatepiae	470076	S	11	0	11	0.00000
Mycobacterium avium	1764	S	39	8	47	0.00001
Mycobacterium mantenii	560555	S	32	1	33	0.00001
Mycobacterium colombiense	339268	S	27	1	28	0.00001
Mycobacterium intracellulare	1767	S	25	63	88	0.00003
Mycobacterium marseillense	701042	S	22	2	24	0.00001
Mycobacterium paraintracellulare	1138383	S	4	29	33	0.00001
Mycobacterium gordonae	1778	S	60	1	61	0.00002
Mycobacterium grossiae	1552759	S	50	5	55	0.00002
Mycobacterium paraseoulense	590652	S	48	5	53	0.00002
Mycobacterium paragordonae	1389713	S	45	3	48	0.00001
Mycobacterium canettii	78331	S	23	1	24	0.00001
Mycobacterium tuberculosis	1773	S	6	48	54	0.00002
Mycobacterium gallinarum	39689	S	37	5	42	0.00001
Mycobacterium riyadhense	486698	S	33	0	33	0.00001
Mycobacterium shinjukuense	398694	S	31	1	32	0.00001
Mycobacterium heckeshornense	110505	S	30	0	30	0.00001
Mycobacterium dioxanotrophicus	482462	S	29	3	32	0.00001
Mycobacterium conspicuum	44010	S	28	1	29	0.00001
Mycobacterium seoulense	386911	S	20	2	22	0.00001
Mycobacterium xenopi	1789	S	18	1	19	0.00001
Mycobacterium branderi	43348	S	16	0	16	0.00000
Mycobacterium lacus	169765	S	16	0	16	0.00000
Mycobacterium basiliense	2094119	S	14	0	14	0.00000
Mycobacterium kansasii	1768	S	13	0	13	0.00000
Mycobacterium leprae	1769	S	12	0	12	0.00000
Mycobacterium cookii	1775	S	11	0	11	0.00000
Mycobacterium haemophilum	29311	S	10	0	10	0.00000
Mycobacterium marinum	1781	S	7	26	33	0.00001
Mycobacterium shottsii	133549	S	6	13	19	0.00001
Mycobacterium noviomagense	459858	S	4	0	4	0.00000
Mycobacterium novum	2492438	S	3	21	24	0.00001
Mycobacterium pseudoshottsii	265949	S	2	15	17	0.00001
Mycobacterium ulcerans	1809	S	1	4	5	0.00000
Mycobacteroides chelonae	1774	S	257	259	516	0.00016
Mycobacteroides abscessus	36809	S	88	14	102	0.00003
Mycobacteroides immunogenum	83262	S	55	7	62	0.00002
Mycobacteroides salmoniphilum	404941	S	30	1	31	0.00001
[Mycobacterium] stephanolepidis	1520670	S	21	5	26	0.00001
Mycobacteroides saopaulense	1578165	S	16	1	17	0.00001
Mycolicibacter terrae	1788	S	30	3	33	0.00001
Mycolicibacter minnesotensis	1118379	S	30	1	31	0.00001
Mycolicibacter hiberniae	29314	S	12	0	12	0.00000
Mycolicibacter sinensis	875328	S	2	12	14	0.00000
Mycolicibacillus koreensis	1069220	S	34	4	38	0.00001
Hoyosella subflava	639313	S	18	0	18	0.00001
Tsukamurella paurometabola	2061	S	823	151	974	0.00030
Tsukamurella tyrosinosolvens	57704	S	561	203	764	0.00024
Gordonia sp. JH63	2698900	S	65	81	146	0.00005
Gordonia sp. YC-JH1	2059875	S	46	23	69	0.00002
Gordonia sp. HY186	2597659	S	36	2	38	0.00001
Gordonia sp. PDNC005	2811424	S	36	2	38	0.00001
Gordonia sp. KTR9	337191	S	31	3	34	0.00001
Gordonia sp. 135	2676309	S	25	54	79	0.00002
Gordonia sp. 1D	1737359	S	4	11	15	0.00000
Gordonia bronchialis	2054	S	174	19	193	0.00006
Gordonia polyisoprenivorans	84595	S	132	7	139	0.00004
Gordonia phthalatica	1136941	S	99	25	124	0.00004
Gordonia terrae	2055	S	78	32	110	0.00003
Gordonia insulae	2420509	S	53	3	56	0.00002
Gordonia rubripertincta	36822	S	45	18	63	0.00002
Gordonia iterans	1004901	S	42	7	49	0.00002
Gordonia alkanivorans	84096	S	12	28	40	0.00001
Dietzia timorensis	499555	S	144	57	201	0.00006
Dietzia sp. oral taxon 368	712270	S	26	66	92	0.00003
Dietzia psychralcaliphila	139021	S	46	7	53	0.00002
Dietzia lutea	546160	S	36	11	47	0.00001
Tomitella sp. HY188	2597660	S	29	4	33	0.00001
Tomitella sp. HY172	2760083	S	28	3	31	0.00001
Lawsonella clevelandensis	1528099	S	47	2	49	0.00002
Segniliparus rotundus	286802	S	8	0	8	0.00000
Microbacterium sp. PM5	2014534	S	980	135	1115	0.00035
Microbacterium sp. No. 7	1714373	S	215	78	293	0.00009
Microbacterium sp. YJN-G	2763257	S	99	27	126	0.00004
Microbacterium sp. A18JL200	2782167	S	83	36	119	0.00004
Microbacterium sp. BH-3-3-3	1906742	S	82	13	95	0.00003
Microbacterium sp. A18JL241	2782166	S	78	12	90	0.00003
Microbacterium sp. 10M-3C3	2483401	S	78	21	99	0.00003
Microbacterium sp. WY121	2782168	S	77	11	88	0.00003
Microbacterium sp. 4R-513	2567934	S	77	9	86	0.00003
Microbacterium sp. RG1	2489212	S	75	9	84	0.00003
Microbacterium sp. NY27	2782169	S	73	10	83	0.00003
Microbacterium sp. Se63.02b	2709304	S	65	19	84	0.00003
Microbacterium sp. ABRD_28	2268461	S	52	4	56	0.00002
Microbacterium sp. CBA3102	2603598	S	50	14	64	0.00002
Microbacterium sp. Y-01	2048898	S	49	20	69	0.00002
Microbacterium sp. TPU 3598	1938334	S	49	12	61	0.00002
Microbacterium sp. LKL04	912630	S	47	8	55	0.00002
Microbacterium sp. XT11	367477	S	41	6	47	0.00001
Microbacterium sp. PAMC 28756	1795053	S	39	78	117	0.00004
Microbacterium sp. HY82	2708079	S	35	2	37	0.00001
Microbacterium sp. 1S1	2606451	S	35	28	63	0.00002
Microbacterium sp. JZ31	1906274	S	34	5	39	0.00001
Microbacterium sp. Nx66	2766784	S	27	33	60	0.00002
Microbacterium sp. HY60	2769067	S	22	0	22	0.00001
Microbacterium sp. 1.5R	1916917	S	7	33	40	0.00001
Microbacterium sp. SGAir0570	2070348	S	3	24	27	0.00001
Microbacterium sp. CGR1	1696072	S	2	10	12	0.00000
Microbacterium sp. str. 'China'	2103230	S	1	12	13	0.00000
Microbacterium hominis	162426	S	422	114	536	0.00017
Microbacterium aurum	36805	S	179	49	228	0.00007
Microbacterium lemovicicum	1072463	S	176	26	202	0.00006
Microbacterium foliorum	104336	S	133	29	162	0.00005
Microbacterium pygmaeum	370764	S	131	9	140	0.00004
Microbacterium oleivorans	273677	S	90	12	102	0.00003
Microbacterium chocolatum	84292	S	84	14	98	0.00003
Microbacterium protaetiae	2509458	S	82	12	94	0.00003
Microbacterium testaceum	2033	S	70	9	79	0.00002
Microbacterium schleiferi	69362	S	62	26	88	0.00003
Microbacterium sediminis	904291	S	62	37	99	0.00003
Microbacterium oxydans	82380	S	60	23	83	0.00003
Microbacterium caowuchunii	2614638	S	58	7	65	0.00002
Microbacterium amylolyticum	936337	S	58	10	68	0.00002
Microbacterium oryzae	743009	S	52	9	61	0.00002
Microbacterium esteraromaticum	57043	S	49	9	58	0.00002
Microbacterium wangchenii	2541726	S	46	9	55	0.00002
Microbacterium hydrocarbonoxydans	273678	S	43	7	50	0.00002
Microbacterium lushaniae	2614639	S	41	8	49	0.00002
Microbacterium paraoxydans	199592	S	31	312	343	0.00011
Microbacterium endophyticum	1526412	S	29	1	30	0.00001
Microbacterium paludicola	300019	S	2	17	19	0.00001
Rathayibacter sp. VKM Ac-2759	2609252	S	56	15	71	0.00002
Rathayibacter sp. VKM Ac-2760	2609253	S	43	16	59	0.00002
Rathayibacter sp. VKM Ac-2804	2609257	S	39	23	62	0.00002
Rathayibacter sp. VKM Ac-2762	2609254	S	10	25	35	0.00001
Rathayibacter sp. VKM Ac-2801	2609255	S	9	7	16	0.00000
Rathayibacter sp. VKM Ac-2805	2609258	S	1	2	3	0.00000
Rathayibacter festucae	110937	S	123	93	216	0.00007
Rathayibacter iranicus	59737	S	30	2	32	0.00001
Rathayibacter tritici	33888	S	26	5	31	0.00001
Rathayibacter rathayi	33887	S	20	3	23	0.00001
Rathayibacter tanaceti	1671680	S	19	3	22	0.00001
Rathayibacter toxicus	145458	S	11	0	11	0.00000
Curtobacterium sp. YC1	2795488	S	51	20	71	0.00002
Curtobacterium sp. 24E2	2804758	S	49	16	65	0.00002
Curtobacterium sp. SGAir0471	2070337	S	33	12	45	0.00001
Curtobacterium sp. MR_MD2014	1561023	S	21	8	29	0.00001
Curtobacterium sp. BH-2-1-1	1905847	S	19	6	25	0.00001
Curtobacterium sp. Csp2	2495430	S	10	21	31	0.00001
Curtobacterium flaccumfaciens	2035	S	117	43	160	0.00005
Curtobacterium pusillum	69373	S	41	11	52	0.00002
Agromyces sp. KACC 19306	2592652	S	52	10	62	0.00002
Agromyces sp. LHK192	2498704	S	45	9	54	0.00002
Agromyces sp. G127AT	2781962	S	38	7	45	0.00001
Agromyces sp. HY052	2585717	S	24	4	28	0.00001
Agromyces protaetiae	2509455	S	61	14	75	0.00002
Agromyces aureus	453304	S	60	14	74	0.00002
Agromyces badenianii	2080742	S	38	11	49	0.00002
Agromyces flavus	589382	S	35	8	43	0.00001
Leifsonia xyli	1575	S	132	29	161	0.00005
Leifsonia sp. PS1209	2724914	S	54	12	66	0.00002
Leifsonia sp. 21MFCrub1.1	1798223	S	34	38	72	0.00002
Leifsonia shinshuensis	150026	S	64	16	80	0.00002
Leucobacter triazinivorans	1784719	S	54	17	71	0.00002
Leucobacter muris	1935379	S	49	13	62	0.00002
Leucobacter insecticola	2714934	S	24	2	26	0.00001
Leucobacter viscericola	2714935	S	23	6	29	0.00001
Leucobacter coleopterorum	2714933	S	19	5	24	0.00001
Leucobacter sp. CX169	2813744	S	16	5	21	0.00001
Leucobacter denitrificans	683042	S	11	2	13	0.00000
Salinibacterium sp. ZJ450	2708338	S	51	5	56	0.00002
Salinibacterium sp. ZJ70	2708084	S	41	8	49	0.00002
Salinibacterium sp. dk2585	2603292	S	35	6	41	0.00001
Salinibacterium sp. UTAS2018	2508880	S	34	1	35	0.00001
Salinibacterium hongtaonis	2079791	S	39	5	44	0.00001
Clavibacter michiganensis	28447	S	126	39	165	0.00005
Clavibacter sp. DM1	2768071	S	27	19	46	0.00001
Rhodoluna limnophila	232537	S	59	4	63	0.00002
Rhodoluna lacicola	529884	S	44	3	47	0.00001
Candidatus Rhodoluna planktonica	535712	S	21	0	21	0.00001
Candidatus Aquiluna sp. 15G-AUS-rot	2499157	S	14	0	14	0.00000
Candidatus Aquiluna sp. UB-MaderosW2red	1855377	S	4	0	4	0.00000
Cryobacterium arcticum	670052	S	44	14	58	0.00002
Cryobacterium soli	2220095	S	39	11	50	0.00002
Cryobacterium sp. LW097	1978566	S	22	2	24	0.00001
Cryobacterium sp.	1926290	S	15	4	19	0.00001
Chryseoglobus sp. 28M-23	2772253	S	20	57	77	0.00002
Chryseoglobus indicus	2750620	S	17	50	67	0.00002
Agrococcus jejuensis	399736	S	43	13	56	0.00002
Agrococcus sp. SGAir0287	2070347	S	36	11	47	0.00001
Agrococcus carbonis	684552	S	25	6	31	0.00001
Microterricola viridarii	412690	S	108	19	127	0.00004
Frondihabitans sp. PAMC 28766	1795630	S	51	6	57	0.00002
Frondihabitans sp. 762G35	1446794	S	46	9	55	0.00002
Plantibacter sp. M259	2583822	S	20	22	42	0.00001
Plantibacter sp. PA-3-X8	2480625	S	10	11	21	0.00001
Plantibacter flavus	150123	S	18	18	36	0.00001
Microcella alkaliphila	279828	S	85	10	95	0.00003
Humibacter sp. WJ7-1	2599293	S	66	12	78	0.00002
Humibacter sp. BT305	2282656	S	6	59	65	0.00002
Protaetiibacter intestinalis	2419774	S	41	14	55	0.00002
Protaetiibacter sp. SSC-01	2759943	S	28	9	37	0.00001
Mycetocola zhujimingii	2079792	S	45	3	48	0.00001
Mycetocola sp. JXN-3	2116510	S	24	2	26	0.00001
Lysinimonas sp. KACC 19322	2592654	S	64	18	82	0.00003
Aurantimicrobium sp. MWH-Mo1	1987356	S	19	1	20	0.00001
Aurantimicrobium sp. MWH-Uga1	2079575	S	14	6	20	0.00001
Aurantimicrobium minutum	708131	S	14	7	21	0.00001
Agreia sp. COWG	2773266	S	55	5	60	0.00002
Frigoribacterium sp. NBH87	2596916	S	52	11	63	0.00002
Diaminobutyricimonas sp. LJ205	2683590	S	45	6	51	0.00002
Herbiconiux sp. SALV-R1	2735133	S	39	5	44	0.00001
Gryllotalpicola protaetiae	2419771	S	31	4	35	0.00001
Marisediminicola antarctica	674079	S	31	2	33	0.00001
Glaciihabitans sp. INWT7	2596912	S	24	1	25	0.00001
Pontimonas salivibrio	1159327	S	11	0	11	0.00000
Cnuibacter physcomitrellae	1619308	S	10	77	87	0.00003
Kocuria palustris	71999	S	884	189	1073	0.00033
Kocuria rhizophila	72000	S	348	271	619	0.00019
Kocuria turfanensis	388357	S	94	10	104	0.00003
Kocuria sp. TGY1120_3	2711329	S	38	3	41	0.00001
Kocuria sp. TGY1127_2	2711328	S	24	3	27	0.00001
Kocuria sp. KD4	2719588	S	17	8	25	0.00001
Kocuria sp. BT304	1702043	S	5	9	14	0.00000
Kocuria flava	446860	S	79	11	90	0.00003
Kocuria rosea	1275	S	74	7	81	0.00003
Kocuria varians	1272	S	64	26	90	0.00003
Kocuria indica	1049583	S	35	24	59	0.00002
Micrococcus luteus	1270	S	1049	1270	2319	0.00072
Micrococcus sp. KBS0714	1179670	S	13	76	89	0.00003
Micrococcus sp. A1	404583	S	6	13	19	0.00001
Micrococcus sp. MG-2010-D12	936902	S	2	0	2	0.00000
Arthrobacter sp. D5-1	1477518	S	125	37	162	0.00005
Arthrobacter sp. PM3	2017685	S	89	3	92	0.00003
Arthrobacter sp. ERGS1:01	1704044	S	83	6	89	0.00003
Arthrobacter sp. NEB 688	904039	S	67	13	80	0.00002
Arthrobacter sp. YN	2020486	S	64	11	75	0.00002
Arthrobacter sp. QXT-31	1357915	S	51	4	55	0.00002
Arthrobacter sp. YC-RL1	1652545	S	50	8	58	0.00002
Arthrobacter sp. U41	1849032	S	47	4	51	0.00002
Arthrobacter sp. KBS0702	2578107	S	45	6	51	0.00002
Arthrobacter sp. PAMC 25486	1494608	S	45	2	47	0.00001
Arthrobacter sp. FB24	290399	S	44	6	50	0.00002
Arthrobacter sp. Rue61a	1118963	S	42	141	183	0.00006
Arthrobacter sp.	1667	S	42	8	50	0.00002
Arthrobacter sp. 24S4-2	2575374	S	38	2	40	0.00001
Arthrobacter sp. UKPF54-2	2600159	S	37	5	42	0.00001
Arthrobacter sp. ZXY-2	1806905	S	24	338	362	0.00011
Arthrobacter sp. PGP41	2079227	S	22	2	24	0.00001
Arthrobacter sp. PAMC25564	2565366	S	16	1	17	0.00001
Arthrobacter sp. J3.40	347209	S	10	22	32	0.00001
Arthrobacter sp. TES	2774874	S	3	83	86	0.00003
Arthrobacter sp. Chr15	447032	S	2	0	2	0.00000
Arthrobacter sp. AQ5-05	2184581	S	2	28	30	0.00001
Arthrobacter sp. J3.49	347213	S	2	2	4	0.00000
Arthrobacter sp. AK-1	415095	S	2	0	2	0.00000
Arthrobacter sp. 31.31	347202	S	1	0	1	0.00000
Arthrobacter crystallopoietes	37928	S	107	9	116	0.00004
Arthrobacter agilis	37921	S	103	4	107	0.00003
Arthrobacter dokdonellae	2211210	S	44	2	46	0.00001
Arthrobacter alpinus	656366	S	41	53	94	0.00003
Arthrobacter woluwensis	156980	S	39	2	41	0.00001
Arthrobacter citreus	1670	S	21	3	24	0.00001
Paenarthrobacter sp. YJN-D	2735317	S	1114	382	1496	0.00047
Paenarthrobacter sp. YJN-5	2735316	S	26	38	64	0.00002
Paenarthrobacter ureafaciens	37931	S	18	73	91	0.00003
Paenarthrobacter aurescens	43663	S	7	24	31	0.00001
Rothia terrae	396015	S	204	136	340	0.00011
Rothia kristinae	37923	S	151	53	204	0.00006
Rothia mucilaginosa	43675	S	78	6	84	0.00003
Rothia dentocariosa	2047	S	48	12	60	0.00002
Rothia amarae	169480	S	39	24	63	0.00002
Rothia aeria	172042	S	29	4	33	0.00001
Rothia nasimurium	85336	S	8	2	10	0.00000
Rothia sp. ZJ932	2810516	S	7	0	7	0.00000
Nesterenkonia sp. NBAIMH1	2600320	S	380	6	386	0.00012
Glutamicibacter creatinolyticus	162496	S	92	6	98	0.00003
Glutamicibacter arilaitensis	256701	S	47	12	59	0.00002
Glutamicibacter protophormiae	37930	S	45	19	64	0.00002
Glutamicibacter halophytocola	1933880	S	28	2	30	0.00001
Glutamicibacter nicotianae	37929	S	27	49	76	0.00002
Glutamicibacter mishrai	1775880	S	16	1	17	0.00001
Glutamicibacter sp. ZJUTW	1155384	S	11	33	44	0.00001
Pseudarthrobacter sp. YJ56	2697569	S	51	9	60	0.00002
Pseudarthrobacter sp. BIM B-2242	2772401	S	38	2	40	0.00001
Pseudarthrobacter sp. NIBRBAC000502772	2590775	S	36	18	54	0.00002
Pseudarthrobacter sp. NBSH8	2596911	S	23	4	27	0.00001
Pseudarthrobacter sp. NIBRBAC000502771	2590774	S	10	19	29	0.00001
Pseudarthrobacter sp. NIBRBAC000502770	2590785	S	9	17	26	0.00001
Pseudarthrobacter phenanthrenivorans	361575	S	43	10	53	0.00002
Pseudarthrobacter chlorophenolicus	85085	S	20	3	23	0.00001
Pseudarthrobacter equi	728066	S	14	2	16	0.00000
Pseudarthrobacter sulfonivorans	121292	S	8	4	12	0.00000
Sinomonas atrocyanea	37927	S	90	13	103	0.00003
Sinomonas sp. R1AF57	2020377	S	64	9	73	0.00002
Citricoccus sp. SGAir0253	2567881	S	160	13	173	0.00005
Renibacterium salmoninarum	1646	S	64	1	65	0.00002
Auritidibacter sp. NML130574	2170745	S	62	3	65	0.00002
Zhihengliuella sp. ISTPL4	2058657	S	47	77	124	0.00004
Neomicrococcus aestuarii	556325	S	29	4	33	0.00001
Psychromicrobium lacuslunae	1618207	S	27	0	27	0.00001
Kytococcus sedentarius	1276	S	2538	484	3022	0.00094
Brevibacterium luteolum	199591	S	776	214	990	0.00031
Brevibacterium sp. CS2	2575923	S	359	76	435	0.00014
Brevibacterium sp. YB235	1496080	S	50	38	88	0.00003
Brevibacterium sp. 'Marine'	2725563	S	28	18	46	0.00001
Brevibacterium sp. WO024	2697563	S	20	2	22	0.00001
Brevibacterium sp. o2	2697565	S	17	5	22	0.00001
Brevibacterium sp. JNUCC-42	2777985	S	3	42	45	0.00001
Brevibacterium sp. PAMC23299	2762330	S	1	11	12	0.00000
Brevibacterium casei	33889	S	171	34	205	0.00006
Brevibacterium aurantiacum	273384	S	116	57	173	0.00005
Brevibacterium linens	1703	S	90	52	142	0.00004
Brevibacterium sandarakinum	629680	S	52	8	60	0.00002
Brevibacterium oceani	358099	S	26	3	29	0.00001
Brevibacterium siliguriense	1136497	S	26	6	32	0.00001
Dermacoccus nishinomiyaensis	1274	S	880	201	1081	0.00034
Dermacoccus sp. PAMC28757	2762331	S	55	9	64	0.00002
Luteipulveratus mongoliensis	571913	S	63	3	66	0.00002
Yimella sp. cx-51	2770551	S	16	1	17	0.00001
Janibacter indicus	857417	S	194	134	328	0.00010
Janibacter limosus	53458	S	97	11	108	0.00003
Janibacter melonis	262209	S	95	15	110	0.00003
Janibacter sp. YB324	2761047	S	33	30	63	0.00002
Phycicoccus sp. HDW14	2714941	S	62	14	76	0.00002
Phycicoccus endophyticus	1690220	S	55	9	64	0.00002
Intrasporangium calvum	53358	S	83	9	92	0.00003
Pedococcus dokdonensis	443156	S	67	10	77	0.00002
Arsenicicoccus sp. oral taxon 190	1658671	S	44	8	52	0.00002
Tetrasphaera sp. HKS02	1813880	S	28	3	31	0.00001
Brachybacterium sp. P6-10-X1	1903186	S	70	6	76	0.00002
Brachybacterium sp. SGAir0954	2571029	S	63	7	70	0.00002
Brachybacterium faecium	43669	S	117	23	140	0.00004
Brachybacterium saurashtrense	556288	S	83	13	96	0.00003
Brachybacterium ginsengisoli	1331682	S	80	16	96	0.00003
Brachybacterium avium	2017485	S	57	16	73	0.00002
Brachybacterium vulturis	2017484	S	26	7	33	0.00001
Dermabacter jinjuensis	1667168	S	21	18	39	0.00001
Dermabacter vaginalis	1630135	S	14	12	26	0.00001
Devriesea agamarum	472569	S	14	0	14	0.00000
Cellulomonas sp. H30R-01	2704467	S	44	9	53	0.00002
Cellulomonas sp. PSBB021	2003551	S	41	14	55	0.00002
Cellulomonas sp. Y8	2591145	S	36	7	43	0.00001
Cellulomonas sp. JZ18	2654191	S	35	8	43	0.00001
Cellulomonas flavigena	1711	S	44	8	52	0.00002
Cellulomonas taurus	2729175	S	43	6	49	0.00002
Cellulomonas fimi	1708	S	35	9	44	0.00001
Cellulomonas gilvus	11	S	34	8	42	0.00001
Cellulomonas shaoxiangyii	2566013	S	30	7	37	0.00001
Pseudactinotalea sp. HY158	2654547	S	63	3	66	0.00002
Oerskovia sp. KBS0722	1179673	S	29	4	33	0.00001
Actinotalea sp. JY-7876	2758442	S	25	3	28	0.00001
Paraoerskovia marina	545619	S	25	2	27	0.00001
Ornithinimicrobium sp. HY006	2508882	S	68	17	85	0.00003
Ornithinimicrobium sp. AMA3305	2283195	S	51	6	57	0.00002
Ornithinimicrobium sp. H23M54	2594265	S	46	3	49	0.00002
Ornithinimicrobium pratense	2593973	S	37	7	44	0.00001
Ornithinimicrobium flavum	1288636	S	29	7	36	0.00001
Serinicoccus chungangensis	767452	S	32	7	39	0.00001
Serinicoccus hydrothermalis	1758689	S	29	10	39	0.00001
Serinicoccus profundi	1078471	S	28	6	34	0.00001
Serinicoccus marinus	247333	S	23	8	31	0.00001
Cellulosimicrobium sp. BI34T	2587808	S	34	6	40	0.00001
Cellulosimicrobium sp. JZ28	1906273	S	4	4	8	0.00000
Cellulosimicrobium sp. TH-20	1980001	S	3	8	11	0.00000
Cellulosimicrobium sp. 72-3	2731680	S	2	5	7	0.00000
Cellulosimicrobium cellulans	1710	S	30	28	58	0.00002
Isoptericola variabilis	139208	S	46	10	56	0.00002
Isoptericola dokdonensis	372663	S	42	7	49	0.00002
Xylanimonas cellulosilytica	186189	S	43	6	49	0.00002
Xylanimonas allomyrinae	2509459	S	36	5	41	0.00001
Xylanimicrobium sp. FW10M-9	2509457	S	40	9	49	0.00002
Haloactinobacterium sp. RN3S43	2779775	S	57	3	60	0.00002
Haloactinobacterium sp. HY164	2675754	S	43	4	47	0.00001
Ruania sp. HY168	2603206	S	35	2	37	0.00001
Georgenia sp. Z443	2589797	S	49	4	53	0.00002
Georgenia sp. Z294	2585135	S	37	5	42	0.00001
Georgenia faecalis	2483799	S	34	3	37	0.00001
Beutenbergia cavernae	84757	S	54	3	57	0.00002
Miniimonas sp. S16	2171623	S	34	14	48	0.00001
Mobilicoccus sp. NJES-13	2716227	S	43	4	47	0.00001
Austwickia chelonae	100225	S	23	1	24	0.00001
Dermatophilus congolensis	1863	S	12	0	12	0.00000
Sanguibacter keddieii	60920	S	54	6	60	0.00002
Sanguibacter sp. HDW7	2714931	S	10	1	11	0.00000
Luteimicrobium xylanilyticum	1133546	S	36	4	40	0.00001
Jonesia denitrificans	43674	S	8	0	8	0.00000
Tropheryma whipplei	2039	S	4	-4	0	0.00000
Cutibacterium acnes	1747	S	16628	1924	18552	0.00579
Cutibacterium avidum	33010	S	152	18	170	0.00005
Cutibacterium granulosum	33011	S	141	16	157	0.00005
Propionibacterium sp. oral taxon 193	671223	S	753	160	913	0.00028
Propionibacterium freudenreichii	1744	S	55	29	84	0.00003
Propionibacterium acidifaciens	556499	S	34	2	36	0.00001
Propionibacterium australiense	119981	S	9	0	9	0.00000
Microlunatus phosphovorus	29405	S	151	13	164	0.00005
Microlunatus sagamiharensis	546874	S	92	13	105	0.00003
Microlunatus sp. KUDC0627	2596828	S	32	5	37	0.00001
Microlunatus sp. Gsoil 973	2672569	S	18	1	19	0.00001
Microlunatus soli	630515	S	45	4	49	0.00002
Tessaracoccus aquimaris	1332264	S	49	16	65	0.00002
Tessaracoccus timonensis	2161816	S	44	11	55	0.00002
Tessaracoccus defluvii	1285901	S	38	22	60	0.00002
Tessaracoccus sp. MC1865	2760310	S	33	6	39	0.00001
Tessaracoccus flavus	1610493	S	32	16	48	0.00001
Tessaracoccus flavescens	399497	S	31	20	51	0.00002
Acidipropionibacterium acidipropionici	1748	S	56	20	76	0.00002
Acidipropionibacterium jensenii	1749	S	34	12	46	0.00001
Acidipropionibacterium virtanenii	2057246	S	16	1	17	0.00001
Brevilactibacter sp. MC1595	2819349	S	66	15	81	0.00003
Auraticoccus monumenti	675864	S	55	4	59	0.00002
Propioniciclava sp. HDW11	2714937	S	36	9	45	0.00001
Raineyella sp. CBA3103	2662261	S	34	1	35	0.00001
Pseudopropionibacterium propionicum	1750	S	30	1	31	0.00001
Nocardioides sp. HDW12B	2714939	S	277	55	332	0.00010
Nocardioides sp. S5	2017486	S	119	48	167	0.00005
Nocardioides sp. zg-1228	2763008	S	96	26	122	0.00004
Nocardioides sp. JS614	196162	S	78	13	91	0.00003
Nocardioides sp. CF8	110319	S	75	25	100	0.00003
Nocardioides sp. S-1144	2582905	S	72	18	90	0.00003
Nocardioides sp. JQ2195	2592334	S	54	6	60	0.00002
Nocardioides sp. WS12	2486272	S	53	5	58	0.00002
Nocardioides sp. S-713	2760089	S	53	17	70	0.00002
Nocardioides sp. ZJ1313	2685869	S	49	43	92	0.00003
Nocardioides sp. MC1495	2736757	S	48	12	60	0.00002
Nocardioides sp. dk884	2662361	S	46	40	86	0.00003
Nocardioides sp. 603	2483798	S	46	15	61	0.00002
Nocardioides sp. zg-579	2663857	S	41	15	56	0.00002
Nocardioides sp. HDW12A	2714938	S	41	17	58	0.00002
Nocardioides sp. HY056	2500546	S	32	7	39	0.00001
Nocardioides sp. dk3136	2575373	S	29	9	38	0.00001
Nocardioides anomalus	2712223	S	69	14	83	0.00003
Nocardioides marinisabuli	419476	S	66	34	100	0.00003
Nocardioides humi	449461	S	66	17	83	0.00003
Nocardioides mesophilus	433659	S	64	11	75	0.00002
Nocardioides houyundeii	2045452	S	64	15	79	0.00002
Nocardioides ungokensis	1643322	S	63	17	80	0.00002
Nocardioides aromaticivorans	200618	S	60	20	80	0.00002
Nocardioides cynanchi	2558918	S	53	7	60	0.00002
Nocardioides sambongensis	2589074	S	53	10	63	0.00002
Nocardioides euryhalodurans	2518370	S	50	10	60	0.00002
Nocardioides daphniae	402297	S	49	20	69	0.00002
Nocardioides dokdonensis	450734	S	48	25	73	0.00002
Nocardioides seonyuensis	2518371	S	46	11	57	0.00002
Nocardioides baekrokdamisoli	1804624	S	12	0	12	0.00000
Aeromicrobium sp. A1-2	2107713	S	38	5	43	0.00001
Aeromicrobium sp. zg-629	2663859	S	31	13	44	0.00001
Aeromicrobium chenweiae	2079793	S	38	19	57	0.00002
Aeromicrobium erythreum	2041	S	36	6	42	0.00001
Aeromicrobium marinum	219314	S	34	5	39	0.00001
Aeromicrobium choanae	1736691	S	29	9	38	0.00001
Aeromicrobium yanjiei	2662028	S	26	12	38	0.00001
Friedmanniella luteola	546871	S	113	11	124	0.00004
Marmoricola scoriae	642780	S	84	22	106	0.00003
Pimelobacter simplex	2045	S	69	23	92	0.00003
Micropruina glycogenica	75385	S	56	5	61	0.00002
Mumia sp. ZJ1417	2708082	S	41	3	44	0.00001
Kribbella flavida	182640	S	93	14	107	0.00003
Kribbella qitaiheensis	1544730	S	53	6	59	0.00002
Actinopolymorpha singaporensis	117157	S	25	1	26	0.00001
Streptomyces sp. ZYC-3	2797636	S	74	4	78	0.00002
Streptomyces sp. NHF165	2175864	S	72	4	76	0.00002
Streptomyces sp. SN-593	659352	S	60	5	65	0.00002
Streptomyces sp. SCSIO 3032	1264596	S	52	3	55	0.00002
Streptomyces sp. SAT1	1849967	S	50	5	55	0.00002
Streptomyces sp. CRXT-G-22	2768066	S	50	3	53	0.00002
Streptomyces sp. So13.3	2136173	S	46	3	49	0.00002
Streptomyces sp. CB01881	2078691	S	44	3	47	0.00001
Streptomyces sp. W1SF4	2305220	S	44	5	49	0.00002
Streptomyces sp. TLI_053	1855352	S	42	4	46	0.00001
Streptomyces sp. CdTB01	1725411	S	41	3	44	0.00001
Streptomyces sp. CRXT-Y-14	2768069	S	39	3	42	0.00001
Streptomyces sp. SCUT-3	2684469	S	39	6	45	0.00001
Streptomyces sp. TN58	234612	S	38	5	43	0.00001
Streptomyces sp. WAC 01529	2203205	S	36	3	39	0.00001
Streptomyces sp. M2	646637	S	35	3	38	0.00001
Streptomyces sp. Z423-1	2730915	S	35	3	38	0.00001
Streptomyces sp. NA02950	2742137	S	35	2	37	0.00001
Streptomyces sp. 3214.6	1882757	S	34	3	37	0.00001
Streptomyces sp. INR7	2607753	S	34	5	39	0.00001
Streptomyces sp. SirexAA-E	862751	S	33	3	36	0.00001
Streptomyces sp. HM190	2695266	S	33	3	36	0.00001
Streptomyces sp. YIM 121038	2136401	S	33	2	35	0.00001
Streptomyces sp. QMT-12	2717324	S	33	2	35	0.00001
Streptomyces sp. NEAU-sy36	2751189	S	33	3	36	0.00001
Streptomyces sp. 2323.1	1938841	S	33	2	35	0.00001
Streptomyces sp. RLB1-33	2721243	S	33	4	37	0.00001
Streptomyces sp. P3	2135430	S	32	2	34	0.00001
Streptomyces sp. RPA4-2	2721244	S	29	2	31	0.00001
Streptomyces sp. S4.7	2705439	S	28	2	30	0.00001
Streptomyces sp. CRPJ-33	2768068	S	27	2	29	0.00001
Streptomyces sp. HSG2	2797167	S	27	1	28	0.00001
Streptomyces sp. Rer75	2750011	S	26	3	29	0.00001
Streptomyces sp. PBH53	1577075	S	26	2	28	0.00001
Streptomyces sp. C8S0	2585716	S	25	2	27	0.00001
Streptomyces sp. RTd22	1841249	S	25	3	28	0.00001
Streptomyces sp. DSM 40868	2721173	S	24	2	26	0.00001
Streptomyces sp. MBT27	1488356	S	23	2	25	0.00001
Streptomyces sp. CNQ-509	444103	S	22	6	28	0.00001
Streptomyces sp. JB150	2714844	S	22	2	24	0.00001
Streptomyces sp. CMB-StM0423	2059884	S	21	3	24	0.00001
Streptomyces sp. WAC 01438	2203204	S	21	2	23	0.00001
Streptomyces sp. Tu 2975	2676871	S	20	2	22	0.00001
Streptomyces sp. NA04227	2742136	S	20	1	21	0.00001
Streptomyces sp. SM18	1736046	S	19	1	20	0.00001
Streptomyces sp. HF10	2692233	S	19	3	22	0.00001
Streptomyces sp. Go-475	2072505	S	19	2	21	0.00001
Streptomyces sp. 769	1262452	S	19	3	22	0.00001
Streptomyces sp. CFMR 7	1649184	S	18	8	26	0.00001
Streptomyces sp. Z022	1442032	S	18	1	19	0.00001
Streptomyces sp. RPA4-5	2721245	S	18	2	20	0.00001
Streptomyces sp. GS7	2692234	S	16	1	17	0.00001
Streptomyces sp. CCM_MD2014	1561022	S	16	3	19	0.00001
Streptomyces sp. SYP-A7193	2662065	S	14	2	16	0.00000
Streptomyces sp. Sge12	1972846	S	14	6	20	0.00001
Streptomyces sp. M56	1495638	S	13	9	22	0.00001
Streptomyces sp. ICC1	2099583	S	12	252	264	0.00008
Streptomyces sp. Mg1	465541	S	12	3	15	0.00000
Streptomyces sp. S063	2005885	S	12	2	14	0.00000
Streptomyces sp. WAC 06738	2203210	S	12	3	15	0.00000
Streptomyces sp. QHH-9511	2684468	S	12	1	13	0.00000
Streptomyces sp. SUK 48	2582831	S	11	1	12	0.00000
Streptomyces sp. NEAU-S7GS2	2202000	S	11	2	13	0.00000
Streptomyces sp. CC0208	2306165	S	10	86	96	0.00003
Streptomyces sp. CB09001	2083284	S	10	1	11	0.00000
Streptomyces sp. XC 2026	2782004	S	10	2	12	0.00000
Streptomyces sp. S8	1837283	S	10	2	12	0.00000
Streptomyces sp. CB04723	2748873	S	10	5	15	0.00000
Streptomyces sp. CB00271	2750025	S	10	2	12	0.00000
Streptomyces sp. endophyte_N2	2153485	S	10	8	18	0.00001
Streptomyces sp. AgN23	1188315	S	9	2	11	0.00000
Streptomyces sp. ADI95-16	1522758	S	9	2	11	0.00000
Streptomyces sp. 2114.2	1881022	S	9	16	25	0.00001
Streptomyces sp. Tue 6075	1661694	S	9	1	10	0.00000
Streptomyces sp. jing01	2726118	S	8	1	9	0.00000
Streptomyces sp. VN1	1821625	S	8	9	17	0.00001
Streptomyces sp. 3211	1964449	S	7	2	9	0.00000
Streptomyces sp. NA03103	2742134	S	6	9	15	0.00000
Streptomyces sp. fd1-xmd	1812480	S	6	0	6	0.00000
Streptomyces sp. ID38640	1265399	S	5	0	5	0.00000
Streptomyces sp. S1A1-7	2594459	S	5	15	20	0.00001
Streptomyces sp. Tu6071	355249	S	4	4	8	0.00000
Streptomyces sp. KPB2	2305221	S	4	7	11	0.00000
Streptomyces sp. CA-256286	2801033	S	3	5	8	0.00000
Streptomyces sp. 11-1-2	1851167	S	3	1	4	0.00000
Streptomyces sp. FR1	349971	S	3	0	3	0.00000
Streptomyces sp. SS52	2563602	S	3	2	5	0.00000
Streptomyces sp. MOE7	1961713	S	3	0	3	0.00000
Streptomyces sp. SGAir0924	2109593	S	2	1	3	0.00000
Streptomyces sp. LBUM 1482	2609809	S	2	18	20	0.00001
Streptomyces sp. LBUM 1480	2609808	S	2	6	8	0.00000
Streptomyces sp. LBUM 1475	2609807	S	2	21	23	0.00001
Streptomyces sp. PAMC 26508	1265601	S	2	2	4	0.00000
Streptomyces sp. S1D4-14	2594461	S	2	30	32	0.00001
Streptomyces sp. F8	1436085	S	2	0	2	0.00000
Streptomyces sp. CLI2509	1984801	S	2	2	4	0.00000
Streptomyces sp. FR-008	206662	S	2	3	5	0.00000
Streptomyces sp. S1D4-20	2594462	S	1	6	7	0.00000
Streptomyces sp. WAC00288	2094021	S	1	1	2	0.00000
Streptomyces sp. GF20	2692235	S	1	1	2	0.00000
Streptomyces sp. S501	2420135	S	1	1	2	0.00000
Streptomyces sp. RLB3-17	2594455	S	1	5	6	0.00000
Streptomyces lividans	1916	S	243	1944	2187	0.00068
Streptomyces venezuelae	54571	S	218	22	240	0.00007
Streptomyces griseus	1911	S	41	6	47	0.00001
Streptomyces sp. M54	2759525	S	3	2	5	0.00000
Streptomyces globisporus	1908	S	27	5	32	0.00001
Streptomyces anulatus	1892	S	23	5	28	0.00001
Streptomyces albus	1888	S	83	6	89	0.00003
Streptomyces lavendulae	1914	S	73	7	80	0.00002
Streptomyces tsukubensis	83656	S	72	4	76	0.00002
Streptomyces harbinensis	1176198	S	69	6	75	0.00002
Streptomyces buecherae	2763006	S	68	5	73	0.00002
Streptomyces chartreusis	1969	S	67	6	73	0.00002
Streptomyces rectiverticillatus	173860	S	64	6	70	0.00002
Streptomyces seoulensis	73044	S	57	6	63	0.00002
Streptomyces griseoviridis	45398	S	56	5	61	0.00002
Streptomyces pactum	68249	S	56	6	62	0.00002
Streptomyces paludis	2282738	S	56	4	60	0.00002
Streptomyces vietnamensis	362257	S	51	5	56	0.00002
Streptomyces griseorubiginosus	67304	S	51	4	55	0.00002
Streptomyces tendae	1932	S	51	5	56	0.00002
Streptomyces rimosus	1927	S	51	3	54	0.00002
Streptomyces ferrugineus	1413221	S	50	4	54	0.00002
Streptomyces phaeolivaceus	2653200	S	50	3	53	0.00002
Streptomyces hygroscopicus	1912	S	50	17	67	0.00002
Streptomyces bingchenggensis	379067	S	48	3	51	0.00002
Streptomyces albireticuli	1940	S	47	4	51	0.00002
Streptomyces lincolnensis	1915	S	47	3	50	0.00002
Streptomyces cattleya	29303	S	45	3	48	0.00001
Streptomyces clavuligerus	1901	S	44	3	47	0.00001
Streptomyces antibioticus	1890	S	44	4	48	0.00001
Streptomyces spectabilis	68270	S	43	4	47	0.00001
Streptomyces exfoliatus	1905	S	42	4	46	0.00001
Streptomyces fodineus	1904616	S	42	4	46	0.00001
Streptomyces antimycoticus	68175	S	41	10	51	0.00002
Streptomyces capitiformicae	2014920	S	41	1	42	0.00001
Streptomyces atratus	1893	S	41	2	43	0.00001
Streptomyces aureoverticillatus	66871	S	40	3	43	0.00001
Streptomyces rapamycinicus	1226757	S	39	2	41	0.00001
Streptomyces xinghaiensis	1038928	S	38	3	41	0.00001
Streptomyces katrae	68223	S	38	4	42	0.00001
Streptomyces olivoreticuli	68246	S	38	3	41	0.00001
Streptomyces lydicus	47763	S	37	6	43	0.00001
Streptomyces galilaeus	33899	S	37	3	40	0.00001
Streptomyces niveus	193462	S	37	2	39	0.00001
Streptomyces glomeroaurantiacus	68210	S	36	2	38	0.00001
Streptomyces gilvosporeus	553510	S	35	3	38	0.00001
Streptomyces qinzhouensis	2599401	S	35	2	37	0.00001
Streptomyces nitrosporeus	28894	S	34	3	37	0.00001
Streptomyces alboflavus	67267	S	34	2	36	0.00001
Streptomyces bathyalis	2710756	S	33	1	34	0.00001
Streptomyces albulus	68570	S	33	2	35	0.00001
Streptomyces armeniacus	83291	S	33	1	34	0.00001
Streptomyces luteoverticillatus	66425	S	32	3	35	0.00001
Streptomyces aquilus	2548456	S	32	2	34	0.00001
Streptomyces peucetius	1950	S	32	2	34	0.00001
Streptomyces roseochromogenus	285450	S	32	2	34	0.00001
Streptomyces avermitilis	33903	S	32	2	34	0.00001
Streptomyces cyaneochromogenes	2496836	S	31	2	33	0.00001
Streptomyces albidoflavus	1886	S	18	19	37	0.00001
Streptomyces coelicolor	1902	S	11	17	28	0.00001
Streptomyces sampsonii	42239	S	2	3	5	0.00000
Streptomyces qaidamensis	1783515	S	31	3	34	0.00001
Streptomyces subrutilus	36818	S	31	3	34	0.00001
Streptomyces griseocarneus	51201	S	30	3	33	0.00001
Streptomyces cadmiisoli	2184053	S	30	2	32	0.00001
Streptomyces asterosporus	285570	S	30	3	33	0.00001
Streptomyces platensis	58346	S	28	4	32	0.00001
Streptomyces mobaraensis	35621	S	28	3	31	0.00001
Streptomyces globosus	68209	S	27	3	30	0.00001
Streptomyces gardneri	66892	S	27	3	30	0.00001
Streptomyces spongiicola	1690221	S	27	2	29	0.00001
Streptomyces rutgersensis	53451	S	27	4	31	0.00001
Streptomyces tirandamycinicus	2174846	S	26	2	28	0.00001
Streptomyces davaonensis	348043	S	25	1	26	0.00001
Streptomyces vinaceus	1960	S	25	2	27	0.00001
Streptomyces broussonetiae	2686304	S	25	2	27	0.00001
Streptomyces pristinaespiralis	38300	S	24	2	26	0.00001
Streptomyces prasinus	67345	S	24	2	26	0.00001
Streptomyces pratensis	1169025	S	24	3	27	0.00001
Streptomyces cyanogenus	80860	S	24	2	26	0.00001
Streptomyces formicae	1616117	S	23	2	25	0.00001
Streptomyces leeuwenhoekii	1437453	S	23	4	27	0.00001
Streptomyces cacaoi	1898	S	22	1	23	0.00001
Streptomyces actuosus	1885	S	22	2	24	0.00001
Streptomyces glaucescens	1907	S	22	2	24	0.00001
Streptomyces chromofuscus	42881	S	21	2	23	0.00001
Streptomyces fulvissimus	68202	S	21	12	33	0.00001
Streptomyces nigra	1827580	S	21	2	23	0.00001
Streptomyces viridosporus	67581	S	20	2	22	0.00001
Streptomyces parvulus	146923	S	20	2	22	0.00001
Streptomyces koyangensis	188770	S	19	5	24	0.00001
Streptomyces fagopyri	2662397	S	19	1	20	0.00001
Streptomyces pluripotens	1355015	S	19	1	20	0.00001
Streptomyces hawaiiensis	67305	S	19	2	21	0.00001
Streptomyces violaceusniger	68280	S	18	2	20	0.00001
Streptomyces nojiriensis	66374	S	18	2	20	0.00001
Streptomyces lunaelactis	1535768	S	17	1	18	0.00001
Streptomyces olivaceus	47716	S	17	8	25	0.00001
Streptomyces coeruleorubidus	116188	S	17	1	18	0.00001
Streptomyces hundungensis	1077946	S	16	1	17	0.00001
Streptomyces noursei	1971	S	16	3	19	0.00001
Streptomyces nodosus	40318	S	16	1	17	0.00001
Streptomyces tuirus	68278	S	16	2	18	0.00001
Streptomyces finlayi	67296	S	15	1	16	0.00000
Streptomyces ambofaciens	1889	S	15	1	16	0.00000
Streptomyces violaceoruber	1935	S	14	16	30	0.00001
Streptomyces dengpaensis	2049881	S	14	1	15	0.00000
Streptomyces cyaneogriseus	68192	S	13	2	15	0.00000
Streptomyces cavourensis	67258	S	13	6	19	0.00001
Streptomyces viridifaciens	48665	S	13	52	65	0.00002
Streptomyces kanamyceticus	1967	S	12	1	13	0.00000
Streptomyces incarnatus	665007	S	11	0	11	0.00000
Streptomyces griseochromogenes	68214	S	11	0	11	0.00000
Streptomyces collinus	42684	S	10	1	11	0.00000
Streptomyces xiamenensis	408015	S	9	2	11	0.00000
Streptomyces murinus	33900	S	9	7	16	0.00000
Streptomyces alboniger	132473	S	9	0	9	0.00000
Streptomyces ficellus	1977088	S	7	0	7	0.00000
Streptomyces cinereoruber	67260	S	6	9	15	0.00000
Streptomyces fungicidicus	68203	S	6	4	10	0.00000
Streptomyces autolyticus	75293	S	6	5	11	0.00000
Streptomyces fradiae	1906	S	5	6	11	0.00000
Streptomyces californicus	67351	S	5	4	9	0.00000
Streptomyces solisilvae	1929477	S	4	3	7	0.00000
Streptomyces rubrolavendulae	285473	S	4	5	9	0.00000
Streptomyces scabiei	1930	S	3	7	10	0.00000
Streptomyces alfalfae	1642299	S	2	3	5	0.00000
Streptomyces malaysiensis	92644	S	2	1	3	0.00000
Streptomyces rochei	1928	S	1	2	3	0.00000
Kitasatospora sp. MMS16-BH015	2018025	S	59	7	66	0.00002
Kitasatospora sp. NA04385	2742135	S	50	17	67	0.00002
Kitasatospora setae	2066	S	49	17	66	0.00002
Kitasatospora albolonga	68173	S	24	8	32	0.00001
Kitasatospora aureofaciens	1894	S	2	9	11	0.00000
Streptacidiphilus sp. PB12-B1b	2705012	S	43	8	51	0.00002
Streptacidiphilus sp. P02-A3a	2704468	S	35	5	40	0.00001
Streptacidiphilus bronchialis	2126346	S	56	7	63	0.00002
Pseudonocardia sp. AL041005-10	445576	S	199	45	244	0.00008
Pseudonocardia sp. CGMCC 4.1532	2761535	S	83	17	100	0.00003
Pseudonocardia sp. HH130630-07	1690815	S	67	18	85	0.00003
Pseudonocardia sp. HH130629-09	1641402	S	41	14	55	0.00002
Pseudonocardia sp. EC080625-04	1096868	S	2	50	52	0.00002
Pseudonocardia broussonetiae	2736640	S	95	17	112	0.00003
Pseudonocardia dioxanivorans	240495	S	88	16	104	0.00003
Pseudonocardia autotrophica	2074	S	47	9	56	0.00002
Amycolatopsis sp. FDAARGOS 1241	2778070	S	83	10	93	0.00003
Amycolatopsis sp. Hca4	2742131	S	61	21	82	0.00003
Amycolatopsis sp. YIM 10	2653857	S	57	17	74	0.00002
Amycolatopsis sp. AA4	1896961	S	37	5	42	0.00001
Amycolatopsis sp. BJA-103	1911175	S	26	12	38	0.00001
Amycolatopsis mediterranei	33910	S	82	0	82	0.00003
Amycolatopsis methanolica	1814	S	57	10	67	0.00002
Amycolatopsis albispora	1804986	S	38	20	58	0.00002
Amycolatopsis keratiniphila	129921	S	33	47	80	0.00002
Amycolatopsis orientalis	31958	S	19	8	27	0.00001
Amycolatopsis japonica	208439	S	6	12	18	0.00001
Saccharothrix syringae	103733	S	85	21	106	0.00003
Saccharothrix espanaensis	103731	S	56	12	68	0.00002
Saccharothrix sp. 6-C	2781735	S	45	11	56	0.00002
Saccharopolyspora erythraea	1836	S	66	7	73	0.00002
Saccharopolyspora pogona	333966	S	27	25	52	0.00002
Saccharopolyspora coralli	2665642	S	26	2	28	0.00001
Saccharopolyspora spinosa	60894	S	12	4	16	0.00000
Saccharopolyspora sp. ASAGF58	2719023	S	6	6	12	0.00000
Saccharomonospora marina	632569	S	32	6	38	0.00001
Saccharomonospora xinjiangensis	75294	S	31	3	34	0.00001
Saccharomonospora cyanea	40989	S	26	10	36	0.00001
Saccharomonospora azurea	40988	S	22	5	27	0.00001
Saccharomonospora glauca	40990	S	22	7	29	0.00001
Saccharomonospora viridis	1852	S	18	1	19	0.00001
Actinoalloteichus hymeniacidonis	340345	S	34	1	35	0.00001
Actinoalloteichus hoggarensis	1470176	S	23	1	24	0.00001
Actinoalloteichus sp. GBA129-24	1612551	S	13	54	67	0.00002
Kutzneria albida	43357	S	100	11	111	0.00003
Prauserella marina	530584	S	98	4	102	0.00003
Kibdelosporangium phytohabitans	860235	S	68	4	72	0.00002
Alloactinosynnema sp. L-07	1653480	S	67	7	74	0.00002
Actinosynnema pretiosum	42197	S	15	54	69	0.00002
Lentzea guizhouensis	1586287	S	60	7	67	0.00002
Allokutzneria albata	211114	S	48	6	54	0.00002
Micromonospora sp. HM134	2583243	S	67	15	82	0.00003
Micromonospora sp. 28ISP2-46	2749844	S	44	11	55	0.00002
Micromonospora sp. B006	2201999	S	22	9	31	0.00001
Micromonospora sp. WMMC415	2675222	S	17	3	20	0.00001
Micromonospora sp. WMMA2032	2039870	S	13	4	17	0.00001
Micromonospora echinofusca	47858	S	94	21	115	0.00004
Micromonospora inositola	47865	S	55	14	69	0.00002
Micromonospora carbonacea	47853	S	53	11	64	0.00002
Micromonospora echinospora	1877	S	48	8	56	0.00002
Micromonospora krabiensis	307121	S	47	7	54	0.00002
Micromonospora zamorensis	709883	S	44	6	50	0.00002
Micromonospora viridifaciens	1881	S	40	9	49	0.00002
Micromonospora coriariae	285665	S	34	5	39	0.00001
Micromonospora purpureochromogenes	47872	S	33	9	42	0.00001
Micromonospora rifamycinica	291594	S	32	7	39	0.00001
Micromonospora coxensis	356852	S	29	8	37	0.00001
Micromonospora terminaliae	1914461	S	29	7	36	0.00001
Micromonospora chokoriensis	356851	S	28	4	32	0.00001
Micromonospora auratinigra	261654	S	26	7	33	0.00001
Micromonospora maris	1003110	S	24	3	27	0.00001
Micromonospora narathiwatensis	299146	S	20	4	24	0.00001
Micromonospora craniellae	2294034	S	20	6	26	0.00001
Micromonospora sagamiensis	47875	S	19	3	22	0.00001
Micromonospora echinaurantiaca	47857	S	18	4	22	0.00001
Micromonospora siamensis	299152	S	16	3	19	0.00001
Micromonospora aurantiaca	47850	S	15	67	82	0.00003
Micromonospora tulbaghiae	479978	S	9	6	15	0.00000
Actinoplanes sp. N902-109	649831	S	50	35	85	0.00003
Actinoplanes sp. OR16	946334	S	20	26	46	0.00001
Actinoplanes missouriensis	1866	S	108	16	124	0.00004
Actinoplanes friuliensis	196914	S	76	4	80	0.00002
Actinoplanes derwentensis	113562	S	64	4	68	0.00002
Actinoplanes teichomyceticus	1867	S	57	9	66	0.00002
Phytohabitans suffuscus	624315	S	80	19	99	0.00003
Phytohabitans flavus	1076124	S	40	7	47	0.00001
Plantactinospora sp. KBS50	2024580	S	35	3	38	0.00001
Plantactinospora sp. BC1	2108470	S	29	28	57	0.00002
Plantactinospora sp. BB1	2071627	S	10	9	19	0.00001
Actinocatenispora thailandica	227318	S	69	3	72	0.00002
Salinispora tropica	168695	S	34	4	38	0.00001
Salinispora arenicola	168697	S	9	1	10	0.00000
Verrucosispora sp. NA02020	2742132	S	22	9	31	0.00001
Actinomyces sp. oral taxon 414	712122	S	43	7	50	0.00002
Actinomyces sp. oral taxon 169	712116	S	35	41	76	0.00002
Actinomyces sp. oral taxon 171	706438	S	24	12	36	0.00001
Actinomyces sp. ZJ750	2744574	S	17	2	19	0.00001
Actinomyces sp. zg-993	2763540	S	17	2	19	0.00001
Actinomyces sp. HMT 175	2789425	S	17	44	61	0.00002
Actinomyces sp. Z16	2079536	S	14	2	16	0.00000
Actinomyces sp. zg-332	2708340	S	12	1	13	0.00000
Actinomyces sp. ZJ34	2722820	S	9	0	9	0.00000
Actinomyces sp. 432	2057798	S	7	0	7	0.00000
Actinomyces sp. Chiba101	1851395	S	5	1	6	0.00000
Actinomyces sp. HMT897	2789424	S	3	17	20	0.00001
Actinomyces sp. oral taxon 897	2081702	S	1	5	6	0.00000
Actinomyces oris	544580	S	70	96	166	0.00005
Actinomyces viscosus	1656	S	36	7	43	0.00001
Actinomyces howellii	52771	S	24	1	25	0.00001
Actinomyces wuliandei	2057743	S	24	2	26	0.00001
Actinomyces weissii	675090	S	21	2	23	0.00001
Actinomyces slackii	52774	S	18	1	19	0.00001
Actinomyces radicidentis	111015	S	18	4	22	0.00001
Actinomyces procaprae	2560010	S	18	3	21	0.00001
Actinomyces naeslundii	1655	S	14	5	19	0.00001
Actinomyces gaoshouyii	1960083	S	14	3	17	0.00001
Actinomyces qiguomingii	2057800	S	11	0	11	0.00000
Actinomyces marmotae	2737173	S	11	2	13	0.00000
Actinomyces lilanjuaniae	2321394	S	10	1	11	0.00000
Actinomyces pacaensis	1852377	S	5	0	5	0.00000
Actinomyces israelii	1659	S	1	0	1	0.00000
Schaalia odontolytica	1660	S	30	6	36	0.00001
Schaalia sp. JY-X169	2758572	S	17	0	17	0.00001
Schaalia sp. ZJ405	2709403	S	1	2	3	0.00000
Schaalia meyeri	52773	S	10	2	12	0.00000
Schaalia cardiffensis	181487	S	8	1	9	0.00000
Flaviflexus salsibiostraticola	1282737	S	47	8	55	0.00002
Flaviflexus sp. dk850	2758573	S	13	1	14	0.00000
Flaviflexus sp. H23T48	2496867	S	6	0	6	0.00000
Trueperella sp. 19M2397	2733571	S	13	11	24	0.00001
Trueperella sp. 15IMD0307	2819986	S	2	6	8	0.00000
Trueperella bialowiezensis	312285	S	19	0	19	0.00001
Trueperella pyogenes	1661	S	10	4	14	0.00000
Pauljensenia hongkongensis	178339	S	31	11	42	0.00001
Mobiluncus curtisii	2051	S	17	1	18	0.00001
Arcanobacterium haemolyticum	28264	S	6	2	8	0.00000
Arcanobacterium sp. JY-X040	2758440	S	5	1	6	0.00000
Arcanobacterium phocae	131112	S	3	0	3	0.00000
Arcanobacterium phocisimile	1302235	S	3	0	3	0.00000
Winkia sp. C64	2692125	S	12	0	12	0.00000
Actinotignum schaalii	59505	S	9	0	9	0.00000
Actinobaculum sp. 313	2495645	S	7	0	7	0.00000
Fannyhessea vaginae	82135	S	3	0	3	0.00000
Boudabousia tangfeifanii	1912795	S	1	0	1	0.00000
Candidatus Planktophila sulfonica	1884904	S	501	32	533	0.00017
Candidatus Planktophila lacus	1884913	S	96	2	98	0.00003
Candidatus Planktophila dulcis	1884914	S	68	6	74	0.00002
Candidatus Planktophila vernalis	1884907	S	42	1	43	0.00001
Candidatus Planktophila versatilis	1884905	S	34	1	35	0.00001
Candidatus Planktophila limnetica	573600	S	10	0	10	0.00000
Candidatus Nanopelagicus limnes	1884634	S	14	3	17	0.00001
Candidatus Nanopelagicus hibericus	1884915	S	9	1	10	0.00000
Candidatus Nanopelagicus abundans	1884916	S	8	1	9	0.00000
Nonomuraea sp. ATCC 55076	1909395	S	83	9	92	0.00003
Nonomuraea nitratireducens	2656914	S	48	5	53	0.00002
Streptosporangium sp. 'caverna'	2202249	S	54	6	60	0.00002
Streptosporangium roseum	2001	S	42	6	48	0.00001
Thermobispora bispora	2006	S	64	6	70	0.00002
Actinomadura sp. NAK00032	2742128	S	68	10	78	0.00002
Actinomadura sp. WMMB 499	1219491	S	52	6	58	0.00002
Actinomadura sp. WMMA1423	2591108	S	42	5	47	0.00001
Actinomadura verrucosospora	46165	S	43	6	49	0.00002
Thermomonospora curvata	2020	S	51	7	58	0.00002
Nocardiopsis dassonvillei	2014	S	55	9	64	0.00002
Nocardiopsis gilva	280236	S	40	6	46	0.00001
Nocardiopsis alba	53437	S	19	2	21	0.00001
Streptomonospora sp. M2	2498135	S	29	4	33	0.00001
Thermobifida fusca	2021	S	20	1	21	0.00001
Bifidobacterium longum	216816	S	35	45	80	0.00002
Bifidobacterium adolescentis	1680	S	25	2	27	0.00001
Bifidobacterium pullorum	78448	S	23	2	25	0.00001
Bifidobacterium pseudocatenulatum	28026	S	18	6	24	0.00001
Bifidobacterium eulemuris	1765219	S	17	1	18	0.00001
Bifidobacterium pseudolongum	1694	S	17	0	17	0.00001
Bifidobacterium choerinum	35760	S	14	2	16	0.00000
Bifidobacterium breve	1685	S	12	3	15	0.00000
Bifidobacterium subtile	77635	S	12	0	12	0.00000
Bifidobacterium catenulatum	1686	S	11	2	13	0.00000
Bifidobacterium animalis	28025	S	11	5	16	0.00000
Bifidobacterium thermophilum	33905	S	11	0	11	0.00000
Bifidobacterium dentium	1689	S	10	0	10	0.00000
Bifidobacterium scardovii	158787	S	10	0	10	0.00000
Bifidobacterium actinocoloniiforme	638619	S	7	0	7	0.00000
Bifidobacterium bifidum	1681	S	6	0	6	0.00000
Bifidobacterium angulatum	1683	S	6	0	6	0.00000
Bifidobacterium lemurum	1603886	S	5	0	5	0.00000
Bifidobacterium indicum	1691	S	3	1	4	0.00000
Bifidobacterium coryneforme	1687	S	2	1	3	0.00000
Bifidobacterium saguini	762210	S	2	0	2	0.00000
Bifidobacterium imperatoris	2020965	S	1	0	1	0.00000
Gardnerella vaginalis	2702	S	26	6	32	0.00001
Gardnerella leopoldii	2792978	S	8	9	17	0.00001
Scardovia inopinata	78259	S	4	0	4	0.00000
Parascardovia denticolens	78258	S	3	0	3	0.00000
Frankia inefficax	298654	S	87	4	91	0.00003
Frankia sp. EAN1pec	298653	S	49	3	52	0.00002
Frankia sp. QA3	710111	S	38	18	56	0.00002
Frankia casuarinae	106370	S	36	3	39	0.00001
Candidatus Frankia datiscae	2716812	S	28	1	29	0.00001
Frankia alni	1859	S	27	13	40	0.00001
Modestobacter marinus	477641	S	75	10	85	0.00003
Blastococcus saxobsidens	138336	S	74	10	84	0.00003
Geodermatophilus obscurus	1861	S	66	10	76	0.00002
Nakamurella multipartita	53461	S	113	8	121	0.00004
Nakamurella sp. PAMC28650	2762325	S	59	1	60	0.00002
Nakamurella sp. s14-144	1902245	S	12	0	12	0.00000
Nakamurella panacisegetis	1090615	S	20	0	20	0.00001
Jiangella alkaliphila	419479	S	69	13	82	0.00003
Jiangella sp. DSM 45060	1798224	S	48	9	57	0.00002
Epidermidibacterium keratini	1891644	S	71	13	84	0.00003
Catenulispora acidiphila	304895	S	62	4	66	0.00002
Stackebrandtia nassauensis	283811	S	53	1	54	0.00002
Kineococcus radiotolerans	131568	S	47	6	53	0.00002
Actinopolyspora erythraea	414996	S	38	1	39	0.00001
Jatrophihabitans sp. GAS493	1907575	S	16	0	16	0.00000
Acidothermus cellulolyticus	28049	S	14	0	14	0.00000
Actinomarinicola tropica	2789776	S	172	7	179	0.00006
Ilumatobacter coccineus	467094	S	161	4	165	0.00005
Acidimicrobium ferrooxidans	53635	S	29	1	30	0.00001
Gordonibacter pamelaeae	471189	S	42	14	56	0.00002
Gordonibacter urolithinfaciens	1335613	S	9	2	11	0.00000
Eggerthella sp. HF-1101	2690837	S	34	3	37	0.00001
Eggerthella sp. YY7918	502558	S	4	0	4	0.00000
Eggerthella lenta	84112	S	10	4	14	0.00000
Adlercreutzia equolifaciens	446660	S	20	10	30	0.00001
Adlercreutzia sp. 8CFCBH1	2707299	S	1	0	1	0.00000
Slackia heliotrinireducens	84110	S	13	0	13	0.00000
Denitrobacterium detoxificans	79604	S	10	3	13	0.00000
Phoenicibacter congonensis	1944646	S	6	1	7	0.00000
Berryella intestinalis	1531429	S	3	2	5	0.00000
Arabia massiliensis	1870985	S	2	0	2	0.00000
Cryptobacterium curtum	84163	S	1	0	1	0.00000
Olsenella umbonata	604330	S	23	9	32	0.00001
Olsenella timonensis	1805478	S	22	5	27	0.00001
Olsenella sp. oral taxon 807	712411	S	7	0	7	0.00000
Olsenella sp. LZLJ-2	2779519	S	7	1	8	0.00000
Olsenella sp. GAM18	2109685	S	3	1	4	0.00000
Olsenella uli	133926	S	6	0	6	0.00000
Parolsenella catena	2003188	S	10	6	16	0.00000
Parolsenella massiliensis	1871022	S	3	0	3	0.00000
Lancefieldella parvula	1382	S	7	0	7	0.00000
Collinsella aerofaciens	74426	S	45	8	53	0.00002
Rubrobacter sp. SCSIO 52915	2653852	S	20	1	21	0.00001
Rubrobacter sp. SCSIO 52909	2653851	S	18	1	19	0.00001
Rubrobacter xylanophilus	49319	S	31	0	31	0.00001
Rubrobacter indicoceani	2051957	S	17	1	18	0.00001
Rubrobacter radiotolerans	42256	S	8	0	8	0.00000
Baekduia soli	496014	S	48	2	50	0.00002
Euzebya sp. DY32-46	1608957	S	70	1	71	0.00002
Egicoccus halophilus	1670830	S	47	1	48	0.00001
Egibacter rhizosphaerae	1670831	S	25	0	25	0.00001
Conexibacter woesei	191495	S	69	5	74	0.00002
Conexibacter sp. SYSU D00693	2812560	S	55	5	60	0.00002
Staphylococcus cohnii	29382	S	6828	2034	8862	0.00277
Staphylococcus haemolyticus	1283	S	6250	1528	7778	0.00243
Staphylococcus hominis	1290	S	3117	501	3618	0.00113
Staphylococcus epidermidis	1282	S	809	205	1014	0.00032
Staphylococcus aureus	1280	S	596	1210	1806	0.00056
Staphylococcus capitis	29388	S	359	72	431	0.00013
Staphylococcus saprophyticus	29385	S	248	41	289	0.00009
Staphylococcus pettenkoferi	170573	S	196	15	211	0.00007
Staphylococcus pasteuri	45972	S	165	27	192	0.00006
Staphylococcus equorum	246432	S	110	69	179	0.00006
Staphylococcus saccharolyticus	33028	S	92	6	98	0.00003
Staphylococcus simulans	1286	S	90	26	116	0.00004
Staphylococcus warneri	1292	S	89	38	127	0.00004
Staphylococcus sp. 11-B-312	2799680	S	43	41	84	0.00003
Staphylococcus sp. SB1-57	2813777	S	13	27	40	0.00001
Staphylococcus sp. 17KM0847	2583989	S	9	0	9	0.00000
Staphylococcus sp. MI 10-1553	1912064	S	8	0	8	0.00000
Staphylococcus sp. T93	2799681	S	8	1523	1531	0.00048
Staphylococcus arlettae	29378	S	59	17	76	0.00002
Staphylococcus xylosus	1288	S	55	4	59	0.00002
Staphylococcus lugdunensis	28035	S	55	4	59	0.00002
Staphylococcus nepalensis	214473	S	53	4	57	0.00002
Staphylococcus pseudintermedius	283734	S	32	8	40	0.00001
Staphylococcus delphini	53344	S	11	2	13	0.00000
Staphylococcus agnetis	985762	S	47	4	51	0.00002
Staphylococcus auricularis	29379	S	41	2	43	0.00001
Staphylococcus caprae	29380	S	32	4	36	0.00001
Staphylococcus lloydii	2781774	S	30	2	32	0.00001
Staphylococcus pseudoxylosus	2282419	S	27	3	30	0.00001
Staphylococcus simiae	308354	S	26	2	28	0.00001
Staphylococcus debuckii	2044912	S	24	1	25	0.00001
Staphylococcus condimenti	70255	S	24	2	26	0.00001
Staphylococcus carnosus	1281	S	17	1	18	0.00001
Staphylococcus kloosii	29384	S	15	1	16	0.00000
Staphylococcus succinus	61015	S	14	0	14	0.00000
Staphylococcus chromogenes	46126	S	13	1	14	0.00000
Staphylococcus lutrae	155085	S	12	1	13	0.00000
Staphylococcus muscae	1294	S	11	0	11	0.00000
Staphylococcus schleiferi	1295	S	11	3	14	0.00000
Staphylococcus hyicus	1284	S	10	1	11	0.00000
Staphylococcus felis	46127	S	10	0	10	0.00000
Staphylococcus schweitzeri	1654388	S	6	1	7	0.00000
Staphylococcus argenteus	985002	S	1	1	2	0.00000
Abyssicoccus albus	1817405	S	12968	965	13933	0.00435
[Micrococcus] candicans	946432	S	1010	62	1072	0.00033
Jeotgalicoccus saudimassiliensis	1461582	S	369	7	376	0.00012
Salinicoccus halodurans	407035	S	514	34	548	0.00017
Salinicoccus sp.	1871624	S	39	0	39	0.00001
Mammaliicoccus vitulinus	71237	S	187	35	222	0.00007
Mammaliicoccus sciuri	1296	S	108	24	132	0.00004
Mammaliicoccus lentus	42858	S	45	27	72	0.00002
Mammaliicoccus stepanovicii	643214	S	28	3	31	0.00001
Mammaliicoccus fleurettii	150056	S	11	3	14	0.00000
Macrococcus canis	1855823	S	111	12	123	0.00004
Macrococcus sp. IME1552	1898474	S	35	58	93	0.00003
Macrococcus caseolyticus	69966	S	18	4	22	0.00001
Priestia megaterium	1404	S	2190	742	2932	0.00092
Priestia flexa	86664	S	17	2	19	0.00001
Priestia filamentosa	1402861	S	8	0	8	0.00000
Priestia aryabhattai	412384	S	1	1	2	0.00000
Bacillus cereus	1396	S	396	540	936	0.00029
Bacillus thuringiensis	1428	S	90	85	175	0.00005
Bacillus cytotoxicus	580165	S	65	7	72	0.00002
Bacillus mycoides	1405	S	16	4	20	0.00001
Bacillus luti	2026191	S	16	3	19	0.00001
Bacillus sp. ABP14	1892404	S	8	8	16	0.00000
Bacillus sp. JAS24-2	2217832	S	4	2	6	0.00000
Bacillus sp. FDAARGOS_235	1839798	S	1	2	3	0.00000
Bacillus pseudomycoides	64104	S	10	0	10	0.00000
Bacillus anthracis	1392	S	9	16	25	0.00001
Bacillus wiedmannii	1890302	S	7	1	8	0.00000
Bacillus paranthracis	2026186	S	2	7	9	0.00000
Bacillus albus	2026189	S	1	0	1	0.00000
Bacillus mobilis	2026190	S	1	1	2	0.00000
Bacillus sp. FJAT-18017	1705566	S	24	1	25	0.00001
Bacillus sp. NSP9.1	1071078	S	22	0	22	0.00001
Bacillus sp. X1(2014)	1565991	S	20	2	22	0.00001
Bacillus sp. S3	486398	S	20	1	21	0.00001
Bacillus sp. M4U3P1	2592382	S	16	0	16	0.00000
Bacillus sp. Y1	352858	S	15	1	16	0.00000
Bacillus sp. DSL-17	2567941	S	15	1	16	0.00000
Bacillus sp. 1NLA3E	666686	S	13	1	14	0.00000
Bacillus sp. CS13	2728853	S	10	0	10	0.00000
Bacillus sp. V3	2795526	S	10	0	10	0.00000
Bacillus sp. FJAT-45348	2011012	S	9	0	9	0.00000
Bacillus sp. OxB-1	98228	S	9	0	9	0.00000
Bacillus sp. SB49	1071080	S	8	0	8	0.00000
Bacillus sp. HD4P25	2779776	S	8	1	9	0.00000
Bacillus sp. FJAT-22090	1581038	S	7	0	7	0.00000
Bacillus sp. PDNC022	2812759	S	6	5	11	0.00000
Bacillus sp. PAMC26568	2760090	S	6	0	6	0.00000
Bacillus sp. THAF10	2587848	S	6	0	6	0.00000
Bacillus sp. N1-1	2682541	S	6	3	9	0.00000
Bacillus sp. SYJ	2529386	S	3	2	5	0.00000
Bacillus sp. FDAARGOS_527	2576356	S	3	19	22	0.00001
Bacillus sp. FJAT-42376	2014076	S	3	0	3	0.00000
Bacillus sp. KH172YL63	2709784	S	2	0	2	0.00000
Bacillus sp. ZY-1-1	2093834	S	1	7	8	0.00000
Bacillus sp. BD59S	2499213	S	1	0	1	0.00000
Bacillus sp. N3536	2666127	S	1	0	1	0.00000
Bacillus velezensis	492670	S	21	56	77	0.00002
Bacillus amyloliquefaciens	1390	S	14	107	121	0.00004
Bacillus siamensis	659243	S	4	2	6	0.00000
Bacillus subtilis	1423	S	29	33	62	0.00002
Bacillus atrophaeus	1452	S	26	7	33	0.00001
Bacillus licheniformis	1402	S	17	29	46	0.00001
Bacillus sonorensis	119858	S	14	0	14	0.00000
Bacillus paralicheniformis	1648923	S	14	1	15	0.00000
Bacillus halotolerans	260554	S	6	2	8	0.00000
Bacillus mojavensis	72360	S	1	0	1	0.00000
Bacillus vallismortis	72361	S	5	1	6	0.00000
Bacillus tequilensis	227866	S	3	0	3	0.00000
Bacillus vini	1476025	S	177	12	189	0.00006
Bacillus circulans	1397	S	31	2	33	0.00001
Bacillus infantis	324767	S	25	1	26	0.00001
Bacillus marisflavi	189381	S	25	2	27	0.00001
Bacillus sporothermodurans	46224	S	25	1	26	0.00001
Bacillus oleronius	38875	S	25	2	27	0.00001
Bacillus cellulosilyticus	1413	S	25	0	25	0.00001
Bacillus pumilus	1408	S	24	3	27	0.00001
Bacillus ciccensis	1670641	S	23	2	25	0.00001
Bacillus freudenreichii	1783501	S	21	0	21	0.00001
Bacillus vietnamensis	218284	S	19	1	20	0.00001
Bacillus glycinifermentans	1664069	S	18	1	19	0.00001
Bacillus methanolicus	1471	S	16	1	17	0.00001
Bacillus beveridgei	632773	S	15	0	15	0.00000
Bacillus gobiensis	1441095	S	12	0	12	0.00000
Bacillus smithii	1479	S	11	1	12	0.00000
Bacillus weihaiensis	1547283	S	9	0	9	0.00000
Bacillus safensis	561879	S	8	2	10	0.00000
Bacillus horikoshii	79883	S	8	0	8	0.00000
Bacillus dafuensis	1742359	S	7	0	7	0.00000
Bacillus altitudinis	293387	S	5	2	7	0.00000
Bacillus cohnii	33932	S	3	0	3	0.00000
[Brevibacterium] frigoritolerans	450367	S	2	19	21	0.00001
Bacillus haynesii	1925021	S	1	0	1	0.00000
Caldibacillus thermoamylovorans	35841	S	166	14	180	0.00006
Virgibacillus sp. SK37	403957	S	21	4	25	0.00001
Virgibacillus sp. MSP4-1	2700081	S	16	0	16	0.00000
Virgibacillus sp. Bac330	2419841	S	9	5	14	0.00000
Virgibacillus sp. 6R	1911587	S	1	8	9	0.00000
Virgibacillus halodenitrificans	1482	S	28	2	30	0.00001
Virgibacillus phasianinus	2017483	S	25	0	25	0.00001
Virgibacillus necropolis	163877	S	12	0	12	0.00000
Virgibacillus pantothenticus	1473	S	4	13	17	0.00001
Virgibacillus dokdonensis	302167	S	3	0	3	0.00000
Lysinibacillus sp. SGAir0095	2070463	S	17	1	18	0.00001
Lysinibacillus sp. FJAT-51161	2590012	S	11	0	11	0.00000
Lysinibacillus sp. 2017	2169540	S	8	1	9	0.00000
Lysinibacillus sp. YS11	2072025	S	4	0	4	0.00000
Lysinibacillus fusiformis	28031	S	26	13	39	0.00001
Lysinibacillus timonensis	2086577	S	21	2	23	0.00001
Lysinibacillus sphaericus	1421	S	16	7	23	0.00001
Lysinibacillus varians	1145276	S	1	3	4	0.00000
Alkalihalobacillus clausii	79880	S	21	0	21	0.00001
Alkalihalobacillus krulwichiae	199441	S	18	1	19	0.00001
Alkalihalobacillus halodurans	86665	S	14	1	15	0.00000
Alkalihalobacillus lehensis	300825	S	13	0	13	0.00000
Alkalihalobacillus miscanthi	2598861	S	12	0	12	0.00000
Alkalihalobacillus pseudofirmus	79885	S	8	0	8	0.00000
Oceanobacillus iheyensis	182710	S	37	5	42	0.00001
Oceanobacillus zhaokaii	2052660	S	33	1	34	0.00001
Oceanobacillus kimchii	746691	S	7	1	8	0.00000
Peribacillus asahii	228899	S	22	4	26	0.00001
Peribacillus muralis	264697	S	21	6	27	0.00001
Peribacillus simplex	1478	S	17	22	39	0.00001
Peribacillus butanolivorans	421767	S	9	3	12	0.00000
Peribacillus psychrosaccharolyticus	1407	S	7	1	8	0.00000
Anoxybacillus sp. PDR2	1636720	S	3	25	28	0.00001
Anoxybacillus flavithermus	33934	S	13	2	15	0.00000
Anoxybacillus caldiproteolyticus	247480	S	8	0	8	0.00000
Anoxybacillus amylolyticus	294699	S	7	0	7	0.00000
Anoxybacillus gonensis	198467	S	3	10	13	0.00000
Anoxybacillus kamchatkensis	196180	S	1	3	4	0.00000
Geobacillus sp. 44B	1963023	S	6	0	6	0.00000
Geobacillus sp. 46C-IIa	1963025	S	5	0	5	0.00000
Geobacillus sp. E263	391290	S	2	5	7	0.00000
Geobacillus sp. JS12	1813182	S	2	4	6	0.00000
Geobacillus sp. GHH01	1233873	S	1	5	6	0.00000
Geobacillus sp. 47C-IIb	1963026	S	1	9	10	0.00000
Geobacillus subterraneus	129338	S	4	0	4	0.00000
Geobacillus kaustophilus	1462	S	2	9	11	0.00000
[Bacillus] caldolyticus	1394	S	1	4	5	0.00000
Geobacillus stearothermophilus	1422	S	2	1	3	0.00000
Geobacillus zalihae	213419	S	2	6	8	0.00000
Geobacillus genomosp. 3	1921421	S	1	0	1	0.00000
Salicibibacter sp. NKC5-3	2743000	S	22	6	28	0.00001
Salicibibacter sp. NKC21-4	2743001	S	9	0	9	0.00000
Salicibibacter kimchii	2099786	S	8	0	8	0.00000
Salicibibacter halophilus	2502791	S	6	2	8	0.00000
Weizmannia coagulans	1398	S	51	5	56	0.00002
Neobacillus cucumis	1740721	S	37	0	37	0.00001
Neobacillus mesonae	1193713	S	7	0	7	0.00000
Neobacillus thermocopriae	1215031	S	6	1	7	0.00000
Salimicrobium jeotgali	1230341	S	29	0	29	0.00001
Mesobacillus jeotgali	129985	S	18	1	19	0.00001
Mesobacillus foraminis	279826	S	10	0	10	0.00000
Cytobacillus oceanisediminis	665099	S	17	1	18	0.00001
Cytobacillus kochii	859143	S	10	0	10	0.00000
Pontibacillus sp. HMF3514	2692425	S	13	0	13	0.00000
Pontibacillus sp. ALD_SL1	2777185	S	13	0	13	0.00000
Anaerobacillus isosaccharinicus	1532552	S	25	1	26	0.00001
Lederbergia lentus	1467	S	23	1	24	0.00001
Psychrobacillus glaciei	2283160	S	19	1	20	0.00001
Psychrobacillus sp. AK 1817	2303505	S	4	1	5	0.00000
Halobacillus litoralis	45668	S	12	0	12	0.00000
Halobacillus mangrovi	402384	S	6	0	6	0.00000
Halobacillus halophilus	1570	S	2	0	2	0.00000
Fictibacillus arsenicus	255247	S	17	0	17	0.00001
Fictibacillus phosphorivorans	1221500	S	2	0	2	0.00000
Parageobacillus thermoglucosidasius	1426	S	13	5	18	0.00001
Parageobacillus genomosp. 1	1295642	S	2	0	2	0.00000
Parageobacillus toebii	153151	S	1	0	1	0.00000
Lentibacillus amyloliquefaciens	1472767	S	8	0	8	0.00000
Lentibacillus sp. CBA3610	2518176	S	7	0	7	0.00000
Metabacillus sp. KUDC1714	2745198	S	5	0	5	0.00000
Metabacillus sp. cB07	2806989	S	4	0	4	0.00000
Metabacillus litoralis	152268	S	6	0	6	0.00000
Gracilibacillus sp. SCU50	2663022	S	14	0	14	0.00000
Sediminibacillus sp. DP4-553-S	2729421	S	13	0	13	0.00000
Terribacillus goriensis	386490	S	13	0	13	0.00000
Radiobacillus deserti	2594883	S	7	0	7	0.00000
Amphibacillus xylanus	1449	S	7	0	7	0.00000
Pradoshia sp. D12	2651284	S	7	0	7	0.00000
Paraliobacillus zengyii	2213194	S	6	0	6	0.00000
Aeribacillus pallidus	33936	S	5	0	5	0.00000
Paenibacillus sp. RUD330	2023772	S	47	1	48	0.00001
Paenibacillus sp. FSL R7-0331	1536773	S	34	2	36	0.00001
Paenibacillus sp. BIHB4019	1870819	S	25	0	25	0.00001
Paenibacillus sp. UniB2	2726185	S	23	2	25	0.00001
Paenibacillus sp. URB8-2	2741301	S	21	1	22	0.00001
Paenibacillus sp. 32O-W	1695218	S	17	0	17	0.00001
Paenibacillus sp. B01	2660554	S	16	2	18	0.00001
Paenibacillus sp. FSL P4-0081	1536769	S	13	4	17	0.00001
Paenibacillus sp. HB172198	2565926	S	13	0	13	0.00000
Paenibacillus sp. TB2019	2810347	S	12	0	12	0.00000
Paenibacillus sp. DCT19	2211212	S	12	0	12	0.00000
Paenibacillus sp. PAMC21692	2762320	S	11	0	11	0.00000
Paenibacillus sp. FSL R5-0912	1536771	S	9	2	11	0.00000
Paenibacillus sp. FSL R7-0273	1536772	S	9	0	9	0.00000
Paenibacillus sp. FSL H7-0737	1536775	S	8	1	9	0.00000
Paenibacillus sp. JZ16	1906272	S	7	0	7	0.00000
Paenibacillus sp. FSL H7-0357	1536774	S	6	0	6	0.00000
Paenibacillus sp. FSL R5-0345	1536770	S	6	1	7	0.00000
Paenibacillus sp. JNUCC-31	2777983	S	6	0	6	0.00000
Paenibacillus sp. 37	2607911	S	5	1	6	0.00000
Paenibacillus sp. Y412MC10	481743	S	5	6	11	0.00000
Paenibacillus sp. JDR-2	324057	S	5	0	5	0.00000
Paenibacillus sp. IHB B 3084	867076	S	4	0	4	0.00000
Paenibacillus sp. E222	2748863	S	4	0	4	0.00000
Paenibacillus sp. IHBB 10380	1566358	S	3	0	3	0.00000
Paenibacillus sp. JNUCC-32	2777984	S	3	4	7	0.00000
Paenibacillus sp. Cedars	1980674	S	2	5	7	0.00000
Paenibacillus sp. lzh-N1	2069255	S	1	8	9	0.00000
Paenibacillus stellifer	169760	S	37	2	39	0.00001
Paenibacillus polymyxa	1406	S	31	47	78	0.00002
Paenibacillus mucilaginosus	61624	S	30	0	30	0.00001
Paenibacillus cellulositrophicus	562959	S	24	0	24	0.00001
Paenibacillus ihbetae	1870820	S	22	1	23	0.00001
Paenibacillus odorifer	189426	S	21	1	22	0.00001
Paenibacillus psychroresistens	1778678	S	20	0	20	0.00001
Paenibacillus physcomitrellae	1619311	S	20	2	22	0.00001
Paenibacillus bovis	1616788	S	18	0	18	0.00001
Paenibacillus donghaensis	414771	S	16	0	16	0.00000
Paenibacillus larvae	1464	S	16	832	848	0.00026
Paenibacillus beijingensis	1126833	S	15	0	15	0.00000
Paenibacillus sonchi	373687	S	5	6	11	0.00000
Paenibacillus riograndensis	483937	S	2	2	4	0.00000
Paenibacillus albus	2495582	S	13	0	13	0.00000
Paenibacillus guangzhouensis	1473112	S	13	0	13	0.00000
Paenibacillus terrae	159743	S	12	2	14	0.00000
Paenibacillus durus	44251	S	11	0	11	0.00000
Paenibacillus uliginis	683737	S	11	0	11	0.00000
Paenibacillus rhizovicinus	2704463	S	11	0	11	0.00000
Paenibacillus chitinolyticus	79263	S	11	0	11	0.00000
Paenibacillus xylanexedens	528191	S	10	2	12	0.00000
Paenibacillus lycopersici	2704462	S	9	0	9	0.00000
Paenibacillus xylanilyticus	248903	S	9	0	9	0.00000
Paenibacillus protaetiae	2509456	S	8	0	8	0.00000
Paenibacillus sabinae	365617	S	8	0	8	0.00000
Paenibacillus thiaminolyticus	49283	S	8	0	8	0.00000
Paenibacillus barcinonensis	198119	S	8	0	8	0.00000
Paenibacillus naphthalenovorans	162209	S	7	0	7	0.00000
Paenibacillus lutimineralis	2707005	S	7	0	7	0.00000
Paenibacillus swuensis	1178515	S	7	0	7	0.00000
Paenibacillus cellulosilyticus	375489	S	6	0	6	0.00000
Paenibacillus baekrokdamisoli	1712516	S	6	0	6	0.00000
Paenibacillus borealis	160799	S	5	0	5	0.00000
Paenibacillus glucanolyticus	59843	S	5	15	20	0.00001
Paenibacillus alvei	44250	S	5	0	5	0.00000
Paenibacillus antarcticus	253703	S	4	0	4	0.00000
Paenibacillus graminis	189425	S	4	0	4	0.00000
Paenibacillus kribbensis	172713	S	4	0	4	0.00000
Paenibacillus crassostreae	1763538	S	4	0	4	0.00000
Paenibacillus lentus	1338368	S	3	0	3	0.00000
Paenibacillus brasilensis	128574	S	3	0	3	0.00000
Paenibacillus peoriae	59893	S	3	10	13	0.00000
Paenibacillus yonginensis	1462996	S	2	0	2	0.00000
Paenibacillus jilunlii	682956	S	2	0	2	0.00000
Paenibacillus lautus	1401	S	1	0	1	0.00000
Brevibacillus sp. SCSIO 07484	2496837	S	36	2	38	0.00001
Brevibacillus sp. FJAT-54423	2796470	S	13	1	14	0.00000
Brevibacillus sp. 7WMA2	2683193	S	5	11	16	0.00000
Brevibacillus sp. JNUCC-41	2778370	S	3	4	7	0.00000
Brevibacillus agri	51101	S	23	2	25	0.00001
Brevibacillus laterosporus	1465	S	18	62	80	0.00002
Brevibacillus brevis	1393	S	15	2	17	0.00001
Brevibacillus choshinensis	54911	S	4	0	4	0.00000
Brevibacillus formosus	54913	S	2	0	2	0.00000
Cohnella sp. MFER-1	2728023	S	18	1	19	0.00001
Cohnella sp. LGH	1619153	S	10	0	10	0.00000
Cohnella sp. KS 22	2598458	S	5	0	5	0.00000
Cohnella candidum	2674991	S	22	0	22	0.00001
Cohnella abietis	2507935	S	15	0	15	0.00000
Aneurinibacillus sp. XH2	1450761	S	14	0	14	0.00000
Aneurinibacillus soli	1500254	S	8	0	8	0.00000
Thermobacillus composti	377615	S	18	1	19	0.00001
Saccharibacillus brassicae	2583377	S	15	0	15	0.00000
Sporosarcina sp. Te-1	2818390	S	20	1	21	0.00001
Sporosarcina sp. P37	1930546	S	17	6	23	0.00001
Sporosarcina sp. PTS2304	2283194	S	15	0	15	0.00000
Sporosarcina sp. resist	2762563	S	10	12	22	0.00001
Sporosarcina sp. P33	1930764	S	1	0	1	0.00000
Sporosarcina ureae	1571	S	39	2	41	0.00001
Sporosarcina ureilytica	298596	S	11	0	11	0.00000
Sporosarcina pasteurii	1474	S	5	0	5	0.00000
Sporosarcina psychrophila	1476	S	1	1	2	0.00000
Planococcus sp. Y42	2213202	S	17	0	17	0.00001
Planococcus sp. PAMC 21323	1526927	S	7	1	8	0.00000
Planococcus sp. MB-3u-03	2058136	S	4	1	5	0.00000
Planococcus rifietoensis	200991	S	25	7	32	0.00001
Planococcus plakortidis	1038856	S	10	2	12	0.00000
Planococcus antarcticus	161360	S	9	1	10	0.00000
Planococcus massiliensis	1499687	S	9	0	9	0.00000
Planococcus faecalis	1598147	S	9	12	21	0.00001
Planococcus donghaensis	414778	S	4	0	4	0.00000
Planococcus maritimus	192421	S	3	0	3	0.00000
Planococcus halocryophilus	1215089	S	3	0	3	0.00000
Planococcus dechangensis	1176255	S	2	0	2	0.00000
Planococcus versutus	1302659	S	1	0	1	0.00000
Planomicrobium glaciei	459472	S	24	5	29	0.00001
Viridibacillus sp. JNUCC-6	2779527	S	23	2	25	0.00001
Solibacillus silvestris	76853	S	15	1	16	0.00000
Solibacillus sp. R5-41	2048654	S	7	0	7	0.00000
Ureibacillus thermosphaericus	51173	S	14	5	19	0.00001
Ureibacillus thermophilus	367743	S	4	0	4	0.00000
Paenisporosarcina sp. K2R23-3	2320858	S	11	1	12	0.00000
Paenisporosarcina antarctica	417367	S	4	0	4	0.00000
Kurthia zopfii	1650	S	7	2	9	0.00000
Kurthia sp. 11kri321	1750719	S	4	1	5	0.00000
Jeotgalibacillus malaysiensis	1508404	S	9	0	9	0.00000
Rummeliibacillus stabekisii	241244	S	1	0	1	0.00000
Listeria monocytogenes	1639	S	38	16	54	0.00002
Listeria sp. PSOL-1	1844999	S	12	0	12	0.00000
Listeria ivanovii	1638	S	9	2	11	0.00000
Listeria innocua	1642	S	5	6	11	0.00000
Listeria weihenstephanensis	1006155	S	4	0	4	0.00000
Listeria seeligeri	1640	S	3	1	4	0.00000
Listeria grayi	1641	S	3	0	3	0.00000
Listeria welshimeri	1643	S	3	3	6	0.00000
Brochothrix thermosphacta	2756	S	23	1	24	0.00001
Exiguobacterium sp. AT1b	360911	S	21	2	23	0.00001
Exiguobacterium sp. N4-1P	2051906	S	13	2	15	0.00000
Exiguobacterium sp. Helios	2735868	S	4	2	6	0.00000
Exiguobacterium sp. MH3	1399115	S	2	3	5	0.00000
Exiguobacterium sp. U13-1	1849031	S	1	3	4	0.00000
Exiguobacterium mexicanum	340146	S	14	2	16	0.00000
Exiguobacterium acetylicum	41170	S	1	3	4	0.00000
Exiguobacterium sibiricum	332410	S	1	0	1	0.00000
Gemella haemolysans	1379	S	17	3	20	0.00001
Gemella sanguinis	84135	S	9	3	12	0.00000
Gemella morbillorum	29391	S	8	4	12	0.00000
Alicyclobacillus acidocaldarius	405212	S	19	0	19	0.00001
Alicyclobacillus ferrooxydans	471514	S	14	0	14	0.00000
Alicyclobacillus sp. SO9	2665646	S	8	0	8	0.00000
Alicyclobacillus sp. TC	2606450	S	4	0	4	0.00000
Tumebacillus avium	1903704	S	18	8	26	0.00001
Tumebacillus algifaecis	1214604	S	6	2	8	0.00000
Kyrpidia spormannii	2055160	S	10	0	10	0.00000
Kyrpidia tusciae	33943	S	9	0	9	0.00000
Effusibacillus sp. skT53	2743772	S	4	0	4	0.00000
Kroppenstedtia pulmonis	1380685	S	20	0	20	0.00001
Kroppenstedtia eburnea	714067	S	5	0	5	0.00000
Thermoactinomyces vulgaris	2026	S	20	0	20	0.00001
Novibacillus thermophilus	1471761	S	14	0	14	0.00000
Laceyella sacchari	37482	S	11	0	11	0.00000
Staphylospora marina	2490858	S	7	0	7	0.00000
Sporolactobacillus terrae	269673	S	6	0	6	0.00000
Streptococcus mitis	28037	S	109	43	152	0.00005
Streptococcus sp. oral taxon 061	712623	S	27	5	32	0.00001
Streptococcus sp. oral taxon 431	712633	S	16	3	19	0.00001
Streptococcus sp. LPB0220	2610896	S	8	3	11	0.00000
Streptococcus sp. A12	1759399	S	7	2	9	0.00000
Streptococcus sp. I-P16	1156433	S	7	13	20	0.00001
Streptococcus sp. 116-D4	2598453	S	6	1	7	0.00000
Streptococcus sp. HSISM1	1316408	S	5	2	7	0.00000
Streptococcus sp. HSISS3	1316412	S	3	4	7	0.00000
Streptococcus sp. oral taxon 064	712624	S	2	4	6	0.00000
Streptococcus sp. I-G2	1156431	S	1	1	2	0.00000
Streptococcus sp. HSISS2	1316411	S	1	1	2	0.00000
Streptococcus sp. FDAARGOS_192	1839799	S	1	2	3	0.00000
Streptococcus sp. CNU G2	2686210	S	1	3	4	0.00000
Streptococcus sp. 1643	2576376	S	1	1	2	0.00000
Streptococcus oralis	1303	S	78	36	114	0.00004
Streptococcus thermophilus	1308	S	63	13	76	0.00002
Streptococcus suis	1307	S	49	7	56	0.00002
Streptococcus pyogenes	1314	S	46	23	69	0.00002
Streptococcus salivarius	1304	S	46	42	88	0.00003
Streptococcus sanguinis	1305	S	39	3	42	0.00001
Streptococcus pneumoniae	1313	S	37	16	53	0.00002
Streptococcus anginosus	1328	S	20	42	62	0.00002
Streptococcus intermedius	1338	S	9	3	12	0.00000
Streptococcus equi	1336	S	13	1	14	0.00000
Streptococcus dysgalactiae	1334	S	11	32	43	0.00001
Streptococcus gwangjuense	1433513	S	19	13	32	0.00001
Streptococcus gordonii	1302	S	18	2	20	0.00001
Streptococcus cristatus	45634	S	18	3	21	0.00001
Streptococcus ferus	1345	S	17	0	17	0.00001
Streptococcus parasanguinis	1318	S	15	7	22	0.00001
Streptococcus pseudopneumoniae	257758	S	14	11	25	0.00001
Streptococcus equinus	1335	S	13	6	19	0.00001
Streptococcus parauberis	1348	S	12	4	16	0.00000
Streptococcus pseudoporcinus	361101	S	12	3	15	0.00000
Streptococcus agalactiae	1311	S	11	99	110	0.00003
Streptococcus australis	113107	S	10	11	21	0.00001
Streptococcus mutans	1309	S	8	0	8	0.00000
Streptococcus vestibularis	1343	S	8	2	10	0.00000
Streptococcus uberis	1349	S	8	0	8	0.00000
Streptococcus iniae	1346	S	6	0	6	0.00000
Streptococcus gallolyticus	315405	S	6	10	16	0.00000
Streptococcus urinalis	149016	S	6	1	7	0.00000
Streptococcus porcinus	1340	S	5	0	5	0.00000
Streptococcus troglodytae	1111760	S	5	0	5	0.00000
Streptococcus ratti	1341	S	4	0	4	0.00000
Streptococcus respiraculi	2021971	S	4	0	4	0.00000
Streptococcus acidominimus	1326	S	4	0	4	0.00000
Streptococcus halotolerans	1814128	S	3	0	3	0.00000
Streptococcus pluranimalium	82348	S	2	0	2	0.00000
Streptococcus koreensis	2382163	S	2	2	4	0.00000
Streptococcus ruminantium	1917441	S	2	3	5	0.00000
Streptococcus marmotae	1825069	S	2	0	2	0.00000
Streptococcus merionis	400065	S	2	0	2	0.00000
Streptococcus sobrinus	1310	S	1	0	1	0.00000
Streptococcus pantholopis	1811193	S	1	0	1	0.00000
Streptococcus himalayensis	1888195	S	1	0	1	0.00000
Streptococcus chenjunshii	2173853	S	1	0	1	0.00000
Lactococcus cremoris	1359	S	269	129	398	0.00012
Lactococcus lactis	1358	S	101	74	175	0.00005
Lactococcus garvieae	1363	S	36	18	54	0.00002
Lactococcus taiwanensis	1151742	S	19	1	20	0.00001
Lactococcus piscium	1364	S	16	23	39	0.00001
Lactococcus raffinolactis	1366	S	6	1	7	0.00000
Lactococcus sp. KACC 19320	2592653	S	3	0	3	0.00000
Lactococcus allomyrinae	2419773	S	1	0	1	0.00000
Lactobacillus crispatus	47770	S	122	13	135	0.00004
Lactobacillus iners	147802	S	30	6	36	0.00001
Lactobacillus amylovorus	1604	S	29	6	35	0.00001
Lactobacillus helveticus	1587	S	27	7	34	0.00001
Lactobacillus sp. 3B(2020)	2695882	S	13	1	14	0.00000
Lactobacillus sp. CBA3605	2099788	S	3	0	3	0.00000
Lactobacillus sp. CBA3606	2099789	S	3	1	4	0.00000
Lactobacillus amylolyticus	83683	S	20	1	21	0.00001
Lactobacillus johnsonii	33959	S	20	3	23	0.00001
Lactobacillus terrae	2269374	S	18	0	18	0.00001
Lactobacillus gasseri	1596	S	13	27	40	0.00001
Lactobacillus jensenii	109790	S	11	0	11	0.00000
Lactobacillus delbrueckii	1584	S	11	3	14	0.00000
Lactobacillus ultunensis	227945	S	10	0	10	0.00000
Lactobacillus kefiranofaciens	267818	S	10	1	11	0.00000
Lactobacillus helsingborgensis	1218494	S	9	2	11	0.00000
Lactobacillus acetotolerans	1600	S	6	0	6	0.00000
Lactobacillus kullabergensis	1218493	S	6	0	6	0.00000
Lactobacillus acidophilus	1579	S	6	0	6	0.00000
Lactobacillus taiwanensis	508451	S	2	0	2	0.00000
Lactobacillus paragasseri	2107999	S	2	3	5	0.00000
Limosilactobacillus reuteri	1598	S	81	9	90	0.00003
Limosilactobacillus vaginalis	1633	S	51	3	54	0.00002
Limosilactobacillus fermentum	1613	S	29	6	35	0.00001
Limosilactobacillus mucosae	97478	S	14	1	15	0.00000
Limosilactobacillus pontis	35787	S	1	0	1	0.00000
Limosilactobacillus frumenti	104955	S	1	0	1	0.00000
Limosilactobacillus gastricus	227942	S	1	0	1	0.00000
Paucilactobacillus hokkaidonensis	1193095	S	81	18	99	0.00003
Paucilactobacillus oligofermentans	293371	S	14	1	15	0.00000
Paucilactobacillus nenjiangensis	1296540	S	5	1	6	0.00000
Leuconostoc mesenteroides	1245	S	26	4	30	0.00001
Leuconostoc lactis	1246	S	8	2	10	0.00000
Leuconostoc carnosum	1252	S	8	1	9	0.00000
Leuconostoc gelidum	1244	S	4	0	4	0.00000
Leuconostoc citreum	33964	S	4	5	9	0.00000
Leuconostoc kimchii	136609	S	4	22	26	0.00001
Leuconostoc sp. C2	979982	S	2	14	16	0.00000
Leuconostoc pseudomesenteroides	33968	S	1	0	1	0.00000
Leuconostoc garlicum	255248	S	1	1	2	0.00000
Companilactobacillus futsaii	938155	S	26	13	39	0.00001
Companilactobacillus ginsenosidimutans	1007676	S	16	0	16	0.00000
Companilactobacillus alimentarius	1602	S	13	2	15	0.00000
Companilactobacillus zhachilii	2304606	S	10	1	11	0.00000
Companilactobacillus farciminis	1612	S	4	2	6	0.00000
Companilactobacillus crustorum	392416	S	4	1	5	0.00000
Companilactobacillus heilongjiangensis	1074467	S	4	0	4	0.00000
Companilactobacillus paralimentarius	83526	S	1	0	1	0.00000
Companilactobacillus allii	1847728	S	1	0	1	0.00000
Companilactobacillus pabuli	2714036	S	1	0	1	0.00000
Weissella cryptocerci	2506420	S	14	0	14	0.00000
Weissella sp. HDW19	2714949	S	11	3	14	0.00000
Weissella diestrammenae	1162633	S	10	1	11	0.00000
Weissella confusa	1583	S	7	4	11	0.00000
Weissella hellenica	46256	S	6	4	10	0.00000
Weissella cibaria	137591	S	5	2	7	0.00000
Weissella viridescens	1629	S	4	0	4	0.00000
Weissella soli	155866	S	4	0	4	0.00000
Weissella koreensis	165096	S	3	1	4	0.00000
Weissella paramesenteroides	1249	S	2	1	3	0.00000
Weissella jogaejeotgali	1631871	S	1	0	1	0.00000
Ligilactobacillus salivarius	1624	S	30	4	34	0.00001
Ligilactobacillus saerimneri	228229	S	5	1	6	0.00000
Ligilactobacillus murinus	1622	S	4	1	5	0.00000
Ligilactobacillus ruminis	1623	S	3	0	3	0.00000
Ligilactobacillus acidipiscis	89059	S	3	0	3	0.00000
Ligilactobacillus animalis	1605	S	2	1	3	0.00000
Latilactobacillus sakei	1599	S	18	11	29	0.00001
Latilactobacillus curvatus	28038	S	11	9	20	0.00001
Latilactobacillus fuchuensis	164393	S	2	0	2	0.00000
Latilactobacillus graminis	60519	S	1	0	1	0.00000
Lacticaseibacillus paracasei	1597	S	19	21	40	0.00001
Lacticaseibacillus rhamnosus	47715	S	13	0	13	0.00000
Lacticaseibacillus zeae	57037	S	2	0	2	0.00000
Lacticaseibacillus manihotivorans	88233	S	2	0	2	0.00000
Lacticaseibacillus casei	1582	S	1	0	1	0.00000
Lactiplantibacillus plantarum	1590	S	18	57	75	0.00002
Lactiplantibacillus paraplantarum	60520	S	8	1	9	0.00000
Lactiplantibacillus pentosus	1589	S	7	0	7	0.00000
Pediococcus acidilactici	1254	S	12	2	14	0.00000
Pediococcus inopinatus	114090	S	8	3	11	0.00000
Pediococcus pentosaceus	1255	S	7	1	8	0.00000
Pediococcus claussenii	187452	S	4	0	4	0.00000
Pediococcus damnosus	51663	S	2	0	2	0.00000
Liquorilactobacillus mali	1618	S	13	2	15	0.00000
Liquorilactobacillus hordei	468911	S	11	2	13	0.00000
Liquorilactobacillus nagelii	82688	S	10	2	12	0.00000
Lentilactobacillus hilgardii	1588	S	12	3	15	0.00000
Lentilactobacillus kefiri	33962	S	7	5	12	0.00000
Fructilactobacillus fructivorans	1614	S	12	0	12	0.00000
Fructilactobacillus sanfranciscensis	1625	S	9	1	10	0.00000
Fructilactobacillus lindneri	53444	S	3	0	3	0.00000
Levilactobacillus brevis	1580	S	7	13	20	0.00001
Levilactobacillus zymae	267363	S	1	2	3	0.00000
Oenococcus oeni	1247	S	12	0	12	0.00000
Oenococcus sicerae	2203724	S	6	0	6	0.00000
Oenococcus sp. UCMA 16435	2259623	S	1	0	1	0.00000
Acetilactobacillus jinshanensis	1720083	S	8	0	8	0.00000
Loigolactobacillus backii	375175	S	5	1	6	0.00000
Loigolactobacillus coryniformis	1610	S	3	1	4	0.00000
Secundilactobacillus paracollinoides	240427	S	5	1	6	0.00000
Secundilactobacillus malefermentans	176292	S	2	0	2	0.00000
Bombilactobacillus bombi	1303590	S	5	0	5	0.00000
Apilactobacillus bombintestini	2419772	S	3	0	3	0.00000
Lapidilactobacillus dextrinicus	51664	S	3	0	3	0.00000
Amylolactobacillus amylophilus	1603	S	2	0	2	0.00000
Schleiferilactobacillus harbinensis	304207	S	2	0	2	0.00000
Enterococcus faecalis	1351	S	97	31	128	0.00004
Enterococcus faecium	1352	S	77	86	163	0.00005
Enterococcus mundtii	53346	S	31	2	33	0.00001
Enterococcus cecorum	44008	S	23	4	27	0.00001
Enterococcus avium	33945	S	18	3	21	0.00001
Enterococcus wangshanyuanii	2005703	S	14	0	14	0.00000
Enterococcus thailandicus	417368	S	12	1	13	0.00000
Enterococcus hirae	1354	S	9	1	10	0.00000
Enterococcus casseliflavus	37734	S	9	7	16	0.00000
Enterococcus durans	53345	S	8	2	10	0.00000
Enterococcus rotai	118060	S	5	0	5	0.00000
Enterococcus saigonensis	1805431	S	5	3	8	0.00000
Enterococcus gallinarum	1353	S	4	16	20	0.00001
Enterococcus gilvus	160453	S	1	0	1	0.00000
Vagococcus carniphilus	218144	S	12	2	14	0.00000
Vagococcus hydrophili	2714947	S	12	1	13	0.00000
Vagococcus teuberi	519472	S	10	0	10	0.00000
Vagococcus penaei	633807	S	7	0	7	0.00000
Vagococcus zengguangii	2571750	S	7	1	8	0.00000
Vagococcus coleopterorum	2714946	S	7	0	7	0.00000
Vagococcus sp. CF-49	2562451	S	3	0	3	0.00000
Tetragenococcus halophilus	51669	S	23	3	26	0.00001
Tetragenococcus koreensis	290335	S	8	0	8	0.00000
Tetragenococcus osmophilus	526944	S	3	0	3	0.00000
Melissococcus plutonius	33970	S	11	0	11	0.00000
Carnobacterium maltaromaticum	2751	S	17	3	20	0.00001
Carnobacterium sp. 17-4	208596	S	12	6	18	0.00001
Carnobacterium inhibens	147709	S	12	6	18	0.00001
Carnobacterium divergens	2748	S	11	2	13	0.00000
Dolosigranulum pigrum	29394	S	47	5	52	0.00002
Jeotgalibaca porci	1868793	S	14	6	20	0.00001
Jeotgalibaca dankookensis	708126	S	2	0	2	0.00000
Jeotgalibaca ciconiae	2496265	S	2	0	2	0.00000
Jeotgalibaca arthritidis	1868794	S	1	5	6	0.00000
Jeotgalibaca sp. PTS2502	1903686	S	1	5	6	0.00000
Marinilactibacillus sp. 15R	1911586	S	31	7	38	0.00001
Aerococcus viridans	1377	S	17	6	23	0.00001
Aerococcus urinaeequi	51665	S	14	2	16	0.00000
Aerococcus christensenii	87541	S	5	1	6	0.00000
Aerococcus urinae	1376	S	4	0	4	0.00000
Aerococcus sanguinicola	119206	S	2	0	2	0.00000
Aerococcus urinaehominis	128944	S	2	0	2	0.00000
Abiotrophia defectiva	46125	S	23	1	24	0.00001
Suicoccus acidiformans	2036206	S	1	0	1	0.00000
Clostridium botulinum	1491	S	946	218	1164	0.00036
Clostridium sp. DL-VIII	641107	S	34	1	35	0.00001
Clostridium sp. CT4	2320868	S	31	0	31	0.00001
Clostridium sp. JN-1	2483110	S	31	0	31	0.00001
Clostridium sp. JN-9	2507159	S	20	0	20	0.00001
Clostridium sp. AWRP	2212991	S	18	0	18	0.00001
Clostridium sp. BNL1100	755731	S	17	0	17	0.00001
Clostridium sp. 'deep sea'	2779445	S	13	0	13	0.00000
Clostridium sp. SY8519	1042156	S	5	0	5	0.00000
Clostridium sp. MF28	1702238	S	5	14	19	0.00001
Clostridium perfringens	1502	S	99	6	105	0.00003
Clostridium pasteurianum	1501	S	62	1	63	0.00002
Clostridium beijerinckii	1520	S	57	26	83	0.00003
Clostridium butyricum	1492	S	56	1	57	0.00002
Clostridium baratii	1561	S	54	2	56	0.00002
Clostridium saccharoperbutylacetonicum	36745	S	45	1	46	0.00001
Clostridium saccharobutylicum	169679	S	40	1	41	0.00001
Clostridium septicum	1504	S	39	2	41	0.00001
Clostridium taeniosporum	394958	S	37	1	38	0.00001
Clostridium gasigenes	94869	S	35	1	36	0.00001
Clostridium tetani	1513	S	35	1	36	0.00001
Clostridium cellulovorans	1493	S	34	1	35	0.00001
Clostridium intestinale	36845	S	33	0	33	0.00001
Clostridium argentinense	29341	S	26	0	26	0.00001
Clostridium tyrobutyricum	1519	S	26	0	26	0.00001
Clostridium carboxidivorans	217159	S	24	1	25	0.00001
Clostridium estertheticum	238834	S	21	0	21	0.00001
Clostridium kluyveri	1534	S	19	0	19	0.00001
Clostridium cochlearium	1494	S	19	1	20	0.00001
Clostridium acetobutylicum	1488	S	18	0	18	0.00001
Clostridium sporogenes	1509	S	18	31	49	0.00002
Clostridium bornimense	1216932	S	18	3	21	0.00001
Clostridium scatologenes	1548	S	17	4	21	0.00001
Clostridium drakei	332101	S	17	3	20	0.00001
Clostridium chauvoei	46867	S	14	0	14	0.00000
Clostridium thermarum	1716543	S	14	3	17	0.00001
Clostridium novyi	1542	S	11	2	13	0.00000
Clostridium fermenticellae	2068654	S	11	0	11	0.00000
Clostridium isatidis	182773	S	11	1	12	0.00000
Clostridium formicaceticum	1497	S	8	0	8	0.00000
Clostridium aceticum	84022	S	6	0	6	0.00000
Clostridium diolis	223919	S	3	10	13	0.00000
Clostridium autoethanogenum	84023	S	2	4	6	0.00000
Clostridium ljungdahlii	1538	S	2	3	5	0.00000
Hathewaya histolytica	1498	S	63	2	65	0.00002
Alkaliphilus oremlandii	461876	S	24	0	24	0.00001
Alkaliphilus metalliredigens	208226	S	14	0	14	0.00000
Sarcina sp. JB2	2726954	S	27	1	28	0.00001
Candidatus Arthromitus sp. SFB-rat-Yit	1041504	S	5	0	5	0.00000
Candidatus Arthromitus sp. SFB-mouse	49118	S	3	8	11	0.00000
Candidatus Arthromitus sp. SFB-mouse-NL	1508644	S	3	1	4	0.00000
Crassaminicella sp. SY095	2599308	S	16	0	16	0.00000
Caloramator sp. E03	2576307	S	12	0	12	0.00000
Geosporobacter ferrireducens	1424294	S	11	0	11	0.00000
Hungatella hathewayi	154046	S	9	0	9	0.00000
Caloranaerobacter azorensis	116090	S	2	0	2	0.00000
Blautia sp. SC05B48	2479767	S	82	53	135	0.00004
Blautia sp. LZLJ-3	2779518	S	5	0	5	0.00000
Blautia producta	33035	S	60	19	79	0.00002
Blautia argi	1912897	S	21	7	28	0.00001
Blautia obeum	40520	S	17	6	23	0.00001
Blautia hansenii	1322	S	6	1	7	0.00000
Lacrimispora saccharolytica	84030	S	63	7	70	0.00002
Lacrimispora sphenoides	29370	S	8	0	8	0.00000
[Ruminococcus] gnavus	33038	S	44	16	60	0.00002
[Ruminococcus] torques	33039	S	17	6	23	0.00001
Butyrivibrio fibrisolvens	831	S	28	1	29	0.00001
Butyrivibrio proteoclasticus	43305	S	12	0	12	0.00000
Butyrivibrio hungatei	185008	S	11	0	11	0.00000
Roseburia intestinalis	166486	S	37	17	54	0.00002
Roseburia hominis	301301	S	9	3	12	0.00000
Coprococcus comes	410072	S	19	7	26	0.00001
Coprococcus catus	116085	S	16	3	19	0.00001
Coprococcus sp. ART55/1	751585	S	10	2	12	0.00000
Anaerocolumna sedimenticola	2696063	S	29	0	29	0.00001
Anaerocolumna cellulosilytica	433286	S	9	0	9	0.00000
Anaerocolumna sp. CTTW	2736602	S	4	0	4	0.00000
Lachnoclostridium phocaeense	1871021	S	20	8	28	0.00001
[Clostridium] scindens	29347	S	8	1	9	0.00000
Lachnoclostridium phytofermentans	66219	S	8	0	8	0.00000
[Clostridium] hylemonae	89153	S	4	0	4	0.00000
Lachnoclostridium sp. YL32	1834196	S	2	1	3	0.00000
Anaerostipes hadrus	649756	S	26	8	34	0.00001
Anaerostipes rhamnosivorans	1229621	S	9	1	10	0.00000
Anaerostipes caccae	105841	S	4	0	4	0.00000
Lachnoanaerobaculum umeaense	617123	S	21	1	22	0.00001
Cellulosilyticum lentocellum	29360	S	3	7	10	0.00000
Cellulosilyticum sp. WCF-2	2497860	S	3	7	10	0.00000
Enterocloster bolteae	208479	S	11	1	12	0.00000
Enterocloster clostridioformis	1531	S	5	6	11	0.00000
Anaerobutyricum hallii	39488	S	14	3	17	0.00001
Herbinix luporum	1679721	S	13	3	16	0.00000
Lachnospira eligens	39485	S	12	0	12	0.00000
Anaerotignum propionicum	28446	S	5	0	5	0.00000
Pseudobutyrivibrio xylanivorans	185007	S	1	0	1	0.00000
Faecalibacterium prausnitzii	853	S	98	33	131	0.00004
Flavonifractor plautii	292800	S	56	3	59	0.00002
Acetivibrio saccincola	1677857	S	17	3	20	0.00001
Acetivibrio thermocellus	1515	S	16	-16	0	0.00000
Acetivibrio clariflavus	288965	S	15	3	18	0.00001
Ruminococcus albus	1264	S	21	0	21	0.00001
Ruminococcus bicirculans	1160721	S	7	2	9	0.00000
Ruminococcus champanellensis	1161942	S	6	1	7	0.00000
Ruminococcus sp. JE7A12	2564099	S	4	0	4	0.00000
Ethanoligenens harbinense	253239	S	33	0	33	0.00001
Ruminiclostridium herbifermentans	2488810	S	31	5	36	0.00001
Ruminiclostridium cellulolyticum	1521	S	2	0	2	0.00000
Oscillibacter valericigenes	351091	S	25	0	25	0.00001
Oscillibacter sp. NSJ-62	2763056	S	7	0	7	0.00000
Ruthenibacterium lactatiformans	1550024	S	30	3	33	0.00001
Caproiciproducens sp. 7D4C2	2721621	S	12	2	14	0.00000
Caproiciproducens sp. NJN-50	2507162	S	11	2	13	0.00000
Dysosmobacter welbionis	2093857	S	24	33	57	0.00002
Fastidiosipila sanguinis	236753	S	10	2	12	0.00000
Acutalibacter muris	1796620	S	9	0	9	0.00000
Pseudoclostridium thermosuccinogenes	84032	S	8	0	8	0.00000
Thermoclostridium stercorarium	1510	S	6	-6	0	0.00000
Mageeibacillus indolicus	884684	S	4	1	5	0.00000
Clostridioides difficile	1496	S	141	219	360	0.00011
Romboutsia sp. CE17	2724150	S	37	3	40	0.00001
Romboutsia ilealis	1115758	S	24	2	26	0.00001
Romboutsia hominis	1507512	S	21	1	22	0.00001
Peptacetobacter hiranonis	89152	S	35	3	38	0.00001
Paeniclostridium sordellii	1505	S	28	1	29	0.00001
Paraclostridium bifermentans	1490	S	24	1	25	0.00001
Filifactor alocis	143361	S	20	12	32	0.00001
Acetoanaerobium sticklandii	1511	S	14	0	14	0.00000
Peptoclostridium acidaminophilum	1731	S	2	0	2	0.00000
Thermaerobacter sp. PB12/4term	2293838	S	40	0	40	0.00001
Thermaerobacter sp. FW80	2546351	S	24	0	24	0.00001
Thermaerobacter marianensis	73919	S	26	0	26	0.00001
Aminipila butyrica	433296	S	51	0	51	0.00002
Aminipila sp. JN-18	2507160	S	15	0	15	0.00000
Aminipila sp. CBA3637	2697030	S	1	0	1	0.00000
Mogibacterium diversum	114527	S	7	2	9	0.00000
Mogibacterium pumilum	86332	S	1	0	1	0.00000
Flintibacter sp. KGMB00164	2610895	S	22	0	22	0.00001
Intestinimonas butyriciproducens	1297617	S	11	1	12	0.00000
Monoglobus pectinilyticus	1981510	S	9	2	11	0.00000
Massilistercora timonensis	2086584	S	7	3	10	0.00000
Carboxydocella thermautotrophica	178899	S	1	0	1	0.00000
Desulfosporosinus meridiei	79209	S	18	4	22	0.00001
Desulfosporosinus youngiae	339862	S	16	2	18	0.00001
Desulfosporosinus orientis	1563	S	6	0	6	0.00000
Desulfosporosinus acidiphilus	885581	S	5	0	5	0.00000
Desulfitobacterium dehalogenans	36854	S	10	4	14	0.00000
Desulfitobacterium metallireducens	142877	S	9	1	10	0.00000
Desulfitobacterium dichloroeliminans	233055	S	5	2	7	0.00000
Desulfitobacterium hafniense	49338	S	3	1	4	0.00000
Desulfotomaculum nigrificans	1565	S	10	1	11	0.00000
Desulfotomaculum reducens	59610	S	8	0	8	0.00000
Desulfotomaculum ruminis	1564	S	4	0	4	0.00000
Desulfotomaculum ferrireducens	1833852	S	4	0	4	0.00000
Candidatus Desulforudis audaxviator	471827	S	20	0	20	0.00001
Desulfofarcimen acetoxidans	58138	S	20	0	20	0.00001
Thermoanaerosceptrum fracticalcis	1712410	S	16	0	16	0.00000
Desulfallas gibsoniae	102134	S	12	0	12	0.00000
Syntrophobotulus glycolicus	51197	S	9	0	9	0.00000
Dehalobacter restrictus	55583	S	2	2	4	0.00000
Thermincola potens	863643	S	5	0	5	0.00000
Dehalobacterium formicoaceticum	51515	S	1	0	1	0.00000
Eubacterium sp. NSJ-61	2764325	S	21	13	34	0.00001
Eubacterium maltosivorans	2041044	S	15	10	25	0.00001
Eubacterium limosum	1736	S	10	1	11	0.00000
[Eubacterium] cellulosolvens	29322	S	9	0	9	0.00000
Eubacterium callanderi	53442	S	4	0	4	0.00000
Acetobacterium woodii	33952	S	16	1	17	0.00001
Acetobacterium sp. KB-1	2184575	S	6	0	6	0.00000
Alkalibacter sp. ES005	2815577	S	4	0	4	0.00000
Candidatus Syntrophocurvum alkaliphilum	2293317	S	24	7	31	0.00001
Syntrophomonas wolfei	863	S	7	1	8	0.00000
Heliobacterium modesticaldum	35701	S	25	10	35	0.00001
Heliorestis convoluta	356322	S	4	0	4	0.00000
Christensenella sp. Marseille-P3954	2086585	S	13	1	14	0.00000
Christensenella minuta	626937	S	8	1	9	0.00000
Symbiobacterium thermophilum	2734	S	19	0	19	0.00001
Petrocella atlantisensis	2173034	S	14	0	14	0.00000
Thermoanaerobacter italicus	108150	S	11	6	17	0.00001
Thermoanaerobacter kivui	2325	S	10	1	11	0.00000
Thermoanaerobacter brockii	29323	S	7	11	18	0.00001
Thermoanaerobacter wiegelii	46354	S	1	0	1	0.00000
Thermoanaerobacter mathranii	583357	S	1	0	1	0.00000
Caldanaerobacter subterraneus	911092	S	22	1	23	0.00001
Carboxydothermus hydrogenoformans	129958	S	20	0	20	0.00001
Moorella thermoacetica	1525	S	6	0	6	0.00000
Moorella glycerini	55779	S	6	1	7	0.00000
Ammonifex degensii	42838	S	2	0	2	0.00000
Thermacetogenium phaeum	85874	S	8	4	12	0.00000
Thermanaeromonas toyohensis	161154	S	3	0	3	0.00000
Caldicellulosiruptor sp. YA01	2806205	S	18	4	22	0.00001
Caldicellulosiruptor changbaiensis	1222016	S	14	8	22	0.00001
Caldicellulosiruptor kronotskyensis	413889	S	5	3	8	0.00000
Caldicellulosiruptor obsidiansis	717609	S	5	1	6	0.00000
Caldicellulosiruptor lactoaceticus	52766	S	2	4	6	0.00000
Caldicellulosiruptor bescii	31899	S	1	0	1	0.00000
Caldicellulosiruptor saccharolyticus	44001	S	1	0	1	0.00000
Caldicellulosiruptor hydrothermalis	413888	S	1	0	1	0.00000
Thermoanaerobacterium thermosaccharolyticum	1517	S	16	6	22	0.00001
Thermoanaerobacterium sp. RBIITD	1550240	S	14	2	16	0.00000
Thermoanaerobacterium aotearoense	47490	S	2	0	2	0.00000
Thermoanaerobacterium xylanolyticum	29329	S	1	0	1	0.00000
Thermodesulfobium narugense	184064	S	5	4	9	0.00000
Thermodesulfobium acidiphilum	1794699	S	3	2	5	0.00000
Mahella australiensis	252966	S	12	2	14	0.00000
Halanaerobium hydrogeniformans	656519	S	22	1	23	0.00001
Halanaerobium praevalens	2331	S	15	1	16	0.00000
Halocella sp. SP3-1	2382161	S	12	0	12	0.00000
Halothermothrix orenii	31909	S	11	0	11	0.00000
Halobacteroides halobius	42422	S	19	0	19	0.00001
Acetohalobium arabaticum	28187	S	5	0	5	0.00000
Anoxybacter fermentans	1323375	S	4	0	4	0.00000
Biomaibacter acetigenes	2316383	S	20	0	20	0.00001
Tepidanaerobacter acetatoxydans	499229	S	13	0	13	0.00000
Thermosediminibacter oceani	291990	S	4	0	4	0.00000
Natranaerobius thermophilus	375929	S	16	0	16	0.00000
Koleobacter methoxysyntrophicus	2751313	S	7	0	7	0.00000
Finegoldia magna	1260	S	118	43	161	0.00005
Anaerococcus prevotii	33034	S	16	5	21	0.00001
Anaerococcus obesiensis	1287640	S	12	24	36	0.00001
Anaerococcus mediterraneensis	1870984	S	10	4	14	0.00000
Anaerococcus vaginalis	33037	S	5	10	15	0.00000
Peptoniphilus harei	54005	S	27	8	35	0.00001
Peptoniphilus ivorii	54006	S	21	1	22	0.00001
Murdochiella vaginalis	1852373	S	33	17	50	0.00002
Parvimonas micra	33033	S	13	6	19	0.00001
Schnuerera ultunensis	45497	S	37	3	40	0.00001
Gudongella oleilytica	1582259	S	27	2	29	0.00001
Tissierellia sp. JN-28	2507161	S	19	1	20	0.00001
Keratinibaculum paraultunense	1278232	S	14	2	16	0.00000
Gottschalkia acidurici	1556	S	18	0	18	0.00001
Sedimentibacter sp. zth1	2816908	S	29	0	29	0.00001
Ezakiella massiliensis	1852374	S	15	5	20	0.00001
Selenomonas sp. oral taxon 126	712528	S	9	0	9	0.00000
Selenomonas sp. oral taxon 920	1884263	S	8	0	8	0.00000
Selenomonas sp. Marseille-Q3039	2754044	S	4	0	4	0.00000
Selenomonas sp. oral taxon 136	713030	S	3	2	5	0.00000
Selenomonas sp. oral taxon 478	712538	S	1	0	1	0.00000
Selenomonas ruminantium	971	S	14	0	14	0.00000
Selenomonas sputigena	69823	S	13	0	13	0.00000
Megamonas hypermegale	158847	S	36	0	36	0.00001
Megamonas funiformis	437897	S	18	0	18	0.00001
Pectinatus frisingensis	865	S	5	0	5	0.00000
Pelosinus fermentans	365349	S	16	1	17	0.00001
Pelosinus sp. UFO1	484770	S	12	2	14	0.00000
Methylomusa anaerophila	1930071	S	18	0	18	0.00001
Sporomusa termitida	2377	S	6	0	6	0.00000
Veillonella parvula	29466	S	40	4	44	0.00001
Veillonella atypica	39777	S	9	1	10	0.00000
Veillonella dispar	39778	S	8	4	12	0.00000
Veillonella nakazawae	2682456	S	8	6	14	0.00000
Veillonella rodentium	248315	S	4	0	4	0.00000
Dialister massiliensis	2161821	S	18	10	28	0.00001
Dialister pneumosintes	39950	S	5	3	8	0.00000
Megasphaera elsdenii	907	S	21	1	22	0.00001
Megasphaera stantonii	2144175	S	11	2	13	0.00000
Phascolarctobacterium faecium	33025	S	42	0	42	0.00001
Phascolarctobacterium sp. Marseille-Q4147	2823317	S	13	0	13	0.00000
Acidaminococcus fermentans	905	S	18	2	20	0.00001
Acidaminococcus intestini	187327	S	3	0	3	0.00000
Erysipelothrix larvae	1514105	S	25	1	26	0.00001
Erysipelothrix piscisicarius	2485784	S	16	1	17	0.00001
Erysipelothrix rhusiopathiae	1648	S	12	2	14	0.00000
Erysipelothrix sp. HDW6A	2714928	S	8	1	9	0.00000
Erysipelothrix sp. HDW6B	2714929	S	2	1	3	0.00000
Erysipelothrix inopinata	225084	S	9	0	9	0.00000
Erysipelatoclostridium ramosum	1547	S	33	1	34	0.00001
[Clostridium] innocuum	1522	S	13	3	16	0.00000
Bulleidia sp. zg-1006	2806552	S	23	2	25	0.00001
Faecalitalea cylindroides	39483	S	18	16	34	0.00001
Amedibacterium intestinale	2583452	S	12	7	19	0.00001
Faecalibacillus intestinalis	1982626	S	7	23	30	0.00001
Intestinibaculum porci	2487118	S	6	0	6	0.00000
Longibaculum sp. KGMB06250	2584943	S	2	6	8	0.00000
Turicibacter sanguinis	154288	S	7	4	11	0.00000
Turicibacter sp. H121	1712675	S	3	3	6	0.00000
Limnochorda pilosa	1555112	S	20	0	20	0.00001
Ndongobacter massiliensis	1871025	S	10	4	14	0.00000
endosymbiont 'TC1' of Trimyema compressum	243899	S	3	0	3	0.00000
Oscillatoria nigro-viridis	482564	S	26574	823	27397	0.00855
Oscillatoria acuminata	118323	S	91	5	96	0.00003
Moorea producens	1155739	S	153	1	154	0.00005
Planktothrix agardhii	1160	S	1752	1434	3186	0.00099
Planktothrix rubescens	59512	S	386	248	634	0.00020
Microcoleus sp. PCC 7113	1173027	S	88	3	91	0.00003
Trichodesmium erythraeum	1206	S	81	0	81	0.00003
Oxynema sp. AP17	2064643	S	65	2	67	0.00002
Arthrospira platensis	118562	S	6	71	77	0.00002
Limnospira indica	147322	S	3	23	26	0.00001
Crinalium epipsammum	241425	S	84	3	87	0.00003
[Phormidium] sp. ETS-05	222819	S	68	2	70	0.00002
Geitlerinema sp. PCC 7407	1173025	S	35	1	36	0.00001
Cyanothece sp. PCC 7425	395961	S	19	0	19	0.00001
Microcystis aeruginosa	1126	S	434	74	508	0.00016
Microcystis sp. MC19	1967666	S	7	3	10	0.00000
Microcystis viridis	44822	S	6	16	22	0.00001
Geminocystis sp. NIES-3708	1615909	S	117	22	139	0.00004
Geminocystis sp. NIES-3709	1617448	S	68	9	77	0.00002
Geminocystis herdmanii	669359	S	47	6	53	0.00002
Chondrocystis sp. NIES-4102	2005460	S	63	12	75	0.00002
Gloeocapsa sp. PCC 7428	1173026	S	45	1	46	0.00001
Gloeothece citriformis	2546356	S	56	2	58	0.00002
Gloeothece verrucosa	2546359	S	16	0	16	0.00000
Euhalothece natronophila	577489	S	34	1	35	0.00001
Halothece sp. PCC 7418	65093	S	28	3	31	0.00001
Candidatus Atelocyanobacterium thalassa	713887	S	49	9	58	0.00002
Rippkaea orientalis	2546366	S	32	1	33	0.00001
Crocosphaera subtropica	2546360	S	21	1	22	0.00001
Cyanobacterium aponinum	379064	S	65	13	78	0.00002
Nostoc sp. CENA543	1869241	S	409	15	424	0.00013
Nostoc sp. PCC 7524	28072	S	207	10	217	0.00007
Nostoc sp. NIES-4103	2005458	S	171	10	181	0.00006
Nostoc sp. C052	2576902	S	156	24	180	0.00006
Nostoc sp. TCL26-01	2576904	S	150	5	155	0.00005
Nostoc sp. UHCC 0702	2814655	S	135	7	142	0.00004
Nostoc sp. 'Peltigera membranacea cyanobiont' N6	1261031	S	109	19	128	0.00004
Nostoc sp. TCL240-02	2572090	S	84	33	117	0.00004
Nostoc sp. ATCC 53789	76335	S	70	95	165	0.00005
Nostoc sp. C057	2576903	S	57	73	130	0.00004
Nostoc sp. 'Lobaria pulmonaria (5183) cyanobiont'	1618022	S	55	6	61	0.00002
Nostoc sp. NIES-2111	1973475	S	41	86	127	0.00004
Nostoc sp. PCC 7107	317936	S	24	3	27	0.00001
Nostoc sp. NIES-3756	1751286	S	11	34	45	0.00001
Nostoc carneum	374162	S	327	264	591	0.00018
Nostoc sphaeroides	446679	S	250	51	301	0.00009
Nostoc edaphicum	264686	S	166	23	189	0.00006
Nostoc punctiforme	272131	S	104	41	145	0.00005
Nostoc linckia	92942	S	79	10	89	0.00003
Nostoc flagelliforme	1306274	S	69	11	80	0.00002
Nostoc piscinale	224012	S	63	3	66	0.00002
Anabaena sp. YBS01	2490939	S	297	2031	2328	0.00073
Anabaena sp. WA102	1647413	S	125	85	210	0.00007
Anabaena sp. 90	46234	S	36	125	161	0.00005
Anabaena cylindrica	1165	S	296	19	315	0.00010
Cylindrospermum stagnale	142864	S	128	4	132	0.00004
Trichormus azollae	1164	S	58	2	60	0.00002
Calothrix sp. NIES-2098	1954171	S	157	71	228	0.00007
Calothrix sp. PCC 7507	99598	S	119	12	131	0.00004
Calothrix sp. NIES-2100	1954172	S	96	42	138	0.00004
Calothrix sp. NIES-3974	2005462	S	42	1	43	0.00001
Calothrix sp. 336/3	1337936	S	35	1	36	0.00001
Calothrix parasitica	1973486	S	494	8	502	0.00016
Calothrix brevissima	938406	S	240	49	289	0.00009
Calothrix parietina	32054	S	141	4	145	0.00005
Sphaerospermopsis kisseleviana	289435	S	155	8	163	0.00005
Dolichospermum compactum	136073	S	71	32	103	0.00003
Dolichospermum sp. UHCC 0315A	1914871	S	31	90	121	0.00004
Dolichospermum flos-aquae	1166	S	16	57	73	0.00002
Anabaenopsis elenkinii	156213	S	78	4	82	0.00003
Anabaenopsis circularis	109266	S	33	7	40	0.00001
Raphidiopsis curvata	312883	S	34	19	53	0.00002
Nodularia spumigena	70799	S	33	1	34	0.00001
Cylindrospermopsis curvispora	747548	S	13	5	18	0.00001
Scytonema sp. HK-05	1137095	S	132	39	171	0.00005
Scytonema sp. NIES-4073	2005464	S	112	42	154	0.00005
Brasilonema sennae	1397703	S	63	5	68	0.00002
Fischerella sp. NIES-4106	2005456	S	225	21	246	0.00008
Fischerella sp. NIES-3754	1752063	S	39	11	50	0.00002
Rivularia sp. PCC 7116	373994	S	104	6	110	0.00003
Microchaete diplosiphon	1197	S	71	53	124	0.00004
Tolypothrix sp. PCC 7910	2099387	S	76	25	101	0.00003
Aulosira laxa	1541975	S	5	4123	4128	0.00129
Synechococcus sp. PCC 7502	1173263	S	52	1	53	0.00002
Synechococcus sp. PCC 7336	195250	S	29	0	29	0.00001
Synechococcus sp. JA-2-3B'a(2-13)	321332	S	28	2	30	0.00001
Synechococcus sp. CBW1004	1353136	S	27	4	31	0.00001
Synechococcus sp. RS9909	221352	S	23	3	26	0.00001
Synechococcus sp. CBW1107	2789857	S	22	2	24	0.00001
Synechococcus sp. PCC 6312	195253	S	20	0	20	0.00001
Synechococcus sp. PCC 7003	374981	S	18	1	19	0.00001
Synechococcus sp. WH 8020	32052	S	17	1	18	0.00001
Synechococcus sp. RSCCF101	2511069	S	17	1	18	0.00001
Synechococcus sp. NIES-970	1827144	S	17	1	18	0.00001
Synechococcus sp. CBW1108	1353147	S	15	1	16	0.00000
Synechococcus sp. LTW-R	2751170	S	15	1	16	0.00000
Synechococcus sp. HK01-R	2751171	S	14	1	15	0.00000
Synechococcus sp. CBW1006	1353138	S	12	40	52	0.00002
Synechococcus sp. SynAce01	1916956	S	11	0	11	0.00000
Synechococcus sp. CB0101	232348	S	11	1	12	0.00000
Synechococcus sp. PCC 7117	195498	S	10	17	27	0.00001
Synechococcus sp. BIOS-E4-1	1400864	S	10	0	10	0.00000
Synechococcus sp. CC9311	64471	S	9	0	9	0.00000
Synechococcus sp. PROS-7-1	1442556	S	8	1	9	0.00000
Synechococcus sp. JA-3-3Ab	321327	S	8	0	8	0.00000
Synechococcus sp. MVIR-18-1	1386941	S	7	4	11	0.00000
Synechococcus sp. WH 8101	59932	S	7	1	8	0.00000
Synechococcus sp. NOUM97013	1442555	S	7	0	7	0.00000
Synechococcus sp. CBW1002	1353134	S	7	27	34	0.00001
Synechococcus sp. TAK9802	1442558	S	6	5	11	0.00000
Synechococcus sp. Minos11	221341	S	6	0	6	0.00000
Synechococcus sp. BIOS-U3-1	1400865	S	6	0	6	0.00000
Synechococcus sp. KORDI-52	585425	S	5	0	5	0.00000
Synechococcus sp. CC9902	316279	S	4	0	4	0.00000
Synechococcus sp. PROS-9-1	1968775	S	4	0	4	0.00000
Synechococcus sp. PROS-U-1	1400866	S	3	0	3	0.00000
Synechococcus sp. KORDI-100	1280380	S	3	0	3	0.00000
Synechococcus sp. MIT S9220	166309	S	3	0	3	0.00000
Synechococcus sp. PCC 73109	374982	S	3	5	8	0.00000
Synechococcus sp. BMK-MC-1	1442551	S	2	0	2	0.00000
Synechococcus sp. A18-25c	1866938	S	2	6	8	0.00000
Synechococcus sp. M16.1	1442553	S	2	2	4	0.00000
Synechococcus sp. MEDNS5	1442554	S	2	0	2	0.00000
Synechococcus sp. ROS8604	1442557	S	2	0	2	0.00000
Synechococcus sp. WH 8103	29410	S	2	14	16	0.00000
Synechococcus sp. A15-60	1050655	S	2	5	7	0.00000
Synechococcus sp. A15-28	1050638	S	2	0	2	0.00000
Synechococcus sp. A15-24	1050635	S	2	0	2	0.00000
Synechococcus sp. RS9915	221358	S	2	6	8	0.00000
Synechococcus sp. RS9902	221345	S	2	1	3	0.00000
Synechococcus sp. A15-62	1050657	S	1	0	1	0.00000
Synechococcus sp. PCC 7002	32049	S	1	1	2	0.00000
Synechococcus sp. A15-127	1050624	S	1	0	1	0.00000
Synechococcus sp. RS9907	221350	S	1	0	1	0.00000
Synechococcus lividus	33070	S	29	1	30	0.00001
Synechococcus elongatus	32046	S	25	11	36	0.00001
Cyanobium gracile	59930	S	42	5	47	0.00001
Cyanobium sp. NS01	261284	S	16	4	20	0.00001
Cyanobium sp. NIES-981	1851505	S	13	2	15	0.00000
Dactylococcopsis salina	292566	S	46	6	52	0.00002
Thermosynechococcus elongatus	146786	S	10	8	18	0.00001
Thermosynechococcus sp. CL-1	2583530	S	3	3	6	0.00000
Thermosynechococcus sp. NK55a	1394889	S	1	1	2	0.00000
Prochlorococcus marinus	1219	S	241	67	308	0.00010
Prochlorococcus sp. MIT 0604	1501268	S	10	17	27	0.00001
Prochlorococcus sp. MIT 0801	1501269	S	7	8	15	0.00000
Pseudanabaena sp. ABRG5-3	685565	S	133	2	135	0.00004
Pseudanabaena sp. PCC 7367	82654	S	66	0	66	0.00002
Leptolyngbya sp. NIES-3755	1752064	S	48	0	48	0.00001
Leptolyngbya sp. O-77	1080068	S	43	33	76	0.00002
Leptolyngbya sp. BL0902	1115757	S	36	0	36	0.00001
Leptolyngbya sp. PCC 7376	111781	S	25	0	25	0.00001
Leptolyngbya boryana	1184	S	27	16	43	0.00001
Acaryochloris marina	155978	S	145	1	146	0.00005
Chamaesiphon minutus	1173032	S	122	2	124	0.00004
Synechocystis sp. PCC 6714	1147	S	21	4	25	0.00001
Synechocystis sp. CACIAM 05	1933929	S	2	29	31	0.00001
Halomicronema hongdechloris	1209493	S	15	0	15	0.00000
Thermoleptolyngbya sp. PKUAC-SCTA183	2737172	S	1	20	21	0.00001
Stanieria cyanosphaera	102116	S	38	15	53	0.00002
Stanieria sp. NIES-3757	1807358	S	20	7	27	0.00001
Pleurocapsa minor	54308	S	31	1	32	0.00001
Gloeomargarita lithophora	1188228	S	78	0	78	0.00002
Chroococcidiopsis thermalis	54299	S	72	2	74	0.00002
Gloeobacter violaceus	33072	S	30	9	39	0.00001
Gloeobacter kilaueensis	1416614	S	13	3	16	0.00000
cyanobacterium endosymbiont of Epithemia turgida	718217	S	13	0	13	0.00000
cyanobacterium endosymbiont of Rhopalodia gibberula	1763363	S	7	0	7	0.00000
Mycoplasma sp. Zaradi2	547987	S	25	0	25	0.00001
Mycoplasma sp. (ex Biomphalaria glabrata)	1749074	S	22	0	22	0.00001
Mycoplasma sp. Mirounga ES2806-NAS	754516	S	10	5	15	0.00000
Mycoplasma sp. OR1901	2742195	S	10	1	11	0.00000
Mycoplasma sp. NEAQ87857	2683967	S	8	0	8	0.00000
Mycoplasma sp. Mirounga ES2806-GEN	754515	S	7	0	7	0.00000
Mycoplasma sp. Pen4	640330	S	5	0	5	0.00000
Mycoplasma sp. 1654_15	2725994	S	4	3	7	0.00000
Mycoplasma sp. Mirounga ES2805-ORL	754514	S	3	0	3	0.00000
Mycoplasma sp. Phocoena C-264-GEN	754517	S	3	0	3	0.00000
Mycoplasma sp. C264-NAS	2726117	S	3	1	4	0.00000
Mycoplasma yeatsii	51365	S	23	10	33	0.00001
Mycoplasma mobile	2118	S	23	0	23	0.00001
Mycoplasma arthritidis	2111	S	20	1	21	0.00001
Mycoplasma crocodyli	50052	S	19	0	19	0.00001
Mycoplasma mycoides	2102	S	12	7	19	0.00001
Mycoplasma leachii	2105	S	2	0	2	0.00000
Mycoplasma neurolyticum	2120	S	16	0	16	0.00000
Mycoplasma canadense	29554	S	16	2	18	0.00001
Mycoplasma orale	2121	S	15	1	16	0.00000
Mycoplasma hominis	2098	S	13	5	18	0.00001
Mycoplasma parvum	984991	S	10	0	10	0.00000
Mycoplasma anserisalpingitidis	519450	S	10	0	10	0.00000
Mycoplasma conjunctivae	45361	S	10	28	38	0.00001
Mycoplasma genitalium	2097	S	8	-8	0	0.00000
Mycoplasma salivarium	2124	S	8	0	8	0.00000
Mycoplasma phocicerebrale	142649	S	7	1	8	0.00000
Mycoplasma nasistruthionis	353852	S	7	0	7	0.00000
Mycoplasma penetrans	28227	S	6	0	6	0.00000
Mycoplasma ovis	171632	S	6	0	6	0.00000
Mycoplasma putrefaciens	2123	S	6	2	8	0.00000
Mycoplasma hyosynoviae	29559	S	5	0	5	0.00000
Mycoplasma iowae	2116	S	5	0	5	0.00000
Mycoplasma suis	57372	S	5	0	5	0.00000
Mycoplasma dispar	86660	S	5	1	6	0.00000
Mycoplasma hyopneumoniae	2099	S	4	4	8	0.00000
Mycoplasma anseris	92400	S	4	1	5	0.00000
Mycoplasma cloacale	92401	S	4	1	5	0.00000
Mycoplasma flocculare	2128	S	3	7	10	0.00000
Mycoplasma phocidae	142651	S	3	1	4	0.00000
Candidatus Mycoplasma haemolamae	141391	S	3	0	3	0.00000
Mycoplasma hyorhinis	2100	S	2	12	14	0.00000
Mycoplasma gallisepticum	2096	S	2	0	2	0.00000
Mycoplasma wenyonii	65123	S	2	0	2	0.00000
Mycoplasma alkalescens	45363	S	2	0	2	0.00000
Mycoplasma haemofelis	29501	S	2	0	2	0.00000
Mycoplasma bovoculi	45362	S	1	0	1	0.00000
Mycoplasma pulmonis	2107	S	21	0	21	0.00001
Mycoplasma bovis	28903	S	18	1	19	0.00001
Mycoplasma gallopavonis	76629	S	12	2	14	0.00000
Mycoplasma bovirhinis	29553	S	11	0	11	0.00000
Mycoplasma anatis	171279	S	9	0	9	0.00000
Mycoplasma columbinum	114881	S	9	0	9	0.00000
Mycoplasma canis	29555	S	9	0	9	0.00000
Mycoplasma cynos	171284	S	8	0	8	0.00000
Mycoplasma felis	33923	S	7	0	7	0.00000
Mycoplasma columbinasale	114880	S	7	0	7	0.00000
Mycoplasma gallinaceum	29556	S	7	1	8	0.00000
Mycoplasma meleagridis	29561	S	5	0	5	0.00000
Mycoplasma phocirhinis	142650	S	5	0	5	0.00000
Mycoplasma citelli	171281	S	5	0	5	0.00000
Mycoplasma maculosum	114885	S	4	0	4	0.00000
Mycoplasma agalactiae	2110	S	4	0	4	0.00000
Mycoplasma arginini	2094	S	3	0	3	0.00000
Mycoplasma synoviae	2109	S	3	0	3	0.00000
Mycoplasma edwardii	53558	S	2	0	2	0.00000
Mycoplasma californicum	2113	S	2	0	2	0.00000
Mycoplasma bovigenitalium	2112	S	2	0	2	0.00000
Mycoplasma glycophilum	171285	S	1	0	1	0.00000
Ureaplasma parvum	134821	S	13	4	17	0.00001
Ureaplasma urealyticum	2130	S	2	0	2	0.00000
Candidatus Hepatoplasma crinochetorum	295596	S	10	0	10	0.00000
Spiroplasma monobiae	2136	S	34	4	38	0.00001
Spiroplasma sp. TIUS-1	216963	S	9	0	9	0.00000
Spiroplasma sp. BIUS-1	216964	S	6	0	6	0.00000
Spiroplasma chrysopicola	216933	S	16	1	17	0.00001
Spiroplasma poulsonii	2138	S	14	0	14	0.00000
Spiroplasma culicicola	216935	S	13	0	13	0.00000
Spiroplasma kunkelii	47834	S	12	8	20	0.00001
Spiroplasma tabanidicola	324079	S	11	1	12	0.00000
Spiroplasma taiwanense	2145	S	10	0	10	0.00000
Spiroplasma citri	2133	S	10	15	25	0.00001
Spiroplasma turonicum	216946	S	10	0	10	0.00000
Spiroplasma chinense	216932	S	9	0	9	0.00000
Spiroplasma alleghenense	216931	S	7	0	7	0.00000
Spiroplasma eriocheiris	315358	S	7	0	7	0.00000
Spiroplasma gladiatoris	2143	S	7	0	7	0.00000
Spiroplasma cantharicola	362837	S	7	0	7	0.00000
Spiroplasma corruscae	216934	S	6	0	6	0.00000
Spiroplasma litorale	216942	S	6	0	6	0.00000
Spiroplasma floricola	216937	S	6	0	6	0.00000
Spiroplasma clarkii	2139	S	6	0	6	0.00000
Spiroplasma diminutum	216936	S	4	0	4	0.00000
Spiroplasma syrphidicola	216945	S	4	0	4	0.00000
Spiroplasma melliferum	2134	S	4	4	8	0.00000
Spiroplasma apis	2137	S	1	0	1	0.00000
Mesoplasma florum	2151	S	25	8	33	0.00001
Mesoplasma lactucae	138853	S	9	0	9	0.00000
Mesoplasma tabanidae	219745	S	6	1	7	0.00000
Mesoplasma chauliocola	216427	S	4	1	5	0.00000
Mesoplasma coleopterae	324078	S	3	1	4	0.00000
Mesoplasma syrphidae	225999	S	2	0	2	0.00000
Entomoplasma luminosum	214888	S	6	0	6	0.00000
Entomoplasma freundtii	74700	S	5	1	6	0.00000
Entomoplasma somnilux	215578	S	4	0	4	0.00000
Entomoplasma melaleucae	81459	S	1	0	1	0.00000
Acholeplasma axanthum	29552	S	15	0	15	0.00000
Acholeplasma brassicae	61635	S	11	0	11	0.00000
Acholeplasma palmae	38986	S	9	0	9	0.00000
Acholeplasma laidlawii	2148	S	8	0	8	0.00000
Acholeplasma hippikon	264636	S	8	0	8	0.00000
Candidatus Phytoplasma australiense	59748	S	14	0	14	0.00000
Candidatus Phytoplasma solani	69896	S	4	0	4	0.00000
Candidatus Phytoplasma mali	37692	S	11	0	11	0.00000
Candidatus Phytoplasma ziziphi	135727	S	7	0	7	0.00000
Candidatus Phytoplasma luffae	35773	S	7	0	7	0.00000
'Brassica napus' phytoplasma	469009	S	3	0	3	0.00000
Aster yellows witches'-broom phytoplasma	229545	S	2	0	2	0.00000
Candidatus Izimaplasma sp. HR1	1541959	S	19	0	19	0.00001
Deinococcus sp. AJ005	2652443	S	31	0	31	0.00001
Deinococcus sp. S14-83	2489213	S	27	0	27	0.00001
Deinococcus sp. NW-56	2080419	S	24	1	25	0.00001
Deinococcus sp. D7000	2755035	S	8	0	8	0.00000
Deinococcus geothermalis	68909	S	75	11	86	0.00003
Deinococcus actinosclerus	1768108	S	56	18	74	0.00002
Deinococcus gobiensis	502394	S	49	2	51	0.00002
Deinococcus peraridilitoris	432329	S	33	0	33	0.00001
Deinococcus maricopensis	309887	S	29	0	29	0.00001
Deinococcus puniceus	1182568	S	29	0	29	0.00001
Deinococcus ficus	317577	S	27	0	27	0.00001
Deinococcus soli Cha et al. 2016	1309411	S	27	16	43	0.00001
Deinococcus proteolyticus	55148	S	22	1	23	0.00001
Deinococcus swuensis	1182571	S	18	1	19	0.00001
Deinococcus wulumuqiensis	980427	S	17	3	20	0.00001
Deinococcus irradiatisoli	2202254	S	16	0	16	0.00000
Deinococcus deserti	310783	S	14	0	14	0.00000
Deinococcus radiodurans	1299	S	14	2	16	0.00000
Deinococcus metallilatus	1211322	S	12	0	12	0.00000
Thermus scotoductus	37636	S	170	43	213	0.00007
Thermus caldilimi	2483360	S	35	4	39	0.00001
Thermus oshimai	56957	S	21	3	24	0.00001
Thermus brockianus	56956	S	10	1	11	0.00000
Thermus thermophilus	274	S	7	5	12	0.00000
Thermus sp. CCB_US3_UF1	1111069	S	5	0	5	0.00000
Thermus aquaticus	271	S	3	0	3	0.00000
Thermus parvatiensis	456163	S	1	3	4	0.00000
Meiothermus taiwanensis	172827	S	20	5	25	0.00001
Meiothermus ruber	277	S	18	5	23	0.00001
Meiothermus silvanus	52022	S	18	1	19	0.00001
Oceanithermus profundus	187137	S	18	0	18	0.00001
Marinithermus hydrothermalis	186192	S	10	1	11	0.00000
Truepera radiovictrix	332249	S	57	1	58	0.00002
Brevefilum fermentans	1986204	S	50	1	51	0.00002
Anaerolinea thermophila	167964	S	19	9	28	0.00001
Anaerolinea sp. 'rifampicinis'	2710758	S	13	0	13	0.00000
Pelolinea submarina	913107	S	30	7	37	0.00001
Candidatus Promineofilum breve	1806508	S	96	0	96	0.00003
Roseiflexus castenholzii	120962	S	27	4	31	0.00001
Roseiflexus sp. RS-1	357808	S	19	3	22	0.00001
Chloroflexus aggregans	152260	S	12	17	29	0.00001
Chloroflexus aurantiacus	1108	S	3	-3	0	0.00000
Sphaerobacter thermophilus	2057	S	39	0	39	0.00001
Thermomicrobium roseum	500	S	18	0	18	0.00001
Dehalococcoides mccartyi	61435	S	22	0	22	0.00001
Dehalococcoides sp. UCH007	1522671	S	2	1	3	0.00000
Dehalogenimonas lykanthroporepellens	552810	S	14	4	18	0.00001
Dehalogenimonas sp. GP	1536648	S	4	1	5	0.00000
Dehalogenimonas formicexedens	1839801	S	3	0	3	0.00000
Tepidiforma bonchosmolovskayae	2601677	S	39	0	39	0.00001
Ktedonosporobacter rubrisoli	2509675	S	15	0	15	0.00000
Caldilinea aerophila	133453	S	13	0	13	0.00000
Thermobaculum terrenum	166501	S	7	0	7	0.00000
Fimbriimonas ginsengisoli	1005039	S	27	0	27	0.00001
Chthonomonas calidirosea	454171	S	12	0	12	0.00000
Flavobacterium sp. KBS0721	1179672	S	328	133	461	0.00014
Flavobacterium sp. SLB02	2665645	S	314	95	409	0.00013
Flavobacterium sp. M31R6	2739062	S	249	36	285	0.00009
Flavobacterium sp. Sr18	935222	S	230	29	259	0.00008
Flavobacterium sp. MDT1-60	1979344	S	224	49	273	0.00009
Flavobacterium sp. 140616W15	2478552	S	207	41	248	0.00008
Flavobacterium sp. CLA17	2724135	S	201	36	237	0.00007
Flavobacterium sp. HYN0086	2249356	S	161	55	216	0.00007
Flavobacterium sp. BB8	2816357	S	145	32	177	0.00006
Flavobacterium sp. LPB0248	2614441	S	123	84	207	0.00006
Flavobacterium sp. I3-2	2748319	S	92	87	179	0.00006
Flavobacterium sp. CJ74	2294119	S	76	4	80	0.00002
Flavobacterium sp. P2-65	2748320	S	76	8	84	0.00003
Flavobacterium sp. xlx-214	2654325	S	54	6	60	0.00002
Flavobacterium sp. CS20	2775246	S	53	20	73	0.00002
Flavobacterium psychrophilum	96345	S	683	175	858	0.00027
Flavobacterium nackdongense	2547394	S	485	32	517	0.00016
Flavobacterium johnsoniae	986	S	364	140	504	0.00016
Flavobacterium sangjuense	2518177	S	273	17	290	0.00009
Flavobacterium branchiophilum	55197	S	263	16	279	0.00009
Flavobacterium columnare	996	S	217	48	265	0.00008
Flavobacterium commune	1306519	S	216	25	241	0.00008
Flavobacterium gilvum	1492737	S	179	21	200	0.00006
Flavobacterium faecale	1355330	S	166	16	182	0.00006
Flavobacterium haoranii	683124	S	161	47	208	0.00006
Flavobacterium anhuiense	459526	S	160	76	236	0.00007
Flavobacterium indicum	312277	S	155	13	168	0.00005
Flavobacterium crocinum	2183896	S	145	50	195	0.00006
Flavobacterium crassostreae	1763534	S	126	24	150	0.00005
Flavobacterium nitrogenifigens	1617283	S	122	78	200	0.00006
Flavobacterium sediminis	2201181	S	82	58	140	0.00004
Flavobacterium arcticum	1784713	S	78	4	82	0.00003
Flavobacterium pallidum	2172098	S	55	4	59	0.00002
Flavobacterium magnum	2162713	S	46	4	50	0.00002
Flavobacterium album	2175091	S	45	2	47	0.00001
Flavobacterium kingsejongi	1678728	S	45	5	50	0.00002
Flavobacterium alkalisoli	2602769	S	21	1	22	0.00001
Polaribacter sp. Hel1_33_78	1336804	S	72	9	81	0.00003
Polaribacter sp. SM13	2818493	S	69	8	77	0.00002
Polaribacter sp. SA4-10	754397	S	66	7	73	0.00002
Polaribacter sp. L12M9	2738844	S	57	35	92	0.00003
Polaribacter sp. KT25b	1855336	S	54	6	60	0.00002
Polaribacter sp. SA4-12	1312072	S	49	7	56	0.00002
Polaribacter sp. G4M1	2808900	S	47	4	51	0.00002
Polaribacter sp. KT 15	1896175	S	46	70	116	0.00004
Polaribacter sp. ALD11	2058137	S	46	10	56	0.00002
Polaribacter sp. MED152	313598	S	45	5	50	0.00002
Polaribacter sp. L3A8	2686361	S	40	7	47	0.00001
Polaribacter sp. BM10	1529069	S	34	46	80	0.00002
Polaribacter sejongensis	985043	S	53	5	58	0.00002
Polaribacter vadi	1774273	S	47	5	52	0.00002
Polaribacter reichenbachii	996801	S	42	4	46	0.00001
Polaribacter haliotis	1888915	S	37	23	60	0.00002
Myroides odoratimimus	76832	S	394	503	897	0.00028
Myroides phaeus	702745	S	62	24	86	0.00003
Myroides odoratus	256	S	51	4	55	0.00002
Myroides fluvii	2572594	S	34	4	38	0.00001
Myroides profundi	480520	S	27	2	29	0.00001
Myroides sp. A21	1583100	S	16	13	29	0.00001
Capnocytophaga sp. oral taxon 878	1316596	S	19	4	23	0.00001
Capnocytophaga sp. oral taxon 323	1705617	S	13	28	41	0.00001
Capnocytophaga sp. FDAARGOS_737	2545799	S	9	3	12	0.00000
Capnocytophaga sp. oral taxon 864	1316593	S	7	12	19	0.00001
Capnocytophaga sp. oral taxon 902	2748316	S	3	5	8	0.00000
Capnocytophaga sp. H2931	1945657	S	2	10	12	0.00000
Capnocytophaga sputigena	1019	S	63	13	76	0.00002
Capnocytophaga gingivalis	1017	S	62	4	66	0.00002
Capnocytophaga canimorsus	28188	S	47	8	55	0.00002
Capnocytophaga stomatis	1848904	S	26	3	29	0.00001
Capnocytophaga ochracea	1018	S	25	26	51	0.00002
Capnocytophaga leadbetteri	327575	S	21	8	29	0.00001
Capnocytophaga endodontalis	2708117	S	19	6	25	0.00001
Capnocytophaga cynodegmi	28189	S	13	2	15	0.00000
Capnocytophaga haemolytica	45243	S	10	0	10	0.00000
Tenacibaculum sp. DSM 106434	2358479	S	93	37	130	0.00004
Tenacibaculum sp. SZ-18	754423	S	54	3	57	0.00002
Tenacibaculum maritimum	107401	S	68	12	80	0.00002
Tenacibaculum jejuense	584609	S	59	3	62	0.00002
Tenacibaculum todarodis	1850252	S	57	17	74	0.00002
Tenacibaculum dicentrarchi	669041	S	45	10	55	0.00002
Tenacibaculum mesophilum	104268	S	33	15	48	0.00001
Cellulophaga baltica	76594	S	151	28	179	0.00006
Cellulophaga algicola	59600	S	52	10	62	0.00002
Cellulophaga sp. L1A9	2686362	S	45	18	63	0.00002
Cellulophaga lytica	979	S	34	8	42	0.00001
Winogradskyella sp. PG-2	754409	S	42	4	46	0.00001
Winogradskyella sp. PC-19	754417	S	33	12	45	0.00001
Winogradskyella sp. J14-2	1936080	S	28	2	30	0.00001
Winogradskyella forsetii	2686077	S	45	15	60	0.00002
Winogradskyella sediminis	1382466	S	43	15	58	0.00002
Winogradskyella helgolandensis	2697010	S	38	7	45	0.00001
Winogradskyella schleiferi	2686078	S	36	21	57	0.00002
Nonlabens sp. MB-3u-79	2058134	S	33	5	38	0.00001
Nonlabens sp. Ci31	2608253	S	30	3	33	0.00001
Nonlabens sp. Hel1_33_55	1336802	S	14	1	15	0.00000
Nonlabens sp. SY33080	2719911	S	11	25	36	0.00001
Nonlabens sp. MIC269	1476901	S	6	25	31	0.00001
Nonlabens ponticola	2496866	S	41	2	43	0.00001
Nonlabens dokdonensis	328515	S	33	4	37	0.00001
Nonlabens spongiae	331648	S	21	7	28	0.00001
Nonlabens marinus	930802	S	11	2	13	0.00000
Nonlabens sediminis	319236	S	1	4	5	0.00000
Maribacter sp. T28	1836467	S	73	4	77	0.00002
Maribacter sp. HTCC2170	313603	S	29	1	30	0.00001
Maribacter sp. MJ134	2496865	S	25	1	26	0.00001
Maribacter sp. 1_2014MBL_MicDiv	1644130	S	21	30	51	0.00002
Maribacter cobaltidurans	1178778	S	40	37	77	0.00002
Maribacter dokdonensis	320912	S	13	18	31	0.00001
Formosa sp. Hel1_33_131	1336794	S	50	5	55	0.00002
Formosa sp. Hel1_31_208	1798225	S	44	4	48	0.00001
Formosa sp. L2A11	2686363	S	31	9	40	0.00001
Formosa sp. Hel3_A1_48	1336795	S	28	10	38	0.00001
Formosa sediminum	2594004	S	32	7	39	0.00001
Formosa agariphila	320324	S	21	4	25	0.00001
Algibacter sp. L1A34	2686365	S	61	18	79	0.00002
Algibacter sp. L3A6	2686366	S	52	18	70	0.00002
Algibacter alginicilyticus	1736674	S	68	17	85	0.00003
Aquimarina sp. BL5	1714860	S	63	4	67	0.00002
Aquimarina sp. AD1	1714848	S	44	3	47	0.00001
Aquimarina sp. AD10	1714849	S	43	2	45	0.00001
Aquimarina sp. TRL1	2736252	S	27	1	28	0.00001
Lacinutrix sp. WUR7	2653681	S	49	9	58	0.00002
Lacinutrix sp. Bg11-31	2057808	S	41	5	46	0.00001
Lacinutrix sp. 5H-3-7-4	983544	S	34	13	47	0.00001
Lacinutrix venerupis	1486034	S	44	8	52	0.00002
Kordia sp. SMS9	2282170	S	81	3	84	0.00003
Kordia antarctica	1218801	S	72	4	76	0.00002
Gramella sp. MAR_2010_147	1250205	S	34	4	38	0.00001
Gramella echinicola	279359	S	23	2	25	0.00001
Gramella forsetii	411153	S	23	6	29	0.00001
Gramella fulva	2126553	S	23	1	24	0.00001
Gramella salexigens	1913577	S	18	1	19	0.00001
Gramella flava	1486245	S	16	5	21	0.00001
Aequorivita sp. KX20305	2803865	S	42	5	47	0.00001
Aequorivita sp. H23M31	2494375	S	18	0	18	0.00001
Aequorivita sublithincola	101385	S	54	4	58	0.00002
Dokdonia sp. PRO95	1239415	S	26	3	29	0.00001
Dokdonia sp. MED134	313590	S	20	15	35	0.00001
Dokdonia sp. 4H-3-7-5	983548	S	18	5	23	0.00001
Dokdonia sp. Dokd-P16	2173169	S	7	1	8	0.00000
Dokdonia donghaensis	326320	S	7	5	12	0.00000
Salegentibacter sp. T436	1729720	S	60	62	122	0.00004
Salegentibacter salegens	143223	S	29	3	32	0.00001
Changchengzhania lutea	2049305	S	92	8	100	0.00003
Amniculibacterium sp. G2-70	2767188	S	83	52	135	0.00004
Olleya aquimaris	639310	S	52	25	77	0.00002
Olleya sp. Bg11-27	2058135	S	30	46	76	0.00002
Antarcticibacterium flavum	2058175	S	51	8	59	0.00002
Antarcticibacterium arcticum	2585771	S	29	2	31	0.00001
Mesoflavibacter profundi	2708110	S	1	68	69	0.00002
Psychroflexus torquis	57029	S	36	1	37	0.00001
Psychroflexus sp. ALD_RP9	2777186	S	31	1	32	0.00001
Seonamhaeicola sp. S2-3	1936081	S	66	12	78	0.00002
Zunongwangia profunda	398743	S	63	69	132	0.00004
Lutibacter profundi	1622118	S	61	3	64	0.00002
Siansivirga zeaxanthinifaciens	762954	S	56	10	66	0.00002
Urechidicola croceus	1850246	S	54	39	93	0.00003
Costertonia aggregata	343403	S	52	8	60	0.00002
Muricauda ruestringensis	111501	S	18	2	20	0.00001
Muricauda lutaonensis	516051	S	15	1	16	0.00000
Muricauda sp. 501str8	2698672	S	15	10	25	0.00001
Tamlana carrageenivorans	2069432	S	26	9	35	0.00001
Tamlana sp. s12	1630406	S	16	6	22	0.00001
Mariniflexile sp. TRM1-10	2027857	S	51	3	54	0.00002
Oceanihabitans sp. IOP_32	2529032	S	49	21	70	0.00002
Galbibacter sp. BG1	1170699	S	48	4	52	0.00002
Flavivirga eckloniae	1803846	S	47	2	49	0.00002
Gillisia sp. Hel1_33_143	1336796	S	46	18	64	0.00002
Croceibacter atlanticus	313588	S	46	9	55	0.00002
Euzebyella marina	1761453	S	32	24	56	0.00002
Wenyingzhuangia fucanilytica	1790137	S	30	4	34	0.00001
Leeuwenhoekiella sp. ZYFB001	2719912	S	27	6	33	0.00001
Arenibacter algicola	616991	S	26	2	28	0.00001
Flagellimonas maritima	1383885	S	23	0	23	0.00001
Psychroserpens sp. NJDZ02	2570561	S	22	38	60	0.00002
Zobellia galactanivorans	63186	S	20	0	20	0.00001
Muriicola sp. MMS17-SY002	2507538	S	18	0	18	0.00001
Sediminicola sp. YIK13	1453352	S	18	1	19	0.00001
Gilvibacter sp. SZ-19	754429	S	16	2	18	0.00001
Robiginitalea biformata	252307	S	15	0	15	0.00000
Aureitalea sp. RR4-38	2094025	S	9	0	9	0.00000
Altibacter sp. ALE3EI	2562285	S	5	0	5	0.00000
Chryseobacterium sp. NBC 122	2547600	S	166	10	176	0.00005
Chryseobacterium sp. SNU WT5	2594269	S	163	37	200	0.00006
Chryseobacterium sp. NEB161	2724619	S	154	110	264	0.00008
Chryseobacterium sp. POL2	2713414	S	88	31	119	0.00004
Chryseobacterium sp. 6424	2039166	S	82	13	95	0.00003
Chryseobacterium sp. 3008163	2478663	S	81	9	90	0.00003
Chryseobacterium sp. StRB126	878220	S	66	11	77	0.00002
Chryseobacterium sp. IHB B 17019	1721091	S	61	5	66	0.00002
Chryseobacterium sp. G0201	2487065	S	49	9	58	0.00002
Chryseobacterium sp. T16E-39	2015076	S	42	2	44	0.00001
Chryseobacterium sp. cx-624	2758037	S	38	5	43	0.00001
Chryseobacterium sp. JV274	1932669	S	35	6	41	0.00001
Chryseobacterium sp. G0186	2487064	S	31	15	46	0.00001
Chryseobacterium sp. G0162	2487063	S	29	24	53	0.00002
Chryseobacterium sp.	1871047	S	20	6	26	0.00001
Chryseobacterium indoltheticum	254	S	254	34	288	0.00009
Chryseobacterium aureum	2497456	S	234	28	262	0.00008
Chryseobacterium indologenes	253	S	217	66	283	0.00009
Chryseobacterium shandongense	1493872	S	166	78	244	0.00008
Chryseobacterium manosquense	2754694	S	150	308	458	0.00014
Chryseobacterium bernardetii	1241978	S	77	100	177	0.00006
Chryseobacterium gallinarum	1324352	S	73	16	89	0.00003
Chryseobacterium gleum	250	S	72	70	142	0.00004
Chryseobacterium balustinum	246	S	65	14	79	0.00002
Chryseobacterium piperi	558152	S	64	3	67	0.00002
Chryseobacterium carnipullorum	1124835	S	58	16	74	0.00002
Chryseobacterium camelliae	1265445	S	51	25	76	0.00002
Chryseobacterium cucumeris	1813611	S	47	7	54	0.00002
Chryseobacterium arthrosphaerae	651561	S	46	22	68	0.00002
Chryseobacterium joostei	112234	S	40	12	52	0.00002
Chryseobacterium nakagawai	1241982	S	38	45	83	0.00003
Chryseobacterium glaciei	1685010	S	33	4	37	0.00001
Chryseobacterium taihuense	1141221	S	1	200	201	0.00006
Kaistella jeonii	266749	S	703	38	741	0.00023
Kaistella flava (ex Peng et al. 2021)	2038776	S	354	41	395	0.00012
Kaistella carnis	1241979	S	166	36	202	0.00006
Kaistella antarctica	266748	S	134	10	144	0.00004
Kaistella daneshvariae	2487074	S	89	4	93	0.00003
Chryseobacterium haifense	421525	S	57	99	156	0.00005
Epilithonimonas vandammei	2487072	S	229	262	491	0.00015
Chryseobacterium lactis	1241981	S	21	18	39	0.00001
Chryseobacterium taklimakanense	536441	S	78	30	108	0.00003
Cloacibacterium normanense	237258	S	1817	259	2076	0.00065
Elizabethkingia bruuniana	1756149	S	106	256	362	0.00011
Elizabethkingia sp. JS20170427COW	2583851	S	45	3	48	0.00001
Elizabethkingia sp. 2-6	2575699	S	18	29	47	0.00001
Elizabethkingia sp. M8	2796140	S	11	35	46	0.00001
Elizabethkingia meningoseptica	238	S	42	1	43	0.00001
Elizabethkingia anophelis	1117645	S	37	50	87	0.00003
Elizabethkingia miricola	172045	S	33	18	51	0.00002
Elizabethkingia ursingii	1756150	S	4	0	4	0.00000
Empedobacter falsenii	343874	S	73	37	110	0.00003
Empedobacter brevis	247	S	67	19	86	0.00003
Empedobacter stercoris	1628248	S	45	9	54	0.00002
Riemerella anatipestifer	34085	S	70	62	132	0.00004
Apibacter sp. B3706	2656760	S	9	11	20	0.00001
Apibacter sp. B2966	2656761	S	9	11	20	0.00001
Apibacter raozihei	2500547	S	27	0	27	0.00001
Ornithobacterium rhinotracheale	28251	S	50	14	64	0.00002
Bergeyella cardium	1585976	S	26	2	28	0.00001
Weeksella virosa	1014	S	23	7	30	0.00001
Cruoricaptor ignavus	1118202	S	13	2	15	0.00000
Blattabacterium cuenoti	1653831	S	319	50	369	0.00012
Blattabacterium sp. (Blaberus giganteus)	1186051	S	15	4	19	0.00001
Blattabacterium sp. (Blattella germanica)	624186	S	9	1	10	0.00000
Blattabacterium sp. (Mastotermes darwiniensis)	39768	S	8	0	8	0.00000
Blattabacterium sp. (Cryptocercus kyebangensis)	298656	S	7	1	8	0.00000
Blattabacterium sp. (Blatta orientalis)	367806	S	5	14	19	0.00001
Blattabacterium sp. DPU	2715232	S	3	0	3	0.00000
Blattabacterium sp. (Nauphoeta cinerea)	1316444	S	1	0	1	0.00000
Blattabacterium punctulatus	164514	S	7	3	10	0.00000
Blattabacterium clevelandi	164516	S	5	4	9	0.00000
Fluviicola taffensis	191579	S	69	2	71	0.00002
Candidatus Sulcia muelleri	336810	S	60	4	64	0.00002
Candidatus Walczuchella monophlebidarum	1415657	S	3	0	3	0.00000
Croceimicrobium hydrocarbonivorans	2761580	S	21	2	23	0.00001
Owenweeksia hongkongensis	253245	S	17	0	17	0.00001
Ichthyobacterium seriolicida	242600	S	19	0	19	0.00001
Pedobacter sp. SW-16	2766984	S	1206	286	1492	0.00047
Pedobacter sp. G11	2482728	S	745	115	860	0.00027
Pedobacter sp. HDW13	2714940	S	743	109	852	0.00027
Pedobacter sp. JBR3-12	2789740	S	471	34	505	0.00016
Pedobacter sp. KBS0701	2578106	S	395	114	509	0.00016
Pedobacter sp. CJ43	2605747	S	146	3	149	0.00005
Pedobacter sp. eg	2201271	S	122	8	130	0.00004
Pedobacter sp. PACM 27299	1727164	S	97	11	108	0.00003
Pedobacter sp.	1411316	S	17	0	17	0.00001
Pedobacter roseus	336820	S	547	209	756	0.00024
Pedobacter suwonensis	332999	S	339	90	429	0.00013
Pedobacter heparinus	984	S	179	12	191	0.00006
Pedobacter ginsengisoli	363852	S	126	10	136	0.00004
Pedobacter cryoconitis	188932	S	112	6	118	0.00004
Pedobacter steynii	430522	S	72	6	78	0.00002
Sphingobacterium sp. ML3W	1538644	S	77	10	87	0.00003
Sphingobacterium sp. UDSM-2020	2795738	S	75	12	87	0.00003
Sphingobacterium sp. G1-14	2003121	S	41	107	148	0.00005
Sphingobacterium sp. DR205	2713573	S	35	1	36	0.00001
Sphingobacterium sp. dk4302	2662364	S	30	1	31	0.00001
Sphingobacterium sp. CZ-2	2557994	S	23	3	26	0.00001
Sphingobacterium sp. B29	1933220	S	12	18	30	0.00001
Sphingobacterium sp. 21	743722	S	1	7	8	0.00000
Sphingobacterium multivorum	28454	S	138	173	311	0.00010
Sphingobacterium spiritivorum	258	S	72	33	105	0.00003
Sphingobacterium daejeonense	371142	S	55	7	62	0.00002
Sphingobacterium psychroaquaticum	561061	S	52	4	56	0.00002
Sphingobacterium hotanense	649196	S	45	7	52	0.00002
Sphingobacterium thalpophilum	259	S	33	26	59	0.00002
Sphingobacterium mizutaii	1010	S	25	1	26	0.00001
Sphingobacterium siyangense	459529	S	15	34	49	0.00002
Sphingobacterium lactis	797291	S	9	5	14	0.00000
Mucilaginibacter sp. F39-2	2728022	S	61	0	61	0.00002
Mucilaginibacter sp. 14171R-50	2703789	S	36	0	36	0.00001
Mucilaginibacter ginsenosidivorax	862126	S	82	0	82	0.00003
Mucilaginibacter gotjawali	1550579	S	66	0	66	0.00002
Mucilaginibacter mallensis	652787	S	54	0	54	0.00002
Mucilaginibacter paludis	423351	S	53	0	53	0.00002
Mucilaginibacter mali	2740462	S	51	0	51	0.00002
Mucilaginibacter ginsenosidivorans	398053	S	44	0	44	0.00001
Mucilaginibacter celer	2305508	S	42	0	42	0.00001
Mucilaginibacter xinganensis	1234841	S	36	0	36	0.00001
Mucilaginibacter rubeus	2027860	S	28	114	142	0.00004
Mucilaginibacter gossypii	551996	S	27	30	57	0.00002
Mucilaginibacter ginkgonis	2682091	S	27	0	27	0.00001
Solitalea canadensis	995	S	79	1	80	0.00002
Olivibacter sp. SDN3	2764720	S	34	3	37	0.00001
Olivibacter sp. LS-1	2592345	S	24	170	194	0.00006
Pseudopedobacter saltans	151895	S	46	20	66	0.00002
Anseongella ginsenosidimutans	496056	S	36	0	36	0.00001
Spirosoma sp. KUDC1026	2745947	S	1953	96	2049	0.00064
Spirosoma sp. KCTC 42546	2520506	S	108	5	113	0.00004
Spirosoma sp. PL0136	2710596	S	65	3	68	0.00002
Spirosoma sp. CJU-R4	2728024	S	52	1	53	0.00002
Spirosoma pollinicola	2057025	S	181	7	188	0.00006
Spirosoma montaniterrae	1178516	S	66	1	67	0.00002
Spirosoma radiotolerans	1379870	S	50	2	52	0.00002
Spirosoma aerolatum	1211326	S	49	1	50	0.00002
Spirosoma endbachense	2666025	S	31	18	49	0.00002
Spirosoma taeanense	2735870	S	31	1	32	0.00001
Spirosoma rigui	564064	S	21	1	22	0.00001
Spirosoma aureum	2692134	S	18	13	31	0.00001
Runella sp. SP2	2268026	S	76	5	81	0.00003
Runella sp. HYN0085	2259595	S	62	9	71	0.00002
Runella slithyformis	106	S	86	6	92	0.00003
Fibrella aestuarina	651143	S	77	5	82	0.00003
Fibrella sp. ES10-3-2-2	1834519	S	42	3	45	0.00001
Aquirufa nivalisilvae	2516557	S	120	10	130	0.00004
Dyadobacter fermentans	94254	S	50	3	53	0.00002
Dyadobacter sp. Q3-56	2747268	S	22	1	23	0.00001
Cytophaga hutchinsonii	985	S	61	2	63	0.00002
Arcticibacterium luteifluviistationis	1784714	S	61	3	64	0.00002
Rhodocytophaga rosea	2704465	S	51	0	51	0.00002
Leadbetterella byssophila	316068	S	38	13	51	0.00002
Hymenobacter sp. APR13	1356852	S	147	55	202	0.00006
Hymenobacter sp. S2-20-2	2761579	S	115	7	122	0.00004
Hymenobacter sp. PAMC 26554	1484116	S	101	3	104	0.00003
Hymenobacter sp. PAMC 26628	1484118	S	98	6	104	0.00003
Hymenobacter sp. HDW8	2714932	S	92	143	235	0.00007
Hymenobacter sp. NBH84	2596915	S	74	6	80	0.00002
Hymenobacter sp. BRD128	2675878	S	72	3	75	0.00002
Hymenobacter sp. DG01	2584940	S	61	19	80	0.00002
Hymenobacter sp. DG25B	1385664	S	50	9	59	0.00002
Hymenobacter sp. TS19	2735321	S	39	2	41	0.00001
Hymenobacter sp. BRD67	2675877	S	36	10	46	0.00001
Hymenobacter sp. DG25A	1385663	S	16	3	19	0.00001
Hymenobacter sedentarius	1411621	S	224	8	232	0.00007
Hymenobacter qilianensis	1385715	S	176	11	187	0.00006
Hymenobacter nivis	1850093	S	81	5	86	0.00003
Hymenobacter jejuensis	2502781	S	80	3	83	0.00003
Hymenobacter swuensis	1446467	S	77	5	82	0.00003
Hymenobacter radiodurans	2496028	S	69	117	186	0.00006
Hymenobacter busanensis	2607656	S	61	1	62	0.00002
Hymenobacter russus	2724192	S	50	2	52	0.00002
Hymenobacter oligotrophus	2319843	S	48	1	49	0.00002
Hymenobacter baengnokdamensis	2615203	S	47	16	63	0.00002
Pontibacter russatus	2694929	S	42	2	44	0.00001
Pontibacter actiniarum	323450	S	38	12	50	0.00002
Pontibacter korlensis	400092	S	22	2	24	0.00001
Pontibacter akesuensis	388950	S	21	2	23	0.00001
Pontibacter pudoricolor	2694930	S	21	1	22	0.00001
Pontibacter sp. SGAir0037	2571030	S	14	3	17	0.00001
Adhaeribacter swui	2086471	S	55	3	58	0.00002
Adhaeribacter radiodurans	2745197	S	47	2	49	0.00002
Rufibacter tibetensis	512763	S	19	2	21	0.00001
Rufibacter sp. DG15C	1379909	S	17	7	24	0.00001
Rufibacter radiotolerans	1379910	S	5	0	5	0.00000
Nibribacter ruber	2698458	S	17	7	24	0.00001
Echinicola sp. 20G	2781961	S	26	1	27	0.00001
Echinicola sp. LN3S3	2591634	S	18	0	18	0.00001
Echinicola vietnamensis	390884	S	24	8	32	0.00001
Echinicola strongylocentroti	1795355	S	19	2	21	0.00001
Echinicola rosea	1807691	S	13	4	17	0.00001
Algoriphagus machipongonensis	388413	S	53	6	59	0.00002
Algoriphagus sp. Y33	2772483	S	28	3	31	0.00001
Algoriphagus sanaruensis	1727163	S	10	1	11	0.00000
Belliella baltica	232259	S	52	10	62	0.00002
Cyclobacterium amurskyense	320787	S	22	7	29	0.00001
Cyclobacterium marinum	104	S	16	6	22	0.00001
Aquiflexum balticum	280473	S	50	2	52	0.00002
Flammeovirga pectinis	2494373	S	74	6	80	0.00002
Flammeovirga sp. MY04	1191459	S	32	2	34	0.00001
Bernardetia litoralis	999	S	91	2	93	0.00003
Chryseolinea soli	2321403	S	45	0	45	0.00001
Fulvivirga sp. S481	2810512	S	28	1	29	0.00001
Marivirga tractuosa	1006	S	72	17	89	0.00003
Cardinium endosymbiont of Sogatella furcifera	650378	S	15	3	18	0.00001
Cardinium endosymbiont of Encarsia pergandiella	249402	S	4	0	4	0.00000
Candidatus Cardinium hertigii	247481	S	6	0	6	0.00000
Candidatus Amoebophilus asiaticus	281120	S	20	0	20	0.00001
Roseivirga pacifica	1267423	S	31	0	31	0.00001
Chitinophaga sp. MD30	2033437	S	102	6	108	0.00003
Chitinophaga sp. XS-30	2604421	S	65	4	69	0.00002
Chitinophaga sp. 1310	2725416	S	5	75	80	0.00002
Chitinophaga sp. 1303	2725414	S	4	63	67	0.00002
Chitinophaga pinensis	79329	S	135	22	157	0.00005
Chitinophaga agri	2703787	S	42	12	54	0.00002
Chitinophaga caeni	2029983	S	40	4	44	0.00001
Chitinophaga alhagiae	2203219	S	20	0	20	0.00001
Pseudobacter ginsenosidimutans	661488	S	408	38	446	0.00014
Arachidicoccus sp. B3-10	2545455	S	117	5	122	0.00004
Arachidicoccus sp. BS20	1850526	S	80	20	100	0.00003
Arachidicoccus soli	2341117	S	118	16	134	0.00004
Arachidicoccus ginsenosidivorans	496057	S	35	5	40	0.00001
Paraflavitalea soli	2315862	S	237	21	258	0.00008
Panacibacter ginsenosidivorans	1813871	S	231	8	239	0.00007
Lacibacter sp. S13-6-6	2760713	S	185	6	191	0.00006
Flavisolibacter tropicus	1492898	S	108	22	130	0.00004
Flavisolibacter ginsenosidimutans	661481	S	57	4	61	0.00002
Filimonas lacunae	477680	S	164	22	186	0.00006
Niabella soli	446683	S	77	7	84	0.00003
Niabella ginsenosidivorans	1176587	S	75	6	81	0.00003
Flavihumibacter sp. SB-02	2676868	S	102	10	112	0.00003
Niastella koreensis	354356	S	99	11	110	0.00003
Pseudocnuella soli	2502779	S	68	8	76	0.00002
Bacteroides sp. HF-5287	2650157	S	17	3	20	0.00001
Bacteroides sp. CBA7301	2715212	S	16	0	16	0.00000
Bacteroides sp. A1C1	2528203	S	13	37	50	0.00002
Bacteroides sp. M10	2763022	S	3	1	4	0.00000
Bacteroides sp. HF-5141	2650158	S	2	0	2	0.00000
Bacteroides sp. HF-162	2785531	S	2	6	8	0.00000
Bacteroides fragilis	817	S	49	38	87	0.00003
Bacteroides ovatus	28116	S	41	29	70	0.00002
Bacteroides thetaiotaomicron	818	S	29	3	32	0.00001
Bacteroides cellulosilyticus	246787	S	28	2	30	0.00001
Bacteroides heparinolyticus	28113	S	27	3	30	0.00001
Bacteroides xylanisolvens	371601	S	26	23	49	0.00002
Bacteroides zoogleoformans	28119	S	21	2	23	0.00001
Bacteroides coprosuis	151276	S	20	0	20	0.00001
Bacteroides helcogenes	290053	S	20	0	20	0.00001
Bacteroides uniformis	820	S	19	13	32	0.00001
Bacteroides caecimuris	1796613	S	19	6	25	0.00001
Bacteroides eggerthii	28111	S	16	3	19	0.00001
Bacteroides caccae	47678	S	16	0	16	0.00000
Bacteroides intestinalis	329854	S	8	0	8	0.00000
Prevotella intermedia	28131	S	56	6	62	0.00002
Prevotella sp. oral taxon 299	652716	S	39	2	41	0.00001
Prevotella sp. WR041	2801997	S	5	0	5	0.00000
Prevotella copri	165179	S	35	10	45	0.00001
Prevotella melaninogenica	28132	S	24	4	28	0.00001
Prevotella dentalis	52227	S	18	1	19	0.00001
Prevotella denticola	28129	S	11	1	12	0.00000
Prevotella oris	28135	S	11	0	11	0.00000
Prevotella scopos	589437	S	11	2	13	0.00000
Prevotella jejuni	1177574	S	11	1	12	0.00000
Prevotella ruminicola	839	S	5	0	5	0.00000
Prevotella enoeca	76123	S	3	0	3	0.00000
Paraprevotella xylaniphila	454155	S	23	5	28	0.00001
Alloprevotella sp. E39	2133944	S	3	0	3	0.00000
Phocaeicola vulgatus	821	S	69	29	98	0.00003
Phocaeicola dorei	357276	S	68	30	98	0.00003
Phocaeicola salanitronis	376805	S	49	5	54	0.00002
Phocaeicola coprophilus	387090	S	45	15	60	0.00002
Alistipes onderdonkii	328813	S	94	15	109	0.00003
Alistipes communis	2585118	S	19	3	22	0.00001
Alistipes indistinctus	626932	S	13	1	14	0.00000
Alistipes shahii	328814	S	12	3	15	0.00000
Alistipes sp. dk3624	2662363	S	9	1	10	0.00000
Alistipes finegoldii	214856	S	8	2	10	0.00000
Alistipes megaguti	2364787	S	8	0	8	0.00000
Alistipes dispar	2585119	S	7	0	7	0.00000
Petrimonas mucosa	1642646	S	68	1	69	0.00002
Dysgonomonas sp. HDW5B	2714927	S	11	9	20	0.00001
Dysgonomonas sp. HDW5A	2714926	S	8	6	14	0.00000
Proteiniphilum saccharofermentans	1642647	S	24	0	24	0.00001
Paludibacter propionicigenes	185300	S	120	2	122	0.00004
Parabacteroides goldsteinii	328812	S	37	1	38	0.00001
Parabacteroides distasonis	823	S	25	19	44	0.00001
Tannerella sp. oral taxon HOT-286	712710	S	34	1	35	0.00001
Tannerella forsythia	28112	S	9	0	9	0.00000
Porphyromonas gingivalis	837	S	23	1	24	0.00001
Porphyromonas asaccharolytica	28123	S	13	0	13	0.00000
Porphyromonas cangingivalis	36874	S	11	0	11	0.00000
Porphyromonas crevioricanis	393921	S	11	1	12	0.00000
Muribaculum gordoncarteri	2530390	S	23	1	24	0.00001
Muribaculum intestinale	1796646	S	6	0	6	0.00000
Duncaniella dubosii	2518971	S	2	0	2	0.00000
Sodaliphilus pleomorphus	2606626	S	10	2	12	0.00000
Barnesiella viscericola	397865	S	23	4	27	0.00001
Coprobacter sp. 2CBH44	2751153	S	19	4	23	0.00001
Butyricimonas virosa	544645	S	9	2	11	0.00000
Butyricimonas faecalis	2093856	S	8	4	12	0.00000
Odoribacter splanchnicus	28118	S	18	1	19	0.00001
Tenuifilum thalassicum	2590900	S	30	0	30	0.00001
Salinivirga cyanobacteriivorans	1307839	S	22	0	22	0.00001
Draconibacterium sp. M1	2706887	S	44	2	46	0.00001
Draconibacterium orientale	1168034	S	27	1	28	0.00001
Labilibaculum antarcticum	1717717	S	37	0	37	0.00001
Alkalitalea saponilacus	889453	S	14	0	14	0.00000
Haliscomenobacter hydrossis	2350	S	227	2	229	0.00007
Saprospira grandis	1008	S	30	0	30	0.00001
Rhodothermus marinus	29549	S	91	0	91	0.00003
Salinibacter ruber	146919	S	28	0	28	0.00001
Chlorobium phaeobacteroides	1096	S	66	17	83	0.00003
Chlorobium chlorochromatii	337090	S	11	0	11	0.00000
Chlorobium limicola	1092	S	2	0	2	0.00000
Chlorobium phaeovibrioides	1094	S	2	0	2	0.00000
Pelodictyon luteolum	1100	S	16	2	18	0.00001
Pelodictyon phaeoclathratiforme	34090	S	4	0	4	0.00000
Chlorobaculum tepidum	1097	S	18	3	21	0.00001
Chlorobaculum parvum	274539	S	12	1	13	0.00000
Chlorobaculum limnaeum	274537	S	11	1	12	0.00000
Prosthecochloris sp. HL-130-GSB	1974213	S	9	1	10	0.00000
Prosthecochloris sp. GSB1	281093	S	8	0	8	0.00000
Prosthecochloris sp. CIB 2401	1868325	S	3	0	3	0.00000
Prosthecochloris aestuarii	1102	S	4	0	4	0.00000
Chloroherpeton thalassium	100716	S	15	0	15	0.00000
Candidatus Cyclonatronum proteinivorum	1457365	S	24	1	25	0.00001
Ignavibacterium album	591197	S	17	0	17	0.00001
Melioribacter roseus	1134405	S	6	0	6	0.00000
Gemmatimonas sp. TET16	2732249	S	159	11	170	0.00005
Gemmatimonas aurantiaca	173480	S	91	5	96	0.00003
Gemmatimonas phototrophica	1379270	S	62	5	67	0.00002
Gemmatirosa kalamazoonesis	861299	S	154	7	161	0.00005
Fibrobacter succinogenes	833	S	22	0	22	0.00001
Candidatus Cloacimonas acidaminovorans	456827	S	21	0	21	0.00001
Urbifossiella limnaea	2528023	S	984	102	1086	0.00034
Gemmata obscuriglobus	114	S	462	63	525	0.00016
Gemmata sp. SH-PL17	1630693	S	184	85	269	0.00008
Gemmata massiliana	1210884	S	171	70	241	0.00008
Limnoglobus roseus	2598579	S	648	38	686	0.00021
Frigoriglobus tundricola	2774151	S	373	81	454	0.00014
Tuwongella immobilis	692036	S	44	3	47	0.00001
Gimesia panareensis	2527978	S	70	9	79	0.00002
Gimesia aquarii	2527964	S	53	4	57	0.00002
Gimesia fumaroli	2527976	S	48	9	57	0.00002
Gimesia maris	122	S	42	6	48	0.00001
Gimesia chilikensis	2605989	S	28	11	39	0.00001
Gimesia algae	2527971	S	21	5	26	0.00001
Gimesia alba	2527973	S	19	3	22	0.00001
Gimesia benthica	2608982	S	19	19	38	0.00001
Planctomyces sp. SH-PL14	1632864	S	194	12	206	0.00006
Planctomyces sp. SH-PL62	1636152	S	124	82	206	0.00006
Maioricimonas rarisocia	2528026	S	118	23	141	0.00004
Planctopirus ephydatiae	2528019	S	56	28	84	0.00003
Planctopirus limnophila	120	S	20	9	29	0.00001
Caulifigura coniformis	2527983	S	107	5	112	0.00003
Symmachiella dynata	2527995	S	81	8	89	0.00003
Fuerstia marisgermanicae	1891926	S	71	0	71	0.00002
Rubinisphaera brasiliensis	119	S	69	7	76	0.00002
Alienimonas californiensis	2527989	S	66	6	72	0.00002
Calycomorphotria hydatis	2528027	S	54	1	55	0.00002
Thalassoglobus polymorphus	2527994	S	50	4	54	0.00002
Crateriforma conspicua	2527996	S	38	14	52	0.00002
Polystyrenella longa	2528007	S	33	3	36	0.00001
Pirellula sp. SH-Sr6A	1632865	S	86	2	88	0.00003
Pirellula staleyi	125	S	71	4	75	0.00002
Anatilimnocola aggregata	2528021	S	154	26	180	0.00006
Rosistilla oblonga	2527990	S	75	17	92	0.00003
Rosistilla carotiformis	2528017	S	29	11	40	0.00001
Stieleria neptunia	2527979	S	63	15	78	0.00002
Stieleria maiorica	2795974	S	45	20	65	0.00002
Lignipirellula cremea	2528010	S	78	13	91	0.00003
Roseimaritima ulvae	980254	S	76	3	79	0.00002
Bremerella volcania	2527984	S	45	7	52	0.00002
Aureliella helgolandensis	2527968	S	45	3	48	0.00001
Rhodopirellula baltica	265606	S	42	4	46	0.00001
Mariniblastus fucicola	980251	S	38	0	38	0.00001
Lacipirellula limnantheis	2528024	S	193	20	213	0.00007
Lacipirellula parvula	2650471	S	107	8	115	0.00004
Botrimarina mediterranea	2528022	S	74	3	77	0.00002
Pirellulimonas nuda	2528009	S	72	3	75	0.00002
Aeoliella mucimassa	2527972	S	60	3	63	0.00002
Bythopirellula goksoyri	1400387	S	26	0	26	0.00001
Thermogutta terrifontis	1331910	S	19	0	19	0.00001
Tautonia plasticadhaerens	2527974	S	132	13	145	0.00005
Aquisphaera giovannonii	406548	S	129	32	161	0.00005
Paludisphaera borealis	1387353	S	100	38	138	0.00004
Singulisphaera acidiphila	466153	S	81	28	109	0.00003
Isosphaera pallida	128	S	53	7	60	0.00002
Humisphaera borealis	2807512	S	149	1	150	0.00005
Phycisphaera mikurensis	547188	S	45	3	48	0.00001
Poriferisphaera corsica	2528020	S	16	0	16	0.00000
Sedimentisphaera salicampi	1941349	S	16	2	18	0.00001
Sedimentisphaera cyanobacteriorum	1940790	S	5	9	14	0.00000
Limihaloglobus sulfuriphilus	1851148	S	12	0	12	0.00000
Anaerohalosphaera lusitana	1936003	S	4	0	4	0.00000
Candidatus Kuenenia stuttgartiensis	174633	S	39	0	39	0.00001
Verrucomicrobium spinosum	2736	S	315	42	357	0.00011
Verrucomicrobium sp. GAS474	1882831	S	75	6	81	0.00003
Roseimicrobium sp. ORNL1	2711231	S	365	16	381	0.00012
Luteolibacter luteus	2728835	S	310	6	316	0.00010
Akkermansia muciniphila	239935	S	117	22	139	0.00004
Akkermansia glycaniphila	1679444	S	41	7	48	0.00001
Opitutus sp. GAS368	1882749	S	196	28	224	0.00007
Opitutus terrae	107709	S	118	3	121	0.00004
Lacunisphaera limnophila	1838286	S	140	23	163	0.00005
Nibricoccus aquaticus	2576891	S	111	5	116	0.00004
Ereboglobus luteus	1796921	S	88	4	92	0.00003
Coraliomargarita akajimensis	395922	S	13	0	13	0.00000
Methylacidimicrobium sp. AP8	2730359	S	17	2	19	0.00001
Methylacidimicrobium sp. B4	2796139	S	14	4	18	0.00001
Methylacidiphilum kamchatkense	431057	S	7	3	10	0.00000
Methylacidiphilum sp. IT6	2795386	S	4	2	6	0.00000
Candidatus Xiphinematobacter sp. Idaho Grape	1704307	S	8	1	9	0.00000
Candidatus Protochlamydia amoebophila	362787	S	32	19	51	0.00002
Candidatus Protochlamydia naegleriophila	389348	S	21	13	34	0.00001
Neochlamydia sp. S13	1353976	S	42	7	49	0.00002
Parachlamydia acanthamoebae	83552	S	36	10	46	0.00001
Simkania negevensis	83561	S	20	0	20	0.00001
Waddlia chondrophila	71667	S	13	1	14	0.00000
Criblamydia sequanensis	340071	S	11	0	11	0.00000
Chlamydia pecorum	85991	S	17	0	17	0.00001
Chlamydia sp. 2742-308	1806891	S	13	0	13	0.00000
Chlamydia sp. H15-1957-10C	1967782	S	2	0	2	0.00000
Chlamydia sp. S15-834C	1967783	S	2	0	2	0.00000
Chlamydia trachomatis	813	S	16	1	17	0.00001
Chlamydia gallinacea	1457153	S	16	0	16	0.00000
Chlamydia muridarum	83560	S	11	1	12	0.00000
Chlamydia psittaci	83554	S	5	32	37	0.00001
Chlamydia felis	83556	S	5	0	5	0.00000
Chlamydia avium	1457141	S	5	0	5	0.00000
Chlamydia pneumoniae	83558	S	4	0	4	0.00000
Chlamydia caviae	83557	S	2	0	2	0.00000
Kiritimatiella glycovorans	1307763	S	31	59	90	0.00003
Candidatus Vampirococcus archaeovorus	1930593	S	13	0	13	0.00000
Treponema pedis	409322	S	29	0	29	0.00001
Treponema sp. Marseille-Q4132	2766701	S	9	0	9	0.00000
Treponema sp. OMZ 838	1539298	S	8	1	9	0.00000
Treponema sp. OMZ 804	120683	S	5	0	5	0.00000
Treponema sp. RCC2812	2787628	S	3	0	3	0.00000
Treponema azotonutricium	150829	S	16	0	16	0.00000
Treponema parvum	138851	S	15	0	15	0.00000
Treponema ruminis	744515	S	15	0	15	0.00000
Treponema denticola	158	S	14	6	20	0.00001
Treponema brennaborense	81028	S	13	0	13	0.00000
Treponema primitia	88058	S	13	0	13	0.00000
Treponema putidum	221027	S	13	0	13	0.00000
Treponema phagedenis	162	S	6	0	6	0.00000
Treponema socranskii	53419	S	6	0	6	0.00000
Treponema succinifaciens	167	S	4	0	4	0.00000
Treponema medium	58231	S	3	0	3	0.00000
Treponema caldarium	215591	S	3	0	3	0.00000
Spirochaeta thermophila	154	S	13	0	13	0.00000
Spirochaeta africana	46355	S	2	0	2	0.00000
Sphaerochaeta coccoides	273376	S	13	1	14	0.00000
Sphaerochaeta globosa	1131703	S	1	0	1	0.00000
Sphaerochaeta pleomorpha	1131707	S	1	0	1	0.00000
Oceanispirochaeta crateris	2518645	S	14	3	17	0.00001
Thiospirochaeta perfilievii	252967	S	12	1	13	0.00000
Salinispira pacifica	1307761	S	8	1	9	0.00000
Sediminispirochaeta smaragdinae	55206	S	2	0	2	0.00000
Borrelia hermsii	140	S	15	1	16	0.00000
Borrelia miyamotoi	47466	S	14	0	14	0.00000
Borrelia sp. A-FGy1	2608247	S	12	0	12	0.00000
Borrelia crocidurae	29520	S	11	9	20	0.00001
Borrelia maritima	2761123	S	10	1	11	0.00000
Borrelia coriaceae	144	S	9	0	9	0.00000
Borrelia anserina	143	S	7	-7	0	0.00000
Borrelia turcica	229155	S	5	0	5	0.00000
Borrelia parkeri	141	S	2	9	11	0.00000
Borreliella afzelii	29518	S	12	3	15	0.00000
Candidatus Borrelia tachyglossi	1964448	S	9	0	9	0.00000
Borreliella burgdorferi	139	S	5	2	7	0.00000
Borreliella garinii	29519	S	4	0	4	0.00000
Borreliella mayonii	1674146	S	4	0	4	0.00000
Borreliella valaisiana	62088	S	2	0	2	0.00000
Borreliella bavariensis	664662	S	1	0	1	0.00000
Turneriella parva	29510	S	95	0	95	0.00003
Leptospira interrogans	173	S	32	4	36	0.00001
Leptospira biflexa	172	S	19	-19	0	0.00000
Leptospira tipperaryensis	2564040	S	11	0	11	0.00000
Leptospira santarosai	28183	S	4	0	4	0.00000
Leptospira kmetyi	408139	S	4	0	4	0.00000
Leptospira mayottensis	1137606	S	4	2	6	0.00000
Leptospira weilii	28184	S	2	1	3	0.00000
Brachyspira hyodysenteriae	159	S	33	3	36	0.00001
Brachyspira pilosicoli	52584	S	27	0	27	0.00001
Brachyspira intermedia	84377	S	22	0	22	0.00001
Brachyspira murdochii	84378	S	19	0	19	0.00001
Brachyspira hampsonii	1287055	S	14	0	14	0.00000
Granulicella sp. 5B5	1617967	S	29	4	33	0.00001
Granulicella sp. WH15	2602070	S	25	4	29	0.00001
Granulicella mallensis	940614	S	28	3	31	0.00001
Granulicella tundricola	940615	S	9	1	10	0.00000
Terriglobus roseus	392734	S	33	5	38	0.00001
Terriglobus saanensis	870903	S	21	3	24	0.00001
Terriglobus albidus	1592106	S	4	0	4	0.00000
Acidobacterium capsulatum	33075	S	22	5	27	0.00001
Acidobacterium sp. 4Y35	2763107	S	16	2	18	0.00001
Candidatus Koribacter versatilis	658062	S	34	1	35	0.00001
Acidisarcina polymorpha	2211140	S	23	2	25	0.00001
Edaphobacter sp. 12200R-103	2703788	S	8	1	9	0.00000
Edaphobacter sp. 4G125	2763071	S	2	0	2	0.00000
Candidatus Solibacter usitatus	332163	S	84	10	94	0.00003
Paludibaculum fermentans	1473598	S	77	3	80	0.00002
Luteitalea pratensis	1855912	S	125	6	131	0.00004
Chloracidobacterium thermophilum	458033	S	19	5	24	0.00001
Thermotomaculum hydrothermale	981385	S	4	0	4	0.00000
Fusobacterium nucleatum	851	S	77	66	143	0.00004
Fusobacterium sp. oral taxon 203	671211	S	19	7	26	0.00001
Fusobacterium sp. NSJ-57	2764326	S	11	2	13	0.00000
Fusobacterium ulcerans	861	S	29	0	29	0.00001
Fusobacterium varium	856	S	27	0	27	0.00001
Fusobacterium pseudoperiodonticum	2663009	S	15	2	17	0.00001
Fusobacterium necrophorum	859	S	14	0	14	0.00000
Fusobacterium mortiferum	850	S	6	0	6	0.00000
Fusobacterium gonidiaformans	849	S	5	0	5	0.00000
Fusobacterium hwasookii	1583098	S	5	1	6	0.00000
Fusobacterium canifelinum	285729	S	4	0	4	0.00000
Fusobacterium periodonticum	860	S	1	0	1	0.00000
Ilyobacter polytropus	167642	S	3	0	3	0.00000
Leptotrichia wadei	157687	S	37	19	56	0.00002
Leptotrichia hongkongensis	554406	S	21	14	35	0.00001
Leptotrichia sp. oral taxon 212	712357	S	8	2	10	0.00000
Leptotrichia sp. oral taxon 498	712368	S	5	3	8	0.00000
Leptotrichia sp. oral taxon 847	1785996	S	1	0	1	0.00000
Leptotrichia hofstadii	157688	S	12	8	20	0.00001
Leptotrichia trevisanii	109328	S	8	3	11	0.00000
Leptotrichia shahii	157691	S	7	5	12	0.00000
Leptotrichia buccalis	40542	S	5	3	8	0.00000
Streptobacillus moniliformis	34105	S	26	7	33	0.00001
Sebaldella termitidis	826	S	12	0	12	0.00000
Sneathia vaginalis	187101	S	7	0	7	0.00000
Pseudoleptotrichia goodfellowii	157692	S	4	1	5	0.00000
Fervidobacterium pennivorans	93466	S	21	2	23	0.00001
Fervidobacterium nodosum	2424	S	13	0	13	0.00000
Thermosipho sp. FR-w03	2814656	S	7	0	7	0.00000
Thermosipho sp. 1070	1437364	S	6	10	16	0.00000
Thermosipho africanus	2421	S	12	2	14	0.00000
Thermosipho melanesiensis	46541	S	3	0	3	0.00000
Thermotoga caldifontis	1508419	S	7	7	14	0.00000
Thermotoga profunda	1508420	S	5	1	6	0.00000
Pseudothermotoga thermarum	119394	S	15	0	15	0.00000
Pseudothermotoga elfii	38322	S	1	0	1	0.00000
Tepiditoga spiralis	2108365	S	50	2	52	0.00002
Defluviitoga tunisiensis	1006576	S	13	3	16	0.00000
Petrotoga mobilis	69499	S	1	0	1	0.00000
Kosmotoga olearia	651457	S	4	0	4	0.00000
Kosmotoga pacifica	1330330	S	3	0	3	0.00000
Mesotoga prima	1184387	S	6	1	7	0.00000
Athalassotoga saccharophila	1441386	S	3	0	3	0.00000
Candidatus Babela massiliensis	673862	S	96	0	96	0.00003
Candidatus Saccharimonas aalborgensis	1332188	S	31	11	42	0.00001
Candidatus Nanosynbacter lyticus	2093824	S	19	10	29	0.00001
Candidatus Chazhemtobacterium aquaticus	2715735	S	25	0	25	0.00001
Candidatus Bipolaricaulis anaerobius	2026885	S	4	0	4	0.00000
Nitrospira moscoviensis	42253	S	37	5	42	0.00001
Candidatus Nitrospira inopinata	1715989	S	23	4	27	0.00001
Nitrospira japonica	1325564	S	20	6	26	0.00001
Nitrospira sp. KM1	1936990	S	11	2	13	0.00000
Leptospirillum ferrooxidans	180	S	8	0	8	0.00000
Leptospirillum ferriphilum	178606	S	1	5	6	0.00000
Dissulfurispira thermophila	2715679	S	6	0	6	0.00000
Thermocrinis ruber	75906	S	28	0	28	0.00001
Thermocrinis minervae	381751	S	15	0	15	0.00000
Thermocrinis albus	136094	S	1	0	1	0.00000
Aquifex aeolicus	63363	S	9	0	9	0.00000
Hydrogenobaculum sp. Y04AAS1	380749	S	3	2	5	0.00000
Hydrogenobacter thermophilus	940	S	2	0	2	0.00000
Hydrogenobacter sp. T-8	1632019	S	2	0	2	0.00000
Sulfurihydrogenibium azorense	309806	S	14	1	15	0.00000
Sulfurihydrogenibium sp. YO3AOP1	436114	S	12	1	13	0.00000
Persephonella marina	309805	S	14	0	14	0.00000
Thermosulfidibacter takaii	412593	S	14	0	14	0.00000
Desulfurobacterium thermolithotrophum	64160	S	2	0	2	0.00000
Thermovibrio ammonificans	228745	S	1	0	1	0.00000
Denitrovibrio acetiphilus	118000	S	26	0	26	0.00001
Calditerrivibrio nitroreducens	477976	S	19	0	19	0.00001
Deferribacter desulfuricans	197162	S	9	0	9	0.00000
Flexistipes sinusarabici	2352	S	5	0	5	0.00000
Geovibrio thiophilus	139438	S	5	0	5	0.00000
Thermosulfurimonas marina	2047767	S	24	0	24	0.00001
Thermodesulfobacterium geofontis	1295609	S	12	0	12	0.00000
Thermodesulfobacterium sp. TA1	2234087	S	3	0	3	0.00000
Thermodesulfobacterium commune	1741	S	2	0	2	0.00000
Thermodesulfatator indicus	171695	S	6	0	6	0.00000
Caldimicrobium thiodismutans	1653476	S	5	0	5	0.00000
Thermosulfuriphilus ammonigenes	1936021	S	4	0	4	0.00000
Jonquetella anthropi	428712	S	14	0	14	0.00000
Aminomonas paucivorans	81412	S	12	7	19	0.00001
Fretibacterium fastidiosum	651822	S	10	0	10	0.00000
Cloacibacillus porcorum	1197717	S	9	1	10	0.00000
Thermovirga lienii	336261	S	2	0	2	0.00000
Desulfurispirillum indicum	936456	S	33	1	34	0.00001
Abyssogena phaseoliformis symbiont	596095	S	14	1	15	0.00000
Isorropodon fossajaponicum symbiont	883811	S	3	0	3	0.00000
Caldithrix abyssi	187145	S	15	0	15	0.00000
Endomicrobium proavitum	1408281	S	8	0	8	0.00000
Candidatus Endomicrobium trichonymphae	1408204	S	3	0	3	0.00000
Elusimicrobium minutum	423605	S	1	0	1	0.00000
Dictyoglomus turgidum	513050	S	7	0	7	0.00000
Dictyoglomus thermophilum	14	S	3	0	3	0.00000
Caldisericum exile	693075	S	2	0	2	0.00000
Halorubrum sp. CBA1229	1853699	S	10	2	12	0.00000
Halorubrum sp. BOL3-1	2497325	S	9	0	9	0.00000
Halorubrum sp. RHB-C	2739057	S	9	2	11	0.00000
Halorubrum sp. PV6	634157	S	2	0	2	0.00000
Halorubrum ezzemoulense	337243	S	14	1	15	0.00000
Halorubrum lacusprofundi	2247	S	8	5	13	0.00000
Halorubrum trapanicum	29284	S	5	3	8	0.00000
Halobonum sp. NJ-3-1	2743089	S	15	0	15	0.00000
Halobonum sp. Gai3-2	2743090	S	6	0	6	0.00000
Halopenitus persicus	1048396	S	14	0	14	0.00000
Halolamina sp. CBA1230	1853690	S	13	2	15	0.00000
Salinigranum rubrum	755307	S	7	0	7	0.00000
Haloferax gibbonsii	35746	S	20	6	26	0.00001
Haloferax alexandrinus	114529	S	2	8	10	0.00000
Haloferax volcanii	2246	S	1	3	4	0.00000
Haloferax mediterranei	2252	S	1	0	1	0.00000
Haloplanus rubicundus	1547898	S	18	0	18	0.00001
Haloplanus rallus	1816183	S	10	4	14	0.00000
Haloplanus aerogenes	660522	S	3	0	3	0.00000
Haloquadratum walsbyi	293091	S	20	0	20	0.00001
Haloprofundus sp. MHR1	2572921	S	8	0	8	0.00000
Halogeometricum borinquense	60847	S	4	0	4	0.00000
Halobellus limi	699433	S	3	0	3	0.00000
Halosimplex rubrum	869889	S	20	6	26	0.00001
Halosimplex pelagicum	869886	S	10	1	11	0.00000
Halosimplex litoreum	1198301	S	7	0	7	0.00000
Natronomonas sp. YPL13	1710540	S	15	0	15	0.00000
Natronomonas sp. C90	2747817	S	2	0	2	0.00000
Natronomonas moolapensis	416273	S	11	0	11	0.00000
Natronomonas pharaonis	2257	S	9	0	9	0.00000
Haloarcula sp. JP-L23	2716717	S	9	0	9	0.00000
Haloarcula hispanica	51589	S	4	-4	0	0.00000
Haloarcula taiwanensis	1932004	S	3	1	4	0.00000
Haloarcula marismortui	2238	S	2	2	4	0.00000
Halorhabdus sp. CBA1104	1380432	S	12	0	12	0.00000
Halorhabdus utahensis	146826	S	6	0	6	0.00000
Halorientalis sp. IM1011	1932360	S	8	0	8	0.00000
Halomicrobium sp. LC1Hm	2610902	S	6	1	7	0.00000
Halapricum salinum	1457250	S	5	0	5	0.00000
Halobacterium hubeiense	1407499	S	7	2	9	0.00000
Halobacterium sp. DL1	751944	S	5	5	10	0.00000
Halobacterium sp. GSL-19	2812551	S	1	4	5	0.00000
Halorussus sp. RC-68	2505977	S	12	0	12	0.00000
Halorussus sp. ZS-3	2650975	S	3	0	3	0.00000
Halanaeroarchaeum sulfurireducens	1604004	S	15	0	15	0.00000
Halarchaeum sp. CBA1220	1853682	S	14	0	14	0.00000
Salarchaeum sp. JOR-1	2599399	S	8	0	8	0.00000
Halalkalicoccus jeotgali	413810	S	1	0	1	0.00000
Haloterrigena daqingensis	588898	S	11	0	11	0.00000
Haloterrigena sp. KZCA68	2816475	S	7	1	8	0.00000
Haloterrigena sp. YPL8	1699371	S	4	0	4	0.00000
Haloterrigena longa	370324	S	9	2	11	0.00000
Haloterrigena turkmenica	62320	S	8	1	9	0.00000
Haloterrigena salifodinae	2675099	S	2	0	2	0.00000
Natrialba magadii	13769	S	38	8	46	0.00001
Natrinema versiforme	88724	S	9	2	11	0.00000
Natrinema sp. YPL30	1710539	S	5	0	5	0.00000
Natrinema sp. J7-2	406552	S	2	0	2	0.00000
Natrinema pellirubrum	69525	S	5	2	7	0.00000
Natrinema pallidum	69527	S	3	0	3	0.00000
Halovivax sp. KZCA124	2817025	S	11	0	11	0.00000
Halovivax ruber	387341	S	4	0	4	0.00000
Halobiforma lacisalsi	229731	S	13	3	16	0.00000
Natronorubrum bangense	61858	S	9	1	10	0.00000
Natronorubrum aibiense	348826	S	3	0	3	0.00000
Halopiger xanaduensis	387343	S	12	1	13	0.00000
Natrarchaeobaculum sulfurireducens	2044521	S	7	0	7	0.00000
Natrarchaeobaculum aegyptiacum	745377	S	3	0	3	0.00000
Natronobacterium gregoryi	44930	S	9	0	9	0.00000
Natronococcus occultus	29288	S	7	0	7	0.00000
Halostagnicola larsenii	353800	S	2	0	2	0.00000
Salinarchaeum sp. Harcht-Bsk1	1333523	S	2	0	2	0.00000
Methanosarcina barkeri	2208	S	25	0	25	0.00001
Methanosarcina acetivorans	2214	S	15	1	16	0.00000
Methanosarcina sp. MTP4	1434100	S	6	3	9	0.00000
Methanosarcina sp. Kolksee	1434099	S	2	2	4	0.00000
Methanosarcina lacustris	170861	S	10	0	10	0.00000
Methanosarcina flavescens	1715806	S	10	1	11	0.00000
Methanosarcina thermophila	2210	S	8	-8	0	0.00000
Methanosarcina vacuolata	2215	S	5	6	11	0.00000
Methanosarcina siciliae	38027	S	4	-4	0	0.00000
Methanosarcina horonobensis	418008	S	4	0	4	0.00000
Methanosarcina mazei	2209	S	3	0	3	0.00000
Methanococcoides methylutens	2226	S	8	2	10	0.00000
Methanococcoides burtonii	29291	S	3	0	3	0.00000
Methanolobus zinderi	536044	S	5	0	5	0.00000
Methanomethylovorans hollandica	101192	S	4	0	4	0.00000
Methanosalsum zhilinae	39669	S	4	0	4	0.00000
Methanohalophilus mahii	2176	S	1	0	1	0.00000
Methanohalophilus halophilus	2177	S	1	0	1	0.00000
Methanohalophilus portucalensis	39664	S	1	0	1	0.00000
Methanohalobium evestigatum	2322	S	2	0	2	0.00000
Methanothrix soehngenii	2223	S	6	0	6	0.00000
Methanothrix thermoacetophila	2224	S	4	0	4	0.00000
Methanosaeta harundinacea	301375	S	2	0	2	0.00000
Methanoculleus marisnigri	2198	S	9	0	9	0.00000
Methanoplanus limicola	2315	S	4	0	4	0.00000
Methanolacinia petrolearia	54120	S	1	0	1	0.00000
Methanoregula formicica	882104	S	5	0	5	0.00000
Methanosphaerula palustris	475088	S	3	0	3	0.00000
Methanospirillum hungatei	2203	S	4	0	4	0.00000
Methanocorpusculum labreanum	83984	S	3	0	3	0.00000
Methanocella arvoryzae	1175445	S	5	0	5	0.00000
Methanocella conradii	1175444	S	4	2	6	0.00000
Methanocella paludicola	570267	S	3	0	3	0.00000
Methanobrevibacter smithii	2173	S	52	0	52	0.00002
Methanobrevibacter sp. AbM4	224719	S	17	0	17	0.00001
Methanobrevibacter sp. YE315	1609968	S	1	0	1	0.00000
Methanobrevibacter olleyae	294671	S	4	0	4	0.00000
Methanobrevibacter ruminantium	83816	S	3	0	3	0.00000
Methanobrevibacter millerae	230361	S	3	0	3	0.00000
Methanobacterium lacus	877455	S	13	0	13	0.00000
Methanobacterium paludis	868131	S	8	0	8	0.00000
Methanobacterium congolense	118062	S	6	0	6	0.00000
Methanobacterium formicicum	2162	S	5	1	6	0.00000
Methanosphaera sp. BMS	1789762	S	13	0	13	0.00000
Methanosphaera stadtmanae	2317	S	6	0	6	0.00000
Methanothermus fervidus	2180	S	10	0	10	0.00000
Methanococcus maripaludis	39152	S	24	6	30	0.00001
Methanococcus vannielii	2187	S	9	2	11	0.00000
Methanococcus aeolicus	42879	S	5	0	5	0.00000
Methanococcus voltae	2188	S	1	0	1	0.00000
Methanothermococcus okinawensis	155863	S	5	0	5	0.00000
Methanocaldococcus fervens	83171	S	9	4	13	0.00000
Methanocaldococcus infernus	67760	S	2	0	2	0.00000
Methanocaldococcus vulcanius	73913	S	1	0	1	0.00000
Methanocaldococcus bathoardescens	1301915	S	1	1	2	0.00000
Methanocaldococcus sp. FS406-22	644281	S	1	0	1	0.00000
Methanotorris igneus	2189	S	1	0	1	0.00000
Methanofervidicoccus sp. A16	2607662	S	2	0	2	0.00000
Thermococcus litoralis	2265	S	8	0	8	0.00000
Thermococcus sp. AM4	246969	S	2	0	2	0.00000
Thermococcus sp. 2319x1	1674923	S	2	0	2	0.00000
Thermococcus barossii	54077	S	3	0	3	0.00000
Thermococcus chitonophagus	54262	S	2	0	2	0.00000
Thermococcus paralvinellae	582419	S	2	0	2	0.00000
Thermococcus sibiricus	172049	S	2	0	2	0.00000
Thermococcus gammatolerans	187878	S	2	0	2	0.00000
Thermococcus indicus	2586643	S	1	0	1	0.00000
Thermococcus siculi	72803	S	1	0	1	0.00000
Pyrococcus sp. ST04	1183377	S	4	0	4	0.00000
Pyrococcus yayanosii	1008460	S	1	0	1	0.00000
Palaeococcus pacificus	971279	S	2	0	2	0.00000
Archaeoglobus profundus	84156	S	4	0	4	0.00000
Archaeoglobus veneficus	58290	S	3	0	3	0.00000
Archaeoglobus sulfaticallidus	1316941	S	2	0	2	0.00000
Ferroglobus placidus	54261	S	3	0	3	0.00000
Geoglobus ahangari	113653	S	2	0	2	0.00000
Candidatus Nitrosopumilus sediminis	1229909	S	20	3	23	0.00001
Nitrosopumilus ureiphilus	1470067	S	19	2	21	0.00001
Nitrosopumilus cobalaminigenes	1470066	S	17	4	21	0.00001
Candidatus Nitrosopumilus sp. SW	2508726	S	10	3	13	0.00000
Nitrosopumilus piranensis	1582439	S	9	2	11	0.00000
Candidatus Nitrosopumilus koreensis	1510466	S	7	1	8	0.00000
Nitrosopumilus adriaticus	1580092	S	5	1	6	0.00000
Nitrosopumilus maritimus	338192	S	3	0	3	0.00000
Nitrosarchaeum sp. AC2	2259673	S	61	2	63	0.00002
Candidatus Nitrosomarinus catalina	1898749	S	5	0	5	0.00000
Candidatus Nitrosocosmicus hydrocola	1826872	S	9	0	9	0.00000
Candidatus Nitrosocosmicus oleophilus	1353260	S	6	0	6	0.00000
Candidatus Nitrosocosmicus franklandus	1798806	S	4	0	4	0.00000
Candidatus Nitrososphaera gargensis	497727	S	5	0	5	0.00000
Nitrososphaera viennensis	1034015	S	4	0	4	0.00000
Candidatus Nitrososphaera evergladensis	1459637	S	2	0	2	0.00000
Candidatus Nitrosotenuis cloacae	1603555	S	15	0	15	0.00000
Candidatus Nitrosotenuis sp. DW1	2259672	S	3	0	3	0.00000
Candidatus Nitrosotenuis aquarius	1846278	S	2	0	2	0.00000
Candidatus Nitrosopelagicus brevis	1410606	S	4	0	4	0.00000
Candidatus Nitrosotalea okcheonensis	1903276	S	3	0	3	0.00000
Acidianus sulfidivorans	312539	S	16	0	16	0.00000
Acidianus brierleyi	41673	S	8	0	8	0.00000
Acidianus manzaensis	282676	S	8	0	8	0.00000
Acidianus ambivalens	2283	S	7	2	9	0.00000
Acidianus hospitalis	563177	S	2	0	2	0.00000
Sulfolobus sp. S-194	2512240	S	6	0	6	0.00000
Sulfolobus sp. A20	1891280	S	4	0	4	0.00000
Sulfolobus sp. E11-6	2663020	S	1	0	1	0.00000
Sulfolobus islandicus	43080	S	10	11	21	0.00001
Sulfodiicoccus acidiphilus	1670455	S	12	0	12	0.00000
Metallosphaera cuprina	1006005	S	4	0	4	0.00000
Sulfurisphaera tokodaii	111955	S	3	0	3	0.00000
Sulfurisphaera ohwakuensis	69656	S	1	0	1	0.00000
Saccharolobus solfataricus	2287	S	3	1	4	0.00000
Stygiolobus azoricus	41675	S	1	0	1	0.00000
Pyrobaculum calidifontis	181486	S	5	0	5	0.00000
Vulcanisaeta distributa	164451	S	1	0	1	0.00000
Vulcanisaeta moutnovskia	985052	S	1	0	1	0.00000
Caldivirga maquilingensis	76887	S	1	0	1	0.00000
Thermofilum uzonense	1550241	S	1	2	3	0.00000
Caldisphaera lagunensis	200415	S	6	0	6	0.00000
Acidilobus sp. 7A	1577685	S	2	0	2	0.00000
Desulfurococcus amylolyticus	94694	S	1	-1	0	0.00000
Staphylothermus marinus	2280	S	1	0	1	0.00000
Thermoplasma volcanium	50339	S	3	5	8	0.00000
Thermoplasma acidophilum	2303	S	1	2	3	0.00000
Cuniculiplasma divulgatum	1673428	S	5	3	8	0.00000
Picrophilus torridus	82076	S	4	0	4	0.00000
Ferroplasma acidiphilum	74969	S	2	0	2	0.00000
Ferroplasma acidarmanus	97393	S	2	0	2	0.00000
Candidatus Methanomethylophilus alvus	1291540	S	9	0	9	0.00000
Candidatus Methanomassiliicoccus intestinalis	1406512	S	4	0	4	0.00000
Candidatus Methanoplasma termitum	1577791	S	1	0	1	0.00000
Aciduliprofundum sp. MAR08-339	673860	S	5	0	5	0.00000
Aciduliprofundum boonei	379547	S	1	0	1	0.00000
Candidatus Prometheoarchaeum syntrophicum	2594042	S	12	0	12	0.00000
Candidatus Micrarchaeum sp.	2282148	S	1	0	1	0.00000
Flavobacterium phage vB_FspS_filifjonk9-1	2686245	S	712	1124	1836	0.00057
Flavobacterium phage vB_FspS_tooticki6-1	2686279	S	128	433	561	0.00018
Flavobacterium phage vB_FspS_mymlan6-1	2686266	S	115	313	428	0.00013
Streptococcus phage SpSL1	1566990	S	109	129	238	0.00007
Flavobacterium phage vB_FspS_snusmum6-1	2686273	S	88	80	168	0.00005
Flavobacterium phage vB_FspS_hattifnatt9-1	2686246	S	72	31	103	0.00003
Synechococcus phage S-CBS3	753085	S	33	0	33	0.00001
Geobacillus phage GBK2	1458842	S	12	0	12	0.00000
Pseudomonas phage phiPSA1	1500757	S	11	5	16	0.00000
Lactococcus phage BK5-T	31754	S	11	60	71	0.00002
Cellulophaga phage phi10:1	1327981	S	9	0	9	0.00000
Salicola phage CGphi29	754067	S	8	0	8	0.00000
Yersinia phage PY54	172667	S	7	0	7	0.00000
Staphylococcus phage StB27	1147044	S	7	11	18	0.00001
Flavobacterium phage vB_FspS_morran9-1	2686258	S	7	10	17	0.00001
Pseudomonas phage PS-1	1573458	S	7	0	7	0.00000
Flavobacterium phage 11b	294631	S	6	0	6	0.00000
Flavobacterium phage vB_FspS_snork6-1	2686270	S	6	46	52	0.00002
Vibrio phage pYD38-B	929835	S	6	0	6	0.00000
Clostridium phage phiCT19406C	1567011	S	5	3	8	0.00000
Rhodobacter phage RcapNL	1131316	S	5	0	5	0.00000
Salmonella phage SAP012	2742114	S	4	0	4	0.00000
Cellulophaga phage phi19:1	1327970	S	4	0	4	0.00000
Rhodococcus phage Whack	2591132	S	3	0	3	0.00000
Lactococcus phage P1048	2662295	S	3	0	3	0.00000
Staphylococcus phage StB12	1147042	S	2	1	3	0.00000
Actinoplanes phage phiAsp2	279303	S	2	0	2	0.00000
Rhizobium phage 16-3	10704	S	2	0	2	0.00000
Enterococcus phage IME-EFm1	1445858	S	2	0	2	0.00000
Sinorhizobium phage phiLM21	1524882	S	2	0	2	0.00000
Idiomarinaceae phage 1N2-2	1536592	S	2	0	2	0.00000
Achromobacter phage JWF	1589748	S	2	0	2	0.00000
Staphylococcus phage IME-SA4	1610872	S	2	2	4	0.00000
Mycobacterium phage DS6A	45764	S	2	0	2	0.00000
Bacillus phage vB_BanS-Tsamsa	1308863	S	1	0	1	0.00000
Flavobacterium phage vB_FspS_mumin9-1	2686263	S	1	8	9	0.00000
Streptomyces phage Gilson	2488789	S	1	0	1	0.00000
Arthrobacter phage vB_ArS-ArV2	1414742	S	1	0	1	0.00000
Tsukamurella phage TPA2	981330	S	1	0	1	0.00000
Cellulophaga phage phi46:1	1327974	S	1	0	1	0.00000
Gordonia phage GMA4	1647471	S	1	0	1	0.00000
Lactococcus phage P656	2662298	S	13	15	28	0.00001
Lactococcus phage 936 group phage PhiS0139	1636587	S	8	5	13	0.00000
Lactococcus phage 936 group phage PhiB1127	1636573	S	7	4	11	0.00000
Lactococcus phage LP1502a	2027277	S	5	7	12	0.00000
Lactococcus phage 66901	2029671	S	3	2	5	0.00000
Lactococcus phage phi7	1262538	S	3	3	6	0.00000
Lactococcus phage 16802	2029659	S	2	2	4	0.00000
Lactococcus phage 936 group phage PhiLj	1636583	S	2	9	11	0.00000
Lactococcus phage 936 group phage Phi4.2	1636566	S	2	1	3	0.00000
Lactococcus phage CHPC361	2675249	S	2	5	7	0.00000
Lactococcus phage 38503	2029662	S	2	6	8	0.00000
Lactococcus phage CHPC959	2675255	S	2	5	7	0.00000
Lactococcus phage 56003	2029665	S	1	3	4	0.00000
Lactococcus phage 936 group phage PhiL.6	1636582	S	1	3	4	0.00000
Lactococcus phage i0139	1874593	S	1	0	1	0.00000
Lactococcus phage 340	1262533	S	1	1	2	0.00000
Lactococcus virus CB13	665883	S	1	1	2	0.00000
Lactococcus virus sk1	31532	S	1	14	15	0.00000
Propionibacterium phage BruceLethal	1654740	S	9	2	11	0.00000
Propionibacterium phage Moyashi	1654781	S	4	5	9	0.00000
Propionibacterium virus Lauchelly	1982257	S	4	1	5	0.00000
Propionibacterium virus PHL152M00	1982295	S	3	1	4	0.00000
Propionibacterium virus PHL060L00	1982277	S	3	4	7	0.00000
Propionibacterium virus PHL199M00	1982300	S	3	0	3	0.00000
Propionibacterium virus PHL301M00	1982301	S	3	1	4	0.00000
Propionibacterium virus Attacne	1982254	S	2	1	3	0.00000
Propionibacterium virus Stormborn	1982307	S	2	1	3	0.00000
Propionibacterium virus PHL141N00	1982292	S	2	2	4	0.00000
Propionibacterium virus Pacnes201215	1982270	S	2	0	2	0.00000
Propionibacterium virus PHL114L00	1982287	S	2	0	2	0.00000
Propionibacterium virus PHL070N00	1982279	S	1	0	1	0.00000
Propionibacterium virus P1.1	1982264	S	1	1	2	0.00000
Propionibacterium virus PHL095N00	1982283	S	1	1	2	0.00000
Propionibacterium virus MrAK	1982258	S	1	1	2	0.00000
Polaribacter virus P12002S	1982246	S	34	5	39	0.00001
Polaribacter virus P12002L	1982245	S	11	1	12	0.00000
Mycobacterium phage SimranZ1	1933771	S	4	1	5	0.00000
Mycobacterium phage Squirty	1527512	S	4	1	5	0.00000
Mycobacterium phage Spoonbill	2023953	S	3	28	31	0.00001
Mycobacterium phage MooMoo	2108127	S	2	0	2	0.00000
Mycobacterium phage Mantra	2283297	S	1	4	5	0.00000
Cellulophaga virus Cba121	1918193	S	9	24	33	0.00001
Gordonia virus GAL1	2560493	S	30	0	30	0.00001
Salmonella virus Sasha	2734275	S	25	1	26	0.00001
Rhodobacter virus RcTitan	1982575	S	14	2	16	0.00000
Rhodobacter virus RcSpartan	1982574	S	6	1	7	0.00000
Flavobacterium phage vB_FspS_laban6-1	2686250	S	6	0	6	0.00000
Flavobacterium virus 2A	2560471	S	2	113	115	0.00004
Salmonella phage TS13	2500149	S	21	10	31	0.00001
Mycobacterium phage Edtherson	1567468	S	3	12	15	0.00000
Mycobacterium virus Doom	1051138	S	2	3	5	0.00000
Rhodococcus virus Poco6	1982369	S	14	0	14	0.00000
Rhodococcus virus Pepy6	1982368	S	2	0	2	0.00000
Mycobacterium phage ThulaThula	2599880	S	14	0	14	0.00000
Mycobacterium phage Purky	2593351	S	1	0	1	0.00000
Microbacterium virus Dismas	2560588	S	13	0	13	0.00000
Microbacterium virus Eden	2734230	S	12	0	12	0.00000
Caulobacter virus CcrColossus	2734194	S	3	0	3	0.00000
Caulobacter virus CcrPW	2734195	S	2	0	2	0.00000
Caulobacter virus CcrBL9	2734192	S	2	0	2	0.00000
Caulobacter virus CcrSC	2734193	S	2	0	2	0.00000
Mycobacterium phage Unicorn	2015825	S	2	0	2	0.00000
Mycobacterium phage Validus	1414747	S	1	0	1	0.00000
Mycobacterium phage Aminay	2250291	S	1	0	1	0.00000
Mycobacterium phage Rando14	2301556	S	1	0	1	0.00000
Mycobacterium virus Macncheese	1195070	S	1	1	2	0.00000
Pseudomonas virus PaMx25	1982241	S	5	0	5	0.00000
Pseudomonas virus NP1	1982240	S	4	0	4	0.00000
Bordetella virus CN1	2734287	S	2	5	7	0.00000
Arthrobacter virus Laroye	1982087	S	7	0	7	0.00000
Arthrobacteria virus Molivia	2560307	S	4	0	4	0.00000
Arthrobacter virus Amigo	1982100	S	3	0	3	0.00000
Mycobacterium virus Bernal13	1982102	S	7	0	7	0.00000
Mycobacterium phage Quesadilla	2664226	S	2	0	2	0.00000
Mycobacterium phage Saguaro	2315616	S	1	0	1	0.00000
Mycobacterium virus BrownCNA	1983108	S	1	0	1	0.00000
Mycobacterium virus Gaia	1982148	S	5	0	5	0.00000
Mycobacterium virus Brujita	561996	S	3	4	7	0.00000
Streptococcus virus DT1	90410	S	4	3	7	0.00000
Streptococcus virus Sfi21	64186	S	1	1	2	0.00000
Enterococcus virus AL3	2560416	S	4	4	8	0.00000
Streptomyces virus TP1604	1982746	S	4	0	4	0.00000
Xylella virus Sano	2560848	S	4	0	4	0.00000
Streptomyces virus Mildred21	2560787	S	2	2	4	0.00000
Gordonia virus Fryberger	2734269	S	4	0	4	0.00000
Mycobacterium phage DyoEdafos	2599860	S	3	0	3	0.00000
Mycobacterium phage Bromden	2283252	S	1	0	1	0.00000
Gordonia virus BrutonGaster	2734263	S	4	0	4	0.00000
Alphaproteobacteria virus phiJl001	279383	S	2	0	2	0.00000
Microbacterium virus MementoMori	2734252	S	3	0	3	0.00000
Pseudomonas virus PaMx74	1982358	S	3	0	3	0.00000
Rhodococcus virus Trina	2560705	S	3	0	3	0.00000
Caulobacter virus Sansa	2734274	S	2	0	2	0.00000
Microbacterium virus Pikmin	2560596	S	2	0	2	0.00000
Gordonia virus Eyre	2560492	S	2	0	2	0.00000
Erwinia virus Eho49	2734231	S	2	1	3	0.00000
Burkholderia virus AH2	2560359	S	2	0	2	0.00000
Microbacterium virus Armstrong	2734217	S	2	0	2	0.00000
Mycobacterium phage Lilac	1070990	S	2	0	2	0.00000
Gordonia virus Zirinka	2170042	S	2	1	3	0.00000
Gordonia virus GodonK	2734237	S	1	0	1	0.00000
Caulobacter virus Seuss	2734278	S	1	0	1	0.00000
Streptomyces virus Lilbooboo	2734285	S	1	0	1	0.00000
Gordonia virus Bowser	2560487	S	1	0	1	0.00000
Streptomyces virus Bing	2560785	S	1	0	1	0.00000
Gordonia virus Wizard	2170254	S	1	0	1	0.00000
Nonlabens virus P12024L	1982247	S	1	-1	0	0.00000
Rhizobium virus P106B	2560703	S	1	0	1	0.00000
Pseudomonas virus Ab19	1982097	S	1	0	1	0.00000
Streptomyces virus Rowa	2734271	S	1	0	1	0.00000
Gordonia virus Trine	2734284	S	1	0	1	0.00000
Arthrobacter virus Galaxy	2560303	S	1	0	1	0.00000
Paracoccus virus Shpa	2560625	S	1	0	1	0.00000
Mycobacterium virus Omega	205879	S	1	0	1	0.00000
Gordonia virus Fairfaxidum	2731208	S	1	1	2	0.00000
Microbacterium virus Metamorphoo	2734254	S	1	0	1	0.00000
Mycobacterium virus Wildcat	1993859	S	1	0	1	0.00000
Flavobacterium phage Fpv3	1814284	S	3	1635	1638	0.00051
Flavobacterium phage Fpv20	1814283	S	2	65	67	0.00002
Rhodoferax phage P26218	1636270	S	132	0	132	0.00004
Cellulophaga phage phi14:2	1327990	S	22	6	28	0.00001
uncultured crAssphage	1211417	S	13	0	13	0.00000
Cellulophaga phage phi18:3	1327983	S	5	2	7	0.00000
Bacteroides phage crAss001	2301731	S	2	0	2	0.00000
Pseudomonas phage O4	1784982	S	15	0	15	0.00000
Vibrio phage phi 1	1589297	S	11	2	13	0.00000
Pseudomonas phage AF	1235689	S	6	0	6	0.00000
Puniceispirillum phage HMO-2011	948071	S	6	0	6	0.00000
Pseudomonas phage Zuri	2604899	S	6	0	6	0.00000
Vibrio phage PVA1	1461743	S	5	0	5	0.00000
Sulfitobacter phage NYA-2014a	1526550	S	3	10	13	0.00000
Xanthomonas phage RiverRider	2108116	S	1	0	1	0.00000
Clostridium phage phi24R	1128071	S	1	0	1	0.00000
Pectobacterium phage Nepra	2163635	S	1	3	4	0.00000
Vibrio phage 1.097.O._10N.286.49.B3	1881383	S	1	0	1	0.00000
Stenotrophomonas phage Pokken	2596674	S	1	0	1	0.00000
Vibrio phage vB_VspP_pVa5	1913109	S	1	0	1	0.00000
Sinorhizobium phage PBC5	179237	S	1	0	1	0.00000
Sulfitobacter phage EE36phi1	490913	S	21	5	26	0.00001
Roseobacter phage RD-1410W1-01	1815984	S	12	0	12	0.00000
Dinoroseobacter phage DS-1410Ws-06	1815983	S	3	0	3	0.00000
Sulfitobacter phage phiCB2047-B	754046	S	2	0	2	0.00000
Dinoroseobacter virus DFL12	2169868	S	1	0	1	0.00000
Staphylococcus virus Andhra	2732591	S	12	0	12	0.00000
Staphylococcus virus St134	2732592	S	4	0	4	0.00000
Escherichia virus C1302	2734159	S	7	0	7	0.00000
Burkholderia virus BcepC6B	279280	S	5	0	5	0.00000
Achromobacter virus Axp3	2169962	S	2	0	2	0.00000
Achromobacter virus JWAlpha	2169963	S	2	0	2	0.00000
Klebsiella phage Pylas	2419682	S	2	0	2	0.00000
Escherichia virus Pollock	2170215	S	1	0	1	0.00000
Burkholderia virus Bcep22	242527	S	2	0	2	0.00000
Pseudomonas virus KPP21	1982595	S	1	0	1	0.00000
Myxococcus virus Mx8	2560611	S	1	0	1	0.00000
Aeromonas phage 4_L372XY	2588520	S	19	9	28	0.00001
Pelagibacter phage HTVC008M	1283076	S	10	0	10	0.00000
Synechococcus phage S-PM2	238854	S	8	0	8	0.00000
Vibrio phage ICP1	979525	S	6	0	6	0.00000
Mycobacterium phage Myrna	546805	S	5	0	5	0.00000
Synechococcus phage S-CAM7	1883368	S	3	0	3	0.00000
Tenacibaculum phage PTm1	2547425	S	3	0	3	0.00000
Cyanophage P-RSM1	536444	S	2	0	2	0.00000
Synechococcus phage S-CRM01	1026955	S	2	0	2	0.00000
Prochlorococcus phage P-SSM4	268747	S	2	0	2	0.00000
Alteromonas phage vB_AmeM_PT11-V22	2704031	S	2	0	2	0.00000
Pseudomonas phage Persinger	2749430	S	2	0	2	0.00000
Leptospira phage LE1	137511	S	2	0	2	0.00000
Vibrio phage helene 12B3	573173	S	1	0	1	0.00000
Cyanophage S-RIM32	1278479	S	1	0	1	0.00000
Leptospira phage LE3	2041382	S	1	0	1	0.00000
Synechococcus phage S-SSM5	445685	S	1	0	1	0.00000
Prochlorococcus phage P-TIM68	1542477	S	1	0	1	0.00000
Bacillus phage 0305phi8-36	458639	S	1	0	1	0.00000
Pseudoalteromonas phage SL20	2023998	S	1	0	1	0.00000
Acinetobacter phage Acj61	760732	S	26	0	26	0.00001
Edwardsiella phage PEi20	1608310	S	3	0	3	0.00000
Cronobacter phage vB_CsaM_GAP161	1141138	S	1	11	12	0.00000
Citrobacter virus Merlin	1985341	S	2	0	2	0.00000
Vibrio virus nt1	1914020	S	1	0	1	0.00000
Vibrio virus ValKK3	1914021	S	1	0	1	0.00000
Aeromonas virus Aeh1	227470	S	1	0	1	0.00000
Aeromonas virus 56	2560283	S	20	0	20	0.00001
Cronobacter virus GAP32	2560400	S	6	2	8	0.00000
Pectinobacterium virus CBB	2560628	S	6	2	8	0.00000
Flavobacterium virus FCV1	2560474	S	9	0	9	0.00000
Flavobacterium virus FCL2	2560473	S	6	0	6	0.00000
Prochlorococcus virus PSSM2	2734140	S	14	0	14	0.00000
Yersinia virus Yen9-04	2560849	S	13	0	13	0.00000
Synechococcus phage S-SM2	444860	S	7	0	7	0.00000
Synechococcus virus Bellamy	2734095	S	5	0	5	0.00000
Pectobacterium virus phiTE	1980961	S	4	0	4	0.00000
Cronobacter virus CR9	1914899	S	1	0	1	0.00000
Erwinia phage pEp_SNUABM_01	2601643	S	1	0	1	0.00000
Erwinia phage Hena1	2678601	S	1	0	1	0.00000
Synechococcus phage ACG-2014c	1079998	S	5	3	8	0.00000
Synechococcus phage S-CAM8	754038	S	4	3	7	0.00000
Synechococcus phage ACG-2014g	1493512	S	1	1	2	0.00000
Arthrobacter phage DrYang	2686080	S	9	0	9	0.00000
Arthrobacter virus Colucci	2560302	S	1	0	1	0.00000
Bordetella virus PHB04	2734129	S	8	0	8	0.00000
Iodobacter virus PLPE	2560530	S	6	0	6	0.00000
Pseudomonas virus Noxifer	2560671	S	5	0	5	0.00000
Prochlorococcus virus PSSM7	2734127	S	5	0	5	0.00000
Pseudomonas phage PhiPA3	998086	S	4	0	4	0.00000
Synechococcus virus SCAM3	2734102	S	4	0	4	0.00000
Acinetobacter virus AbP2	2560264	S	4	0	4	0.00000
Agrobacterium virus Atuph07	2560286	S	4	0	4	0.00000
Cyanophage S-RIM12	1278402	S	4	4	8	0.00000
Synechococcus virus SSKS1	2734116	S	3	0	3	0.00000
Escherichia virus EC6	1965376	S	2	0	2	0.00000
Escherichia virus Goslar	2734109	S	2	0	2	0.00000
Ralstonia virus RSL2	1980925	S	2	0	2	0.00000
Klebsiella virus RaK2	2560545	S	1	1	2	0.00000
Synechococcus virus SCAM1	2734083	S	2	0	2	0.00000
Rheinheimera virus Barba18A	2734090	S	1	1	2	0.00000
Erwinia virus Y3	2734143	S	2	0	2	0.00000
Synechococcus virus ST4	2734145	S	1	0	1	0.00000
Acinetobacter virus ME3	2560269	S	1	0	1	0.00000
Bacillus virus G	1084719	S	1	0	1	0.00000
Synechococcus virus SSM1	2734149	S	1	0	1	0.00000
Synechococcus virus AC2014fSyn7803C8	2734085	S	1	0	1	0.00000
Prochlorococcus virus MED4-213	2734106	S	1	0	1	0.00000
Acinetobacter virus Aci02-2	2734139	S	1	0	1	0.00000
Curvibacter virus P26059B	2733926	S	116	0	116	0.00004
Pseudomonas phage PA11	347327	S	24	1	25	0.00001
Celeribacter phage P12053L	1197951	S	22	1	23	0.00001
Lentibacter virus vB_LenP_ICBM2	2301529	S	2	0	2	0.00000
Ralstonia virus RSJ2	2733594	S	10	0	10	0.00000
Ralstonia virus RSJ5	2733595	S	6	0	6	0.00000
Ralstonia virus RSPI1	2733590	S	5	0	5	0.00000
Burkholderia virus JG068	2733593	S	3	0	3	0.00000
Pectobacterium virus PP74	2732782	S	1	10	11	0.00000
Klebsiella virus BIS33	2733664	S	1	0	1	0.00000
Ralstonia virus RsoP1EGY	2733919	S	7	6	13	0.00000
Pseudomonas virus VSW3	2560686	S	11	0	11	0.00000
Citrobacter CrRp3	2733581	S	2	2	4	0.00000
Erwinia phage phiEa100	925983	S	2	0	2	0.00000
Pseudomonas virus f2	2733363	S	3	0	3	0.00000
Klebsiella virus KpV41	1980956	S	1	0	1	0.00000
Staphylococcus virus IPLAC1C	1980931	S	1	8	9	0.00000
Staphylococcus virus SA12	1924730	S	1	1	2	0.00000
Lactobacillus virus Lpa804	2734051	S	1	0	1	0.00000
Bacillus virus BCP82	1985177	S	1	7	8	0.00000
Bacillus virus Agate	1910935	S	1	0	1	0.00000
Bacillus virus Hakuna	1987729	S	1	0	1	0.00000
Aeromonas virus AhSzw1	2733999	S	6	0	6	0.00000
Aeromonas virus AhSzq1	2733998	S	3	0	3	0.00000
Salmonella virus S126	2732028	S	2	0	2	0.00000
Escherichia virus T5	10726	S	1	0	1	0.00000
Pectobacterium virus DUPPV	2733994	S	1	0	1	0.00000
Salmonella phage Mutine	2054274	S	2	3	5	0.00000
Stenotrophomonas phage Mendera	2650877	S	2	0	2	0.00000
Escherichia virus E41c	1920996	S	1	0	1	0.00000
Escherichia phage vB_EcoM_4HA13	2601675	S	1	0	1	0.00000
Saimiriine alphaherpesvirus 1	10353	S	4	0	4	0.00000
Meleagrid alphaherpesvirus 1	37108	S	1	0	1	0.00000
Elephantid betaherpesvirus 1	146015	S	2	0	2	0.00000
Murid betaherpesvirus 8	1261657	S	1	0	1	0.00000
Murine roseolovirus	1940555	S	1	0	1	0.00000
Ateline gammaherpesvirus 3	85618	S	2	0	2	0.00000
Saimiriine gammaherpesvirus 2	10381	S	1	0	1	0.00000
Ostreid herpesvirus 1	261939	S	1	0	1	0.00000
Yellowstone lake phycodnavirus 2	1586714	S	107	0	107	0.00003
Yellowstone lake phycodnavirus 3	1586715	S	49	0	49	0.00002
Yellowstone lake phycodnavirus 1	1586713	S	32	0	32	0.00001
Micromonas sp. RCC1109 virus MpV1	880161	S	5	0	5	0.00000
Ostreococcus lucimarinus virus 1	880162	S	3	3	6	0.00000
Micromonas pusilla virus 12T	755272	S	1	0	1	0.00000
Micromonas pusilla virus SP1	373996	S	1	0	1	0.00000
Paramecium bursaria Chlorella virus A1	381899	S	84	0	84	0.00003
Acanthocystis turfacea chlorella virus 1	322019	S	26	0	26	0.00001
Paramecium bursaria Chlorella virus 1	10506	S	5	8	13	0.00000
Only Syngen Nebraska virus 5	1917232	S	2	0	2	0.00000
Orpheovirus IHUMI-LCC2	2023057	S	26	0	26	0.00001
Chrysochromulina ericina virus	455364	S	15	0	15	0.00000
Aureococcus anophagefferens virus	1474867	S	1	0	1	0.00000
Phaeocystis globosa virus	251749	S	11	0	11	0.00000
Heterosigma akashiwo virus 01	97195	S	5	0	5	0.00000
Megavirus chiliensis	1094892	S	10	0	10	0.00000
Mimivirus terra2	1128151	S	6	3	9	0.00000
Acanthamoeba polyphaga mimivirus	212035	S	10	4	14	0.00000
Cafeteria roenbergensis virus	1513235	S	11	0	11	0.00000
Moumouvirus	985782	S	2	0	2	0.00000
Invertebrate iridescent virus 9	345195	S	6	1	7	0.00000
Invertebrate iridovirus 25	1301280	S	1	0	1	0.00000
Invertebrate iridescent virus 6	176652	S	1	0	1	0.00000
Frog virus 3	10493	S	1	0	1	0.00000
Lymphocystis disease virus - isolate China	256729	S	1	0	1	0.00000
Tokyovirus A1	1826170	S	4	0	4	0.00000
Lausannevirus	999883	S	1	0	1	0.00000
Anomala cuprea entomopoxvirus	62099	S	12	0	12	0.00000
Choristoneura rosaceana entomopoxvirus	1993631	S	3	0	3	0.00000
Adoxophyes honmai entomopoxvirus	1993630	S	1	0	1	0.00000
Melanoplus sanguinipes entomopoxvirus	83191	S	2	0	2	0.00000
Orf virus	10258	S	6	0	6	0.00000
Fowlpox virus	10261	S	2	2	4	0.00000
Salmon gillpox virus	2734576	S	4	0	4	0.00000
Eptesipox virus	1329402	S	1	0	1	0.00000
Cotia virus	39444	S	1	0	1	0.00000
Yokapox virus	1076255	S	1	0	1	0.00000
Yaba monkey tumor virus	38804	S	1	0	1	0.00000
Yellowstone Lake virophage 7	1557035	S	14	0	14	0.00000
Human mastadenovirus C	129951	S	1	0	1	0.00000
Parvovirus NIH-CQV	1341019	S	30	0	30	0.00001
Human polyomavirus 5	1891726	S	10	0	10	0.00000
Gammapapillomavirus 6	1175848	S	1	0	1	0.00000
Microviridae Fen7918_21	1655661	S	11	0	11	0.00000
Gokushovirinae GAIR4	1701404	S	1	0	1	0.00000
Agrotis ipsilon multiple nucleopolyhedrovirus	208013	S	13	0	13	0.00000
Chrysodeixis includens nucleopolyhedrovirus	1207438	S	5	0	5	0.00000
Lymantria dispar multiple nucleopolyhedrovirus	10449	S	3	2	5	0.00000
Catopsilia pomona nucleopolyhedrovirus	1850906	S	2	0	2	0.00000
Ectropis obliqua nucleopolyhedrovirus	59376	S	2	0	2	0.00000
Apocheima cinerarium nucleopolyhedrovirus	307461	S	1	0	1	0.00000
Spodoptera litura nucleopolyhedrovirus II	566270	S	1	0	1	0.00000
Oxyplax ochracea nucleopolyhedrovirus	2083176	S	1	0	1	0.00000
Trichoplusia ni single nucleopolyhedrovirus	332054	S	1	0	1	0.00000
Clanis bilineata nucleopolyhedrovirus	1307957	S	1	0	1	0.00000
Mythimna unipuncta granulovirus B	2169746	S	8	0	8	0.00000
Choristoneura fumiferana granulovirus	56947	S	2	0	2	0.00000
Phthorimaea operculella granulovirus	192584	S	2	0	2	0.00000
Pandoravirus inopinatum	1605721	S	8	1	9	0.00000
Pandoravirus macleodensis	2107707	S	7	0	7	0.00000
Pandoravirus neocaledonia	2107708	S	6	0	6	0.00000
Pandoravirus salinus	1349410	S	3	0	3	0.00000
Pandoravirus dulcis	1349409	S	1	0	1	0.00000
Pandoravirus quercus	2107709	S	1	0	1	0.00000
Phormidium phage MIS-PhV1A	1391455	S	1	0	1	0.00000
Phormidium phage MIS-PhV1B	1391456	S	1	0	1	0.00000
Halovirus HCTV-2	1273747	S	1	0	1	0.00000
Lake Sarah-associated circular virus-46	1685775	S	4	0	4	0.00000
Pacmanvirus A23	1932881	S	4	0	4	0.00000
Pleione virus Y	104390	S	8	0	8	0.00000
Pepper chlorotic spot orthotospovirus	2734493	S	2	0	2	0.00000
Quezon mobatvirus	2501382	S	1	0	1	0.00000
Shamonda orthobunyavirus	159150	S	1	0	1	0.00000
Narcissus common latent virus	160844	S	2	0	2	0.00000
Saccharomyces 23S RNA narnavirus	198599	S	1	0	1	0.00000
Snyder-Theilen feline sarcoma virus	11780	S	5	0	5	0.00000
Wenzhou picorna-like virus 52	1923640	S	1	0	1	0.00000
Beihai picorna-like virus 2	1922562	S	1	0	1	0.00000
Shahe picorna-like virus 11	1923441	S	1	0	1	0.00000
Hubei picorna-like virus 52	1923134	S	1	0	1	0.00000
Drosophila innubila nudivirus	2057187	S	3	0	3	0.00000
Esparto virus	2072209	S	2	0	2	0.00000
Hyposoter fugitivus ichnovirus	265522	S	3	0	3	0.00000
Cotesia congregata bracovirus	39640	S	2	0	2	0.00000
Stygiolobus rod-shaped virus	537009	S	1	0	1	0.00000
uncultured Mediterranean phage	1868660	S	2	0	2	0.00000
Sulfolobus monocaudavirus SMV3	1732177	S	2	5	7	0.00000
Tomato leaf curl Malaysia betasatellite	2049892	S	1	0	1	0.00000
