name	taxonomy_id	taxonomy_lvl	kraken_assigned_reads	added_reads	new_est_reads	fraction_total_reads
Xanthomonas euvesicatoria	456327	S	35	1420	1455	0.0224550898
Aliarcobacter cryaerophilus	28198	S	926	108	1034	0.0159577752
Klebsiella pneumoniae	573	S	286	579	865	0.0133495895
Paenibacillus larvae	1464	S	4	810	814	0.0125625039
Oscillatoria nigro-viridis	482564	S	732	69	801	0.0123618742
Phocaeicola vulgatus	821	S	573	197	770	0.0118834496
Stenotrophomonas maltophilia	40324	S	464	162	626	0.0096610902
Cutibacterium acnes	1747	S	567	51	618	0.0095376258
Candidatus Planktophila sulfonica	1884904	S	513	47	560	0.0086425088
Lacunisphaera limnophila	1838286	S	444	30	474	0.0073152664
Pseudomonas oryzihabitans	47885	S	361	44	405	0.0062503858
Lactococcus lactis	1358	S	61	323	384	0.0059262917
Streptomyces lividans	1916	S	8	375	383	0.0059108587
Duganella sp. AF9R3	2728021	S	283	62	345	0.0053244027
Bacteroides uniformis	820	S	192	136	328	0.0050620409
Polynucleobacter necessarius	576610	S	294	17	311	0.0047996790
Escherichia coli	562	S	43	262	305	0.0047070807
Acinetobacter johnsonii	40214	S	171	133	304	0.0046916476
Sphaerotilus natans	34103	S	221	69	290	0.0044755849
Acidovorax sp. T1	1858609	S	98	191	289	0.0044601519
Diaphorobacter sp. JS3051	2792224	S	15	267	282	0.0043521205
Phocaeicola dorei	357276	S	196	78	274	0.0042286561
Acidovorax sp. JS42	232721	S	14	259	273	0.0042132230
Variovorax paradoxus	34073	S	201	70	271	0.0041823569
Faecalibacterium prausnitzii	853	S	203	68	271	0.0041823569
Limnohabitans sp. 103DPR2	1678129	S	251	17	268	0.0041360578
Pseudomonas aeruginosa	287	S	60	204	264	0.0040743256
Curvibacter sp. AEP1-3	1844971	S	248	11	259	0.0039971603
Acinetobacter lwoffii	28090	S	82	175	257	0.0039662942
Delftia sp. KV29	1170710	S	4	242	246	0.0037965307
Pseudomonas sp. CMR12a	658629	S	161	83	244	0.0037656645
Acidovorax carolinensis	553814	S	139	101	240	0.0037039323
Prevotella copri	165179	S	199	34	233	0.0035959010
Acidovorax sp. KKS102	358220	S	160	64	224	0.0034570035
Pseudomonas fluorescens	294	S	147	73	220	0.0033952713
Blautia sp. SC05B48	2479767	S	137	81	218	0.0033644052
Limnohabitans sp. 63ED37-2	1678128	S	194	18	212	0.0032718069
Acinetobacter baumannii	470	S	39	169	208	0.0032100747
Polaromonas naphthalenivorans	216465	S	180	21	201	0.0031020433
Aeromonas media	651	S	134	64	198	0.0030557442
Bacteroides ovatus	28116	S	114	81	195	0.0030094450
Comamonas testosteroni	285	S	92	99	191	0.0029477128
Leptothrix cholodnii	34029	S	146	42	188	0.0029014137
Acidovorax sp. 1608163	2478662	S	153	22	175	0.0027007840
Flavobacterium johnsoniae	986	S	120	53	173	0.0026699179
Anaerostipes hadrus	649756	S	135	36	171	0.0026390518
Rhodoferax sediminis	2509614	S	151	19	170	0.0026236187
Aquaspirillum sp. LM1	1938604	S	159	11	170	0.0026236187
Rhodoferax saidenbachensis	1484693	S	147	21	168	0.0025927526
Flavobacterium sangjuense	2518177	S	157	9	166	0.0025618865
Rhizobacter gummiphilus	946333	S	136	26	162	0.0025001543
Parabacteroides distasonis	823	S	62	97	159	0.0024538552
Bacteroides xylanisolvens	371601	S	87	70	157	0.0024229891
Bacteroides thetaiotaomicron	818	S	141	15	156	0.0024075560
Anaerobutyricum hallii	39488	S	111	38	149	0.0022995247
Sphingobium sp. YG1	2082188	S	99	46	145	0.0022377925
Rhizobacter sp. AJA081-3	2753607	S	116	28	144	0.0022223594
Fluviibacter phosphoraccumulans	1751046	S	125	17	142	0.0021914933
Bacteroides fragilis	817	S	80	61	141	0.0021760603
Roseburia intestinalis	166486	S	102	38	140	0.0021606272
Diaphorobacter sp. JS3050	2735554	S	7	132	139	0.0021451941
Janthinobacterium agaricidamnosum	55508	S	93	46	139	0.0021451941
Flavobacterium sp. KBS0721	1179672	S	107	32	139	0.0021451941
Alicycliphilus denitrificans	179636	S	59	79	138	0.0021297611
Polynucleobacter duraquae	1835254	S	125	13	138	0.0021297611
Sphingomonas sp. PAMC26645	2565555	S	117	20	137	0.0021143280
Sphingomonas melonis	152682	S	40	92	132	0.0020371628
[Ruminococcus] torques	33039	S	91	41	132	0.0020371628
Hydrogenophaga sp. PBL-H3	434010	S	76	55	131	0.0020217297
Acidovorax sp. JMULE5	2518343	S	109	21	130	0.0020062967
Rhodoferax sp. AJA081-3	2752316	S	119	11	130	0.0020062967
Megamonas funiformis	437897	S	128	2	130	0.0020062967
Vitreoscilla filiformis	63	S	112	17	129	0.0019908636
Rhodococcus erythropolis	1833	S	29	98	127	0.0019599975
Flavobacterium sp. SLB02	2665645	S	104	21	125	0.0019291314
Flavobacterium nackdongense	2547394	S	118	7	125	0.0019291314
Kinneretia sp. DAIF2	2714952	S	100	23	123	0.0018982653
Flavobacterium sp. MDT1-60	1979344	S	104	18	122	0.0018828323
Limnoglobus roseus	2598579	S	115	4	119	0.0018365331
Ramlibacter tataouinensis	94132	S	104	14	118	0.0018211001
Dermacoccus nishinomiyaensis	1274	S	86	32	118	0.0018211001
Flavobacterium sp. M31R6	2739062	S	104	14	118	0.0018211001
Halomonas sp. JS92-SW72	2306583	S	93	23	116	0.0017902340
Bradyrhizobium diazoefficiens	1355477	S	45	71	116	0.0017902340
Variovorax sp. WDL1	207745	S	48	65	113	0.0017439348
Pseudomonas syringae	317	S	40	72	112	0.0017285018
Elizabethkingia bruuniana	1756149	S	32	80	112	0.0017285018
Sphingorhabdus lacus	392610	S	107	2	109	0.0016822026
Candidatus Planktophila dulcis	1884914	S	100	9	109	0.0016822026
Acidovorax sp. RAC01	1842533	S	80	27	107	0.0016513365
Staphylococcus aureus	1280	S	28	79	107	0.0016513365
Rubrivivax gelatinosus	28068	S	84	22	106	0.0016359035
Ralstonia solanacearum	305	S	55	49	104	0.0016050373
Paucibacter sp. KCTC 42545	1768242	S	87	17	104	0.0016050373
Blautia obeum	40520	S	71	32	103	0.0015896043
Human endogenous retrovirus K	45617	S	1	102	103	0.0015896043
Lysobacter enzymogenes	69	S	89	13	102	0.0015741712
Flavobacterium psychrophilum	96345	S	81	21	102	0.0015741712
Acidovorax avenae	80867	S	65	36	101	0.0015587382
Diaphorobacter aerolatus	1288495	S	52	48	100	0.0015433051
Polaromonas sp. JS666	296591	S	94	5	99	0.0015278721
Flavobacterium sp. 140616W15	2478552	S	84	15	99	0.0015278721
Opitutus sp. GAS368	1882749	S	92	5	97	0.0014970060
Rhodoferax koreense	1842727	S	66	30	96	0.0014815729
Bifidobacterium adolescentis	1680	S	87	9	96	0.0014815729
Dolichospermum flos-aquae	1166	S	6	90	96	0.0014815729
Actinoplanes derwentensis	113562	S	88	7	95	0.0014661399
Candidatus Planktophila lacus	1884913	S	90	3	93	0.0014352738
Sphingomonas koreensis	93064	S	56	36	92	0.0014198407
Rhodococcus qingshengii	334542	S	16	76	92	0.0014198407
Polaromonas sp. E5S	1840267	S	2	89	91	0.0014044077
Rhodoferax sp. BAB1	2741720	S	74	16	90	0.0013889746
Sphingomonas sp. HMP9	1517554	S	73	17	90	0.0013889746
Delftia acidovorans	80866	S	29	59	88	0.0013581085
Flavobacterium sp. Sr18	935222	S	79	9	88	0.0013581085
Rhodoferax sp. PAMC29310	2822760	S	73	14	87	0.0013426755
Simplicispira suum	2109915	S	71	16	87	0.0013426755
Bacteroides caccae	47678	S	85	2	87	0.0013426755
Flavobacterium sp. CLA17	2724135	S	74	11	85	0.0013118094
Pseudomonas veronii	76761	S	25	59	84	0.0012963763
Rhodoferax ferrireducens	192843	S	77	6	83	0.0012809433
[Ruminococcus] gnavus	33038	S	55	28	83	0.0012809433
Acidovorax ebreus	721785	S	7	75	82	0.0012655102
Massilia violaceinigra	2045208	S	61	21	82	0.0012655102
Massilia armeniaca	2072590	S	51	31	82	0.0012655102
Acidovorax antarcticus	2743470	S	60	21	81	0.0012500772
Achromobacter xylosoxidans	85698	S	43	38	81	0.0012500772
Novosphingobium sp. P6W	1609758	S	77	4	81	0.0012500772
Bifidobacterium longum	216816	S	66	15	81	0.0012500772
Collinsella aerofaciens	74426	S	72	9	81	0.0012500772
Anabaena sp. YBS01	2490939	S	3	78	81	0.0012500772
Urbifossiella limnaea	2528023	S	75	6	81	0.0012500772
Aquabacterium olei	1296669	S	62	16	78	0.0012037780
Rhodopseudomonas palustris	1076	S	65	13	78	0.0012037780
Hydrogenophaga sp. NH-16	2184519	S	29	48	77	0.0011883450
Hydrogenophaga sp. BPS33	2651974	S	54	21	75	0.0011574789
Cupriavidus basilensis	68895	S	51	24	75	0.0011574789
Pseudomonas putida	303	S	45	30	75	0.0011574789
Hydrogenophaga sp. RAC07	1842537	S	56	18	74	0.0011420458
Methylibium petroleiphilum	105560	S	38	36	74	0.0011420458
Pseudomonas stutzeri	316	S	60	14	74	0.0011420458
Arcobacter suis	1278212	S	63	11	74	0.0011420458
Flavobacterium anhuiense	459526	S	48	25	73	0.0011266128
Comamonas aquatica	225991	S	56	16	72	0.0011111797
Diaphorobacter polyhydroxybutyrativorans	1546149	S	9	62	71	0.0010957467
Massilia sp. CCM 8941	2765360	S	49	22	71	0.0010957467
Massilia sp. WG5	1707785	S	39	32	71	0.0010957467
Polynucleobacter asymbioticus	576611	S	63	8	71	0.0010957467
Moraxella osloensis	34062	S	68	3	71	0.0010957467
Coprococcus comes	410072	S	50	21	71	0.0010957467
Variovorax sp. SRS16	282217	S	14	56	70	0.0010803136
Hylemonella gracilis	80880	S	65	5	70	0.0010803136
Schlegelella thermodepolymerans	215580	S	54	15	69	0.0010648805
Roseateles depolymerans	76731	S	58	11	69	0.0010648805
Pedobacter sp. KBS0701	2578106	S	54	15	69	0.0010648805
Acidovorax monticola	1926868	S	55	13	68	0.0010494475
Bradyrhizobium erythrophlei	1437360	S	65	3	68	0.0010494475
Flavobacterium sp. BB8	2816357	S	56	12	68	0.0010494475
Hydrogenophaga pseudoflava	47421	S	31	36	67	0.0010340144
Sphingobium yanoikuyae	13690	S	26	41	67	0.0010340144
Flavobacterium crocinum	2183896	S	49	18	67	0.0010340144
Lacipirellula limnantheis	2528024	S	60	7	67	0.0010340144
Comamonas koreensis	160825	S	56	10	66	0.0010185814
Diaphorobacter sp. HDW4A	2714924	S	42	24	66	0.0010185814
Methylibium sp. Pch-M	2082386	S	31	35	66	0.0010185814
Sphingobium sp. KCTC 72723	2733867	S	62	4	66	0.0010185814
Variovorax sp. PBL-E5	434014	S	11	54	65	0.0010031483
Rhodoferax antarcticus	81479	S	60	5	65	0.0010031483
Ottowia oryzae	2109914	S	56	9	65	0.0010031483
Acinetobacter sp. NEB 394	2743575	S	23	42	65	0.0010031483
Candidatus Planktophila versatilis	1884905	S	62	3	65	0.0010031483
Frigoriglobus tundricola	2774151	S	57	8	65	0.0010031483
Acidovorax sp. HDW3	2714923	S	52	12	64	0.0009877153
Massilia sp. LPB0304	2769491	S	34	29	63	0.0009722822
Sorangium cellulosum	56	S	58	5	63	0.0009722822
Cupriavidus necator	106590	S	48	14	62	0.0009568492
Acinetobacter junii	40215	S	52	10	62	0.0009568492
Flavobacterium sp. HYN0086	2249356	S	46	15	61	0.0009414161
Bacteroides sp. A1C1	2528203	S	14	47	61	0.0009414161
Comamonas kerstersii	225992	S	49	11	60	0.0009259831
Acinetobacter sp. CS-2	2798861	S	43	17	60	0.0009259831
Aeromonas caviae	648	S	18	42	60	0.0009259831
Tabrizicola piscis	2494374	S	56	4	60	0.0009259831
Clostridium botulinum	1491	S	46	14	60	0.0009259831
Flavobacterium commune	1306519	S	54	6	60	0.0009259831
Sphingobacterium sp. UDSM-2020	2795738	S	54	6	60	0.0009259831
Methanothrix soehngenii	2223	S	60	0	60	0.0009259831
Hydrogenophaga sp. PAMC20947	2565558	S	57	2	59	0.0009105500
Ottowia sp. 27C	2816950	S	53	6	59	0.0009105500
Sphingopyxis macrogoltabida	33050	S	43	16	59	0.0009105500
Caulobacter henricii	69395	S	52	7	59	0.0009105500
Rhodoluna lacicola	529884	S	55	3	58	0.0008951170
Pedobacter roseus	336820	S	45	13	58	0.0008951170
Rhizobium leguminosarum	384	S	32	25	57	0.0008796839
Caulobacter segnis	88688	S	45	12	57	0.0008796839
Pedobacter sp. SW-16	2766984	S	46	11	57	0.0008796839
Massilia sp. YMA4	1593482	S	31	25	56	0.0008642509
Sphingopyxis sp. 113P3	292913	S	38	18	56	0.0008642509
Acinetobacter sp. TTH0-4	1646498	S	48	7	55	0.0008488178
Aliarcobacter skirrowii	28200	S	45	10	55	0.0008488178
Flavobacterium sp. I3-2	2748319	S	31	24	55	0.0008488178
Flavobacterium branchiophilum	55197	S	52	3	55	0.0008488178
Variovorax sp. HW608	1034889	S	49	5	54	0.0008333848
Hydrogenophaga crassostreae	1763535	S	53	1	54	0.0008333848
Delftia tsuruhatensis	180282	S	10	44	54	0.0008333848
Flavobacterium haoranii	683124	S	43	11	54	0.0008333848
Blattabacterium cuenoti	1653831	S	50	4	54	0.0008333848
Bacteroides cellulosilyticus	246787	S	51	3	54	0.0008333848
Variovorax sp. RKNM96	2681552	S	39	14	53	0.0008179517
Cupriavidus taiwanensis	164546	S	31	22	53	0.0008179517
Burkholderia cenocepacia	95486	S	19	34	53	0.0008179517
Sphingopyxis terrae	33052	S	43	10	53	0.0008179517
Epilithonimonas vandammei	2487072	S	29	24	53	0.0008179517
Hydrogenophaga sp. BA0156	2716225	S	36	16	52	0.0008025187
Massilia sp. NR 4-1	1678028	S	40	12	52	0.0008025187
Undibacterium sp. YM2	2058625	S	42	10	52	0.0008025187
Xylophilus rhododendri	2697032	S	41	11	52	0.0008025187
Rahnella aquatilis	34038	S	16	36	52	0.0008025187
Sphingobium hydrophobicum	1673076	S	25	27	52	0.0008025187
Brevundimonas sp. LVF2	2774190	S	48	4	52	0.0008025187
Flavobacterium faecale	1355330	S	48	4	52	0.0008025187
Variovorax sp. PAMC 28711	1795631	S	47	4	51	0.0007870856
Variovorax boronicumulans	436515	S	28	22	50	0.0007716526
Delftia lacustris	558537	S	7	43	50	0.0007716526
Pseudomonas sp. bs2935	1761895	S	1	49	50	0.0007716526
Buchnera aphidicola	9	S	51	-1	50	0.0007716526
Variovorax sp. PBL-H6	434009	S	16	33	49	0.0007562195
Candidatus Methylopumilus rimovensis	2588535	S	46	3	49	0.0007562195
Sphingopyxis sp. MG	1866325	S	11	38	49	0.0007562195
Nibricoccus aquaticus	2576891	S	48	1	49	0.0007562195
Mitsuaria sp. 7	1658665	S	40	8	48	0.0007407865
Bacteriovorax stolpii	960	S	48	0	48	0.0007407865
Undibacterium sp. KW1	2058624	S	38	9	47	0.0007253534
Burkholderia pseudomallei	28450	S	16	31	47	0.0007253534
Inhella inkyongensis	392593	S	41	6	47	0.0007253534
Brevundimonas mediterranea	74329	S	38	9	47	0.0007253534
Massilia oculi	945844	S	37	9	46	0.0007099204
Janthinobacterium svalbardensis	368607	S	30	16	46	0.0007099204
Bradyrhizobium sp.	376	S	15	31	46	0.0007099204
Bosea sp. RAC05	1842539	S	39	7	46	0.0007099204
Microcystis aeruginosa	1126	S	40	6	46	0.0007099204
Mucilaginibacter ginsenosidivorax	862126	S	46	0	46	0.0007099204
Roseimicrobium sp. ORNL1	2711231	S	46	0	46	0.0007099204
Hydrogenophaga sp. YM1	2806262	S	33	12	45	0.0006944873
Dechloromonas aromatica	259537	S	39	6	45	0.0006944873
Acinetobacter indicus	756892	S	35	10	45	0.0006944873
Methylorubrum populi	223967	S	31	14	45	0.0006944873
Flavobacterium columnare	996	S	38	7	45	0.0006944873
Hydrogenophaga sp. PBC	795665	S	30	14	44	0.0006790543
Melaminivora sp. SC2-9	2109913	S	31	13	44	0.0006790543
Massilia albidiflava	321983	S	30	14	44	0.0006790543
Streptococcus thermophilus	1308	S	40	4	44	0.0006790543
Polaromonas vacuolata	37448	S	37	6	43	0.0006636212
Pulveribacter suum	2116657	S	35	8	43	0.0006636212
Janthinobacterium sp. LM6	1938606	S	27	16	43	0.0006636212
Janthinobacterium sp. PLB02	2808899	S	14	29	43	0.0006636212
Novosphingobium sp. ES2-1	2780074	S	30	13	43	0.0006636212
Muricauda sp. 501str8	2698672	S	27	16	43	0.0006636212
Mucilaginibacter rubeus	2027860	S	13	30	43	0.0006636212
Duganella sp. GN2-R2	2728020	S	30	12	42	0.0006481882
Vibrio anguillarum	55601	S	39	3	42	0.0006481882
Flavobacterium sp. LPB0248	2614441	S	25	17	42	0.0006481882
Flavobacterium gilvum	1492737	S	38	4	42	0.0006481882
Aquirufa nivalisilvae	2516557	S	35	7	42	0.0006481882
Verrucomicrobium spinosum	2736	S	40	2	42	0.0006481882
Massilia putida	1141883	S	29	12	41	0.0006327551
Janthinobacterium lividum	29581	S	17	24	41	0.0006327551
Methylotenera versatilis	1055487	S	39	2	41	0.0006327551
Citrobacter freundii	546	S	12	29	41	0.0006327551
Sphingomonas sp. AAP5	1523415	S	34	7	41	0.0006327551
Sphingomonas sp. FARSPH	2219696	S	27	14	41	0.0006327551
Caulobacter mirabilis	69666	S	37	4	41	0.0006327551
Caulobacter soli	2708539	S	32	9	41	0.0006327551
Ruminococcus bicirculans	1160721	S	39	2	41	0.0006327551
Diaphorobacter sp. HDW4B	2714925	S	38	2	40	0.0006173221
Salmonella enterica	28901	S	11	29	40	0.0006173221
Novosphingobium resinovorum	158500	S	24	16	40	0.0006173221
Caulobacter vibrioides	155892	S	31	9	40	0.0006173221
Kocuria rhizophila	72000	S	29	11	40	0.0006173221
Rhodoplanes sp. Z2-YC6860	674703	S	36	3	39	0.0006018890
Microbacterium foliorum	104336	S	32	7	39	0.0006018890
Paramecium bursaria Chlorella virus A1	381899	S	39	0	39	0.0006018890
Comamonas serinivorans	1082851	S	34	4	38	0.0005864560
Klebsiella grimontii	2058152	S	12	26	38	0.0005864560
Coprococcus catus	116085	S	29	9	38	0.0005864560
Faecalibacillus intestinalis	1982626	S	11	27	38	0.0005864560
Flavobacterium indicum	312277	S	36	2	38	0.0005864560
Flavobacterium nitrogenifigens	1617283	S	23	15	38	0.0005864560
Variovorax sp. PBS-H4	434008	S	26	11	37	0.0005710229
Variovorax sp. 38R	2774875	S	18	19	37	0.0005710229
Massilia lutea	321985	S	28	9	37	0.0005710229
Gemmobacter sp. HYN0069	2169400	S	33	4	37	0.0005710229
Brevundimonas sp. 'scallop'	2562582	S	17	20	37	0.0005710229
Flavobacterium kingsejongi	1678728	S	34	3	37	0.0005710229
Phocaeicola coprophilus	387090	S	30	7	37	0.0005710229
Variovorax sp. PAMC28562	2762323	S	35	1	36	0.0005555899
Serpentinomonas mccroryi	1458426	S	30	6	36	0.0005555899
Collimonas arenae	279058	S	32	4	36	0.0005555899
Thiomonas intermedia	926	S	19	17	36	0.0005555899
Azospira restricta	404405	S	27	9	36	0.0005555899
Pseudomonas chlororaphis	587753	S	22	14	36	0.0005555899
Methylovulum psychrotolerans	1704499	S	36	0	36	0.0005555899
Novosphingobium pentaromativorans	205844	S	14	22	36	0.0005555899
Sphingopyxis fribergensis	1515612	S	29	7	36	0.0005555899
Brevundimonas vesicularis	41276	S	11	25	36	0.0005555899
Aliarcobacter butzleri	28197	S	32	4	36	0.0005555899
Arcobacter venerupis	1054033	S	32	4	36	0.0005555899
Micrococcus luteus	1270	S	12	24	36	0.0005555899
Spirosoma pollinicola	2057025	S	36	0	36	0.0005555899
Comamonas sp. NLF-7-7	2597701	S	27	8	35	0.0005401568
Paraburkholderia sp. SOS3	1926494	S	33	2	35	0.0005401568
Thauera sp. K11	2005884	S	25	10	35	0.0005401568
Flavobacterium crassostreae	1763534	S	30	5	35	0.0005401568
Janthinobacterium sp. HH102	1537274	S	11	23	34	0.0005247237
Janthinobacterium tructae	2590869	S	22	12	34	0.0005247237
Dechloromonas sp. HYN0024	2231055	S	30	4	34	0.0005247237
Pyruvatibacter mobilis	1712261	S	31	3	34	0.0005247237
Porphyrobacter sp. YT40	2547601	S	17	17	34	0.0005247237
Brevundimonas sp. SGAir0440	2579977	S	25	9	34	0.0005247237
Caulobacter flavus	1679497	S	29	5	34	0.0005247237
Microbacterium hominis	162426	S	27	7	34	0.0005247237
Aurantimicrobium sp. MWH-Mo1	1987356	S	32	2	34	0.0005247237
Longibaculum sp. KGMB06250	2584943	S	10	24	34	0.0005247237
Luteolibacter luteus	2728835	S	34	0	34	0.0005247237
Ottowia sp. oral taxon 894	1658672	S	31	2	33	0.0005092907
Achromobacter denitrificans	32002	S	21	12	33	0.0005092907
Dechloromonas sp. TW-R-39-2	2654218	S	30	3	33	0.0005092907
Sulfuritalea hydrogenivorans	748811	S	30	3	33	0.0005092907
Pseudomonas tolaasii	29442	S	27	6	33	0.0005092907
Acinetobacter sp. WCHA45	2004644	S	16	17	33	0.0005092907
Erwinia billingiae	182337	S	13	20	33	0.0005092907
Stenotrophomonas sp. CW117	2775920	S	4	29	33	0.0005092907
Aeromonas salmonicida	645	S	18	15	33	0.0005092907
Cellvibrio sp. KY-YJ-3	454662	S	28	5	33	0.0005092907
Bradyrhizobium lablabi	722472	S	12	21	33	0.0005092907
Novosphingobium aromaticivorans	48935	S	24	9	33	0.0005092907
Rathayibacter festucae	110937	S	24	9	33	0.0005092907
Jeotgalibaca porci	1868793	S	30	3	33	0.0005092907
Chryseobacterium indoltheticum	254	S	29	4	33	0.0005092907
Pedobacter sp. HDW13	2714940	S	29	4	33	0.0005092907
Comamonas thiooxydans	363952	S	16	16	32	0.0004938576
Diaphorobacter ruginosibacter	1715720	S	29	3	32	0.0004938576
Herbaspirillum seropedicae	964	S	21	11	32	0.0004938576
Polynucleobacter wuianus	1743168	S	27	5	32	0.0004938576
Azoarcus communis	41977	S	26	6	32	0.0004938576
Acinetobacter schindleri	108981	S	23	9	32	0.0004938576
Rhizobium sp. S41	1869170	S	2	30	32	0.0004938576
Methylobacterium sp. WL1	2603276	S	29	3	32	0.0004938576
Methylorubrum extorquens	408	S	10	22	32	0.0004938576
Sphingomonas wittichii	160791	S	21	11	32	0.0004938576
Paracoccus yeei	147645	S	10	22	32	0.0004938576
Brevundimonas sp. Bb-A	2560058	S	13	19	32	0.0004938576
Microbacterium sp. PM5	2014534	S	28	4	32	0.0004938576
Clavibacter michiganensis	28447	S	25	7	32	0.0004938576
Nostoc carneum	374162	S	7	25	32	0.0004938576
Anabaena sp. WA102	1647413	S	8	24	32	0.0004938576
Variovorax sp. RA8	662548	S	17	14	31	0.0004784246
Serpentinomonas raichei	1458425	S	26	5	31	0.0004784246
Janthinobacterium sp. 1_2014MBL_MicDiv	1644131	S	23	8	31	0.0004784246
Cupriavidus metallidurans	119219	S	18	13	31	0.0004784246
Thauera sp. MZ1T	85643	S	17	14	31	0.0004784246
Pseudomonas psychrotolerans	237610	S	28	3	31	0.0004784246
Acinetobacter sp. NEB149	2725684	S	8	23	31	0.0004784246
Acinetobacter pittii	48296	S	11	20	31	0.0004784246
Novosphingobium sp. THN1	1016987	S	25	6	31	0.0004784246
Novosphingobium ginsenosidimutans	1176536	S	30	1	31	0.0004784246
Skermanella sp. TT6	2775420	S	15	16	31	0.0004784246
Pseudoarcobacter acticola	1849015	S	30	1	31	0.0004784246
Chryseobacterium balustinum	246	S	24	7	31	0.0004784246
Acidovorax citrulli	80869	S	15	15	30	0.0004629915
Comamonas piscis	1562974	S	27	3	30	0.0004629915
Massilia umbonata	864828	S	21	9	30	0.0004629915
Ralstonia pickettii	329	S	19	11	30	0.0004629915
Pseudomonas palleroniana	191390	S	28	2	30	0.0004629915
Pseudomonas lurida	244566	S	26	4	30	0.0004629915
Novosphingobium sp. KA1	164608	S	7	23	30	0.0004629915
Aliarcobacter cibarius	255507	S	27	3	30	0.0004629915
Minicystis rosea	888845	S	29	1	30	0.0004629915
Bifidobacterium catenulatum	1686	S	23	7	30	0.0004629915
Bacillus cereus	1396	S	17	13	30	0.0004629915
Bacillus subtilis	1423	S	5	25	30	0.0004629915
Bacteroides eggerthii	28111	S	26	4	30	0.0004629915
Gemmata obscuriglobus	114	S	28	2	30	0.0004629915
Acidovorax cattleyae	80868	S	17	12	29	0.0004475585
Collimonas pratensis	279113	S	24	5	29	0.0004475585
Bordetella bronchiseptica	518	S	6	23	29	0.0004475585
Pseudomonas protegens	380021	S	26	3	29	0.0004475585
Thermomonas carbonis	1463158	S	27	2	29	0.0004475585
Afipia sp. GAS231	1882747	S	17	12	29	0.0004475585
Rhizobium pusense	648995	S	5	24	29	0.0004475585
Sinorhizobium fredii	380	S	14	15	29	0.0004475585
Sphingomonas alpina	653931	S	29	0	29	0.0004475585
Porphyrobacter sp. LM 6	1896196	S	20	9	29	0.0004475585
Rhodobacter blasticus	1075	S	28	1	29	0.0004475585
Cnuibacter physcomitrellae	1619308	S	6	23	29	0.0004475585
Polaribacter sp. BM10	1529069	S	12	17	29	0.0004475585
Candidatus Cloacimonas acidaminovorans	456827	S	29	0	29	0.0004475585
Verminephrobacter eiseniae	364317	S	27	1	28	0.0004321254
Massilia plicata	321984	S	22	6	28	0.0004321254
Polynucleobacter difficilis	556054	S	27	1	28	0.0004321254
Laribacter hongkongensis	168471	S	23	5	28	0.0004321254
Candidatus Methylopumilus universalis	2588536	S	23	5	28	0.0004321254
Nitrosomonas sp. Is79A3	261292	S	28	0	28	0.0004321254
Stenotrophomonas rhizophila	216778	S	27	1	28	0.0004321254
Bradyrhizobium ottawaense	931866	S	3	25	28	0.0004321254
Sphingobium sp. CAP-1	2676077	S	15	13	28	0.0004321254
Microbacterium sp. SGAir0570	2070348	S	3	25	28	0.0004321254
Enterococcus gilvus	160453	S	27	1	28	0.0004321254
Flavobacterium sp. CJ74	2294119	S	27	1	28	0.0004321254
Pedobacter sp. G11	2482728	S	25	3	28	0.0004321254
Sphingobacterium multivorum	28454	S	11	17	28	0.0004321254
Haliscomenobacter hydrossis	2350	S	28	0	28	0.0004321254
Lacipirellula parvula	2650471	S	27	1	28	0.0004321254
Janthinobacterium sp. Marseille	375286	S	21	6	27	0.0004166924
Herbaspirillum rubrisubalbicans	80842	S	18	9	27	0.0004166924
Burkholderia gladioli	28095	S	19	8	27	0.0004166924
Methylotenera mobilis	359408	S	26	1	27	0.0004166924
Pseudomonas azotoformans	47878	S	20	7	27	0.0004166924
Serratia marcescens	615	S	10	17	27	0.0004166924
Pasteurella multocida	747	S	10	17	27	0.0004166924
Tardiphaga sp. vice304	2592817	S	1	26	27	0.0004166924
Caulobacter sp. K31	366602	S	23	4	27	0.0004166924
Caulobacter rhizosphaerae	2010972	S	22	5	27	0.0004166924
[Arcobacter] porcinus	1935204	S	22	5	27	0.0004166924
Rathayibacter sp. VKM Ac-2759	2609252	S	23	4	27	0.0004166924
Plantibacter sp. PA-3-X8	2480625	S	18	9	27	0.0004166924
Rhodococcus sp. NJ-530	2490853	S	4	23	27	0.0004166924
Propionibacterium sp. oral taxon 193	671223	S	21	6	27	0.0004166924
Prochlorococcus marinus	1219	S	22	5	27	0.0004166924
Cloacibacterium normanense	237258	S	25	2	27	0.0004166924
Variovorax sp. PAMC26660	2762322	S	22	4	26	0.0004012593
Cupriavidus gilardii	82541	S	5	21	26	0.0004012593
Pseudomonas sp. URMO17WK12:I11	1283291	S	15	11	26	0.0004012593
Acinetobacter towneri	202956	S	11	15	26	0.0004012593
Yersinia intermedia	631	S	8	18	26	0.0004012593
Tolumonas auensis	43948	S	24	2	26	0.0004012593
Sphingomonas paucimobilis	13689	S	20	6	26	0.0004012593
Blastomonas sp. RAC04	1842535	S	15	11	26	0.0004012593
Brevundimonas sp. GRTSA-9	2800818	S	25	1	26	0.0004012593
Brevundimonas sp. M20	2591463	S	24	2	26	0.0004012593
Roseomonas sp. 546	2768162	S	25	1	26	0.0004012593
Candidatus Planktophila vernalis	1884907	S	26	0	26	0.0004012593
Enterocloster clostridioformis	1531	S	8	18	26	0.0004012593
Clostridium beijerinckii	1520	S	12	14	26	0.0004012593
Flavobacterium sediminis	2201181	S	16	10	26	0.0004012593
Petrimonas mucosa	1642646	S	26	0	26	0.0004012593
Herbaspirillum hiltneri	341045	S	22	3	25	0.0003858263
Cupriavidus campinensis	151783	S	18	7	25	0.0003858263
Burkholderia ubonensis	101571	S	8	17	25	0.0003858263
Ralstonia mannitolilytica	105219	S	14	11	25	0.0003858263
Caballeronia sp. SBC1	2705548	S	4	21	25	0.0003858263
Acinetobacter haemolyticus	29430	S	19	6	25	0.0003858263
Aeromonas veronii	654	S	20	5	25	0.0003858263
Bradyrhizobium japonicum	375	S	14	11	25	0.0003858263
Bosea sp. F3-2	2599640	S	21	4	25	0.0003858263
Sphingomonas hengshuiensis	1609977	S	25	0	25	0.0003858263
Novosphingobium sp. PP1Y	702113	S	15	10	25	0.0003858263
Cereibacter sphaeroides	1063	S	23	2	25	0.0003858263
Brevundimonas sp. DS20	1532555	S	10	15	25	0.0003858263
Rhodoluna limnophila	232537	S	24	1	25	0.0003858263
Rhodococcus aetherivorans	191292	S	2	23	25	0.0003858263
Streptomyces sp. LBUM 1475	2609807	S	1	24	25	0.0003858263
Loigolactobacillus coryniformis	1610	S	18	7	25	0.0003858263
Planktothrix rubescens	59512	S	19	6	25	0.0003858263
Chryseobacterium shandongense	1493872	S	18	7	25	0.0003858263
Olivibacter sp. LS-1	2592345	S	3	22	25	0.0003858263
Massilia flava	871742	S	20	4	24	0.0003703932
Undibacterium parvum	401471	S	21	3	24	0.0003703932
Collimonas fungivorans	158899	S	20	4	24	0.0003703932
Candidatus Methylopumilus turicensis	1581680	S	23	1	24	0.0003703932
Casimicrobium huifangae	2591109	S	20	4	24	0.0003703932
Escherichia marmotae	1499973	S	19	5	24	0.0003703932
Sphingomonas sp. HMP6	1517551	S	22	2	24	0.0003703932
Sphingomonas sp. CL5.1	2653203	S	20	4	24	0.0003703932
Sphingomonas sp. NBWT7	2596913	S	20	4	24	0.0003703932
Sphingobium sp. TKS	1315974	S	9	15	24	0.0003703932
Novosphingobium sp. ABRDHK2	2571749	S	17	7	24	0.0003703932
Rhizorhabdus dicambivorans	1850238	S	10	14	24	0.0003703932
Croceicoccus marinus	450378	S	15	9	24	0.0003703932
Labilithrix luteola	1391654	S	24	0	24	0.0003703932
Corynebacterium tuberculostearicum	38304	S	14	10	24	0.0003703932
Staphylococcus epidermidis	1282	S	19	5	24	0.0003703932
Planktothrix agardhii	1160	S	15	9	24	0.0003703932
Bacteroides intestinalis	329854	S	24	0	24	0.0003703932
Noviherbaspirillum sp. UKPF54	2601898	S	21	2	23	0.0003549602
Burkholderia multivorans	87883	S	11	12	23	0.0003549602
Achromobacter spanius	217203	S	19	4	23	0.0003549602
Pigmentiphaga sp. H8	2488560	S	22	1	23	0.0003549602
Azoarcus olearius	418699	S	15	8	23	0.0003549602
Pseudomonas brassicacearum	930166	S	8	15	23	0.0003549602
Proteus mirabilis	584	S	18	5	23	0.0003549602
Rheinheimera sp. LHK132	2498451	S	23	0	23	0.0003549602
Bradyrhizobium paxllaeri	190148	S	20	3	23	0.0003549602
Methylobacterium sp. XJLW	739141	S	2	21	23	0.0003549602
Devosia sp. S02	2657486	S	21	2	23	0.0003549602
Sphingobium sp. RAC03	1843368	S	20	3	23	0.0003549602
Sphingobium cloacae	120107	S	7	16	23	0.0003549602
Sphingopyxis sp. EG6	1874061	S	18	5	23	0.0003549602
Sphingopyxis lindanitolerans	2054227	S	18	5	23	0.0003549602
Brevundimonas naejangsanensis	588932	S	19	4	23	0.0003549602
Brevundimonas diminuta	293	S	8	15	23	0.0003549602
Archangium violaceum	83451	S	16	7	23	0.0003549602
Curtobacterium flaccumfaciens	2035	S	19	4	23	0.0003549602
Humibacter sp. BT305	2282656	S	4	19	23	0.0003549602
Brevibacterium sp. JNUCC-42	2777985	S	2	21	23	0.0003549602
Actinomarinicola tropica	2789776	S	22	1	23	0.0003549602
Staphylococcus capitis	29388	S	20	3	23	0.0003549602
Streptococcus agalactiae	1311	S	4	19	23	0.0003549602
Cyanobacterium aponinum	379064	S	20	3	23	0.0003549602
Anabaenopsis circularis	109266	S	12	11	23	0.0003549602
Flavobacterium album	2175091	S	22	1	23	0.0003549602
Bacteroides sp. HF-162	2785531	S	5	18	23	0.0003549602
Alistipes onderdonkii	328813	S	20	3	23	0.0003549602
Flavobacterium phage vB_FspS_snork6-1	2686270	S	4	19	23	0.0003549602
uncultured crAssphage	1211417	S	23	0	23	0.0003549602
Herbaspirillum sp. meg3	2025949	S	20	2	22	0.0003395271
Cupriavidus pauculus	82633	S	17	5	22	0.0003395271
Thiomonas sp. X19	1050370	S	20	2	22	0.0003395271
Candidatus Methylopumilus planktonicus	1581557	S	18	4	22	0.0003395271
Pseudomonas sp. Lz4W	1206777	S	7	15	22	0.0003395271
Acinetobacter sp. MYb10	1827285	S	18	4	22	0.0003395271
Acinetobacter sp. YH12138	2601122	S	17	5	22	0.0003395271
Serratia fonticola	47917	S	17	5	22	0.0003395271
Cellvibrio sp. KY-GH-1	2303332	S	20	2	22	0.0003395271
Bradyrhizobium sp. CCBAU 051011	858422	S	20	2	22	0.0003395271
Bradyrhizobium symbiodeficiens	1404367	S	17	5	22	0.0003395271
Sinorhizobium meliloti	382	S	13	9	22	0.0003395271
Sphingomonas sp. LK11	1390395	S	19	3	22	0.0003395271
Sphingomonas panacis	1560345	S	22	0	22	0.0003395271
Sphingomonas taxi	1549858	S	21	1	22	0.0003395271
Caulobacter sp. FWC26	69665	S	16	6	22	0.0003395271
Stella humosa	94	S	21	1	22	0.0003395271
Sandaracinus amylolyticus	927083	S	22	0	22	0.0003395271
Bdellovibrio bacteriovorus	959	S	18	4	22	0.0003395271
Rhodococcus biphenylivorans	1500843	S	3	19	22	0.0003395271
Blautia producta	33035	S	10	12	22	0.0003395271
Clostridium perfringens	1502	S	21	1	22	0.0003395271
Lactococcus cremoris	1359	S	19	3	22	0.0003395271
Meiothermus silvanus	52022	S	21	1	22	0.0003395271
Lacibacter sp. S13-6-6	2760713	S	21	1	22	0.0003395271
Aquisphaera giovannonii	406548	S	18	4	22	0.0003395271
Herbaspirillum robiniae	2014887	S	16	5	21	0.0003240941
Polynucleobacter paneuropaeus	2527775	S	20	1	21	0.0003240941
Burkholderia vietnamiensis	60552	S	5	16	21	0.0003240941
Bordetella avium	521	S	12	9	21	0.0003240941
Azospira sp. I09	1765049	S	7	14	21	0.0003240941
Pseudomonas fragi	296	S	12	9	21	0.0003240941
Acinetobacter calcoaceticus	471	S	19	2	21	0.0003240941
Thermomonas sp. XSG	2771436	S	16	5	21	0.0003240941
Solimonas sp. K1W22B-7	2303331	S	21	0	21	0.0003240941
Bradyrhizobium icense	1274631	S	19	2	21	0.0003240941
Hyphomicrobium denitrificans	53399	S	19	2	21	0.0003240941
Pseudolabrys taiwanensis	331696	S	18	3	21	0.0003240941
Sphingomonas sp. LM7	1938607	S	20	1	21	0.0003240941
Sphingomonas sp. MM-1	745310	S	9	12	21	0.0003240941
Erythrobacter neustonensis	1112	S	19	2	21	0.0003240941
Brevundimonas sp. MF30-B	2561924	S	20	1	21	0.0003240941
Brevundimonas vancanneytii	1325724	S	5	16	21	0.0003240941
Azospirillum brasilense	192	S	13	8	21	0.0003240941
Aliarcobacter faecis	1564138	S	20	1	21	0.0003240941
Microbacterium oxydans	82380	S	15	6	21	0.0003240941
Rhodococcus sp. 008	1723645	S	3	18	21	0.0003240941
Streptomyces sp. LBUM 1482	2609809	S	1	20	21	0.0003240941
Streptomyces venezuelae	54571	S	18	3	21	0.0003240941
Schaalia sp. JY-X169	2758572	S	21	0	21	0.0003240941
Streptococcus salivarius	1304	S	14	7	21	0.0003240941
Chondrocystis sp. NIES-4102	2005460	S	16	5	21	0.0003240941
Nostoc sp. C057	2576903	S	4	17	21	0.0003240941
Mucilaginibacter paludis	423351	S	21	0	21	0.0003240941
Planctomyces sp. SH-PL62	1636152	S	14	7	21	0.0003240941
Singulisphaera acidiphila	466153	S	15	6	21	0.0003240941
Humisphaera borealis	2807512	S	21	0	21	0.0003240941
Ereboglobus luteus	1796921	S	20	1	21	0.0003240941
Luteitalea pratensis	1855912	S	21	0	21	0.0003240941
Herbaspirillum frisingense	92645	S	14	6	20	0.0003086610
Burkholderia cepacia	292	S	11	9	20	0.0003086610
Paraburkholderia aromaticivorans	2026199	S	14	6	20	0.0003086610
Paraburkholderia phytofirmans	261302	S	14	6	20	0.0003086610
Paraburkholderia caribensis	75105	S	13	7	20	0.0003086610
Oryzomicrobium terrae	1735038	S	18	2	20	0.0003086610
Acinetobacter lanii	2715163	S	20	0	20	0.0003086610
Acinetobacter guillouiae	106649	S	17	3	20	0.0003086610
Acinetobacter wuhouensis	1879050	S	16	4	20	0.0003086610
Psychrobacter sp. P11F6	1699621	S	19	1	20	0.0003086610
Stenotrophomonas acidaminiphila	128780	S	12	8	20	0.0003086610
Candidatus Rickettsiella viridis	676208	S	19	1	20	0.0003086610
Bradyrhizobium guangzhouense	1325095	S	12	8	20	0.0003086610
Agrobacterium tumefaciens	358	S	11	9	20	0.0003086610
Aquabacter sp. L1I39	2820278	S	18	2	20	0.0003086610
Methylocystis rosea	173366	S	18	2	20	0.0003086610
Ochrobactrum sp. MT180101	2726427	S	4	16	20	0.0003086610
Sphingomonas panacisoli	1813879	S	20	0	20	0.0003086610
Sphingomonas sanxanigenens	397260	S	13	7	20	0.0003086610
Sphingobium baderi	1332080	S	7	13	20	0.0003086610
Epibacterium mobile	379347	S	14	6	20	0.0003086610
Haematobacter massiliensis	195105	S	11	9	20	0.0003086610
Brevundimonas sp. LM2	1938605	S	19	1	20	0.0003086610
Azospirillum thermophilum	2202148	S	18	2	20	0.0003086610
Rhodococcus fascians	1828	S	17	3	20	0.0003086610
Cutibacterium granulosum	33011	S	18	2	20	0.0003086610
Propioniciclava sp. HDW11	2714937	S	14	6	20	0.0003086610
Nocardioides sp. JS614	196162	S	17	3	20	0.0003086610
Oscillibacter sp. PEA192	2109687	S	5	15	20	0.0003086610
Clostridioides difficile	1496	S	17	3	20	0.0003086610
Carnobacterium maltaromaticum	2751	S	20	0	20	0.0003086610
Faecalitalea cylindroides	39483	S	13	7	20	0.0003086610
Flavobacterium pallidum	2172098	S	19	1	20	0.0003086610
Bacteroides sp. HF-5287	2650157	S	17	3	20	0.0003086610
Spirosoma sp. KUDC1026	2745947	S	19	1	20	0.0003086610
Methanosarcina barkeri	2208	S	18	2	20	0.0003086610
Delftia sp. Cs1-4	742013	S	5	14	19	0.0002932280
Herbaspirillum huttiense	863372	S	12	7	19	0.0002932280
Ralstonia insidiosa	190721	S	15	4	19	0.0002932280
Azoarcus sp. DN11	356837	S	13	6	19	0.0002932280
Azoarcus sp. DD4	2027405	S	11	8	19	0.0002932280
Thauera chlorobenzoica	96773	S	11	8	19	0.0002932280
Aromatoleum petrolei	76116	S	13	6	19	0.0002932280
Methyloversatilis sp. RAC08	1842540	S	18	1	19	0.0002932280
Acinetobacter sp. WCHAc010034	1879049	S	16	3	19	0.0002932280
Acinetobacter sp. ACNIH2	1758189	S	15	4	19	0.0002932280
Pantoea agglomerans	549	S	17	2	19	0.0002932280
Proteus vulgaris	585	S	10	9	19	0.0002932280
Shewanella baltica	62322	S	7	12	19	0.0002932280
Aeromonas sp. ASNIH2	1636607	S	4	15	19	0.0002932280
Bradyrhizobium arachidis	858423	S	15	4	19	0.0002932280
Tardiphaga robiniae	943830	S	18	1	19	0.0002932280
Aminobacter sp. MSH1	374606	S	7	12	19	0.0002932280
Methylobacterium brachiatum	269660	S	15	4	19	0.0002932280
Aureimonas sp. OT7	2816454	S	8	11	19	0.0002932280
Sphingomonas sp. IC081	304378	S	4	15	19	0.0002932280
Paracoccus sp. Arc7-R13	2500532	S	16	3	19	0.0002932280
Sulfitobacter pseudonitzschiae	1402135	S	14	5	19	0.0002932280
Brevundimonas sp. AJA228-03	2752515	S	18	1	19	0.0002932280
Arcobacter defluvii	873191	S	16	3	19	0.0002932280
Curtobacterium sp. 24E2	2804758	S	16	3	19	0.0002932280
Brevibacterium sp. PAMC23299	2762330	S	2	17	19	0.0002932280
Mycolicibacterium sediminis	1286180	S	17	2	19	0.0002932280
Corynebacterium casei	160386	S	7	12	19	0.0002932280
Nocardioides sp. S-1144	2582905	S	15	4	19	0.0002932280
Actinoplanes teichomyceticus	1867	S	16	3	19	0.0002932280
[Clostridium] scindens	29347	S	17	2	19	0.0002932280
Calothrix sp. NIES-2100	1954172	S	8	11	19	0.0002932280
Runella slithyformis	106	S	17	2	19	0.0002932280
Gemmatimonas phototrophica	1379270	S	19	0	19	0.0002932280
Gemmata sp. SH-PL17	1630693	S	14	5	19	0.0002932280
Pirellula sp. SH-Sr6A	1632865	S	19	0	19	0.0002932280
Akkermansia muciniphila	239935	S	19	0	19	0.0002932280
Herminiimonas arsenitoxidans	1809410	S	14	4	18	0.0002777949
Cupriavidus malaysiensis	367825	S	2	16	18	0.0002777949
Pigmentiphaga aceris	1940612	S	18	0	18	0.0002777949
Castellaniella defragrans	75697	S	14	4	18	0.0002777949
Chitinolyticbacter meiyuanensis	682798	S	17	1	18	0.0002777949
Pseudomonas cichorii	36746	S	18	0	18	0.0002777949
Xanthomonas hortorum	56454	S	18	0	18	0.0002777949
Arenimonas daejeonensis	370777	S	18	0	18	0.0002777949
Bosea sp. ANAM02	2020412	S	15	3	18	0.0002777949
Mesorhizobium sp. N3	675281	S	15	3	18	0.0002777949
Microvirga ossetica	1882682	S	16	2	18	0.0002777949
Pannonibacter phragmitetus	121719	S	8	10	18	0.0002777949
Sphingomonas sp. DH-S5	2759526	S	17	1	18	0.0002777949
Novosphingobium sp. Gsoil 351	2675225	S	18	0	18	0.0002777949
Sphingopyxis granuli	267128	S	4	14	18	0.0002777949
Porphyrobacter sp. CACIAM 03H1	2003315	S	14	4	18	0.0002777949
Porphyrobacter sp. HT-58-2	2023229	S	14	4	18	0.0002777949
Brevundimonas sp. CS1	2813778	S	12	6	18	0.0002777949
Komagataeibacter xylinus	28448	S	7	11	18	0.0002777949
Microbacterium lemovicicum	1072463	S	16	2	18	0.0002777949
Plantibacter sp. M259	2583822	S	12	6	18	0.0002777949
Candidatus Planktophila limnetica	573600	S	18	0	18	0.0002777949
Candidatus Nanopelagicus limnes	1884634	S	18	0	18	0.0002777949
Ilumatobacter coccineus	467094	S	18	0	18	0.0002777949
Lachnospira eligens	39485	S	17	1	18	0.0002777949
[Phormidium] sp. ETS-05	222819	S	17	1	18	0.0002777949
Flavobacterium sp. xlx-214	2654325	S	17	1	18	0.0002777949
Zunongwangia profunda	398743	S	9	9	18	0.0002777949
Chryseobacterium sp. 3008163	2478663	S	16	2	18	0.0002777949
Chryseobacterium sp. NEB161	2724619	S	12	6	18	0.0002777949
Bacteroides caecimuris	1796613	S	14	4	18	0.0002777949
Alistipes finegoldii	214856	S	15	3	18	0.0002777949
Pedobacter sp. CJ43	2605747	S	18	0	18	0.0002777949
Mucilaginibacter gotjawali	1550579	S	18	0	18	0.0002777949
Gemmatimonas sp. TET16	2732249	S	18	0	18	0.0002777949
Planctomyces sp. SH-PL14	1632864	S	18	0	18	0.0002777949
Candidatus Saccharimonas aalborgensis	1332188	S	15	3	18	0.0002777949
Cupriavidus pinatubonensis	248026	S	12	5	17	0.0002623619
Cupriavidus sp. ISTL7	2771360	S	2	15	17	0.0002623619
Paraburkholderia acidisoli	2571748	S	15	2	17	0.0002623619
Denitratisoma sp. DHT3	1981880	S	10	7	17	0.0002623619
Sterolibacterium denitrificans	157592	S	15	2	17	0.0002623619
Candidatus Accumulibacter phosphatis	327160	S	17	0	17	0.0002623619
Pseudomonas viridiflava	33069	S	17	0	17	0.0002623619
Pseudomonas lundensis	86185	S	17	0	17	0.0002623619
Enterobacter roggenkampii	1812935	S	8	9	17	0.0002623619
Yersinia massiliensis	419257	S	7	10	17	0.0002623619
Providencia rettgeri	587	S	5	12	17	0.0002623619
Halomonas hydrothermalis	115561	S	10	7	17	0.0002623619
Vibrio neocaledonicus	1208308	S	5	12	17	0.0002623619
Bradyrhizobium sp. CCBAU 51753	1325100	S	15	2	17	0.0002623619
Bradyrhizobium guangxiense	1325115	S	10	7	17	0.0002623619
Bosea vaviloviae	1526658	S	15	2	17	0.0002623619
Georhizobium profundi	2341112	S	13	4	17	0.0002623619
Parvibaculum lavamentivorans	256618	S	12	5	17	0.0002623619
Sphingomonas sp. XS-10	2599297	S	17	0	17	0.0002623619
Sphingomonas sp. C33	2698679	S	16	1	17	0.0002623619
Tsuneonella mangrovi	1982042	S	16	1	17	0.0002623619
Defluviimonas alba	1335048	S	12	5	17	0.0002623619
Magnetospirillum gryphiswaldense	55518	S	16	1	17	0.0002623619
Haliangium ochraceum	80816	S	17	0	17	0.0002623619
Leifsonia xyli	1575	S	16	1	17	0.0002623619
Glutamicibacter nicotianae	37929	S	6	11	17	0.0002623619
Nocardioides sp. S5	2017486	S	12	5	17	0.0002623619
Flavonifractor plautii	292800	S	17	0	17	0.0002623619
Bacillus velezensis	492670	S	4	13	17	0.0002623619
Calothrix parietina	32054	S	16	1	17	0.0002623619
Flavobacterium sp. P2-65	2748320	S	16	1	17	0.0002623619
Fluviicola taffensis	191579	S	17	0	17	0.0002623619
Mucilaginibacter xinganensis	1234841	S	17	0	17	0.0002623619
Natrialba magadii	13769	S	14	3	17	0.0002623619
Burkholderia lata	482957	S	11	5	16	0.0002469288
Alcaligenes faecalis	511	S	13	3	16	0.0002469288
Thauera humireducens	1134435	S	13	3	16	0.0002469288
Chromobacterium rhizoryzae	1778675	S	3	13	16	0.0002469288
Pseudomonas sp. C27(2019)	2604941	S	16	0	16	0.0002469288
Pseudomonas sp. LH1G9	2083055	S	4	12	16	0.0002469288
Pseudomonas extremaustralis	359110	S	14	2	16	0.0002469288
Candidatus Thiodictyon syntrophicum	1166950	S	16	0	16	0.0002469288
Bradyrhizobium sp. PSBB068	2715960	S	13	3	16	0.0002469288
Bradyrhizobium sp. 1(2017)	1404888	S	13	3	16	0.0002469288
Bosea sp. PAMC 26642	1792307	S	15	1	16	0.0002469288
Variibacter gotjawalensis	1333996	S	16	0	16	0.0002469288
Methylobacterium sp. DM1	2067957	S	7	9	16	0.0002469288
Devosia sp. D6-9	2664417	S	8	8	16	0.0002469288
Devosia ginsengisoli	400770	S	15	1	16	0.0002469288
Nordella sp. HKS 07	2712222	S	16	0	16	0.0002469288
Sphingomonas sp. NIC1	1961362	S	8	8	16	0.0002469288
Erythrobacter sp. HL-111	1798193	S	14	2	16	0.0002469288
Croceicoccus naphthovorans	1348774	S	6	10	16	0.0002469288
Qipengyuania flava	192812	S	9	7	16	0.0002469288
Paracoccus sp. H4-D09	2812658	S	13	3	16	0.0002469288
Paracoccus pantotrophus	82367	S	12	4	16	0.0002469288
Sulfitobacter sp. AM1-D1	1917485	S	7	9	16	0.0002469288
Dinoroseobacter shibae	215813	S	9	7	16	0.0002469288
Brevundimonas sp. LVF1	2774189	S	13	3	16	0.0002469288
Azospirillum thiophilum	528244	S	13	3	16	0.0002469288
Aliarcobacter trophiarum	708186	S	16	0	16	0.0002469288
Bdellovibrio exovorus	453816	S	16	0	16	0.0002469288
Microbacterium sp. BH-3-3-3	1906742	S	14	2	16	0.0002469288
Microbacterium sp. Se63.02b	2709304	S	12	4	16	0.0002469288
Plantibacter flavus	150123	S	11	5	16	0.0002469288
Agreia sp. COWG	2773266	S	15	1	16	0.0002469288
Glutamicibacter arilaitensis	256701	S	12	4	16	0.0002469288
Nocardioides sp. CF8	110319	S	12	4	16	0.0002469288
Actinoplanes sp. OR16	946334	S	7	9	16	0.0002469288
Bifidobacterium pseudocatenulatum	28026	S	11	5	16	0.0002469288
Lacrimispora saccharolytica	84030	S	13	3	16	0.0002469288
Clostridium butyricum	1492	S	16	0	16	0.0002469288
Clostridium saccharobutylicum	169679	S	16	0	16	0.0002469288
Chryseobacterium gleum	250	S	9	7	16	0.0002469288
Bacteroides sp. M10	2763022	S	11	5	16	0.0002469288
Pedobacter sp. PACM 27299	1727164	S	15	1	16	0.0002469288
Anatilimnocola aggregata	2528021	S	13	3	16	0.0002469288
Caulifigura coniformis	2527983	S	16	0	16	0.0002469288
Verrucomicrobium sp. GAS474	1882831	S	15	1	16	0.0002469288
Candidatus Nitrosotalea okcheonensis	1903276	S	16	0	16	0.0002469288
Polynucleobacter sp. MWH-UH21B	1743174	S	14	1	15	0.0002314958
Aromatoleum aromaticum	551760	S	12	3	15	0.0002314958
Niveibacterium sp. HC41	2811415	S	14	1	15	0.0002314958
Vogesella sp. LIG4	1192162	S	14	1	15	0.0002314958
Pseudomonas sp. S1-A32-2	2731681	S	15	0	15	0.0002314958
Pseudomonas sp. IB20	1702250	S	13	2	15	0.0002314958
Pseudomonas monteilii	76759	S	8	7	15	0.0002314958
Pseudomonas orientalis	76758	S	13	2	15	0.0002314958
Pseudomonas psychrophila	122355	S	15	0	15	0.0002314958
Pseudomonas taetrolens	47884	S	15	0	15	0.0002314958
Lelliottia amnigena	61646	S	15	0	15	0.0002314958
Pseudoxanthomonas suwonensis	314722	S	15	0	15	0.0002314958
Aeromonas hydrophila	644	S	9	6	15	0.0002314958
Bradyrhizobium sp. CCBAU 53340	1325112	S	9	6	15	0.0002314958
Agrobacterium rhizogenes	359	S	7	8	15	0.0002314958
Ensifer sp. PDNC004	2811423	S	11	4	15	0.0002314958
Mesorhizobium ciceri	39645	S	4	11	15	0.0002314958
Rhodomicrobium vannielii	1069	S	15	0	15	0.0002314958
Caenibius tardaugens	169176	S	5	10	15	0.0002314958
Pseudolabrys sp. FHR47	2562284	S	13	2	15	0.0002314958
Xanthobacter sp. YN2	2528964	S	11	4	15	0.0002314958
Brucella anthropi	529	S	3	12	15	0.0002314958
Sphingomonas sp. MK52	2711156	S	15	0	15	0.0002314958
Sphingomonas sp. Cra20	1327635	S	15	0	15	0.0002314958
Sphingomonas insulae	424800	S	14	1	15	0.0002314958
Sphingobium sp. MI1205	407020	S	5	10	15	0.0002314958
Sphingobium sp. YBL2	484429	S	2	13	15	0.0002314958
Sphingopyxis alaskensis	117207	S	14	1	15	0.0002314958
Erythrobacter litoralis	39960	S	11	4	15	0.0002314958
Rhodobacter capsulatus	1061	S	14	1	15	0.0002314958
Celeribacter indicus	1208324	S	8	7	15	0.0002314958
Brevundimonas sp. GW460-12-10-14-LB2	1827469	S	8	7	15	0.0002314958
Tistrella mobilis	171437	S	13	2	15	0.0002314958
Arcobacter ellisii	913109	S	12	3	15	0.0002314958
Herbiconiux sp. SALV-R1	2735133	S	14	1	15	0.0002314958
Mycolicibacterium litorale	758802	S	12	3	15	0.0002314958
Mycolicibacterium boenickei	146017	S	4	11	15	0.0002314958
Microlunatus phosphovorus	29405	S	14	1	15	0.0002314958
Bacillus thuringiensis	1428	S	9	6	15	0.0002314958
Flavobacterium arcticum	1784713	S	15	0	15	0.0002314958
Capnocytophaga sp. oral taxon 323	1705617	S	3	12	15	0.0002314958
Winogradskyella schleiferi	2686078	S	7	8	15	0.0002314958
Cellulophaga baltica	76594	S	14	1	15	0.0002314958
Chryseobacterium glaciei	1685010	S	13	2	15	0.0002314958
Candidatus Sulcia muelleri	336810	S	15	0	15	0.0002314958
Bacteroides sp. HF-5141	2650158	S	13	2	15	0.0002314958
Sphingobacterium sp. ML3W	1538644	S	14	1	15	0.0002314958
Runella sp. HYN0085	2259595	S	13	2	15	0.0002314958
Cytophaga hutchinsonii	985	S	14	1	15	0.0002314958
Filimonas lacunae	477680	S	13	2	15	0.0002314958
Opitutus terrae	107709	S	15	0	15	0.0002314958
Polynucleobacter sp. LimPoW16	1743162	S	14	0	14	0.0002160627
Bordetella sp. H567	1697043	S	13	1	14	0.0002160627
Alcaligenes aquatilis	323284	S	6	8	14	0.0002160627
Neisseria meningitidis	487	S	5	9	14	0.0002160627
Methylophilus sp. TWE2	1662285	S	11	3	14	0.0002160627
Sulfuriferula plumbiphila	171865	S	13	1	14	0.0002160627
Pseudomonas sp. S35	1573719	S	13	1	14	0.0002160627
Pseudomonas sp. 15A4	2804761	S	12	2	14	0.0002160627
Pseudomonas sp. Y39-6	2749807	S	3	11	14	0.0002160627
Pseudomonas koreensis	198620	S	11	3	14	0.0002160627
Acinetobacter piscicola	2006115	S	11	3	14	0.0002160627
Psychrobacter sp. G	571800	S	6	8	14	0.0002160627
Stenotrophomonas sp. 169	2770322	S	14	0	14	0.0002160627
Rhodanobacter denitrificans	666685	S	13	1	14	0.0002160627
Rhodanobacter sp. FDAARGOS 1247	2778082	S	13	1	14	0.0002160627
Dyella thiooxydans	445710	S	13	1	14	0.0002160627
Bradyrhizobium oligotrophicum	44255	S	13	1	14	0.0002160627
Bosea sp. Tri-49	1867715	S	13	1	14	0.0002160627
Agrobacterium vitis	373	S	13	1	14	0.0002160627
Mesorhizobium sp. J8	2777475	S	12	2	14	0.0002160627
Mesorhizobium sp. 131-2-1	2744518	S	9	5	14	0.0002160627
Methylobacterium sp. C1	1479019	S	3	11	14	0.0002160627
Hyphomicrobium sp. MC1	717785	S	14	0	14	0.0002160627
Sphingomonas sp. C8-2	2492837	S	8	6	14	0.0002160627
Sphingobium sp. RSMS	520734	S	2	12	14	0.0002160627
Altererythrobacter sp. B11	2060312	S	11	3	14	0.0002160627
Tsuneonella amylolytica	2338327	S	12	2	14	0.0002160627
Rhodobacter sp. LPB0142	1850250	S	9	5	14	0.0002160627
Yoonia vestfoldensis	245188	S	10	4	14	0.0002160627
Brevundimonas subvibrioides	74313	S	13	1	14	0.0002160627
Magnetospirillum magneticum	84159	S	9	5	14	0.0002160627
Hypericibacter adhaerens	2602016	S	13	1	14	0.0002160627
Roseomonas gilardii	257708	S	4	10	14	0.0002160627
Microbacterium sp. TPU 3598	1938334	S	11	3	14	0.0002160627
Microbacterium sp. No. 7	1714373	S	10	4	14	0.0002160627
Agromyces aureus	453304	S	11	3	14	0.0002160627
Humibacter sp. WJ7-1	2599293	S	12	2	14	0.0002160627
Mycolicibacter sinensis	875328	S	1	13	14	0.0002160627
Corynebacterium sanguinis	2594913	S	8	6	14	0.0002160627
Tsukamurella paurometabola	2061	S	13	1	14	0.0002160627
Dietzia sp. oral taxon 368	712270	S	4	10	14	0.0002160627
Nocardioides aromaticivorans	200618	S	10	4	14	0.0002160627
Nocardioides dokdonensis	450734	S	9	5	14	0.0002160627
Micromonospora sp. B006	2201999	S	8	6	14	0.0002160627
Roseburia hominis	301301	S	10	4	14	0.0002160627
Nostoc sp. TCL240-02	2572090	S	6	8	14	0.0002160627
Calothrix parasitica	1973486	S	14	0	14	0.0002160627
Sphaerospermopsis kisseleviana	289435	S	12	2	14	0.0002160627
Tolypothrix sp. PCC 7910	2099387	S	6	8	14	0.0002160627
Synechococcus sp. JA-2-3B'a(2-13)	321332	S	13	1	14	0.0002160627
Cellulophaga lytica	979	S	10	4	14	0.0002160627
Olleya aquimaris	639310	S	10	4	14	0.0002160627
Galbibacter sp. BG1	1170699	S	13	1	14	0.0002160627
Prevotella sp. WR041	2801997	S	14	0	14	0.0002160627
Paludibacter propionicigenes	185300	S	14	0	14	0.0002160627
Pedobacter sp. eg	2201271	S	14	0	14	0.0002160627
Pedobacter suwonensis	332999	S	12	2	14	0.0002160627
Mucilaginibacter sp. 14171R-50	2703789	S	14	0	14	0.0002160627
Mucilaginibacter mallensis	652787	S	14	0	14	0.0002160627
Algoriphagus sp. Y33	2772483	S	14	0	14	0.0002160627
Flavisolibacter tropicus	1492898	S	12	2	14	0.0002160627
Flavihumibacter sp. SB-02	2676868	S	13	1	14	0.0002160627
Maioricimonas rarisocia	2528026	S	13	1	14	0.0002160627
Orrella dioscoreae	1851544	S	11	2	13	0.0002006297
Aromatoleum bremense	76115	S	10	3	13	0.0002006297
Chromobacterium phragmitis	2202141	S	11	2	13	0.0002006297
Crenobacter cavernae	2290923	S	12	1	13	0.0002006297
Nitrosomonas ureae	44577	S	13	0	13	0.0002006297
Pseudomonas sp. LBUM920	2126069	S	9	4	13	0.0002006297
Pseudomonas sp. MRSN12121	1611770	S	6	7	13	0.0002006297
Pseudomonas synxantha	47883	S	9	4	13	0.0002006297
Pseudomonas asturiensis	1190415	S	13	0	13	0.0002006297
Pseudomonas litoralis	797277	S	13	0	13	0.0002006297
Acinetobacter venetianus	52133	S	11	2	13	0.0002006297
Enterobacter cloacae	550	S	7	6	13	0.0002006297
Ewingella americana	41202	S	13	0	13	0.0002006297
Xanthomonas campestris	339	S	13	0	13	0.0002006297
Thioalkalivibrio sulfidiphilus	1033854	S	11	2	13	0.0002006297
Cellvibrio japonicus	155077	S	12	1	13	0.0002006297
Haemophilus influenzae	727	S	11	2	13	0.0002006297
Bradyrhizobium sp. 6(2017)	1197460	S	11	2	13	0.0002006297
Rhizobium daejeonense	240521	S	7	6	13	0.0002006297
Neorhizobium galegae	399	S	13	0	13	0.0002006297
Methylobacterium currus	2051553	S	10	3	13	0.0002006297
Devosia sp. G19	2801335	S	12	1	13	0.0002006297
Blastochloris tepida	2233851	S	11	2	13	0.0002006297
Pseudorhodoplanes sinuspersici	1235591	S	13	0	13	0.0002006297
Sphingobium sp. SCG-1	2072936	S	13	0	13	0.0002006297
Sphingobium sp. EP60837	1855519	S	11	2	13	0.0002006297
Sphingopyxis sp. OPL5	2486273	S	12	1	13	0.0002006297
Erythrobacter sp. A30-3	2785907	S	7	6	13	0.0002006297
Altererythrobacter sp. TH136	2067415	S	12	1	13	0.0002006297
Celeribacter manganoxidans	1411902	S	10	3	13	0.0002006297
Rhodovulum sulfidophilum	35806	S	11	2	13	0.0002006297
Pseudopuniceibacterium antarcticum	2613965	S	13	0	13	0.0002006297
Phenylobacterium parvum	2201350	S	13	0	13	0.0002006297
Niveispirillum cyanobacteriorum	1612173	S	11	2	13	0.0002006297
Acidibrevibacterium fodinaquatile	1969806	S	13	0	13	0.0002006297
Hyphobacterium sp. CCMP332	2749086	S	13	0	13	0.0002006297
Kocuria palustris	71999	S	10	3	13	0.0002006297
Paenarthrobacter sp. YJN-D	2735317	S	9	4	13	0.0002006297
Janibacter indicus	857417	S	7	6	13	0.0002006297
Mycobacterium ulcerans	1809	S	2	11	13	0.0002006297
Actinoplanes friuliensis	196914	S	12	1	13	0.0002006297
Micromonospora terminaliae	1914461	S	9	4	13	0.0002006297
Phytohabitans suffuscus	624315	S	12	1	13	0.0002006297
Salinispora tropica	168695	S	11	2	13	0.0002006297
Catenulispora acidiphila	304895	S	12	1	13	0.0002006297
Conexibacter sp. SYSU D00693	2812560	S	11	2	13	0.0002006297
Clostridium saccharoperbutylacetonicum	36745	S	13	0	13	0.0002006297
Aerococcus viridans	1377	S	11	2	13	0.0002006297
Murdochiella vaginalis	1852373	S	10	3	13	0.0002006297
Geminocystis sp. NIES-3708	1615909	S	12	1	13	0.0002006297
Nostoc sp. NIES-4103	2005458	S	11	2	13	0.0002006297
Fischerella sp. NIES-4106	2005456	S	11	2	13	0.0002006297
Formosa agariphila	320324	S	11	2	13	0.0002006297
Aquimarina sp. AD10	1714849	S	13	0	13	0.0002006297
Lacinutrix sp. WUR7	2653681	S	11	2	13	0.0002006297
Lacinutrix sp. 5H-3-7-4	983544	S	9	4	13	0.0002006297
Salegentibacter sp. T436	1729720	S	7	6	13	0.0002006297
Amniculibacterium sp. G2-70	2767188	S	9	4	13	0.0002006297
Alistipes communis	2585118	S	12	1	13	0.0002006297
Butyricimonas virosa	544645	S	13	0	13	0.0002006297
Odoribacter splanchnicus	28118	S	13	0	13	0.0002006297
Pedobacter sp. JBR3-12	2789740	S	13	0	13	0.0002006297
Pedobacter cryoconitis	188932	S	13	0	13	0.0002006297
Mucilaginibacter celer	2305508	S	13	0	13	0.0002006297
Spirosoma sp. PL0136	2710596	S	13	0	13	0.0002006297
Stieleria neptunia	2527979	S	11	2	13	0.0002006297
Candidatus Symbiobacter mobilis	1436290	S	12	0	12	0.0001851966
Burkholderia sp. BDU8	1385592	S	10	2	12	0.0001851966
Pandoraea vervacti	656178	S	10	2	12	0.0001851966
Pandoraea pnomenusa	93220	S	9	3	12	0.0001851966
Achromobacter sp. MFA1 R4	1881016	S	10	2	12	0.0001851966
Bordetella genomosp. 13	463040	S	9	3	12	0.0001851966
Bordetella pertussis	520	S	2	10	12	0.0001851966
Kerstersia gyiorum	206506	S	11	1	12	0.0001851966
Methylophilus medardicus	2588534	S	9	3	12	0.0001851966
Pseudomonas sp. K2W31S-8	2320867	S	12	0	12	0.0001851966
Pseudomonas sp. FGI182	1259844	S	6	6	12	0.0001851966
Pseudomonas extremorientalis	169669	S	9	3	12	0.0001851966
Pseudomonas mendocina	300	S	11	1	12	0.0001851966
Pseudomonas rhizosphaerae	216142	S	12	0	12	0.0001851966
Acinetobacter sp. 10FS3-1	2563897	S	8	4	12	0.0001851966
Acinetobacter wanghuae	2662362	S	12	0	12	0.0001851966
Thermomonas brevis	215691	S	9	3	12	0.0001851966
Rhodanobacter glycinis	582702	S	12	0	12	0.0001851966
Luteibacter rhizovicinus	242606	S	12	0	12	0.0001851966
Steroidobacter denitrificans	465721	S	12	0	12	0.0001851966
Bradyrhizobium genosp. B	83627	S	11	1	12	0.0001851966
Rhizobium sp. 007	2785056	S	5	7	12	0.0001851966
Rhizobium sp. N324	1703969	S	1	11	12	0.0001851966
Neorhizobium sp. SOG26	2060726	S	11	1	12	0.0001851966
Sinorhizobium sp. RAC02	1842534	S	10	2	12	0.0001851966
Methylobacterium durans	2202825	S	11	1	12	0.0001851966
Devosia sp. A16	1736675	S	12	0	12	0.0001851966
Azorhizobium caulinodans	7	S	10	2	12	0.0001851966
Aureimonas populi	1701758	S	11	1	12	0.0001851966
Martelella mediterranea	293089	S	8	4	12	0.0001851966
Sphingopyxis sp. PAMC25046	2565556	S	10	2	12	0.0001851966
Blastomonas fulva	1550728	S	5	7	12	0.0001851966
Sphingosinithalassobacter sp. CS137	2762748	S	11	1	12	0.0001851966
Aurantiacibacter gangjinensis	502682	S	12	0	12	0.0001851966
Sulfitobacter mediterraneus	83219	S	10	2	12	0.0001851966
Leisingera aquaemixtae	1396826	S	10	2	12	0.0001851966
Salipiger profundus	1229727	S	7	5	12	0.0001851966
Phenylobacterium zucineum	284016	S	11	1	12	0.0001851966
Azospirillum humicireducens	1226968	S	9	3	12	0.0001851966
Lichenicola cladoniae	1484109	S	12	0	12	0.0001851966
Hyphomonas sp. CACIAM 19H1	1873716	S	12	0	12	0.0001851966
Candidatus Pelagibacter ubique	198252	S	5	7	12	0.0001851966
Sulfurospirillum halorespirans	194424	S	6	6	12	0.0001851966
Stigmatella aurantiaca	41	S	10	2	12	0.0001851966
Corallococcus coralloides	184914	S	10	2	12	0.0001851966
Desulfonema limicola	45656	S	12	0	12	0.0001851966
Candidatus Rhodoluna planktonica	535712	S	12	0	12	0.0001851966
Protaetiibacter intestinalis	2419774	S	10	2	12	0.0001851966
Janibacter melonis	262209	S	10	2	12	0.0001851966
Rhodococcus sp. YL-1	1045808	S	2	10	12	0.0001851966
Mycobacterium grossiae	1552759	S	10	2	12	0.0001851966
Corynebacterium kefirresidentii	1979527	S	6	6	12	0.0001851966
Nocardioides sp. HDW12B	2714939	S	10	2	12	0.0001851966
Nocardioides daphniae	402297	S	8	4	12	0.0001851966
Streptomyces sp. S1A1-7	2594459	S	2	10	12	0.0001851966
Streptomyces sp. S1D4-20	2594462	S	1	11	12	0.0001851966
Streptomyces niveus	193462	S	11	1	12	0.0001851966
Pseudonocardia sp. AL041005-10	445576	S	8	4	12	0.0001851966
Nonomuraea nitratireducens	2656914	S	10	2	12	0.0001851966
Coprococcus sp. ART55/1	751585	S	10	2	12	0.0001851966
Streptococcus mitis	28037	S	10	2	12	0.0001851966
Lactococcus raffinolactis	1366	S	12	0	12	0.0001851966
Latilactobacillus curvatus	28038	S	6	6	12	0.0001851966
Enterococcus mundtii	53346	S	12	0	12	0.0001851966
Pelosinus sp. UFO1	484770	S	10	2	12	0.0001851966
Nostoc sp. CENA543	1869241	S	11	1	12	0.0001851966
Calothrix brevissima	938406	S	7	5	12	0.0001851966
Fischerella sp. NIES-3754	1752063	S	6	6	12	0.0001851966
Scytonema sp. HK-05	1137095	S	5	7	12	0.0001851966
Cyanobium gracile	59930	S	11	1	12	0.0001851966
Flavobacterium alkalisoli	2602769	S	12	0	12	0.0001851966
Lutibacter profundi	1622118	S	12	0	12	0.0001851966
Chryseobacterium sp. NBC 122	2547600	S	12	0	12	0.0001851966
Chryseobacterium indologenes	253	S	10	2	12	0.0001851966
Kaistella jeonii	266749	S	12	0	12	0.0001851966
Mucilaginibacter sp. F39-2	2728022	S	12	0	12	0.0001851966
Arcticibacterium luteifluviistationis	1784714	S	11	1	12	0.0001851966
Hymenobacter nivis	1850093	S	11	1	12	0.0001851966
Adhaeribacter radiodurans	2745197	S	12	0	12	0.0001851966
Pirellula staleyi	125	S	12	0	12	0.0001851966
Terriglobus roseus	392734	S	10	2	12	0.0001851966
Candidatus Solibacter usitatus	332163	S	12	0	12	0.0001851966
Burkholderia ambifaria	152480	S	6	5	11	0.0001697636
Burkholderia anthina	179879	S	6	5	11	0.0001697636
Paraburkholderia sp. PGU16	2735433	S	8	3	11	0.0001697636
Bordetella trematum	123899	S	9	2	11	0.0001697636
Azoarcus pumilus	2067960	S	10	1	11	0.0001697636
Sulfuritortus calidifontis	1914471	S	9	2	11	0.0001697636
Pseudomonas sp. LPB0260	2614442	S	11	0	11	0.0001697636
Pseudomonas sp. S09G 359	2054919	S	10	1	11	0.0001697636
Pseudomonas sp. R84	1573712	S	10	1	11	0.0001697636
Pseudomonas sp. phDV1	253237	S	4	7	11	0.0001697636
Pseudomonas fulva	47880	S	11	0	11	0.0001697636
Pseudomonas rhodesiae	76760	S	9	2	11	0.0001697636
Pseudomonas graminis	158627	S	9	2	11	0.0001697636
Acinetobacter sp. WCHA55	2004646	S	7	4	11	0.0001697636
Acinetobacter nosocomialis	106654	S	8	3	11	0.0001697636
Acinetobacter ursingii	108980	S	9	2	11	0.0001697636
Pectobacterium parmentieri	1905730	S	9	2	11	0.0001697636
Xanthomonas theicola	56464	S	11	0	11	0.0001697636
Marinobacter sp. LQ44	1749259	S	4	7	11	0.0001697636
Thiocystis violascens	73141	S	11	0	11	0.0001697636
Bradyrhizobium sp. BTAi1	288000	S	10	1	11	0.0001697636
Bradyrhizobium sp. CCBAU 53421	1325120	S	9	2	11	0.0001697636
Bradyrhizobium sp. CCGE-LA001	1223566	S	9	2	11	0.0001697636
Bradyrhizobium cosmicum	1404864	S	9	2	11	0.0001697636
Bradyrhizobium guangdongense	1325090	S	6	5	11	0.0001697636
Mesorhizobium loti	381	S	7	4	11	0.0001697636
Methylobacterium aquaticum	270351	S	9	2	11	0.0001697636
Starkeya novella	921	S	8	3	11	0.0001697636
Aureimonas sp. AU20	1349819	S	10	1	11	0.0001697636
Chelatococcus daeguensis	444444	S	8	3	11	0.0001697636
Breoghania sp. L-A4	2304600	S	10	1	11	0.0001697636
Sphingomonas sp. KC8	1030157	S	8	3	11	0.0001697636
Sphingomonas rhizophila	2071607	S	11	0	11	0.0001697636
Sphingopyxis sp. QXT-31	1357916	S	10	1	11	0.0001697636
Sphingopyxis sp. FD7	1914525	S	9	2	11	0.0001697636
Sandaracinobacter sp. M6	2759707	S	11	0	11	0.0001697636
Paracoccus sanguinis	1545044	S	9	2	11	0.0001697636
Paracoccus kondratievae	135740	S	9	2	11	0.0001697636
Roseovarius faecimaris	2494550	S	11	0	11	0.0001697636
Phaeobacter gallaeciensis	60890	S	7	4	11	0.0001697636
Azospirillum baldaniorum	1064539	S	5	6	11	0.0001697636
Ferrovibrio terrae	2594003	S	11	0	11	0.0001697636
Arcobacter cloacae	1054034	S	8	3	11	0.0001697636
Campylobacter jejuni	197	S	1	10	11	0.0001697636
Myxococcus xanthus	34	S	7	4	11	0.0001697636
Desulfovibrio desulfuricans	876	S	8	3	11	0.0001697636
Bdellovibrio sp. ZAP7	2231053	S	6	5	11	0.0001697636
Microbacterium sp. YJN-G	2763257	S	9	2	11	0.0001697636
Agromyces flavus	589382	S	9	2	11	0.0001697636
Salinibacterium sp. ZJ450	2708338	S	11	0	11	0.0001697636
Gryllotalpicola protaetiae	2419771	S	10	1	11	0.0001697636
Arthrobacter sp. TES	2774874	S	1	10	11	0.0001697636
Corynebacterium xerosis	1725	S	8	3	11	0.0001697636
Gordonia sp. YC-JH1	2059875	S	7	4	11	0.0001697636
Nocardioides sp. zg-579	2663857	S	8	3	11	0.0001697636
Marmoricola scoriae	642780	S	8	3	11	0.0001697636
Streptomyces bingchenggensis	379067	S	10	1	11	0.0001697636
Micromonospora rifamycinica	291594	S	8	3	11	0.0001697636
Amycolatopsis albispora	1804986	S	8	3	11	0.0001697636
Nakamurella multipartita	53461	S	10	1	11	0.0001697636
Adlercreutzia sp. 8CFCBH1	2707299	S	8	3	11	0.0001697636
Enterocloster bolteae	208479	S	10	1	11	0.0001697636
Streptococcus equinus	1335	S	9	2	11	0.0001697636
Moorea producens	1155739	S	11	0	11	0.0001697636
Nostoc sp. UHCC 0702	2814655	S	10	1	11	0.0001697636
Nostoc sp. 'Lobaria pulmonaria (5183) cyanobiont'	1618022	S	8	3	11	0.0001697636
Nostoc piscinale	224012	S	9	2	11	0.0001697636
Dolichospermum compactum	136073	S	4	7	11	0.0001697636
Thermoleptolyngbya sp. PKUAC-SCTB121	2811482	S	2	9	11	0.0001697636
Deinococcus soli Cha et al. 2016	1309411	S	5	6	11	0.0001697636
Brevefilum fermentans	1986204	S	11	0	11	0.0001697636
Tenacibaculum todarodis	1850252	S	9	2	11	0.0001697636
Dokdonia sp. PRO95	1239415	S	7	4	11	0.0001697636
Algibacter sp. L1A34	2686365	S	8	3	11	0.0001697636
Maribacter cobaltidurans	1178778	S	6	5	11	0.0001697636
Chryseobacterium sp. cx-624	2758037	S	11	0	11	0.0001697636
Chryseobacterium manosquense	2754694	S	4	7	11	0.0001697636
Empedobacter falsenii	343874	S	7	4	11	0.0001697636
Riemerella anatipestifer	34085	S	10	1	11	0.0001697636
Sphingobacterium sp. B29	1933220	S	3	8	11	0.0001697636
Arachidicoccus sp. B3-10	2545455	S	11	0	11	0.0001697636
Niastella koreensis	354356	S	10	1	11	0.0001697636
Gemmatimonas aurantiaca	173480	S	11	0	11	0.0001697636
Pirellulimonas nuda	2528009	S	11	0	11	0.0001697636
Tautonia plasticadhaerens	2527974	S	10	1	11	0.0001697636
Paludibaculum fermentans	1473598	S	11	0	11	0.0001697636
Turneriella parva	29510	S	11	0	11	0.0001697636
Candidatus Nanosynbacter lyticus	2093824	S	8	3	11	0.0001697636
Cupriavidus sp. USMAA2-4	876364	S	1	9	10	0.0001543305
Burkholderia sp. PAMC 28687	1795874	S	6	4	10	0.0001543305
Paraburkholderia sp. 7MH5	2547399	S	9	1	10	0.0001543305
Paraburkholderia caffeinilytica	1761016	S	8	2	10	0.0001543305
Paraburkholderia terricola	169427	S	8	2	10	0.0001543305
Lautropia mirabilis	47671	S	9	1	10	0.0001543305
Achromobacter sp. AONIH1	1758194	S	7	3	10	0.0001543305
Achromobacter insolitus	217204	S	9	1	10	0.0001543305
Bordetella sp. N	1746199	S	10	0	10	0.0001543305
Bordetella genomosp. 9	1416803	S	9	1	10	0.0001543305
Bordetella hinzii	103855	S	8	2	10	0.0001543305
Thauera hydrothermalis	2184083	S	9	1	10	0.0001543305
Iodobacter sp. H11R3	2496266	S	8	2	10	0.0001543305
Aquitalea aquatilis	1537400	S	9	1	10	0.0001543305
Jeongeupia sp. USM3	1906741	S	9	1	10	0.0001543305
Pseudogulbenkiania sp. NH8B	748280	S	9	1	10	0.0001543305
Usitatibacter rugosus	2732067	S	10	0	10	0.0001543305
Pseudomonas sp. ADAK13	2730847	S	9	1	10	0.0001543305
Pseudomonas frederiksbergensis	104087	S	8	2	10	0.0001543305
Acinetobacter sp. C16S1	2609668	S	8	2	10	0.0001543305
Raoultella terrigena	577	S	4	6	10	0.0001543305
Erwinia sp. QL-Z3	2547962	S	3	7	10	0.0001543305
Xanthomonas arboricola	56448	S	7	3	10	0.0001543305
Lysobacter sp. TY2-98	2290922	S	10	0	10	0.0001543305
Lysobacter solisilvae	2763317	S	10	0	10	0.0001543305
Pseudoxanthomonas mexicana	128785	S	9	1	10	0.0001543305
Pseudolysobacter antarcticus	2511995	S	10	0	10	0.0001543305
Dokdonella koreensis	323415	S	10	0	10	0.0001543305
Photobacterium damselae	38293	S	9	1	10	0.0001543305
Halothiobacillus neapolitanus	927	S	9	1	10	0.0001543305
Methylomonas koyamae	702114	S	4	6	10	0.0001543305
Methylococcus sp. EFPC2	2812648	S	10	0	10	0.0001543305
Legionella oakridgensis	29423	S	10	0	10	0.0001543305
Legionella pneumophila	446	S	9	1	10	0.0001543305
Thiothrix sp.	1032	S	8	2	10	0.0001543305
Beggiatoa leptomitoformis	288004	S	10	0	10	0.0001543305
Bradyrhizobium sp. SK17	2057741	S	7	3	10	0.0001543305
Bradyrhizobium genosp. L	83637	S	9	1	10	0.0001543305
Bradyrhizobium amphicarpaeae	1404768	S	8	2	10	0.0001543305
Bosea sp. AS-1	2015316	S	9	1	10	0.0001543305
Rhizobium phaseoli	396	S	3	7	10	0.0001543305
Agrobacterium rubi	28099	S	8	2	10	0.0001543305
Hyphomicrobium nitrativorans	1427356	S	10	0	10	0.0001543305
Ancylobacter sp. TS-1	1850374	S	7	3	10	0.0001543305
Brucella pseudogrignonensis	419475	S	6	4	10	0.0001543305
Sphingobium sp. Cam5-1	2789327	S	7	3	10	0.0001543305
Erythrobacter mangrovi	2739433	S	7	3	10	0.0001543305
Altererythrobacter atlanticus	1267766	S	7	3	10	0.0001543305
Tsuneonella dongtanensis	692370	S	9	1	10	0.0001543305
Paracoccus zhejiangensis	1077935	S	8	2	10	0.0001543305
Pseudorhodobacter turbinis	2500533	S	10	0	10	0.0001543305
Marinovum algicola	42444	S	7	3	10	0.0001543305
Confluentimicrobium sp. EMB200-NS6	1609966	S	5	5	10	0.0001543305
Hypericibacter terrae	2602015	S	10	0	10	0.0001543305
Arcobacter peruensis	2320140	S	2	8	10	0.0001543305
Melittangium boletus	83453	S	8	2	10	0.0001543305
Anaeromyxobacter dehalogenans	161493	S	6	4	10	0.0001543305
Geobacter sulfurreducens	35554	S	8	2	10	0.0001543305
Microbacterium sp. 1S1	2606451	S	5	5	10	0.0001543305
Arthrobacter sp. NEB 688	904039	S	8	2	10	0.0001543305
Cellulomonas sp. PSBB021	2003551	S	6	4	10	0.0001543305
Rhodococcus sp. X156	2499145	S	9	1	10	0.0001543305
Mycolicibacterium arabiense	1286181	S	10	0	10	0.0001543305
Mycolicibacterium nivoides	2487344	S	1	9	10	0.0001543305
Propionibacterium freudenreichii	1744	S	7	3	10	0.0001543305
Nocardioides sp. MC1495	2736757	S	8	2	10	0.0001543305
Streptomyces sp. SN-593	659352	S	9	1	10	0.0001543305
Streptomyces sp. RLB1-33	2721243	S	9	1	10	0.0001543305
Streptomyces pratensis	1169025	S	8	2	10	0.0001543305
Pseudonocardia sp. HH130630-07	1690815	S	5	5	10	0.0001543305
Geodermatophilus obscurus	1861	S	9	1	10	0.0001543305
Parolsenella catena	2003188	S	7	3	10	0.0001543305
Baekduia soli	496014	S	10	0	10	0.0001543305
Blautia hansenii	1322	S	7	3	10	0.0001543305
Romboutsia ilealis	1115758	S	10	0	10	0.0001543305
Lactococcus garvieae	1363	S	9	1	10	0.0001543305
Enterococcus faecium	1352	S	6	4	10	0.0001543305
Gloeothece citriformis	2546356	S	10	0	10	0.0001543305
Trichormus azollae	1164	S	9	1	10	0.0001543305
Rivularia sp. PCC 7116	373994	S	10	0	10	0.0001543305
Dactylococcopsis salina	292566	S	7	3	10	0.0001543305
Pseudanabaena sp. ABRG5-3	685565	S	10	0	10	0.0001543305
Polaribacter sejongensis	985043	S	9	1	10	0.0001543305
Polaribacter vadi	1774273	S	9	1	10	0.0001543305
Tenacibaculum sp. SZ-18	754423	S	10	0	10	0.0001543305
Tenacibaculum jejuense	584609	S	10	0	10	0.0001543305
Formosa sp. Hel1_31_208	1798225	S	10	0	10	0.0001543305
Gramella fulva	2126553	S	9	1	10	0.0001543305
Myroides odoratimimus	76832	S	3	7	10	0.0001543305
Olleya sp. Bg11-27	2058135	S	4	6	10	0.0001543305
Siansivirga zeaxanthinifaciens	762954	S	9	1	10	0.0001543305
Urechidicola croceus	1850246	S	6	4	10	0.0001543305
Chryseobacterium gallinarum	1324352	S	9	1	10	0.0001543305
Empedobacter brevis	247	S	8	2	10	0.0001543305
Pedobacter ginsengisoli	363852	S	10	0	10	0.0001543305
Pedobacter steynii	430522	S	10	0	10	0.0001543305
Mucilaginibacter ginsenosidivorans	398053	S	10	0	10	0.0001543305
Fibrella sp. ES10-3-2-2	1834519	S	9	1	10	0.0001543305
Hymenobacter sp. TS19	2735321	S	10	0	10	0.0001543305
Hymenobacter russus	2724192	S	10	0	10	0.0001543305
Aquiflexum balticum	280473	S	10	0	10	0.0001543305
Gemmatirosa kalamazoonesis	861299	S	10	0	10	0.0001543305
Gemmata massiliana	1210884	S	8	2	10	0.0001543305
Roseimaritima ulvae	980254	S	10	0	10	0.0001543305
Candidatus Protochlamydia naegleriophila	389348	S	6	4	10	0.0001543305
Terriglobus albidus	1592106	S	9	1	10	0.0001543305
Methanosarcina sp. MTP4	1434100	S	10	0	10	0.0001543305
Janthinobacterium sp. B9-8	1236179	S	7	2	9	0.0001388975
Cupriavidus oxalaticus	96344	S	7	2	9	0.0001388975
Burkholderia sp. CCGE1003	640512	S	7	2	9	0.0001388975
Paraburkholderia sp. Msb3	2604047	S	5	4	9	0.0001388975
Paraburkholderia ginsengisoli	311231	S	7	2	9	0.0001388975
Pandoraea thiooxydans	445709	S	9	0	9	0.0001388975
Pandoraea fibrosis	1891094	S	8	1	9	0.0001388975
Pandoraea sp. XY-2	2518599	S	8	1	9	0.0001388975
Pandoraea oxalativorans	573737	S	7	2	9	0.0001388975
Chitinimonas arctica	2594795	S	9	0	9	0.0001388975
Methylibium sp. T29	1430884	S	3	6	9	0.0001388975
Azoarcus sp. CIB	198107	S	6	3	9	0.0001388975
Thauera aromatica	59405	S	5	4	9	0.0001388975
Azospira oryzae	146939	S	3	6	9	0.0001388975
Chromobacterium vaccinii	1108595	S	8	1	9	0.0001388975
Jeongeupia sp. HS-3	1009682	S	8	1	9	0.0001388975
Denitratisoma oestradiolicum	311182	S	8	1	9	0.0001388975
Sulfuriferula nivalis	2675298	S	9	0	9	0.0001388975
Sulfuricella denitrificans	649841	S	9	0	9	0.0001388975
Candidatus Nitrotoga sp. AM1P	2559597	S	9	0	9	0.0001388975
Pseudomonas pohangensis	364197	S	9	0	9	0.0001388975
Pseudomonas eucalypticola	2599595	S	9	0	9	0.0001388975
Pseudomonas marincola	437900	S	9	0	9	0.0001388975
Pseudomonas gozinkensis	2774461	S	7	2	9	0.0001388975
Acinetobacter dispersus	70348	S	9	0	9	0.0001388975
Psychrobacter sp. P11G5	1699624	S	5	4	9	0.0001388975
Phytobacter ursingii	1972431	S	6	3	9	0.0001388975
Rahnella sp. ERMR1:05	1805933	S	9	0	9	0.0001388975
Pantoea vagans	470934	S	4	5	9	0.0001388975
Morganella morganii	582	S	8	1	9	0.0001388975
Hafnia alvei	569	S	4	5	9	0.0001388975
Xanthomonas citri	346	S	7	2	9	0.0001388975
Lysobacter oculi	2698682	S	9	0	9	0.0001388975
Pseudoxanthomonas spadix	415229	S	9	0	9	0.0001388975
Luteibacter pinisoli	2589080	S	9	0	9	0.0001388975
Aerosticca soli	2010829	S	7	2	9	0.0001388975
Thioflavicoccus mobilis	80679	S	9	0	9	0.0001388975
Thiohalobacter thiocyanaticus	585455	S	3	6	9	0.0001388975
Sulfurivermis fontis	1972068	S	9	0	9	0.0001388975
Methylomonas sp. EFPC1	2812647	S	5	4	9	0.0001388975
Haemophilus parainfluenzae	729	S	9	0	9	0.0001388975
Bradyrhizobium vignae	1549949	S	8	1	9	0.0001388975
Rhizobium sp. Khangiran2	1435607	S	4	5	9	0.0001388975
Rhizobium tropici	398	S	6	3	9	0.0001388975
Rhizobium oryzihabitans	2267833	S	4	5	9	0.0001388975
Neorhizobium sp. NCHU2750	1825976	S	8	1	9	0.0001388975
Shinella sp. HZN7	879274	S	5	4	9	0.0001388975
Mesorhizobium sp. M2A.F.Ca.ET.046.03.2.1	2493674	S	3	6	9	0.0001388975
Mesorhizobium sp. M2A.F.Ca.ET.043.02.1.1	2493670	S	3	6	9	0.0001388975
Methylobacterium sp. 4-46	426117	S	9	0	9	0.0001388975
Methylobacterium sp. 17Sr1-43	2202828	S	8	1	9	0.0001388975
Methylobacterium mesophilicum	39956	S	9	0	9	0.0001388975
Devosia sp. LEGU1	2774137	S	9	0	9	0.0001388975
Starkeya sp. ORNL1	2709380	S	8	1	9	0.0001388975
Methylocystis bryophila	655015	S	9	0	9	0.0001388975
Methylocella silvestris	199596	S	9	0	9	0.0001388975
Sphingomonas lacunae	2698828	S	9	0	9	0.0001388975
Allosphingosinicella indica	941907	S	9	0	9	0.0001388975
Citromicrobium sp. JL477	1634516	S	7	2	9	0.0001388975
Altererythrobacter sp. ZODW24	2185142	S	9	0	9	0.0001388975
Paracoccus sp. AK26	2589076	S	9	0	9	0.0001388975
Roseovarius indicus	540747	S	5	4	9	0.0001388975
Phaeobacter piscinae	1580596	S	6	3	9	0.0001388975
Roseicitreum antarcticum	564137	S	9	0	9	0.0001388975
Rhodobaca barguzinensis	441209	S	9	0	9	0.0001388975
Thalassococcus sp. S3	2017482	S	9	0	9	0.0001388975
Paraoceanicella profunda	2579971	S	7	2	9	0.0001388975
Terricaulis silvestris	2686094	S	9	0	9	0.0001388975
Azospirillum lipoferum	193	S	7	2	9	0.0001388975
Nitrospirillum amazonense	28077	S	9	0	9	0.0001388975
Acetobacter ghanensis	431306	S	8	1	9	0.0001388975
Acidiphilium cryptum	524	S	2	7	9	0.0001388975
Sulfurospirillum sp. UCH001	1581011	S	3	6	9	0.0001388975
Geobacter sp. M18	443143	S	6	3	9	0.0001388975
Pelobacter propionicus	29543	S	8	1	9	0.0001388975
Desulfovibrio alaskensis	58180	S	4	5	9	0.0001388975
Persicimonas caeni	2292766	S	9	0	9	0.0001388975
Microbacterium chocolatum	84292	S	8	1	9	0.0001388975
Agromyces protaetiae	2509455	S	7	2	9	0.0001388975
Glaciihabitans sp. INWT7	2596912	S	9	0	9	0.0001388975
Arthrobacter alpinus	656366	S	4	5	9	0.0001388975
Janibacter sp. YB324	2761047	S	4	5	9	0.0001388975
Brevibacterium linens	1703	S	7	2	9	0.0001388975
Rhodococcus sp. DMU1	2722825	S	2	7	9	0.0001388975
Rhodococcus opacus	37919	S	6	3	9	0.0001388975
Nocardia brasiliensis	37326	S	9	0	9	0.0001388975
Mycolicibacterium madagascariense	212765	S	9	0	9	0.0001388975
Mycolicibacterium vanbaalenii	110539	S	1	8	9	0.0001388975
Mycobacterium avium	1764	S	5	4	9	0.0001388975
Mycobacterium gordonae	1778	S	9	0	9	0.0001388975
Corynebacterium efficiens	152794	S	8	1	9	0.0001388975
Corynebacterium stationis	1705	S	7	2	9	0.0001388975
Cutibacterium avidum	33010	S	8	1	9	0.0001388975
Nocardioides sp. zg-1228	2763008	S	7	2	9	0.0001388975
Nocardioides houyundeii	2045452	S	7	2	9	0.0001388975
Candidatus Nanopelagicus abundans	1884916	S	9	0	9	0.0001388975
Streptomyces sp. RTd22	1841249	S	8	1	9	0.0001388975
Streptomyces sp. SAT1	1849967	S	8	1	9	0.0001388975
Streptomyces sp. CRPJ-33	2768068	S	8	1	9	0.0001388975
Streptomyces broussonetiae	2686304	S	8	1	9	0.0001388975
Streptomyces peucetius	1950	S	8	1	9	0.0001388975
Streptacidiphilus bronchialis	2126346	S	8	1	9	0.0001388975
Micromonospora zamorensis	709883	S	7	2	9	0.0001388975
Micromonospora krabiensis	307121	S	7	2	9	0.0001388975
Frankia inefficax	298654	S	9	0	9	0.0001388975
Herbinix luporum	1679721	S	8	1	9	0.0001388975
Clostridium sp. DL-VIII	641107	S	9	0	9	0.0001388975
Staphylococcus cohnii	29382	S	7	2	9	0.0001388975
Alicyclobacillus acidocaldarius	405212	S	9	0	9	0.0001388975
Streptococcus lutetiensis	150055	S	3	6	9	0.0001388975
Ligilactobacillus salivarius	1624	S	8	1	9	0.0001388975
Carnobacterium inhibens	147709	S	9	0	9	0.0001388975
Phascolarctobacterium sp. Marseille-Q4147	2823317	S	9	0	9	0.0001388975
Oscillatoria acuminata	118323	S	8	1	9	0.0001388975
Halothece sp. PCC 7418	65093	S	7	2	9	0.0001388975
Nostoc sp. PCC 7524	28072	S	8	1	9	0.0001388975
Calothrix sp. PCC 7507	99598	S	7	2	9	0.0001388975
Calothrix sp. NIES-2098	1954171	S	4	5	9	0.0001388975
Acholeplasma laidlawii	2148	S	9	0	9	0.0001388975
Polaribacter sp. SA4-12	1312072	S	8	1	9	0.0001388975
Capnocytophaga gingivalis	1017	S	9	0	9	0.0001388975
Tenacibaculum dicentrarchi	669041	S	8	1	9	0.0001388975
Myroides odoratus	256	S	9	0	9	0.0001388975
Algibacter sp. L3A6	2686366	S	6	3	9	0.0001388975
Kordia antarctica	1218801	S	9	0	9	0.0001388975
Kordia sp. SMS9	2282170	S	9	0	9	0.0001388975
Flavivirga eckloniae	1803846	S	9	0	9	0.0001388975
Seonamhaeicola sp. S2-3	1936081	S	8	1	9	0.0001388975
Wenyingzhuangia fucanilytica	1790137	S	8	1	9	0.0001388975
Chryseobacterium sp. SNU WT5	2594269	S	8	1	9	0.0001388975
Bacteroides coprosuis	151276	S	9	0	9	0.0001388975
Phocaeicola salanitronis	376805	S	9	0	9	0.0001388975
Solitalea canadensis	995	S	9	0	9	0.0001388975
Spirosoma sp. KCTC 42546	2520506	S	9	0	9	0.0001388975
Hymenobacter radiodurans	2496028	S	2	7	9	0.0001388975
Chitinophaga agri	2703787	S	7	2	9	0.0001388975
Arachidicoccus soli	2341117	S	9	0	9	0.0001388975
Panacibacter ginsenosidivorans	1813871	S	9	0	9	0.0001388975
Rosistilla oblonga	2527990	S	6	3	9	0.0001388975
Gimesia chilikensis	2605989	S	5	4	9	0.0001388975
Symmachiella dynata	2527995	S	9	0	9	0.0001388975
Paludisphaera borealis	1387353	S	7	2	9	0.0001388975
Treponema denticola	158	S	4	5	9	0.0001388975
Flavobacterium phage vB_FspS_filifjonk9-1	2686245	S	5	4	9	0.0001388975
Delftia sp. HK171	1920191	S	2	6	8	0.0001234644
Burkholderia latens	488446	S	3	5	8	0.0001234644
Burkholderia sp. DHOD12	2571746	S	8	0	8	0.0001234644
Paraburkholderia sprentiae	948107	S	7	1	8	0.0001234644
Paraburkholderia phymatum	148447	S	6	2	8	0.0001234644
Pandoraea faecigallinarum	656179	S	7	1	8	0.0001234644
Limnobacter sp. SAORIC-580	2732163	S	8	0	8	0.0001234644
Bordetella bronchialis	463025	S	8	0	8	0.0001234644
Sutterella wadsworthensis	40545	S	8	0	8	0.0001234644
Azoarcus sp. M9-3-2	2016596	S	8	0	8	0.0001234644
Microvirgula aerodenitrificans	57480	S	8	0	8	0.0001234644
Sideroxydans lithotrophicus	63745	S	8	0	8	0.0001234644
Thiobacillus denitrificans	36861	S	8	0	8	0.0001234644
Pseudomonas sp. B11D7D	2735906	S	8	0	8	0.0001234644
Pseudomonas sp. 31-12	2201356	S	7	1	8	0.0001234644
Pseudomonas sp. UW4	1207075	S	5	3	8	0.0001234644
Pseudomonas trivialis	200450	S	7	1	8	0.0001234644
Pseudomonas parafulva	157782	S	7	1	8	0.0001234644
Acinetobacter sp. NCu2D-2	1608473	S	8	0	8	0.0001234644
Acinetobacter sp. SWBY1	2079596	S	3	5	8	0.0001234644
Acinetobacter larvae	1789224	S	8	0	8	0.0001234644
Acinetobacter equi	1324350	S	8	0	8	0.0001234644
Acinetobacter shaoyimingii	2715164	S	8	0	8	0.0001234644
Enterobacter asburiae	61645	S	4	4	8	0.0001234644
Raoultella ornithinolytica	54291	S	1	7	8	0.0001234644
Shigella boydii	621	S	1	7	8	0.0001234644
Serratia liquefaciens	614	S	3	5	8	0.0001234644
Mixta theicola	1458355	S	7	1	8	0.0001234644
Stenotrophomonas sp. LM091	1904944	S	8	0	8	0.0001234644
Xanthomonas translucens	343	S	8	0	8	0.0001234644
Lysobacter capsici	435897	S	7	1	8	0.0001234644
Thermomonas sp. SY21	2202149	S	7	1	8	0.0001234644
Luteimonas sp. MC1750	2799326	S	7	1	8	0.0001234644
Pseudoalteromonas sp. SM9913	234831	S	2	6	8	0.0001234644
Colwellia sp. PAMC 21821	1816219	S	7	1	8	0.0001234644
Aeromonas schubertii	652	S	8	0	8	0.0001234644
Vibrio vulnificus	672	S	8	0	8	0.0001234644
Alkalilimnicola ehrlichii	351052	S	7	1	8	0.0001234644
Legionella sp. PC1000	2746060	S	8	0	8	0.0001234644
Mannheimia varigena	85404	S	7	1	8	0.0001234644
Sinorhizobium sp. M14	430451	S	1	7	8	0.0001234644
Mesorhizobium sp. 8	2584466	S	7	1	8	0.0001234644
Mesorhizobium sp. NZP2077	2483404	S	6	2	8	0.0001234644
Mesorhizobium sp. M1A.F.Ca.IN.022.06.1.1	2493680	S	6	2	8	0.0001234644
Microvirga thermotolerans	2651334	S	7	1	8	0.0001234644
Youhaiella tibetensis	1447062	S	8	0	8	0.0001234644
Labrys sp. KNU-23	2789216	S	8	0	8	0.0001234644
Aureimonas sp. LMG 31693	2758041	S	7	1	8	0.0001234644
Martelella sp. AD-3	686597	S	2	6	8	0.0001234644
Brucella intermedia	94625	S	7	1	8	0.0001234644
Stappia sp. ES.058	1881061	S	8	0	8	0.0001234644
Hartmannibacter diazotrophicus	1482074	S	7	1	8	0.0001234644
Sphingomonas sp. HDW15A	2714942	S	8	0	8	0.0001234644
Sphingomonas lutea	1045317	S	8	0	8	0.0001234644
Tardibacter chloracetimidivorans	1921510	S	4	4	8	0.0001234644
Erythrobacter sp. THAF29	2587851	S	6	2	8	0.0001234644
Tsuneonella flava	2055955	S	6	2	8	0.0001234644
Paraurantiacibacter namhicola	645517	S	8	0	8	0.0001234644
Paracoccus liaowanqingii	2560053	S	8	0	8	0.0001234644
Paracoccus denitrificans	266	S	6	2	8	0.0001234644
Roseovarius sp. THAF8	2587846	S	5	3	8	0.0001234644
Roseovarius sp. THAF9	2587847	S	5	3	8	0.0001234644
Phaeobacter inhibens	221822	S	6	2	8	0.0001234644
Monaibacterium sp. ALG8	2715211	S	6	2	8	0.0001234644
Pelagibaca abyssi	1250539	S	5	3	8	0.0001234644
Asticcacaulis excentricus	78587	S	8	0	8	0.0001234644
Rhodospirillum centenum	34018	S	7	1	8	0.0001234644
Pararhodospirillum photometricum	1084	S	8	0	8	0.0001234644
Entomobacter blattae	2762277	S	8	0	8	0.0001234644
Granulibacter bethesdensis	364410	S	8	0	8	0.0001234644
Roseococcus sp. NIBR12	2771361	S	8	0	8	0.0001234644
Orientia tsutsugamushi	784	S	8	0	8	0.0001234644
Poseidonibacter lekithochrous	1904463	S	8	0	8	0.0001234644
Geobacter sp. M21	443144	S	4	4	8	0.0001234644
Desulfobulbus propionicus	894	S	8	0	8	0.0001234644
Microbacterium sp. LKL04	912630	S	7	1	8	0.0001234644
Microbacterium sp. XT11	367477	S	7	1	8	0.0001234644
Microbacterium sp. 1.5R	1916917	S	1	7	8	0.0001234644
Microbacterium oryzae	743009	S	7	1	8	0.0001234644
Rathayibacter sp. VKM Ac-2804	2609257	S	6	2	8	0.0001234644
Rathayibacter iranicus	59737	S	8	0	8	0.0001234644
Rathayibacter tanaceti	1671680	S	8	0	8	0.0001234644
Leucobacter triazinivorans	1784719	S	6	2	8	0.0001234644
Protaetiibacter sp. SSC-01	2759943	S	7	1	8	0.0001234644
Arthrobacter crystallopoietes	37928	S	8	0	8	0.0001234644
Auritidibacter sp. NML130574	2170745	S	8	0	8	0.0001234644
Cellulomonas sp. Y8	2591145	S	6	2	8	0.0001234644
Cellulomonas sp. H30R-01	2704467	S	6	2	8	0.0001234644
Pseudactinotalea sp. HY158	2654547	S	8	0	8	0.0001234644
Rhodococcus sp. MTM3W5.2	1805827	S	7	1	8	0.0001234644
Rhodococcus sp. PBTS 2	1653479	S	5	3	8	0.0001234644
Rhodococcus sp. WB1	1033922	S	1	7	8	0.0001234644
Nocardia terpenica	455432	S	8	0	8	0.0001234644
Mycolicibacterium anyangense	1431246	S	8	0	8	0.0001234644
Mycobacterium sp. EPa45	1545728	S	8	0	8	0.0001234644
Gordonia bronchialis	2054	S	7	1	8	0.0001234644
Tsukamurella tyrosinosolvens	57704	S	7	1	8	0.0001234644
Tessaracoccus sp. MC1865	2760310	S	7	1	8	0.0001234644
Tessaracoccus aquimaris	1332264	S	6	2	8	0.0001234644
Tessaracoccus defluvii	1285901	S	5	3	8	0.0001234644
Brevilactibacter sp. MC1595	2819349	S	6	2	8	0.0001234644
Nocardioides sp. JQ2195	2592334	S	7	1	8	0.0001234644
Nocardioides sp. dk884	2662361	S	5	3	8	0.0001234644
Nocardioides ungokensis	1643322	S	6	2	8	0.0001234644
Aeromicrobium yanjiei	2662028	S	6	2	8	0.0001234644
Streptomyces paludis	2282738	S	8	0	8	0.0001234644
Streptomyces hundungensis	1077946	S	7	1	8	0.0001234644
Kitasatospora albolonga	68173	S	5	3	8	0.0001234644
Actinoplanes sp. N902-109	649831	S	5	3	8	0.0001234644
Actinosynnema pretiosum	42197	S	3	5	8	0.0001234644
Kutzneria albida	43357	S	7	1	8	0.0001234644
Actinomyces oris	544580	S	5	3	8	0.0001234644
Clostridium pasteurianum	1501	S	8	0	8	0.0001234644
[Eubacterium] cellulosolvens	29322	S	8	0	8	0.0001234644
Psychrobacillus glaciei	2283160	S	8	0	8	0.0001234644
Staphylococcus warneri	1292	S	6	2	8	0.0001234644
Staphylococcus equorum	246432	S	5	3	8	0.0001234644
Brevibacillus laterosporus	1465	S	2	6	8	0.0001234644
Streptococcus pneumoniae	1313	S	1	7	8	0.0001234644
Nostoc sphaeroides	446679	S	5	3	8	0.0001234644
Anabaena cylindrica	1165	S	7	1	8	0.0001234644
Synechococcus sp. PCC 7336	195250	S	8	0	8	0.0001234644
Synechococcus sp. WH 8103	29410	S	1	7	8	0.0001234644
Mycoplasma gallisepticum	2096	S	5	3	8	0.0001234644
Mycoplasma iowae	2116	S	3	5	8	0.0001234644
Thermus scotoductus	37636	S	5	3	8	0.0001234644
Truepera radiovictrix	332249	S	8	0	8	0.0001234644
Flavobacterium sp. CS20	2775246	S	6	2	8	0.0001234644
Polaribacter sp. L3A8	2686361	S	7	1	8	0.0001234644
Polaribacter sp. L12M9	2738844	S	5	3	8	0.0001234644
Winogradskyella sediminis	1382466	S	6	2	8	0.0001234644
Nonlabens sp. Hel1_33_55	1336802	S	7	1	8	0.0001234644
Aquimarina sp. AD1	1714848	S	8	0	8	0.0001234644
Psychroflexus sp. ALD_RP9	2777186	S	8	0	8	0.0001234644
Mariniflexile sp. TRM1-10	2027857	S	8	0	8	0.0001234644
Gillisia sp. Hel1_33_143	1336796	S	6	2	8	0.0001234644
Chryseobacterium sp.	1871047	S	7	1	8	0.0001234644
Anseongella ginsenosidimutans	496056	S	8	0	8	0.0001234644
Runella sp. SP2	2268026	S	8	0	8	0.0001234644
Dyadobacter fermentans	94254	S	6	2	8	0.0001234644
Pontibacter russatus	2694929	S	8	0	8	0.0001234644
Adhaeribacter swui	2086471	S	8	0	8	0.0001234644
Marivirga tractuosa	1006	S	6	2	8	0.0001234644
Arachidicoccus ginsenosidivorans	496057	S	8	0	8	0.0001234644
Flavisolibacter ginsenosidimutans	661481	S	8	0	8	0.0001234644
Pseudocnuella soli	2502779	S	7	1	8	0.0001234644
Tuwongella immobilis	692036	S	8	0	8	0.0001234644
Stieleria maiorica	2795974	S	6	2	8	0.0001234644
Lignipirellula cremea	2528010	S	7	1	8	0.0001234644
Acidobacterium sp. 4Y35	2763107	S	7	1	8	0.0001234644
Methanoregula formicica	882104	S	8	0	8	0.0001234644
Janthinobacterium sp. 17J80-10	2497863	S	7	0	7	0.0001080314
Glaciimonas sp. PAMC28666	2807626	S	7	0	7	0.0001080314
Burkholderia sp. YI23	1097668	S	4	3	7	0.0001080314
Paraburkholderia atlantica	2654982	S	6	1	7	0.0001080314
Paraburkholderia dokdonella	2211211	S	6	1	7	0.0001080314
Paraburkholderia fungorum	134537	S	6	1	7	0.0001080314
Paraburkholderia caledonica	134536	S	6	1	7	0.0001080314
Paraburkholderia tropica	92647	S	6	1	7	0.0001080314
Paraburkholderia phenoliruptrix	252970	S	5	2	7	0.0001080314
Paraburkholderia xenovorans	36873	S	4	3	7	0.0001080314
Caballeronia sp. M1242	2814653	S	6	1	7	0.0001080314
Bordetella flabilis	463014	S	7	0	7	0.0001080314
Bordetella pseudohinzii	1331258	S	6	1	7	0.0001080314
Bordetella petrii	94624	S	4	3	7	0.0001080314
Rugosibacter aromaticivorans	1565605	S	7	0	7	0.0001080314
Chitinibacter sp. 2T18	2739434	S	5	2	7	0.0001080314
Vitreoscilla sp. C1	96942	S	7	0	7	0.0001080314
Nitrosospira briensis	35799	S	7	0	7	0.0001080314
Sulfurimicrobium lacus	2715678	S	7	0	7	0.0001080314
Gallionella capsiferriformans	370405	S	7	0	7	0.0001080314
Pseudomonas sp. Tri1	2823875	S	6	1	7	0.0001080314
Pseudomonas sp. MYb193	1827300	S	5	2	7	0.0001080314
Pseudomonas alcaligenes	43263	S	6	1	7	0.0001080314
Pseudomonas balearica	74829	S	5	2	7	0.0001080314
Pseudomonas entomophila	312306	S	7	0	7	0.0001080314
Pseudomonas yamanorum	515393	S	6	1	7	0.0001080314
Azotobacter chroococcum	353	S	6	1	7	0.0001080314
Acinetobacter sp. TGL-Y2	1407071	S	7	0	7	0.0001080314
Psychrobacter sp. P2G3	1699622	S	4	3	7	0.0001080314
Psychrobacter urativorans	45610	S	7	0	7	0.0001080314
Psychrobacter cryohalolentis	330922	S	3	4	7	0.0001080314
Serratia plymuthica	82996	S	6	1	7	0.0001080314
Serratia rubidaea	61652	S	3	4	7	0.0001080314
Serratia quinivorans	137545	S	3	4	7	0.0001080314
Yersinia enterocolitica	630	S	6	1	7	0.0001080314
Pantoea sp. CCBC3-3-1	2490851	S	7	0	7	0.0001080314
Pantoea sp. PSNIH1	1484158	S	5	2	7	0.0001080314
Xenorhabdus hominickii	351679	S	6	1	7	0.0001080314
Dickeya paradisiaca	69223	S	3	4	7	0.0001080314
Sodalis praecaptivus	1239307	S	7	0	7	0.0001080314
Xanthomonas sp. GW	2724121	S	1	6	7	0.0001080314
Xanthomonas vasicola	56459	S	7	0	7	0.0001080314
Lysobacter sp. H21R4	2781021	S	3	4	7	0.0001080314
Lysobacter lycopersici	1324796	S	7	0	7	0.0001080314
Luteimonas sp. JM171	1896164	S	7	0	7	0.0001080314
Dyella caseinilytica	1849581	S	7	0	7	0.0001080314
Shewanella sp. ANA-3	94122	S	2	5	7	0.0001080314
Marinobacter fonticola	2603215	S	7	0	7	0.0001080314
Neptunomonas japonica	417574	S	7	0	7	0.0001080314
Candidatus Nitrosacidococcus tergens	553981	S	7	0	7	0.0001080314
Woeseia oceani	1548547	S	7	0	7	0.0001080314
Cellvibrio sp. PSBB023	1945512	S	7	0	7	0.0001080314
Simiduia agarivorans	447471	S	7	0	7	0.0001080314
Halioglobus japonicus	930805	S	7	0	7	0.0001080314
Halioglobus maricola	2601894	S	7	0	7	0.0001080314
Methylomonas methanica	421	S	7	0	7	0.0001080314
Methylotuvimicrobium buryatense	95641	S	3	4	7	0.0001080314
Thiothrix unzii	111769	S	5	2	7	0.0001080314
Acidiferrobacter sp. SPIII_3	1281578	S	7	0	7	0.0001080314
endosymbiont of unidentified scaly snail isolate Monju	1248727	S	7	0	7	0.0001080314
Bradyrhizobium sp. CCBAU 51765	1325102	S	6	1	7	0.0001080314
Bradyrhizobium sp. ORS 285	115808	S	6	1	7	0.0001080314
Bradyrhizobium sp. ORS 278	114615	S	6	1	7	0.0001080314
Bradyrhizobium sp. CCBAU 53338	1325111	S	4	3	7	0.0001080314
Bradyrhizobium sp. CCBAU 53351	1325114	S	4	3	7	0.0001080314
Bradyrhizobium canariense	255045	S	7	0	7	0.0001080314
Bradyrhizobium zhanjiangense	1325107	S	6	1	7	0.0001080314
Nitrobacter hamburgensis	912	S	7	0	7	0.0001080314
Rhizobium pseudoryzae	379684	S	6	1	7	0.0001080314
Rhizobium flavum	1335061	S	4	3	7	0.0001080314
Rhizobium hidalgonense	1538159	S	2	5	7	0.0001080314
Agrobacterium fabacearum	1183401	S	1	6	7	0.0001080314
Mesorhizobium sp. NBSH29	2654249	S	7	0	7	0.0001080314
Mesorhizobium sp. INR15	2654248	S	7	0	7	0.0001080314
Mesorhizobium sp. 113-3-9	2744517	S	4	3	7	0.0001080314
Nitratireductor sp. OM-1	1756988	S	7	0	7	0.0001080314
Nitratireductor sp. SY7	2599600	S	6	1	7	0.0001080314
Methylobacterium sp. 17Sr1-1	2202826	S	6	1	7	0.0001080314
Methylobacterium terrae	2202827	S	6	1	7	0.0001080314
Microvirga sp. VF16	2807101	S	7	0	7	0.0001080314
Maritalea myrionectae	454601	S	7	0	7	0.0001080314
Stappia indica	538381	S	6	1	7	0.0001080314
Methylocella tundrae	227605	S	7	0	7	0.0001080314
Bartonella apis	1686310	S	7	0	7	0.0001080314
Lichenihabitans psoromatis	2528642	S	7	0	7	0.0001080314
Sphingomonas sp. AP4-R1	2735134	S	7	0	7	0.0001080314
Sphingomonas sp. LMO-1	2681549	S	7	0	7	0.0001080314
Sphingomonas ginsengisoli An et al. 2013	363835	S	7	0	7	0.0001080314
Sphingobium japonicum	332056	S	5	2	7	0.0001080314
Sphingobium herbicidovorans	76947	S	4	3	7	0.0001080314
Altererythrobacter sp. BO-6	2604537	S	7	0	7	0.0001080314
Qipengyuania seohaensis	266951	S	6	1	7	0.0001080314
Pelagerythrobacter marensis	543877	S	7	0	7	0.0001080314
Sphingosinicella sp. BN140058	1892855	S	7	0	7	0.0001080314
Paracoccus contaminans	1945662	S	6	1	7	0.0001080314
Paracoccus suum	2259340	S	6	1	7	0.0001080314
Sulfitobacter sp. THAF37	2587855	S	4	3	7	0.0001080314
Roseovarius sp. THAF27	2587850	S	4	3	7	0.0001080314
Yangia sp. CCB-MM3	1792508	S	6	1	7	0.0001080314
Jannaschia sp. CCS1	290400	S	7	0	7	0.0001080314
Brevirhabdus pacifica	1267768	S	4	3	7	0.0001080314
Azospirillum sp. TSH58	664962	S	4	3	7	0.0001080314
Glycocaulis alkaliphilus	1434191	S	7	0	7	0.0001080314
Hyphomonas sp. Mor2	1906738	S	7	0	7	0.0001080314
Parvularcula bermudensis	208216	S	6	1	7	0.0001080314
Aliarcobacter thereius	544718	S	6	1	7	0.0001080314
Vulgatibacter incomptus	1391653	S	7	0	7	0.0001080314
Geobacter lovleyi	313985	S	7	0	7	0.0001080314
Acidithiobacillus ferrivorans	160808	S	7	0	7	0.0001080314
Microbacterium wangchenii	2541726	S	6	1	7	0.0001080314
Microbacterium hydrocarbonoxydans	273678	S	6	1	7	0.0001080314
Leucobacter sp. CX169	2813744	S	6	1	7	0.0001080314
Leifsonia sp. 21MFCrub1.1	1798223	S	3	4	7	0.0001080314
Glutamicibacter mishrai	1775880	S	7	0	7	0.0001080314
Zhihengliuella sp. ISTPL4	2058657	S	2	5	7	0.0001080314
Cellulomonas flavigena	1711	S	6	1	7	0.0001080314
Brevibacterium sp. CS2	2575923	S	6	1	7	0.0001080314
Brachybacterium faecium	43669	S	5	2	7	0.0001080314
Serinicoccus profundi	1078471	S	6	1	7	0.0001080314
Isoptericola dokdonensis	372663	S	6	1	7	0.0001080314
Luteimicrobium xylanilyticum	1133546	S	6	1	7	0.0001080314
Rhodococcus coprophilus	38310	S	7	0	7	0.0001080314
Nocardia farcinica	37329	S	6	1	7	0.0001080314
Mycolicibacterium helvum	1534349	S	7	0	7	0.0001080314
Mycolicibacterium insubricum	444597	S	6	1	7	0.0001080314
Mycolicibacterium doricum	126673	S	6	1	7	0.0001080314
Mycolicibacterium gilvum	1804	S	3	4	7	0.0001080314
Mycobacteroides abscessus	36809	S	7	0	7	0.0001080314
Mycobacteroides immunogenum	83262	S	6	1	7	0.0001080314
Corynebacterium sp. 2019	2675218	S	6	1	7	0.0001080314
Tessaracoccus flavus	1610493	S	5	2	7	0.0001080314
Raineyella sp. CBA3103	2662261	S	7	0	7	0.0001080314
Nocardioides sp. HDW12A	2714938	S	5	2	7	0.0001080314
Nocardioides seonyuensis	2518371	S	6	1	7	0.0001080314
Nocardioides anomalus	2712223	S	6	1	7	0.0001080314
Pimelobacter simplex	2045	S	5	2	7	0.0001080314
Streptomyces sp. ZYC-3	2797636	S	7	0	7	0.0001080314
Streptomyces sp. CdTB01	1725411	S	7	0	7	0.0001080314
Streptomyces sp. So13.3	2136173	S	7	0	7	0.0001080314
Streptomyces sp. GS7	2692234	S	7	0	7	0.0001080314
Streptomyces sp. SYP-A7193	2662065	S	6	1	7	0.0001080314
Streptomyces sp. SGAir0924	2109593	S	3	4	7	0.0001080314
Streptomyces chartreusis	1969	S	7	0	7	0.0001080314
Streptomyces hygroscopicus	1912	S	7	0	7	0.0001080314
Streptomyces viridifaciens	48665	S	1	6	7	0.0001080314
Kitasatospora sp. NA04385	2742135	S	6	1	7	0.0001080314
Kitasatospora setae	2066	S	6	1	7	0.0001080314
Actinoplanes missouriensis	1866	S	6	1	7	0.0001080314
Micromonospora echinofusca	47858	S	5	2	7	0.0001080314
Micromonospora siamensis	299152	S	5	2	7	0.0001080314
Amycolatopsis sp. FDAARGOS 1241	2778070	S	7	0	7	0.0001080314
Pseudonocardia sp. CGMCC 4.1532	2761535	S	6	1	7	0.0001080314
Pseudonocardia broussonetiae	2736640	S	6	1	7	0.0001080314
Saccharopolyspora erythraea	1836	S	6	1	7	0.0001080314
Actinomadura sp. WMMB 499	1219491	S	6	1	7	0.0001080314
Actinomadura sp. NAK00032	2742128	S	6	1	7	0.0001080314
Frankia sp. EAN1pec	298653	S	7	0	7	0.0001080314
Anaerocolumna sedimenticola	2696063	S	7	0	7	0.0001080314
Ruminococcus sp. JE7A12	2564099	S	7	0	7	0.0001080314
Dysosmobacter welbionis	2093857	S	2	5	7	0.0001080314
Clostridium tyrobutyricum	1519	S	7	0	7	0.0001080314
Clostridium kluyveri	1534	S	7	0	7	0.0001080314
Candidatus Arthromitus sp. SFB-mouse-NL	1508644	S	1	6	7	0.0001080314
Massilistercora timonensis	2086584	S	5	2	7	0.0001080314
Eubacterium sp. NSJ-61	2764325	S	5	2	7	0.0001080314
Acetobacterium sp. KB-1	2184575	S	7	0	7	0.0001080314
Staphylococcus saprophyticus	29385	S	7	0	7	0.0001080314
Staphylococcus felis	46127	S	7	0	7	0.0001080314
Staphylococcus arlettae	29378	S	6	1	7	0.0001080314
Paenibacillus sp. 37	2607911	S	5	2	7	0.0001080314
Tumebacillus algifaecis	1214604	S	4	3	7	0.0001080314
Streptococcus dysgalactiae	1334	S	4	3	7	0.0001080314
Lactobacillus amylovorus	1604	S	6	1	7	0.0001080314
Pectinatus frisingensis	865	S	7	0	7	0.0001080314
Acidaminococcus intestini	187327	S	7	0	7	0.0001080314
Amedibacterium intestinale	2583452	S	5	2	7	0.0001080314
Crinalium epipsammum	241425	S	7	0	7	0.0001080314
Nostoc sp. NIES-2111	1973475	S	1	6	7	0.0001080314
Nostoc linckia	92942	S	5	2	7	0.0001080314
Prochlorococcus sp. MIT 0604	1501268	S	2	5	7	0.0001080314
Chamaesiphon minutus	1173032	S	7	0	7	0.0001080314
Candidatus Promineofilum breve	1806508	S	7	0	7	0.0001080314
Polaribacter sp. SM13	2818493	S	7	0	7	0.0001080314
Capnocytophaga canimorsus	28188	S	6	1	7	0.0001080314
Winogradskyella sp. PC-19	754417	S	5	2	7	0.0001080314
Winogradskyella helgolandensis	2697010	S	6	1	7	0.0001080314
Formosa sp. L2A11	2686363	S	6	1	7	0.0001080314
Nonlabens marinus	930802	S	5	2	7	0.0001080314
Dokdonia sp. MED134	313590	S	4	3	7	0.0001080314
Algibacter alginicilyticus	1736674	S	6	1	7	0.0001080314
Salegentibacter salegens	143223	S	7	0	7	0.0001080314
Sediminicola sp. YIK13	1453352	S	7	0	7	0.0001080314
Euzebyella marina	1761453	S	4	3	7	0.0001080314
Chryseobacterium sp. T16E-39	2015076	S	7	0	7	0.0001080314
Chryseobacterium sp. JV274	1932669	S	6	1	7	0.0001080314
Chryseobacterium sp. G0201	2487065	S	6	1	7	0.0001080314
Chryseobacterium sp. POL2	2713414	S	6	1	7	0.0001080314
Chryseobacterium sp. G0186	2487064	S	5	2	7	0.0001080314
Chryseobacterium haifense	421525	S	3	4	7	0.0001080314
Prevotella melaninogenica	28132	S	7	0	7	0.0001080314
Proteiniphilum saccharofermentans	1642647	S	7	0	7	0.0001080314
Labilibaculum antarcticum	1717717	S	7	0	7	0.0001080314
Sphingobacterium mizutaii	1010	S	7	0	7	0.0001080314
Sphingobacterium psychroaquaticum	561061	S	7	0	7	0.0001080314
Sphingobacterium spiritivorum	258	S	6	1	7	0.0001080314
Spirosoma endbachense	2666025	S	6	1	7	0.0001080314
Spirosoma aureum	2692134	S	6	1	7	0.0001080314
Leadbetterella byssophila	316068	S	5	2	7	0.0001080314
Hymenobacter qilianensis	1385715	S	7	0	7	0.0001080314
Hymenobacter sedentarius	1411621	S	7	0	7	0.0001080314
Pontibacter actiniarum	323450	S	5	2	7	0.0001080314
Belliella baltica	232259	S	6	1	7	0.0001080314
Chryseolinea soli	2321403	S	7	0	7	0.0001080314
Flammeovirga sp. MY04	1191459	S	7	0	7	0.0001080314
Bernardetia litoralis	999	S	7	0	7	0.0001080314
Chitinophaga sp. 1303	2725414	S	2	5	7	0.0001080314
Chitinophaga sp. 1310	2725416	S	2	5	7	0.0001080314
Chlorobaculum limnaeum	274537	S	6	1	7	0.0001080314
Gimesia panareensis	2527978	S	7	0	7	0.0001080314
Terriglobus saanensis	870903	S	6	1	7	0.0001080314
Granulicella mallensis	940614	S	6	1	7	0.0001080314
Fusobacterium nucleatum	851	S	7	0	7	0.0001080314
Methanobrevibacter smithii	2173	S	7	0	7	0.0001080314
Nitrosarchaeum sp. AC2	2259673	S	7	0	7	0.0001080314
Bacteriophage vB_NpeS-2AV2	1777122	S	4	3	7	0.0001080314
Aeromonas phage 2_L372X	2588515	S	2	5	7	0.0001080314
Burkholderia pyrrocinia	60550	S	4	2	6	0.0000925983
Burkholderia sp. Bp7605	1740163	S	6	0	6	0.0000925983
Burkholderia thailandensis	57975	S	5	1	6	0.0000925983
Paraburkholderia sp. PGU19	2735434	S	4	2	6	0.0000925983
Pandoraea norimbergensis	93219	S	6	0	6	0.0000925983
Achromobacter pestifer	1353889	S	4	2	6	0.0000925983
Achromobacter deleyi	1353891	S	3	3	6	0.0000925983
Basilea psittacipulmonis	1472345	S	6	0	6	0.0000925983
Azoarcus sp. KH32C	748247	S	6	0	6	0.0000925983
Chromobacterium violaceum	536	S	5	1	6	0.0000925983
Deefgea sp. D17	2739061	S	6	0	6	0.0000925983
Neisseria weaveri	28091	S	5	1	6	0.0000925983
Eikenella corrodens	539	S	4	2	6	0.0000925983
Ferriphaselus amnicola	1188319	S	6	0	6	0.0000925983
Pseudomonas sp. DY-1	1755504	S	6	0	6	0.0000925983
Pseudomonas sp. LG1E9	2219057	S	6	0	6	0.0000925983
Pseudomonas sp. R5-89-07	658644	S	6	0	6	0.0000925983
Pseudomonas sp. GR 6-02	1659194	S	3	3	6	0.0000925983
Pseudomonas sp. VLB120	69328	S	2	4	6	0.0000925983
Pseudomonas cedrina	651740	S	5	1	6	0.0000925983
Pseudomonas libanensis	75588	S	3	3	6	0.0000925983
Pseudomonas mandelii	75612	S	2	4	6	0.0000925983
Pseudomonas nitroreducens	46680	S	4	2	6	0.0000925983
Pseudomonas furukawaii	1149133	S	6	0	6	0.0000925983
Pseudomonas cremoricolorata	157783	S	6	0	6	0.0000925983
Pseudomonas sabulinigri	472181	S	6	0	6	0.0000925983
Oblitimonas alkaliphila	1697053	S	6	0	6	0.0000925983
Acinetobacter sp. LoGeW2-3	1808001	S	6	0	6	0.0000925983
Acinetobacter cumulans	2136182	S	5	1	6	0.0000925983
Acinetobacter variabilis	70346	S	3	3	6	0.0000925983
Psychrobacter sp. 28M-43	2772254	S	6	0	6	0.0000925983
Aquirhabdus parva	2283318	S	6	0	6	0.0000925983
Raoultella planticola	575	S	4	2	6	0.0000925983
Yersinia kristensenii	28152	S	2	4	6	0.0000925983
Candidatus Erwinia haradaeae	1922217	S	6	0	6	0.0000925983
Mixta gaviniae	665914	S	6	0	6	0.0000925983
Dickeya zeae	204042	S	6	0	6	0.0000925983
Pectobacterium polaris	2042057	S	4	2	6	0.0000925983
Stenotrophomonas sp. SAU14A_NAIMI4_8	2072409	S	1	5	6	0.0000925983
Stenotrophomonas sp. Pemsol	2040586	S	5	1	6	0.0000925983
Luteimonas sp. MC1825	2761107	S	5	1	6	0.0000925983
Ahniella affigens	2021234	S	6	0	6	0.0000925983
Shewanella sp. FJAT-52962	2814293	S	1	5	6	0.0000925983
Shewanella algae	38313	S	5	1	6	0.0000925983
Marinobacter sp. CP1	1671721	S	2	4	6	0.0000925983
Alteromonas macleodii	28108	S	4	2	6	0.0000925983
Salinimonas sediminis	2303538	S	4	2	6	0.0000925983
Pseudoalteromonas sp. JSTW	2752475	S	1	5	6	0.0000925983
Aeromonas sp. CU5	2033033	S	6	0	6	0.0000925983
Aeromonas sp. ASNIH1	1636606	S	1	5	6	0.0000925983
Candidatus Portiera aleyrodidarum	91844	S	6	0	6	0.0000925983
Alcanivorax xenomutans	1094342	S	1	5	6	0.0000925983
Hahella sp. KA22	1628392	S	6	0	6	0.0000925983
Vibrio sp. SM1977	2662262	S	6	0	6	0.0000925983
Vibrio furnissii	29494	S	6	0	6	0.0000925983
Vibrio cholerae	666	S	5	1	6	0.0000925983
Thermochromatium tepidum	1050	S	6	0	6	0.0000925983
Thioalkalivibrio nitratireducens	186931	S	5	1	6	0.0000925983
Acidihalobacter ferrooxydans	1765967	S	6	0	6	0.0000925983
Microbulbifer hydrolyticus	48074	S	5	1	6	0.0000925983
Methylomonas sp. LL1	2785785	S	6	0	6	0.0000925983
Methylomonas rhizoryzae	2608981	S	6	0	6	0.0000925983
Methylomicrobium album	39775	S	6	0	6	0.0000925983
Methylomicrobium sp. wino1	2049332	S	5	1	6	0.0000925983
Candidatus Methylospira mobilis	1808979	S	6	0	6	0.0000925983
Avibacterium paragallinarum	728	S	3	3	6	0.0000925983
Sulfurifustis variabilis	1675686	S	6	0	6	0.0000925983
Salinisphaera sp. LB1	2183911	S	6	0	6	0.0000925983
Bradyrhizobium betae	244734	S	4	2	6	0.0000925983
Nitrobacter winogradskyi	913	S	6	0	6	0.0000925983
Rhizobium sp. 11515TR	2028343	S	6	0	6	0.0000925983
Rhizobium sp. ADMK78	1813451	S	6	0	6	0.0000925983
Rhizobium etli	29449	S	4	2	6	0.0000925983
Shinella sp. PSBB067	2715959	S	3	3	6	0.0000925983
Mesorhizobium sp. DCY119	2108445	S	5	1	6	0.0000925983
Mesorhizobium sp. M6A.T.Cr.TU.016.01.1.1	2493677	S	5	1	6	0.0000925983
Mesorhizobium sp. M9A.F.Ca.ET.002.03.1.2	2493668	S	4	2	6	0.0000925983
Mesorhizobium sp. M1D.F.Ca.ET.043.01.1.1	2493669	S	4	2	6	0.0000925983
Mesorhizobium sp. M2A.F.Ca.ET.043.05.1.1	2493671	S	4	2	6	0.0000925983
Mesorhizobium sp. AA22	1854057	S	3	3	6	0.0000925983
Mesorhizobium australicum	536018	S	4	2	6	0.0000925983
Mesorhizobium japonicum	2066070	S	3	3	6	0.0000925983
Methylobacterium sp. AMS5	925818	S	4	2	6	0.0000925983
Methyloceanibacter caenitepidi	1384459	S	5	1	6	0.0000925983
Methylocystis parvus	134	S	6	0	6	0.0000925983
Methylocystis heyeri	391905	S	6	0	6	0.0000925983
Methylocystis sp. SC2	187303	S	5	1	6	0.0000925983
Methylosinus trichosporium	426	S	6	0	6	0.0000925983
Methylovirgula ligni	569860	S	6	0	6	0.0000925983
Chelatococcus sp. CO-6	1702325	S	4	2	6	0.0000925983
Sphingobium chlorophenolicum	46429	S	4	2	6	0.0000925983
Sphingobium amiense	135719	S	2	4	6	0.0000925983
Sphingosinithalassobacter sp. zrk23	2711215	S	5	1	6	0.0000925983
Parasphingorhabdus sp. JHSY0214	2806553	S	6	0	6	0.0000925983
Erythrobacter sp. 6D36	2782568	S	6	0	6	0.0000925983
Altererythrobacter epoxidivorans	361183	S	5	1	6	0.0000925983
Paracoccus aminophilus	34003	S	6	0	6	0.0000925983
Paracoccus jeotgali	2065379	S	6	0	6	0.0000925983
Sulfitobacter sp. SK025	1389011	S	3	3	6	0.0000925983
Rhodovulum sp. P5	1564506	S	5	1	6	0.0000925983
Leisingera methylohalidivorans	133924	S	4	2	6	0.0000925983
Thioclava nitratireducens	1915078	S	4	2	6	0.0000925983
Silicimonas algicola	1826607	S	6	0	6	0.0000925983
Mameliella alba	561184	S	5	1	6	0.0000925983
Sagittula sp. P11	2009329	S	3	3	6	0.0000925983
Azospirillum ramasamyi	682998	S	5	1	6	0.0000925983
Magnetospirillum sp. ME-1	1639348	S	3	3	6	0.0000925983
Thalassospira xiamenensis	220697	S	4	2	6	0.0000925983
Indioceanicola profundi	2220096	S	6	0	6	0.0000925983
Roseomonas sp. 1318	2768161	S	6	0	6	0.0000925983
Gluconacetobacter diazotrophicus	33996	S	6	0	6	0.0000925983
Kozakia baliensis	153496	S	5	1	6	0.0000925983
Ehrlichia ruminantium	779	S	5	1	6	0.0000925983
Marinicauda algicola	2029849	S	5	1	6	0.0000925983
Hyphomonas sp. KY3	2016196	S	5	1	6	0.0000925983
Phreatobacter cathodiphilus	1868589	S	6	0	6	0.0000925983
Phreatobacter sp. NMCR1094	2570229	S	6	0	6	0.0000925983
Magnetococcus marinus	1124597	S	6	0	6	0.0000925983
Malaciobacter marinus	505249	S	5	1	6	0.0000925983
Campylobacter showae	204	S	6	0	6	0.0000925983
Campylobacter lanienae	75658	S	5	1	6	0.0000925983
Helicobacter pylori	210	S	6	0	6	0.0000925983
Corallococcus macrosporus	35	S	2	4	6	0.0000925983
Geobacter sp. SVR	2495594	S	6	0	6	0.0000925983
Geoalkalibacter subterraneus	483547	S	4	2	6	0.0000925983
Desulfovibrio sp. 86	2666132	S	5	1	6	0.0000925983
Pseudodesulfovibrio indicus	1716143	S	5	1	6	0.0000925983
Desulfomicrobium orale	132132	S	6	0	6	0.0000925983
Hydrogenophilus thermoluteolus	297	S	6	0	6	0.0000925983
Microbacterium sp. WY121	2782168	S	6	0	6	0.0000925983
Microbacterium sp. ABRD_28	2268461	S	6	0	6	0.0000925983
Microbacterium sp. Y-01	2048898	S	4	2	6	0.0000925983
Curtobacterium sp. YC1	2795488	S	5	1	6	0.0000925983
Salinibacterium sp. UTAS2018	2508880	S	6	0	6	0.0000925983
Leucobacter muris	1935379	S	5	1	6	0.0000925983
Agrococcus jejuensis	399736	S	5	1	6	0.0000925983
Agrococcus carbonis	684552	S	5	1	6	0.0000925983
Cryobacterium sp. LW097	1978566	S	5	1	6	0.0000925983
Mycetocola zhujimingii	2079792	S	6	0	6	0.0000925983
Frondihabitans sp. PAMC 28766	1795630	S	6	0	6	0.0000925983
Microterricola viridarii	412690	S	6	0	6	0.0000925983
Arthrobacter sp. ZXY-2	1806905	S	1	5	6	0.0000925983
Brevibacterium casei	33889	S	5	1	6	0.0000925983
Rhodococcus sp. P1Y	1302308	S	6	0	6	0.0000925983
Mycolicibacterium aurum	1791	S	6	0	6	0.0000925983
Mycolicibacterium celeriflavum	1249101	S	6	0	6	0.0000925983
Mycolicibacterium psychrotolerans	216929	S	6	0	6	0.0000925983
Mycolicibacterium mucogenicum	56689	S	5	1	6	0.0000925983
Mycolicibacterium hassiacum	46351	S	5	1	6	0.0000925983
Mycobacterium conspicuum	44010	S	6	0	6	0.0000925983
Corynebacterium sp. ZJ-599	2709394	S	6	0	6	0.0000925983
Corynebacterium maris	575200	S	6	0	6	0.0000925983
Corynebacterium variabile	1727	S	4	2	6	0.0000925983
Gordonia sp. 1D	1737359	S	2	4	6	0.0000925983
Gordonia terrae	2055	S	5	1	6	0.0000925983
Gordonia ajococcus	1292359	S	2	4	6	0.0000925983
Nocardioides sambongensis	2589074	S	5	1	6	0.0000925983
Streptomyces sp. CB01881	2078691	S	6	0	6	0.0000925983
Streptomyces griseus	1911	S	5	1	6	0.0000925983
Streptomyces anulatus	1892	S	4	2	6	0.0000925983
Streptomyces albus	1888	S	6	0	6	0.0000925983
Streptomyces griseoviridis	45398	S	6	0	6	0.0000925983
Streptomyces xinghaiensis	1038928	S	6	0	6	0.0000925983
Streptomyces nojiriensis	66374	S	5	1	6	0.0000925983
Streptomyces lydicus	47763	S	5	1	6	0.0000925983
Streptomyces albidoflavus	1886	S	2	4	6	0.0000925983
Micromonospora coriariae	285665	S	5	1	6	0.0000925983
Micromonospora inositola	47865	S	4	2	6	0.0000925983
Amycolatopsis sp. BJA-103	1911175	S	5	1	6	0.0000925983
Amycolatopsis sp. YIM 10	2653857	S	5	1	6	0.0000925983
Pseudonocardia autotrophica	2074	S	5	1	6	0.0000925983
Saccharomonospora xinjiangensis	75294	S	6	0	6	0.0000925983
Saccharomonospora cyanea	40989	S	5	1	6	0.0000925983
Kibdelosporangium phytohabitans	860235	S	6	0	6	0.0000925983
Lentzea guizhouensis	1586287	S	6	0	6	0.0000925983
Actinomadura sp. WMMA1423	2591108	S	5	1	6	0.0000925983
Nonomuraea sp. ATCC 55076	1909395	S	5	1	6	0.0000925983
Streptosporangium roseum	2001	S	5	1	6	0.0000925983
Epidermidibacterium keratini	1891644	S	5	1	6	0.0000925983
Adlercreutzia equolifaciens	446660	S	5	1	6	0.0000925983
Conexibacter woesei	191495	S	6	0	6	0.0000925983
Blautia argi	1912897	S	5	1	6	0.0000925983
Ruthenibacterium lactatiformans	1550024	S	6	0	6	0.0000925983
Clostridium taeniosporum	394958	S	6	0	6	0.0000925983
Clostridium tetani	1513	S	3	3	6	0.0000925983
Paeniclostridium sordellii	1505	S	6	0	6	0.0000925983
Monoglobus pectinilyticus	1981510	S	5	1	6	0.0000925983
Lysinibacillus sp. FJAT-51161	2590012	S	6	0	6	0.0000925983
Geobacillus sp. C56-T3	691437	S	2	4	6	0.0000925983
Anaerobacillus isosaccharinicus	1532552	S	6	0	6	0.0000925983
Priestia megaterium	1404	S	3	3	6	0.0000925983
Staphylococcus pasteuri	45972	S	6	0	6	0.0000925983
Staphylococcus haemolyticus	1283	S	5	1	6	0.0000925983
Streptococcus australis	113107	S	4	2	6	0.0000925983
Weissella hellenica	46256	S	4	2	6	0.0000925983
Enterococcus avium	33945	S	6	0	6	0.0000925983
Enterococcus gallinarum	1353	S	5	1	6	0.0000925983
Turicibacter sanguinis	154288	S	6	0	6	0.0000925983
Finegoldia magna	1260	S	4	2	6	0.0000925983
Oxynema sp. AP17	2064643	S	6	0	6	0.0000925983
Nostoc sp. 'Peltigera membranacea cyanobiont' N6	1261031	S	4	2	6	0.0000925983
Nostoc sp. C052	2576902	S	4	2	6	0.0000925983
Calothrix sp. NIES-3974	2005462	S	6	0	6	0.0000925983
Pseudanabaena sp. PCC 7367	82654	S	6	0	6	0.0000925983
Stanieria cyanosphaera	102116	S	4	2	6	0.0000925983
Polaribacter sp. SA4-10	754397	S	6	0	6	0.0000925983
Tenacibaculum maritimum	107401	S	6	0	6	0.0000925983
Gramella salexigens	1913577	S	6	0	6	0.0000925983
Nonlabens sp. MB-3u-79	2058134	S	5	1	6	0.0000925983
Aquimarina sp. BL5	1714860	S	6	0	6	0.0000925983
Myroides fluvii	2572594	S	6	0	6	0.0000925983
Myroides phaeus	702745	S	5	1	6	0.0000925983
Maribacter sp. T28	1836467	S	6	0	6	0.0000925983
Aequorivita sp. H23M31	2494375	S	6	0	6	0.0000925983
Tamlana carrageenivorans	2069432	S	5	1	6	0.0000925983
Tamlana sp. s12	1630406	S	5	1	6	0.0000925983
Altibacter sp. ALE3EI	2562285	S	6	0	6	0.0000925983
Changchengzhania lutea	2049305	S	6	0	6	0.0000925983
Chryseobacterium arthrosphaerae	651561	S	5	1	6	0.0000925983
Chryseobacterium bernardetii	1241978	S	3	3	6	0.0000925983
Kaistella carnis	1241979	S	6	0	6	0.0000925983
Kaistella flava (ex Peng et al. 2021)	2038776	S	6	0	6	0.0000925983
Chryseobacterium taklimakanense	536441	S	5	1	6	0.0000925983
Elizabethkingia meningoseptica	238	S	6	0	6	0.0000925983
Elizabethkingia sp. M8	2796140	S	1	5	6	0.0000925983
Elizabethkingia anophelis	1117645	S	3	3	6	0.0000925983
Empedobacter stercoris	1628248	S	5	1	6	0.0000925983
Parabacteroides goldsteinii	328812	S	6	0	6	0.0000925983
Alkalitalea saponilacus	889453	S	6	0	6	0.0000925983
Pedobacter heparinus	984	S	6	0	6	0.0000925983
Mucilaginibacter ginkgonis	2682091	S	6	0	6	0.0000925983
Spirosoma aerolatum	1211326	S	6	0	6	0.0000925983
Spirosoma radiotolerans	1379870	S	6	0	6	0.0000925983
Hymenobacter sp. DG25B	1385664	S	6	0	6	0.0000925983
Hymenobacter sp. BRD67	2675877	S	4	2	6	0.0000925983
Cyclobacterium marinum	104	S	5	1	6	0.0000925983
Cardinium endosymbiont of Encarsia pergandiella	249402	S	2	4	6	0.0000925983
Roseivirga pacifica	1267423	S	6	0	6	0.0000925983
Chitinophaga sp. XS-30	2604421	S	6	0	6	0.0000925983
Chitinophaga pinensis	79329	S	5	1	6	0.0000925983
Niabella ginsenosidivorans	1176587	S	6	0	6	0.0000925983
Aureliella helgolandensis	2527968	S	6	0	6	0.0000925983
Planctopirus limnophila	120	S	6	0	6	0.0000925983
Planctopirus ephydatiae	2528019	S	6	0	6	0.0000925983
Fuerstia marisgermanicae	1891926	S	6	0	6	0.0000925983
Alienimonas californiensis	2527989	S	6	0	6	0.0000925983
Polystyrenella longa	2528007	S	6	0	6	0.0000925983
Granulicella sp. WH15	2602070	S	5	1	6	0.0000925983
Chloracidobacterium thermophilum	458033	S	6	0	6	0.0000925983
Sphaerochaeta pleomorpha	1131707	S	6	0	6	0.0000925983
Oceanispirochaeta crateris	2518645	S	6	0	6	0.0000925983
Fusobacterium varium	856	S	6	0	6	0.0000925983
Leptotrichia hofstadii	157688	S	5	1	6	0.0000925983
Fervidobacterium pennivorans	93466	S	1	5	6	0.0000925983
Methanospirillum hungatei	2203	S	6	0	6	0.0000925983
Methanobrevibacter sp. YE315	1609968	S	6	0	6	0.0000925983
Nitrosopumilus adriaticus	1580092	S	5	1	6	0.0000925983
Flavobacterium phage vB_FspS_tooticki6-1	2686279	S	2	4	6	0.0000925983
Polaromonas sp. H6N	1840293	S	5	0	5	0.0000771653
Cupriavidus nantongensis	1796606	S	2	3	5	0.0000771653
Burkholderia sp. MS455	2811788	S	3	2	5	0.0000771653
Burkholderia sp. IDO3	1705310	S	2	3	5	0.0000771653
Burkholderia sp. MBR-1	2732364	S	1	4	5	0.0000771653
Burkholderia oklahomensis	342113	S	4	1	5	0.0000771653
Burkholderia sp. MSMB617WGS	1637831	S	2	3	5	0.0000771653
Paraburkholderia megapolitana	420953	S	5	0	5	0.0000771653
Paraburkholderia acidiphila	2571747	S	5	0	5	0.0000771653
Paraburkholderia terrae	311230	S	2	3	5	0.0000771653
Pandoraea pulmonicola	93221	S	5	0	5	0.0000771653
Achromobacter sp. B7	2282475	S	5	0	5	0.0000771653
Bordetella holmesii	35814	S	5	0	5	0.0000771653
Bordetella genomosp. 8	1416806	S	5	0	5	0.0000771653
Pusillimonas thiosulfatoxidans	2028345	S	5	0	5	0.0000771653
Oligella urethralis	90245	S	5	0	5	0.0000771653
Chromobacterium sp. ATCC 53434	2059672	S	5	0	5	0.0000771653
Chromobacterium sp. Rain0013	2292447	S	3	2	5	0.0000771653
Neisseria sp. ZJ785	2709396	S	5	0	5	0.0000771653
Neisseria subflava	28449	S	3	2	5	0.0000771653
Methylobacillus flagellatus	405	S	5	0	5	0.0000771653
Nitrosospira multiformis	1231	S	5	0	5	0.0000771653
Usitatibacter palustris	2732487	S	5	0	5	0.0000771653
Pseudomonas sp. CC6-YY-74	1930532	S	5	0	5	0.0000771653
Pseudomonas sp. Leaf58	1736226	S	5	0	5	0.0000771653
Pseudomonas sp. SK	2729423	S	5	0	5	0.0000771653
Pseudomonas sp. S-6-2	1931241	S	5	0	5	0.0000771653
Pseudomonas sp. DTU12.3	2073078	S	5	0	5	0.0000771653
Pseudomonas sp. R76	1573711	S	4	1	5	0.0000771653
Pseudomonas corrugata	47879	S	5	0	5	0.0000771653
Pseudomonas poae	200451	S	4	1	5	0.0000771653
Pseudomonas citronellolis	53408	S	3	2	5	0.0000771653
Pseudomonas alkylphenolica	237609	S	5	0	5	0.0000771653
Pseudomonas antarctica	219572	S	5	0	5	0.0000771653
Pseudomonas oryzae	1392877	S	5	0	5	0.0000771653
Pseudomonas salegens	1434072	S	5	0	5	0.0000771653
Pseudomonas knackmussii	65741	S	4	1	5	0.0000771653
Pseudomonas moraviensis	321662	S	4	1	5	0.0000771653
Acinetobacter baylyi	202950	S	5	0	5	0.0000771653
Acinetobacter bereziniae	106648	S	5	0	5	0.0000771653
Psychrobacter sp. PRwf-1	349106	S	3	2	5	0.0000771653
Psychrobacter arcticus	334543	S	5	0	5	0.0000771653
Moraxella bovis	476	S	5	0	5	0.0000771653
Klebsiella oxytoca	571	S	4	1	5	0.0000771653
Escherichia albertii	208962	S	4	1	5	0.0000771653
Enterobacter sp. E76	2596949	S	4	1	5	0.0000771653
Enterobacter sp. RHBSTW-00975	2742673	S	2	3	5	0.0000771653
Citrobacter sp. RHBSTW-00986	2742675	S	1	4	5	0.0000771653
Nissabacter sp. SGAir0207	2126321	S	5	0	5	0.0000771653
Pantoea ananatis	553	S	5	0	5	0.0000771653
Pantoea dispersa	59814	S	5	0	5	0.0000771653
Stenotrophomonas sp. ZAC14D2_NAIMI4_7	2072405	S	3	2	5	0.0000771653
Stenotrophomonas sp. ASS1	2282124	S	2	3	5	0.0000771653
Lysobacter sp. HDW10	2714936	S	5	0	5	0.0000771653
Lysobacter antibioticus	84531	S	5	0	5	0.0000771653
Lysobacter maris	1605891	S	5	0	5	0.0000771653
Lysobacter arenosi	2795387	S	5	0	5	0.0000771653
Shewanella donghaensis	238836	S	5	0	5	0.0000771653
Alteromonas sp. 76-1	2358187	S	1	4	5	0.0000771653
Pseudoalteromonas luteoviolacea	43657	S	5	0	5	0.0000771653
Pseudoalteromonas tunicata	314281	S	5	0	5	0.0000771653
Colwellia sp. MT41	58049	S	5	0	5	0.0000771653
Litorilituus sediminis	718192	S	5	0	5	0.0000771653
Aeromonas sp. CA23	2033032	S	5	0	5	0.0000771653
Aeromonas sp. ASNIH4	1636609	S	2	3	5	0.0000771653
Halomonas sp. THAF5a	2587844	S	5	0	5	0.0000771653
Halomonas sp. MCCC 1A13316	2733487	S	5	0	5	0.0000771653
Halomonas sp. 1513	1883416	S	5	0	5	0.0000771653
Halomonas chromatireducens	507626	S	5	0	5	0.0000771653
Halomonas titanicae	664683	S	1	4	5	0.0000771653
Marinomonas algicola	2773454	S	5	0	5	0.0000771653
Vibrio parahaemolyticus	670	S	5	0	5	0.0000771653
Vibrio splendidus	29497	S	5	0	5	0.0000771653
Aliivibrio fischeri	668	S	5	0	5	0.0000771653
Thioalkalivibrio versutus	106634	S	5	0	5	0.0000771653
Teredinibacter purpureus	2731756	S	5	0	5	0.0000771653
Spongiibacter sp. IMCC21906	1620392	S	5	0	5	0.0000771653
Methylomonas sp. DH-1	1727196	S	2	3	5	0.0000771653
Methylococcus sp. IM1	2681310	S	5	0	5	0.0000771653
Legionella lansingensis	45067	S	5	0	5	0.0000771653
Legionella fallonii	96230	S	5	0	5	0.0000771653
Thiomicrorhabdus indica	2267253	S	5	0	5	0.0000771653
Francisella frigiditurris	1542390	S	5	0	5	0.0000771653
Francisella hispaniensis	622488	S	4	1	5	0.0000771653
Bathymodiolus septemdierum thioautotrophic gill symbiont	113267	S	5	0	5	0.0000771653
Frischella perrara	1267021	S	5	0	5	0.0000771653
Bradyrhizobium sp. 323S2	1404649	S	2	3	5	0.0000771653
Sinorhizobium medicae	110321	S	4	1	5	0.0000771653
Mesorhizobium sp. Pch-S	2082387	S	5	0	5	0.0000771653
Mesorhizobium sp. L-2-11	2744521	S	4	1	5	0.0000771653
Mesorhizobium sp. M8A.F.Ca.ET.057.01.1.1	2493679	S	4	1	5	0.0000771653
Chelativorans sp. BNC1	266779	S	5	0	5	0.0000771653
Methylobacterium nodulans	114616	S	5	0	5	0.0000771653
Devosia sp. I507	2083786	S	5	0	5	0.0000771653
Brucella pituitosa	571256	S	3	2	5	0.0000771653
Sphingomonas sp. YZ-8	2319844	S	5	0	5	0.0000771653
Sphingomonas xanthus	2594473	S	5	0	5	0.0000771653
Sphingobium sp. SYK-6	627192	S	4	1	5	0.0000771653
Sphingobium sp. PAMC28499	2565554	S	2	3	5	0.0000771653
Sphingorhabdus sp. YGSMI21	2077182	S	5	0	5	0.0000771653
Sphingorhabdus sp. JK6	2725558	S	5	0	5	0.0000771653
Erythrobacter aureus	2182384	S	5	0	5	0.0000771653
Croceicoccus sp. YJ47	2798724	S	4	1	5	0.0000771653
Paracoccus sp. BM15	1529068	S	5	0	5	0.0000771653
Paracoccus aminovorans	34004	S	4	1	5	0.0000771653
Sulfitobacter sp. JL08	2070369	S	5	0	5	0.0000771653
Ruegeria sp. AD91A	2293862	S	4	1	5	0.0000771653
Ruegeria pomeroyi	89184	S	5	0	5	0.0000771653
Roseobacter denitrificans	2434	S	4	1	5	0.0000771653
Cognatishimia activa	1715691	S	5	0	5	0.0000771653
Roseivivax sp. THAF30	2587852	S	3	2	5	0.0000771653
Boseongicola sp. CCM32	2552942	S	5	0	5	0.0000771653
Polymorphum gilvum	991904	S	4	1	5	0.0000771653
Azospirillum sp. TSH100	652764	S	4	1	5	0.0000771653
Ehrlichia muris	35795	S	3	2	5	0.0000771653
Wolbachia endosymbiont of Brugia malayi	80849	S	1	4	5	0.0000771653
Arcobacter aquimarinus	1315211	S	4	1	5	0.0000771653
Campylobacter concisus	199	S	5	0	5	0.0000771653
Campylobacter ureolyticus	827	S	5	0	5	0.0000771653
Sulfurimonas sp. B2	2590551	S	5	0	5	0.0000771653
Sulfurimonas sp. S2-6	2590020	S	3	2	5	0.0000771653
Candidatus Sulfurimonas baltica	2740404	S	4	1	5	0.0000771653
Geobacter uraniireducens	351604	S	5	0	5	0.0000771653
Desulfovibrio vulgaris	881	S	5	0	5	0.0000771653
Desulfovibrio sulfodismutans	63561	S	4	1	5	0.0000771653
Bdellovibrio sp. NC01	2220073	S	4	1	5	0.0000771653
Silvanigrella aquatica	1915309	S	5	0	5	0.0000771653
Microbacterium caowuchunii	2614638	S	5	0	5	0.0000771653
Microbacterium aurum	36805	S	4	1	5	0.0000771653
Candidatus Aquiluna sp. 15G-AUS-rot	2499157	S	3	2	5	0.0000771653
Rathayibacter tritici	33888	S	5	0	5	0.0000771653
Salinibacterium sp. dk2585	2603292	S	5	0	5	0.0000771653
Salinibacterium hongtaonis	2079791	S	5	0	5	0.0000771653
Leucobacter coleopterorum	2714933	S	4	1	5	0.0000771653
Frigoribacterium sp. NBH87	2596916	S	5	0	5	0.0000771653
Arthrobacter sp. FB24	290399	S	5	0	5	0.0000771653
Rothia amarae	169480	S	3	2	5	0.0000771653
Dermacoccus sp. PAMC28757	2762331	S	4	1	5	0.0000771653
Luteipulveratus mongoliensis	571913	S	5	0	5	0.0000771653
Yimella sp. cx-51	2770551	S	5	0	5	0.0000771653
Actinotalea sp. JY-7876	2758442	S	4	1	5	0.0000771653
Brachybacterium saurashtrense	556288	S	4	1	5	0.0000771653
Serinicoccus chungangensis	767452	S	4	1	5	0.0000771653
Xylanimonas allomyrinae	2509459	S	4	1	5	0.0000771653
Georgenia sp. Z443	2589797	S	5	0	5	0.0000771653
Beutenbergia cavernae	84757	S	5	0	5	0.0000771653
Kytococcus sedentarius	1276	S	4	1	5	0.0000771653
Rhodococcus sp. B7740	1564114	S	5	0	5	0.0000771653
Rhodococcus sp. P-2	2795031	S	4	1	5	0.0000771653
Rhodococcus ruber	1830	S	4	1	5	0.0000771653
Nocardia mangyaensis	2213200	S	5	0	5	0.0000771653
Mycolicibacterium frederiksbergense	117567	S	4	1	5	0.0000771653
Mycobacterium simiae	1784	S	5	0	5	0.0000771653
Mycobacterium stomatepiae	470076	S	5	0	5	0.0000771653
Mycobacterium kubicae	120959	S	4	1	5	0.0000771653
Mycobacterium cookii	1775	S	5	0	5	0.0000771653
Mycobacterium dioxanotrophicus	482462	S	5	0	5	0.0000771653
Mycobacteroides salmoniphilum	404941	S	5	0	5	0.0000771653
Mycobacteroides chelonae	1774	S	2	3	5	0.0000771653
Corynebacterium vitaeruminis	38305	S	4	1	5	0.0000771653
Gordonia rubripertincta	36822	S	4	1	5	0.0000771653
Gordonia phthalatica	1136941	S	4	1	5	0.0000771653
Nocardioides sp. S-713	2760089	S	4	1	5	0.0000771653
Nocardioides sp. ZJ1313	2685869	S	3	2	5	0.0000771653
Aeromicrobium choanae	1736691	S	4	1	5	0.0000771653
Streptomyces sp. HM190	2695266	S	5	0	5	0.0000771653
Streptomyces sp. M2	646637	S	5	0	5	0.0000771653
Streptomyces sp. 3214.6	1882757	S	5	0	5	0.0000771653
Streptomyces sp. TLI_053	1855352	S	5	0	5	0.0000771653
Streptomyces sp. P3	2135430	S	5	0	5	0.0000771653
Streptomyces rectiverticillatus	173860	S	5	0	5	0.0000771653
Streptomyces armeniacus	83291	S	5	0	5	0.0000771653
Streptomyces spectabilis	68270	S	5	0	5	0.0000771653
Streptomyces olivoreticuli	68246	S	5	0	5	0.0000771653
Streptomyces malaysiensis	92644	S	2	3	5	0.0000771653
Micromonospora tulbaghiae	479978	S	2	3	5	0.0000771653
Amycolatopsis sp. AA4	1896961	S	5	0	5	0.0000771653
Pseudonocardia dioxanivorans	240495	S	4	1	5	0.0000771653
Prauserella marina	530584	S	5	0	5	0.0000771653
Actinomyces sp. HMT 175	2789425	S	2	3	5	0.0000771653
Actinomadura verrucosospora	46165	S	4	1	5	0.0000771653
Frankia sp. QA3	710111	S	5	0	5	0.0000771653
Nakamurella panacisegetis	1090615	S	4	1	5	0.0000771653
Modestobacter marinus	477641	S	5	0	5	0.0000771653
Lachnoclostridium phocaeense	1871021	S	4	1	5	0.0000771653
Cellulosilyticum lentocellum	29360	S	1	4	5	0.0000771653
Ruminococcus champanellensis	1161942	S	5	0	5	0.0000771653
Clostridium bornimense	1216932	S	5	0	5	0.0000771653
Clostridium scatologenes	1548	S	4	1	5	0.0000771653
Thermoanaerobacterium sp. RBIITD	1550240	S	5	0	5	0.0000771653
Bacillus sp. M4U3P1	2592382	S	5	0	5	0.0000771653
Bacillus circulans	1397	S	5	0	5	0.0000771653
Paenibacillus sp. BIHB4019	1870819	S	5	0	5	0.0000771653
Cohnella candidum	2674991	S	5	0	5	0.0000771653
Sporosarcina sp. Te-1	2818390	S	5	0	5	0.0000771653
Sporosarcina sp. PTS2304	2283194	S	2	3	5	0.0000771653
Weissella sp. HDW19	2714949	S	4	1	5	0.0000771653
Companilactobacillus paralimentarius	83526	S	5	0	5	0.0000771653
Enterococcus casseliflavus	37734	S	5	0	5	0.0000771653
Aerococcus urinaeequi	51665	S	5	0	5	0.0000771653
Megamonas hypermegale	158847	S	5	0	5	0.0000771653
Pelosinus fermentans	365349	S	5	0	5	0.0000771653
Megasphaera elsdenii	907	S	5	0	5	0.0000771653
Erysipelothrix sp. HDW6A	2714928	S	5	0	5	0.0000771653
Limnochorda pilosa	1555112	S	5	0	5	0.0000771653
Trichodesmium erythraeum	1206	S	5	0	5	0.0000771653
Geitlerinema sp. PCC 7407	1173025	S	5	0	5	0.0000771653
Geminocystis sp. NIES-3709	1617448	S	5	0	5	0.0000771653
Gloeothece verrucosa	2546359	S	5	0	5	0.0000771653
Crocosphaera subtropica	2546360	S	5	0	5	0.0000771653
Nostoc sp. ATCC 53789	76335	S	1	4	5	0.0000771653
Nostoc edaphicum	264686	S	4	1	5	0.0000771653
Anabaenopsis elenkinii	156213	S	5	0	5	0.0000771653
Synechococcus elongatus	32046	S	1	4	5	0.0000771653
Cyanobium sp. NIES-981	1851505	S	4	1	5	0.0000771653
Leptolyngbya sp. PCC 7376	111781	S	5	0	5	0.0000771653
Gloeobacter kilaueensis	1416614	S	5	0	5	0.0000771653
Roseiflexus sp. RS-1	357808	S	5	0	5	0.0000771653
Ktedonosporobacter rubrisoli	2509675	S	5	0	5	0.0000771653
Fimbriimonas ginsengisoli	1005039	S	5	0	5	0.0000771653
Polaribacter sp. G4M1	2808900	S	5	0	5	0.0000771653
Polaribacter haliotis	1888915	S	3	2	5	0.0000771653
Winogradskyella sp. PG-2	754409	S	5	0	5	0.0000771653
Winogradskyella forsetii	2686077	S	3	2	5	0.0000771653
Muricauda ruestringensis	111501	S	5	0	5	0.0000771653
Muricauda lutaonensis	516051	S	5	0	5	0.0000771653
Cellulophaga sp. L1A9	2686362	S	4	1	5	0.0000771653
Gramella flava	1486245	S	4	1	5	0.0000771653
Gramella sp. MAR_2010_147	1250205	S	4	1	5	0.0000771653
Nonlabens dokdonensis	328515	S	4	1	5	0.0000771653
Psychroflexus torquis	57029	S	5	0	5	0.0000771653
Muriicola sp. MMS17-SY002	2507538	S	5	0	5	0.0000771653
Oceanihabitans sp. IOP_32	2529032	S	4	1	5	0.0000771653
Psychroserpens sp. NJDZ02	2570561	S	2	3	5	0.0000771653
Kaistella antarctica	266748	S	5	0	5	0.0000771653
Kaistella daneshvariae	2487074	S	5	0	5	0.0000771653
Elizabethkingia miricola	172045	S	3	2	5	0.0000771653
Ornithobacterium rhinotracheale	28251	S	5	0	5	0.0000771653
Bacteroides helcogenes	290053	S	5	0	5	0.0000771653
Prevotella sp. oral taxon 299	652716	S	5	0	5	0.0000771653
Alistipes megaguti	2364787	S	5	0	5	0.0000771653
Barnesiella viscericola	397865	S	5	0	5	0.0000771653
Sphingobacterium sp. dk4302	2662364	S	5	0	5	0.0000771653
Sphingobacterium sp. DR205	2713573	S	5	0	5	0.0000771653
Pseudopedobacter saltans	151895	S	4	1	5	0.0000771653
Echinicola sp. LN3S3	2591634	S	5	0	5	0.0000771653
Fulvivirga sp. S481	2810512	S	5	0	5	0.0000771653
Chitinophaga caeni	2029983	S	5	0	5	0.0000771653
Niabella soli	446683	S	5	0	5	0.0000771653
Pseudobacter ginsenosidimutans	661488	S	5	0	5	0.0000771653
Paraflavitalea soli	2315862	S	5	0	5	0.0000771653
Chlorobaculum tepidum	1097	S	4	1	5	0.0000771653
Chlorobium phaeovibrioides	1094	S	4	1	5	0.0000771653
Botrimarina mediterranea	2528022	S	5	0	5	0.0000771653
Rhodopirellula baltica	265606	S	5	0	5	0.0000771653
Mariniblastus fucicola	980251	S	5	0	5	0.0000771653
Bremerella volcania	2527984	S	5	0	5	0.0000771653
Gimesia algae	2527971	S	4	1	5	0.0000771653
Rubinisphaera brasiliensis	119	S	5	0	5	0.0000771653
Coraliomargarita akajimensis	395922	S	5	0	5	0.0000771653
Methylacidimicrobium sp. B4	2796139	S	2	3	5	0.0000771653
Candidatus Koribacter versatilis	658062	S	5	0	5	0.0000771653
Spirochaeta africana	46355	S	5	0	5	0.0000771653
Leptospira interrogans	173	S	5	0	5	0.0000771653
Methanobrevibacter ruminantium	83816	S	5	0	5	0.0000771653
Vibrio phage 1.097.O._10N.286.49.B3	1881383	S	1	4	5	0.0000771653
Megavirus chiliensis	1094892	S	5	0	5	0.0000771653
Invertebrate iridescent virus 31	345199	S	5	0	5	0.0000771653
Polynucleobacter acidiphobus	556053	S	4	0	4	0.0000617322
Cupriavidus neocaledonicus	1040979	S	2	2	4	0.0000617322
Burkholderia territorii	1503055	S	3	1	4	0.0000617322
Burkholderia sp. PAMC 26561	1795043	S	3	1	4	0.0000617322
Burkholderia sp. MSMB0856	1637869	S	3	1	4	0.0000617322
Paraburkholderia hospita	169430	S	2	2	4	0.0000617322
Ephemeroptericola cinctiostellae	2268024	S	4	0	4	0.0000617322
Oligella ureolytica	90244	S	4	0	4	0.0000617322
Advenella mimigardefordensis	302406	S	4	0	4	0.0000617322
Advenella kashmirensis	310575	S	4	0	4	0.0000617322
Algicoccus marinus	2163011	S	4	0	4	0.0000617322
Sutterella megalosphaeroides	2494234	S	4	0	4	0.0000617322
Aquitalea magnusonii	332411	S	3	1	4	0.0000617322
Aquitalea sp. USM4	1590041	S	3	1	4	0.0000617322
Neisseria chenwenguii	1853278	S	4	0	4	0.0000617322
Neisseria bacilliformis	267212	S	4	0	4	0.0000617322
Simonsiella muelleri	72	S	4	0	4	0.0000617322
Nitrosomonas europaea	915	S	4	0	4	0.0000617322
Nitrosospira lacus	1288494	S	4	0	4	0.0000617322
Sulfuriferula sp. AH1	1985873	S	4	0	4	0.0000617322
Pseudomonas sp. SNU WT1	2518644	S	4	0	4	0.0000617322
Pseudomonas sp. S34	1573718	S	4	0	4	0.0000617322
Pseudomonas sp. TCU-HL1	1856685	S	4	0	4	0.0000617322
Pseudomonas sp. OIL-1	2706126	S	4	0	4	0.0000617322
Pseudomonas sp. SCB32	2653853	S	4	0	4	0.0000617322
Pseudomonas sp. R4-35-07	658643	S	2	2	4	0.0000617322
Pseudomonas sp. SW-3	147212	S	1	3	4	0.0000617322
Pseudomonas sp. SGAir0191	2217867	S	3	1	4	0.0000617322
Pseudomonas brenneri	129817	S	4	0	4	0.0000617322
Pseudomonas mucidolens	46679	S	4	0	4	0.0000617322
Pseudomonas coronafaciens	53409	S	4	0	4	0.0000617322
Pseudomonas arsenicoxydans	702115	S	4	0	4	0.0000617322
Pseudomonas agarici	46677	S	4	0	4	0.0000617322
Pseudomonas versuta	1788301	S	4	0	4	0.0000617322
Pseudomonas kribbensis	1628086	S	3	1	4	0.0000617322
Acinetobacter sp. Marseille-Q1620	2714110	S	4	0	4	0.0000617322
Acinetobacter sp. FDAARGOS_724	2545797	S	1	3	4	0.0000617322
Acinetobacter seifertii	1530123	S	3	1	4	0.0000617322
Acinetobacter soli	487316	S	4	0	4	0.0000617322
Acinetobacter tandoii	202954	S	4	0	4	0.0000617322
Acinetobacter radioresistens	40216	S	4	0	4	0.0000617322
Acinetobacter defluvii	1871111	S	3	1	4	0.0000617322
Psychrobacter sp. DAB_AL43B	1028416	S	4	0	4	0.0000617322
Psychrobacter sp. AntiMn-1	1720344	S	3	1	4	0.0000617322
Moraxella nonliquefaciens	478	S	4	0	4	0.0000617322
Klebsiella aerogenes	548	S	4	0	4	0.0000617322
Klebsiella quasipneumoniae	1463165	S	2	2	4	0.0000617322
Kosakonia radicincitans	283686	S	3	1	4	0.0000617322
Cronobacter dublinensis	413497	S	3	1	4	0.0000617322
Serratia sp. ATCC 39006	104623	S	4	0	4	0.0000617322
Serratia proteamaculans	28151	S	4	0	4	0.0000617322
Yersinia canariae	2607663	S	4	0	4	0.0000617322
Pantoea rwandensis	1076550	S	4	0	4	0.0000617322
Photorhabdus laumondii	2218628	S	4	0	4	0.0000617322
Dickeya dianthicola	204039	S	4	0	4	0.0000617322
Plesiomonas shigelloides	703	S	4	0	4	0.0000617322
Stenotrophomonas sp. ZAC14A_NAIMI4_1	2072412	S	2	2	4	0.0000617322
Stenotrophomonas sp. WZN-1	2005046	S	3	1	4	0.0000617322
Xanthomonas cucurbitae	56453	S	4	0	4	0.0000617322
Xanthomonas sacchari	56458	S	4	0	4	0.0000617322
Xanthomonas fragariae	48664	S	4	0	4	0.0000617322
Xanthomonas oryzae	347	S	4	0	4	0.0000617322
Luteimonas granuli	1176533	S	4	0	4	0.0000617322
Luteimonas yindakuii	2565782	S	3	1	4	0.0000617322
Frateuria aurantia	81475	S	4	0	4	0.0000617322
Shewanella decolorationis	256839	S	3	1	4	0.0000617322
Marinobacter hydrocarbonoclasticus	2743	S	4	0	4	0.0000617322
Marinobacter psychrophilus	330734	S	3	1	4	0.0000617322
Paraglaciecola sp. L3A3	2686358	S	4	0	4	0.0000617322
Glaciecola amylolytica	2489595	S	4	0	4	0.0000617322
Pseudoalteromonas sp. SM1988	2744479	S	4	0	4	0.0000617322
Pseudoalteromonas sp. DL-6	1390185	S	3	1	4	0.0000617322
Pseudoalteromonas rubra	43658	S	4	0	4	0.0000617322
Pseudoalteromonas xiamenensis	882626	S	4	0	4	0.0000617322
Pseudoalteromonas spongiae	298657	S	4	0	4	0.0000617322
Colwellia beringensis	1967665	S	4	0	4	0.0000617322
Thalassotalea sp. PS06	2594005	S	4	0	4	0.0000617322
Idiomarina sp. OT37-5b	2100422	S	4	0	4	0.0000617322
Ferrimonas balearica	44012	S	4	0	4	0.0000617322
Oceanimonas sp. GK1	511062	S	4	0	4	0.0000617322
Zobellella denitrificans	347534	S	4	0	4	0.0000617322
Candidatus Carsonella ruddii (Diaphorina cf. continua)	2661587	S	1	3	4	0.0000617322
Kangiella geojedonensis	914150	S	4	0	4	0.0000617322
Kangiella profundi	1561924	S	4	0	4	0.0000617322
Gynuella sunshinyii	1445505	S	4	0	4	0.0000617322
Litoricola lipolytica	418701	S	4	0	4	0.0000617322
Vibrio sp. Scap24	2589990	S	4	0	4	0.0000617322
Vibrio campbellii	680	S	4	0	4	0.0000617322
Vibrio fluvialis	676	S	4	0	4	0.0000617322
Vibrio atlanticus	693153	S	4	0	4	0.0000617322
Vibrio navarrensis	29495	S	4	0	4	0.0000617322
Paraphotobacterium marinum	1755811	S	4	0	4	0.0000617322
Rheinheimera sp. F8	1763998	S	4	0	4	0.0000617322
Nitrosococcus oceani	1229	S	3	1	4	0.0000617322
Guyparkeria halophila	47960	S	4	0	4	0.0000617322
Agarilytica rhodophyticola	1737490	S	4	0	4	0.0000617322
Microbulbifer aggregans	1769779	S	4	0	4	0.0000617322
Kineobactrum salinum	2708301	S	4	0	4	0.0000617322
Methylomonas denitrificans	1538553	S	4	0	4	0.0000617322
Methylocaldum marinum	1432792	S	4	0	4	0.0000617322
Legionella sp. MW5194	2662448	S	4	0	4	0.0000617322
Legionella sp. TUM19329	2708020	S	4	0	4	0.0000617322
Legionella longbeachae	450	S	4	0	4	0.0000617322
Legionella clemsonensis	1867846	S	4	0	4	0.0000617322
Fluoribacter dumoffii	463	S	4	0	4	0.0000617322
Coxiella burnetii	777	S	3	1	4	0.0000617322
Aquicella siphonis	254247	S	4	0	4	0.0000617322
Cycloclasticus sp. PY97N	728003	S	2	2	4	0.0000617322
Francisella tularensis	263	S	2	2	4	0.0000617322
Aggregatibacter segnis	739	S	4	0	4	0.0000617322
Glaesserella parasuis	738	S	4	0	4	0.0000617322
Bathymodiolus thermophilus thioautotrophic gill symbiont	2360	S	4	0	4	0.0000617322
Sulfuricaulis limicola	1620215	S	4	0	4	0.0000617322
Bradyrhizobium sp. WSM471	319017	S	1	3	4	0.0000617322
Bradyrhizobium sp. LCT2	2493093	S	1	3	4	0.0000617322
Rhizobium sp. BG4	2613770	S	4	0	4	0.0000617322
Rhizobium favelukesii	348824	S	3	1	4	0.0000617322
Agrobacterium sp. RAC06	1842536	S	1	3	4	0.0000617322
Agrobacterium sp. MA01	2664893	S	1	3	4	0.0000617322
Agrobacterium larrymoorei	160699	S	4	0	4	0.0000617322
Ensifer alkalisoli	1752398	S	4	0	4	0.0000617322
Mesorhizobium sp. M7D.F.Ca.US.005.01.1.1	2493678	S	3	1	4	0.0000617322
Mesorhizobium sp. M4B.F.Ca.ET.058.02.1.1	2493675	S	3	1	4	0.0000617322
Mesorhizobium sp. M1E.F.Ca.ET.045.02.1.1	2493672	S	3	1	4	0.0000617322
Mesorhizobium oceanicum	1670800	S	4	0	4	0.0000617322
Mesorhizobium erdmanii	1777866	S	3	1	4	0.0000617322
Hoeflea sp. IMCC20628	1620421	S	4	0	4	0.0000617322
Phyllobacterium zundukense	1867719	S	4	0	4	0.0000617322
Devosia sp. 1566	2499144	S	4	0	4	0.0000617322
Martelella lutilitoris	2583532	S	2	2	4	0.0000617322
Bartonella henselae	38323	S	3	1	4	0.0000617322
Sphingomonas sp. sand1-3	2764186	S	4	0	4	0.0000617322
Sphingomonas sp. ERG5	1381597	S	2	2	4	0.0000617322
Sphingobium fuliginis	336203	S	1	3	4	0.0000617322
Sphingorhabdus sp. M41	1806885	S	4	0	4	0.0000617322
Novosphingopyxis sp. PB63	2762729	S	3	1	4	0.0000617322
Erythrobacter sp. HKB08	2502843	S	4	0	4	0.0000617322
Sulfitobacter sp. SK012	1389005	S	4	0	4	0.0000617322
Sulfitobacter sp. D7	1968541	S	3	1	4	0.0000617322
Rhodobacter sp. CZR27	2033869	S	4	0	4	0.0000617322
Celeribacter ethanolicus	1758178	S	3	1	4	0.0000617322
Ruegeria sp. TM1040	292414	S	4	0	4	0.0000617322
Roseobacter ponti	1891787	S	4	0	4	0.0000617322
Ketogulonicigenium vulgare	92945	S	4	0	4	0.0000617322
Ketogulonicigenium robustum	92947	S	4	0	4	0.0000617322
Octadecabacter sp. SW4	2602067	S	3	1	4	0.0000617322
Maribius sp. THAF1	2587842	S	4	0	4	0.0000617322
Roseibacterium elongatum	159346	S	4	0	4	0.0000617322
Azospirillum sp. TSA2s	709810	S	3	1	4	0.0000617322
Skermanella pratensis	2233999	S	4	0	4	0.0000617322
Candidatus Endolissoclinum faulkneri	1263979	S	4	0	4	0.0000617322
Komagataeibacter hansenii	436	S	4	0	4	0.0000617322
Rickettsia australis	787	S	4	0	4	0.0000617322
Rickettsia typhi	785	S	2	2	4	0.0000617322
Rickettsiales endosymbiont of Stachyamoeba lipophora	2486578	S	4	0	4	0.0000617322
Candidatus Nucleicultrix amoebiphila	1509244	S	4	0	4	0.0000617322
Aliarcobacter lanthieri	1355374	S	4	0	4	0.0000617322
Campylobacter pinnipediorum	1965231	S	4	0	4	0.0000617322
Campylobacter sp. 2014D-0216	1813595	S	2	2	4	0.0000617322
Sulfurimonas denitrificans	39766	S	4	0	4	0.0000617322
Sulfurimonas paralvinellae	317658	S	4	0	4	0.0000617322
Nitratiruptor sp. SB155-2	387092	S	4	0	4	0.0000617322
Chondromyces crocatus	52	S	4	0	4	0.0000617322
Cystobacter fuscus	43	S	3	1	4	0.0000617322
Myxococcus hansupus	1297742	S	3	1	4	0.0000617322
Geobacter sp. DSM 9736	1277350	S	4	0	4	0.0000617322
Desulfomicrobium baculatum	899	S	4	0	4	0.0000617322
Desulfatibacillum aliphaticivorans	218208	S	4	0	4	0.0000617322
Desulfurivibrio alkaliphilus	427923	S	4	0	4	0.0000617322
Acidithiobacillus ferrooxidans	920	S	4	0	4	0.0000617322
Microbacterium sp. NY27	2782169	S	4	0	4	0.0000617322
Microbacterium sp. A18JL241	2782166	S	4	0	4	0.0000617322
Microbacterium sp. CBA3102	2603598	S	3	1	4	0.0000617322
Microbacterium esteraromaticum	57043	S	4	0	4	0.0000617322
Curtobacterium sp. BH-2-1-1	1905847	S	4	0	4	0.0000617322
Salinibacterium sp. ZJ70	2708084	S	4	0	4	0.0000617322
Leifsonia shinshuensis	150026	S	4	0	4	0.0000617322
Lysinimonas sp. KACC 19322	2592654	S	4	0	4	0.0000617322
Arthrobacter sp. 24S4-2	2575374	S	4	0	4	0.0000617322
Arthrobacter sp. PAMC25564	2565366	S	4	0	4	0.0000617322
Arthrobacter sp. D5-1	1477518	S	4	0	4	0.0000617322
Kocuria turfanensis	388357	S	4	0	4	0.0000617322
Kocuria flava	446860	S	4	0	4	0.0000617322
Pseudarthrobacter chlorophenolicus	85085	S	4	0	4	0.0000617322
Cellulomonas taurus	2729175	S	4	0	4	0.0000617322
Oerskovia sp. KBS0722	1179673	S	4	0	4	0.0000617322
Phycicoccus endophyticus	1690220	S	4	0	4	0.0000617322
Brevibacterium sandarakinum	629680	S	4	0	4	0.0000617322
Brevibacterium aurantiacum	273384	S	3	1	4	0.0000617322
Dermatophilus congolensis	1863	S	4	0	4	0.0000617322
Austwickia chelonae	100225	S	4	0	4	0.0000617322
Georgenia sp. Z294	2585135	S	4	0	4	0.0000617322
Rhodococcus sp. ABRD24	2507582	S	4	0	4	0.0000617322
Rhodococcus sp. AQ5-07	2054902	S	1	3	4	0.0000617322
Rhodococcus sp. M8	1925550	S	1	3	4	0.0000617322
Rhodococcus hoagii	43767	S	4	0	4	0.0000617322
Rhodococcus jostii	132919	S	3	1	4	0.0000617322
Nocardia otitidiscaviarum	1823	S	4	0	4	0.0000617322
Mycolicibacterium pulveris	36813	S	4	0	4	0.0000617322
Mycolicibacterium duvalii	39688	S	4	0	4	0.0000617322
Mycolicibacterium moriokaense	39691	S	4	0	4	0.0000617322
Mycolicibacterium aubagnense	319707	S	4	0	4	0.0000617322
Mycolicibacterium poriferae	39694	S	1	3	4	0.0000617322
Mycobacterium sp. DL592	2675524	S	4	0	4	0.0000617322
Mycobacterium sp. PYR15	2051552	S	1	3	4	0.0000617322
Mycobacterium florentinum	292462	S	4	0	4	0.0000617322
Mycobacterium colombiense	339268	S	4	0	4	0.0000617322
Mycobacterium mantenii	560555	S	4	0	4	0.0000617322
Mycobacterium shottsii	133549	S	1	3	4	0.0000617322
Corynebacterium sp. NML93-0612	699041	S	2	2	4	0.0000617322
Corynebacterium bovis	36808	S	4	0	4	0.0000617322
Corynebacterium halotolerans	225326	S	4	0	4	0.0000617322
Corynebacterium pseudotuberculosis	1719	S	4	0	4	0.0000617322
Corynebacterium pelargi	1471400	S	3	1	4	0.0000617322
Corynebacterium marinum	349751	S	3	1	4	0.0000617322
Corynebacterium aurimucosum	169292	S	3	1	4	0.0000617322
Corynebacterium striatum	43770	S	2	2	4	0.0000617322
Gordonia polyisoprenivorans	84595	S	4	0	4	0.0000617322
Dietzia lutea	546160	S	3	1	4	0.0000617322
Nocardioides sp. dk3136	2575373	S	3	1	4	0.0000617322
Nocardioides sp. 603	2483798	S	3	1	4	0.0000617322
Nocardioides marinisabuli	419476	S	3	1	4	0.0000617322
Nocardioides humi	449461	S	3	1	4	0.0000617322
Aeromicrobium sp. zg-629	2663859	S	3	1	4	0.0000617322
Aeromicrobium marinum	219314	S	4	0	4	0.0000617322
Mumia sp. ZJ1417	2708082	S	4	0	4	0.0000617322
Kribbella qitaiheensis	1544730	S	3	1	4	0.0000617322
Streptomyces sp. RPA4-2	2721244	S	4	0	4	0.0000617322
Streptomyces sp. Z423-1	2730915	S	4	0	4	0.0000617322
Streptomyces sp. W1SF4	2305220	S	4	0	4	0.0000617322
Streptomyces sp. NA02950	2742137	S	4	0	4	0.0000617322
Streptomyces sp. NEAU-sy36	2751189	S	4	0	4	0.0000617322
Streptomyces sp. Tue 6075	1661694	S	3	1	4	0.0000617322
Streptomyces sp. ID38640	1265399	S	3	1	4	0.0000617322
Streptomyces sp. 11-1-2	1851167	S	2	2	4	0.0000617322
Streptomyces sp. 604F	1476754	S	1	3	4	0.0000617322
Streptomyces globisporus	1908	S	3	1	4	0.0000617322
Streptomyces seoulensis	73044	S	4	0	4	0.0000617322
Streptomyces griseorubiginosus	67304	S	4	0	4	0.0000617322
Streptomyces rapamycinicus	1226757	S	4	0	4	0.0000617322
Streptomyces lunaelactis	1535768	S	4	0	4	0.0000617322
Streptomyces spongiicola	1690221	S	4	0	4	0.0000617322
Streptomyces rutgersensis	53451	S	4	0	4	0.0000617322
Streptomyces buecherae	2763006	S	4	0	4	0.0000617322
Streptomyces chromofuscus	42881	S	4	0	4	0.0000617322
Streptomyces collinus	42684	S	4	0	4	0.0000617322
Streptomyces albireticuli	1940	S	4	0	4	0.0000617322
Streptomyces cattleya	29303	S	4	0	4	0.0000617322
Streptomyces noursei	1971	S	3	1	4	0.0000617322
Streptomyces alfalfae	1642299	S	1	3	4	0.0000617322
Streptacidiphilus sp. P02-A3a	2704468	S	4	0	4	0.0000617322
Micromonospora sp. WMMA2032	2039870	S	3	1	4	0.0000617322
Micromonospora echinaurantiaca	47857	S	3	1	4	0.0000617322
Micromonospora viridifaciens	1881	S	3	1	4	0.0000617322
Phytohabitans flavus	1076124	S	4	0	4	0.0000617322
Actinocatenispora thailandica	227318	S	4	0	4	0.0000617322
Bifidobacterium bifidum	1681	S	4	0	4	0.0000617322
Bifidobacterium actinocoloniiforme	638619	S	4	0	4	0.0000617322
Bifidobacterium pullorum	78448	S	4	0	4	0.0000617322
Bifidobacterium pseudolongum	1694	S	4	0	4	0.0000617322
Amycolatopsis sp. Hca4	2742131	S	4	0	4	0.0000617322
Amycolatopsis methanolica	1814	S	4	0	4	0.0000617322
Amycolatopsis mediterranei	33910	S	4	0	4	0.0000617322
Saccharopolyspora coralli	2665642	S	4	0	4	0.0000617322
Saccharopolyspora sp. ASAGF58	2719023	S	1	3	4	0.0000617322
Saccharothrix sp. 6-C	2781735	S	4	0	4	0.0000617322
Actinoalloteichus hoggarensis	1470176	S	2	2	4	0.0000617322
Allokutzneria albata	211114	S	4	0	4	0.0000617322
Actinomyces sp. Z16	2079536	S	4	0	4	0.0000617322
Actinomyces sp. ZJ34	2722820	S	4	0	4	0.0000617322
Actinomyces sp. oral taxon 171	706438	S	3	1	4	0.0000617322
Actinomyces naeslundii	1655	S	3	1	4	0.0000617322
Trueperella sp. 19M2397	2733571	S	2	2	4	0.0000617322
Fannyhessea vaginae	82135	S	4	0	4	0.0000617322
Nocardiopsis dassonvillei	2014	S	4	0	4	0.0000617322
Nocardiopsis gilva	280236	S	4	0	4	0.0000617322
Jiangella alkaliphila	419479	S	3	1	4	0.0000617322
Jatrophihabitans sp. GAS493	1907575	S	4	0	4	0.0000617322
Olsenella umbonata	604330	S	4	0	4	0.0000617322
Lacrimispora sphenoides	29370	S	4	0	4	0.0000617322
Anaerocolumna cellulosilytica	433286	S	4	0	4	0.0000617322
Butyrivibrio proteoclasticus	43305	S	3	1	4	0.0000617322
Anaerotignum propionicum	28446	S	4	0	4	0.0000617322
Oscillibacter valericigenes	351091	S	4	0	4	0.0000617322
Acetivibrio saccincola	1677857	S	4	0	4	0.0000617322
Clostridium cellulovorans	1493	S	4	0	4	0.0000617322
Clostridium estertheticum	238834	S	4	0	4	0.0000617322
Clostridium argentinense	29341	S	4	0	4	0.0000617322
Alkaliphilus metalliredigens	208226	S	4	0	4	0.0000617322
Geosporobacter ferrireducens	1424294	S	4	0	4	0.0000617322
Paraclostridium bifermentans	1490	S	4	0	4	0.0000617322
Filifactor alocis	143361	S	3	1	4	0.0000617322
Mogibacterium diversum	114527	S	4	0	4	0.0000617322
Intestinimonas butyriciproducens	1297617	S	4	0	4	0.0000617322
Flintibacter sp. KGMB00164	2610895	S	4	0	4	0.0000617322
Eubacterium limosum	1736	S	4	0	4	0.0000617322
Desulfitobacterium hafniense	49338	S	4	0	4	0.0000617322
Christensenella sp. Marseille-P3954	2086585	S	3	1	4	0.0000617322
Thermoanaerobacterium thermosaccharolyticum	1517	S	3	1	4	0.0000617322
Halobacteroides halobius	42422	S	4	0	4	0.0000617322
Halanaerobium praevalens	2331	S	4	0	4	0.0000617322
Biomaibacter acetigenes	2316383	S	3	1	4	0.0000617322
Bacillus amyloliquefaciens	1390	S	1	3	4	0.0000617322
Bacillus infantis	324767	S	4	0	4	0.0000617322
Bacillus smithii	1479	S	4	0	4	0.0000617322
Lysinibacillus sp. SGAir0095	2070463	S	4	0	4	0.0000617322
Peribacillus muralis	264697	S	4	0	4	0.0000617322
Peribacillus butanolivorans	421767	S	3	1	4	0.0000617322
Anoxybacillus flavithermus	33934	S	2	2	4	0.0000617322
Alkalihalobacillus pseudofirmus	79885	S	3	1	4	0.0000617322
Mesobacillus jeotgali	129985	S	4	0	4	0.0000617322
Staphylococcus simulans	1286	S	4	0	4	0.0000617322
Staphylococcus auricularis	29379	S	4	0	4	0.0000617322
Staphylococcus caprae	29380	S	4	0	4	0.0000617322
Jeotgalicoccus saudimassiliensis	1461582	S	4	0	4	0.0000617322
Paenibacillus sp. 32O-W	1695218	S	4	0	4	0.0000617322
Paenibacillus stellifer	169760	S	4	0	4	0.0000617322
Paenibacillus xylanexedens	528191	S	3	1	4	0.0000617322
Cohnella sp. LGH	1619153	S	4	0	4	0.0000617322
Sporosarcina psychrophila	1476	S	2	2	4	0.0000617322
Tumebacillus avium	1903704	S	2	2	4	0.0000617322
Gemella haemolysans	1379	S	4	0	4	0.0000617322
Listeria welshimeri	1643	S	3	1	4	0.0000617322
Kroppenstedtia eburnea	714067	S	4	0	4	0.0000617322
Streptococcus cristatus	45634	S	4	0	4	0.0000617322
Streptococcus pyogenes	1314	S	3	1	4	0.0000617322
Lactococcus piscium	1364	S	4	0	4	0.0000617322
Lactobacillus terrae	2269374	S	4	0	4	0.0000617322
Lactobacillus amylolyticus	83683	S	4	0	4	0.0000617322
Leuconostoc pseudomesenteroides	33968	S	3	1	4	0.0000617322
Lentilactobacillus hilgardii	1588	S	4	0	4	0.0000617322
Levilactobacillus brevis	1580	S	4	0	4	0.0000617322
Jeotgalibaca arthritidis	1868794	S	2	2	4	0.0000617322
Selenomonas sp. oral taxon 136	713030	S	2	2	4	0.0000617322
Selenomonas ruminantium	971	S	3	1	4	0.0000617322
Anaerococcus mediterraneensis	1870984	S	2	2	4	0.0000617322
Peptoniphilus harei	54005	S	3	1	4	0.0000617322
Microcoleus sp. PCC 7113	1173027	S	4	0	4	0.0000617322
Candidatus Atelocyanobacterium thalassa	713887	S	4	0	4	0.0000617322
Nostoc sp. TCL26-01	2576904	S	4	0	4	0.0000617322
Synechococcus sp. JA-3-3Ab	321327	S	4	0	4	0.0000617322
Cyanobium sp. NS01	261284	S	3	1	4	0.0000617322
Prochlorococcus sp. MIT 0801	1501269	S	2	2	4	0.0000617322
Stanieria sp. NIES-3757	1807358	S	3	1	4	0.0000617322
Gloeobacter violaceus	33072	S	4	0	4	0.0000617322
Mycoplasma arginini	2094	S	4	0	4	0.0000617322
Spiroplasma phoeniceum	47835	S	2	2	4	0.0000617322
Mesoplasma coleopterae	324078	S	3	1	4	0.0000617322
Acholeplasma axanthum	29552	S	4	0	4	0.0000617322
Meiothermus taiwanensis	172827	S	4	0	4	0.0000617322
Anaerolinea thermophila	167964	S	4	0	4	0.0000617322
Dehalogenimonas lykanthroporepellens	552810	S	3	1	4	0.0000617322
Dehalogenimonas formicexedens	1839801	S	2	2	4	0.0000617322
Flavobacterium magnum	2162713	S	4	0	4	0.0000617322
Polaribacter sp. KT25b	1855336	S	4	0	4	0.0000617322
Polaribacter sp. ALD11	2058137	S	4	0	4	0.0000617322
Polaribacter reichenbachii	996801	S	4	0	4	0.0000617322
Capnocytophaga sp. oral taxon 902	2748316	S	1	3	4	0.0000617322
Capnocytophaga haemolytica	45243	S	4	0	4	0.0000617322
Capnocytophaga ochracea	1018	S	2	2	4	0.0000617322
Tenacibaculum mesophilum	104268	S	3	1	4	0.0000617322
Winogradskyella sp. J14-2	1936080	S	4	0	4	0.0000617322
Nonlabens spongiae	331648	S	3	1	4	0.0000617322
Lacinutrix venerupis	1486034	S	4	0	4	0.0000617322
Dokdonia sp. 4H-3-7-5	983548	S	2	2	4	0.0000617322
Aequorivita sp. KX20305	2803865	S	4	0	4	0.0000617322
Aequorivita sublithincola	101385	S	4	0	4	0.0000617322
Flagellimonas maritima	1383885	S	4	0	4	0.0000617322
Gilvibacter sp. SZ-19	754429	S	4	0	4	0.0000617322
Chryseobacterium sp. 6424	2039166	S	4	0	4	0.0000617322
Apibacter raozihei	2500547	S	4	0	4	0.0000617322
Prevotella ruminicola	839	S	4	0	4	0.0000617322
Alistipes sp. dk3624	2662363	S	4	0	4	0.0000617322
Draconibacterium sp. M1	2706887	S	4	0	4	0.0000617322
Sphingobacterium sp. CZ-2	2557994	S	4	0	4	0.0000617322
Sphingobacterium daejeonense	371142	S	4	0	4	0.0000617322
Olivibacter sp. SDN3	2764720	S	4	0	4	0.0000617322
Spirosoma sp. CJU-R4	2728024	S	4	0	4	0.0000617322
Fibrella aestuarina	651143	S	4	0	4	0.0000617322
Dyadobacter sp. Q3-56	2747268	S	3	1	4	0.0000617322
Hymenobacter sp. APR13	1356852	S	4	0	4	0.0000617322
Hymenobacter sp. PAMC 26554	1484116	S	4	0	4	0.0000617322
Hymenobacter sp. HDW8	2714932	S	1	3	4	0.0000617322
Hymenobacter busanensis	2607656	S	4	0	4	0.0000617322
Pontibacter akesuensis	388950	S	4	0	4	0.0000617322
Pontibacter sp. SGAir0037	2571030	S	3	1	4	0.0000617322
Algoriphagus machipongonensis	388413	S	4	0	4	0.0000617322
Chitinophaga sp. MD30	2033437	S	4	0	4	0.0000617322
Aeoliella mucimassa	2527972	S	4	0	4	0.0000617322
Akkermansia glycaniphila	1679444	S	4	0	4	0.0000617322
Simkania negevensis	83561	S	4	0	4	0.0000617322
Granulicella sp. 5B5	1617967	S	4	0	4	0.0000617322
Treponema succinifaciens	167	S	4	0	4	0.0000617322
Leptospira tipperaryensis	2564040	S	4	0	4	0.0000617322
Fusobacterium ulcerans	861	S	4	0	4	0.0000617322
Fusobacterium pseudoperiodonticum	2663009	S	4	0	4	0.0000617322
Thermotoga profunda	1508420	S	1	3	4	0.0000617322
Dictyoglomus thermophilum	14	S	1	3	4	0.0000617322
Elusimicrobium minutum	423605	S	4	0	4	0.0000617322
Methanosarcina mazei	2209	S	4	0	4	0.0000617322
Methanosarcina lacustris	170861	S	4	0	4	0.0000617322
Methanomethylovorans hollandica	101192	S	4	0	4	0.0000617322
Methanoculleus marisnigri	2198	S	4	0	4	0.0000617322
Faecalibacterium virus Taranis	2734146	S	2	2	4	0.0000617322
Invertebrate iridovirus 25	1301280	S	4	0	4	0.0000617322
Agrotis segetum nucleopolyhedrovirus A	1962501	S	4	0	4	0.0000617322
Burkholderia contaminans	488447	S	2	1	3	0.0000462992
Burkholderia stagnalis	1503054	S	2	1	3	0.0000462992
Burkholderia sp. RPE67	758796	S	2	1	3	0.0000462992
Burkholderia sp. KK1	1855726	S	2	1	3	0.0000462992
Burkholderia sp. KBS0801	1179675	S	1	2	3	0.0000462992
Burkholderia glumae	337	S	3	0	3	0.0000462992
Burkholderia plantarii	41899	S	3	0	3	0.0000462992
Pandoraea apista	93218	S	3	0	3	0.0000462992
Pandoraea sputorum	93222	S	3	0	3	0.0000462992
Mycoavidus cysteinexigens	1553431	S	3	0	3	0.0000462992
Pusillimonas sp. DMV24BSW_D	2716226	S	3	0	3	0.0000462992
Iodobacter fluviatilis	537	S	3	0	3	0.0000462992
Aquitalea denitrificans	519081	S	2	1	3	0.0000462992
Chitinibacter fontanus	1737446	S	3	0	3	0.0000462992
Neisseria sp. 10022	1853276	S	3	0	3	0.0000462992
Neisseria brasiliensis	2666100	S	3	0	3	0.0000462992
Neisseria shayeganii	607712	S	3	0	3	0.0000462992
Methylovorus glucosotrophus	266009	S	2	1	3	0.0000462992
Methylovorus sp. MP688	887061	S	2	1	3	0.0000462992
Nitrosomonas sp. AL212	153948	S	3	0	3	0.0000462992
Nitrosomonas communis	44574	S	3	0	3	0.0000462992
Nitrosomonas stercoris	1444684	S	3	0	3	0.0000462992
Candidatus Profftella armatura (Diaphorina cf. continua)	2661583	S	2	1	3	0.0000462992
Pseudomonas sp. DG56-2	2320270	S	3	0	3	0.0000462992
Pseudomonas sp. 02C 26	2054914	S	3	0	3	0.0000462992
Pseudomonas sp. MPC6	2498848	S	3	0	3	0.0000462992
Pseudomonas sp. BIGb0427	2724470	S	3	0	3	0.0000462992
Pseudomonas sp. SDM007	2812000	S	3	0	3	0.0000462992
Pseudomonas sp. HLS-6	2049589	S	3	0	3	0.0000462992
Pseudomonas sp. CMR5c	658630	S	3	0	3	0.0000462992
Pseudomonas sp. 14181154	2662033	S	2	1	3	0.0000462992
Pseudomonas sp. J380	2605424	S	2	1	3	0.0000462992
Pseudomonas sp. DR 5-09	1534110	S	2	1	3	0.0000462992
Pseudomonas sp. SWI36	2083052	S	1	2	3	0.0000462992
Pseudomonas sp. SXM-1	2169583	S	1	2	3	0.0000462992
Pseudomonas sp. BJP69	2597770	S	1	2	3	0.0000462992
Pseudomonas multiresinivorans	95301	S	2	1	3	0.0000462992
Pseudomonas oleovorans	301	S	1	2	3	0.0000462992
Pseudomonas xanthomarina	271420	S	3	0	3	0.0000462992
Pseudomonas saudiphocaensis	1499686	S	3	0	3	0.0000462992
Pseudomonas guangdongensis	1245526	S	3	0	3	0.0000462992
Pseudomonas allokribbensis	2774460	S	3	0	3	0.0000462992
Pseudomonas umsongensis	198618	S	3	0	3	0.0000462992
Pseudomonas simiae	321846	S	3	0	3	0.0000462992
Pseudomonas thivervalensis	86265	S	3	0	3	0.0000462992
Pseudomonas alcaliphila	101564	S	2	1	3	0.0000462992
Pseudomonas asplenii	53407	S	2	1	3	0.0000462992
Pseudomonas atacamensis	2565368	S	2	1	3	0.0000462992
Pseudomonas lactis	1615674	S	2	1	3	0.0000462992
Pseudomonas soli	1306993	S	1	2	3	0.0000462992
Entomomonas sp. F2A	2785331	S	3	0	3	0.0000462992
Acinetobacter gyllenbergii	134534	S	3	0	3	0.0000462992
Psychrobacter sp. YP14	2203895	S	2	1	3	0.0000462992
Escherichia fergusonii	564	S	2	1	3	0.0000462992
Enterobacter ludwigii	299767	S	2	1	3	0.0000462992
Enterobacter hormaechei	158836	S	1	2	3	0.0000462992
Citrobacter telavivum	2653932	S	3	0	3	0.0000462992
Enterobacteriaceae endosymbiont of Neohaemonia nigricornis	2675792	S	3	0	3	0.0000462992
Enterobacteriaceae endosymbiont of Macroplea mutica	2675791	S	3	0	3	0.0000462992
Candidatus Blochmannia vafer	251535	S	3	0	3	0.0000462992
Blochmannia endosymbiont of Camponotus (Colobopsis) obliquus	1505597	S	3	0	3	0.0000462992
Buttiauxella agrestis	82977	S	3	0	3	0.0000462992
Buttiauxella sp. 3AFRM03	2479367	S	3	0	3	0.0000462992
Leclercia adecarboxylata	83655	S	1	2	3	0.0000462992
Serratia odorifera	618	S	3	0	3	0.0000462992
Serratia symbiotica	138074	S	3	0	3	0.0000462992
Serratia surfactantfaciens	2741499	S	2	1	3	0.0000462992
Yersinia similis	367190	S	3	0	3	0.0000462992
Yersinia ruckeri	29486	S	3	0	3	0.0000462992
Tatumella ptyseos	82987	S	3	0	3	0.0000462992
Xenorhabdus bovienii	40576	S	3	0	3	0.0000462992
Dickeya dadantii	204038	S	3	0	3	0.0000462992
Dickeya solani	1089444	S	3	0	3	0.0000462992
Brenneria goodwinii	1109412	S	3	0	3	0.0000462992
Hafnia paralvei	546367	S	3	0	3	0.0000462992
Obesumbacterium proteus	82983	S	3	0	3	0.0000462992
Stenotrophomonas sp. SAU14A_NAIMI4_5	2072413	S	3	0	3	0.0000462992
Xanthomonas hyacinthi	56455	S	3	0	3	0.0000462992
Xanthomonas albilineans	29447	S	3	0	3	0.0000462992
Xanthomonas euroxanthea	2259622	S	3	0	3	0.0000462992
Lysobacter gummosus	262324	S	3	0	3	0.0000462992
Thermomonas sp. HDW16	2714945	S	3	0	3	0.0000462992
Luteimonas chenhongjianii	2006110	S	3	0	3	0.0000462992
Xylella fastidiosa	2371	S	2	1	3	0.0000462992
Dyella sp. M7H15-1	2501295	S	3	0	3	0.0000462992
Shewanella sp. M2	2487742	S	3	0	3	0.0000462992
Shewanella sp. WE21	2029986	S	2	1	3	0.0000462992
Shewanella amazonensis	60478	S	3	0	3	0.0000462992
Shewanella woodyi	60961	S	3	0	3	0.0000462992
Shewanella maritima	2520507	S	3	0	3	0.0000462992
Shewanella aestuarii	1028752	S	3	0	3	0.0000462992
Shewanella livingstonensis	150120	S	3	0	3	0.0000462992
Shewanella denitrificans	192073	S	3	0	3	0.0000462992
Shewanella loihica	359303	S	3	0	3	0.0000462992
Shewanella violacea	60217	S	3	0	3	0.0000462992
Shewanella putrefaciens	24	S	1	2	3	0.0000462992
Shewanella polaris	2588449	S	1	2	3	0.0000462992
Marinobacter sp. Arc7-DN-1	2304594	S	3	0	3	0.0000462992
Marinobacter sp. JH2	2547598	S	3	0	3	0.0000462992
Salinimonas sp. G2-b	2785918	S	3	0	3	0.0000462992
Lacimicrobium alkaliphilum	1526571	S	3	0	3	0.0000462992
Hydrocarboniclastica marina	2259620	S	3	0	3	0.0000462992
Pseudoalteromonas atlantica	288	S	2	1	3	0.0000462992
Pseudoalteromonas undina	43660	S	2	1	3	0.0000462992
Pseudoalteromonas issachenkonii	152297	S	1	2	3	0.0000462992
Pseudoalteromonas nigrifaciens	28109	S	1	2	3	0.0000462992
Colwellia psychrerythraea	28229	S	3	0	3	0.0000462992
Idiomarina sp. X4	2055892	S	3	0	3	0.0000462992
Idiomarina andamanensis	1940690	S	3	0	3	0.0000462992
Moritella marina	90736	S	3	0	3	0.0000462992
Aeromonas sp. 2692-1	2560029	S	1	2	3	0.0000462992
Aeromonas rivipollensis	948519	S	2	1	3	0.0000462992
Oceanisphaera avium	1903694	S	3	0	3	0.0000462992
Halomonas sp. A40-4	2785909	S	3	0	3	0.0000462992
Halomonas sp. THAF12	2587849	S	3	0	3	0.0000462992
Halomonas sp. KO116	1504981	S	2	1	3	0.0000462992
Halomonas beimenensis	475662	S	3	0	3	0.0000462992
Kushneria konosiri	698828	S	3	0	3	0.0000462992
Chromohalobacter salexigens	158080	S	3	0	3	0.0000462992
Halotalea alkalilenta	376489	S	3	0	3	0.0000462992
Neptunomonas phycophila	1572645	S	3	0	3	0.0000462992
Marinobacterium aestuarii	1821621	S	3	0	3	0.0000462992
Thalassolituus oleivorans	187493	S	3	0	3	0.0000462992
Amphritea japonica	452627	S	3	0	3	0.0000462992
Alcanivorax pacificus	1306787	S	3	0	3	0.0000462992
Ketobacter alkanivorans	1917421	S	3	0	3	0.0000462992
Kangiella sediminilitoris	1144748	S	3	0	3	0.0000462992
Vibrio sp. dhg	2163016	S	2	1	3	0.0000462992
Vibrio mimicus	674	S	3	0	3	0.0000462992
Vibrio tritonius	1435069	S	3	0	3	0.0000462992
Vibrio cidicii	1763883	S	3	0	3	0.0000462992
Vibrio cincinnatiensis	675	S	3	0	3	0.0000462992
Vibrio spartinae	1918945	S	3	0	3	0.0000462992
Photobacterium gaetbulicola	1295392	S	3	0	3	0.0000462992
Candidatus Enterovibrio luxaltus	1927128	S	3	0	3	0.0000462992
Marichromatium purpuratum	37487	S	3	0	3	0.0000462992
Thioalkalivibrio paradoxus	108010	S	3	0	3	0.0000462992
Halorhodospira halophila	1053	S	3	0	3	0.0000462992
Halothiobacillus sp. LS2	1860122	S	3	0	3	0.0000462992
Sulfuriflexus mobilis	1811807	S	3	0	3	0.0000462992
Wenzhouxiangella marina	1579979	S	3	0	3	0.0000462992
Saccharophagus degradans	86304	S	3	0	3	0.0000462992
Microbulbifer sp. ALW1	1516059	S	3	0	3	0.0000462992
Methylomonas sp. LW13	107637	S	2	1	3	0.0000462992
Legionella sp. PC997	2755562	S	3	0	3	0.0000462992
Legionella israelensis	454	S	3	0	3	0.0000462992
Legionella sainthelensi	28087	S	3	0	3	0.0000462992
Legionella endosymbiont of Polyplax serrata	2005262	S	3	0	3	0.0000462992
Tatlockia micdadei	451	S	3	0	3	0.0000462992
Hydrogenovibrio crunogenus	39765	S	3	0	3	0.0000462992
Methylophaga nitratireducenticrescens	754476	S	3	0	3	0.0000462992
Thiosulfativibrio zosterae	2675053	S	3	0	3	0.0000462992
Thiosulfatimonas sediminis	2675054	S	3	0	3	0.0000462992
Francisella halioticida	549298	S	3	0	3	0.0000462992
Francisella sp. LA112445	1395624	S	3	0	3	0.0000462992
Francisella noatunensis	657445	S	1	2	3	0.0000462992
[Haemophilus] ducreyi	730	S	3	0	3	0.0000462992
Rodentibacter sp. DSM 111151	2778911	S	3	0	3	0.0000462992
Otariodibacter oris	1032623	S	3	0	3	0.0000462992
Sinimarinibacterium sp. NLF-5-8	2698684	S	3	0	3	0.0000462992
Candidatus Thioglobus singularis	1427364	S	2	1	3	0.0000462992
Pseudohongiella spirulinae	1249552	S	3	0	3	0.0000462992
Gilliamella apicola	1196095	S	3	0	3	0.0000462992
Immundisolibacter cernigliae	1810504	S	3	0	3	0.0000462992
Rhizobium sp. NZLR1	2731096	S	3	0	3	0.0000462992
Rhizobium jaguaris	1312183	S	3	0	3	0.0000462992
Rhizobium rhizoryzae	451876	S	3	0	3	0.0000462992
Rhizobium lusitanum	293958	S	3	0	3	0.0000462992
Rhizobium indicum	2583231	S	2	1	3	0.0000462992
Sinorhizobium americanum	194963	S	3	0	3	0.0000462992
Ensifer mexicanus	375549	S	3	0	3	0.0000462992
Liberibacter crescens	1273132	S	3	0	3	0.0000462992
Kaistia sp. 32K	2795690	S	3	0	3	0.0000462992
Mesorhizobium sp. 113-3-3	2744516	S	2	1	3	0.0000462992
Mesorhizobium amorphae	71433	S	3	0	3	0.0000462992
Mesorhizobium opportunistum	593909	S	2	1	3	0.0000462992
Oricola thermophila	2742145	S	3	0	3	0.0000462992
Devosia sp. MC521	2759954	S	3	0	3	0.0000462992
Blastochloris viridis	1079	S	3	0	3	0.0000462992
Methyloceanibacter sp. wino2	2170729	S	3	0	3	0.0000462992
Pelagibacterium halotolerans	531813	S	3	0	3	0.0000462992
Methyloligella sp. GL2	2742204	S	3	0	3	0.0000462992
Candidatus Phaeomarinobacter ectocarpi	1458461	S	3	0	3	0.0000462992
[Ochrobactrum] quorumnocens	271865	S	3	0	3	0.0000462992
Brucella sp. 10RB9215	1149953	S	1	2	3	0.0000462992
Brucella sp. 09RB8910	1844051	S	1	2	3	0.0000462992
Labrenzia sp. THAF82	2587861	S	3	0	3	0.0000462992
Labrenzia alexandrii	388408	S	3	0	3	0.0000462992
Labrenzia aggregata	187304	S	2	1	3	0.0000462992
Beijerinckia indica	533	S	3	0	3	0.0000462992
Bartonella ancashensis	1318743	S	3	0	3	0.0000462992
Sphingomonas sp. HDW15C	2714944	S	3	0	3	0.0000462992
Sphingomonas sediminicola	386874	S	3	0	3	0.0000462992
Sphingomonas daechungensis	1176646	S	3	0	3	0.0000462992
Sphingorhabdus sp. SMR4y	2584094	S	3	0	3	0.0000462992
Erythrobacter sp. KY5	2011159	S	3	0	3	0.0000462992
Sphingosinicella microcystinivorans	335406	S	3	0	3	0.0000462992
Paracoccus sp. MC1862	2760307	S	3	0	3	0.0000462992
Celeribacter marinus	1397108	S	3	0	3	0.0000462992
Rhodovulum sp. MB263	308754	S	3	0	3	0.0000462992
Salipiger pacificus	311180	S	3	0	3	0.0000462992
Marivivens sp. JLT3646	1920883	S	3	0	3	0.0000462992
Pseudohalocynthiibacter aestuariivivens	1591409	S	3	0	3	0.0000462992
Pontivivens sp. MT2928	2789856	S	3	0	3	0.0000462992
Thalassobius gelatinovorus	53501	S	3	0	3	0.0000462992
Oceanicola sp. D3	2587163	S	3	0	3	0.0000462992
Pelagovum pacificum	2588711	S	3	0	3	0.0000462992
Thalassospira sp. A40-3	2785908	S	3	0	3	0.0000462992
Thalassospira sp. B30-1	2785911	S	2	1	3	0.0000462992
Komagataeibacter saccharivorans	265959	S	3	0	3	0.0000462992
Acetobacter persici	1076596	S	3	0	3	0.0000462992
Acetobacter oryzoeni	2500548	S	1	2	3	0.0000462992
Parasaccharibacter apium	1510841	S	3	0	3	0.0000462992
Terasakiella sp. SH-1	2560057	S	3	0	3	0.0000462992
Rickettsia helvetica	35789	S	2	1	3	0.0000462992
Candidatus Midichloria mitochondrii	234827	S	3	0	3	0.0000462992
Candidatus Fokinia solitaria	1802984	S	3	0	3	0.0000462992
Phreatobacter stygius	1940610	S	3	0	3	0.0000462992
endosymbiont of Acanthamoeba sp. UWC8	86106	S	3	0	3	0.0000462992
Luteithermobacter gelatinilyticus	2582913	S	3	0	3	0.0000462992
Kordiimonas pumila	2161677	S	3	0	3	0.0000462992
Campylobacter corcagiensis	1448857	S	3	0	3	0.0000462992
Campylobacter cuniculorum	374106	S	3	0	3	0.0000462992
Sulfuricurvum kujiense	148813	S	3	0	3	0.0000462992
Sulfurovum indicum	2779528	S	3	0	3	0.0000462992
Nitratifractor salsuginis	269261	S	3	0	3	0.0000462992
Nitrosophilus alvini	2714855	S	3	0	3	0.0000462992
Archangium gephyra	48	S	2	1	3	0.0000462992
Myxococcus stipitatus	83455	S	2	1	3	0.0000462992
Myxococcus sp. SCHIC003	2813577	S	2	1	3	0.0000462992
Pyxidicoccus sp. SCPEA002	2813578	S	3	0	3	0.0000462992
Geobacter sp. FeAm09	2597769	S	3	0	3	0.0000462992
Geobacter daltonii	1203471	S	3	0	3	0.0000462992
Geobacter bemidjiensis	225194	S	2	1	3	0.0000462992
Desulfuromonas soudanensis	1603606	S	3	0	3	0.0000462992
Desulfuromonas sp. DDH964	1823759	S	3	0	3	0.0000462992
Syntrophotalea carbinolica	19	S	3	0	3	0.0000462992
Desulfovibrio piger	901	S	3	0	3	0.0000462992
Desulfobacter postgatei	2293	S	3	0	3	0.0000462992
Syntrophus aciditrophicus	316277	S	3	0	3	0.0000462992
Halobacteriovorax marinus	97084	S	3	0	3	0.0000462992
Acidithiobacillus caldus	33059	S	3	0	3	0.0000462992
Microbacterium sp. RG1	2489212	S	3	0	3	0.0000462992
Microbacterium sp. 4R-513	2567934	S	3	0	3	0.0000462992
Microbacterium sp. JZ31	1906274	S	3	0	3	0.0000462992
Microbacterium sp. A18JL200	2782167	S	2	1	3	0.0000462992
Microbacterium oleivorans	273677	S	3	0	3	0.0000462992
Microbacterium testaceum	2033	S	3	0	3	0.0000462992
Microbacterium protaetiae	2509458	S	3	0	3	0.0000462992
Microbacterium amylolyticum	936337	S	3	0	3	0.0000462992
Curtobacterium pusillum	69373	S	3	0	3	0.0000462992
Agromyces sp. G127AT	2781962	S	3	0	3	0.0000462992
Aurantimicrobium minutum	708131	S	3	0	3	0.0000462992
Leucobacter viscericola	2714935	S	3	0	3	0.0000462992
Leifsonia sp. PS1209	2724914	S	3	0	3	0.0000462992
Mycetocola sp. JXN-3	2116510	S	3	0	3	0.0000462992
Microcella alkaliphila	279828	S	3	0	3	0.0000462992
Arthrobacter sp. U41	1849032	S	3	0	3	0.0000462992
Arthrobacter woluwensis	156980	S	3	0	3	0.0000462992
Rothia mucilaginosa	43675	S	3	0	3	0.0000462992
Rothia sp. ZJ932	2810516	S	3	0	3	0.0000462992
Rothia kristinae	37923	S	2	1	3	0.0000462992
Rothia terrae	396015	S	2	1	3	0.0000462992
Pseudarthrobacter sp. YJ56	2697569	S	3	0	3	0.0000462992
Sinomonas sp. R1AF57	2020377	S	3	0	3	0.0000462992
Citricoccus sp. SGAir0253	2567881	S	3	0	3	0.0000462992
Paraoerskovia marina	545619	S	3	0	3	0.0000462992
Janibacter limosus	53458	S	3	0	3	0.0000462992
Phycicoccus sp. HDW14	2714941	S	3	0	3	0.0000462992
Intrasporangium calvum	53358	S	3	0	3	0.0000462992
Arsenicicoccus sp. oral taxon 190	1658671	S	3	0	3	0.0000462992
Brevibacterium sp. o2	2697565	S	3	0	3	0.0000462992
Brevibacterium oceani	358099	S	3	0	3	0.0000462992
Brachybacterium sp. P6-10-X1	1903186	S	3	0	3	0.0000462992
Dermabacter vaginalis	1630135	S	2	1	3	0.0000462992
Ornithinimicrobium sp. H23M54	2594265	S	3	0	3	0.0000462992
Ornithinimicrobium flavum	1288636	S	2	1	3	0.0000462992
Cellulosimicrobium sp. BI34T	2587808	S	3	0	3	0.0000462992
Cellulosimicrobium cellulans	1710	S	2	1	3	0.0000462992
Sanguibacter keddieii	60920	S	3	0	3	0.0000462992
Rhodococcus sp. WMMA185	679318	S	3	0	3	0.0000462992
Nocardia sp. WCH-YHL-001	2755382	S	3	0	3	0.0000462992
Nocardia arthritidis	228602	S	3	0	3	0.0000462992
Mycolicibacterium sp. Z-34	2736649	S	3	0	3	0.0000462992
Mycolicibacterium sp. LJ126	2761578	S	3	0	3	0.0000462992
Mycolicibacterium phlei	1771	S	3	0	3	0.0000462992
Mycolicibacterium chitae	1792	S	3	0	3	0.0000462992
Mycolicibacterium fluoranthenivorans	258505	S	3	0	3	0.0000462992
Mycolicibacterium vaccae	1810	S	3	0	3	0.0000462992
Mycolicibacterium mageritense	53462	S	3	0	3	0.0000462992
Mycolicibacterium confluentis	28047	S	3	0	3	0.0000462992
Mycolicibacterium tokaiense	39695	S	3	0	3	0.0000462992
Mycobacterium sp. JS623	212767	S	3	0	3	0.0000462992
Mycobacterium sp. MS1601	1936029	S	3	0	3	0.0000462992
Mycobacterium parmense	185642	S	3	0	3	0.0000462992
Mycobacterium seoulense	386911	S	3	0	3	0.0000462992
Mycobacterium paraseoulense	590652	S	3	0	3	0.0000462992
Mycobacterium basiliense	2094119	S	3	0	3	0.0000462992
Mycobacteroides saopaulense	1578165	S	3	0	3	0.0000462992
Mycolicibacter minnesotensis	1118379	S	3	0	3	0.0000462992
Hoyosella subflava	639313	S	3	0	3	0.0000462992
Corynebacterium matruchotii	43768	S	3	0	3	0.0000462992
Corynebacterium frankenforstense	1230998	S	3	0	3	0.0000462992
Corynebacterium testudinoris	136857	S	3	0	3	0.0000462992
Corynebacterium nuruki	1032851	S	3	0	3	0.0000462992
Corynebacterium terpenotabidum	89154	S	3	0	3	0.0000462992
Corynebacterium ulcerans	65058	S	3	0	3	0.0000462992
Corynebacterium imitans	156978	S	3	0	3	0.0000462992
Corynebacterium geronticis	2079234	S	3	0	3	0.0000462992
Corynebacterium crudilactis	1652495	S	2	1	3	0.0000462992
Gordonia insulae	2420509	S	3	0	3	0.0000462992
Tomitella sp. HY172	2760083	S	3	0	3	0.0000462992
Lawsonella clevelandensis	1528099	S	3	0	3	0.0000462992
Propionibacterium australiense	119981	S	3	0	3	0.0000462992
Propionibacterium acidifaciens	556499	S	3	0	3	0.0000462992
Tessaracoccus flavescens	399497	S	2	1	3	0.0000462992
Microlunatus sp. KUDC0627	2596828	S	3	0	3	0.0000462992
Microlunatus sp. Gsoil 973	2672569	S	3	0	3	0.0000462992
Microlunatus sagamiharensis	546874	S	3	0	3	0.0000462992
Nocardioides sp. WS12	2486272	S	3	0	3	0.0000462992
Nocardioides euryhalodurans	2518370	S	3	0	3	0.0000462992
Aeromicrobium sp. A1-2	2107713	S	3	0	3	0.0000462992
Friedmanniella luteola	546871	S	3	0	3	0.0000462992
Streptomyces sp. C8S0	2585716	S	3	0	3	0.0000462992
Streptomyces sp. S4.7	2705439	S	3	0	3	0.0000462992
Streptomyces sp. HSG2	2797167	S	3	0	3	0.0000462992
Streptomyces sp. NHF165	2175864	S	3	0	3	0.0000462992
Streptomyces sp. QMT-12	2717324	S	3	0	3	0.0000462992
Streptomyces sp. DSM 40868	2721173	S	3	0	3	0.0000462992
Streptomyces sp. QHH-9511	2684468	S	3	0	3	0.0000462992
Streptomyces sp. 2323.1	1938841	S	3	0	3	0.0000462992
Streptomyces sp. CRXT-G-22	2768066	S	3	0	3	0.0000462992
Streptomyces sp. jing01	2726118	S	3	0	3	0.0000462992
Streptomyces sp. CB09001	2083284	S	3	0	3	0.0000462992
Streptomyces sp. SUK 48	2582831	S	3	0	3	0.0000462992
Streptomyces sp. NA04227	2742136	S	3	0	3	0.0000462992
Streptomyces sp. SirexAA-E	862751	S	3	0	3	0.0000462992
Streptomyces sp. Sge12	1972846	S	2	1	3	0.0000462992
Streptomyces sp. XC 2026	2782004	S	2	1	3	0.0000462992
Streptomyces sp. NA03103	2742134	S	1	2	3	0.0000462992
Streptomyces mobaraensis	35621	S	3	0	3	0.0000462992
Streptomyces pactum	68249	S	3	0	3	0.0000462992
Streptomyces violaceusniger	68280	S	3	0	3	0.0000462992
Streptomyces avermitilis	33903	S	3	0	3	0.0000462992
Streptomyces asterosporus	285570	S	3	0	3	0.0000462992
Streptomyces lavendulae	1914	S	3	0	3	0.0000462992
Streptomyces finlayi	67296	S	3	0	3	0.0000462992
Streptomyces alboflavus	67267	S	3	0	3	0.0000462992
Streptomyces clavuligerus	1901	S	3	0	3	0.0000462992
Streptomyces cacaoi	1898	S	3	0	3	0.0000462992
Streptomyces vinaceus	1960	S	3	0	3	0.0000462992
Streptomyces ficellus	1977088	S	3	0	3	0.0000462992
Streptomyces dengpaensis	2049881	S	3	0	3	0.0000462992
Streptomyces bathyalis	2710756	S	3	0	3	0.0000462992
Streptomyces cyaneochromogenes	2496836	S	3	0	3	0.0000462992
Streptomyces fulvissimus	68202	S	2	1	3	0.0000462992
Streptomyces violaceoruber	1935	S	1	2	3	0.0000462992
Streptomyces autolyticus	75293	S	1	2	3	0.0000462992
Kitasatospora sp. MMS16-BH015	2018025	S	3	0	3	0.0000462992
Streptacidiphilus sp. PB12-B1b	2705012	S	3	0	3	0.0000462992
Micromonospora coxensis	356852	S	2	1	3	0.0000462992
Micromonospora purpureochromogenes	47872	S	2	1	3	0.0000462992
Plantactinospora sp. BB1	2071627	S	3	0	3	0.0000462992
Bifidobacterium thermophilum	33905	S	3	0	3	0.0000462992
Bifidobacterium scardovii	158787	S	3	0	3	0.0000462992
Bifidobacterium choerinum	35760	S	3	0	3	0.0000462992
Bifidobacterium angulatum	1683	S	3	0	3	0.0000462992
Schaalia meyeri	52773	S	3	0	3	0.0000462992
Pauljensenia hongkongensis	178339	S	3	0	3	0.0000462992
Thermomonospora curvata	2020	S	3	0	3	0.0000462992
Thermobifida fusca	2021	S	3	0	3	0.0000462992
Frankia casuarinae	106370	S	3	0	3	0.0000462992
Jiangella sp. DSM 45060	1798224	S	2	1	3	0.0000462992
Acidothermus cellulolyticus	28049	S	3	0	3	0.0000462992
Kineococcus radiotolerans	131568	S	3	0	3	0.0000462992
Olsenella uli	133926	S	3	0	3	0.0000462992
Slackia heliotrinireducens	84110	S	3	0	3	0.0000462992
Arabia massiliensis	1870985	S	3	0	3	0.0000462992
Rubrobacter xylanophilus	49319	S	3	0	3	0.0000462992
Rubrobacter radiotolerans	42256	S	2	1	3	0.0000462992
Rubrobacter indicoceani	2051957	S	2	1	3	0.0000462992
Egibacter rhizosphaerae	1670831	S	3	0	3	0.0000462992
Butyrivibrio fibrisolvens	831	S	3	0	3	0.0000462992
Oscillibacter sp. NSJ-62	2763056	S	3	0	3	0.0000462992
Fastidiosipila sanguinis	236753	S	3	0	3	0.0000462992
Caproiciproducens sp. NJN-50	2507162	S	3	0	3	0.0000462992
Clostridium acetobutylicum	1488	S	3	0	3	0.0000462992
Clostridium carboxidivorans	217159	S	3	0	3	0.0000462992
Clostridium intestinale	36845	S	3	0	3	0.0000462992
Clostridium cochlearium	1494	S	3	0	3	0.0000462992
Clostridium baratii	1561	S	3	0	3	0.0000462992
Hathewaya histolytica	1498	S	3	0	3	0.0000462992
Crassaminicella sp. SY095	2599308	S	3	0	3	0.0000462992
Romboutsia sp. CE17	2724150	S	3	0	3	0.0000462992
Aminipila butyrica	433296	S	3	0	3	0.0000462992
Petrocella atlantisensis	2173034	S	3	0	3	0.0000462992
Caldicellulosiruptor lactoaceticus	52766	S	2	1	3	0.0000462992
Anoxybacter fermentans	1323375	S	3	0	3	0.0000462992
Bacillus sp. CS13	2728853	S	3	0	3	0.0000462992
Bacillus gobiensis	1441095	S	3	0	3	0.0000462992
Lysinibacillus sp. 2017	2169540	S	3	0	3	0.0000462992
Geobacillus stearothermophilus	1422	S	2	1	3	0.0000462992
Virgibacillus sp. Bac330	2419841	S	2	1	3	0.0000462992
Weizmannia coagulans	1398	S	3	0	3	0.0000462992
Cytobacillus oceanisediminis	665099	S	3	0	3	0.0000462992
Staphylococcus nepalensis	214473	S	3	0	3	0.0000462992
Mammaliicoccus lentus	42858	S	3	0	3	0.0000462992
Mammaliicoccus stepanovicii	643214	S	3	0	3	0.0000462992
Abyssicoccus albus	1817405	S	3	0	3	0.0000462992
Paenibacillus sp. FSL P4-0081	1536769	S	3	0	3	0.0000462992
Paenibacillus sp. FSL H7-0737	1536775	S	3	0	3	0.0000462992
Paenibacillus antarcticus	253703	S	3	0	3	0.0000462992
Paenibacillus durus	44251	S	3	0	3	0.0000462992
Paenibacillus terrae	159743	S	3	0	3	0.0000462992
Paenibacillus polymyxa	1406	S	1	2	3	0.0000462992
Brevibacillus sp. SCSIO 07484	2496837	S	3	0	3	0.0000462992
Brevibacillus brevis	1393	S	3	0	3	0.0000462992
Paenisporosarcina sp. K2R23-3	2320858	S	3	0	3	0.0000462992
Alicyclobacillus ferrooxydans	471514	S	3	0	3	0.0000462992
Gemella morbillorum	29391	S	3	0	3	0.0000462992
Streptococcus sp. HSISM1	1316408	S	2	1	3	0.0000462992
Streptococcus sp. LPB0220	2610896	S	2	1	3	0.0000462992
Streptococcus oralis	1303	S	3	0	3	0.0000462992
Streptococcus anginosus	1328	S	2	1	3	0.0000462992
Streptococcus porcinus	1340	S	3	0	3	0.0000462992
Streptococcus gordonii	1302	S	3	0	3	0.0000462992
Streptococcus suis	1307	S	3	0	3	0.0000462992
Lactobacillus delbrueckii	1584	S	2	1	3	0.0000462992
Leuconostoc gelidum	1244	S	3	0	3	0.0000462992
Latilactobacillus sakei	1599	S	2	1	3	0.0000462992
Companilactobacillus ginsenosidimutans	1007676	S	3	0	3	0.0000462992
Companilactobacillus heilongjiangensis	1074467	S	3	0	3	0.0000462992
Limosilactobacillus fermentum	1613	S	3	0	3	0.0000462992
Liquorilactobacillus hordei	468911	S	3	0	3	0.0000462992
Lactiplantibacillus pentosus	1589	S	1	2	3	0.0000462992
Enterococcus faecalis	1351	S	3	0	3	0.0000462992
Vagococcus teuberi	519472	S	3	0	3	0.0000462992
Aerococcus urinae	1376	S	3	0	3	0.0000462992
Veillonella parvula	29466	S	3	0	3	0.0000462992
Gottschalkia acidurici	1556	S	3	0	3	0.0000462992
Geminocystis herdmanii	669359	S	3	0	3	0.0000462992
Gloeocapsa sp. PCC 7428	1173026	S	3	0	3	0.0000462992
Euhalothece natronophila	577489	S	3	0	3	0.0000462992
Nostoc sp. PCC 7107	317936	S	2	1	3	0.0000462992
Cylindrospermum stagnale	142864	S	3	0	3	0.0000462992
Cylindrospermopsis curvispora	747548	S	2	1	3	0.0000462992
Raphidiopsis curvata	312883	S	2	1	3	0.0000462992
Synechococcus sp. MEDNS5	1442554	S	3	0	3	0.0000462992
Synechococcus sp. PCC 7502	1173263	S	3	0	3	0.0000462992
Leptolyngbya sp. BL0902	1115757	S	3	0	3	0.0000462992
Leptolyngbya sp. NIES-3755	1752064	S	3	0	3	0.0000462992
Leptolyngbya boryana	1184	S	3	0	3	0.0000462992
Synechocystis sp. PCC 6714	1147	S	1	2	3	0.0000462992
Acaryochloris marina	155978	S	3	0	3	0.0000462992
Chroococcidiopsis thermalis	54299	S	3	0	3	0.0000462992
Gloeomargarita lithophora	1188228	S	3	0	3	0.0000462992
cyanobacterium endosymbiont of Epithemia turgida	718217	S	2	1	3	0.0000462992
Mycoplasma sp. (ex Biomphalaria glabrata)	1749074	S	3	0	3	0.0000462992
Mycoplasma felis	33923	S	3	0	3	0.0000462992
Spiroplasma clarkii	2139	S	3	0	3	0.0000462992
Mesoplasma syrphidae	225999	S	3	0	3	0.0000462992
Mesoplasma florum	2151	S	2	1	3	0.0000462992
Acholeplasma palmae	38986	S	3	0	3	0.0000462992
Meiothermus ruber	277	S	3	0	3	0.0000462992
Deinococcus irradiatisoli	2202254	S	3	0	3	0.0000462992
Deinococcus maricopensis	309887	S	3	0	3	0.0000462992
Deinococcus ficus	317577	S	3	0	3	0.0000462992
Deinococcus actinosclerus	1768108	S	2	1	3	0.0000462992
Dehalococcoides mccartyi	61435	S	2	1	3	0.0000462992
Tepidiforma bonchosmolovskayae	2601677	S	3	0	3	0.0000462992
Capnocytophaga sputigena	1019	S	3	0	3	0.0000462992
Capnocytophaga cynodegmi	28189	S	3	0	3	0.0000462992
Formosa sp. Hel1_33_131	1336794	S	3	0	3	0.0000462992
Formosa sp. Hel3_A1_48	1336795	S	3	0	3	0.0000462992
Cellulophaga algicola	59600	S	3	0	3	0.0000462992
Gramella echinicola	279359	S	3	0	3	0.0000462992
Antarcticibacterium flavum	2058175	S	3	0	3	0.0000462992
Antarcticibacterium arcticum	2585771	S	3	0	3	0.0000462992
Costertonia aggregata	343403	S	3	0	3	0.0000462992
Croceibacter atlanticus	313588	S	3	0	3	0.0000462992
Arenibacter algicola	616991	S	3	0	3	0.0000462992
Chryseobacterium sp. IHB B 17019	1721091	S	3	0	3	0.0000462992
Chryseobacterium cucumeris	1813611	S	3	0	3	0.0000462992
Chryseobacterium aureum	2497456	S	3	0	3	0.0000462992
Chryseobacterium piperi	558152	S	3	0	3	0.0000462992
Chryseobacterium lactis	1241981	S	2	1	3	0.0000462992
Cruoricaptor ignavus	1118202	S	3	0	3	0.0000462992
Ichthyobacterium seriolicida	242600	S	3	0	3	0.0000462992
Bacteroides sp. CBA7301	2715212	S	3	0	3	0.0000462992
Bacteroides sp. CACC 737	2755405	S	1	2	3	0.0000462992
Bacteroides zoogleoformans	28119	S	3	0	3	0.0000462992
Prevotella intermedia	28131	S	3	0	3	0.0000462992
Prevotella scopos	589437	S	3	0	3	0.0000462992
Alistipes indistinctus	626932	S	3	0	3	0.0000462992
Dysgonomonas sp. HDW5A	2714926	S	1	2	3	0.0000462992
Sodaliphilus pleomorphus	2606626	S	3	0	3	0.0000462992
Porphyromonas asaccharolytica	28123	S	3	0	3	0.0000462992
Draconibacterium orientale	1168034	S	3	0	3	0.0000462992
Sphingobacterium thalpophilum	259	S	2	1	3	0.0000462992
Spirosoma montaniterrae	1178516	S	3	0	3	0.0000462992
Rhodocytophaga rosea	2704465	S	3	0	3	0.0000462992
Hymenobacter sp. PAMC 26628	1484118	S	3	0	3	0.0000462992
Hymenobacter sp. DG01	2584940	S	3	0	3	0.0000462992
Hymenobacter sp. BRD128	2675878	S	3	0	3	0.0000462992
Rufibacter sp. DG15C	1379909	S	2	1	3	0.0000462992
Nibribacter ruber	2698458	S	2	1	3	0.0000462992
Echinicola sp. 20G	2781961	S	3	0	3	0.0000462992
Cyclobacterium amurskyense	320787	S	3	0	3	0.0000462992
Saprospira grandis	1008	S	2	1	3	0.0000462992
Rhodothermus marinus	29549	S	3	0	3	0.0000462992
Chlorobium phaeobacteroides	1096	S	3	0	3	0.0000462992
Pelodictyon phaeoclathratiforme	34090	S	3	0	3	0.0000462992
Bythopirellula goksoyri	1400387	S	3	0	3	0.0000462992
Thermogutta terrifontis	1331910	S	3	0	3	0.0000462992
Gimesia maris	122	S	3	0	3	0.0000462992
Gimesia fumaroli	2527976	S	3	0	3	0.0000462992
Gimesia benthica	2608982	S	1	2	3	0.0000462992
Crateriforma conspicua	2527996	S	3	0	3	0.0000462992
Calycomorphotria hydatis	2528027	S	3	0	3	0.0000462992
Thalassoglobus polymorphus	2527994	S	3	0	3	0.0000462992
Isosphaera pallida	128	S	3	0	3	0.0000462992
Phycisphaera mikurensis	547188	S	3	0	3	0.0000462992
Candidatus Protochlamydia amoebophila	362787	S	2	1	3	0.0000462992
Parachlamydia acanthamoebae	83552	S	2	1	3	0.0000462992
Waddlia chondrophila	71667	S	3	0	3	0.0000462992
Granulicella tundricola	940615	S	3	0	3	0.0000462992
Treponema brennaborense	81028	S	3	0	3	0.0000462992
Sphaerochaeta globosa	1131703	S	3	0	3	0.0000462992
Salinispira pacifica	1307761	S	3	0	3	0.0000462992
Borrelia sp. A-FGy1	2608247	S	3	0	3	0.0000462992
Borreliella burgdorferi	139	S	2	1	3	0.0000462992
Leptotrichia sp. oral taxon 847	1785996	S	3	0	3	0.0000462992
Sebaldella termitidis	826	S	3	0	3	0.0000462992
Streptobacillus moniliformis	34105	S	3	0	3	0.0000462992
Nitrospira japonica	1325564	S	3	0	3	0.0000462992
Candidatus Nitrospira inopinata	1715989	S	3	0	3	0.0000462992
Desulfurobacterium thermolithotrophum	64160	S	3	0	3	0.0000462992
Dictyoglomus turgidum	513050	S	1	2	3	0.0000462992
Endomicrobium proavitum	1408281	S	2	1	3	0.0000462992
Flexistipes sinusarabici	2352	S	3	0	3	0.0000462992
Caldimicrobium thiodismutans	1653476	S	3	0	3	0.0000462992
Methanosarcina horonobensis	418008	S	3	0	3	0.0000462992
Methanoregula boonei	358766	S	3	0	3	0.0000462992
Natronomonas sp. YPL13	1710540	S	3	0	3	0.0000462992
Halosimplex rubrum	869889	S	3	0	3	0.0000462992
Halomicrobium sp. LC1Hm	2610902	S	1	2	3	0.0000462992
Halarchaeum sp. CBA1220	1853682	S	3	0	3	0.0000462992
Methanobacterium paludis	868131	S	3	0	3	0.0000462992
Methanothermococcus okinawensis	155863	S	3	0	3	0.0000462992
Sulfolobus islandicus	43080	S	3	0	3	0.0000462992
Picrophilus torridus	82076	S	2	1	3	0.0000462992
Candidatus Methanomethylophilus alvus	1291540	S	3	0	3	0.0000462992
Pseudomonas virus nickie	2560688	S	3	0	3	0.0000462992
Streptomyces virus Lilbooboo	2734285	S	1	2	3	0.0000462992
Rhodoferax phage P26218	1636270	S	3	0	3	0.0000462992
Yellowstone lake phycodnavirus 3	1586715	S	3	0	3	0.0000462992
Cafeteria roenbergensis virus	1513235	S	3	0	3	0.0000462992
Agrotis ipsilon multiple nucleopolyhedrovirus	208013	S	3	0	3	0.0000462992
Lambdina fiscellaria nucleopolyhedrovirus	1642929	S	3	0	3	0.0000462992
Burkholderia sp. MSMB0852	1637841	S	1	1	2	0.0000308661
Mycetohabitans rhizoxinica	412963	S	2	0	2	0.0000308661
Thiomonas arsenitoxydans	426114	S	1	1	2	0.0000308661
Pusillimonas sp. T7-7	1007105	S	2	0	2	0.0000308661
Taylorella asinigenitalis	84590	S	2	0	2	0.0000308661
Pelistega ratti	2652177	S	2	0	2	0.0000308661
Paenalcaligenes hominis	643674	S	2	0	2	0.0000308661
Turicimonas muris	1796652	S	2	0	2	0.0000308661
Chromobacterium paludis	2605945	S	2	0	2	0.0000308661
Neisseria sp. oral taxon 014	641148	S	2	0	2	0.0000308661
Neisseria canis	493	S	2	0	2	0.0000308661
Neisseria dentiae	194197	S	2	0	2	0.0000308661
Neisseria musculi	1815583	S	2	0	2	0.0000308661
Neisseria mucosa	488	S	1	1	2	0.0000308661
Kingella kingae	504	S	2	0	2	0.0000308661
Kingella oralis	505	S	2	0	2	0.0000308661
Alysiella filiformis	194196	S	2	0	2	0.0000308661
Snodgrassella alvi	1196083	S	2	0	2	0.0000308661
Pseudomonas sp. ABC1	2748080	S	2	0	2	0.0000308661
Pseudomonas sp. ADAK18	2730848	S	2	0	2	0.0000308661
Pseudomonas sp. gcc21	2726989	S	2	0	2	0.0000308661
Pseudomonas sp. TUM18999	2725477	S	2	0	2	0.0000308661
Pseudomonas sp. NIBRBAC000502773	2590776	S	2	0	2	0.0000308661
Pseudomonas sp. R32	1573704	S	2	0	2	0.0000308661
Pseudomonas sp. StFLB209	1028989	S	2	0	2	0.0000308661
Pseudomonas sp. NS1(2017)	2025658	S	2	0	2	0.0000308661
Pseudomonas sp. RU47	2005388	S	2	0	2	0.0000308661
Pseudomonas sp. ATCC 13867	1294143	S	2	0	2	0.0000308661
Pseudomonas sp. 7SR1	1881017	S	2	0	2	0.0000308661
Pseudomonas sp. R2-60-08W	1173280	S	1	1	2	0.0000308661
Pseudomonas sp. S150	2559074	S	1	1	2	0.0000308661
Pseudomonas sp. ADPe	2774873	S	1	1	2	0.0000308661
Pseudomonas migulae	78543	S	2	0	2	0.0000308661
Pseudomonas resinovorans	53412	S	2	0	2	0.0000308661
Pseudomonas luteola	47886	S	2	0	2	0.0000308661
Pseudomonas denitrificans (nom. rej.)	43306	S	2	0	2	0.0000308661
Pseudomonas silesiensis	1853130	S	2	0	2	0.0000308661
Pseudomonas sediminis	1691904	S	2	0	2	0.0000308661
Pseudomonas vancouverensis	95300	S	2	0	2	0.0000308661
Pseudomonas reinekei	395598	S	2	0	2	0.0000308661
Pseudomonas pelagia	553151	S	2	0	2	0.0000308661
Pseudomonas prosekii	1148509	S	2	0	2	0.0000308661
Pseudomonas khazarica	2502979	S	1	1	2	0.0000308661
Permianibacter aggregans	1510150	S	2	0	2	0.0000308661
Acinetobacter sp. WCHAc010052	2004647	S	2	0	2	0.0000308661
Psychrobacter sp. P11G3	1699623	S	2	0	2	0.0000308661
Moraxella bovoculi	386891	S	2	0	2	0.0000308661
Citrobacter sp. R56	1573676	S	2	0	2	0.0000308661
Enterobacteriaceae endosymbiont of Plateumaris rustica	2675796	S	2	0	2	0.0000308661
Enterobacteriaceae endosymbiont of Macroplea appendiculata	2675790	S	2	0	2	0.0000308661
Enterobacteriaceae endosymbiont of Donacia sparganii	2675785	S	2	0	2	0.0000308661
Enterobacteriaceae endosymbiont of Donacia tomentosa	2675787	S	2	0	2	0.0000308661
Candidatus Blochmannia chromaiodes	251542	S	1	1	2	0.0000308661
Candidatus Hamiltonella defensa	138072	S	2	0	2	0.0000308661
Candidatus Tachikawaea gelatinosa	1410383	S	2	0	2	0.0000308661
Cronobacter universalis	535744	S	1	1	2	0.0000308661
Leclercia sp. 29361	2714951	S	1	1	2	0.0000308661
Cedecea neteri	158822	S	2	0	2	0.0000308661
Shimwellia blattae	563	S	2	0	2	0.0000308661
Pseudescherichia vulneris	566	S	2	0	2	0.0000308661
Jejubacter calystegiae	2579935	S	2	0	2	0.0000308661
Candidatus Ishikawaella capsulata	168169	S	2	0	2	0.0000308661
Kluyvera intermedia	61648	S	2	0	2	0.0000308661
Serratia grimesii	82995	S	2	0	2	0.0000308661
Yersinia pseudotuberculosis	633	S	1	1	2	0.0000308661
Yersinia frederiksenii	29484	S	2	0	2	0.0000308661
Yersinia mollaretii	33060	S	2	0	2	0.0000308661
Rouxiella badensis	1646377	S	2	0	2	0.0000308661
Chania multitudinisentens	1639108	S	2	0	2	0.0000308661
Pantoea sp. SO10	2575375	S	2	0	2	0.0000308661
Pantoea stewartii	66269	S	2	0	2	0.0000308661
Pantoea alhagi	1891675	S	2	0	2	0.0000308661
Erwinia persicina	55211	S	2	0	2	0.0000308661
Tatumella citrea	53336	S	2	0	2	0.0000308661
Wigglesworthia glossinidia	51229	S	2	0	2	0.0000308661
Providencia heimbachae	333962	S	2	0	2	0.0000308661
Xenorhabdus poinarii	40577	S	2	0	2	0.0000308661
Xenorhabdus doucetiae	351671	S	2	0	2	0.0000308661
Dickeya poaceiphila	568768	S	2	0	2	0.0000308661
Pectobacterium atrosepticum	29471	S	2	0	2	0.0000308661
Pectobacterium carotovorum	554	S	1	1	2	0.0000308661
Pectobacterium versatile	2488639	S	1	1	2	0.0000308661
Edwardsiella ictaluri	67780	S	1	1	2	0.0000308661
Stenotrophomonas sp. 364	2691571	S	2	0	2	0.0000308661
Stenotrophomonas indicatrix	2045451	S	1	1	2	0.0000308661
Xanthomonas cassavae	56450	S	2	0	2	0.0000308661
Lysobacter soli	453783	S	2	0	2	0.0000308661
Lysobacter alkalisoli	2591633	S	2	0	2	0.0000308661
Luteimonas sp. YGD11-2	2508168	S	2	0	2	0.0000308661
Luteimonas sp. MC1572	2799325	S	2	0	2	0.0000308661
Dyella sp. G9	2763498	S	2	0	2	0.0000308661
Shewanella sp. SNU WT4	2590015	S	2	0	2	0.0000308661
Shewanella sp. Arc9-LZ	2698686	S	2	0	2	0.0000308661
Shewanella sp. Pdp11	2059264	S	1	1	2	0.0000308661
Shewanella marisflavi	260364	S	2	0	2	0.0000308661
Shewanella khirikhana	1965282	S	2	0	2	0.0000308661
Shewanella litorisediminis	1173586	S	2	0	2	0.0000308661
Shewanella sediminis	271097	S	2	0	2	0.0000308661
Shewanella benthica	43661	S	2	0	2	0.0000308661
Parashewanella spongiae	342950	S	2	0	2	0.0000308661
Parashewanella tropica	2547970	S	2	0	2	0.0000308661
Marinobacter sp. NP-4(2019)	2488665	S	2	0	2	0.0000308661
Alteromonas mediterranea	314275	S	2	0	2	0.0000308661
Salinimonas lutimaris	914153	S	2	0	2	0.0000308661
Paraglaciecola mesophila	197222	S	2	0	2	0.0000308661
Paraglaciecola psychrophila	326544	S	2	0	2	0.0000308661
Pseudoalteromonas sp. A25	116092	S	2	0	2	0.0000308661
Pseudoalteromonas sp. GCY	2003316	S	2	0	2	0.0000308661
Pseudoalteromonas sp. 13-15	1761891	S	1	1	2	0.0000308661
Pseudoalteromonas sp. 16-SW-7	2583375	S	1	1	2	0.0000308661
Pseudoalteromonas espejiana	28107	S	2	0	2	0.0000308661
Pseudoalteromonas aliena	247523	S	2	0	2	0.0000308661
Pseudoalteromonas phenolica	161398	S	2	0	2	0.0000308661
Pseudoalteromonas prydzensis	182141	S	2	0	2	0.0000308661
Pseudoalteromonas translucida	166935	S	2	0	2	0.0000308661
Pseudoalteromonas agarivorans	176102	S	1	1	2	0.0000308661
Pseudoalteromonas paragorgicola	166934	S	1	1	2	0.0000308661
Colwellia sp. PAMC 20917	1816218	S	2	0	2	0.0000308661
Colwellia sp. Arc7-D	2161872	S	2	0	2	0.0000308661
Colwellia sp. 20A7	2689569	S	2	0	2	0.0000308661
Thalassotalea crassostreae	1763536	S	2	0	2	0.0000308661
Psychromonas ingrahamii	357794	S	2	0	2	0.0000308661
Psychromonas sp. CNPT3	314282	S	2	0	2	0.0000308661
Aeromonas simiae	218936	S	2	0	2	0.0000308661
Aeromonas encheleia	73010	S	2	0	2	0.0000308661
Oceanisphaera profunda	1416627	S	2	0	2	0.0000308661
Halomonas sp. Y2R2	2562282	S	2	0	2	0.0000308661
Halomonas sp. GT	1971364	S	2	0	2	0.0000308661
Halomonas sp. PGE1	2730360	S	2	0	2	0.0000308661
Halomonas sp. SH5A2	2749040	S	2	0	2	0.0000308661
Halomonas sp. YLGW01	2773308	S	2	0	2	0.0000308661
Halomonas meridiana	29570	S	2	0	2	0.0000308661
Halomonas piezotolerans	2609667	S	2	0	2	0.0000308661
Halomonas huangheensis	1178482	S	2	0	2	0.0000308661
Halomonas socia	1081866	S	2	0	2	0.0000308661
Kushneria phosphatilytica	657387	S	2	0	2	0.0000308661
Cobetia sp. L2A1	2686360	S	2	0	2	0.0000308661
Pistricoccus aurantiacus	1883414	S	2	0	2	0.0000308661
Marinomonas sp. MWYL1	400668	S	2	0	2	0.0000308661
Marinomonas arctica	383750	S	2	0	2	0.0000308661
Marinobacterium georgiense	48076	S	2	0	2	0.0000308661
Nitrincola sp. KXZD1103	2614693	S	2	0	2	0.0000308661
Spartinivicinus ruber	2683272	S	2	0	2	0.0000308661
Vibrio sp. Sal10	2777577	S	2	0	2	0.0000308661
Vibrio sp. ZWAL4003	2711221	S	2	0	2	0.0000308661
Vibrio harveyi	669	S	2	0	2	0.0000308661
Vibrio azureus	512649	S	2	0	2	0.0000308661
Vibrio diabolicus	50719	S	2	0	2	0.0000308661
Vibrio tubiashii	29498	S	2	0	2	0.0000308661
Vibrio europaeus	300876	S	2	0	2	0.0000308661
Vibrio chagasii	170679	S	2	0	2	0.0000308661
Vibrio astriarenae	1481923	S	2	0	2	0.0000308661
Vibrio crassostreae	246167	S	2	0	2	0.0000308661
Vibrio scophthalmi	45658	S	2	0	2	0.0000308661
Vibrio metschnikovii	28172	S	2	0	2	0.0000308661
Nitrosococcus watsonii	473531	S	2	0	2	0.0000308661
Allochromatium vinosum	1049	S	2	0	2	0.0000308661
Caldichromatium japonicum	2699430	S	2	0	2	0.0000308661
Acidihalobacter yilgarnenesis	2819280	S	2	0	2	0.0000308661
Granulosicoccus antarcticus	437505	S	2	0	2	0.0000308661
Wenzhouxiangella sp. AB-CW3	2771012	S	2	0	2	0.0000308661
Cellvibrio sp. PSBB006	1987723	S	2	0	2	0.0000308661
Teredinibacter turnerae	2426	S	2	0	2	0.0000308661
Microbulbifer sp. THAF38	2587856	S	2	0	2	0.0000308661
Microbulbifer sp. SH-1	2681547	S	2	0	2	0.0000308661
Microbulbifer thermotolerans	252514	S	2	0	2	0.0000308661
Microbulbifer agarilyticus	260552	S	2	0	2	0.0000308661
Halioglobus pacificus	930806	S	2	0	2	0.0000308661
Methylotuvimicrobium alcaliphilum	271065	S	1	1	2	0.0000308661
Legionella spiritensis	452	S	2	0	2	0.0000308661
Legionella jordanis	456	S	2	0	2	0.0000308661
Legionella cherrii	28084	S	2	0	2	0.0000308661
Legionella waltersii	66969	S	2	0	2	0.0000308661
Candidatus Coxiella mudrowiae	2054173	S	2	0	2	0.0000308661
Coxiella endosymbiont of Amblyomma sculptum	2487929	S	1	1	2	0.0000308661
Aquicella lusitana	254246	S	2	0	2	0.0000308661
Cycloclasticus zancles	1329899	S	1	1	2	0.0000308661
Hydrogenovibrio marinus	28885	S	2	0	2	0.0000308661
Methylophaga frappieri	754477	S	2	0	2	0.0000308661
Piscirickettsia salmonis	1238	S	2	0	2	0.0000308661
Francisella philomiragia	28110	S	1	1	2	0.0000308661
Francisella adeliensis	2007306	S	1	1	2	0.0000308661
Pasteurella skyensis	97481	S	2	0	2	0.0000308661
Aggregatibacter actinomycetemcomitans	714	S	2	0	2	0.0000308661
Rodentibacter heylii	1906744	S	2	0	2	0.0000308661
Vespertiliibacter pulmonis	1443036	S	2	0	2	0.0000308661
Candidatus Nardonella dryophthoridicola	1971485	S	2	0	2	0.0000308661
endosymbiont of Pachyrhynchus infernalis	1971488	S	2	0	2	0.0000308661
Sedimenticola thiotaurini	1543721	S	2	0	2	0.0000308661
Gallaecimonas mangrovi	2291597	S	2	0	2	0.0000308661
Candidatus Reidiella endopervernicosa	2738883	S	2	0	2	0.0000308661
endosymbiont of Euscepes postfasciatus	650377	S	2	0	2	0.0000308661
Dichelobacter nodosus	870	S	2	0	2	0.0000308661
Rhizobium sp. CIAT894	2020312	S	2	0	2	0.0000308661
Rhizobium sp. NXC24	2048897	S	2	0	2	0.0000308661
Rhizobium sp. WL3	2603277	S	2	0	2	0.0000308661
Rhizobium sp. NIBRBAC000502774	2590777	S	1	1	2	0.0000308661
Rhizobium binae	1138190	S	2	0	2	0.0000308661
Rhizobium lentis	1138194	S	2	0	2	0.0000308661
Agrobacterium fabrum	1176649	S	1	1	2	0.0000308661
Ensifer adhaerens	106592	S	2	0	2	0.0000308661
Candidatus Liberibacter africanus	34020	S	2	0	2	0.0000308661
Hoeflea phototrophica	244596	S	2	0	2	0.0000308661
Lentilitoribacter sp. Alg239-R112	2305987	S	2	0	2	0.0000308661
Roseitalea porphyridii	1852022	S	2	0	2	0.0000308661
Salaquimonas pukyongi	2712698	S	2	0	2	0.0000308661
Candidatus Filomicrobium marinum	1608628	S	2	0	2	0.0000308661
Paradevosia shaoguanensis	1335043	S	1	1	2	0.0000308661
Martelella endophytica	1486262	S	2	0	2	0.0000308661
Labrenzia sp. VG12	2021862	S	2	0	2	0.0000308661
Labrenzia sp. PHM005	2590016	S	2	0	2	0.0000308661
Pseudovibrio sp. FO-BEG1	911045	S	2	0	2	0.0000308661
Bartonella sp. HY038	2759660	S	1	1	2	0.0000308661
Bartonella alsatica	52764	S	2	0	2	0.0000308661
Parasphingopyxis algicola	2026624	S	2	0	2	0.0000308661
Altererythrobacter ishigakiensis	476157	S	2	0	2	0.0000308661
Qipengyuania sediminis	1532023	S	2	0	2	0.0000308661
Sphingosinicella sp. UDD2	2771430	S	2	0	2	0.0000308661
Sulfitobacter sp. BSw21498	664426	S	2	0	2	0.0000308661
Sulfitobacter sp. SK011	1389004	S	2	0	2	0.0000308661
Sulfitobacter sp. B30-2	2785912	S	1	1	2	0.0000308661
Sulfitobacter guttiformis	74349	S	2	0	2	0.0000308661
Sulfitobacter pontiacus	60137	S	1	1	2	0.0000308661
Octadecabacter arcticus	53946	S	1	1	2	0.0000308661
Pseudooceanicola algae	1537215	S	2	0	2	0.0000308661
Halocynthiibacter arcticus	1579316	S	2	0	2	0.0000308661
Antarctobacter heliothermus	74033	S	2	0	2	0.0000308661
Profundibacter amoris	2171755	S	2	0	2	0.0000308661
Magnetospirillum sp. XM-1	1663591	S	1	1	2	0.0000308661
Defluviicoccus vanus	111831	S	2	0	2	0.0000308661
Magnetospira sp. QH-2	1288970	S	2	0	2	0.0000308661
Komagataeibacter oboediens	65958	S	2	0	2	0.0000308661
Acetobacter aceti	435	S	2	0	2	0.0000308661
Acetobacter sp. KACC 21233	2592655	S	2	0	2	0.0000308661
Acetobacter pasteurianus	438	S	1	1	2	0.0000308661
Acetobacter tropicalis	104102	S	1	1	2	0.0000308661
Acetobacter senegalensis	446692	S	1	1	2	0.0000308661
Bombella sp. KACC 21507	2697033	S	2	0	2	0.0000308661
Gluconobacter oxydans	442	S	2	0	2	0.0000308661
Rickettsia parkeri	35792	S	1	1	2	0.0000308661
Wolbachia endosymbiont of Dipetalonema caudispina	1812112	S	2	0	2	0.0000308661
Wolbachia endosymbiont of Ctenocephalides felis wCfeJ	2732594	S	1	1	2	0.0000308661
Candidatus Pelagibacter sp. HIMB1321	1388755	S	2	0	2	0.0000308661
Candidatus Pelagibacter sp. RS39	1977864	S	2	0	2	0.0000308661
Candidatus Pelagibacter sp. FZCC0015	2268451	S	2	0	2	0.0000308661
Micavibrio aeruginosavorus	349221	S	2	0	2	0.0000308661
Candidatus Cytomitobacter indipagum	2601575	S	2	0	2	0.0000308661
Arcobacter nitrofigilis	28199	S	2	0	2	0.0000308661
Arcobacter anaerophilus	877500	S	2	0	2	0.0000308661
Arcobacter sp. FWKO B	2593672	S	2	0	2	0.0000308661
Malaciobacter mytili	603050	S	2	0	2	0.0000308661
Malaciobacter molluscorum	1032072	S	2	0	2	0.0000308661
Malaciobacter pacificus	1080223	S	2	0	2	0.0000308661
Halarcobacter bivalviorum	663364	S	2	0	2	0.0000308661
Campylobacter insulaenigrae	260714	S	2	0	2	0.0000308661
Campylobacter hepaticus	1813019	S	2	0	2	0.0000308661
Campylobacter geochelonis	1780362	S	2	0	2	0.0000308661
Campylobacter avium	522485	S	2	0	2	0.0000308661
Campylobacter hominis	76517	S	2	0	2	0.0000308661
Campylobacter fetus	196	S	2	0	2	0.0000308661
Campylobacter rectus	203	S	2	0	2	0.0000308661
Campylobacter lari	201	S	2	0	2	0.0000308661
Sulfurospirillum deleyianum	65553	S	2	0	2	0.0000308661
Sulfurimonas sp. H1576	2672570	S	2	0	2	0.0000308661
Helicobacter cholecystus	45498	S	2	0	2	0.0000308661
Caminibacter mediatlanticus	291048	S	2	0	2	0.0000308661
Anaeromyxobacter sp. Fw109-5	404589	S	2	0	2	0.0000308661
Anaeromyxobacter sp. K	447217	S	1	1	2	0.0000308661
Geobacter metallireducens	28232	S	2	0	2	0.0000308661
Geobacter bremensis	60035	S	2	0	2	0.0000308661
Desulfovibrio sp. IOR2	2583823	S	2	0	2	0.0000308661
Pseudodesulfovibrio piezophilus	879567	S	2	0	2	0.0000308661
Pseudodesulfovibrio profundus	57320	S	1	1	2	0.0000308661
Desulfolutivibrio sulfoxidireducens	2773299	S	2	0	2	0.0000308661
Desulfohalobium retbaense	45663	S	2	0	2	0.0000308661
Desulfonema magnum	45655	S	2	0	2	0.0000308661
Desulfobacter hydrogenophilus	2291	S	2	0	2	0.0000308661
Desulfopila sp. IMCC35004	2569540	S	2	0	2	0.0000308661
Desulfopila sp. IMCC35005	2569541	S	2	0	2	0.0000308661
Hippea maritima	84405	S	2	0	2	0.0000308661
Acidithiobacillus thiooxidans	930	S	2	0	2	0.0000308661
Mariprofundus aestuarium	1921086	S	1	1	2	0.0000308661
Microbacterium sp. 10M-3C3	2483401	S	2	0	2	0.0000308661
Microbacterium sp. HY82	2708079	S	2	0	2	0.0000308661
Microbacterium sp. HY60	2769067	S	2	0	2	0.0000308661
Microbacterium sp. Nx66	2766784	S	1	1	2	0.0000308661
Microbacterium lushaniae	2614639	S	2	0	2	0.0000308661
Microbacterium pygmaeum	370764	S	2	0	2	0.0000308661
Candidatus Aquiluna sp. UB-MaderosW2red	1855377	S	2	0	2	0.0000308661
Rathayibacter sp. VKM Ac-2805	2609258	S	1	1	2	0.0000308661
Rathayibacter rathayi	33887	S	2	0	2	0.0000308661
Curtobacterium sp. MR_MD2014	1561023	S	2	0	2	0.0000308661
Curtobacterium sp. Csp2	2495430	S	1	1	2	0.0000308661
Agromyces sp. LHK192	2498704	S	2	0	2	0.0000308661
Agromyces sp. HY052	2585717	S	2	0	2	0.0000308661
Agromyces sp. KACC 19306	2592652	S	2	0	2	0.0000308661
Agromyces badenianii	2080742	S	2	0	2	0.0000308661
Aurantimicrobium sp. MWH-Uga1	2079575	S	2	0	2	0.0000308661
Agrococcus sp. SGAir0287	2070347	S	2	0	2	0.0000308661
Cryobacterium arcticum	670052	S	1	1	2	0.0000308661
Frondihabitans sp. 762G35	1446794	S	2	0	2	0.0000308661
Diaminobutyricimonas sp. LJ205	2683590	S	2	0	2	0.0000308661
Arthrobacter sp. PAMC 25486	1494608	S	2	0	2	0.0000308661
Arthrobacter sp. UKPF54-2	2600159	S	2	0	2	0.0000308661
Arthrobacter sp. PM3	2017685	S	2	0	2	0.0000308661
Arthrobacter sp.	1667	S	2	0	2	0.0000308661
Arthrobacter sp. QXT-31	1357915	S	2	0	2	0.0000308661
Arthrobacter citreus	1670	S	2	0	2	0.0000308661
Arthrobacter dokdonellae	2211210	S	2	0	2	0.0000308661
Glutamicibacter creatinolyticus	162496	S	2	0	2	0.0000308661
Pseudarthrobacter sp. NBSH8	2596911	S	2	0	2	0.0000308661
Pseudarthrobacter equi	728066	S	2	0	2	0.0000308661
Paenarthrobacter ureafaciens	37931	S	1	1	2	0.0000308661
Paenarthrobacter aurescens	43663	S	1	1	2	0.0000308661
Neomicrococcus aestuarii	556325	S	2	0	2	0.0000308661
Cellulomonas sp. JZ18	2654191	S	2	0	2	0.0000308661
Cellulomonas fimi	1708	S	2	0	2	0.0000308661
Brevibacterium sp. YB235	1496080	S	2	0	2	0.0000308661
Brevibacterium luteolum	199591	S	2	0	2	0.0000308661
Serinicoccus marinus	247333	S	2	0	2	0.0000308661
Xylanimonas cellulosilytica	186189	S	2	0	2	0.0000308661
Mobilicoccus sp. NJES-13	2716227	S	2	0	2	0.0000308661
Sanguibacter sp. HDW7	2714931	S	2	0	2	0.0000308661
Rhodococcus sp. SGAir0479	2567884	S	2	0	2	0.0000308661
Rhodococcus sp. PBTS 1	1653478	S	2	0	2	0.0000308661
Rhodococcus sp. R79	2811421	S	2	0	2	0.0000308661
Rhodococcus sp. WB9	2594007	S	1	1	2	0.0000308661
Rhodococcus triatomae	300028	S	2	0	2	0.0000308661
Nocardia sp. CS682	1047172	S	2	0	2	0.0000308661
Nocardia cyriacigeorgica	135487	S	2	0	2	0.0000308661
Nocardia wallacei	480035	S	2	0	2	0.0000308661
Nocardia yunnanensis	2382165	S	2	0	2	0.0000308661
Mycolicibacterium goodii	134601	S	2	0	2	0.0000308661
Mycolicibacterium chubuense	1800	S	2	0	2	0.0000308661
Mycolicibacterium aichiense	1799	S	2	0	2	0.0000308661
Mycolicibacterium smegmatis	1772	S	2	0	2	0.0000308661
Mycolicibacterium alvei	67081	S	2	0	2	0.0000308661
Mycolicibacterium rutilum	370526	S	2	0	2	0.0000308661
Mycobacterium sp. ELW1	1547487	S	2	0	2	0.0000308661
Mycobacterium sp. YC-RL4	1682113	S	2	0	2	0.0000308661
Mycobacterium sp. DL440	2675523	S	2	0	2	0.0000308661
Mycobacterium gallinarum	39689	S	2	0	2	0.0000308661
Mycobacterium branderi	43348	S	2	0	2	0.0000308661
Mycobacterium riyadhense	486698	S	2	0	2	0.0000308661
Mycobacterium heckeshornense	110505	S	2	0	2	0.0000308661
Mycobacterium shinjukuense	398694	S	2	0	2	0.0000308661
[Mycobacterium] stephanolepidis	1520670	S	2	0	2	0.0000308661
Mycolicibacter terrae	1788	S	2	0	2	0.0000308661
Mycolicibacter hiberniae	29314	S	2	0	2	0.0000308661
Mycolicibacillus koreensis	1069220	S	2	0	2	0.0000308661
Corynebacterium timonense	441500	S	2	0	2	0.0000308661
Corynebacterium atypicum	191610	S	2	0	2	0.0000308661
Corynebacterium humireducens	1223514	S	2	0	2	0.0000308661
Corynebacterium lactis	1231000	S	2	0	2	0.0000308661
Corynebacterium glucuronolyticum	39791	S	2	0	2	0.0000308661
Corynebacterium kutscheri	35755	S	2	0	2	0.0000308661
Corynebacterium callunae	1721	S	2	0	2	0.0000308661
Corynebacterium anserum	2684406	S	2	0	2	0.0000308661
Gordonia iterans	1004901	S	2	0	2	0.0000308661
Gordonia alkanivorans	84096	S	1	1	2	0.0000308661
Tessaracoccus timonensis	2161816	S	2	0	2	0.0000308661
Auraticoccus monumenti	675864	S	2	0	2	0.0000308661
Nocardioides mesophilus	433659	S	2	0	2	0.0000308661
Nocardioides baekrokdamisoli	1804624	S	2	0	2	0.0000308661
Aeromicrobium chenweiae	2079793	S	2	0	2	0.0000308661
Micropruina glycogenica	75385	S	2	0	2	0.0000308661
Actinopolymorpha singaporensis	117157	S	2	0	2	0.0000308661
Candidatus Nanopelagicus hibericus	1884915	S	2	0	2	0.0000308661
Streptomyces sp. Tu 2975	2676871	S	2	0	2	0.0000308661
Streptomyces sp. SCUT-3	2684469	S	2	0	2	0.0000308661
Streptomyces sp. CMB-StM0423	2059884	S	2	0	2	0.0000308661
Streptomyces sp. INR7	2607753	S	2	0	2	0.0000308661
Streptomyces sp. PBH53	1577075	S	2	0	2	0.0000308661
Streptomyces sp. fd1-xmd	1812480	S	2	0	2	0.0000308661
Streptomyces sp. CRXT-Y-14	2768069	S	2	0	2	0.0000308661
Streptomyces sp. 769	1262452	S	2	0	2	0.0000308661
Streptomyces sp. SCSIO 3032	1264596	S	2	0	2	0.0000308661
Streptomyces sp. Z022	1442032	S	2	0	2	0.0000308661
Streptomyces sp. CCM_MD2014	1561022	S	2	0	2	0.0000308661
Streptomyces sp. Tu6071	355249	S	1	1	2	0.0000308661
Streptomyces sp. SS52	2563602	S	1	1	2	0.0000308661
Streptomyces aquilus	2548456	S	2	0	2	0.0000308661
Streptomyces coeruleorubidus	116188	S	2	0	2	0.0000308661
Streptomyces tendae	1932	S	2	0	2	0.0000308661
Streptomyces tuirus	68278	S	2	0	2	0.0000308661
Streptomyces albulus	68570	S	2	0	2	0.0000308661
Streptomyces cyanogenus	80860	S	2	0	2	0.0000308661
Streptomyces fagopyri	2662397	S	2	0	2	0.0000308661
Streptomyces rimosus	1927	S	2	0	2	0.0000308661
Streptomyces antibioticus	1890	S	2	0	2	0.0000308661
Streptomyces lincolnensis	1915	S	2	0	2	0.0000308661
Streptomyces gilvosporeus	553510	S	2	0	2	0.0000308661
Streptomyces atratus	1893	S	2	0	2	0.0000308661
Streptomyces tirandamycinicus	2174846	S	2	0	2	0.0000308661
Streptomyces glaucescens	1907	S	2	0	2	0.0000308661
Streptomyces ferrugineus	1413221	S	2	0	2	0.0000308661
Streptomyces capitiformicae	2014920	S	2	0	2	0.0000308661
Streptomyces qaidamensis	1783515	S	2	0	2	0.0000308661
Streptomyces nigra	1827580	S	2	0	2	0.0000308661
Streptomyces kanamyceticus	1967	S	2	0	2	0.0000308661
Streptomyces katrae	68223	S	2	0	2	0.0000308661
Streptomyces pristinaespiralis	38300	S	2	0	2	0.0000308661
Streptomyces glomeroaurantiacus	68210	S	2	0	2	0.0000308661
Streptomyces globosus	68209	S	2	0	2	0.0000308661
Streptomyces aureoverticillatus	66871	S	2	0	2	0.0000308661
Streptomyces cyaneogriseus	68192	S	2	0	2	0.0000308661
Streptomyces galilaeus	33899	S	2	0	2	0.0000308661
Streptomyces murinus	33900	S	1	1	2	0.0000308661
Streptomyces californicus	67351	S	1	1	2	0.0000308661
Streptomyces fungicidicus	68203	S	1	1	2	0.0000308661
Micromonospora sp. WMMC415	2675222	S	2	0	2	0.0000308661
Micromonospora chokoriensis	356851	S	2	0	2	0.0000308661
Micromonospora maris	1003110	S	2	0	2	0.0000308661
Micromonospora carbonacea	47853	S	2	0	2	0.0000308661
Bifidobacterium animalis	28025	S	2	0	2	0.0000308661
Bifidobacterium lemurum	1603886	S	2	0	2	0.0000308661
Amycolatopsis japonica	208439	S	1	1	2	0.0000308661
Pseudonocardia sp. HH130629-09	1641402	S	1	1	2	0.0000308661
Saccharopolyspora spinosa	60894	S	1	1	2	0.0000308661
Saccharothrix espanaensis	103731	S	2	0	2	0.0000308661
Saccharothrix syringae	103733	S	2	0	2	0.0000308661
Actinoalloteichus hymeniacidonis	340345	S	2	0	2	0.0000308661
Alloactinosynnema sp. L-07	1653480	S	2	0	2	0.0000308661
Actinomyces sp. oral taxon 414	712122	S	2	0	2	0.0000308661
Actinomyces viscosus	1656	S	2	0	2	0.0000308661
Schaalia sp. ZJ405	2709403	S	2	0	2	0.0000308661
Schaalia odontolytica	1660	S	2	0	2	0.0000308661
Arcanobacterium sp. JY-X040	2758440	S	2	0	2	0.0000308661
Flaviflexus sp. dk850	2758573	S	2	0	2	0.0000308661
Thermobispora bispora	2006	S	2	0	2	0.0000308661
Nocardiopsis alba	53437	S	2	0	2	0.0000308661
Candidatus Frankia datiscae	2716812	S	2	0	2	0.0000308661
Nakamurella sp. PAMC28650	2762325	S	2	0	2	0.0000308661
Blastococcus saxobsidens	138336	S	2	0	2	0.0000308661
Actinopolyspora erythraea	414996	S	2	0	2	0.0000308661
Stackebrandtia nassauensis	283811	S	2	0	2	0.0000308661
Olsenella sp. oral taxon 807	712411	S	2	0	2	0.0000308661
Olsenella sp. GAM18	2109685	S	2	0	2	0.0000308661
Parolsenella massiliensis	1871022	S	2	0	2	0.0000308661
Eggerthella lenta	84112	S	2	0	2	0.0000308661
Eggerthella sp. HF-1101	2690837	S	2	0	2	0.0000308661
Acidimicrobium ferrooxidans	53635	S	2	0	2	0.0000308661
Blautia sp. LZLJ-3	2779518	S	2	0	2	0.0000308661
Lachnoclostridium phytofermentans	66219	S	2	0	2	0.0000308661
Lachnoclostridium sp. YL32	1834196	S	1	1	2	0.0000308661
Anaerocolumna sp. CTTW	2736602	S	2	0	2	0.0000308661
Lachnoanaerobaculum umeaense	617123	S	2	0	2	0.0000308661
Ruminiclostridium herbifermentans	2488810	S	2	0	2	0.0000308661
Pseudoclostridium thermosuccinogenes	84032	S	2	0	2	0.0000308661
Clostridium sp. BNL1100	755731	S	2	0	2	0.0000308661
Clostridium sp. CT4	2320868	S	2	0	2	0.0000308661
Clostridium sp. JN-9	2507159	S	2	0	2	0.0000308661
Clostridium sp. 'deep sea'	2779445	S	2	0	2	0.0000308661
Clostridium gasigenes	94869	S	2	0	2	0.0000308661
Clostridium isatidis	182773	S	2	0	2	0.0000308661
Clostridium septicum	1504	S	2	0	2	0.0000308661
Clostridium thermarum	1716543	S	2	0	2	0.0000308661
Sarcina sp. JB2	2726954	S	2	0	2	0.0000308661
Caloramator sp. E03	2576307	S	2	0	2	0.0000308661
Acetoanaerobium sticklandii	1511	S	2	0	2	0.0000308661
Thermaerobacter marianensis	73919	S	2	0	2	0.0000308661
Acetobacterium woodii	33952	S	2	0	2	0.0000308661
Desulfitobacterium dehalogenans	36854	S	2	0	2	0.0000308661
Desulfitobacterium dichloroeliminans	233055	S	2	0	2	0.0000308661
Desulfosporosinus youngiae	339862	S	2	0	2	0.0000308661
Desulfotomaculum nigrificans	1565	S	2	0	2	0.0000308661
Candidatus Desulforudis audaxviator	471827	S	2	0	2	0.0000308661
Desulfallas gibsoniae	102134	S	2	0	2	0.0000308661
Desulfofarcimen acetoxidans	58138	S	2	0	2	0.0000308661
Christensenella minuta	626937	S	2	0	2	0.0000308661
Syntrophothermus lipocalidus	86170	S	2	0	2	0.0000308661
Heliobacterium modesticaldum	35701	S	2	0	2	0.0000308661
Caldicellulosiruptor saccharolyticus	44001	S	2	0	2	0.0000308661
Caldicellulosiruptor hydrothermalis	413888	S	2	0	2	0.0000308661
Caldicellulosiruptor sp. YA01	2806205	S	2	0	2	0.0000308661
Thermodesulfobium acidiphilum	1794699	S	2	0	2	0.0000308661
Carboxydothermus hydrogenoformans	129958	S	2	0	2	0.0000308661
Bacillus albus	2026189	S	2	0	2	0.0000308661
Bacillus anthracis	1392	S	1	1	2	0.0000308661
Bacillus sp. V3	2795526	S	2	0	2	0.0000308661
Bacillus sp. 1NLA3E	666686	S	2	0	2	0.0000308661
Bacillus sp. Cs-700	2589818	S	1	1	2	0.0000308661
Bacillus sp. BD59S	2499213	S	1	1	2	0.0000308661
Bacillus paralicheniformis	1648923	S	2	0	2	0.0000308661
Bacillus licheniformis	1402	S	1	1	2	0.0000308661
Bacillus sporothermodurans	46224	S	2	0	2	0.0000308661
Bacillus marisflavi	189381	S	2	0	2	0.0000308661
Bacillus beveridgei	632773	S	2	0	2	0.0000308661
Bacillus freudenreichii	1783501	S	2	0	2	0.0000308661
Lysinibacillus sphaericus	1421	S	2	0	2	0.0000308661
Lysinibacillus varians	1145276	S	1	1	2	0.0000308661
Geobacillus sp. 44B	1963023	S	2	0	2	0.0000308661
Peribacillus asahii	228899	S	2	0	2	0.0000308661
Peribacillus simplex	1478	S	1	1	2	0.0000308661
Salicibibacter sp. NKC21-4	2743001	S	2	0	2	0.0000308661
Salicibibacter kimchii	2099786	S	2	0	2	0.0000308661
Salicibibacter halophilus	2502791	S	2	0	2	0.0000308661
Mesobacillus foraminis	279826	S	2	0	2	0.0000308661
Neobacillus thermocopriae	1215031	S	2	0	2	0.0000308661
Neobacillus cucumis	1740721	S	2	0	2	0.0000308661
Oceanobacillus zhaokaii	2052660	S	2	0	2	0.0000308661
Parageobacillus toebii	153151	S	1	1	2	0.0000308661
Lederbergia lentus	1467	S	2	0	2	0.0000308661
Radiobacillus deserti	2594883	S	2	0	2	0.0000308661
Lentibacillus sp. CBA3610	2518176	S	2	0	2	0.0000308661
Aeribacillus pallidus	33936	S	2	0	2	0.0000308661
Terribacillus goriensis	386490	S	2	0	2	0.0000308661
Staphylococcus sp. MI 10-1553	1912064	S	2	0	2	0.0000308661
Staphylococcus sp. 17KM0847	2583989	S	2	0	2	0.0000308661
Staphylococcus debuckii	2044912	S	2	0	2	0.0000308661
Staphylococcus carnosus	1281	S	2	0	2	0.0000308661
Staphylococcus lugdunensis	28035	S	2	0	2	0.0000308661
Staphylococcus hominis	1290	S	2	0	2	0.0000308661
Macrococcus bohemicus	1903056	S	2	0	2	0.0000308661
Paenibacillus sp. UniB2	2726185	S	2	0	2	0.0000308661
Paenibacillus sp. FSL R5-0345	1536770	S	2	0	2	0.0000308661
Paenibacillus sp. FSL H7-0357	1536774	S	2	0	2	0.0000308661
Paenibacillus sp. JNUCC-32	2777984	S	1	1	2	0.0000308661
Paenibacillus cellulosilyticus	375489	S	2	0	2	0.0000308661
Paenibacillus barcinonensis	198119	S	2	0	2	0.0000308661
Paenibacillus uliginis	683737	S	2	0	2	0.0000308661
Paenibacillus chitinolyticus	79263	S	2	0	2	0.0000308661
Paenibacillus protaetiae	2509456	S	2	0	2	0.0000308661
Paenibacillus lycopersici	2704462	S	2	0	2	0.0000308661
Paenibacillus rhizovicinus	2704463	S	2	0	2	0.0000308661
Brevibacillus sp. JNUCC-41	2778370	S	1	1	2	0.0000308661
Saccharibacillus brassicae	2583377	S	2	0	2	0.0000308661
Sporosarcina sp. resist	2762563	S	1	1	2	0.0000308661
Planococcus antarcticus	161360	S	2	0	2	0.0000308661
Kurthia zopfii	1650	S	2	0	2	0.0000308661
Ureibacillus thermosphaericus	51173	S	2	0	2	0.0000308661
Planomicrobium glaciei	459472	S	2	0	2	0.0000308661
Solibacillus sp. R5-41	2048654	S	2	0	2	0.0000308661
Exiguobacterium sp. U13-1	1849031	S	1	1	2	0.0000308661
Listeria monocytogenes	1639	S	2	0	2	0.0000308661
Streptococcus sp. oral taxon 064	712624	S	1	1	2	0.0000308661
Streptococcus pluranimalium	82348	S	2	0	2	0.0000308661
Streptococcus marmotae	1825069	S	2	0	2	0.0000308661
Streptococcus parauberis	1348	S	2	0	2	0.0000308661
Lactococcus taiwanensis	1151742	S	2	0	2	0.0000308661
Leuconostoc lactis	1246	S	2	0	2	0.0000308661
Leuconostoc citreum	33964	S	1	1	2	0.0000308661
Leuconostoc falkenbergense	2766470	S	1	1	2	0.0000308661
Companilactobacillus crustorum	392416	S	2	0	2	0.0000308661
Limosilactobacillus mucosae	97478	S	2	0	2	0.0000308661
Secundilactobacillus paracollinoides	240427	S	2	0	2	0.0000308661
Pediococcus acidilactici	1254	S	2	0	2	0.0000308661
Furfurilactobacillus rossiae	231049	S	2	0	2	0.0000308661
Schleiferilactobacillus harbinensis	304207	S	2	0	2	0.0000308661
Enterococcus rotai	118060	S	2	0	2	0.0000308661
Enterococcus saigonensis	1805431	S	2	0	2	0.0000308661
Enterococcus sp. FDAARGOS_375	2060307	S	2	0	2	0.0000308661
Vagococcus carniphilus	218144	S	2	0	2	0.0000308661
Tetragenococcus halophilus	51669	S	2	0	2	0.0000308661
Jeotgalibaca dankookensis	708126	S	2	0	2	0.0000308661
Carnobacterium divergens	2748	S	2	0	2	0.0000308661
Aerococcus urinaehominis	128944	S	2	0	2	0.0000308661
Phascolarctobacterium faecium	33025	S	2	0	2	0.0000308661
Megasphaera stantonii	2144175	S	2	0	2	0.0000308661
Veillonella rodentium	248315	S	2	0	2	0.0000308661
Dialister pneumosintes	39950	S	2	0	2	0.0000308661
Erysipelothrix rhusiopathiae	1648	S	2	0	2	0.0000308661
Anaerococcus prevotii	33034	S	1	1	2	0.0000308661
Tissierellia sp. JN-28	2507161	S	2	0	2	0.0000308661
Keratinibaculum paraultunense	1278232	S	2	0	2	0.0000308661
Gudongella oleilytica	1582259	S	2	0	2	0.0000308661
Ezakiella massiliensis	1852374	S	2	0	2	0.0000308661
Cyanothece sp. PCC 7425	395961	S	2	0	2	0.0000308661
Microcystis viridis	44822	S	1	1	2	0.0000308661
Calothrix sp. 336/3	1337936	S	2	0	2	0.0000308661
Scytonema sp. NIES-4073	2005464	S	1	1	2	0.0000308661
Brasilonema sennae	1397703	S	2	0	2	0.0000308661
Synechococcus sp. RS9909	221352	S	2	0	2	0.0000308661
Synechococcus sp. NOUM97013	1442555	S	2	0	2	0.0000308661
Synechococcus sp. KORDI-52	585425	S	2	0	2	0.0000308661
Synechococcus sp. PCC 6312	195253	S	2	0	2	0.0000308661
Synechococcus sp. PCC 7002	32049	S	1	1	2	0.0000308661
Synechococcus lividus	33070	S	2	0	2	0.0000308661
Leptolyngbya sp. O-77	1080068	S	2	0	2	0.0000308661
Halomicronema hongdechloris	1209493	S	2	0	2	0.0000308661
Mycoplasma sp. Mirounga ES2805-ORL	754514	S	2	0	2	0.0000308661
Mycoplasma salivarium	2124	S	2	0	2	0.0000308661
Mycoplasma anserisalpingitidis	519450	S	2	0	2	0.0000308661
Mycoplasma pulmonis	2107	S	2	0	2	0.0000308661
Mycoplasma citelli	171281	S	2	0	2	0.0000308661
Mycoplasma phocirhinis	142650	S	2	0	2	0.0000308661
Mycoplasma gallopavonis	76629	S	2	0	2	0.0000308661
Mycoplasma synoviae	2109	S	2	0	2	0.0000308661
Mycoplasma agalactiae	2110	S	2	0	2	0.0000308661
Ureaplasma parvum	134821	S	1	1	2	0.0000308661
Spiroplasma floricola	216937	S	2	0	2	0.0000308661
Spiroplasma chinense	216932	S	2	0	2	0.0000308661
Spiroplasma eriocheiris	315358	S	2	0	2	0.0000308661
Spiroplasma taiwanense	2145	S	2	0	2	0.0000308661
Spiroplasma tabanidicola	324079	S	2	0	2	0.0000308661
Spiroplasma gladiatoris	2143	S	2	0	2	0.0000308661
Spiroplasma citri	2133	S	1	1	2	0.0000308661
Acholeplasma brassicae	61635	S	2	0	2	0.0000308661
Thermus aquaticus	271	S	2	0	2	0.0000308661
Thermus caldilimi	2483360	S	2	0	2	0.0000308661
Thermus thermophilus	274	S	1	1	2	0.0000308661
Deinococcus sp. AJ005	2652443	S	2	0	2	0.0000308661
Deinococcus metallilatus	1211322	S	2	0	2	0.0000308661
Polaribacter sp. MED152	313598	S	2	0	2	0.0000308661
Polaribacter sp. Hel1_33_78	1336804	S	2	0	2	0.0000308661
Capnocytophaga sp. oral taxon 878	1316596	S	2	0	2	0.0000308661
Gramella forsetii	411153	S	2	0	2	0.0000308661
Lacinutrix sp. Bg11-31	2057808	S	2	0	2	0.0000308661
Maribacter sp. HTCC2170	313603	S	2	0	2	0.0000308661
Maribacter sp. MJ134	2496865	S	2	0	2	0.0000308661
Maribacter sp. 1_2014MBL_MicDiv	1644130	S	1	1	2	0.0000308661
Aureitalea sp. RR4-38	2094025	S	2	0	2	0.0000308661
Leeuwenhoekiella sp. ZYFB001	2719912	S	2	0	2	0.0000308661
Chryseobacterium sp. StRB126	878220	S	2	0	2	0.0000308661
Chryseobacterium sp. G0162	2487063	S	1	1	2	0.0000308661
Chryseobacterium carnipullorum	1124835	S	2	0	2	0.0000308661
Chryseobacterium joostei	112234	S	2	0	2	0.0000308661
Chryseobacterium nakagawai	1241982	S	1	1	2	0.0000308661
Elizabethkingia sp. JS20170427COW	2583851	S	2	0	2	0.0000308661
Elizabethkingia sp. 2-6	2575699	S	1	1	2	0.0000308661
Elizabethkingia ursingii	1756150	S	2	0	2	0.0000308661
Prevotella dentalis	52227	S	2	0	2	0.0000308661
Paraprevotella xylaniphila	454155	S	2	0	2	0.0000308661
Dysgonomonas sp. HDW5B	2714927	S	1	1	2	0.0000308661
Porphyromonas gingivalis	837	S	2	0	2	0.0000308661
Salinivirga cyanobacteriivorans	1307839	S	2	0	2	0.0000308661
Pedobacter sp.	1411316	S	2	0	2	0.0000308661
Mucilaginibacter mali	2740462	S	2	0	2	0.0000308661
Sphingobacterium hotanense	649196	S	2	0	2	0.0000308661
Spirosoma taeanense	2735870	S	2	0	2	0.0000308661
Hymenobacter jejuensis	2502781	S	2	0	2	0.0000308661
Rufibacter tibetensis	512763	S	2	0	2	0.0000308661
Algoriphagus sanaruensis	1727163	S	2	0	2	0.0000308661
Echinicola strongylocentroti	1795355	S	2	0	2	0.0000308661
Chitinophaga alhagiae	2203219	S	2	0	2	0.0000308661
Salinibacter ruber	146919	S	2	0	2	0.0000308661
Prosthecochloris sp. HL-130-GSB	1974213	S	2	0	2	0.0000308661
Prosthecochloris aestuarii	1102	S	2	0	2	0.0000308661
Melioribacter roseus	1134405	S	2	0	2	0.0000308661
Gimesia alba	2527973	S	2	0	2	0.0000308661
Candidatus Kuenenia stuttgartiensis	174633	S	2	0	2	0.0000308661
Candidatus Xiphinematobacter sp. Idaho Grape	1704307	S	2	0	2	0.0000308661
Chlamydia sp. H15-1957-10C	1967782	S	2	0	2	0.0000308661
Acidobacterium capsulatum	33075	S	2	0	2	0.0000308661
Edaphobacter sp. 12200R-103	2703788	S	2	0	2	0.0000308661
Thermotomaculum hydrothermale	981385	S	2	0	2	0.0000308661
Treponema phagedenis	162	S	2	0	2	0.0000308661
Treponema caldarium	215591	S	2	0	2	0.0000308661
Treponema putidum	221027	S	2	0	2	0.0000308661
Spirochaeta thermophila	154	S	2	0	2	0.0000308661
Thiospirochaeta perfilievii	252967	S	2	0	2	0.0000308661
Borrelia coriaceae	144	S	2	0	2	0.0000308661
Borrelia crocidurae	29520	S	2	0	2	0.0000308661
Borrelia maritima	2761123	S	1	1	2	0.0000308661
Brachyspira murdochii	84378	S	2	0	2	0.0000308661
Brachyspira hampsonii	1287055	S	2	0	2	0.0000308661
Fusobacterium gonidiaformans	849	S	2	0	2	0.0000308661
Fusobacterium necrophorum	859	S	2	0	2	0.0000308661
Fusobacterium sp. NSJ-57	2764326	S	2	0	2	0.0000308661
Ilyobacter polytropus	167642	S	2	0	2	0.0000308661
Leptotrichia sp. oral taxon 212	712357	S	2	0	2	0.0000308661
Leptotrichia hongkongensis	554406	S	2	0	2	0.0000308661
Sneathia vaginalis	187101	S	2	0	2	0.0000308661
Candidatus Babela massiliensis	673862	S	2	0	2	0.0000308661
Pseudothermotoga thermarum	119394	S	2	0	2	0.0000308661
Tepiditoga spiralis	2108365	S	2	0	2	0.0000308661
Nitrospira moscoviensis	42253	S	2	0	2	0.0000308661
Nitrospira sp. KM1	1936990	S	2	0	2	0.0000308661
Leptospirillum sp. Group II 'CF-1'	1660083	S	1	1	2	0.0000308661
Hydrogenobacter thermophilus	940	S	2	0	2	0.0000308661
Sulfurihydrogenibium sp. YO3AOP1	436114	S	2	0	2	0.0000308661
Calditerrivibrio nitroreducens	477976	S	2	0	2	0.0000308661
Caldithrix abyssi	187145	S	2	0	2	0.0000308661
Methanosarcina acetivorans	2214	S	2	0	2	0.0000308661
Methanosphaerula palustris	475088	S	2	0	2	0.0000308661
Methanocorpusculum labreanum	83984	S	2	0	2	0.0000308661
Natrinema versiforme	88724	S	2	0	2	0.0000308661
Natronorubrum aibiense	348826	S	2	0	2	0.0000308661
Halobacterium salinarum	2242	S	1	1	2	0.0000308661
Haloprofundus sp. MHR1	2572921	S	2	0	2	0.0000308661
Methanobrevibacter olleyae	294671	S	2	0	2	0.0000308661
Methanobacterium lacus	877455	S	2	0	2	0.0000308661
Methanococcus voltae	2188	S	2	0	2	0.0000308661
Methanococcus maripaludis	39152	S	2	0	2	0.0000308661
Palaeococcus pacificus	971279	S	2	0	2	0.0000308661
Candidatus Nitrosotenuis aquarius	1846278	S	2	0	2	0.0000308661
Candidatus Nitrosocosmicus hydrocola	1826872	S	2	0	2	0.0000308661
Vulcanisaeta distributa	164451	S	2	0	2	0.0000308661
Candidatus Prometheoarchaeum syntrophicum	2594042	S	2	0	2	0.0000308661
Clostridium phage phiCTP1	871584	S	2	0	2	0.0000308661
Streptomyces phage Comrade	2301714	S	2	0	2	0.0000308661
Tsukamurella phage TPA4	1647476	S	2	0	2	0.0000308661
Flavobacterium phage vB_FspS_mymlan6-1	2686266	S	1	1	2	0.0000308661
Streptomyces virus Bing	2560785	S	2	0	2	0.0000308661
Tetrasphaera virus TJE1	2560802	S	2	0	2	0.0000308661
Agrobacterium virus Atuph07	2560286	S	2	0	2	0.0000308661
Mimivirus terra2	1128151	S	2	0	2	0.0000308661
Acanthamoeba polyphaga mimivirus	212035	S	2	0	2	0.0000308661
Moumouvirus	985782	S	2	0	2	0.0000308661
Mythimna separata entomopoxvirus	1179664	S	2	0	2	0.0000308661
Polaromonas sp. W11N	1840303	S	1	0	1	0.0000154331
Oxalobacter formigenes	847	S	1	0	1	0.0000154331
Burkholderia sp. LA-2-3-30-S1-D2	1637862	S	1	0	1	0.0000154331
Burkholderia sp. JP2-270	2217913	S	1	0	1	0.0000154331
Burkholderia sp. NRF60-BP8	1637853	S	1	0	1	0.0000154331
Caballeronia insecticola	758793	S	1	0	1	0.0000154331
Mycoavidus sp. B2-EB	2651972	S	1	0	1	0.0000154331
Alcaligenes sp. SORT26	2813780	S	1	0	1	0.0000154331
Sutterella faecalis	2584944	S	1	0	1	0.0000154331
Neisseria animalis	492	S	1	0	1	0.0000154331
Neisseria elongata	495	S	1	0	1	0.0000154331
Neisseria zoodegmatis	326523	S	1	0	1	0.0000154331
Neisseria zalophi	640030	S	1	0	1	0.0000154331
Kingella denitrificans	502	S	1	0	1	0.0000154331
Conchiformibius steedae	153493	S	1	0	1	0.0000154331
Nitrosomonas eutropha	916	S	1	0	1	0.0000154331
Candidatus Kinetoplastibacterium sorsogonicusi	1576550	S	1	0	1	0.0000154331
Pseudomonas sp. RtIB026	2749999	S	1	0	1	0.0000154331
Pseudomonas sp. LG1D9	2083054	S	1	0	1	0.0000154331
Pseudomonas sp. R2-37-08W	1173273	S	1	0	1	0.0000154331
Pseudomonas sp. ADAK22	2730851	S	1	0	1	0.0000154331
Pseudomonas sp. LAB-08	143813	S	1	0	1	0.0000154331
Pseudomonas sp. B10	118613	S	1	0	1	0.0000154331
Pseudomonas sp. DTU12.1	2654238	S	1	0	1	0.0000154331
Pseudomonas sp. BIOMIG1BAC	1758730	S	1	0	1	0.0000154331
Pseudomonas sp. IzPS59	2774459	S	1	0	1	0.0000154331
Pseudomonas sp. Os17	1500686	S	1	0	1	0.0000154331
Pseudomonas sp. MSPm1	2726956	S	1	0	1	0.0000154331
Pseudomonas plecoglossicida	70775	S	1	0	1	0.0000154331
Pseudomonas granadensis	1421430	S	1	0	1	0.0000154331
Pseudomonas lalkuanensis	2604832	S	1	0	1	0.0000154331
Pseudomonas otitidis	319939	S	1	0	1	0.0000154331
Pseudomonas xinjiangensis	487184	S	1	0	1	0.0000154331
Pseudomonas lini	163011	S	1	0	1	0.0000154331
Azotobacter salinestris	69964	S	1	0	1	0.0000154331
Acinetobacter lactucae	1785128	S	1	0	1	0.0000154331
Acinetobacter chinensis	2004650	S	1	0	1	0.0000154331
Psychrobacter arenosus	256326	S	1	0	1	0.0000154331
Moraxella catarrhalis	480	S	1	0	1	0.0000154331
Escherichia sp. E4742	2044467	S	1	0	1	0.0000154331
Enterobacter sp. 638	399742	S	1	0	1	0.0000154331
Enterobacter sp. SA187	1914861	S	1	0	1	0.0000154331
Enterobacter oligotrophicus	2478464	S	1	0	1	0.0000154331
Citrobacter sp. RHB25-C09	2742624	S	1	0	1	0.0000154331
Citrobacter rodentium	67825	S	1	0	1	0.0000154331
Citrobacter tructae	2562449	S	1	0	1	0.0000154331
Enterobacteriaceae endosymbiont of Donacia bicoloricornis	2675772	S	1	0	1	0.0000154331
Enterobacteriaceae endosymbiont of Donacia piscatrix	2675780	S	1	0	1	0.0000154331
Enterobacteriaceae endosymbiont of Donacia vulgaris	2675789	S	1	0	1	0.0000154331
Enterobacteriaceae endosymbiont of Donacia semicuprea	2675783	S	1	0	1	0.0000154331
Enterobacteriaceae endosymbiont of Donacia thalassina	2675786	S	1	0	1	0.0000154331
Candidatus Blochmannia pennsylvanicus	101534	S	1	0	1	0.0000154331
secondary endosymbiont of Heteropsylla cubana	134287	S	1	0	1	0.0000154331
Candidatus Purcelliella pentastirinorum	472834	S	1	0	1	0.0000154331
Candidatus Doolittlea endobia	1778262	S	1	0	1	0.0000154331
Candidatus Hoaglandella endobia	1778263	S	1	0	1	0.0000154331
Candidatus Mikella endobia	1778264	S	1	0	1	0.0000154331
Lelliottia sp. WB101	2153385	S	1	0	1	0.0000154331
Kosakonia cowanii	208223	S	1	0	1	0.0000154331
Kosakonia arachidis	551989	S	1	0	1	0.0000154331
Kosakonia sacchari	1158459	S	1	0	1	0.0000154331
Kosakonia sp. SMBL-WEM22	2725560	S	1	0	1	0.0000154331
Cronobacter condimenti	1163710	S	1	0	1	0.0000154331
Cedecea lapagei	158823	S	1	0	1	0.0000154331
[Enterobacter] lignolyticus	1334193	S	1	0	1	0.0000154331
Candidatus Riesia pediculischaeffi	428411	S	1	0	1	0.0000154331
Atlantibacter hermannii	565	S	1	0	1	0.0000154331
Serratia sp. FDAARGOS_506	2420306	S	1	0	1	0.0000154331
Yersinia aldovae	29483	S	1	0	1	0.0000154331
Yersinia rohdei	29485	S	1	0	1	0.0000154331
Gibbsiella quercinecans	929813	S	1	0	1	0.0000154331
Candidatus Fukatsuia symbiotica	1878942	S	1	0	1	0.0000154331
Pantoea sp. MSR2	2052056	S	1	0	1	0.0000154331
Pantoea sp. 201603H	2479547	S	1	0	1	0.0000154331
Pantoea cypripedii	55209	S	1	0	1	0.0000154331
Candidatus Pantoea carbekii	1235990	S	1	0	1	0.0000154331
Erwinia sp. J780	2681984	S	1	0	1	0.0000154331
Erwinia amylovora	552	S	1	0	1	0.0000154331
Erwinia tasmaniensis	338565	S	1	0	1	0.0000154331
Erwinia gerundensis	1619313	S	1	0	1	0.0000154331
Tatumella sp. TA1	2487345	S	1	0	1	0.0000154331
Providencia alcalifaciens	126385	S	1	0	1	0.0000154331
Providencia sneebia	516075	S	1	0	1	0.0000154331
Arsenophonus endosymbiont of Aphis craccivora	1231049	S	1	0	1	0.0000154331
Brenneria rubrifaciens	55213	S	1	0	1	0.0000154331
Edwardsiella hoshinae	93378	S	1	0	1	0.0000154331
Candidatus Sodalis pierantonius	1486991	S	1	0	1	0.0000154331
Sodalis endosymbiont of Henestaris halophilus	1929246	S	1	0	1	0.0000154331
Leminorella richardii	158841	S	1	0	1	0.0000154331
Jinshanibacter zhutongyuii	2498113	S	1	0	1	0.0000154331
Xanthomonas vesicatoria	56460	S	1	0	1	0.0000154331
Xanthomonas phaseoli	1985254	S	1	0	1	0.0000154331
Lysobacter sp. CW239	2762611	S	1	0	1	0.0000154331
Dyella japonica	231455	S	1	0	1	0.0000154331
Shewanella sp. Scap07	2589987	S	1	0	1	0.0000154331
Shewanella sp. YLB-06	2593655	S	1	0	1	0.0000154331
Shewanella psychrophila	225848	S	1	0	1	0.0000154331
Shewanella halifaxensis	271098	S	1	0	1	0.0000154331
Shewanella pealeana	70864	S	1	0	1	0.0000154331
Shewanella frigidimarina	56812	S	1	0	1	0.0000154331
Marinobacter sp. LPB0319	2769486	S	1	0	1	0.0000154331
Marinobacter salarius	1420917	S	1	0	1	0.0000154331
Marinobacter salinus	1874317	S	1	0	1	0.0000154331
Alteromonas naphthalenivorans	715451	S	1	0	1	0.0000154331
Alteromonas pelagimontana	1858656	S	1	0	1	0.0000154331
Paraglaciecola sp. L1A13	2686359	S	1	0	1	0.0000154331
Catenovulum sediminis	1740262	S	1	0	1	0.0000154331
Catenovulum sp. CCB-QB4	2172099	S	1	0	1	0.0000154331
Saliniradius amylolyticus	2183582	S	1	0	1	0.0000154331
Pseudoalteromonas sp. THAF3	2587843	S	1	0	1	0.0000154331
Pseudoalteromonas shioyasakiensis	1190813	S	1	0	1	0.0000154331
Pseudoalteromonas carrageenovora	227	S	1	0	1	0.0000154331
Pseudoalteromonas ruthenica	151081	S	1	0	1	0.0000154331
Pseudoalteromonas ulvae	107327	S	1	0	1	0.0000154331
Psychrosphaera aestuarii	1266052	S	1	0	1	0.0000154331
Thalassotalea sp. HSM 43	2552945	S	1	0	1	0.0000154331
Thalassotalea sp. LPB0316	2769490	S	1	0	1	0.0000154331
Aeromonas dhakensis	196024	S	1	0	1	0.0000154331
Dongshaea marina	2047966	S	1	0	1	0.0000154331
Succinivibrio dextrinosolvens	83771	S	1	0	1	0.0000154331
Halomonas sp. BC-M4-5	2497861	S	1	0	1	0.0000154331
Halomonas subglaciescola	29571	S	1	0	1	0.0000154331
Halomonas elongata	2746	S	1	0	1	0.0000154331
Marinomonas mediterranea	119864	S	1	0	1	0.0000154331
Bermanella marisrubri	207949	S	1	0	1	0.0000154331
Alcanivorax sp. N3-2A	2014542	S	1	0	1	0.0000154331
Kangiella koreensis	261964	S	1	0	1	0.0000154331
Hahella chejuensis	158327	S	1	0	1	0.0000154331
Reinekea forsetii	1336806	S	1	0	1	0.0000154331
Endozoicomonas montiporae	1027273	S	1	0	1	0.0000154331
Vibrio sp. HDW18	2714948	S	1	0	1	0.0000154331
Vibrio sp. THAF190c	2587865	S	1	0	1	0.0000154331
Vibrio alginolyticus	663	S	1	0	1	0.0000154331
Vibrio qinghaiensis	2025808	S	1	0	1	0.0000154331
Vibrio metoecus	1481663	S	1	0	1	0.0000154331
Vibrio taketomensis	2572923	S	1	0	1	0.0000154331
Vibrio gazogenes	687	S	1	0	1	0.0000154331
Vibrio alfacsensis	1074311	S	1	0	1	0.0000154331
Vibrio ponticus	265668	S	1	0	1	0.0000154331
Vibrio coralliilyticus	190893	S	1	0	1	0.0000154331
Vibrio rumoiensis	76258	S	1	0	1	0.0000154331
Vibrio tapetis	52443	S	1	0	1	0.0000154331
Photobacterium profundum	74109	S	1	0	1	0.0000154331
Aliivibrio salmonicida	40269	S	1	0	1	0.0000154331
Salinivibrio kushneri	1908198	S	1	0	1	0.0000154331
Grimontia hollisae	673	S	1	0	1	0.0000154331
Nitrosococcus halophilus	133539	S	1	0	1	0.0000154331
Nitrosococcus wardiae	1814290	S	1	0	1	0.0000154331
Candidatus Nitrosoglobus terrae	1630141	S	1	0	1	0.0000154331
Thioalkalivibrio sp. K90mix	396595	S	1	0	1	0.0000154331
Halorhodospira halochloris	1052	S	1	0	1	0.0000154331
Ectothiorhodospira sp. BSL-9	1442136	S	1	0	1	0.0000154331
Teredinibacter haidensis	2731755	S	1	0	1	0.0000154331
Congregibacter litoralis	393662	S	1	0	1	0.0000154331
Oceanicoccus sagamiensis	716816	S	1	0	1	0.0000154331
Zhongshania aliphaticivorans	1470434	S	1	0	1	0.0000154331
Methylococcus capsulatus	414	S	1	0	1	0.0000154331
Legionella anisa	28082	S	1	0	1	0.0000154331
Legionella adelaidensis	45056	S	1	0	1	0.0000154331
Legionella geestiana	45065	S	1	0	1	0.0000154331
Legionella hackeliae	449	S	1	0	1	0.0000154331
Thiomicrorhabdus xiamenensis	2739063	S	1	0	1	0.0000154331
Thiomicrospira aerophila	92245	S	1	0	1	0.0000154331
Thiomicrospira cyclica	147268	S	1	0	1	0.0000154331
Francisella persica	954	S	1	0	1	0.0000154331
Thiothrix sp. Ku-5	2735563	S	1	0	1	0.0000154331
Haemophilus parahaemolyticus	735	S	1	0	1	0.0000154331
Aggregatibacter aphrophilus	732	S	1	0	1	0.0000154331
Actinobacillus pleuropneumoniae	715	S	1	0	1	0.0000154331
Actinobacillus equuli	718	S	1	0	1	0.0000154331
Actinobacillus indolicus	51049	S	1	0	1	0.0000154331
Actinobacillus delphinicola	51161	S	1	0	1	0.0000154331
Actinobacillus sp. GY-402	2774188	S	1	0	1	0.0000154331
Histophilus somni	731	S	1	0	1	0.0000154331
Candidatus Ruthia endofausta	2738852	S	1	0	1	0.0000154331
Candidatus Thioglobus sp. NP1	2508687	S	1	0	1	0.0000154331
Thiolapillus brandeum	1076588	S	1	0	1	0.0000154331
Rhizobium sp. NLR16a	2731112	S	1	0	1	0.0000154331
Rhizobium sp. ACO-34A	1571470	S	1	0	1	0.0000154331
Rhizobium rosettiformans	1368430	S	1	0	1	0.0000154331
Rhizobium acidisoli	1538158	S	1	0	1	0.0000154331
Rhizobium gallicum	56730	S	1	0	1	0.0000154331
Agrobacterium sp. T29	2580515	S	1	0	1	0.0000154331
Sinorhizobium sp. LM21	1449788	S	1	0	1	0.0000154331
Ensifer sojae	716925	S	1	0	1	0.0000154331
Candidatus Liberibacter americanus	309868	S	1	0	1	0.0000154331
Ciceribacter thiooxidans	1969821	S	1	0	1	0.0000154331
Mesorhizobium sp. M7A.F.Ce.TU.012.03.2.1	2493681	S	1	0	1	0.0000154331
Mesorhizobium sp. M1B.F.Ca.ET.045.04.1.1	2493673	S	1	0	1	0.0000154331
Mesorhizobium huakuii	28104	S	1	0	1	0.0000154331
Phyllobacterium sp. 628	2718938	S	1	0	1	0.0000154331
Methylobacterium indicum	1775910	S	1	0	1	0.0000154331
Microvirga sp. 17 mud 1-3	2082949	S	1	0	1	0.0000154331
Ancylobacter pratisalsi	1745854	S	1	0	1	0.0000154331
Methylosinus sp. C49	2699395	S	1	0	1	0.0000154331
Bartonella bovis	155194	S	1	0	1	0.0000154331
Cohaesibacter sp. ES.047	1798205	S	1	0	1	0.0000154331
Sphingomonas sp. HDW15B	2714943	S	1	0	1	0.0000154331
Zymomonas mobilis	542	S	1	0	1	0.0000154331
Aurantiacibacter atlanticus	1648404	S	1	0	1	0.0000154331
Ruegeria sp. THAF33	2587853	S	1	0	1	0.0000154331
Roseobacter litoralis	42443	S	1	0	1	0.0000154331
Octadecabacter antarcticus	1217908	S	1	0	1	0.0000154331
Octadecabacter temperatus	1458307	S	1	0	1	0.0000154331
Thioclava electrotropha	1549850	S	1	0	1	0.0000154331
Tateyamaria omphalii	299262	S	1	0	1	0.0000154331
Qingshengfaniella alkalisoli	2599296	S	1	0	1	0.0000154331
Parasedimentitalea marina	2483033	S	1	0	1	0.0000154331
Planktomarina temperata	1284658	S	1	0	1	0.0000154331
Azospirillum oryzae	286727	S	1	0	1	0.0000154331
Thalassospira indica	1891279	S	1	0	1	0.0000154331
Thalassospira marina	2048283	S	1	0	1	0.0000154331
Haematospirillum jordaniae	1549855	S	1	0	1	0.0000154331
Komagataeibacter medellinensis	1177712	S	1	0	1	0.0000154331
Asaia bogorensis	91915	S	1	0	1	0.0000154331
Swingsia sp. F3b2	2558361	S	1	0	1	0.0000154331
Rickettsia endosymbiont of Ixodes scapularis	444612	S	1	0	1	0.0000154331
Rickettsia raoultii	369822	S	1	0	1	0.0000154331
Rickettsia monacensis	109232	S	1	0	1	0.0000154331
Rickettsia endosymbiont of Bemisia tabaci	337479	S	1	0	1	0.0000154331
Rickettsia sp. Tillamook 23	2761623	S	1	0	1	0.0000154331
Candidatus Sneabacter namystus	2601646	S	1	0	1	0.0000154331
Candidatus Phycorickettsia trachydisci	2115978	S	1	0	1	0.0000154331
Ehrlichia canis	944	S	1	0	1	0.0000154331
Ehrlichia sp. HF	391036	S	1	0	1	0.0000154331
Anaplasma platys	949	S	1	0	1	0.0000154331
Anaplasma ovis	142058	S	1	0	1	0.0000154331
Neorickettsia risticii	950	S	1	0	1	0.0000154331
Neorickettsia findlayensis	2686014	S	1	0	1	0.0000154331
Candidatus Deianiraea vastatrix	2163644	S	1	0	1	0.0000154331
Maricaulis maris	74318	S	1	0	1	0.0000154331
Hirschia baltica	2724	S	1	0	1	0.0000154331
Candidatus Pelagibacter sp. RS40	1977865	S	1	0	1	0.0000154331
Candidatus Puniceispirillum marinum	767892	S	1	0	1	0.0000154331
Paremcibacter congregatus	2043170	S	1	0	1	0.0000154331
Malaciobacter halophilus	197482	S	1	0	1	0.0000154331
Halarcobacter ebronensis	1462615	S	1	0	1	0.0000154331
Campylobacter sp. RM16192	1660080	S	1	0	1	0.0000154331
Campylobacter volucris	1031542	S	1	0	1	0.0000154331
Campylobacter ornithocola	1848766	S	1	0	1	0.0000154331
Campylobacter hyointestinalis	198	S	1	0	1	0.0000154331
Campylobacter canadensis	449520	S	1	0	1	0.0000154331
Campylobacter sputorum	206	S	1	0	1	0.0000154331
Campylobacter gracilis	824	S	1	0	1	0.0000154331
Sulfurospirillum barnesii	44674	S	1	0	1	0.0000154331
Sulfurospirillum cavolei	366522	S	1	0	1	0.0000154331
Sulfurimonas autotrophica	202747	S	1	0	1	0.0000154331
Candidatus Sulfurimonas marisnigri	2740405	S	1	0	1	0.0000154331
Helicobacter acinonychis	212	S	1	0	1	0.0000154331
Helicobacter apodemus	135569	S	1	0	1	0.0000154331
Helicobacter suis	104628	S	1	0	1	0.0000154331
Helicobacter bizzozeronii	56877	S	1	0	1	0.0000154331
Helicobacter bilis	37372	S	1	0	1	0.0000154331
Helicobacter heilmannii	35817	S	1	0	1	0.0000154331
Helicobacter hepaticus	32025	S	1	0	1	0.0000154331
Helicobacter canis	29419	S	1	0	1	0.0000154331
Wolinella succinogenes	844	S	1	0	1	0.0000154331
Sulfurovum lithotrophicum	206403	S	1	0	1	0.0000154331
Nautilia profundicola	244787	S	1	0	1	0.0000154331
Nautilia sp. PV-1	2579250	S	1	0	1	0.0000154331
Pajaroellobacter abortibovis	1882918	S	1	0	1	0.0000154331
Geobacter sp. Jerry-YX	2815309	S	1	0	1	0.0000154331
Geobacter pickeringii	345632	S	1	0	1	0.0000154331
Desulfovibrio fairfieldensis	44742	S	1	0	1	0.0000154331
Pseudodesulfovibrio aespoeensis	182210	S	1	0	1	0.0000154331
Pseudodesulfovibrio mercurii	641491	S	1	0	1	0.0000154331
Desulfococcus multivorans	897	S	1	0	1	0.0000154331
Desulfococcus oleovorans	181663	S	1	0	1	0.0000154331
Desulfosarcina alkanivorans	571177	S	1	0	1	0.0000154331
Desulfosarcina widdelii	947919	S	1	0	1	0.0000154331
Desulfobacterium autotrophicum	2296	S	1	0	1	0.0000154331
Desulfotalea psychrophila	84980	S	1	0	1	0.0000154331
Bradymonas sediminis	1548548	S	1	0	1	0.0000154331
Syntrophobacter fumaroxidans	119484	S	1	0	1	0.0000154331
Desulfarculus baarsii	453230	S	1	0	1	0.0000154331
Halobacteriovorax sp. BALOs_7	2109558	S	1	0	1	0.0000154331
Mariprofundus ferrinatatus	1921087	S	1	0	1	0.0000154331
Microbacterium endophyticum	1526412	S	1	0	1	0.0000154331
Microbacterium schleiferi	69362	S	1	0	1	0.0000154331
Rathayibacter sp. VKM Ac-2801	2609255	S	1	0	1	0.0000154331
Rathayibacter toxicus	145458	S	1	0	1	0.0000154331
Curtobacterium sp. SGAir0471	2070337	S	1	0	1	0.0000154331
Clavibacter sp. DM1	2768071	S	1	0	1	0.0000154331
Leucobacter denitrificans	683042	S	1	0	1	0.0000154331
Leucobacter insecticola	2714934	S	1	0	1	0.0000154331
Cryobacterium sp.	1926290	S	1	0	1	0.0000154331
Marisediminicola antarctica	674079	S	1	0	1	0.0000154331
Arthrobacter sp. YN	2020486	S	1	0	1	0.0000154331
Arthrobacter sp. KBS0702	2578107	S	1	0	1	0.0000154331
Arthrobacter sp. PGP41	2079227	S	1	0	1	0.0000154331
Arthrobacter sp. ERGS1:01	1704044	S	1	0	1	0.0000154331
Arthrobacter sp. YC-RL1	1652545	S	1	0	1	0.0000154331
Arthrobacter agilis	37921	S	1	0	1	0.0000154331
Kocuria varians	1272	S	1	0	1	0.0000154331
Kocuria rosea	1275	S	1	0	1	0.0000154331
Kocuria sp. TGY1120_3	2711329	S	1	0	1	0.0000154331
Glutamicibacter protophormiae	37930	S	1	0	1	0.0000154331
Rothia nasimurium	85336	S	1	0	1	0.0000154331
Rothia aeria	172042	S	1	0	1	0.0000154331
Pseudarthrobacter sp. NIBRBAC000502772	2590775	S	1	0	1	0.0000154331
Paenarthrobacter sp. YJN-5	2735316	S	1	0	1	0.0000154331
Sinomonas atrocyanea	37927	S	1	0	1	0.0000154331
Cellulomonas gilvus	11	S	1	0	1	0.0000154331
Tetrasphaera sp. HKS02	1813880	S	1	0	1	0.0000154331
Pedococcus dokdonensis	443156	S	1	0	1	0.0000154331
Brevibacterium sp. 'Marine'	2725563	S	1	0	1	0.0000154331
Brevibacterium siliguriense	1136497	S	1	0	1	0.0000154331
Brachybacterium ginsengisoli	1331682	S	1	0	1	0.0000154331
Dermabacter jinjuensis	1667168	S	1	0	1	0.0000154331
Devriesea agamarum	472569	S	1	0	1	0.0000154331
Ornithinimicrobium pratense	2593973	S	1	0	1	0.0000154331
Isoptericola variabilis	139208	S	1	0	1	0.0000154331
Georgenia faecalis	2483799	S	1	0	1	0.0000154331
Miniimonas sp. S16	2171623	S	1	0	1	0.0000154331
Ruania sp. HY168	2603206	S	1	0	1	0.0000154331
Haloactinobacterium sp. RN3S43	2779775	S	1	0	1	0.0000154331
Rhodococcus sp. W8901	2742603	S	1	0	1	0.0000154331
Rhodococcus rhodochrous	1829	S	1	0	1	0.0000154331
Nocardia asteroides	1824	S	1	0	1	0.0000154331
Nocardia nova	37330	S	1	0	1	0.0000154331
Nocardia seriolae	37332	S	1	0	1	0.0000154331
Mycolicibacterium fallax	1793	S	1	0	1	0.0000154331
Mycolicibacterium gadium	1794	S	1	0	1	0.0000154331
Mycolicibacterium sarraceniae	1534348	S	1	0	1	0.0000154331
Mycolicibacterium rhodesiae	36814	S	1	0	1	0.0000154331
Mycobacterium saskatchewanense	220927	S	1	0	1	0.0000154331
Mycobacterium marseillense	701042	S	1	0	1	0.0000154331
Mycobacterium noviomagense	459858	S	1	0	1	0.0000154331
Mycobacterium lacus	169765	S	1	0	1	0.0000154331
Mycobacterium kansasii	1768	S	1	0	1	0.0000154331
Mycobacterium haemophilum	29311	S	1	0	1	0.0000154331
Corynebacterium sp. NML98-0116	702967	S	1	0	1	0.0000154331
Corynebacterium sp. MC1420	2709392	S	1	0	1	0.0000154331
Corynebacterium uterequi	1072256	S	1	0	1	0.0000154331
Corynebacterium epidermidicanis	1050174	S	1	0	1	0.0000154331
Corynebacterium deserti	1408191	S	1	0	1	0.0000154331
Corynebacterium choanis	1862358	S	1	0	1	0.0000154331
Corynebacterium yudongzhengii	2080740	S	1	0	1	0.0000154331
Corynebacterium ureicelerivorans	401472	S	1	0	1	0.0000154331
Corynebacterium endometrii	2488819	S	1	0	1	0.0000154331
Corynebacterium rouxii	2719119	S	1	0	1	0.0000154331
Corynebacterium glaucum	187491	S	1	0	1	0.0000154331
Corynebacterium sphenisci	191493	S	1	0	1	0.0000154331
Corynebacterium singulare	161899	S	1	0	1	0.0000154331
Corynebacterium diphtheriae	1717	S	1	0	1	0.0000154331
Corynebacterium camporealensis	161896	S	1	0	1	0.0000154331
Corynebacterium renale	1724	S	1	0	1	0.0000154331
Corynebacterium macginleyi	38290	S	1	0	1	0.0000154331
Corynebacterium flavescens	28028	S	1	0	1	0.0000154331
Corynebacterium argentoratense	42817	S	1	0	1	0.0000154331
Corynebacterium segmentosum	43990	S	1	0	1	0.0000154331
Corynebacterium urealyticum	43771	S	1	0	1	0.0000154331
Corynebacterium propinquum	43769	S	1	0	1	0.0000154331
Gordonia sp. HY186	2597659	S	1	0	1	0.0000154331
Dietzia psychralcaliphila	139021	S	1	0	1	0.0000154331
Dietzia timorensis	499555	S	1	0	1	0.0000154331
Tomitella sp. HY188	2597660	S	1	0	1	0.0000154331
Segniliparus rotundus	286802	S	1	0	1	0.0000154331
Acidipropionibacterium acidipropionici	1748	S	1	0	1	0.0000154331
Acidipropionibacterium jensenii	1749	S	1	0	1	0.0000154331
Acidipropionibacterium virtanenii	2057246	S	1	0	1	0.0000154331
Pseudopropionibacterium propionicum	1750	S	1	0	1	0.0000154331
Nocardioides cynanchi	2558918	S	1	0	1	0.0000154331
Aeromicrobium erythreum	2041	S	1	0	1	0.0000154331
Kribbella flavida	182640	S	1	0	1	0.0000154331
Streptomyces sp. TN58	234612	S	1	0	1	0.0000154331
Streptomyces sp. WAC 01438	2203204	S	1	0	1	0.0000154331
Streptomyces sp. YIM 121038	2136401	S	1	0	1	0.0000154331
Streptomyces sp. WAC 01529	2203205	S	1	0	1	0.0000154331
Streptomyces sp. Rer75	2750011	S	1	0	1	0.0000154331
Streptomyces sp. CNQ-509	444103	S	1	0	1	0.0000154331
Streptomyces sp. Mg1	465541	S	1	0	1	0.0000154331
Streptomyces sp. S8	1837283	S	1	0	1	0.0000154331
Streptomyces sp. Go-475	2072505	S	1	0	1	0.0000154331
Streptomyces sp. HF10	2692233	S	1	0	1	0.0000154331
Streptomyces sp. 3211	1964449	S	1	0	1	0.0000154331
Streptomyces harbinensis	1176198	S	1	0	1	0.0000154331
Streptomyces formicae	1616117	S	1	0	1	0.0000154331
Streptomyces gardneri	66892	S	1	0	1	0.0000154331
Streptomyces pluripotens	1355015	S	1	0	1	0.0000154331
Streptomyces nitrosporeus	28894	S	1	0	1	0.0000154331
Streptomyces hawaiiensis	67305	S	1	0	1	0.0000154331
Streptomyces prasinus	67345	S	1	0	1	0.0000154331
Streptomyces xiamenensis	408015	S	1	0	1	0.0000154331
Streptomyces fodineus	1904616	S	1	0	1	0.0000154331
Streptomyces nodosus	40318	S	1	0	1	0.0000154331
Streptomyces qinzhouensis	2599401	S	1	0	1	0.0000154331
Streptomyces phaeolivaceus	2653200	S	1	0	1	0.0000154331
Streptomyces actuosus	1885	S	1	0	1	0.0000154331
Streptomyces vietnamensis	362257	S	1	0	1	0.0000154331
Streptomyces griseochromogenes	68214	S	1	0	1	0.0000154331
Streptomyces viridosporus	67581	S	1	0	1	0.0000154331
Streptomyces tsukubensis	83656	S	1	0	1	0.0000154331
Streptomyces roseochromogenus	285450	S	1	0	1	0.0000154331
Micromonospora echinospora	1877	S	1	0	1	0.0000154331
Micromonospora sagamiensis	47875	S	1	0	1	0.0000154331
Micromonospora craniellae	2294034	S	1	0	1	0.0000154331
Salinispora arenicola	168697	S	1	0	1	0.0000154331
Plantactinospora sp. KBS50	2024580	S	1	0	1	0.0000154331
Bifidobacterium dentium	1689	S	1	0	1	0.0000154331
Bifidobacterium subtile	77635	S	1	0	1	0.0000154331
Bifidobacterium breve	1685	S	1	0	1	0.0000154331
Bifidobacterium asteroides	1684	S	1	0	1	0.0000154331
Bifidobacterium eulemuris	1765219	S	1	0	1	0.0000154331
Scardovia inopinata	78259	S	1	0	1	0.0000154331
Parascardovia denticolens	78258	S	1	0	1	0.0000154331
Amycolatopsis orientalis	31958	S	1	0	1	0.0000154331
Saccharomonospora glauca	40990	S	1	0	1	0.0000154331
Saccharomonospora marina	632569	S	1	0	1	0.0000154331
Actinomyces sp. Chiba101	1851395	S	1	0	1	0.0000154331
Actinomyces sp. zg-332	2708340	S	1	0	1	0.0000154331
Actinomyces sp. ZJ750	2744574	S	1	0	1	0.0000154331
Actinomyces sp. zg-993	2763540	S	1	0	1	0.0000154331
Actinomyces howellii	52771	S	1	0	1	0.0000154331
Actinomyces radicidentis	111015	S	1	0	1	0.0000154331
Actinomyces gaoshouyii	1960083	S	1	0	1	0.0000154331
Actinomyces procaprae	2560010	S	1	0	1	0.0000154331
Schaalia cardiffensis	181487	S	1	0	1	0.0000154331
Trueperella pyogenes	1661	S	1	0	1	0.0000154331
Arcanobacterium phocisimile	1302235	S	1	0	1	0.0000154331
Flaviflexus salsibiostraticola	1282737	S	1	0	1	0.0000154331
Mobiluncus curtisii	2051	S	1	0	1	0.0000154331
Actinobaculum sp. 313	2495645	S	1	0	1	0.0000154331
Actinotignum schaalii	59505	S	1	0	1	0.0000154331
Boudabousia tangfeifanii	1912795	S	1	0	1	0.0000154331
Streptomonospora sp. M2	2498135	S	1	0	1	0.0000154331
Nakamurella sp. s14-144	1902245	S	1	0	1	0.0000154331
Olsenella sp. LZLJ-2	2779519	S	1	0	1	0.0000154331
Lancefieldella parvula	1382	S	1	0	1	0.0000154331
Denitrobacterium detoxificans	79604	S	1	0	1	0.0000154331
Cryptobacterium curtum	84163	S	1	0	1	0.0000154331
Gordonibacter pamelaeae	471189	S	1	0	1	0.0000154331
Phoenicibacter congonensis	1944646	S	1	0	1	0.0000154331
Rubrobacter sp. SCSIO 52909	2653851	S	1	0	1	0.0000154331
Euzebya sp. DY32-46	1608957	S	1	0	1	0.0000154331
Egicoccus halophilus	1670830	S	1	0	1	0.0000154331
Anaerostipes rhamnosivorans	1229621	S	1	0	1	0.0000154331
[Clostridium] hylemonae	89153	S	1	0	1	0.0000154331
Butyrivibrio hungatei	185008	S	1	0	1	0.0000154331
Pseudobutyrivibrio xylanivorans	185007	S	1	0	1	0.0000154331
Mageeibacillus indolicus	884684	S	1	0	1	0.0000154331
Acutalibacter muris	1796620	S	1	0	1	0.0000154331
Clostridium sp. JN-1	2483110	S	1	0	1	0.0000154331
Clostridium aceticum	84022	S	1	0	1	0.0000154331
Clostridium drakei	332101	S	1	0	1	0.0000154331
Clostridium formicaceticum	1497	S	1	0	1	0.0000154331
Clostridium fermenticellae	2068654	S	1	0	1	0.0000154331
Clostridium novyi	1542	S	1	0	1	0.0000154331
Candidatus Arthromitus sp. SFB-rat-Yit	1041504	S	1	0	1	0.0000154331
Alkaliphilus oremlandii	461876	S	1	0	1	0.0000154331
Caloranaerobacter azorensis	116090	S	1	0	1	0.0000154331
Hungatella hathewayi	154046	S	1	0	1	0.0000154331
Romboutsia hominis	1507512	S	1	0	1	0.0000154331
Peptacetobacter hiranonis	89152	S	1	0	1	0.0000154331
Mogibacterium pumilum	86332	S	1	0	1	0.0000154331
Aminipila sp. CBA3637	2697030	S	1	0	1	0.0000154331
Thermaerobacter sp. PB12/4term	2293838	S	1	0	1	0.0000154331
Carboxydocella thermautotrophica	178899	S	1	0	1	0.0000154331
Eubacterium maltosivorans	2041044	S	1	0	1	0.0000154331
Desulfitobacterium metallireducens	142877	S	1	0	1	0.0000154331
Desulfosporosinus meridiei	79209	S	1	0	1	0.0000154331
Thermoanaerosceptrum fracticalcis	1712410	S	1	0	1	0.0000154331
Candidatus Syntrophocurvum alkaliphilum	2293317	S	1	0	1	0.0000154331
Symbiobacterium thermophilum	2734	S	1	0	1	0.0000154331
Thermodesulfobium narugense	184064	S	1	0	1	0.0000154331
Moorella thermoacetica	1525	S	1	0	1	0.0000154331
Acetohalobium arabaticum	28187	S	1	0	1	0.0000154331
Natranaerobius thermophilus	375929	S	1	0	1	0.0000154331
Bacillus mycoides	1405	S	1	0	1	0.0000154331
Bacillus cytotoxicus	580165	S	1	0	1	0.0000154331
Bacillus luti	2026191	S	1	0	1	0.0000154331
Bacillus sp. JAS24-2	2217832	S	1	0	1	0.0000154331
Bacillus sp. PAMC26568	2760090	S	1	0	1	0.0000154331
Bacillus sp. FJAT-22090	1581038	S	1	0	1	0.0000154331
Bacillus sp. X1(2014)	1565991	S	1	0	1	0.0000154331
Bacillus sp. ms-22	2683680	S	1	0	1	0.0000154331
Bacillus sp. DSL-17	2567941	S	1	0	1	0.0000154331
Bacillus sp. NSP9.1	1071078	S	1	0	1	0.0000154331
Bacillus sp. FJAT-42376	2014076	S	1	0	1	0.0000154331
Bacillus sp. HD4P25	2779776	S	1	0	1	0.0000154331
Bacillus sp. S3	486398	S	1	0	1	0.0000154331
Bacillus mojavensis	72360	S	1	0	1	0.0000154331
Bacillus oleronius	38875	S	1	0	1	0.0000154331
Bacillus horikoshii	79883	S	1	0	1	0.0000154331
Bacillus methanolicus	1471	S	1	0	1	0.0000154331
Bacillus vietnamensis	218284	S	1	0	1	0.0000154331
Bacillus haynesii	1925021	S	1	0	1	0.0000154331
Bacillus pumilus	1408	S	1	0	1	0.0000154331
Bacillus safensis	561879	S	1	0	1	0.0000154331
Bacillus dafuensis	1742359	S	1	0	1	0.0000154331
Geobacillus genomosp. 3	1921421	S	1	0	1	0.0000154331
Peribacillus psychrosaccharolyticus	1407	S	1	0	1	0.0000154331
Anoxybacillus caldiproteolyticus	247480	S	1	0	1	0.0000154331
Salicibibacter sp. NKC5-3	2743000	S	1	0	1	0.0000154331
Alkalihalobacillus clausii	79880	S	1	0	1	0.0000154331
Alkalihalobacillus halodurans	86665	S	1	0	1	0.0000154331
Virgibacillus dokdonensis	302167	S	1	0	1	0.0000154331
Virgibacillus phasianinus	2017483	S	1	0	1	0.0000154331
Neobacillus mesonae	1193713	S	1	0	1	0.0000154331
Oceanobacillus iheyensis	182710	S	1	0	1	0.0000154331
Oceanobacillus kimchii	746691	S	1	0	1	0.0000154331
Parageobacillus genomosp. 1	1295642	S	1	0	1	0.0000154331
Halobacillus halophilus	1570	S	1	0	1	0.0000154331
Halobacillus mangrovi	402384	S	1	0	1	0.0000154331
Pontibacillus sp. HMF3514	2692425	S	1	0	1	0.0000154331
Pontibacillus sp. ALD_SL1	2777185	S	1	0	1	0.0000154331
Caldibacillus thermoamylovorans	35841	S	1	0	1	0.0000154331
Pradoshia sp. D12	2651284	S	1	0	1	0.0000154331
Gracilibacillus sp. SCU50	2663022	S	1	0	1	0.0000154331
Metabacillus litoralis	152268	S	1	0	1	0.0000154331
Paraliobacillus zengyii	2213194	S	1	0	1	0.0000154331
Staphylococcus lloydii	2781774	S	1	0	1	0.0000154331
Staphylococcus schleiferi	1295	S	1	0	1	0.0000154331
Staphylococcus succinus	61015	S	1	0	1	0.0000154331
Staphylococcus condimenti	70255	S	1	0	1	0.0000154331
Staphylococcus pseudoxylosus	2282419	S	1	0	1	0.0000154331
Staphylococcus pettenkoferi	170573	S	1	0	1	0.0000154331
Staphylococcus simiae	308354	S	1	0	1	0.0000154331
Mammaliicoccus sciuri	1296	S	1	0	1	0.0000154331
Mammaliicoccus vitulinus	71237	S	1	0	1	0.0000154331
[Micrococcus] candicans	946432	S	1	0	1	0.0000154331
Macrococcus canis	1855823	S	1	0	1	0.0000154331
Salinicoccus halodurans	407035	S	1	0	1	0.0000154331
Paenibacillus sp. JZ16	1906272	S	1	0	1	0.0000154331
Paenibacillus sp. TB2019	2810347	S	1	0	1	0.0000154331
Paenibacillus sp. E222	2748863	S	1	0	1	0.0000154331
Paenibacillus sp. B01	2660554	S	1	0	1	0.0000154331
Paenibacillus sp. RUD330	2023772	S	1	0	1	0.0000154331
Paenibacillus sp. FSL R7-0273	1536772	S	1	0	1	0.0000154331
Paenibacillus sp. JDR-2	324057	S	1	0	1	0.0000154331
Paenibacillus sp. Y412MC10	481743	S	1	0	1	0.0000154331
Paenibacillus sp. IHB B 3084	867076	S	1	0	1	0.0000154331
Paenibacillus sp. CAA11	1532905	S	1	0	1	0.0000154331
Paenibacillus physcomitrellae	1619311	S	1	0	1	0.0000154331
Paenibacillus bovis	1616788	S	1	0	1	0.0000154331
Paenibacillus yonginensis	1462996	S	1	0	1	0.0000154331
Paenibacillus baekrokdamisoli	1712516	S	1	0	1	0.0000154331
Paenibacillus swuensis	1178515	S	1	0	1	0.0000154331
Paenibacillus crassostreae	1763538	S	1	0	1	0.0000154331
Paenibacillus jilunlii	682956	S	1	0	1	0.0000154331
Paenibacillus xylanilyticus	248903	S	1	0	1	0.0000154331
Paenibacillus odorifer	189426	S	1	0	1	0.0000154331
Paenibacillus thiaminolyticus	49283	S	1	0	1	0.0000154331
Paenibacillus kribbensis	172713	S	1	0	1	0.0000154331
Paenibacillus naphthalenovorans	162209	S	1	0	1	0.0000154331
Paenibacillus sabinae	365617	S	1	0	1	0.0000154331
Brevibacillus sp. FJAT-54423	2796470	S	1	0	1	0.0000154331
Brevibacillus agri	51101	S	1	0	1	0.0000154331
Cohnella sp. KS 22	2598458	S	1	0	1	0.0000154331
Cohnella sp. MFER-1	2728023	S	1	0	1	0.0000154331
Cohnella abietis	2507935	S	1	0	1	0.0000154331
Thermobacillus composti	377615	S	1	0	1	0.0000154331
Aneurinibacillus sp. XH2	1450761	S	1	0	1	0.0000154331
Planococcus sp. PAMC 21323	1526927	S	1	0	1	0.0000154331
Planococcus sp. Y42	2213202	S	1	0	1	0.0000154331
Planococcus versutus	1302659	S	1	0	1	0.0000154331
Paenisporosarcina antarctica	417367	S	1	0	1	0.0000154331
Jeotgalibacillus malaysiensis	1508404	S	1	0	1	0.0000154331
Rummeliibacillus stabekisii	241244	S	1	0	1	0.0000154331
Alicyclobacillus sp. SO9	2665646	S	1	0	1	0.0000154331
Exiguobacterium sp. Helios	2735868	S	1	0	1	0.0000154331
Exiguobacterium sibiricum	332410	S	1	0	1	0.0000154331
Exiguobacterium mexicanum	340146	S	1	0	1	0.0000154331
Listeria ivanovii	1638	S	1	0	1	0.0000154331
Novibacillus thermophilus	1471761	S	1	0	1	0.0000154331
Sporolactobacillus terrae	269673	S	1	0	1	0.0000154331
Streptococcus sp. A12	1759399	S	1	0	1	0.0000154331
Streptococcus intermedius	1338	S	1	0	1	0.0000154331
Streptococcus uberis	1349	S	1	0	1	0.0000154331
Streptococcus respiraculi	2021971	S	1	0	1	0.0000154331
Streptococcus merionis	400065	S	1	0	1	0.0000154331
Streptococcus ratti	1341	S	1	0	1	0.0000154331
Streptococcus parasanguinis	1318	S	1	0	1	0.0000154331
Lactobacillus sp. CBA3606	2099789	S	1	0	1	0.0000154331
Lactobacillus sp. 3B(2020)	2695882	S	1	0	1	0.0000154331
Lactobacillus acetotolerans	1600	S	1	0	1	0.0000154331
Lactobacillus johnsonii	33959	S	1	0	1	0.0000154331
Lactobacillus jensenii	109790	S	1	0	1	0.0000154331
Lactobacillus iners	147802	S	1	0	1	0.0000154331
Lactobacillus ultunensis	227945	S	1	0	1	0.0000154331
Loigolactobacillus backii	375175	S	1	0	1	0.0000154331
Weissella paramesenteroides	1249	S	1	0	1	0.0000154331
Weissella viridescens	1629	S	1	0	1	0.0000154331
Weissella cibaria	137591	S	1	0	1	0.0000154331
Weissella diestrammenae	1162633	S	1	0	1	0.0000154331
Weissella cryptocerci	2506420	S	1	0	1	0.0000154331
Leuconostoc carnosum	1252	S	1	0	1	0.0000154331
Companilactobacillus farciminis	1612	S	1	0	1	0.0000154331
Companilactobacillus allii	1847728	S	1	0	1	0.0000154331
Ligilactobacillus agilis	1601	S	1	0	1	0.0000154331
Ligilactobacillus animalis	1605	S	1	0	1	0.0000154331
Ligilactobacillus ruminis	1623	S	1	0	1	0.0000154331
Ligilactobacillus saerimneri	228229	S	1	0	1	0.0000154331
Limosilactobacillus vaginalis	1633	S	1	0	1	0.0000154331
Liquorilactobacillus mali	1618	S	1	0	1	0.0000154331
Secundilactobacillus malefermentans	176292	S	1	0	1	0.0000154331
Pediococcus inopinatus	114090	S	1	0	1	0.0000154331
Oenococcus oeni	1247	S	1	0	1	0.0000154331
Oenococcus sp. UCMA 16435	2259623	S	1	0	1	0.0000154331
Paucilactobacillus oligofermentans	293371	S	1	0	1	0.0000154331
Paucilactobacillus hokkaidonensis	1193095	S	1	0	1	0.0000154331
Apilactobacillus bombintestini	2419772	S	1	0	1	0.0000154331
Lacticaseibacillus rhamnosus	47715	S	1	0	1	0.0000154331
Enterococcus hirae	1354	S	1	0	1	0.0000154331
Enterococcus cecorum	44008	S	1	0	1	0.0000154331
Enterococcus durans	53345	S	1	0	1	0.0000154331
Enterococcus wangshanyuanii	2005703	S	1	0	1	0.0000154331
Vagococcus penaei	633807	S	1	0	1	0.0000154331
Vagococcus zengguangii	2571750	S	1	0	1	0.0000154331
Vagococcus hydrophili	2714947	S	1	0	1	0.0000154331
Tetragenococcus osmophilus	526944	S	1	0	1	0.0000154331
Jeotgalibaca ciconiae	2496265	S	1	0	1	0.0000154331
Carnobacterium sp. 17-4	208596	S	1	0	1	0.0000154331
Dolosigranulum pigrum	29394	S	1	0	1	0.0000154331
Abiotrophia defectiva	46125	S	1	0	1	0.0000154331
Selenomonas sp. oral taxon 126	712528	S	1	0	1	0.0000154331
Methylomusa anaerophila	1930071	S	1	0	1	0.0000154331
Acidaminococcus fermentans	905	S	1	0	1	0.0000154331
Veillonella atypica	39777	S	1	0	1	0.0000154331
Erysipelothrix sp. HDW6C	2714930	S	1	0	1	0.0000154331
Erysipelothrix larvae	1514105	S	1	0	1	0.0000154331
[Clostridium] innocuum	1522	S	1	0	1	0.0000154331
Erysipelatoclostridium ramosum	1547	S	1	0	1	0.0000154331
Schnuerera ultunensis	45497	S	1	0	1	0.0000154331
Sedimentibacter sp. zth1	2816908	S	1	0	1	0.0000154331
Nostoc flagelliforme	1306274	S	1	0	1	0.0000154331
Synechococcus sp. KORDI-100	1280380	S	1	0	1	0.0000154331
Synechococcus sp. CB0101	232348	S	1	0	1	0.0000154331
Synechococcus sp. CC9902	316279	S	1	0	1	0.0000154331
Synechococcus sp. CBW1108	1353147	S	1	0	1	0.0000154331
Synechococcus sp. ROS8604	1442557	S	1	0	1	0.0000154331
Synechococcus sp. TAK9802	1442558	S	1	0	1	0.0000154331
Synechococcus sp. NIES-970	1827144	S	1	0	1	0.0000154331
Synechococcus sp. SynAce01	1916956	S	1	0	1	0.0000154331
Synechococcus sp. CBW1107	2789857	S	1	0	1	0.0000154331
Synechococcus sp. Minos11	221341	S	1	0	1	0.0000154331
Synechococcus sp. CC9311	64471	S	1	0	1	0.0000154331
Synechococcus sp. WH 8020	32052	S	1	0	1	0.0000154331
Synechococcus sp. WH 8101	59932	S	1	0	1	0.0000154331
Pleurocapsa minor	54308	S	1	0	1	0.0000154331
Mycoplasma sp. Zaradi2	547987	S	1	0	1	0.0000154331
Mycoplasma sp. Pen4	640330	S	1	0	1	0.0000154331
Mycoplasma sp. Phocoena C-264-GEN	754517	S	1	0	1	0.0000154331
Mycoplasma nasistruthionis	353852	S	1	0	1	0.0000154331
Mycoplasma cloacale	92401	S	1	0	1	0.0000154331
Mycoplasma phocicerebrale	142649	S	1	0	1	0.0000154331
Mycoplasma hyosynoviae	29559	S	1	0	1	0.0000154331
Mycoplasma penetrans	28227	S	1	0	1	0.0000154331
Mycoplasma orale	2121	S	1	0	1	0.0000154331
Mycoplasma neurolyticum	2120	S	1	0	1	0.0000154331
Mycoplasma struthionis	538220	S	1	0	1	0.0000154331
Mycoplasma arthritidis	2111	S	1	0	1	0.0000154331
Mycoplasma hominis	2098	S	1	0	1	0.0000154331
Mycoplasma bovirhinis	29553	S	1	0	1	0.0000154331
Mycoplasma canis	29555	S	1	0	1	0.0000154331
Mycoplasma cynos	171284	S	1	0	1	0.0000154331
Mycoplasma meleagridis	29561	S	1	0	1	0.0000154331
Mycoplasma columborale	171282	S	1	0	1	0.0000154331
Mycoplasma pullorum	48003	S	1	0	1	0.0000154331
Mycoplasma maculosum	114885	S	1	0	1	0.0000154331
Ureaplasma diversum	42094	S	1	0	1	0.0000154331
Candidatus Hepatoplasma crinochetorum	295596	S	1	0	1	0.0000154331
Spiroplasma monobiae	2136	S	1	0	1	0.0000154331
Spiroplasma syrphidicola	216945	S	1	0	1	0.0000154331
Spiroplasma culicicola	216935	S	1	0	1	0.0000154331
Spiroplasma sabaudiense	216944	S	1	0	1	0.0000154331
Spiroplasma helicoides	216938	S	1	0	1	0.0000154331
Entomoplasma freundtii	74700	S	1	0	1	0.0000154331
Entomoplasma luminosum	214888	S	1	0	1	0.0000154331
Acholeplasma hippikon	264636	S	1	0	1	0.0000154331
Candidatus Phytoplasma luffae	35773	S	1	0	1	0.0000154331
Candidatus Phytoplasma mali	37692	S	1	0	1	0.0000154331
Deinococcus sp. NW-56	2080419	S	1	0	1	0.0000154331
Deinococcus gobiensis	502394	S	1	0	1	0.0000154331
Deinococcus puniceus	1182568	S	1	0	1	0.0000154331
Deinococcus peraridilitoris	432329	S	1	0	1	0.0000154331
Deinococcus deserti	310783	S	1	0	1	0.0000154331
Deinococcus geothermalis	68909	S	1	0	1	0.0000154331
Deinococcus proteolyticus	55148	S	1	0	1	0.0000154331
Anaerolinea sp. 'rifampicinis'	2710758	S	1	0	1	0.0000154331
Pelolinea submarina	913107	S	1	0	1	0.0000154331
Thermobaculum terrenum	166501	S	1	0	1	0.0000154331
Caldilinea aerophila	133453	S	1	0	1	0.0000154331
Capnocytophaga sp. FDAARGOS_737	2545799	S	1	0	1	0.0000154331
Capnocytophaga endodontalis	2708117	S	1	0	1	0.0000154331
Tenacibaculum sp. DSM 106434	2358479	S	1	0	1	0.0000154331
Formosa sediminum	2594004	S	1	0	1	0.0000154331
Nonlabens sp. Ci31	2608253	S	1	0	1	0.0000154331
Nonlabens ponticola	2496866	S	1	0	1	0.0000154331
Aquimarina sp. TRL1	2736252	S	1	0	1	0.0000154331
Chryseobacterium camelliae	1265445	S	1	0	1	0.0000154331
Apibacter sp. B3706	2656760	S	1	0	1	0.0000154331
Weeksella virosa	1014	S	1	0	1	0.0000154331
Blattabacterium sp. (Cryptocercus kyebangensis)	298656	S	1	0	1	0.0000154331
Candidatus Walczuchella monophlebidarum	1415657	S	1	0	1	0.0000154331
Croceimicrobium hydrocarbonivorans	2761580	S	1	0	1	0.0000154331
Bacteroides heparinolyticus	28113	S	1	0	1	0.0000154331
Prevotella denticola	28129	S	1	0	1	0.0000154331
Prevotella oris	28135	S	1	0	1	0.0000154331
Prevotella enoeca	76123	S	1	0	1	0.0000154331
Alloprevotella sp. E39	2133944	S	1	0	1	0.0000154331
Tannerella sp. oral taxon HOT-286	712710	S	1	0	1	0.0000154331
Alistipes shahii	328814	S	1	0	1	0.0000154331
Alistipes dispar	2585119	S	1	0	1	0.0000154331
Butyricimonas faecalis	2093856	S	1	0	1	0.0000154331
Muribaculum intestinale	1796646	S	1	0	1	0.0000154331
Tenuifilum thalassicum	2590900	S	1	0	1	0.0000154331
Sphingobacterium lactis	797291	S	1	0	1	0.0000154331
Hymenobacter sp. DG25A	1385663	S	1	0	1	0.0000154331
Hymenobacter sp. NBH84	2596915	S	1	0	1	0.0000154331
Hymenobacter swuensis	1446467	S	1	0	1	0.0000154331
Pontibacter korlensis	400092	S	1	0	1	0.0000154331
Pontibacter pudoricolor	2694930	S	1	0	1	0.0000154331
Echinicola vietnamensis	390884	S	1	0	1	0.0000154331
Echinicola rosea	1807691	S	1	0	1	0.0000154331
Flammeovirga pectinis	2494373	S	1	0	1	0.0000154331
Arachidicoccus sp. BS20	1850526	S	1	0	1	0.0000154331
Chlorobium chlorochromatii	337090	S	1	0	1	0.0000154331
Prosthecochloris sp. CIB 2401	1868325	S	1	0	1	0.0000154331
Chloroherpeton thalassium	100716	S	1	0	1	0.0000154331
Ignavibacterium album	591197	S	1	0	1	0.0000154331
Candidatus Cyclonatronum proteinivorum	1457365	S	1	0	1	0.0000154331
Fibrobacter succinogenes	833	S	1	0	1	0.0000154331
Gimesia aquarii	2527964	S	1	0	1	0.0000154331
Limihaloglobus sulfuriphilus	1851148	S	1	0	1	0.0000154331
Anaerohalosphaera lusitana	1936003	S	1	0	1	0.0000154331
Methylacidiphilum sp. IT5	2795384	S	1	0	1	0.0000154331
Neochlamydia sp. S13	1353976	S	1	0	1	0.0000154331
Chlamydia sp. 2742-308	1806891	S	1	0	1	0.0000154331
Chlamydia abortus	83555	S	1	0	1	0.0000154331
Candidatus Vampirococcus archaeovorus	1930593	S	1	0	1	0.0000154331
Treponema sp. OMZ 804	120683	S	1	0	1	0.0000154331
Treponema sp. RCC2812	2787628	S	1	0	1	0.0000154331
Treponema socranskii	53419	S	1	0	1	0.0000154331
Treponema azotonutricium	150829	S	1	0	1	0.0000154331
Treponema pedis	409322	S	1	0	1	0.0000154331
Sediminispirochaeta smaragdinae	55206	S	1	0	1	0.0000154331
Borrelia parkeri	141	S	1	0	1	0.0000154331
Borrelia miyamotoi	47466	S	1	0	1	0.0000154331
Borrelia turcica	229155	S	1	0	1	0.0000154331
Borreliella bissettiae	64897	S	1	0	1	0.0000154331
Borreliella mayonii	1674146	S	1	0	1	0.0000154331
Leptospira borgpetersenii	174	S	1	0	1	0.0000154331
Leptospira santarosai	28183	S	1	0	1	0.0000154331
Brachyspira hyodysenteriae	159	S	1	0	1	0.0000154331
Brachyspira intermedia	84377	S	1	0	1	0.0000154331
Fusobacterium mortiferum	850	S	1	0	1	0.0000154331
Fusobacterium periodonticum	860	S	1	0	1	0.0000154331
Fusobacterium hwasookii	1583098	S	1	0	1	0.0000154331
Leptotrichia wadei	157687	S	1	0	1	0.0000154331
Leptotrichia shahii	157691	S	1	0	1	0.0000154331
Candidatus Bipolaricaulis anaerobius	2026885	S	1	0	1	0.0000154331
Candidatus Chazhemtobacterium aquaticus	2715735	S	1	0	1	0.0000154331
Thermosipho melanesiensis	46541	S	1	0	1	0.0000154331
Defluviitoga tunisiensis	1006576	S	1	0	1	0.0000154331
Aquifex aeolicus	63363	S	1	0	1	0.0000154331
Deferribacter desulfuricans	197162	S	1	0	1	0.0000154331
Aminomonas paucivorans	81412	S	1	0	1	0.0000154331
Thermanaerovibrio velox	108007	S	1	0	1	0.0000154331
Aminobacterium colombiense	81468	S	1	0	1	0.0000154331
Jonquetella anthropi	428712	S	1	0	1	0.0000154331
Cloacibacillus porcorum	1197717	S	1	0	1	0.0000154331
Fretibacterium fastidiosum	651822	S	1	0	1	0.0000154331
Thermodesulfobacterium geofontis	1295609	S	1	0	1	0.0000154331
Methanosarcina siciliae	38027	S	1	0	1	0.0000154331
Methanosarcina flavescens	1715806	S	1	0	1	0.0000154331
Methanoplanus limicola	2315	S	1	0	1	0.0000154331
Haloterrigena turkmenica	62320	S	1	0	1	0.0000154331
Haloterrigena daqingensis	588898	S	1	0	1	0.0000154331
Haloterrigena sp. YPL8	1699371	S	1	0	1	0.0000154331
Haloterrigena salifodinae	2675099	S	1	0	1	0.0000154331
Halobiforma lacisalsi	229731	S	1	0	1	0.0000154331
Natrarchaeobaculum sulfurireducens	2044521	S	1	0	1	0.0000154331
Natronomonas pharaonis	2257	S	1	0	1	0.0000154331
Halosimplex litoreum	1198301	S	1	0	1	0.0000154331
Haloarcula taiwanensis	1932004	S	1	0	1	0.0000154331
Haloarcula sp. JP-L23	2716717	S	1	0	1	0.0000154331
Halorhabdus tiamatea	430914	S	1	0	1	0.0000154331
Halorhabdus sp. CBA1104	1380432	S	1	0	1	0.0000154331
Halobacterium sp. DL1	751944	S	1	0	1	0.0000154331
Halodesulfurarchaeum formicicum	1873524	S	1	0	1	0.0000154331
Haloquadratum walsbyi	293091	S	1	0	1	0.0000154331
Haloplanus rubicundus	1547898	S	1	0	1	0.0000154331
Halobellus limi	699433	S	1	0	1	0.0000154331
Halorubrum sp. CBA1229	1853699	S	1	0	1	0.0000154331
Halorubrum sp. RHB-C	2739057	S	1	0	1	0.0000154331
Halorubrum lacusprofundi	2247	S	1	0	1	0.0000154331
Halobonum sp. NJ-3-1	2743089	S	1	0	1	0.0000154331
Methanobrevibacter millerae	230361	S	1	0	1	0.0000154331
Methanosphaera stadtmanae	2317	S	1	0	1	0.0000154331
Methanosphaera sp. BMS	1789762	S	1	0	1	0.0000154331
Methanothermobacter thermautotrophicus	145262	S	1	0	1	0.0000154331
Methanothermus fervidus	2180	S	1	0	1	0.0000154331
Methanocaldococcus jannaschii	2190	S	1	0	1	0.0000154331
Methanocaldococcus sp. FS406-22	644281	S	1	0	1	0.0000154331
Methanotorris igneus	2189	S	1	0	1	0.0000154331
Pyrococcus abyssi	29292	S	1	0	1	0.0000154331
Pyrococcus yayanosii	1008460	S	1	0	1	0.0000154331
Thermococcus barophilus	55802	S	1	0	1	0.0000154331
Thermococcus nautili	195522	S	1	0	1	0.0000154331
Archaeoglobus profundus	84156	S	1	0	1	0.0000154331
Nitrosopumilus maritimus	338192	S	1	0	1	0.0000154331
Nitrosopumilus ureiphilus	1470067	S	1	0	1	0.0000154331
Nitrosopumilus oxyclinae	1959104	S	1	0	1	0.0000154331
Candidatus Nitrosomarinus catalina	1898749	S	1	0	1	0.0000154331
Candidatus Nitrosocosmicus franklandus	1798806	S	1	0	1	0.0000154331
Sulfolobus sp. S-194	2512240	S	1	0	1	0.0000154331
Acidianus sulfidivorans	312539	S	1	0	1	0.0000154331
Metallosphaera tengchongensis	1532350	S	1	0	1	0.0000154331
Pyrobaculum arsenaticum	121277	S	1	0	1	0.0000154331
Thermofilum pendens	2269	S	1	0	1	0.0000154331
Caldisphaera lagunensis	200415	S	1	0	1	0.0000154331
Actinoplanes phage phiAsp2	279303	S	1	0	1	0.0000154331
Caulobacter virus CcrBL9	2734192	S	1	0	1	0.0000154331
Caulobacter virus CcrColossus	2734194	S	1	0	1	0.0000154331
Mycobacterium phage Sheen	1589274	S	1	0	1	0.0000154331
Microbacterium virus OneinaGillian	2734236	S	1	0	1	0.0000154331
Salmonella phage TS13	2500149	S	1	0	1	0.0000154331
Cellulophaga phage phi38:1	1327977	S	1	0	1	0.0000154331
Pseudomonas phage Zuri	2604899	S	1	0	1	0.0000154331
Escherichia virus PTXU04	2734191	S	1	0	1	0.0000154331
Escherichia virus Skarpretter	2734188	S	1	0	1	0.0000154331
Staphylococcus virus Andhra	2732591	S	1	0	1	0.0000154331
Synechococcus phage S-SSM7	445686	S	1	0	1	0.0000154331
Tenacibaculum phage pT24	1880590	S	1	0	1	0.0000154331
Acinetobacter phage YMC13/03/R2096	1560342	S	1	0	1	0.0000154331
Prochlorococcus phage P-TIM68	1542477	S	1	0	1	0.0000154331
Tenacibaculum phage PTm1	2547425	S	1	0	1	0.0000154331
Serratia phage 2050HW	2024252	S	1	0	1	0.0000154331
Yersinia virus Yen9-04	2560849	S	1	0	1	0.0000154331
Klebsiella virus K64-1	2560541	S	1	0	1	0.0000154331
Achromobacter phage Motura	2591403	S	1	0	1	0.0000154331
Campylobacter virus CPt10	722418	S	1	0	1	0.0000154331
Curvibacter virus P26059B	2733926	S	1	0	1	0.0000154331
Dickeya virus BF25-12	2733346	S	1	0	1	0.0000154331
Equid alphaherpesvirus 8	39637	S	1	0	1	0.0000154331
Elephant endotheliotropic herpesvirus 4	548914	S	1	0	1	0.0000154331
Only Syngen Nebraska virus 5	1917232	S	1	0	1	0.0000154331
Micromonas pusilla virus 12T	755272	S	1	0	1	0.0000154331
Ostreococcus lucimarinus virus 2	1663208	S	1	0	1	0.0000154331
Orpheovirus IHUMI-LCC2	2023057	S	1	0	1	0.0000154331
Heterosigma akashiwo virus 01	97195	S	1	0	1	0.0000154331
Invertebrate iridescent virus 9	345195	S	1	0	1	0.0000154331
Anomala cuprea entomopoxvirus	62099	S	1	0	1	0.0000154331
Melanoplus sanguinipes entomopoxvirus	83191	S	1	0	1	0.0000154331
Spodoptera exigua multiple nucleopolyhedrovirus	10454	S	1	0	1	0.0000154331
Catopsilia pomona nucleopolyhedrovirus	1850906	S	1	0	1	0.0000154331
Spinybacked orbweaver circular virus 1	2293305	S	1	0	1	0.0000154331
Chimeric virus 14	1608440	S	1	0	1	0.0000154331
Lake Sarah-associated circular virus-31	1685759	S	1	0	1	0.0000154331
Murine respirovirus	11191	S	1	0	1	0.0000154331
Mosqueiro hapavirus	1972621	S	1	0	1	0.0000154331
Varroa destructor virus 1	232800	S	1	0	1	0.0000154331
Sewage-associated gemycircularvirus 1	1592081	S	1	0	1	0.0000154331
Sewage derived gemykibivirus 1	2004967	S	1	0	1	0.0000154331
Azotobacter vinelandii	354	S	3	-3	0	0.0000000000
Dickeya chrysanthemi	556	S	1	-1	0	0.0000000000
Afipia carboxidovorans	40137	S	9	-9	0	0.0000000000
Rhodospirillum rubrum	1085	S	5	-5	0	0.0000000000
Rickettsia canadensis	788	S	1	-1	0	0.0000000000
Ehrlichia chaffeensis	945	S	1	-1	0	0.0000000000
Acetivibrio thermocellus	1515	S	2	-2	0	0.0000000000
Thermoclostridium stercorarium	1510	S	4	-4	0	0.0000000000
Paenibacillus mucilaginosus	61624	S	4	-4	0	0.0000000000
Nodularia spumigena	70799	S	5	-5	0	0.0000000000
Mycoplasma suis	57372	S	2	-2	0	0.0000000000
Chloroflexus aurantiacus	1108	S	2	-2	0	0.0000000000
Tannerella forsythia	28112	S	1	-1	0	0.0000000000
Leptospira biflexa	172	S	10	-10	0	0.0000000000
Brachyspira pilosicoli	52584	S	1	-1	0	0.0000000000
