name	taxonomy_id	taxonomy_lvl	kraken_assigned_reads	added_reads	new_est_reads	fraction_total_reads
Cutibacterium acnes	1747	S	643	22	665	0.0808117633
Stenotrophomonas maltophilia	40324	S	435	164	599	0.0727913477
Pseudomonas oryzihabitans	47885	S	385	29	414	0.0503098797
Klebsiella pneumoniae	573	S	57	223	280	0.0340260056
Curtobacterium flaccumfaciens	2035	S	252	12	264	0.0320816624
Pseudomonas fluorescens	294	S	120	46	166	0.0201725605
Staphylococcus epidermidis	1282	S	115	41	156	0.0189573460
Staphylococcus warneri	1292	S	58	55	113	0.0137319237
Dermacoccus nishinomiyaensis	1274	S	102	6	108	0.0131243164
Staphylococcus pasteuri	45972	S	69	38	107	0.0130027950
Acidovorax sp. KKS102	358220	S	72	17	89	0.0108154089
Enterococcus faecalis	1351	S	69	18	87	0.0105723660
Rhodococcus qingshengii	334542	S	13	72	85	0.0103293231
Raoultella terrigena	577	S	14	50	64	0.0077773727
Streptomyces lividans	1916	S	24	38	62	0.0075343298
Moraxella osloensis	34062	S	50	3	53	0.0064406368
Staphylococcus aureus	1280	S	8	45	53	0.0064406368
Sphingomonas koreensis	93064	S	41	10	51	0.0061975939
Acidovorax sp. JS42	232721	S	5	45	50	0.0060760724
Pseudomonas veronii	76761	S	19	28	47	0.0057115081
Sphingobium sp. YG1	2082188	S	40	5	45	0.0054684652
Rhodococcus erythropolis	1833	S	9	35	44	0.0053469437
Phocaeicola dorei	357276	S	34	9	43	0.0052254223
Propionibacterium sp. oral taxon 193	671223	S	40	2	42	0.0051039008
Staphylococcus capitis	29388	S	34	8	42	0.0051039008
Kocuria rhizophila	72000	S	38	3	41	0.0049823794
Acinetobacter sp. M131	1280052	S	2	38	40	0.0048608579
Pseudomonas savastanoi	29438	S	1	38	39	0.0047393365
Rothia terrae	396015	S	34	5	39	0.0047393365
Variovorax boronicumulans	436515	S	21	16	37	0.0044962936
Faecalibacterium prausnitzii	853	S	26	11	37	0.0044962936
Escherichia coli	562	S	6	29	35	0.0042532507
Sphingopyxis terrae	33052	S	31	3	34	0.0041317293
Klebsiella grimontii	2058152	S	10	23	33	0.0040102078
Corynebacterium matruchotii	43768	S	33	0	33	0.0040102078
Streptococcus oralis	1303	S	23	10	33	0.0040102078
Raoultella ornithinolytica	54291	S	2	29	31	0.0037671649
Acinetobacter baumannii	470	S	6	23	29	0.0035241220
Staphylococcus haemolyticus	1283	S	21	7	28	0.0034026006
Meiothermus silvanus	52022	S	27	0	27	0.0032810791
Rothia dentocariosa	2047	S	25	1	26	0.0031595577
Janthinobacterium agaricidamnosum	55508	S	8	17	25	0.0030380362
Actinomyces oris	544580	S	19	6	25	0.0030380362
Micrococcus luteus	1270	S	13	11	24	0.0029165148
Actinomyces naeslundii	1655	S	23	1	24	0.0029165148
Phocaeicola vulgatus	821	S	19	5	24	0.0029165148
Sphingomonas sp. SH	849864	S	2	19	21	0.0025519504
Actinomyces sp. oral taxon 171	706438	S	19	2	21	0.0025519504
Janthinobacterium sp. HH102	1537274	S	7	13	20	0.0024304290
Corynebacterium simulans	146827	S	15	5	20	0.0024304290
Bacteroides uniformis	820	S	9	11	20	0.0024304290
Pseudomonas psychrotolerans	237610	S	18	1	19	0.0023089075
Methylomonas sp. LL1	2785785	S	19	0	19	0.0023089075
Microbacterium sp. PM5	2014534	S	17	2	19	0.0023089075
Streptococcus mitis	28037	S	15	4	19	0.0023089075
Blautia sp. SC05B48	2479767	S	13	6	19	0.0023089075
Pedobacter sp. SW-16	2766984	S	18	1	19	0.0023089075
Acidovorax sp. T1	1858609	S	7	11	18	0.0021873861
Variovorax paradoxus	34073	S	14	4	18	0.0021873861
Collimonas fungivorans	158899	S	17	1	18	0.0021873861
Methylobacterium brachiatum	269660	S	17	1	18	0.0021873861
Corynebacterium kroppenstedtii	161879	S	18	0	18	0.0021873861
Corynebacterium tuberculostearicum	38304	S	15	3	18	0.0021873861
Actinomyces sp. oral taxon 169	712116	S	13	5	18	0.0021873861
Pseudomonas aeruginosa	287	S	5	12	17	0.0020658646
Xanthomonas campestris	339	S	17	0	17	0.0020658646
Acidovorax carolinensis	553814	S	12	5	17	0.0020658646
Variovorax sp. WDL1	207745	S	5	12	17	0.0020658646
Akkermansia muciniphila	239935	S	17	0	17	0.0020658646
Actinomyces sp. HMT 175	2789425	S	9	7	16	0.0019443432
Collinsella aerofaciens	74426	S	16	0	16	0.0019443432
Streptococcus sanguinis	1305	S	15	1	16	0.0019443432
Streptococcus thermophilus	1308	S	14	2	16	0.0019443432
Haemophilus parainfluenzae	729	S	14	1	15	0.0018228217
Rhodoferax sediminis	2509614	S	14	1	15	0.0018228217
Brevibacterium casei	33889	S	14	1	15	0.0018228217
Rhodococcus sp. 008	1723645	S	2	13	15	0.0018228217
Acidovorax sp. RAC01	1842533	S	11	3	14	0.0017013003
Janthinobacterium sp. 1_2014MBL_MicDiv	1644131	S	12	2	14	0.0017013003
Bradyrhizobium lablabi	722472	S	5	9	14	0.0017013003
Corynebacterium kefirresidentii	1979527	S	11	3	14	0.0017013003
Pauljensenia hongkongensis	178339	S	14	0	14	0.0017013003
Candidatus Planktophila sulfonica	1884904	S	14	0	14	0.0017013003
Blautia obeum	40520	S	10	4	14	0.0017013003
Enterocloster bolteae	208479	S	12	2	14	0.0017013003
[Clostridium] innocuum	1522	S	12	2	14	0.0017013003
Acinetobacter junii	40215	S	11	2	13	0.0015797788
Variovorax sp. 38R	2774875	S	6	7	13	0.0015797788
Polaromonas naphthalenivorans	216465	S	11	2	13	0.0015797788
Alicycliphilus denitrificans	179636	S	5	8	13	0.0015797788
Sphingomonas melonis	152682	S	8	5	13	0.0015797788
Methylorubrum extorquens	408	S	10	3	13	0.0015797788
Corynebacterium bovis	36808	S	13	0	13	0.0015797788
Enterococcus faecium	1352	S	7	6	13	0.0015797788
Coprococcus catus	116085	S	11	2	13	0.0015797788
Flavonifractor plautii	292800	S	12	1	13	0.0015797788
Flavobacterium phage vB_FspS_filifjonk9-1	2686245	S	7	6	13	0.0015797788
Pseudomonas putida	303	S	9	3	12	0.0014582574
Aeromonas salmonicida	645	S	7	5	12	0.0014582574
Janthinobacterium sp. LM6	1938606	S	9	3	12	0.0014582574
Methylorubrum populi	223967	S	11	1	12	0.0014582574
Staphylococcus hominis	1290	S	10	2	12	0.0014582574
Citrobacter freundii	546	S	4	7	11	0.0013367359
Acidovorax ebreus	721785	S	2	9	11	0.0013367359
Janthinobacterium svalbardensis	368607	S	8	3	11	0.0013367359
Janthinobacterium tructae	2590869	S	8	3	11	0.0013367359
Paenarthrobacter sp. YJN-D	2735317	S	11	0	11	0.0013367359
Staphylococcus sp. AntiMn-1	1715860	S	1	10	11	0.0013367359
Flavobacterium sp. I3-2	2748319	S	8	3	11	0.0013367359
Murine leukemia virus	11786	S	3	8	11	0.0013367359
Pseudomonas sp. CMR12a	658629	S	2	8	10	0.0012152145
Pseudomonas koreensis	198620	S	9	1	10	0.0012152145
Enterobacter ludwigii	299767	S	4	6	10	0.0012152145
Diaphorobacter sp. HDW4A	2714924	S	7	3	10	0.0012152145
Delftia sp. Cs1-4	742013	S	3	7	10	0.0012152145
Kinneretia sp. DAIF2	2714952	S	9	1	10	0.0012152145
Lautropia mirabilis	47671	S	10	0	10	0.0012152145
Rhodococcus sp. AQ5-07	2054902	S	2	8	10	0.0012152145
Pseudomonas sp. URMO17WK12:I11	1283291	S	6	3	9	0.0010936930
Halomonas sp. JS92-SW72	2306583	S	9	0	9	0.0010936930
Polaromonas sp. JS666	296591	S	3	6	9	0.0010936930
Diaphorobacter sp. JS3050	2735554	S	1	8	9	0.0010936930
Burkholderia cenocepacia	95486	S	3	6	9	0.0010936930
Paucibacter sp. KCTC 42545	1768242	S	8	1	9	0.0010936930
Sphingobium hydrophobicum	1673076	S	7	2	9	0.0010936930
Rothia aeria	172042	S	9	0	9	0.0010936930
Streptococcus agalactiae	1311	S	1	8	9	0.0010936930
Capnocytophaga sputigena	1019	S	9	0	9	0.0010936930
Kaistella jeonii	266749	S	9	0	9	0.0010936930
Haliscomenobacter hydrossis	2350	S	9	0	9	0.0010936930
Fusobacterium nucleatum	851	S	9	0	9	0.0010936930
Acidovorax sp. JMULE5	2518343	S	8	0	8	0.0009721716
Variovorax sp. PAMC26660	2762322	S	7	1	8	0.0009721716
Variovorax sp. RA8	662548	S	4	4	8	0.0009721716
Ottowia oryzae	2109914	S	6	2	8	0.0009721716
Ramlibacter tataouinensis	94132	S	8	0	8	0.0009721716
Sphingobium yanoikuyae	13690	S	6	2	8	0.0009721716
Bradyrhizobium diazoefficiens	1355477	S	3	5	8	0.0009721716
Rhodopseudomonas palustris	1076	S	8	0	8	0.0009721716
Roseomonas mucosa	207340	S	3	5	8	0.0009721716
Aliarcobacter cryaerophilus	28198	S	8	0	8	0.0009721716
Microbacterium aurum	36805	S	6	2	8	0.0009721716
Microbacterium hominis	162426	S	6	2	8	0.0009721716
Corynebacterium segmentosum	43990	S	8	0	8	0.0009721716
Streptococcus pseudopneumoniae	257758	S	5	3	8	0.0009721716
Latilactobacillus curvatus	28038	S	8	0	8	0.0009721716
Clostridium botulinum	1491	S	8	0	8	0.0009721716
Flavobacterium sp. 140616W15	2478552	S	5	3	8	0.0009721716
Flavobacterium branchiophilum	55197	S	8	0	8	0.0009721716
Stenotrophomonas sp. ZAC14D2_NAIMI4_6	2072406	S	4	3	7	0.0008506501
Buchnera aphidicola	9	S	7	0	7	0.0008506501
Ottowia sp. 27C	2816950	S	6	1	7	0.0008506501
Janthinobacterium lividum	29581	S	3	4	7	0.0008506501
Sphingobium herbicidovorans	76947	S	5	2	7	0.0008506501
Methylobacterium sp. XJLW	739141	S	2	5	7	0.0008506501
Brevundimonas diminuta	293	S	3	4	7	0.0008506501
Microbacterium oxydans	82380	S	5	2	7	0.0008506501
Kocuria palustris	71999	S	7	0	7	0.0008506501
Rhodococcus sp. NJ-530	2490853	S	1	6	7	0.0008506501
Rhodococcus pyridinivorans	103816	S	2	5	7	0.0008506501
Gordonia polyisoprenivorans	84595	S	7	0	7	0.0008506501
Staphylococcus saprophyticus	29385	S	6	1	7	0.0008506501
Lactococcus lactis	1358	S	6	1	7	0.0008506501
Carnobacterium maltaromaticum	2751	S	4	3	7	0.0008506501
Thermus scotoductus	37636	S	6	1	7	0.0008506501
Elizabethkingia bruuniana	1756149	S	4	3	7	0.0008506501
Bacteroides fragilis	817	S	3	4	7	0.0008506501
Pedobacter sp. KBS0701	2578106	S	7	0	7	0.0008506501
Pseudomonas sp. ADPe	2774873	S	3	3	6	0.0007291287
Pseudomonas sp. SXM-1	2169583	S	2	4	6	0.0007291287
Acinetobacter sp. TTH0-4	1646498	S	5	1	6	0.0007291287
Acinetobacter sp. MYb10	1827285	S	5	1	6	0.0007291287
Stenotrophomonas sp. SXG-1	2682487	S	2	4	6	0.0007291287
Limnohabitans sp. 103DPR2	1678129	S	6	0	6	0.0007291287
Janthinobacterium sp. PLB02	2808899	S	2	4	6	0.0007291287
Collimonas arenae	279058	S	6	0	6	0.0007291287
Undibacterium parvum	401471	S	6	0	6	0.0007291287
Cupriavidus sp. USMAA2-4	876364	S	1	5	6	0.0007291287
Candidatus Methylopumilus turicensis	1581680	S	4	2	6	0.0007291287
Nitrosomonas sp. Is79A3	261292	S	6	0	6	0.0007291287
Sphingobium sp. TKS	1315974	S	4	2	6	0.0007291287
Sphingopyxis fribergensis	1515612	S	6	0	6	0.0007291287
Gordonia bronchialis	2054	S	6	0	6	0.0007291287
Streptomyces sp. NEAU-S7GS2	2202000	S	2	4	6	0.0007291287
Bifidobacterium adolescentis	1680	S	2	4	6	0.0007291287
Leuconostoc lactis	1246	S	1	5	6	0.0007291287
Flavobacterium sp. LPB0248	2614441	S	2	4	6	0.0007291287
Flavobacterium psychrophilum	96345	S	5	1	6	0.0007291287
Flavobacterium johnsoniae	986	S	4	2	6	0.0007291287
Tannerella forsythia	28112	S	6	0	6	0.0007291287
Leptotrichia buccalis	40542	S	6	0	6	0.0007291287
Leptotrichia wadei	157687	S	6	0	6	0.0007291287
Pseudomonas sp. SWI7	2587597	S	1	4	5	0.0006076072
Pseudomonas sp.	306	S	1	4	5	0.0006076072
Pseudomonas stutzeri	316	S	5	0	5	0.0006076072
Pseudomonas psychrophila	122355	S	5	0	5	0.0006076072
Rahnella aquatilis	34038	S	1	4	5	0.0006076072
Mannheimia pernigra	111844	S	3	2	5	0.0006076072
Variovorax sp. PBL-H6	434009	S	1	4	5	0.0006076072
Rhodoferax sp. PAMC29310	2822760	S	5	0	5	0.0006076072
Comamonas aquatica	225991	S	5	0	5	0.0006076072
Comamonas thiooxydans	363952	S	3	2	5	0.0006076072
Massilia sp. LPB0304	2769491	S	3	2	5	0.0006076072
Duganella sp. AF9R3	2728021	S	5	0	5	0.0006076072
Rubrivivax gelatinosus	28068	S	4	1	5	0.0006076072
Neisseria subflava	28449	S	5	0	5	0.0006076072
Kingella oralis	505	S	5	0	5	0.0006076072
Methylotenera versatilis	1055487	S	4	1	5	0.0006076072
Sphingobium cloacae	120107	S	3	2	5	0.0006076072
Sphingobium amiense	135719	S	3	2	5	0.0006076072
Bradyrhizobium symbiodeficiens	1404367	S	4	1	5	0.0006076072
Methylorubrum zatmanii	29429	S	2	3	5	0.0006076072
Rhizobium sp. Khangiran2	1435607	S	1	4	5	0.0006076072
Sorangium cellulosum	56	S	5	0	5	0.0006076072
Microbacterium foliorum	104336	S	4	1	5	0.0006076072
Microbacterium sediminis	904291	S	3	2	5	0.0006076072
Brevibacterium sp. CS2	2575923	S	5	0	5	0.0006076072
Mycobacteroides salmoniphilum	404941	S	5	0	5	0.0006076072
Bacillus thuringiensis	1428	S	2	3	5	0.0006076072
Streptococcus sp. A12	1759399	S	4	1	5	0.0006076072
Anaerostipes hadrus	649756	S	4	1	5	0.0006076072
Clostridium beijerinckii	1520	S	5	0	5	0.0006076072
Flavobacterium sp. BB8	2816357	S	3	2	5	0.0006076072
Chryseobacterium sp. G0186	2487064	S	4	1	5	0.0006076072
Chryseobacterium sp. NEB161	2724619	S	4	1	5	0.0006076072
Cloacibacterium normanense	237258	S	5	0	5	0.0006076072
Prevotella intermedia	28131	S	5	0	5	0.0006076072
Pedobacter sp. HDW13	2714940	S	5	0	5	0.0006076072
Staphylococcus phage StB12	1147042	S	2	3	5	0.0006076072
Flavobacterium phage vB_FspS_mymlan6-1	2686266	S	2	3	5	0.0006076072
Salmonella phage TS13	2500149	S	5	0	5	0.0006076072
Pseudomonas rhodesiae	76760	S	4	0	4	0.0004860858
Pseudomonas sp. NS1(2017)	2025658	S	4	0	4	0.0004860858
Pseudomonas alcaligenes	43263	S	4	0	4	0.0004860858
Pseudomonas fragi	296	S	3	1	4	0.0004860858
Pseudomonas lurida	244566	S	4	0	4	0.0004860858
Acinetobacter johnsonii	40214	S	3	1	4	0.0004860858
Acinetobacter schindleri	108981	S	3	1	4	0.0004860858
Stenotrophomonas sp. YAU14A_MKIMI4_1	2072408	S	1	3	4	0.0004860858
Stenotrophomonas rhizophila	216778	S	4	0	4	0.0004860858
Candidatus Erwinia haradaeae	1922217	S	4	0	4	0.0004860858
Haemophilus influenzae	727	S	4	0	4	0.0004860858
Pseudoalteromonas arabiensis	874454	S	4	0	4	0.0004860858
Shewanella putrefaciens	24	S	4	0	4	0.0004860858
Vibrio anguillarum	55601	S	4	0	4	0.0004860858
Aeromonas sp. ASNIH1	1636606	S	1	3	4	0.0004860858
Cardiobacterium hominis	2718	S	4	0	4	0.0004860858
Acidovorax sp. 1608163	2478662	S	4	0	4	0.0004860858
Variovorax sp. RKNM96	2681552	S	3	1	4	0.0004860858
Rhodoferax antarcticus	81479	S	4	0	4	0.0004860858
Comamonas testosteroni	285	S	2	2	4	0.0004860858
Hydrogenophaga crassostreae	1763535	S	3	1	4	0.0004860858
Diaphorobacter aerolatus	1288495	S	3	1	4	0.0004860858
Curvibacter sp. AEP1-3	1844971	S	4	0	4	0.0004860858
Verminephrobacter eiseniae	364317	S	4	0	4	0.0004860858
Collimonas pratensis	279113	S	4	0	4	0.0004860858
Massilia sp. NR 4-1	1678028	S	4	0	4	0.0004860858
Massilia sp. WG5	1707785	S	2	2	4	0.0004860858
Undibacterium sp. YM2	2058625	S	3	1	4	0.0004860858
Burkholderia stabilis	95485	S	2	2	4	0.0004860858
Polynucleobacter necessarius	576610	S	4	0	4	0.0004860858
Rhizobacter gummiphilus	946333	S	4	0	4	0.0004860858
Xylophilus rhododendri	2697032	S	4	0	4	0.0004860858
Casimicrobium huifangae	2591109	S	4	0	4	0.0004860858
Sphingomonas sp. HMP9	1517554	S	4	0	4	0.0004860858
Sphingomonas taxi	1549858	S	4	0	4	0.0004860858
Sphingobium sp. RSMS	520734	S	2	2	4	0.0004860858
Sphingopyxis macrogoltabida	33050	S	4	0	4	0.0004860858
Bradyrhizobium vignae	1549949	S	4	0	4	0.0004860858
Methylobacterium aquaticum	270351	S	4	0	4	0.0004860858
Hartmannibacter diazotrophicus	1482074	S	4	0	4	0.0004860858
Brevundimonas sp. DS20	1532555	S	1	3	4	0.0004860858
Brevundimonas sp. Bb-A	2560058	S	1	3	4	0.0004860858
Caulobacter sp. K31	366602	S	4	0	4	0.0004860858
Pseudoarcobacter acticola	1849015	S	4	0	4	0.0004860858
Bdellovibrio bacteriovorus	959	S	4	0	4	0.0004860858
Pseudopropionibacterium propionicum	1750	S	4	0	4	0.0004860858
Nocardioides sp. S-713	2760089	S	4	0	4	0.0004860858
Leifsonia xyli	1575	S	2	2	4	0.0004860858
Rhodococcus sp. B7740	1564114	S	4	0	4	0.0004860858
Rhodococcus sp. PBTS 2	1653479	S	3	1	4	0.0004860858
Rhodococcus fascians	1828	S	3	1	4	0.0004860858
Mycolicibacterium frederiksbergense	117567	S	3	1	4	0.0004860858
Mycobacteroides chelonae	1774	S	2	2	4	0.0004860858
Actinomyces sp. oral taxon 897	2081702	S	1	3	4	0.0004860858
Streptomyces venezuelae	54571	S	4	0	4	0.0004860858
Bacillus anthracis	1392	S	1	3	4	0.0004860858
Bacillus licheniformis	1402	S	1	3	4	0.0004860858
Alicyclobacillus acidocaldarius	405212	S	4	0	4	0.0004860858
Streptococcus lutetiensis	150055	S	1	3	4	0.0004860858
Roseburia intestinalis	166486	S	3	1	4	0.0004860858
Anaerobutyricum hallii	39488	S	3	1	4	0.0004860858
Clostridium perfringens	1502	S	4	0	4	0.0004860858
Clostridium carboxidivorans	217159	S	4	0	4	0.0004860858
Intestinimonas butyriciproducens	1297617	S	4	0	4	0.0004860858
Selenomonas sp. oral taxon 136	713030	S	2	2	4	0.0004860858
Keratinibaculum paraultunense	1278232	S	4	0	4	0.0004860858
Synechococcus sp. PCC 7002	32049	S	1	3	4	0.0004860858
Flavobacterium sp. M31R6	2739062	S	3	1	4	0.0004860858
Flavobacterium sp. HYN0086	2249356	S	2	2	4	0.0004860858
Polaribacter sp. SA4-12	1312072	S	4	0	4	0.0004860858
Myroides odoratimimus	76832	S	2	2	4	0.0004860858
Chryseobacterium piperi	558152	S	4	0	4	0.0004860858
Chryseobacterium shandongense	1493872	S	4	0	4	0.0004860858
Chryseobacterium manosquense	2754694	S	2	2	4	0.0004860858
Bacteroides caccae	47678	S	4	0	4	0.0004860858
Bacteroides ovatus	28116	S	2	2	4	0.0004860858
Hymenobacter sp. DG01	2584940	S	4	0	4	0.0004860858
Urbifossiella limnaea	2528023	S	4	0	4	0.0004860858
Methanobrevibacter smithii	2173	S	4	0	4	0.0004860858
Staphylococcus virus Andhra	2732591	S	4	0	4	0.0004860858
Pseudomonas tolaasii	29442	S	3	0	3	0.0003645643
Pseudomonas protegens	380021	S	3	0	3	0.0003645643
Pseudomonas sp. ADAK18	2730848	S	3	0	3	0.0003645643
Pseudomonas mendocina	300	S	3	0	3	0.0003645643
Pseudomonas citronellolis	53408	S	2	1	3	0.0003645643
Pseudomonas chlororaphis	587753	S	3	0	3	0.0003645643
Pseudomonas entomophila	312306	S	3	0	3	0.0003645643
Acinetobacter sp. NEB 394	2743575	S	1	2	3	0.0003645643
Acinetobacter guillouiae	106649	S	3	0	3	0.0003645643
Acinetobacter ursingii	108980	S	3	0	3	0.0003645643
Psychrobacter sp. 28M-43	2772254	S	3	0	3	0.0003645643
Aquirhabdus parva	2283318	S	3	0	3	0.0003645643
Stenotrophomonas sp. SAU14A_NAIMI4_5	2072413	S	3	0	3	0.0003645643
Stenotrophomonas sp. NA06056	2742129	S	3	0	3	0.0003645643
Xanthomonas sacchari	56458	S	3	0	3	0.0003645643
Lysobacter enzymogenes	69	S	3	0	3	0.0003645643
Raoultella planticola	575	S	2	1	3	0.0003645643
Klebsiella aerogenes	548	S	3	0	3	0.0003645643
Enterobacter roggenkampii	1812935	S	1	2	3	0.0003645643
Phytobacter ursingii	1972431	S	2	1	3	0.0003645643
Yersinia kristensenii	28152	S	1	2	3	0.0003645643
Serratia marcescens	615	S	3	0	3	0.0003645643
Providencia rettgeri	587	S	2	1	3	0.0003645643
Pasteurella multocida	747	S	2	1	3	0.0003645643
Colwellia sp. MT41	58049	S	1	2	3	0.0003645643
Immundisolibacter cernigliae	1810504	S	3	0	3	0.0003645643
Comamonas piscis	1562974	S	3	0	3	0.0003645643
Hydrogenophaga sp. PBL-H3	434010	S	2	1	3	0.0003645643
Hydrogenophaga sp. RAC07	1842537	S	2	1	3	0.0003645643
Hydrogenophaga sp. YM1	2806262	S	2	1	3	0.0003645643
Diaphorobacter sp. HDW4B	2714925	S	3	0	3	0.0003645643
Simplicispira suum	2109915	S	3	0	3	0.0003645643
Duganella sp. GN2-R2	2728020	S	3	0	3	0.0003645643
Burkholderia sp. THE68	758782	S	1	2	3	0.0003645643
Cupriavidus necator	106590	S	3	0	3	0.0003645643
Cupriavidus taiwanensis	164546	S	2	1	3	0.0003645643
Cupriavidus pinatubonensis	248026	S	2	1	3	0.0003645643
Polynucleobacter wuianus	1743168	S	2	1	3	0.0003645643
Rhizobacter sp. AJA081-3	2753607	S	3	0	3	0.0003645643
Leptothrix cholodnii	34029	S	3	0	3	0.0003645643
Achromobacter xylosoxidans	85698	S	2	1	3	0.0003645643
Neisseria mucosa	488	S	3	0	3	0.0003645643
Azospira oryzae	146939	S	2	1	3	0.0003645643
Sphingomonas sp. XS-10	2599297	S	3	0	3	0.0003645643
Sphingomonas sp. NIC1	1961362	S	3	0	3	0.0003645643
Sphingomonas sp. AAP5	1523415	S	3	0	3	0.0003645643
Sphingomonas ginsengisoli An et al. 2013	363835	S	3	0	3	0.0003645643
Sphingomonas panacisoli	1813879	S	3	0	3	0.0003645643
Sphingopyxis sp. MG	1866325	S	1	2	3	0.0003645643
Novosphingopyxis sp. PB63	2762729	S	3	0	3	0.0003645643
Porphyrobacter sp. YT40	2547601	S	3	0	3	0.0003645643
Pelagerythrobacter marensis	543877	S	3	0	3	0.0003645643
Bradyrhizobium sp. ORS 285	115808	S	3	0	3	0.0003645643
Bradyrhizobium sp. SK17	2057741	S	2	1	3	0.0003645643
Bosea sp. RAC05	1842539	S	3	0	3	0.0003645643
Afipia sp. GAS231	1882747	S	3	0	3	0.0003645643
Methylobacterium sp. WL1	2603276	S	3	0	3	0.0003645643
Methylobacterium phyllosphaerae	418223	S	2	1	3	0.0003645643
Brevundimonas sp. LVF1	2774189	S	3	0	3	0.0003645643
Brevundimonas vancanneytii	1325724	S	1	2	3	0.0003645643
Caulobacter henricii	69395	S	3	0	3	0.0003645643
Paracoccus denitrificans	266	S	3	0	3	0.0003645643
Paracoccus sanguinis	1545044	S	3	0	3	0.0003645643
Leisingera aquaemixtae	1396826	S	3	0	3	0.0003645643
Cereibacter sphaeroides	1063	S	3	0	3	0.0003645643
Azospirillum brasilense	192	S	2	1	3	0.0003645643
Arcobacter venerupis	1054033	S	3	0	3	0.0003645643
Campylobacter concisus	199	S	3	0	3	0.0003645643
Labilithrix luteola	1391654	S	3	0	3	0.0003645643
Hydrogenophilus thermoluteolus	297	S	3	0	3	0.0003645643
Propionibacterium freudenreichii	1744	S	1	2	3	0.0003645643
Kribbella flavida	182640	S	3	0	3	0.0003645643
Leifsonia sp. PS1209	2724914	S	2	1	3	0.0003645643
Rathayibacter sp. VKM Ac-2759	2609252	S	2	1	3	0.0003645643
Frondihabitans sp. 762G35	1446794	S	3	0	3	0.0003645643
Brevibacterium sp. YB235	1496080	S	2	1	3	0.0003645643
Nocardia otitidiscaviarum	1823	S	3	0	3	0.0003645643
Nocardia cyriacigeorgica	135487	S	3	0	3	0.0003645643
Mycolicibacterium aichiense	1799	S	3	0	3	0.0003645643
Mycolicibacterium poriferae	39694	S	1	2	3	0.0003645643
Mycobacterium avium	1764	S	3	0	3	0.0003645643
Schaalia odontolytica	1660	S	3	0	3	0.0003645643
Schaalia meyeri	52773	S	3	0	3	0.0003645643
Streptomyces harbinensis	1176198	S	3	0	3	0.0003645643
Nakamurella panacisegetis	1090615	S	3	0	3	0.0003645643
Micromonospora chokoriensis	356851	S	2	1	3	0.0003645643
Baekduia soli	496014	S	3	0	3	0.0003645643
Staphylococcus cohnii	29382	S	2	1	3	0.0003645643
Bacillus cereus	1396	S	1	2	3	0.0003645643
Lysinibacillus fusiformis	28031	S	1	2	3	0.0003645643
Streptococcus sp. I-G2	1156431	S	1	2	3	0.0003645643
Streptococcus salivarius	1304	S	2	1	3	0.0003645643
Lactobacillus gasseri	1596	S	2	1	3	0.0003645643
Roseburia hominis	301301	S	2	1	3	0.0003645643
[Ruminococcus] gnavus	33038	S	2	1	3	0.0003645643
[Ruminococcus] torques	33039	S	2	1	3	0.0003645643
Clostridium acetobutylicum	1488	S	3	0	3	0.0003645643
Clostridium taeniosporum	394958	S	3	0	3	0.0003645643
Ruthenibacterium lactatiformans	1550024	S	3	0	3	0.0003645643
Clostridioides difficile	1496	S	3	0	3	0.0003645643
Selenomonas sputigena	69823	S	3	0	3	0.0003645643
Veillonella parvula	29466	S	3	0	3	0.0003645643
Erysipelatoclostridium ramosum	1547	S	3	0	3	0.0003645643
Acaryochloris marina	155978	S	3	0	3	0.0003645643
Trichodesmium erythraeum	1206	S	3	0	3	0.0003645643
Oscillatoria nigro-viridis	482564	S	3	0	3	0.0003645643
Meiothermus ruber	277	S	3	0	3	0.0003645643
Sphaerobacter thermophilus	2057	S	3	0	3	0.0003645643
Flavobacterium sp. Sr18	935222	S	3	0	3	0.0003645643
Flavobacterium sp. SLB02	2665645	S	1	2	3	0.0003645643
Flavobacterium sp. KBS0721	1179672	S	1	2	3	0.0003645643
Flavobacterium crocinum	2183896	S	2	1	3	0.0003645643
Capnocytophaga leadbetteri	327575	S	3	0	3	0.0003645643
Capnocytophaga sp. FDAARGOS_737	2545799	S	1	2	3	0.0003645643
Chryseobacterium sp. SNU WT5	2594269	S	3	0	3	0.0003645643
Chryseobacterium indologenes	253	S	3	0	3	0.0003645643
Chryseobacterium indoltheticum	254	S	3	0	3	0.0003645643
Chryseobacterium nakagawai	1241982	S	2	1	3	0.0003645643
Elizabethkingia sp. M8	2796140	S	1	2	3	0.0003645643
Bacteroides thetaiotaomicron	818	S	3	0	3	0.0003645643
Prevotella enoeca	76123	S	3	0	3	0.0003645643
Prevotella copri	165179	S	3	0	3	0.0003645643
Parabacteroides sp. CT06	2025876	S	1	2	3	0.0003645643
Odoribacter splanchnicus	28118	S	3	0	3	0.0003645643
Butyricimonas virosa	544645	S	3	0	3	0.0003645643
Pedobacter sp. G11	2482728	S	3	0	3	0.0003645643
Sphingobacterium multivorum	28454	S	2	1	3	0.0003645643
Hymenobacter sp. NBH84	2596915	S	3	0	3	0.0003645643
Hymenobacter sedentarius	1411621	S	3	0	3	0.0003645643
Spirosoma sp. PL0136	2710596	S	3	0	3	0.0003645643
Aquirufa nivalisilvae	2516557	S	3	0	3	0.0003645643
Bernardetia litoralis	999	S	3	0	3	0.0003645643
Chitinophaga pinensis	79329	S	3	0	3	0.0003645643
Flavisolibacter tropicus	1492898	S	3	0	3	0.0003645643
Planctomyces sp. SH-PL62	1636152	S	1	2	3	0.0003645643
Fusobacterium pseudoperiodonticum	2663009	S	3	0	3	0.0003645643
Flavobacterium phage vB_FspS_snusmum6-1	2686273	S	2	1	3	0.0003645643
Flavobacterium phage vB_FspS_tooticki6-1	2686279	S	1	2	3	0.0003645643
Propionibacterium virus PHL041M10	1982276	S	1	2	3	0.0003645643
uncultured crAssphage	1211417	S	3	0	3	0.0003645643
Pseudomonas monteilii	76759	S	2	0	2	0.0002430429
Pseudomonas orientalis	76758	S	2	0	2	0.0002430429
Pseudomonas poae	200451	S	2	0	2	0.0002430429
Pseudomonas mucidolens	46679	S	2	0	2	0.0002430429
Pseudomonas sp. UW4	1207075	S	2	0	2	0.0002430429
Pseudomonas sp. BIGb0427	2724470	S	2	0	2	0.0002430429
Pseudomonas sp. S34	1573718	S	2	0	2	0.0002430429
Pseudomonas sp. J380	2605424	S	1	1	2	0.0002430429
Pseudomonas oleovorans	301	S	1	1	2	0.0002430429
Pseudomonas balearica	74829	S	1	1	2	0.0002430429
Pseudomonas viridiflava	33069	S	2	0	2	0.0002430429
Pseudomonas syringae	317	S	1	1	2	0.0002430429
Pseudomonas prosekii	1148509	S	2	0	2	0.0002430429
Pseudomonas denitrificans (nom. rej.)	43306	S	2	0	2	0.0002430429
Pseudomonas cremoricolorata	157783	S	2	0	2	0.0002430429
Pseudomonas simiae	321846	S	2	0	2	0.0002430429
Pseudomonas soli	1306993	S	1	1	2	0.0002430429
Pseudomonas brassicacearum	930166	S	1	1	2	0.0002430429
Acinetobacter sp. Marseille-Q1620	2714110	S	2	0	2	0.0002430429
Acinetobacter calcoaceticus	471	S	2	0	2	0.0002430429
Acinetobacter pittii	48296	S	1	1	2	0.0002430429
Acinetobacter indicus	756892	S	2	0	2	0.0002430429
Stenotrophomonas sp. ESTM1D_MKCIP4_1	2072414	S	2	0	2	0.0002430429
Stenotrophomonas sp. ASS1	2282124	S	1	1	2	0.0002430429
Xanthomonas citri	346	S	1	1	2	0.0002430429
Lysobacter antibioticus	84531	S	2	0	2	0.0002430429
Luteimonas sp. MC1825	2761107	S	2	0	2	0.0002430429
Pseudoxanthomonas suwonensis	314722	S	2	0	2	0.0002430429
Arenimonas daejeonensis	370777	S	2	0	2	0.0002430429
Klebsiella quasipneumoniae	1463165	S	1	1	2	0.0002430429
Candidatus Tachikawaea gelatinosa	1410383	S	2	0	2	0.0002430429
Lelliottia amnigena	61646	S	2	0	2	0.0002430429
Pluralibacter gergoviae	61647	S	2	0	2	0.0002430429
Kluyvera intermedia	61648	S	2	0	2	0.0002430429
Salmonella enterica	28901	S	1	1	2	0.0002430429
Erwinia amylovora	552	S	2	0	2	0.0002430429
Mixta calida	665913	S	2	0	2	0.0002430429
Providencia stuartii	588	S	1	1	2	0.0002430429
Xenorhabdus nematophila	628	S	2	0	2	0.0002430429
Pectobacterium parmentieri	1905730	S	2	0	2	0.0002430429
Pseudoalteromonas luteoviolacea	43657	S	2	0	2	0.0002430429
Alteromonas macleodii	28108	S	2	0	2	0.0002430429
Paraglaciecola sp. L1A13	2686359	S	2	0	2	0.0002430429
Vibrio harveyi	669	S	2	0	2	0.0002430429
Candidatus Thiodictyon syntrophicum	1166950	S	2	0	2	0.0002430429
Guyparkeria halophila	47960	S	2	0	2	0.0002430429
Francisella sp. FSC1006	1547445	S	2	0	2	0.0002430429
Legionella longbeachae	450	S	2	0	2	0.0002430429
Dichelobacter nodosus	870	S	2	0	2	0.0002430429
Acidovorax sp. HDW3	2714923	S	2	0	2	0.0002430429
Acidovorax antarcticus	2743470	S	2	0	2	0.0002430429
Variovorax sp. HW608	1034889	S	2	0	2	0.0002430429
Rhodoferax ferrireducens	192843	S	2	0	2	0.0002430429
Rhodoferax koreense	1842727	S	2	0	2	0.0002430429
Comamonas kerstersii	225992	S	2	0	2	0.0002430429
Ottowia sp. oral taxon 894	1658672	S	2	0	2	0.0002430429
Limnohabitans sp. 63ED37-2	1678128	S	2	0	2	0.0002430429
Schlegelella thermodepolymerans	215580	S	2	0	2	0.0002430429
Serpentinomonas mccroryi	1458426	S	2	0	2	0.0002430429
Massilia plicata	321984	S	2	0	2	0.0002430429
Massilia armeniaca	2072590	S	1	1	2	0.0002430429
Herbaspirillum sp. meg3	2025949	S	2	0	2	0.0002430429
Cupriavidus nantongensis	1796606	S	1	1	2	0.0002430429
Polynucleobacter duraquae	1835254	S	2	0	2	0.0002430429
Paraburkholderia xenovorans	36873	S	2	0	2	0.0002430429
Pandoraea pulmonicola	93221	S	2	0	2	0.0002430429
Ralstonia solanacearum	305	S	2	0	2	0.0002430429
Caballeronia sp. M1242	2814653	S	1	1	2	0.0002430429
Methylibium petroleiphilum	105560	S	2	0	2	0.0002430429
Aquabacterium olei	1296669	S	2	0	2	0.0002430429
Achromobacter denitrificans	32002	S	2	0	2	0.0002430429
Achromobacter insolitus	217204	S	2	0	2	0.0002430429
Alcaligenes faecalis	511	S	2	0	2	0.0002430429
Sutterella wadsworthensis	40545	S	2	0	2	0.0002430429
Neisseria elongata	495	S	2	0	2	0.0002430429
Jeongeupia sp. USM3	1906741	S	2	0	2	0.0002430429
Aquaspirillum sp. LM1	1938604	S	2	0	2	0.0002430429
Chromobacterium haemolyticum	394935	S	2	0	2	0.0002430429
Methylophilus medardicus	2588534	S	2	0	2	0.0002430429
Gallionella capsiferriformans	370405	S	2	0	2	0.0002430429
Aromatoleum aromaticum	551760	S	2	0	2	0.0002430429
Niveibacterium sp. HC41	2811415	S	2	0	2	0.0002430429
Thauera humireducens	1134435	S	2	0	2	0.0002430429
Thauera sp. MZ1T	85643	S	1	1	2	0.0002430429
Sphingomonas sp. Cra20	1327635	S	2	0	2	0.0002430429
Sphingomonas sp. NBWT7	2596913	S	2	0	2	0.0002430429
Sphingomonas sp. HMP6	1517551	S	2	0	2	0.0002430429
Sphingomonas sp. CL5.1	2653203	S	2	0	2	0.0002430429
Sphingomonas panacis	1560345	S	2	0	2	0.0002430429
Sphingopyxis sp. 113P3	292913	S	2	0	2	0.0002430429
Sphingopyxis sp. PAMC25046	2565556	S	2	0	2	0.0002430429
Sphingopyxis alaskensis	117207	S	2	0	2	0.0002430429
Novosphingobium sp. PP1Y	702113	S	2	0	2	0.0002430429
Sphingosinithalassobacter sp. zrk23	2711215	S	2	0	2	0.0002430429
Porphyrobacter sp. HT-58-2	2023229	S	2	0	2	0.0002430429
Erythrobacter sp. HL-111	1798193	S	2	0	2	0.0002430429
Bradyrhizobium sp. CCBAU 51753	1325100	S	2	0	2	0.0002430429
Bradyrhizobium icense	1274631	S	2	0	2	0.0002430429
Bradyrhizobium erythrophlei	1437360	S	2	0	2	0.0002430429
Bradyrhizobium cosmicum	1404864	S	2	0	2	0.0002430429
Bradyrhizobium oligotrophicum	44255	S	2	0	2	0.0002430429
Bosea sp. Tri-49	1867715	S	2	0	2	0.0002430429
Nitrobacter winogradskyi	913	S	2	0	2	0.0002430429
Microvirga sp. VF16	2807101	S	2	0	2	0.0002430429
Mesorhizobium sp. AA22	1854057	S	2	0	2	0.0002430429
Mesorhizobium sp. NBSH29	2654249	S	2	0	2	0.0002430429
Mesorhizobium sp. M9A.F.Ca.ET.002.03.1.2	2493668	S	2	0	2	0.0002430429
Mesorhizobium amorphae	71433	S	2	0	2	0.0002430429
Phyllobacterium zundukense	1867719	S	2	0	2	0.0002430429
Sinorhizobium fredii	380	S	1	1	2	0.0002430429
Devosia sp. A16	1736675	S	2	0	2	0.0002430429
Ancylobacter pratisalsi	1745854	S	2	0	2	0.0002430429
Pannonibacter phragmitetus	121719	S	2	0	2	0.0002430429
Brevundimonas sp. LM2	1938605	S	2	0	2	0.0002430429
Brevundimonas sp. GW460-12-10-14-LB2	1827469	S	1	1	2	0.0002430429
Brevundimonas sp. 'scallop'	2562582	S	1	1	2	0.0002430429
Brevundimonas naejangsanensis	588932	S	2	0	2	0.0002430429
Brevundimonas vesicularis	41276	S	1	1	2	0.0002430429
Caulobacter vibrioides	155892	S	2	0	2	0.0002430429
Terricaulis silvestris	2686094	S	2	0	2	0.0002430429
Paracoccus contaminans	1945662	S	2	0	2	0.0002430429
Paracoccus kondratievae	135740	S	2	0	2	0.0002430429
Paracoccus yeei	147645	S	1	1	2	0.0002430429
Haematobacter massiliensis	195105	S	2	0	2	0.0002430429
Octadecabacter antarcticus	1217908	S	2	0	2	0.0002430429
Celeribacter indicus	1208324	S	2	0	2	0.0002430429
Gemmobacter sp. HYN0069	2169400	S	2	0	2	0.0002430429
Ruegeria pomeroyi	89184	S	2	0	2	0.0002430429
Rhodobaca barguzinensis	441209	S	2	0	2	0.0002430429
Ferrovibrio terrae	2594003	S	2	0	2	0.0002430429
Roseomonas sp. 546	2768162	S	2	0	2	0.0002430429
Candidatus Paracaedibacter acanthamoebae	91604	S	2	0	2	0.0002430429
Candidatus Nucleicultrix amoebiphila	1509244	S	2	0	2	0.0002430429
Hyphobacterium sp. CCMP332	2749086	S	2	0	2	0.0002430429
Aliarcobacter butzleri	28197	S	2	0	2	0.0002430429
Arcobacter aquimarinus	1315211	S	2	0	2	0.0002430429
Arcobacter peruensis	2320140	S	1	1	2	0.0002430429
Malaciobacter pacificus	1080223	S	2	0	2	0.0002430429
Campylobacter sp. RM16704	1500960	S	2	0	2	0.0002430429
Campylobacter gracilis	824	S	2	0	2	0.0002430429
Desulfovibrio desulfuricans	876	S	2	0	2	0.0002430429
Pseudodesulfovibrio aespoeensis	182210	S	2	0	2	0.0002430429
Cutibacterium avidum	33010	S	2	0	2	0.0002430429
Cutibacterium granulosum	33011	S	2	0	2	0.0002430429
Microlunatus soli	630515	S	2	0	2	0.0002430429
Nocardioides sp. S5	2017486	S	2	0	2	0.0002430429
Nocardioides sp. 603	2483798	S	2	0	2	0.0002430429
Nocardioides sambongensis	2589074	S	2	0	2	0.0002430429
Nocardioides anomalus	2712223	S	2	0	2	0.0002430429
Aeromicrobium sp. A1-2	2107713	S	2	0	2	0.0002430429
Marmoricola scoriae	642780	S	2	0	2	0.0002430429
Micropruina glycogenica	75385	S	2	0	2	0.0002430429
Microbacterium sp. BH-3-3-3	1906742	S	2	0	2	0.0002430429
Microbacterium sp. 4R-513	2567934	S	2	0	2	0.0002430429
Leucobacter insecticola	2714934	S	2	0	2	0.0002430429
Gryllotalpicola protaetiae	2419771	S	2	0	2	0.0002430429
Agrococcus carbonis	684552	S	2	0	2	0.0002430429
Microterricola viridarii	412690	S	2	0	2	0.0002430429
Rothia amarae	169480	S	2	0	2	0.0002430429
Arthrobacter woluwensis	156980	S	2	0	2	0.0002430429
Arthrobacter sp. D5-1	1477518	S	2	0	2	0.0002430429
Arthrobacter dokdonellae	2211210	S	2	0	2	0.0002430429
Glutamicibacter arilaitensis	256701	S	2	0	2	0.0002430429
Pseudarthrobacter sp. YJ56	2697569	S	2	0	2	0.0002430429
Dermacoccus sp. PAMC28757	2762331	S	2	0	2	0.0002430429
Cellulosimicrobium sp. BI34T	2587808	S	2	0	2	0.0002430429
Rhodococcus opacus	37919	S	2	0	2	0.0002430429
Nocardia farcinica	37329	S	2	0	2	0.0002430429
Nocardia arthritidis	228602	S	2	0	2	0.0002430429
Corynebacterium xerosis	1725	S	2	0	2	0.0002430429
Corynebacterium nuruki	1032851	S	2	0	2	0.0002430429
Corynebacterium striatum	43770	S	2	0	2	0.0002430429
Mycolicibacterium aubagnense	319707	S	2	0	2	0.0002430429
Mycolicibacterium phocaicum	319706	S	2	0	2	0.0002430429
Mycolicibacterium doricum	126673	S	2	0	2	0.0002430429
Mycolicibacterium mucogenicum	56689	S	2	0	2	0.0002430429
Mycolicibacterium gilvum	1804	S	1	1	2	0.0002430429
Mycobacterium kubicae	120959	S	1	1	2	0.0002430429
Mycobacterium heckeshornense	110505	S	2	0	2	0.0002430429
Gordonia sp. 135	2676309	S	2	0	2	0.0002430429
Lawsonella clevelandensis	1528099	S	2	0	2	0.0002430429
Actinomyces sp. oral taxon 414	712122	S	2	0	2	0.0002430429
Boudabousia tangfeifanii	1912795	S	2	0	2	0.0002430429
Streptomyces sp. CdTB01	1725411	S	2	0	2	0.0002430429
Streptomyces sp. CRPJ-33	2768068	S	2	0	2	0.0002430429
Streptomyces sp. SUK 48	2582831	S	1	1	2	0.0002430429
Streptomyces vietnamensis	362257	S	2	0	2	0.0002430429
Candidatus Planktophila lacus	1884913	S	2	0	2	0.0002430429
Pseudonocardia sp. CGMCC 4.1532	2761535	S	1	1	2	0.0002430429
Saccharopolyspora coralli	2665642	S	2	0	2	0.0002430429
Saccharothrix sp. 6-C	2781735	S	2	0	2	0.0002430429
Bifidobacterium thermophilum	33905	S	2	0	2	0.0002430429
Nakamurella multipartita	53461	S	2	0	2	0.0002430429
Nocardiopsis dassonvillei	2014	S	2	0	2	0.0002430429
Streptomonospora sp. M2	2498135	S	2	0	2	0.0002430429
Nonomuraea nitratireducens	2656914	S	2	0	2	0.0002430429
Blastococcus saxobsidens	138336	S	2	0	2	0.0002430429
Modestobacter marinus	477641	S	2	0	2	0.0002430429
Adlercreutzia sp. 8CFCBH1	2707299	S	2	0	2	0.0002430429
Actinomarinicola tropica	2789776	S	2	0	2	0.0002430429
Conexibacter woesei	191495	S	2	0	2	0.0002430429
Staphylococcus pseudoxylosus	2282419	S	2	0	2	0.0002430429
Staphylococcus xylosus	1288	S	2	0	2	0.0002430429
Staphylococcus caprae	29380	S	2	0	2	0.0002430429
Abyssicoccus albus	1817405	S	2	0	2	0.0002430429
Bacillus weihaiensis	1547283	S	2	0	2	0.0002430429
Virgibacillus halodenitrificans	1482	S	2	0	2	0.0002430429
Priestia megaterium	1404	S	2	0	2	0.0002430429
Priestia aryabhattai	412384	S	1	1	2	0.0002430429
Mesobacillus jeotgali	129985	S	2	0	2	0.0002430429
Halobacillus halophilus	1570	S	2	0	2	0.0002430429
Gemella haemolysans	1379	S	2	0	2	0.0002430429
Gemella morbillorum	29391	S	2	0	2	0.0002430429
Gemella sanguinis	84135	S	2	0	2	0.0002430429
Planococcus rifietoensis	200991	S	2	0	2	0.0002430429
Streptococcus sp. HSISM1	1316408	S	2	0	2	0.0002430429
Streptococcus pneumoniae	1313	S	2	0	2	0.0002430429
Streptococcus intermedius	1338	S	2	0	2	0.0002430429
Lactococcus garvieae	1363	S	2	0	2	0.0002430429
Lactobacillus johnsonii	33959	S	2	0	2	0.0002430429
Aerococcus urinaeequi	51665	S	2	0	2	0.0002430429
Abiotrophia defectiva	46125	S	2	0	2	0.0002430429
Coprococcus comes	410072	S	2	0	2	0.0002430429
Lachnospira eligens	39485	S	2	0	2	0.0002430429
Clostridium sp. DL-VIII	641107	S	2	0	2	0.0002430429
Clostridium bornimense	1216932	S	2	0	2	0.0002430429
Clostridium tetani	1513	S	2	0	2	0.0002430429
Clostridium intestinale	36845	S	2	0	2	0.0002430429
Alkaliphilus oremlandii	461876	S	2	0	2	0.0002430429
Selenomonas sp. oral taxon 478	712538	S	1	1	2	0.0002430429
Veillonella atypica	39777	S	2	0	2	0.0002430429
Phascolarctobacterium faecium	33025	S	2	0	2	0.0002430429
Anaerococcus vaginalis	33037	S	1	1	2	0.0002430429
Anaerococcus obesiensis	1287640	S	1	1	2	0.0002430429
Finegoldia magna	1260	S	2	0	2	0.0002430429
Synechococcus sp. CBW1107	2789857	S	2	0	2	0.0002430429
Synechococcus sp. PROS-U-1	1400866	S	2	0	2	0.0002430429
Prochlorococcus marinus	1219	S	2	0	2	0.0002430429
Candidatus Atelocyanobacterium thalassa	713887	S	2	0	2	0.0002430429
Calothrix brevissima	938406	S	1	1	2	0.0002430429
cyanobacterium endosymbiont of Rhopalodia gibberula	1763363	S	2	0	2	0.0002430429
Thermus thermophilus	274	S	1	1	2	0.0002430429
Mycoplasma dispar	86660	S	2	0	2	0.0002430429
Mycoplasma arginini	2094	S	2	0	2	0.0002430429
Entomoplasma luminosum	214888	S	1	1	2	0.0002430429
Flavobacterium sp. xlx-214	2654325	S	2	0	2	0.0002430429
Flavobacterium columnare	996	S	2	0	2	0.0002430429
Flavobacterium indicum	312277	S	2	0	2	0.0002430429
Flavobacterium commune	1306519	S	2	0	2	0.0002430429
Flavobacterium faecale	1355330	S	2	0	2	0.0002430429
Flavobacterium gilvum	1492737	S	2	0	2	0.0002430429
Flavobacterium crassostreae	1763534	S	2	0	2	0.0002430429
Capnocytophaga gingivalis	1017	S	2	0	2	0.0002430429
Winogradskyella helgolandensis	2697010	S	2	0	2	0.0002430429
Amniculibacterium sp. G2-70	2767188	S	2	0	2	0.0002430429
Mariniflexile sp. TRM1-10	2027857	S	2	0	2	0.0002430429
Chryseobacterium sp. NBC 122	2547600	S	2	0	2	0.0002430429
Chryseobacterium gleum	250	S	2	0	2	0.0002430429
Chryseobacterium aureum	2497456	S	2	0	2	0.0002430429
Chryseobacterium balustinum	246	S	2	0	2	0.0002430429
Kaistella carnis	1241979	S	2	0	2	0.0002430429
Empedobacter falsenii	343874	S	2	0	2	0.0002430429
Bacteroides cellulosilyticus	246787	S	2	0	2	0.0002430429
Bacteroides caecimuris	1796613	S	2	0	2	0.0002430429
Bacteroides xylanisolvens	371601	S	1	1	2	0.0002430429
Prevotella sp. oral taxon 299	652716	S	2	0	2	0.0002430429
Prevotella oris	28135	S	2	0	2	0.0002430429
Parabacteroides distasonis	823	S	2	0	2	0.0002430429
Paludibacter propionicigenes	185300	S	2	0	2	0.0002430429
Pedobacter sp. JBR3-12	2789740	S	2	0	2	0.0002430429
Pedobacter suwonensis	332999	S	2	0	2	0.0002430429
Hymenobacter sp. APR13	1356852	S	2	0	2	0.0002430429
Hymenobacter sp. PAMC 26628	1484118	S	2	0	2	0.0002430429
Cytophaga hutchinsonii	985	S	2	0	2	0.0002430429
Chitinophaga sp. XS-30	2604421	S	1	1	2	0.0002430429
Lacibacter sp. S13-6-6	2760713	S	2	0	2	0.0002430429
Gemmata obscuriglobus	114	S	2	0	2	0.0002430429
Gemmata massiliana	1210884	S	2	0	2	0.0002430429
Pirellulimonas nuda	2528009	S	2	0	2	0.0002430429
Stieleria neptunia	2527979	S	2	0	2	0.0002430429
Gimesia chilikensis	2605989	S	2	0	2	0.0002430429
Paludisphaera borealis	1387353	S	1	1	2	0.0002430429
Candidatus Kuenenia stuttgartiensis	174633	S	2	0	2	0.0002430429
Akkermansia glycaniphila	1679444	S	2	0	2	0.0002430429
Leptotrichia sp. oral taxon 498	712368	S	2	0	2	0.0002430429
Leptotrichia sp. oral taxon 847	1785996	S	2	0	2	0.0002430429
Fusobacterium varium	856	S	2	0	2	0.0002430429
Borrelia crocidurae	29520	S	2	0	2	0.0002430429
Nitrospira moscoviensis	42253	S	2	0	2	0.0002430429
Methanococcus vannielii	2187	S	2	0	2	0.0002430429
Halorubrum trapanicum	29284	S	2	0	2	0.0002430429
Candidatus Nitrosotenuis cloacae	1603555	S	2	0	2	0.0002430429
Candidatus Nitrosotalea okcheonensis	1903276	S	2	0	2	0.0002430429
Megavirus chiliensis	1094892	S	2	0	2	0.0002430429
Moumouvirus	985782	S	2	0	2	0.0002430429
Pacmanvirus A23	1932881	S	2	0	2	0.0002430429
Pseudomonas corrugata	47879	S	1	0	1	0.0001215214
Pseudomonas azotoformans	47878	S	1	0	1	0.0001215214
Pseudomonas migulae	78543	S	1	0	1	0.0001215214
Pseudomonas extremorientalis	169669	S	1	0	1	0.0001215214
Pseudomonas sp. SK	2729423	S	1	0	1	0.0001215214
Pseudomonas sp. DY-1	1755504	S	1	0	1	0.0001215214
Pseudomonas sp. Leaf58	1736226	S	1	0	1	0.0001215214
Pseudomonas sp. S1-A32-2	2731681	S	1	0	1	0.0001215214
Pseudomonas sp. SCB32	2653853	S	1	0	1	0.0001215214
Pseudomonas sp. 15A4	2804761	S	1	0	1	0.0001215214
Pseudomonas sp. PDNC002	2811422	S	1	0	1	0.0001215214
Pseudomonas sp. DTU12.3	2073078	S	1	0	1	0.0001215214
Pseudomonas sp. R84	1573712	S	1	0	1	0.0001215214
Pseudomonas lundensis	86185	S	1	0	1	0.0001215214
Pseudomonas antarctica	219572	S	1	0	1	0.0001215214
Candidatus Pseudomonas adelgestsugas	1302376	S	1	0	1	0.0001215214
Pseudomonas otitidis	319939	S	1	0	1	0.0001215214
Pseudomonas moraviensis	321662	S	1	0	1	0.0001215214
Pseudomonas sabulinigri	472181	S	1	0	1	0.0001215214
Pseudomonas oryzae	1392877	S	1	0	1	0.0001215214
Pseudomonas yamanorum	515393	S	1	0	1	0.0001215214
Pseudomonas saudiphocaensis	1499686	S	1	0	1	0.0001215214
Pseudomonas taetrolens	47884	S	1	0	1	0.0001215214
Pseudomonas rhizosphaerae	216142	S	1	0	1	0.0001215214
Pseudomonas palleroniana	191390	S	1	0	1	0.0001215214
Pseudomonas allokribbensis	2774460	S	1	0	1	0.0001215214
Pseudomonas alcaliphila	101564	S	1	0	1	0.0001215214
Azotobacter chroococcum	353	S	1	0	1	0.0001215214
Entomomonas sp. F2A	2785331	S	1	0	1	0.0001215214
Acinetobacter sp. CS-2	2798861	S	1	0	1	0.0001215214
Acinetobacter lactucae	1785128	S	1	0	1	0.0001215214
Acinetobacter venetianus	52133	S	1	0	1	0.0001215214
Acinetobacter dispersus	70348	S	1	0	1	0.0001215214
Acinetobacter wuhouensis	1879050	S	1	0	1	0.0001215214
Acinetobacter baylyi	202950	S	1	0	1	0.0001215214
Moraxella catarrhalis	480	S	1	0	1	0.0001215214
Psychrobacter sp. P11F6	1699621	S	1	0	1	0.0001215214
Psychrobacter sp. DAB_AL43B	1028416	S	1	0	1	0.0001215214
Stenotrophomonas sp. LM091	1904944	S	1	0	1	0.0001215214
Stenotrophomonas sp. G4	2303750	S	1	0	1	0.0001215214
Xanthomonas hyacinthi	56455	S	1	0	1	0.0001215214
Xanthomonas sp. GW	2724121	S	1	0	1	0.0001215214
Xanthomonas oryzae	347	S	1	0	1	0.0001215214
Lysobacter alkalisoli	2591633	S	1	0	1	0.0001215214
Luteimonas yindakuii	2565782	S	1	0	1	0.0001215214
Pseudoxanthomonas mexicana	128785	S	1	0	1	0.0001215214
Thermomonas brevis	215691	S	1	0	1	0.0001215214
Thermomonas sp. HDW16	2714945	S	1	0	1	0.0001215214
Pseudolysobacter antarcticus	2511995	S	1	0	1	0.0001215214
Rhodanobacter glycinis	582702	S	1	0	1	0.0001215214
Dyella sp. G9	2763498	S	1	0	1	0.0001215214
Dokdonella koreensis	323415	S	1	0	1	0.0001215214
Enterobacter sp. R4-368	1166130	S	1	0	1	0.0001215214
Enterobacteriaceae endosymbiont of Donacia clavipes	2675775	S	1	0	1	0.0001215214
Enterobacteriaceae endosymbiont of Plateumaris pusilla	2675795	S	1	0	1	0.0001215214
Enterobacteriaceae endosymbiont of Donacia bicoloricornis	2675772	S	1	0	1	0.0001215214
Enterobacteriaceae endosymbiont of Donacia thalassina	2675786	S	1	0	1	0.0001215214
Candidatus Hamiltonella defensa	138072	S	1	0	1	0.0001215214
Leclercia adecarboxylata	83655	S	1	0	1	0.0001215214
Leclercia sp. 119287	2681308	S	1	0	1	0.0001215214
Erwinia persicina	55211	S	1	0	1	0.0001215214
Erwinia gerundensis	1619313	S	1	0	1	0.0001215214
Pantoea ananatis	553	S	1	0	1	0.0001215214
Pantoea sp. PSNIH1	1484158	S	1	0	1	0.0001215214
Yersinia entomophaga	935293	S	1	0	1	0.0001215214
Yersinia pseudotuberculosis	633	S	1	0	1	0.0001215214
Xenorhabdus bovienii	40576	S	1	0	1	0.0001215214
Xenorhabdus poinarii	40577	S	1	0	1	0.0001215214
Proteus vulgaris	585	S	1	0	1	0.0001215214
Candidatus Arsenophonus lipoptenae	634113	S	1	0	1	0.0001215214
Pectobacterium brasiliense	180957	S	1	0	1	0.0001215214
[Haemophilus] ducreyi	730	S	1	0	1	0.0001215214
Actinobacillus porcitonsillarum	189834	S	1	0	1	0.0001215214
Gallibacterium anatis	750	S	1	0	1	0.0001215214
Pseudoalteromonas sp. SM9913	234831	S	1	0	1	0.0001215214
Pseudoalteromonas sp. SM1988	2744479	S	1	0	1	0.0001215214
Pseudoalteromonas paragorgicola	166934	S	1	0	1	0.0001215214
Marinobacter salarius	1420917	S	1	0	1	0.0001215214
Glaciecola amylolytica	2489595	S	1	0	1	0.0001215214
Shewanella aestuarii	1028752	S	1	0	1	0.0001215214
Shewanella sp. Scap07	2589987	S	1	0	1	0.0001215214
Moritella marina	90736	S	1	0	1	0.0001215214
Psychromonas ingrahamii	357794	S	1	0	1	0.0001215214
Methylocaldum marinum	1432792	S	1	0	1	0.0001215214
Vibrio parahaemolyticus	670	S	1	0	1	0.0001215214
Vibrio campbellii	680	S	1	0	1	0.0001215214
Vibrio diabolicus	50719	S	1	0	1	0.0001215214
Vibrio kanaloae	170673	S	1	0	1	0.0001215214
Vibrio hyugaensis	1534743	S	1	0	1	0.0001215214
Paraphotobacterium marinum	1755811	S	1	0	1	0.0001215214
Halomonas sp. SF2003	2136172	S	1	0	1	0.0001215214
Halomonas sp. BC-M4-5	2497861	S	1	0	1	0.0001215214
Halomonas sp. MCCC 1A13718	2733488	S	1	0	1	0.0001215214
Kangiella geojedonensis	914150	S	1	0	1	0.0001215214
Kangiella profundi	1561924	S	1	0	1	0.0001215214
Spartinivicinus ruber	2683272	S	1	0	1	0.0001215214
Aeromonas hydrophila	644	S	1	0	1	0.0001215214
Aeromonas veronii	654	S	1	0	1	0.0001215214
Rheinheimera sp. D18	2545632	S	1	0	1	0.0001215214
Allochromatium vinosum	1049	S	1	0	1	0.0001215214
Marichromatium purpuratum	37487	S	1	0	1	0.0001215214
Candidatus Nitrosacidococcus tergens	553981	S	1	0	1	0.0001215214
Thioalkalivibrio nitratireducens	186931	S	1	0	1	0.0001215214
Thioalkalivibrio sulfidiphilus	1033854	S	1	0	1	0.0001215214
Acidihalobacter ferrooxydans	1765967	S	1	0	1	0.0001215214
Francisella tularensis	263	S	1	0	1	0.0001215214
Francisella marina	2249302	S	1	0	1	0.0001215214
Piscirickettsia salmonis	1238	S	1	0	1	0.0001215214
Thiomicrorhabdus indica	2267253	S	1	0	1	0.0001215214
Beggiatoa leptomitoformis	288004	S	1	0	1	0.0001215214
Thiothrix sp. Ku-5	2735563	S	1	0	1	0.0001215214
Legionella sp. PC997	2755562	S	1	0	1	0.0001215214
Legionella lansingensis	45067	S	1	0	1	0.0001215214
Legionella geestiana	45065	S	1	0	1	0.0001215214
Legionella pneumophila	446	S	1	0	1	0.0001215214
Tatlockia micdadei	451	S	1	0	1	0.0001215214
Microbulbifer sp. A4B17	359370	S	1	0	1	0.0001215214
Microbulbifer sp. THAF38	2587856	S	1	0	1	0.0001215214
Microbulbifer thermotolerans	252514	S	1	0	1	0.0001215214
Cellvibrio sp. KY-YJ-3	454662	S	1	0	1	0.0001215214
Simiduia agarivorans	447471	S	1	0	1	0.0001215214
Zhongshania aliphaticivorans	1470434	S	1	0	1	0.0001215214
endosymbiont of Euscepes postfasciatus	650377	S	1	0	1	0.0001215214
Frischella perrara	1267021	S	1	0	1	0.0001215214
Acidovorax monticola	1926868	S	1	0	1	0.0001215214
Rhodoferax sp. BAB1	2741720	S	1	0	1	0.0001215214
Rhodoferax sp. AJA081-3	2752316	S	1	0	1	0.0001215214
Polaromonas vacuolata	37448	S	1	0	1	0.0001215214
Comamonas koreensis	160825	S	1	0	1	0.0001215214
Comamonas sp. NLF-7-7	2597701	S	1	0	1	0.0001215214
Hydrogenophaga sp. PBC	795665	S	1	0	1	0.0001215214
Hydrogenophaga sp. PAMC20947	2565558	S	1	0	1	0.0001215214
Hydrogenophaga sp. BPS33	2651974	S	1	0	1	0.0001215214
Hydrogenophaga sp. BA0156	2716225	S	1	0	1	0.0001215214
Candidatus Symbiobacter mobilis	1436290	S	1	0	1	0.0001215214
Janthinobacterium sp. Marseille	375286	S	1	0	1	0.0001215214
Massilia sp. CCM 8941	2765360	S	1	0	1	0.0001215214
Massilia lutea	321985	S	1	0	1	0.0001215214
Massilia flava	871742	S	1	0	1	0.0001215214
Massilia oculi	945844	S	1	0	1	0.0001215214
Massilia putida	1141883	S	1	0	1	0.0001215214
Herbaspirillum hiltneri	341045	S	1	0	1	0.0001215214
Herbaspirillum robiniae	2014887	S	1	0	1	0.0001215214
Glaciimonas sp. PAMC28666	2807626	S	1	0	1	0.0001215214
Burkholderia multivorans	87883	S	1	0	1	0.0001215214
Burkholderia cepacia	292	S	1	0	1	0.0001215214
Burkholderia lata	482957	S	1	0	1	0.0001215214
Burkholderia sp. CCGE1003	640512	S	1	0	1	0.0001215214
Cupriavidus basilensis	68895	S	1	0	1	0.0001215214
Cupriavidus metallidurans	119219	S	1	0	1	0.0001215214
Paraburkholderia sp. SOS3	1926494	S	1	0	1	0.0001215214
Paraburkholderia sp. PGU16	2735433	S	1	0	1	0.0001215214
Paraburkholderia sp. PGU19	2735434	S	1	0	1	0.0001215214
Paraburkholderia tropica	92647	S	1	0	1	0.0001215214
Paraburkholderia hospita	169430	S	1	0	1	0.0001215214
Paraburkholderia sprentiae	948107	S	1	0	1	0.0001215214
Pandoraea sputorum	93222	S	1	0	1	0.0001215214
Thiomonas intermedia	926	S	1	0	1	0.0001215214
Thiomonas sp. X19	1050370	S	1	0	1	0.0001215214
Mitsuaria sp. 7	1658665	S	1	0	1	0.0001215214
Roseateles depolymerans	76731	S	1	0	1	0.0001215214
Achromobacter spanius	217203	S	1	0	1	0.0001215214
Bordetella flabilis	463014	S	1	0	1	0.0001215214
Bordetella bronchialis	463025	S	1	0	1	0.0001215214
Bordetella pseudohinzii	1331258	S	1	0	1	0.0001215214
Oligella urethralis	90245	S	1	0	1	0.0001215214
Neisseria animaloris	326522	S	1	0	1	0.0001215214
Vitreoscilla filiformis	63	S	1	0	1	0.0001215214
Simonsiella muelleri	72	S	1	0	1	0.0001215214
Conchiformibius steedae	153493	S	1	0	1	0.0001215214
Jeongeupia sp. HS-3	1009682	S	1	0	1	0.0001215214
Pseudogulbenkiania sp. NH8B	748280	S	1	0	1	0.0001215214
Nitrosomonas ureae	44577	S	1	0	1	0.0001215214
Denitratisoma oestradiolicum	311182	S	1	0	1	0.0001215214
Methyloversatilis sp. RAC08	1842540	S	1	0	1	0.0001215214
Usitatibacter palustris	2732487	S	1	0	1	0.0001215214
Azospira sp. I09	1765049	S	1	0	1	0.0001215214
Aromatoleum bremense	76115	S	1	0	1	0.0001215214
Oryzomicrobium terrae	1735038	S	1	0	1	0.0001215214
Rugosibacter aromaticivorans	1565605	S	1	0	1	0.0001215214
Azoarcus sp. CIB	198107	S	1	0	1	0.0001215214
Azoarcus sp. DN11	356837	S	1	0	1	0.0001215214
Azoarcus sp. KH32C	748247	S	1	0	1	0.0001215214
Dechloromonas aromatica	259537	S	1	0	1	0.0001215214
Dechloromonas sp. TW-R-39-2	2654218	S	1	0	1	0.0001215214
Fluviibacter phosphoraccumulans	1751046	S	1	0	1	0.0001215214
Sphingomonas sp. PAMC26645	2565555	S	1	0	1	0.0001215214
Sphingomonas sp. DH-S5	2759526	S	1	0	1	0.0001215214
Sphingomonas sp. YZ-8	2319844	S	1	0	1	0.0001215214
Sphingomonas sp. LMO-1	2681549	S	1	0	1	0.0001215214
Sphingobium sp. SCG-1	2072936	S	1	0	1	0.0001215214
Sphingobium sp. PAMC28499	2565554	S	1	0	1	0.0001215214
Sphingopyxis sp. EG6	1874061	S	1	0	1	0.0001215214
Novosphingobium sp. THN1	1016987	S	1	0	1	0.0001215214
Novosphingobium sp. ES2-1	2780074	S	1	0	1	0.0001215214
Zymomonas mobilis	542	S	1	0	1	0.0001215214
Blastomonas fulva	1550728	S	1	0	1	0.0001215214
Porphyrobacter sp. CACIAM 03H1	2003315	S	1	0	1	0.0001215214
Erythrobacter litoralis	39960	S	1	0	1	0.0001215214
Croceicoccus sp. YJ47	2798724	S	1	0	1	0.0001215214
Qipengyuania flava	192812	S	1	0	1	0.0001215214
Bradyrhizobium sp. ORS 278	114615	S	1	0	1	0.0001215214
Bradyrhizobium sp. 6(2017)	1197460	S	1	0	1	0.0001215214
Bradyrhizobium sp. CCBAU 53338	1325111	S	1	0	1	0.0001215214
Bradyrhizobium sp. CCBAU 53421	1325120	S	1	0	1	0.0001215214
Bradyrhizobium arachidis	858423	S	1	0	1	0.0001215214
Bradyrhizobium japonicum	375	S	1	0	1	0.0001215214
Bosea sp. AS-1	2015316	S	1	0	1	0.0001215214
Bosea sp. F3-2	2599640	S	1	0	1	0.0001215214
Nitrobacter hamburgensis	912	S	1	0	1	0.0001215214
Tardiphaga robiniae	943830	S	1	0	1	0.0001215214
Tardiphaga sp. vice154	2592814	S	1	0	1	0.0001215214
Methylobacterium sp. AMS5	925818	S	1	0	1	0.0001215214
Methylobacterium sp. DM1	2067957	S	1	0	1	0.0001215214
Methylobacterium sp. 17Sr1-1	2202826	S	1	0	1	0.0001215214
Methylobacterium indicum	1775910	S	1	0	1	0.0001215214
Methylobacterium terrae	2202827	S	1	0	1	0.0001215214
Microvirga sp. 17 mud 1-3	2082949	S	1	0	1	0.0001215214
Mesorhizobium sp. N3	675281	S	1	0	1	0.0001215214
Mesorhizobium sp. J8	2777475	S	1	0	1	0.0001215214
Mesorhizobium sp. M1E.F.Ca.ET.045.02.1.1	2493672	S	1	0	1	0.0001215214
Mesorhizobium ciceri	39645	S	1	0	1	0.0001215214
Mesorhizobium oceanicum	1670800	S	1	0	1	0.0001215214
Phyllobacterium sp. 628	2718938	S	1	0	1	0.0001215214
Rhizobium bangladeshense	1138189	S	1	0	1	0.0001215214
Agrobacterium vitis	373	S	1	0	1	0.0001215214
Agrobacterium rubi	28099	S	1	0	1	0.0001215214
Agrobacterium tumefaciens	358	S	1	0	1	0.0001215214
Neorhizobium sp. NCHU2750	1825976	S	1	0	1	0.0001215214
Neorhizobium sp. SOG26	2060726	S	1	0	1	0.0001215214
Neorhizobium galegae	399	S	1	0	1	0.0001215214
Sinorhizobium sp. RAC02	1842534	S	1	0	1	0.0001215214
Candidatus Liberibacter africanus	34020	S	1	0	1	0.0001215214
Devosia sp. LEGU1	2774137	S	1	0	1	0.0001215214
Methyloceanibacter caenitepidi	1384459	S	1	0	1	0.0001215214
Methyloceanibacter sp. wino2	2170729	S	1	0	1	0.0001215214
Hyphomicrobium sp. MC1	717785	S	1	0	1	0.0001215214
Rhodomicrobium vannielii	1069	S	1	0	1	0.0001215214
Aquabacter sp. L1I39	2820278	S	1	0	1	0.0001215214
Blastochloris tepida	2233851	S	1	0	1	0.0001215214
Azorhizobium caulinodans	7	S	1	0	1	0.0001215214
Xanthobacter sp. YN2	2528964	S	1	0	1	0.0001215214
Aureimonas sp. AU20	1349819	S	1	0	1	0.0001215214
Aureimonas sp. LMG 31693	2758041	S	1	0	1	0.0001215214
Aureimonas populi	1701758	S	1	0	1	0.0001215214
Beijerinckia indica	533	S	1	0	1	0.0001215214
Methylocella silvestris	199596	S	1	0	1	0.0001215214
[Ochrobactrum] quorumnocens	271865	S	1	0	1	0.0001215214
Methylocystis rosea	173366	S	1	0	1	0.0001215214
Chelatococcus daeguensis	444444	S	1	0	1	0.0001215214
Bartonella sp. HY038	2759660	S	1	0	1	0.0001215214
Brevundimonas sp. SGAir0440	2579977	S	1	0	1	0.0001215214
Brevundimonas sp. AJA228-03	2752515	S	1	0	1	0.0001215214
Brevundimonas sp. LVF2	2774190	S	1	0	1	0.0001215214
Brevundimonas sp. GRTSA-9	2800818	S	1	0	1	0.0001215214
Brevundimonas subvibrioides	74313	S	1	0	1	0.0001215214
Brevundimonas mediterranea	74329	S	1	0	1	0.0001215214
Caulobacter sp. FWC26	69665	S	1	0	1	0.0001215214
Caulobacter mirabilis	69666	S	1	0	1	0.0001215214
Caulobacter flavus	1679497	S	1	0	1	0.0001215214
Phenylobacterium zucineum	284016	S	1	0	1	0.0001215214
Asticcacaulis excentricus	78587	S	1	0	1	0.0001215214
Paracoccus jeotgali	2065379	S	1	0	1	0.0001215214
Paracoccus sp. H4-D09	2812658	S	1	0	1	0.0001215214
Sulfitobacter sp. AM1-D1	1917485	S	1	0	1	0.0001215214
Sulfitobacter sp. D7	1968541	S	1	0	1	0.0001215214
Roseibacterium elongatum	159346	S	1	0	1	0.0001215214
Thalassobius gelatinovorus	53501	S	1	0	1	0.0001215214
Phaeobacter piscinae	1580596	S	1	0	1	0.0001215214
Yangia sp. CCB-MM3	1792508	S	1	0	1	0.0001215214
Monaibacterium sp. ALG8	2715211	S	1	0	1	0.0001215214
Defluviimonas alba	1335048	S	1	0	1	0.0001215214
Ketogulonicigenium robustum	92947	S	1	0	1	0.0001215214
Paraoceanicella profunda	2579971	S	1	0	1	0.0001215214
Roseovarius sp. THAF9	2587847	S	1	0	1	0.0001215214
Roseicitreum antarcticum	564137	S	1	0	1	0.0001215214
Azospirillum thiophilum	528244	S	1	0	1	0.0001215214
Azospirillum ramasamyi	682998	S	1	0	1	0.0001215214
Azospirillum thermophilum	2202148	S	1	0	1	0.0001215214
Azospirillum sp. TSA2s	709810	S	1	0	1	0.0001215214
Magnetospirillum sp. ME-1	1639348	S	1	0	1	0.0001215214
Magnetospirillum sp. XM-1	1663591	S	1	0	1	0.0001215214
Magnetospirillum magneticum	84159	S	1	0	1	0.0001215214
Defluviicoccus vanus	111831	S	1	0	1	0.0001215214
Niveispirillum cyanobacteriorum	1612173	S	1	0	1	0.0001215214
Indioceanicola profundi	2220096	S	1	0	1	0.0001215214
Komagataeibacter oboediens	65958	S	1	0	1	0.0001215214
Komagataeibacter medellinensis	1177712	S	1	0	1	0.0001215214
Kozakia baliensis	153496	S	1	0	1	0.0001215214
Rickettsia endosymbiont of Ixodes scapularis	444612	S	1	0	1	0.0001215214
Rickettsia akari	786	S	1	0	1	0.0001215214
Rickettsia philipii	1105106	S	1	0	1	0.0001215214
Rickettsia amblyommatis	33989	S	1	0	1	0.0001215214
Rickettsia rhipicephali	33992	S	1	0	1	0.0001215214
Rickettsia prowazekii	782	S	1	0	1	0.0001215214
Orientia tsutsugamushi	784	S	1	0	1	0.0001215214
Ehrlichia ruminantium	779	S	1	0	1	0.0001215214
Neorickettsia helminthoeca	33994	S	1	0	1	0.0001215214
Candidatus Deianiraea vastatrix	2163644	S	1	0	1	0.0001215214
endosymbiont of Acanthamoeba sp. UWC8	86106	S	1	0	1	0.0001215214
Candidatus Pelagibacter sp. RS39	1977864	S	1	0	1	0.0001215214
Candidatus Pelagibacter sp. RS40	1977865	S	1	0	1	0.0001215214
Phreatobacter cathodiphilus	1868589	S	1	0	1	0.0001215214
Phreatobacter stygius	1940610	S	1	0	1	0.0001215214
[Arcobacter] porcinus	1935204	S	1	0	1	0.0001215214
Arcobacter nitrofigilis	28199	S	1	0	1	0.0001215214
Arcobacter sp. FWKO B	2593672	S	1	0	1	0.0001215214
Campylobacter sp. RM6914	1032243	S	1	0	1	0.0001215214
Campylobacter blaseri	2042961	S	1	0	1	0.0001215214
Campylobacter pinnipediorum	1965231	S	1	0	1	0.0001215214
Campylobacter coli	195	S	1	0	1	0.0001215214
Campylobacter showae	204	S	1	0	1	0.0001215214
Campylobacter upsaliensis	28080	S	1	0	1	0.0001215214
Helicobacter pylori	210	S	1	0	1	0.0001215214
Sulfurimonas paralvinellae	317658	S	1	0	1	0.0001215214
Myxococcus xanthus	34	S	1	0	1	0.0001215214
Myxococcus sp. SCHIC003	2813577	S	1	0	1	0.0001215214
Corallococcus coralloides	184914	S	1	0	1	0.0001215214
Archangium gephyra	48	S	1	0	1	0.0001215214
Haliangium ochraceum	80816	S	1	0	1	0.0001215214
Desulfomicrobium orale	132132	S	1	0	1	0.0001215214
Desulfonema limicola	45656	S	1	0	1	0.0001215214
Desulfocapsa sulfexigens	65555	S	1	0	1	0.0001215214
Geobacter uraniireducens	351604	S	1	0	1	0.0001215214
Desulfoglaeba alkanexedens	361111	S	1	0	1	0.0001215214
Persicimonas caeni	2292766	S	1	0	1	0.0001215214
Bdellovibrio exovorus	453816	S	1	0	1	0.0001215214
Bdellovibrio sp. NC01	2220073	S	1	0	1	0.0001215214
Bacteriovorax stolpii	960	S	1	0	1	0.0001215214
Microlunatus phosphovorus	29405	S	1	0	1	0.0001215214
Acidipropionibacterium jensenii	1749	S	1	0	1	0.0001215214
Nocardioides sp. JS614	196162	S	1	0	1	0.0001215214
Nocardioides sp. zg-1228	2763008	S	1	0	1	0.0001215214
Nocardioides marinisabuli	419476	S	1	0	1	0.0001215214
Nocardioides cynanchi	2558918	S	1	0	1	0.0001215214
Aeromicrobium chenweiae	2079793	S	1	0	1	0.0001215214
Pimelobacter simplex	2045	S	1	0	1	0.0001215214
Curtobacterium sp. Csp2	2495430	S	1	0	1	0.0001215214
Microbacterium sp. XT11	367477	S	1	0	1	0.0001215214
Microbacterium sp. Se63.02b	2709304	S	1	0	1	0.0001215214
Microbacterium sp. 10M-3C3	2483401	S	1	0	1	0.0001215214
Microbacterium schleiferi	69362	S	1	0	1	0.0001215214
Microbacterium caowuchunii	2614638	S	1	0	1	0.0001215214
Microbacterium oleivorans	273677	S	1	0	1	0.0001215214
Microbacterium pygmaeum	370764	S	1	0	1	0.0001215214
Leucobacter muris	1935379	S	1	0	1	0.0001215214
Leucobacter sp. CX169	2813744	S	1	0	1	0.0001215214
Chryseoglobus indicus	2750620	S	1	0	1	0.0001215214
Glaciihabitans sp. INWT7	2596912	S	1	0	1	0.0001215214
Rhodoluna lacicola	529884	S	1	0	1	0.0001215214
Agromyces sp. HY052	2585717	S	1	0	1	0.0001215214
Rothia mucilaginosa	43675	S	1	0	1	0.0001215214
Kocuria rosea	1275	S	1	0	1	0.0001215214
Kocuria sp. BT304	1702043	S	1	0	1	0.0001215214
Citricoccus sp. SGAir0253	2567881	S	1	0	1	0.0001215214
Brevibacterium sp. WO024	2697563	S	1	0	1	0.0001215214
Brevibacterium sp. 'Marine'	2725563	S	1	0	1	0.0001215214
Cellulomonas gilvus	11	S	1	0	1	0.0001215214
Cellulomonas taurus	2729175	S	1	0	1	0.0001215214
Actinotalea sp. JY-7876	2758442	S	1	0	1	0.0001215214
Dermabacter vaginalis	1630135	S	1	0	1	0.0001215214
Dermabacter jinjuensis	1667168	S	1	0	1	0.0001215214
Janibacter indicus	857417	S	1	0	1	0.0001215214
Phycicoccus endophyticus	1690220	S	1	0	1	0.0001215214
Ornithinimicrobium flavum	1288636	S	1	0	1	0.0001215214
Ornithinimicrobium pratense	2593973	S	1	0	1	0.0001215214
Luteimicrobium xylanilyticum	1133546	S	1	0	1	0.0001215214
Georgenia sp. Z443	2589797	S	1	0	1	0.0001215214
Austwickia chelonae	100225	S	1	0	1	0.0001215214
Rhodococcus sp. X156	2499145	S	1	0	1	0.0001215214
Rhodococcus sp. P1Y	1302308	S	1	0	1	0.0001215214
Rhodococcus sp. PBTS 1	1653478	S	1	0	1	0.0001215214
Nocardia sp. CS682	1047172	S	1	0	1	0.0001215214
Nocardia sp. WCH-YHL-001	2755382	S	1	0	1	0.0001215214
Nocardia asteroides	1824	S	1	0	1	0.0001215214
Nocardia wallacei	480035	S	1	0	1	0.0001215214
Nocardia yunnanensis	2382165	S	1	0	1	0.0001215214
Corynebacterium singulare	161899	S	1	0	1	0.0001215214
Corynebacterium lactis	1231000	S	1	0	1	0.0001215214
Corynebacterium pseudotuberculosis	1719	S	1	0	1	0.0001215214
Corynebacterium sp. NML98-0116	702967	S	1	0	1	0.0001215214
Corynebacterium maris	575200	S	1	0	1	0.0001215214
Mycolicibacterium sp. Z-34	2736649	S	1	0	1	0.0001215214
Mycolicibacterium litorale	758802	S	1	0	1	0.0001215214
Mycolicibacterium rutilum	370526	S	1	0	1	0.0001215214
Mycolicibacterium goodii	134601	S	1	0	1	0.0001215214
Mycolicibacterium parafortuitum	39692	S	1	0	1	0.0001215214
Mycolicibacterium confluentis	28047	S	1	0	1	0.0001215214
Mycolicibacterium chitae	1792	S	1	0	1	0.0001215214
Mycolicibacterium phlei	1771	S	1	0	1	0.0001215214
Mycobacterium saskatchewanense	220927	S	1	0	1	0.0001215214
Mycobacterium sp. ELW1	1547487	S	1	0	1	0.0001215214
Mycobacterium paraseoulense	590652	S	1	0	1	0.0001215214
Mycobacteroides saopaulense	1578165	S	1	0	1	0.0001215214
Gordonia sp. KTR9	337191	S	1	0	1	0.0001215214
Gordonia sp. YC-JH1	2059875	S	1	0	1	0.0001215214
Gordonia rubripertincta	36822	S	1	0	1	0.0001215214
Tsukamurella tyrosinosolvens	57704	S	1	0	1	0.0001215214
Actinomyces sp. Z16	2079536	S	1	0	1	0.0001215214
Actinomyces viscosus	1656	S	1	0	1	0.0001215214
Actinomyces radicidentis	111015	S	1	0	1	0.0001215214
Trueperella sp. 19M2397	2733571	S	1	0	1	0.0001215214
Streptomyces sp. TLI_053	1855352	S	1	0	1	0.0001215214
Streptomyces sp. QHH-9511	2684468	S	1	0	1	0.0001215214
Streptomyces sp. AgN23	1188315	S	1	0	1	0.0001215214
Streptomyces sp. SN-593	659352	S	1	0	1	0.0001215214
Streptomyces sp. CB00271	2750025	S	1	0	1	0.0001215214
Streptomyces sp. SCSIO 3032	1264596	S	1	0	1	0.0001215214
Streptomyces albireticuli	1940	S	1	0	1	0.0001215214
Streptomyces lydicus	47763	S	1	0	1	0.0001215214
Streptomyces xinghaiensis	1038928	S	1	0	1	0.0001215214
Streptomyces pristinaespiralis	38300	S	1	0	1	0.0001215214
Streptomyces rapamycinicus	1226757	S	1	0	1	0.0001215214
Streptomyces nojiriensis	66374	S	1	0	1	0.0001215214
Streptomyces galilaeus	33899	S	1	0	1	0.0001215214
Streptomyces viridosporus	67581	S	1	0	1	0.0001215214
Streptomyces buecherae	2763006	S	1	0	1	0.0001215214
Streptomyces hygroscopicus	1912	S	1	0	1	0.0001215214
Streptomyces albulus	68570	S	1	0	1	0.0001215214
Streptomyces lincolnensis	1915	S	1	0	1	0.0001215214
Streptomyces armeniacus	83291	S	1	0	1	0.0001215214
Kitasatospora sp. NA04385	2742135	S	1	0	1	0.0001215214
Streptacidiphilus sp. P02-A3a	2704468	S	1	0	1	0.0001215214
Candidatus Planktophila versatilis	1884905	S	1	0	1	0.0001215214
Pseudonocardia broussonetiae	2736640	S	1	0	1	0.0001215214
Amycolatopsis orientalis	31958	S	1	0	1	0.0001215214
Amycolatopsis mediterranei	33910	S	1	0	1	0.0001215214
Amycolatopsis sp. Hca4	2742131	S	1	0	1	0.0001215214
Saccharomonospora viridis	1852	S	1	0	1	0.0001215214
Saccharomonospora glauca	40990	S	1	0	1	0.0001215214
Actinoalloteichus hymeniacidonis	340345	S	1	0	1	0.0001215214
Allokutzneria albata	211114	S	1	0	1	0.0001215214
Scardovia inopinata	78259	S	1	0	1	0.0001215214
Nakamurella sp. s14-144	1902245	S	1	0	1	0.0001215214
Nakamurella sp. PAMC28650	2762325	S	1	0	1	0.0001215214
Micromonospora echinospora	1877	S	1	0	1	0.0001215214
Actinoplanes friuliensis	196914	S	1	0	1	0.0001215214
Salinispora tropica	168695	S	1	0	1	0.0001215214
Frankia inefficax	298654	S	1	0	1	0.0001215214
Candidatus Frankia datiscae	2716812	S	1	0	1	0.0001215214
Kineococcus radiotolerans	131568	S	1	0	1	0.0001215214
Jiangella alkaliphila	419479	S	1	0	1	0.0001215214
Olsenella sp. oral taxon 807	712411	S	1	0	1	0.0001215214
Eggerthella sp. YY7918	502558	S	1	0	1	0.0001215214
Cryptobacterium curtum	84163	S	1	0	1	0.0001215214
Gordonibacter pamelaeae	471189	S	1	0	1	0.0001215214
Rubrobacter xylanophilus	49319	S	1	0	1	0.0001215214
Ilumatobacter coccineus	467094	S	1	0	1	0.0001215214
Conexibacter sp. SYSU D00693	2812560	S	1	0	1	0.0001215214
Egibacter rhizosphaerae	1670831	S	1	0	1	0.0001215214
Egicoccus halophilus	1670830	S	1	0	1	0.0001215214
Jeotgalicoccus saudimassiliensis	1461582	S	1	0	1	0.0001215214
Mammaliicoccus sciuri	1296	S	1	0	1	0.0001215214
Bacillus cytotoxicus	580165	S	1	0	1	0.0001215214
Bacillus sp. M4U3P1	2592382	S	1	0	1	0.0001215214
Bacillus sp. DSL-17	2567941	S	1	0	1	0.0001215214
Bacillus glycinifermentans	1664069	S	1	0	1	0.0001215214
Bacillus cellulosilyticus	1413	S	1	0	1	0.0001215214
Bacillus safensis	561879	S	1	0	1	0.0001215214
Lysinibacillus sp. 2017	2169540	S	1	0	1	0.0001215214
Mesobacillus foraminis	279826	S	1	0	1	0.0001215214
Parageobacillus genomosp. 1	1295642	S	1	0	1	0.0001215214
Psychrobacillus sp. AK 1817	2303505	S	1	0	1	0.0001215214
Peribacillus muralis	264697	S	1	0	1	0.0001215214
Alkalihalobacillus lehensis	300825	S	1	0	1	0.0001215214
Oceanobacillus zhaokaii	2052660	S	1	0	1	0.0001215214
Lentibacillus sp. CBA3610	2518176	S	1	0	1	0.0001215214
Paenibacillus sp. IHB B 3084	867076	S	1	0	1	0.0001215214
Paenibacillus sp. 37	2607911	S	1	0	1	0.0001215214
Paenibacillus durus	44251	S	1	0	1	0.0001215214
Paenibacillus odorifer	189426	S	1	0	1	0.0001215214
Paenibacillus baekrokdamisoli	1712516	S	1	0	1	0.0001215214
Brevibacillus brevis	1393	S	1	0	1	0.0001215214
Kurthia sp. 11kri321	1750719	S	1	0	1	0.0001215214
Listeria innocua	1642	S	1	0	1	0.0001215214
Streptococcus sp. oral taxon 061	712623	S	1	0	1	0.0001215214
Streptococcus sp. 116-D4	2598453	S	1	0	1	0.0001215214
Streptococcus gordonii	1302	S	1	0	1	0.0001215214
Streptococcus equi	1336	S	1	0	1	0.0001215214
Streptococcus urinalis	149016	S	1	0	1	0.0001215214
Streptococcus cristatus	45634	S	1	0	1	0.0001215214
Streptococcus ratti	1341	S	1	0	1	0.0001215214
Tetragenococcus halophilus	51669	S	1	0	1	0.0001215214
Latilactobacillus graminis	60519	S	1	0	1	0.0001215214
Lactobacillus apis	303541	S	1	0	1	0.0001215214
Paucilactobacillus oligofermentans	293371	S	1	0	1	0.0001215214
Lacticaseibacillus casei	1582	S	1	0	1	0.0001215214
Dolosigranulum pigrum	29394	S	1	0	1	0.0001215214
Jeotgalibaca porci	1868793	S	1	0	1	0.0001215214
Aerococcus viridans	1377	S	1	0	1	0.0001215214
Blautia producta	33035	S	1	0	1	0.0001215214
Lacrimispora sphenoides	29370	S	1	0	1	0.0001215214
Lacrimispora saccharolytica	84030	S	1	0	1	0.0001215214
Cellulosilyticum sp. WCF-2	2497860	S	1	0	1	0.0001215214
Lachnoanaerobaculum umeaense	617123	S	1	0	1	0.0001215214
Anaerocolumna cellulosilytica	433286	S	1	0	1	0.0001215214
Butyrivibrio proteoclasticus	43305	S	1	0	1	0.0001215214
Clostridium sp. BNL1100	755731	S	1	0	1	0.0001215214
Clostridium sp. SY8519	1042156	S	1	0	1	0.0001215214
Clostridium sp. MF28	1702238	S	1	0	1	0.0001215214
Clostridium sp. JN-1	2483110	S	1	0	1	0.0001215214
Clostridium sp. JN-9	2507159	S	1	0	1	0.0001215214
Clostridium saccharoperbutylacetonicum	36745	S	1	0	1	0.0001215214
Clostridium fermenticellae	2068654	S	1	0	1	0.0001215214
Clostridium saccharobutylicum	169679	S	1	0	1	0.0001215214
Clostridium baratii	1561	S	1	0	1	0.0001215214
Clostridium cochlearium	1494	S	1	0	1	0.0001215214
Clostridium formicaceticum	1497	S	1	0	1	0.0001215214
Clostridium pasteurianum	1501	S	1	0	1	0.0001215214
Clostridium septicum	1504	S	1	0	1	0.0001215214
Caloramator sp. E03	2576307	S	1	0	1	0.0001215214
Hathewaya histolytica	1498	S	1	0	1	0.0001215214
Crassaminicella sp. SY095	2599308	S	1	0	1	0.0001215214
Ruminococcus bicirculans	1160721	S	1	0	1	0.0001215214
Acutalibacter muris	1796620	S	1	0	1	0.0001215214
Thermaerobacter sp. PB12/4term	2293838	S	1	0	1	0.0001215214
Flintibacter sp. KGMB00164	2610895	S	1	0	1	0.0001215214
Massilistercora timonensis	2086584	S	1	0	1	0.0001215214
Filifactor alocis	143361	S	1	0	1	0.0001215214
Paraclostridium bifermentans	1490	S	1	0	1	0.0001215214
Paeniclostridium sordellii	1505	S	1	0	1	0.0001215214
Heliobacterium modesticaldum	35701	S	1	0	1	0.0001215214
Candidatus Syntrophocurvum alkaliphilum	2293317	S	1	0	1	0.0001215214
Desulfosporosinus youngiae	339862	S	1	0	1	0.0001215214
Symbiobacterium thermophilum	2734	S	1	0	1	0.0001215214
Christensenella sp. Marseille-P3954	2086585	S	1	0	1	0.0001215214
Thermoanaerobacterium sp. RBIITD	1550240	S	1	0	1	0.0001215214
Mahella australiensis	252966	S	1	0	1	0.0001215214
Halanaerobium praevalens	2331	S	1	0	1	0.0001215214
Halocella sp. SP3-1	2382161	S	1	0	1	0.0001215214
Biomaibacter acetigenes	2316383	S	1	0	1	0.0001215214
Selenomonas sp. oral taxon 920	1884263	S	1	0	1	0.0001215214
Longibaculum sp. KGMB06250	2584943	S	1	0	1	0.0001215214
Anaerococcus mediterraneensis	1870984	S	1	0	1	0.0001215214
Peptoniphilus harei	54005	S	1	0	1	0.0001215214
Tissierellia sp. JN-28	2507161	S	1	0	1	0.0001215214
Synechococcus sp. CB0101	232348	S	1	0	1	0.0001215214
Synechococcus sp. JA-3-3Ab	321327	S	1	0	1	0.0001215214
Synechococcus sp. CBW1004	1353136	S	1	0	1	0.0001215214
Chamaesiphon minutus	1173032	S	1	0	1	0.0001215214
Pseudanabaena sp. ABRG5-3	685565	S	1	0	1	0.0001215214
Oxynema sp. AP17	2064643	S	1	0	1	0.0001215214
Oscillatoria acuminata	118323	S	1	0	1	0.0001215214
Crinalium epipsammum	241425	S	1	0	1	0.0001215214
Chondrocystis sp. NIES-4102	2005460	S	1	0	1	0.0001215214
Geminocystis sp. NIES-3709	1617448	S	1	0	1	0.0001215214
Calothrix parietina	32054	S	1	0	1	0.0001215214
Rivularia sp. PCC 7116	373994	S	1	0	1	0.0001215214
Stanieria cyanosphaera	102116	S	1	0	1	0.0001215214
Oceanithermus profundus	187137	S	1	0	1	0.0001215214
Deinococcus proteolyticus	55148	S	1	0	1	0.0001215214
Mycoplasma sp. (ex Biomphalaria glabrata)	1749074	S	1	0	1	0.0001215214
Mycoplasma crocodyli	50052	S	1	0	1	0.0001215214
Mycoplasma phocidae	142651	S	1	0	1	0.0001215214
Mycoplasma iowae	2116	S	1	0	1	0.0001215214
Mycoplasma parvum	984991	S	1	0	1	0.0001215214
Mycoplasma agalactiae	2110	S	1	0	1	0.0001215214
Mycoplasma anatis	171279	S	1	0	1	0.0001215214
Mycoplasma columbinum	114881	S	1	0	1	0.0001215214
Ureaplasma parvum	134821	S	1	0	1	0.0001215214
Spiroplasma monobiae	2136	S	1	0	1	0.0001215214
Spiroplasma poulsonii	2138	S	1	0	1	0.0001215214
Spiroplasma cantharicola	362837	S	1	0	1	0.0001215214
Spiroplasma eriocheiris	315358	S	1	0	1	0.0001215214
Spiroplasma litorale	216942	S	1	0	1	0.0001215214
Spiroplasma diminutum	216936	S	1	0	1	0.0001215214
Candidatus Phytoplasma luffae	35773	S	1	0	1	0.0001215214
Candidatus Promineofilum breve	1806508	S	1	0	1	0.0001215214
Flavobacterium sp. CLA17	2724135	S	1	0	1	0.0001215214
Flavobacterium sp. P2-65	2748320	S	1	0	1	0.0001215214
Flavobacterium sangjuense	2518177	S	1	0	1	0.0001215214
Capnocytophaga canimorsus	28188	S	1	0	1	0.0001215214
Polaribacter sp. KT25b	1855336	S	1	0	1	0.0001215214
Polaribacter sejongensis	985043	S	1	0	1	0.0001215214
Myroides phaeus	702745	S	1	0	1	0.0001215214
Winogradskyella forsetii	2686077	S	1	0	1	0.0001215214
Tenacibaculum maritimum	107401	S	1	0	1	0.0001215214
Tenacibaculum jejuense	584609	S	1	0	1	0.0001215214
Tenacibaculum dicentrarchi	669041	S	1	0	1	0.0001215214
Gramella forsetii	411153	S	1	0	1	0.0001215214
Gramella fulva	2126553	S	1	0	1	0.0001215214
Lacinutrix venerupis	1486034	S	1	0	1	0.0001215214
Lacinutrix sp. WUR7	2653681	S	1	0	1	0.0001215214
Salegentibacter salegens	143223	S	1	0	1	0.0001215214
Salegentibacter sp. T436	1729720	S	1	0	1	0.0001215214
Cellulophaga algicola	59600	S	1	0	1	0.0001215214
Cellulophaga sp. L1A9	2686362	S	1	0	1	0.0001215214
Aquimarina sp. BL5	1714860	S	1	0	1	0.0001215214
Flagellimonas maritima	1383885	S	1	0	1	0.0001215214
Tamlana sp. s12	1630406	S	1	0	1	0.0001215214
Psychroflexus sp. ALD_RP9	2777186	S	1	0	1	0.0001215214
Nonlabens spongiae	331648	S	1	0	1	0.0001215214
Costertonia aggregata	343403	S	1	0	1	0.0001215214
Dokdonia sp. PRO95	1239415	S	1	0	1	0.0001215214
Muricauda sp. 501str8	2698672	S	1	0	1	0.0001215214
Flavivirga eckloniae	1803846	S	1	0	1	0.0001215214
Altibacter sp. ALE3EI	2562285	S	1	0	1	0.0001215214
Seonamhaeicola sp. S2-3	1936081	S	1	0	1	0.0001215214
Formosa agariphila	320324	S	1	0	1	0.0001215214
Antarcticibacterium flavum	2058175	S	1	0	1	0.0001215214
Chryseobacterium sp. 3008163	2478663	S	1	0	1	0.0001215214
Kaistella antarctica	266748	S	1	0	1	0.0001215214
Kaistella flava (ex Peng et al. 2021)	2038776	S	1	0	1	0.0001215214
Chryseobacterium taklimakanense	536441	S	1	0	1	0.0001215214
Elizabethkingia meningoseptica	238	S	1	0	1	0.0001215214
Elizabethkingia anophelis	1117645	S	1	0	1	0.0001215214
Elizabethkingia ursingii	1756150	S	1	0	1	0.0001215214
Cruoricaptor ignavus	1118202	S	1	0	1	0.0001215214
Apibacter raozihei	2500547	S	1	0	1	0.0001215214
Blattabacterium punctulatus	164514	S	1	0	1	0.0001215214
Blattabacterium cuenoti	1653831	S	1	0	1	0.0001215214
Candidatus Sulcia muelleri	336810	S	1	0	1	0.0001215214
Fluviicola taffensis	191579	S	1	0	1	0.0001215214
Phocaeicola coprophilus	387090	S	1	0	1	0.0001215214
Bacteroides coprosuis	151276	S	1	0	1	0.0001215214
Prevotella sp. WR041	2801997	S	1	0	1	0.0001215214
Prevotella dentalis	52227	S	1	0	1	0.0001215214
Alloprevotella sp. E39	2133944	S	1	0	1	0.0001215214
Tannerella sp. oral taxon HOT-286	712710	S	1	0	1	0.0001215214
Alistipes onderdonkii	328813	S	1	0	1	0.0001215214
Alistipes megaguti	2364787	S	1	0	1	0.0001215214
Alistipes communis	2585118	S	1	0	1	0.0001215214
Duncaniella dubosii	2518971	S	1	0	1	0.0001215214
Proteiniphilum saccharofermentans	1642647	S	1	0	1	0.0001215214
Alkalitalea saponilacus	889453	S	1	0	1	0.0001215214
Pedobacter sp. eg	2201271	S	1	0	1	0.0001215214
Sphingobacterium hotanense	649196	S	1	0	1	0.0001215214
Olivibacter sp. LS-1	2592345	S	1	0	1	0.0001215214
Olivibacter sp. SDN3	2764720	S	1	0	1	0.0001215214
Mucilaginibacter ginkgonis	2682091	S	1	0	1	0.0001215214
Mucilaginibacter mali	2740462	S	1	0	1	0.0001215214
Pseudopedobacter saltans	151895	S	1	0	1	0.0001215214
Hymenobacter sp. BRD67	2675877	S	1	0	1	0.0001215214
Hymenobacter swuensis	1446467	S	1	0	1	0.0001215214
Hymenobacter nivis	1850093	S	1	0	1	0.0001215214
Hymenobacter baengnokdamensis	2615203	S	1	0	1	0.0001215214
Hymenobacter russus	2724192	S	1	0	1	0.0001215214
Adhaeribacter swui	2086471	S	1	0	1	0.0001215214
Adhaeribacter radiodurans	2745197	S	1	0	1	0.0001215214
Rufibacter tibetensis	512763	S	1	0	1	0.0001215214
Spirosoma sp. CJU-R4	2728024	S	1	0	1	0.0001215214
Spirosoma sp. KUDC1026	2745947	S	1	0	1	0.0001215214
Spirosoma taeanense	2735870	S	1	0	1	0.0001215214
Runella slithyformis	106	S	1	0	1	0.0001215214
Dyadobacter sp. Q3-56	2747268	S	1	0	1	0.0001215214
Belliella baltica	232259	S	1	0	1	0.0001215214
Echinicola strongylocentroti	1795355	S	1	0	1	0.0001215214
Flammeovirga sp. MY04	1191459	S	1	0	1	0.0001215214
Chitinophaga agri	2703787	S	1	0	1	0.0001215214
Flavisolibacter ginsenosidimutans	661481	S	1	0	1	0.0001215214
Niabella ginsenosidivorans	1176587	S	1	0	1	0.0001215214
Arachidicoccus sp. B3-10	2545455	S	1	0	1	0.0001215214
Pseudobacter ginsenosidimutans	661488	S	1	0	1	0.0001215214
Panacibacter ginsenosidivorans	1813871	S	1	0	1	0.0001215214
Pseudocnuella soli	2502779	S	1	0	1	0.0001215214
Chlorobaculum limnaeum	274537	S	1	0	1	0.0001215214
Chlorobium phaeobacteroides	1096	S	1	0	1	0.0001215214
Gemmatimonas aurantiaca	173480	S	1	0	1	0.0001215214
Gemmatirosa kalamazoonesis	861299	S	1	0	1	0.0001215214
Frigoriglobus tundricola	2774151	S	1	0	1	0.0001215214
Lacipirellula limnantheis	2528024	S	1	0	1	0.0001215214
Gimesia fumaroli	2527976	S	1	0	1	0.0001215214
Rubinisphaera brasiliensis	119	S	1	0	1	0.0001215214
Opitutus sp. GAS368	1882749	S	1	0	1	0.0001215214
Nibricoccus aquaticus	2576891	S	1	0	1	0.0001215214
Chlamydia psittaci	83554	S	1	0	1	0.0001215214
Chlamydia gallinacea	1457153	S	1	0	1	0.0001215214
Parachlamydia acanthamoebae	83552	S	1	0	1	0.0001215214
Leptotrichia sp. oral taxon 212	712357	S	1	0	1	0.0001215214
Leptotrichia trevisanii	109328	S	1	0	1	0.0001215214
Streptobacillus moniliformis	34105	S	1	0	1	0.0001215214
Fusobacterium ulcerans	861	S	1	0	1	0.0001215214
Fusobacterium canifelinum	285729	S	1	0	1	0.0001215214
Ilyobacter polytropus	167642	S	1	0	1	0.0001215214
Borrelia hermsii	140	S	1	0	1	0.0001215214
Borrelia coriaceae	144	S	1	0	1	0.0001215214
Borrelia miyamotoi	47466	S	1	0	1	0.0001215214
Borreliella burgdorferi	139	S	1	0	1	0.0001215214
Treponema phagedenis	162	S	1	0	1	0.0001215214
Treponema putidum	221027	S	1	0	1	0.0001215214
Leptospira interrogans	173	S	1	0	1	0.0001215214
Leptospira santarosai	28183	S	1	0	1	0.0001215214
Leptospira kmetyi	408139	S	1	0	1	0.0001215214
Turneriella parva	29510	S	1	0	1	0.0001215214
Brachyspira murdochii	84378	S	1	0	1	0.0001215214
Brachyspira hampsonii	1287055	S	1	0	1	0.0001215214
Terriglobus albidus	1592106	S	1	0	1	0.0001215214
Granulicella sp. 5B5	1617967	S	1	0	1	0.0001215214
Paludibaculum fermentans	1473598	S	1	0	1	0.0001215214
Fervidobacterium pennivorans	93466	S	1	0	1	0.0001215214
Defluviitoga tunisiensis	1006576	S	1	0	1	0.0001215214
Persephonella marina	309805	S	1	0	1	0.0001215214
Sulfurihydrogenibium azorense	309806	S	1	0	1	0.0001215214
Endomicrobium proavitum	1408281	S	1	0	1	0.0001215214
Fretibacterium fastidiosum	651822	S	1	0	1	0.0001215214
Thermodesulfatator indicus	171695	S	1	0	1	0.0001215214
Methanobacterium congolense	118062	S	1	0	1	0.0001215214
Methanococcus aeolicus	42879	S	1	0	1	0.0001215214
Methanocaldococcus vulcanius	73913	S	1	0	1	0.0001215214
Halorussus sp. ZS-3	2650975	S	1	0	1	0.0001215214
Methanolacinia petrolearia	54120	S	1	0	1	0.0001215214
Methanocella arvoryzae	1175445	S	1	0	1	0.0001215214
Thermococcus siculi	72803	S	1	0	1	0.0001215214
Candidatus Nitrosotenuis aquarius	1846278	S	1	0	1	0.0001215214
Candidatus Nitrosopumilus sediminis	1229909	S	1	0	1	0.0001215214
Candidatus Nitrosopumilus koreensis	1510466	S	1	0	1	0.0001215214
Candidatus Nitrosopumilus sp. SW	2508726	S	1	0	1	0.0001215214
Nitrosarchaeum sp. AC2	2259673	S	1	0	1	0.0001215214
Candidatus Nitrosocosmicus hydrocola	1826872	S	1	0	1	0.0001215214
Sulfolobus sp. NOB8H2	84600	S	1	0	1	0.0001215214
Flavobacterium phage vB_FspS_hattifnatt9-1	2686246	S	1	0	1	0.0001215214
Sinorhizobium phage phiLM21	1524882	S	1	0	1	0.0001215214
Lactococcus phage phiL47	1412875	S	1	0	1	0.0001215214
Mycobacterium virus Babsiella	1089115	S	1	0	1	0.0001215214
Acinetobacter phage YMC13/03/R2096	1560342	S	1	0	1	0.0001215214
Orpheovirus IHUMI-LCC2	2023057	S	1	0	1	0.0001215214
Amsacta moorei entomopoxvirus	28321	S	1	0	1	0.0001215214
Adoxophyes honmai entomopoxvirus	1993630	S	1	0	1	0.0001215214
Eptesipox virus	1329402	S	1	0	1	0.0001215214
Alphamesonivirus 1	1312874	S	1	0	1	0.0001215214
Pandoravirus neocaledonia	2107708	S	1	0	1	0.0001215214
Agrotis segetum nucleopolyhedrovirus A	1962501	S	1	0	1	0.0001215214
Alphapapillomavirus 4	337043	S	1	0	1	0.0001215214
Candidatus Kinetoplastibacterium crithidii	33056	S	1	-1	0	0.0000000000
Tropheryma whipplei	2039	S	1	-1	0	0.0000000000
Paenibacillus mucilaginosus	61624	S	1	-1	0	0.0000000000
Borreliella valaisiana	62088	S	1	-1	0	0.0000000000
Leptospira biflexa	172	S	1	-1	0	0.0000000000
Brachyspira pilosicoli	52584	S	1	-1	0	0.0000000000
