name	taxonomy_id	taxonomy_lvl	kraken_assigned_reads	added_reads	new_est_reads	fraction_total_reads
Cutibacterium acnes	1747	S	5933	389	6322	0.0978940849
Dermacoccus nishinomiyaensis	1274	S	1360	154	1514	0.0234437906
Paenibacillus larvae	1464	S	4	1089	1093	0.0169247445
Stenotrophomonas maltophilia	40324	S	718	324	1042	0.0161350263
Burkholderia thailandensis	57975	S	8	920	928	0.0143697739
Klebsiella pneumoniae	573	S	227	622	849	0.0131464850
Curtobacterium flaccumfaciens	2035	S	758	78	836	0.0129451843
Pseudomonas oryzihabitans	47885	S	534	71	605	0.0093682255
Aliarcobacter cryaerophilus	28198	S	488	68	556	0.0086094766
Lactococcus lactis	1358	S	181	355	536	0.0082997832
Phocaeicola vulgatus	821	S	305	106	411	0.0063641994
Candidatus Planktophila sulfonica	1884904	S	374	28	402	0.0062248374
Oscillatoria nigro-viridis	482564	S	342	40	382	0.0059151440
Kocuria rhizophila	72000	S	267	70	337	0.0052183338
Acidovorax sp. T1	1858609	S	90	221	311	0.0048157324
Duganella sp. AF9R3	2728021	S	256	49	305	0.0047228244
Pseudomonas aeruginosa	287	S	51	245	296	0.0045834624
Faecalibacterium prausnitzii	853	S	209	66	275	0.0042582843
Xanthomonas euvesicatoria	456327	S	2	258	260	0.0040260142
Escherichia coli	562	S	26	229	255	0.0039485909
Acidovorax sp. KKS102	358220	S	166	85	251	0.0038866522
Pseudomonas fluorescens	294	S	162	82	244	0.0037782595
Blautia sp. SC05B48	2479767	S	153	90	243	0.0037627749
Limnohabitans sp. 103DPR2	1678129	S	221	14	235	0.0036388975
Phocaeicola dorei	357276	S	165	66	231	0.0035769588
Aquaspirillum sp. LM1	1938604	S	213	13	226	0.0034995355
Bacteroides uniformis	820	S	128	98	226	0.0034995355
Limnohabitans sp. 63ED37-2	1678128	S	196	17	213	0.0032982347
Acinetobacter johnsonii	40214	S	113	100	213	0.0032982347
Variovorax paradoxus	34073	S	151	58	209	0.0032362961
Alicycliphilus denitrificans	179636	S	53	153	206	0.0031898421
Acidovorax sp. JS42	232721	S	8	195	203	0.0031433880
Polynucleobacter necessarius	576610	S	188	15	203	0.0031433880
Acinetobacter baumannii	470	S	34	168	202	0.0031279034
Curvibacter sp. AEP1-3	1844971	S	186	8	194	0.0030040260
Sphaerotilus natans	34103	S	154	40	194	0.0030040260
Acidovorax carolinensis	553814	S	113	80	193	0.0029885413
Prevotella copri	165179	S	157	25	182	0.0028182100
Paracoccus yeei	147645	S	89	87	176	0.0027253020
Staphylococcus virus phiMR25	487152	S	1	173	174	0.0026943326
Polaromonas naphthalenivorans	216465	S	152	15	167	0.0025859399
Rhodococcus qingshengii	334542	S	31	125	156	0.0024156085
Anaerobutyricum hallii	39488	S	110	45	155	0.0024001239
Aeromonas media	651	S	92	53	145	0.0022452772
Polynucleobacter duraquae	1835254	S	122	19	141	0.0021833385
Acinetobacter lwoffii	28090	S	61	76	137	0.0021213998
Streptococcus thermophilus	1308	S	123	14	137	0.0021213998
Pseudomonas sp. CMR12a	658629	S	78	58	136	0.0021059151
Propionibacterium sp. oral taxon 193	671223	S	116	19	135	0.0020904305
Staphylococcus capitis	29388	S	111	21	132	0.0020439765
Comamonas testosteroni	285	S	62	69	131	0.0020284918
Janibacter indicus	857417	S	76	54	130	0.0020130071
Limnoglobus roseus	2598579	S	126	4	130	0.0020130071
Leptothrix cholodnii	34029	S	104	25	129	0.0019975225
Flavobacterium johnsoniae	986	S	85	43	128	0.0019820378
Acidovorax sp. 1608163	2478662	S	110	16	126	0.0019510684
Lacunisphaera limnophila	1838286	S	115	9	124	0.0019200991
Pseudomonas putida	303	S	74	49	123	0.0019046144
Micrococcus luteus	1270	S	74	49	123	0.0019046144
Bacteroides thetaiotaomicron	818	S	110	13	123	0.0019046144
Aeromonas sp. ASNIH3	1636608	S	5	116	121	0.0018736451
Variovorax sp. PMC12	2126319	S	3	113	116	0.0017962217
Fluviibacter phosphoraccumulans	1751046	S	99	17	116	0.0017962217
Anaerostipes hadrus	649756	S	89	26	115	0.0017807371
Rhizobacter sp. AJA081-3	2753607	S	96	18	114	0.0017652524
Moraxella osloensis	34062	S	106	8	114	0.0017652524
Rhodoferax sediminis	2509614	S	103	10	113	0.0017497677
Streptomyces lividans	1916	S	7	105	112	0.0017342831
Polaromonas sp. JS666	296591	S	103	8	111	0.0017187984
Acidovorax sp. JMULE5	2518343	S	89	18	107	0.0016568597
Vitreoscilla filiformis	63	S	94	13	107	0.0016568597
Bacteroides ovatus	28116	S	61	46	107	0.0016568597
Bifidobacterium adolescentis	1680	S	100	6	106	0.0016413750
Sphingomonas melonis	152682	S	29	76	105	0.0016258904
Staphylococcus epidermidis	1282	S	83	22	105	0.0016258904
Sphingomonas sp. PAMC26645	2565555	S	92	12	104	0.0016104057
[Ruminococcus] torques	33039	S	69	35	104	0.0016104057
Diaphorobacter sp. JS3050	2735554	S	4	99	103	0.0015949210
Staphylococcus aureus	1280	S	31	72	103	0.0015949210
Flavobacterium sangjuense	2518177	S	97	6	103	0.0015949210
Diaphorobacter aerolatus	1288495	S	49	53	102	0.0015794364
Pseudomonas stutzeri	316	S	78	23	101	0.0015639517
Parabacteroides distasonis	823	S	40	61	101	0.0015639517
Bifidobacterium longum	216816	S	78	22	100	0.0015484670
Diaphorobacter sp. JS3051	2792224	S	4	93	97	0.0015020130
Rhodoferax sp. AJA081-3	2752316	S	88	7	95	0.0014710437
Rhodoferax saidenbachensis	1484693	S	87	8	95	0.0014710437
Sphingorhabdus lacus	392610	S	94	0	94	0.0014555590
Coprococcus comes	410072	S	65	27	92	0.0014245897
Rhodococcus erythropolis	1833	S	25	66	91	0.0014091050
Acidovorax ebreus	721785	S	6	84	90	0.0013936203
Polaromonas sp. E19S	1840257	S	1	89	90	0.0013936203
Rhizobacter gummiphilus	946333	S	77	11	88	0.0013626510
Acinetobacter sp. NEB 394	2743575	S	31	56	87	0.0013471663
Bacteroides fragilis	817	S	47	39	86	0.0013316816
Rhodoferax koreense	1842727	S	56	28	84	0.0013007123
Corynebacterium kefirresidentii	1979527	S	63	21	84	0.0013007123
Halomonas sp. JS92-SW72	2306583	S	69	14	83	0.0012852276
Lactobacillus delbrueckii	1584	S	71	12	83	0.0012852276
Flavobacterium sp. MDT1-60	1979344	S	67	16	83	0.0012852276
Bradyrhizobium diazoefficiens	1355477	S	27	55	82	0.0012697430
Bacteroides xylanisolvens	371601	S	43	39	82	0.0012697430
Acidovorax avenae	80867	S	55	26	81	0.0012542583
Massilia sp. CCM 8941	2765360	S	58	23	81	0.0012542583
Hydrogenophaga sp. PBL-H3	434010	S	41	38	79	0.0012232889
Kinneretia sp. DAIF2	2714952	S	66	12	78	0.0012078043
Aquabacterium olei	1296669	S	65	13	78	0.0012078043
Flavobacterium nackdongense	2547394	S	73	5	78	0.0012078043
Ramlibacter tataouinensis	94132	S	68	9	77	0.0011923196
Pseudomonas veronii	76761	S	22	55	77	0.0011923196
Flavobacterium sp. M31R6	2739062	S	67	10	77	0.0011923196
Gordonia bronchialis	2054	S	69	7	76	0.0011768349
Polynucleobacter asymbioticus	576611	S	65	10	75	0.0011613503
Rubrivivax gelatinosus	28068	S	61	14	75	0.0011613503
Simplicispira suum	2109915	S	58	16	74	0.0011458656
Janthinobacterium agaricidamnosum	55508	S	55	19	74	0.0011458656
Flavobacterium sp. Sr18	935222	S	65	9	74	0.0011458656
Hydrogenophaga sp. BPS33	2651974	S	48	25	73	0.0011303809
Diaphorobacter sp. HDW4A	2714924	S	44	29	73	0.0011303809
Flavobacterium sp. KBS0721	1179672	S	50	23	73	0.0011303809
Hydrogenophaga pseudoflava	47421	S	29	43	72	0.0011148963
Ralstonia solanacearum	305	S	37	35	72	0.0011148963
Candidatus Planktophila lacus	1884913	S	70	2	72	0.0011148963
Xanthomonas campestris	339	S	70	1	71	0.0010994116
Sphingomonas sp. HMP9	1517554	S	59	11	70	0.0010839269
Sorangium cellulosum	56	S	61	9	70	0.0010839269
Corynebacterium xerosis	1725	S	59	11	70	0.0010839269
[Ruminococcus] gnavus	33038	S	45	25	70	0.0010839269
Undibacterium sp. KW1	2058624	S	55	14	69	0.0010684422
Klebsiella grimontii	2058152	S	16	53	69	0.0010684422
Variovorax boronicumulans	436515	S	36	32	68	0.0010529576
Ottowia oryzae	2109914	S	60	8	68	0.0010529576
Rhodopseudomonas palustris	1076	S	54	14	68	0.0010529576
Elizabethkingia bruuniana	1756149	S	19	49	68	0.0010529576
Paucibacter sp. KCTC 42545	1768242	S	58	9	67	0.0010374729
Rhodoferax sp. BAB1	2741720	S	55	11	66	0.0010219882
Rhodoferax ferrireducens	192843	S	63	3	66	0.0010219882
Delftia lacustris	558537	S	12	54	66	0.0010219882
Pyruvatibacter mobilis	1712261	S	60	5	65	0.0010065036
Cutibacterium avidum	33010	S	60	5	65	0.0010065036
Variovorax sp. 38R	2774875	S	29	35	64	0.0009910189
Paracoccus sanguinis	1545044	S	56	8	64	0.0009910189
Kocuria palustris	71999	S	57	7	64	0.0009910189
Roseburia intestinalis	166486	S	40	24	64	0.0009910189
Enterocloster clostridioformis	1531	S	17	46	63	0.0009755342
Acidovorax sp. RAC01	1842533	S	43	19	62	0.0009600496
Corynebacterium tuberculostearicum	38304	S	50	12	62	0.0009600496
Collinsella aerofaciens	74426	S	56	6	62	0.0009600496
Megamonas funiformis	437897	S	61	1	62	0.0009600496
Achromobacter xylosoxidans	85698	S	30	31	61	0.0009445649
Brevundimonas sp. 'scallop'	2562582	S	26	35	61	0.0009445649
Blautia obeum	40520	S	41	20	61	0.0009445649
Longibaculum sp. KGMB06250	2584943	S	15	46	61	0.0009445649
Pedobacter roseus	336820	S	49	12	61	0.0009445649
Urbifossiella limnaea	2528023	S	58	3	61	0.0009445649
Opitutus sp. GAS368	1882749	S	57	4	61	0.0009445649
Hydrogenophaga sp. NH-16	2184519	S	20	39	59	0.0009135955
Pseudomonas palleroniana	191390	S	54	5	59	0.0009135955
Candidatus Planktophila dulcis	1884914	S	54	5	59	0.0009135955
Comamonas aquatica	225991	S	44	14	58	0.0008981109
Clostridium botulinum	1491	S	45	13	58	0.0008981109
Acidovorax antarcticus	2743470	S	40	17	57	0.0008826262
Rhodoferax sp. PAMC29310	2822760	S	50	7	57	0.0008826262
Massilia oculi	945844	S	46	11	57	0.0008826262
Bradyrhizobium erythrophlei	1437360	S	53	4	57	0.0008826262
Lawsonella clevelandensis	1528099	S	55	2	57	0.0008826262
Rhodoluna lacicola	529884	S	54	2	56	0.0008671415
Flavobacterium sp. SLB02	2665645	S	42	14	56	0.0008671415
Variovorax sp. PAMC 28711	1795631	S	51	4	55	0.0008516569
Hydrogenophaga crassostreae	1763535	S	54	1	55	0.0008516569
Enterobacter asburiae	61645	S	16	39	55	0.0008516569
Rhodococcus sp. YL-1	1045808	S	12	43	55	0.0008516569
Bradyrhizobium sp.	376	S	20	34	54	0.0008361722
Sphingopyxis sp. MG	1866325	S	9	45	54	0.0008361722
Bacteroides cellulosilyticus	246787	S	51	3	54	0.0008361722
Variovorax sp. WDL1	207745	S	27	26	53	0.0008206875
Rhodoferax antarcticus	81479	S	50	3	53	0.0008206875
Delftia tsuruhatensis	180282	S	12	41	53	0.0008206875
Janthinobacterium tructae	2590869	S	33	20	53	0.0008206875
Methylorubrum extorquens	408	S	26	27	53	0.0008206875
Plantibacter sp. PA-3-X8	2480625	S	30	23	53	0.0008206875
Flavobacterium gilvum	1492737	S	47	6	53	0.0008206875
Flavobacterium psychrophilum	96345	S	46	7	53	0.0008206875
Hydrogenophaga sp. RAC07	1842537	S	38	14	52	0.0008052028
Schlegelella thermodepolymerans	215580	S	42	10	52	0.0008052028
Cutibacterium granulosum	33011	S	48	4	52	0.0008052028
Actinoplanes derwentensis	113562	S	48	4	52	0.0008052028
Flavobacterium sp. 140616W15	2478552	S	43	9	52	0.0008052028
Chryseobacterium balustinum	246	S	40	12	52	0.0008052028
Janthinobacterium sp. HH102	1537274	S	16	35	51	0.0007897182
Roseateles depolymerans	76731	S	44	7	51	0.0007897182
Acinetobacter sp. TTH0-4	1646498	S	44	7	51	0.0007897182
Enterobacter hormaechei	158836	S	9	42	51	0.0007897182
Pasteurella multocida	747	S	28	23	51	0.0007897182
Caulobacter vibrioides	155892	S	36	15	51	0.0007897182
Cupriavidus metallidurans	119219	S	30	20	50	0.0007742335
Lysobacter enzymogenes	69	S	44	6	50	0.0007742335
Klebsiella sp. WP3-W18-ESBL-02	2675710	S	4	46	50	0.0007742335
Anabaena sp. YBS01	2490939	S	3	47	50	0.0007742335
Flavobacterium branchiophilum	55197	S	47	3	50	0.0007742335
Flavobacterium commune	1306519	S	45	5	50	0.0007742335
Methylibium petroleiphilum	105560	S	29	20	49	0.0007587488
Pseudomonas syringae	317	S	25	24	49	0.0007587488
Acinetobacter junii	40215	S	40	9	49	0.0007587488
Delftia acidovorans	80866	S	19	29	48	0.0007432642
Massilia sp. WG5	1707785	S	30	18	48	0.0007432642
Undibacterium sp. YM2	2058625	S	38	10	48	0.0007432642
Methylibium sp. Pch-M	2082386	S	27	21	48	0.0007432642
Bosea sp. RAC05	1842539	S	39	9	48	0.0007432642
Arcobacter suis	1278212	S	40	8	48	0.0007432642
Janibacter sp. YB324	2761047	S	24	24	48	0.0007432642
Candidatus Planktophila versatilis	1884905	S	46	2	48	0.0007432642
Acidovorax monticola	1926868	S	38	9	47	0.0007277795
Variovorax sp. HW608	1034889	S	44	3	47	0.0007277795
Hydrogenophaga sp. BA0156	2716225	S	32	15	47	0.0007277795
Massilia putida	1141883	S	33	14	47	0.0007277795
Pseudomonas psychrotolerans	237610	S	42	5	47	0.0007277795
Frigoriglobus tundricola	2774151	S	42	5	47	0.0007277795
Buchnera aphidicola	9	S	46	0	46	0.0007122948
Brevundimonas vesicularis	41276	S	15	31	46	0.0007122948
Flavobacterium sp. LPB0248	2614441	S	25	21	46	0.0007122948
Massilia sp. NR 4-1	1678028	S	38	7	45	0.0006968102
Janthinobacterium sp. 1_2014MBL_MicDiv	1644131	S	35	10	45	0.0006968102
Cupriavidus taiwanensis	164546	S	32	13	45	0.0006968102
Aureimonas sp. OT7	2816454	S	21	24	45	0.0006968102
Coprococcus catus	116085	S	36	9	45	0.0006968102
Comamonas serinivorans	1082851	S	38	6	44	0.0006813255
Comamonas kerstersii	225992	S	35	9	44	0.0006813255
Massilia violaceinigra	2045208	S	32	12	44	0.0006813255
Xylophilus rhododendri	2697032	S	37	7	44	0.0006813255
Methylobacterium brachiatum	269660	S	33	11	44	0.0006813255
Epilithonimonas vandammei	2487072	S	23	21	44	0.0006813255
Sphingobacterium sp. UDSM-2020	2795738	S	40	4	44	0.0006813255
Variovorax sp. PBL-H6	434009	S	21	22	43	0.0006658408
Melaminivora sp. SC2-9	2109913	S	29	14	43	0.0006658408
Mitsuaria sp. 7	1658665	S	37	6	43	0.0006658408
Methylobacterium oryzae	334852	S	2	41	43	0.0006658408
Sphingopyxis sp. EG6	1874061	S	32	11	43	0.0006658408
Novosphingobium sp. P6W	1609758	S	41	2	43	0.0006658408
Microbacterium sp. PM5	2014534	S	40	3	43	0.0006658408
Microbacterium foliorum	104336	S	38	5	43	0.0006658408
Corynebacterium glutamicum	1718	S	6	37	43	0.0006658408
Bacillus cereus	1396	S	17	26	43	0.0006658408
Polynucleobacter wuianus	1743168	S	32	10	42	0.0006503561
Bibersteinia trehalosi	47735	S	1	41	42	0.0006503561
Rhizobium leguminosarum	384	S	28	14	42	0.0006503561
Haematobacter massiliensis	195105	S	25	17	42	0.0006503561
Flavobacterium sp. I3-2	2748319	S	22	20	42	0.0006503561
Janthinobacterium lividum	29581	S	16	25	41	0.0006348715
Bradyrhizobium lablabi	722472	S	12	29	41	0.0006348715
Rhizobium pusense	648995	S	8	33	41	0.0006348715
Candidatus Liberibacter asiaticus	34021	S	2	39	41	0.0006348715
Lactobacillus helveticus	1587	S	35	6	41	0.0006348715
Flavobacterium indicum	312277	S	38	3	41	0.0006348715
Chryseobacterium indoltheticum	254	S	35	6	41	0.0006348715
Methanothrix soehngenii	2223	S	41	0	41	0.0006348715
Hydrogenophaga sp. YM1	2806262	S	29	11	40	0.0006193868
Serpentinomonas raichei	1458425	S	33	7	40	0.0006193868
Sulfuritalea hydrogenivorans	748811	S	38	2	40	0.0006193868
Caulobacter sp. K31	366602	S	32	8	40	0.0006193868
Schaalia sp. JY-X169	2758572	S	40	0	40	0.0006193868
Ottowia sp. 27C	2816950	S	36	3	39	0.0006039021
Janthinobacterium sp. PLB02	2808899	S	12	27	39	0.0006039021
Gemmobacter sp. HYN0069	2169400	S	34	5	39	0.0006039021
Caulobacter soli	2708539	S	28	11	39	0.0006039021
Aliarcobacter skirrowii	28200	S	31	8	39	0.0006039021
Brevibacterium sp. CS2	2575923	S	35	4	39	0.0006039021
Flavobacterium anhuiense	459526	S	25	14	39	0.0006039021
Comamonas piscis	1562974	S	34	4	38	0.0005884175
Hylemonella gracilis	80880	S	36	2	38	0.0005884175
Pseudomonas fragi	296	S	21	17	38	0.0005884175
Sphingobium sp. KCTC 72723	2733867	S	37	1	38	0.0005884175
Brevundimonas sp. CS1	2813778	S	23	15	38	0.0005884175
Flavobacterium sp. BB8	2816357	S	30	8	38	0.0005884175
Alistipes onderdonkii	328813	S	37	1	38	0.0005884175
Acidovorax sp. HDW3	2714923	S	30	7	37	0.0005729328
Variovorax sp. PBL-E5	434014	S	12	25	37	0.0005729328
Brevundimonas sp. LVF2	2774190	S	34	3	37	0.0005729328
Caulobacter henricii	69395	S	32	5	37	0.0005729328
Flavobacterium sp. CLA17	2724135	S	31	6	37	0.0005729328
Verrucomicrobium spinosum	2736	S	23	14	37	0.0005729328
Burkholderia pseudomallei	28450	S	19	17	36	0.0005574481
Candidatus Methylopumilus rimovensis	2588535	S	33	3	36	0.0005574481
Acinetobacter haemolyticus	29430	S	26	10	36	0.0005574481
Tsuneonella amylolytica	2338327	S	32	4	36	0.0005574481
Paracoccus sp. Arc7-R13	2500532	S	33	3	36	0.0005574481
Pedobacter sp. HDW13	2714940	S	33	3	36	0.0005574481
Sphingobacterium multivorum	28454	S	19	17	36	0.0005574481
Comamonas sp. NLF-7-7	2597701	S	26	9	35	0.0005419635
Paraburkholderia sp. SOS3	1926494	S	34	1	35	0.0005419635
Dechloromonas aromatica	259537	S	30	5	35	0.0005419635
Rheinheimera sp. LHK132	2498451	S	35	0	35	0.0005419635
Vibrio anguillarum	55601	S	33	2	35	0.0005419635
Sphingopyxis macrogoltabida	33050	S	27	8	35	0.0005419635
Novosphingobium resinovorum	158500	S	24	11	35	0.0005419635
Tabrizicola piscis	2494374	S	33	2	35	0.0005419635
Lactococcus cremoris	1359	S	26	9	35	0.0005419635
Luteolibacter luteus	2728835	S	33	2	35	0.0005419635
Afipia sp. GAS231	1882747	S	15	19	34	0.0005264788
Novosphingobium sp. THN1	1016987	S	28	6	34	0.0005264788
Novosphingobium sp. ABRDHK2	2571749	S	26	8	34	0.0005264788
Sphingobium cloacae	120107	S	13	21	34	0.0005264788
Porphyrobacter sp. YT40	2547601	S	18	16	34	0.0005264788
Aurantimicrobium sp. MWH-Mo1	1987356	S	32	2	34	0.0005264788
Tsukamurella tyrosinosolvens	57704	S	26	8	34	0.0005264788
Clostridioides difficile	1496	S	29	5	34	0.0005264788
Pedobacter sp. KBS0701	2578106	S	29	5	34	0.0005264788
Hydrogenophaga sp. PBC	795665	S	21	12	33	0.0005109941
Massilia sp. YMA4	1593482	S	20	13	33	0.0005109941
Janthinobacterium svalbardensis	368607	S	21	12	33	0.0005109941
Dechloromonas sp. HYN0024	2231055	S	28	5	33	0.0005109941
Porphyrobacter sp. LM 6	1896196	S	25	8	33	0.0005109941
Cereibacter sphaeroides	1063	S	30	3	33	0.0005109941
Brevundimonas mediterranea	74329	S	27	6	33	0.0005109941
Caulobacter rhizosphaerae	2010972	S	25	8	33	0.0005109941
Microbacterium oxydans	82380	S	27	6	33	0.0005109941
Rhodococcus sp. 008	1723645	S	6	27	33	0.0005109941
Flavobacterium sp. HYN0086	2249356	S	24	9	33	0.0005109941
Blattabacterium cuenoti	1653831	S	30	3	33	0.0005109941
Pedobacter sp. G11	2482728	S	30	3	33	0.0005109941
Gemmata obscuriglobus	114	S	31	2	33	0.0005109941
Paramecium bursaria Chlorella virus A1	381899	S	33	0	33	0.0005109941
Variovorax sp. PAMC28562	2762323	S	31	1	32	0.0004955094
Polaromonas vacuolata	37448	S	28	4	32	0.0004955094
Diaphorobacter sp. HDW4B	2714925	S	31	1	32	0.0004955094
Pulveribacter suum	2116657	S	26	6	32	0.0004955094
Thermomonas carbonis	1463158	S	32	0	32	0.0004955094
Citrobacter freundii	546	S	10	22	32	0.0004955094
Methylorubrum populi	223967	S	24	8	32	0.0004955094
Sphingomonas sp. IC081	304378	S	10	22	32	0.0004955094
Sphingopyxis sp. 113P3	292913	S	23	9	32	0.0004955094
Corynebacterium segmentosum	43990	S	30	2	32	0.0004955094
Ruminococcus bicirculans	1160721	S	29	3	32	0.0004955094
Flavobacterium columnare	996	S	24	8	32	0.0004955094
Flavobacterium phage vB_FspS_filifjonk9-1	2686245	S	9	23	32	0.0004955094
Hydrogenophaga sp. PAMC20947	2565558	S	30	1	31	0.0004800248
Massilia sp. Se16.2.3	2709303	S	1	30	31	0.0004800248
Massilia albidiflava	321983	S	21	10	31	0.0004800248
Duganella sp. GN2-R2	2728020	S	23	8	31	0.0004800248
Nitrosomonas sp. Is79A3	261292	S	31	0	31	0.0004800248
Sphingomonas sp. AAP5	1523415	S	27	4	31	0.0004800248
Sphingopyxis terrae	33052	S	25	6	31	0.0004800248
Sphingobium yanoikuyae	13690	S	14	17	31	0.0004800248
Rathayibacter festucae	110937	S	20	11	31	0.0004800248
Microcystis aeruginosa	1126	S	26	5	31	0.0004800248
Prochlorococcus marinus	1219	S	21	10	31	0.0004800248
Verminephrobacter eiseniae	364317	S	29	1	30	0.0004645401
Massilia umbonata	864828	S	20	10	30	0.0004645401
Massilia armeniaca	2072590	S	18	12	30	0.0004645401
Pseudomonas azotoformans	47878	S	23	7	30	0.0004645401
Methylobacterium sp. 17Sr1-43	2202828	S	26	4	30	0.0004645401
Methylobacterium aquaticum	270351	S	22	8	30	0.0004645401
Mesorhizobium loti	381	S	13	17	30	0.0004645401
Sphingopyxis fribergensis	1515612	S	25	5	30	0.0004645401
Novosphingobium ginsenosidimutans	1176536	S	29	1	30	0.0004645401
Brevundimonas sp. SGAir0440	2579977	S	21	9	30	0.0004645401
Archangium violaceum	83451	S	19	11	30	0.0004645401
Cloacibacterium normanense	237258	S	28	2	30	0.0004645401
Aeromonas hydrophila	644	S	13	16	29	0.0004490554
Sphingomonas wittichii	160791	S	20	9	29	0.0004490554
Novosphingobium aromaticivorans	48935	S	23	6	29	0.0004490554
Microbacterium paraoxydans	199592	S	4	25	29	0.0004490554
Tsukamurella paurometabola	2061	S	25	4	29	0.0004490554
Massilia flava	871742	S	23	5	28	0.0004335708
Cupriavidus malaysiensis	367825	S	5	23	28	0.0004335708
Bordetella parapertussis	519	S	5	23	28	0.0004335708
Pseudomonas brassicacearum	930166	S	7	21	28	0.0004335708
Acinetobacter guillouiae	106649	S	23	5	28	0.0004335708
Pseudoxanthomonas mexicana	128785	S	23	5	28	0.0004335708
Serratia fonticola	47917	S	22	6	28	0.0004335708
Brevundimonas sp. Bb-A	2560058	S	9	19	28	0.0004335708
Brevundimonas diminuta	293	S	10	18	28	0.0004335708
Caulobacter segnis	88688	S	21	7	28	0.0004335708
Roseomonas mucosa	207340	S	7	21	28	0.0004335708
Corynebacterium efficiens	152794	S	27	1	28	0.0004335708
Actinomyces oris	544580	S	17	11	28	0.0004335708
Anabaena sp. WA102	1647413	S	11	17	28	0.0004335708
Flavobacterium haoranii	683124	S	21	7	28	0.0004335708
Flavobacterium crocinum	2183896	S	20	8	28	0.0004335708
Bacteroides sp. CACC 737	2755405	S	9	19	28	0.0004335708
Parabacteroides sp. CT06	2025876	S	2	26	28	0.0004335708
Lacipirellula limnantheis	2528024	S	24	4	28	0.0004335708
Cupriavidus necator	106590	S	23	4	27	0.0004180861
Acinetobacter wuhouensis	1879050	S	20	7	27	0.0004180861
Acinetobacter towneri	202956	S	11	16	27	0.0004180861
Serratia liquefaciens	614	S	13	14	27	0.0004180861
Sinorhizobium fredii	380	S	13	14	27	0.0004180861
Methylocystis rosea	173366	S	25	2	27	0.0004180861
Sphingomonas sp. NBWT7	2596913	S	23	4	27	0.0004180861
Sphingomonas alpina	653931	S	27	0	27	0.0004180861
Porphyrobacter sp. HT-58-2	2023229	S	23	4	27	0.0004180861
Rhodoluna limnophila	232537	S	27	0	27	0.0004180861
Plantibacter flavus	150123	S	18	9	27	0.0004180861
Jeotgalibaca porci	1868793	S	22	5	27	0.0004180861
Staphylococcus hominis	1290	S	24	3	27	0.0004180861
Spirosoma pollinicola	2057025	S	27	0	27	0.0004180861
Gemmata massiliana	1210884	S	15	12	27	0.0004180861
Massilia sp. LPB0304	2769491	S	22	4	26	0.0004026014
Alcaligenes faecalis	511	S	20	6	26	0.0004026014
Pantoea agglomerans	549	S	24	2	26	0.0004026014
Methylobacterium mesophilicum	39956	S	23	3	26	0.0004026014
Rhodoplanes sp. Z2-YC6860	674703	S	24	2	26	0.0004026014
Sphingomonas sp. FARSPH	2219696	S	18	8	26	0.0004026014
Novosphingobium sp. PP1Y	702113	S	17	9	26	0.0004026014
Caulobacter flavus	1679497	S	21	5	26	0.0004026014
Roseomonas sp. FDAARGOS_362	2018065	S	8	18	26	0.0004026014
Microbacterium sp. BH-3-3-3	1906742	S	24	2	26	0.0004026014
Microbacterium sp. Y-01	2048898	S	21	5	26	0.0004026014
Clavibacter michiganensis	28447	S	22	4	26	0.0004026014
Agreia sp. COWG	2773266	S	25	1	26	0.0004026014
Blautia hansenii	1322	S	17	9	26	0.0004026014
Flavobacterium nitrogenifigens	1617283	S	15	11	26	0.0004026014
Mucilaginibacter rubeus	2027860	S	8	18	26	0.0004026014
Comamonas thiooxydans	363952	S	11	14	25	0.0003871168
Ottowia sp. oral taxon 894	1658672	S	24	1	25	0.0003871168
Polynucleobacter paneuropaeus	2527775	S	23	2	25	0.0003871168
Cupriavidus basilensis	68895	S	18	7	25	0.0003871168
Ralstonia insidiosa	190721	S	19	6	25	0.0003871168
Achromobacter spanius	217203	S	20	5	25	0.0003871168
Bordetella petrii	94624	S	13	12	25	0.0003871168
Azospira restricta	404405	S	19	6	25	0.0003871168
Methylotenera versatilis	1055487	S	24	1	25	0.0003871168
Serratia marcescens	615	S	10	15	25	0.0003871168
Pannonibacter phragmitetus	121719	S	11	14	25	0.0003871168
Sphingomonas sp. MM-1	745310	S	13	12	25	0.0003871168
Croceicoccus marinus	450378	S	16	9	25	0.0003871168
Brevibacterium casei	33889	S	23	2	25	0.0003871168
Kytococcus sedentarius	1276	S	23	2	25	0.0003871168
Actinoplanes sp. N902-109	649831	S	17	8	25	0.0003871168
Streptococcus equinus	1335	S	20	5	25	0.0003871168
Streptococcus salivarius	1304	S	18	7	25	0.0003871168
Lactiplantibacillus plantarum	1590	S	8	17	25	0.0003871168
Coprococcus sp. ART55/1	751585	S	21	4	25	0.0003871168
Sphingobacterium sp. ML3W	1538644	S	23	2	25	0.0003871168
Paludisphaera borealis	1387353	S	20	5	25	0.0003871168
Variovorax sp. RA8	662548	S	15	9	24	0.0003716321
Ralstonia pickettii	329	S	16	8	24	0.0003716321
Azoarcus communis	41977	S	20	4	24	0.0003716321
Pseudomonas sp. FDAARGOS_761	2545800	S	1	23	24	0.0003716321
Rahnella aquatilis	34038	S	9	15	24	0.0003716321
Bradyrhizobium ottawaense	931866	S	2	22	24	0.0003716321
Methylobacterium sp. WL1	2603276	S	21	3	24	0.0003716321
Sphingomonas taxi	1549858	S	23	1	24	0.0003716321
Sphingobium herbicidovorans	76947	S	15	9	24	0.0003716321
Corynebacterium sp. L2-79-05	373068	S	2	22	24	0.0003716321
Corynebacterium jeikeium	38289	S	12	12	24	0.0003716321
Streptomyces venezuelae	54571	S	22	2	24	0.0003716321
Blautia producta	33035	S	12	12	24	0.0003716321
Muricauda sp. 501str8	2698672	S	16	8	24	0.0003716321
Chryseobacterium sp. NEB161	2724619	S	16	8	24	0.0003716321
Bacteroides eggerthii	28111	S	21	3	24	0.0003716321
Anatilimnocola aggregata	2528021	S	22	2	24	0.0003716321
Massilia plicata	321984	S	18	5	23	0.0003561474
Collimonas arenae	279058	S	21	2	23	0.0003561474
Collimonas pratensis	279113	S	20	3	23	0.0003561474
Cupriavidus oxalaticus	96344	S	19	4	23	0.0003561474
Inhella inkyongensis	392593	S	21	2	23	0.0003561474
Achromobacter deleyi	1353891	S	9	14	23	0.0003561474
Pseudomonas tolaasii	29442	S	19	4	23	0.0003561474
Pseudomonas extremaustralis	359110	S	20	3	23	0.0003561474
Acinetobacter indicus	756892	S	17	6	23	0.0003561474
Bradyrhizobium canariense	255045	S	22	1	23	0.0003561474
Methylobacterium sp. C1	1479019	S	3	20	23	0.0003561474
Caenibius tardaugens	169176	S	9	14	23	0.0003561474
Sphingomonas panacis	1560345	S	23	0	23	0.0003561474
Sphingopyxis sp. PAMC25046	2565556	S	18	5	23	0.0003561474
Brevundimonas sp. LVF1	2774189	S	19	4	23	0.0003561474
Brevundimonas sp. GW460-12-10-14-LB2	1827469	S	11	12	23	0.0003561474
Phenylobacterium zucineum	284016	S	20	3	23	0.0003561474
Azospirillum brasilense	192	S	12	11	23	0.0003561474
Arcobacter venerupis	1054033	S	20	3	23	0.0003561474
Flavobacterium sp. CJ74	2294119	S	22	1	23	0.0003561474
Bacteroides caccae	47678	S	23	0	23	0.0003561474
Sphingobacterium sp. 21	743722	S	3	20	23	0.0003561474
Runella sp. HYN0085	2259595	S	21	2	23	0.0003561474
Runella slithyformis	106	S	21	2	23	0.0003561474
Variovorax sp. PBS-H4	434008	S	15	7	22	0.0003406627
Serpentinomonas mccroryi	1458426	S	18	4	22	0.0003406627
Herbaspirillum robiniae	2014887	S	17	5	22	0.0003406627
Candidatus Methylopumilus universalis	2588536	S	18	4	22	0.0003406627
Sulfuritortus calidifontis	1914471	S	18	4	22	0.0003406627
Acinetobacter sp. 10FS3-1	2563897	S	14	8	22	0.0003406627
Stenotrophomonas rhizophila	216778	S	21	1	22	0.0003406627
Salmonella enterica	28901	S	8	14	22	0.0003406627
Methylobacterium phyllosphaerae	418223	S	4	18	22	0.0003406627
Agrobacterium tumefaciens	358	S	13	9	22	0.0003406627
Brucella anthropi	529	S	5	17	22	0.0003406627
Sphingomonas koreensis	93064	S	15	7	22	0.0003406627
Novosphingobium sp. KA1	164608	S	8	14	22	0.0003406627
Sphingobium sp. YG1	2082188	S	17	5	22	0.0003406627
Caulobacter sp. FWC26	69665	S	15	7	22	0.0003406627
Microbacterium hominis	162426	S	19	3	22	0.0003406627
Dermacoccus sp. PAMC28757	2762331	S	21	1	22	0.0003406627
Rothia amarae	169480	S	16	6	22	0.0003406627
Mycolicibacterium phocaicum	319706	S	19	3	22	0.0003406627
Candidatus Planktophila limnetica	573600	S	22	0	22	0.0003406627
Micromonospora aurantiaca	47850	S	4	18	22	0.0003406627
Streptococcus oralis	1303	S	18	4	22	0.0003406627
Oscillibacter sp. PEA192	2109687	S	5	17	22	0.0003406627
Geminocystis sp. NIES-3708	1615909	S	18	4	22	0.0003406627
Flavobacterium kingsejongi	1678728	S	20	2	22	0.0003406627
Chryseobacterium sp. 3008163	2478663	S	20	2	22	0.0003406627
Planctomyces sp. SH-PL62	1636152	S	16	6	22	0.0003406627
Humisphaera borealis	2807512	S	22	0	22	0.0003406627
Variovorax sp. PAMC26660	2762322	S	18	3	21	0.0003251781
Diaphorobacter polyhydroxybutyrativorans	1546149	S	2	19	21	0.0003251781
Massilia lutea	321985	S	16	5	21	0.0003251781
Herbaspirillum sp. meg3	2025949	S	19	2	21	0.0003251781
Dechloromonas sp. TW-R-39-2	2654218	S	18	3	21	0.0003251781
Casimicrobium huifangae	2591109	S	18	3	21	0.0003251781
Acinetobacter sp. CS-2	2798861	S	15	6	21	0.0003251781
Thermomonas sp. HDW16	2714945	S	20	1	21	0.0003251781
Aeromonas salmonicida	645	S	8	13	21	0.0003251781
Methylobacterium indicum	1775910	S	15	6	21	0.0003251781
Sphingopyxis lindanitolerans	2054227	S	18	3	21	0.0003251781
Defluviimonas alba	1335048	S	15	6	21	0.0003251781
Labilithrix luteola	1391654	S	21	0	21	0.0003251781
Plantibacter sp. M259	2583822	S	12	9	21	0.0003251781
Thermobifida fusca	2021	S	20	1	21	0.0003251781
Aerococcus urinaeequi	51665	S	16	5	21	0.0003251781
Lacrimispora saccharolytica	84030	S	17	4	21	0.0003251781
Peptacetobacter hiranonis	89152	S	20	1	21	0.0003251781
Flavobacterium faecale	1355330	S	19	2	21	0.0003251781
Mucilaginibacter celer	2305508	S	21	0	21	0.0003251781
Variovorax sp. RKNM96	2681552	S	15	5	20	0.0003096934
Comamonas koreensis	160825	S	17	3	20	0.0003096934
Azoarcus sp. DD4	2027405	S	14	6	20	0.0003096934
Azospira sp. I09	1765049	S	7	13	20	0.0003096934
Pseudomonas sp. CFSAN084952	2664899	S	4	16	20	0.0003096934
Pseudomonas orientalis	76758	S	17	3	20	0.0003096934
Pseudomonas asiatica	2219225	S	2	18	20	0.0003096934
Acinetobacter piscicola	2006115	S	15	5	20	0.0003096934
Enterobacter cloacae	550	S	9	11	20	0.0003096934
Bradyrhizobium japonicum	375	S	10	10	20	0.0003096934
Sphingomonas sp. Cra20	1327635	S	20	0	20	0.0003096934
Sphingomonas sp. NIC1	1961362	S	10	10	20	0.0003096934
Sphingomonas sanxanigenens	397260	S	15	5	20	0.0003096934
Sphingopyxis alaskensis	117207	S	19	1	20	0.0003096934
Brevundimonas sp. M20	2591463	S	19	1	20	0.0003096934
Brevundimonas sp. AJA228-03	2752515	S	19	1	20	0.0003096934
Bacteriovorax stolpii	960	S	20	0	20	0.0003096934
Brevibacterium linens	1703	S	15	5	20	0.0003096934
Massilistercora timonensis	2086584	S	15	5	20	0.0003096934
Faecalitalea cylindroides	39483	S	12	8	20	0.0003096934
Flavobacterium crassostreae	1763534	S	17	3	20	0.0003096934
Bacteroides sp. HF-162	2785531	S	5	15	20	0.0003096934
Mucilaginibacter ginsenosidivorax	862126	S	20	0	20	0.0003096934
Aquirufa nivalisilvae	2516557	S	19	1	20	0.0003096934
Haliscomenobacter hydrossis	2350	S	20	0	20	0.0003096934
Singulisphaera acidiphila	466153	S	17	3	20	0.0003096934
Opitutus terrae	107709	S	20	0	20	0.0003096934
Candidatus Saccharimonas aalborgensis	1332188	S	19	1	20	0.0003096934
Acidovorax citrulli	80869	S	10	9	19	0.0002942087
Variovorax sp. SRS16	282217	S	7	12	19	0.0002942087
Undibacterium parvum	401471	S	18	1	19	0.0002942087
Cupriavidus pauculus	82633	S	17	2	19	0.0002942087
Candidatus Accumulibacter phosphatis	327160	S	19	0	19	0.0002942087
Pseudomonas sp. NIBRBAC000502773	2590776	S	13	6	19	0.0002942087
Pseudomonas viridiflava	33069	S	19	0	19	0.0002942087
Pseudomonas koreensis	198620	S	15	4	19	0.0002942087
Psychrobacter sp. G	571800	S	8	11	19	0.0002942087
Ahniella affigens	2021234	S	19	0	19	0.0002942087
Raoultella ornithinolytica	54291	S	5	14	19	0.0002942087
Bradyrhizobium sp. ORS 285	115808	S	16	3	19	0.0002942087
Bradyrhizobium arachidis	858423	S	14	5	19	0.0002942087
Methylobacterium sp. 4-46	426117	S	17	2	19	0.0002942087
Sphingobium sp. YBL2	484429	S	4	15	19	0.0002942087
Caulobacter mirabilis	69666	S	17	2	19	0.0002942087
Haliangium ochraceum	80816	S	19	0	19	0.0002942087
Leifsonia xyli	1575	S	17	2	19	0.0002942087
Humibacter sp. BT305	2282656	S	3	16	19	0.0002942087
Candidatus Planktophila vernalis	1884907	S	19	0	19	0.0002942087
Bifidobacterium catenulatum	1686	S	16	3	19	0.0002942087
Clostridium saccharoperbutylacetonicum	36745	S	19	0	19	0.0002942087
Amedibacterium intestinale	2583452	S	13	6	19	0.0002942087
Pedobacter sp. SW-16	2766984	S	17	2	19	0.0002942087
Gemmatimonas phototrophica	1379270	S	18	1	19	0.0002942087
Pirellula sp. SH-Sr6A	1632865	S	19	0	19	0.0002942087
Aquisphaera giovannonii	406548	S	17	2	19	0.0002942087
Nibricoccus aquaticus	2576891	S	19	0	19	0.0002942087
Janthinobacterium sp. Marseille	375286	S	14	4	18	0.0002787241
Bordetella genomosp. 9	1416803	S	16	2	18	0.0002787241
Bordetella genomosp. 13	463040	S	13	5	18	0.0002787241
Candidatus Methylopumilus turicensis	1581680	S	17	1	18	0.0002787241
Bosea sp. ANAM02	2020412	S	14	4	18	0.0002787241
Sphingomonas sp. AP4-R1	2735134	S	18	0	18	0.0002787241
Sphingopyxis sp. OPL5	2486273	S	16	2	18	0.0002787241
Sphingobium sp. TKS	1315974	S	8	10	18	0.0002787241
Paracoccus zhejiangensis	1077935	S	15	3	18	0.0002787241
Brevundimonas naejangsanensis	588932	S	15	3	18	0.0002787241
Magnetospirillum magneticum	84159	S	15	3	18	0.0002787241
Sandaracinus amylolyticus	927083	S	18	0	18	0.0002787241
Bdellovibrio bacteriovorus	959	S	16	2	18	0.0002787241
Micrococcus sp. KBS0714	1179670	S	3	15	18	0.0002787241
Lactococcus raffinolactis	1366	S	17	1	18	0.0002787241
Enterococcus faecium	1352	S	10	8	18	0.0002787241
Urechidicola croceus	1850246	S	11	7	18	0.0002787241
Fluviicola taffensis	191579	S	18	0	18	0.0002787241
Alistipes shahii	328814	S	17	1	18	0.0002787241
Spirosoma sp. KUDC1026	2745947	S	18	0	18	0.0002787241
Lacipirellula parvula	2650471	S	16	2	18	0.0002787241
Luteitalea pratensis	1855912	S	18	0	18	0.0002787241
Herbaspirillum hiltneri	341045	S	15	2	17	0.0002632394
Collimonas fungivorans	158899	S	15	2	17	0.0002632394
Burkholderia cenocepacia	95486	S	8	9	17	0.0002632394
Cupriavidus sp. USMAA2-4	876364	S	3	14	17	0.0002632394
Pandoraea pnomenusa	93220	S	13	4	17	0.0002632394
Achromobacter pestifer	1353889	S	10	7	17	0.0002632394
Pseudomonas synxantha	47883	S	13	4	17	0.0002632394
Pseudomonas chlororaphis	587753	S	14	3	17	0.0002632394
Acinetobacter sp. WCHAc010034	1879049	S	13	4	17	0.0002632394
Pseudoxanthomonas suwonensis	314722	S	16	1	17	0.0002632394
Bradyrhizobium cosmicum	1404864	S	13	4	17	0.0002632394
Devosia sp. A16	1736675	S	15	2	17	0.0002632394
Hyphomicrobium denitrificans	53399	S	12	5	17	0.0002632394
Pseudolabrys taiwanensis	331696	S	15	2	17	0.0002632394
Nordella sp. HKS 07	2712222	S	17	0	17	0.0002632394
Sphingomonas sp. XS-10	2599297	S	17	0	17	0.0002632394
Sphingomonas sp. CL5.1	2653203	S	15	2	17	0.0002632394
Sphingomonas paucimobilis	13689	S	14	3	17	0.0002632394
Sphingobium amiense	135719	S	7	10	17	0.0002632394
Sphingobium baderi	1332080	S	7	10	17	0.0002632394
Micropruina glycogenica	75385	S	16	1	17	0.0002632394
Rothia dentocariosa	2047	S	16	1	17	0.0002632394
Streptomyces sp. SUK 48	2582831	S	14	3	17	0.0002632394
Actinoplanes sp. OR16	946334	S	9	8	17	0.0002632394
Actinoplanes teichomyceticus	1867	S	14	3	17	0.0002632394
Streptococcus agalactiae	1311	S	3	14	17	0.0002632394
Roseburia hominis	301301	S	12	5	17	0.0002632394
Meiothermus silvanus	52022	S	16	1	17	0.0002632394
Kordia antarctica	1218801	S	16	1	17	0.0002632394
Prevotella sp. WR041	2801997	S	17	0	17	0.0002632394
Roseimicrobium sp. ORNL1	2711231	S	14	3	17	0.0002632394
Burkholderia contaminans	488447	S	12	4	16	0.0002477547
Cupriavidus gilardii	82541	S	4	12	16	0.0002477547
Paraburkholderia xenovorans	36873	S	9	7	16	0.0002477547
Lautropia mirabilis	47671	S	15	1	16	0.0002477547
Pseudomonas sp. VLB120	69328	S	4	12	16	0.0002477547
Pseudomonas syringae group genomosp. 3	251701	S	2	14	16	0.0002477547
Pseudomonas oleovorans	301	S	5	11	16	0.0002477547
Enterobacter roggenkampii	1812935	S	5	11	16	0.0002477547
Tardiphaga robiniae	943830	S	15	1	16	0.0002477547
Microvirga sp. VF16	2807101	S	14	2	16	0.0002477547
Microvirga ossetica	1882682	S	14	2	16	0.0002477547
Sinorhizobium meliloti	382	S	12	4	16	0.0002477547
Labrys sp. KNU-23	2789216	S	15	1	16	0.0002477547
Sphingomonas sp. DH-S5	2759526	S	16	0	16	0.0002477547
Sphingomonas insulae	424800	S	15	1	16	0.0002477547
Novosphingobium sp. ES2-1	2780074	S	12	4	16	0.0002477547
Croceicoccus naphthovorans	1348774	S	6	10	16	0.0002477547
Rhodobacter blasticus	1075	S	16	0	16	0.0002477547
Yoonia vestfoldensis	245188	S	11	5	16	0.0002477547
Brevundimonas sp. DS20	1532555	S	5	11	16	0.0002477547
Terricaulis silvestris	2686094	S	16	0	16	0.0002477547
Niveispirillum cyanobacteriorum	1612173	S	14	2	16	0.0002477547
Roseococcus sp. NIBR12	2771361	S	16	0	16	0.0002477547
Phreatobacter stygius	1940610	S	15	1	16	0.0002477547
Campylobacter jejuni	197	S	3	13	16	0.0002477547
Propionibacterium freudenreichii	1744	S	6	10	16	0.0002477547
Nocardioides aromaticivorans	200618	S	12	4	16	0.0002477547
Frigoribacterium sp. NBH87	2596916	S	15	1	16	0.0002477547
Rhodococcus fascians	1828	S	14	2	16	0.0002477547
Mycobacterium sp. YC-RL4	1682113	S	13	3	16	0.0002477547
Actinosynnema pretiosum	42197	S	4	12	16	0.0002477547
Bacillus thuringiensis	1428	S	8	8	16	0.0002477547
Priestia megaterium	1404	S	5	11	16	0.0002477547
Fischerella sp. NIES-3754	1752063	S	10	6	16	0.0002477547
Flavobacterium sediminis	2201181	S	9	7	16	0.0002477547
Myroides fluvii	2572594	S	15	1	16	0.0002477547
Candidatus Cloacimonas acidaminovorans	456827	S	16	0	16	0.0002477547
Akkermansia muciniphila	239935	S	14	2	16	0.0002477547
Natrialba magadii	13769	S	13	3	16	0.0002477547
Flavobacterium phage vB_FspS_mymlan6-1	2686266	S	3	13	16	0.0002477547
Herbaspirillum rubrisubalbicans	80842	S	10	5	15	0.0002322701
Cupriavidus pinatubonensis	248026	S	11	4	15	0.0002322701
Paraburkholderia tropica	92647	S	14	1	15	0.0002322701
Candidatus Methylopumilus planktonicus	1581557	S	12	3	15	0.0002322701
Pseudomonas sp. S150	2559074	S	7	8	15	0.0002322701
Pseudomonas entomophila	312306	S	14	1	15	0.0002322701
Acinetobacter sp. NEB149	2725684	S	4	11	15	0.0002322701
Acinetobacter seifertii	1530123	S	11	4	15	0.0002322701
Stenotrophomonas acidaminiphila	128780	S	8	7	15	0.0002322701
Candidatus Erwinia haradaeae	1922217	S	15	0	15	0.0002322701
Aeromonas sp. ASNIH4	1636609	S	5	10	15	0.0002322701
Aeromonas veronii	654	S	12	3	15	0.0002322701
Bradyrhizobium sp. SK17	2057741	S	11	4	15	0.0002322701
Methylobacterium sp. DM1	2067957	S	4	11	15	0.0002322701
Sphingobium hydrophobicum	1673076	S	9	6	15	0.0002322701
Rhizorhabdus dicambivorans	1850238	S	8	7	15	0.0002322701
Rhodobacter capsulatus	1061	S	14	1	15	0.0002322701
Brevundimonas sp. LM2	1938605	S	14	1	15	0.0002322701
Pseudoarcobacter acticola	1849015	S	15	0	15	0.0002322701
Minicystis rosea	888845	S	14	1	15	0.0002322701
Desulfovibrio desulfuricans	876	S	9	6	15	0.0002322701
Janibacter limosus	53458	S	14	1	15	0.0002322701
Brachybacterium sp. SGAir0954	2571029	S	14	1	15	0.0002322701
Corynebacterium variabile	1727	S	12	3	15	0.0002322701
Rhodococcus sp. AQ5-07	2054902	S	4	11	15	0.0002322701
Kitasatospora albolonga	68173	S	12	3	15	0.0002322701
Candidatus Nanopelagicus limnes	1884634	S	14	1	15	0.0002322701
Gardnerella vaginalis	2702	S	12	3	15	0.0002322701
Leuconostoc citreum	33964	S	4	11	15	0.0002322701
Lacticaseibacillus paracasei	1597	S	7	8	15	0.0002322701
Staphylococcus nepalensis	214473	S	14	1	15	0.0002322701
Enterocloster bolteae	208479	S	13	2	15	0.0002322701
Chondrocystis sp. NIES-4102	2005460	S	11	4	15	0.0002322701
Capnocytophaga canimorsus	28188	S	13	2	15	0.0002322701
Olleya aquimaris	639310	S	11	4	15	0.0002322701
Mucilaginibacter xinganensis	1234841	S	15	0	15	0.0002322701
Spirosoma sp. PL0136	2710596	S	14	1	15	0.0002322701
Gemmatimonas sp. TET16	2732249	S	14	1	15	0.0002322701
Diaphorobacter ruginosibacter	1715720	S	13	1	14	0.0002167854
Herbaspirillum huttiense	863372	S	9	5	14	0.0002167854
Noviherbaspirillum sp. UKPF54	2601898	S	13	1	14	0.0002167854
Burkholderia multivorans	87883	S	12	2	14	0.0002167854
Orrella dioscoreae	1851544	S	12	2	14	0.0002167854
Crenobacter cavernae	2290923	S	12	2	14	0.0002167854
Methylotenera mobilis	359408	S	14	0	14	0.0002167854
Denitratisoma sp. DHT3	1981880	S	9	5	14	0.0002167854
Usitatibacter rugosus	2732067	S	14	0	14	0.0002167854
Pseudomonas alcaligenes	43263	S	11	3	14	0.0002167854
Pseudomonas litoralis	797277	S	14	0	14	0.0002167854
Acinetobacter soli	487316	S	14	0	14	0.0002167854
Psychrobacter sp. P11G5	1699624	S	5	9	14	0.0002167854
Rahnella aceris	2703885	S	2	12	14	0.0002167854
Pantoea vagans	470934	S	7	7	14	0.0002167854
Cellvibrio sp. KY-GH-1	2303332	S	12	2	14	0.0002167854
Cellvibrio sp. KY-YJ-3	454662	S	11	3	14	0.0002167854
Candidatus Rickettsiella viridis	676208	S	13	1	14	0.0002167854
Bradyrhizobium sp. CCBAU 051011	858422	S	12	2	14	0.0002167854
Bradyrhizobium paxllaeri	190148	S	12	2	14	0.0002167854
Bosea sp. PAMC 26642	1792307	S	13	1	14	0.0002167854
Sinorhizobium sp. RAC02	1842534	S	12	2	14	0.0002167854
Ancylobacter sp. TS-1	1850374	S	10	4	14	0.0002167854
Sphingomonas hengshuiensis	1609977	S	14	0	14	0.0002167854
Sphingobium sp. MI1205	407020	S	6	8	14	0.0002167854
Sphingobium sp. RSMS	520734	S	3	11	14	0.0002167854
Paracoccus aminophilus	34003	S	13	1	14	0.0002167854
Sulfitobacter pseudonitzschiae	1402135	S	10	4	14	0.0002167854
Brevundimonas subvibrioides	74313	S	13	1	14	0.0002167854
Azospirillum thermophilum	2202148	S	12	2	14	0.0002167854
Stella humosa	94	S	13	1	14	0.0002167854
Aliarcobacter cibarius	255507	S	13	1	14	0.0002167854
Arcobacter defluvii	873191	S	12	2	14	0.0002167854
Sulfurospirillum sp. UCH001	1581011	S	14	0	14	0.0002167854
Geobacter sp. M18	443143	S	9	5	14	0.0002167854
Tessaracoccus flavescens	399497	S	12	2	14	0.0002167854
Nocardioides sp. HDW12B	2714939	S	12	2	14	0.0002167854
Microbacterium aurum	36805	S	12	2	14	0.0002167854
Mycobacterium sp. KMS	189918	S	2	12	14	0.0002167854
Conexibacter woesei	191495	S	13	1	14	0.0002167854
Streptococcus pneumoniae	1313	S	7	7	14	0.0002167854
Carnobacterium maltaromaticum	2751	S	13	1	14	0.0002167854
Phocaeicola coprophilus	387090	S	12	2	14	0.0002167854
Adhaeribacter swui	2086471	S	13	1	14	0.0002167854
Tautonia plasticadhaerens	2527974	S	14	0	14	0.0002167854
Candidatus Nitrosotalea okcheonensis	1903276	S	14	0	14	0.0002167854
Acidovorax cattleyae	80868	S	8	5	13	0.0002013007
Janthinobacterium sp. LM6	1938606	S	9	4	13	0.0002013007
Polynucleobacter sp. LimPoW16	1743162	S	13	0	13	0.0002013007
Burkholderia gladioli	28095	S	13	0	13	0.0002013007
Paraburkholderia acidisoli	2571748	S	12	1	13	0.0002013007
Chitinimonas arctica	2594795	S	13	0	13	0.0002013007
Achromobacter denitrificans	32002	S	8	5	13	0.0002013007
Laribacter hongkongensis	168471	S	10	3	13	0.0002013007
Azoarcus sp. DN11	356837	S	10	3	13	0.0002013007
Thauera sp. K11	2005884	S	10	3	13	0.0002013007
Thauera aromatica	59405	S	6	7	13	0.0002013007
Azospira oryzae	146939	S	5	8	13	0.0002013007
Aromatoleum aromaticum	551760	S	9	4	13	0.0002013007
Methyloversatilis sp. RAC08	1842540	S	13	0	13	0.0002013007
Sterolibacterium denitrificans	157592	S	11	2	13	0.0002013007
Pseudomonas fulva	47880	S	13	0	13	0.0002013007
Pseudomonas psychrophila	122355	S	13	0	13	0.0002013007
Pseudomonas rhizosphaerae	216142	S	13	0	13	0.0002013007
Stenotrophomonas sp. SAU14A_NAIMI4_8	2072409	S	3	10	13	0.0002013007
Lysobacter solisilvae	2763317	S	13	0	13	0.0002013007
Luteimonas sp. YGD11-2	2508168	S	12	1	13	0.0002013007
Arenimonas daejeonensis	370777	S	13	0	13	0.0002013007
Luteibacter pinisoli	2589080	S	12	1	13	0.0002013007
Citrobacter sp. CF971	2566012	S	1	12	13	0.0002013007
Proteus vulgaris	585	S	5	8	13	0.0002013007
Haemophilus parainfluenzae	729	S	12	1	13	0.0002013007
Bradyrhizobium sp. 6(2017)	1197460	S	11	2	13	0.0002013007
Bradyrhizobium sp. CCBAU 53340	1325112	S	7	6	13	0.0002013007
Bradyrhizobium icense	1274631	S	12	1	13	0.0002013007
Bradyrhizobium guangdongense	1325090	S	6	7	13	0.0002013007
Bosea sp. Tri-49	1867715	S	12	1	13	0.0002013007
Methylobacterium durans	2202825	S	12	1	13	0.0002013007
Methylobacterium terrae	2202827	S	10	3	13	0.0002013007
Rhizobium oryzihabitans	2267833	S	6	7	13	0.0002013007
Mesorhizobium sp. N3	675281	S	11	2	13	0.0002013007
Aminobacter sp. SR38	2774562	S	3	10	13	0.0002013007
Pseudolabrys sp. FHR47	2562284	S	12	1	13	0.0002013007
Sphingopyxis sp. QXT-31	1357916	S	11	2	13	0.0002013007
Novosphingobium sp. Gsoil 351	2675225	S	13	0	13	0.0002013007
Sphingobium sp. SYK-6	627192	S	11	2	13	0.0002013007
Sphingobium sp. CAP-1	2676077	S	8	5	13	0.0002013007
Paracoccus pantotrophus	82367	S	11	2	13	0.0002013007
Sulfitobacter sp. D7	1968541	S	9	4	13	0.0002013007
Sagittula sp. P11	2009329	S	6	7	13	0.0002013007
Confluentimicrobium sp. EMB200-NS6	1609966	S	6	7	13	0.0002013007
Magnetospirillum gryphiswaldense	55518	S	13	0	13	0.0002013007
Myxococcus xanthus	34	S	8	5	13	0.0002013007
Corallococcus coralloides	184914	S	10	3	13	0.0002013007
Microbacterium lemovicicum	1072463	S	12	1	13	0.0002013007
Rathayibacter sp. VKM Ac-2759	2609252	S	11	2	13	0.0002013007
Rathayibacter sp. VKM Ac-2804	2609257	S	9	4	13	0.0002013007
Arthrobacter alpinus	656366	S	5	8	13	0.0002013007
Corynebacterium testudinoris	136857	S	13	0	13	0.0002013007
Corynebacterium bovis	36808	S	13	0	13	0.0002013007
Mycolicibacterium boenickei	146017	S	5	8	13	0.0002013007
Mycobacteroides abscessus	36809	S	6	7	13	0.0002013007
Streptomyces sp. SS52	2563602	S	4	9	13	0.0002013007
Lentzea guizhouensis	1586287	S	12	1	13	0.0002013007
Catenulispora acidiphila	304895	S	13	0	13	0.0002013007
Actinomarinicola tropica	2789776	S	13	0	13	0.0002013007
Clostridium perfringens	1502	S	13	0	13	0.0002013007
Capnocytophaga sputigena	1019	S	10	3	13	0.0002013007
Tenacibaculum todarodis	1850252	S	11	2	13	0.0002013007
Kordia sp. SMS9	2282170	S	12	1	13	0.0002013007
Chryseobacterium lactis	1241981	S	9	4	13	0.0002013007
Paludibacter propionicigenes	185300	S	13	0	13	0.0002013007
Pedobacter heparinus	984	S	13	0	13	0.0002013007
Lacibacter sp. S13-6-6	2760713	S	13	0	13	0.0002013007
Gemmatirosa kalamazoonesis	861299	S	12	1	13	0.0002013007
Methanosarcina mazei	2209	S	13	0	13	0.0002013007
Methanosarcina sp. Kolksee	1434099	S	3	10	13	0.0002013007
Polynucleobacter sp. MWH-UH21B	1743174	S	11	1	12	0.0001858160
Burkholderia sp. PAMC 26561	1795043	S	6	6	12	0.0001858160
Pandoraea thiooxydans	445709	S	12	0	12	0.0001858160
Pandoraea apista	93218	S	9	3	12	0.0001858160
Limnobacter sp. SAORIC-580	2732163	S	12	0	12	0.0001858160
Aquitalea sp. USM4	1590041	S	9	3	12	0.0001858160
Azoarcus sp. M9-3-2	2016596	S	12	0	12	0.0001858160
Azoarcus olearius	418699	S	10	2	12	0.0001858160
Aromatoleum bremense	76115	S	8	4	12	0.0001858160
Pseudomonas sp. S34	1573718	S	11	1	12	0.0001858160
Pseudomonas sp. URMO17WK12:I11	1283291	S	7	5	12	0.0001858160
Pseudomonas cichorii	36746	S	12	0	12	0.0001858160
Pseudomonas graminis	158627	S	10	2	12	0.0001858160
Acinetobacter sp. NCu2D-2	1608473	S	11	1	12	0.0001858160
Acinetobacter sp. WCHA55	2004646	S	7	5	12	0.0001858160
Acinetobacter pittii	48296	S	4	8	12	0.0001858160
Acinetobacter radioresistens	40216	S	10	2	12	0.0001858160
Acinetobacter schindleri	108981	S	8	4	12	0.0001858160
Psychrobacter sp. P11F6	1699621	S	11	1	12	0.0001858160
Pseudolysobacter antarcticus	2511995	S	12	0	12	0.0001858160
Proteus mirabilis	584	S	9	3	12	0.0001858160
Neptunomonas japonica	417574	S	12	0	12	0.0001858160
Rheinheimera sp. F8	1763998	S	12	0	12	0.0001858160
Thioalkalivibrio sulfidiphilus	1033854	S	10	2	12	0.0001858160
Legionella oakridgensis	29423	S	11	1	12	0.0001858160
Legionella pneumophila	446	S	9	3	12	0.0001858160
Neorhizobium galegae	399	S	12	0	12	0.0001858160
Ensifer sp. PDNC004	2811423	S	8	4	12	0.0001858160
Shinella sp. HZN7	879274	S	6	6	12	0.0001858160
Mesorhizobium sp. 113-3-3	2744516	S	8	4	12	0.0001858160
Ancylobacter pratisalsi	1745854	S	10	2	12	0.0001858160
Aureimonas populi	1701758	S	11	1	12	0.0001858160
Martelella sp. AD-3	686597	S	3	9	12	0.0001858160
Chelatococcus sp. CO-6	1702325	S	9	3	12	0.0001858160
Sphingomonas sp. LK11	1390395	S	11	1	12	0.0001858160
Sphingobium sp. RAC03	1843368	S	11	1	12	0.0001858160
Blastomonas fulva	1550728	S	7	5	12	0.0001858160
Sphingosinithalassobacter sp. CS137	2762748	S	11	1	12	0.0001858160
Citromicrobium sp. JL477	1634516	S	9	3	12	0.0001858160
Novosphingopyxis sp. PB63	2762729	S	9	3	12	0.0001858160
Erythrobacter sp. HL-111	1798193	S	11	1	12	0.0001858160
Altererythrobacter sp. B11	2060312	S	10	2	12	0.0001858160
Salipiger profundus	1229727	S	7	5	12	0.0001858160
Arcobacter ellisii	913109	S	9	3	12	0.0001858160
Sulfuricurvum kujiense	148813	S	12	0	12	0.0001858160
Nocardioides sp. S5	2017486	S	9	3	12	0.0001858160
Nocardioides sp. CF8	110319	S	9	3	12	0.0001858160
Nocardioides ungokensis	1643322	S	10	2	12	0.0001858160
Protaetiibacter intestinalis	2419774	S	11	1	12	0.0001858160
Brachybacterium faecium	43669	S	11	1	12	0.0001858160
Corynebacterium propinquum	43769	S	12	0	12	0.0001858160
Mycolicibacterium helvum	1534349	S	12	0	12	0.0001858160
Mycobacterium paraintracellulare	1138383	S	2	10	12	0.0001858160
Saccharomonospora marina	632569	S	10	2	12	0.0001858160
Schaalia odontolytica	1660	S	8	4	12	0.0001858160
Streptococcus gallolyticus	315405	S	7	5	12	0.0001858160
Lactobacillus crispatus	47770	S	11	1	12	0.0001858160
Staphylococcus pasteuri	45972	S	11	1	12	0.0001858160
Clostridium beijerinckii	1520	S	10	2	12	0.0001858160
Acidaminococcus intestini	187327	S	12	0	12	0.0001858160
Scytonema sp. NIES-4073	2005464	S	8	4	12	0.0001858160
Flavobacterium album	2175091	S	12	0	12	0.0001858160
Winogradskyella forsetii	2686077	S	7	5	12	0.0001858160
Algibacter sp. L1A34	2686365	S	9	3	12	0.0001858160
Kaistella jeonii	266749	S	12	0	12	0.0001858160
Chryseobacterium haifense	421525	S	5	7	12	0.0001858160
Bacteroides sp. HF-5287	2650157	S	11	1	12	0.0001858160
Pedobacter sp. CJ43	2605747	S	12	0	12	0.0001858160
Pedobacter sp. JBR3-12	2789740	S	12	0	12	0.0001858160
Pedobacter suwonensis	332999	S	11	1	12	0.0001858160
Planctomyces sp. SH-PL14	1632864	S	12	0	12	0.0001858160
Maioricimonas rarisocia	2528026	S	11	1	12	0.0001858160
Sphaerochaeta globosa	1131703	S	11	1	12	0.0001858160
Delftia sp. Cs1-4	742013	S	4	7	11	0.0001703314
Janthinobacterium sp. 17J80-10	2497863	S	10	1	11	0.0001703314
Paraburkholderia caledonica	134536	S	10	1	11	0.0001703314
Paraburkholderia phymatum	148447	S	9	2	11	0.0001703314
Ralstonia mannitolilytica	105219	S	7	4	11	0.0001703314
Thiomonas sp. X19	1050370	S	8	3	11	0.0001703314
Bordetella hinzii	103855	S	9	2	11	0.0001703314
Thauera humireducens	1134435	S	9	2	11	0.0001703314
Thauera chlorobenzoica	96773	S	6	5	11	0.0001703314
Oryzomicrobium terrae	1735038	S	10	1	11	0.0001703314
Pseudomonas sp. C27(2019)	2604941	S	11	0	11	0.0001703314
Pseudomonas sp. 15A4	2804761	S	9	2	11	0.0001703314
Pseudomonas protegens	380021	S	10	1	11	0.0001703314
Pseudomonas lundensis	86185	S	11	0	11	0.0001703314
Acinetobacter sp. WCHA45	2004644	S	5	6	11	0.0001703314
Acinetobacter sp. SWBY1	2079596	S	4	7	11	0.0001703314
Acinetobacter sp. ACNIH1	1636603	S	3	8	11	0.0001703314
Acinetobacter gyllenbergii	134534	S	11	0	11	0.0001703314
Stenotrophomonas sp. Pemsol	2040586	S	8	3	11	0.0001703314
Xanthomonas hortorum	56454	S	11	0	11	0.0001703314
Lysobacter arenosi	2795387	S	11	0	11	0.0001703314
Rhodanobacter glycinis	582702	S	10	1	11	0.0001703314
Thioflavicoccus mobilis	80679	S	11	0	11	0.0001703314
Photobacterium damselae	38293	S	9	2	11	0.0001703314
Thiothrix unzii	111769	S	10	1	11	0.0001703314
Methylomicrobium sp. wino1	2049332	S	7	4	11	0.0001703314
Bradyrhizobium symbiodeficiens	1404367	S	8	3	11	0.0001703314
Rhizobium sp. ZX09	2291939	S	2	9	11	0.0001703314
Rhizobium flavum	1335061	S	7	4	11	0.0001703314
Agrobacterium rhizogenes	359	S	7	4	11	0.0001703314
Mesorhizobium sp. 131-3-5	2744520	S	2	9	11	0.0001703314
Blastochloris viridis	1079	S	10	1	11	0.0001703314
Paradevosia shaoguanensis	1335043	S	4	7	11	0.0001703314
Xanthobacter sp. YN2	2528964	S	8	3	11	0.0001703314
Sphingomonas sp. C8-2	2492837	S	7	4	11	0.0001703314
Novosphingobium pentaromativorans	205844	S	5	6	11	0.0001703314
Porphyrobacter sp. CACIAM 03H1	2003315	S	9	2	11	0.0001703314
Paracoccus sp. MC1862	2760307	S	11	0	11	0.0001703314
Rhodobacter sp. CZR27	2033869	S	10	1	11	0.0001703314
Phaeobacter inhibens	221822	S	7	4	11	0.0001703314
Phaeobacter gallaeciensis	60890	S	6	5	11	0.0001703314
Brevundimonas sp. GRTSA-9	2800818	S	11	0	11	0.0001703314
Phenylobacterium parvum	2201350	S	11	0	11	0.0001703314
Azospirillum oryzae	286727	S	6	5	11	0.0001703314
Magnetospirillum sp. XM-1	1663591	S	8	3	11	0.0001703314
Sulfurospirillum sp. JPD-1	220622	S	2	9	11	0.0001703314
Bdellovibrio exovorus	453816	S	11	0	11	0.0001703314
Candidatus Rhodoluna planktonica	535712	S	11	0	11	0.0001703314
Herbiconiux sp. SALV-R1	2735133	S	11	0	11	0.0001703314
Brevibacterium aurantiacum	273384	S	9	2	11	0.0001703314
Corynebacterium sp. zg-320	2768834	S	11	0	11	0.0001703314
Corynebacterium resistens	258224	S	8	3	11	0.0001703314
Rhodococcus sp. B7740	1564114	S	11	0	11	0.0001703314
Mycolicibacterium sediminis	1286180	S	11	0	11	0.0001703314
Dietzia sp. DQ12-45-1b	912801	S	2	9	11	0.0001703314
Streptomyces lydicus	47763	S	9	2	11	0.0001703314
Streptomyces albidoflavus	1886	S	4	7	11	0.0001703314
Bifidobacterium breve	1685	S	6	5	11	0.0001703314
Nonomuraea nitratireducens	2656914	S	10	1	11	0.0001703314
Streptosporangium sp. 'caverna'	2202249	S	11	0	11	0.0001703314
Nakamurella multipartita	53461	S	11	0	11	0.0001703314
Baekduia soli	496014	S	11	0	11	0.0001703314
Ilumatobacter coccineus	467094	S	11	0	11	0.0001703314
Weissella cibaria	137591	S	10	1	11	0.0001703314
Limosilactobacillus fermentum	1613	S	10	1	11	0.0001703314
Alicyclobacillus acidocaldarius	405212	S	11	0	11	0.0001703314
Lachnoclostridium sp. YL32	1834196	S	4	7	11	0.0001703314
Thermoclostridium stercorarium	1510	S	7	4	11	0.0001703314
Clostridium sp. DL-VIII	641107	S	11	0	11	0.0001703314
Megasphaera elsdenii	907	S	10	1	11	0.0001703314
Cyanobacterium aponinum	379064	S	9	2	11	0.0001703314
Nostoc carneum	374162	S	4	7	11	0.0001703314
Calothrix sp. NIES-3974	2005462	S	10	1	11	0.0001703314
Calothrix sp. PCC 7507	99598	S	8	3	11	0.0001703314
Siansivirga zeaxanthinifaciens	762954	S	10	1	11	0.0001703314
Chryseobacterium indologenes	253	S	9	2	11	0.0001703314
Chryseobacterium carnipullorum	1124835	S	9	2	11	0.0001703314
Chryseobacterium gleum	250	S	6	5	11	0.0001703314
Bacteroides sp. A1C1	2528203	S	3	8	11	0.0001703314
Alistipes communis	2585118	S	10	1	11	0.0001703314
Odoribacter splanchnicus	28118	S	11	0	11	0.0001703314
Coprobacter sp. 2CBH44	2751153	S	10	1	11	0.0001703314
Pedobacter sp. eg	2201271	S	11	0	11	0.0001703314
Pedobacter cryoconitis	188932	S	11	0	11	0.0001703314
Mucilaginibacter sp. 14171R-50	2703789	S	11	0	11	0.0001703314
Cytophaga hutchinsonii	985	S	11	0	11	0.0001703314
Bernardetia litoralis	999	S	11	0	11	0.0001703314
Flavisolibacter tropicus	1492898	S	9	2	11	0.0001703314
Panacibacter ginsenosidivorans	1813871	S	11	0	11	0.0001703314
Flavihumibacter sp. SB-02	2676868	S	10	1	11	0.0001703314
Paraflavitalea soli	2315862	S	10	1	11	0.0001703314
Gemmata sp. SH-PL17	1630693	S	6	5	11	0.0001703314
Roseimaritima ulvae	980254	S	11	0	11	0.0001703314
Alienimonas californiensis	2527989	S	11	0	11	0.0001703314
Kiritimatiella glycovorans	1307763	S	7	4	11	0.0001703314
Herminiimonas arsenitoxidans	1809410	S	8	2	10	0.0001548467
Cupriavidus nantongensis	1796606	S	4	6	10	0.0001548467
Paraburkholderia phytofirmans	261302	S	8	2	10	0.0001548467
Pandoraea vervacti	656178	S	9	1	10	0.0001548467
Ephemeroptericola cinctiostellae	2268024	S	10	0	10	0.0001548467
Bordetella holmesii	35814	S	9	1	10	0.0001548467
Sutterella wadsworthensis	40545	S	8	2	10	0.0001548467
Chromobacterium violaceum	536	S	8	2	10	0.0001548467
Neisseria sicca	490	S	7	3	10	0.0001548467
Azoarcus sp. KH32C	748247	S	10	0	10	0.0001548467
Aromatoleum petrolei	76116	S	7	3	10	0.0001548467
Pseudomonas sp. J380	2605424	S	6	4	10	0.0001548467
Pseudomonas asturiensis	1190415	S	10	0	10	0.0001548467
Pseudomonas agarici	46677	S	10	0	10	0.0001548467
Acinetobacter sp. YH12138	2601122	S	8	2	10	0.0001548467
Psychrobacter maritimus	256325	S	1	9	10	0.0001548467
Stenotrophomonas sp. 169	2770322	S	10	0	10	0.0001548467
Luteimonas sp. MC1750	2799326	S	10	0	10	0.0001548467
Rhodanobacter denitrificans	666685	S	9	1	10	0.0001548467
Enterobacter ludwigii	299767	S	3	7	10	0.0001548467
Providencia rettgeri	587	S	4	6	10	0.0001548467
Aeromonas rivipollensis	948519	S	6	4	10	0.0001548467
Aeromonas caviae	648	S	3	7	10	0.0001548467
Pseudoalteromonas paragorgicola	166934	S	4	6	10	0.0001548467
Candidatus Thiodictyon syntrophicum	1166950	S	10	0	10	0.0001548467
Vibrio parahaemolyticus	670	S	9	1	10	0.0001548467
Simiduia agarivorans	447471	S	10	0	10	0.0001548467
Thiothrix sp.	1032	S	9	1	10	0.0001548467
Thiolapillus brandeum	1076588	S	10	0	10	0.0001548467
Sinimarinibacterium sp. NLF-5-8	2698684	S	9	1	10	0.0001548467
Immundisolibacter cernigliae	1810504	S	10	0	10	0.0001548467
Bradyrhizobium sp. CCBAU 51765	1325102	S	8	2	10	0.0001548467
Rhizobium sp. Khangiran2	1435607	S	5	5	10	0.0001548467
Mesorhizobium sp. Pch-S	2082387	S	9	1	10	0.0001548467
Aminobacter sp. MDW-2	2666139	S	2	8	10	0.0001548467
Devosia sp. G19	2801335	S	8	2	10	0.0001548467
Sphingomonas sp. HDW15B	2714943	S	10	0	10	0.0001548467
Sphingomonas sp. MK52	2711156	S	10	0	10	0.0001548467
Sphingobium fuliginis	336203	S	3	7	10	0.0001548467
Allosphingosinicella indica	941907	S	10	0	10	0.0001548467
Erythrobacter neustonensis	1112	S	9	1	10	0.0001548467
Phaeobacter porticola	1844006	S	8	2	10	0.0001548467
Hypericibacter adhaerens	2602016	S	9	1	10	0.0001548467
Skermanella pratensis	2233999	S	6	4	10	0.0001548467
Helicobacter pylori	210	S	9	1	10	0.0001548467
Nocardioides sp. S-713	2760089	S	8	2	10	0.0001548467
Nocardioides mesophilus	433659	S	9	1	10	0.0001548467
Nocardioides humi	449461	S	8	2	10	0.0001548467
Nocardioides marinisabuli	419476	S	7	3	10	0.0001548467
Microbacterium esteraromaticum	57043	S	9	1	10	0.0001548467
Leucobacter sp. CX169	2813744	S	9	1	10	0.0001548467
Gryllotalpicola protaetiae	2419771	S	10	0	10	0.0001548467
Glutamicibacter arilaitensis	256701	S	6	4	10	0.0001548467
Paenarthrobacter sp. YJN-D	2735317	S	9	1	10	0.0001548467
Cellulomonas flavigena	1711	S	9	1	10	0.0001548467
Serinicoccus profundi	1078471	S	8	2	10	0.0001548467
Corynebacterium kroppenstedtii	161879	S	10	0	10	0.0001548467
Rhodococcus sp. NJ-530	2490853	S	2	8	10	0.0001548467
Mycolicibacterium frederiksbergense	117567	S	8	2	10	0.0001548467
Gordonia sp. 135	2676309	S	4	6	10	0.0001548467
Dietzia timorensis	499555	S	7	3	10	0.0001548467
Streptomyces sp. GBA 94-10	1218177	S	1	9	10	0.0001548467
Streptomyces broussonetiae	2686304	S	10	0	10	0.0001548467
Streptomyces bingchenggensis	379067	S	10	0	10	0.0001548467
Bifidobacterium angulatum	1683	S	10	0	10	0.0001548467
Actinoplanes friuliensis	196914	S	10	0	10	0.0001548467
Amycolatopsis keratiniphila	129921	S	5	5	10	0.0001548467
Blastococcus saxobsidens	138336	S	9	1	10	0.0001548467
Staphylococcus auricularis	29379	S	10	0	10	0.0001548467
Bacillus velezensis	492670	S	3	7	10	0.0001548467
Bacillus amyloliquefaciens	1390	S	2	8	10	0.0001548467
Ruthenibacterium lactatiformans	1550024	S	10	0	10	0.0001548467
Clostridium pasteurianum	1501	S	10	0	10	0.0001548467
Finegoldia magna	1260	S	8	2	10	0.0001548467
Nostoc sp. NIES-2111	1973475	S	3	7	10	0.0001548467
Trichormus azollae	1164	S	9	1	10	0.0001548467
Scytonema sp. HK-05	1137095	S	7	3	10	0.0001548467
Stanieria sp. NIES-3757	1807358	S	8	2	10	0.0001548467
Flavobacterium sp. P2-65	2748320	S	9	1	10	0.0001548467
Tenacibaculum maritimum	107401	S	9	1	10	0.0001548467
Psychroserpens sp. NJDZ02	2570561	S	4	6	10	0.0001548467
Chryseobacterium sp. G0201	2487065	S	9	1	10	0.0001548467
Empedobacter brevis	247	S	8	2	10	0.0001548467
Bacteroides sp. HF-5141	2650158	S	9	1	10	0.0001548467
Sphingobacterium spiritivorum	258	S	8	2	10	0.0001548467
Mucilaginibacter ginkgonis	2682091	S	10	0	10	0.0001548467
Solitalea canadensis	995	S	10	0	10	0.0001548467
Runella sp. SP2	2268026	S	10	0	10	0.0001548467
Belliella baltica	232259	S	8	2	10	0.0001548467
Niastella koreensis	354356	S	9	1	10	0.0001548467
Rosistilla carotiformis	2528017	S	9	1	10	0.0001548467
Lignipirellula cremea	2528010	S	9	1	10	0.0001548467
Ereboglobus luteus	1796921	S	10	0	10	0.0001548467
Methanobrevibacter smithii	2173	S	10	0	10	0.0001548467
uncultured crAssphage	1211417	S	10	0	10	0.0001548467
Herbaspirillum seropedicae	964	S	6	3	9	0.0001393620
Burkholderia vietnamiensis	60552	S	5	4	9	0.0001393620
Burkholderia sp. MSMB0852	1637841	S	7	2	9	0.0001393620
Pandoraea fibrosis	1891094	S	8	1	9	0.0001393620
Caballeronia sp. M1242	2814653	S	7	2	9	0.0001393620
Achromobacter sp. MFA1 R4	1881016	S	8	1	9	0.0001393620
Achromobacter sp. B7	2282475	S	8	1	9	0.0001393620
Achromobacter insolitus	217204	S	8	1	9	0.0001393620
Bordetella bronchiseptica	518	S	3	6	9	0.0001393620
Pigmentiphaga aceris	1940612	S	9	0	9	0.0001393620
Pigmentiphaga sp. H8	2488560	S	9	0	9	0.0001393620
Chromobacterium rhizoryzae	1778675	S	1	8	9	0.0001393620
Neisseria meningitidis	487	S	5	4	9	0.0001393620
Thauera sp. MZ1T	85643	S	5	4	9	0.0001393620
Methylophilus sp. TWE2	1662285	S	8	1	9	0.0001393620
Sulfurimicrobium lacus	2715678	S	9	0	9	0.0001393620
Thiobacillus denitrificans	36861	S	9	0	9	0.0001393620
Pseudomonas monteilii	76759	S	5	4	9	0.0001393620
Pseudomonas sp. SCB32	2653853	S	9	0	9	0.0001393620
Pseudomonas mendocina	300	S	8	1	9	0.0001393620
Acinetobacter sp. Marseille-Q1620	2714110	S	9	0	9	0.0001393620
Acinetobacter sp. MYb10	1827285	S	8	1	9	0.0001393620
Acinetobacter lanii	2715163	S	9	0	9	0.0001393620
Psychrobacter sp. YP14	2203895	S	3	6	9	0.0001393620
Lysobacter lycopersici	1324796	S	9	0	9	0.0001393620
Luteimonas chenhongjianii	2006110	S	9	0	9	0.0001393620
Luteimonas yindakuii	2565782	S	9	0	9	0.0001393620
Kluyvera ascorbata	51288	S	4	5	9	0.0001393620
Serratia plymuthica	82996	S	8	1	9	0.0001393620
Yersinia pestis	632	S	2	7	9	0.0001393620
Yersinia intermedia	631	S	3	6	9	0.0001393620
Erwinia sp. QL-Z3	2547962	S	4	5	9	0.0001393620
Hafnia alvei	569	S	6	3	9	0.0001393620
Halomonas sp. THAF5a	2587844	S	9	0	9	0.0001393620
Aeromonas sobria	646	S	1	8	9	0.0001393620
Pseudoalteromonas nigrifaciens	28109	S	3	6	9	0.0001393620
Vibrio vulnificus	672	S	9	0	9	0.0001393620
Vibrio sp. sp1	2766781	S	2	7	9	0.0001393620
Cellvibrio sp. PSBB023	1945512	S	8	1	9	0.0001393620
Thiothrix sp. Ku-5	2735563	S	8	1	9	0.0001393620
Cycloclasticus zancles	1329899	S	4	5	9	0.0001393620
Methylomonas sp. DH-1	1727196	S	3	6	9	0.0001393620
Bradyrhizobium sp. ORS 278	114615	S	8	1	9	0.0001393620
Bradyrhizobium sp. CCBAU 51753	1325100	S	8	1	9	0.0001393620
Bradyrhizobium genosp. L	83637	S	8	1	9	0.0001393620
Bradyrhizobium oligotrophicum	44255	S	8	1	9	0.0001393620
Rhizobium sp. WL3	2603277	S	8	1	9	0.0001393620
Rhizobium tropici	398	S	6	3	9	0.0001393620
Rhizobium etli	29449	S	6	3	9	0.0001393620
Mesorhizobium sp. M6A.T.Cr.TU.016.01.1.1	2493677	S	7	2	9	0.0001393620
Chelativorans sp. BNC1	266779	S	8	1	9	0.0001393620
Hyphomicrobium sp. MC1	717785	S	7	2	9	0.0001393620
Parvibaculum lavamentivorans	256618	S	6	3	9	0.0001393620
Hartmannibacter diazotrophicus	1482074	S	8	1	9	0.0001393620
Sphingomonas sp. HMP6	1517551	S	9	0	9	0.0001393620
Sphingomonas sp. C33	2698679	S	9	0	9	0.0001393620
Sphingomonas sp. KC8	1030157	S	7	2	9	0.0001393620
Sphingomonas sp. ERG5	1381597	S	6	3	9	0.0001393620
Blastomonas sp. RAC04	1842535	S	7	2	9	0.0001393620
Erythrobacter sp. THAF29	2587851	S	7	2	9	0.0001393620
Erythrobacter sp. A30-3	2785907	S	5	4	9	0.0001393620
Tsuneonella flava	2055955	S	7	2	9	0.0001393620
Aurantiacibacter gangjinensis	502682	S	9	0	9	0.0001393620
Pelagerythrobacter marensis	543877	S	9	0	9	0.0001393620
Sphingosinicella sp. BN140058	1892855	S	9	0	9	0.0001393620
Sphingosinicella microcystinivorans	335406	S	9	0	9	0.0001393620
Paracoccus kondratievae	135740	S	8	1	9	0.0001393620
Sulfitobacter sp. SK011	1389004	S	9	0	9	0.0001393620
Yangia sp. CCB-MM3	1792508	S	9	0	9	0.0001393620
Antarctobacter heliothermus	74033	S	9	0	9	0.0001393620
Octadecabacter sp. SW4	2602067	S	7	2	9	0.0001393620
Roseicitreum antarcticum	564137	S	9	0	9	0.0001393620
Brevirhabdus pacifica	1267768	S	5	4	9	0.0001393620
Hypericibacter terrae	2602015	S	9	0	9	0.0001393620
Nitrospirillum amazonense	28077	S	9	0	9	0.0001393620
Indioceanicola profundi	2220096	S	8	1	9	0.0001393620
Aliarcobacter lanthieri	1355374	S	9	0	9	0.0001393620
Aliarcobacter butzleri	28197	S	8	1	9	0.0001393620
Arcobacter aquimarinus	1315211	S	6	3	9	0.0001393620
Anaeromyxobacter sp. K	447217	S	4	5	9	0.0001393620
Desulfovibrio vulgaris	881	S	9	0	9	0.0001393620
Tessaracoccus defluvii	1285901	S	8	1	9	0.0001393620
Auraticoccus monumenti	675864	S	9	0	9	0.0001393620
Brevilactibacter sp. MC1595	2819349	S	8	1	9	0.0001393620
Microbacterium sp. NY27	2782169	S	9	0	9	0.0001393620
Microbacterium sp. ABRD_28	2268461	S	9	0	9	0.0001393620
Microbacterium sp. 10M-3C3	2483401	S	8	1	9	0.0001393620
Microbacterium sp. CBA3102	2603598	S	8	1	9	0.0001393620
Microbacterium sp. No. 7	1714373	S	8	1	9	0.0001393620
Microbacterium sp. Nx66	2766784	S	5	4	9	0.0001393620
Microbacterium sp. PAMC 28756	1795053	S	4	5	9	0.0001393620
Leifsonia sp. 21MFCrub1.1	1798223	S	5	4	9	0.0001393620
Salinibacterium sp. dk2585	2603292	S	9	0	9	0.0001393620
Kocuria sp. BT304	1702043	S	5	4	9	0.0001393620
Phycicoccus sp. HDW14	2714941	S	8	1	9	0.0001393620
Corynebacterium sp. FDAARGOS 1242	2778078	S	4	5	9	0.0001393620
Corynebacterium glucuronolyticum	39791	S	9	0	9	0.0001393620
Corynebacterium simulans	146827	S	7	2	9	0.0001393620
Rhodococcus sp. P-2	2795031	S	8	1	9	0.0001393620
Mycolicibacterium madagascariense	212765	S	9	0	9	0.0001393620
Mycolicibacillus koreensis	1069220	S	8	1	9	0.0001393620
Dietzia sp. oral taxon 368	712270	S	7	2	9	0.0001393620
Dietzia psychralcaliphila	139021	S	8	1	9	0.0001393620
Streptomyces griseochromogenes	68214	S	9	0	9	0.0001393620
Micromonospora echinospora	1877	S	8	1	9	0.0001393620
Pseudonocardia sp. HH130630-07	1690815	S	5	4	9	0.0001393620
Saccharomonospora cyanea	40989	S	7	2	9	0.0001393620
Saccharopolyspora erythraea	1836	S	9	0	9	0.0001393620
Kibdelosporangium phytohabitans	860235	S	9	0	9	0.0001393620
Parolsenella massiliensis	1871022	S	8	1	9	0.0001393620
Rubrobacter sp. SCSIO 52909	2653851	S	9	0	9	0.0001393620
Enterococcus faecalis	1351	S	8	1	9	0.0001393620
Alicyclobacillus ferrooxydans	471514	S	9	0	9	0.0001393620
[Clostridium] scindens	29347	S	8	1	9	0.0001393620
Ruminococcus sp. JE7A12	2564099	S	9	0	9	0.0001393620
[Clostridium] innocuum	1522	S	8	1	9	0.0001393620
Oxynema sp. AP17	2064643	S	6	3	9	0.0001393620
Geminocystis sp. NIES-3709	1617448	S	8	1	9	0.0001393620
Candidatus Atelocyanobacterium thalassa	713887	S	7	2	9	0.0001393620
Nostoc sp. TCL240-02	2572090	S	5	4	9	0.0001393620
Nostoc edaphicum	264686	S	6	3	9	0.0001393620
Nostoc flagelliforme	1306274	S	6	3	9	0.0001393620
Nostoc sphaeroides	446679	S	5	4	9	0.0001393620
Anabaena sp. 90	46234	S	1	8	9	0.0001393620
Synechococcus sp. CBW1107	2789857	S	7	2	9	0.0001393620
Dactylococcopsis salina	292566	S	6	3	9	0.0001393620
Polaribacter sp. SA4-10	754397	S	8	1	9	0.0001393620
Myroides phaeus	702745	S	7	2	9	0.0001393620
Lacinutrix sp. Bg11-31	2057808	S	8	1	9	0.0001393620
Zunongwangia profunda	398743	S	5	4	9	0.0001393620
Chryseobacterium sp. cx-624	2758037	S	9	0	9	0.0001393620
Chryseobacterium sp. G0186	2487064	S	6	3	9	0.0001393620
Elizabethkingia miricola	172045	S	5	4	9	0.0001393620
Empedobacter falsenii	343874	S	6	3	9	0.0001393620
Mucilaginibacter mali	2740462	S	9	0	9	0.0001393620
Spirosoma sp. KCTC 42546	2520506	S	9	0	9	0.0001393620
Hymenobacter sp. APR13	1356852	S	6	3	9	0.0001393620
Aquiflexum balticum	280473	S	9	0	9	0.0001393620
Arachidicoccus sp. B3-10	2545455	S	9	0	9	0.0001393620
Bremerella volcania	2527984	S	9	0	9	0.0001393620
Gimesia panareensis	2527978	S	8	1	9	0.0001393620
Granulicella sp. 5B5	1617967	S	8	1	9	0.0001393620
Granulicella sp. WH15	2602070	S	8	1	9	0.0001393620
Acidisarcina polymorpha	2211140	S	9	0	9	0.0001393620
Candidatus Solibacter usitatus	332163	S	9	0	9	0.0001393620
Methanosarcina barkeri	2208	S	9	0	9	0.0001393620
Polynucleobacter difficilis	556054	S	8	0	8	0.0001238774
Burkholderia anthina	179879	S	6	2	8	0.0001238774
Burkholderia cepacia	292	S	6	2	8	0.0001238774
Cupriavidus campinensis	151783	S	7	1	8	0.0001238774
Cupriavidus neocaledonicus	1040979	S	5	3	8	0.0001238774
Vogesella sp. LIG4	1192162	S	8	0	8	0.0001238774
Azoarcus sp. CIB	198107	S	6	2	8	0.0001238774
Thauera hydrothermalis	2184083	S	7	1	8	0.0001238774
Rugosibacter aromaticivorans	1565605	S	8	0	8	0.0001238774
Sulfuriferula plumbiphila	171865	S	7	1	8	0.0001238774
Sulfuriferula sp. AH1	1985873	S	6	2	8	0.0001238774
Sulfuricella denitrificans	649841	S	8	0	8	0.0001238774
Candidatus Nitrotoga sp. AM1P	2559597	S	8	0	8	0.0001238774
Pseudomonas sp. M30-35	1981174	S	8	0	8	0.0001238774
Pseudomonas sp. SNU WT1	2518644	S	8	0	8	0.0001238774
Pseudomonas sp. RU47	2005388	S	5	3	8	0.0001238774
Pseudomonas sp. BIOMIG1BAC	1758730	S	4	4	8	0.0001238774
Pseudomonas taetrolens	47884	S	8	0	8	0.0001238774
Pseudomonas otitidis	319939	S	8	0	8	0.0001238774
Pseudomonas arsenicoxydans	702115	S	8	0	8	0.0001238774
Pseudomonas yamanorum	515393	S	7	1	8	0.0001238774
Pseudomonas parafulva	157782	S	7	1	8	0.0001238774
Pseudomonas lurida	244566	S	7	1	8	0.0001238774
Acinetobacter baylyi	202950	S	8	0	8	0.0001238774
Acinetobacter ursingii	108980	S	6	2	8	0.0001238774
Aquirhabdus parva	2283318	S	8	0	8	0.0001238774
Stenotrophomonas sp. LM091	1904944	S	8	0	8	0.0001238774
Xanthomonas sp. LMG 31887	2775162	S	4	4	8	0.0001238774
Xanthomonas oryzae	347	S	8	0	8	0.0001238774
Lysobacter sp. HDW10	2714936	S	8	0	8	0.0001238774
Dyella sp. G9	2763498	S	7	1	8	0.0001238774
Citrobacter freundii complex sp. CFNIH9	2077149	S	1	7	8	0.0001238774
Buttiauxella sp. 3AFRM03	2479367	S	6	2	8	0.0001238774
Halomonas sp. MCCC 1A11059	2733484	S	1	7	8	0.0001238774
Halotalea alkalilenta	376489	S	8	0	8	0.0001238774
Aeromonas sp. CU5	2033033	S	8	0	8	0.0001238774
Alteromonas macleodii	28108	S	6	2	8	0.0001238774
Beggiatoa leptomitoformis	288004	S	8	0	8	0.0001238774
Methylomonas sp. EFPC1	2812647	S	6	2	8	0.0001238774
Methylomonas rhizoryzae	2608981	S	8	0	8	0.0001238774
Methylotuvimicrobium buryatense	95641	S	5	3	8	0.0001238774
Methylovulum psychrotolerans	1704499	S	8	0	8	0.0001238774
Bradyrhizobium sp. CCBAU 53421	1325120	S	7	1	8	0.0001238774
Bradyrhizobium sp. BTAi1	288000	S	7	1	8	0.0001238774
Bradyrhizobium sp. CCBAU 53351	1325114	S	4	4	8	0.0001238774
Bradyrhizobium sp. WSM471	319017	S	3	5	8	0.0001238774
Methylobacterium sp. AMS5	925818	S	6	2	8	0.0001238774
Methylobacterium currus	2051553	S	6	2	8	0.0001238774
Rhizobium pseudoryzae	379684	S	7	1	8	0.0001238774
Shinella sp. PSBB067	2715959	S	4	4	8	0.0001238774
Mesorhizobium sp. M1E.F.Ca.ET.045.02.1.1	2493672	S	6	2	8	0.0001238774
Mesorhizobium ciceri	39645	S	3	5	8	0.0001238774
Hyphomicrobium nitrativorans	1427356	S	8	0	8	0.0001238774
Blastochloris tepida	2233851	S	7	1	8	0.0001238774
Aureimonas sp. AU20	1349819	S	8	0	8	0.0001238774
Methylosinus sp. C49	2699395	S	7	1	8	0.0001238774
Ochrobactrum sp. MT180101	2726427	S	2	6	8	0.0001238774
Sphingomonas sp. LMO-1	2681549	S	8	0	8	0.0001238774
Tardibacter chloracetimidivorans	1921510	S	5	3	8	0.0001238774
Tsuneonella dongtanensis	692370	S	8	0	8	0.0001238774
Qipengyuania flava	192812	S	5	3	8	0.0001238774
Sandaracinobacter sp. M6	2759707	S	8	0	8	0.0001238774
Paracoccus aminovorans	34004	S	7	1	8	0.0001238774
Roseovarius indicus	540747	S	5	3	8	0.0001238774
Celeribacter ethanolicus	1758178	S	5	3	8	0.0001238774
Roseivivax sp. THAF30	2587852	S	3	5	8	0.0001238774
Brevundimonas vancanneytii	1325724	S	2	6	8	0.0001238774
Thalassospira indica	1891279	S	4	4	8	0.0001238774
Ferrovibrio terrae	2594003	S	8	0	8	0.0001238774
Pararhodospirillum photometricum	1084	S	8	0	8	0.0001238774
Roseomonas sp. 546	2768162	S	7	1	8	0.0001238774
Roseomonas gilardii	257708	S	7	1	8	0.0001238774
Aliarcobacter trophiarum	708186	S	8	0	8	0.0001238774
Halarcobacter ebronensis	1462615	S	8	0	8	0.0001238774
Cystobacter fuscus	43	S	5	3	8	0.0001238774
Melittangium boletus	83453	S	5	3	8	0.0001238774
Myxococcus hansupus	1297742	S	5	3	8	0.0001238774
Pyxidicoccus sp. SCPEA002	2813578	S	7	1	8	0.0001238774
Desulfovibrio piger	901	S	7	1	8	0.0001238774
Desulfarculus baarsii	453230	S	6	2	8	0.0001238774
Propioniciclava sp. HDW11	2714937	S	7	1	8	0.0001238774
Nocardioides sp. JS614	196162	S	7	1	8	0.0001238774
Nocardioides anomalus	2712223	S	7	1	8	0.0001238774
Microbacterium sp. WY121	2782168	S	8	0	8	0.0001238774
Microbacterium sp. LKL04	912630	S	8	0	8	0.0001238774
Agrococcus jejuensis	399736	S	7	1	8	0.0001238774
Marisediminicola antarctica	674079	S	8	0	8	0.0001238774
Rothia mucilaginosa	43675	S	8	0	8	0.0001238774
Actinotalea sp. JY-7876	2758442	S	8	0	8	0.0001238774
Corynebacterium nuruki	1032851	S	8	0	8	0.0001238774
Corynebacterium matruchotii	43768	S	8	0	8	0.0001238774
Rhodococcus sp. P1Y	1302308	S	8	0	8	0.0001238774
Nocardia terpenica	455432	S	8	0	8	0.0001238774
Nocardia farcinica	37329	S	7	1	8	0.0001238774
Nocardia cyriacigeorgica	135487	S	7	1	8	0.0001238774
Mycolicibacterium thermoresistibile	1797	S	8	0	8	0.0001238774
Mycolicibacterium litorale	758802	S	7	1	8	0.0001238774
Mycobacterium sp. QIA-37	1561223	S	1	7	8	0.0001238774
Mycobacteroides chelonae	1774	S	4	4	8	0.0001238774
Gordonia polyisoprenivorans	84595	S	8	0	8	0.0001238774
Gordonia rubripertincta	36822	S	6	2	8	0.0001238774
Streptomyces sp. NA02950	2742137	S	8	0	8	0.0001238774
Streptomyces sp. RPA4-2	2721244	S	8	0	8	0.0001238774
Streptomyces bathyalis	2710756	S	8	0	8	0.0001238774
Bifidobacterium pseudolongum	1694	S	8	0	8	0.0001238774
Amycolatopsis methanolica	1814	S	7	1	8	0.0001238774
Streptomonospora sp. M2	2498135	S	8	0	8	0.0001238774
Actinomadura verrucosospora	46165	S	6	2	8	0.0001238774
Euzebya sp. DY32-46	1608957	S	8	0	8	0.0001238774
Streptococcus mitis	28037	S	7	1	8	0.0001238774
Latilactobacillus curvatus	28038	S	8	0	8	0.0001238774
Flavonifractor plautii	292800	S	8	0	8	0.0001238774
Phascolarctobacterium faecium	33025	S	8	0	8	0.0001238774
Faecalibacillus intestinalis	1982626	S	2	6	8	0.0001238774
Planktothrix rubescens	59512	S	4	4	8	0.0001238774
Geminocystis herdmanii	669359	S	7	1	8	0.0001238774
Nostoc piscinale	224012	S	7	1	8	0.0001238774
Calothrix brevissima	938406	S	6	2	8	0.0001238774
Dolichospermum flos-aquae	1166	S	1	7	8	0.0001238774
Synechococcus sp. PCC 7502	1173263	S	7	1	8	0.0001238774
Capnocytophaga stomatis	1848904	S	7	1	8	0.0001238774
Capnocytophaga cynodegmi	28189	S	6	2	8	0.0001238774
Tenacibaculum sp. SZ-18	754423	S	8	0	8	0.0001238774
Winogradskyella sp. PG-2	754409	S	8	0	8	0.0001238774
Myroides odoratus	256	S	8	0	8	0.0001238774
Cellulophaga baltica	76594	S	8	0	8	0.0001238774
Lutibacter profundi	1622118	S	8	0	8	0.0001238774
Zobellia galactanivorans	63186	S	8	0	8	0.0001238774
Euzebyella marina	1761453	S	5	3	8	0.0001238774
Elizabethkingia anophelis	1117645	S	4	4	8	0.0001238774
Proteiniphilum saccharofermentans	1642647	S	8	0	8	0.0001238774
Mucilaginibacter mallensis	652787	S	8	0	8	0.0001238774
Mucilaginibacter gotjawali	1550579	S	8	0	8	0.0001238774
Rufibacter sp. DG15C	1379909	S	6	2	8	0.0001238774
Flammeovirga pectinis	2494373	S	8	0	8	0.0001238774
Salinibacter ruber	146919	S	8	0	8	0.0001238774
Pirellula staleyi	125	S	8	0	8	0.0001238774
Botrimarina mediterranea	2528022	S	8	0	8	0.0001238774
Polystyrenella longa	2528007	S	8	0	8	0.0001238774
Parachlamydia acanthamoebae	83552	S	7	1	8	0.0001238774
Paludibaculum fermentans	1473598	S	8	0	8	0.0001238774
Treponema caldarium	215591	S	8	0	8	0.0001238774
Cloacibacillus porcorum	1197717	S	8	0	8	0.0001238774
Methanobacterium lacus	877455	S	8	0	8	0.0001238774
Burkholderia territorii	1503055	S	6	1	7	0.0001083927
Paraburkholderia sp. Msb3	2604047	S	5	2	7	0.0001083927
Paraburkholderia phenoliruptrix	252970	S	6	1	7	0.0001083927
Paraburkholderia ginsengisoli	311231	S	6	1	7	0.0001083927
Paraburkholderia caribensis	75105	S	5	2	7	0.0001083927
Achromobacter sp. AONIH1	1758194	S	4	3	7	0.0001083927
Bordetella bronchialis	463025	S	7	0	7	0.0001083927
Pusillimonas thiosulfatoxidans	2028345	S	7	0	7	0.0001083927
Neisseria elongata	495	S	6	1	7	0.0001083927
Neisseria mucosa	488	S	5	2	7	0.0001083927
Chitinolyticbacter meiyuanensis	682798	S	7	0	7	0.0001083927
Denitratisoma oestradiolicum	311182	S	7	0	7	0.0001083927
Usitatibacter palustris	2732487	S	7	0	7	0.0001083927
Pseudomonas sp. ADAK13	2730847	S	6	1	7	0.0001083927
Pseudomonas cedrina	651740	S	6	1	7	0.0001083927
Pseudomonas brenneri	129817	S	6	1	7	0.0001083927
Pseudomonas nitroreducens	46680	S	4	3	7	0.0001083927
Pseudomonas citronellolis	53408	S	4	3	7	0.0001083927
Pseudomonas antarctica	219572	S	6	1	7	0.0001083927
Pseudomonas kribbensis	1628086	S	5	2	7	0.0001083927
Pseudomonas soli	1306993	S	2	5	7	0.0001083927
Oblitimonas alkaliphila	1697053	S	7	0	7	0.0001083927
Acinetobacter sp. LoGeW2-3	1808001	S	7	0	7	0.0001083927
Psychrobacter sp. P11G3	1699623	S	6	1	7	0.0001083927
Stenotrophomonas sp. SAU14A_NAIMI4_5	2072413	S	6	1	7	0.0001083927
Stenotrophomonas sp. WZN-1	2005046	S	5	2	7	0.0001083927
Luteimonas sp. MC1572	2799325	S	7	0	7	0.0001083927
Luteimonas granuli	1176533	S	7	0	7	0.0001083927
Rhodanobacter sp. FDAARGOS 1247	2778082	S	6	1	7	0.0001083927
Raoultella terrigena	577	S	5	2	7	0.0001083927
Candidatus Hamiltonella defensa	138072	S	7	0	7	0.0001083927
Leclercia adecarboxylata	83655	S	4	3	7	0.0001083927
Yersinia massiliensis	419257	S	3	4	7	0.0001083927
Pantoea eucalypti	470933	S	1	6	7	0.0001083927
Erwinia gerundensis	1619313	S	7	0	7	0.0001083927
Erwinia billingiae	182337	S	5	2	7	0.0001083927
Pectobacterium carotovorum	554	S	2	5	7	0.0001083927
Pseudoalteromonas undina	43660	S	4	3	7	0.0001083927
Shewanella sp. YLB-09	2601269	S	1	6	7	0.0001083927
Glaciecola amylolytica	2489595	S	7	0	7	0.0001083927
Thiocystis violascens	73141	S	7	0	7	0.0001083927
Cellvibrio japonicus	155077	S	7	0	7	0.0001083927
Halioglobus japonicus	930805	S	7	0	7	0.0001083927
Haemophilus haemolyticus	726	S	6	1	7	0.0001083927
Methylotuvimicrobium alcaliphilum	271065	S	4	3	7	0.0001083927
Steroidobacter denitrificans	465721	S	7	0	7	0.0001083927
Bradyrhizobium genosp. B	83627	S	6	1	7	0.0001083927
Bradyrhizobium guangzhouense	1325095	S	4	3	7	0.0001083927
Bradyrhizobium guangxiense	1325115	S	4	3	7	0.0001083927
Methylobacterium nodulans	114616	S	7	0	7	0.0001083927
Microvirga thermotolerans	2651334	S	6	1	7	0.0001083927
Rhizobium sp. N324	1703969	S	1	6	7	0.0001083927
Rhizobium bangladeshense	1138189	S	6	1	7	0.0001083927
Rhizobium daejeonense	240521	S	4	3	7	0.0001083927
Ensifer sojae	716925	S	3	4	7	0.0001083927
Kaistia sp. 32K	2795690	S	6	1	7	0.0001083927
Mesorhizobium sp. 8	2584466	S	6	1	7	0.0001083927
Mesorhizobium sp. M1D.F.Ca.ET.043.01.1.1	2493669	S	5	2	7	0.0001083927
Mesorhizobium sp. NZP2234	2483402	S	1	6	7	0.0001083927
Oricola thermophila	2742145	S	7	0	7	0.0001083927
Sphingomonas sp. YZ-8	2319844	S	7	0	7	0.0001083927
Sphingopyxis sp. FD7	1914525	S	6	1	7	0.0001083927
Sphingobium sp. Cam5-1	2789327	S	6	1	7	0.0001083927
Sphingobium chlorophenolicum	46429	S	5	2	7	0.0001083927
Erythrobacter litoralis	39960	S	6	1	7	0.0001083927
Profundibacter amoris	2171755	S	7	0	7	0.0001083927
Pelagovum pacificum	2588711	S	7	0	7	0.0001083927
Brevundimonas sp. MF30-B	2561924	S	7	0	7	0.0001083927
Azospirillum lipoferum	193	S	5	2	7	0.0001083927
Azospirillum ramasamyi	682998	S	5	2	7	0.0001083927
Rhodospirillum centenum	34018	S	6	1	7	0.0001083927
Defluviicoccus vanus	111831	S	7	0	7	0.0001083927
Komagataeibacter xylinus	28448	S	5	2	7	0.0001083927
Hyphomonas sp. CACIAM 19H1	1873716	S	7	0	7	0.0001083927
Stigmatella aurantiaca	41	S	5	2	7	0.0001083927
Anaeromyxobacter sp. Fw109-5	404589	S	7	0	7	0.0001083927
Persicimonas caeni	2292766	S	7	0	7	0.0001083927
Microlunatus sagamiharensis	546874	S	7	0	7	0.0001083927
Nocardioides sp. WS12	2486272	S	7	0	7	0.0001083927
Nocardioides sp. HDW12A	2714938	S	5	2	7	0.0001083927
Nocardioides baekrokdamisoli	1804624	S	7	0	7	0.0001083927
Aeromicrobium yanjiei	2662028	S	7	0	7	0.0001083927
Pimelobacter simplex	2045	S	6	1	7	0.0001083927
Marmoricola scoriae	642780	S	6	1	7	0.0001083927
Curtobacterium sp. 24E2	2804758	S	7	0	7	0.0001083927
Microbacterium sp. RG1	2489212	S	7	0	7	0.0001083927
Microbacterium sp. TPU 3598	1938334	S	6	1	7	0.0001083927
Microbacterium chocolatum	84292	S	7	0	7	0.0001083927
Microbacterium pygmaeum	370764	S	7	0	7	0.0001083927
Rathayibacter sp. VKM Ac-2762	2609254	S	2	5	7	0.0001083927
Agromyces sp. HY052	2585717	S	7	0	7	0.0001083927
Frondihabitans sp. PAMC 28766	1795630	S	7	0	7	0.0001083927
Lysinimonas sp. KACC 19322	2592654	S	6	1	7	0.0001083927
Kocuria varians	1272	S	6	1	7	0.0001083927
Arthrobacter agilis	37921	S	7	0	7	0.0001083927
Rothia kristinae	37923	S	6	1	7	0.0001083927
Janibacter melonis	262209	S	7	0	7	0.0001083927
Brachybacterium ginsengisoli	1331682	S	6	1	7	0.0001083927
Brachybacterium vulturis	2017484	S	6	1	7	0.0001083927
Rhodococcus sp. X156	2499145	S	7	0	7	0.0001083927
Rhodococcus coprophilus	38310	S	7	0	7	0.0001083927
Nocardia otitidiscaviarum	1823	S	7	0	7	0.0001083927
Nocardia seriolae	37332	S	7	0	7	0.0001083927
Mycolicibacterium celeriflavum	1249101	S	7	0	7	0.0001083927
Mycolicibacterium mageritense	53462	S	7	0	7	0.0001083927
Dietzia lutea	546160	S	6	1	7	0.0001083927
Streptomyces sp. RLB1-33	2721243	S	6	1	7	0.0001083927
Streptomyces niveus	193462	S	7	0	7	0.0001083927
Streptomyces albireticuli	1940	S	7	0	7	0.0001083927
Streptomyces xinghaiensis	1038928	S	7	0	7	0.0001083927
Streptomyces cyaneochromogenes	2496836	S	7	0	7	0.0001083927
Candidatus Nanopelagicus hibericus	1884915	S	7	0	7	0.0001083927
Pseudonocardia sp. AL041005-10	445576	S	5	2	7	0.0001083927
Actinomyces sp. oral taxon 414	712122	S	7	0	7	0.0001083927
Actinomyces sp. oral taxon 171	706438	S	6	1	7	0.0001083927
Geodermatophilus obscurus	1861	S	6	1	7	0.0001083927
Frankia alni	1859	S	6	1	7	0.0001083927
Jiangella sp. DSM 45060	1798224	S	7	0	7	0.0001083927
Olsenella sp. GAM18	2109685	S	6	1	7	0.0001083927
Adlercreutzia sp. 8CFCBH1	2707299	S	5	2	7	0.0001083927
Bacillus circulans	1397	S	7	0	7	0.0001083927
Lysinibacillus sphaericus	1421	S	5	2	7	0.0001083927
Paenibacillus cellulositrophicus	562959	S	7	0	7	0.0001083927
Paenibacillus polymyxa	1406	S	4	3	7	0.0001083927
Listeria grayi	1641	S	7	0	7	0.0001083927
Clostridium sp. SY8519	1042156	S	7	0	7	0.0001083927
Clostridium argentinense	29341	S	7	0	7	0.0001083927
Clostridium diolis	223919	S	2	5	7	0.0001083927
Romboutsia ilealis	1115758	S	6	1	7	0.0001083927
Acetoanaerobium sticklandii	1511	S	7	0	7	0.0001083927
Monoglobus pectinilyticus	1981510	S	6	1	7	0.0001083927
Caldicellulosiruptor obsidiansis	717609	S	5	2	7	0.0001083927
Pelosinus sp. UFO1	484770	S	5	2	7	0.0001083927
Veillonella parvula	29466	S	7	0	7	0.0001083927
Microcystis viridis	44822	S	3	4	7	0.0001083927
Nostoc sp. CENA543	1869241	S	7	0	7	0.0001083927
Nostoc sp. PCC 7524	28072	S	6	1	7	0.0001083927
Nostoc sp. 'Peltigera membranacea cyanobiont' N6	1261031	S	5	2	7	0.0001083927
Calothrix parietina	32054	S	7	0	7	0.0001083927
Chamaesiphon minutus	1173032	S	7	0	7	0.0001083927
Gloeobacter kilaueensis	1416614	S	6	1	7	0.0001083927
Dehalococcoides mccartyi	61435	S	7	0	7	0.0001083927
Flavobacterium pallidum	2172098	S	7	0	7	0.0001083927
Polaribacter sp. G4M1	2808900	S	6	1	7	0.0001083927
Tenacibaculum mesophilum	104268	S	6	1	7	0.0001083927
Winogradskyella sp. J14-2	1936080	S	7	0	7	0.0001083927
Winogradskyella helgolandensis	2697010	S	6	1	7	0.0001083927
Myroides odoratimimus	76832	S	3	4	7	0.0001083927
Maribacter sp. HTCC2170	313603	S	7	0	7	0.0001083927
Maribacter sp. T28	1836467	S	7	0	7	0.0001083927
Maribacter cobaltidurans	1178778	S	4	3	7	0.0001083927
Nonlabens dokdonensis	328515	S	7	0	7	0.0001083927
Formosa sp. Hel3_A1_48	1336795	S	6	1	7	0.0001083927
Aquimarina sp. BL5	1714860	S	7	0	7	0.0001083927
Aquimarina sp. TRL1	2736252	S	7	0	7	0.0001083927
Cellulophaga lytica	979	S	6	1	7	0.0001083927
Cellulophaga algicola	59600	S	6	1	7	0.0001083927
Psychroflexus torquis	57029	S	7	0	7	0.0001083927
Mariniflexile sp. TRM1-10	2027857	S	7	0	7	0.0001083927
Tamlana carrageenivorans	2069432	S	6	1	7	0.0001083927
Chryseobacterium sp. T16E-39	2015076	S	7	0	7	0.0001083927
Bacteroides sp. M10	2763022	S	5	2	7	0.0001083927
Bacteroides helcogenes	290053	S	7	0	7	0.0001083927
Prevotella intermedia	28131	S	7	0	7	0.0001083927
Tannerella sp. oral taxon HOT-286	712710	S	7	0	7	0.0001083927
Sphingobacterium mizutaii	1010	S	7	0	7	0.0001083927
Pontibacter sp. SGAir0037	2571030	S	7	0	7	0.0001083927
Algoriphagus sp. Y33	2772483	S	7	0	7	0.0001083927
Fulvivirga sp. S481	2810512	S	7	0	7	0.0001083927
Pseudocnuella soli	2502779	S	6	1	7	0.0001083927
Chlorobium phaeobacteroides	1096	S	6	1	7	0.0001083927
Methanobrevibacter millerae	230361	S	7	0	7	0.0001083927
Chimeric virus 14	1608440	S	7	0	7	0.0001083927
Candidatus Symbiobacter mobilis	1436290	S	6	0	6	0.0000929080
Burkholderia lata	482957	S	5	1	6	0.0000929080
Burkholderia glumae	337	S	4	2	6	0.0000929080
Paraburkholderia fungorum	134537	S	6	0	6	0.0000929080
Caballeronia insecticola	758793	S	6	0	6	0.0000929080
Thiomonas intermedia	926	S	5	1	6	0.0000929080
Thiomonas arsenitoxydans	426114	S	1	5	6	0.0000929080
Bordetella sp. N	1746199	S	6	0	6	0.0000929080
Bordetella avium	521	S	6	0	6	0.0000929080
Pusillimonas sp. T7-7	1007105	S	6	0	6	0.0000929080
Advenella mimigardefordensis	302406	S	6	0	6	0.0000929080
Kerstersia gyiorum	206506	S	6	0	6	0.0000929080
Aquitalea aquatilis	1537400	S	6	0	6	0.0000929080
Microvirgula aerodenitrificans	57480	S	6	0	6	0.0000929080
Deefgea sp. D17	2739061	S	6	0	6	0.0000929080
Pseudomonas sp. ATCC 43928	676210	S	3	3	6	0.0000929080
Pseudomonas sp. LG1D9	2083054	S	3	3	6	0.0000929080
Pseudomonas sp. FGI182	1259844	S	3	3	6	0.0000929080
Pseudomonas mandelii	75612	S	2	4	6	0.0000929080
Pseudomonas coronafaciens	53409	S	6	0	6	0.0000929080
Pseudomonas savastanoi	29438	S	2	4	6	0.0000929080
Pseudomonas alkylphenolica	237609	S	6	0	6	0.0000929080
Pseudomonas knackmussii	65741	S	4	2	6	0.0000929080
Entomomonas sp. F2A	2785331	S	6	0	6	0.0000929080
Acinetobacter sp. FDAARGOS_724	2545797	S	2	4	6	0.0000929080
Acinetobacter dispersus	70348	S	6	0	6	0.0000929080
Acinetobacter cumulans	2136182	S	5	1	6	0.0000929080
Acinetobacter variabilis	70346	S	3	3	6	0.0000929080
Psychrobacter sp. 28M-43	2772254	S	5	1	6	0.0000929080
Psychrobacter sp. PRwf-1	349106	S	2	4	6	0.0000929080
Stenotrophomonas sp. NA06056	2742129	S	6	0	6	0.0000929080
Xanthomonas fragariae	48664	S	6	0	6	0.0000929080
Lysobacter capsici	435897	S	6	0	6	0.0000929080
Thermomonas sp. SY21	2202149	S	6	0	6	0.0000929080
Luteibacter rhizovicinus	242606	S	6	0	6	0.0000929080
Dokdonella koreensis	323415	S	6	0	6	0.0000929080
Enterobacter sp. RHBSTW-00975	2742673	S	1	5	6	0.0000929080
Raoultella sp. X13	2259647	S	1	5	6	0.0000929080
Metakosakonia sp. MRY16-398	2487150	S	2	4	6	0.0000929080
Rahnella sp. ERMR1:05	1805933	S	6	0	6	0.0000929080
Yersinia kristensenii	28152	S	2	4	6	0.0000929080
Pantoea ananatis	553	S	6	0	6	0.0000929080
Arsenophonus endosymbiont of Aphis craccivora	1231049	S	4	2	6	0.0000929080
Dickeya sp. MK7	1224145	S	2	4	6	0.0000929080
Halomonas sp. MCCC 1A13718	2733488	S	6	0	6	0.0000929080
Kushneria konosiri	698828	S	6	0	6	0.0000929080
Cobetia sp. cqz5-12	2609415	S	4	2	6	0.0000929080
Salinicola tamaricis	1771309	S	6	0	6	0.0000929080
Aeromonas sp. 2692-1	2560029	S	2	4	6	0.0000929080
Aeromonas encheleia	73010	S	6	0	6	0.0000929080
Pseudoalteromonas translucida	166935	S	5	1	6	0.0000929080
Paraglaciecola sp. L1A13	2686359	S	5	1	6	0.0000929080
Halorhodospira halophila	1053	S	6	0	6	0.0000929080
Thiohalobacter sp. COW1	2795687	S	1	5	6	0.0000929080
Aliivibrio fischeri	668	S	6	0	6	0.0000929080
Grimontia hollisae	673	S	6	0	6	0.0000929080
Cellvibrio sp. PSBB006	1987723	S	6	0	6	0.0000929080
Kineobactrum salinum	2708301	S	6	0	6	0.0000929080
Legionella cherrii	28084	S	6	0	6	0.0000929080
Legionella sainthelensi	28087	S	6	0	6	0.0000929080
Legionella waltersii	66969	S	5	1	6	0.0000929080
Aggregatibacter actinomycetemcomitans	714	S	3	3	6	0.0000929080
Methylomonas methanica	421	S	6	0	6	0.0000929080
Methylocaldum marinum	1432792	S	6	0	6	0.0000929080
Cardiobacterium hominis	2718	S	6	0	6	0.0000929080
Bradyrhizobium sp. PSBB068	2715960	S	5	1	6	0.0000929080
Bradyrhizobium zhanjiangense	1325107	S	5	1	6	0.0000929080
Bosea sp. F3-2	2599640	S	5	1	6	0.0000929080
Bosea vaviloviae	1526658	S	6	0	6	0.0000929080
Rhizobium sp. ACO-34A	1571470	S	6	0	6	0.0000929080
Rhizobium sp. NXC24	2048897	S	6	0	6	0.0000929080
Rhizobium sp. TCK	136098	S	2	4	6	0.0000929080
Rhizobium sp. Y9	1914541	S	1	5	6	0.0000929080
Agrobacterium vitis	373	S	6	0	6	0.0000929080
Pseudorhizobium banfieldiae	1125847	S	2	4	6	0.0000929080
Sinorhizobium americanum	194963	S	5	1	6	0.0000929080
Ensifer adhaerens	106592	S	5	1	6	0.0000929080
Mesorhizobium sp. 113-3-9	2744517	S	4	2	6	0.0000929080
Mesorhizobium sp. L-8-3	2744522	S	2	4	6	0.0000929080
Mesorhizobium japonicum	2066070	S	4	2	6	0.0000929080
Devosia sp. I507	2083786	S	5	1	6	0.0000929080
Methylosinus trichosporium	426	S	6	0	6	0.0000929080
Bartonella sp. HY038	2759660	S	3	3	6	0.0000929080
Lichenihabitans psoromatis	2528642	S	6	0	6	0.0000929080
Sphingomonas sediminicola	386874	S	6	0	6	0.0000929080
Sphingomonas panacisoli	1813879	S	6	0	6	0.0000929080
Sphingomonas rhizophila	2071607	S	6	0	6	0.0000929080
Sphingosinithalassobacter sp. zrk23	2711215	S	5	1	6	0.0000929080
Aurantiacibacter atlanticus	1648404	S	4	2	6	0.0000929080
Paracoccus contaminans	1945662	S	6	0	6	0.0000929080
Rhodobacter sp. LPB0142	1850250	S	4	2	6	0.0000929080
Sulfitobacter sp. BSw21498	664426	S	6	0	6	0.0000929080
Leisingera aquaemixtae	1396826	S	4	2	6	0.0000929080
Jannaschia sp. CCS1	290400	S	6	0	6	0.0000929080
Paraoceanicella profunda	2579971	S	5	1	6	0.0000929080
Asticcacaulis excentricus	78587	S	6	0	6	0.0000929080
Komagataeibacter medellinensis	1177712	S	4	2	6	0.0000929080
Acidibrevibacterium fodinaquatile	1969806	S	6	0	6	0.0000929080
Ehrlichia ruminantium	779	S	5	1	6	0.0000929080
Candidatus Pelagibacter sp. FZCC0015	2268451	S	6	0	6	0.0000929080
Sulfurospirillum halorespirans	194424	S	4	2	6	0.0000929080
Nitratiruptor sp. YY09-18	2724901	S	1	5	6	0.0000929080
Desulfuromonas sp. DDH964	1823759	S	5	1	6	0.0000929080
Desulfobacter postgatei	2293	S	6	0	6	0.0000929080
Desulfosarcina alkanivorans	571177	S	5	1	6	0.0000929080
Desulfonema magnum	45655	S	6	0	6	0.0000929080
Bdellovibrio sp. NC01	2220073	S	5	1	6	0.0000929080
Bdellovibrio sp. KM01	2748865	S	4	2	6	0.0000929080
Silvanigrella aquatica	1915309	S	6	0	6	0.0000929080
Nocardioides sp. 603	2483798	S	5	1	6	0.0000929080
Nocardioides sp. S-1144	2582905	S	5	1	6	0.0000929080
Nocardioides sp. MC1495	2736757	S	5	1	6	0.0000929080
Nocardioides sp. zg-579	2663857	S	5	1	6	0.0000929080
Nocardioides sp. ZJ1313	2685869	S	3	3	6	0.0000929080
Kribbella flavida	182640	S	5	1	6	0.0000929080
Microbacterium sp. YJN-G	2763257	S	6	0	6	0.0000929080
Microbacterium sp. Se63.02b	2709304	S	5	1	6	0.0000929080
Microbacterium sp. SGAir0570	2070348	S	1	5	6	0.0000929080
Microbacterium sp. 1.5R	1916917	S	1	5	6	0.0000929080
Microbacterium oleivorans	273677	S	6	0	6	0.0000929080
Microbacterium schleiferi	69362	S	5	1	6	0.0000929080
Agromyces sp. KACC 19306	2592652	S	6	0	6	0.0000929080
Agromyces aureus	453304	S	6	0	6	0.0000929080
Leifsonia shinshuensis	150026	S	5	1	6	0.0000929080
Agrococcus sp. SGAir0287	2070347	S	6	0	6	0.0000929080
Kocuria rosea	1275	S	6	0	6	0.0000929080
Glutamicibacter protophormiae	37930	S	4	2	6	0.0000929080
Dermabacter vaginalis	1630135	S	5	1	6	0.0000929080
Cellulomonas sp. Y8	2591145	S	6	0	6	0.0000929080
Cellulomonas sp. PSBB021	2003551	S	5	1	6	0.0000929080
Isoptericola variabilis	139208	S	6	0	6	0.0000929080
Xylanimonas allomyrinae	2509459	S	6	0	6	0.0000929080
Ornithinimicrobium sp. H23M54	2594265	S	6	0	6	0.0000929080
Corynebacterium sp. LMM-1652	2487892	S	6	0	6	0.0000929080
Corynebacterium urealyticum	43771	S	5	1	6	0.0000929080
Corynebacterium striatum	43770	S	5	1	6	0.0000929080
Corynebacterium vitaeruminis	38305	S	5	1	6	0.0000929080
Rhodococcus sp. W8901	2742603	S	6	0	6	0.0000929080
Mycolicibacterium sp. Z-34	2736649	S	6	0	6	0.0000929080
Mycolicibacterium fortuitum	1766	S	6	0	6	0.0000929080
Mycolicibacterium aurum	1791	S	6	0	6	0.0000929080
Streptomyces prasinus	67345	S	6	0	6	0.0000929080
Streptomyces albus	1888	S	6	0	6	0.0000929080
Streptomyces hygroscopicus	1912	S	4	2	6	0.0000929080
Kitasatospora sp. MMS16-BH015	2018025	S	6	0	6	0.0000929080
Bifidobacterium bifidum	1681	S	6	0	6	0.0000929080
Bifidobacterium animalis	28025	S	6	0	6	0.0000929080
Micromonospora siamensis	299152	S	5	1	6	0.0000929080
Amycolatopsis sp. YIM 10	2653857	S	5	1	6	0.0000929080
Saccharomonospora glauca	40990	S	5	1	6	0.0000929080
Saccharothrix espanaensis	103731	S	5	1	6	0.0000929080
Saccharothrix sp. 6-C	2781735	S	5	1	6	0.0000929080
Actinomadura sp. WMMA1423	2591108	S	5	1	6	0.0000929080
Eggerthella lenta	84112	S	5	1	6	0.0000929080
Denitrobacterium detoxificans	79604	S	5	1	6	0.0000929080
Conexibacter sp. SYSU D00693	2812560	S	6	0	6	0.0000929080
Streptococcus lutetiensis	150055	S	2	4	6	0.0000929080
Weissella soli	155866	S	6	0	6	0.0000929080
Leuconostoc lactis	1246	S	4	2	6	0.0000929080
Dolosigranulum pigrum	29394	S	6	0	6	0.0000929080
Staphylococcus xylosus	1288	S	6	0	6	0.0000929080
Staphylococcus haemolyticus	1283	S	5	1	6	0.0000929080
Staphylococcus warneri	1292	S	5	1	6	0.0000929080
Bacillus subtilis	1423	S	1	5	6	0.0000929080
Geobacillus subterraneus	129338	S	3	3	6	0.0000929080
Paenibacillus sp. M-152	2487928	S	1	5	6	0.0000929080
Viridibacillus sp. JNUCC-6	2779527	S	6	0	6	0.0000929080
Brochothrix thermosphacta	2756	S	6	0	6	0.0000929080
Lachnoclostridium phytofermentans	66219	S	6	0	6	0.0000929080
Lachnoclostridium phocaeense	1871021	S	5	1	6	0.0000929080
Ruminococcus champanellensis	1161942	S	6	0	6	0.0000929080
Clostridium isatidis	182773	S	6	0	6	0.0000929080
Clostridium tetani	1513	S	6	0	6	0.0000929080
Moorea producens	1155739	S	6	0	6	0.0000929080
Gloeothece citriformis	2546356	S	5	1	6	0.0000929080
Nostoc sp. 'Lobaria pulmonaria (5183) cyanobiont'	1618022	S	5	1	6	0.0000929080
Synechococcus sp. A18-46.1	1866940	S	1	5	6	0.0000929080
Cyanobium gracile	59930	S	5	1	6	0.0000929080
Pseudanabaena sp. ABRG5-3	685565	S	6	0	6	0.0000929080
Stanieria cyanosphaera	102116	S	4	2	6	0.0000929080
Acholeplasma laidlawii	2148	S	6	0	6	0.0000929080
Deinococcus soli Cha et al. 2016	1309411	S	2	4	6	0.0000929080
Thermus scotoductus	37636	S	3	3	6	0.0000929080
Candidatus Promineofilum breve	1806508	S	6	0	6	0.0000929080
Flavobacterium arcticum	1784713	S	6	0	6	0.0000929080
Flavobacterium alkalisoli	2602769	S	6	0	6	0.0000929080
Polaribacter sp. KT25b	1855336	S	5	1	6	0.0000929080
Polaribacter sp. SM13	2818493	S	5	1	6	0.0000929080
Maribacter dokdonensis	320912	S	6	0	6	0.0000929080
Formosa sediminum	2594004	S	6	0	6	0.0000929080
Aquimarina sp. AD1	1714848	S	6	0	6	0.0000929080
Lacinutrix sp. 5H-3-7-4	983544	S	5	1	6	0.0000929080
Gramella fulva	2126553	S	6	0	6	0.0000929080
Changchengzhania lutea	2049305	S	6	0	6	0.0000929080
Salegentibacter salegens	143223	S	6	0	6	0.0000929080
Chryseobacterium sp. IHB B 17019	1721091	S	6	0	6	0.0000929080
Chryseobacterium glaciei	1685010	S	6	0	6	0.0000929080
Chryseobacterium cucumeris	1813611	S	5	1	6	0.0000929080
Kaistella flava (ex Peng et al. 2021)	2038776	S	6	0	6	0.0000929080
Riemerella anatipestifer	34085	S	4	2	6	0.0000929080
Butyricimonas virosa	544645	S	6	0	6	0.0000929080
Draconibacterium orientale	1168034	S	6	0	6	0.0000929080
Pedobacter ginsengisoli	363852	S	6	0	6	0.0000929080
Sphingobacterium sp. G1-14	2003121	S	2	4	6	0.0000929080
Sphingobacterium siyangense	459529	S	2	4	6	0.0000929080
Mucilaginibacter gossypii	551996	S	4	2	6	0.0000929080
Pseudopedobacter saltans	151895	S	5	1	6	0.0000929080
Rhodocytophaga rosea	2704465	S	6	0	6	0.0000929080
Arcticibacterium luteifluviistationis	1784714	S	6	0	6	0.0000929080
Leadbetterella byssophila	316068	S	5	1	6	0.0000929080
Hymenobacter sp. PAMC 26554	1484116	S	6	0	6	0.0000929080
Hymenobacter busanensis	2607656	S	6	0	6	0.0000929080
Flammeovirga sp. MY04	1191459	S	6	0	6	0.0000929080
Arachidicoccus soli	2341117	S	6	0	6	0.0000929080
Niabella soli	446683	S	6	0	6	0.0000929080
Filimonas lacunae	477680	S	5	1	6	0.0000929080
Gemmatimonas aurantiaca	173480	S	6	0	6	0.0000929080
Thermogutta terrifontis	1331910	S	6	0	6	0.0000929080
Gimesia alba	2527973	S	5	1	6	0.0000929080
Caulifigura coniformis	2527983	S	6	0	6	0.0000929080
Crateriforma conspicua	2527996	S	5	1	6	0.0000929080
Candidatus Kuenenia stuttgartiensis	174633	S	6	0	6	0.0000929080
Verrucomicrobium sp. GAS474	1882831	S	6	0	6	0.0000929080
Candidatus Protochlamydia naegleriophila	389348	S	5	1	6	0.0000929080
Fusobacterium ulcerans	861	S	5	1	6	0.0000929080
Candidatus Chazhemtobacterium aquaticus	2715735	S	6	0	6	0.0000929080
Nitrospira sp. KM1	1936990	S	5	1	6	0.0000929080
Oxalobacter formigenes	847	S	5	0	5	0.0000774234
Burkholderia sp. THE68	758782	S	5	0	5	0.0000774234
Burkholderia sp. DHOD12	2571746	S	5	0	5	0.0000774234
Burkholderia sp. KK1	1855726	S	2	3	5	0.0000774234
Burkholderia plantarii	41899	S	5	0	5	0.0000774234
Paraburkholderia sprentiae	948107	S	5	0	5	0.0000774234
Paraburkholderia acidiphila	2571747	S	5	0	5	0.0000774234
Bordetella sp. H567	1697043	S	5	0	5	0.0000774234
Bordetella flabilis	463014	S	5	0	5	0.0000774234
Bordetella trematum	123899	S	4	1	5	0.0000774234
Pusillimonas sp. DMV24BSW_D	2716226	S	5	0	5	0.0000774234
Chromobacterium vaccinii	1108595	S	4	1	5	0.0000774234
Chromobacterium paludis	2605945	S	4	1	5	0.0000774234
Chromobacterium sp. Rain0013	2292447	S	2	3	5	0.0000774234
Jeongeupia sp. USM3	1906741	S	5	0	5	0.0000774234
Pseudogulbenkiania sp. NH8B	748280	S	5	0	5	0.0000774234
Snodgrassella alvi	1196083	S	5	0	5	0.0000774234
Nitrosospira lacus	1288494	S	5	0	5	0.0000774234
Sideroxydans lithotrophicus	63745	S	5	0	5	0.0000774234
Pseudomonas sp. CMR5c	658630	S	5	0	5	0.0000774234
Pseudomonas sp. CC6-YY-74	1930532	S	5	0	5	0.0000774234
Pseudomonas sp. S-6-2	1931241	S	5	0	5	0.0000774234
Pseudomonas sp. ACM7	2052956	S	5	0	5	0.0000774234
Pseudomonas sp. 02C 26	2054914	S	5	0	5	0.0000774234
Pseudomonas sp. ADAK18	2730848	S	5	0	5	0.0000774234
Pseudomonas sp. R76	1573711	S	4	1	5	0.0000774234
Pseudomonas libanensis	75588	S	3	2	5	0.0000774234
Pseudomonas lalkuanensis	2604832	S	5	0	5	0.0000774234
Pseudomonas silesiensis	1853130	S	5	0	5	0.0000774234
Pseudomonas versuta	1788301	S	5	0	5	0.0000774234
Pseudomonas allokribbensis	2774460	S	4	1	5	0.0000774234
Azotobacter chroococcum	353	S	4	1	5	0.0000774234
Azotobacter salinestris	69964	S	4	1	5	0.0000774234
Acinetobacter sp. ACNIH2	1758189	S	4	1	5	0.0000774234
Acinetobacter calcoaceticus	471	S	5	0	5	0.0000774234
Acinetobacter nosocomialis	106654	S	3	2	5	0.0000774234
Acinetobacter equi	1324350	S	5	0	5	0.0000774234
Psychrobacter sp. KCTC 72983	2733866	S	2	3	5	0.0000774234
Stenotrophomonas sp. 364	2691571	S	5	0	5	0.0000774234
Stenotrophomonas indicatrix	2045451	S	2	3	5	0.0000774234
Xanthomonas arboricola	56448	S	5	0	5	0.0000774234
Xanthomonas sacchari	56458	S	5	0	5	0.0000774234
Lysobacter sp. H21R20	2781022	S	3	2	5	0.0000774234
Xylella fastidiosa	2371	S	4	1	5	0.0000774234
Dyella sp. M7H15-1	2501295	S	5	0	5	0.0000774234
Klebsiella quasipneumoniae	1463165	S	2	3	5	0.0000774234
Citrobacter sp. BDA59-3	2781952	S	4	1	5	0.0000774234
Leclercia sp. 4-9-1-25	2815358	S	1	4	5	0.0000774234
Pluralibacter gergoviae	61647	S	5	0	5	0.0000774234
Pantoea sp. PSNIH1	1484158	S	3	2	5	0.0000774234
Erwinia pyrifoliae	79967	S	3	2	5	0.0000774234
Halomonas sp. GT	1971364	S	4	1	5	0.0000774234
Marinomonas foliarum	491950	S	4	1	5	0.0000774234
Alcanivorax sp. N3-2A	2014542	S	2	3	5	0.0000774234
Tolumonas auensis	43948	S	5	0	5	0.0000774234
Shewanella donghaensis	238836	S	5	0	5	0.0000774234
Shewanella baltica	62322	S	4	1	5	0.0000774234
Shewanella japonica	93973	S	2	3	5	0.0000774234
Saliniradius amylolyticus	2183582	S	5	0	5	0.0000774234
Nitrosococcus wardiae	1814290	S	3	2	5	0.0000774234
Acidihalobacter ferrooxydans	1765967	S	5	0	5	0.0000774234
Acidihalobacter yilgarnenesis	2819280	S	5	0	5	0.0000774234
Vibrio campbellii	680	S	5	0	5	0.0000774234
Vibrio rumoiensis	76258	S	4	1	5	0.0000774234
Legionella endosymbiont of Polyplax serrata	2005262	S	5	0	5	0.0000774234
Haemophilus influenzae	727	S	4	1	5	0.0000774234
Actinobacillus pleuropneumoniae	715	S	3	2	5	0.0000774234
Piscirickettsia salmonis	1238	S	5	0	5	0.0000774234
Methylomonas sp. LL1	2785785	S	5	0	5	0.0000774234
Methylococcus sp. IM1	2681310	S	5	0	5	0.0000774234
Methylococcus sp. EFPC2	2812648	S	5	0	5	0.0000774234
Solimonas sp. K1W22B-7	2303331	S	5	0	5	0.0000774234
Acidiferrobacter sp. SPIII_3	1281578	S	5	0	5	0.0000774234
Frischella perrara	1267021	S	5	0	5	0.0000774234
Bradyrhizobium amphicarpaeae	1404768	S	4	1	5	0.0000774234
Bradyrhizobium betae	244734	S	3	2	5	0.0000774234
Methylobacterium radiotolerans	31998	S	1	4	5	0.0000774234
Rhizobium sp. NIBRBAC000502774	2590777	S	2	3	5	0.0000774234
Rhizobium gallicum	56730	S	3	2	5	0.0000774234
Rhizobium phaseoli	396	S	2	3	5	0.0000774234
Agrobacterium larrymoorei	160699	S	5	0	5	0.0000774234
Neorhizobium sp. NCHU2750	1825976	S	5	0	5	0.0000774234
Georhizobium profundi	2341112	S	4	1	5	0.0000774234
Mesorhizobium sp. M4B.F.Ca.ET.058.02.1.1	2493675	S	4	1	5	0.0000774234
Roseitalea porphyridii	1852022	S	5	0	5	0.0000774234
Devosia sp. S02	2657486	S	4	1	5	0.0000774234
Methyloceanibacter sp. wino2	2170729	S	5	0	5	0.0000774234
Candidatus Filomicrobium marinum	1608628	S	5	0	5	0.0000774234
Methylocystis sp. SC2	187303	S	5	0	5	0.0000774234
Candidatus Hodgkinia cicadicola	573658	S	5	0	5	0.0000774234
Pseudorhodoplanes sinuspersici	1235591	S	5	0	5	0.0000774234
Labrenzia sp. THAF82	2587861	S	3	2	5	0.0000774234
Chelatococcus daeguensis	444444	S	4	1	5	0.0000774234
Sphingomonas sp. LM7	1938607	S	5	0	5	0.0000774234
Sphingomonas sp. HDW15A	2714942	S	5	0	5	0.0000774234
Sphingomonas ginsengisoli An et al. 2013	363835	S	5	0	5	0.0000774234
Sphingobium sp. EP60837	1855519	S	5	0	5	0.0000774234
Sphingorhabdus sp. SMR4y	2584094	S	5	0	5	0.0000774234
Parasphingopyxis algicola	2026624	S	5	0	5	0.0000774234
Tsuneonella mangrovi	1982042	S	5	0	5	0.0000774234
Altererythrobacter sp. TH136	2067415	S	5	0	5	0.0000774234
Paracoccus sp. H4-D09	2812658	S	5	0	5	0.0000774234
Paracoccus mutanolyticus	1499308	S	2	3	5	0.0000774234
Sulfitobacter sp. SK025	1389011	S	3	2	5	0.0000774234
Rhodovulum sulfidophilum	35806	S	4	1	5	0.0000774234
Pseudooceanicola algae	1537215	S	5	0	5	0.0000774234
Thalassobius gelatinovorus	53501	S	5	0	5	0.0000774234
Rhodobaca barguzinensis	441209	S	5	0	5	0.0000774234
Mameliella alba	561184	S	4	1	5	0.0000774234
Roseomonas sp. 1318	2768161	S	4	1	5	0.0000774234
Acetobacter orientalis	146474	S	5	0	5	0.0000774234
Gluconacetobacter diazotrophicus	33996	S	5	0	5	0.0000774234
Kozakia baliensis	153496	S	5	0	5	0.0000774234
Bombella sp. KACC 21507	2697033	S	5	0	5	0.0000774234
Rickettsia amblyommatis	33989	S	3	2	5	0.0000774234
Hyphomonas sp. KY3	2016196	S	5	0	5	0.0000774234
Kordiimonas pumila	2161677	S	5	0	5	0.0000774234
Magnetococcus marinus	1124597	S	5	0	5	0.0000774234
Campylobacter sp. RM16704	1500960	S	5	0	5	0.0000774234
Campylobacter ureolyticus	827	S	5	0	5	0.0000774234
Archangium gephyra	48	S	3	2	5	0.0000774234
Corallococcus macrosporus	35	S	2	3	5	0.0000774234
Chondromyces crocatus	52	S	5	0	5	0.0000774234
Desulfovibrio sulfodismutans	63561	S	5	0	5	0.0000774234
Desulfovibrio magneticus	184917	S	1	4	5	0.0000774234
Pseudodesulfovibrio sp. zrk46	2725288	S	5	0	5	0.0000774234
Desulfomicrobium baculatum	899	S	4	1	5	0.0000774234
Desulfobacter hydrogenophilus	2291	S	5	0	5	0.0000774234
Acidithiobacillus ferrivorans	160808	S	5	0	5	0.0000774234
Acidithiobacillus ferrooxidans	920	S	3	2	5	0.0000774234
Tessaracoccus aquimaris	1332264	S	5	0	5	0.0000774234
Tessaracoccus sp. MC1865	2760310	S	5	0	5	0.0000774234
Microlunatus sp. Gsoil 973	2672569	S	5	0	5	0.0000774234
Nocardioides sp. zg-1228	2763008	S	4	1	5	0.0000774234
Nocardioides cynanchi	2558918	S	5	0	5	0.0000774234
Aeromicrobium choanae	1736691	S	5	0	5	0.0000774234
Microbacterium sp. JZ31	1906274	S	5	0	5	0.0000774234
Microbacterium sp. XT11	367477	S	5	0	5	0.0000774234
Microbacterium sp. HY60	2769067	S	5	0	5	0.0000774234
Microbacterium sp. A18JL200	2782167	S	4	1	5	0.0000774234
Microbacterium lushaniae	2614639	S	5	0	5	0.0000774234
Microbacterium caowuchunii	2614638	S	5	0	5	0.0000774234
Microbacterium sediminis	904291	S	4	1	5	0.0000774234
Rathayibacter sp. VKM Ac-2760	2609253	S	4	1	5	0.0000774234
Aurantimicrobium sp. MWH-Uga1	2079575	S	3	2	5	0.0000774234
Aurantimicrobium minutum	708131	S	3	2	5	0.0000774234
Agromyces sp. G127AT	2781962	S	5	0	5	0.0000774234
Agromyces protaetiae	2509455	S	5	0	5	0.0000774234
Leifsonia sp. PS1209	2724914	S	5	0	5	0.0000774234
Protaetiibacter sp. SSC-01	2759943	S	5	0	5	0.0000774234
Cryobacterium soli	2220095	S	4	1	5	0.0000774234
Glaciihabitans sp. INWT7	2596912	S	5	0	5	0.0000774234
Yimella sp. cx-51	2770551	S	5	0	5	0.0000774234
Paenarthrobacter sp. YJN-5	2735316	S	2	3	5	0.0000774234
Paenarthrobacter ureafaciens	37931	S	1	4	5	0.0000774234
Sinomonas atrocyanea	37927	S	5	0	5	0.0000774234
Brevibacterium sp. YB235	1496080	S	4	1	5	0.0000774234
Brevibacterium sandarakinum	629680	S	5	0	5	0.0000774234
Brachybacterium saurashtrense	556288	S	5	0	5	0.0000774234
Dermabacter jinjuensis	1667168	S	4	1	5	0.0000774234
Cellulomonas shaoxiangyii	2566013	S	5	0	5	0.0000774234
Cellulomonas taurus	2729175	S	5	0	5	0.0000774234
Oerskovia sp. KBS0722	1179673	S	5	0	5	0.0000774234
Cellulosimicrobium sp. JZ28	1906273	S	2	3	5	0.0000774234
Sanguibacter sp. HDW7	2714931	S	5	0	5	0.0000774234
Corynebacterium sp. 1959	2675216	S	5	0	5	0.0000774234
Corynebacterium sp. zg-917	2763010	S	5	0	5	0.0000774234
Corynebacterium stationis	1705	S	5	0	5	0.0000774234
Corynebacterium macginleyi	38290	S	5	0	5	0.0000774234
Corynebacterium uterequi	1072256	S	5	0	5	0.0000774234
Corynebacterium lactis	1231000	S	5	0	5	0.0000774234
Corynebacterium callunae	1721	S	5	0	5	0.0000774234
Corynebacterium crudilactis	1652495	S	4	1	5	0.0000774234
Corynebacterium sanguinis	2594913	S	4	1	5	0.0000774234
Nocardia sp. WCH-YHL-001	2755382	S	5	0	5	0.0000774234
Mycolicibacterium phlei	1771	S	5	0	5	0.0000774234
Mycolicibacterium sarraceniae	1534348	S	5	0	5	0.0000774234
Mycolicibacterium insubricum	444597	S	5	0	5	0.0000774234
Mycolicibacterium chitae	1792	S	5	0	5	0.0000774234
Mycolicibacterium gilvum	1804	S	4	1	5	0.0000774234
Mycolicibacterium vanbaalenii	110539	S	1	4	5	0.0000774234
Mycobacterium intracellulare	1767	S	2	3	5	0.0000774234
Mycobacterium leprae	1769	S	5	0	5	0.0000774234
Mycobacterium grossiae	1552759	S	5	0	5	0.0000774234
Mycobacterium dioxanotrophicus	482462	S	5	0	5	0.0000774234
Mycobacterium cookii	1775	S	5	0	5	0.0000774234
Mycobacterium gordonae	1778	S	5	0	5	0.0000774234
Gordonia terrae	2055	S	4	1	5	0.0000774234
Streptomyces sp. C8S0	2585716	S	5	0	5	0.0000774234
Streptomyces sp. CB01881	2078691	S	5	0	5	0.0000774234
Streptomyces sp. Tu 2975	2676871	S	5	0	5	0.0000774234
Streptomyces sp. QMT-12	2717324	S	5	0	5	0.0000774234
Streptomyces sp. SCUT-3	2684469	S	5	0	5	0.0000774234
Streptomyces sp. JB150	2714844	S	5	0	5	0.0000774234
Streptomyces sp. SYP-A7193	2662065	S	4	1	5	0.0000774234
Streptomyces alboniger	132473	S	5	0	5	0.0000774234
Streptomyces buecherae	2763006	S	5	0	5	0.0000774234
Streptomyces globosus	68209	S	5	0	5	0.0000774234
Streptomyces griseorubiginosus	67304	S	5	0	5	0.0000774234
Streptomyces fagopyri	2662397	S	5	0	5	0.0000774234
Streptomyces olivaceus	47716	S	3	2	5	0.0000774234
Kitasatospora aureofaciens	1894	S	1	4	5	0.0000774234
Streptacidiphilus bronchialis	2126346	S	5	0	5	0.0000774234
Candidatus Nanopelagicus abundans	1884916	S	5	0	5	0.0000774234
Bifidobacterium dentium	1689	S	5	0	5	0.0000774234
Bifidobacterium pseudocatenulatum	28026	S	5	0	5	0.0000774234
Actinoplanes missouriensis	1866	S	4	1	5	0.0000774234
Phytohabitans suffuscus	624315	S	4	1	5	0.0000774234
Amycolatopsis sp. FDAARGOS 1241	2778070	S	5	0	5	0.0000774234
Amycolatopsis mediterranei	33910	S	5	0	5	0.0000774234
Pseudonocardia broussonetiae	2736640	S	5	0	5	0.0000774234
Saccharothrix syringae	103733	S	4	1	5	0.0000774234
Actinomyces sp. HMT 175	2789425	S	3	2	5	0.0000774234
Trueperella sp. 19M2397	2733571	S	5	0	5	0.0000774234
Nonomuraea sp. ATCC 55076	1909395	S	5	0	5	0.0000774234
Streptosporangium roseum	2001	S	5	0	5	0.0000774234
Nakamurella panacisegetis	1090615	S	5	0	5	0.0000774234
Jiangella alkaliphila	419479	S	5	0	5	0.0000774234
Olsenella sp. LZLJ-2	2779519	S	4	1	5	0.0000774234
Olsenella timonensis	1805478	S	4	1	5	0.0000774234
Streptococcus sp. CNU G3	2698804	S	2	3	5	0.0000774234
Streptococcus suis	1307	S	5	0	5	0.0000774234
Streptococcus sanguinis	1305	S	5	0	5	0.0000774234
Limosilactobacillus reuteri	1598	S	5	0	5	0.0000774234
Ligilactobacillus animalis	1605	S	4	1	5	0.0000774234
Loigolactobacillus bifermentans	1607	S	5	0	5	0.0000774234
Loigolactobacillus coryniformis	1610	S	4	1	5	0.0000774234
Fructilactobacillus fructivorans	1614	S	5	0	5	0.0000774234
Tetragenococcus halophilus	51669	S	5	0	5	0.0000774234
Carnobacterium inhibens	147709	S	5	0	5	0.0000774234
Aerococcus urinaehominis	128944	S	5	0	5	0.0000774234
Bacillus sp. M4U3P1	2592382	S	5	0	5	0.0000774234
Bacillus sp. X1(2014)	1565991	S	5	0	5	0.0000774234
Paenibacillus thiaminolyticus	49283	S	5	0	5	0.0000774234
Paenibacillus bovis	1616788	S	5	0	5	0.0000774234
Planococcus plakortidis	1038856	S	4	1	5	0.0000774234
Tumebacillus avium	1903704	S	4	1	5	0.0000774234
Listeria welshimeri	1643	S	5	0	5	0.0000774234
Butyrivibrio proteoclasticus	43305	S	4	1	5	0.0000774234
Clostridium saccharobutylicum	169679	S	5	0	5	0.0000774234
Romboutsia sp. CE17	2724150	S	5	0	5	0.0000774234
Mogibacterium diversum	114527	S	1	4	5	0.0000774234
Intestinimonas butyriciproducens	1297617	S	5	0	5	0.0000774234
Eubacterium limosum	1736	S	4	1	5	0.0000774234
Pelosinus fermentans	365349	S	4	1	5	0.0000774234
Planktothrix agardhii	1160	S	2	3	5	0.0000774234
[Phormidium] sp. ETS-05	222819	S	5	0	5	0.0000774234
Cylindrospermum stagnale	142864	S	5	0	5	0.0000774234
Calothrix sp. NIES-2098	1954171	S	2	3	5	0.0000774234
Calothrix parasitica	1973486	S	5	0	5	0.0000774234
Rivularia sp. PCC 7116	373994	S	5	0	5	0.0000774234
Microchaete diplosiphon	1197	S	2	3	5	0.0000774234
Synechococcus sp. ROS8604	1442557	S	4	1	5	0.0000774234
Synechococcus sp. M16.1	1442553	S	2	3	5	0.0000774234
Gloeobacter violaceus	33072	S	4	1	5	0.0000774234
Mycoplasma sp. Phocoena C-264-GEN	754517	S	5	0	5	0.0000774234
Deinococcus wulumuqiensis	980427	S	3	2	5	0.0000774234
Truepera radiovictrix	332249	S	5	0	5	0.0000774234
Brevefilum fermentans	1986204	S	5	0	5	0.0000774234
Flavobacterium sp. CS20	2775246	S	4	1	5	0.0000774234
Polaribacter sp. MED152	313598	S	5	0	5	0.0000774234
Polaribacter sp. SA4-12	1312072	S	4	1	5	0.0000774234
Polaribacter sp. ALD11	2058137	S	4	1	5	0.0000774234
Polaribacter sejongensis	985043	S	4	1	5	0.0000774234
Winogradskyella sediminis	1382466	S	4	1	5	0.0000774234
Nonlabens sp. Ci31	2608253	S	5	0	5	0.0000774234
Formosa sp. Hel1_31_208	1798225	S	5	0	5	0.0000774234
Aequorivita sp. KX20305	2803865	S	5	0	5	0.0000774234
Aequorivita sublithincola	101385	S	5	0	5	0.0000774234
Psychroflexus sp. ALD_RP9	2777186	S	5	0	5	0.0000774234
Chryseobacterium sp. JV274	1932669	S	5	0	5	0.0000774234
Chryseobacterium piperi	558152	S	5	0	5	0.0000774234
Chryseobacterium gallinarum	1324352	S	5	0	5	0.0000774234
Chryseobacterium joostei	112234	S	4	1	5	0.0000774234
Chryseobacterium camelliae	1265445	S	4	1	5	0.0000774234
Chryseobacterium shandongense	1493872	S	4	1	5	0.0000774234
Chryseobacterium manosquense	2754694	S	2	3	5	0.0000774234
Paraprevotella xylaniphila	454155	S	5	0	5	0.0000774234
Alistipes finegoldii	214856	S	5	0	5	0.0000774234
Butyricimonas faecalis	2093856	S	4	1	5	0.0000774234
Sodaliphilus pleomorphus	2606626	S	5	0	5	0.0000774234
Alkalitalea saponilacus	889453	S	5	0	5	0.0000774234
Spirosoma rigui	564064	S	5	0	5	0.0000774234
Spirosoma aureum	2692134	S	4	1	5	0.0000774234
Hymenobacter sp. DG01	2584940	S	4	1	5	0.0000774234
Hymenobacter sp. BRD67	2675877	S	4	1	5	0.0000774234
Hymenobacter sedentarius	1411621	S	5	0	5	0.0000774234
Adhaeribacter radiodurans	2745197	S	5	0	5	0.0000774234
Pontibacter korlensis	400092	S	5	0	5	0.0000774234
Roseivirga pacifica	1267423	S	5	0	5	0.0000774234
Chitinophaga sp. 1303	2725414	S	1	4	5	0.0000774234
Chitinophaga sp. 1310	2725416	S	1	4	5	0.0000774234
Chitinophaga pinensis	79329	S	5	0	5	0.0000774234
Flavisolibacter ginsenosidimutans	661481	S	5	0	5	0.0000774234
Saprospira grandis	1008	S	5	0	5	0.0000774234
Chlorobium chlorochromatii	337090	S	5	0	5	0.0000774234
Chlorobaculum limnaeum	274537	S	5	0	5	0.0000774234
Tuwongella immobilis	692036	S	5	0	5	0.0000774234
Stieleria neptunia	2527979	S	5	0	5	0.0000774234
Aeoliella mucimassa	2527972	S	5	0	5	0.0000774234
Gimesia fumaroli	2527976	S	4	1	5	0.0000774234
Planctopirus limnophila	120	S	5	0	5	0.0000774234
Granulicella tundricola	940615	S	5	0	5	0.0000774234
Candidatus Koribacter versatilis	658062	S	5	0	5	0.0000774234
Methanoregula formicica	882104	S	5	0	5	0.0000774234
Methanobrevibacter olleyae	294671	S	5	0	5	0.0000774234
Methanobacterium paludis	868131	S	5	0	5	0.0000774234
Hyphantria cunea nucleopolyhedrovirus	28288	S	5	0	5	0.0000774234
Herbaspirillum frisingense	92645	S	3	1	4	0.0000619387
Polynucleobacter acidiphobus	556053	S	4	0	4	0.0000619387
Burkholderia sp. Bp7605	1740163	S	4	0	4	0.0000619387
Paraburkholderia sp. PGU16	2735433	S	3	1	4	0.0000619387
Paraburkholderia atlantica	2654982	S	4	0	4	0.0000619387
Paraburkholderia terricola	169427	S	4	0	4	0.0000619387
Paraburkholderia terrae	311230	S	2	2	4	0.0000619387
Pandoraea faecigallinarum	656179	S	4	0	4	0.0000619387
Pandoraea oxalativorans	573737	S	3	1	4	0.0000619387
Methylibium sp. T29	1430884	S	3	1	4	0.0000619387
Castellaniella defragrans	75697	S	3	1	4	0.0000619387
Turicimonas muris	1796652	S	4	0	4	0.0000619387
Chromobacterium phragmitis	2202141	S	3	1	4	0.0000619387
Vitreoscilla sp. C1	96942	S	4	0	4	0.0000619387
Neisseria animaloris	326522	S	4	0	4	0.0000619387
Neisseria gonorrhoeae	485	S	3	1	4	0.0000619387
Conchiformibius steedae	153493	S	4	0	4	0.0000619387
Azoarcus pumilus	2067960	S	4	0	4	0.0000619387
Niveibacterium sp. HC41	2811415	S	4	0	4	0.0000619387
Nitrosomonas sp. AL212	153948	S	2	2	4	0.0000619387
Nitrosomonas ureae	44577	S	3	1	4	0.0000619387
Sulfuriferula nivalis	2675298	S	4	0	4	0.0000619387
Gallionella capsiferriformans	370405	S	4	0	4	0.0000619387
Pseudomonas mosselii	78327	S	2	2	4	0.0000619387
Pseudomonas sp. HLS-6	2049589	S	4	0	4	0.0000619387
Pseudomonas sp. TUM18999	2725477	S	4	0	4	0.0000619387
Pseudomonas sp. 7SR1	1881017	S	4	0	4	0.0000619387
Pseudomonas sp. Tri1	2823875	S	4	0	4	0.0000619387
Pseudomonas sp. Y39-6	2749807	S	1	3	4	0.0000619387
Pseudomonas sp. PONIH3	1636610	S	1	3	4	0.0000619387
Pseudomonas trivialis	200450	S	4	0	4	0.0000619387
Pseudomonas extremorientalis	169669	S	3	1	4	0.0000619387
Pseudomonas poae	200451	S	3	1	4	0.0000619387
Pseudomonas eucalypticola	2599595	S	4	0	4	0.0000619387
Pseudomonas lini	163011	S	4	0	4	0.0000619387
Pseudomonas prosekii	1148509	S	4	0	4	0.0000619387
Pseudomonas thivervalensis	86265	S	4	0	4	0.0000619387
Pseudomonas umsongensis	198618	S	4	0	4	0.0000619387
Pseudomonas pelagia	553151	S	4	0	4	0.0000619387
Entomomonas moraniae	2213226	S	4	0	4	0.0000619387
Acinetobacter wanghuae	2662362	S	4	0	4	0.0000619387
Acinetobacter tandoii	202954	S	4	0	4	0.0000619387
Acinetobacter larvae	1789224	S	4	0	4	0.0000619387
Acinetobacter defluvii	1871111	S	3	1	4	0.0000619387
Psychrobacter sp.	56811	S	3	1	4	0.0000619387
Stenotrophomonas sp. ESTM1D_MKCIP4_1	2072414	S	4	0	4	0.0000619387
Stenotrophomonas sp. G4	2303750	S	3	1	4	0.0000619387
Lysobacter antibioticus	84531	S	4	0	4	0.0000619387
Luteimonas sp. JM171	1896164	S	4	0	4	0.0000619387
Luteimonas sp. MC1825	2761107	S	4	0	4	0.0000619387
Klebsiella sp. STW0522-44	2681387	S	2	2	4	0.0000619387
Klebsiella aerogenes	548	S	4	0	4	0.0000619387
Klebsiella variicola	244366	S	2	2	4	0.0000619387
Klebsiella michiganensis	1134687	S	2	2	4	0.0000619387
Citrobacter sp. R56	1573676	S	4	0	4	0.0000619387
Enterobacteriaceae endosymbiont of Donacia bicoloricornis	2675772	S	3	1	4	0.0000619387
Cedecea neteri	158822	S	4	0	4	0.0000619387
Lelliottia amnigena	61646	S	4	0	4	0.0000619387
Phytobacter diazotrophicus	395631	S	2	2	4	0.0000619387
Serratia sp. 3ACOL1	2448483	S	2	2	4	0.0000619387
Serratia symbiotica	138074	S	4	0	4	0.0000619387
Pantoea dispersa	59814	S	4	0	4	0.0000619387
Pantoea alhagi	1891675	S	4	0	4	0.0000619387
Pectobacterium parmentieri	1905730	S	4	0	4	0.0000619387
Dickeya zeae	204042	S	4	0	4	0.0000619387
Brenneria goodwinii	1109412	S	1	3	4	0.0000619387
Obesumbacterium proteus	82983	S	4	0	4	0.0000619387
Pragia fontium	82985	S	4	0	4	0.0000619387
Halomonas sp. THAF12	2587849	S	3	1	4	0.0000619387
Halomonas elongata	2746	S	4	0	4	0.0000619387
Marinomonas mediterranea	119864	S	4	0	4	0.0000619387
Marinobacterium georgiense	48076	S	4	0	4	0.0000619387
Hahella sp. KA22	1628392	S	4	0	4	0.0000619387
Oceanimonas sp. GK1	511062	S	4	0	4	0.0000619387
Oceanisphaera avium	1903694	S	4	0	4	0.0000619387
Zobellella denitrificans	347534	S	4	0	4	0.0000619387
Succinivibrio dextrinosolvens	83771	S	4	0	4	0.0000619387
Pseudoalteromonas sp. SM1988	2744479	S	4	0	4	0.0000619387
Pseudoalteromonas sp. 1_2015MBL_MicDiv	1720343	S	2	2	4	0.0000619387
Shewanella sp. M2	2487742	S	4	0	4	0.0000619387
Shewanella sp. ANA-3	94122	S	2	2	4	0.0000619387
Marinobacter sp. es.042	1761794	S	3	1	4	0.0000619387
Alteromonas sp. RKMC-009	2267264	S	1	3	4	0.0000619387
Moritella marina	90736	S	4	0	4	0.0000619387
Thioalkalivibrio nitratireducens	186931	S	3	1	4	0.0000619387
Granulosicoccus antarcticus	437505	S	4	0	4	0.0000619387
Vibrio natriegens	691	S	3	1	4	0.0000619387
Vibrio crassostreae	246167	S	4	0	4	0.0000619387
Congregibacter litoralis	393662	S	3	1	4	0.0000619387
Legionella sp. TUM19329	2708020	S	4	0	4	0.0000619387
Legionella longbeachae	450	S	4	0	4	0.0000619387
Legionella fallonii	96230	S	4	0	4	0.0000619387
Gallibacterium anatis	750	S	4	0	4	0.0000619387
Glaesserella parasuis	738	S	4	0	4	0.0000619387
Cycloclasticus sp. PY97N	728003	S	2	2	4	0.0000619387
Francisella hispaniensis	622488	S	3	1	4	0.0000619387
Candidatus Vesicomyosocius okutanii	412965	S	2	2	4	0.0000619387
Pseudohongiella spirulinae	1249552	S	4	0	4	0.0000619387
Candidatus Azoamicus ciliaticola	2652803	S	4	0	4	0.0000619387
Sulfuricaulis limicola	1620215	S	4	0	4	0.0000619387
Nitrobacter hamburgensis	912	S	4	0	4	0.0000619387
Variibacter gotjawalensis	1333996	S	4	0	4	0.0000619387
Microvirga sp. 17 mud 1-3	2082949	S	4	0	4	0.0000619387
Rhizobium sp. BG4	2613770	S	4	0	4	0.0000619387
Rhizobium acidisoli	1538158	S	3	1	4	0.0000619387
Agrobacterium rubi	28099	S	4	0	4	0.0000619387
Sinorhizobium medicae	110321	S	4	0	4	0.0000619387
Mesorhizobium sp. DCY119	2108445	S	4	0	4	0.0000619387
Mesorhizobium sp. M9A.F.Ca.ET.002.03.1.2	2493668	S	3	1	4	0.0000619387
Mesorhizobium sp. WSM1497	278153	S	1	3	4	0.0000619387
Mesorhizobium amorphae	71433	S	4	0	4	0.0000619387
Mesorhizobium oceanicum	1670800	S	4	0	4	0.0000619387
Hoeflea phototrophica	244596	S	4	0	4	0.0000619387
Methyloceanibacter caenitepidi	1384459	S	4	0	4	0.0000619387
Aquabacter sp. L1I39	2820278	S	4	0	4	0.0000619387
Youhaiella tibetensis	1447062	S	4	0	4	0.0000619387
Azorhizobium caulinodans	7	S	4	0	4	0.0000619387
Martelella lutilitoris	2583532	S	3	1	4	0.0000619387
Methylocystis heyeri	391905	S	4	0	4	0.0000619387
Stappia indica	538381	S	4	0	4	0.0000619387
Stappia sp. ES.058	1881061	S	4	0	4	0.0000619387
Brucella pseudogrignonensis	419475	S	3	1	4	0.0000619387
Sphingopyxis granuli	267128	S	1	3	4	0.0000619387
Sphingobium sp. SCG-1	2072936	S	4	0	4	0.0000619387
Sphingobium japonicum	332056	S	3	1	4	0.0000619387
Sphingobium indicum	332055	S	1	3	4	0.0000619387
Sphingorhabdus sp. M41	1806885	S	4	0	4	0.0000619387
Parasphingorhabdus sp. JHSY0214	2806553	S	4	0	4	0.0000619387
Erythrobacter sp. 6D36	2782568	S	4	0	4	0.0000619387
Erythrobacter aureus	2182384	S	4	0	4	0.0000619387
Erythrobacter mangrovi	2739433	S	3	1	4	0.0000619387
Altererythrobacter epoxidivorans	361183	S	4	0	4	0.0000619387
Altererythrobacter ishigakiensis	476157	S	4	0	4	0.0000619387
Croceicoccus sp. YJ47	2798724	S	3	1	4	0.0000619387
Qipengyuania seohaensis	266951	S	4	0	4	0.0000619387
Paraurantiacibacter namhicola	645517	S	4	0	4	0.0000619387
Sphingosinicella sp. UDD2	2771430	S	4	0	4	0.0000619387
Paracoccus sp. BM15	1529068	S	4	0	4	0.0000619387
Paracoccus sp. AK26	2589076	S	4	0	4	0.0000619387
Paracoccus jeotgali	2065379	S	4	0	4	0.0000619387
Roseovarius sp. THAF9	2587847	S	3	1	4	0.0000619387
Celeribacter indicus	1208324	S	2	2	4	0.0000619387
Leisingera sp. NJS204	2508307	S	1	3	4	0.0000619387
Roseobacter denitrificans	2434	S	3	1	4	0.0000619387
Thioclava nitratireducens	1915078	S	3	1	4	0.0000619387
Pontivivens sp. MT2928	2789856	S	4	0	4	0.0000619387
Marivivens sp. JLT3646	1920883	S	4	0	4	0.0000619387
Silicimonas algicola	1826607	S	4	0	4	0.0000619387
Pseudopuniceibacterium antarcticum	2613965	S	4	0	4	0.0000619387
Qingshengfaniella alkalisoli	2599296	S	4	0	4	0.0000619387
Boseongicola sp. CCM32	2552942	S	4	0	4	0.0000619387
Pseudorhodobacter turbinis	2500533	S	4	0	4	0.0000619387
Epibacterium mobile	379347	S	3	1	4	0.0000619387
Azospirillum sp. TSH100	652764	S	3	1	4	0.0000619387
Skermanella sp. TT6	2775420	S	2	2	4	0.0000619387
Tistrella mobilis	171437	S	3	1	4	0.0000619387
Acetobacter ascendens	481146	S	2	2	4	0.0000619387
Rickettsia raoultii	369822	S	2	2	4	0.0000619387
Candidatus Wolbachia massiliensis	1845000	S	1	3	4	0.0000619387
Candidatus Fokinia solitaria	1802984	S	4	0	4	0.0000619387
Rickettsiales endosymbiont of Stachyamoeba lipophora	2486578	S	2	2	4	0.0000619387
Micavibrio aeruginosavorus	349221	S	4	0	4	0.0000619387
Hyphobacterium sp. CCMP332	2749086	S	4	0	4	0.0000619387
Candidatus Paracaedibacter acanthamoebae	91604	S	4	0	4	0.0000619387
Paremcibacter congregatus	2043170	S	4	0	4	0.0000619387
Arcobacter cloacae	1054034	S	3	1	4	0.0000619387
Malaciobacter mytili	603050	S	4	0	4	0.0000619387
Halarcobacter bivalviorum	663364	S	4	0	4	0.0000619387
Poseidonibacter parvus	1850254	S	1	3	4	0.0000619387
Campylobacter pinnipediorum	1965231	S	4	0	4	0.0000619387
Sulfurimonas denitrificans	39766	S	4	0	4	0.0000619387
Myxococcus sp. SCHIC003	2813577	S	2	2	4	0.0000619387
Pseudodesulfovibrio indicus	1716143	S	4	0	4	0.0000619387
Pseudodesulfovibrio aespoeensis	182210	S	3	1	4	0.0000619387
Desulfomicrobium orale	132132	S	3	1	4	0.0000619387
Geobacter lovleyi	313985	S	4	0	4	0.0000619387
Geobacter pickeringii	345632	S	4	0	4	0.0000619387
Geobacter bemidjiensis	225194	S	2	2	4	0.0000619387
Pelobacter propionicus	29543	S	2	2	4	0.0000619387
Syntrophotalea acetylenica	29542	S	4	0	4	0.0000619387
Desulfocapsa sulfexigens	65555	S	4	0	4	0.0000619387
Syntrophus aciditrophicus	316277	S	4	0	4	0.0000619387
Hippea maritima	84405	S	4	0	4	0.0000619387
Bdellovibrio sp. ZAP7	2231053	S	3	1	4	0.0000619387
Tessaracoccus timonensis	2161816	S	4	0	4	0.0000619387
Microlunatus sp. KUDC0627	2596828	S	4	0	4	0.0000619387
Microlunatus soli	630515	S	4	0	4	0.0000619387
Nocardioides sp. dk3136	2575373	S	3	1	4	0.0000619387
Nocardioides dokdonensis	450734	S	3	1	4	0.0000619387
Aeromicrobium erythreum	2041	S	4	0	4	0.0000619387
Friedmanniella luteola	546871	S	4	0	4	0.0000619387
Actinopolymorpha singaporensis	117157	S	4	0	4	0.0000619387
Curtobacterium sp. SGAir0471	2070337	S	4	0	4	0.0000619387
Curtobacterium sp. Csp2	2495430	S	2	2	4	0.0000619387
Microbacterium sp. A18JL241	2782166	S	4	0	4	0.0000619387
Rathayibacter sp. VKM Ac-2805	2609258	S	1	3	4	0.0000619387
Agromyces sp. LHK192	2498704	S	4	0	4	0.0000619387
Agromyces flavus	589382	S	4	0	4	0.0000619387
Leucobacter muris	1935379	S	4	0	4	0.0000619387
Leucobacter insecticola	2714934	S	4	0	4	0.0000619387
Salinibacterium sp. UTAS2018	2508880	S	4	0	4	0.0000619387
Salinibacterium sp. ZJ450	2708338	S	4	0	4	0.0000619387
Salinibacterium hongtaonis	2079791	S	4	0	4	0.0000619387
Mycetocola zhujimingii	2079792	S	4	0	4	0.0000619387
Mycetocola sp. JXN-3	2116510	S	4	0	4	0.0000619387
Kocuria turfanensis	388357	S	4	0	4	0.0000619387
Arthrobacter sp. UKPF54-2	2600159	S	3	1	4	0.0000619387
Arthrobacter sp. KBS0702	2578107	S	3	1	4	0.0000619387
Arthrobacter sp. Rue61a	1118963	S	1	3	4	0.0000619387
Rothia aeria	172042	S	4	0	4	0.0000619387
Citricoccus sp. SGAir0253	2567881	S	4	0	4	0.0000619387
Neomicrococcus aestuarii	556325	S	4	0	4	0.0000619387
Pedococcus dokdonensis	443156	S	4	0	4	0.0000619387
Brachybacterium sp. P6-10-X1	1903186	S	4	0	4	0.0000619387
Cellulosimicrobium cellulans	1710	S	2	2	4	0.0000619387
Ornithinimicrobium flavum	1288636	S	3	1	4	0.0000619387
Georgenia sp. Z443	2589797	S	4	0	4	0.0000619387
Haloactinobacterium sp. RN3S43	2779775	S	4	0	4	0.0000619387
Dermatophilus congolensis	1863	S	4	0	4	0.0000619387
Corynebacterium sp. 2019	2675218	S	4	0	4	0.0000619387
Corynebacterium marinum	349751	S	4	0	4	0.0000619387
Corynebacterium timonense	441500	S	4	0	4	0.0000619387
Corynebacterium halotolerans	225326	S	4	0	4	0.0000619387
Corynebacterium glaucum	187491	S	4	0	4	0.0000619387
Corynebacterium anserum	2684406	S	4	0	4	0.0000619387
Corynebacterium phocae	161895	S	4	0	4	0.0000619387
Corynebacterium diphtheriae	1717	S	4	0	4	0.0000619387
Corynebacterium genitalium	38288	S	4	0	4	0.0000619387
Corynebacterium mycetoides	38302	S	4	0	4	0.0000619387
Corynebacterium argentoratense	42817	S	4	0	4	0.0000619387
Corynebacterium minutissimum	38301	S	3	1	4	0.0000619387
Rhodococcus sp. WMMA185	679318	S	4	0	4	0.0000619387
Rhodococcus sp. ABRD24	2507582	S	4	0	4	0.0000619387
Rhodococcus sp. PBTS 2	1653479	S	3	1	4	0.0000619387
Rhodococcus sp. H-CA8f	1727214	S	1	3	4	0.0000619387
Rhodococcus sp. 21391	2683591	S	1	3	4	0.0000619387
Rhodococcus sp. p52	935199	S	1	3	4	0.0000619387
Nocardia arthritidis	228602	S	4	0	4	0.0000619387
Mycolicibacterium duvalii	39688	S	4	0	4	0.0000619387
Mycolicibacterium smegmatis	1772	S	4	0	4	0.0000619387
Mycolicibacterium fallax	1793	S	4	0	4	0.0000619387
Mycolicibacterium aichiense	1799	S	4	0	4	0.0000619387
Mycolicibacterium fluoranthenivorans	258505	S	4	0	4	0.0000619387
Mycolicibacterium mucogenicum	56689	S	4	0	4	0.0000619387
Mycolicibacterium parafortuitum	39692	S	4	0	4	0.0000619387
Mycobacterium sp. DL592	2675524	S	4	0	4	0.0000619387
Mycobacterium sp. ELW1	1547487	S	3	1	4	0.0000619387
Mycobacterium shigaense	722731	S	4	0	4	0.0000619387
Mycobacterium florentinum	292462	S	3	1	4	0.0000619387
Mycobacterium avium	1764	S	3	1	4	0.0000619387
Mycobacterium kansasii	1768	S	4	0	4	0.0000619387
Mycobacterium paragordonae	1389713	S	4	0	4	0.0000619387
Mycobacterium noviomagense	459858	S	4	0	4	0.0000619387
Gordonia sp. YC-JH1	2059875	S	3	1	4	0.0000619387
Streptomyces sp. MBT27	1488356	S	4	0	4	0.0000619387
Streptomyces sp. PBH53	1577075	S	4	0	4	0.0000619387
Streptomyces sp. HM190	2695266	S	4	0	4	0.0000619387
Streptomyces sp. P3	2135430	S	4	0	4	0.0000619387
Streptomyces sp. TLI_053	1855352	S	4	0	4	0.0000619387
Streptomyces sp. NHF165	2175864	S	4	0	4	0.0000619387
Streptomyces sp. W1SF4	2305220	S	4	0	4	0.0000619387
Streptomyces sp. CRXT-G-22	2768066	S	4	0	4	0.0000619387
Streptomyces sp. WAC 01438	2203204	S	4	0	4	0.0000619387
Streptomyces sp. CA-256286	2801033	S	1	3	4	0.0000619387
Streptomyces sp. NA03103	2742134	S	1	3	4	0.0000619387
Streptomyces griseocarneus	51201	S	4	0	4	0.0000619387
Streptomyces nodosus	40318	S	4	0	4	0.0000619387
Streptomyces pactum	68249	S	4	0	4	0.0000619387
Streptomyces mobaraensis	35621	S	4	0	4	0.0000619387
Streptomyces armeniacus	83291	S	4	0	4	0.0000619387
Streptomyces vietnamensis	362257	S	4	0	4	0.0000619387
Streptomyces chartreusis	1969	S	4	0	4	0.0000619387
Streptomyces vinaceus	1960	S	4	0	4	0.0000619387
Streptomyces glaucescens	1907	S	4	0	4	0.0000619387
Streptomyces fulvissimus	68202	S	3	1	4	0.0000619387
Kitasatospora sp. NA04385	2742135	S	3	1	4	0.0000619387
Streptacidiphilus sp. PB12-B1b	2705012	S	4	0	4	0.0000619387
Micromonospora sp. WMMA2032	2039870	S	3	1	4	0.0000619387
Micromonospora sp. B006	2201999	S	3	1	4	0.0000619387
Micromonospora zamorensis	709883	S	4	0	4	0.0000619387
Actinocatenispora thailandica	227318	S	4	0	4	0.0000619387
Amycolatopsis sp. AA4	1896961	S	4	0	4	0.0000619387
Pseudonocardia sp. HH130629-09	1641402	S	2	2	4	0.0000619387
Pseudonocardia dioxanivorans	240495	S	4	0	4	0.0000619387
Saccharopolyspora pogona	333966	S	2	2	4	0.0000619387
Actinoalloteichus hymeniacidonis	340345	S	4	0	4	0.0000619387
Prauserella marina	530584	S	4	0	4	0.0000619387
Alloactinosynnema sp. L-07	1653480	S	4	0	4	0.0000619387
Schaalia cardiffensis	181487	S	3	1	4	0.0000619387
Thermobispora bispora	2006	S	4	0	4	0.0000619387
Nocardiopsis dassonvillei	2014	S	4	0	4	0.0000619387
Actinomadura sp. WMMB 499	1219491	S	4	0	4	0.0000619387
Nakamurella sp. s14-144	1902245	S	4	0	4	0.0000619387
Nakamurella sp. PAMC28650	2762325	S	4	0	4	0.0000619387
Frankia inefficax	298654	S	4	0	4	0.0000619387
Rubrobacter xylanophilus	49319	S	4	0	4	0.0000619387
Streptococcus sp. oral taxon 064	712624	S	2	2	4	0.0000619387
Streptococcus sp. FDAARGOS_192	1839799	S	2	2	4	0.0000619387
Streptococcus gordonii	1302	S	4	0	4	0.0000619387
Streptococcus equi	1336	S	4	0	4	0.0000619387
Streptococcus vestibularis	1343	S	4	0	4	0.0000619387
Streptococcus porcinus	1340	S	4	0	4	0.0000619387
Lactobacillus ultunensis	227945	S	4	0	4	0.0000619387
Lactobacillus gasseri	1596	S	1	3	4	0.0000619387
Lacticaseibacillus rhamnosus	47715	S	4	0	4	0.0000619387
Ligilactobacillus ruminis	1623	S	4	0	4	0.0000619387
Liquorilactobacillus mali	1618	S	4	0	4	0.0000619387
Pediococcus pentosaceus	1255	S	3	1	4	0.0000619387
Schleiferilactobacillus harbinensis	304207	S	4	0	4	0.0000619387
Paucilactobacillus nenjiangensis	1296540	S	4	0	4	0.0000619387
Levilactobacillus brevis	1580	S	4	0	4	0.0000619387
Enterococcus hirae	1354	S	4	0	4	0.0000619387
Enterococcus gilvus	160453	S	4	0	4	0.0000619387
Enterococcus saigonensis	1805431	S	3	1	4	0.0000619387
Vagococcus zengguangii	2571750	S	3	1	4	0.0000619387
Staphylococcus saccharolyticus	33028	S	4	0	4	0.0000619387
Abyssicoccus albus	1817405	S	4	0	4	0.0000619387
Bacillus sp. FJAT-45348	2011012	S	4	0	4	0.0000619387
Bacillus smithii	1479	S	4	0	4	0.0000619387
Bacillus dafuensis	1742359	S	4	0	4	0.0000619387
Geobacillus genomosp. 3	1921421	S	3	1	4	0.0000619387
Anoxybacillus flavithermus	33934	S	2	2	4	0.0000619387
Paenibacillus sp. FSL H7-0357	1536774	S	4	0	4	0.0000619387
Sporosarcina ureae	1571	S	4	0	4	0.0000619387
Alicyclobacillus sp. SO9	2665646	S	4	0	4	0.0000619387
Effusibacillus sp. skT53	2743772	S	4	0	4	0.0000619387
Staphylospora marina	2490858	S	4	0	4	0.0000619387
Butyrivibrio fibrisolvens	831	S	4	0	4	0.0000619387
Lachnoanaerobaculum umeaense	617123	S	4	0	4	0.0000619387
Anaerotignum propionicum	28446	S	4	0	4	0.0000619387
Lachnospira eligens	39485	S	4	0	4	0.0000619387
Oscillibacter sp. NSJ-62	2763056	S	4	0	4	0.0000619387
Clostridium sp. CT4	2320868	S	4	0	4	0.0000619387
Clostridium drakei	332101	S	4	0	4	0.0000619387
Clostridium novyi	1542	S	3	1	4	0.0000619387
Clostridium sporogenes	1509	S	2	2	4	0.0000619387
Crassaminicella sp. SY095	2599308	S	4	0	4	0.0000619387
Peptoclostridium acidaminophilum	1731	S	4	0	4	0.0000619387
Aminipila butyrica	433296	S	4	0	4	0.0000619387
Desulfotomaculum reducens	59610	S	4	0	4	0.0000619387
Dehalobacter restrictus	55583	S	4	0	4	0.0000619387
Eubacterium sp. NSJ-61	2764325	S	3	1	4	0.0000619387
Eubacterium maltosivorans	2041044	S	2	2	4	0.0000619387
Christensenella sp. Marseille-P3954	2086585	S	4	0	4	0.0000619387
Caldicellulosiruptor saccharolyticus	44001	S	2	2	4	0.0000619387
Thermoanaerobacterium sp. RBIITD	1550240	S	4	0	4	0.0000619387
Halobacteroides halobius	42422	S	4	0	4	0.0000619387
Selenomonas ruminantium	971	S	4	0	4	0.0000619387
Selenomonas sputigena	69823	S	4	0	4	0.0000619387
Oscillatoria acuminata	118323	S	4	0	4	0.0000619387
Anabaena cylindrica	1165	S	4	0	4	0.0000619387
Anabaenopsis elenkinii	156213	S	4	0	4	0.0000619387
Anabaenopsis circularis	109266	S	3	1	4	0.0000619387
Dolichospermum compactum	136073	S	2	2	4	0.0000619387
Fischerella sp. NIES-4106	2005456	S	4	0	4	0.0000619387
Synechococcus sp. JA-3-3Ab	321327	S	4	0	4	0.0000619387
Synechococcus sp. A15-28	1050638	S	3	1	4	0.0000619387
Acaryochloris marina	155978	S	4	0	4	0.0000619387
cyanobacterium endosymbiont of Epithemia turgida	718217	S	4	0	4	0.0000619387
Mycoplasma sp. (ex Biomphalaria glabrata)	1749074	S	4	0	4	0.0000619387
Mycoplasma hominis	2098	S	3	1	4	0.0000619387
Spiroplasma culicicola	216935	S	4	0	4	0.0000619387
Spiroplasma chinense	216932	S	4	0	4	0.0000619387
Mesoplasma syrphidae	225999	S	4	0	4	0.0000619387
Mesoplasma coleopterae	324078	S	3	1	4	0.0000619387
Acholeplasma brassicae	61635	S	4	0	4	0.0000619387
Deinococcus gobiensis	502394	S	4	0	4	0.0000619387
Deinococcus radiodurans	1299	S	3	1	4	0.0000619387
Deinococcus geothermalis	68909	S	3	1	4	0.0000619387
Caldilinea aerophila	133453	S	4	0	4	0.0000619387
Flavobacterium magnum	2162713	S	4	0	4	0.0000619387
Polaribacter sp. L3A8	2686361	S	3	1	4	0.0000619387
Polaribacter sp. BM10	1529069	S	1	3	4	0.0000619387
Polaribacter sp. KT 15	1896175	S	1	3	4	0.0000619387
Polaribacter vadi	1774273	S	4	0	4	0.0000619387
Capnocytophaga sp. H4358	1945658	S	1	3	4	0.0000619387
Tenacibaculum dicentrarchi	669041	S	4	0	4	0.0000619387
Nonlabens marinus	930802	S	4	0	4	0.0000619387
Algibacter alginicilyticus	1736674	S	4	0	4	0.0000619387
Aequorivita sp. H23M31	2494375	S	4	0	4	0.0000619387
Olleya sp. Bg11-27	2058135	S	2	2	4	0.0000619387
Flavivirga eckloniae	1803846	S	4	0	4	0.0000619387
Chryseobacterium sp. StRB126	878220	S	4	0	4	0.0000619387
Chryseobacterium sp. 6424	2039166	S	4	0	4	0.0000619387
Chryseobacterium aureum	2497456	S	4	0	4	0.0000619387
Chryseobacterium arthrosphaerae	651561	S	3	1	4	0.0000619387
Chryseobacterium bernardetii	1241978	S	2	2	4	0.0000619387
Kaistella carnis	1241979	S	4	0	4	0.0000619387
Kaistella daneshvariae	2487074	S	4	0	4	0.0000619387
Apibacter raozihei	2500547	S	4	0	4	0.0000619387
Weeksella virosa	1014	S	4	0	4	0.0000619387
Owenweeksia hongkongensis	253245	S	3	1	4	0.0000619387
Candidatus Sulcia muelleri	336810	S	4	0	4	0.0000619387
Bacteroides sp. CBA7301	2715212	S	4	0	4	0.0000619387
Bacteroides intestinalis	329854	S	4	0	4	0.0000619387
Prevotella dentalis	52227	S	4	0	4	0.0000619387
Prevotella jejuni	1177574	S	4	0	4	0.0000619387
Alistipes dispar	2585119	S	4	0	4	0.0000619387
Dysgonomonas sp. HDW5A	2714926	S	2	2	4	0.0000619387
Muribaculum intestinale	1796646	S	4	0	4	0.0000619387
Pedobacter sp. PACM 27299	1727164	S	4	0	4	0.0000619387
Pedobacter steynii	430522	S	4	0	4	0.0000619387
Sphingobacterium sp. DR205	2713573	S	4	0	4	0.0000619387
Sphingobacterium daejeonense	371142	S	4	0	4	0.0000619387
Mucilaginibacter ginsenosidivorans	398053	S	4	0	4	0.0000619387
Spirosoma radiotolerans	1379870	S	4	0	4	0.0000619387
Dyadobacter sp. Q3-56	2747268	S	4	0	4	0.0000619387
Hymenobacter sp. NBH84	2596915	S	4	0	4	0.0000619387
Algoriphagus sanaruensis	1727163	S	4	0	4	0.0000619387
Echinicola sp. 20G	2781961	S	4	0	4	0.0000619387
Marivirga tractuosa	1006	S	3	1	4	0.0000619387
Arachidicoccus sp. BS20	1850526	S	4	0	4	0.0000619387
Aureliella helgolandensis	2527968	S	4	0	4	0.0000619387
Pirellulimonas nuda	2528009	S	4	0	4	0.0000619387
Symmachiella dynata	2527995	S	4	0	4	0.0000619387
Phycisphaera mikurensis	547188	S	4	0	4	0.0000619387
Poriferisphaera corsica	2528020	S	4	0	4	0.0000619387
Candidatus Xiphinematobacter sp. Idaho Grape	1704307	S	4	0	4	0.0000619387
Candidatus Protochlamydia amoebophila	362787	S	4	0	4	0.0000619387
Waddlia chondrophila	71667	S	4	0	4	0.0000619387
Terriglobus roseus	392734	S	4	0	4	0.0000619387
Leptotrichia trevisanii	109328	S	3	1	4	0.0000619387
Leptotrichia wadei	157687	S	3	1	4	0.0000619387
Leptotrichia sp. oral taxon 498	712368	S	3	1	4	0.0000619387
Sebaldella termitidis	826	S	4	0	4	0.0000619387
Fusobacterium hwasookii	1583098	S	2	2	4	0.0000619387
Candidatus Babela massiliensis	673862	S	4	0	4	0.0000619387
Thermosulfidibacter takaii	412593	S	4	0	4	0.0000619387
Methanosarcina horonobensis	418008	S	4	0	4	0.0000619387
Methanosarcina vacuolata	2215	S	1	3	4	0.0000619387
Methanoculleus bourgensis	83986	S	4	0	4	0.0000619387
Pyrococcus yayanosii	1008460	S	4	0	4	0.0000619387
Mycobacterium phage SweetiePie	1555235	S	2	2	4	0.0000619387
Mus musculus mobilized endogenous polytropic provirus	590745	S	3	1	4	0.0000619387
Delftia sp. HK171	1920191	S	1	2	3	0.0000464540
Janthinobacterium sp. B9-8	1236179	S	3	0	3	0.0000464540
Glaciimonas sp. PAMC28666	2807626	S	3	0	3	0.0000464540
Burkholderia ubonensis	101571	S	2	1	3	0.0000464540
Burkholderia sp. BDU8	1385592	S	3	0	3	0.0000464540
Burkholderia sp. YI23	1097668	S	1	2	3	0.0000464540
Paraburkholderia graminis	60548	S	3	0	3	0.0000464540
Paraburkholderia dokdonella	2211211	S	3	0	3	0.0000464540
Paraburkholderia caffeinilytica	1761016	S	3	0	3	0.0000464540
Pandoraea pulmonicola	93221	S	3	0	3	0.0000464540
Pandoraea sp. XY-2	2518599	S	3	0	3	0.0000464540
Mycoavidus cysteinexigens	1553431	S	3	0	3	0.0000464540
Bordetella genomosp. 8	1416806	S	3	0	3	0.0000464540
Alcaligenes aquatilis	323284	S	1	2	3	0.0000464540
Neisseria dentiae	194197	S	3	0	3	0.0000464540
Simonsiella muelleri	72	S	3	0	3	0.0000464540
Methylovorus sp. MP688	887061	S	2	1	3	0.0000464540
Nitrosospira briensis	35799	S	3	0	3	0.0000464540
Pseudomonas sp. StFLB209	1028989	S	3	0	3	0.0000464540
Pseudomonas sp. R5-89-07	658644	S	3	0	3	0.0000464540
Pseudomonas sp. LG1E9	2219057	S	3	0	3	0.0000464540
Pseudomonas sp. R84	1573712	S	3	0	3	0.0000464540
Pseudomonas sp. S1-A32-2	2731681	S	3	0	3	0.0000464540
Pseudomonas sp. ATCC 13867	1294143	S	3	0	3	0.0000464540
Pseudomonas sp. UW4	1207075	S	2	1	3	0.0000464540
Pseudomonas sp. FDAARGOS_380	2018067	S	2	1	3	0.0000464540
Pseudomonas sp. Z003-0.4C(8344-21)	1855380	S	2	1	3	0.0000464540
Pseudomonas sp. S49	1573720	S	2	1	3	0.0000464540
Pseudomonas sp. DR 5-09	1534110	S	2	1	3	0.0000464540
Pseudomonas migulae	78543	S	3	0	3	0.0000464540
Pseudomonas multiresinivorans	95301	S	2	1	3	0.0000464540
Pseudomonas balearica	74829	S	2	1	3	0.0000464540
Pseudomonas salegens	1434072	S	3	0	3	0.0000464540
Pseudomonas marincola	437900	S	3	0	3	0.0000464540
Pseudomonas frederiksbergensis	104087	S	3	0	3	0.0000464540
Pseudomonas xinjiangensis	487184	S	3	0	3	0.0000464540
Pseudomonas atacamensis	2565368	S	2	1	3	0.0000464540
Pseudomonas alcaliphila	101564	S	2	1	3	0.0000464540
Pseudomonas cerasi	1583341	S	1	2	3	0.0000464540
Acinetobacter sp. TGL-Y2	1407071	S	3	0	3	0.0000464540
Acinetobacter oleivorans	1148157	S	3	0	3	0.0000464540
Acinetobacter chinensis	2004650	S	2	1	3	0.0000464540
Psychrobacter sp. DAB_AL43B	1028416	S	3	0	3	0.0000464540
Psychrobacter arcticus	334543	S	3	0	3	0.0000464540
Stenotrophomonas sp. SXG-1	2682487	S	1	2	3	0.0000464540
Xanthomonas translucens	343	S	3	0	3	0.0000464540
Xanthomonas citri	346	S	3	0	3	0.0000464540
Xanthomonas cassavae	56450	S	3	0	3	0.0000464540
Lysobacter sp. CW239	2762611	S	3	0	3	0.0000464540
Lysobacter sp. H21R4	2781021	S	2	1	3	0.0000464540
Lysobacter sp. H23M47	2781024	S	1	2	3	0.0000464540
Lysobacter soli	453783	S	3	0	3	0.0000464540
Lysobacter maris	1605891	S	3	0	3	0.0000464540
Thermomonas sp. XSG	2771436	S	3	0	3	0.0000464540
Pseudoxanthomonas spadix	415229	S	3	0	3	0.0000464540
Xylella taiwanensis	1444770	S	3	0	3	0.0000464540
Dyella japonica	231455	S	3	0	3	0.0000464540
Klebsiella oxytoca	571	S	2	1	3	0.0000464540
Enterobacter sp. N18-03635	2500132	S	1	2	3	0.0000464540
Citrobacter sp. BIDMC107	1686384	S	1	2	3	0.0000464540
Escherichia marmotae	1499973	S	3	0	3	0.0000464540
Enterobacteriaceae endosymbiont of Plateumaris sericea	2675797	S	2	1	3	0.0000464540
Kosakonia sacchari	1158459	S	2	1	3	0.0000464540
Kosakonia cowanii	208223	S	1	2	3	0.0000464540
Kosakonia sp. MUSA4	2067958	S	1	2	3	0.0000464540
Kluyvera intermedia	61648	S	3	0	3	0.0000464540
Cronobacter sakazakii	28141	S	3	0	3	0.0000464540
Yersinia pseudotuberculosis	633	S	2	1	3	0.0000464540
Yersinia canariae	2607663	S	3	0	3	0.0000464540
Erwinia sp. J780	2681984	S	3	0	3	0.0000464540
Candidatus Arsenophonus lipoptenae	634113	S	3	0	3	0.0000464540
Photorhabdus thracensis	230089	S	3	0	3	0.0000464540
Plesiomonas shigelloides	703	S	3	0	3	0.0000464540
Halomonas sp. PGE1	2730360	S	3	0	3	0.0000464540
Halomonas aestuarii	1897729	S	3	0	3	0.0000464540
Halomonas beimenensis	475662	S	3	0	3	0.0000464540
Halomonas hydrothermalis	115561	S	2	1	3	0.0000464540
Kushneria phosphatilytica	657387	S	3	0	3	0.0000464540
Cobetia pacifica	1055101	S	1	2	3	0.0000464540
Neptunomonas phycophila	1572645	S	3	0	3	0.0000464540
Bacterioplanes sanyensis	1249553	S	3	0	3	0.0000464540
Kangiella geojedonensis	914150	S	3	0	3	0.0000464540
Kangiella sediminilitoris	1144748	S	3	0	3	0.0000464540
Saccharospirillum mangrovi	2161747	S	3	0	3	0.0000464540
Pseudoalteromonas espejiana	28107	S	3	0	3	0.0000464540
Pseudoalteromonas luteoviolacea	43657	S	3	0	3	0.0000464540
Pseudoalteromonas spongiae	298657	S	3	0	3	0.0000464540
Shewanella loihica	359303	S	3	0	3	0.0000464540
Shewanella amazonensis	60478	S	3	0	3	0.0000464540
Shewanella khirikhana	1965282	S	3	0	3	0.0000464540
Shewanella psychrophila	225848	S	3	0	3	0.0000464540
Shewanella bicestrii	2018305	S	1	2	3	0.0000464540
Marinobacter salarius	1420917	S	3	0	3	0.0000464540
Colwellia sp. MT41	58049	S	3	0	3	0.0000464540
Moritella yayanosii	69539	S	3	0	3	0.0000464540
Idiomarina andamanensis	1940690	S	3	0	3	0.0000464540
Rheinheimera sp. D18	2545632	S	3	0	3	0.0000464540
Marichromatium purpuratum	37487	S	3	0	3	0.0000464540
Candidatus Nitrosoglobus terrae	1630141	S	3	0	3	0.0000464540
Caldichromatium japonicum	2699430	S	3	0	3	0.0000464540
Spiribacter salinus	1335746	S	3	0	3	0.0000464540
Sulfuriflexus mobilis	1811807	S	3	0	3	0.0000464540
Halothiobacillus neapolitanus	927	S	1	2	3	0.0000464540
Halothiobacillus sp. LS2	1860122	S	1	2	3	0.0000464540
Wenzhouxiangella marina	1579979	S	3	0	3	0.0000464540
Vibrio sp. SM1977	2662262	S	3	0	3	0.0000464540
Vibrio spartinae	1918945	S	3	0	3	0.0000464540
Vibrio mimicus	674	S	3	0	3	0.0000464540
Vibrio aphrogenes	1891186	S	3	0	3	0.0000464540
Vibrio scophthalmi	45658	S	3	0	3	0.0000464540
Vibrio metschnikovii	28172	S	3	0	3	0.0000464540
Vibrio gazogenes	687	S	3	0	3	0.0000464540
Photobacterium profundum	74109	S	3	0	3	0.0000464540
Paraphotobacterium marinum	1755811	S	3	0	3	0.0000464540
Teredinibacter haidensis	2731755	S	3	0	3	0.0000464540
Teredinibacter purpureus	2731756	S	3	0	3	0.0000464540
Halioglobus pacificus	930806	S	3	0	3	0.0000464540
Halioglobus maricola	2601894	S	3	0	3	0.0000464540
Microbulbifer sp. THAF38	2587856	S	3	0	3	0.0000464540
Microbulbifer sp. YPW1	2745199	S	3	0	3	0.0000464540
Microbulbifer thermotolerans	252514	S	3	0	3	0.0000464540
Microbulbifer aggregans	1769779	S	3	0	3	0.0000464540
Legionella sp. PC997	2755562	S	3	0	3	0.0000464540
Legionella spiritensis	452	S	3	0	3	0.0000464540
Legionella anisa	28082	S	3	0	3	0.0000464540
Legionella adelaidensis	45056	S	3	0	3	0.0000464540
Haemophilus parahaemolyticus	735	S	3	0	3	0.0000464540
Aggregatibacter segnis	739	S	3	0	3	0.0000464540
Mannheimia pernigra	111844	S	2	1	3	0.0000464540
Thiomicrospira aerophila	92245	S	3	0	3	0.0000464540
Methylophaga nitratireducenticrescens	754476	S	3	0	3	0.0000464540
Hydrogenovibrio crunogenus	39765	S	3	0	3	0.0000464540
Thiomicrorhabdus aquaedulcis	2211106	S	3	0	3	0.0000464540
Francisella tularensis	263	S	3	0	3	0.0000464540
Francisella halioticida	549298	S	3	0	3	0.0000464540
Methylomonas denitrificans	1538553	S	3	0	3	0.0000464540
Sulfurifustis variabilis	1675686	S	3	0	3	0.0000464540
Gilliamella apicola	1196095	S	3	0	3	0.0000464540
Salinisphaera sp. LB1	2183911	S	3	0	3	0.0000464540
Bradyrhizobium sp. 1(2017)	1404888	S	3	0	3	0.0000464540
Bosea sp. AS-1	2015316	S	3	0	3	0.0000464540
Rhizobium sp. NXC14	1981173	S	3	0	3	0.0000464540
Rhizobium sp. ADMK78	1813451	S	3	0	3	0.0000464540
Rhizobium sp. TAL182	2020313	S	1	2	3	0.0000464540
Rhizobium rhizoryzae	451876	S	3	0	3	0.0000464540
Rhizobium lentis	1138194	S	3	0	3	0.0000464540
Agrobacterium sp. MA01	2664893	S	1	2	3	0.0000464540
Sinorhizobium sp. CCBAU 05631	794846	S	1	2	3	0.0000464540
Mesorhizobium sp. J8	2777475	S	3	0	3	0.0000464540
Mesorhizobium sp. INR15	2654248	S	3	0	3	0.0000464540
Mesorhizobium sp. AA22	1854057	S	2	1	3	0.0000464540
Mesorhizobium sp. NZP2298	2483403	S	2	1	3	0.0000464540
Mesorhizobium sp. L-8-10	2744523	S	1	2	3	0.0000464540
Mesorhizobium huakuii	28104	S	2	1	3	0.0000464540
Phyllobacterium zundukense	1867719	S	2	1	3	0.0000464540
Phyllobacterium sp. 628	2718938	S	2	1	3	0.0000464540
Devosia sp. LEGU1	2774137	S	3	0	3	0.0000464540
Methyloligella sp. GL2	2742204	S	3	0	3	0.0000464540
Labrenzia sp. PHM005	2590016	S	2	1	3	0.0000464540
[Ochrobactrum] quorumnocens	271865	S	3	0	3	0.0000464540
Brucella sp. 09RB8910	1844051	S	2	1	3	0.0000464540
Methylocella silvestris	199596	S	3	0	3	0.0000464540
Methylocella tundrae	227605	S	3	0	3	0.0000464540
Sphingomonas sp. HDW15C	2714944	S	3	0	3	0.0000464540
Sphingomonas lutea	1045317	S	3	0	3	0.0000464540
Zymomonas mobilis	542	S	3	0	3	0.0000464540
Erythrobacter sp. HKB08	2502843	S	3	0	3	0.0000464540
Altererythrobacter sp. ZODW24	2185142	S	3	0	3	0.0000464540
Paracoccus denitrificans	266	S	3	0	3	0.0000464540
Paracoccus suum	2259340	S	3	0	3	0.0000464540
Paracoccus liaowanqingii	2560053	S	3	0	3	0.0000464540
Phaeobacter piscinae	1580596	S	2	1	3	0.0000464540
Salipiger pacificus	311180	S	3	0	3	0.0000464540
Roseovarius sp. THAF8	2587846	S	2	1	3	0.0000464540
Thioclava electrotropha	1549850	S	3	0	3	0.0000464540
Ketogulonicigenium robustum	92947	S	3	0	3	0.0000464540
Ruegeria pomeroyi	89184	S	3	0	3	0.0000464540
Polymorphum gilvum	991904	S	3	0	3	0.0000464540
Parasedimentitalea marina	2483033	S	3	0	3	0.0000464540
Cognatishimia activa	1715691	S	3	0	3	0.0000464540
Dinoroseobacter shibae	215813	S	2	1	3	0.0000464540
Pelagibaca abyssi	1250539	S	2	1	3	0.0000464540
Magnetospira sp. QH-2	1288970	S	3	0	3	0.0000464540
Acetobacter aceti	435	S	3	0	3	0.0000464540
Acetobacter oryzoeni	2500548	S	1	2	3	0.0000464540
Komagataeibacter europaeus	33995	S	3	0	3	0.0000464540
Entomobacter blattae	2762277	S	3	0	3	0.0000464540
Lichenicola cladoniae	1484109	S	3	0	3	0.0000464540
Neoasaia chiangmaiensis	320497	S	3	0	3	0.0000464540
Terasakiella sp. SH-1	2560057	S	3	0	3	0.0000464540
Rickettsia endosymbiont of Ixodes scapularis	444612	S	2	1	3	0.0000464540
Orientia tsutsugamushi	784	S	3	0	3	0.0000464540
Phreatobacter cathodiphilus	1868589	S	3	0	3	0.0000464540
Candidatus Pelagibacter sp. HIMB1321	1388755	S	3	0	3	0.0000464540
Luteithermobacter gelatinilyticus	2582913	S	3	0	3	0.0000464540
Aliarcobacter thereius	544718	S	3	0	3	0.0000464540
Aliarcobacter faecis	1564138	S	3	0	3	0.0000464540
Malaciobacter molluscorum	1032072	S	3	0	3	0.0000464540
Poseidonibacter lekithochrous	1904463	S	3	0	3	0.0000464540
Campylobacter fetus	196	S	3	0	3	0.0000464540
Campylobacter upsaliensis	28080	S	3	0	3	0.0000464540
Campylobacter showae	204	S	3	0	3	0.0000464540
Candidatus Sulfurimonas baltica	2740404	S	3	0	3	0.0000464540
Nitrosophilus alvini	2714855	S	3	0	3	0.0000464540
Cetia pacifica	1424653	S	3	0	3	0.0000464540
Desulfovibrio fairfieldensis	44742	S	3	0	3	0.0000464540
Desulfovibrio carbinoliphilus	345370	S	3	0	3	0.0000464540
Desulfovibrio sp. 86	2666132	S	2	1	3	0.0000464540
Desulfocurvibacter africanus	873	S	3	0	3	0.0000464540
Geobacter sp. SVR	2495594	S	3	0	3	0.0000464540
Geobacter uraniireducens	351604	S	3	0	3	0.0000464540
Desulfococcus oleovorans	181663	S	3	0	3	0.0000464540
Desulfobacula toluolica	28223	S	3	0	3	0.0000464540
Desulfopila sp. IMCC35005	2569541	S	1	2	3	0.0000464540
Syntrophobacter fumaroxidans	119484	S	3	0	3	0.0000464540
Desulfoglaeba alkanexedens	361111	S	3	0	3	0.0000464540
Halobacteriovorax sp. BALOs_7	2109558	S	3	0	3	0.0000464540
Acidithiobacillus caldus	33059	S	3	0	3	0.0000464540
Acidipropionibacterium acidipropionici	1748	S	3	0	3	0.0000464540
Nocardioides sp. JQ2195	2592334	S	3	0	3	0.0000464540
Nocardioides sp. HY056	2500546	S	3	0	3	0.0000464540
Nocardioides euryhalodurans	2518370	S	3	0	3	0.0000464540
Aeromicrobium sp. A1-2	2107713	S	3	0	3	0.0000464540
Aeromicrobium sp. zg-629	2663859	S	3	0	3	0.0000464540
Mumia sp. ZJ1417	2708082	S	3	0	3	0.0000464540
Curtobacterium pusillum	69373	S	3	0	3	0.0000464540
Microbacterium sp. 1S1	2606451	S	2	1	3	0.0000464540
Microbacterium amylolyticum	936337	S	3	0	3	0.0000464540
Microbacterium testaceum	2033	S	3	0	3	0.0000464540
Candidatus Aquiluna sp. 15G-AUS-rot	2499157	S	3	0	3	0.0000464540
Rathayibacter toxicus	145458	S	3	0	3	0.0000464540
Agromyces badenianii	2080742	S	3	0	3	0.0000464540
Leucobacter coleopterorum	2714933	S	3	0	3	0.0000464540
Agrococcus carbonis	684552	S	3	0	3	0.0000464540
Frondihabitans sp. 762G35	1446794	S	3	0	3	0.0000464540
Pontimonas salivibrio	1159327	S	3	0	3	0.0000464540
Kocuria flava	446860	S	3	0	3	0.0000464540
Arthrobacter sp. FB24	290399	S	3	0	3	0.0000464540
Arthrobacter citreus	1670	S	3	0	3	0.0000464540
Arthrobacter dokdonellae	2211210	S	3	0	3	0.0000464540
Pseudarthrobacter sulfonivorans	121292	S	3	0	3	0.0000464540
Pseudarthrobacter equi	728066	S	3	0	3	0.0000464540
Sinomonas sp. R1AF57	2020377	S	3	0	3	0.0000464540
Renibacterium salmoninarum	1646	S	3	0	3	0.0000464540
Nesterenkonia sp. NBAIMH1	2600320	S	3	0	3	0.0000464540
Arsenicicoccus sp. oral taxon 190	1658671	S	3	0	3	0.0000464540
Brevibacterium sp. WO024	2697563	S	3	0	3	0.0000464540
Cellulomonas sp. H30R-01	2704467	S	3	0	3	0.0000464540
Cellulomonas gilvus	11	S	3	0	3	0.0000464540
Cellulomonas fimi	1708	S	3	0	3	0.0000464540
Isoptericola dokdonensis	372663	S	3	0	3	0.0000464540
Xylanimicrobium sp. FW10M-9	2509457	S	3	0	3	0.0000464540
Ornithinimicrobium sp. AMA3305	2283195	S	3	0	3	0.0000464540
Georgenia sp. Z294	2585135	S	3	0	3	0.0000464540
Georgenia faecalis	2483799	S	3	0	3	0.0000464540
Ruania sp. HY168	2603206	S	3	0	3	0.0000464540
Haloactinobacterium sp. HY164	2675754	S	3	0	3	0.0000464540
Miniimonas sp. S16	2171623	S	3	0	3	0.0000464540
Luteimicrobium xylanilyticum	1133546	S	3	0	3	0.0000464540
Corynebacterium sp. sy039	2599641	S	3	0	3	0.0000464540
Corynebacterium deserti	1408191	S	3	0	3	0.0000464540
Corynebacterium singulare	161899	S	3	0	3	0.0000464540
Corynebacterium suranareeae	2506452	S	3	0	3	0.0000464540
Corynebacterium endometrii	2488819	S	3	0	3	0.0000464540
Corynebacterium kutscheri	35755	S	3	0	3	0.0000464540
Corynebacterium mustelae	571915	S	3	0	3	0.0000464540
Corynebacterium flavescens	28028	S	3	0	3	0.0000464540
Corynebacterium ureicelerivorans	401472	S	3	0	3	0.0000464540
Rhodococcus sp. MTM3W5.2	1805827	S	3	0	3	0.0000464540
Rhodococcus opacus	37919	S	3	0	3	0.0000464540
Rhodococcus pyridinivorans	103816	S	1	2	3	0.0000464540
Nocardia brasiliensis	37326	S	3	0	3	0.0000464540
Mycolicibacterium alvei	67081	S	3	0	3	0.0000464540
Mycolicibacterium arabiense	1286181	S	3	0	3	0.0000464540
Mycolicibacterium aubagnense	319707	S	3	0	3	0.0000464540
Mycolicibacterium hassiacum	46351	S	3	0	3	0.0000464540
Mycolicibacterium confluentis	28047	S	3	0	3	0.0000464540
Mycobacterium sp. JS623	212767	S	3	0	3	0.0000464540
Mycobacterium simiae	1784	S	3	0	3	0.0000464540
Mycobacterium kubicae	120959	S	3	0	3	0.0000464540
Mycobacterium parmense	185642	S	3	0	3	0.0000464540
Mycobacterium colombiense	339268	S	3	0	3	0.0000464540
Mycobacterium gallinarum	39689	S	3	0	3	0.0000464540
Mycobacterium branderi	43348	S	3	0	3	0.0000464540
Mycolicibacter minnesotensis	1118379	S	3	0	3	0.0000464540
Gordonia sp. HY186	2597659	S	3	0	3	0.0000464540
Gordonia sp. JH63	2698900	S	2	1	3	0.0000464540
Streptomyces sp. NA04227	2742136	S	3	0	3	0.0000464540
Streptomyces sp. YIM 121038	2136401	S	3	0	3	0.0000464540
Streptomyces sp. So13.3	2136173	S	3	0	3	0.0000464540
Streptomyces sp. Z423-1	2730915	S	3	0	3	0.0000464540
Streptomyces sp. M2	646637	S	3	0	3	0.0000464540
Streptomyces sp. SAT1	1849967	S	3	0	3	0.0000464540
Streptomyces sp. CB09001	2083284	S	3	0	3	0.0000464540
Streptomyces sp. HF10	2692233	S	3	0	3	0.0000464540
Streptomyces sp. ZYC-3	2797636	S	3	0	3	0.0000464540
Streptomyces sp. SM18	1736046	S	3	0	3	0.0000464540
Streptomyces sp. Mg1	465541	S	2	1	3	0.0000464540
Streptomyces sp. S501	2420135	S	1	2	3	0.0000464540
Streptomyces albulus	68570	S	3	0	3	0.0000464540
Streptomyces aureoverticillatus	66871	S	3	0	3	0.0000464540
Streptomyces fodineus	1904616	S	3	0	3	0.0000464540
Streptomyces exfoliatus	1905	S	3	0	3	0.0000464540
Streptomyces dengpaensis	2049881	S	3	0	3	0.0000464540
Streptomyces seoulensis	73044	S	3	0	3	0.0000464540
Streptomyces harbinensis	1176198	S	3	0	3	0.0000464540
Streptomyces cyanogenus	80860	S	3	0	3	0.0000464540
Streptomyces nitrosporeus	28894	S	3	0	3	0.0000464540
Streptomyces cacaoi	1898	S	3	0	3	0.0000464540
Streptomyces tsukubensis	83656	S	3	0	3	0.0000464540
Streptomyces atratus	1893	S	3	0	3	0.0000464540
Streptomyces rapamycinicus	1226757	S	3	0	3	0.0000464540
Bifidobacterium lemurum	1603886	S	3	0	3	0.0000464540
Micromonospora sp. 28ISP2-46	2749844	S	3	0	3	0.0000464540
Micromonospora coxensis	356852	S	3	0	3	0.0000464540
Micromonospora coriariae	285665	S	3	0	3	0.0000464540
Micromonospora echinofusca	47858	S	3	0	3	0.0000464540
Micromonospora echinaurantiaca	47857	S	3	0	3	0.0000464540
Plantactinospora sp. BB1	2071627	S	3	0	3	0.0000464540
Salinispora arenicola	168697	S	3	0	3	0.0000464540
Verrucosispora sp. NA02020	2742132	S	2	1	3	0.0000464540
Amycolatopsis sp. Hca4	2742131	S	3	0	3	0.0000464540
Amycolatopsis albispora	1804986	S	2	1	3	0.0000464540
Saccharomonospora azurea	40988	S	3	0	3	0.0000464540
Saccharopolyspora coralli	2665642	S	3	0	3	0.0000464540
Actinoalloteichus fjordicus	1612552	S	1	2	3	0.0000464540
Actinomyces naeslundii	1655	S	3	0	3	0.0000464540
Nocardiopsis alba	53437	S	3	0	3	0.0000464540
Actinomadura sp. NAK00032	2742128	S	3	0	3	0.0000464540
Thermomonospora curvata	2020	S	3	0	3	0.0000464540
Modestobacter marinus	477641	S	3	0	3	0.0000464540
Frankia sp. EAN1pec	298653	S	3	0	3	0.0000464540
Kineococcus radiotolerans	131568	S	3	0	3	0.0000464540
Coriobacterium glomerans	33871	S	3	0	3	0.0000464540
Olsenella uli	133926	S	3	0	3	0.0000464540
Adlercreutzia equolifaciens	446660	S	3	0	3	0.0000464540
Slackia heliotrinireducens	84110	S	3	0	3	0.0000464540
Gordonibacter pamelaeae	471189	S	3	0	3	0.0000464540
Rubrobacter sp. SCSIO 52915	2653852	S	3	0	3	0.0000464540
Rubrobacter indicoceani	2051957	S	3	0	3	0.0000464540
Acidimicrobium ferrooxidans	53635	S	3	0	3	0.0000464540
Streptococcus mutans	1309	S	3	0	3	0.0000464540
Streptococcus parasanguinis	1318	S	3	0	3	0.0000464540
Lactobacillus apis	303541	S	3	0	3	0.0000464540
Lactobacillus acetotolerans	1600	S	3	0	3	0.0000464540
Lactobacillus jensenii	109790	S	3	0	3	0.0000464540
Lactobacillus paragasseri	2107999	S	1	2	3	0.0000464540
Weissella paramesenteroides	1249	S	3	0	3	0.0000464540
Enterococcus avium	33945	S	3	0	3	0.0000464540
Enterococcus durans	53345	S	3	0	3	0.0000464540
Vagococcus hydrophili	2714947	S	3	0	3	0.0000464540
Vagococcus sp. CF-49	2562451	S	2	1	3	0.0000464540
Aerococcus viridans	1377	S	2	1	3	0.0000464540
Staphylococcus carnosus	1281	S	3	0	3	0.0000464540
Staphylococcus saprophyticus	29385	S	3	0	3	0.0000464540
Staphylococcus arlettae	29378	S	3	0	3	0.0000464540
Staphylococcus equorum	246432	S	2	1	3	0.0000464540
Mammaliicoccus stepanovicii	643214	S	3	0	3	0.0000464540
Macrococcus canis	1855823	S	2	1	3	0.0000464540
Jeotgalicoccus saudimassiliensis	1461582	S	3	0	3	0.0000464540
Bacillus sp. NSP9.1	1071078	S	3	0	3	0.0000464540
Bacillus sp. N3536	2666127	S	1	2	3	0.0000464540
Bacillus licheniformis	1402	S	1	2	3	0.0000464540
Bacillus gobiensis	1441095	S	3	0	3	0.0000464540
Bacillus vietnamensis	218284	S	3	0	3	0.0000464540
Bacillus altitudinis	293387	S	2	1	3	0.0000464540
Peribacillus psychrosaccharolyticus	1407	S	3	0	3	0.0000464540
Peribacillus simplex	1478	S	2	1	3	0.0000464540
Parageobacillus genomosp. 1	1295642	S	3	0	3	0.0000464540
Paenibacillus sp. JDR-2	324057	S	3	0	3	0.0000464540
Paenibacillus sp. FSL R7-0331	1536773	S	3	0	3	0.0000464540
Paenibacillus sp. JNUCC-32	2777984	S	1	2	3	0.0000464540
Paenibacillus odorifer	189426	S	3	0	3	0.0000464540
Paenibacillus crassostreae	1763538	S	3	0	3	0.0000464540
Paenibacillus psychroresistens	1778678	S	3	0	3	0.0000464540
Paenibacillus naphthalenovorans	162209	S	3	0	3	0.0000464540
Brevibacillus sp. JNUCC-41	2778370	S	2	1	3	0.0000464540
Planococcus sp. PAMC 21323	1526927	S	3	0	3	0.0000464540
Planococcus sp. Y42	2213202	S	3	0	3	0.0000464540
Planococcus sp. MB-3u-03	2058136	S	2	1	3	0.0000464540
Planococcus massiliensis	1499687	S	3	0	3	0.0000464540
Solibacillus sp. R5-41	2048654	S	3	0	3	0.0000464540
Rummeliibacillus stabekisii	241244	S	3	0	3	0.0000464540
Gemella haemolysans	1379	S	3	0	3	0.0000464540
Exiguobacterium sibiricum	332410	S	3	0	3	0.0000464540
Sporolactobacillus terrae	269673	S	3	0	3	0.0000464540
Blautia sp. LZLJ-3	2779518	S	3	0	3	0.0000464540
Anaerocolumna sedimenticola	2696063	S	3	0	3	0.0000464540
Ruminiclostridium herbifermentans	2488810	S	3	0	3	0.0000464540
Acutalibacter muris	1796620	S	3	0	3	0.0000464540
Clostridium sp. JN-1	2483110	S	3	0	3	0.0000464540
Clostridium sp. 'deep sea'	2779445	S	3	0	3	0.0000464540
Clostridium estertheticum	238834	S	3	0	3	0.0000464540
Clostridium baratii	1561	S	3	0	3	0.0000464540
Clostridium septicum	1504	S	3	0	3	0.0000464540
Clostridium formicaceticum	1497	S	3	0	3	0.0000464540
Clostridium carboxidivorans	217159	S	3	0	3	0.0000464540
Clostridium thermarum	1716543	S	3	0	3	0.0000464540
Sarcina sp. JB2	2726954	S	3	0	3	0.0000464540
Thermaerobacter sp. PB12/4term	2293838	S	3	0	3	0.0000464540
Acetobacterium woodii	33952	S	3	0	3	0.0000464540
Acetobacterium sp. KB-1	2184575	S	3	0	3	0.0000464540
Acetohalobium arabaticum	28187	S	3	0	3	0.0000464540
Phascolarctobacterium sp. Marseille-Q4147	2823317	S	3	0	3	0.0000464540
Dialister massiliensis	2161821	S	3	0	3	0.0000464540
Turicibacter sp. H121	1712675	S	2	1	3	0.0000464540
Peptoniphilus harei	54005	S	3	0	3	0.0000464540
Keratinibaculum paraultunense	1278232	S	3	0	3	0.0000464540
Sedimentibacter sp. zth1	2816908	S	3	0	3	0.0000464540
Euhalothece natronophila	577489	S	2	1	3	0.0000464540
Crocosphaera subtropica	2546360	S	3	0	3	0.0000464540
Nostoc sp. C057	2576903	S	1	2	3	0.0000464540
Brasilonema sennae	1397703	S	3	0	3	0.0000464540
Synechococcus sp. JA-2-3B'a(2-13)	321332	S	3	0	3	0.0000464540
Synechococcus sp. RS9909	221352	S	2	1	3	0.0000464540
Synechococcus sp. NOUM97013	1442555	S	2	1	3	0.0000464540
Cyanobium sp. NIES-981	1851505	S	2	1	3	0.0000464540
Mycoplasma sp. Mirounga ES2806-NAS	754516	S	3	0	3	0.0000464540
Spiroplasma turonicum	216946	S	3	0	3	0.0000464540
Spiroplasma melliferum	2134	S	1	2	3	0.0000464540
Acholeplasma palmae	38986	S	3	0	3	0.0000464540
Deinococcus irradiatisoli	2202254	S	3	0	3	0.0000464540
Deinococcus puniceus	1182568	S	3	0	3	0.0000464540
Deinococcus deserti	310783	S	3	0	3	0.0000464540
Thermus thermophilus	274	S	1	2	3	0.0000464540
Anaerolinea thermophila	167964	S	3	0	3	0.0000464540
Pelolinea submarina	913107	S	3	0	3	0.0000464540
Roseiflexus castenholzii	120962	S	3	0	3	0.0000464540
Sphaerobacter thermophilus	2057	S	3	0	3	0.0000464540
Ktedonosporobacter rubrisoli	2509675	S	3	0	3	0.0000464540
Fimbriimonas ginsengisoli	1005039	S	3	0	3	0.0000464540
Flavobacterium sp. xlx-214	2654325	S	3	0	3	0.0000464540
Polaribacter sp. Hel1_33_78	1336804	S	3	0	3	0.0000464540
Polaribacter sp. L12M9	2738844	S	1	2	3	0.0000464540
Polaribacter reichenbachii	996801	S	3	0	3	0.0000464540
Capnocytophaga gingivalis	1017	S	3	0	3	0.0000464540
Tenacibaculum sp. DSM 106434	2358479	S	3	0	3	0.0000464540
Tenacibaculum jejuense	584609	S	3	0	3	0.0000464540
Nonlabens sp. MIC269	1476901	S	1	2	3	0.0000464540
Formosa sp. Hel1_33_131	1336794	S	3	0	3	0.0000464540
Aquimarina sp. AD10	1714849	S	3	0	3	0.0000464540
Lacinutrix sp. WUR7	2653681	S	3	0	3	0.0000464540
Lacinutrix venerupis	1486034	S	3	0	3	0.0000464540
Dokdonia sp. PRO95	1239415	S	3	0	3	0.0000464540
Dokdonia sp. Dokd-P16	2173169	S	3	0	3	0.0000464540
Wenyingzhuangia fucanilytica	1790137	S	3	0	3	0.0000464540
Seonamhaeicola sp. S2-3	1936081	S	3	0	3	0.0000464540
Galbibacter sp. BG1	1170699	S	3	0	3	0.0000464540
Chryseobacterium sp. NBC 122	2547600	S	3	0	3	0.0000464540
Kaistella antarctica	266748	S	3	0	3	0.0000464540
Cruoricaptor ignavus	1118202	S	3	0	3	0.0000464540
Croceimicrobium hydrocarbonivorans	2761580	S	2	1	3	0.0000464540
Bacteroides caecimuris	1796613	S	3	0	3	0.0000464540
Prevotella ruminicola	839	S	3	0	3	0.0000464540
Prevotella oris	28135	S	3	0	3	0.0000464540
Alistipes indistinctus	626932	S	3	0	3	0.0000464540
Salinivirga cyanobacteriivorans	1307839	S	3	0	3	0.0000464540
Labilibaculum antarcticum	1717717	S	3	0	3	0.0000464540
Sphingobacterium lactis	797291	S	3	0	3	0.0000464540
Spirosoma sp. CJU-R4	2728024	S	3	0	3	0.0000464540
Dyadobacter fermentans	94254	S	3	0	3	0.0000464540
Fibrella aestuarina	651143	S	3	0	3	0.0000464540
Fibrella sp. ES10-3-2-2	1834519	S	3	0	3	0.0000464540
Hymenobacter sp. DG25A	1385663	S	3	0	3	0.0000464540
Hymenobacter sp. TS19	2735321	S	3	0	3	0.0000464540
Hymenobacter sp. HDW8	2714932	S	1	2	3	0.0000464540
Hymenobacter baengnokdamensis	2615203	S	2	1	3	0.0000464540
Algoriphagus machipongonensis	388413	S	3	0	3	0.0000464540
Cardinium endosymbiont of Sogatella furcifera	650378	S	1	2	3	0.0000464540
Chitinophaga agri	2703787	S	3	0	3	0.0000464540
Arachidicoccus ginsenosidivorans	496057	S	3	0	3	0.0000464540
Niabella ginsenosidivorans	1176587	S	3	0	3	0.0000464540
Pseudobacter ginsenosidimutans	661488	S	3	0	3	0.0000464540
Gimesia aquarii	2527964	S	3	0	3	0.0000464540
Gimesia benthica	2608982	S	1	2	3	0.0000464540
Planctopirus ephydatiae	2528019	S	3	0	3	0.0000464540
Calycomorphotria hydatis	2528027	S	3	0	3	0.0000464540
Isosphaera pallida	128	S	3	0	3	0.0000464540
Akkermansia glycaniphila	1679444	S	3	0	3	0.0000464540
Granulicella mallensis	940614	S	3	0	3	0.0000464540
Acidobacterium sp. 4Y35	2763107	S	3	0	3	0.0000464540
Treponema pedis	409322	S	3	0	3	0.0000464540
Treponema socranskii	53419	S	2	1	3	0.0000464540
Treponema medium	58231	S	2	1	3	0.0000464540
Leptospira interrogans	173	S	3	0	3	0.0000464540
Turneriella parva	29510	S	3	0	3	0.0000464540
Brachyspira murdochii	84378	S	3	0	3	0.0000464540
Sneathia vaginalis	187101	S	3	0	3	0.0000464540
Fusobacterium mortiferum	850	S	3	0	3	0.0000464540
Fusobacterium varium	856	S	3	0	3	0.0000464540
Fusobacterium nucleatum	851	S	2	1	3	0.0000464540
Methanosarcina acetivorans	2214	S	3	0	3	0.0000464540
Methanofollis liminatans	2201	S	3	0	3	0.0000464540
Methanothermobacter sp. THM-1	2606911	S	3	0	3	0.0000464540
Methanococcus vannielii	2187	S	3	0	3	0.0000464540
Nitrosarchaeum sp. AC2	2259673	S	2	1	3	0.0000464540
Candidatus Methanomethylophilus alvus	1291540	S	3	0	3	0.0000464540
Pseudomonas phage PS-1	1573458	S	3	0	3	0.0000464540
Invertebrate iridescent virus 31	345199	S	3	0	3	0.0000464540
Burkholderia ambifaria	152480	S	2	0	2	0.0000309693
Burkholderia stagnalis	1503054	S	2	0	2	0.0000309693
Burkholderia pyrrocinia	60550	S	2	0	2	0.0000309693
Burkholderia sp. BDU6	1385591	S	2	0	2	0.0000309693
Burkholderia sp. CCGE1003	640512	S	2	0	2	0.0000309693
Burkholderia sp. LA-2-3-30-S1-D2	1637862	S	2	0	2	0.0000309693
Paraburkholderia sp. 7MH5	2547399	S	2	0	2	0.0000309693
Paraburkholderia aromaticivorans	2026199	S	2	0	2	0.0000309693
Pandoraea norimbergensis	93219	S	2	0	2	0.0000309693
Bordetella pseudohinzii	1331258	S	2	0	2	0.0000309693
Bordetella genomosp. 6	463024	S	1	1	2	0.0000309693
Advenella kashmirensis	310575	S	2	0	2	0.0000309693
Oligella urethralis	90245	S	2	0	2	0.0000309693
Basilea psittacipulmonis	1472345	S	2	0	2	0.0000309693
Algicoccus marinus	2163011	S	2	0	2	0.0000309693
Iodobacter fluviatilis	537	S	2	0	2	0.0000309693
Iodobacter sp. H11R3	2496266	S	2	0	2	0.0000309693
Aquitalea denitrificans	519081	S	2	0	2	0.0000309693
Jeongeupia sp. HS-3	1009682	S	2	0	2	0.0000309693
Chitinibacter fontanus	1737446	S	2	0	2	0.0000309693
Neisseria sp. KEM232	655307	S	2	0	2	0.0000309693
Neisseria sp. ZJ785	2709396	S	1	1	2	0.0000309693
Neisseria chenwenguii	1853278	S	2	0	2	0.0000309693
Neisseria animalis	492	S	2	0	2	0.0000309693
Neisseria canis	493	S	2	0	2	0.0000309693
Neisseria cinerea	483	S	2	0	2	0.0000309693
Neisseria zalophi	640030	S	2	0	2	0.0000309693
Neisseria polysaccharea	489	S	1	1	2	0.0000309693
Neisseria lactamica	486	S	1	1	2	0.0000309693
Eikenella corrodens	539	S	1	1	2	0.0000309693
Kingella kingae	504	S	2	0	2	0.0000309693
Methylophilus medardicus	2588534	S	2	0	2	0.0000309693
Nitrosomonas eutropha	916	S	2	0	2	0.0000309693
Nitrosomonas communis	44574	S	2	0	2	0.0000309693
Nitrosospira multiformis	1231	S	2	0	2	0.0000309693
Candidatus Kinetoplastibacterium galatii	994695	S	1	1	2	0.0000309693
Pseudomonas sp. B11D7D	2735906	S	2	0	2	0.0000309693
Pseudomonas sp. S09G 359	2054919	S	2	0	2	0.0000309693
Pseudomonas sp. DTU12.3	2073078	S	2	0	2	0.0000309693
Pseudomonas sp. Leaf58	1736226	S	2	0	2	0.0000309693
Pseudomonas sp. IB20	1702250	S	2	0	2	0.0000309693
Pseudomonas sp. DG56-2	2320270	S	2	0	2	0.0000309693
Pseudomonas sp. K2W31S-8	2320867	S	2	0	2	0.0000309693
Pseudomonas sp. MPC6	2498848	S	2	0	2	0.0000309693
Pseudomonas sp. OIL-1	2706126	S	2	0	2	0.0000309693
Pseudomonas sp. BIGb0427	2724470	S	2	0	2	0.0000309693
Pseudomonas sp. S35	1573719	S	2	0	2	0.0000309693
Pseudomonas sp. gcc21	2726989	S	2	0	2	0.0000309693
Pseudomonas sp. s211(2017)	2045200	S	1	1	2	0.0000309693
Pseudomonas sp. R2-37-08W	1173273	S	1	1	2	0.0000309693
Pseudomonas rhodesiae	76760	S	2	0	2	0.0000309693
Pseudomonas resinovorans	53412	S	2	0	2	0.0000309693
Pseudomonas moraviensis	321662	S	2	0	2	0.0000309693
Pseudomonas denitrificans (nom. rej.)	43306	S	2	0	2	0.0000309693
Pseudomonas vancouverensis	95300	S	2	0	2	0.0000309693
Pseudomonas cremoricolorata	157783	S	2	0	2	0.0000309693
Pseudomonas granadensis	1421430	S	2	0	2	0.0000309693
Pseudomonas oryzae	1392877	S	2	0	2	0.0000309693
Pseudomonas guangdongensis	1245526	S	2	0	2	0.0000309693
Pseudomonas simiae	321846	S	2	0	2	0.0000309693
Pseudomonas pohangensis	364197	S	2	0	2	0.0000309693
Pseudomonas khazarica	2502979	S	1	1	2	0.0000309693
Permianibacter aggregans	1510150	S	2	0	2	0.0000309693
Acinetobacter bereziniae	106648	S	2	0	2	0.0000309693
Acinetobacter shaoyimingii	2715164	S	2	0	2	0.0000309693
Psychrobacter sp. P2G3	1699622	S	1	1	2	0.0000309693
Psychrobacter urativorans	45610	S	2	0	2	0.0000309693
Psychrobacter arenosus	256326	S	2	0	2	0.0000309693
Psychrobacter cryohalolentis	330922	S	1	1	2	0.0000309693
Stenotrophomonas sp. ZAC14D2_NAIMI4_6	2072406	S	1	1	2	0.0000309693
Stenotrophomonas sp. MYb57	1827305	S	1	1	2	0.0000309693
Xanthomonas sp. SI	2724123	S	2	0	2	0.0000309693
Xanthomonas hyacinthi	56455	S	2	0	2	0.0000309693
Xanthomonas vasicola	56459	S	2	0	2	0.0000309693
Xanthomonas vesicatoria	56460	S	2	0	2	0.0000309693
Xanthomonas theicola	56464	S	2	0	2	0.0000309693
Lysobacter sp. TY2-98	2290922	S	2	0	2	0.0000309693
Lysobacter gummosus	262324	S	2	0	2	0.0000309693
Lysobacter oculi	2698682	S	2	0	2	0.0000309693
Thermomonas brevis	215691	S	2	0	2	0.0000309693
Dyella thiooxydans	445710	S	2	0	2	0.0000309693
Citrobacter youngae	133448	S	1	1	2	0.0000309693
Citrobacter rodentium	67825	S	2	0	2	0.0000309693
Enterobacteriaceae endosymbiont of Neohaemonia nigricornis	2675792	S	2	0	2	0.0000309693
Enterobacteriaceae endosymbiont of Donacia tomentosa	2675787	S	2	0	2	0.0000309693
Enterobacteriaceae endosymbiont of Donacia semicuprea	2675783	S	1	1	2	0.0000309693
secondary endosymbiont of Ctenarytaina eucalypti	1199245	S	2	0	2	0.0000309693
Candidatus Blochmannia pennsylvanicus	101534	S	2	0	2	0.0000309693
Kluyvera genomosp. 3	2774055	S	2	0	2	0.0000309693
Cronobacter muytjensii	413501	S	2	0	2	0.0000309693
Jejubacter calystegiae	2579935	S	2	0	2	0.0000309693
Serratia proteamaculans	28151	S	2	0	2	0.0000309693
Serratia quinivorans	137545	S	1	1	2	0.0000309693
Yersinia enterocolitica	630	S	2	0	2	0.0000309693
Yersinia aldovae	29483	S	2	0	2	0.0000309693
Pantoea sp. MSR2	2052056	S	2	0	2	0.0000309693
Pantoea sp. SO10	2575375	S	2	0	2	0.0000309693
Pantoea cypripedii	55209	S	2	0	2	0.0000309693
Pantoea rwandensis	1076550	S	2	0	2	0.0000309693
Tatumella ptyseos	82987	S	2	0	2	0.0000309693
Proteus sp. ZN5	2697019	S	1	1	2	0.0000309693
Providencia alcalifaciens	126385	S	2	0	2	0.0000309693
Providencia rustigianii	158850	S	2	0	2	0.0000309693
Photorhabdus laumondii	2218628	S	2	0	2	0.0000309693
Pectobacterium brasiliense	180957	S	1	1	2	0.0000309693
Dickeya poaceiphila	568768	S	2	0	2	0.0000309693
Dickeya solani	1089444	S	2	0	2	0.0000309693
Lonsdalea britannica	1082704	S	2	0	2	0.0000309693
Edwardsiella hoshinae	93378	S	2	0	2	0.0000309693
Halomonas sp. A40-4	2785909	S	2	0	2	0.0000309693
Halomonas sp. MCCC 1A13316	2733487	S	2	0	2	0.0000309693
Halomonas sp. Y2R2	2562282	S	2	0	2	0.0000309693
Halomonas sp. hl-4	1761789	S	1	1	2	0.0000309693
Halomonas huangheensis	1178482	S	2	0	2	0.0000309693
Halomonas socia	1081866	S	2	0	2	0.0000309693
Zymobacter palmae	33074	S	2	0	2	0.0000309693
Candidatus Portiera aleyrodidarum	91844	S	2	0	2	0.0000309693
Marinomonas sp. MWYL1	400668	S	2	0	2	0.0000309693
Marinomonas sp. FW-1	2071621	S	2	0	2	0.0000309693
Marinomonas arctica	383750	S	2	0	2	0.0000309693
Neptunomonas concharum	1031538	S	2	0	2	0.0000309693
Marinobacterium aestuarii	1821621	S	2	0	2	0.0000309693
Marinobacterium sp. LSUCC0821	2668067	S	2	0	2	0.0000309693
Thalassolituus oleivorans	187493	S	2	0	2	0.0000309693
Nitrincola sp. KXZD1103	2614693	S	2	0	2	0.0000309693
Amphritea japonica	452627	S	2	0	2	0.0000309693
Bermanella marisrubri	207949	S	2	0	2	0.0000309693
Kangiella profundi	1561924	S	2	0	2	0.0000309693
Reinekea forsetii	1336806	S	2	0	2	0.0000309693
Gynuella sunshinyii	1445505	S	2	0	2	0.0000309693
Litoricola lipolytica	418701	S	2	0	2	0.0000309693
Aeromonas sp. CA23	2033032	S	2	0	2	0.0000309693
Aeromonas sp.	647	S	1	1	2	0.0000309693
Aeromonas schubertii	652	S	2	0	2	0.0000309693
Pseudoalteromonas sp. LC2018020214	2799564	S	1	1	2	0.0000309693
Pseudoalteromonas tunicata	314281	S	2	0	2	0.0000309693
Pseudoalteromonas marina	267375	S	1	1	2	0.0000309693
Pseudoalteromonas agarivorans	176102	S	1	1	2	0.0000309693
Psychrosphaera aestuarii	1266052	S	2	0	2	0.0000309693
Shewanella maritima	2520507	S	2	0	2	0.0000309693
Shewanella sediminis	271097	S	2	0	2	0.0000309693
Shewanella litorisediminis	1173586	S	2	0	2	0.0000309693
Shewanella chilikensis	558541	S	1	1	2	0.0000309693
Shewanella putrefaciens	24	S	1	1	2	0.0000309693
Marinobacter sp. NP-4(2019)	2488665	S	2	0	2	0.0000309693
Marinobacter hydrocarbonoclasticus	2743	S	2	0	2	0.0000309693
Marinobacter fonticola	2603215	S	2	0	2	0.0000309693
Alteromonas mediterranea	314275	S	2	0	2	0.0000309693
Alteromonas pelagimontana	1858656	S	2	0	2	0.0000309693
Paraglaciecola sp. L3A3	2686358	S	2	0	2	0.0000309693
Agarivorans gilvus	680279	S	2	0	2	0.0000309693
Catenovulum sediminis	1740262	S	2	0	2	0.0000309693
Hydrocarboniclastica marina	2259620	S	2	0	2	0.0000309693
Colwellia sp. Arc7-D	2161872	S	2	0	2	0.0000309693
Colwellia sp. Arc7-635	2497879	S	2	0	2	0.0000309693
Ferrimonas lipolytica	2724191	S	2	0	2	0.0000309693
Allochromatium vinosum	1049	S	2	0	2	0.0000309693
Thermochromatium tepidum	1050	S	2	0	2	0.0000309693
Candidatus Nitrosacidococcus tergens	553981	S	2	0	2	0.0000309693
Thioalkalivibrio sp. K90mix	396595	S	2	0	2	0.0000309693
Acidihalobacter aeolianus	2792603	S	2	0	2	0.0000309693
Halorhodospira halochloris	1052	S	2	0	2	0.0000309693
Spiribacter sp. 2438	2666185	S	2	0	2	0.0000309693
Alkalilimnicola ehrlichii	351052	S	2	0	2	0.0000309693
Aquisalimonas sp. 2447	2740807	S	2	0	2	0.0000309693
Woeseia oceani	1548547	S	2	0	2	0.0000309693
Guyparkeria halophila	47960	S	2	0	2	0.0000309693
Vibrio diabolicus	50719	S	2	0	2	0.0000309693
Vibrio sp. Sal10	2777577	S	2	0	2	0.0000309693
Vibrio navarrensis	29495	S	2	0	2	0.0000309693
Vibrio splendidus	29497	S	2	0	2	0.0000309693
Vibrio furnissii	29494	S	2	0	2	0.0000309693
Vibrio aquimaris	2587862	S	2	0	2	0.0000309693
Vibrio tubiashii	29498	S	2	0	2	0.0000309693
Vibrio nigripulchritudo	28173	S	2	0	2	0.0000309693
Vibrio chagasii	170679	S	2	0	2	0.0000309693
Vibrio astriarenae	1481923	S	2	0	2	0.0000309693
Vibrio fluvialis	676	S	2	0	2	0.0000309693
Vibrio metoecus	1481663	S	2	0	2	0.0000309693
Photobacterium ganghwense	320778	S	2	0	2	0.0000309693
Photobacterium gaetbulicola	1295392	S	2	0	2	0.0000309693
Salinivibrio kushneri	1908198	S	1	1	2	0.0000309693
Saccharophagus degradans	86304	S	2	0	2	0.0000309693
Agarilytica rhodophyticola	1737490	S	2	0	2	0.0000309693
Microbulbifer sp. SH-1	2681547	S	2	0	2	0.0000309693
Legionella sp. MW5194	2662448	S	2	0	2	0.0000309693
Legionella hackeliae	449	S	2	0	2	0.0000309693
Tatlockia micdadei	451	S	2	0	2	0.0000309693
Aquicella lusitana	254246	S	2	0	2	0.0000309693
Aquicella siphonis	254247	S	2	0	2	0.0000309693
Haemophilus sp. oral taxon 036	712310	S	2	0	2	0.0000309693
Actinobacillus equuli	718	S	2	0	2	0.0000309693
Actinobacillus sp. GY-402	2774188	S	2	0	2	0.0000309693
Mannheimia granulomatis	85402	S	2	0	2	0.0000309693
Rodentibacter heylii	1906744	S	2	0	2	0.0000309693
Thiomicrospira cyclica	147268	S	2	0	2	0.0000309693
Thiomicrospira sp. S5	1803865	S	2	0	2	0.0000309693
Francisella uliginis	573570	S	2	0	2	0.0000309693
Francisella sp. Scap27	2589986	S	1	1	2	0.0000309693
Francisella adeliensis	2007306	S	1	1	2	0.0000309693
Candidatus Thioglobus autotrophicus	1705394	S	2	0	2	0.0000309693
Candidatus Reidiella endopervernicosa	2738883	S	2	0	2	0.0000309693
endosymbiont of unidentified scaly snail isolate Monju	1248727	S	2	0	2	0.0000309693
Bradyrhizobium sp. CCGE-LA001	1223566	S	2	0	2	0.0000309693
Bradyrhizobium vignae	1549949	S	2	0	2	0.0000309693
Rhizobium sp. 007	2785056	S	1	1	2	0.0000309693
Rhizobium lusitanum	293958	S	2	0	2	0.0000309693
Neorhizobium sp. SOG26	2060726	S	2	0	2	0.0000309693
Ensifer mexicanus	375549	S	2	0	2	0.0000309693
Candidatus Liberibacter americanus	309868	S	2	0	2	0.0000309693
Liberibacter crescens	1273132	S	2	0	2	0.0000309693
Mesorhizobium sp. L-2-11	2744521	S	2	0	2	0.0000309693
Mesorhizobium sp. M7D.F.Ca.US.005.01.1.1	2493678	S	2	0	2	0.0000309693
Mesorhizobium sp. NBSH29	2654249	S	2	0	2	0.0000309693
Mesorhizobium sp. M7A.F.Ce.TU.012.03.2.1	2493681	S	2	0	2	0.0000309693
Mesorhizobium erdmanii	1777866	S	2	0	2	0.0000309693
Nitratireductor sp. OM-1	1756988	S	2	0	2	0.0000309693
Nitratireductor sp. SY7	2599600	S	2	0	2	0.0000309693
Devosia ginsengisoli	400770	S	2	0	2	0.0000309693
Rhodomicrobium vannielii	1069	S	2	0	2	0.0000309693
Starkeya sp. ORNL1	2709380	S	2	0	2	0.0000309693
Aureimonas sp. LMG 31693	2758041	S	2	0	2	0.0000309693
Martelella mediterranea	293089	S	2	0	2	0.0000309693
Methylocystis parvus	134	S	2	0	2	0.0000309693
Methylocystis bryophila	655015	S	2	0	2	0.0000309693
Labrenzia sp. VG12	2021862	S	1	1	2	0.0000309693
Brucella pituitosa	571256	S	2	0	2	0.0000309693
Methylovirgula ligni	569860	S	2	0	2	0.0000309693
Sphingomonas sp. JE1	1628059	S	2	0	2	0.0000309693
Sphingomonas xanthus	2594473	S	2	0	2	0.0000309693
Sphingomonas lacunae	2698828	S	2	0	2	0.0000309693
Sphingopyxis sp. LPB0140	1913578	S	2	0	2	0.0000309693
Sphingobium sp. PAMC28499	2565554	S	1	1	2	0.0000309693
Erythrobacter sp. KY5	2011159	S	2	0	2	0.0000309693
Qipengyuania sediminis	1532023	S	2	0	2	0.0000309693
Sulfitobacter sp. AM1-D1	1917485	S	1	1	2	0.0000309693
Roseovarius faecimaris	2494550	S	2	0	2	0.0000309693
Celeribacter marinus	1397108	S	2	0	2	0.0000309693
Celeribacter manganoxidans	1411902	S	2	0	2	0.0000309693
Roseobacter litoralis	42443	S	2	0	2	0.0000309693
Roseobacter ponti	1891787	S	2	0	2	0.0000309693
Rhodovulum sp. MB263	308754	S	2	0	2	0.0000309693
Rhodovulum sp. P5	1564506	S	2	0	2	0.0000309693
Ketogulonicigenium vulgare	92945	S	2	0	2	0.0000309693
Ruegeria sp. AD91A	2293862	S	2	0	2	0.0000309693
Roseibacterium elongatum	159346	S	2	0	2	0.0000309693
Tateyamaria omphalii	299262	S	2	0	2	0.0000309693
Monaibacterium sp. ALG8	2715211	S	2	0	2	0.0000309693
Thalassospira marina	2048283	S	2	0	2	0.0000309693
Thalassospira sp. A40-3	2785908	S	1	1	2	0.0000309693
Acetobacter sp. KACC 21233	2592655	S	2	0	2	0.0000309693
Acetobacter pasteurianus	438	S	1	1	2	0.0000309693
Acetobacter tropicalis	104102	S	1	1	2	0.0000309693
Swingsia sp. F3b2	2558361	S	2	0	2	0.0000309693
Gluconobacter oxydans	442	S	1	1	2	0.0000309693
Rickettsia akari	786	S	2	0	2	0.0000309693
Rickettsia prowazekii	782	S	2	0	2	0.0000309693
Wolbachia endosymbiont of Ctenocephalides felis wCfeT	2732593	S	2	0	2	0.0000309693
Wolbachia endosymbiont of Brugia malayi	80849	S	1	1	2	0.0000309693
Phreatobacter sp. NMCR1094	2570229	S	2	0	2	0.0000309693
Candidatus Puniceispirillum marinum	767892	S	2	0	2	0.0000309693
Candidatus Pelagibacter sp. IMCC9063	1002672	S	2	0	2	0.0000309693
Candidatus Pelagibacter sp. RS39	1977864	S	2	0	2	0.0000309693
Candidatus Pelagibacter ubique	198252	S	2	0	2	0.0000309693
Candidatus Pelagibacter giovannonii	2563896	S	2	0	2	0.0000309693
Candidatus Fonsibacter ubiquis	1925548	S	2	0	2	0.0000309693
Hyphomonas sp. Mor2	1906738	S	2	0	2	0.0000309693
Hirschia baltica	2724	S	2	0	2	0.0000309693
Maricaulis maris	74318	S	2	0	2	0.0000309693
Marinicauda algicola	2029849	S	2	0	2	0.0000309693
endosymbiont of Acanthamoeba sp. UWC8	86106	S	2	0	2	0.0000309693
Candidatus Nucleicultrix amoebiphila	1509244	S	2	0	2	0.0000309693
[Arcobacter] porcinus	1935204	S	2	0	2	0.0000309693
Arcobacter sp. FWKO B	2593672	S	2	0	2	0.0000309693
Malaciobacter marinus	505249	S	2	0	2	0.0000309693
Malaciobacter canalis	1912871	S	2	0	2	0.0000309693
Campylobacter curvus	200	S	2	0	2	0.0000309693
Campylobacter sputorum	206	S	2	0	2	0.0000309693
Campylobacter concisus	199	S	2	0	2	0.0000309693
Campylobacter helveticus	28898	S	2	0	2	0.0000309693
Sulfurospirillum cavolei	366522	S	2	0	2	0.0000309693
Sulfurimonas sp. H1576	2672570	S	2	0	2	0.0000309693
Sulfurimonas sp. NW10	2509341	S	1	1	2	0.0000309693
Sulfurimonas gotlandica	1176482	S	2	0	2	0.0000309693
Wolinella succinogenes	844	S	2	0	2	0.0000309693
Nitratifractor salsuginis	269261	S	2	0	2	0.0000309693
Nitratiruptor labii	2706014	S	2	0	2	0.0000309693
Caminibacter mediatlanticus	291048	S	2	0	2	0.0000309693
Myxococcus stipitatus	83455	S	1	1	2	0.0000309693
Anaeromyxobacter dehalogenans	161493	S	2	0	2	0.0000309693
Vulgatibacter incomptus	1391653	S	2	0	2	0.0000309693
Desulfovibrio gigas	879	S	2	0	2	0.0000309693
Pseudodesulfovibrio piezophilus	879567	S	2	0	2	0.0000309693
Maridesulfovibrio hydrothermalis	191026	S	2	0	2	0.0000309693
Desulfolutivibrio sulfoxidireducens	2773299	S	2	0	2	0.0000309693
Geobacter sp. FeAm09	2597769	S	2	0	2	0.0000309693
Geobacter sp. Jerry-YX	2815309	S	2	0	2	0.0000309693
Geobacter sp. M21	443144	S	1	1	2	0.0000309693
Geobacter sulfurreducens	35554	S	2	0	2	0.0000309693
Geobacter daltonii	1203471	S	2	0	2	0.0000309693
Syntrophotalea carbinolica	19	S	2	0	2	0.0000309693
Desulfosarcina widdelii	947919	S	2	0	2	0.0000309693
Desulfonema limicola	45656	S	2	0	2	0.0000309693
Desulfurivibrio alkaliphilus	427923	S	2	0	2	0.0000309693
Mariprofundus aestuarium	1921086	S	2	0	2	0.0000309693
Propionibacterium australiense	119981	S	1	1	2	0.0000309693
Microlunatus phosphovorus	29405	S	2	0	2	0.0000309693
Raineyella sp. CBA3103	2662261	S	2	0	2	0.0000309693
Nocardioides sp. dk884	2662361	S	1	1	2	0.0000309693
Nocardioides daphniae	402297	S	2	0	2	0.0000309693
Nocardioides houyundeii	2045452	S	2	0	2	0.0000309693
Nocardioides seonyuensis	2518371	S	2	0	2	0.0000309693
Aeromicrobium marinum	219314	S	2	0	2	0.0000309693
Aeromicrobium chenweiae	2079793	S	2	0	2	0.0000309693
Curtobacterium sp. YC1	2795488	S	2	0	2	0.0000309693
Microbacterium sp. HY82	2708079	S	2	0	2	0.0000309693
Microbacterium sp. 4R-513	2567934	S	2	0	2	0.0000309693
Microbacterium endophyticum	1526412	S	2	0	2	0.0000309693
Microbacterium protaetiae	2509458	S	2	0	2	0.0000309693
Microbacterium wangchenii	2541726	S	2	0	2	0.0000309693
Candidatus Aquiluna sp. UB-MaderosW2red	1855377	S	2	0	2	0.0000309693
Rathayibacter rathayi	33887	S	2	0	2	0.0000309693
Rathayibacter iranicus	59737	S	2	0	2	0.0000309693
Rathayibacter tanaceti	1671680	S	2	0	2	0.0000309693
Leucobacter denitrificans	683042	S	2	0	2	0.0000309693
Leucobacter triazinivorans	1784719	S	2	0	2	0.0000309693
Leucobacter viscericola	2714935	S	2	0	2	0.0000309693
Salinibacterium sp. ZJ70	2708084	S	2	0	2	0.0000309693
Microterricola viridarii	412690	S	2	0	2	0.0000309693
Diaminobutyricimonas sp. LJ205	2683590	S	2	0	2	0.0000309693
Arthrobacter sp. NEB 688	904039	S	2	0	2	0.0000309693
Arthrobacter sp. YN	2020486	S	1	1	2	0.0000309693
Arthrobacter sp. D5-1	1477518	S	1	1	2	0.0000309693
Arthrobacter crystallopoietes	37928	S	2	0	2	0.0000309693
Arthrobacter woluwensis	156980	S	2	0	2	0.0000309693
Rothia sp. ZJ932	2810516	S	2	0	2	0.0000309693
Glutamicibacter creatinolyticus	162496	S	2	0	2	0.0000309693
Glutamicibacter mishrai	1775880	S	1	1	2	0.0000309693
Pseudarthrobacter sp. YJ56	2697569	S	2	0	2	0.0000309693
Pseudarthrobacter sp. BIM B-2242	2772401	S	2	0	2	0.0000309693
Pseudarthrobacter chlorophenolicus	85085	S	2	0	2	0.0000309693
Tetrasphaera sp. HKS02	1813880	S	2	0	2	0.0000309693
Brevibacterium luteolum	199591	S	2	0	2	0.0000309693
Devriesea agamarum	472569	S	2	0	2	0.0000309693
Cellulosimicrobium sp. BI34T	2587808	S	2	0	2	0.0000309693
Ornithinimicrobium sp. HY006	2508882	S	2	0	2	0.0000309693
Ornithinimicrobium pratense	2593973	S	2	0	2	0.0000309693
Serinicoccus chungangensis	767452	S	2	0	2	0.0000309693
Sanguibacter keddieii	60920	S	2	0	2	0.0000309693
Corynebacterium sp. NML93-0612	699041	S	2	0	2	0.0000309693
Corynebacterium sp. MC1420	2709392	S	2	0	2	0.0000309693
Corynebacterium riegelii	156976	S	2	0	2	0.0000309693
Corynebacterium glyciniphilum	1404244	S	2	0	2	0.0000309693
Corynebacterium yudongzhengii	2080740	S	2	0	2	0.0000309693
Corynebacterium sphenisci	191493	S	2	0	2	0.0000309693
Corynebacterium ammoniagenes	1697	S	2	0	2	0.0000309693
Rhodococcus sp. PBTS 1	1653478	S	2	0	2	0.0000309693
Rhodococcus sp. SGAir0479	2567884	S	2	0	2	0.0000309693
Rhodococcus rhodochrous	1829	S	2	0	2	0.0000309693
Rhodococcus hoagii	43767	S	2	0	2	0.0000309693
Rhodococcus koreensis	99653	S	2	0	2	0.0000309693
Nocardia asteroides	1824	S	2	0	2	0.0000309693
Nocardia nova	37330	S	2	0	2	0.0000309693
Nocardia mangyaensis	2213200	S	2	0	2	0.0000309693
Mycolicibacterium tokaiense	39695	S	2	0	2	0.0000309693
Mycolicibacterium rutilum	370526	S	2	0	2	0.0000309693
Mycolicibacterium chubuense	1800	S	2	0	2	0.0000309693
Mycolicibacterium goodii	134601	S	2	0	2	0.0000309693
Mycolicibacterium gadium	1794	S	2	0	2	0.0000309693
Mycolicibacterium rhodesiae	36814	S	2	0	2	0.0000309693
Mycobacterium sp. EPa45	1545728	S	2	0	2	0.0000309693
Mycobacterium sp. MS1601	1936029	S	2	0	2	0.0000309693
Mycobacterium heidelbergense	53376	S	2	0	2	0.0000309693
Mycobacterium saskatchewanense	220927	S	2	0	2	0.0000309693
Mycobacterium heckeshornense	110505	S	2	0	2	0.0000309693
Mycobacteroides salmoniphilum	404941	S	2	0	2	0.0000309693
Mycolicibacter terrae	1788	S	2	0	2	0.0000309693
Mycolicibacter hiberniae	29314	S	2	0	2	0.0000309693
Gordonia sp. KTR9	337191	S	2	0	2	0.0000309693
Gordonia iterans	1004901	S	2	0	2	0.0000309693
Gordonia insulae	2420509	S	2	0	2	0.0000309693
Tomitella sp. HY188	2597660	S	2	0	2	0.0000309693
Tomitella sp. HY172	2760083	S	2	0	2	0.0000309693
Segniliparus rotundus	286802	S	2	0	2	0.0000309693
Streptomyces sp. HSG2	2797167	S	2	0	2	0.0000309693
Streptomyces sp. CRXT-Y-14	2768069	S	2	0	2	0.0000309693
Streptomyces sp. CdTB01	1725411	S	2	0	2	0.0000309693
Streptomyces sp. fd1-xmd	1812480	S	2	0	2	0.0000309693
Streptomyces sp. MOE7	1961713	S	2	0	2	0.0000309693
Streptomyces sp. RTd22	1841249	S	2	0	2	0.0000309693
Streptomyces sp. 3214.6	1882757	S	2	0	2	0.0000309693
Streptomyces sp. XC 2026	2782004	S	2	0	2	0.0000309693
Streptomyces sp. QHH-9511	2684468	S	2	0	2	0.0000309693
Streptomyces sp. CRPJ-33	2768068	S	2	0	2	0.0000309693
Streptomyces sp. NEAU-sy36	2751189	S	2	0	2	0.0000309693
Streptomyces sp. CB00271	2750025	S	2	0	2	0.0000309693
Streptomyces sp. INR7	2607753	S	2	0	2	0.0000309693
Streptomyces sp. M56	1495638	S	1	1	2	0.0000309693
Streptomyces incarnatus	665007	S	2	0	2	0.0000309693
Streptomyces antimycoticus	68175	S	2	0	2	0.0000309693
Streptomyces asterosporus	285570	S	2	0	2	0.0000309693
Streptomyces cyaneogriseus	68192	S	2	0	2	0.0000309693
Streptomyces olivoreticuli	68246	S	2	0	2	0.0000309693
Streptomyces spectabilis	68270	S	2	0	2	0.0000309693
Streptomyces antibioticus	1890	S	2	0	2	0.0000309693
Streptomyces violaceusniger	68280	S	2	0	2	0.0000309693
Streptomyces roseochromogenus	285450	S	2	0	2	0.0000309693
Streptomyces parvulus	146923	S	2	0	2	0.0000309693
Streptomyces cattleya	29303	S	2	0	2	0.0000309693
Streptomyces cadmiisoli	2184053	S	2	0	2	0.0000309693
Streptomyces avermitilis	33903	S	2	0	2	0.0000309693
Streptomyces ficellus	1977088	S	2	0	2	0.0000309693
Streptomyces griseoviridis	45398	S	2	0	2	0.0000309693
Streptomyces pluripotens	1355015	S	2	0	2	0.0000309693
Streptomyces aquilus	2548456	S	2	0	2	0.0000309693
Streptomyces rimosus	1927	S	2	0	2	0.0000309693
Streptomyces formicae	1616117	S	2	0	2	0.0000309693
Streptomyces kanamyceticus	1967	S	2	0	2	0.0000309693
Streptomyces nojiriensis	66374	S	2	0	2	0.0000309693
Streptomyces luteoverticillatus	66425	S	2	0	2	0.0000309693
Streptomyces gardneri	66892	S	2	0	2	0.0000309693
Streptomyces qinzhouensis	2599401	S	2	0	2	0.0000309693
Streptomyces alboflavus	67267	S	2	0	2	0.0000309693
Streptomyces californicus	67351	S	1	1	2	0.0000309693
Streptomyces murinus	33900	S	1	1	2	0.0000309693
Streptomyces autolyticus	75293	S	1	1	2	0.0000309693
Streptacidiphilus sp. P02-A3a	2704468	S	2	0	2	0.0000309693
Bifidobacterium thermophilum	33905	S	2	0	2	0.0000309693
Bifidobacterium pullorum	78448	S	2	0	2	0.0000309693
Bifidobacterium asteroides	1684	S	2	0	2	0.0000309693
Micromonospora sp. HM134	2583243	S	2	0	2	0.0000309693
Micromonospora sp. WMMC415	2675222	S	2	0	2	0.0000309693
Micromonospora purpureochromogenes	47872	S	2	0	2	0.0000309693
Micromonospora sagamiensis	47875	S	2	0	2	0.0000309693
Micromonospora auratinigra	261654	S	2	0	2	0.0000309693
Micromonospora maris	1003110	S	2	0	2	0.0000309693
Micromonospora carbonacea	47853	S	2	0	2	0.0000309693
Micromonospora chokoriensis	356851	S	2	0	2	0.0000309693
Plantactinospora sp. KBS50	2024580	S	2	0	2	0.0000309693
Salinispora tropica	168695	S	2	0	2	0.0000309693
Pseudonocardia sp. CGMCC 4.1532	2761535	S	2	0	2	0.0000309693
Saccharomonospora viridis	1852	S	2	0	2	0.0000309693
Saccharomonospora xinjiangensis	75294	S	2	0	2	0.0000309693
Saccharopolyspora sp. ASAGF58	2719023	S	1	1	2	0.0000309693
Kutzneria albida	43357	S	2	0	2	0.0000309693
Actinomyces sp. oral taxon 169	712116	S	2	0	2	0.0000309693
Actinomyces sp. Chiba101	1851395	S	2	0	2	0.0000309693
Actinomyces sp. 432	2057798	S	2	0	2	0.0000309693
Actinomyces sp. ZJ750	2744574	S	2	0	2	0.0000309693
Actinomyces viscosus	1656	S	2	0	2	0.0000309693
Actinomyces howellii	52771	S	2	0	2	0.0000309693
Actinomyces radicidentis	111015	S	2	0	2	0.0000309693
Actinomyces procaprae	2560010	S	2	0	2	0.0000309693
Arcanobacterium phocisimile	1302235	S	2	0	2	0.0000309693
Flaviflexus sp. H23T48	2496867	S	2	0	2	0.0000309693
Candidatus Frankia datiscae	2716812	S	2	0	2	0.0000309693
Stackebrandtia nassauensis	283811	S	2	0	2	0.0000309693
Acidothermus cellulolyticus	28049	S	2	0	2	0.0000309693
Olsenella umbonata	604330	S	2	0	2	0.0000309693
Lancefieldella parvula	1382	S	2	0	2	0.0000309693
Eggerthella sp. HF-1101	2690837	S	2	0	2	0.0000309693
Phoenicibacter congonensis	1944646	S	2	0	2	0.0000309693
Egicoccus halophilus	1670830	S	2	0	2	0.0000309693
Streptococcus sp. HSISS3	1316412	S	1	1	2	0.0000309693
Streptococcus sobrinus	1310	S	2	0	2	0.0000309693
Streptococcus merionis	400065	S	2	0	2	0.0000309693
Streptococcus pyogenes	1314	S	2	0	2	0.0000309693
Streptococcus pluranimalium	82348	S	2	0	2	0.0000309693
Streptococcus milleri	33040	S	1	1	2	0.0000309693
Streptococcus constellatus	76860	S	1	1	2	0.0000309693
Lactococcus garvieae	1363	S	2	0	2	0.0000309693
Lactobacillus sp. CBA3606	2099789	S	2	0	2	0.0000309693
Lactobacillus iners	147802	S	2	0	2	0.0000309693
Weissella ceti	759620	S	2	0	2	0.0000309693
Weissella diestrammenae	1162633	S	2	0	2	0.0000309693
Leuconostoc pseudomesenteroides	33968	S	2	0	2	0.0000309693
Leuconostoc falkenbergense	2766470	S	1	1	2	0.0000309693
Ligilactobacillus murinus	1622	S	2	0	2	0.0000309693
Ligilactobacillus acidipiscis	89059	S	2	0	2	0.0000309693
Loigolactobacillus backii	375175	S	2	0	2	0.0000309693
Companilactobacillus farciminis	1612	S	2	0	2	0.0000309693
Liquorilactobacillus hordei	468911	S	2	0	2	0.0000309693
Apilactobacillus bombintestini	2419772	S	2	0	2	0.0000309693
Enterococcus cecorum	44008	S	2	0	2	0.0000309693
Enterococcus thailandicus	417368	S	2	0	2	0.0000309693
Carnobacterium divergens	2748	S	2	0	2	0.0000309693
Marinilactibacillus sp. 15R	1911586	S	2	0	2	0.0000309693
Suicoccus acidiformans	2036206	S	2	0	2	0.0000309693
Staphylococcus delphini	53344	S	2	0	2	0.0000309693
Staphylococcus hyicus	1284	S	2	0	2	0.0000309693
Staphylococcus lugdunensis	28035	S	2	0	2	0.0000309693
Staphylococcus simulans	1286	S	2	0	2	0.0000309693
Staphylococcus succinus	61015	S	2	0	2	0.0000309693
Mammaliicoccus sciuri	1296	S	2	0	2	0.0000309693
Bacillus pseudomycoides	64104	S	2	0	2	0.0000309693
Bacillus wiedmannii	1890302	S	2	0	2	0.0000309693
Bacillus sp. ABP14	1892404	S	1	1	2	0.0000309693
Bacillus sp. FJAT-18017	1705566	S	2	0	2	0.0000309693
Bacillus sp. S3	486398	S	2	0	2	0.0000309693
Bacillus sp. THAF10	2587848	S	2	0	2	0.0000309693
Bacillus sp. 1NLA3E	666686	S	2	0	2	0.0000309693
Bacillus sp. DSL-17	2567941	S	2	0	2	0.0000309693
Bacillus sp. KH172YL63	2709784	S	2	0	2	0.0000309693
Bacillus halotolerans	260554	S	2	0	2	0.0000309693
Bacillus haynesii	1925021	S	2	0	2	0.0000309693
Bacillus weihaiensis	1547283	S	2	0	2	0.0000309693
Lysinibacillus sp. SGAir0095	2070463	S	2	0	2	0.0000309693
Lysinibacillus sp. 2017	2169540	S	2	0	2	0.0000309693
Peribacillus asahii	228899	S	2	0	2	0.0000309693
Virgibacillus necropolis	163877	S	2	0	2	0.0000309693
Virgibacillus sp. SK37	403957	S	1	1	2	0.0000309693
Virgibacillus dokdonensis	302167	S	1	1	2	0.0000309693
Anoxybacillus caldiproteolyticus	247480	S	2	0	2	0.0000309693
Pontibacillus sp. HMF3514	2692425	S	2	0	2	0.0000309693
Gracilibacillus sp. SCU50	2663022	S	2	0	2	0.0000309693
Psychrobacillus glaciei	2283160	S	2	0	2	0.0000309693
Terribacillus goriensis	386490	S	2	0	2	0.0000309693
Amphibacillus xylanus	1449	S	2	0	2	0.0000309693
Halobacillus litoralis	45668	S	2	0	2	0.0000309693
Oceanobacillus zhaokaii	2052660	S	2	0	2	0.0000309693
Lentibacillus sp. CBA3610	2518176	S	2	0	2	0.0000309693
Paenibacillus sp. DCT19	2211212	S	2	0	2	0.0000309693
Paenibacillus sp. RUD330	2023772	S	2	0	2	0.0000309693
Paenibacillus sp. B01	2660554	S	2	0	2	0.0000309693
Paenibacillus stellifer	169760	S	2	0	2	0.0000309693
Paenibacillus lentus	1338368	S	2	0	2	0.0000309693
Paenibacillus baekrokdamisoli	1712516	S	2	0	2	0.0000309693
Paenibacillus rhizovicinus	2704463	S	2	0	2	0.0000309693
Paenibacillus durus	44251	S	2	0	2	0.0000309693
Brevibacillus sp. FJAT-54423	2796470	S	2	0	2	0.0000309693
Brevibacillus laterosporus	1465	S	1	1	2	0.0000309693
Aneurinibacillus soli	1500254	S	2	0	2	0.0000309693
Cohnella abietis	2507935	S	2	0	2	0.0000309693
Planococcus antarcticus	161360	S	2	0	2	0.0000309693
Planococcus donghaensis	414778	S	2	0	2	0.0000309693
Sporosarcina pasteurii	1474	S	2	0	2	0.0000309693
Solibacillus silvestris	76853	S	2	0	2	0.0000309693
Planomicrobium glaciei	459472	S	2	0	2	0.0000309693
Paenisporosarcina antarctica	417367	S	2	0	2	0.0000309693
Kyrpidia tusciae	33943	S	1	1	2	0.0000309693
Listeria monocytogenes	1639	S	2	0	2	0.0000309693
Listeria seeligeri	1640	S	2	0	2	0.0000309693
Gemella morbillorum	29391	S	2	0	2	0.0000309693
Gemella sanguinis	84135	S	2	0	2	0.0000309693
Exiguobacterium sp. N4-1P	2051906	S	2	0	2	0.0000309693
Kroppenstedtia eburnea	714067	S	2	0	2	0.0000309693
Novibacillus thermophilus	1471761	S	2	0	2	0.0000309693
Blautia argi	1912897	S	2	0	2	0.0000309693
[Clostridium] hylemonae	89153	S	2	0	2	0.0000309693
Anaerocolumna sp. CTTW	2736602	S	2	0	2	0.0000309693
Clostridium sp. BNL1100	755731	S	2	0	2	0.0000309693
Clostridium sp. AWRP	2212991	S	2	0	2	0.0000309693
Clostridium tyrobutyricum	1519	S	2	0	2	0.0000309693
Clostridium taeniosporum	394958	S	2	0	2	0.0000309693
Clostridium chauvoei	46867	S	2	0	2	0.0000309693
Clostridium aceticum	84022	S	2	0	2	0.0000309693
Clostridium fermenticellae	2068654	S	2	0	2	0.0000309693
Candidatus Arthromitus sp. SFB-rat-Yit	1041504	S	2	0	2	0.0000309693
Alkaliphilus metalliredigens	208226	S	2	0	2	0.0000309693
Hungatella hathewayi	154046	S	2	0	2	0.0000309693
Hathewaya histolytica	1498	S	2	0	2	0.0000309693
Romboutsia hominis	1507512	S	2	0	2	0.0000309693
Filifactor alocis	143361	S	2	0	2	0.0000309693
Aminipila sp. JN-18	2507160	S	2	0	2	0.0000309693
Desulfitobacterium dehalogenans	36854	S	2	0	2	0.0000309693
Desulfitobacterium hafniense	49338	S	2	0	2	0.0000309693
Desulfitobacterium dichloroeliminans	233055	S	2	0	2	0.0000309693
Desulfosporosinus youngiae	339862	S	2	0	2	0.0000309693
Desulfallas gibsoniae	102134	S	2	0	2	0.0000309693
[Eubacterium] cellulosolvens	29322	S	2	0	2	0.0000309693
Heliobacterium modesticaldum	35701	S	2	0	2	0.0000309693
Syntrophothermus lipocalidus	86170	S	1	1	2	0.0000309693
Caldicellulosiruptor bescii	31899	S	1	1	2	0.0000309693
Thermodesulfobium acidiphilum	1794699	S	2	0	2	0.0000309693
Mahella australiensis	252966	S	2	0	2	0.0000309693
Halocella sp. SP3-1	2382161	S	2	0	2	0.0000309693
Selenomonas sp. oral taxon 126	712528	S	2	0	2	0.0000309693
Pectinatus frisingensis	865	S	2	0	2	0.0000309693
Acidaminococcus fermentans	905	S	2	0	2	0.0000309693
Veillonella nakazawae	2682456	S	2	0	2	0.0000309693
Erysipelatoclostridium ramosum	1547	S	2	0	2	0.0000309693
Erysipelothrix larvae	1514105	S	2	0	2	0.0000309693
Faecalibaculum rodentium	1702221	S	2	0	2	0.0000309693
Schnuerera ultunensis	45497	S	2	0	2	0.0000309693
Trichodesmium erythraeum	1206	S	2	0	2	0.0000309693
Microcoleus sp. PCC 7113	1173027	S	2	0	2	0.0000309693
Geitlerinema sp. PCC 7407	1173025	S	2	0	2	0.0000309693
Gloeocapsa sp. PCC 7428	1173026	S	2	0	2	0.0000309693
Microcystis sp. MC19	1967666	S	2	0	2	0.0000309693
Nostoc sp. TCL26-01	2576904	S	2	0	2	0.0000309693
Nostoc sp. UHCC 0702	2814655	S	2	0	2	0.0000309693
Calothrix sp. 336/3	1337936	S	2	0	2	0.0000309693
Calothrix sp. NIES-2100	1954172	S	1	1	2	0.0000309693
Sphaerospermopsis kisseleviana	289435	S	2	0	2	0.0000309693
Cylindrospermopsis curvispora	747548	S	1	1	2	0.0000309693
Raphidiopsis curvata	312883	S	1	1	2	0.0000309693
Synechococcus sp. CB0101	232348	S	2	0	2	0.0000309693
Synechococcus sp. BIOS-U3-1	1400865	S	2	0	2	0.0000309693
Synechococcus sp. PCC 7336	195250	S	2	0	2	0.0000309693
Synechococcus sp. NIES-970	1827144	S	2	0	2	0.0000309693
Synechococcus sp. SynAce01	1916956	S	2	0	2	0.0000309693
Synechococcus sp. WH 8020	32052	S	2	0	2	0.0000309693
Cyanobium sp. NS01	261284	S	2	0	2	0.0000309693
Leptolyngbya sp. PCC 7376	111781	S	2	0	2	0.0000309693
Leptolyngbya sp. NIES-3755	1752064	S	2	0	2	0.0000309693
Pleurocapsa minor	54308	S	2	0	2	0.0000309693
cyanobacterium endosymbiont of Rhopalodia gibberula	1763363	S	2	0	2	0.0000309693
Chroococcidiopsis thermalis	54299	S	2	0	2	0.0000309693
Gloeomargarita lithophora	1188228	S	2	0	2	0.0000309693
Mycoplasma mycoides	2102	S	1	1	2	0.0000309693
Mycoplasma canadense	29554	S	2	0	2	0.0000309693
Mycoplasma orale	2121	S	2	0	2	0.0000309693
Mycoplasma penetrans	28227	S	2	0	2	0.0000309693
Mycoplasma flocculare	2128	S	1	1	2	0.0000309693
Mycoplasma pullorum	48003	S	2	0	2	0.0000309693
Ureaplasma urealyticum	2130	S	2	0	2	0.0000309693
Candidatus Hepatoplasma crinochetorum	295596	S	2	0	2	0.0000309693
Spiroplasma corruscae	216934	S	2	0	2	0.0000309693
Spiroplasma tabanidicola	324079	S	2	0	2	0.0000309693
Spiroplasma taiwanense	2145	S	2	0	2	0.0000309693
Spiroplasma monobiae	2136	S	2	0	2	0.0000309693
Spiroplasma phoeniceum	47835	S	1	1	2	0.0000309693
Deinococcus sp. NW-56	2080419	S	2	0	2	0.0000309693
Marinithermus hydrothermalis	186192	S	2	0	2	0.0000309693
Dehalogenimonas lykanthroporepellens	552810	S	2	0	2	0.0000309693
Winogradskyella schleiferi	2686078	S	1	1	2	0.0000309693
Myroides profundi	480520	S	2	0	2	0.0000309693
Maribacter sp. MJ134	2496865	S	2	0	2	0.0000309693
Nonlabens sp. Hel1_33_55	1336802	S	2	0	2	0.0000309693
Nonlabens sp. SY33080	2719911	S	1	1	2	0.0000309693
Nonlabens spongiae	331648	S	2	0	2	0.0000309693
Formosa sp. L2A11	2686363	S	2	0	2	0.0000309693
Formosa agariphila	320324	S	2	0	2	0.0000309693
Muricauda lutaonensis	516051	S	2	0	2	0.0000309693
Algibacter sp. L3A6	2686366	S	2	0	2	0.0000309693
Oceanihabitans sp. IOP_32	2529032	S	2	0	2	0.0000309693
Gilvibacter sp. SZ-19	754429	S	2	0	2	0.0000309693
Aureitalea sp. RR4-38	2094025	S	2	0	2	0.0000309693
Croceibacter atlanticus	313588	S	2	0	2	0.0000309693
Leeuwenhoekiella sp. ZYFB001	2719912	S	2	0	2	0.0000309693
Chryseobacterium sp.	1871047	S	2	0	2	0.0000309693
Chryseobacterium nakagawai	1241982	S	1	1	2	0.0000309693
Elizabethkingia sp. JS20170427COW	2583851	S	2	0	2	0.0000309693
Apibacter sp. B3706	2656760	S	1	1	2	0.0000309693
Ornithobacterium rhinotracheale	28251	S	2	0	2	0.0000309693
Blattabacterium sp. (Blaberus giganteus)	1186051	S	2	0	2	0.0000309693
Bacteroides heparinolyticus	28113	S	2	0	2	0.0000309693
Bacteroides coprosuis	151276	S	2	0	2	0.0000309693
Phocaeicola salanitronis	376805	S	2	0	2	0.0000309693
Prevotella denticola	28129	S	2	0	2	0.0000309693
Prevotella melaninogenica	28132	S	2	0	2	0.0000309693
Prevotella enoeca	76123	S	2	0	2	0.0000309693
Prevotella fusca	589436	S	2	0	2	0.0000309693
Alloprevotella sp. E39	2133944	S	2	0	2	0.0000309693
Parabacteroides goldsteinii	328812	S	2	0	2	0.0000309693
Barnesiella viscericola	397865	S	2	0	2	0.0000309693
Porphyromonas asaccharolytica	28123	S	2	0	2	0.0000309693
Draconibacterium sp. M1	2706887	S	2	0	2	0.0000309693
Sphingobacterium thalpophilum	259	S	2	0	2	0.0000309693
Sphingobacterium psychroaquaticum	561061	S	2	0	2	0.0000309693
Spirosoma montaniterrae	1178516	S	2	0	2	0.0000309693
Spirosoma aerolatum	1211326	S	2	0	2	0.0000309693
Spirosoma endbachense	2666025	S	2	0	2	0.0000309693
Spirosoma taeanense	2735870	S	2	0	2	0.0000309693
Hymenobacter sp. PAMC 26628	1484118	S	2	0	2	0.0000309693
Hymenobacter qilianensis	1385715	S	2	0	2	0.0000309693
Hymenobacter swuensis	1446467	S	2	0	2	0.0000309693
Pontibacter akesuensis	388950	S	2	0	2	0.0000309693
Pontibacter pudoricolor	2694930	S	2	0	2	0.0000309693
Rufibacter tibetensis	512763	S	2	0	2	0.0000309693
Nibribacter ruber	2698458	S	2	0	2	0.0000309693
Echinicola sp. LN3S3	2591634	S	2	0	2	0.0000309693
Cyclobacterium marinum	104	S	2	0	2	0.0000309693
Chitinophaga sp. MD30	2033437	S	2	0	2	0.0000309693
Chitinophaga caeni	2029983	S	2	0	2	0.0000309693
Chlorobium limicola	1092	S	2	0	2	0.0000309693
Chlorobium phaeovibrioides	1094	S	1	1	2	0.0000309693
Prosthecochloris sp. CIB 2401	1868325	S	2	0	2	0.0000309693
Fibrobacter succinogenes	833	S	2	0	2	0.0000309693
Rosistilla oblonga	2527990	S	2	0	2	0.0000309693
Stieleria maiorica	2795974	S	2	0	2	0.0000309693
Rhodopirellula baltica	265606	S	2	0	2	0.0000309693
Gimesia maris	122	S	2	0	2	0.0000309693
Fuerstia marisgermanicae	1891926	S	2	0	2	0.0000309693
Coraliomargarita akajimensis	395922	S	2	0	2	0.0000309693
Methylacidimicrobium sp. AP8	2730359	S	2	0	2	0.0000309693
Neochlamydia sp. S13	1353976	S	2	0	2	0.0000309693
Simkania negevensis	83561	S	2	0	2	0.0000309693
Terriglobus albidus	1592106	S	2	0	2	0.0000309693
Treponema azotonutricium	150829	S	2	0	2	0.0000309693
Sphaerochaeta pleomorpha	1131707	S	2	0	2	0.0000309693
Salinispira pacifica	1307761	S	2	0	2	0.0000309693
Sediminispirochaeta smaragdinae	55206	S	2	0	2	0.0000309693
Borreliella burgdorferi	139	S	2	0	2	0.0000309693
Leptospira tipperaryensis	2564040	S	2	0	2	0.0000309693
Leptospira santarosai	28183	S	1	1	2	0.0000309693
Brachyspira hampsonii	1287055	S	2	0	2	0.0000309693
Fusobacterium pseudoperiodonticum	2663009	S	1	1	2	0.0000309693
Nitrospira japonica	1325564	S	2	0	2	0.0000309693
Dissulfurispira thermophila	2715679	S	2	0	2	0.0000309693
Fervidobacterium nodosum	2424	S	2	0	2	0.0000309693
Fervidobacterium pennivorans	93466	S	2	0	2	0.0000309693
Thermosipho sp. FR-w03	2814656	S	2	0	2	0.0000309693
Sulfurihydrogenibium sp. YO3AOP1	436114	S	2	0	2	0.0000309693
Deferribacter desulfuricans	197162	S	2	0	2	0.0000309693
Thermodesulfobacterium geofontis	1295609	S	2	0	2	0.0000309693
Desulfurispirillum indicum	936456	S	2	0	2	0.0000309693
Coprothermobacter proteolyticus	35786	S	2	0	2	0.0000309693
Methanosarcina sp. MTP4	1434100	S	1	1	2	0.0000309693
Methanosarcina flavescens	1715806	S	2	0	2	0.0000309693
Methanoregula boonei	358766	S	2	0	2	0.0000309693
Methanosphaerula palustris	475088	S	2	0	2	0.0000309693
Methanocella conradii	1175444	S	2	0	2	0.0000309693
Natronococcus occultus	29288	S	2	0	2	0.0000309693
Halosimplex litoreum	1198301	S	2	0	2	0.0000309693
Halorientalis sp. IM1011	1932360	S	2	0	2	0.0000309693
Halobacterium hubeiense	1407499	S	2	0	2	0.0000309693
Halalkalicoccus jeotgali	413810	S	2	0	2	0.0000309693
Halodesulfurarchaeum formicicum	1873524	S	2	0	2	0.0000309693
Halorubrum trapanicum	29284	S	2	0	2	0.0000309693
Halolamina sp. CBA1230	1853690	S	2	0	2	0.0000309693
Methanobrevibacter sp. YE315	1609968	S	2	0	2	0.0000309693
Methanobacterium sp. MZ-A1	1911685	S	1	1	2	0.0000309693
Thermococcus litoralis	2265	S	2	0	2	0.0000309693
Candidatus Nitrosopelagicus brevis	1410606	S	2	0	2	0.0000309693
Candidatus Nitrosocosmicus oleophilus	1353260	S	2	0	2	0.0000309693
Candidatus Nitrosocosmicus franklandus	1798806	S	2	0	2	0.0000309693
Vulcanisaeta moutnovskia	985052	S	1	1	2	0.0000309693
Propionibacterium virus PHL116M00	1982288	S	2	0	2	0.0000309693
Pseudomonas virus 73	1921545	S	2	0	2	0.0000309693
Mycobacterium phage Yuna	2599885	S	1	1	2	0.0000309693
Gordonia virus GAL1	2560493	S	2	0	2	0.0000309693
Streptomyces phage BRock	1913591	S	2	0	2	0.0000309693
Pseudomonas virus PMW	2560676	S	2	0	2	0.0000309693
Synechococcus virus AC2014fSyn7803C8	2734085	S	2	0	2	0.0000309693
Escherichia virus APECc02	2560438	S	2	0	2	0.0000309693
Rhodoferax phage P26218	1636270	S	2	0	2	0.0000309693
Pseudomonas virus Bjorn	2560658	S	2	0	2	0.0000309693
Curvibacter virus P26059B	2733926	S	2	0	2	0.0000309693
Murine leukemia-related retroviruses	99182	S	2	0	2	0.0000309693
Heliothis zea nudivirus	29250	S	2	0	2	0.0000309693
Burkholderia stabilis	95485	S	1	0	1	0.0000154847
Burkholderia metallica	488729	S	1	0	1	0.0000154847
Burkholderia seminalis	488731	S	1	0	1	0.0000154847
Burkholderia diffusa	488732	S	1	0	1	0.0000154847
Burkholderia oklahomensis	342113	S	1	0	1	0.0000154847
Burkholderia sp. MSMB617WGS	1637831	S	1	0	1	0.0000154847
Burkholderia sp. JP2-270	2217913	S	1	0	1	0.0000154847
Paraburkholderia sp. PGU19	2735434	S	1	0	1	0.0000154847
Paraburkholderia megapolitana	420953	S	1	0	1	0.0000154847
Paraburkholderia acidophila	265293	S	1	0	1	0.0000154847
Paraburkholderia hospita	169430	S	1	0	1	0.0000154847
Pandoraea sputorum	93222	S	1	0	1	0.0000154847
Alcaligenes sp. SORT26	2813780	S	1	0	1	0.0000154847
Oligella ureolytica	90244	S	1	0	1	0.0000154847
Taylorella asinigenitalis	84590	S	1	0	1	0.0000154847
Pelistega ratti	2652177	S	1	0	1	0.0000154847
Paenalcaligenes hominis	643674	S	1	0	1	0.0000154847
Aquitalea magnusonii	332411	S	1	0	1	0.0000154847
Chitinibacter sp. 2T18	2739434	S	1	0	1	0.0000154847
Neisseria sp. oral taxon 014	641148	S	1	0	1	0.0000154847
Neisseria wadsworthii	607711	S	1	0	1	0.0000154847
Neisseria subflava	28449	S	1	0	1	0.0000154847
Neisseria musculi	1815583	S	1	0	1	0.0000154847
Neisseria brasiliensis	2666100	S	1	0	1	0.0000154847
Neisseria zoodegmatis	326523	S	1	0	1	0.0000154847
Neisseria bacilliformis	267212	S	1	0	1	0.0000154847
Neisseria weaveri	28091	S	1	0	1	0.0000154847
Alysiella filiformis	194196	S	1	0	1	0.0000154847
Methylovorus glucosotrophus	266009	S	1	0	1	0.0000154847
Methylobacillus flagellatus	405	S	1	0	1	0.0000154847
Nitrosomonas europaea	915	S	1	0	1	0.0000154847
Candidatus Profftella armatura (Diaphorina cf. continua)	2661583	S	1	0	1	0.0000154847
Pseudomonas plecoglossicida	70775	S	1	0	1	0.0000154847
Pseudomonas sp. LAB-08	143813	S	1	0	1	0.0000154847
Pseudomonas sp. LBUM920	2126069	S	1	0	1	0.0000154847
Pseudomonas sp. RtIB026	2749999	S	1	0	1	0.0000154847
Pseudomonas sp. SK	2729423	S	1	0	1	0.0000154847
Pseudomonas sp. NS1(2017)	2025658	S	1	0	1	0.0000154847
Pseudomonas sp. MSPm1	2726956	S	1	0	1	0.0000154847
Pseudomonas sp. PDNC002	2811422	S	1	0	1	0.0000154847
Pseudomonas sp. IzPS59	2774459	S	1	0	1	0.0000154847
Pseudomonas sp. LPB0260	2614442	S	1	0	1	0.0000154847
Pseudomonas sp. TCU-HL1	1856685	S	1	0	1	0.0000154847
Pseudomonas sp. MYb193	1827300	S	1	0	1	0.0000154847
Pseudomonas sp. DY-1	1755504	S	1	0	1	0.0000154847
Pseudomonas corrugata	47879	S	1	0	1	0.0000154847
Pseudomonas mucidolens	46679	S	1	0	1	0.0000154847
Pseudomonas furukawaii	1149133	S	1	0	1	0.0000154847
Candidatus Pseudomonas adelgestsugas	1302376	S	1	0	1	0.0000154847
Pseudomonas saudiphocaensis	1499686	S	1	0	1	0.0000154847
Pseudomonas sihuiensis	1274359	S	1	0	1	0.0000154847
Pseudomonas reinekei	395598	S	1	0	1	0.0000154847
Acinetobacter venetianus	52133	S	1	0	1	0.0000154847
Moraxella nonliquefaciens	478	S	1	0	1	0.0000154847
Moraxella catarrhalis	480	S	1	0	1	0.0000154847
Moraxella cuniculi	34061	S	1	0	1	0.0000154847
Stenotrophomonas sp. ZAC14D2_NAIMI4_7	2072405	S	1	0	1	0.0000154847
Xanthomonas sp. SS	2724122	S	1	0	1	0.0000154847
Xanthomonas cucurbitae	56453	S	1	0	1	0.0000154847
Xanthomonas axonopodis	53413	S	1	0	1	0.0000154847
Xanthomonas albilineans	29447	S	1	0	1	0.0000154847
Dyella caseinilytica	1849581	S	1	0	1	0.0000154847
Aerosticca soli	2010829	S	1	0	1	0.0000154847
Klebsiella sp. BDA134-6	2787706	S	1	0	1	0.0000154847
Klebsiella quasivariicola	2026240	S	1	0	1	0.0000154847
Enterobacter chengduensis	2494701	S	1	0	1	0.0000154847
Enterobacter sp. 638	399742	S	1	0	1	0.0000154847
Enterobacter sp. RHBSTW-00175	2742639	S	1	0	1	0.0000154847
Enterobacter sp. JUb54	2724468	S	1	0	1	0.0000154847
Enterobacter sp. SA187	1914861	S	1	0	1	0.0000154847
Citrobacter tructae	2562449	S	1	0	1	0.0000154847
Escherichia fergusonii	564	S	1	0	1	0.0000154847
Escherichia albertii	208962	S	1	0	1	0.0000154847
Enterobacteriaceae endosymbiont of Donacia cinerea	2675774	S	1	0	1	0.0000154847
Enterobacteriaceae endosymbiont of Plateumaris rustica	2675796	S	1	0	1	0.0000154847
Enterobacteriaceae endosymbiont of Plateumaris braccata	2675793	S	1	0	1	0.0000154847
Enterobacteriaceae endosymbiont of Donacia provostii	2675781	S	1	0	1	0.0000154847
Enterobacteriaceae endosymbiont of Donacia thalassina	2675786	S	1	0	1	0.0000154847
Blochmannia endosymbiont of Camponotus (Colobopsis) obliquus	1505597	S	1	0	1	0.0000154847
secondary endosymbiont of Trabutina mannipara	1835721	S	1	0	1	0.0000154847
Candidatus Purcelliella pentastirinorum	472834	S	1	0	1	0.0000154847
Candidatus Gullanella endobia	1070130	S	1	0	1	0.0000154847
Buttiauxella agrestis	82977	S	1	0	1	0.0000154847
Cronobacter dublinensis	413497	S	1	0	1	0.0000154847
Cronobacter universalis	535744	S	1	0	1	0.0000154847
[Enterobacter] lignolyticus	1334193	S	1	0	1	0.0000154847
Candidatus Ishikawaella capsulata	168169	S	1	0	1	0.0000154847
Yokenella regensburgei	158877	S	1	0	1	0.0000154847
Serratia sp. FGI94	671990	S	1	0	1	0.0000154847
Serratia sp. KUDC3025	2597702	S	1	0	1	0.0000154847
Serratia sp. ATCC 39006	104623	S	1	0	1	0.0000154847
Serratia odorifera	618	S	1	0	1	0.0000154847
Yersinia ruckeri	29486	S	1	0	1	0.0000154847
Yersinia entomophaga	935293	S	1	0	1	0.0000154847
Ewingella americana	41202	S	1	0	1	0.0000154847
Gibbsiella quercinecans	929813	S	1	0	1	0.0000154847
Chania multitudinisentens	1639108	S	1	0	1	0.0000154847
Candidatus Fukatsuia symbiotica	1878942	S	1	0	1	0.0000154847
Nissabacter sp. SGAir0207	2126321	S	1	0	1	0.0000154847
Pantoea sp. At-9b	592316	S	1	0	1	0.0000154847
Candidatus Pantoea carbekii	1235990	S	1	0	1	0.0000154847
Erwinia sp. Ejp617	215689	S	1	0	1	0.0000154847
Erwinia persicina	55211	S	1	0	1	0.0000154847
Erwinia tasmaniensis	338565	S	1	0	1	0.0000154847
Tatumella sp. TA1	2487345	S	1	0	1	0.0000154847
Wigglesworthia glossinidia	51229	S	1	0	1	0.0000154847
Mixta calida	665913	S	1	0	1	0.0000154847
Proteus hauseri	183417	S	1	0	1	0.0000154847
Arsenophonus endosymbiont of Aleurodicus dispersus	235559	S	1	0	1	0.0000154847
Arsenophonus nasoniae	638	S	1	0	1	0.0000154847
Xenorhabdus nematophila	628	S	1	0	1	0.0000154847
Xenorhabdus bovienii	40576	S	1	0	1	0.0000154847
Xenorhabdus poinarii	40577	S	1	0	1	0.0000154847
Xenorhabdus budapestensis	290110	S	1	0	1	0.0000154847
Xenorhabdus hominickii	351679	S	1	0	1	0.0000154847
Morganella morganii	582	S	1	0	1	0.0000154847
Pectobacterium atrosepticum	29471	S	1	0	1	0.0000154847
Pectobacterium punjabense	2108399	S	1	0	1	0.0000154847
Lonsdalea populi	1172565	S	1	0	1	0.0000154847
Hafnia paralvei	546367	S	1	0	1	0.0000154847
Leminorella richardii	158841	S	1	0	1	0.0000154847
Sodalis endosymbiont of Henestaris halophilus	1929246	S	1	0	1	0.0000154847
Halomonas sp. SF2003	2136172	S	1	0	1	0.0000154847
Halomonas sp. SH5A2	2749040	S	1	0	1	0.0000154847
Halomonas sp. BC-M4-5	2497861	S	1	0	1	0.0000154847
Halomonas sp. N3-2A	2014541	S	1	0	1	0.0000154847
Halomonas sp. KO116	1504981	S	1	0	1	0.0000154847
Halomonas sp. HG01	1609967	S	1	0	1	0.0000154847
Halomonas meridiana	29570	S	1	0	1	0.0000154847
Halomonas subglaciescola	29571	S	1	0	1	0.0000154847
Halomonas chromatireducens	507626	S	1	0	1	0.0000154847
Kushneria marisflavi	157779	S	1	0	1	0.0000154847
Chromohalobacter salexigens	158080	S	1	0	1	0.0000154847
Marinomonas posidonica	936476	S	1	0	1	0.0000154847
Marinomonas algicola	2773454	S	1	0	1	0.0000154847
Hahella chejuensis	158327	S	1	0	1	0.0000154847
Oleiphilus messinensis	141451	S	1	0	1	0.0000154847
Endozoicomonas montiporae	1027273	S	1	0	1	0.0000154847
Aeromonas dhakensis	196024	S	1	0	1	0.0000154847
Aeromonas simiae	218936	S	1	0	1	0.0000154847
Pseudoalteromonas sp. DL-6	1390185	S	1	0	1	0.0000154847
Pseudoalteromonas sp. GCY	2003316	S	1	0	1	0.0000154847
Pseudoalteromonas atlantica	288	S	1	0	1	0.0000154847
Pseudoalteromonas shioyasakiensis	1190813	S	1	0	1	0.0000154847
Pseudoalteromonas xiamenensis	882626	S	1	0	1	0.0000154847
Pseudoalteromonas arabiensis	874454	S	1	0	1	0.0000154847
Pseudoalteromonas viridis	339617	S	1	0	1	0.0000154847
Pseudoalteromonas aliena	247523	S	1	0	1	0.0000154847
Pseudoalteromonas ruthenica	151081	S	1	0	1	0.0000154847
Pseudoalteromonas piscicida	43662	S	1	0	1	0.0000154847
Psychrosphaera sp. MTZ26	2820710	S	1	0	1	0.0000154847
Shewanella sp. FJAT-51800	2814294	S	1	0	1	0.0000154847
Shewanella sp. FJAT-52962	2814293	S	1	0	1	0.0000154847
Shewanella sp. LZH-2	2806008	S	1	0	1	0.0000154847
Shewanella aestuarii	1028752	S	1	0	1	0.0000154847
Shewanella halifaxensis	271098	S	1	0	1	0.0000154847
Shewanella decolorationis	256839	S	1	0	1	0.0000154847
Shewanella denitrificans	192073	S	1	0	1	0.0000154847
Shewanella violacea	60217	S	1	0	1	0.0000154847
Shewanella benthica	43661	S	1	0	1	0.0000154847
Parashewanella spongiae	342950	S	1	0	1	0.0000154847
Parashewanella tropica	2547970	S	1	0	1	0.0000154847
Marinobacter sp. LV10R510-11A	1415568	S	1	0	1	0.0000154847
Marinobacter sp. JH2	2547598	S	1	0	1	0.0000154847
Marinobacter salinus	1874317	S	1	0	1	0.0000154847
Alteromonas naphthalenivorans	715451	S	1	0	1	0.0000154847
Paraglaciecola mesophila	197222	S	1	0	1	0.0000154847
Salinimonas sp. G2-b	2785918	S	1	0	1	0.0000154847
Colwellia psychrerythraea	28229	S	1	0	1	0.0000154847
Litorilituus sediminis	718192	S	1	0	1	0.0000154847
Thalassotalea sp. HSM 43	2552945	S	1	0	1	0.0000154847
Idiomarina sp. OT37-5b	2100422	S	1	0	1	0.0000154847
Psychromonas ingrahamii	357794	S	1	0	1	0.0000154847
Psychromonas sp. CNPT3	314282	S	1	0	1	0.0000154847
Thioalkalivibrio paradoxus	108010	S	1	0	1	0.0000154847
Spiribacter curvatus	1335757	S	1	0	1	0.0000154847
Ectothiorhodospira haloalkaliphila	421628	S	1	0	1	0.0000154847
Vibrio azureus	512649	S	1	0	1	0.0000154847
Vibrio owensii	696485	S	1	0	1	0.0000154847
Vibrio sp. HDW18	2714948	S	1	0	1	0.0000154847
Vibrio cholerae	666	S	1	0	1	0.0000154847
Vibrio tritonius	1435069	S	1	0	1	0.0000154847
Vibrio alfacsensis	1074311	S	1	0	1	0.0000154847
Vibrio mediterranei	689	S	1	0	1	0.0000154847
Vibrio kanaloae	170673	S	1	0	1	0.0000154847
Aliivibrio salmonicida	40269	S	1	0	1	0.0000154847
Teredinibacter turnerae	2426	S	1	0	1	0.0000154847
Microbulbifer sp. GL-2	2591606	S	1	0	1	0.0000154847
Spongiibacter sp. IMCC21906	1620392	S	1	0	1	0.0000154847
Spongiibacter sp. CSC3.9	2794344	S	1	0	1	0.0000154847
Oceanicoccus sagamiensis	716816	S	1	0	1	0.0000154847
Zhongshania aliphaticivorans	1470434	S	1	0	1	0.0000154847
Legionella israelensis	454	S	1	0	1	0.0000154847
Legionella jordanis	456	S	1	0	1	0.0000154847
Legionella geestiana	45065	S	1	0	1	0.0000154847
Legionella clemsonensis	1867846	S	1	0	1	0.0000154847
Candidatus Coxiella mudrowiae	2054173	S	1	0	1	0.0000154847
[Haemophilus] ducreyi	730	S	1	0	1	0.0000154847
Actinobacillus succinogenes	67854	S	1	0	1	0.0000154847
Actinobacillus porcitonsillarum	189834	S	1	0	1	0.0000154847
Mannheimia bovis	2770636	S	1	0	1	0.0000154847
Rodentibacter sp. DSM 111151	2778911	S	1	0	1	0.0000154847
Basfia succiniciproducens	653940	S	1	0	1	0.0000154847
Methylophaga frappieri	754477	S	1	0	1	0.0000154847
Thiosulfativibrio zosterae	2675053	S	1	0	1	0.0000154847
Thiosulfatimonas sediminis	2675054	S	1	0	1	0.0000154847
Francisella sp. FSC1006	1547445	S	1	0	1	0.0000154847
Methylomonas sp. LW13	107637	S	1	0	1	0.0000154847
Methylococcus capsulatus	414	S	1	0	1	0.0000154847
Candidatus Methylospira mobilis	1808979	S	1	0	1	0.0000154847
Bathymodiolus thermophilus thioautotrophic gill symbiont	2360	S	1	0	1	0.0000154847
endosymbiont of Sipalinus gigas	1972134	S	1	0	1	0.0000154847
Gallaecimonas mangrovi	2291597	S	1	0	1	0.0000154847
Bradyrhizobium sp. CCBAU 53338	1325111	S	1	0	1	0.0000154847
Nitrobacter winogradskyi	913	S	1	0	1	0.0000154847
Methylobacterium sp. 17Sr1-1	2202826	S	1	0	1	0.0000154847
Rhizobium sp. NZLR1	2731096	S	1	0	1	0.0000154847
Rhizobium sp. CIAT894	2020312	S	1	0	1	0.0000154847
Rhizobium jaguaris	1312183	S	1	0	1	0.0000154847
Rhizobium rosettiformans	1368430	S	1	0	1	0.0000154847
Agrobacterium fabrum	1176649	S	1	0	1	0.0000154847
Agrobacterium sp. CGMCC 11546	2579248	S	1	0	1	0.0000154847
Agrobacterium sp. T29	2580515	S	1	0	1	0.0000154847
Sinorhizobium sp. BG8	2613773	S	1	0	1	0.0000154847
Ensifer alkalisoli	1752398	S	1	0	1	0.0000154847
Candidatus Liberibacter solanacearum	556287	S	1	0	1	0.0000154847
Ciceribacter thiooxidans	1969821	S	1	0	1	0.0000154847
Mesorhizobium sp. 131-2-1	2744518	S	1	0	1	0.0000154847
Mesorhizobium sp. M8A.F.Ca.ET.057.01.1.1	2493679	S	1	0	1	0.0000154847
Mesorhizobium sp. M1A.F.Ca.IN.022.06.1.1	2493680	S	1	0	1	0.0000154847
Mesorhizobium sp. M1B.F.Ca.ET.045.04.1.1	2493673	S	1	0	1	0.0000154847
Mesorhizobium sp. NZP2077	2483404	S	1	0	1	0.0000154847
Aminobacter sp. MSH1	374606	S	1	0	1	0.0000154847
Hoeflea sp. IMCC20628	1620421	S	1	0	1	0.0000154847
Lentilitoribacter sp. Alg239-R112	2305987	S	1	0	1	0.0000154847
Salaquimonas pukyongi	2712698	S	1	0	1	0.0000154847
Devosia sp. MC521	2759954	S	1	0	1	0.0000154847
Pelagibacterium halotolerans	531813	S	1	0	1	0.0000154847
Starkeya novella	921	S	1	0	1	0.0000154847
Pseudovibrio sp. FO-BEG1	911045	S	1	0	1	0.0000154847
Bartonella vinsonii	33047	S	1	0	1	0.0000154847
Bartonella alsatica	52764	S	1	0	1	0.0000154847
Bartonella ancashensis	1318743	S	1	0	1	0.0000154847
Bartonella bacilliformis	774	S	1	0	1	0.0000154847
Breoghania sp. L-A4	2304600	S	1	0	1	0.0000154847
Sphingomonas sp. sand1-3	2764186	S	1	0	1	0.0000154847
Sphingomonas daechungensis	1176646	S	1	0	1	0.0000154847
Sphingorhabdus sp. YGSMI21	2077182	S	1	0	1	0.0000154847
Parasphingopyxis sp. CP4	2724527	S	1	0	1	0.0000154847
Altererythrobacter sp. BO-6	2604537	S	1	0	1	0.0000154847
Altererythrobacter atlanticus	1267766	S	1	0	1	0.0000154847
Sulfitobacter sp. SK012	1389005	S	1	0	1	0.0000154847
Sulfitobacter sp. THAF37	2587855	S	1	0	1	0.0000154847
Sulfitobacter mediterraneus	83219	S	1	0	1	0.0000154847
Roseovarius sp. THAF27	2587850	S	1	0	1	0.0000154847
Roseovarius mucosus	215743	S	1	0	1	0.0000154847
Celeribacter baekdonensis	875171	S	1	0	1	0.0000154847
Octadecabacter antarcticus	1217908	S	1	0	1	0.0000154847
Octadecabacter temperatus	1458307	S	1	0	1	0.0000154847
Marinovum algicola	42444	S	1	0	1	0.0000154847
Maribius sp. THAF1	2587842	S	1	0	1	0.0000154847
Pseudohalocynthiibacter aestuariivivens	1591409	S	1	0	1	0.0000154847
Halocynthiibacter arcticus	1579316	S	1	0	1	0.0000154847
Azospirillum thiophilum	528244	S	1	0	1	0.0000154847
Magnetospirillum sp. ME-1	1639348	S	1	0	1	0.0000154847
Acetobacter persici	1076596	S	1	0	1	0.0000154847
Komagataeibacter hansenii	436	S	1	0	1	0.0000154847
Komagataeibacter saccharivorans	265959	S	1	0	1	0.0000154847
Granulibacter bethesdensis	364410	S	1	0	1	0.0000154847
Oecophyllibacter saccharovorans	2558360	S	1	0	1	0.0000154847
Candidatus Phycorickettsia trachydisci	2115978	S	1	0	1	0.0000154847
Wolbachia endosymbiont of Dirofilaria (Dirofilaria) immitis	1812115	S	1	0	1	0.0000154847
Wolbachia endosymbiont of Folsomia candida	169402	S	1	0	1	0.0000154847
Ehrlichia canis	944	S	1	0	1	0.0000154847
Candidatus Midichloria mitochondrii	234827	S	1	0	1	0.0000154847
Glycocaulis alkaliphilus	1434191	S	1	0	1	0.0000154847
Arcobacter anaerophilus	877500	S	1	0	1	0.0000154847
Malaciobacter pacificus	1080223	S	1	0	1	0.0000154847
Campylobacter sp. 2014D-0216	1813595	S	1	0	1	0.0000154847
Campylobacter lanienae	75658	S	1	0	1	0.0000154847
Campylobacter iguaniorum	1244531	S	1	0	1	0.0000154847
Campylobacter corcagiensis	1448857	S	1	0	1	0.0000154847
Campylobacter lari	201	S	1	0	1	0.0000154847
Campylobacter insulaenigrae	260714	S	1	0	1	0.0000154847
Campylobacter blaseri	2042961	S	1	0	1	0.0000154847
Campylobacter armoricus	2505970	S	1	0	1	0.0000154847
Campylobacter coli	195	S	1	0	1	0.0000154847
Sulfurospirillum deleyianum	65553	S	1	0	1	0.0000154847
Helicobacter cinaedi	213	S	1	0	1	0.0000154847
Helicobacter suis	104628	S	1	0	1	0.0000154847
Helicobacter typhlonius	76936	S	1	0	1	0.0000154847
Helicobacter bizzozeronii	56877	S	1	0	1	0.0000154847
Hydrogenimonas urashimensis	2740515	S	1	0	1	0.0000154847
Desulfovibrio marinus	370038	S	1	0	1	0.0000154847
Candidatus Desulfovibrio trichonymphae	1725232	S	1	0	1	0.0000154847
Pseudodesulfovibrio mercurii	641491	S	1	0	1	0.0000154847
Pseudodesulfovibrio cashew	2678688	S	1	0	1	0.0000154847
Maridesulfovibrio salexigens	880	S	1	0	1	0.0000154847
Desulfuromonas soudanensis	1603606	S	1	0	1	0.0000154847
Desulfatibacillum aliphaticivorans	218208	S	1	0	1	0.0000154847
Desulfobulbus oligotrophicus	1909699	S	1	0	1	0.0000154847
Desulfobulbus oralis	1986146	S	1	0	1	0.0000154847
Desulfotalea psychrophila	84980	S	1	0	1	0.0000154847
Desulfomonile tiedjei	2358	S	1	0	1	0.0000154847
Desulfobacca acetoxidans	60893	S	1	0	1	0.0000154847
Bradymonas sediminis	1548548	S	1	0	1	0.0000154847
Halobacteriovorax marinus	97084	S	1	0	1	0.0000154847
Hydrogenophilus thermoluteolus	297	S	1	0	1	0.0000154847
Tessaracoccus flavus	1610493	S	1	0	1	0.0000154847
Acidipropionibacterium virtanenii	2057246	S	1	0	1	0.0000154847
Propionimicrobium sp. Marseille-P3275	1871034	S	1	0	1	0.0000154847
Pseudopropionibacterium propionicum	1750	S	1	0	1	0.0000154847
Nocardioides sambongensis	2589074	S	1	0	1	0.0000154847
Curtobacterium sp. MR_MD2014	1561023	S	1	0	1	0.0000154847
Curtobacterium sp. BH-2-1-1	1905847	S	1	0	1	0.0000154847
Microbacterium oryzae	743009	S	1	0	1	0.0000154847
Microbacterium hydrocarbonoxydans	273678	S	1	0	1	0.0000154847
Rathayibacter tritici	33888	S	1	0	1	0.0000154847
Clavibacter sp. DM1	2768071	S	1	0	1	0.0000154847
Cryobacterium arcticum	670052	S	1	0	1	0.0000154847
Cryobacterium sp. LW097	1978566	S	1	0	1	0.0000154847
Microcella alkaliphila	279828	S	1	0	1	0.0000154847
Luteipulveratus mongoliensis	571913	S	1	0	1	0.0000154847
Kocuria sp. TGY1127_2	2711328	S	1	0	1	0.0000154847
Kocuria sp. TGY1120_3	2711329	S	1	0	1	0.0000154847
Kocuria sp. KD4	2719588	S	1	0	1	0.0000154847
Arthrobacter sp. PAMC 25486	1494608	S	1	0	1	0.0000154847
Arthrobacter sp. 24S4-2	2575374	S	1	0	1	0.0000154847
Arthrobacter sp. U41	1849032	S	1	0	1	0.0000154847
Arthrobacter sp. ERGS1:01	1704044	S	1	0	1	0.0000154847
Arthrobacter sp. QXT-31	1357915	S	1	0	1	0.0000154847
Rothia nasimurium	85336	S	1	0	1	0.0000154847
Rothia terrae	396015	S	1	0	1	0.0000154847
Glutamicibacter halophytocola	1933880	S	1	0	1	0.0000154847
Pseudarthrobacter sp. NIBRBAC000502772	2590775	S	1	0	1	0.0000154847
Zhihengliuella sp. ISTPL4	2058657	S	1	0	1	0.0000154847
Psychromicrobium lacuslunae	1618207	S	1	0	1	0.0000154847
Phycicoccus endophyticus	1690220	S	1	0	1	0.0000154847
Intrasporangium calvum	53358	S	1	0	1	0.0000154847
Brevibacterium sp. 'Marine'	2725563	S	1	0	1	0.0000154847
Brevibacterium oceani	358099	S	1	0	1	0.0000154847
Brevibacterium siliguriense	1136497	S	1	0	1	0.0000154847
Brachybacterium avium	2017485	S	1	0	1	0.0000154847
Paraoerskovia marina	545619	S	1	0	1	0.0000154847
Xylanimonas cellulosilytica	186189	S	1	0	1	0.0000154847
Jonesia denitrificans	43674	S	1	0	1	0.0000154847
Corynebacterium sp. 1864	2820399	S	1	0	1	0.0000154847
Corynebacterium sp. Marseille-Q3630	2754725	S	1	0	1	0.0000154847
Corynebacterium sp. ZJ-599	2709394	S	1	0	1	0.0000154847
Corynebacterium sp. 4H37-19	2684405	S	1	0	1	0.0000154847
Corynebacterium provencense	1737425	S	1	0	1	0.0000154847
Corynebacterium liangguodongii	2079535	S	1	0	1	0.0000154847
Corynebacterium renale	1724	S	1	0	1	0.0000154847
Corynebacterium pelargi	1471400	S	1	0	1	0.0000154847
Corynebacterium pseudotuberculosis	1719	S	1	0	1	0.0000154847
Corynebacterium rouxii	2719119	S	1	0	1	0.0000154847
Corynebacterium cystitidis	35757	S	1	0	1	0.0000154847
Corynebacterium aquilae	203263	S	1	0	1	0.0000154847
Corynebacterium imitans	156978	S	1	0	1	0.0000154847
Corynebacterium casei	160386	S	1	0	1	0.0000154847
Corynebacterium camporealensis	161896	S	1	0	1	0.0000154847
Corynebacterium atypicum	191610	S	1	0	1	0.0000154847
Corynebacterium frankenforstense	1230998	S	1	0	1	0.0000154847
Corynebacterium maris	575200	S	1	0	1	0.0000154847
Corynebacterium epidermidicanis	1050174	S	1	0	1	0.0000154847
Rhodococcus sp. WAY2	2663121	S	1	0	1	0.0000154847
Rhodococcus ruber	1830	S	1	0	1	0.0000154847
Rhodococcus triatomae	300028	S	1	0	1	0.0000154847
Nocardia wallacei	480035	S	1	0	1	0.0000154847
Nocardia yunnanensis	2382165	S	1	0	1	0.0000154847
Mycolicibacterium sp. CBMA 213	1968788	S	1	0	1	0.0000154847
Mycolicibacterium sp. LJ126	2761578	S	1	0	1	0.0000154847
Mycolicibacterium vaccae	1810	S	1	0	1	0.0000154847
Mycolicibacterium psychrotolerans	216929	S	1	0	1	0.0000154847
Mycolicibacterium pulveris	36813	S	1	0	1	0.0000154847
Mycolicibacterium moriokaense	39691	S	1	0	1	0.0000154847
Mycolicibacterium anyangense	1431246	S	1	0	1	0.0000154847
Mycobacterium stomatepiae	470076	S	1	0	1	0.0000154847
Mycobacterium seoulense	386911	S	1	0	1	0.0000154847
Mycobacterium basiliense	2094119	S	1	0	1	0.0000154847
Mycobacterium shinjukuense	398694	S	1	0	1	0.0000154847
Mycobacterium lacus	169765	S	1	0	1	0.0000154847
Mycobacterium xenopi	1789	S	1	0	1	0.0000154847
Mycobacterium haemophilum	29311	S	1	0	1	0.0000154847
Mycobacteroides immunogenum	83262	S	1	0	1	0.0000154847
Mycobacteroides saopaulense	1578165	S	1	0	1	0.0000154847
Gordonia sp. PDNC005	2811424	S	1	0	1	0.0000154847
Gordonia phthalatica	1136941	S	1	0	1	0.0000154847
Streptomyces sp. S063	2005885	S	1	0	1	0.0000154847
Streptomyces sp. CMB-StM0423	2059884	S	1	0	1	0.0000154847
Streptomyces sp. 2323.1	1938841	S	1	0	1	0.0000154847
Streptomyces sp. 11-1-2	1851167	S	1	0	1	0.0000154847
Streptomyces sp. SN-593	659352	S	1	0	1	0.0000154847
Streptomyces sp. Rer75	2750011	S	1	0	1	0.0000154847
Streptomyces sp. SirexAA-E	862751	S	1	0	1	0.0000154847
Streptomyces sp. TN58	234612	S	1	0	1	0.0000154847
Streptomyces sp. jing01	2726118	S	1	0	1	0.0000154847
Streptomyces sp. 769	1262452	S	1	0	1	0.0000154847
Streptomyces sp. SCSIO 3032	1264596	S	1	0	1	0.0000154847
Streptomyces sp. ID38640	1265399	S	1	0	1	0.0000154847
Streptomyces sp. RPA4-5	2721245	S	1	0	1	0.0000154847
Streptomyces sp. DSM 40868	2721173	S	1	0	1	0.0000154847
Streptomyces sp. ADI95-16	1522758	S	1	0	1	0.0000154847
Streptomyces sp. S4.7	2705439	S	1	0	1	0.0000154847
Streptomyces sp. GS7	2692234	S	1	0	1	0.0000154847
Streptomyces sp. S8	1837283	S	1	0	1	0.0000154847
Streptomyces qaidamensis	1783515	S	1	0	1	0.0000154847
Streptomyces clavuligerus	1901	S	1	0	1	0.0000154847
Streptomyces koyangensis	188770	S	1	0	1	0.0000154847
Streptomyces rectiverticillatus	173860	S	1	0	1	0.0000154847
Streptomyces actuosus	1885	S	1	0	1	0.0000154847
Streptomyces paludis	2282738	S	1	0	1	0.0000154847
Streptomyces capitiformicae	2014920	S	1	0	1	0.0000154847
Streptomyces davaonensis	348043	S	1	0	1	0.0000154847
Streptomyces spongiicola	1690221	S	1	0	1	0.0000154847
Streptomyces xiamenensis	408015	S	1	0	1	0.0000154847
Streptomyces gilvosporeus	553510	S	1	0	1	0.0000154847
Streptomyces globisporus	1908	S	1	0	1	0.0000154847
Streptomyces leeuwenhoekii	1437453	S	1	0	1	0.0000154847
Streptomyces pratensis	1169025	S	1	0	1	0.0000154847
Streptomyces ferrugineus	1413221	S	1	0	1	0.0000154847
Streptomyces coeruleorubidus	116188	S	1	0	1	0.0000154847
Streptomyces finlayi	67296	S	1	0	1	0.0000154847
Streptomyces hawaiiensis	67305	S	1	0	1	0.0000154847
Streptomyces lincolnensis	1915	S	1	0	1	0.0000154847
Streptomyces viridosporus	67581	S	1	0	1	0.0000154847
Streptomyces subrutilus	36818	S	1	0	1	0.0000154847
Streptomyces glomeroaurantiacus	68210	S	1	0	1	0.0000154847
Kitasatospora setae	2066	S	1	0	1	0.0000154847
Bifidobacterium actinocoloniiforme	638619	S	1	0	1	0.0000154847
Bifidobacterium eulemuris	1765219	S	1	0	1	0.0000154847
Micromonospora terminaliae	1914461	S	1	0	1	0.0000154847
Micromonospora tulbaghiae	479978	S	1	0	1	0.0000154847
Micromonospora viridifaciens	1881	S	1	0	1	0.0000154847
Micromonospora narathiwatensis	299146	S	1	0	1	0.0000154847
Phytohabitans flavus	1076124	S	1	0	1	0.0000154847
Plantactinospora sp. BC1	2108470	S	1	0	1	0.0000154847
Amycolatopsis sp. BJA-103	1911175	S	1	0	1	0.0000154847
Amycolatopsis orientalis	31958	S	1	0	1	0.0000154847
Pseudonocardia autotrophica	2074	S	1	0	1	0.0000154847
Allokutzneria albata	211114	S	1	0	1	0.0000154847
Actinomyces sp. ZJ34	2722820	S	1	0	1	0.0000154847
Actinomyces sp. HMT897	2789424	S	1	0	1	0.0000154847
Actinomyces israelii	1659	S	1	0	1	0.0000154847
Actinomyces slackii	52774	S	1	0	1	0.0000154847
Actinomyces gaoshouyii	1960083	S	1	0	1	0.0000154847
Trueperella bialowiezensis	312285	S	1	0	1	0.0000154847
Arcanobacterium haemolyticum	28264	S	1	0	1	0.0000154847
Mobiluncus curtisii	2051	S	1	0	1	0.0000154847
Winkia sp. C64	2692125	S	1	0	1	0.0000154847
Pauljensenia hongkongensis	178339	S	1	0	1	0.0000154847
Frankia sp. QA3	710111	S	1	0	1	0.0000154847
Frankia casuarinae	106370	S	1	0	1	0.0000154847
Actinopolyspora erythraea	414996	S	1	0	1	0.0000154847
Epidermidibacterium keratini	1891644	S	1	0	1	0.0000154847
Jatrophihabitans sp. GAS493	1907575	S	1	0	1	0.0000154847
Olsenella sp. oral taxon 807	712411	S	1	0	1	0.0000154847
Parolsenella catena	2003188	S	1	0	1	0.0000154847
Cryptobacterium curtum	84163	S	1	0	1	0.0000154847
Arabia massiliensis	1870985	S	1	0	1	0.0000154847
Berryella intestinalis	1531429	S	1	0	1	0.0000154847
Egibacter rhizosphaerae	1670831	S	1	0	1	0.0000154847
Streptococcus sp. oral taxon 061	712623	S	1	0	1	0.0000154847
Streptococcus sp. oral taxon 431	712633	S	1	0	1	0.0000154847
Streptococcus sp. NPS 308	1902136	S	1	0	1	0.0000154847
Streptococcus ferus	1345	S	1	0	1	0.0000154847
Lactococcus taiwanensis	1151742	S	1	0	1	0.0000154847
Lactobacillus terrae	2269374	S	1	0	1	0.0000154847
Weissella koreensis	165096	S	1	0	1	0.0000154847
Weissella cryptocerci	2506420	S	1	0	1	0.0000154847
Ligilactobacillus salivarius	1624	S	1	0	1	0.0000154847
Latilactobacillus fuchuensis	164393	S	1	0	1	0.0000154847
Companilactobacillus alimentarius	1602	S	1	0	1	0.0000154847
Companilactobacillus paralimentarius	83526	S	1	0	1	0.0000154847
Companilactobacillus ginsenosidimutans	1007676	S	1	0	1	0.0000154847
Companilactobacillus pabuli	2714036	S	1	0	1	0.0000154847
Fructilactobacillus sanfranciscensis	1625	S	1	0	1	0.0000154847
Pediococcus acidilactici	1254	S	1	0	1	0.0000154847
Oenococcus oeni	1247	S	1	0	1	0.0000154847
Oenococcus sp. UCMA 16435	2259623	S	1	0	1	0.0000154847
Lentilactobacillus hilgardii	1588	S	1	0	1	0.0000154847
Enterococcus mundtii	53346	S	1	0	1	0.0000154847
Enterococcus rotai	118060	S	1	0	1	0.0000154847
Vagococcus carniphilus	218144	S	1	0	1	0.0000154847
Tetragenococcus osmophilus	526944	S	1	0	1	0.0000154847
Melissococcus plutonius	33970	S	1	0	1	0.0000154847
Jeotgalibaca dankookensis	708126	S	1	0	1	0.0000154847
Jeotgalibaca ciconiae	2496265	S	1	0	1	0.0000154847
Carnobacterium sp. CS13	2800128	S	1	0	1	0.0000154847
Aerococcus christensenii	87541	S	1	0	1	0.0000154847
Staphylococcus felis	46127	S	1	0	1	0.0000154847
Staphylococcus agnetis	985762	S	1	0	1	0.0000154847
Staphylococcus sp. 17KM0847	2583989	S	1	0	1	0.0000154847
Staphylococcus condimenti	70255	S	1	0	1	0.0000154847
Staphylococcus debuckii	2044912	S	1	0	1	0.0000154847
Staphylococcus pseudoxylosus	2282419	S	1	0	1	0.0000154847
Mammaliicoccus lentus	42858	S	1	0	1	0.0000154847
Mammaliicoccus vitulinus	71237	S	1	0	1	0.0000154847
Salinicoccus halodurans	407035	S	1	0	1	0.0000154847
Bacillus mycoides	1405	S	1	0	1	0.0000154847
Bacillus sp. PAMC26568	2760090	S	1	0	1	0.0000154847
Bacillus sp. FJAT-22090	1581038	S	1	0	1	0.0000154847
Bacillus sp. Cs-700	2589818	S	1	0	1	0.0000154847
Bacillus sp. HD4P25	2779776	S	1	0	1	0.0000154847
Bacillus atrophaeus	1452	S	1	0	1	0.0000154847
Bacillus oleronius	38875	S	1	0	1	0.0000154847
Bacillus cohnii	33932	S	1	0	1	0.0000154847
Bacillus methanolicus	1471	S	1	0	1	0.0000154847
Bacillus ciccensis	1670641	S	1	0	1	0.0000154847
Bacillus vini	1476025	S	1	0	1	0.0000154847
Peribacillus muralis	264697	S	1	0	1	0.0000154847
Priestia flexa	86664	S	1	0	1	0.0000154847
Priestia filamentosa	1402861	S	1	0	1	0.0000154847
Virgibacillus sp. MSP4-1	2700081	S	1	0	1	0.0000154847
Pontibacillus sp. ALD_SL1	2777185	S	1	0	1	0.0000154847
Metabacillus sp. KUDC1714	2745198	S	1	0	1	0.0000154847
Metabacillus sp. cB07	2806989	S	1	0	1	0.0000154847
Metabacillus litoralis	152268	S	1	0	1	0.0000154847
Alkalihalobacillus pseudofirmus	79885	S	1	0	1	0.0000154847
Alkalihalobacillus halodurans	86665	S	1	0	1	0.0000154847
Cytobacillus oceanisediminis	665099	S	1	0	1	0.0000154847
Cytobacillus kochii	859143	S	1	0	1	0.0000154847
Fictibacillus arsenicus	255247	S	1	0	1	0.0000154847
Fictibacillus phosphorivorans	1221500	S	1	0	1	0.0000154847
Salicibibacter kimchii	2099786	S	1	0	1	0.0000154847
Salicibibacter halophilus	2502791	S	1	0	1	0.0000154847
Neobacillus cucumis	1740721	S	1	0	1	0.0000154847
Mesobacillus foraminis	279826	S	1	0	1	0.0000154847
Lederbergia lentus	1467	S	1	0	1	0.0000154847
Weizmannia coagulans	1398	S	1	0	1	0.0000154847
Caldibacillus thermoamylovorans	35841	S	1	0	1	0.0000154847
Aeribacillus pallidus	33936	S	1	0	1	0.0000154847
Paenibacillus sp. UniB2	2726185	S	1	0	1	0.0000154847
Paenibacillus sp. HB172198	2565926	S	1	0	1	0.0000154847
Paenibacillus sp. BIHB4019	1870819	S	1	0	1	0.0000154847
Paenibacillus sp. 32O-W	1695218	S	1	0	1	0.0000154847
Paenibacillus sp. FSL H7-0737	1536775	S	1	0	1	0.0000154847
Paenibacillus sp. FSL R7-0273	1536772	S	1	0	1	0.0000154847
Paenibacillus sp. URB8-2	2741301	S	1	0	1	0.0000154847
Paenibacillus riograndensis	483937	S	1	0	1	0.0000154847
Paenibacillus albus	2495582	S	1	0	1	0.0000154847
Paenibacillus chitinolyticus	79263	S	1	0	1	0.0000154847
Paenibacillus protaetiae	2509456	S	1	0	1	0.0000154847
Paenibacillus antarcticus	253703	S	1	0	1	0.0000154847
Paenibacillus guangzhouensis	1473112	S	1	0	1	0.0000154847
Paenibacillus donghaensis	414771	S	1	0	1	0.0000154847
Paenibacillus yonginensis	1462996	S	1	0	1	0.0000154847
Brevibacillus sp. SCSIO 07484	2496837	S	1	0	1	0.0000154847
Brevibacillus brevis	1393	S	1	0	1	0.0000154847
Brevibacillus agri	51101	S	1	0	1	0.0000154847
Saccharibacillus brassicae	2583377	S	1	0	1	0.0000154847
Planococcus rifietoensis	200991	S	1	0	1	0.0000154847
Planococcus versutus	1302659	S	1	0	1	0.0000154847
Tumebacillus algifaecis	1214604	S	1	0	1	0.0000154847
Listeria ivanovii	1638	S	1	0	1	0.0000154847
Listeria sp. PSOL-1	1844999	S	1	0	1	0.0000154847
Exiguobacterium sp. Helios	2735868	S	1	0	1	0.0000154847
Exiguobacterium antarcticum	132920	S	1	0	1	0.0000154847
Exiguobacterium mexicanum	340146	S	1	0	1	0.0000154847
Kroppenstedtia pulmonis	1380685	S	1	0	1	0.0000154847
Anaerostipes caccae	105841	S	1	0	1	0.0000154847
Anaerostipes rhamnosivorans	1229621	S	1	0	1	0.0000154847
Butyrivibrio hungatei	185008	S	1	0	1	0.0000154847
Pseudobutyrivibrio xylanivorans	185007	S	1	0	1	0.0000154847
Oscillibacter valericigenes	351091	S	1	0	1	0.0000154847
Acetivibrio clariflavus	288965	S	1	0	1	0.0000154847
Acetivibrio saccincola	1677857	S	1	0	1	0.0000154847
Ruminiclostridium cellulolyticum	1521	S	1	0	1	0.0000154847
Mageeibacillus indolicus	884684	S	1	0	1	0.0000154847
Caproiciproducens sp. 7D4C2	2721621	S	1	0	1	0.0000154847
Clostridium sp. JN-9	2507159	S	1	0	1	0.0000154847
Clostridium cellulovorans	1493	S	1	0	1	0.0000154847
Clostridium gasigenes	94869	S	1	0	1	0.0000154847
Clostridium kluyveri	1534	S	1	0	1	0.0000154847
Clostridium cochlearium	1494	S	1	0	1	0.0000154847
Clostridium butyricum	1492	S	1	0	1	0.0000154847
Caloramator sp. E03	2576307	S	1	0	1	0.0000154847
Caloranaerobacter azorensis	116090	S	1	0	1	0.0000154847
Paraclostridium bifermentans	1490	S	1	0	1	0.0000154847
Paeniclostridium sordellii	1505	S	1	0	1	0.0000154847
Aminipila sp. CBA3637	2697030	S	1	0	1	0.0000154847
Desulfitobacterium metallireducens	142877	S	1	0	1	0.0000154847
Desulfosporosinus meridiei	79209	S	1	0	1	0.0000154847
Desulfofarcimen acetoxidans	58138	S	1	0	1	0.0000154847
Eubacterium callanderi	53442	S	1	0	1	0.0000154847
Symbiobacterium thermophilum	2734	S	1	0	1	0.0000154847
Caldicellulosiruptor sp. YA01	2806205	S	1	0	1	0.0000154847
Thermoanaerobacterium thermosaccharolyticum	1517	S	1	0	1	0.0000154847
Thermoanaerobacterium xylanolyticum	29329	S	1	0	1	0.0000154847
Thermodesulfobium narugense	184064	S	1	0	1	0.0000154847
Moorella glycerini	55779	S	1	0	1	0.0000154847
Halanaerobium praevalens	2331	S	1	0	1	0.0000154847
Halothermothrix orenii	31909	S	1	0	1	0.0000154847
Anoxybacter fermentans	1323375	S	1	0	1	0.0000154847
Koleobacter methoxysyntrophicus	2751313	S	1	0	1	0.0000154847
Megamonas hypermegale	158847	S	1	0	1	0.0000154847
Veillonella rodentium	248315	S	1	0	1	0.0000154847
Dialister pneumosintes	39950	S	1	0	1	0.0000154847
Erysipelothrix piscisicarius	2485784	S	1	0	1	0.0000154847
Intestinibaculum porci	2487118	S	1	0	1	0.0000154847
Anaerococcus obesiensis	1287640	S	1	0	1	0.0000154847
Anaerococcus mediterraneensis	1870984	S	1	0	1	0.0000154847
Gudongella oleilytica	1582259	S	1	0	1	0.0000154847
endosymbiont 'TC1' of Trimyema compressum	243899	S	1	0	1	0.0000154847
Limnochorda pilosa	1555112	S	1	0	1	0.0000154847
Crinalium epipsammum	241425	S	1	0	1	0.0000154847
Gloeothece verrucosa	2546359	S	1	0	1	0.0000154847
Nostoc sp. NIES-4103	2005458	S	1	0	1	0.0000154847
Nostoc linckia	92942	S	1	0	1	0.0000154847
Synechococcus sp. A15-24	1050635	S	1	0	1	0.0000154847
Synechococcus sp. A15-62	1050657	S	1	0	1	0.0000154847
Synechococcus sp. KORDI-49	585423	S	1	0	1	0.0000154847
Synechococcus sp. KORDI-100	1280380	S	1	0	1	0.0000154847
Synechococcus sp. CBW1004	1353136	S	1	0	1	0.0000154847
Synechococcus sp. PROS-U-1	1400866	S	1	0	1	0.0000154847
Synechococcus sp. BMK-MC-1	1442551	S	1	0	1	0.0000154847
Synechococcus sp. RSCCF101	2511069	S	1	0	1	0.0000154847
Synechococcus sp. WH 8101	59932	S	1	0	1	0.0000154847
Synechococcus sp. CC9605	110662	S	1	0	1	0.0000154847
Synechococcus lividus	33070	S	1	0	1	0.0000154847
Thermosynechococcus elongatus	146786	S	1	0	1	0.0000154847
Pseudanabaena sp. PCC 7367	82654	S	1	0	1	0.0000154847
Leptolyngbya sp. BL0902	1115757	S	1	0	1	0.0000154847
Mycoplasma sp. 1654_15	2725994	S	1	0	1	0.0000154847
Mycoplasma dispar	86660	S	1	0	1	0.0000154847
Mycoplasma wenyonii	65123	S	1	0	1	0.0000154847
Mycoplasma suis	57372	S	1	0	1	0.0000154847
Mycoplasma ovis	171632	S	1	0	1	0.0000154847
Mycoplasma nasistruthionis	353852	S	1	0	1	0.0000154847
Mycoplasma haemofelis	29501	S	1	0	1	0.0000154847
Mycoplasma salivarium	2124	S	1	0	1	0.0000154847
Mycoplasma putrefaciens	2123	S	1	0	1	0.0000154847
Mycoplasma mobile	2118	S	1	0	1	0.0000154847
Mycoplasma iowae	2116	S	1	0	1	0.0000154847
Mycoplasma struthionis	538220	S	1	0	1	0.0000154847
Mycoplasma parvum	984991	S	1	0	1	0.0000154847
Mycoplasma tullyi	1612150	S	1	0	1	0.0000154847
Mycoplasma felis	33923	S	1	0	1	0.0000154847
Mycoplasma glycophilum	171285	S	1	0	1	0.0000154847
Mycoplasma citelli	171281	S	1	0	1	0.0000154847
Mycoplasma anatis	171279	S	1	0	1	0.0000154847
Mycoplasma phocirhinis	142650	S	1	0	1	0.0000154847
Mycoplasma maculosum	114885	S	1	0	1	0.0000154847
Mycoplasma edwardii	53558	S	1	0	1	0.0000154847
Mycoplasma arginini	2094	S	1	0	1	0.0000154847
Mycoplasma canis	29555	S	1	0	1	0.0000154847
Mycoplasma bovigenitalium	2112	S	1	0	1	0.0000154847
Mycoplasma agalactiae	2110	S	1	0	1	0.0000154847
Ureaplasma parvum	134821	S	1	0	1	0.0000154847
Spiroplasma sp. TIUS-1	216963	S	1	0	1	0.0000154847
Spiroplasma sp. BIUS-1	216964	S	1	0	1	0.0000154847
Spiroplasma syrphidicola	216945	S	1	0	1	0.0000154847
Spiroplasma diminutum	216936	S	1	0	1	0.0000154847
Spiroplasma sabaudiense	216944	S	1	0	1	0.0000154847
Spiroplasma litorale	216942	S	1	0	1	0.0000154847
Mesoplasma entomophilum	2149	S	1	0	1	0.0000154847
Mesoplasma lactucae	138853	S	1	0	1	0.0000154847
Mesoplasma chauliocola	216427	S	1	0	1	0.0000154847
Entomoplasma freundtii	74700	S	1	0	1	0.0000154847
Entomoplasma somnilux	215578	S	1	0	1	0.0000154847
Acholeplasma hippikon	264636	S	1	0	1	0.0000154847
Candidatus Phytoplasma australiense	59748	S	1	0	1	0.0000154847
Deinococcus sp. AJ005	2652443	S	1	0	1	0.0000154847
Deinococcus ficus	317577	S	1	0	1	0.0000154847
Deinococcus maricopensis	309887	S	1	0	1	0.0000154847
Meiothermus ruber	277	S	1	0	1	0.0000154847
Meiothermus taiwanensis	172827	S	1	0	1	0.0000154847
Thermus brockianus	56956	S	1	0	1	0.0000154847
Roseiflexus sp. RS-1	357808	S	1	0	1	0.0000154847
Chloroflexus aggregans	152260	S	1	0	1	0.0000154847
Thermomicrobium roseum	500	S	1	0	1	0.0000154847
Capnocytophaga sp. FDAARGOS_737	2545799	S	1	0	1	0.0000154847
Nonlabens sp. MB-3u-79	2058134	S	1	0	1	0.0000154847
Cellulophaga sp. L1A9	2686362	S	1	0	1	0.0000154847
Muricauda ruestringensis	111501	S	1	0	1	0.0000154847
Gramella echinicola	279359	S	1	0	1	0.0000154847
Gramella forsetii	411153	S	1	0	1	0.0000154847
Gramella flava	1486245	S	1	0	1	0.0000154847
Gramella salexigens	1913577	S	1	0	1	0.0000154847
Gramella sp. MAR_2010_147	1250205	S	1	0	1	0.0000154847
Dokdonia sp. MED134	313590	S	1	0	1	0.0000154847
Dokdonia sp. 4H-3-7-5	983548	S	1	0	1	0.0000154847
Altibacter sp. ALE3EI	2562285	S	1	0	1	0.0000154847
Antarcticibacterium arcticum	2585771	S	1	0	1	0.0000154847
Amniculibacterium sp. G2-70	2767188	S	1	0	1	0.0000154847
Muriicola sp. MMS17-SY002	2507538	S	1	0	1	0.0000154847
Flagellimonas maritima	1383885	S	1	0	1	0.0000154847
Sediminicola sp. YIK13	1453352	S	1	0	1	0.0000154847
Arenibacter algicola	616991	S	1	0	1	0.0000154847
Robiginitalea biformata	252307	S	1	0	1	0.0000154847
Chryseobacterium sp. G0162	2487063	S	1	0	1	0.0000154847
Chryseobacterium sp. SNU WT5	2594269	S	1	0	1	0.0000154847
Chryseobacterium sp. POL2	2713414	S	1	0	1	0.0000154847
Chryseobacterium taklimakanense	536441	S	1	0	1	0.0000154847
Elizabethkingia meningoseptica	238	S	1	0	1	0.0000154847
Empedobacter stercoris	1628248	S	1	0	1	0.0000154847
Blattabacterium sp. (Cryptocercus kyebangensis)	298656	S	1	0	1	0.0000154847
Blattabacterium sp. (Blattella germanica)	624186	S	1	0	1	0.0000154847
Blattabacterium sp. DPU	2715232	S	1	0	1	0.0000154847
Ichthyobacterium seriolicida	242600	S	1	0	1	0.0000154847
Prevotella sp. oral taxon 299	652716	S	1	0	1	0.0000154847
Prevotella scopos	589437	S	1	0	1	0.0000154847
Alistipes sp. dk3624	2662363	S	1	0	1	0.0000154847
Petrimonas mucosa	1642646	S	1	0	1	0.0000154847
Muribaculum gordoncarteri	2530390	S	1	0	1	0.0000154847
Porphyromonas gingivalis	837	S	1	0	1	0.0000154847
Tenuifilum thalassicum	2590900	S	1	0	1	0.0000154847
Sphingobacterium sp. dk4302	2662364	S	1	0	1	0.0000154847
Sphingobacterium hotanense	649196	S	1	0	1	0.0000154847
Mucilaginibacter sp. F39-2	2728022	S	1	0	1	0.0000154847
Mucilaginibacter paludis	423351	S	1	0	1	0.0000154847
Anseongella ginsenosidimutans	496056	S	1	0	1	0.0000154847
Hymenobacter sp. S2-20-2	2761579	S	1	0	1	0.0000154847
Hymenobacter oligotrophus	2319843	S	1	0	1	0.0000154847
Hymenobacter russus	2724192	S	1	0	1	0.0000154847
Pontibacter russatus	2694929	S	1	0	1	0.0000154847
Rufibacter radiotolerans	1379910	S	1	0	1	0.0000154847
Echinicola strongylocentroti	1795355	S	1	0	1	0.0000154847
Echinicola rosea	1807691	S	1	0	1	0.0000154847
Cyclobacterium amurskyense	320787	S	1	0	1	0.0000154847
Chryseolinea soli	2321403	S	1	0	1	0.0000154847
Candidatus Amoebophilus asiaticus	281120	S	1	0	1	0.0000154847
Chitinophaga sp. XS-30	2604421	S	1	0	1	0.0000154847
Chitinophaga alhagiae	2203219	S	1	0	1	0.0000154847
Rhodothermus marinus	29549	S	1	0	1	0.0000154847
Pelodictyon phaeoclathratiforme	34090	S	1	0	1	0.0000154847
Chlorobaculum tepidum	1097	S	1	0	1	0.0000154847
Chlorobaculum parvum	274539	S	1	0	1	0.0000154847
Prosthecochloris sp. GSB1	281093	S	1	0	1	0.0000154847
Prosthecochloris sp. HL-130-GSB	1974213	S	1	0	1	0.0000154847
Prosthecochloris aestuarii	1102	S	1	0	1	0.0000154847
Ignavibacterium album	591197	S	1	0	1	0.0000154847
Melioribacter roseus	1134405	S	1	0	1	0.0000154847
Mariniblastus fucicola	980251	S	1	0	1	0.0000154847
Bythopirellula goksoyri	1400387	S	1	0	1	0.0000154847
Gimesia algae	2527971	S	1	0	1	0.0000154847
Gimesia chilikensis	2605989	S	1	0	1	0.0000154847
Rubinisphaera brasiliensis	119	S	1	0	1	0.0000154847
Sedimentisphaera salicampi	1941349	S	1	0	1	0.0000154847
Methylacidimicrobium sp. B4	2796139	S	1	0	1	0.0000154847
Chlamydia abortus	83555	S	1	0	1	0.0000154847
Chlamydia pneumoniae	83558	S	1	0	1	0.0000154847
Chlamydia suis	83559	S	1	0	1	0.0000154847
Chlamydia gallinacea	1457153	S	1	0	1	0.0000154847
Candidatus Vampirococcus archaeovorus	1930593	S	1	0	1	0.0000154847
Terriglobus saanensis	870903	S	1	0	1	0.0000154847
Edaphobacter sp. 12200R-103	2703788	S	1	0	1	0.0000154847
Chloracidobacterium thermophilum	458033	S	1	0	1	0.0000154847
Treponema phagedenis	162	S	1	0	1	0.0000154847
Treponema brennaborense	81028	S	1	0	1	0.0000154847
Treponema primitia	88058	S	1	0	1	0.0000154847
Treponema ruminis	744515	S	1	0	1	0.0000154847
Treponema sp. Marseille-Q4132	2766701	S	1	0	1	0.0000154847
Spirochaeta africana	46355	S	1	0	1	0.0000154847
Thiospirochaeta perfilievii	252967	S	1	0	1	0.0000154847
Borreliella afzelii	29518	S	1	0	1	0.0000154847
Borreliella garinii	29519	S	1	0	1	0.0000154847
Borreliella bissettiae	64897	S	1	0	1	0.0000154847
Candidatus Borrelia tachyglossi	1964448	S	1	0	1	0.0000154847
Borrelia hermsii	140	S	1	0	1	0.0000154847
Borrelia parkeri	141	S	1	0	1	0.0000154847
Borrelia duttonii	40834	S	1	0	1	0.0000154847
Leptospira kmetyi	408139	S	1	0	1	0.0000154847
Brachyspira intermedia	84377	S	1	0	1	0.0000154847
Leptotrichia shahii	157691	S	1	0	1	0.0000154847
Leptotrichia hongkongensis	554406	S	1	0	1	0.0000154847
Streptobacillus moniliformis	34105	S	1	0	1	0.0000154847
Pseudoleptotrichia goodfellowii	157692	S	1	0	1	0.0000154847
Fusobacterium gonidiaformans	849	S	1	0	1	0.0000154847
Ilyobacter polytropus	167642	S	1	0	1	0.0000154847
Candidatus Bipolaricaulis anaerobius	2026885	S	1	0	1	0.0000154847
Aminomonas paucivorans	81412	S	1	0	1	0.0000154847
Thermanaerovibrio acidaminovorans	81462	S	1	0	1	0.0000154847
Aminobacterium colombiense	81468	S	1	0	1	0.0000154847
Jonquetella anthropi	428712	S	1	0	1	0.0000154847
Fretibacterium fastidiosum	651822	S	1	0	1	0.0000154847
Nitrospira moscoviensis	42253	S	1	0	1	0.0000154847
Petrotoga mobilis	69499	S	1	0	1	0.0000154847
Sulfurihydrogenibium azorense	309806	S	1	0	1	0.0000154847
Thermocrinis ruber	75906	S	1	0	1	0.0000154847
Candidatus Endomicrobium trichonymphae	1408204	S	1	0	1	0.0000154847
Endomicrobium proavitum	1408281	S	1	0	1	0.0000154847
Elusimicrobium minutum	423605	S	1	0	1	0.0000154847
Calditerrivibrio nitroreducens	477976	S	1	0	1	0.0000154847
Thermosulfuriphilus ammonigenes	1936021	S	1	0	1	0.0000154847
Methanolobus zinderi	536044	S	1	0	1	0.0000154847
Methanosalsum zhilinae	39669	S	1	0	1	0.0000154847
Methanoculleus marisnigri	2198	S	1	0	1	0.0000154847
Methanoplanus limicola	2315	S	1	0	1	0.0000154847
Methanocella arvoryzae	1175445	S	1	0	1	0.0000154847
Haloterrigena turkmenica	62320	S	1	0	1	0.0000154847
Haloterrigena daqingensis	588898	S	1	0	1	0.0000154847
Haloterrigena sp. YPL8	1699371	S	1	0	1	0.0000154847
Natrinema pallidum	69527	S	1	0	1	0.0000154847
Natrinema sp. YPL30	1710539	S	1	0	1	0.0000154847
Halovivax ruber	387341	S	1	0	1	0.0000154847
Natrarchaeobaculum sulfurireducens	2044521	S	1	0	1	0.0000154847
Haloarcula marismortui	2238	S	1	0	1	0.0000154847
Haloarcula taiwanensis	1932004	S	1	0	1	0.0000154847
Natronomonas moolapensis	416273	S	1	0	1	0.0000154847
Halorhabdus tiamatea	430914	S	1	0	1	0.0000154847
Salarchaeum sp. JOR-1	2599399	S	1	0	1	0.0000154847
Halorubrum sp. PV6	634157	S	1	0	1	0.0000154847
Halorubrum sp. CBA1229	1853699	S	1	0	1	0.0000154847
Halorubrum lacusprofundi	2247	S	1	0	1	0.0000154847
Salinigranum rubrum	755307	S	1	0	1	0.0000154847
Halogeometricum borinquense	60847	S	1	0	1	0.0000154847
Haloplanus rubicundus	1547898	S	1	0	1	0.0000154847
Halalkaliarchaeum desulfuricum	2055893	S	1	0	1	0.0000154847
Methanothermobacter thermautotrophicus	145262	S	1	0	1	0.0000154847
Methanosphaera stadtmanae	2317	S	1	0	1	0.0000154847
Methanococcus maripaludis	39152	S	1	0	1	0.0000154847
Methanococcus aeolicus	42879	S	1	0	1	0.0000154847
Methanocaldococcus vulcanius	73913	S	1	0	1	0.0000154847
Thermococcus sp. AM4	246969	S	1	0	1	0.0000154847
Thermococcus onnurineus	342948	S	1	0	1	0.0000154847
Thermococcus siculi	72803	S	1	0	1	0.0000154847
Thermococcus barophilus	55802	S	1	0	1	0.0000154847
Thermococcus profundus	49899	S	1	0	1	0.0000154847
Archaeoglobus profundus	84156	S	1	0	1	0.0000154847
Candidatus Nitrosotenuis cloacae	1603555	S	1	0	1	0.0000154847
Nitrosopumilus ureiphilus	1470067	S	1	0	1	0.0000154847
Candidatus Nitrosopumilus sp. SW	2508726	S	1	0	1	0.0000154847
Thermofilum pendens	2269	S	1	0	1	0.0000154847
Sulfolobus sp. E5-1-F	2663019	S	1	0	1	0.0000154847
Sulfurisphaera tokodaii	111955	S	1	0	1	0.0000154847
Staphylothermus hellenicus	84599	S	1	0	1	0.0000154847
Aeropyrum pernix	56636	S	1	0	1	0.0000154847
Candidatus Methanomassiliicoccus intestinalis	1406512	S	1	0	1	0.0000154847
Thermoplasma acidophilum	2303	S	1	0	1	0.0000154847
Aciduliprofundum boonei	379547	S	1	0	1	0.0000154847
Candidatus Prometheoarchaeum syntrophicum	2594042	S	1	0	1	0.0000154847
Flavobacterium phage vB_FspS_hattifnatt9-1	2686246	S	1	0	1	0.0000154847
Streptomyces phage Gilson	2488789	S	1	0	1	0.0000154847
Propionibacterium phage QueenBey	1654782	S	1	0	1	0.0000154847
Propionibacterium virus P91	1982260	S	1	0	1	0.0000154847
Propionibacterium virus Attacne	1982254	S	1	0	1	0.0000154847
Pseudomonas virus Ab26	1921547	S	1	0	1	0.0000154847
Mycobacterium virus Larva	1056831	S	1	0	1	0.0000154847
Caulobacter virus CcrSC	2734193	S	1	0	1	0.0000154847
Streptomyces virus TP1604	1982746	S	1	0	1	0.0000154847
Streptomyces virus YDN12	1982747	S	1	0	1	0.0000154847
Salmonella phage TS13	2500149	S	1	0	1	0.0000154847
Dinoroseobacter virus D5C	2560407	S	1	0	1	0.0000154847
Pseudomonas virus PMBT3	2734251	S	1	0	1	0.0000154847
Enterococcus virus EF3	2560420	S	1	0	1	0.0000154847
Salmonella virus Sasha	2734275	S	1	0	1	0.0000154847
Lactobacillus virus Ld25A	1981024	S	1	0	1	0.0000154847
Gordonia virus Yvonnetastic	2560514	S	1	0	1	0.0000154847
Mycobacterium phage ThulaThula	2599880	S	1	0	1	0.0000154847
Alteromonas phage vB_AmeM_PT11-V22	2704031	S	1	0	1	0.0000154847
Erwinia virus Ea35-70	1984778	S	1	0	1	0.0000154847
Synechococcus virus SSKS1	2734116	S	1	0	1	0.0000154847
Escherichia virus 121Q	2560436	S	1	0	1	0.0000154847
Ralstonia virus RSL1	1980923	S	1	0	1	0.0000154847
Streptomyces phage FlowerPower	2182408	S	1	0	1	0.0000154847
Pseudomonas phage PA11	347327	S	1	0	1	0.0000154847
Saimiriine alphaherpesvirus 1	10353	S	1	0	1	0.0000154847
Equid alphaherpesvirus 1	10326	S	1	0	1	0.0000154847
Murid betaherpesvirus 1	10366	S	1	0	1	0.0000154847
Suid gammaherpesvirus 4	1960250	S	1	0	1	0.0000154847
Ranid herpesvirus 2	389214	S	1	0	1	0.0000154847
Orpheovirus IHUMI-LCC2	2023057	S	1	0	1	0.0000154847
Heterosigma akashiwo virus 01	97195	S	1	0	1	0.0000154847
Mythimna separata entomopoxvirus	1179664	S	1	0	1	0.0000154847
African swine fever virus	10497	S	1	0	1	0.0000154847
Pandoravirus dulcis	1349409	S	1	0	1	0.0000154847
Salisaeta icosahedral phage 1	1183239	S	1	0	1	0.0000154847
Mollivirus sibericum	1678078	S	1	0	1	0.0000154847
Spodoptera frugiperda multiple nucleopolyhedrovirus	10455	S	1	0	1	0.0000154847
Agrotis ipsilon multiple nucleopolyhedrovirus	208013	S	1	0	1	0.0000154847
Lambdina fiscellaria nucleopolyhedrovirus	1642929	S	1	0	1	0.0000154847
Murine leukemia virus	11786	S	1	0	1	0.0000154847
Ophiostoma mitovirus 4	88387	S	1	0	1	0.0000154847
Drosophila innubila nudivirus	2057187	S	1	0	1	0.0000154847
Cotesia congregata bracovirus	39640	S	1	0	1	0.0000154847
Candidatus Kinetoplastibacterium crithidii	33056	S	1	-1	0	0.0000000000
Azotobacter vinelandii	354	S	2	-2	0	0.0000000000
Dickeya paradisiaca	69223	S	2	-2	0	0.0000000000
Fluoribacter dumoffii	463	S	3	-3	0	0.0000000000
Afipia carboxidovorans	40137	S	7	-7	0	0.0000000000
Rhodospirillum rubrum	1085	S	4	-4	0	0.0000000000
Rickettsia canadensis	788	S	1	-1	0	0.0000000000
Campylobacter subantarcticus	497724	S	1	-1	0	0.0000000000
Desulfosarcina ovata	83564	S	2	-2	0	0.0000000000
Tropheryma whipplei	2039	S	1	-1	0	0.0000000000
Paenibacillus mucilaginosus	61624	S	4	-4	0	0.0000000000
Acetivibrio thermocellus	1515	S	3	-3	0	0.0000000000
Rippkaea orientalis	2546366	S	1	-1	0	0.0000000000
Nodularia spumigena	70799	S	2	-2	0	0.0000000000
Chloroflexus aurantiacus	1108	S	2	-2	0	0.0000000000
Tannerella forsythia	28112	S	3	-3	0	0.0000000000
Spirochaeta thermophila	154	S	1	-1	0	0.0000000000
Borreliella valaisiana	62088	S	1	-1	0	0.0000000000
Borrelia anserina	143	S	1	-1	0	0.0000000000
Brachyspira pilosicoli	52584	S	1	-1	0	0.0000000000
