name	taxonomy_id	taxonomy_lvl	kraken_assigned_reads	added_reads	new_est_reads	fraction_total_reads
Diaphorobacter sp. HDW4A	2714924	S	121566	8310	129876	0.6803602018
Cutibacterium acnes	1747	S	3572	296	3868	0.0202626602
Diaphorobacter aerolatus	1288495	S	1963	191	2154	0.0112838082
Klebsiella pneumoniae	573	S	1109	657	1766	0.0092512559
Acinetobacter junii	40215	S	1329	211	1540	0.0080673466
Acidovorax sp. JS42	232721	S	228	836	1064	0.0055738031
Dermacoccus nishinomiyaensis	1274	S	788	101	889	0.0046570592
Diaphorobacter sp. HDW4B	2714925	S	816	12	828	0.0043375084
Anabaena sp. YBS01	2490939	S	31	682	713	0.0037350767
Rhodococcus qingshengii	334542	S	103	531	634	0.0033212323
Xanthomonas euvesicatoria	456327	S	48	514	562	0.0029440577
Acidovorax sp. KKS102	358220	S	468	70	538	0.0028183328
Ralstonia pickettii	329	S	455	45	500	0.0026192684
Acidovorax sp. JMULE5	2518343	S	429	42	471	0.0024673508
Variovorax boronicumulans	436515	S	326	132	458	0.0023992498
Delftia lacustris	558537	S	217	208	425	0.0022263781
Diaphorobacter ruginosibacter	1715720	S	406	6	412	0.0021582772
Alicycliphilus denitrificans	179636	S	296	109	405	0.0021216074
Rhodococcus erythropolis	1833	S	80	273	353	0.0018492035
Variovorax paradoxus	34073	S	304	43	347	0.0018177723
Nostoc carneum	374162	S	49	273	322	0.0016868088
Comamonas testosteroni	285	S	237	78	315	0.0016501391
Pseudomonas aeruginosa	287	S	111	190	301	0.0015767996
Pseudomonas sp. MRSN12121	1611770	S	176	123	299	0.0015663225
Moraxella osloensis	34062	S	276	10	286	0.0014982215
Janthinobacterium sp. HH102	1537274	S	105	170	275	0.0014405976
Variovorax sp. PMC12	2126319	S	8	263	271	0.0014196435
Pseudomonas sp. CMR12a	658629	S	185	64	249	0.0013043957
Lysobacter enzymogenes	69	S	225	21	246	0.0012886800
Ottowia oryzae	2109914	S	229	6	235	0.0012310561
Stenotrophomonas maltophilia	40324	S	145	88	233	0.0012205791
Priestia megaterium	1404	S	196	36	232	0.0012153405
Bradyrhizobium sp. BTAi1	288000	S	196	24	220	0.0011524781
Janthinobacterium agaricidamnosum	55508	S	90	118	208	0.0010896156
Variovorax sp. 38R	2774875	S	134	73	207	0.0010843771
Delftia acidovorans	80866	S	147	52	199	0.0010424688
Rhodococcus sp. YL-1	1045808	S	38	155	193	0.0010110376
Hydrogenophaga pseudoflava	47421	S	166	25	191	0.0010005605
Spirosoma sp. KUDC1026	2745947	S	179	6	185	0.0009691293
Propionibacterium sp. oral taxon 193	671223	S	156	28	184	0.0009638908
Pseudomonas fluorescens	294	S	140	42	182	0.0009534137
Kocuria rhizophila	72000	S	141	40	181	0.0009481752
Flavobacterium phage vB_FspS_filifjonk9-1	2686245	S	60	117	177	0.0009272210
Xanthomonas arboricola	56448	S	115	58	173	0.0009062669
Micrococcus luteus	1270	S	88	85	173	0.0009062669
Acinetobacter baumannii	470	S	36	135	171	0.0008957898
Sphingobacterium multivorum	28454	S	81	89	170	0.0008905513
Streptomyces lividans	1916	S	19	148	167	0.0008748356
Acidovorax carolinensis	553814	S	145	19	164	0.0008591200
Paenarthrobacter sp. YJN-D	2735317	S	143	21	164	0.0008591200
Rhodococcus sp. NJ-530	2490853	S	28	131	159	0.0008329273
Cloacibacterium normanense	237258	S	133	20	153	0.0008014961
Acidovorax sp. 1608163	2478662	S	139	7	146	0.0007648264
Limnohabitans sp. 63ED37-2	1678128	S	142	3	145	0.0007595878
Achromobacter xylosoxidans	85698	S	105	38	143	0.0007491108
Variovorax sp. PAMC26660	2762322	S	132	9	141	0.0007386337
Comamonas aquatica	225991	S	132	7	139	0.0007281566
Acidovorax sp. RAC01	1842533	S	120	16	136	0.0007124410
Microbacterium sp. PM5	2014534	S	120	13	133	0.0006967254
Comamonas thiooxydans	363952	S	89	43	132	0.0006914869
Janthinobacterium sp. LM6	1938606	S	94	36	130	0.0006810098
Escherichia coli	562	S	23	107	130	0.0006810098
Sphingobium yanoikuyae	13690	S	63	65	128	0.0006705327
Flavobacterium virus Fpv1	2560475	S	1	124	125	0.0006548171
Acidovorax sp. T1	1858609	S	86	38	124	0.0006495786
Polynucleobacter difficilis	556054	S	122	2	124	0.0006495786
Pseudomonas tolaasii	29442	S	113	11	124	0.0006495786
Halomonas sp. JS92-SW72	2306583	S	117	7	124	0.0006495786
Rhodoferax koreense	1842727	S	113	8	121	0.0006338629
Rhizobacter sp. AJA081-3	2753607	S	108	11	119	0.0006233859
Aquabacterium olei	1296669	S	108	7	115	0.0006024317
Delftia sp. Cs1-4	742013	S	71	42	113	0.0005919547
Kinneretia sp. DAIF2	2714952	S	110	1	111	0.0005814776
Pseudomonas putida	303	S	75	36	111	0.0005814776
Hydrogenophaga sp. NH-16	2184519	S	78	27	105	0.0005500464
Diaphorobacter sp. JS3051	2792224	S	20	84	104	0.0005448078
Paucibacter sp. KCTC 42545	1768242	S	97	5	102	0.0005343308
Urbifossiella limnaea	2528023	S	93	9	102	0.0005343308
Cupriavidus basilensis	68895	S	92	7	99	0.0005186151
Methylorubrum populi	223967	S	74	25	99	0.0005186151
Sphingomonas melonis	152682	S	33	66	99	0.0005186151
Rhodoferax sp. AJA081-3	2752316	S	95	3	98	0.0005133766
Xanthomonas campestris	339	S	98	0	98	0.0005133766
Ralstonia solanacearum	305	S	86	11	97	0.0005081381
Variovorax sp. PAMC 28711	1795631	S	88	1	89	0.0004662298
Burkholderia vietnamiensis	60552	S	28	61	89	0.0004662298
Rhodoferax sediminis	2509614	S	86	2	88	0.0004609912
Janthinobacterium sp. 1_2014MBL_MicDiv	1644131	S	74	14	88	0.0004609912
Staphylococcus capitis	29388	S	77	11	88	0.0004609912
Gordonia bronchialis	2054	S	80	6	86	0.0004505142
Flavobacterium psychrophilum	96345	S	71	15	86	0.0004505142
Comamonas koreensis	160825	S	80	4	84	0.0004400371
Pedobacter sp. HDW13	2714940	S	71	13	84	0.0004400371
Curvibacter sp. AEP1-3	1844971	S	83	0	83	0.0004347986
Sphaerotilus natans	34103	S	75	8	83	0.0004347986
Clostridium botulinum	1491	S	60	23	83	0.0004347986
Acidovorax avenae	80867	S	70	11	81	0.0004243215
Methylobacterium sp. XJLW	739141	S	13	67	80	0.0004190829
Rhodococcus sp. 008	1723645	S	13	66	79	0.0004138444
Myroides odoratimimus	76832	S	40	39	79	0.0004138444
Anabaena sp. 90	46234	S	3	74	77	0.0004033673
Chryseobacterium manosquense	2754694	S	21	56	77	0.0004033673
Sphingorhabdus lacus	392610	S	76	0	76	0.0003981288
Variovorax sp. WDL1	207745	S	57	18	75	0.0003928903
Bradyrhizobium diazoefficiens	1355477	S	32	43	75	0.0003928903
Rhodopseudomonas palustris	1076	S	62	12	74	0.0003876517
Rhodococcus sp. AQ5-07	2054902	S	17	57	74	0.0003876517
Oscillatoria nigro-viridis	482564	S	72	2	74	0.0003876517
Rhodococcus sp. H-CA8f	1727214	S	14	59	73	0.0003824132
Lactococcus lactis	1358	S	34	39	73	0.0003824132
Pedobacter sp. SW-16	2766984	S	56	17	73	0.0003824132
Pedobacter roseus	336820	S	49	24	73	0.0003824132
Hydrogenophaga sp. BPS33	2651974	S	66	6	72	0.0003771746
Polaromonas sp. E3S	1840265	S	1	70	71	0.0003719361
Burkholderia pseudomallei	28450	S	32	37	69	0.0003614590
Kaistella jeonii	266749	S	67	2	69	0.0003614590
Hydrogenophaga sp. RAC07	1842537	S	55	13	68	0.0003562205
Staphylococcus aureus	1280	S	19	49	68	0.0003562205
Pedobacter sp. G11	2482728	S	57	11	68	0.0003562205
Janthinobacterium svalbardensis	368607	S	49	18	67	0.0003509820
Janthinobacterium tructae	2590869	S	48	19	67	0.0003509820
Mitsuaria sp. 7	1658665	S	62	5	67	0.0003509820
Bradyrhizobium elkanii	29448	S	2	65	67	0.0003509820
Polaromonas sp. JS666	296591	S	61	5	66	0.0003457434
Janthinobacterium lividum	29581	S	30	35	65	0.0003405049
Roseateles depolymerans	76731	S	61	4	65	0.0003405049
Sphingopyxis granuli	267128	S	15	50	65	0.0003405049
Staphylococcus epidermidis	1282	S	55	10	65	0.0003405049
Pseudomonas stutzeri	316	S	58	6	64	0.0003352664
Pedobacter sp. KBS0701	2578106	S	47	17	64	0.0003352664
Variovorax sp. HW608	1034889	S	62	1	63	0.0003300278
Bradyrhizobium lablabi	722472	S	24	39	63	0.0003300278
Sphingomonas koreensis	93064	S	42	21	63	0.0003300278
Candidatus Liberibacter asiaticus	34021	S	7	54	61	0.0003195507
Corynebacterium xerosis	1725	S	53	8	61	0.0003195507
Elizabethkingia bruuniana	1756149	S	19	42	61	0.0003195507
Rhizobacter gummiphilus	946333	S	56	4	60	0.0003143122
Rubrivivax gelatinosus	28068	S	55	5	60	0.0003143122
Pseudomonas sp. bs2935	1761895	S	2	58	60	0.0003143122
Janibacter indicus	857417	S	36	24	60	0.0003143122
Calothrix parasitica	1973486	S	57	3	60	0.0003143122
Acidovorax monticola	1926868	S	57	2	59	0.0003090737
Methyloversatilis sp. RAC08	1842540	S	59	0	59	0.0003090737
Pseudomonas alcaligenes	43263	S	55	4	59	0.0003090737
Paracoccus yeei	147645	S	24	35	59	0.0003090737
Diaphorobacter sp. JS3050	2735554	S	10	47	57	0.0002985966
Ramlibacter tataouinensis	94132	S	57	0	57	0.0002985966
blood disease bacterium A2-HR MARDI	1944648	S	5	52	57	0.0002985966
Enterobacter hormaechei	158836	S	19	38	57	0.0002985966
Microbacterium hominis	162426	S	48	9	57	0.0002985966
Limnoglobus roseus	2598579	S	54	3	57	0.0002985966
Janthinobacterium sp. PLB02	2808899	S	20	36	56	0.0002933581
Sorangium cellulosum	56	S	48	8	56	0.0002933581
Candidatus Planktophila sulfonica	1884904	S	53	3	56	0.0002933581
Paenibacillus larvae	1464	S	1	55	56	0.0002933581
Rhodoferax sp. BAB1	2741720	S	52	3	55	0.0002881195
Polaromonas naphthalenivorans	216465	S	51	4	55	0.0002881195
Cupriavidus taiwanensis	164546	S	41	14	55	0.0002881195
Xanthomonas citri	346	S	55	0	55	0.0002881195
Flavobacterium johnsoniae	986	S	40	15	55	0.0002881195
Variovorax sp. PAMC28562	2762323	S	54	0	54	0.0002828810
Vibrio anguillarum	55601	S	46	8	54	0.0002828810
Epilithonimonas vandammei	2487072	S	25	29	54	0.0002828810
Rhodoferax saidenbachensis	1484693	S	52	1	53	0.0002776424
Chryseobacterium gleum	250	S	24	29	53	0.0002776424
Cutibacterium avidum	33010	S	48	4	52	0.0002724039
Corynebacterium tuberculostearicum	38304	S	40	12	52	0.0002724039
Flavobacterium phage vB_FspS_tooticki6-1	2686279	S	10	42	52	0.0002724039
Acidovorax sp. HDW3	2714923	S	50	1	51	0.0002671654
Variovorax sp. RKNM96	2681552	S	45	6	51	0.0002671654
Comamonas piscis	1562974	S	50	1	51	0.0002671654
Schlegelella thermodepolymerans	215580	S	50	1	51	0.0002671654
Bradyrhizobium erythrophlei	1437360	S	49	2	51	0.0002671654
Rhizobium pusense	648995	S	15	36	51	0.0002671654
Corynebacterium kefirresidentii	1979527	S	36	15	51	0.0002671654
Calothrix brevissima	938406	S	25	26	51	0.0002671654
Melaminivora sp. SC2-9	2109913	S	48	2	50	0.0002619268
Leptothrix cholodnii	34029	S	45	5	50	0.0002619268
Azospirillum brasilense	192	S	28	22	50	0.0002619268
Paracoccus sanguinis	1545044	S	42	7	49	0.0002566883
Variovorax sp. PBL-H6	434009	S	31	17	48	0.0002514498
Hydrogenophaga sp. PBC	795665	S	42	6	48	0.0002514498
Verminephrobacter eiseniae	364317	S	48	0	48	0.0002514498
Ralstonia mannitolilytica	105219	S	43	5	48	0.0002514498
Collimonas fungivorans	158899	S	41	7	48	0.0002514498
Bacillus cereus	1396	S	26	22	48	0.0002514498
Pedobacter sp. JBR3-12	2789740	S	44	4	48	0.0002514498
Pulveribacter suum	2116657	S	46	1	47	0.0002462112
Simplicispira suum	2109915	S	46	1	47	0.0002462112
Burkholderia cenocepacia	95486	S	21	26	47	0.0002462112
Methylibium petroleiphilum	105560	S	27	20	47	0.0002462112
Methylorubrum extorquens	408	S	28	19	47	0.0002462112
Meiothermus silvanus	52022	S	47	0	47	0.0002462112
Blattabacterium cuenoti	1653831	S	39	8	47	0.0002462112
Sphingobacterium siyangense	459529	S	14	33	47	0.0002462112
Diaphorobacter polyhydroxybutyrativorans	1546149	S	17	29	46	0.0002409727
Massilia sp. CCM 8941	2765360	S	32	14	46	0.0002409727
Massilia sp. WG5	1707785	S	27	19	46	0.0002409727
Klebsiella africana	2489010	S	45	1	46	0.0002409727
Sphingopyxis sp. 113P3	292913	S	34	12	46	0.0002409727
Sphingobium hydrophobicum	1673076	S	27	19	46	0.0002409727
Comamonas kerstersii	225992	S	44	1	45	0.0002357342
Comamonas sp. NLF-7-7	2597701	S	43	2	45	0.0002357342
Ottowia sp. 27C	2816950	S	45	0	45	0.0002357342
Bradyrhizobium sp. CCBAU 51765	1325102	S	35	10	45	0.0002357342
Brevundimonas vesicularis	41276	S	18	27	45	0.0002357342
Methylobacterium brachiatum	269660	S	37	7	44	0.0002304956
Hydrogenophaga sp. BA0156	2716225	S	38	5	43	0.0002252571
Sphingopyxis macrogoltabida	33050	S	34	9	43	0.0002252571
Tabrizicola piscis	2494374	S	40	3	43	0.0002252571
Cereibacter sphaeroides	1063	S	38	5	43	0.0002252571
Cutibacterium granulosum	33011	S	40	3	43	0.0002252571
Rhodococcus sp. BH4	1807790	S	7	36	43	0.0002252571
Flavobacterium nackdongense	2547394	S	41	2	43	0.0002252571
Flavobacterium columnare	996	S	35	8	43	0.0002252571
Chryseobacterium shandongense	1493872	S	28	15	43	0.0002252571
Flavobacterium phage vB_FspS_mymlan6-1	2686266	S	10	33	43	0.0002252571
Rhodoferax ferrireducens	192843	S	42	0	42	0.0002200185
Tsukamurella tyrosinosolvens	57704	S	34	8	42	0.0002200185
Microcystis aeruginosa	1126	S	37	5	42	0.0002200185
Pedobacter suwonensis	332999	S	32	10	42	0.0002200185
Frigoriglobus tundricola	2774151	S	35	7	42	0.0002200185
Acinetobacter haemolyticus	29430	S	32	9	41	0.0002147800
Bradyrhizobium sp. CCBAU 051011	858422	S	37	4	41	0.0002147800
Sphingopyxis sp. EG6	1874061	S	32	9	41	0.0002147800
Acidovorax antarcticus	2743470	S	39	1	40	0.0002095415
Variovorax sp. SRS16	282217	S	19	21	40	0.0002095415
Hydrogenophaga sp. PBL-H3	434010	S	33	7	40	0.0002095415
Massilia violaceinigra	2045208	S	30	10	40	0.0002095415
Pseudomonas citronellolis	53408	S	27	13	40	0.0002095415
Pseudomonas koreensis	198620	S	35	5	40	0.0002095415
Enterobacter asburiae	61645	S	23	17	40	0.0002095415
Sphingobacterium sp. B29	1933220	S	16	24	40	0.0002095415
Bosea sp. ANAM02	2020412	S	33	6	39	0.0002043029
Sphingobium amiense	135719	S	16	23	39	0.0002043029
Brevundimonas naejangsanensis	588932	S	34	5	39	0.0002043029
Streptococcus thermophilus	1308	S	34	5	39	0.0002043029
Calothrix sp. NIES-2098	1954171	S	26	13	39	0.0002043029
Chryseobacterium sp. NEB161	2724619	S	21	18	39	0.0002043029
Hydrogenophaga sp. PAMC20947	2565558	S	38	0	38	0.0001990644
Massilia putida	1141883	S	28	10	38	0.0001990644
Tardiphaga robiniae	943830	S	36	2	38	0.0001990644
Methylibium sp. Pch-M	2082386	S	18	19	37	0.0001938259
Stenotrophomonas acidaminiphila	128780	S	21	16	37	0.0001938259
Mesorhizobium sp. Pch-S	2082387	S	34	3	37	0.0001938259
Sphingomonas alpina	653931	S	37	0	37	0.0001938259
Staphylococcus hominis	1290	S	33	4	37	0.0001938259
Flavobacterium commune	1306519	S	34	3	37	0.0001938259
Gemmata obscuriglobus	114	S	33	4	37	0.0001938259
Acinetobacter johnsonii	40214	S	19	17	36	0.0001885873
Bdellovibrio sp. NC01	2220073	S	31	5	36	0.0001885873
Mycobacteroides chelonae	1774	S	20	16	36	0.0001885873
Verrucomicrobium spinosum	2736	S	36	0	36	0.0001885873
Variovorax sp. PBS-H4	434008	S	33	2	35	0.0001833488
Polynucleobacter necessarius	576610	S	35	0	35	0.0001833488
Pseudomonas chlororaphis	587753	S	25	10	35	0.0001833488
Sphingomonas paucimobilis	13689	S	28	7	35	0.0001833488
Novosphingobium pentaromativorans	205844	S	18	17	35	0.0001833488
Chryseobacterium indologenes	253	S	26	9	35	0.0001833488
Chryseobacterium bernardetii	1241978	S	15	20	35	0.0001833488
Pedobacter ginsengisoli	363852	S	32	3	35	0.0001833488
Pandoraea pnomenusa	93220	S	31	3	34	0.0001781103
Salmonella enterica	28901	S	9	25	34	0.0001781103
Bradyrhizobium icense	1274631	S	31	3	34	0.0001781103
Novosphingobium sp. ABRDHK2	2571749	S	26	8	34	0.0001781103
Staphylococcus warneri	1292	S	23	11	34	0.0001781103
Chryseobacterium indoltheticum	254	S	28	6	34	0.0001781103
Cupriavidus pauculus	82633	S	30	3	33	0.0001728717
Massilia oculi	945844	S	30	3	33	0.0001728717
Fischerella sp. NIES-4106	2005456	S	31	2	33	0.0001728717
Xylophilus rhododendri	2697032	S	31	1	32	0.0001676332
Acinetobacter guillouiae	106649	S	27	5	32	0.0001676332
Pseudomonas veronii	76761	S	14	18	32	0.0001676332
Pannonibacter phragmitetus	121719	S	18	14	32	0.0001676332
Brevundimonas sp. 'scallop'	2562582	S	16	16	32	0.0001676332
Nostoc sp. PCC 7524	28072	S	29	3	32	0.0001676332
Nostoc sp. NIES-4103	2005458	S	28	4	32	0.0001676332
Thermus scotoductus	37636	S	29	3	32	0.0001676332
Flavobacterium sp. MDT1-60	1979344	S	26	6	32	0.0001676332
Chryseobacterium balustinum	246	S	23	9	32	0.0001676332
Roseimicrobium sp. ORNL1	2711231	S	32	0	32	0.0001676332
Hydrogenophaga sp. YM1	2806262	S	27	4	31	0.0001623946
Hydrogenophaga crassostreae	1763535	S	31	0	31	0.0001623946
Pseudomonas sp. Y39-6	2749807	S	10	21	31	0.0001623946
Methylomonas sp. LL1	2785785	S	26	5	31	0.0001623946
Variibacter gotjawalensis	1333996	S	30	1	31	0.0001623946
Sphingomonas panacisoli	1813879	S	31	0	31	0.0001623946
Rhizorhabdus dicambivorans	1850238	S	16	15	31	0.0001623946
Bdellovibrio bacteriovorus	959	S	28	3	31	0.0001623946
Corynebacterium jeikeium	38289	S	14	17	31	0.0001623946
Microbacterium paludicola	300019	S	4	27	31	0.0001623946
Flavobacterium crocinum	2183896	S	24	7	31	0.0001623946
Chryseobacterium sp. G0162	2487063	S	12	19	31	0.0001623946
Inhella inkyongensis	392593	S	29	1	30	0.0001571561
Bordetella petrii	94624	S	26	4	30	0.0001571561
Methylobacterium aquaticum	270351	S	27	3	30	0.0001571561
Sphingobium cloacae	120107	S	12	18	30	0.0001571561
Croceicoccus naphthovorans	1348774	S	15	15	30	0.0001571561
Haematobacter massiliensis	195105	S	19	11	30	0.0001571561
Caulobacter sp. K31	366602	S	24	6	30	0.0001571561
Tsukamurella paurometabola	2061	S	27	3	30	0.0001571561
Streptococcus phage SpSL1	1566990	S	17	13	30	0.0001571561
Delftia tsuruhatensis	180282	S	17	12	29	0.0001519176
Bradyrhizobium paxllaeri	190148	S	26	3	29	0.0001519176
Bradyrhizobium symbiodeficiens	1404367	S	23	6	29	0.0001519176
Brevundimonas sp. Bb-A	2560058	S	10	19	29	0.0001519176
Brevundimonas diminuta	293	S	13	16	29	0.0001519176
Flavobacterium sp. 140616W15	2478552	S	25	4	29	0.0001519176
Lacibacter sp. S13-6-6	2760713	S	28	1	29	0.0001519176
Pseudobacter ginsenosidimutans	661488	S	27	2	29	0.0001519176
Luteolibacter luteus	2728835	S	29	0	29	0.0001519176
Variovorax sp. PBL-E5	434014	S	12	16	28	0.0001466790
Rhodoferax antarcticus	81479	S	28	0	28	0.0001466790
Ralstonia insidiosa	190721	S	27	1	28	0.0001466790
Acinetobacter sp. MYb10	1827285	S	23	5	28	0.0001466790
Bradyrhizobium guangdongense	1325090	S	16	12	28	0.0001466790
Bosea sp. RAC05	1842539	S	24	4	28	0.0001466790
Blastomonas fulva	1550728	S	16	12	28	0.0001466790
Microbacterium sp. Y-01	2048898	S	21	7	28	0.0001466790
Brevibacterium sp. CS2	2575923	S	25	3	28	0.0001466790
Nostoc sphaeroides	446679	S	26	2	28	0.0001466790
Flavobacterium sp. Sr18	935222	S	25	3	28	0.0001466790
Flavobacterium sangjuense	2518177	S	27	1	28	0.0001466790
Flavobacterium crassostreae	1763534	S	24	4	28	0.0001466790
Panacibacter ginsenosidivorans	1813871	S	27	1	28	0.0001466790
Nitrosomonas sp. Is79A3	261292	S	27	0	27	0.0001414405
Xanthomonas oryzae	347	S	27	0	27	0.0001414405
Afipia sp. GAS231	1882747	S	15	12	27	0.0001414405
Sphingomonas sp. AAP5	1523415	S	24	3	27	0.0001414405
Sphingomonas sp. KC8	1030157	S	20	7	27	0.0001414405
Sphingomonas sp. NIC1	1961362	S	13	14	27	0.0001414405
Sphingomonas sanxanigenens	397260	S	20	7	27	0.0001414405
Brevundimonas sp. CS1	2813778	S	18	9	27	0.0001414405
Microbacterium foliorum	104336	S	24	3	27	0.0001414405
Curtobacterium flaccumfaciens	2035	S	23	4	27	0.0001414405
Alicyclobacillus acidocaldarius	405212	S	27	0	27	0.0001414405
Olivibacter sp. LS-1	2592345	S	3	24	27	0.0001414405
Flavobacterium phage vB_FspS_snusmum6-1	2686273	S	13	14	27	0.0001414405
Thauera sp. K11	2005884	S	23	3	26	0.0001362020
Acinetobacter sp. WCHA45	2004644	S	14	12	26	0.0001362020
Methylobacterium mesophilicum	39956	S	25	1	26	0.0001362020
Sphingomonas sp. FARSPH	2219696	S	18	8	26	0.0001362020
Sphingomonas sp. IC081	304378	S	7	19	26	0.0001362020
Flavobacterium sp. SLB02	2665645	S	19	7	26	0.0001362020
Flavobacterium sp. KBS0721	1179672	S	18	8	26	0.0001362020
Flavobacterium indicum	312277	S	25	1	26	0.0001362020
Kaistella carnis	1241979	S	22	4	26	0.0001362020
Opitutus sp. GAS368	1882749	S	22	4	26	0.0001362020
Acidovorax citrulli	80869	S	19	6	25	0.0001309634
Variovorax sp. PDNC026	2811425	S	1	24	25	0.0001309634
Polynucleobacter duraquae	1835254	S	24	1	25	0.0001309634
Massilia sp. LPB0304	2769491	S	15	10	25	0.0001309634
Massilia sp. YMA4	1593482	S	14	11	25	0.0001309634
Herbaspirillum huttiense	863372	S	21	4	25	0.0001309634
Duganella sp. AF9R3	2728021	S	23	2	25	0.0001309634
Achromobacter denitrificans	32002	S	20	5	25	0.0001309634
Bordetella hinzii	103855	S	24	1	25	0.0001309634
Buchnera aphidicola	9	S	25	0	25	0.0001309634
Pseudoxanthomonas mexicana	128785	S	25	0	25	0.0001309634
Sphingomonas sp. MM-1	745310	S	13	12	25	0.0001309634
Sphingomonas taxi	1549858	S	24	1	25	0.0001309634
Novosphingobium ginsenosidimutans	1176536	S	25	0	25	0.0001309634
Croceicoccus marinus	450378	S	17	8	25	0.0001309634
Mycobacterium sp. THAF192	2587868	S	9	16	25	0.0001309634
Flavobacterium sp. CLA17	2724135	S	21	4	25	0.0001309634
Chryseobacterium camelliae	1265445	S	18	7	25	0.0001309634
Gemmata sp. SH-PL17	1630693	S	15	10	25	0.0001309634
Burkholderia multivorans	87883	S	21	3	24	0.0001257249
Burkholderia cepacia	292	S	15	9	24	0.0001257249
Undibacterium sp. YM2	2058625	S	14	10	24	0.0001257249
Stenotrophomonas rhizophila	216778	S	23	1	24	0.0001257249
Rhizobium leguminosarum	384	S	17	7	24	0.0001257249
Sinorhizobium fredii	380	S	14	10	24	0.0001257249
Aureimonas sp. OT7	2816454	S	13	11	24	0.0001257249
Sphingomonas sp. NBWT7	2596913	S	21	3	24	0.0001257249
Sphingobium sp. TKS	1315974	S	12	12	24	0.0001257249
Brevundimonas vancanneytii	1325724	S	8	16	24	0.0001257249
Lawsonella clevelandensis	1528099	S	24	0	24	0.0001257249
Faecalibacterium prausnitzii	853	S	17	7	24	0.0001257249
Flavobacterium sp. M31R6	2739062	S	21	3	24	0.0001257249
Flavobacterium branchiophilum	55197	S	23	1	24	0.0001257249
Flavobacterium anhuiense	459526	S	17	7	24	0.0001257249
Kaistella daneshvariae	2487074	S	23	1	24	0.0001257249
Cupriavidus metallidurans	119219	S	20	3	23	0.0001204863
Azospira oryzae	146939	S	14	9	23	0.0001204863
Dechloromonas aromatica	259537	S	23	0	23	0.0001204863
Acinetobacter lwoffii	28090	S	8	15	23	0.0001204863
Pseudomonas protegens	380021	S	22	1	23	0.0001204863
Bradyrhizobium betae	244734	S	15	8	23	0.0001204863
Bosea sp. AS-1	2015316	S	20	3	23	0.0001204863
Sphingomonas sp. XS-10	2599297	S	23	0	23	0.0001204863
Sphingopyxis terrae	33052	S	19	4	23	0.0001204863
Sphingopyxis fribergensis	1515612	S	19	4	23	0.0001204863
Qipengyuania flava	192812	S	16	7	23	0.0001204863
Caulobacter segnis	88688	S	18	5	23	0.0001204863
Actinomarinicola tropica	2789776	S	23	0	23	0.0001204863
Nostoc sp. CENA543	1869241	S	22	1	23	0.0001204863
Nostoc sp. C052	2576902	S	15	8	23	0.0001204863
Prochlorococcus marinus	1219	S	19	4	23	0.0001204863
Kaistella flava (ex Peng et al. 2021)	2038776	S	21	2	23	0.0001204863
Pedobacter heparinus	984	S	22	1	23	0.0001204863
Pirellula sp. SH-Sr6A	1632865	S	23	0	23	0.0001204863
Rhodoferax sp. PAMC29310	2822760	S	22	0	22	0.0001152478
Cupriavidus necator	106590	S	21	1	22	0.0001152478
Massilia plicata	321984	S	19	3	22	0.0001152478
Bordetella bronchiseptica	518	S	8	14	22	0.0001152478
Methylobacterium sp. DM1	2067957	S	12	10	22	0.0001152478
Sphingomonas sp. LM7	1938607	S	21	1	22	0.0001152478
Sphingomonas wittichii	160791	S	15	7	22	0.0001152478
Labilithrix luteola	1391654	S	21	1	22	0.0001152478
Nocardia asteroides	1824	S	19	3	22	0.0001152478
Mycobacterium avium	1764	S	10	12	22	0.0001152478
Kocuria palustris	71999	S	20	2	22	0.0001152478
Bacillus vini	1476025	S	22	0	22	0.0001152478
Paucilactobacillus hokkaidonensis	1193095	S	17	5	22	0.0001152478
Ottowia sp. oral taxon 894	1658672	S	21	0	21	0.0001100093
Paraburkholderia aromaticivorans	2026199	S	17	4	21	0.0001100093
Massilia sp. NR 4-1	1678028	S	18	3	21	0.0001100093
Massilia albidiflava	321983	S	15	6	21	0.0001100093
Collimonas arenae	279058	S	19	2	21	0.0001100093
Orrella dioscoreae	1851544	S	20	1	21	0.0001100093
Oryzomicrobium terrae	1735038	S	21	0	21	0.0001100093
Serratia marcescens	615	S	13	8	21	0.0001100093
Bradyrhizobium sp.	376	S	6	15	21	0.0001100093
Methylobacterium sp. C1	1479019	S	8	13	21	0.0001100093
Methylobacterium durans	2202825	S	20	1	21	0.0001100093
Agrobacterium tumefaciens	358	S	15	6	21	0.0001100093
Xanthobacter sp. YN2	2528964	S	17	4	21	0.0001100093
Sphingomonas sp. DH-S5	2759526	S	21	0	21	0.0001100093
Novosphingobium resinovorum	158500	S	15	6	21	0.0001100093
Brevundimonas sp. LVF1	2774189	S	18	3	21	0.0001100093
Geobacter sp. SVR	2495594	S	20	1	21	0.0001100093
Microbacterium sp. No. 7	1714373	S	17	4	21	0.0001100093
Megamonas funiformis	437897	S	21	0	21	0.0001100093
Nostoc sp. TCL240-02	2572090	S	9	12	21	0.0001100093
Anabaena cylindrica	1165	S	17	4	21	0.0001100093
Flavobacterium sp. LPB0248	2614441	S	13	8	21	0.0001100093
Chryseobacterium aureum	2497456	S	18	3	21	0.0001100093
Pedobacter sp. PACM 27299	1727164	S	19	2	21	0.0001100093
Pedobacter cryoconitis	188932	S	20	1	21	0.0001100093
Gemmatirosa kalamazoonesis	861299	S	18	3	21	0.0001100093
Maioricimonas rarisocia	2528026	S	18	3	21	0.0001100093
Variovorax sp. RA8	662548	S	18	2	20	0.0001047707
Comamonas serinivorans	1082851	S	20	0	20	0.0001047707
Cupriavidus nantongensis	1796606	S	12	8	20	0.0001047707
Pseudomonas mendocina	300	S	19	1	20	0.0001047707
Bosea sp. F3-2	2599640	S	17	3	20	0.0001047707
Methylobacterium sp. 4-46	426117	S	19	1	20	0.0001047707
Methylobacterium sp. 17Sr1-43	2202828	S	19	1	20	0.0001047707
Sphingopyxis sp. PAMC25046	2565556	S	16	4	20	0.0001047707
Sphingobium sp. YG1	2082188	S	16	4	20	0.0001047707
Novosphingobium sp. KA1	164608	S	6	14	20	0.0001047707
Brevundimonas sp. DS20	1532555	S	7	13	20	0.0001047707
Magnetospirillum sp. XM-1	1663591	S	14	6	20	0.0001047707
Archangium violaceum	83451	S	17	3	20	0.0001047707
Streptococcus mitis	28037	S	15	5	20	0.0001047707
Clostridium perfringens	1502	S	20	0	20	0.0001047707
Chryseobacterium sp. G0201	2487065	S	15	5	20	0.0001047707
Chryseobacterium haifense	421525	S	6	14	20	0.0001047707
Phocaeicola vulgatus	821	S	15	5	20	0.0001047707
Singulisphaera acidiphila	466153	S	14	6	20	0.0001047707
Nibricoccus aquaticus	2576891	S	19	1	20	0.0001047707
Serpentinomonas mccroryi	1458426	S	18	1	19	0.0000995322
Burkholderia gladioli	28095	S	19	0	19	0.0000995322
Duganella sp. GN2-R2	2728020	S	16	3	19	0.0000995322
Bordetella trematum	123899	S	18	1	19	0.0000995322
Acinetobacter pittii	48296	S	7	12	19	0.0000995322
Haemophilus parainfluenzae	729	S	19	0	19	0.0000995322
Bosea vaviloviae	1526658	S	16	3	19	0.0000995322
Mesorhizobium sp. DCY119	2108445	S	17	2	19	0.0000995322
Aminobacter sp. MSH1	374606	S	14	5	19	0.0000995322
Sphingomonas sp. HMP9	1517554	S	16	3	19	0.0000995322
Gemmobacter sp. HYN0069	2169400	S	18	1	19	0.0000995322
Defluviimonas alba	1335048	S	14	5	19	0.0000995322
Phenylobacterium parvum	2201350	S	19	0	19	0.0000995322
Minicystis rosea	888845	S	17	2	19	0.0000995322
Corynebacterium amycolatum	43765	S	3	16	19	0.0000995322
Janibacter sp. YB324	2761047	S	10	9	19	0.0000995322
Actinomyces sp. HMT 175	2789425	S	8	11	19	0.0000995322
Nostoc sp. 'Peltigera membranacea cyanobiont' N6	1261031	S	12	7	19	0.0000995322
Chryseobacterium sp. G0186	2487064	S	11	8	19	0.0000995322
Chryseobacterium piperi	558152	S	18	1	19	0.0000995322
Kaistella antarctica	266748	S	18	1	19	0.0000995322
Spirosoma pollinicola	2057025	S	19	0	19	0.0000995322
Hymenobacter sp. HDW8	2714932	S	7	12	19	0.0000995322
Planctomyces sp. SH-PL14	1632864	S	18	1	19	0.0000995322
Luteitalea pratensis	1855912	S	19	0	19	0.0000995322
Limnohabitans sp. 103DPR2	1678129	S	18	0	18	0.0000942937
Serpentinomonas raichei	1458425	S	17	1	18	0.0000942937
Achromobacter spanius	217203	S	17	1	18	0.0000942937
Thauera sp. MZ1T	85643	S	15	3	18	0.0000942937
Pseudomonas sp. S150	2559074	S	11	7	18	0.0000942937
Pseudomonas oleovorans	301	S	9	9	18	0.0000942937
Pseudomonas monteilii	76759	S	13	5	18	0.0000942937
Citrobacter freundii	546	S	9	9	18	0.0000942937
Bradyrhizobium sp. CCBAU 53338	1325111	S	11	7	18	0.0000942937
Shinella sp. HZN7	879274	S	12	6	18	0.0000942937
Aminobacter sp. SR38	2774562	S	4	14	18	0.0000942937
Sphingopyxis sp. QXT-31	1357916	S	16	2	18	0.0000942937
Sphingopyxis sp. FD7	1914525	S	15	3	18	0.0000942937
Roseococcus sp. NIBR12	2771361	S	18	0	18	0.0000942937
Nocardioides sp. S5	2017486	S	15	3	18	0.0000942937
Microbacterium sp. Nx66	2766784	S	8	10	18	0.0000942937
Microbacterium aurum	36805	S	15	3	18	0.0000942937
Flavobacterium sp. BB8	2816357	S	15	3	18	0.0000942937
Urechidicola croceus	1850246	S	11	7	18	0.0000942937
Chryseobacterium sp. NBC 122	2547600	S	17	1	18	0.0000942937
Chryseobacterium sp. StRB126	878220	S	14	4	18	0.0000942937
Hymenobacter sedentarius	1411621	S	18	0	18	0.0000942937
Flavihumibacter sp. SB-02	2676868	S	17	1	18	0.0000942937
Paraflavitalea soli	2315862	S	17	1	18	0.0000942937
Collimonas pratensis	279113	S	14	3	17	0.0000890551
Azospira sp. I09	1765049	S	11	6	17	0.0000890551
Chromobacterium rhizoryzae	1778675	S	9	8	17	0.0000890551
Acinetobacter ursingii	108980	S	14	3	17	0.0000890551
Pseudomonas fulva	47880	S	5	12	17	0.0000890551
Pantoea agglomerans	549	S	17	0	17	0.0000890551
Lysobacter antibioticus	84531	S	16	1	17	0.0000890551
Coxiella burnetii	777	S	12	5	17	0.0000890551
Aeromonas veronii	654	S	16	1	17	0.0000890551
Steroidobacter denitrificans	465721	S	17	0	17	0.0000890551
Bradyrhizobium oligotrophicum	44255	S	16	1	17	0.0000890551
Bradyrhizobium japonicum	375	S	10	7	17	0.0000890551
Bradyrhizobium ottawaense	931866	S	2	15	17	0.0000890551
Rhizobium sp. S41	1869170	S	2	15	17	0.0000890551
Rhizobium phaseoli	396	S	8	9	17	0.0000890551
Sphingomonas sp. CL5.1	2653203	S	15	2	17	0.0000890551
Sphingopyxis lindanitolerans	2054227	S	14	3	17	0.0000890551
Novosphingobium sp. THN1	1016987	S	13	4	17	0.0000890551
Rhodobacter capsulatus	1061	S	16	1	17	0.0000890551
Roseomonas gilardii	257708	S	14	3	17	0.0000890551
Roseomonas sp. FDAARGOS_362	2018065	S	4	13	17	0.0000890551
Propionibacterium freudenreichii	1744	S	7	10	17	0.0000890551
Corynebacterium aurimucosum	169292	S	15	2	17	0.0000890551
Mycobacteroides salmoniphilum	404941	S	17	0	17	0.0000890551
Phycicoccus sp. HDW14	2714941	S	16	1	17	0.0000890551
Streptomyces venezuelae	54571	S	16	1	17	0.0000890551
Staphylococcus auricularis	29379	S	17	0	17	0.0000890551
Microchaete diplosiphon	1197	S	3	14	17	0.0000890551
Algibacter alginicilyticus	1736674	S	14	3	17	0.0000890551
Chryseobacterium taklimakanense	536441	S	13	4	17	0.0000890551
Chitinophaga pinensis	79329	S	15	2	17	0.0000890551
Phocaeicola dorei	357276	S	13	4	17	0.0000890551
Acidovorax cattleyae	80868	S	13	3	16	0.0000838166
Acidovorax ebreus	721785	S	5	11	16	0.0000838166
Hylemonella gracilis	80880	S	16	0	16	0.0000838166
Burkholderia sp. YI23	1097668	S	7	9	16	0.0000838166
Pandoraea oxalativorans	573737	S	13	3	16	0.0000838166
Massilia flava	871742	S	14	2	16	0.0000838166
Thiomonas intermedia	926	S	11	5	16	0.0000838166
Acinetobacter indicus	756892	S	14	2	16	0.0000838166
Pseudomonas sp. phDV1	253237	S	8	8	16	0.0000838166
Pseudomonas sp. 13159349	2662034	S	3	13	16	0.0000838166
Actinobacillus pleuropneumoniae	715	S	15	1	16	0.0000838166
Bradyrhizobium sp. CCBAU 51753	1325100	S	14	2	16	0.0000838166
Bradyrhizobium sp. CCBAU 53340	1325112	S	10	6	16	0.0000838166
Sphingomonas hengshuiensis	1609977	S	16	0	16	0.0000838166
Sphingopyxis sp. OPL5	2486273	S	15	1	16	0.0000838166
Paracoccus mutanolyticus	1499308	S	3	13	16	0.0000838166
Roseovarius indicus	540747	S	9	7	16	0.0000838166
Brevundimonas sp. SGAir0440	2579977	S	12	4	16	0.0000838166
Corynebacterium matruchotii	43768	S	16	0	16	0.0000838166
Rothia mucilaginosa	43675	S	16	0	16	0.0000838166
Amycolatopsis mediterranei	33910	S	16	0	16	0.0000838166
Actinomyces oris	544580	S	9	7	16	0.0000838166
Ilumatobacter coccineus	467094	S	16	0	16	0.0000838166
Bacillus thuringiensis	1428	S	10	6	16	0.0000838166
Paenibacillus polymyxa	1406	S	4	12	16	0.0000838166
Brevibacillus laterosporus	1465	S	4	12	16	0.0000838166
Enterococcus faecalis	1351	S	14	2	16	0.0000838166
Enterocloster bolteae	208479	S	14	2	16	0.0000838166
Flavobacterium gilvum	1492737	S	15	1	16	0.0000838166
Chryseobacterium sp. 3008163	2478663	S	14	2	16	0.0000838166
Chryseobacterium nakagawai	1241982	S	6	10	16	0.0000838166
Runella sp. HYN0085	2259595	S	15	1	16	0.0000838166
Haliscomenobacter hydrossis	2350	S	16	0	16	0.0000838166
Planctomyces sp. SH-PL62	1636152	S	8	8	16	0.0000838166
Pirellulimonas nuda	2528009	S	15	1	16	0.0000838166
Tautonia plasticadhaerens	2527974	S	15	1	16	0.0000838166
Aquisphaera giovannonii	406548	S	12	4	16	0.0000838166
Flavobacterium phage vB_FspS_hattifnatt9-1	2686246	S	11	5	16	0.0000838166
Burkholderia mallei	13373	S	4	11	15	0.0000785781
Massilia lutea	321985	S	12	3	15	0.0000785781
Alcaligenes faecalis	511	S	13	2	15	0.0000785781
Pseudomonas azotoformans	47878	S	13	2	15	0.0000785781
Pseudomonas synxantha	47883	S	13	2	15	0.0000785781
Pseudomonas oryzihabitans	47885	S	14	1	15	0.0000785781
Kosakonia sacchari	1158459	S	13	2	15	0.0000785781
Pseudoxanthomonas suwonensis	314722	S	15	0	15	0.0000785781
Bibersteinia trehalosi	47735	S	1	14	15	0.0000785781
Methylobacterium currus	2051553	S	13	2	15	0.0000785781
Mesorhizobium sp. L-8-3	2744522	S	7	8	15	0.0000785781
Sphingomonas sp. LMO-1	2681549	S	15	0	15	0.0000785781
Sphingobium sp. RSMS	520734	S	3	12	15	0.0000785781
Novosphingobium aromaticivorans	48935	S	12	3	15	0.0000785781
Sphingosinithalassobacter sp. zrk23	2711215	S	13	2	15	0.0000785781
Brevundimonas sp. LVF2	2774190	S	14	1	15	0.0000785781
Caulobacter sp. FWC26	69665	S	10	5	15	0.0000785781
Caulobacter soli	2708539	S	12	3	15	0.0000785781
Chryseoglobus sp. 28M-23	2772253	S	4	11	15	0.0000785781
Arthrobacter sp. Rue61a	1118963	S	8	7	15	0.0000785781
Rothia amarae	169480	S	11	4	15	0.0000785781
Pseudonocardia sp. CGMCC 4.1532	2761535	S	13	2	15	0.0000785781
Blautia sp. SC05B48	2479767	S	9	6	15	0.0000785781
Deinococcus geothermalis	68909	S	11	4	15	0.0000785781
Polaribacter sp. BM10	1529069	S	5	10	15	0.0000785781
Winogradskyella sediminis	1382466	S	12	3	15	0.0000785781
Chryseobacterium glaciei	1685010	S	13	2	15	0.0000785781
Bacteroides fragilis	817	S	8	7	15	0.0000785781
Gemmatimonas sp. TET16	2732249	S	15	0	15	0.0000785781
Flavobacterium phage Fpv20	1814283	S	2	13	15	0.0000785781
Polaromonas vacuolata	37448	S	12	2	14	0.0000733395
Cupriavidus gilardii	82541	S	5	9	14	0.0000733395
Paraburkholderia phymatum	148447	S	12	2	14	0.0000733395
Paraburkholderia phytofirmans	261302	S	11	3	14	0.0000733395
Herbaspirillum rubrisubalbicans	80842	S	12	2	14	0.0000733395
Achromobacter pestifer	1353889	S	12	2	14	0.0000733395
Bordetella genomosp. 9	1416803	S	14	0	14	0.0000733395
Thauera humireducens	1134435	S	13	1	14	0.0000733395
Methylophilus sp. TWE2	1662285	S	14	0	14	0.0000733395
Methylotenera mobilis	359408	S	13	1	14	0.0000733395
Candidatus Nitrotoga sp. AM1P	2559597	S	14	0	14	0.0000733395
Vitreoscilla filiformis	63	S	14	0	14	0.0000733395
Pseudomonas poae	200451	S	12	2	14	0.0000733395
Pseudomonas syringae group genomosp. 3	251701	S	5	9	14	0.0000733395
Xanthomonas hyacinthi	56455	S	14	0	14	0.0000733395
Luteimonas sp. MC1750	2799326	S	13	1	14	0.0000733395
Aeromonas salmonicida	645	S	6	8	14	0.0000733395
Immundisolibacter cernigliae	1810504	S	14	0	14	0.0000733395
Bradyrhizobium sp. ORS 278	114615	S	12	2	14	0.0000733395
Bradyrhizobium sp. ORS 285	115808	S	12	2	14	0.0000733395
Bosea sp. PAMC 26642	1792307	S	13	1	14	0.0000733395
Nitrobacter winogradskyi	913	S	13	1	14	0.0000733395
Methylobacterium radiotolerans	31998	S	7	7	14	0.0000733395
Shinella sp. PSBB067	2715959	S	9	5	14	0.0000733395
Devosia sp. A16	1736675	S	14	0	14	0.0000733395
Labrys sp. KNU-23	2789216	S	14	0	14	0.0000733395
Sphingomonas sp. HMP6	1517551	S	13	1	14	0.0000733395
Sphingobium sp. MI1205	407020	S	6	8	14	0.0000733395
Parasphingopyxis algicola	2026624	S	14	0	14	0.0000733395
Porphyrobacter sp. HT-58-2	2023229	S	11	3	14	0.0000733395
Roseovarius sp. TM1035	391613	S	8	6	14	0.0000733395
Caulobacter flavus	1679497	S	12	2	14	0.0000733395
Caulobacter vibrioides	155892	S	11	3	14	0.0000733395
Bdellovibrio sp. ZAP7	2231053	S	8	6	14	0.0000733395
Microlunatus sagamiharensis	546874	S	13	1	14	0.0000733395
Corynebacterium genitalium	38288	S	13	1	14	0.0000733395
Corynebacterium diphtheriae	1717	S	8	6	14	0.0000733395
Gordonia sp. 135	2676309	S	5	9	14	0.0000733395
Micromonospora sp. 28ISP2-46	2749844	S	12	2	14	0.0000733395
Bifidobacterium longum	216816	S	10	4	14	0.0000733395
Finegoldia magna	1260	S	10	4	14	0.0000733395
Keratinibaculum paraultunense	1278232	S	13	1	14	0.0000733395
Olleya aquimaris	639310	S	10	4	14	0.0000733395
Olleya sp. Bg11-27	2058135	S	6	8	14	0.0000733395
Kordia antarctica	1218801	S	14	0	14	0.0000733395
Chryseobacterium sp. POL2	2713414	S	11	3	14	0.0000733395
Elizabethkingia anophelis	1117645	S	8	6	14	0.0000733395
Aquirufa nivalisilvae	2516557	S	13	1	14	0.0000733395
Gemmata massiliana	1210884	S	9	5	14	0.0000733395
Caulifigura coniformis	2527983	S	14	0	14	0.0000733395
Opitutus terrae	107709	S	14	0	14	0.0000733395
Delftia sp. HK171	1920191	S	8	5	13	0.0000681010
Limnobacter sp. SAORIC-580	2732163	S	13	0	13	0.0000681010
Noviherbaspirillum sp. UKPF54	2601898	S	13	0	13	0.0000681010
Bordetella parapertussis	519	S	6	7	13	0.0000681010
Acinetobacter seifertii	1530123	S	10	3	13	0.0000681010
Pseudomonas syringae	317	S	7	6	13	0.0000681010
Proteus mirabilis	584	S	12	1	13	0.0000681010
Obesumbacterium proteus	82983	S	12	1	13	0.0000681010
Lysobacter capsici	435897	S	12	1	13	0.0000681010
Legionella pneumophila	446	S	12	1	13	0.0000681010
Bradyrhizobium sp. SK17	2057741	S	10	3	13	0.0000681010
Bradyrhizobium canariense	255045	S	13	0	13	0.0000681010
Bradyrhizobium guangzhouense	1325095	S	8	5	13	0.0000681010
Sphingomonas sp. PAMC26645	2565555	S	12	1	13	0.0000681010
Sphingopyxis alaskensis	117207	S	12	1	13	0.0000681010
Novosphingobium sp. P6W	1609758	S	13	0	13	0.0000681010
Anaeromyxobacter dehalogenans	161493	S	8	5	13	0.0000681010
Sandaracinus amylolyticus	927083	S	13	0	13	0.0000681010
Sulfurospirillum sp. UCH001	1581011	S	9	4	13	0.0000681010
Mycolicibacterium sediminis	1286180	S	12	1	13	0.0000681010
Gordonia polyisoprenivorans	84595	S	13	0	13	0.0000681010
Gordonia terrae	2055	S	10	3	13	0.0000681010
Gordonia rubripertincta	36822	S	10	3	13	0.0000681010
Microterricola viridarii	412690	S	12	1	13	0.0000681010
Micrococcus sp. A1	404583	S	2	11	13	0.0000681010
Micromonospora sp. B006	2201999	S	10	3	13	0.0000681010
Candidatus Planktophila lacus	1884913	S	13	0	13	0.0000681010
Staphylococcus pasteuri	45972	S	12	1	13	0.0000681010
Streptococcus sanguinis	1305	S	13	0	13	0.0000681010
Nostoc sp. 'Lobaria pulmonaria (5183) cyanobiont'	1618022	S	10	3	13	0.0000681010
Acaryochloris marina	155978	S	13	0	13	0.0000681010
Winogradskyella sp. PC-19	754417	S	10	3	13	0.0000681010
Chryseobacterium lactis	1241981	S	8	5	13	0.0000681010
Riemerella anatipestifer	34085	S	5	8	13	0.0000681010
Pedobacter sp. CJ43	2605747	S	13	0	13	0.0000681010
Sphingobacterium daejeonense	371142	S	12	1	13	0.0000681010
Niabella ginsenosidivorans	1176587	S	13	0	13	0.0000681010
Bacteroides ovatus	28116	S	8	5	13	0.0000681010
Alistipes onderdonkii	328813	S	12	1	13	0.0000681010
Lacunisphaera limnophila	1838286	S	11	2	13	0.0000681010
Curvibacter virus P26059B	2733926	S	13	0	13	0.0000681010
Burkholderia contaminans	488447	S	9	3	12	0.0000628624
Cupriavidus neocaledonicus	1040979	S	7	5	12	0.0000628624
Paraburkholderia tropica	92647	S	11	1	12	0.0000628624
Herbaspirillum sp. meg3	2025949	S	12	0	12	0.0000628624
Undibacterium sp. KW1	2058624	S	7	5	12	0.0000628624
Achromobacter deleyi	1353891	S	8	4	12	0.0000628624
Azoarcus communis	41977	S	12	0	12	0.0000628624
Sulfuriferula nivalis	2675298	S	12	0	12	0.0000628624
Sulfuritortus calidifontis	1914471	S	12	0	12	0.0000628624
Pseudomonas rhodesiae	76760	S	11	1	12	0.0000628624
Pseudomonas brassicacearum	930166	S	2	10	12	0.0000628624
Pantoea rwandensis	1076550	S	12	0	12	0.0000628624
Aeromonas caviae	648	S	6	6	12	0.0000628624
Bradyrhizobium sp. PSBB068	2715960	S	10	2	12	0.0000628624
Bosea sp. Tri-49	1867715	S	11	1	12	0.0000628624
Methylobacterium terrae	2202827	S	11	1	12	0.0000628624
Methylobacterium oryzae	334852	S	2	10	12	0.0000628624
Ensifer adhaerens	106592	S	11	1	12	0.0000628624
Kaistia sp. 32K	2795690	S	11	1	12	0.0000628624
Sphingomonas sp. HDW15C	2714944	S	12	0	12	0.0000628624
Sphingomonas sp. AP4-R1	2735134	S	12	0	12	0.0000628624
Sphingomonas sp. LK11	1390395	S	11	1	12	0.0000628624
Sphingomonas insulae	424800	S	12	0	12	0.0000628624
Sphingobium sp. KCTC 72723	2733867	S	12	0	12	0.0000628624
Altererythrobacter sp. B11	2060312	S	10	2	12	0.0000628624
Rhodobacter blasticus	1075	S	12	0	12	0.0000628624
Sulfitobacter sp. THAF37	2587855	S	6	6	12	0.0000628624
Yangia sp. CCB-MM3	1792508	S	12	0	12	0.0000628624
Azospirillum sp. TSA2s	709810	S	7	5	12	0.0000628624
Niveispirillum cyanobacteriorum	1612173	S	11	1	12	0.0000628624
Hyphomonas sp. KY3	2016196	S	11	1	12	0.0000628624
Nocardioides sp. JS614	196162	S	11	1	12	0.0000628624
Rhodococcus hoagii	43767	S	10	2	12	0.0000628624
Corynebacterium lactis	1231000	S	12	0	12	0.0000628624
Corynebacterium bovis	36808	S	12	0	12	0.0000628624
Corynebacterium ammoniagenes	1697	S	11	1	12	0.0000628624
Corynebacterium striatum	43770	S	9	3	12	0.0000628624
Mycolicibacterium mucogenicum	56689	S	10	2	12	0.0000628624
Microbacterium sp. 10M-3C3	2483401	S	9	3	12	0.0000628624
Microbacterium pygmaeum	370764	S	12	0	12	0.0000628624
Brevibacterium casei	33889	S	11	1	12	0.0000628624
Streptomyces chartreusis	1969	S	12	0	12	0.0000628624
Streptacidiphilus sp. P02-A3a	2704468	S	11	1	12	0.0000628624
Amycolatopsis albispora	1804986	S	9	3	12	0.0000628624
Prauserella marina	530584	S	12	0	12	0.0000628624
Actinoplanes sp. OR16	946334	S	6	6	12	0.0000628624
Epidermidibacterium keratini	1891644	S	11	1	12	0.0000628624
Virgibacillus necropolis	163877	S	10	2	12	0.0000628624
Jeotgalibaca porci	1868793	S	11	1	12	0.0000628624
Flavobacterium arcticum	1784713	S	12	0	12	0.0000628624
Capnocytophaga sp. oral taxon 864	1316593	S	4	8	12	0.0000628624
Chryseobacterium sp. IHB B 17019	1721091	S	11	1	12	0.0000628624
Chryseobacterium gallinarum	1324352	S	10	2	12	0.0000628624
Mucilaginibacter gotjawali	1550579	S	12	0	12	0.0000628624
Mucilaginibacter rubeus	2027860	S	2	10	12	0.0000628624
Spirosoma sp. CJU-R4	2728024	S	12	0	12	0.0000628624
Runella slithyformis	106	S	11	1	12	0.0000628624
Hymenobacter sp. APR13	1356852	S	7	5	12	0.0000628624
Arachidicoccus sp. BS20	1850526	S	11	1	12	0.0000628624
Flavisolibacter tropicus	1492898	S	10	2	12	0.0000628624
Anatilimnocola aggregata	2528021	S	10	2	12	0.0000628624
Paludisphaera borealis	1387353	S	8	4	12	0.0000628624
Cupriavidus campinensis	151783	S	10	1	11	0.0000576239
Polynucleobacter asymbioticus	576611	S	11	0	11	0.0000576239
Paraburkholderia sp. 7MH5	2547399	S	11	0	11	0.0000576239
Herbaspirillum frisingense	92645	S	10	1	11	0.0000576239
Undibacterium parvum	401471	S	10	1	11	0.0000576239
Castellaniella defragrans	75697	S	11	0	11	0.0000576239
Azoarcus sp. CIB	198107	S	9	2	11	0.0000576239
Neisseria shayeganii	607712	S	11	0	11	0.0000576239
Acinetobacter wuhouensis	1879050	S	10	1	11	0.0000576239
Acinetobacter defluvii	1871111	S	9	2	11	0.0000576239
Pseudomonas sp. J380	2605424	S	8	3	11	0.0000576239
Pseudomonas fragi	296	S	8	3	11	0.0000576239
Pantoea vagans	470934	S	9	2	11	0.0000576239
Mannheimia pernigra	111844	S	10	1	11	0.0000576239
Bradyrhizobium sp. TM102	2599819	S	1	10	11	0.0000576239
Bradyrhizobium guangxiense	1325115	S	7	4	11	0.0000576239
Neorhizobium galegae	399	S	11	0	11	0.0000576239
Mesorhizobium sp. L-2-11	2744521	S	9	2	11	0.0000576239
Devosia sp. I507	2083786	S	11	0	11	0.0000576239
Rhodoplanes sp. Z2-YC6860	674703	S	11	0	11	0.0000576239
Brucella sp. 09RB8910	1844051	S	6	5	11	0.0000576239
Ochrobactrum sp. MT180101	2726427	S	4	7	11	0.0000576239
Methylocystis rosea	173366	S	9	2	11	0.0000576239
Sphingomonas panacis	1560345	S	11	0	11	0.0000576239
Sphingobium sp. SYK-6	627192	S	9	2	11	0.0000576239
Novosphingobium sp. Gsoil 351	2675225	S	11	0	11	0.0000576239
Porphyrobacter sp. YT40	2547601	S	6	5	11	0.0000576239
Sphingosinicella sp. BN140058	1892855	S	11	0	11	0.0000576239
Sphingosinicella sp. UDD2	2771430	S	11	0	11	0.0000576239
Rhodobacter sp. LPB0142	1850250	S	8	3	11	0.0000576239
Roseovarius sp. THAF8	2587846	S	3	8	11	0.0000576239
Sagittula sp. P11	2009329	S	5	6	11	0.0000576239
Caulobacter mirabilis	69666	S	10	1	11	0.0000576239
Caulobacter rhizosphaerae	2010972	S	9	2	11	0.0000576239
Terricaulis silvestris	2686094	S	11	0	11	0.0000576239
Nocardioides sp. zg-1228	2763008	S	10	1	11	0.0000576239
Nocardioides sp. HDW12B	2714939	S	10	1	11	0.0000576239
Nocardia mangyaensis	2213200	S	10	1	11	0.0000576239
Corynebacterium glutamicum	1718	S	1	10	11	0.0000576239
Microbacterium sp. TPU 3598	1938334	S	9	2	11	0.0000576239
Agromyces sp. LHK192	2498704	S	8	3	11	0.0000576239
Dermacoccus sp. PAMC28757	2762331	S	10	1	11	0.0000576239
Rothia aeria	172042	S	10	1	11	0.0000576239
Rothia terrae	396015	S	8	3	11	0.0000576239
Brevibacterium linens	1703	S	10	1	11	0.0000576239
Cellulomonas flavigena	1711	S	11	0	11	0.0000576239
Streptomyces albireticuli	1940	S	11	0	11	0.0000576239
Kutzneria albida	43357	S	10	1	11	0.0000576239
Conexibacter sp. SYSU D00693	2812560	S	11	0	11	0.0000576239
Streptococcus oralis	1303	S	8	3	11	0.0000576239
Enterococcus cecorum	44008	S	10	1	11	0.0000576239
Clostridium saccharobutylicum	169679	S	11	0	11	0.0000576239
Scytonema sp. NIES-4073	2005464	S	7	4	11	0.0000576239
Planktothrix rubescens	59512	S	7	4	11	0.0000576239
Truepera radiovictrix	332249	S	11	0	11	0.0000576239
Polaribacter sp. G4M1	2808900	S	10	1	11	0.0000576239
Empedobacter falsenii	343874	S	8	3	11	0.0000576239
Pedobacter steynii	430522	S	10	1	11	0.0000576239
Solitalea canadensis	995	S	11	0	11	0.0000576239
Pseudopedobacter saltans	151895	S	9	2	11	0.0000576239
Arachidicoccus sp. B3-10	2545455	S	11	0	11	0.0000576239
Alienimonas californiensis	2527989	S	10	1	11	0.0000576239
Akkermansia muciniphila	239935	S	11	0	11	0.0000576239
Paludibaculum fermentans	1473598	S	11	0	11	0.0000576239
Burkholderia pyrrocinia	60550	S	8	2	10	0.0000523854
Burkholderia thailandensis	57975	S	9	1	10	0.0000523854
Burkholderia sp. IDO3	1705310	S	5	5	10	0.0000523854
Cupriavidus oxalaticus	96344	S	9	1	10	0.0000523854
Herbaspirillum robiniae	2014887	S	9	1	10	0.0000523854
Achromobacter sp. AONIH1	1758194	S	9	1	10	0.0000523854
Dechloromonas sp. HYN0024	2231055	S	10	0	10	0.0000523854
Dechloromonas sp. TW-R-39-2	2654218	S	10	0	10	0.0000523854
Denitratisoma sp. DHT3	1981880	S	10	0	10	0.0000523854
Chitinibacter fontanus	1737446	S	9	1	10	0.0000523854
Acinetobacter sp. TGL-Y2	1407071	S	10	0	10	0.0000523854
Psychrobacter sp. PRwf-1	349106	S	4	6	10	0.0000523854
Psychrobacter sp. YP14	2203895	S	4	6	10	0.0000523854
Pseudomonas palleroniana	191390	S	10	0	10	0.0000523854
Candidatus Methylospira mobilis	1808979	S	10	0	10	0.0000523854
Bradyrhizobium sp. CCBAU 53421	1325120	S	8	2	10	0.0000523854
Bradyrhizobium sp. WSM471	319017	S	2	8	10	0.0000523854
Bradyrhizobium genosp. L	83637	S	9	1	10	0.0000523854
Bradyrhizobium arachidis	858423	S	8	2	10	0.0000523854
Methylobacterium phyllosphaerae	418223	S	5	5	10	0.0000523854
Sinorhizobium medicae	110321	S	9	1	10	0.0000523854
Mesorhizobium sp. NZP2298	2483403	S	7	3	10	0.0000523854
Mesorhizobium sp. 113-1-2	2744515	S	2	8	10	0.0000523854
Paradevosia shaoguanensis	1335043	S	7	3	10	0.0000523854
Aureimonas sp. AU20	1349819	S	10	0	10	0.0000523854
Stappia indica	538381	S	9	1	10	0.0000523854
Sphingomonas sp. C33	2698679	S	10	0	10	0.0000523854
Sphingobium sp. RAC03	1843368	S	9	1	10	0.0000523854
Sphingobium sp. Cam5-1	2789327	S	8	2	10	0.0000523854
Sphingosinithalassobacter sp. CS137	2762748	S	10	0	10	0.0000523854
Erythrobacter sp. 6D36	2782568	S	10	0	10	0.0000523854
Paraoceanicella profunda	2579971	S	8	2	10	0.0000523854
Brevundimonas mediterranea	74329	S	9	1	10	0.0000523854
Skermanella sp. TT6	2775420	S	5	5	10	0.0000523854
Roseomonas mucosa	207340	S	2	8	10	0.0000523854
Ehrlichia canis	944	S	10	0	10	0.0000523854
Hyphomonas sp. CACIAM 19H1	1873716	S	10	0	10	0.0000523854
Pyxidicoccus sp. SCPEA002	2813578	S	9	1	10	0.0000523854
Desulfovibrio alaskensis	58180	S	6	4	10	0.0000523854
Mycolicibacterium litorale	758802	S	9	1	10	0.0000523854
Mycolicibacterium phocaicum	319706	S	9	1	10	0.0000523854
Mycolicibacterium boenickei	146017	S	3	7	10	0.0000523854
Microbacterium sp. CBA3102	2603598	S	8	2	10	0.0000523854
Microbacterium sp. 1S1	2606451	S	6	4	10	0.0000523854
Microbacterium oxydans	82380	S	8	2	10	0.0000523854
Microbacterium sediminis	904291	S	7	3	10	0.0000523854
Curtobacterium sp. Csp2	2495430	S	5	5	10	0.0000523854
Clavibacter michiganensis	28447	S	9	1	10	0.0000523854
Microcella alkaliphila	279828	S	10	0	10	0.0000523854
Humibacter sp. WJ7-1	2599293	S	9	1	10	0.0000523854
Frigoribacterium sp. NBH87	2596916	S	9	1	10	0.0000523854
Kocuria varians	1272	S	8	2	10	0.0000523854
Arthrobacter sp. U41	1849032	S	10	0	10	0.0000523854
Kytococcus sedentarius	1276	S	9	1	10	0.0000523854
Streptomyces glomeroaurantiacus	68210	S	10	0	10	0.0000523854
Streptomyces lydicus	47763	S	9	1	10	0.0000523854
Pseudonocardia sp. HH130629-09	1641402	S	6	4	10	0.0000523854
Saccharothrix syringae	103733	S	9	1	10	0.0000523854
Actinocatenispora thailandica	227318	S	10	0	10	0.0000523854
Schaalia odontolytica	1660	S	10	0	10	0.0000523854
Egicoccus halophilus	1670830	S	10	0	10	0.0000523854
Staphylococcus equorum	246432	S	5	5	10	0.0000523854
Streptococcus agalactiae	1311	S	1	9	10	0.0000523854
Clostridium tetani	1513	S	10	0	10	0.0000523854
Clostridioides difficile	1496	S	9	1	10	0.0000523854
[Clostridium] innocuum	1522	S	7	3	10	0.0000523854
Nostoc sp. TCL26-01	2576904	S	10	0	10	0.0000523854
Nostoc edaphicum	264686	S	10	0	10	0.0000523854
Sphaerospermopsis kisseleviana	289435	S	9	1	10	0.0000523854
Gloeobacter violaceus	33072	S	10	0	10	0.0000523854
Flavobacterium sp. I3-2	2748319	S	5	5	10	0.0000523854
Flavobacterium faecale	1355330	S	10	0	10	0.0000523854
Flavobacterium sediminis	2201181	S	6	4	10	0.0000523854
Polaribacter sp. ALD11	2058137	S	9	1	10	0.0000523854
Lacinutrix sp. Bg11-31	2057808	S	9	1	10	0.0000523854
Amniculibacterium sp. G2-70	2767188	S	6	4	10	0.0000523854
Fluviicola taffensis	191579	S	10	0	10	0.0000523854
Pedobacter sp. eg	2201271	S	10	0	10	0.0000523854
Sphingobacterium sp. G1-14	2003121	S	3	7	10	0.0000523854
Phocaeicola salanitronis	376805	S	10	0	10	0.0000523854
Chlorobium phaeobacteroides	1096	S	8	2	10	0.0000523854
Lacipirellula parvula	2650471	S	10	0	10	0.0000523854
Verrucomicrobium sp. GAS474	1882831	S	10	0	10	0.0000523854
Candidatus Prometheoarchaeum syntrophicum	2594042	S	10	0	10	0.0000523854
Polaromonas sp.	1869339	S	5	4	9	0.0000471468
Burkholderia lata	482957	S	7	2	9	0.0000471468
Cupriavidus sp. USMAA2-4	876364	S	2	7	9	0.0000471468
Pandoraea pulmonicola	93221	S	9	0	9	0.0000471468
Janthinobacterium sp. 17J80-10	2497863	S	9	0	9	0.0000471468
Massilia umbonata	864828	S	7	2	9	0.0000471468
Herbaspirillum seropedicae	964	S	8	1	9	0.0000471468
Bordetella avium	521	S	9	0	9	0.0000471468
Bordetella genomosp. 13	463040	S	9	0	9	0.0000471468
Azoarcus sp. KH32C	748247	S	9	0	9	0.0000471468
Azoarcus sp. M9-3-2	2016596	S	9	0	9	0.0000471468
Azoarcus sp. DD4	2027405	S	8	1	9	0.0000471468
Azoarcus pumilus	2067960	S	9	0	9	0.0000471468
Aromatoleum petrolei	76116	S	8	1	9	0.0000471468
Sulfurimicrobium lacus	2715678	S	9	0	9	0.0000471468
Usitatibacter palustris	2732487	S	9	0	9	0.0000471468
Candidatus Accumulibacter phosphatis	327160	S	9	0	9	0.0000471468
Acinetobacter sp. CS-2	2798861	S	7	2	9	0.0000471468
Acinetobacter baylyi	202950	S	9	0	9	0.0000471468
Pseudomonas sp. CC6-YY-74	1930532	S	9	0	9	0.0000471468
Pseudomonas sp. NC02	2067572	S	4	5	9	0.0000471468
Pseudomonas mandelii	75612	S	4	5	9	0.0000471468
Pseudomonas agarici	46677	S	9	0	9	0.0000471468
Pseudomonas entomophila	312306	S	9	0	9	0.0000471468
Enterobacter cloacae	550	S	7	2	9	0.0000471468
Enterobacter roggenkampii	1812935	S	6	3	9	0.0000471468
Pantoea stewartii	66269	S	9	0	9	0.0000471468
Candidatus Erwinia haradaeae	1922217	S	9	0	9	0.0000471468
Hafnia alvei	569	S	8	1	9	0.0000471468
Xanthomonas translucens	343	S	9	0	9	0.0000471468
Xanthomonas vasicola	56459	S	9	0	9	0.0000471468
Stenotrophomonas sp. CW117	2775920	S	1	8	9	0.0000471468
Lysobacter oculi	2698682	S	9	0	9	0.0000471468
Thermomonas sp. XSG	2771436	S	8	1	9	0.0000471468
Alcanivorax sp. N3-2A	2014542	S	8	1	9	0.0000471468
Legionella fallonii	96230	S	9	0	9	0.0000471468
Vibrio sp. SM1977	2662262	S	9	0	9	0.0000471468
Bradyrhizobium sp. 6(2017)	1197460	S	8	1	9	0.0000471468
Bradyrhizobium cosmicum	1404864	S	8	1	9	0.0000471468
Rhizobium etli	29449	S	7	2	9	0.0000471468
Agrobacterium vitis	373	S	9	0	9	0.0000471468
Mesorhizobium sp. M8A.F.Ca.ET.057.01.1.1	2493679	S	8	1	9	0.0000471468
Mesorhizobium huakuii	28104	S	3	6	9	0.0000471468
Nitratireductor sp. SY7	2599600	S	8	1	9	0.0000471468
Sphingomonas sp. HDW15B	2714943	S	9	0	9	0.0000471468
Porphyrobacter sp. CACIAM 03H1	2003315	S	7	2	9	0.0000471468
Altererythrobacter sp. BO-6	2604537	S	9	0	9	0.0000471468
Sphingosinicella microcystinivorans	335406	S	9	0	9	0.0000471468
Silicimonas algicola	1826607	S	9	0	9	0.0000471468
Brevundimonas sp. LM2	1938605	S	9	0	9	0.0000471468
Brevundimonas sp. M20	2591463	S	9	0	9	0.0000471468
Brevundimonas sp. GRTSA-9	2800818	S	9	0	9	0.0000471468
Azospirillum thermophilum	2202148	S	8	1	9	0.0000471468
Ferrovibrio terrae	2594003	S	9	0	9	0.0000471468
Poseidonibacter parvus	1850254	S	2	7	9	0.0000471468
Campylobacter jejuni	197	S	2	7	9	0.0000471468
Bdellovibrio sp. KM01	2748865	S	5	4	9	0.0000471468
Nocardioides sp. 603	2483798	S	8	1	9	0.0000471468
Pimelobacter simplex	2045	S	8	1	9	0.0000471468
Rhodococcus ruber	1830	S	8	1	9	0.0000471468
Nocardia sp. CS682	1047172	S	9	0	9	0.0000471468
Mycolicibacterium aurum	1791	S	9	0	9	0.0000471468
Mycolicibacterium fallax	1793	S	8	1	9	0.0000471468
Mycolicibacterium frederiksbergense	117567	S	8	1	9	0.0000471468
Gordonia insulae	2420509	S	9	0	9	0.0000471468
Microbacterium sp. ABRD_28	2268461	S	9	0	9	0.0000471468
Microbacterium oryzae	743009	S	8	1	9	0.0000471468
Rathayibacter festucae	110937	S	6	3	9	0.0000471468
Leucobacter triazinivorans	1784719	S	8	1	9	0.0000471468
Brevibacterium sp. PAMC23299	2762330	S	1	8	9	0.0000471468
Streptomyces nitrosporeus	28894	S	9	0	9	0.0000471468
Streptomyces pactum	68249	S	9	0	9	0.0000471468
Streptomyces niveus	193462	S	9	0	9	0.0000471468
Micromonospora echinofusca	47858	S	8	1	9	0.0000471468
Actinomadura sp. WMMA1423	2591108	S	8	1	9	0.0000471468
Catenulispora acidiphila	304895	S	9	0	9	0.0000471468
Staphylococcus haemolyticus	1283	S	8	1	9	0.0000471468
Lactococcus garvieae	1363	S	7	2	9	0.0000471468
Lactobacillus delbrueckii	1584	S	8	1	9	0.0000471468
Limosilactobacillus fermentum	1613	S	8	1	9	0.0000471468
Blautia obeum	40520	S	6	3	9	0.0000471468
Chamaesiphon minutus	1173032	S	9	0	9	0.0000471468
Flavobacterium sp. P2-65	2748320	S	9	0	9	0.0000471468
Flavobacterium sp. HYN0086	2249356	S	7	2	9	0.0000471468
Flavobacterium alkalisoli	2602769	S	9	0	9	0.0000471468
Flavobacterium magnum	2162713	S	9	0	9	0.0000471468
Flavobacterium haoranii	683124	S	7	2	9	0.0000471468
Flavobacterium nitrogenifigens	1617283	S	6	3	9	0.0000471468
Capnocytophaga gingivalis	1017	S	8	1	9	0.0000471468
Winogradskyella sp. PG-2	754409	S	9	0	9	0.0000471468
Winogradskyella sp. J14-2	1936080	S	9	0	9	0.0000471468
Tenacibaculum maritimum	107401	S	8	1	9	0.0000471468
Lacinutrix sp. WUR7	2653681	S	8	1	9	0.0000471468
Changchengzhania lutea	2049305	S	9	0	9	0.0000471468
Sphingobacterium lactis	797291	S	7	2	9	0.0000471468
Mucilaginibacter ginsenosidivorans	398053	S	9	0	9	0.0000471468
Adhaeribacter swui	2086471	S	9	0	9	0.0000471468
Roseivirga pacifica	1267423	S	9	0	9	0.0000471468
Arachidicoccus soli	2341117	S	9	0	9	0.0000471468
Filimonas lacunae	477680	S	8	1	9	0.0000471468
Prevotella intermedia	28131	S	8	1	9	0.0000471468
Gimesia alba	2527973	S	6	3	9	0.0000471468
Bremerella volcania	2527984	S	8	1	9	0.0000471468
Ereboglobus luteus	1796921	S	9	0	9	0.0000471468
Thermocrinis minervae	381751	S	5	4	9	0.0000471468
Nitrospira moscoviensis	42253	S	9	0	9	0.0000471468
Burkholderia oklahomensis	342113	S	7	1	8	0.0000419083
Paraburkholderia acidiphila	2571747	S	8	0	8	0.0000419083
Lautropia mirabilis	47671	S	8	0	8	0.0000419083
Thiomonas arsenitoxydans	426114	S	3	5	8	0.0000419083
Bordetella bronchialis	463025	S	8	0	8	0.0000419083
Azoarcus olearius	418699	S	7	1	8	0.0000419083
Denitratisoma oestradiolicum	311182	S	8	0	8	0.0000419083
Methylophilus medardicus	2588534	S	8	0	8	0.0000419083
Methylotenera versatilis	1055487	S	8	0	8	0.0000419083
Chromobacterium vaccinii	1108595	S	8	0	8	0.0000419083
Acinetobacter tandoii	202954	S	8	0	8	0.0000419083
Acinetobacter larvae	1789224	S	8	0	8	0.0000419083
Acinetobacter towneri	202956	S	4	4	8	0.0000419083
Pseudomonas sp. LG1E9	2219057	S	8	0	8	0.0000419083
Pseudomonas sp. ATCC 13867	1294143	S	8	0	8	0.0000419083
Pseudomonas sp. TUM18999	2725477	S	8	0	8	0.0000419083
Pseudomonas simiae	321846	S	8	0	8	0.0000419083
Pseudomonas sediminis	1691904	S	8	0	8	0.0000419083
Klebsiella aerogenes	548	S	8	0	8	0.0000419083
Citrobacter sp. BDA59-3	2781952	S	2	6	8	0.0000419083
Cronobacter sakazakii	28141	S	6	2	8	0.0000419083
Serratia plymuthica	82996	S	8	0	8	0.0000419083
Serratia ureilytica	300181	S	1	7	8	0.0000419083
Xanthomonas hortorum	56454	S	8	0	8	0.0000419083
Stenotrophomonas sp. LM091	1904944	S	8	0	8	0.0000419083
Lysobacter sp. H21R20	2781022	S	4	4	8	0.0000419083
Halomonas hydrothermalis	115561	S	6	2	8	0.0000419083
Shewanella polaris	2588449	S	2	6	8	0.0000419083
Francisella orientalis	299583	S	5	3	8	0.0000419083
Bradyrhizobium vignae	1549949	S	7	1	8	0.0000419083
Methylobacterium sp. WL1	2603276	S	8	0	8	0.0000419083
Methylobacterium nodulans	114616	S	8	0	8	0.0000419083
Microvirga sp. VF16	2807101	S	8	0	8	0.0000419083
Microvirga thermotolerans	2651334	S	7	1	8	0.0000419083
Methylovirgula ligni	569860	S	8	0	8	0.0000419083
Pyruvatibacter mobilis	1712261	S	8	0	8	0.0000419083
Parvibaculum lavamentivorans	256618	S	7	1	8	0.0000419083
Breoghania sp. L-A4	2304600	S	8	0	8	0.0000419083
Sphingomonas sp. sand1-3	2764186	S	8	0	8	0.0000419083
Sphingomonas sp. Cra20	1327635	S	8	0	8	0.0000419083
Novosphingopyxis sp. PB63	2762729	S	7	1	8	0.0000419083
Erythrobacter sp. HKB08	2502843	S	8	0	8	0.0000419083
Erythrobacter mangrovi	2739433	S	6	2	8	0.0000419083
Paracoccus sp. BM15	1529068	S	8	0	8	0.0000419083
Paracoccus sp. Arc7-R13	2500532	S	7	1	8	0.0000419083
Paracoccus zhejiangensis	1077935	S	7	1	8	0.0000419083
Paracoccus denitrificans	266	S	6	2	8	0.0000419083
Sulfitobacter pseudonitzschiae	1402135	S	6	2	8	0.0000419083
Roseivivax sp. THAF30	2587852	S	7	1	8	0.0000419083
Epibacterium mobile	379347	S	5	3	8	0.0000419083
Brevirhabdus pacifica	1267768	S	4	4	8	0.0000419083
Phreatobacter cathodiphilus	1868589	S	8	0	8	0.0000419083
Corallococcus coralloides	184914	S	7	1	8	0.0000419083
Halarcobacter ebronensis	1462615	S	8	0	8	0.0000419083
Nocardioides sp. S-1144	2582905	S	7	1	8	0.0000419083
Rhodococcus sp. P-2	2795031	S	7	1	8	0.0000419083
Rhodococcus fascians	1828	S	7	1	8	0.0000419083
Nocardia brasiliensis	37326	S	8	0	8	0.0000419083
Nocardia arthritidis	228602	S	8	0	8	0.0000419083
Corynebacterium segmentosum	43990	S	8	0	8	0.0000419083
Mycolicibacterium anyangense	1431246	S	8	0	8	0.0000419083
Mycolicibacterium arabiense	1286181	S	8	0	8	0.0000419083
Mycolicibacterium gilvum	1804	S	8	0	8	0.0000419083
Mycolicibacterium nivoides	2487344	S	1	7	8	0.0000419083
Gordonia sp. YC-JH1	2059875	S	6	2	8	0.0000419083
Microbacterium oleivorans	273677	S	8	0	8	0.0000419083
Leifsonia sp. 21MFCrub1.1	1798223	S	1	7	8	0.0000419083
Paenarthrobacter ureafaciens	37931	S	3	5	8	0.0000419083
Rothia kristinae	37923	S	7	1	8	0.0000419083
Janibacter melonis	262209	S	8	0	8	0.0000419083
Intrasporangium calvum	53358	S	8	0	8	0.0000419083
Cellulomonas gilvus	11	S	8	0	8	0.0000419083
Ornithinimicrobium sp. HY006	2508882	S	8	0	8	0.0000419083
Streptomyces sp. SN-593	659352	S	8	0	8	0.0000419083
Streptomyces galilaeus	33899	S	8	0	8	0.0000419083
Streptomyces globosus	68209	S	8	0	8	0.0000419083
Streptomyces hygroscopicus	1912	S	7	1	8	0.0000419083
Pseudonocardia autotrophica	2074	S	7	1	8	0.0000419083
Saccharothrix espanaensis	103731	S	7	1	8	0.0000419083
Actinoplanes missouriensis	1866	S	7	1	8	0.0000419083
Jiangella alkaliphila	419479	S	6	2	8	0.0000419083
Bacillus velezensis	492670	S	1	7	8	0.0000419083
Staphylococcus lugdunensis	28035	S	8	0	8	0.0000419083
Staphylococcus cohnii	29382	S	6	2	8	0.0000419083
Clostridium estertheticum	238834	S	8	0	8	0.0000419083
Clostridium saccharoperbutylacetonicum	36745	S	8	0	8	0.0000419083
Clostridium kluyveri	1534	S	8	0	8	0.0000419083
Clostridium sporogenes	1509	S	2	6	8	0.0000419083
Calothrix sp. PCC 7507	99598	S	7	1	8	0.0000419083
Candidatus Promineofilum breve	1806508	S	8	0	8	0.0000419083
Flavobacterium sp. CS20	2775246	S	6	2	8	0.0000419083
Flavobacterium kingsejongi	1678728	S	8	0	8	0.0000419083
Polaribacter sp. KT25b	1855336	S	8	0	8	0.0000419083
Tenacibaculum sp. DSM 106434	2358479	S	7	1	8	0.0000419083
Tenacibaculum mesophilum	104268	S	7	1	8	0.0000419083
Algibacter sp. L1A34	2686365	S	7	1	8	0.0000419083
Cellulophaga baltica	76594	S	7	1	8	0.0000419083
Aequorivita sublithincola	101385	S	8	0	8	0.0000419083
Seonamhaeicola sp. S2-3	1936081	S	7	1	8	0.0000419083
Siansivirga zeaxanthinifaciens	762954	S	7	1	8	0.0000419083
Oceanihabitans sp. IOP_32	2529032	S	6	2	8	0.0000419083
Empedobacter brevis	247	S	7	1	8	0.0000419083
Candidatus Sulcia muelleri	336810	S	8	0	8	0.0000419083
Mucilaginibacter mallensis	652787	S	8	0	8	0.0000419083
Mucilaginibacter mali	2740462	S	8	0	8	0.0000419083
Spirosoma radiotolerans	1379870	S	8	0	8	0.0000419083
Fibrella sp. ES10-3-2-2	1834519	S	8	0	8	0.0000419083
Hymenobacter sp. TS19	2735321	S	8	0	8	0.0000419083
Hymenobacter radiodurans	2496028	S	3	5	8	0.0000419083
Bernardetia litoralis	999	S	8	0	8	0.0000419083
Marivirga tractuosa	1006	S	6	2	8	0.0000419083
Chitinophaga caeni	2029983	S	8	0	8	0.0000419083
Prevotella melaninogenica	28132	S	5	3	8	0.0000419083
Salinibacter ruber	146919	S	8	0	8	0.0000419083
Symmachiella dynata	2527995	S	8	0	8	0.0000419083
Aureliella helgolandensis	2527968	S	8	0	8	0.0000419083
Chlamydia abortus	83555	S	2	6	8	0.0000419083
Candidatus Solibacter usitatus	332163	S	8	0	8	0.0000419083
Brachyspira murdochii	84378	S	8	0	8	0.0000419083
Burkholderia metallica	488729	S	6	1	7	0.0000366698
Burkholderia ubonensis	101571	S	4	3	7	0.0000366698
Paraburkholderia acidisoli	2571748	S	7	0	7	0.0000366698
Ephemeroptericola cinctiostellae	2268024	S	7	0	7	0.0000366698
Herbaspirillum hiltneri	341045	S	7	0	7	0.0000366698
Achromobacter insolitus	217204	S	7	0	7	0.0000366698
Bordetella sp. H567	1697043	S	7	0	7	0.0000366698
Sterolibacterium denitrificans	157592	S	7	0	7	0.0000366698
Sideroxydans lithotrophicus	63745	S	7	0	7	0.0000366698
Usitatibacter rugosus	2732067	S	7	0	7	0.0000366698
Chromobacterium phragmitis	2202141	S	7	0	7	0.0000366698
Aquitalea denitrificans	519081	S	4	3	7	0.0000366698
Acinetobacter sp. C16S1	2609668	S	6	1	7	0.0000366698
Acinetobacter sp. 10FS3-1	2563897	S	5	2	7	0.0000366698
Acinetobacter venetianus	52133	S	7	0	7	0.0000366698
Psychrobacter sp.	56811	S	5	2	7	0.0000366698
Pseudomonas sp. Tri1	2823875	S	7	0	7	0.0000366698
Pseudomonas sp. MPC6	2498848	S	7	0	7	0.0000366698
Pseudomonas orientalis	76758	S	7	0	7	0.0000366698
Pseudomonas savastanoi	29438	S	3	4	7	0.0000366698
Pseudomonas psychrotolerans	237610	S	7	0	7	0.0000366698
Pseudomonas yamanorum	515393	S	7	0	7	0.0000366698
Klebsiella michiganensis	1134687	S	6	1	7	0.0000366698
Enterobacter kobei	208224	S	3	4	7	0.0000366698
Citrobacter freundii complex sp. CFNIH9	2077149	S	2	5	7	0.0000366698
Raoultella planticola	575	S	6	1	7	0.0000366698
Pantoea sp. SO10	2575375	S	7	0	7	0.0000366698
Pantoea ananatis	553	S	7	0	7	0.0000366698
Erwinia gerundensis	1619313	S	7	0	7	0.0000366698
Rahnella sp. ERMR1:05	1805933	S	3	4	7	0.0000366698
Providencia rustigianii	158850	S	7	0	7	0.0000366698
Stenotrophomonas sp. WZN-1	2005046	S	5	2	7	0.0000366698
Stenotrophomonas sp. MYb57	1827305	S	2	5	7	0.0000366698
Lysobacter sp. TY2-98	2290922	S	7	0	7	0.0000366698
Lysobacter gummosus	262324	S	7	0	7	0.0000366698
Lysobacter lycopersici	1324796	S	7	0	7	0.0000366698
Luteimonas granuli	1176533	S	7	0	7	0.0000366698
Luteibacter pinisoli	2589080	S	7	0	7	0.0000366698
Shewanella putrefaciens	24	S	1	6	7	0.0000366698
Pseudoalteromonas undina	43660	S	5	2	7	0.0000366698
Legionella sp. TUM19329	2708020	S	7	0	7	0.0000366698
Legionella waltersii	66969	S	7	0	7	0.0000366698
Candidatus Rickettsiella viridis	676208	S	7	0	7	0.0000366698
Vibrio parahaemolyticus	670	S	6	1	7	0.0000366698
Vibrio vulnificus	672	S	7	0	7	0.0000366698
Rheinheimera sp. LHK132	2498451	S	7	0	7	0.0000366698
Thiohalobacter sp. COW1	2795687	S	2	5	7	0.0000366698
Aeromonas hydrophila	644	S	6	1	7	0.0000366698
Solimonas sp. K1W22B-7	2303331	S	7	0	7	0.0000366698
Sulfuricaulis limicola	1620215	S	7	0	7	0.0000366698
Bradyrhizobium sp. CCGE-LA001	1223566	S	6	1	7	0.0000366698
Bradyrhizobium sp. CCBAU 53351	1325114	S	4	3	7	0.0000366698
Rhizobium sp. CCGE531	2364271	S	2	5	7	0.0000366698
Rhizobium flavum	1335061	S	5	2	7	0.0000366698
Sinorhizobium meliloti	382	S	7	0	7	0.0000366698
Mesorhizobium sp. M7A.F.Ce.TU.012.03.2.1	2493681	S	6	1	7	0.0000366698
Mesorhizobium sp. M1B.F.Ca.ET.045.04.1.1	2493673	S	6	1	7	0.0000366698
Devosia ginsengisoli	400770	S	7	0	7	0.0000366698
Hyphomicrobium denitrificans	53399	S	7	0	7	0.0000366698
Starkeya sp. ORNL1	2709380	S	7	0	7	0.0000366698
Azorhizobium caulinodans	7	S	7	0	7	0.0000366698
Labrenzia alexandrii	388408	S	2	5	7	0.0000366698
Bartonella sp. WD16.2	1933904	S	6	1	7	0.0000366698
Lichenihabitans psoromatis	2528642	S	7	0	7	0.0000366698
Sphingomonas ginsengisoli An et al. 2013	363835	S	7	0	7	0.0000366698
Sphingomonas lutea	1045317	S	7	0	7	0.0000366698
Sphingobium sp. SCG-1	2072936	S	7	0	7	0.0000366698
Allosphingosinicella indica	941907	S	7	0	7	0.0000366698
Tardibacter chloracetimidivorans	1921510	S	4	3	7	0.0000366698
Erythrobacter neustonensis	1112	S	6	1	7	0.0000366698
Tsuneonella amylolytica	2338327	S	6	1	7	0.0000366698
Sandaracinobacter sp. M6	2759707	S	7	0	7	0.0000366698
Paracoccus sp. MC1862	2760307	S	7	0	7	0.0000366698
Rhodobacter sp. CZR27	2033869	S	6	1	7	0.0000366698
Rhodovulum sulfidophilum	35806	S	6	1	7	0.0000366698
Pseudorhodobacter turbinis	2500533	S	7	0	7	0.0000366698
Confluentimicrobium sp. EMB200-NS6	1609966	S	3	4	7	0.0000366698
Brevundimonas sp. AJA228-03	2752515	S	7	0	7	0.0000366698
Brevundimonas subvibrioides	74313	S	7	0	7	0.0000366698
Roseomonas sp. 1318	2768161	S	7	0	7	0.0000366698
Phreatobacter stygius	1940610	S	7	0	7	0.0000366698
Myxococcus xanthus	34	S	5	2	7	0.0000366698
Myxococcus hansupus	1297742	S	5	2	7	0.0000366698
Myxococcus sp. SCHIC003	2813577	S	5	2	7	0.0000366698
Cystobacter fuscus	43	S	6	1	7	0.0000366698
Haliangium ochraceum	80816	S	7	0	7	0.0000366698
Geobacter sp. Jerry-YX	2815309	S	7	0	7	0.0000366698
Geobacter sulfurreducens	35554	S	6	1	7	0.0000366698
Helicobacter bilis	37372	S	6	1	7	0.0000366698
Hydrogenophilus thermoluteolus	297	S	7	0	7	0.0000366698
Nocardioides sp. WS12	2486272	S	7	0	7	0.0000366698
Nocardioides seonyuensis	2518371	S	7	0	7	0.0000366698
Nocardioides marinisabuli	419476	S	6	1	7	0.0000366698
Nocardioides dokdonensis	450734	S	6	1	7	0.0000366698
Marmoricola scoriae	642780	S	7	0	7	0.0000366698
Nocardia sp. WCH-YHL-001	2755382	S	7	0	7	0.0000366698
Corynebacterium sp. LMM-1652	2487892	S	7	0	7	0.0000366698
Corynebacterium glucuronolyticum	39791	S	7	0	7	0.0000366698
Corynebacterium kroppenstedtii	161879	S	7	0	7	0.0000366698
Corynebacterium minutissimum	38301	S	5	2	7	0.0000366698
Mycolicibacterium fortuitum	1766	S	7	0	7	0.0000366698
Mycolicibacterium aubagnense	319707	S	7	0	7	0.0000366698
Mycolicibacterium hassiacum	46351	S	6	1	7	0.0000366698
Mycobacterium sp. YC-RL4	1682113	S	6	1	7	0.0000366698
Mycobacterium grossiae	1552759	S	7	0	7	0.0000366698
Gordonia phthalatica	1136941	S	6	1	7	0.0000366698
Dietzia sp. oral taxon 368	712270	S	5	2	7	0.0000366698
Microbacterium sp. WY121	2782168	S	7	0	7	0.0000366698
Microbacterium sp. JZ31	1906274	S	7	0	7	0.0000366698
Microbacterium sp. SGAir0570	2070348	S	1	6	7	0.0000366698
Microbacterium chocolatum	84292	S	7	0	7	0.0000366698
Microbacterium lemovicicum	1072463	S	7	0	7	0.0000366698
Microbacterium hydrocarbonoxydans	273678	S	7	0	7	0.0000366698
Microbacterium testaceum	2033	S	7	0	7	0.0000366698
Agromyces badenianii	2080742	S	5	2	7	0.0000366698
Leifsonia sp. PS1209	2724914	S	5	2	7	0.0000366698
Leifsonia xyli	1575	S	5	2	7	0.0000366698
Agrococcus carbonis	684552	S	6	1	7	0.0000366698
Herbiconiux sp. SALV-R1	2735133	S	7	0	7	0.0000366698
Cnuibacter physcomitrellae	1619308	S	1	6	7	0.0000366698
Kocuria turfanensis	388357	S	7	0	7	0.0000366698
Arthrobacter sp. PAMC 25486	1494608	S	7	0	7	0.0000366698
Arthrobacter alpinus	656366	S	5	2	7	0.0000366698
Rothia dentocariosa	2047	S	6	1	7	0.0000366698
Pseudarthrobacter sp. NIBRBAC000502771	2590774	S	3	4	7	0.0000366698
Pedococcus dokdonensis	443156	S	7	0	7	0.0000366698
Cellulomonas fimi	1708	S	7	0	7	0.0000366698
Actinotalea sp. JY-7876	2758442	S	7	0	7	0.0000366698
Brachybacterium sp. SGAir0954	2571029	S	7	0	7	0.0000366698
Brachybacterium saurashtrense	556288	S	7	0	7	0.0000366698
Streptomyces sp. endophyte_N2	2153485	S	4	3	7	0.0000366698
Streptomyces finlayi	67296	S	7	0	7	0.0000366698
Streptomyces tsukubensis	83656	S	7	0	7	0.0000366698
Kitasatospora sp. NA04385	2742135	S	6	1	7	0.0000366698
Kitasatospora setae	2066	S	6	1	7	0.0000366698
Amycolatopsis keratiniphila	129921	S	6	1	7	0.0000366698
Pseudonocardia sp. AL041005-10	445576	S	6	1	7	0.0000366698
Allokutzneria albata	211114	S	7	0	7	0.0000366698
Actinoplanes sp. N902-109	649831	S	5	2	7	0.0000366698
Actinomadura verrucosospora	46165	S	7	0	7	0.0000366698
Jiangella sp. DSM 45060	1798224	S	5	2	7	0.0000366698
Blastococcus saxobsidens	138336	S	7	0	7	0.0000366698
Bacillus subtilis	1423	S	3	4	7	0.0000366698
Mesobacillus jeotgali	129985	S	7	0	7	0.0000366698
Brevibacillus sp. SCSIO 07484	2496837	S	7	0	7	0.0000366698
Streptococcus sp. A12	1759399	S	6	1	7	0.0000366698
Coprococcus comes	410072	S	5	2	7	0.0000366698
Nostoc linckia	92942	S	4	3	7	0.0000366698
Nodularia spumigena	70799	S	6	1	7	0.0000366698
Rivularia sp. PCC 7116	373994	S	7	0	7	0.0000366698
Trichodesmium erythraeum	1206	S	7	0	7	0.0000366698
Microcystis viridis	44822	S	3	4	7	0.0000366698
Cyanobacterium aponinum	379064	S	7	0	7	0.0000366698
Synechococcus sp. JA-3-3Ab	321327	S	6	1	7	0.0000366698
Synechococcus sp. CBW1004	1353136	S	5	2	7	0.0000366698
Pseudanabaena sp. ABRG5-3	685565	S	7	0	7	0.0000366698
Deinococcus metallilatus	1211322	S	6	1	7	0.0000366698
Mycoplasma sp. Zaradi2	547987	S	7	0	7	0.0000366698
Polaribacter sp. MED152	313598	S	7	0	7	0.0000366698
Polaribacter reichenbachii	996801	S	7	0	7	0.0000366698
Myroides phaeus	702745	S	6	1	7	0.0000366698
Capnocytophaga canimorsus	28188	S	6	1	7	0.0000366698
Capnocytophaga sputigena	1019	S	5	2	7	0.0000366698
Winogradskyella forsetii	2686077	S	6	1	7	0.0000366698
Formosa sp. Hel1_31_208	1798225	S	7	0	7	0.0000366698
Maribacter sp. T28	1836467	S	7	0	7	0.0000366698
Tamlana sp. s12	1630406	S	7	0	7	0.0000366698
Psychroflexus torquis	57029	S	7	0	7	0.0000366698
Salegentibacter salegens	143223	S	7	0	7	0.0000366698
Muricauda sp. 501str8	2698672	S	5	2	7	0.0000366698
Psychroserpens sp. NJDZ02	2570561	S	3	4	7	0.0000366698
Chryseobacterium sp. 6424	2039166	S	6	1	7	0.0000366698
Chryseobacterium joostei	112234	S	5	2	7	0.0000366698
Elizabethkingia sp. JS20170427COW	2583851	S	7	0	7	0.0000366698
Empedobacter stercoris	1628248	S	7	0	7	0.0000366698
Mucilaginibacter celer	2305508	S	7	0	7	0.0000366698
Mucilaginibacter ginkgonis	2682091	S	7	0	7	0.0000366698
Spirosoma sp. KCTC 42546	2520506	S	7	0	7	0.0000366698
Rhodocytophaga rosea	2704465	S	7	0	7	0.0000366698
Leadbetterella byssophila	316068	S	6	1	7	0.0000366698
Hymenobacter sp. PAMC 26554	1484116	S	7	0	7	0.0000366698
Hymenobacter busanensis	2607656	S	7	0	7	0.0000366698
Cyclobacterium marinum	104	S	5	2	7	0.0000366698
Belliella baltica	232259	S	6	1	7	0.0000366698
Chitinophaga sp. 1303	2725414	S	2	5	7	0.0000366698
Chitinophaga sp. 1310	2725416	S	2	5	7	0.0000366698
Flavisolibacter ginsenosidimutans	661481	S	7	0	7	0.0000366698
Niastella koreensis	354356	S	7	0	7	0.0000366698
Planctopirus ephydatiae	2528019	S	4	3	7	0.0000366698
Rosistilla oblonga	2527990	S	6	1	7	0.0000366698
Stieleria maiorica	2795974	S	5	2	7	0.0000366698
Roseimaritima ulvae	980254	S	7	0	7	0.0000366698
Lacipirellula limnantheis	2528024	S	6	1	7	0.0000366698
Humisphaera borealis	2807512	S	7	0	7	0.0000366698
Parachlamydia acanthamoebae	83552	S	5	2	7	0.0000366698
Candidatus Babela massiliensis	673862	S	7	0	7	0.0000366698
Nitrosarchaeum sp. AC2	2259673	S	7	0	7	0.0000366698
Burkholderia stabilis	95485	S	5	1	6	0.0000314312
Burkholderia sp. NRF60-BP8	1637853	S	5	1	6	0.0000314312
Cupriavidus malaysiensis	367825	S	1	5	6	0.0000314312
Paraburkholderia atlantica	2654982	S	6	0	6	0.0000314312
Paraburkholderia dokdonella	2211211	S	6	0	6	0.0000314312
Paraburkholderia caffeinilytica	1761016	S	6	0	6	0.0000314312
Paraburkholderia caribensis	75105	S	5	1	6	0.0000314312
Paraburkholderia hospita	169430	S	4	2	6	0.0000314312
Pandoraea norimbergensis	93219	S	6	0	6	0.0000314312
Pandoraea sp. XY-2	2518599	S	6	0	6	0.0000314312
Chitinimonas arctica	2594795	S	6	0	6	0.0000314312
Janthinobacterium sp. Marseille	375286	S	6	0	6	0.0000314312
Massilia armeniaca	2072590	S	4	2	6	0.0000314312
Achromobacter sp. B7	2282475	S	6	0	6	0.0000314312
Pigmentiphaga aceris	1940612	S	6	0	6	0.0000314312
Azoarcus sp. DN11	356837	S	5	1	6	0.0000314312
Aromatoleum bremense	76115	S	6	0	6	0.0000314312
Rugosibacter aromaticivorans	1565605	S	6	0	6	0.0000314312
Candidatus Methylopumilus planktonicus	1581557	S	6	0	6	0.0000314312
Sulfuricella denitrificans	649841	S	6	0	6	0.0000314312
Thiobacillus denitrificans	36861	S	6	0	6	0.0000314312
Jeongeupia sp. USM3	1906741	S	6	0	6	0.0000314312
Microvirgula aerodenitrificans	57480	S	6	0	6	0.0000314312
Neisseria animalis	492	S	6	0	6	0.0000314312
Chitinolyticbacter meiyuanensis	682798	S	6	0	6	0.0000314312
Casimicrobium huifangae	2591109	S	6	0	6	0.0000314312
Acinetobacter dispersus	70348	S	6	0	6	0.0000314312
Acinetobacter lanii	2715163	S	6	0	6	0.0000314312
Psychrobacter sp. AntiMn-1	1720344	S	3	3	6	0.0000314312
Pseudomonas sp. DG56-2	2320270	S	6	0	6	0.0000314312
Pseudomonas sp. ADAK13	2730847	S	6	0	6	0.0000314312
Pseudomonas sp. ADAK18	2730848	S	6	0	6	0.0000314312
Pseudomonas sp. CFSAN084952	2664899	S	2	4	6	0.0000314312
Pseudomonas furukawaii	1149133	S	6	0	6	0.0000314312
Pseudomonas resinovorans	53412	S	6	0	6	0.0000314312
Pseudomonas otitidis	319939	S	6	0	6	0.0000314312
Pseudomonas frederiksbergensis	104087	S	6	0	6	0.0000314312
Pseudomonas knackmussii	65741	S	6	0	6	0.0000314312
Pseudomonas glycinae	1785145	S	3	3	6	0.0000314312
Klebsiella sp. WP3-W18-ESBL-02	2675710	S	2	4	6	0.0000314312
Kluyvera intermedia	61648	S	6	0	6	0.0000314312
Nissabacter sp. SGAir0207	2126321	S	6	0	6	0.0000314312
Providencia stuartii	588	S	3	3	6	0.0000314312
Dickeya zeae	204042	S	5	1	6	0.0000314312
Stenotrophomonas sp. SAU14A_NAIMI4_5	2072413	S	5	1	6	0.0000314312
Lysobacter alkalisoli	2591633	S	6	0	6	0.0000314312
Luteimonas sp. YGD11-2	2508168	S	5	1	6	0.0000314312
Luteibacter rhizovicinus	242606	S	6	0	6	0.0000314312
Rhodanobacter glycinis	582702	S	6	0	6	0.0000314312
Rhodanobacter denitrificans	666685	S	6	0	6	0.0000314312
Halomonas socia	1081866	S	6	0	6	0.0000314312
Alteromonas sp. BL110	1714845	S	3	3	6	0.0000314312
Alteromonas mediterranea	314275	S	6	0	6	0.0000314312
Pseudoalteromonas aliena	247523	S	6	0	6	0.0000314312
Legionella lansingensis	45067	S	6	0	6	0.0000314312
Vibrio coralliilyticus	190893	S	4	2	6	0.0000314312
Rheinheimera sp. F8	1763998	S	6	0	6	0.0000314312
Thioflavicoccus mobilis	80679	S	6	0	6	0.0000314312
Methylococcus sp. EFPC2	2812648	S	6	0	6	0.0000314312
Aeromonas sp. WP2-W18-CRE-05	2675707	S	1	5	6	0.0000314312
Cellvibrio sp. KY-GH-1	2303332	S	6	0	6	0.0000314312
Methylobacterium indicum	1775910	S	6	0	6	0.0000314312
Rhizobium favelukesii	348824	S	5	1	6	0.0000314312
Agrobacterium sp. CGMCC 11546	2579248	S	4	2	6	0.0000314312
Ensifer sp. PDNC004	2811423	S	5	1	6	0.0000314312
Mesorhizobium sp. NBSH29	2654249	S	6	0	6	0.0000314312
Mesorhizobium sp. INR15	2654248	S	6	0	6	0.0000314312
Mesorhizobium sp. M7D.F.Ca.US.005.01.1.1	2493678	S	5	1	6	0.0000314312
Mesorhizobium sp. M3A.F.Ca.ET.080.04.2.1	2493676	S	5	1	6	0.0000314312
Mesorhizobium sp. 113-3-9	2744517	S	4	2	6	0.0000314312
Caenibius tardaugens	169176	S	3	3	6	0.0000314312
Starkeya novella	921	S	5	1	6	0.0000314312
Pseudolabrys taiwanensis	331696	S	6	0	6	0.0000314312
Brucella sp. 458	2821140	S	2	4	6	0.0000314312
Brucella intermedia	94625	S	6	0	6	0.0000314312
Martelella sp. AD-3	686597	S	2	4	6	0.0000314312
Bartonella apis	1686310	S	6	0	6	0.0000314312
Bartonella krasnovii	2267275	S	5	1	6	0.0000314312
Methylosinus trichosporium	426	S	6	0	6	0.0000314312
Pseudorhodoplanes sinuspersici	1235591	S	6	0	6	0.0000314312
Methylocella silvestris	199596	S	6	0	6	0.0000314312
Chelatococcus daeguensis	444444	S	2	4	6	0.0000314312
Sphingomonas sp. C8-2	2492837	S	4	2	6	0.0000314312
Sphingomonas rhizophila	2071607	S	6	0	6	0.0000314312
Sphingobium sp. CAP-1	2676077	S	4	2	6	0.0000314312
Citromicrobium sp. JL477	1634516	S	5	1	6	0.0000314312
Erythrobacter litoralis	39960	S	6	0	6	0.0000314312
Pelagerythrobacter marensis	543877	S	6	0	6	0.0000314312
Paracoccus jeotgali	2065379	S	6	0	6	0.0000314312
Phaeobacter gallaeciensis	60890	S	3	3	6	0.0000314312
Pseudopuniceibacterium antarcticum	2613965	S	6	0	6	0.0000314312
Mameliella alba	561184	S	5	1	6	0.0000314312
Marinovum algicola	42444	S	4	2	6	0.0000314312
Phenylobacterium zucineum	284016	S	6	0	6	0.0000314312
Azospirillum sp. TSH58	664962	S	3	3	6	0.0000314312
Indioceanicola profundi	2220096	S	6	0	6	0.0000314312
Anaeromyxobacter sp. Fw109-5	404589	S	6	0	6	0.0000314312
Desulfovibrio vulgaris	881	S	6	0	6	0.0000314312
Desulfuromonas soudanensis	1603606	S	3	3	6	0.0000314312
Desulfosarcina ovata	83564	S	6	0	6	0.0000314312
Desulfarculus baarsii	453230	S	5	1	6	0.0000314312
Campylobacter iguaniorum	1244531	S	6	0	6	0.0000314312
Campylobacter lari	201	S	5	1	6	0.0000314312
Caminibacter mediatlanticus	291048	S	5	1	6	0.0000314312
Bacteriovorax stolpii	960	S	6	0	6	0.0000314312
Mariprofundus aestuarium	1921086	S	2	4	6	0.0000314312
Brevilactibacter sp. MC1595	2819349	S	6	0	6	0.0000314312
Nocardioides sp. HDW12A	2714938	S	5	1	6	0.0000314312
Nocardioides mesophilus	433659	S	6	0	6	0.0000314312
Rhodococcus sp. B7740	1564114	S	6	0	6	0.0000314312
Nocardia terpenica	455432	S	6	0	6	0.0000314312
Corynebacterium riegelii	156976	S	6	0	6	0.0000314312
Corynebacterium urealyticum	43771	S	5	1	6	0.0000314312
Mycolicibacterium phlei	1771	S	6	0	6	0.0000314312
Mycolicibacterium psychrotolerans	216929	S	6	0	6	0.0000314312
Mycolicibacterium chubuense	1800	S	6	0	6	0.0000314312
Mycobacterium gordonae	1778	S	6	0	6	0.0000314312
Mycobacterium paragordonae	1389713	S	5	1	6	0.0000314312
Mycobacterium tuberculosis	1773	S	1	5	6	0.0000314312
Mycobacteroides abscessus	36809	S	6	0	6	0.0000314312
Gordonia sp. JH63	2698900	S	3	3	6	0.0000314312
Microbacterium sp. XT11	367477	S	6	0	6	0.0000314312
Agromyces sp. HY052	2585717	S	5	1	6	0.0000314312
Agromyces aureus	453304	S	5	1	6	0.0000314312
Leucobacter sp. CX169	2813744	S	5	1	6	0.0000314312
Frondihabitans sp. PAMC 28766	1795630	S	6	0	6	0.0000314312
Paenarthrobacter sp. YJN-5	2735316	S	3	3	6	0.0000314312
Arthrobacter sp. YC-RL1	1652545	S	6	0	6	0.0000314312
Arthrobacter sp. NEB 688	904039	S	6	0	6	0.0000314312
Brevibacterium aurantiacum	273384	S	5	1	6	0.0000314312
Brachybacterium avium	2017485	S	5	1	6	0.0000314312
Cellulosimicrobium cellulans	1710	S	3	3	6	0.0000314312
Isoptericola dokdonensis	372663	S	6	0	6	0.0000314312
Beutenbergia cavernae	84757	S	6	0	6	0.0000314312
Streptomyces sp. TN58	234612	S	6	0	6	0.0000314312
Streptomyces sp. CdTB01	1725411	S	6	0	6	0.0000314312
Streptomyces sp. NA02950	2742137	S	6	0	6	0.0000314312
Streptomyces sp. CCM_MD2014	1561022	S	5	1	6	0.0000314312
Streptomyces sp. GBA 94-10	1218177	S	1	5	6	0.0000314312
Streptomyces sp. S1A1-7	2594459	S	1	5	6	0.0000314312
Streptomyces griseorubiginosus	67304	S	6	0	6	0.0000314312
Streptomyces paludis	2282738	S	6	0	6	0.0000314312
Streptomyces griseoviridis	45398	S	6	0	6	0.0000314312
Streptomyces rimosus	1927	S	6	0	6	0.0000314312
Streptomyces coeruleorubidus	116188	S	6	0	6	0.0000314312
Streptomyces albidoflavus	1886	S	3	3	6	0.0000314312
Amycolatopsis sp. Hca4	2742131	S	6	0	6	0.0000314312
Amycolatopsis japonica	208439	S	5	1	6	0.0000314312
Pseudonocardia broussonetiae	2736640	S	6	0	6	0.0000314312
Kibdelosporangium phytohabitans	860235	S	6	0	6	0.0000314312
Lentzea guizhouensis	1586287	S	6	0	6	0.0000314312
Micromonospora zamorensis	709883	S	6	0	6	0.0000314312
Micromonospora terminaliae	1914461	S	5	1	6	0.0000314312
Micromonospora auratinigra	261654	S	5	1	6	0.0000314312
Phytohabitans suffuscus	624315	S	6	0	6	0.0000314312
Streptosporangium roseum	2001	S	5	1	6	0.0000314312
Streptomonospora sp. M2	2498135	S	6	0	6	0.0000314312
Gordonibacter pamelaeae	471189	S	5	1	6	0.0000314312
Baekduia soli	496014	S	6	0	6	0.0000314312
Bacillus sp. ABP14	1892404	S	4	2	6	0.0000314312
Bacillus paranthracis	2026186	S	2	4	6	0.0000314312
Bacillus sp. X1(2014)	1565991	S	6	0	6	0.0000314312
Bacillus licheniformis	1402	S	2	4	6	0.0000314312
Paenibacillus stellifer	169760	S	6	0	6	0.0000314312
Paenibacillus guangzhouensis	1473112	S	6	0	6	0.0000314312
Paenibacillus mucilaginosus	61624	S	6	0	6	0.0000314312
Cohnella sp. LGH	1619153	S	6	0	6	0.0000314312
Streptococcus australis	113107	S	3	3	6	0.0000314312
Lactobacillus iners	147802	S	6	0	6	0.0000314312
Weissella cibaria	137591	S	6	0	6	0.0000314312
Lactiplantibacillus plantarum	1590	S	1	5	6	0.0000314312
Clostridium cochlearium	1494	S	6	0	6	0.0000314312
Coprococcus catus	116085	S	5	1	6	0.0000314312
Paeniclostridium sordellii	1505	S	6	0	6	0.0000314312
Aminipila butyrica	433296	S	6	0	6	0.0000314312
Nostoc sp. C057	2576903	S	1	5	6	0.0000314312
Tolypothrix sp. PCC 7910	2099387	S	2	4	6	0.0000314312
Synechococcus sp. PCC 73109	374982	S	1	5	6	0.0000314312
Prochlorococcus sp. MIT 0604	1501268	S	4	2	6	0.0000314312
Leptolyngbya sp. BL0902	1115757	S	6	0	6	0.0000314312
Pseudanabaena sp. PCC 7367	82654	S	6	0	6	0.0000314312
Mycoplasma conjunctivae	45361	S	4	2	6	0.0000314312
Mycoplasma bovirhinis	29553	S	6	0	6	0.0000314312
Polaribacter sp. Hel1_33_78	1336804	S	6	0	6	0.0000314312
Polaribacter sp. KT 15	1896175	S	2	4	6	0.0000314312
Polaribacter vadi	1774273	S	6	0	6	0.0000314312
Myroides odoratus	256	S	6	0	6	0.0000314312
Capnocytophaga cynodegmi	28189	S	4	2	6	0.0000314312
Nonlabens sp. MIC269	1476901	S	4	2	6	0.0000314312
Lacinutrix sp. 5H-3-7-4	983544	S	5	1	6	0.0000314312
Algibacter sp. L3A6	2686366	S	5	1	6	0.0000314312
Formosa sp. Hel1_33_131	1336794	S	6	0	6	0.0000314312
Aureitalea sp. RR4-38	2094025	S	6	0	6	0.0000314312
Mariniflexile sp. TRM1-10	2027857	S	6	0	6	0.0000314312
Flagellimonas maritima	1383885	S	6	0	6	0.0000314312
Gillisia sp. Hel1_33_143	1336796	S	5	1	6	0.0000314312
Zunongwangia profunda	398743	S	3	3	6	0.0000314312
Chryseobacterium sp. cx-624	2758037	S	5	1	6	0.0000314312
Elizabethkingia meningoseptica	238	S	6	0	6	0.0000314312
Elizabethkingia miricola	172045	S	4	2	6	0.0000314312
Weeksella virosa	1014	S	5	1	6	0.0000314312
Sphingobacterium sp. CZ-2	2557994	S	6	0	6	0.0000314312
Sphingobacterium sp. dk4302	2662364	S	6	0	6	0.0000314312
Spirosoma endbachense	2666025	S	6	0	6	0.0000314312
Spirosoma aureum	2692134	S	6	0	6	0.0000314312
Spirosoma taeanense	2735870	S	6	0	6	0.0000314312
Fibrella aestuarina	651143	S	6	0	6	0.0000314312
Dyadobacter sp. Q3-56	2747268	S	6	0	6	0.0000314312
Hymenobacter sp. BRD67	2675877	S	5	1	6	0.0000314312
Hymenobacter sp. DG01	2584940	S	4	2	6	0.0000314312
Hymenobacter nivis	1850093	S	6	0	6	0.0000314312
Hymenobacter russus	2724192	S	6	0	6	0.0000314312
Algoriphagus sanaruensis	1727163	S	6	0	6	0.0000314312
Fulvivirga sp. S481	2810512	S	6	0	6	0.0000314312
Chryseolinea soli	2321403	S	6	0	6	0.0000314312
Chitinophaga sp. MD30	2033437	S	6	0	6	0.0000314312
Chitinophaga sp. XS-30	2604421	S	6	0	6	0.0000314312
Chitinophaga agri	2703787	S	5	1	6	0.0000314312
Pseudocnuella soli	2502779	S	6	0	6	0.0000314312
Bacteroides cellulosilyticus	246787	S	6	0	6	0.0000314312
Prevotella copri	165179	S	5	1	6	0.0000314312
Paludibacter propionicigenes	185300	S	6	0	6	0.0000314312
Gemmatimonas aurantiaca	173480	S	6	0	6	0.0000314312
Tuwongella immobilis	692036	S	6	0	6	0.0000314312
Gimesia maris	122	S	4	2	6	0.0000314312
Pirellula staleyi	125	S	6	0	6	0.0000314312
Fusobacterium ulcerans	861	S	6	0	6	0.0000314312
Fusobacterium nucleatum	851	S	5	1	6	0.0000314312
Geovibrio thiophilus	139438	S	6	0	6	0.0000314312
Natrialba magadii	13769	S	6	0	6	0.0000314312
Gordonia virus Phistory	2734203	S	1	5	6	0.0000314312
Pseudomonas virus D3	31535	S	1	5	6	0.0000314312
Paramecium bursaria Chlorella virus A1	381899	S	6	0	6	0.0000314312
African swine fever virus	10497	S	6	0	6	0.0000314312
Polaromonas sp. W9N	1840323	S	5	0	5	0.0000261927
Burkholderia anthina	179879	S	4	1	5	0.0000261927
Burkholderia seminalis	488731	S	4	1	5	0.0000261927
Burkholderia sp. THE68	758782	S	5	0	5	0.0000261927
Burkholderia sp. Bp7605	1740163	S	5	0	5	0.0000261927
Cupriavidus pinatubonensis	248026	S	5	0	5	0.0000261927
Cupriavidus sp. ISTL7	2771360	S	1	4	5	0.0000261927
Paraburkholderia xenovorans	36873	S	4	1	5	0.0000261927
Pandoraea vervacti	656178	S	5	0	5	0.0000261927
Pandoraea sputorum	93222	S	4	1	5	0.0000261927
Caballeronia sp. M1242	2814653	S	5	0	5	0.0000261927
Mycetohabitans rhizoxinica	412963	S	5	0	5	0.0000261927
Achromobacter sp. MFA1 R4	1881016	S	5	0	5	0.0000261927
Bordetella pseudohinzii	1331258	S	5	0	5	0.0000261927
Bordetella genomosp. 8	1416806	S	5	0	5	0.0000261927
Alcaligenes aquatilis	323284	S	2	3	5	0.0000261927
Advenella mimigardefordensis	302406	S	5	0	5	0.0000261927
Kerstersia gyiorum	206506	S	5	0	5	0.0000261927
Thauera aromatica	59405	S	4	1	5	0.0000261927
Azospira restricta	404405	S	5	0	5	0.0000261927
Chromobacterium paludis	2605945	S	5	0	5	0.0000261927
Iodobacter fluviatilis	537	S	5	0	5	0.0000261927
Jeongeupia sp. HS-3	1009682	S	5	0	5	0.0000261927
Vogesella sp. LIG4	1192162	S	5	0	5	0.0000261927
Neisseria cinerea	483	S	4	1	5	0.0000261927
Neisseria mucosa	488	S	4	1	5	0.0000261927
Neisseria sicca	490	S	4	1	5	0.0000261927
Candidatus Kinetoplastibacterium sorsogonicusi	1576550	S	2	3	5	0.0000261927
Acinetobacter sp. WCHAc010034	1879049	S	5	0	5	0.0000261927
Acinetobacter sp. TTH0-4	1646498	S	5	0	5	0.0000261927
Acinetobacter radioresistens	40216	S	5	0	5	0.0000261927
Psychrobacter sp. P11G5	1699624	S	2	3	5	0.0000261927
Pseudomonas sp. S49	1573720	S	4	1	5	0.0000261927
Pseudomonas sp. R76	1573711	S	4	1	5	0.0000261927
Pseudomonas sp. NIBRBAC000502773	2590776	S	4	1	5	0.0000261927
Pseudomonas sp. ADPe	2774873	S	3	2	5	0.0000261927
Pseudomonas libanensis	75588	S	4	1	5	0.0000261927
Pseudomonas multiresinivorans	95301	S	4	1	5	0.0000261927
Pseudomonas viridiflava	33069	S	5	0	5	0.0000261927
Pseudomonas rhizosphaerae	216142	S	5	0	5	0.0000261927
Pseudomonas prosekii	1148509	S	5	0	5	0.0000261927
Pseudomonas granadensis	1421430	S	4	1	5	0.0000261927
Klebsiella quasipneumoniae	1463165	S	4	1	5	0.0000261927
Pantoea sp. At-9b	592316	S	5	0	5	0.0000261927
Erwinia billingiae	182337	S	1	4	5	0.0000261927
Yersinia ruckeri	29486	S	5	0	5	0.0000261927
Proteus terrae	1574161	S	1	4	5	0.0000261927
Providencia rettgeri	587	S	4	1	5	0.0000261927
Dickeya dadantii	204038	S	2	3	5	0.0000261927
Brenneria rubrifaciens	55213	S	5	0	5	0.0000261927
Stenotrophomonas sp. NA06056	2742129	S	5	0	5	0.0000261927
Stenotrophomonas sp. G4	2303750	S	3	2	5	0.0000261927
Lysobacter solisilvae	2763317	S	5	0	5	0.0000261927
Luteimonas sp. MC1825	2761107	S	4	1	5	0.0000261927
Luteimonas sp. MC1572	2799325	S	4	1	5	0.0000261927
Thermomonas carbonis	1463158	S	5	0	5	0.0000261927
Xylella fastidiosa	2371	S	5	0	5	0.0000261927
Dokdonella koreensis	323415	S	5	0	5	0.0000261927
Ahniella affigens	2021234	S	5	0	5	0.0000261927
Halomonas campisalis	74661	S	1	4	5	0.0000261927
Alcanivorax dieselolei	285091	S	4	1	5	0.0000261927
Marinobacter hydrocarbonoclasticus	2743	S	5	0	5	0.0000261927
Salinimonas sp. KX18D6	2572577	S	5	0	5	0.0000261927
Shewanella sp. FJAT-53726	2814295	S	1	4	5	0.0000261927
Shewanella aestuarii	1028752	S	5	0	5	0.0000261927
Shewanella piezotolerans	404011	S	5	0	5	0.0000261927
Shewanella baltica	62322	S	3	2	5	0.0000261927
Idiomarina andamanensis	1940690	S	5	0	5	0.0000261927
Legionella geestiana	45065	S	5	0	5	0.0000261927
Thioalkalivibrio versutus	106634	S	5	0	5	0.0000261927
Candidatus Thiodictyon syntrophicum	1166950	S	5	0	5	0.0000261927
Pasteurella multocida	747	S	4	1	5	0.0000261927
Methylomicrobium album	39775	S	5	0	5	0.0000261927
Methylotuvimicrobium buryatense	95641	S	3	2	5	0.0000261927
Aeromonas sp. CU5	2033033	S	5	0	5	0.0000261927
Francisella sp. LA112445	1395624	S	5	0	5	0.0000261927
Methylophaga frappieri	754477	S	5	0	5	0.0000261927
Cycloclasticus sp. PY97N	728003	S	1	4	5	0.0000261927
Microbulbifer sp. GL-2	2591606	S	5	0	5	0.0000261927
Sinimarinibacterium sp. NLF-5-8	2698684	S	5	0	5	0.0000261927
Candidatus Thioglobus sp. NP1	2508687	S	5	0	5	0.0000261927
Pseudohongiella spirulinae	1249552	S	5	0	5	0.0000261927
Sulfurifustis variabilis	1675686	S	5	0	5	0.0000261927
Bradyrhizobium amphicarpaeae	1404768	S	4	1	5	0.0000261927
Nitrobacter hamburgensis	912	S	5	0	5	0.0000261927
Rhizobium sp. NXC24	2048897	S	5	0	5	0.0000261927
Sinorhizobium sp. M14	430451	S	1	4	5	0.0000261927
Mesorhizobium sp. 8	2584466	S	5	0	5	0.0000261927
Mesorhizobium sp. N3	675281	S	5	0	5	0.0000261927
Mesorhizobium sp. M1E.F.Ca.ET.045.02.1.1	2493672	S	4	1	5	0.0000261927
Mesorhizobium sp. M4B.F.Ca.ET.058.02.1.1	2493675	S	4	1	5	0.0000261927
Mesorhizobium sp. M2A.F.Ca.ET.043.02.1.1	2493670	S	3	2	5	0.0000261927
Hyphomicrobium nitrativorans	1427356	S	5	0	5	0.0000261927
Pelagibacterium halotolerans	531813	S	5	0	5	0.0000261927
Nordella sp. HKS 07	2712222	S	5	0	5	0.0000261927
Hartmannibacter diazotrophicus	1482074	S	5	0	5	0.0000261927
Chelatococcus sp. CO-6	1702325	S	2	3	5	0.0000261927
Sphingomonas xanthus	2594473	S	5	0	5	0.0000261927
Sphingopyxis sp. MG	1866325	S	1	4	5	0.0000261927
Sphingobium sp. YBL2	484429	S	1	4	5	0.0000261927
Sphingobium japonicum	332056	S	4	1	5	0.0000261927
Sphingobium barthaii	1054037	S	2	3	5	0.0000261927
Novosphingobium sp. PP1Y	702113	S	4	1	5	0.0000261927
Novosphingobium sp. ES2-1	2780074	S	4	1	5	0.0000261927
Blastomonas sp. RAC04	1842535	S	4	1	5	0.0000261927
Parasphingorhabdus sp. JHSY0214	2806553	S	5	0	5	0.0000261927
Altererythrobacter sp. TH136	2067415	S	5	0	5	0.0000261927
Altererythrobacter epoxidivorans	361183	S	5	0	5	0.0000261927
Aurantiacibacter gangjinensis	502682	S	5	0	5	0.0000261927
Paracoccus kondratievae	135740	S	5	0	5	0.0000261927
Paracoccus pantotrophus	82367	S	4	1	5	0.0000261927
Salipiger profundus	1229727	S	3	2	5	0.0000261927
Rhodovulum sp. P5	1564506	S	5	0	5	0.0000261927
Phaeobacter sp. LSS9	681157	S	1	4	5	0.0000261927
Leisingera aquaemixtae	1396826	S	5	0	5	0.0000261927
Celeribacter baekdonensis	875171	S	4	1	5	0.0000261927
Roseicitreum antarcticum	564137	S	5	0	5	0.0000261927
Pelagovum pacificum	2588711	S	5	0	5	0.0000261927
Roseibacterium elongatum	159346	S	5	0	5	0.0000261927
Asticcacaulis excentricus	78587	S	5	0	5	0.0000261927
Azospirillum lipoferum	193	S	4	1	5	0.0000261927
Azospirillum oryzae	286727	S	3	2	5	0.0000261927
Hypericibacter terrae	2602015	S	3	2	5	0.0000261927
Hypericibacter adhaerens	2602016	S	3	2	5	0.0000261927
Defluviicoccus vanus	111831	S	5	0	5	0.0000261927
Tistrella mobilis	171437	S	5	0	5	0.0000261927
Candidatus Endolissoclinum faulkneri	1263979	S	5	0	5	0.0000261927
Nitrospirillum amazonense	28077	S	5	0	5	0.0000261927
Komagataeibacter europaeus	33995	S	4	1	5	0.0000261927
Komagataeibacter xylinus	28448	S	3	2	5	0.0000261927
Granulibacter bethesdensis	364410	S	5	0	5	0.0000261927
Kozakia baliensis	153496	S	4	1	5	0.0000261927
Wolbachia endosymbiont of Wiebesia pumilae	2742717	S	1	4	5	0.0000261927
Hirschia baltica	2724	S	5	0	5	0.0000261927
Micavibrio aeruginosavorus	349221	S	5	0	5	0.0000261927
Myxococcus stipitatus	83455	S	4	1	5	0.0000261927
Corallococcus macrosporus	35	S	2	3	5	0.0000261927
Archangium gephyra	48	S	4	1	5	0.0000261927
Stigmatella aurantiaca	41	S	5	0	5	0.0000261927
Vulgatibacter incomptus	1391653	S	5	0	5	0.0000261927
Chondromyces crocatus	52	S	5	0	5	0.0000261927
Desulfovibrio gigas	879	S	5	0	5	0.0000261927
Desulfovibrio carbinoliphilus	345370	S	5	0	5	0.0000261927
Pseudodesulfovibrio aespoeensis	182210	S	4	1	5	0.0000261927
Geobacter lovleyi	313985	S	5	0	5	0.0000261927
Desulfobulbus oralis	1986146	S	5	0	5	0.0000261927
Desulfobacca acetoxidans	60893	S	5	0	5	0.0000261927
Aliarcobacter butzleri	28197	S	5	0	5	0.0000261927
Aliarcobacter cryaerophilus	28198	S	4	1	5	0.0000261927
Candidatus Campylobacter infans	2561898	S	5	0	5	0.0000261927
Campylobacter concisus	199	S	5	0	5	0.0000261927
Sulfurimonas sp. NW10	2509341	S	1	4	5	0.0000261927
Microlunatus soli	630515	S	5	0	5	0.0000261927
Nocardioides sp. ZJ1313	2685869	S	3	2	5	0.0000261927
Nocardioides anomalus	2712223	S	5	0	5	0.0000261927
Aeromicrobium choanae	1736691	S	5	0	5	0.0000261927
Aeromicrobium chenweiae	2079793	S	5	0	5	0.0000261927
Aeromicrobium yanjiei	2662028	S	5	0	5	0.0000261927
Kribbella flavida	182640	S	4	1	5	0.0000261927
Rhodococcus opacus	37919	S	4	1	5	0.0000261927
Nocardia otitidiscaviarum	1823	S	5	0	5	0.0000261927
Corynebacterium sp. zg-320	2768834	S	5	0	5	0.0000261927
Corynebacterium imitans	156978	S	5	0	5	0.0000261927
Corynebacterium stationis	1705	S	5	0	5	0.0000261927
Corynebacterium glyciniphilum	1404244	S	5	0	5	0.0000261927
Corynebacterium glaucum	187491	S	5	0	5	0.0000261927
Corynebacterium maris	575200	S	5	0	5	0.0000261927
Corynebacterium simulans	146827	S	4	1	5	0.0000261927
Corynebacterium variabile	1727	S	4	1	5	0.0000261927
Mycolicibacterium celeriflavum	1249101	S	5	0	5	0.0000261927
Mycolicibacterium insubricum	444597	S	5	0	5	0.0000261927
Mycolicibacterium tokaiense	39695	S	5	0	5	0.0000261927
Mycolicibacterium rutilum	370526	S	5	0	5	0.0000261927
Mycobacterium sp. DL440	2675523	S	5	0	5	0.0000261927
Mycobacterium sp. KMS	189918	S	1	4	5	0.0000261927
Gordonia sp. KTR9	337191	S	5	0	5	0.0000261927
Dietzia timorensis	499555	S	4	1	5	0.0000261927
Microbacterium sp. BH-3-3-3	1906742	S	5	0	5	0.0000261927
Microbacterium protaetiae	2509458	S	5	0	5	0.0000261927
Agromyces flavus	589382	S	4	1	5	0.0000261927
Rathayibacter sp. VKM Ac-2801	2609255	S	4	1	5	0.0000261927
Aurantimicrobium sp. MWH-Mo1	1987356	S	5	0	5	0.0000261927
Cryobacterium arcticum	670052	S	2	3	5	0.0000261927
Arthrobacter sp. FB24	290399	S	5	0	5	0.0000261927
Glutamicibacter creatinolyticus	162496	S	5	0	5	0.0000261927
Phycicoccus endophyticus	1690220	S	5	0	5	0.0000261927
Cellulomonas sp. Y8	2591145	S	5	0	5	0.0000261927
Cellulomonas sp. JZ18	2654191	S	5	0	5	0.0000261927
Cellulomonas sp. H30R-01	2704467	S	5	0	5	0.0000261927
Oerskovia sp. KBS0722	1179673	S	5	0	5	0.0000261927
Dermabacter vaginalis	1630135	S	4	1	5	0.0000261927
Dermabacter jinjuensis	1667168	S	4	1	5	0.0000261927
Serinicoccus chungangensis	767452	S	5	0	5	0.0000261927
Mobilicoccus sp. NJES-13	2716227	S	5	0	5	0.0000261927
Streptomyces sp. WAC 01529	2203205	S	5	0	5	0.0000261927
Streptomyces sp. WAC 01438	2203204	S	5	0	5	0.0000261927
Streptomyces sp. P3	2135430	S	5	0	5	0.0000261927
Streptomyces sp. RTd22	1841249	S	5	0	5	0.0000261927
Streptomyces sp. Rer75	2750011	S	5	0	5	0.0000261927
Streptomyces sp. CRXT-G-22	2768066	S	5	0	5	0.0000261927
Streptomyces buecherae	2763006	S	5	0	5	0.0000261927
Streptomyces asterosporus	285570	S	5	0	5	0.0000261927
Streptomyces davaonensis	348043	S	5	0	5	0.0000261927
Streptomyces rapamycinicus	1226757	S	5	0	5	0.0000261927
Streptomyces mobaraensis	35621	S	5	0	5	0.0000261927
Streptomyces formicae	1616117	S	5	0	5	0.0000261927
Streptomyces spectabilis	68270	S	5	0	5	0.0000261927
Streptomyces cyanogenus	80860	S	5	0	5	0.0000261927
Streptomyces exfoliatus	1905	S	5	0	5	0.0000261927
Streptomyces olivaceus	47716	S	4	1	5	0.0000261927
Amycolatopsis sp. YIM 10	2653857	S	5	0	5	0.0000261927
Micromonospora viridifaciens	1881	S	5	0	5	0.0000261927
Micromonospora maris	1003110	S	5	0	5	0.0000261927
Micromonospora narathiwatensis	299146	S	5	0	5	0.0000261927
Actinomyces viscosus	1656	S	5	0	5	0.0000261927
Candidatus Planktophila dulcis	1884914	S	5	0	5	0.0000261927
Nonomuraea sp. ATCC 55076	1909395	S	5	0	5	0.0000261927
Bifidobacterium choerinum	35760	S	5	0	5	0.0000261927
Euzebya sp. DY32-46	1608957	S	5	0	5	0.0000261927
Geobacillus stearothermophilus	1422	S	2	3	5	0.0000261927
Caldibacillus thermoamylovorans	35841	S	5	0	5	0.0000261927
Staphylococcus saccharolyticus	33028	S	5	0	5	0.0000261927
Mammaliicoccus lentus	42858	S	4	1	5	0.0000261927
Paenibacillus odorifer	189426	S	5	0	5	0.0000261927
Paenibacillus bovis	1616788	S	5	0	5	0.0000261927
Brevibacillus agri	51101	S	5	0	5	0.0000261927
Gemella morbillorum	29391	S	4	1	5	0.0000261927
Streptococcus pyogenes	1314	S	4	1	5	0.0000261927
Streptococcus lutetiensis	150055	S	1	4	5	0.0000261927
Latilactobacillus curvatus	28038	S	3	2	5	0.0000261927
Clostridium septicum	1504	S	5	0	5	0.0000261927
Candidatus Arthromitus sp. SFB-rat-Yit	1041504	S	2	3	5	0.0000261927
Blautia hansenii	1322	S	4	1	5	0.0000261927
Blautia producta	33035	S	4	1	5	0.0000261927
Anaerobutyricum hallii	39488	S	4	1	5	0.0000261927
Oscillibacter sp. PEA192	2109687	S	1	4	5	0.0000261927
Caldicellulosiruptor saccharolyticus	44001	S	5	0	5	0.0000261927
Thermodesulfobium narugense	184064	S	5	0	5	0.0000261927
Acetohalobium arabaticum	28187	S	5	0	5	0.0000261927
Parvimonas micra	33033	S	4	1	5	0.0000261927
Turicibacter sanguinis	154288	S	5	0	5	0.0000261927
Geminocystis sp. NIES-3709	1617448	S	4	1	5	0.0000261927
Chondrocystis sp. NIES-4102	2005460	S	5	0	5	0.0000261927
Synechococcus sp. Minos11	221341	S	5	0	5	0.0000261927
Synechococcus sp. CBW1107	2789857	S	4	1	5	0.0000261927
Cyanobium sp. NIES-981	1851505	S	4	1	5	0.0000261927
Leptolyngbya sp. PCC 7376	111781	S	5	0	5	0.0000261927
Leptolyngbya sp. NIES-3755	1752064	S	5	0	5	0.0000261927
Synechocystis sp. PCC 6714	1147	S	3	2	5	0.0000261927
Thermus thermophilus	274	S	4	1	5	0.0000261927
Deinococcus sp. NW-56	2080419	S	5	0	5	0.0000261927
Mycoplasma anserisalpingitidis	519450	S	5	0	5	0.0000261927
Spiroplasma phoeniceum	47835	S	4	1	5	0.0000261927
Chloroflexus aggregans	152260	S	5	0	5	0.0000261927
Flavobacterium sp. CJ74	2294119	S	5	0	5	0.0000261927
Flavobacterium album	2175091	S	5	0	5	0.0000261927
Polaribacter sp. L3A8	2686361	S	5	0	5	0.0000261927
Nonlabens marinus	930802	S	5	0	5	0.0000261927
Formosa sp. L2A11	2686363	S	4	1	5	0.0000261927
Dokdonia sp. Dokd-P16	2173169	S	4	1	5	0.0000261927
Tamlana carrageenivorans	2069432	S	5	0	5	0.0000261927
Sediminicola sp. YIK13	1453352	S	5	0	5	0.0000261927
Arenibacter algicola	616991	S	5	0	5	0.0000261927
Mesoflavibacter profundi	2708110	S	1	4	5	0.0000261927
Chryseobacterium sp. T16E-39	2015076	S	5	0	5	0.0000261927
Chryseobacterium sp. SNU WT5	2594269	S	4	1	5	0.0000261927
Chryseobacterium carnipullorum	1124835	S	4	1	5	0.0000261927
Chryseobacterium arthrosphaerae	651561	S	4	1	5	0.0000261927
Ichthyobacterium seriolicida	242600	S	5	0	5	0.0000261927
Sphingobacterium psychroaquaticum	561061	S	5	0	5	0.0000261927
Mucilaginibacter sp. F39-2	2728022	S	5	0	5	0.0000261927
Mucilaginibacter ginsenosidivorax	862126	S	5	0	5	0.0000261927
Mucilaginibacter xinganensis	1234841	S	5	0	5	0.0000261927
Spirosoma sp. PL0136	2710596	S	5	0	5	0.0000261927
Spirosoma rigui	564064	S	5	0	5	0.0000261927
Dyadobacter fermentans	94254	S	5	0	5	0.0000261927
Cytophaga hutchinsonii	985	S	5	0	5	0.0000261927
Hymenobacter sp. NBH84	2596915	S	5	0	5	0.0000261927
Pontibacter sp. SGAir0037	2571030	S	5	0	5	0.0000261927
Echinicola sp. 20G	2781961	S	5	0	5	0.0000261927
Flammeovirga sp. MY04	1191459	S	5	0	5	0.0000261927
Arachidicoccus ginsenosidivorans	496057	S	5	0	5	0.0000261927
Prevotella dentalis	52227	S	5	0	5	0.0000261927
Odoribacter splanchnicus	28118	S	5	0	5	0.0000261927
Alkalitalea saponilacus	889453	S	4	1	5	0.0000261927
Rhodothermus marinus	29549	S	5	0	5	0.0000261927
Gimesia panareensis	2527978	S	4	1	5	0.0000261927
Gimesia fumaroli	2527976	S	3	2	5	0.0000261927
Fuerstia marisgermanicae	1891926	S	5	0	5	0.0000261927
Calycomorphotria hydatis	2528027	S	5	0	5	0.0000261927
Candidatus Protochlamydia naegleriophila	389348	S	2	3	5	0.0000261927
Neochlamydia sp. S13	1353976	S	4	1	5	0.0000261927
Terriglobus albidus	1592106	S	5	0	5	0.0000261927
Treponema azotonutricium	150829	S	5	0	5	0.0000261927
Borreliella burgdorferi	139	S	5	0	5	0.0000261927
Sulfurihydrogenibium sp. YO3AOP1	436114	S	3	2	5	0.0000261927
Tepiditoga spiralis	2108365	S	5	0	5	0.0000261927
Candidatus Nanosynbacter lyticus	2093824	S	5	0	5	0.0000261927
Natronomonas sp. YPL13	1710540	S	5	0	5	0.0000261927
Halobacterium sp. BOL4-2	2810537	S	1	4	5	0.0000261927
Vibrio phage phi 1	1589297	S	4	1	5	0.0000261927
Moumouvirus	985782	S	5	0	5	0.0000261927
Candidatus Symbiobacter mobilis	1436290	S	4	0	4	0.0000209541
Burkholderia sp. PAMC 26561	1795043	S	3	1	4	0.0000209541
Burkholderia sp. KK1	1855726	S	2	2	4	0.0000209541
Burkholderia glumae	337	S	4	0	4	0.0000209541
Burkholderia plantarii	41899	S	4	0	4	0.0000209541
Polynucleobacter acidiphobus	556053	S	4	0	4	0.0000209541
Paraburkholderia terricola	169427	S	4	0	4	0.0000209541
Paraburkholderia megapolitana	420953	S	4	0	4	0.0000209541
Paraburkholderia sprentiae	948107	S	4	0	4	0.0000209541
Pandoraea fibrosis	1891094	S	4	0	4	0.0000209541
Janthinobacterium sp. B9-8	1236179	S	4	0	4	0.0000209541
Thiomonas sp. X19	1050370	S	4	0	4	0.0000209541
Bordetella sp. N	1746199	S	4	0	4	0.0000209541
Algicoccus marinus	2163011	S	4	0	4	0.0000209541
Thauera hydrothermalis	2184083	S	4	0	4	0.0000209541
Thauera chlorobenzoica	96773	S	3	1	4	0.0000209541
Aromatoleum aromaticum	551760	S	4	0	4	0.0000209541
Methylovorus glucosotrophus	266009	S	2	2	4	0.0000209541
Ferriphaselus amnicola	1188319	S	4	0	4	0.0000209541
Chromobacterium violaceum	536	S	4	0	4	0.0000209541
Aquaspirillum sp. LM1	1938604	S	4	0	4	0.0000209541
Laribacter hongkongensis	168471	S	4	0	4	0.0000209541
Deefgea sp. D17	2739061	S	4	0	4	0.0000209541
Kingella oralis	505	S	4	0	4	0.0000209541
Crenobacter cavernae	2290923	S	4	0	4	0.0000209541
Acinetobacter calcoaceticus	471	S	4	0	4	0.0000209541
Aquirhabdus parva	2283318	S	4	0	4	0.0000209541
Pseudomonas sp. ABC1	2748080	S	4	0	4	0.0000209541
Pseudomonas sp. SK	2729423	S	4	0	4	0.0000209541
Pseudomonas sp. DY-1	1755504	S	4	0	4	0.0000209541
Pseudomonas sp. 7SR1	1881017	S	4	0	4	0.0000209541
Pseudomonas sp. BIGb0427	2724470	S	4	0	4	0.0000209541
Pseudomonas sp. IB20	1702250	S	4	0	4	0.0000209541
Pseudomonas sp. DTU12.3	2073078	S	4	0	4	0.0000209541
Pseudomonas sp. DR 5-09	1534110	S	3	1	4	0.0000209541
Pseudomonas sp. 14181154	2662033	S	3	1	4	0.0000209541
Pseudomonas sp. UW4	1207075	S	3	1	4	0.0000209541
Pseudomonas migulae	78543	S	4	0	4	0.0000209541
Pseudomonas kribbensis	1628086	S	4	0	4	0.0000209541
Pseudomonas viciae	2505979	S	4	0	4	0.0000209541
Pseudomonas sabulinigri	472181	S	4	0	4	0.0000209541
Pseudomonas silesiensis	1853130	S	4	0	4	0.0000209541
Pseudomonas parafulva	157782	S	4	0	4	0.0000209541
Pseudomonas denitrificans (nom. rej.)	43306	S	4	0	4	0.0000209541
Azotobacter chroococcum	353	S	4	0	4	0.0000209541
Azotobacter salinestris	69964	S	4	0	4	0.0000209541
Enterobacter sp. 638	399742	S	4	0	4	0.0000209541
Enterobacteriaceae endosymbiont of Donacia bicoloricornis	2675772	S	4	0	4	0.0000209541
Enterobacteriaceae endosymbiont of Donacia versicolorea	2675788	S	3	1	4	0.0000209541
Leclercia sp. J807	2681307	S	3	1	4	0.0000209541
Pantoea dispersa	59814	S	4	0	4	0.0000209541
Pantoea eucalypti	470933	S	2	2	4	0.0000209541
Serratia liquefaciens	614	S	3	1	4	0.0000209541
Serratia rubidaea	61652	S	3	1	4	0.0000209541
Xenorhabdus bovienii	40576	S	4	0	4	0.0000209541
Stenotrophomonas sp. ZAC14A_NAIMI4_1	2072412	S	2	2	4	0.0000209541
Lysobacter sp. H23M41	2781023	S	1	3	4	0.0000209541
Lysobacter soli	453783	S	4	0	4	0.0000209541
Pseudoxanthomonas spadix	415229	S	4	0	4	0.0000209541
Thermomonas brevis	215691	S	4	0	4	0.0000209541
Dyella sp. G9	2763498	S	4	0	4	0.0000209541
Halomonas sp. SF2003	2136172	S	1	3	4	0.0000209541
Halomonas meridiana	29570	S	4	0	4	0.0000209541
Halomonas aestuarii	1897729	S	4	0	4	0.0000209541
Cobetia sp. AM6	2661553	S	1	3	4	0.0000209541
Alcanivorax xenomutans	1094342	S	3	1	4	0.0000209541
Hahella chejuensis	158327	S	3	1	4	0.0000209541
Alteromonas macleodii	28108	S	4	0	4	0.0000209541
Shewanella oneidensis	70863	S	4	0	4	0.0000209541
Pseudoalteromonas prydzensis	182141	S	4	0	4	0.0000209541
Pseudoalteromonas nigrifaciens	28109	S	2	2	4	0.0000209541
Moritella yayanosii	69539	S	4	0	4	0.0000209541
Legionella hackeliae	449	S	4	0	4	0.0000209541
Legionella sainthelensi	28087	S	4	0	4	0.0000209541
Legionella anisa	28082	S	4	0	4	0.0000209541
Legionella spiritensis	452	S	4	0	4	0.0000209541
Tatlockia micdadei	451	S	4	0	4	0.0000209541
Fluoribacter dumoffii	463	S	2	2	4	0.0000209541
Photobacterium damselae	38293	S	4	0	4	0.0000209541
Acidihalobacter yilgarnenesis	2819280	S	4	0	4	0.0000209541
Ectothiorhodospira sp. BSL-9	1442136	S	3	1	4	0.0000209541
Thermochromatium tepidum	1050	S	4	0	4	0.0000209541
Wenzhouxiangella sp. AB-CW3	2771012	S	4	0	4	0.0000209541
Mannheimia varigena	85404	S	4	0	4	0.0000209541
Mannheimia sp. USDA-ARS-USMARC-1261	1432056	S	4	0	4	0.0000209541
Gallibacterium anatis	750	S	4	0	4	0.0000209541
Methylomonas methanica	421	S	4	0	4	0.0000209541
Methylomonas koyamae	702114	S	1	3	4	0.0000209541
Methylocaldum marinum	1432792	S	4	0	4	0.0000209541
Methylovulum psychrotolerans	1704499	S	4	0	4	0.0000209541
Oceanimonas sp. GK1	511062	S	4	0	4	0.0000209541
Dongshaea marina	2047966	S	4	0	4	0.0000209541
Francisella halioticida	549298	S	4	0	4	0.0000209541
Piscirickettsia salmonis	1238	S	4	0	4	0.0000209541
Microbulbifer sp. ALW1	1516059	S	4	0	4	0.0000209541
Cellvibrio sp. PSBB006	1987723	S	4	0	4	0.0000209541
Halioglobus pacificus	930806	S	4	0	4	0.0000209541
Kineobactrum salinum	2708301	S	4	0	4	0.0000209541
Candidatus Thioglobus autotrophicus	1705394	S	4	0	4	0.0000209541
Bradyrhizobium genosp. B	83627	S	4	0	4	0.0000209541
Rhizobium sp. CIAT894	2020312	S	4	0	4	0.0000209541
Rhizobium sp. 11515TR	2028343	S	4	0	4	0.0000209541
Neorhizobium sp. NCHU2750	1825976	S	4	0	4	0.0000209541
Sinorhizobium sp. RAC02	1842534	S	3	1	4	0.0000209541
Ensifer alkalisoli	1752398	S	4	0	4	0.0000209541
Ciceribacter thiooxidans	1969821	S	4	0	4	0.0000209541
Mesorhizobium sp. 113-3-3	2744516	S	3	1	4	0.0000209541
Mesorhizobium opportunistum	593909	S	3	1	4	0.0000209541
Phyllobacterium sp. 628	2718938	S	4	0	4	0.0000209541
Chelativorans sp. BNC1	266779	S	4	0	4	0.0000209541
Devosia sp. 1566	2499144	S	4	0	4	0.0000209541
Devosia sp. D6-9	2664417	S	3	1	4	0.0000209541
Aquabacter sp. L1I39	2820278	S	4	0	4	0.0000209541
Brucella sp. 2280	2592625	S	2	2	4	0.0000209541
Brucella sp. 6810	2769351	S	2	2	4	0.0000209541
[Ochrobactrum] quorumnocens	271865	S	4	0	4	0.0000209541
Aureimonas sp. LMG 31693	2758041	S	4	0	4	0.0000209541
Martelella endophytica	1486262	S	4	0	4	0.0000209541
Bartonella sp. HY038	2759660	S	4	0	4	0.0000209541
Beijerinckia indica	533	S	4	0	4	0.0000209541
Sphingomonas daechungensis	1176646	S	4	0	4	0.0000209541
Sphingomonas lacunae	2698828	S	4	0	4	0.0000209541
Sphingobium sp. PAMC28499	2565554	S	2	2	4	0.0000209541
Sphingobium chlorophenolicum	46429	S	3	1	4	0.0000209541
Zymomonas mobilis	542	S	4	0	4	0.0000209541
Erythrobacter sp. HL-111	1798193	S	4	0	4	0.0000209541
Porphyrobacter sp. LM 6	1896196	S	3	1	4	0.0000209541
Altererythrobacter atlanticus	1267766	S	3	1	4	0.0000209541
Tsuneonella mangrovi	1982042	S	4	0	4	0.0000209541
Aurantiacibacter atlanticus	1648404	S	3	1	4	0.0000209541
Paracoccus sp. H4-D09	2812658	S	4	0	4	0.0000209541
Paracoccus contaminans	1945662	S	4	0	4	0.0000209541
Phaeobacter inhibens	221822	S	2	2	4	0.0000209541
Leisingera sp. NJS201	2508306	S	1	3	4	0.0000209541
Roseobacter denitrificans	2434	S	4	0	4	0.0000209541
Roseobacter ponti	1891787	S	4	0	4	0.0000209541
Ruegeria sp. TM1040	292414	S	4	0	4	0.0000209541
Thioclava nitratireducens	1915078	S	3	1	4	0.0000209541
Tateyamaria omphalii	299262	S	4	0	4	0.0000209541
Ketogulonicigenium robustum	92947	S	2	2	4	0.0000209541
Profundibacter amoris	2171755	S	4	0	4	0.0000209541
Monaibacterium sp. ALG8	2715211	S	3	1	4	0.0000209541
Yoonia vestfoldensis	245188	S	3	1	4	0.0000209541
Dinoroseobacter shibae	215813	S	2	2	4	0.0000209541
Azospirillum ramasamyi	682998	S	3	1	4	0.0000209541
Magnetospirillum sp. ME-1	1639348	S	3	1	4	0.0000209541
Skermanella pratensis	2233999	S	3	1	4	0.0000209541
Rhodospirillum centenum	34018	S	4	0	4	0.0000209541
Lichenicola cladoniae	1484109	S	4	0	4	0.0000209541
Neorickettsia sennetsu	951	S	4	0	4	0.0000209541
Candidatus Pelagibacter sp. HIMB1321	1388755	S	3	1	4	0.0000209541
Candidatus Pelagibacter sp. RS39	1977864	S	3	1	4	0.0000209541
Paremcibacter congregatus	2043170	S	4	0	4	0.0000209541
Melittangium boletus	83453	S	4	0	4	0.0000209541
Desulfovibrio desulfuricans	876	S	4	0	4	0.0000209541
Desulfovibrio sulfodismutans	63561	S	4	0	4	0.0000209541
Desulfovibrio magneticus	184917	S	3	1	4	0.0000209541
Desulfurivibrio alkaliphilus	427923	S	4	0	4	0.0000209541
Arcobacter sp. FWKO B	2593672	S	4	0	4	0.0000209541
Campylobacter blaseri	2042961	S	4	0	4	0.0000209541
Candidatus Sulfurimonas marisnigri	2740405	S	4	0	4	0.0000209541
Tessaracoccus timonensis	2161816	S	4	0	4	0.0000209541
Nocardioides sp. S-713	2760089	S	4	0	4	0.0000209541
Nocardioides daphniae	402297	S	4	0	4	0.0000209541
Nocardioides sambongensis	2589074	S	4	0	4	0.0000209541
Aeromicrobium sp. A1-2	2107713	S	4	0	4	0.0000209541
Aeromicrobium sp. zg-629	2663859	S	4	0	4	0.0000209541
Nocardia farcinica	37329	S	4	0	4	0.0000209541
Corynebacterium vitaeruminis	38305	S	4	0	4	0.0000209541
Corynebacterium mycetoides	38302	S	4	0	4	0.0000209541
Corynebacterium sphenisci	191493	S	4	0	4	0.0000209541
Corynebacterium terpenotabidum	89154	S	4	0	4	0.0000209541
Corynebacterium nuruki	1032851	S	4	0	4	0.0000209541
Corynebacterium flavescens	28028	S	4	0	4	0.0000209541
Corynebacterium sanguinis	2594913	S	3	1	4	0.0000209541
Mycolicibacterium sp. LJ126	2761578	S	4	0	4	0.0000209541
Mycolicibacterium parafortuitum	39692	S	4	0	4	0.0000209541
Mycolicibacterium thermoresistibile	1797	S	4	0	4	0.0000209541
Mycolicibacterium fluoranthenivorans	258505	S	4	0	4	0.0000209541
Mycolicibacterium goodii	134601	S	4	0	4	0.0000209541
Mycolicibacterium vaccae	1810	S	4	0	4	0.0000209541
Mycobacterium sp. EPa45	1545728	S	4	0	4	0.0000209541
Mycobacterium basiliense	2094119	S	4	0	4	0.0000209541
Dietzia psychralcaliphila	139021	S	4	0	4	0.0000209541
Microbacterium sp. LKL04	912630	S	4	0	4	0.0000209541
Microbacterium sp. 4R-513	2567934	S	4	0	4	0.0000209541
Microbacterium sp. RG1	2489212	S	4	0	4	0.0000209541
Microbacterium esteraromaticum	57043	S	4	0	4	0.0000209541
Curtobacterium sp. SGAir0471	2070337	S	4	0	4	0.0000209541
Rathayibacter sp. VKM Ac-2804	2609257	S	3	1	4	0.0000209541
Rathayibacter sp. VKM Ac-2805	2609258	S	2	2	4	0.0000209541
Leifsonia shinshuensis	150026	S	3	1	4	0.0000209541
Leucobacter viscericola	2714935	S	4	0	4	0.0000209541
Salinibacterium sp. ZJ70	2708084	S	4	0	4	0.0000209541
Protaetiibacter intestinalis	2419774	S	4	0	4	0.0000209541
Plantibacter sp. M259	2583822	S	3	1	4	0.0000209541
Marisediminicola antarctica	674079	S	4	0	4	0.0000209541
Luteipulveratus mongoliensis	571913	S	4	0	4	0.0000209541
Arthrobacter sp. UKPF54-2	2600159	S	4	0	4	0.0000209541
Arthrobacter sp. 24S4-2	2575374	S	4	0	4	0.0000209541
Arthrobacter sp. PGP41	2079227	S	4	0	4	0.0000209541
Arthrobacter sp. YN	2020486	S	4	0	4	0.0000209541
Arthrobacter agilis	37921	S	4	0	4	0.0000209541
Pseudarthrobacter phenanthrenivorans	361575	S	4	0	4	0.0000209541
Pseudarthrobacter sulfonivorans	121292	S	3	1	4	0.0000209541
Renibacterium salmoninarum	1646	S	4	0	4	0.0000209541
Janibacter limosus	53458	S	4	0	4	0.0000209541
Brevibacterium luteolum	199591	S	4	0	4	0.0000209541
Cellulomonas sp. PSBB021	2003551	S	4	0	4	0.0000209541
Brachybacterium sp. P6-10-X1	1903186	S	4	0	4	0.0000209541
Brachybacterium ginsengisoli	1331682	S	4	0	4	0.0000209541
Cellulosimicrobium sp. 72-3	2731680	S	1	3	4	0.0000209541
Xylanimonas cellulosilytica	186189	S	4	0	4	0.0000209541
Serinicoccus marinus	247333	S	4	0	4	0.0000209541
Georgenia sp. Z443	2589797	S	4	0	4	0.0000209541
Luteimicrobium xylanilyticum	1133546	S	4	0	4	0.0000209541
Streptomyces sp. TLI_053	1855352	S	4	0	4	0.0000209541
Streptomyces sp. CRPJ-33	2768068	S	4	0	4	0.0000209541
Streptomyces sp. RPA4-2	2721244	S	4	0	4	0.0000209541
Streptomyces sp. SCUT-3	2684469	S	4	0	4	0.0000209541
Streptomyces sp. W1SF4	2305220	S	4	0	4	0.0000209541
Streptomyces sp. CNQ-509	444103	S	3	1	4	0.0000209541
Streptomyces sp. KPB2	2305221	S	1	3	4	0.0000209541
Streptomyces fodineus	1904616	S	4	0	4	0.0000209541
Streptomyces phaeolivaceus	2653200	S	4	0	4	0.0000209541
Streptomyces bingchenggensis	379067	S	4	0	4	0.0000209541
Streptomyces gilvosporeus	553510	S	4	0	4	0.0000209541
Streptomyces bathyalis	2710756	S	4	0	4	0.0000209541
Streptomyces pristinaespiralis	38300	S	4	0	4	0.0000209541
Streptomyces capitiformicae	2014920	S	4	0	4	0.0000209541
Streptomyces harbinensis	1176198	S	4	0	4	0.0000209541
Streptomyces violaceoruber	1935	S	2	2	4	0.0000209541
Amycolatopsis sp. AA4	1896961	S	4	0	4	0.0000209541
Amycolatopsis sp. FDAARGOS 1241	2778070	S	4	0	4	0.0000209541
Pseudonocardia sp. HH130630-07	1690815	S	3	1	4	0.0000209541
Pseudonocardia dioxanivorans	240495	S	4	0	4	0.0000209541
Saccharothrix sp. 6-C	2781735	S	4	0	4	0.0000209541
Actinoalloteichus sp. GBA129-24	1612551	S	2	2	4	0.0000209541
Alloactinosynnema sp. L-07	1653480	S	4	0	4	0.0000209541
Micromonospora inositola	47865	S	4	0	4	0.0000209541
Micromonospora krabiensis	307121	S	4	0	4	0.0000209541
Micromonospora carbonacea	47853	S	4	0	4	0.0000209541
Plantactinospora sp. KBS50	2024580	S	4	0	4	0.0000209541
Verrucosispora sp. NA02020	2742132	S	4	0	4	0.0000209541
Actinomyces sp. ZJ750	2744574	S	4	0	4	0.0000209541
Schaalia sp. JY-X169	2758572	S	4	0	4	0.0000209541
Arcanobacterium haemolyticum	28264	S	4	0	4	0.0000209541
Actinomadura sp. WMMB 499	1219491	S	4	0	4	0.0000209541
Streptosporangium sp. 'caverna'	2202249	S	4	0	4	0.0000209541
Thermobifida fusca	2021	S	4	0	4	0.0000209541
Frankia sp. EAN1pec	298653	S	4	0	4	0.0000209541
Frankia sp. QA3	710111	S	4	0	4	0.0000209541
Frankia inefficax	298654	S	4	0	4	0.0000209541
Geodermatophilus obscurus	1861	S	4	0	4	0.0000209541
Nakamurella panacisegetis	1090615	S	2	2	4	0.0000209541
Jatrophihabitans sp. GAS493	1907575	S	4	0	4	0.0000209541
Stackebrandtia nassauensis	283811	S	4	0	4	0.0000209541
Parolsenella massiliensis	1871022	S	4	0	4	0.0000209541
Rubrobacter sp. SCSIO 52909	2653851	S	4	0	4	0.0000209541
Rubrobacter xylanophilus	49319	S	4	0	4	0.0000209541
Priestia filamentosa	1402861	S	4	0	4	0.0000209541
Bacillus dafuensis	1742359	S	4	0	4	0.0000209541
Bacillus circulans	1397	S	4	0	4	0.0000209541
Lysinibacillus timonensis	2086577	S	4	0	4	0.0000209541
Oceanobacillus kimchii	746691	S	4	0	4	0.0000209541
Staphylococcus saprophyticus	29385	S	4	0	4	0.0000209541
Paenibacillus sp. FSL P4-0081	1536769	S	2	2	4	0.0000209541
Paenibacillus cellulosilyticus	375489	S	4	0	4	0.0000209541
Paenibacillus lycopersici	2704462	S	4	0	4	0.0000209541
Planococcus rifietoensis	200991	S	4	0	4	0.0000209541
Listeria monocytogenes	1639	S	3	1	4	0.0000209541
Streptococcus equinus	1335	S	3	1	4	0.0000209541
Lactococcus taiwanensis	1151742	S	4	0	4	0.0000209541
Lactobacillus helveticus	1587	S	3	1	4	0.0000209541
Leuconostoc mesenteroides	1245	S	4	0	4	0.0000209541
Leuconostoc pseudomesenteroides	33968	S	4	0	4	0.0000209541
Ligilactobacillus ruminis	1623	S	4	0	4	0.0000209541
Ligilactobacillus salivarius	1624	S	4	0	4	0.0000209541
Fructilactobacillus sanfranciscensis	1625	S	4	0	4	0.0000209541
Enterococcus gallinarum	1353	S	2	2	4	0.0000209541
Clostridium sp. DL-VIII	641107	S	4	0	4	0.0000209541
Clostridium acetobutylicum	1488	S	4	0	4	0.0000209541
Clostridium taeniosporum	394958	S	4	0	4	0.0000209541
Clostridium carboxidivorans	217159	S	4	0	4	0.0000209541
Clostridium gasigenes	94869	S	4	0	4	0.0000209541
Clostridium baratii	1561	S	4	0	4	0.0000209541
Clostridium butyricum	1492	S	4	0	4	0.0000209541
Clostridium beijerinckii	1520	S	3	1	4	0.0000209541
Lacrimispora saccharolytica	84030	S	3	1	4	0.0000209541
Lachnoclostridium phocaeense	1871021	S	3	1	4	0.0000209541
Ethanoligenens harbinense	253239	S	4	0	4	0.0000209541
Flavonifractor plautii	292800	S	4	0	4	0.0000209541
Caproiciproducens sp. NJN-50	2507162	S	3	1	4	0.0000209541
Romboutsia sp. CE17	2724150	S	4	0	4	0.0000209541
Aminipila sp. JN-18	2507160	S	4	0	4	0.0000209541
Koleobacter methoxysyntrophicus	2751313	S	4	0	4	0.0000209541
Selenomonas ruminantium	971	S	4	0	4	0.0000209541
Pelosinus sp. UFO1	484770	S	2	2	4	0.0000209541
Dialister pneumosintes	39950	S	4	0	4	0.0000209541
Calothrix sp. 336/3	1337936	S	4	0	4	0.0000209541
Dolichospermum compactum	136073	S	1	3	4	0.0000209541
Oscillatoria acuminata	118323	S	4	0	4	0.0000209541
Synechococcus sp. PCC 7336	195250	S	4	0	4	0.0000209541
Synechococcus sp. HK01-R	2751171	S	3	1	4	0.0000209541
Leptolyngbya boryana	1184	S	4	0	4	0.0000209541
cyanobacterium endosymbiont of Rhopalodia gibberula	1763363	S	4	0	4	0.0000209541
Gloeomargarita lithophora	1188228	S	4	0	4	0.0000209541
Meiothermus taiwanensis	172827	S	4	0	4	0.0000209541
Thermus caldilimi	2483360	S	4	0	4	0.0000209541
Mycoplasma arthritidis	2111	S	4	0	4	0.0000209541
Mycoplasma anatis	171279	S	4	0	4	0.0000209541
Thermomicrobium roseum	500	S	4	0	4	0.0000209541
Caldilinea aerophila	133453	S	4	0	4	0.0000209541
Tepidiforma bonchosmolovskayae	2601677	S	4	0	4	0.0000209541
Polaribacter sp. SM13	2818493	S	4	0	4	0.0000209541
Myroides fluvii	2572594	S	4	0	4	0.0000209541
Capnocytophaga sp. oral taxon 878	1316596	S	3	1	4	0.0000209541
Capnocytophaga stomatis	1848904	S	4	0	4	0.0000209541
Nonlabens sp. Hel1_33_55	1336802	S	4	0	4	0.0000209541
Lacinutrix venerupis	1486034	S	4	0	4	0.0000209541
Cellulophaga lytica	979	S	4	0	4	0.0000209541
Cellulophaga sp. L1A9	2686362	S	3	1	4	0.0000209541
Gramella salexigens	1913577	S	4	0	4	0.0000209541
Gramella fulva	2126553	S	4	0	4	0.0000209541
Dokdonia sp. 4H-3-7-5	983548	S	3	1	4	0.0000209541
Aquimarina sp. AD10	1714849	S	4	0	4	0.0000209541
Aquimarina sp. BL5	1714860	S	4	0	4	0.0000209541
Costertonia aggregata	343403	S	4	0	4	0.0000209541
Croceibacter atlanticus	313588	S	4	0	4	0.0000209541
Flavivirga eckloniae	1803846	S	4	0	4	0.0000209541
Elizabethkingia sp. 2-6	2575699	S	2	2	4	0.0000209541
Sphingobacterium sp. UDSM-2020	2795738	S	4	0	4	0.0000209541
Sphingobacterium mizutaii	1010	S	4	0	4	0.0000209541
Anseongella ginsenosidimutans	496056	S	4	0	4	0.0000209541
Spirosoma montaniterrae	1178516	S	4	0	4	0.0000209541
Arcticibacterium luteifluviistationis	1784714	S	4	0	4	0.0000209541
Hymenobacter sp. PAMC 26628	1484118	S	4	0	4	0.0000209541
Hymenobacter swuensis	1446467	S	4	0	4	0.0000209541
Hymenobacter oligotrophus	2319843	S	4	0	4	0.0000209541
Echinicola strongylocentroti	1795355	S	4	0	4	0.0000209541
Cyclobacterium amurskyense	320787	S	3	1	4	0.0000209541
Bacteroides thetaiotaomicron	818	S	4	0	4	0.0000209541
Bacteroides caccae	47678	S	4	0	4	0.0000209541
Paraprevotella xylaniphila	454155	S	4	0	4	0.0000209541
Dysgonomonas sp. HDW5B	2714927	S	4	0	4	0.0000209541
Proteiniphilum saccharofermentans	1642647	S	4	0	4	0.0000209541
Parabacteroides distasonis	823	S	1	3	4	0.0000209541
Porphyromonas gingivalis	837	S	4	0	4	0.0000209541
Coprobacter sp. 2CBH44	2751153	S	4	0	4	0.0000209541
Pelodictyon phaeoclathratiforme	34090	S	4	0	4	0.0000209541
Stieleria neptunia	2527979	S	4	0	4	0.0000209541
Lignipirellula cremea	2528010	S	4	0	4	0.0000209541
Bythopirellula goksoyri	1400387	S	4	0	4	0.0000209541
Sedimentisphaera cyanobacteriorum	1940790	S	2	2	4	0.0000209541
Anaerohalosphaera lusitana	1936003	S	4	0	4	0.0000209541
Candidatus Kuenenia stuttgartiensis	174633	S	4	0	4	0.0000209541
Candidatus Protochlamydia amoebophila	362787	S	2	2	4	0.0000209541
Kiritimatiella glycovorans	1307763	S	2	2	4	0.0000209541
Acidobacterium capsulatum	33075	S	4	0	4	0.0000209541
Treponema pedis	409322	S	4	0	4	0.0000209541
Borrelia crocidurae	29520	S	1	3	4	0.0000209541
Fusobacterium sp. NSJ-57	2764326	S	4	0	4	0.0000209541
Fusobacterium pseudoperiodonticum	2663009	S	3	1	4	0.0000209541
Thermosipho sp. 1070	1437364	S	4	0	4	0.0000209541
Candidatus Saccharimonas aalborgensis	1332188	S	4	0	4	0.0000209541
Calditerrivibrio nitroreducens	477976	S	4	0	4	0.0000209541
Methanosarcina horonobensis	418008	S	4	0	4	0.0000209541
Methanothrix soehngenii	2223	S	2	2	4	0.0000209541
Propionibacterium virus PHL041M10	1982276	S	3	1	4	0.0000209541
Mycobacterium phage HINdeR	1327770	S	1	3	4	0.0000209541
Rhodoferax phage P26218	1636270	S	4	0	4	0.0000209541
Cellulophaga phage phi14:2	1327990	S	3	1	4	0.0000209541
Yellowstone lake phycodnavirus 3	1586715	S	4	0	4	0.0000209541
Invertebrate iridescent virus 22	345198	S	4	0	4	0.0000209541
Burkholderia stagnalis	1503054	S	3	0	3	0.0000157156
Burkholderia sp. BDU6	1385591	S	3	0	3	0.0000157156
Burkholderia sp. MSMB0852	1637841	S	2	1	3	0.0000157156
Burkholderia sp. MSMB1588	1636423	S	1	2	3	0.0000157156
Burkholderia sp. CCGE1003	640512	S	3	0	3	0.0000157156
Burkholderia sp. DHOD12	2571746	S	3	0	3	0.0000157156
Polynucleobacter sp. MWH-UH21B	1743174	S	3	0	3	0.0000157156
Paraburkholderia phenoliruptrix	252970	S	3	0	3	0.0000157156
Paraburkholderia fungorum	134537	S	3	0	3	0.0000157156
Paraburkholderia acidophila	265293	S	2	1	3	0.0000157156
Paraburkholderia terrae	311230	S	2	1	3	0.0000157156
Pandoraea faecigallinarum	656179	S	3	0	3	0.0000157156
Caballeronia sp. SBC1	2705548	S	1	2	3	0.0000157156
Mycoavidus sp. B2-EB	2651972	S	3	0	3	0.0000157156
Glaciimonas sp. PAMC28666	2807626	S	3	0	3	0.0000157156
Sutterella megalosphaeroides	2494234	S	3	0	3	0.0000157156
Sutterella faecalis	2584944	S	3	0	3	0.0000157156
Niveibacterium sp. HC41	2811415	S	3	0	3	0.0000157156
Candidatus Methylopumilus rimovensis	2588535	S	3	0	3	0.0000157156
Nitrosomonas sp. AL212	153948	S	3	0	3	0.0000157156
Nitrosomonas ureae	44577	S	3	0	3	0.0000157156
Sulfuriferula sp. AH1	1985873	S	3	0	3	0.0000157156
Aquitalea aquatilis	1537400	S	3	0	3	0.0000157156
Neisseria sp. ZJ785	2709396	S	3	0	3	0.0000157156
Neisseria subflava	28449	S	3	0	3	0.0000157156
Neisseria meningitidis	487	S	2	1	3	0.0000157156
Acinetobacter sp. LoGeW2-3	1808001	S	3	0	3	0.0000157156
Acinetobacter soli	487316	S	3	0	3	0.0000157156
Pseudomonas sp. 15A4	2804761	S	3	0	3	0.0000157156
Pseudomonas sp. PDNC002	2811422	S	3	0	3	0.0000157156
Pseudomonas sp. IzPS59	2774459	S	3	0	3	0.0000157156
Pseudomonas sp. K2W31S-8	2320867	S	3	0	3	0.0000157156
Pseudomonas sp. 02C 26	2054914	S	3	0	3	0.0000157156
Pseudomonas sp. StFLB209	1028989	S	3	0	3	0.0000157156
Pseudomonas sp. R84	1573712	S	3	0	3	0.0000157156
Pseudomonas sp. B11D7D	2735906	S	3	0	3	0.0000157156
Pseudomonas sp. 09C 129	2054915	S	2	1	3	0.0000157156
Pseudomonas sp. DTU12.1	2654238	S	2	1	3	0.0000157156
Pseudomonas sp. R2-37-08W	1173273	S	2	1	3	0.0000157156
Pseudomonas sp.	306	S	1	2	3	0.0000157156
Pseudomonas balearica	74829	S	3	0	3	0.0000157156
Pseudomonas xanthomarina	271420	S	3	0	3	0.0000157156
Pseudomonas asturiensis	1190415	S	3	0	3	0.0000157156
Pseudomonas pelagia	553151	S	3	0	3	0.0000157156
Pseudomonas oryzae	1392877	S	3	0	3	0.0000157156
Pseudomonas salegens	1434072	S	3	0	3	0.0000157156
Pseudomonas marincola	437900	S	3	0	3	0.0000157156
Pseudomonas taetrolens	47884	S	3	0	3	0.0000157156
Pseudomonas cremoricolorata	157783	S	3	0	3	0.0000157156
Pseudomonas moraviensis	321662	S	3	0	3	0.0000157156
Pseudomonas lini	163011	S	3	0	3	0.0000157156
Pseudomonas alkylphenolica	237609	S	3	0	3	0.0000157156
Pseudomonas vancouverensis	95300	S	3	0	3	0.0000157156
Pseudomonas umsongensis	198618	S	3	0	3	0.0000157156
Pseudomonas bijieensis	2681983	S	1	2	3	0.0000157156
Entomomonas moraniae	2213226	S	3	0	3	0.0000157156
Permianibacter aggregans	1510150	S	3	0	3	0.0000157156
Klebsiella sp. WP4-W18-ESBL-05	2675713	S	1	2	3	0.0000157156
Klebsiella oxytoca	571	S	3	0	3	0.0000157156
Enterobacter sp. E76	2596949	S	3	0	3	0.0000157156
Citrobacter portucalensis	1639133	S	1	2	3	0.0000157156
Cronobacter malonaticus	413503	S	2	1	3	0.0000157156
Candidatus Tachikawaea gelatinosa	1410383	S	3	0	3	0.0000157156
Raoultella ornithinolytica	54291	S	1	2	3	0.0000157156
Leclercia adecarboxylata	83655	S	3	0	3	0.0000157156
Jejubacter calystegiae	2579935	S	3	0	3	0.0000157156
Atlantibacter hermannii	565	S	3	0	3	0.0000157156
Pluralibacter gergoviae	61647	S	3	0	3	0.0000157156
Shigella boydii	621	S	1	2	3	0.0000157156
Pantoea sp. CCBC3-3-1	2490851	S	3	0	3	0.0000157156
Mixta gaviniae	665914	S	3	0	3	0.0000157156
Yersinia pseudotuberculosis	633	S	3	0	3	0.0000157156
Yersinia frederiksenii	29484	S	2	1	3	0.0000157156
Yersinia kristensenii	28152	S	1	2	3	0.0000157156
Yersinia sp. KBS0713	1179669	S	1	2	3	0.0000157156
Arsenophonus endosymbiont of Aleurodicus dispersus	235559	S	3	0	3	0.0000157156
Dickeya chrysanthemi	556	S	3	0	3	0.0000157156
Dickeya dianthicola	204039	S	2	1	3	0.0000157156
Dickeya sp. NCPPB 3274	568766	S	1	2	3	0.0000157156
Pectobacterium atrosepticum	29471	S	3	0	3	0.0000157156
Pectobacterium aroidearum	1201031	S	1	2	3	0.0000157156
Edwardsiella ictaluri	67780	S	3	0	3	0.0000157156
Edwardsiella tarda	636	S	2	1	3	0.0000157156
Xanthomonas sp. GW	2724121	S	1	2	3	0.0000157156
Xanthomonas sp. SS	2724122	S	1	2	3	0.0000157156
Xanthomonas sacchari	56458	S	3	0	3	0.0000157156
Xanthomonas fragariae	48664	S	3	0	3	0.0000157156
Stenotrophomonas sp. 364	2691571	S	3	0	3	0.0000157156
Stenotrophomonas sp. 169	2770322	S	3	0	3	0.0000157156
Stenotrophomonas sp. Pemsol	2040586	S	2	1	3	0.0000157156
Stenotrophomonas indicatrix	2045451	S	1	2	3	0.0000157156
Arenimonas daejeonensis	370777	S	3	0	3	0.0000157156
Pseudolysobacter antarcticus	2511995	S	3	0	3	0.0000157156
Dyella thiooxydans	445710	S	3	0	3	0.0000157156
Halomonas sp. THAF5a	2587844	S	3	0	3	0.0000157156
Halomonas sp. N3-2A	2014541	S	2	1	3	0.0000157156
Halomonas elongata	2746	S	3	0	3	0.0000157156
Kushneria phosphatilytica	657387	S	3	0	3	0.0000157156
Neptunomonas japonica	417574	S	3	0	3	0.0000157156
Amphritea japonica	452627	S	3	0	3	0.0000157156
Saccharospirillum mangrovi	2161747	S	3	0	3	0.0000157156
Alteromonas sp. 76-1	2358187	S	2	1	3	0.0000157156
Agarivorans gilvus	680279	S	3	0	3	0.0000157156
Lacimicrobium alkaliphilum	1526571	S	3	0	3	0.0000157156
Hydrocarboniclastica marina	2259620	S	3	0	3	0.0000157156
Shewanella violacea	60217	S	3	0	3	0.0000157156
Pseudoalteromonas sp. SM1988	2744479	S	3	0	3	0.0000157156
Colwellia sp. Arc7-D	2161872	S	3	0	3	0.0000157156
Legionella sp. MW5194	2662448	S	3	0	3	0.0000157156
Legionella sp. PC1000	2746060	S	3	0	3	0.0000157156
Legionella sp. PC997	2755562	S	3	0	3	0.0000157156
Legionella adelaidensis	45056	S	3	0	3	0.0000157156
Aquicella lusitana	254246	S	2	1	3	0.0000157156
Aquicella siphonis	254247	S	2	1	3	0.0000157156
Vibrio sp. HDW18	2714948	S	3	0	3	0.0000157156
Vibrio scophthalmi	45658	S	3	0	3	0.0000157156
Thioalkalivibrio nitratireducens	186931	S	3	0	3	0.0000157156
Thioalkalivibrio sulfidiphilus	1033854	S	3	0	3	0.0000157156
Thioalkalivibrio sp. K90mix	396595	S	3	0	3	0.0000157156
Acidihalobacter aeolianus	2792603	S	3	0	3	0.0000157156
Spiribacter salinus	1335746	S	3	0	3	0.0000157156
Alkalilimnicola ehrlichii	351052	S	3	0	3	0.0000157156
Thiocystis violascens	73141	S	3	0	3	0.0000157156
Halothiobacillus neapolitanus	927	S	3	0	3	0.0000157156
Woeseia oceani	1548547	S	3	0	3	0.0000157156
Aggregatibacter aphrophilus	732	S	3	0	3	0.0000157156
Methylomonas denitrificans	1538553	S	3	0	3	0.0000157156
Methylococcus sp. IM1	2681310	S	3	0	3	0.0000157156
Aeromonas sp. ASNIH1	1636606	S	1	2	3	0.0000157156
Aeromonas media	651	S	3	0	3	0.0000157156
Aeromonas simiae	218936	S	3	0	3	0.0000157156
Zobellella denitrificans	347534	S	3	0	3	0.0000157156
Francisella tularensis	263	S	3	0	3	0.0000157156
Francisella persica	954	S	3	0	3	0.0000157156
Hydrogenovibrio crunogenus	39765	S	3	0	3	0.0000157156
Beggiatoa leptomitoformis	288004	S	3	0	3	0.0000157156
Cellvibrio sp. KY-YJ-3	454662	S	3	0	3	0.0000157156
Halioglobus japonicus	930805	S	3	0	3	0.0000157156
Halioglobus maricola	2601894	S	3	0	3	0.0000157156
Candidatus Ruthia magnifica	386487	S	2	1	3	0.0000157156
Bradyrhizobium zhanjiangense	1325107	S	3	0	3	0.0000157156
Microvirga ossetica	1882682	S	3	0	3	0.0000157156
Rhizobium sp. BG4	2613770	S	3	0	3	0.0000157156
Rhizobium tropici	398	S	3	0	3	0.0000157156
Rhizobium jaguaris	1312183	S	3	0	3	0.0000157156
Rhizobium rhizoryzae	451876	S	3	0	3	0.0000157156
Rhizobium oryzihabitans	2267833	S	2	1	3	0.0000157156
Agrobacterium rhizogenes	359	S	3	0	3	0.0000157156
Agrobacterium rubi	28099	S	3	0	3	0.0000157156
Candidatus Liberibacter solanacearum	556287	S	3	0	3	0.0000157156
Mesorhizobium sp. J8	2777475	S	3	0	3	0.0000157156
Mesorhizobium sp. M1D.F.Ca.ET.043.01.1.1	2493669	S	3	0	3	0.0000157156
Mesorhizobium sp. NZP2077	2483404	S	3	0	3	0.0000157156
Mesorhizobium sp. M2A.F.Ca.ET.046.03.2.1	2493674	S	2	1	3	0.0000157156
Mesorhizobium oceanicum	1670800	S	3	0	3	0.0000157156
Mesorhizobium japonicum	2066070	S	2	1	3	0.0000157156
Phyllobacterium zundukense	1867719	S	3	0	3	0.0000157156
Oricola thermophila	2742145	S	3	0	3	0.0000157156
Hyphomicrobium sp. MC1	717785	S	3	0	3	0.0000157156
Blastochloris viridis	1079	S	3	0	3	0.0000157156
Methyloceanibacter sp. wino2	2170729	S	3	0	3	0.0000157156
Pseudolabrys sp. FHR47	2562284	S	3	0	3	0.0000157156
Brucella inopinata	1218315	S	1	2	3	0.0000157156
Candidatus Hodgkinia cicadicola	573658	S	3	0	3	0.0000157156
Sphingomonas sp. MK52	2711156	S	3	0	3	0.0000157156
Sphingobium fuliginis	336203	S	1	2	3	0.0000157156
Sphingorhabdus sp. SMR4y	2584094	S	3	0	3	0.0000157156
Parasphingopyxis sp. CP4	2724527	S	3	0	3	0.0000157156
Altererythrobacter sp. ZODW24	2185142	S	3	0	3	0.0000157156
Qipengyuania sediminis	1532023	S	3	0	3	0.0000157156
Paracoccus aminovorans	34004	S	3	0	3	0.0000157156
Paracoccus suum	2259340	S	3	0	3	0.0000157156
Roseovarius sp. THAF9	2587847	S	2	1	3	0.0000157156
Roseovarius faecimaris	2494550	S	3	0	3	0.0000157156
Sulfitobacter sp. SK011	1389004	S	3	0	3	0.0000157156
Sulfitobacter sp. D7	1968541	S	2	1	3	0.0000157156
Rhodovulum sp. MB263	308754	S	3	0	3	0.0000157156
Leisingera methylohalidivorans	133924	S	3	0	3	0.0000157156
Roseobacter litoralis	42443	S	3	0	3	0.0000157156
Celeribacter ethanolicus	1758178	S	2	1	3	0.0000157156
Ruegeria pomeroyi	89184	S	3	0	3	0.0000157156
Thioclava electrotropha	1549850	S	3	0	3	0.0000157156
Cognatishimia activa	1715691	S	3	0	3	0.0000157156
Thalassobius gelatinovorus	53501	S	3	0	3	0.0000157156
Planktomarina temperata	1284658	S	3	0	3	0.0000157156
Pelagibaca abyssi	1250539	S	2	1	3	0.0000157156
Brevundimonas sp. MF30-B	2561924	S	3	0	3	0.0000157156
Brevundimonas sp. GW460-12-10-14-LB2	1827469	S	2	1	3	0.0000157156
Caulobacter henricii	69395	S	3	0	3	0.0000157156
Magnetospirillum magneticum	84159	S	2	1	3	0.0000157156
Thalassospira indica	1891279	S	3	0	3	0.0000157156
Roseomonas sp. 546	2768162	S	3	0	3	0.0000157156
Komagataeibacter hansenii	436	S	3	0	3	0.0000157156
Acetobacter ghanensis	431306	S	3	0	3	0.0000157156
Acetobacter pasteurianus	438	S	1	2	3	0.0000157156
Stella humosa	94	S	3	0	3	0.0000157156
Commensalibacter sp. AMU001	2478912	S	1	2	3	0.0000157156
Acidibrevibacterium fodinaquatile	1969806	S	3	0	3	0.0000157156
Terasakiella sp. SH-1	2560057	S	3	0	3	0.0000157156
Ehrlichia ruminantium	779	S	3	0	3	0.0000157156
Rickettsia sp. Tillamook 23	2761623	S	1	2	3	0.0000157156
Orientia tsutsugamushi	784	S	3	0	3	0.0000157156
Candidatus Midichloria mitochondrii	234827	S	3	0	3	0.0000157156
Candidatus Fokinia solitaria	1802984	S	3	0	3	0.0000157156
Hyphomonas sp. Mor2	1906738	S	3	0	3	0.0000157156
Candidatus Pelagibacter ubique	198252	S	1	2	3	0.0000157156
Candidatus Fonsibacter ubiquis	1925548	S	3	0	3	0.0000157156
Candidatus Paracaedibacter acanthamoebae	91604	S	3	0	3	0.0000157156
Glycocaulis alkaliphilus	1434191	S	3	0	3	0.0000157156
Marinicauda algicola	2029849	S	3	0	3	0.0000157156
Desulfovibrio sp. IOR2	2583823	S	3	0	3	0.0000157156
Desulfovibrio marinus	370038	S	3	0	3	0.0000157156
Pseudodesulfovibrio cashew	2678688	S	3	0	3	0.0000157156
Geobacter sp. M18	443143	S	3	0	3	0.0000157156
Syntrophotalea carbinolica	19	S	3	0	3	0.0000157156
Desulfococcus multivorans	897	S	3	0	3	0.0000157156
Desulfococcus oleovorans	181663	S	3	0	3	0.0000157156
Desulfonema limicola	45656	S	3	0	3	0.0000157156
Desulfatibacillum aliphaticivorans	218208	S	3	0	3	0.0000157156
Arcobacter nitrofigilis	28199	S	3	0	3	0.0000157156
Arcobacter ellisii	913109	S	3	0	3	0.0000157156
Arcobacter aquimarinus	1315211	S	3	0	3	0.0000157156
Aliarcobacter cibarius	255507	S	3	0	3	0.0000157156
Poseidonibacter lekithochrous	1904463	S	3	0	3	0.0000157156
Sulfurimonas sp. GYSZ_1	2590022	S	3	0	3	0.0000157156
Helicobacter pylori	210	S	3	0	3	0.0000157156
Nitratiruptor labii	2706014	S	2	1	3	0.0000157156
Nitratiruptor sp. SB155-2	387092	S	1	2	3	0.0000157156
Acidithiobacillus ferrooxidans	920	S	3	0	3	0.0000157156
Acidithiobacillus ferrivorans	160808	S	3	0	3	0.0000157156
Microlunatus sp. KUDC0627	2596828	S	3	0	3	0.0000157156
Microlunatus sp. Gsoil 973	2672569	S	3	0	3	0.0000157156
Tessaracoccus defluvii	1285901	S	3	0	3	0.0000157156
Tessaracoccus aquimaris	1332264	S	3	0	3	0.0000157156
Propioniciclava sp. HDW11	2714937	S	3	0	3	0.0000157156
Auraticoccus monumenti	675864	S	3	0	3	0.0000157156
Nocardioides sp. MC1495	2736757	S	3	0	3	0.0000157156
Nocardioides sp. dk884	2662361	S	2	1	3	0.0000157156
Nocardioides aromaticivorans	200618	S	3	0	3	0.0000157156
Aeromicrobium marinum	219314	S	3	0	3	0.0000157156
Micropruina glycogenica	75385	S	3	0	3	0.0000157156
Kribbella qitaiheensis	1544730	S	3	0	3	0.0000157156
Rhodococcus sp. X156	2499145	S	3	0	3	0.0000157156
Rhodococcus sp. PBTS 1	1653478	S	3	0	3	0.0000157156
Rhodococcus sp. 2G	1570939	S	1	2	3	0.0000157156
Rhodococcus coprophilus	38310	S	3	0	3	0.0000157156
Rhodococcus koreensis	99653	S	3	0	3	0.0000157156
Rhodococcus pyridinivorans	103816	S	1	2	3	0.0000157156
Nocardia nova	37330	S	3	0	3	0.0000157156
Nocardia seriolae	37332	S	3	0	3	0.0000157156
Nocardia cyriacigeorgica	135487	S	3	0	3	0.0000157156
Corynebacterium sp. MC1420	2709392	S	3	0	3	0.0000157156
Corynebacterium sp. 4H37-19	2684405	S	3	0	3	0.0000157156
Corynebacterium sp. 2039	2675219	S	3	0	3	0.0000157156
Corynebacterium ureicelerivorans	401472	S	3	0	3	0.0000157156
Corynebacterium singulare	161899	S	3	0	3	0.0000157156
Corynebacterium casei	160386	S	2	1	3	0.0000157156
Mycolicibacterium smegmatis	1772	S	3	0	3	0.0000157156
Mycolicibacterium doricum	126673	S	3	0	3	0.0000157156
Mycolicibacterium moriokaense	39691	S	3	0	3	0.0000157156
Mycobacterium sp. ELW1	1547487	S	3	0	3	0.0000157156
Mycobacterium sp. MS1601	1936029	S	3	0	3	0.0000157156
Mycobacterium simiae	1784	S	3	0	3	0.0000157156
Mycobacterium haemophilum	29311	S	3	0	3	0.0000157156
Mycolicibacter minnesotensis	1118379	S	3	0	3	0.0000157156
Hoyosella subflava	639313	S	3	0	3	0.0000157156
Mycolicibacillus koreensis	1069220	S	3	0	3	0.0000157156
Gordonia sp. PDNC005	2811424	S	3	0	3	0.0000157156
Gordonia iterans	1004901	S	3	0	3	0.0000157156
Gordonia ajococcus	1292359	S	1	2	3	0.0000157156
Tomitella sp. HY188	2597660	S	3	0	3	0.0000157156
Microbacterium sp. A18JL200	2782167	S	3	0	3	0.0000157156
Microbacterium caowuchunii	2614638	S	3	0	3	0.0000157156
Curtobacterium sp. 24E2	2804758	S	3	0	3	0.0000157156
Agromyces sp. G127AT	2781962	S	3	0	3	0.0000157156
Leucobacter insecticola	2714934	S	3	0	3	0.0000157156
Chryseoglobus indicus	2750620	S	1	2	3	0.0000157156
Salinibacterium sp. UTAS2018	2508880	S	3	0	3	0.0000157156
Salinibacterium sp. ZJ450	2708338	S	3	0	3	0.0000157156
Candidatus Aquiluna sp. 15G-AUS-rot	2499157	S	3	0	3	0.0000157156
Diaminobutyricimonas sp. LJ205	2683590	S	3	0	3	0.0000157156
Kocuria rosea	1275	S	3	0	3	0.0000157156
Arthrobacter sp. QXT-31	1357915	S	3	0	3	0.0000157156
Arthrobacter dokdonellae	2211210	S	3	0	3	0.0000157156
Pseudarthrobacter sp. BIM B-2242	2772401	S	3	0	3	0.0000157156
Glutamicibacter protophormiae	37930	S	3	0	3	0.0000157156
Glutamicibacter halophytocola	1933880	S	3	0	3	0.0000157156
Sinomonas atrocyanea	37927	S	3	0	3	0.0000157156
Sinomonas sp. R1AF57	2020377	S	3	0	3	0.0000157156
Citricoccus sp. SGAir0253	2567881	S	3	0	3	0.0000157156
Zhihengliuella sp. ISTPL4	2058657	S	2	1	3	0.0000157156
Arsenicicoccus sp. oral taxon 190	1658671	S	3	0	3	0.0000157156
Brevibacterium sp. o2	2697565	S	3	0	3	0.0000157156
Brachybacterium faecium	43669	S	3	0	3	0.0000157156
Brachybacterium vulturis	2017484	S	3	0	3	0.0000157156
Xylanimicrobium sp. FW10M-9	2509457	S	3	0	3	0.0000157156
Ornithinimicrobium flavum	1288636	S	3	0	3	0.0000157156
Georgenia faecalis	2483799	S	3	0	3	0.0000157156
Sanguibacter keddieii	60920	S	3	0	3	0.0000157156
Sanguibacter sp. HDW7	2714931	S	3	0	3	0.0000157156
Haloactinobacterium sp. HY164	2675754	S	3	0	3	0.0000157156
Streptomyces sp. PBH53	1577075	S	3	0	3	0.0000157156
Streptomyces sp. 3214.6	1882757	S	3	0	3	0.0000157156
Streptomyces sp. DSM 40868	2721173	S	3	0	3	0.0000157156
Streptomyces sp. ID38640	1265399	S	3	0	3	0.0000157156
Streptomyces sp. NA04227	2742136	S	3	0	3	0.0000157156
Streptomyces sp. HSG2	2797167	S	3	0	3	0.0000157156
Streptomyces sp. So13.3	2136173	S	3	0	3	0.0000157156
Streptomyces sp. CRXT-Y-14	2768069	S	3	0	3	0.0000157156
Streptomyces sp. M2	646637	S	3	0	3	0.0000157156
Streptomyces sp. ZYC-3	2797636	S	3	0	3	0.0000157156
Streptomyces sp. 604F	1476754	S	1	2	3	0.0000157156
Streptomyces griseus	1911	S	3	0	3	0.0000157156
Streptomyces lavendulae	1914	S	3	0	3	0.0000157156
Streptomyces antimycoticus	68175	S	3	0	3	0.0000157156
Streptomyces qaidamensis	1783515	S	3	0	3	0.0000157156
Streptomyces prasinus	67345	S	3	0	3	0.0000157156
Streptomyces seoulensis	73044	S	3	0	3	0.0000157156
Streptomyces spongiicola	1690221	S	3	0	3	0.0000157156
Streptomyces antibioticus	1890	S	3	0	3	0.0000157156
Streptomyces alboniger	132473	S	3	0	3	0.0000157156
Streptomyces rectiverticillatus	173860	S	3	0	3	0.0000157156
Streptomyces peucetius	1950	S	3	0	3	0.0000157156
Streptomyces fagopyri	2662397	S	3	0	3	0.0000157156
Streptomyces ferrugineus	1413221	S	3	0	3	0.0000157156
Streptomyces cattleya	29303	S	3	0	3	0.0000157156
Streptomyces kanamyceticus	1967	S	3	0	3	0.0000157156
Streptomyces murinus	33900	S	2	1	3	0.0000157156
Kitasatospora albolonga	68173	S	2	1	3	0.0000157156
Amycolatopsis sp. BJA-103	1911175	S	3	0	3	0.0000157156
Saccharopolyspora pogona	333966	S	2	1	3	0.0000157156
Actinoalloteichus hoggarensis	1470176	S	3	0	3	0.0000157156
Micromonospora sp. WMMA2032	2039870	S	3	0	3	0.0000157156
Micromonospora sagamiensis	47875	S	3	0	3	0.0000157156
Actinoplanes derwentensis	113562	S	3	0	3	0.0000157156
Actinoplanes friuliensis	196914	S	3	0	3	0.0000157156
Actinomyces sp. Chiba101	1851395	S	3	0	3	0.0000157156
Actinomyces sp. oral taxon 169	712116	S	2	1	3	0.0000157156
Actinomyces sp. HMT897	2789424	S	1	2	3	0.0000157156
Actinomyces slackii	52774	S	3	0	3	0.0000157156
Mobiluncus curtisii	2051	S	3	0	3	0.0000157156
Flaviflexus salsibiostraticola	1282737	S	3	0	3	0.0000157156
Candidatus Planktophila versatilis	1884905	S	3	0	3	0.0000157156
Nonomuraea nitratireducens	2656914	S	3	0	3	0.0000157156
Nocardiopsis gilva	280236	S	3	0	3	0.0000157156
Bifidobacterium bifidum	1681	S	3	0	3	0.0000157156
Bifidobacterium adolescentis	1680	S	3	0	3	0.0000157156
Bifidobacterium breve	1685	S	3	0	3	0.0000157156
Modestobacter marinus	477641	S	3	0	3	0.0000157156
Kineococcus radiotolerans	131568	S	3	0	3	0.0000157156
Denitrobacterium detoxificans	79604	S	3	0	3	0.0000157156
Olsenella sp. oral taxon 807	712411	S	3	0	3	0.0000157156
Rubrobacter sp. SCSIO 52915	2653852	S	3	0	3	0.0000157156
Bacillus pseudomycoides	64104	S	3	0	3	0.0000157156
Bacillus cytotoxicus	580165	S	3	0	3	0.0000157156
Bacillus sp. FJAT-45348	2011012	S	3	0	3	0.0000157156
Bacillus methanolicus	1471	S	3	0	3	0.0000157156
Bacillus sporothermodurans	46224	S	3	0	3	0.0000157156
Geobacillus sp. 46C-IIa	1963025	S	2	1	3	0.0000157156
Geobacillus subterraneus	129338	S	2	1	3	0.0000157156
Anoxybacillus flavithermus	33934	S	3	0	3	0.0000157156
Anoxybacillus amylolyticus	294699	S	3	0	3	0.0000157156
Alkalihalobacillus clausii	79880	S	3	0	3	0.0000157156
Parageobacillus genomosp. 1	1295642	S	3	0	3	0.0000157156
Parageobacillus toebii	153151	S	2	1	3	0.0000157156
Weizmannia coagulans	1398	S	3	0	3	0.0000157156
Staphylococcus simulans	1286	S	3	0	3	0.0000157156
Staphylococcus lloydii	2781774	S	3	0	3	0.0000157156
Mammaliicoccus sciuri	1296	S	3	0	3	0.0000157156
Abyssicoccus albus	1817405	S	3	0	3	0.0000157156
Paenibacillus sp. FSL R7-0331	1536773	S	3	0	3	0.0000157156
Brevibacillus choshinensis	54911	S	3	0	3	0.0000157156
Solibacillus sp. R5-41	2048654	S	3	0	3	0.0000157156
Gemella sanguinis	84135	S	3	0	3	0.0000157156
Exiguobacterium sp. N4-1P	2051906	S	3	0	3	0.0000157156
Streptococcus sp. oral taxon 061	712623	S	3	0	3	0.0000157156
Streptococcus suis	1307	S	3	0	3	0.0000157156
Streptococcus gordonii	1302	S	3	0	3	0.0000157156
Streptococcus constellatus	76860	S	1	2	3	0.0000157156
Streptococcus salivarius	1304	S	2	1	3	0.0000157156
Limosilactobacillus reuteri	1598	S	3	0	3	0.0000157156
Lacticaseibacillus rhamnosus	47715	S	2	1	3	0.0000157156
Enterococcus avium	33945	S	3	0	3	0.0000157156
Dolosigranulum pigrum	29394	S	3	0	3	0.0000157156
Marinilactibacillus sp. 15R	1911586	S	3	0	3	0.0000157156
Clostridium argentinense	29341	S	3	0	3	0.0000157156
Clostridium pasteurianum	1501	S	3	0	3	0.0000157156
Clostridium cellulovorans	1493	S	3	0	3	0.0000157156
Hungatella hathewayi	154046	S	3	0	3	0.0000157156
Hathewaya histolytica	1498	S	3	0	3	0.0000157156
Anaerocolumna sedimenticola	2696063	S	3	0	3	0.0000157156
Lachnoanaerobaculum umeaense	617123	S	3	0	3	0.0000157156
[Ruminococcus] torques	33039	S	2	1	3	0.0000157156
Roseburia intestinalis	166486	S	2	1	3	0.0000157156
Oscillibacter sp. NSJ-62	2763056	S	3	0	3	0.0000157156
Ruthenibacterium lactatiformans	1550024	S	3	0	3	0.0000157156
Romboutsia ilealis	1115758	S	3	0	3	0.0000157156
Romboutsia hominis	1507512	S	3	0	3	0.0000157156
Thermaerobacter sp. PB12/4term	2293838	S	3	0	3	0.0000157156
Thermaerobacter sp. FW80	2546351	S	3	0	3	0.0000157156
Acetobacterium sp. KB-1	2184575	S	3	0	3	0.0000157156
Christensenella sp. Marseille-P3954	2086585	S	3	0	3	0.0000157156
Candidatus Syntrophocurvum alkaliphilum	2293317	S	2	1	3	0.0000157156
Thermodesulfobium acidiphilum	1794699	S	3	0	3	0.0000157156
Thermoanaerobacter wiegelii	46354	S	1	2	3	0.0000157156
Mahella australiensis	252966	S	3	0	3	0.0000157156
Thermosediminibacter oceani	291990	S	3	0	3	0.0000157156
Veillonella parvula	29466	S	3	0	3	0.0000157156
Veillonella dispar	39778	S	2	1	3	0.0000157156
Acidaminococcus intestini	187327	S	3	0	3	0.0000157156
Phascolarctobacterium faecium	33025	S	3	0	3	0.0000157156
Murdochiella vaginalis	1852373	S	2	1	3	0.0000157156
Nostoc punctiforme	272131	S	3	0	3	0.0000157156
Scytonema sp. HK-05	1137095	S	3	0	3	0.0000157156
Moorea producens	1155739	S	3	0	3	0.0000157156
Crinalium epipsammum	241425	S	3	0	3	0.0000157156
Geminocystis herdmanii	669359	S	3	0	3	0.0000157156
Gloeothece citriformis	2546356	S	3	0	3	0.0000157156
Halothece sp. PCC 7418	65093	S	3	0	3	0.0000157156
Synechococcus sp. JA-2-3B'a(2-13)	321332	S	3	0	3	0.0000157156
Cyanobium gracile	59930	S	3	0	3	0.0000157156
Marinithermus hydrothermalis	186192	S	3	0	3	0.0000157156
Deinococcus sp. S14-83	2489213	S	3	0	3	0.0000157156
Deinococcus puniceus	1182568	S	3	0	3	0.0000157156
Deinococcus ficus	317577	S	3	0	3	0.0000157156
Deinococcus wulumuqiensis	980427	S	2	1	3	0.0000157156
Mycoplasma sp. Mirounga ES2805-ORL	754514	S	3	0	3	0.0000157156
Mycoplasma sp. 1654_15	2725994	S	3	0	3	0.0000157156
Mycoplasma neurolyticum	2120	S	3	0	3	0.0000157156
Mycoplasma yeatsii	51365	S	2	1	3	0.0000157156
Mycoplasma putrefaciens	2123	S	2	1	3	0.0000157156
Mycoplasma arginini	2094	S	3	0	3	0.0000157156
Mycoplasma cynos	171284	S	3	0	3	0.0000157156
Spiroplasma monobiae	2136	S	3	0	3	0.0000157156
Spiroplasma tabanidicola	324079	S	3	0	3	0.0000157156
Spiroplasma citri	2133	S	2	1	3	0.0000157156
Flavobacterium pallidum	2172098	S	3	0	3	0.0000157156
Myroides profundi	480520	S	3	0	3	0.0000157156
Tenacibaculum jejuense	584609	S	3	0	3	0.0000157156
Tenacibaculum todarodis	1850252	S	3	0	3	0.0000157156
Nonlabens sp. MB-3u-79	2058134	S	3	0	3	0.0000157156
Nonlabens sp. Ci31	2608253	S	3	0	3	0.0000157156
Nonlabens dokdonensis	328515	S	3	0	3	0.0000157156
Nonlabens ponticola	2496866	S	3	0	3	0.0000157156
Formosa agariphila	320324	S	3	0	3	0.0000157156
Formosa sediminum	2594004	S	3	0	3	0.0000157156
Gramella sp. MAR_2010_147	1250205	S	3	0	3	0.0000157156
Dokdonia sp. PRO95	1239415	S	1	2	3	0.0000157156
Aequorivita sp. KX20305	2803865	S	3	0	3	0.0000157156
Robiginitalea biformata	252307	S	3	0	3	0.0000157156
Wenyingzhuangia fucanilytica	1790137	S	3	0	3	0.0000157156
Leeuwenhoekiella sp. ZYFB001	2719912	S	3	0	3	0.0000157156
Chryseobacterium cucumeris	1813611	S	3	0	3	0.0000157156
Apibacter raozihei	2500547	S	3	0	3	0.0000157156
Cruoricaptor ignavus	1118202	S	3	0	3	0.0000157156
Blattabacterium sp. DPU	2715232	S	3	0	3	0.0000157156
Owenweeksia hongkongensis	253245	S	3	0	3	0.0000157156
Croceimicrobium hydrocarbonivorans	2761580	S	3	0	3	0.0000157156
Sphingobacterium hotanense	649196	S	3	0	3	0.0000157156
Sphingobacterium thalpophilum	259	S	2	1	3	0.0000157156
Spirosoma aerolatum	1211326	S	3	0	3	0.0000157156
Runella sp. SP2	2268026	S	3	0	3	0.0000157156
Hymenobacter qilianensis	1385715	S	3	0	3	0.0000157156
Hymenobacter jejuensis	2502781	S	3	0	3	0.0000157156
Pontibacter russatus	2694929	S	3	0	3	0.0000157156
Rufibacter tibetensis	512763	S	3	0	3	0.0000157156
Algoriphagus sp. Y33	2772483	S	3	0	3	0.0000157156
Aquiflexum balticum	280473	S	3	0	3	0.0000157156
Flammeovirga pectinis	2494373	S	3	0	3	0.0000157156
Chitinophaga alhagiae	2203219	S	3	0	3	0.0000157156
Niabella soli	446683	S	3	0	3	0.0000157156
Bacteroides sp. CBA7301	2715212	S	3	0	3	0.0000157156
Bacteroides xylanisolvens	371601	S	2	1	3	0.0000157156
Prevotella jejuni	1177574	S	2	1	3	0.0000157156
Duncaniella dubosii	2518971	S	3	0	3	0.0000157156
Draconibacterium sp. M1	2706887	S	2	1	3	0.0000157156
Chlorobaculum limnaeum	274537	S	3	0	3	0.0000157156
Ignavibacterium album	591197	S	3	0	3	0.0000157156
Gemmatimonas phototrophica	1379270	S	3	0	3	0.0000157156
Gimesia chilikensis	2605989	S	1	2	3	0.0000157156
Planctopirus limnophila	120	S	2	1	3	0.0000157156
Thalassoglobus polymorphus	2527994	S	3	0	3	0.0000157156
Crateriforma conspicua	2527996	S	2	1	3	0.0000157156
Isosphaera pallida	128	S	3	0	3	0.0000157156
Simkania negevensis	83561	S	3	0	3	0.0000157156
Waddlia chondrophila	71667	S	3	0	3	0.0000157156
Candidatus Vampirococcus archaeovorus	1930593	S	3	0	3	0.0000157156
Terriglobus roseus	392734	S	3	0	3	0.0000157156
Granulicella tundricola	940615	S	3	0	3	0.0000157156
Acidisarcina polymorpha	2211140	S	3	0	3	0.0000157156
Treponema sp. RCC2812	2787628	S	3	0	3	0.0000157156
Thiospirochaeta perfilievii	252967	S	3	0	3	0.0000157156
Borreliella afzelii	29518	S	3	0	3	0.0000157156
Sebaldella termitidis	826	S	3	0	3	0.0000157156
Desulfurobacterium thermolithotrophum	64160	S	1	2	3	0.0000157156
Nitrospira japonica	1325564	S	3	0	3	0.0000157156
Haloarcula taiwanensis	1932004	S	1	2	3	0.0000157156
Halanaeroarchaeum sulfurireducens	1604004	S	3	0	3	0.0000157156
Halodesulfurarchaeum formicicum	1873524	S	3	0	3	0.0000157156
Haloterrigena longa	370324	S	3	0	3	0.0000157156
Halobiforma lacisalsi	229731	S	3	0	3	0.0000157156
Salinarchaeum sp. Harcht-Bsk1	1333523	S	3	0	3	0.0000157156
Halorubrum sp. PV6	634157	S	3	0	3	0.0000157156
Halobonum sp. NJ-3-1	2743089	S	3	0	3	0.0000157156
Haloferax alexandrinus	114529	S	2	1	3	0.0000157156
Methanobacterium congolense	118062	S	3	0	3	0.0000157156
Thermococcus litoralis	2265	S	3	0	3	0.0000157156
Nitrosopumilus ureiphilus	1470067	S	3	0	3	0.0000157156
Candidatus Nitrosomarinus catalina	1898749	S	3	0	3	0.0000157156
Picrophilus torridus	82076	S	3	0	3	0.0000157156
Propionibacterium virus PHL152M00	1982295	S	3	0	3	0.0000157156
Arthrobacteria virus Molivia	2560307	S	3	0	3	0.0000157156
Pseudomonas phage O4	1784982	S	3	0	3	0.0000157156
Pandoravirus quercus	2107709	S	2	1	3	0.0000157156
Burkholderia ambifaria	152480	S	2	0	2	0.0000104771
Burkholderia latens	488446	S	1	1	2	0.0000104771
Burkholderia sp. LA-2-3-30-S1-D2	1637862	S	2	0	2	0.0000104771
Burkholderia sp. KBS0801	1179675	S	1	1	2	0.0000104771
Paraburkholderia sp. SOS3	1926494	S	2	0	2	0.0000104771
Paraburkholderia sp. Msb3	2604047	S	2	0	2	0.0000104771
Paraburkholderia sp. PGU16	2735433	S	2	0	2	0.0000104771
Paraburkholderia sp. PGU19	2735434	S	2	0	2	0.0000104771
Paraburkholderia ginsengisoli	311231	S	2	0	2	0.0000104771
Paraburkholderia caledonica	134536	S	2	0	2	0.0000104771
Pandoraea apista	93218	S	2	0	2	0.0000104771
Caballeronia sp. SBC2	2705547	S	1	1	2	0.0000104771
Caballeronia insecticola	758793	S	2	0	2	0.0000104771
Mycoavidus cysteinexigens	1553431	S	2	0	2	0.0000104771
Bordetella genomosp. 6	463024	S	2	0	2	0.0000104771
Pigmentiphaga sp. H8	2488560	S	2	0	2	0.0000104771
Pusillimonas thiosulfatoxidans	2028345	S	2	0	2	0.0000104771
Pusillimonas sp. DMV24BSW_D	2716226	S	2	0	2	0.0000104771
Pelistega ratti	2652177	S	2	0	2	0.0000104771
Paenalcaligenes hominis	643674	S	2	0	2	0.0000104771
Sutterella wadsworthensis	40545	S	2	0	2	0.0000104771
Fluviibacter phosphoraccumulans	1751046	S	2	0	2	0.0000104771
Sulfuritalea hydrogenivorans	748811	S	2	0	2	0.0000104771
Candidatus Methylopumilus turicensis	1581680	S	2	0	2	0.0000104771
Candidatus Methylopumilus universalis	2588536	S	2	0	2	0.0000104771
Methylovorus sp. MP688	887061	S	1	1	2	0.0000104771
Nitrosospira multiformis	1231	S	2	0	2	0.0000104771
Nitrosospira briensis	35799	S	2	0	2	0.0000104771
Sulfuriferula plumbiphila	171865	S	2	0	2	0.0000104771
Chromobacterium sp. ATCC 53434	2059672	S	2	0	2	0.0000104771
Neisseria zoodegmatis	326523	S	2	0	2	0.0000104771
Vitreoscilla sp. C1	96942	S	2	0	2	0.0000104771
Kingella denitrificans	502	S	2	0	2	0.0000104771
Kingella kingae	504	S	2	0	2	0.0000104771
Eikenella exigua	2528037	S	2	0	2	0.0000104771
Alysiella filiformis	194196	S	2	0	2	0.0000104771
Conchiformibius steedae	153493	S	2	0	2	0.0000104771
Candidatus Profftella armatura (Diaphorina cf. continua)	2661583	S	2	0	2	0.0000104771
Acinetobacter sp. WCHA55	2004646	S	2	0	2	0.0000104771
Acinetobacter sp. YH12138	2601122	S	2	0	2	0.0000104771
Acinetobacter sp. ACNIH2	1758189	S	2	0	2	0.0000104771
Acinetobacter sp. SWBY1	2079596	S	1	1	2	0.0000104771
Acinetobacter schindleri	108981	S	2	0	2	0.0000104771
Acinetobacter bereziniae	106648	S	2	0	2	0.0000104771
Acinetobacter gyllenbergii	134534	S	2	0	2	0.0000104771
Acinetobacter wanghuae	2662362	S	2	0	2	0.0000104771
Moraxella catarrhalis	480	S	2	0	2	0.0000104771
Psychrobacter sp. 28M-43	2772254	S	2	0	2	0.0000104771
Psychrobacter sp. DAB_AL43B	1028416	S	2	0	2	0.0000104771
Psychrobacter arenosus	256326	S	2	0	2	0.0000104771
Psychrobacter arcticus	334543	S	2	0	2	0.0000104771
Pseudomonas sp. S-6-2	1931241	S	2	0	2	0.0000104771
Pseudomonas sp. M30-35	1981174	S	2	0	2	0.0000104771
Pseudomonas sp. RU47	2005388	S	2	0	2	0.0000104771
Pseudomonas sp. FDAARGOS_380	2018067	S	2	0	2	0.0000104771
Pseudomonas sp. NS1(2017)	2025658	S	2	0	2	0.0000104771
Pseudomonas sp. LAB-08	143813	S	2	0	2	0.0000104771
Pseudomonas sp. SCB32	2653853	S	2	0	2	0.0000104771
Pseudomonas sp. RtIB026	2749999	S	2	0	2	0.0000104771
Pseudomonas sp. gcc21	2726989	S	2	0	2	0.0000104771
Pseudomonas sp. R5-89-07	658644	S	2	0	2	0.0000104771
Pseudomonas sp. CMR5c	658630	S	2	0	2	0.0000104771
Pseudomonas sp. OST1909	2777367	S	1	1	2	0.0000104771
Pseudomonas sp. VLB120	69328	S	1	1	2	0.0000104771
Pseudomonas brenneri	129817	S	2	0	2	0.0000104771
Pseudomonas mediterranea	183795	S	2	0	2	0.0000104771
Pseudomonas trivialis	200450	S	2	0	2	0.0000104771
Pseudomonas corrugata	47879	S	2	0	2	0.0000104771
Pseudomonas cedrina	651740	S	2	0	2	0.0000104771
Pseudomonas plecoglossicida	70775	S	2	0	2	0.0000104771
Pseudomonas amygdali	47877	S	1	1	2	0.0000104771
Pseudomonas sp. Lz4W	1206777	S	1	1	2	0.0000104771
Pseudomonas lundensis	86185	S	2	0	2	0.0000104771
Pseudomonas litoralis	797277	S	2	0	2	0.0000104771
Pseudomonas saudiphocaensis	1499686	S	2	0	2	0.0000104771
Pseudomonas graminis	158627	S	2	0	2	0.0000104771
Pseudomonas alcaliphila	101564	S	2	0	2	0.0000104771
Pseudomonas sihuiensis	1274359	S	2	0	2	0.0000104771
Pseudomonas arsenicoxydans	702115	S	2	0	2	0.0000104771
Pseudomonas thivervalensis	86265	S	2	0	2	0.0000104771
Pseudomonas atacamensis	2565368	S	2	0	2	0.0000104771
Pseudomonas eucalypticola	2599595	S	2	0	2	0.0000104771
Pseudomonas extremaustralis	359110	S	2	0	2	0.0000104771
Pseudomonas soli	1306993	S	1	1	2	0.0000104771
Entomomonas sp. F2A	2785331	S	2	0	2	0.0000104771
Klebsiella variicola	244366	S	2	0	2	0.0000104771
Enterobacter sp. RHBSTW-00994	2742676	S	2	0	2	0.0000104771
Enterobacter bugandensis	881260	S	2	0	2	0.0000104771
Citrobacter rodentium	67825	S	2	0	2	0.0000104771
Escherichia sp. E4742	2044467	S	2	0	2	0.0000104771
Enterobacteriaceae endosymbiont of Plateumaris braccata	2675793	S	2	0	2	0.0000104771
Enterobacteriaceae endosymbiont of Plateumaris consimilis	2675794	S	2	0	2	0.0000104771
Enterobacteriaceae endosymbiont of Donacia cincticornis	2675773	S	2	0	2	0.0000104771
Cronobacter dublinensis	413497	S	2	0	2	0.0000104771
secondary endosymbiont of Heteropsylla cubana	134287	S	2	0	2	0.0000104771
Candidatus Hamiltonella defensa	138072	S	2	0	2	0.0000104771
Candidatus Purcelliella pentastirinorum	472834	S	2	0	2	0.0000104771
Leclercia sp. 29361	2714951	S	2	0	2	0.0000104771
Kluyvera ascorbata	51288	S	2	0	2	0.0000104771
Phytobacter sp. SCO41	1756993	S	2	0	2	0.0000104771
Cedecea neteri	158822	S	2	0	2	0.0000104771
Buttiauxella agrestis	82977	S	2	0	2	0.0000104771
Candidatus Riesia pediculicola	401619	S	2	0	2	0.0000104771
Lelliottia nimipressuralis	69220	S	2	0	2	0.0000104771
Pseudescherichia vulneris	566	S	2	0	2	0.0000104771
Shigella dysenteriae	622	S	1	1	2	0.0000104771
Pantoea sp. SM3640	2787629	S	1	1	2	0.0000104771
Erwinia amylovora	552	S	2	0	2	0.0000104771
Mixta theicola	1458355	S	2	0	2	0.0000104771
Yersinia massiliensis	419257	S	1	1	2	0.0000104771
Ewingella americana	41202	S	2	0	2	0.0000104771
Proteus hauseri	183417	S	2	0	2	0.0000104771
Providencia alcalifaciens	126385	S	2	0	2	0.0000104771
Xenorhabdus nematophila	628	S	2	0	2	0.0000104771
Xenorhabdus doucetiae	351671	S	2	0	2	0.0000104771
Xenorhabdus hominickii	351679	S	2	0	2	0.0000104771
Photorhabdus thracensis	230089	S	2	0	2	0.0000104771
Morganella morganii	582	S	2	0	2	0.0000104771
Pectobacterium parmentieri	1905730	S	2	0	2	0.0000104771
Pectobacterium carotovorum	554	S	1	1	2	0.0000104771
Pectobacterium odoriferum	78398	S	1	1	2	0.0000104771
Jinshanibacter zhutongyuii	2498113	S	2	0	2	0.0000104771
Plesiomonas shigelloides	703	S	2	0	2	0.0000104771
Sodalis praecaptivus	1239307	S	2	0	2	0.0000104771
Xanthomonas axonopodis	53413	S	2	0	2	0.0000104771
Xanthomonas theicola	56464	S	2	0	2	0.0000104771
Lysobacter sp. HDW10	2714936	S	2	0	2	0.0000104771
Lysobacter sp. CW239	2762611	S	2	0	2	0.0000104771
Lysobacter sp. H21R4	2781021	S	1	1	2	0.0000104771
Luteimonas chenhongjianii	2006110	S	2	0	2	0.0000104771
Luteimonas yindakuii	2565782	S	2	0	2	0.0000104771
Thermomonas sp. SY21	2202149	S	2	0	2	0.0000104771
Thermomonas sp. HDW16	2714945	S	2	0	2	0.0000104771
Dyella caseinilytica	1849581	S	2	0	2	0.0000104771
Aerosticca soli	2010829	S	2	0	2	0.0000104771
Halomonas sp. YLGW01	2773308	S	2	0	2	0.0000104771
Halomonas sp. HG01	1609967	S	2	0	2	0.0000104771
Halomonas sp. hl-4	1761789	S	2	0	2	0.0000104771
Halomonas sp. GT	1971364	S	2	0	2	0.0000104771
Halomonas subglaciescola	29571	S	2	0	2	0.0000104771
Halomonas beimenensis	475662	S	2	0	2	0.0000104771
Kushneria konosiri	698828	S	2	0	2	0.0000104771
Chromohalobacter salexigens	158080	S	2	0	2	0.0000104771
Halotalea alkalilenta	376489	S	2	0	2	0.0000104771
Pistricoccus aurantiacus	1883414	S	2	0	2	0.0000104771
Neptunomonas concharum	1031538	S	2	0	2	0.0000104771
Neptunomonas phycophila	1572645	S	2	0	2	0.0000104771
Marinomonas foliarum	491950	S	2	0	2	0.0000104771
Marinobacterium georgiense	48076	S	2	0	2	0.0000104771
Marinobacterium sp. LSUCC0821	2668067	S	2	0	2	0.0000104771
Nitrincola sp. KXZD1103	2614693	S	2	0	2	0.0000104771
Bacterioplanes sanyensis	1249553	S	2	0	2	0.0000104771
Alcanivorax pacificus	1306787	S	2	0	2	0.0000104771
Ketobacter alkanivorans	1917421	S	2	0	2	0.0000104771
Hahella sp. KA22	1628392	S	2	0	2	0.0000104771
Oleiphilus messinensis	141451	S	2	0	2	0.0000104771
Kangiella profundi	1561924	S	2	0	2	0.0000104771
Marinobacter sp. BSs20148	490759	S	2	0	2	0.0000104771
Marinobacter sp. LPB0319	2769486	S	2	0	2	0.0000104771
Marinobacter salsuginis	418719	S	2	0	2	0.0000104771
Marinobacter salarius	1420917	S	2	0	2	0.0000104771
Marinobacter fonticola	2603215	S	2	0	2	0.0000104771
Salinimonas sp. G2-b	2785918	S	2	0	2	0.0000104771
Salinimonas sediminis	2303538	S	2	0	2	0.0000104771
Glaciecola amylolytica	2489595	S	2	0	2	0.0000104771
Saliniradius amylolyticus	2183582	S	2	0	2	0.0000104771
Shewanella sediminis	271097	S	2	0	2	0.0000104771
Shewanella pealeana	70864	S	2	0	2	0.0000104771
Pseudoalteromonas piratica	1348114	S	2	0	2	0.0000104771
Pseudoalteromonas spongiae	298657	S	2	0	2	0.0000104771
Pseudoalteromonas arabiensis	874454	S	2	0	2	0.0000104771
Pseudoalteromonas rubra	43658	S	2	0	2	0.0000104771
Pseudoalteromonas espejiana	28107	S	2	0	2	0.0000104771
Pseudoalteromonas paragorgicola	166934	S	1	1	2	0.0000104771
Psychrosphaera sp. MTZ26	2820710	S	2	0	2	0.0000104771
Colwellia sp. PAMC 20917	1816218	S	2	0	2	0.0000104771
Colwellia sp. 20A7	2689569	S	2	0	2	0.0000104771
Colwellia psychrerythraea	28229	S	2	0	2	0.0000104771
Thalassotalea sp. LPB0316	2769490	S	2	0	2	0.0000104771
Moritella marina	90736	S	2	0	2	0.0000104771
Psychromonas sp. CNPT3	314282	S	2	0	2	0.0000104771
Legionella cherrii	28084	S	2	0	2	0.0000104771
Legionella oakridgensis	29423	S	2	0	2	0.0000104771
Legionella clemsonensis	1867846	S	2	0	2	0.0000104771
Legionella longbeachae	450	S	2	0	2	0.0000104771
Coxiella endosymbiont of Amblyomma sculptum	2487929	S	2	0	2	0.0000104771
Vibrio alginolyticus	663	S	1	1	2	0.0000104771
Vibrio cholerae	666	S	2	0	2	0.0000104771
Vibrio mediterranei	689	S	2	0	2	0.0000104771
Vibrio spartinae	1918945	S	2	0	2	0.0000104771
Vibrio splendidus	29497	S	2	0	2	0.0000104771
Vibrio mimicus	674	S	2	0	2	0.0000104771
Vibrio fluvialis	676	S	2	0	2	0.0000104771
Vibrio cincinnatiensis	675	S	2	0	2	0.0000104771
Vibrio crassostreae	246167	S	2	0	2	0.0000104771
Vibrio kanaloae	170673	S	2	0	2	0.0000104771
Spiribacter sp. 2438	2666185	S	2	0	2	0.0000104771
Halorhodospira halophila	1053	S	2	0	2	0.0000104771
Aquisalimonas sp. 2447	2740807	S	2	0	2	0.0000104771
Sulfurivermis fontis	1972068	S	2	0	2	0.0000104771
Guyparkeria halophila	47960	S	2	0	2	0.0000104771
Haemophilus parahaemolyticus	735	S	2	0	2	0.0000104771
Actinobacillus lignieresii	720	S	2	0	2	0.0000104771
Rodentibacter heylii	1906744	S	2	0	2	0.0000104771
Histophilus somni	731	S	2	0	2	0.0000104771
Otariodibacter oris	1032623	S	2	0	2	0.0000104771
Methylomonas rhizoryzae	2608981	S	2	0	2	0.0000104771
Aeromonas sp. ASNIH2	1636607	S	1	1	2	0.0000104771
Aeromonas schubertii	652	S	2	0	2	0.0000104771
Aeromonas encheleia	73010	S	2	0	2	0.0000104771
Allofrancisella frigidaquae	1085644	S	2	0	2	0.0000104771
Methylophaga nitratireducenticrescens	754476	S	2	0	2	0.0000104771
Thiomicrorhabdus sediminis	2580412	S	2	0	2	0.0000104771
Thiothrix sp.	1032	S	2	0	2	0.0000104771
Microbulbifer sp. THAF38	2587856	S	2	0	2	0.0000104771
Microbulbifer sp. SH-1	2681547	S	2	0	2	0.0000104771
Microbulbifer sp. YPW1	2745199	S	2	0	2	0.0000104771
Microbulbifer hydrolyticus	48074	S	2	0	2	0.0000104771
Microbulbifer aggregans	1769779	S	2	0	2	0.0000104771
Cellvibrio sp. PSBB023	1945512	S	2	0	2	0.0000104771
Simiduia agarivorans	447471	S	2	0	2	0.0000104771
Spongiibacter sp. CSC3.9	2794344	S	2	0	2	0.0000104771
Bathymodiolus thermophilus thioautotrophic gill symbiont	2360	S	2	0	2	0.0000104771
Bathymodiolus septemdierum thioautotrophic gill symbiont	113267	S	2	0	2	0.0000104771
Candidatus Azoamicus ciliaticola	2652803	S	2	0	2	0.0000104771
endosymbiont of unidentified scaly snail isolate Monju	1248727	S	2	0	2	0.0000104771
Frischella perrara	1267021	S	2	0	2	0.0000104771
Salinisphaera sp. LB1	2183911	S	2	0	2	0.0000104771
Bradyrhizobium sp. 1(2017)	1404888	S	2	0	2	0.0000104771
Methylobacterium sp. AMS5	925818	S	2	0	2	0.0000104771
Microvirga sp. 17 mud 1-3	2082949	S	2	0	2	0.0000104771
Rhizobium sp. TAL182	2020313	S	1	1	2	0.0000104771
Rhizobium sp. TCK	136098	S	1	1	2	0.0000104771
Rhizobium lentis	1138194	S	2	0	2	0.0000104771
Rhizobium pseudoryzae	379684	S	2	0	2	0.0000104771
Agrobacterium fabrum	1176649	S	2	0	2	0.0000104771
Ensifer mexicanus	375549	S	2	0	2	0.0000104771
Candidatus Liberibacter africanus	34020	S	2	0	2	0.0000104771
Georhizobium profundi	2341112	S	2	0	2	0.0000104771
Mesorhizobium sp. M6A.T.Cr.TU.016.01.1.1	2493677	S	2	0	2	0.0000104771
Mesorhizobium amorphae	71433	S	2	0	2	0.0000104771
Mesorhizobium australicum	536018	S	2	0	2	0.0000104771
Nitratireductor sp. OM-1	1756988	S	2	0	2	0.0000104771
Hoeflea phototrophica	244596	S	2	0	2	0.0000104771
Salaquimonas pukyongi	2712698	S	2	0	2	0.0000104771
Devosia sp. MC521	2759954	S	2	0	2	0.0000104771
Blastochloris tepida	2233851	S	2	0	2	0.0000104771
Rhodomicrobium vannielii	1069	S	2	0	2	0.0000104771
Maritalea myrionectae	454601	S	2	0	2	0.0000104771
Youhaiella tibetensis	1447062	S	2	0	2	0.0000104771
Ancylobacter pratisalsi	1745854	S	2	0	2	0.0000104771
Brucella anthropi	529	S	1	1	2	0.0000104771
Martelella mediterranea	293089	S	2	0	2	0.0000104771
Bartonella vinsonii	33047	S	2	0	2	0.0000104771
Bartonella ancashensis	1318743	S	2	0	2	0.0000104771
Bartonella bovis	155194	S	2	0	2	0.0000104771
Sphingomonas sp. YZ-8	2319844	S	2	0	2	0.0000104771
Sphingomonas sp. HDW15A	2714942	S	2	0	2	0.0000104771
Sphingomonas sp.	28214	S	2	0	2	0.0000104771
Sphingopyxis sp. LPB0140	1913578	S	2	0	2	0.0000104771
Sphingobium herbicidovorans	76947	S	2	0	2	0.0000104771
Sphingobium baderi	1332080	S	1	1	2	0.0000104771
Sphingorhabdus sp. M41	1806885	S	2	0	2	0.0000104771
Sphingorhabdus sp. JK6	2725558	S	2	0	2	0.0000104771
Erythrobacter sp. KY5	2011159	S	2	0	2	0.0000104771
Erythrobacter sp. THAF29	2587851	S	2	0	2	0.0000104771
Erythrobacter aureus	2182384	S	2	0	2	0.0000104771
Tsuneonella dongtanensis	692370	S	2	0	2	0.0000104771
Tsuneonella flava	2055955	S	2	0	2	0.0000104771
Paracoccus liaowanqingii	2560053	S	2	0	2	0.0000104771
Sulfitobacter sp. JL08	2070369	S	2	0	2	0.0000104771
Sulfitobacter sp. B30-2	2785912	S	2	0	2	0.0000104771
Celeribacter marinus	1397108	S	2	0	2	0.0000104771
Celeribacter manganoxidans	1411902	S	2	0	2	0.0000104771
Maribius sp. THAF1	2587842	S	2	0	2	0.0000104771
Parasedimentitalea marina	2483033	S	2	0	2	0.0000104771
Pontivivens sp. MT2928	2789856	S	2	0	2	0.0000104771
Pseudohalocynthiibacter aestuariivivens	1591409	S	2	0	2	0.0000104771
Marivivens sp. JLT3646	1920883	S	2	0	2	0.0000104771
Halocynthiibacter arcticus	1579316	S	2	0	2	0.0000104771
Polymorphum gilvum	991904	S	2	0	2	0.0000104771
Thalassococcus sp. S3	2017482	S	2	0	2	0.0000104771
Oceanicola sp. D3	2587163	S	2	0	2	0.0000104771
Rhodobaca barguzinensis	441209	S	2	0	2	0.0000104771
Azospirillum sp. TSH100	652764	S	2	0	2	0.0000104771
Azospirillum thiophilum	528244	S	2	0	2	0.0000104771
Azospirillum humicireducens	1226968	S	2	0	2	0.0000104771
Azospirillum baldaniorum	1064539	S	1	1	2	0.0000104771
Magnetospirillum gryphiswaldense	55518	S	2	0	2	0.0000104771
Thalassospira sp. A40-3	2785908	S	2	0	2	0.0000104771
Pararhodospirillum photometricum	1084	S	2	0	2	0.0000104771
Haematospirillum jordaniae	1549855	S	2	0	2	0.0000104771
Komagataeibacter nataicola	265960	S	2	0	2	0.0000104771
Acetobacter sp. KACC 21233	2592655	S	2	0	2	0.0000104771
Gluconobacter oxydans	442	S	2	0	2	0.0000104771
Gluconobacter sphaericus	574987	S	2	0	2	0.0000104771
Asaia bogorensis	91915	S	2	0	2	0.0000104771
Oecophyllibacter saccharovorans	2558360	S	2	0	2	0.0000104771
Neorickettsia helminthoeca	33994	S	2	0	2	0.0000104771
Rickettsia endosymbiont of Ixodes scapularis	444612	S	1	1	2	0.0000104771
Rickettsia raoultii	369822	S	1	1	2	0.0000104771
Rickettsia prowazekii	782	S	2	0	2	0.0000104771
Rickettsia typhi	785	S	2	0	2	0.0000104771
Rickettsia bellii	33990	S	1	1	2	0.0000104771
Candidatus Phycorickettsia trachydisci	2115978	S	2	0	2	0.0000104771
Rickettsiales endosymbiont of Stachyamoeba lipophora	2486578	S	2	0	2	0.0000104771
Candidatus Deianiraea vastatrix	2163644	S	2	0	2	0.0000104771
Candidatus Pelagibacter sp. RS40	1977865	S	2	0	2	0.0000104771
Candidatus Cytomitobacter primus	2066024	S	2	0	2	0.0000104771
endosymbiont of Acanthamoeba sp. UWC8	86106	S	2	0	2	0.0000104771
Candidatus Nesciobacter abundans	2601668	S	2	0	2	0.0000104771
Candidatus Nucleicultrix amoebiphila	1509244	S	2	0	2	0.0000104771
Hyphobacterium sp. CCMP332	2749086	S	2	0	2	0.0000104771
Desulfovibrio sp. 86	2666132	S	2	0	2	0.0000104771
Desulfovibrio piger	901	S	2	0	2	0.0000104771
Maridesulfovibrio hydrothermalis	191026	S	2	0	2	0.0000104771
Desulfomicrobium orale	132132	S	2	0	2	0.0000104771
Geobacter sp. DSM 9736	1277350	S	2	0	2	0.0000104771
Geobacter daltonii	1203471	S	2	0	2	0.0000104771
Pelobacter propionicus	29543	S	2	0	2	0.0000104771
Desulfobacterium autotrophicum	2296	S	2	0	2	0.0000104771
Desulfobulbus propionicus	894	S	2	0	2	0.0000104771
Desulfobulbus oligotrophicus	1909699	S	2	0	2	0.0000104771
Desulfoglaeba alkanexedens	361111	S	2	0	2	0.0000104771
Persicimonas caeni	2292766	S	2	0	2	0.0000104771
Bradymonas sediminis	1548548	S	1	1	2	0.0000104771
Arcobacter defluvii	873191	S	2	0	2	0.0000104771
Arcobacter venerupis	1054033	S	2	0	2	0.0000104771
Aliarcobacter skirrowii	28200	S	2	0	2	0.0000104771
Aliarcobacter faecis	1564138	S	2	0	2	0.0000104771
Malaciobacter halophilus	197482	S	2	0	2	0.0000104771
Malaciobacter mytili	603050	S	2	0	2	0.0000104771
Campylobacter sp. RM16704	1500960	S	2	0	2	0.0000104771
Campylobacter pinnipediorum	1965231	S	2	0	2	0.0000104771
Campylobacter canadensis	449520	S	2	0	2	0.0000104771
Campylobacter peloridis	488546	S	2	0	2	0.0000104771
Campylobacter upsaliensis	28080	S	2	0	2	0.0000104771
Campylobacter hepaticus	1813019	S	2	0	2	0.0000104771
Sulfurospirillum barnesii	44674	S	2	0	2	0.0000104771
Sulfurospirillum cavolei	366522	S	2	0	2	0.0000104771
Sulfurimonas denitrificans	39766	S	2	0	2	0.0000104771
Sulfurimonas autotrophica	202747	S	2	0	2	0.0000104771
Sulfurimonas gotlandica	1176482	S	2	0	2	0.0000104771
Helicobacter sp. MIT 01-6242	222136	S	2	0	2	0.0000104771
Helicobacter apodemus	135569	S	2	0	2	0.0000104771
Sulfurovum indicum	2779528	S	2	0	2	0.0000104771
Silvanigrella aquatica	1915309	S	2	0	2	0.0000104771
Acidithiobacillus caldus	33059	S	2	0	2	0.0000104771
Tessaracoccus flavescens	399497	S	2	0	2	0.0000104771
Propionimicrobium sp. Marseille-P3275	1871034	S	2	0	2	0.0000104771
Acidipropionibacterium acidipropionici	1748	S	1	1	2	0.0000104771
Pseudopropionibacterium propionicum	1750	S	2	0	2	0.0000104771
Nocardioides sp. dk3136	2575373	S	2	0	2	0.0000104771
Nocardioides sp. CF8	110319	S	2	0	2	0.0000104771
Nocardioides humi	449461	S	2	0	2	0.0000104771
Nocardioides baekrokdamisoli	1804624	S	2	0	2	0.0000104771
Nocardioides euryhalodurans	2518370	S	2	0	2	0.0000104771
Nocardioides cynanchi	2558918	S	2	0	2	0.0000104771
Friedmanniella luteola	546871	S	2	0	2	0.0000104771
Rhodococcus sp. W8901	2742603	S	2	0	2	0.0000104771
Rhodococcus sp. MTM3W5.2	1805827	S	2	0	2	0.0000104771
Rhodococcus sp. WB9	2594007	S	1	1	2	0.0000104771
Rhodococcus sp. S2-17	1990687	S	1	1	2	0.0000104771
Rhodococcus rhodochrous	1829	S	2	0	2	0.0000104771
Rhodococcus triatomae	300028	S	2	0	2	0.0000104771
Nocardia wallacei	480035	S	2	0	2	0.0000104771
Nocardia yunnanensis	2382165	S	2	0	2	0.0000104771
Corynebacterium sp. NML93-0612	699041	S	1	1	2	0.0000104771
Corynebacterium timonense	441500	S	2	0	2	0.0000104771
Corynebacterium anserum	2684406	S	2	0	2	0.0000104771
Corynebacterium camporealensis	161896	S	2	0	2	0.0000104771
Corynebacterium cystitidis	35757	S	2	0	2	0.0000104771
Corynebacterium efficiens	152794	S	2	0	2	0.0000104771
Corynebacterium ulcerans	65058	S	2	0	2	0.0000104771
Mycolicibacterium rhodesiae	36814	S	2	0	2	0.0000104771
Mycolicibacterium alvei	67081	S	2	0	2	0.0000104771
Mycolicibacterium mageritense	53462	S	2	0	2	0.0000104771
Mycolicibacterium pulveris	36813	S	2	0	2	0.0000104771
Mycolicibacterium duvalii	39688	S	2	0	2	0.0000104771
Mycolicibacterium poriferae	39694	S	1	1	2	0.0000104771
Mycobacterium colombiense	339268	S	2	0	2	0.0000104771
Mycobacterium heidelbergense	53376	S	2	0	2	0.0000104771
Mycobacterium shinjukuense	398694	S	2	0	2	0.0000104771
Mycobacterium gallinarum	39689	S	2	0	2	0.0000104771
Mycobacterium heckeshornense	110505	S	2	0	2	0.0000104771
Mycobacterium lacus	169765	S	2	0	2	0.0000104771
[Mycobacterium] stephanolepidis	1520670	S	2	0	2	0.0000104771
Mycolicibacter terrae	1788	S	2	0	2	0.0000104771
Tomitella sp. HY172	2760083	S	2	0	2	0.0000104771
Microbacterium sp. NY27	2782169	S	2	0	2	0.0000104771
Microbacterium endophyticum	1526412	S	2	0	2	0.0000104771
Microbacterium schleiferi	69362	S	2	0	2	0.0000104771
Microbacterium lushaniae	2614639	S	2	0	2	0.0000104771
Agromyces sp. KACC 19306	2592652	S	2	0	2	0.0000104771
Rathayibacter tritici	33888	S	2	0	2	0.0000104771
Salinibacterium hongtaonis	2079791	S	2	0	2	0.0000104771
Aurantimicrobium sp. MWH-Uga1	2079575	S	1	1	2	0.0000104771
Protaetiibacter sp. SSC-01	2759943	S	2	0	2	0.0000104771
Gryllotalpicola protaetiae	2419771	S	2	0	2	0.0000104771
Lysinimonas sp. KACC 19322	2592654	S	2	0	2	0.0000104771
Pontimonas salivibrio	1159327	S	2	0	2	0.0000104771
Glaciihabitans sp. INWT7	2596912	S	2	0	2	0.0000104771
Agreia sp. COWG	2773266	S	2	0	2	0.0000104771
Kocuria sp. TGY1120_3	2711329	S	2	0	2	0.0000104771
Kocuria indica	1049583	S	2	0	2	0.0000104771
Paenarthrobacter aurescens	43663	S	1	1	2	0.0000104771
Arthrobacter sp. 31.31	347202	S	2	0	2	0.0000104771
Arthrobacter sp. PAMC25564	2565366	S	2	0	2	0.0000104771
Arthrobacter sp.	1667	S	2	0	2	0.0000104771
Arthrobacter sp. J3.49	347213	S	1	1	2	0.0000104771
Pseudarthrobacter sp. YJ56	2697569	S	2	0	2	0.0000104771
Pseudarthrobacter sp. NIBRBAC000502770	2590785	S	1	1	2	0.0000104771
Nesterenkonia sp. NBAIMH1	2600320	S	2	0	2	0.0000104771
Psychromicrobium lacuslunae	1618207	S	2	0	2	0.0000104771
Brevibacterium oceani	358099	S	2	0	2	0.0000104771
Cellulomonas taurus	2729175	S	2	0	2	0.0000104771
Pseudactinotalea sp. HY158	2654547	S	2	0	2	0.0000104771
Cellulosimicrobium sp. JZ28	1906273	S	1	1	2	0.0000104771
Isoptericola variabilis	139208	S	2	0	2	0.0000104771
Xylanimonas allomyrinae	2509459	S	2	0	2	0.0000104771
Ornithinimicrobium sp. H23M54	2594265	S	2	0	2	0.0000104771
Ornithinimicrobium pratense	2593973	S	2	0	2	0.0000104771
Serinicoccus hydrothermalis	1758689	S	2	0	2	0.0000104771
Austwickia chelonae	100225	S	2	0	2	0.0000104771
Ruania sp. HY168	2603206	S	2	0	2	0.0000104771
Streptomyces sp. CB01881	2078691	S	2	0	2	0.0000104771
Streptomyces sp. Go-475	2072505	S	2	0	2	0.0000104771
Streptomyces sp. S063	2005885	S	2	0	2	0.0000104771
Streptomyces sp. QHH-9511	2684468	S	2	0	2	0.0000104771
Streptomyces sp. WAC 06738	2203210	S	2	0	2	0.0000104771
Streptomyces sp. HF10	2692233	S	2	0	2	0.0000104771
Streptomyces sp. INR7	2607753	S	2	0	2	0.0000104771
Streptomyces sp. SAT1	1849967	S	2	0	2	0.0000104771
Streptomyces sp. XC 2026	2782004	S	2	0	2	0.0000104771
Streptomyces sp. SM18	1736046	S	2	0	2	0.0000104771
Streptomyces sp. NEAU-sy36	2751189	S	2	0	2	0.0000104771
Streptomyces sp. RPA4-5	2721245	S	2	0	2	0.0000104771
Streptomyces sp. SCSIO 3032	1264596	S	2	0	2	0.0000104771
Streptomyces sp. SirexAA-E	862751	S	2	0	2	0.0000104771
Streptomyces sp. RLB1-33	2721243	S	2	0	2	0.0000104771
Streptomyces sp. Z022	1442032	S	2	0	2	0.0000104771
Streptomyces glaucescens	1907	S	2	0	2	0.0000104771
Streptomyces noursei	1971	S	2	0	2	0.0000104771
Streptomyces violaceusniger	68280	S	2	0	2	0.0000104771
Streptomyces xinghaiensis	1038928	S	2	0	2	0.0000104771
Streptomyces viridosporus	67581	S	2	0	2	0.0000104771
Streptomyces nojiriensis	66374	S	2	0	2	0.0000104771
Streptomyces avermitilis	33903	S	2	0	2	0.0000104771
Streptomyces broussonetiae	2686304	S	2	0	2	0.0000104771
Streptomyces collinus	42684	S	2	0	2	0.0000104771
Streptomyces platensis	58346	S	2	0	2	0.0000104771
Streptomyces rutgersensis	53451	S	2	0	2	0.0000104771
Streptomyces tendae	1932	S	2	0	2	0.0000104771
Streptomyces alboflavus	67267	S	2	0	2	0.0000104771
Streptomyces aquilus	2548456	S	2	0	2	0.0000104771
Streptomyces rubrolavendulae	285473	S	1	1	2	0.0000104771
Streptacidiphilus bronchialis	2126346	S	2	0	2	0.0000104771
Amycolatopsis methanolica	1814	S	2	0	2	0.0000104771
Saccharomonospora viridis	1852	S	2	0	2	0.0000104771
Saccharomonospora azurea	40988	S	2	0	2	0.0000104771
Saccharomonospora glauca	40990	S	2	0	2	0.0000104771
Saccharomonospora marina	632569	S	2	0	2	0.0000104771
Actinosynnema pretiosum	42197	S	2	0	2	0.0000104771
Micromonospora coriariae	285665	S	2	0	2	0.0000104771
Micromonospora rifamycinica	291594	S	2	0	2	0.0000104771
Micromonospora coxensis	356852	S	2	0	2	0.0000104771
Micromonospora echinaurantiaca	47857	S	2	0	2	0.0000104771
Micromonospora craniellae	2294034	S	2	0	2	0.0000104771
Actinoplanes teichomyceticus	1867	S	2	0	2	0.0000104771
Phytohabitans flavus	1076124	S	2	0	2	0.0000104771
Candidatus Planktophila limnetica	573600	S	2	0	2	0.0000104771
Actinomadura sp. NAK00032	2742128	S	2	0	2	0.0000104771
Thermomonospora curvata	2020	S	2	0	2	0.0000104771
Thermobispora bispora	2006	S	2	0	2	0.0000104771
Nocardiopsis alba	53437	S	2	0	2	0.0000104771
Bifidobacterium lemurum	1603886	S	2	0	2	0.0000104771
Gardnerella vaginalis	2702	S	2	0	2	0.0000104771
Frankia casuarinae	106370	S	2	0	2	0.0000104771
Nakamurella multipartita	53461	S	2	0	2	0.0000104771
Actinopolyspora erythraea	414996	S	2	0	2	0.0000104771
Adlercreutzia equolifaciens	446660	S	2	0	2	0.0000104771
Arabia massiliensis	1870985	S	2	0	2	0.0000104771
Egibacter rhizosphaerae	1670831	S	2	0	2	0.0000104771
Conexibacter woesei	191495	S	2	0	2	0.0000104771
Bacillus luti	2026191	S	2	0	2	0.0000104771
Bacillus sp. Y1	352858	S	2	0	2	0.0000104771
Bacillus cohnii	33932	S	2	0	2	0.0000104771
Bacillus oleronius	38875	S	2	0	2	0.0000104771
Bacillus marisflavi	189381	S	2	0	2	0.0000104771
Lysinibacillus sp. FJAT-51161	2590012	S	2	0	2	0.0000104771
Lysinibacillus sphaericus	1421	S	2	0	2	0.0000104771
Anoxybacillus gonensis	198467	S	1	1	2	0.0000104771
Oceanobacillus iheyensis	182710	S	2	0	2	0.0000104771
Salicibibacter sp. NKC5-3	2743000	S	2	0	2	0.0000104771
Salicibibacter kimchii	2099786	S	2	0	2	0.0000104771
Metabacillus sp. KUDC1714	2745198	S	2	0	2	0.0000104771
Neobacillus cucumis	1740721	S	2	0	2	0.0000104771
Cytobacillus oceanisediminis	665099	S	2	0	2	0.0000104771
Pontibacillus sp. ALD_SL1	2777185	S	2	0	2	0.0000104771
Lederbergia lentus	1467	S	2	0	2	0.0000104771
Paraliobacillus zengyii	2213194	S	2	0	2	0.0000104771
Peribacillus asahii	228899	S	2	0	2	0.0000104771
Staphylococcus sp. MI 10-1553	1912064	S	2	0	2	0.0000104771
Staphylococcus sp. 17KM0847	2583989	S	2	0	2	0.0000104771
Staphylococcus caprae	29380	S	2	0	2	0.0000104771
Staphylococcus simiae	308354	S	2	0	2	0.0000104771
Staphylococcus debuckii	2044912	S	2	0	2	0.0000104771
Staphylococcus xylosus	1288	S	2	0	2	0.0000104771
Staphylococcus pettenkoferi	170573	S	2	0	2	0.0000104771
Macrococcus caseolyticus	69966	S	2	0	2	0.0000104771
[Micrococcus] candicans	946432	S	2	0	2	0.0000104771
Paenibacillus sp. FSL R7-0273	1536772	S	2	0	2	0.0000104771
Paenibacillus sp. B01	2660554	S	2	0	2	0.0000104771
Paenibacillus thiaminolyticus	49283	S	2	0	2	0.0000104771
Paenibacillus durus	44251	S	2	0	2	0.0000104771
Paenibacillus antarcticus	253703	S	2	0	2	0.0000104771
Paenibacillus kribbensis	172713	S	2	0	2	0.0000104771
Brevibacillus sp. JNUCC-41	2778370	S	1	1	2	0.0000104771
Tumebacillus avium	1903704	S	2	0	2	0.0000104771
Planococcus sp. MB-3u-03	2058136	S	2	0	2	0.0000104771
Planococcus sp. Y42	2213202	S	2	0	2	0.0000104771
Sporosarcina ureilytica	298596	S	2	0	2	0.0000104771
Exiguobacterium sp. AT1b	360911	S	2	0	2	0.0000104771
Listeria innocua	1642	S	1	1	2	0.0000104771
Listeria welshimeri	1643	S	1	1	2	0.0000104771
Brochothrix thermosphacta	2756	S	2	0	2	0.0000104771
Sporolactobacillus terrae	269673	S	2	0	2	0.0000104771
Streptococcus sp. LPB0220	2610896	S	2	0	2	0.0000104771
Streptococcus sp. DAT741	1940319	S	1	1	2	0.0000104771
Streptococcus sp. I-P16	1156433	S	1	1	2	0.0000104771
Streptococcus mutans	1309	S	2	0	2	0.0000104771
Streptococcus merionis	400065	S	2	0	2	0.0000104771
Streptococcus porcinus	1340	S	2	0	2	0.0000104771
Streptococcus koreensis	2382163	S	1	1	2	0.0000104771
Streptococcus dysgalactiae	1334	S	1	1	2	0.0000104771
Lactococcus cremoris	1359	S	2	0	2	0.0000104771
Lactococcus carnosus	2749961	S	1	1	2	0.0000104771
Weissella diestrammenae	1162633	S	2	0	2	0.0000104771
Weissella cryptocerci	2506420	S	2	0	2	0.0000104771
Limosilactobacillus vaginalis	1633	S	2	0	2	0.0000104771
Fructilactobacillus fructivorans	1614	S	2	0	2	0.0000104771
Lactiplantibacillus paraplantarum	60520	S	2	0	2	0.0000104771
Levilactobacillus brevis	1580	S	2	0	2	0.0000104771
Enterococcus wangshanyuanii	2005703	S	2	0	2	0.0000104771
Melissococcus plutonius	33970	S	2	0	2	0.0000104771
Carnobacterium divergens	2748	S	2	0	2	0.0000104771
Clostridium sp. BNL1100	755731	S	2	0	2	0.0000104771
Clostridium sp. CT4	2320868	S	2	0	2	0.0000104771
Clostridium sp. JN-1	2483110	S	2	0	2	0.0000104771
Clostridium intestinale	36845	S	2	0	2	0.0000104771
Sarcina sp. JB2	2726954	S	2	0	2	0.0000104771
Alkaliphilus metalliredigens	208226	S	2	0	2	0.0000104771
Crassaminicella sp. SY095	2599308	S	2	0	2	0.0000104771
Blautia sp. LZLJ-3	2779518	S	2	0	2	0.0000104771
Blautia argi	1912897	S	2	0	2	0.0000104771
Butyrivibrio hungatei	185008	S	2	0	2	0.0000104771
Herbinix luporum	1679721	S	2	0	2	0.0000104771
Anaerostipes rhamnosivorans	1229621	S	2	0	2	0.0000104771
Oscillibacter valericigenes	351091	S	2	0	2	0.0000104771
Ruminococcus sp. JE7A12	2564099	S	2	0	2	0.0000104771
Fastidiosipila sanguinis	236753	S	2	0	2	0.0000104771
Aminipila sp. CBA3637	2697030	S	2	0	2	0.0000104771
Thermaerobacter marianensis	73919	S	2	0	2	0.0000104771
Desulfotomaculum reducens	59610	S	2	0	2	0.0000104771
Desulfosporosinus youngiae	339862	S	2	0	2	0.0000104771
Desulfallas gibsoniae	102134	S	2	0	2	0.0000104771
Thermoanaerosceptrum fracticalcis	1712410	S	2	0	2	0.0000104771
Christensenella minuta	626937	S	2	0	2	0.0000104771
Symbiobacterium thermophilum	2734	S	2	0	2	0.0000104771
Caldicellulosiruptor obsidiansis	717609	S	2	0	2	0.0000104771
Thermoanaerobacterium thermosaccharolyticum	1517	S	2	0	2	0.0000104771
Caldanaerobacter subterraneus	911092	S	2	0	2	0.0000104771
Tepidanaerobacter acetatoxydans	499229	S	2	0	2	0.0000104771
Pectinatus frisingensis	865	S	2	0	2	0.0000104771
Veillonella atypica	39777	S	2	0	2	0.0000104771
Dialister massiliensis	2161821	S	2	0	2	0.0000104771
Peptoniphilus harei	54005	S	2	0	2	0.0000104771
Anaerococcus prevotii	33034	S	2	0	2	0.0000104771
Tissierellia sp. JN-28	2507161	S	2	0	2	0.0000104771
Gudongella oleilytica	1582259	S	2	0	2	0.0000104771
Sedimentibacter sp. zth1	2816908	S	2	0	2	0.0000104771
Erysipelothrix piscisicarius	2485784	S	2	0	2	0.0000104771
Faecalitalea cylindroides	39483	S	1	1	2	0.0000104771
Amedibacterium intestinale	2583452	S	1	1	2	0.0000104771
Cylindrospermum stagnale	142864	S	2	0	2	0.0000104771
Calothrix sp. NIES-2100	1954172	S	2	0	2	0.0000104771
Calothrix sp. NIES-3974	2005462	S	2	0	2	0.0000104771
Geminocystis sp. NIES-3708	1615909	S	2	0	2	0.0000104771
Gloeocapsa sp. PCC 7428	1173026	S	2	0	2	0.0000104771
Gloeothece verrucosa	2546359	S	2	0	2	0.0000104771
Synechococcus sp. A15-62	1050657	S	1	1	2	0.0000104771
Halomicronema hongdechloris	1209493	S	2	0	2	0.0000104771
cyanobacterium endosymbiont of Epithemia turgida	718217	S	2	0	2	0.0000104771
Stanieria sp. NIES-3757	1807358	S	2	0	2	0.0000104771
Pleurocapsa minor	54308	S	2	0	2	0.0000104771
Chroococcidiopsis thermalis	54299	S	2	0	2	0.0000104771
Thermus oshimai	56957	S	2	0	2	0.0000104771
Deinococcus sp. AJ005	2652443	S	2	0	2	0.0000104771
Deinococcus proteolyticus	55148	S	2	0	2	0.0000104771
Deinococcus swuensis	1182571	S	2	0	2	0.0000104771
Deinococcus soli Cha et al. 2016	1309411	S	1	1	2	0.0000104771
Mycoplasma sp. Mirounga ES2806-NAS	754516	S	2	0	2	0.0000104771
Mycoplasma struthionis	538220	S	2	0	2	0.0000104771
Mycoplasma suis	57372	S	2	0	2	0.0000104771
Mycoplasma crocodyli	50052	S	2	0	2	0.0000104771
Mycoplasma haemofelis	29501	S	2	0	2	0.0000104771
Mycoplasma pulmonis	2107	S	2	0	2	0.0000104771
Mycoplasma gallinaceum	29556	S	2	0	2	0.0000104771
Mycoplasma columbinum	114881	S	2	0	2	0.0000104771
Mycoplasma columbinasale	114880	S	2	0	2	0.0000104771
Mycoplasma edwardii	53558	S	2	0	2	0.0000104771
Mycoplasma fermentans	2115	S	1	1	2	0.0000104771
Spiroplasma taiwanense	2145	S	2	0	2	0.0000104771
Mesoplasma lactucae	138853	S	2	0	2	0.0000104771
Aster yellows witches'-broom phytoplasma	229545	S	1	1	2	0.0000104771
Acholeplasma axanthum	29552	S	2	0	2	0.0000104771
Dehalogenimonas lykanthroporepellens	552810	S	2	0	2	0.0000104771
Flavobacterium sp. xlx-214	2654325	S	2	0	2	0.0000104771
Polaribacter sp. SA4-10	754397	S	2	0	2	0.0000104771
Polaribacter sp. SA4-12	1312072	S	2	0	2	0.0000104771
Polaribacter sejongensis	985043	S	2	0	2	0.0000104771
Winogradskyella schleiferi	2686078	S	2	0	2	0.0000104771
Tenacibaculum dicentrarchi	669041	S	2	0	2	0.0000104771
Cellulophaga algicola	59600	S	2	0	2	0.0000104771
Gramella forsetii	411153	S	2	0	2	0.0000104771
Gramella flava	1486245	S	2	0	2	0.0000104771
Kordia sp. SMS9	2282170	S	2	0	2	0.0000104771
Maribacter sp. 1_2014MBL_MicDiv	1644130	S	1	1	2	0.0000104771
Maribacter dokdonensis	320912	S	1	1	2	0.0000104771
Aquimarina sp. TRL1	2736252	S	2	0	2	0.0000104771
Antarcticibacterium arcticum	2585771	S	2	0	2	0.0000104771
Gilvibacter sp. SZ-19	754429	S	2	0	2	0.0000104771
Muriicola sp. MMS17-SY002	2507538	S	2	0	2	0.0000104771
Galbibacter sp. BG1	1170699	S	2	0	2	0.0000104771
Chryseobacterium sp. JV274	1932669	S	2	0	2	0.0000104771
Elizabethkingia ursingii	1756150	S	2	0	2	0.0000104771
Ornithobacterium rhinotracheale	28251	S	2	0	2	0.0000104771
Sphingobacterium sp. DR205	2713573	S	2	0	2	0.0000104771
Sphingobacterium spiritivorum	258	S	2	0	2	0.0000104771
Mucilaginibacter sp. 14171R-50	2703789	S	2	0	2	0.0000104771
Mucilaginibacter gossypii	551996	S	1	1	2	0.0000104771
Olivibacter sp. SDN3	2764720	S	2	0	2	0.0000104771
Pontibacter pudoricolor	2694930	S	2	0	2	0.0000104771
Adhaeribacter radiodurans	2745197	S	2	0	2	0.0000104771
Echinicola rosea	1807691	S	2	0	2	0.0000104771
Algoriphagus machipongonensis	388413	S	2	0	2	0.0000104771
Candidatus Amoebophilus asiaticus	281120	S	2	0	2	0.0000104771
Bacteroides sp. HF-5287	2650157	S	2	0	2	0.0000104771
Bacteroides sp. HF-5141	2650158	S	2	0	2	0.0000104771
Bacteroides sp. CACC 737	2755405	S	1	1	2	0.0000104771
Bacteroides coprosuis	151276	S	2	0	2	0.0000104771
Bacteroides caecimuris	1796613	S	2	0	2	0.0000104771
Prevotella sp. WR041	2801997	S	2	0	2	0.0000104771
Prevotella fusca	589436	S	2	0	2	0.0000104771
Alistipes shahii	328814	S	2	0	2	0.0000104771
Alistipes communis	2585118	S	2	0	2	0.0000104771
Alistipes sp. dk3624	2662363	S	2	0	2	0.0000104771
Porphyromonas cangingivalis	36874	S	2	0	2	0.0000104771
Barnesiella viscericola	397865	S	2	0	2	0.0000104771
Salinivirga cyanobacteriivorans	1307839	S	2	0	2	0.0000104771
Tenuifilum thalassicum	2590900	S	2	0	2	0.0000104771
Chloroherpeton thalassium	100716	S	2	0	2	0.0000104771
Rosistilla carotiformis	2528017	S	2	0	2	0.0000104771
Aeoliella mucimassa	2527972	S	2	0	2	0.0000104771
Botrimarina mediterranea	2528022	S	2	0	2	0.0000104771
Limihaloglobus sulfuriphilus	1851148	S	2	0	2	0.0000104771
Phycisphaera mikurensis	547188	S	2	0	2	0.0000104771
Akkermansia glycaniphila	1679444	S	2	0	2	0.0000104771
Coraliomargarita akajimensis	395922	S	2	0	2	0.0000104771
Methylacidimicrobium sp. B4	2796139	S	2	0	2	0.0000104771
Chlamydia felis	83556	S	2	0	2	0.0000104771
Acidobacterium sp. 4Y35	2763107	S	2	0	2	0.0000104771
Granulicella mallensis	940614	S	2	0	2	0.0000104771
Edaphobacter sp. 4G125	2763071	S	2	0	2	0.0000104771
Treponema phagedenis	162	S	2	0	2	0.0000104771
Treponema parvum	138851	S	2	0	2	0.0000104771
Treponema ruminis	744515	S	2	0	2	0.0000104771
Brachyspira pilosicoli	52584	S	2	0	2	0.0000104771
Brachyspira hampsonii	1287055	S	2	0	2	0.0000104771
Turneriella parva	29510	S	2	0	2	0.0000104771
Fusobacterium varium	856	S	2	0	2	0.0000104771
Fusobacterium necrophorum	859	S	2	0	2	0.0000104771
Leptotrichia sp. oral taxon 212	712357	S	2	0	2	0.0000104771
Leptotrichia sp. oral taxon 498	712368	S	2	0	2	0.0000104771
Leptotrichia wadei	157687	S	2	0	2	0.0000104771
Defluviitoga tunisiensis	1006576	S	2	0	2	0.0000104771
Thermosipho africanus	2421	S	2	0	2	0.0000104771
Fervidobacterium pennivorans	93466	S	1	1	2	0.0000104771
Candidatus Chazhemtobacterium aquaticus	2715735	S	2	0	2	0.0000104771
Cloacibacillus porcorum	1197717	S	2	0	2	0.0000104771
Abyssogena phaseoliformis symbiont	596095	S	2	0	2	0.0000104771
Caldithrix abyssi	187145	S	2	0	2	0.0000104771
Natronomonas moolapensis	416273	S	2	0	2	0.0000104771
Halosimplex litoreum	1198301	S	2	0	2	0.0000104771
Halomicrobium sp. LC1Hm	2610902	S	1	1	2	0.0000104771
Haloterrigena turkmenica	62320	S	2	0	2	0.0000104771
Natronorubrum aibiense	348826	S	2	0	2	0.0000104771
Halorubrum sp. CBA1229	1853699	S	2	0	2	0.0000104771
Haloplanus rallus	1816183	S	2	0	2	0.0000104771
Halobellus limi	699433	S	2	0	2	0.0000104771
Methanobrevibacter sp. YE315	1609968	S	2	0	2	0.0000104771
Methanococcus aeolicus	42879	S	2	0	2	0.0000104771
Methanofervidicoccus sp. A16	2607662	S	2	0	2	0.0000104771
Methanocaldococcus vulcanius	73913	S	1	1	2	0.0000104771
Thermococcus sp. SY113	2598455	S	2	0	2	0.0000104771
Nitrosopumilus piranensis	1582439	S	2	0	2	0.0000104771
Candidatus Nitrosotenuis cloacae	1603555	S	2	0	2	0.0000104771
Candidatus Nitrosocosmicus franklandus	1798806	S	2	0	2	0.0000104771
Candidatus Methanomassiliicoccus intestinalis	1406512	S	2	0	2	0.0000104771
Gordonia phage OhMyWard	2652414	S	2	0	2	0.0000104771
Flavobacterium phage 11b	294631	S	2	0	2	0.0000104771
Gordonia phage Utz	1838081	S	2	0	2	0.0000104771
Lactococcus phage AM4	1965472	S	2	0	2	0.0000104771
Synechococcus phage S-CBS3	753085	S	2	0	2	0.0000104771
Pseudomonas phage PAJU2	504346	S	1	1	2	0.0000104771
Propionibacterium virus PHL171M01	1982297	S	2	0	2	0.0000104771
Polaribacter virus P12002S	1982246	S	2	0	2	0.0000104771
Mycobacterium virus Gaia	1982148	S	2	0	2	0.0000104771
Dinoroseobacter virus D5C	2560407	S	2	0	2	0.0000104771
Mycobacterium phage Squirty	1527512	S	1	1	2	0.0000104771
Microbacterium phage Arete	2713257	S	2	0	2	0.0000104771
Pseudomonas phage ZC08	1622116	S	1	1	2	0.0000104771
Roseobacter phage RD-1410W1-01	1815984	S	2	0	2	0.0000104771
Arthrobacter virus Adat	2560299	S	2	0	2	0.0000104771
Burkholderia virus Bcep22	242527	S	2	0	2	0.0000104771
Cyanophage P-RSM1	536444	S	2	0	2	0.0000104771
Halovirus HSTV-2	1262527	S	2	0	2	0.0000104771
Aeromonas virus 56	2560283	S	2	0	2	0.0000104771
Cronobacter virus GAP32	2560400	S	2	0	2	0.0000104771
Celeribacter phage P12053L	1197951	S	2	0	2	0.0000104771
Suid alphaherpesvirus 1	10345	S	2	0	2	0.0000104771
Acanthamoeba polyphaga mimivirus	212035	S	1	1	2	0.0000104771
BeAn 58058 virus	67082	S	2	0	2	0.0000104771
Anomala cuprea entomopoxvirus	62099	S	2	0	2	0.0000104771
Mollivirus sibericum	1678078	S	2	0	2	0.0000104771
Gammapapillomavirus 11	1513256	S	2	0	2	0.0000104771
Sida chlorotic vein virus	1904883	S	2	0	2	0.0000104771
Polaromonas sp. H6N	1840293	S	1	0	1	0.0000052385
Burkholderia sp. BDU8	1385592	S	1	0	1	0.0000052385
Burkholderia sp. JP2-270	2217913	S	1	0	1	0.0000052385
Polynucleobacter sp. LimPoW16	1743162	S	1	0	1	0.0000052385
Paraburkholderia graminis	60548	S	1	0	1	0.0000052385
Pandoraea thiooxydans	445709	S	1	0	1	0.0000052385
Herminiimonas arsenitoxidans	1809410	S	1	0	1	0.0000052385
Bordetella holmesii	35814	S	1	0	1	0.0000052385
Advenella kashmirensis	310575	S	1	0	1	0.0000052385
Oligella ureolytica	90244	S	1	0	1	0.0000052385
Nitrosomonas europaea	915	S	1	0	1	0.0000052385
Nitrosomonas stercoris	1444684	S	1	0	1	0.0000052385
Nitrosospira lacus	1288494	S	1	0	1	0.0000052385
Iodobacter sp. H11R3	2496266	S	1	0	1	0.0000052385
Aquitalea magnusonii	332411	S	1	0	1	0.0000052385
Aquitalea sp. USM4	1590041	S	1	0	1	0.0000052385
Pseudogulbenkiania sp. NH8B	748280	S	1	0	1	0.0000052385
Neisseria sp. oral taxon 014	641148	S	1	0	1	0.0000052385
Neisseria musculi	1815583	S	1	0	1	0.0000052385
Neisseria canis	493	S	1	0	1	0.0000052385
Neisseria zalophi	640030	S	1	0	1	0.0000052385
Neisseria bacilliformis	267212	S	1	0	1	0.0000052385
Eikenella corrodens	539	S	1	0	1	0.0000052385
Simonsiella muelleri	72	S	1	0	1	0.0000052385
Snodgrassella alvi	1196083	S	1	0	1	0.0000052385
Candidatus Profftella armatura	669502	S	1	0	1	0.0000052385
Acinetobacter sp. Marseille-Q1620	2714110	S	1	0	1	0.0000052385
Acinetobacter shaoyimingii	2715164	S	1	0	1	0.0000052385
Acinetobacter equi	1324350	S	1	0	1	0.0000052385
Pseudomonas sp. HLS-6	2049589	S	1	0	1	0.0000052385
Pseudomonas sp. LTJR-52	2479392	S	1	0	1	0.0000052385
Pseudomonas sp. MPDS	2762896	S	1	0	1	0.0000052385
Pseudomonas sp. S1-A32-2	2731681	S	1	0	1	0.0000052385
Pseudomonas sp. ACM7	2052956	S	1	0	1	0.0000052385
Pseudomonas sp. MSPm1	2726956	S	1	0	1	0.0000052385
Pseudomonas sp. S09G 359	2054919	S	1	0	1	0.0000052385
Pseudomonas sp. C27(2019)	2604941	S	1	0	1	0.0000052385
Pseudomonas sp. SNU WT1	2518644	S	1	0	1	0.0000052385
Pseudomonas sp. 31-12	2201356	S	1	0	1	0.0000052385
Pseudomonas sp. R4-39-08	1173288	S	1	0	1	0.0000052385
Pseudomonas sp. R32	1573704	S	1	0	1	0.0000052385
Pseudomonas sp. Os17	1500686	S	1	0	1	0.0000052385
Pseudomonas sp. R3-18-08	1173283	S	1	0	1	0.0000052385
Pseudomonas sp. CCOS 191	1649877	S	1	0	1	0.0000052385
Pseudomonas sp. GR 6-02	1659194	S	1	0	1	0.0000052385
Pseudomonas sp. Leaf58	1736226	S	1	0	1	0.0000052385
Pseudomonas sp. URMO17WK12:I11	1283291	S	1	0	1	0.0000052385
Pseudomonas sp. B10	118613	S	1	0	1	0.0000052385
Pseudomonas sp. BIOMIG1BAC	1758730	S	1	0	1	0.0000052385
Pseudomonas extremorientalis	169669	S	1	0	1	0.0000052385
Pseudomonas mucidolens	46679	S	1	0	1	0.0000052385
Pseudomonas nitroreducens	46680	S	1	0	1	0.0000052385
Pseudomonas mosselii	78327	S	1	0	1	0.0000052385
Pseudomonas cichorii	36746	S	1	0	1	0.0000052385
Pseudomonas coronafaciens	53409	S	1	0	1	0.0000052385
Pseudomonas gozinkensis	2774461	S	1	0	1	0.0000052385
Pseudomonas versuta	1788301	S	1	0	1	0.0000052385
Pseudomonas psychrophila	122355	S	1	0	1	0.0000052385
Pseudomonas allokribbensis	2774460	S	1	0	1	0.0000052385
Pseudomonas guangdongensis	1245526	S	1	0	1	0.0000052385
Pseudomonas antarctica	219572	S	1	0	1	0.0000052385
Oblitimonas alkaliphila	1697053	S	1	0	1	0.0000052385
Klebsiella sp. STW0522-44	2681387	S	1	0	1	0.0000052385
Klebsiella grimontii	2058152	S	1	0	1	0.0000052385
Enterobacter chengduensis	2494701	S	1	0	1	0.0000052385
Enterobacter sp. RHBSTW-00175	2742639	S	1	0	1	0.0000052385
Enterobacter sp. JUb54	2724468	S	1	0	1	0.0000052385
Enterobacter soli	885040	S	1	0	1	0.0000052385
Escherichia fergusonii	564	S	1	0	1	0.0000052385
Enterobacteriaceae endosymbiont of Donacia cinerea	2675774	S	1	0	1	0.0000052385
Enterobacteriaceae endosymbiont of Donacia marginata	2675779	S	1	0	1	0.0000052385
Enterobacteriaceae endosymbiont of Donacia simplex	2675784	S	1	0	1	0.0000052385
Enterobacteriaceae endosymbiont of Donacia thalassina	2675786	S	1	0	1	0.0000052385
Enterobacteriaceae endosymbiont of Donacia tomentosa	2675787	S	1	0	1	0.0000052385
Kosakonia sp. CCTCC M2018092	2492396	S	1	0	1	0.0000052385
Cronobacter universalis	535744	S	1	0	1	0.0000052385
Blochmannia endosymbiont of Polyrhachis (Hedomyrma) turneri	1505596	S	1	0	1	0.0000052385
Blochmannia endosymbiont of Camponotus nipponensis	2681986	S	1	0	1	0.0000052385
Candidatus Blochmannia pennsylvanicus	101534	S	1	0	1	0.0000052385
Candidatus Blochmannia vafer	251535	S	1	0	1	0.0000052385
Candidatus Hoaglandella endobia	1778263	S	1	0	1	0.0000052385
Candidatus Mikella endobia	1778264	S	1	0	1	0.0000052385
Raoultella terrigena	577	S	1	0	1	0.0000052385
Raoultella electrica	1259973	S	1	0	1	0.0000052385
Phytobacter diazotrophicus	395631	S	1	0	1	0.0000052385
Cedecea sp. FDAARGOS_727	2545798	S	1	0	1	0.0000052385
Buttiauxella sp. 3AFRM03	2479367	S	1	0	1	0.0000052385
Shimwellia blattae	563	S	1	0	1	0.0000052385
Pantoea sp. PSNIH1	1484158	S	1	0	1	0.0000052385
Candidatus Pantoea carbekii	1235990	S	1	0	1	0.0000052385
Pantoea alhagi	1891675	S	1	0	1	0.0000052385
Erwinia persicina	55211	S	1	0	1	0.0000052385
Erwinia sp. J780	2681984	S	1	0	1	0.0000052385
Wigglesworthia glossinidia	51229	S	1	0	1	0.0000052385
Tatumella ptyseos	82987	S	1	0	1	0.0000052385
Serratia proteamaculans	28151	S	1	0	1	0.0000052385
Serratia fonticola	47917	S	1	0	1	0.0000052385
Serratia grimesii	82995	S	1	0	1	0.0000052385
Serratia symbiotica	138074	S	1	0	1	0.0000052385
Serratia sp. FDAARGOS_506	2420306	S	1	0	1	0.0000052385
Yersinia enterocolitica	630	S	1	0	1	0.0000052385
Yersinia aldovae	29483	S	1	0	1	0.0000052385
Gibbsiella quercinecans	929813	S	1	0	1	0.0000052385
Chania multitudinisentens	1639108	S	1	0	1	0.0000052385
Proteus penneri	102862	S	1	0	1	0.0000052385
Photorhabdus asymbiotica	291112	S	1	0	1	0.0000052385
Pectobacterium punjabense	2108399	S	1	0	1	0.0000052385
Brenneria goodwinii	1109412	S	1	0	1	0.0000052385
Brenneria sp. Ir50	2722756	S	1	0	1	0.0000052385
Lonsdalea britannica	1082704	S	1	0	1	0.0000052385
Lonsdalea populi	1172565	S	1	0	1	0.0000052385
Hafnia paralvei	546367	S	1	0	1	0.0000052385
Leminorella richardii	158841	S	1	0	1	0.0000052385
Xanthomonas cucurbitae	56453	S	1	0	1	0.0000052385
Xanthomonas euroxanthea	2259622	S	1	0	1	0.0000052385
Lysobacter arenosi	2795387	S	1	0	1	0.0000052385
Luteimonas sp. JM171	1896164	S	1	0	1	0.0000052385
Dyella japonica	231455	S	1	0	1	0.0000052385
Frateuria aurantia	81475	S	1	0	1	0.0000052385
Halomonas sp. A40-4	2785909	S	1	0	1	0.0000052385
Halomonas sp. MCCC 1A13718	2733488	S	1	0	1	0.0000052385
Halomonas sp. THAF12	2587849	S	1	0	1	0.0000052385
Halomonas sp. BC-M4-5	2497861	S	1	0	1	0.0000052385
Halomonas sp. GFAJ-1	1118153	S	1	0	1	0.0000052385
Halomonas huangheensis	1178482	S	1	0	1	0.0000052385
Halomonas chromatireducens	507626	S	1	0	1	0.0000052385
Zymobacter palmae	33074	S	1	0	1	0.0000052385
Candidatus Portiera aleyrodidarum	91844	S	1	0	1	0.0000052385
Salinicola tamaricis	1771309	S	1	0	1	0.0000052385
Marinomonas primoryensis	178399	S	1	0	1	0.0000052385
Marinomonas posidonica	936476	S	1	0	1	0.0000052385
Marinomonas algicola	2773454	S	1	0	1	0.0000052385
Marinobacterium aestuarii	1821621	S	1	0	1	0.0000052385
Spartinivicinus ruber	2683272	S	1	0	1	0.0000052385
Gynuella sunshinyii	1445505	S	1	0	1	0.0000052385
Litoricola lipolytica	418701	S	1	0	1	0.0000052385
Marinobacter sp. LV10R510-11A	1415568	S	1	0	1	0.0000052385
Marinobacter sp. es.042	1761794	S	1	0	1	0.0000052385
Marinobacter sp. NP-4(2019)	2488665	S	1	0	1	0.0000052385
Paraglaciecola mesophila	197222	S	1	0	1	0.0000052385
Paraglaciecola psychrophila	326544	S	1	0	1	0.0000052385
Paraglaciecola sp. L3A3	2686358	S	1	0	1	0.0000052385
Catenovulum sp. CCB-QB4	2172099	S	1	0	1	0.0000052385
Shewanella sp. SNU WT4	2590015	S	1	0	1	0.0000052385
Shewanella sp. Arc9-LZ	2698686	S	1	0	1	0.0000052385
Shewanella sp. YLB-06	2593655	S	1	0	1	0.0000052385
Shewanella sp. Scap07	2589987	S	1	0	1	0.0000052385
Shewanella sp. M2	2487742	S	1	0	1	0.0000052385
Shewanella donghaensis	238836	S	1	0	1	0.0000052385
Shewanella marisflavi	260364	S	1	0	1	0.0000052385
Shewanella psychrophila	225848	S	1	0	1	0.0000052385
Shewanella livingstonensis	150120	S	1	0	1	0.0000052385
Shewanella woodyi	60961	S	1	0	1	0.0000052385
Parashewanella tropica	2547970	S	1	0	1	0.0000052385
Pseudoalteromonas sp. Xi13	2490635	S	1	0	1	0.0000052385
Pseudoalteromonas sp. GCY	2003316	S	1	0	1	0.0000052385
Pseudoalteromonas sp. 13-15	1761891	S	1	0	1	0.0000052385
Pseudoalteromonas piscicida	43662	S	1	0	1	0.0000052385
Pseudoalteromonas ulvae	107327	S	1	0	1	0.0000052385
Pseudoalteromonas xiamenensis	882626	S	1	0	1	0.0000052385
Pseudoalteromonas carrageenovora	227	S	1	0	1	0.0000052385
Pseudoalteromonas luteoviolacea	43657	S	1	0	1	0.0000052385
Pseudoalteromonas arctica	394751	S	1	0	1	0.0000052385
Pseudoalteromonas viridis	339617	S	1	0	1	0.0000052385
Psychrosphaera aestuarii	1266052	S	1	0	1	0.0000052385
Colwellia sp. MT41	58049	S	1	0	1	0.0000052385
Thalassotalea sp. HSM 43	2552945	S	1	0	1	0.0000052385
Thalassotalea crassostreae	1763536	S	1	0	1	0.0000052385
Psychromonas ingrahamii	357794	S	1	0	1	0.0000052385
Ferrimonas balearica	44012	S	1	0	1	0.0000052385
Ferrimonas lipolytica	2724191	S	1	0	1	0.0000052385
Legionella jordanis	456	S	1	0	1	0.0000052385
Legionella israelensis	454	S	1	0	1	0.0000052385
Candidatus Coxiella mudrowiae	2054173	S	1	0	1	0.0000052385
Vibrio sp. ZWAL4003	2711221	S	1	0	1	0.0000052385
Vibrio rotiferianus	190895	S	1	0	1	0.0000052385
Vibrio diabolicus	50719	S	1	0	1	0.0000052385
Vibrio casei	673372	S	1	0	1	0.0000052385
Vibrio taketomensis	2572923	S	1	0	1	0.0000052385
Vibrio europaeus	300876	S	1	0	1	0.0000052385
Vibrio alfacsensis	1074311	S	1	0	1	0.0000052385
Vibrio nigripulchritudo	28173	S	1	0	1	0.0000052385
Vibrio chagasii	170679	S	1	0	1	0.0000052385
Aliivibrio fischeri	668	S	1	0	1	0.0000052385
Paraphotobacterium marinum	1755811	S	1	0	1	0.0000052385
Thioalkalivibrio paradoxus	108010	S	1	0	1	0.0000052385
Rheinheimera sp. D18	2545632	S	1	0	1	0.0000052385
Nitrosococcus oceani	1229	S	1	0	1	0.0000052385
Nitrosococcus halophilus	133539	S	1	0	1	0.0000052385
Marichromatium purpuratum	37487	S	1	0	1	0.0000052385
Candidatus Nitrosacidococcus tergens	553981	S	1	0	1	0.0000052385
Wenzhouxiangella marina	1579979	S	1	0	1	0.0000052385
Halothiobacillus sp. LS2	1860122	S	1	0	1	0.0000052385
Granulosicoccus antarcticus	437505	S	1	0	1	0.0000052385
[Haemophilus] ducreyi	730	S	1	0	1	0.0000052385
Haemophilus pittmaniae	249188	S	1	0	1	0.0000052385
Actinobacillus sp. GY-402	2774188	S	1	0	1	0.0000052385
Pasteurella skyensis	97481	S	1	0	1	0.0000052385
Rodentibacter sp. DSM 111151	2778911	S	1	0	1	0.0000052385
Vespertiliibacter pulmonis	1443036	S	1	0	1	0.0000052385
Glaesserella parasuis	738	S	1	0	1	0.0000052385
Methylococcus capsulatus	414	S	1	0	1	0.0000052385
Aeromonas sp. CA23	2033032	S	1	0	1	0.0000052385
Francisella hispaniensis	622488	S	1	0	1	0.0000052385
Allofrancisella inopinata	1085647	S	1	0	1	0.0000052385
Thiomicrorhabdus aquaedulcis	2211106	S	1	0	1	0.0000052385
Thiomicrorhabdus indica	2267253	S	1	0	1	0.0000052385
Thiomicrorhabdus xiamenensis	2739063	S	1	0	1	0.0000052385
Hydrogenovibrio thermophilus	265883	S	1	0	1	0.0000052385
Thiomicrospira aerophila	92245	S	1	0	1	0.0000052385
Thiosulfativibrio zosterae	2675053	S	1	0	1	0.0000052385
Microbulbifer thermotolerans	252514	S	1	0	1	0.0000052385
Microbulbifer agarilyticus	260552	S	1	0	1	0.0000052385
Cellvibrio japonicus	155077	S	1	0	1	0.0000052385
Teredinibacter turnerae	2426	S	1	0	1	0.0000052385
Agarilytica rhodophyticola	1737490	S	1	0	1	0.0000052385
Spongiibacter sp. IMCC21906	1620392	S	1	0	1	0.0000052385
Oceanicoccus sagamiensis	716816	S	1	0	1	0.0000052385
Sedimenticola thiotaurini	1543721	S	1	0	1	0.0000052385
Candidatus Reidiella endopervernicosa	2738883	S	1	0	1	0.0000052385
endosymbiont of Euscepes postfasciatus	650377	S	1	0	1	0.0000052385
Gilliamella apicola	1196095	S	1	0	1	0.0000052385
Methylobacterium sp. 17Sr1-1	2202826	S	1	0	1	0.0000052385
Rhizobium sp. Khangiran2	1435607	S	1	0	1	0.0000052385
Rhizobium sp. ACO-34A	1571470	S	1	0	1	0.0000052385
Rhizobium sp. NZLR1	2731096	S	1	0	1	0.0000052385
Rhizobium sp. ADMK78	1813451	S	1	0	1	0.0000052385
Rhizobium bangladeshense	1138189	S	1	0	1	0.0000052385
Rhizobium acidisoli	1538158	S	1	0	1	0.0000052385
Rhizobium lusitanum	293958	S	1	0	1	0.0000052385
Rhizobium daejeonense	240521	S	1	0	1	0.0000052385
Agrobacterium larrymoorei	160699	S	1	0	1	0.0000052385
Neorhizobium sp. SOG26	2060726	S	1	0	1	0.0000052385
Sinorhizobium sp. BG8	2613773	S	1	0	1	0.0000052385
Sinorhizobium americanum	194963	S	1	0	1	0.0000052385
Ensifer sojae	716925	S	1	0	1	0.0000052385
Mesorhizobium sp. M1A.F.Ca.IN.022.06.1.1	2493680	S	1	0	1	0.0000052385
Mesorhizobium loti	381	S	1	0	1	0.0000052385
Mesorhizobium erdmanii	1777866	S	1	0	1	0.0000052385
Hoeflea sp. IMCC20628	1620421	S	1	0	1	0.0000052385
Devosia sp. S02	2657486	S	1	0	1	0.0000052385
Devosia sp. G19	2801335	S	1	0	1	0.0000052385
Methyloceanibacter caenitepidi	1384459	S	1	0	1	0.0000052385
Candidatus Filomicrobium marinum	1608628	S	1	0	1	0.0000052385
Methyloligella sp. GL2	2742204	S	1	0	1	0.0000052385
Ancylobacter sp. TS-1	1850374	S	1	0	1	0.0000052385
Brucella sp. 10RB9215	1149953	S	1	0	1	0.0000052385
Brucella pituitosa	571256	S	1	0	1	0.0000052385
Martelella lutilitoris	2583532	S	1	0	1	0.0000052385
Labrenzia sp. VG12	2021862	S	1	0	1	0.0000052385
Labrenzia sp. THAF82	2587861	S	1	0	1	0.0000052385
Bartonella quintana	803	S	1	0	1	0.0000052385
Bartonella australis	388640	S	1	0	1	0.0000052385
Bartonella schoenbuchensis	165694	S	1	0	1	0.0000052385
Bartonella tribocorum	85701	S	1	0	1	0.0000052385
Bartonella grahamii	33045	S	1	0	1	0.0000052385
Bartonella bacilliformis	774	S	1	0	1	0.0000052385
Methylocystis heyeri	391905	S	1	0	1	0.0000052385
Methylocystis bryophila	655015	S	1	0	1	0.0000052385
Methylosinus sp. C49	2699395	S	1	0	1	0.0000052385
Methylocella tundrae	227605	S	1	0	1	0.0000052385
Cohaesibacter sp. ES.047	1798205	S	1	0	1	0.0000052385
Sphingomonas sp. ERG5	1381597	S	1	0	1	0.0000052385
Sphingomonas sediminicola	386874	S	1	0	1	0.0000052385
Sphingobium sp. EP60837	1855519	S	1	0	1	0.0000052385
Sphingorhabdus sp. YGSMI21	2077182	S	1	0	1	0.0000052385
Erythrobacter sp. A30-3	2785907	S	1	0	1	0.0000052385
Altererythrobacter ishigakiensis	476157	S	1	0	1	0.0000052385
Paraurantiacibacter namhicola	645517	S	1	0	1	0.0000052385
Sulfitobacter sp. BSw21498	664426	S	1	0	1	0.0000052385
Sulfitobacter sp. SK012	1389005	S	1	0	1	0.0000052385
Sulfitobacter sp. SK025	1389011	S	1	0	1	0.0000052385
Sulfitobacter mediterraneus	83219	S	1	0	1	0.0000052385
Salipiger pacificus	311180	S	1	0	1	0.0000052385
Ruegeria sp. AD91A	2293862	S	1	0	1	0.0000052385
Ruegeria sp. THAF33	2587853	S	1	0	1	0.0000052385
Jannaschia sp. CCS1	290400	S	1	0	1	0.0000052385
Magnetospira sp. QH-2	1288970	S	1	0	1	0.0000052385
Gluconacetobacter diazotrophicus	33996	S	1	0	1	0.0000052385
Neokomagataea tanensis	661191	S	1	0	1	0.0000052385
Ehrlichia muris	35795	S	1	0	1	0.0000052385
Ehrlichia sp. HF	391036	S	1	0	1	0.0000052385
Wolbachia endosymbiont of Ctenocephalides felis wCfeT	2732593	S	1	0	1	0.0000052385
Wolbachia endosymbiont of Dirofilaria (Dirofilaria) immitis	1812115	S	1	0	1	0.0000052385
Wolbachia endosymbiont of Dipetalonema caudispina	1812112	S	1	0	1	0.0000052385
Wolbachia endosymbiont of Folsomia candida	169402	S	1	0	1	0.0000052385
Rickettsia australis	787	S	1	0	1	0.0000052385
Candidatus Puniceispirillum marinum	767892	S	1	0	1	0.0000052385
Candidatus Pelagibacter sp. IMCC9063	1002672	S	1	0	1	0.0000052385
Candidatus Pelagibacter sp. FZCC0015	2268451	S	1	0	1	0.0000052385
Candidatus Cytomitobacter indipagum	2601575	S	1	0	1	0.0000052385
Maricaulis maris	74318	S	1	0	1	0.0000052385
Parvularcula bermudensis	208216	S	1	0	1	0.0000052385
Desulfovibrio carbinolicus	296842	S	1	0	1	0.0000052385
Pseudodesulfovibrio mercurii	641491	S	1	0	1	0.0000052385
Pseudodesulfovibrio indicus	1716143	S	1	0	1	0.0000052385
Pseudodesulfovibrio sp. zrk46	2725288	S	1	0	1	0.0000052385
Desulfocurvibacter africanus	873	S	1	0	1	0.0000052385
Geobacter sp. M21	443144	S	1	0	1	0.0000052385
Geobacter sp. FeAm09	2597769	S	1	0	1	0.0000052385
Geobacter bremensis	60035	S	1	0	1	0.0000052385
Geobacter pickeringii	345632	S	1	0	1	0.0000052385
Desulfonema magnum	45655	S	1	0	1	0.0000052385
Desulfocapsa sulfexigens	65555	S	1	0	1	0.0000052385
Desulfotalea psychrophila	84980	S	1	0	1	0.0000052385
Arcobacter cloacae	1054034	S	1	0	1	0.0000052385
Arcobacter suis	1278212	S	1	0	1	0.0000052385
Aliarcobacter thereius	544718	S	1	0	1	0.0000052385
Aliarcobacter trophiarum	708186	S	1	0	1	0.0000052385
Aliarcobacter lanthieri	1355374	S	1	0	1	0.0000052385
Halarcobacter bivalviorum	663364	S	1	0	1	0.0000052385
Malaciobacter marinus	505249	S	1	0	1	0.0000052385
Malaciobacter molluscorum	1032072	S	1	0	1	0.0000052385
Malaciobacter canalis	1912871	S	1	0	1	0.0000052385
Pseudoarcobacter acticola	1849015	S	1	0	1	0.0000052385
Campylobacter sp. RM12175	1660076	S	1	0	1	0.0000052385
Campylobacter sp. 2014D-0216	1813595	S	1	0	1	0.0000052385
Campylobacter corcagiensis	1448857	S	1	0	1	0.0000052385
Campylobacter ornithocola	1848766	S	1	0	1	0.0000052385
Campylobacter insulaenigrae	260714	S	1	0	1	0.0000052385
Campylobacter armoricus	2505970	S	1	0	1	0.0000052385
Campylobacter coli	195	S	1	0	1	0.0000052385
Campylobacter gracilis	824	S	1	0	1	0.0000052385
Campylobacter fetus	196	S	1	0	1	0.0000052385
Campylobacter curvus	200	S	1	0	1	0.0000052385
Campylobacter showae	204	S	1	0	1	0.0000052385
Campylobacter ureolyticus	827	S	1	0	1	0.0000052385
Sulfurimonas sp. H1576	2672570	S	1	0	1	0.0000052385
Sulfurimonas paralvinellae	317658	S	1	0	1	0.0000052385
Helicobacter cholecystus	45498	S	1	0	1	0.0000052385
Helicobacter pullorum	35818	S	1	0	1	0.0000052385
Helicobacter hepaticus	32025	S	1	0	1	0.0000052385
Helicobacter felis	214	S	1	0	1	0.0000052385
Bdellovibrio exovorus	453816	S	1	0	1	0.0000052385
Halobacteriovorax marinus	97084	S	1	0	1	0.0000052385
Acidithiobacillus thiooxidans	930	S	1	0	1	0.0000052385
Microlunatus phosphovorus	29405	S	1	0	1	0.0000052385
Tessaracoccus flavus	1610493	S	1	0	1	0.0000052385
Tessaracoccus sp. MC1865	2760310	S	1	0	1	0.0000052385
Nocardioides sp. HY056	2500546	S	1	0	1	0.0000052385
Nocardioides sp. zg-579	2663857	S	1	0	1	0.0000052385
Nocardioides ungokensis	1643322	S	1	0	1	0.0000052385
Aeromicrobium erythreum	2041	S	1	0	1	0.0000052385
Actinopolymorpha singaporensis	117157	S	1	0	1	0.0000052385
Rhodococcus jostii	132919	S	1	0	1	0.0000052385
Corynebacterium sp. zg-917	2763010	S	1	0	1	0.0000052385
Corynebacterium sp. sy039	2599641	S	1	0	1	0.0000052385
Corynebacterium rouxii	2719119	S	1	0	1	0.0000052385
Corynebacterium pseudopelargi	2080757	S	1	0	1	0.0000052385
Corynebacterium doosanense	1121358	S	1	0	1	0.0000052385
Corynebacterium frankenforstense	1230998	S	1	0	1	0.0000052385
Corynebacterium liangguodongii	2079535	S	1	0	1	0.0000052385
Corynebacterium crudilactis	1652495	S	1	0	1	0.0000052385
Corynebacterium provencense	1737425	S	1	0	1	0.0000052385
Corynebacterium geronticis	2079234	S	1	0	1	0.0000052385
Corynebacterium marinum	349751	S	1	0	1	0.0000052385
Corynebacterium argentoratense	42817	S	1	0	1	0.0000052385
Corynebacterium testudinoris	136857	S	1	0	1	0.0000052385
Corynebacterium phocae	161895	S	1	0	1	0.0000052385
Corynebacterium mustelae	571915	S	1	0	1	0.0000052385
Corynebacterium resistens	258224	S	1	0	1	0.0000052385
Mycolicibacterium confluentis	28047	S	1	0	1	0.0000052385
Mycolicibacterium aichiense	1799	S	1	0	1	0.0000052385
Mycolicibacterium sarraceniae	1534348	S	1	0	1	0.0000052385
Mycobacterium sp. JS623	212767	S	1	0	1	0.0000052385
Mycobacterium marseillense	701042	S	1	0	1	0.0000052385
Mycobacterium kubicae	120959	S	1	0	1	0.0000052385
Mycobacterium florentinum	292462	S	1	0	1	0.0000052385
Mycobacterium noviomagense	459858	S	1	0	1	0.0000052385
Mycobacterium riyadhense	486698	S	1	0	1	0.0000052385
Mycobacterium paraseoulense	590652	S	1	0	1	0.0000052385
Mycobacterium kansasii	1768	S	1	0	1	0.0000052385
Mycobacterium conspicuum	44010	S	1	0	1	0.0000052385
Mycobacterium branderi	43348	S	1	0	1	0.0000052385
Dietzia lutea	546160	S	1	0	1	0.0000052385
Microbacterium sp. HY82	2708079	S	1	0	1	0.0000052385
Microbacterium sp. Se63.02b	2709304	S	1	0	1	0.0000052385
Microbacterium sp. YJN-G	2763257	S	1	0	1	0.0000052385
Microbacterium sp. HY60	2769067	S	1	0	1	0.0000052385
Microbacterium sp. A18JL241	2782166	S	1	0	1	0.0000052385
Curtobacterium sp. MR_MD2014	1561023	S	1	0	1	0.0000052385
Curtobacterium sp. YC1	2795488	S	1	0	1	0.0000052385
Curtobacterium pusillum	69373	S	1	0	1	0.0000052385
Agromyces protaetiae	2509455	S	1	0	1	0.0000052385
Rathayibacter sp. VKM Ac-2760	2609253	S	1	0	1	0.0000052385
Rathayibacter iranicus	59737	S	1	0	1	0.0000052385
Rathayibacter toxicus	145458	S	1	0	1	0.0000052385
Leucobacter coleopterorum	2714933	S	1	0	1	0.0000052385
Salinibacterium sp. dk2585	2603292	S	1	0	1	0.0000052385
Clavibacter sp. DM1	2768071	S	1	0	1	0.0000052385
Agrococcus jejuensis	399736	S	1	0	1	0.0000052385
Agrococcus sp. SGAir0287	2070347	S	1	0	1	0.0000052385
Candidatus Aquiluna sp. UB-MaderosW2red	1855377	S	1	0	1	0.0000052385
Rhodoluna limnophila	232537	S	1	0	1	0.0000052385
Rhodoluna lacicola	529884	S	1	0	1	0.0000052385
Candidatus Rhodoluna planktonica	535712	S	1	0	1	0.0000052385
Plantibacter sp. PA-3-X8	2480625	S	1	0	1	0.0000052385
Cryobacterium sp. LW097	1978566	S	1	0	1	0.0000052385
Mycetocola sp. JXN-3	2116510	S	1	0	1	0.0000052385
Yimella sp. cx-51	2770551	S	1	0	1	0.0000052385
Kocuria sp. BT304	1702043	S	1	0	1	0.0000052385
Kocuria sp. TGY1127_2	2711328	S	1	0	1	0.0000052385
Kocuria sp. KD4	2719588	S	1	0	1	0.0000052385
Kocuria flava	446860	S	1	0	1	0.0000052385
Arthrobacter sp. KBS0702	2578107	S	1	0	1	0.0000052385
Arthrobacter sp. D5-1	1477518	S	1	0	1	0.0000052385
Arthrobacter citreus	1670	S	1	0	1	0.0000052385
Arthrobacter crystallopoietes	37928	S	1	0	1	0.0000052385
Rothia sp. ZJ932	2810516	S	1	0	1	0.0000052385
Pseudarthrobacter sp. NBSH8	2596911	S	1	0	1	0.0000052385
Pseudarthrobacter chlorophenolicus	85085	S	1	0	1	0.0000052385
Glutamicibacter arilaitensis	256701	S	1	0	1	0.0000052385
Tetrasphaera sp. HKS02	1813880	S	1	0	1	0.0000052385
Brevibacterium sp. WO024	2697563	S	1	0	1	0.0000052385
Brevibacterium sp. 'Marine'	2725563	S	1	0	1	0.0000052385
Brevibacterium siliguriense	1136497	S	1	0	1	0.0000052385
Cellulomonas shaoxiangyii	2566013	S	1	0	1	0.0000052385
Paraoerskovia marina	545619	S	1	0	1	0.0000052385
Devriesea agamarum	472569	S	1	0	1	0.0000052385
Cellulosimicrobium sp. BI34T	2587808	S	1	0	1	0.0000052385
Ornithinimicrobium sp. AMA3305	2283195	S	1	0	1	0.0000052385
Georgenia sp. Z294	2585135	S	1	0	1	0.0000052385
Miniimonas sp. S16	2171623	S	1	0	1	0.0000052385
Streptomyces sp. CB09001	2083284	S	1	0	1	0.0000052385
Streptomyces sp. Tu 2975	2676871	S	1	0	1	0.0000052385
Streptomyces sp. Z423-1	2730915	S	1	0	1	0.0000052385
Streptomyces sp. SUK 48	2582831	S	1	0	1	0.0000052385
Streptomyces sp. 3211	1964449	S	1	0	1	0.0000052385
Streptomyces sp. SYP-A7193	2662065	S	1	0	1	0.0000052385
Streptomyces sp. C8S0	2585716	S	1	0	1	0.0000052385
Streptomyces sp. NEAU-S7GS2	2202000	S	1	0	1	0.0000052385
Streptomyces sp. CB04723	2748873	S	1	0	1	0.0000052385
Streptomyces sp. YIM 121038	2136401	S	1	0	1	0.0000052385
Streptomyces sp. NHF165	2175864	S	1	0	1	0.0000052385
Streptomyces sp. HM190	2695266	S	1	0	1	0.0000052385
Streptomyces sp. QMT-12	2717324	S	1	0	1	0.0000052385
Streptomyces sp. M56	1495638	S	1	0	1	0.0000052385
Streptomyces sp. S4.7	2705439	S	1	0	1	0.0000052385
Streptomyces sp. JB150	2714844	S	1	0	1	0.0000052385
Streptomyces sp. fd1-xmd	1812480	S	1	0	1	0.0000052385
Streptomyces sp. ADI95-16	1522758	S	1	0	1	0.0000052385
Streptomyces sp. Tue 6075	1661694	S	1	0	1	0.0000052385
Streptomyces sp. CFMR 7	1649184	S	1	0	1	0.0000052385
Streptomyces globisporus	1908	S	1	0	1	0.0000052385
Streptomyces clavuligerus	1901	S	1	0	1	0.0000052385
Streptomyces parvulus	146923	S	1	0	1	0.0000052385
Streptomyces koyangensis	188770	S	1	0	1	0.0000052385
Streptomyces roseochromogenus	285450	S	1	0	1	0.0000052385
Streptomyces californicus	67351	S	1	0	1	0.0000052385
Streptomyces cacaoi	1898	S	1	0	1	0.0000052385
Streptomyces vietnamensis	362257	S	1	0	1	0.0000052385
Streptomyces vinaceus	1960	S	1	0	1	0.0000052385
Streptomyces xiamenensis	408015	S	1	0	1	0.0000052385
Streptomyces hundungensis	1077946	S	1	0	1	0.0000052385
Streptomyces armeniacus	83291	S	1	0	1	0.0000052385
Streptomyces luteoverticillatus	66425	S	1	0	1	0.0000052385
Streptomyces aureoverticillatus	66871	S	1	0	1	0.0000052385
Streptomyces gardneri	66892	S	1	0	1	0.0000052385
Streptomyces albulus	68570	S	1	0	1	0.0000052385
Streptomyces albus	1888	S	1	0	1	0.0000052385
Streptomyces lincolnensis	1915	S	1	0	1	0.0000052385
Streptomyces ambofaciens	1889	S	1	0	1	0.0000052385
Streptomyces hawaiiensis	67305	S	1	0	1	0.0000052385
Streptomyces griseochromogenes	68214	S	1	0	1	0.0000052385
Streptomyces cadmiisoli	2184053	S	1	0	1	0.0000052385
Streptomyces tirandamycinicus	2174846	S	1	0	1	0.0000052385
Kitasatospora sp. MMS16-BH015	2018025	S	1	0	1	0.0000052385
Amycolatopsis orientalis	31958	S	1	0	1	0.0000052385
Saccharopolyspora erythraea	1836	S	1	0	1	0.0000052385
Saccharopolyspora spinosa	60894	S	1	0	1	0.0000052385
Saccharopolyspora coralli	2665642	S	1	0	1	0.0000052385
Micromonospora sp. HM134	2583243	S	1	0	1	0.0000052385
Micromonospora sp. WMMC415	2675222	S	1	0	1	0.0000052385
Micromonospora purpureochromogenes	47872	S	1	0	1	0.0000052385
Micromonospora siamensis	299152	S	1	0	1	0.0000052385
Micromonospora chokoriensis	356851	S	1	0	1	0.0000052385
Micromonospora echinospora	1877	S	1	0	1	0.0000052385
Plantactinospora sp. BC1	2108470	S	1	0	1	0.0000052385
Actinomyces sp. ZJ34	2722820	S	1	0	1	0.0000052385
Actinomyces naeslundii	1655	S	1	0	1	0.0000052385
Schaalia sp. ZJ405	2709403	S	1	0	1	0.0000052385
Arcanobacterium sp. JY-X040	2758440	S	1	0	1	0.0000052385
Actinotignum schaalii	59505	S	1	0	1	0.0000052385
Fannyhessea vaginae	82135	S	1	0	1	0.0000052385
Candidatus Nanopelagicus hibericus	1884915	S	1	0	1	0.0000052385
Candidatus Nanopelagicus abundans	1884916	S	1	0	1	0.0000052385
Bifidobacterium angulatum	1683	S	1	0	1	0.0000052385
Bifidobacterium catenulatum	1686	S	1	0	1	0.0000052385
Bifidobacterium pseudolongum	1694	S	1	0	1	0.0000052385
Bifidobacterium animalis	28025	S	1	0	1	0.0000052385
Bifidobacterium scardovii	158787	S	1	0	1	0.0000052385
Frankia alni	1859	S	1	0	1	0.0000052385
Nakamurella sp. s14-144	1902245	S	1	0	1	0.0000052385
Acidimicrobium ferrooxidans	53635	S	1	0	1	0.0000052385
Gordonibacter urolithinfaciens	1335613	S	1	0	1	0.0000052385
Eggerthella sp. HF-1101	2690837	S	1	0	1	0.0000052385
Berryella intestinalis	1531429	S	1	0	1	0.0000052385
Olsenella umbonata	604330	S	1	0	1	0.0000052385
Lancefieldella parvula	1382	S	1	0	1	0.0000052385
Collinsella aerofaciens	74426	S	1	0	1	0.0000052385
Priestia flexa	86664	S	1	0	1	0.0000052385
Bacillus mycoides	1405	S	1	0	1	0.0000052385
Bacillus albus	2026189	S	1	0	1	0.0000052385
Bacillus sp. BD59S	2499213	S	1	0	1	0.0000052385
Bacillus sp. M4U3P1	2592382	S	1	0	1	0.0000052385
Bacillus sp. N1-1	2682541	S	1	0	1	0.0000052385
Bacillus sp. PAMC26568	2760090	S	1	0	1	0.0000052385
Bacillus sp. FJAT-42376	2014076	S	1	0	1	0.0000052385
Bacillus sp. 1NLA3E	666686	S	1	0	1	0.0000052385
Bacillus sp. V3	2795526	S	1	0	1	0.0000052385
Bacillus sp. S3	486398	S	1	0	1	0.0000052385
Bacillus weihaiensis	1547283	S	1	0	1	0.0000052385
Bacillus gobiensis	1441095	S	1	0	1	0.0000052385
Bacillus beveridgei	632773	S	1	0	1	0.0000052385
Bacillus safensis	561879	S	1	0	1	0.0000052385
Bacillus infantis	324767	S	1	0	1	0.0000052385
Bacillus altitudinis	293387	S	1	0	1	0.0000052385
Bacillus haynesii	1925021	S	1	0	1	0.0000052385
Bacillus cellulosilyticus	1413	S	1	0	1	0.0000052385
Bacillus pumilus	1408	S	1	0	1	0.0000052385
Lysinibacillus sp. SGAir0095	2070463	S	1	0	1	0.0000052385
Lysinibacillus sp. YS11	2072025	S	1	0	1	0.0000052385
Alkalihalobacillus pseudofirmus	79885	S	1	0	1	0.0000052385
Alkalihalobacillus krulwichiae	199441	S	1	0	1	0.0000052385
Alkalihalobacillus miscanthi	2598861	S	1	0	1	0.0000052385
Salicibibacter sp. NKC21-4	2743001	S	1	0	1	0.0000052385
Metabacillus litoralis	152268	S	1	0	1	0.0000052385
Neobacillus mesonae	1193713	S	1	0	1	0.0000052385
Cytobacillus kochii	859143	S	1	0	1	0.0000052385
Pontibacillus sp. HMF3514	2692425	S	1	0	1	0.0000052385
Halobacillus litoralis	45668	S	1	0	1	0.0000052385
Halobacillus mangrovi	402384	S	1	0	1	0.0000052385
Anaerobacillus isosaccharinicus	1532552	S	1	0	1	0.0000052385
Pradoshia sp. D12	2651284	S	1	0	1	0.0000052385
Terribacillus goriensis	386490	S	1	0	1	0.0000052385
Staphylococcus schweitzeri	1654388	S	1	0	1	0.0000052385
Staphylococcus pseudoxylosus	2282419	S	1	0	1	0.0000052385
Staphylococcus carnosus	1281	S	1	0	1	0.0000052385
Staphylococcus felis	46127	S	1	0	1	0.0000052385
Staphylococcus kloosii	29384	S	1	0	1	0.0000052385
Staphylococcus arlettae	29378	S	1	0	1	0.0000052385
Macrococcus canis	1855823	S	1	0	1	0.0000052385
Paenibacillus sp. HB172198	2565926	S	1	0	1	0.0000052385
Paenibacillus sp. JZ16	1906272	S	1	0	1	0.0000052385
Paenibacillus sp. E222	2748863	S	1	0	1	0.0000052385
Paenibacillus sp. BIHB4019	1870819	S	1	0	1	0.0000052385
Paenibacillus sp. 32O-W	1695218	S	1	0	1	0.0000052385
Paenibacillus sp. 37	2607911	S	1	0	1	0.0000052385
Paenibacillus psychroresistens	1778678	S	1	0	1	0.0000052385
Paenibacillus ihbetae	1870820	S	1	0	1	0.0000052385
Paenibacillus lentus	1338368	S	1	0	1	0.0000052385
Paenibacillus beijingensis	1126833	S	1	0	1	0.0000052385
Paenibacillus sabinae	365617	S	1	0	1	0.0000052385
Paenibacillus lutimineralis	2707005	S	1	0	1	0.0000052385
Paenibacillus terrae	159743	S	1	0	1	0.0000052385
Paenibacillus alvei	44250	S	1	0	1	0.0000052385
Brevibacillus brevis	1393	S	1	0	1	0.0000052385
Cohnella sp. KS 22	2598458	S	1	0	1	0.0000052385
Thermobacillus composti	377615	S	1	0	1	0.0000052385
Aneurinibacillus soli	1500254	S	1	0	1	0.0000052385
Saccharibacillus brassicae	2583377	S	1	0	1	0.0000052385
Tumebacillus algifaecis	1214604	S	1	0	1	0.0000052385
Kyrpidia spormannii	2055160	S	1	0	1	0.0000052385
Effusibacillus sp. skT53	2743772	S	1	0	1	0.0000052385
Planococcus dechangensis	1176255	S	1	0	1	0.0000052385
Sporosarcina pasteurii	1474	S	1	0	1	0.0000052385
Sporosarcina ureae	1571	S	1	0	1	0.0000052385
Ureibacillus thermosphaericus	51173	S	1	0	1	0.0000052385
Ureibacillus thermophilus	367743	S	1	0	1	0.0000052385
Rummeliibacillus stabekisii	241244	S	1	0	1	0.0000052385
Paenisporosarcina sp. K2R23-3	2320858	S	1	0	1	0.0000052385
Exiguobacterium sibiricum	332410	S	1	0	1	0.0000052385
Listeria ivanovii	1638	S	1	0	1	0.0000052385
Novibacillus thermophilus	1471761	S	1	0	1	0.0000052385
Streptococcus sp. 116-D4	2598453	S	1	0	1	0.0000052385
Streptococcus sp. HSISM1	1316408	S	1	0	1	0.0000052385
Streptococcus sp. oral taxon 431	712633	S	1	0	1	0.0000052385
Streptococcus intermedius	1338	S	1	0	1	0.0000052385
Streptococcus vestibularis	1343	S	1	0	1	0.0000052385
Streptococcus gallolyticus	315405	S	1	0	1	0.0000052385
Streptococcus iniae	1346	S	1	0	1	0.0000052385
Streptococcus uberis	1349	S	1	0	1	0.0000052385
Streptococcus respiraculi	2021971	S	1	0	1	0.0000052385
Streptococcus cristatus	45634	S	1	0	1	0.0000052385
Streptococcus parasanguinis	1318	S	1	0	1	0.0000052385
Lactococcus raffinolactis	1366	S	1	0	1	0.0000052385
Lactobacillus ultunensis	227945	S	1	0	1	0.0000052385
Lactobacillus sp. wkB8	1545702	S	1	0	1	0.0000052385
Lactobacillus kullabergensis	1218493	S	1	0	1	0.0000052385
Lactobacillus kefiranofaciens	267818	S	1	0	1	0.0000052385
Lactobacillus crispatus	47770	S	1	0	1	0.0000052385
Lactobacillus johnsonii	33959	S	1	0	1	0.0000052385
Lactobacillus amylovorus	1604	S	1	0	1	0.0000052385
Paucilactobacillus oligofermentans	293371	S	1	0	1	0.0000052385
Weissella confusa	1583	S	1	0	1	0.0000052385
Weissella hellenica	46256	S	1	0	1	0.0000052385
Weissella koreensis	165096	S	1	0	1	0.0000052385
Latilactobacillus sakei	1599	S	1	0	1	0.0000052385
Lactiplantibacillus pentosus	1589	S	1	0	1	0.0000052385
Companilactobacillus alimentarius	1602	S	1	0	1	0.0000052385
Companilactobacillus farciminis	1612	S	1	0	1	0.0000052385
Companilactobacillus futsaii	938155	S	1	0	1	0.0000052385
Companilactobacillus allii	1847728	S	1	0	1	0.0000052385
Companilactobacillus zhachilii	2304606	S	1	0	1	0.0000052385
Lacticaseibacillus casei	1582	S	1	0	1	0.0000052385
Levilactobacillus zymae	267363	S	1	0	1	0.0000052385
Oenococcus oeni	1247	S	1	0	1	0.0000052385
Oenococcus sicerae	2203724	S	1	0	1	0.0000052385
Liquorilactobacillus nagelii	82688	S	1	0	1	0.0000052385
Liquorilactobacillus hordei	468911	S	1	0	1	0.0000052385
Lentilactobacillus buchneri	1581	S	1	0	1	0.0000052385
Schleiferilactobacillus harbinensis	304207	S	1	0	1	0.0000052385
Lapidilactobacillus dextrinicus	51664	S	1	0	1	0.0000052385
Bombilactobacillus bombi	1303590	S	1	0	1	0.0000052385
Pediococcus damnosus	51663	S	1	0	1	0.0000052385
Enterococcus faecium	1352	S	1	0	1	0.0000052385
Enterococcus durans	53345	S	1	0	1	0.0000052385
Enterococcus mundtii	53346	S	1	0	1	0.0000052385
Enterococcus rotai	118060	S	1	0	1	0.0000052385
Enterococcus sp. M190262	2582830	S	1	0	1	0.0000052385
Vagococcus carniphilus	218144	S	1	0	1	0.0000052385
Vagococcus penaei	633807	S	1	0	1	0.0000052385
Vagococcus zengguangii	2571750	S	1	0	1	0.0000052385
Jeotgalibaca dankookensis	708126	S	1	0	1	0.0000052385
Carnobacterium maltaromaticum	2751	S	1	0	1	0.0000052385
Aerococcus urinae	1376	S	1	0	1	0.0000052385
Aerococcus christensenii	87541	S	1	0	1	0.0000052385
Clostridium sp. AWRP	2212991	S	1	0	1	0.0000052385
Clostridium sp. 'deep sea'	2779445	S	1	0	1	0.0000052385
Clostridium scatologenes	1548	S	1	0	1	0.0000052385
Clostridium thermarum	1716543	S	1	0	1	0.0000052385
Clostridium bornimense	1216932	S	1	0	1	0.0000052385
Clostridium drakei	332101	S	1	0	1	0.0000052385
Clostridium isatidis	182773	S	1	0	1	0.0000052385
Clostridium aceticum	84022	S	1	0	1	0.0000052385
Clostridium chauvoei	46867	S	1	0	1	0.0000052385
Clostridium novyi	1542	S	1	0	1	0.0000052385
Caloramator sp. E03	2576307	S	1	0	1	0.0000052385
Caloranaerobacter azorensis	116090	S	1	0	1	0.0000052385
Geosporobacter ferrireducens	1424294	S	1	0	1	0.0000052385
Anaerocolumna cellulosilytica	433286	S	1	0	1	0.0000052385
[Clostridium] hylemonae	89153	S	1	0	1	0.0000052385
[Ruminococcus] gnavus	33038	S	1	0	1	0.0000052385
Butyrivibrio fibrisolvens	831	S	1	0	1	0.0000052385
Anaerotignum propionicum	28446	S	1	0	1	0.0000052385
Lachnospira eligens	39485	S	1	0	1	0.0000052385
Acetivibrio clariflavus	288965	S	1	0	1	0.0000052385
Ruminiclostridium cellulolyticum	1521	S	1	0	1	0.0000052385
Acutalibacter muris	1796620	S	1	0	1	0.0000052385
Filifactor alocis	143361	S	1	0	1	0.0000052385
Carboxydocella thermautotrophica	178899	S	1	0	1	0.0000052385
Flintibacter sp. KGMB00164	2610895	S	1	0	1	0.0000052385
Massilistercora timonensis	2086584	S	1	0	1	0.0000052385
Desulfotomaculum ruminis	1564	S	1	0	1	0.0000052385
Desulfosporosinus acidiphilus	885581	S	1	0	1	0.0000052385
Syntrophobotulus glycolicus	51197	S	1	0	1	0.0000052385
Thermincola potens	863643	S	1	0	1	0.0000052385
Acetobacterium woodii	33952	S	1	0	1	0.0000052385
Eubacterium limosum	1736	S	1	0	1	0.0000052385
Eubacterium sp. NSJ-61	2764325	S	1	0	1	0.0000052385
Heliobacterium modesticaldum	35701	S	1	0	1	0.0000052385
Heliorestis convoluta	356322	S	1	0	1	0.0000052385
Caldicellulosiruptor kristjanssonii	52765	S	1	0	1	0.0000052385
Caldicellulosiruptor sp. YA01	2806205	S	1	0	1	0.0000052385
Thermoanaerobacterium sp. RBIITD	1550240	S	1	0	1	0.0000052385
Moorella thermoacetica	1525	S	1	0	1	0.0000052385
Thermacetogenium phaeum	85874	S	1	0	1	0.0000052385
Halothermothrix orenii	31909	S	1	0	1	0.0000052385
Halocella sp. SP3-1	2382161	S	1	0	1	0.0000052385
Natranaerobius thermophilus	375929	S	1	0	1	0.0000052385
Selenomonas sp. oral taxon 920	1884263	S	1	0	1	0.0000052385
Pelosinus fermentans	365349	S	1	0	1	0.0000052385
Methylomusa anaerophila	1930071	S	1	0	1	0.0000052385
Megasphaera elsdenii	907	S	1	0	1	0.0000052385
Schnuerera ultunensis	45497	S	1	0	1	0.0000052385
Ezakiella massiliensis	1852374	S	1	0	1	0.0000052385
Erysipelatoclostridium ramosum	1547	S	1	0	1	0.0000052385
Erysipelothrix larvae	1514105	S	1	0	1	0.0000052385
Nostoc sp. PCC 7107	317936	S	1	0	1	0.0000052385
Nostoc sp. UHCC 0702	2814655	S	1	0	1	0.0000052385
Nostoc piscinale	224012	S	1	0	1	0.0000052385
Calothrix parietina	32054	S	1	0	1	0.0000052385
Cylindrospermopsis curvispora	747548	S	1	0	1	0.0000052385
Anabaenopsis elenkinii	156213	S	1	0	1	0.0000052385
Raphidiopsis curvata	312883	S	1	0	1	0.0000052385
Microcoleus sp. PCC 7113	1173027	S	1	0	1	0.0000052385
Oxynema sp. AP17	2064643	S	1	0	1	0.0000052385
Geitlerinema sp. PCC 7407	1173025	S	1	0	1	0.0000052385
Microcystis sp. MC19	1967666	S	1	0	1	0.0000052385
Euhalothece natronophila	577489	S	1	0	1	0.0000052385
Candidatus Atelocyanobacterium thalassa	713887	S	1	0	1	0.0000052385
Rippkaea orientalis	2546366	S	1	0	1	0.0000052385
Synechococcus sp. PROS-U-1	1400866	S	1	0	1	0.0000052385
Synechococcus sp. BIOS-E4-1	1400864	S	1	0	1	0.0000052385
Synechococcus sp. KORDI-100	1280380	S	1	0	1	0.0000052385
Synechococcus sp. PCC 7003	374981	S	1	0	1	0.0000052385
Synechococcus sp. RS9909	221352	S	1	0	1	0.0000052385
Synechococcus sp. PCC 6312	195253	S	1	0	1	0.0000052385
Synechococcus sp. WH 8101	59932	S	1	0	1	0.0000052385
Cyanobium sp. NS01	261284	S	1	0	1	0.0000052385
Thermosynechococcus vulcanus	32053	S	1	0	1	0.0000052385
Thermosynechococcus elongatus	146786	S	1	0	1	0.0000052385
Gloeobacter kilaueensis	1416614	S	1	0	1	0.0000052385
Meiothermus ruber	277	S	1	0	1	0.0000052385
Thermus aquaticus	271	S	1	0	1	0.0000052385
Deinococcus gobiensis	502394	S	1	0	1	0.0000052385
Deinococcus peraridilitoris	432329	S	1	0	1	0.0000052385
Deinococcus radiodurans	1299	S	1	0	1	0.0000052385
Mycoplasma sp. (ex Biomphalaria glabrata)	1749074	S	1	0	1	0.0000052385
Mycoplasma sp. NEAQ87857	2683967	S	1	0	1	0.0000052385
Mycoplasma mycoides	2102	S	1	0	1	0.0000052385
Mycoplasma leachii	2105	S	1	0	1	0.0000052385
Mycoplasma canadense	29554	S	1	0	1	0.0000052385
Mycoplasma hominis	2098	S	1	0	1	0.0000052385
Mycoplasma mobile	2118	S	1	0	1	0.0000052385
Mycoplasma citelli	171281	S	1	0	1	0.0000052385
Mycoplasma gallopavonis	76629	S	1	0	1	0.0000052385
Ureaplasma parvum	134821	S	1	0	1	0.0000052385
Candidatus Hepatoplasma crinochetorum	295596	S	1	0	1	0.0000052385
Spiroplasma corruscae	216934	S	1	0	1	0.0000052385
Spiroplasma sp. BIUS-1	216964	S	1	0	1	0.0000052385
Spiroplasma cantharicola	362837	S	1	0	1	0.0000052385
Spiroplasma diminutum	216936	S	1	0	1	0.0000052385
Spiroplasma culicicola	216935	S	1	0	1	0.0000052385
Spiroplasma chrysopicola	216933	S	1	0	1	0.0000052385
Spiroplasma apis	2137	S	1	0	1	0.0000052385
Mesoplasma chauliocola	216427	S	1	0	1	0.0000052385
Mesoplasma tabanidae	219745	S	1	0	1	0.0000052385
Candidatus Phytoplasma mali	37692	S	1	0	1	0.0000052385
Acholeplasma palmae	38986	S	1	0	1	0.0000052385
Candidatus Izimaplasma sp. HR1	1541959	S	1	0	1	0.0000052385
Roseiflexus sp. RS-1	357808	S	1	0	1	0.0000052385
Sphaerobacter thermophilus	2057	S	1	0	1	0.0000052385
Dehalogenimonas sp. GP	1536648	S	1	0	1	0.0000052385
Dehalococcoides mccartyi	61435	S	1	0	1	0.0000052385
Thermobaculum terrenum	166501	S	1	0	1	0.0000052385
Anaerolinea sp. 'rifampicinis'	2710758	S	1	0	1	0.0000052385
Chthonomonas calidirosea	454171	S	1	0	1	0.0000052385
Fimbriimonas ginsengisoli	1005039	S	1	0	1	0.0000052385
Polaribacter sp. L12M9	2738844	S	1	0	1	0.0000052385
Polaribacter haliotis	1888915	S	1	0	1	0.0000052385
Myroides sp. A21	1583100	S	1	0	1	0.0000052385
Capnocytophaga haemolytica	45243	S	1	0	1	0.0000052385
Winogradskyella helgolandensis	2697010	S	1	0	1	0.0000052385
Tenacibaculum sp. SZ-18	754423	S	1	0	1	0.0000052385
Nonlabens spongiae	331648	S	1	0	1	0.0000052385
Formosa sp. Hel3_A1_48	1336795	S	1	0	1	0.0000052385
Gramella echinicola	279359	S	1	0	1	0.0000052385
Maribacter sp. HTCC2170	313603	S	1	0	1	0.0000052385
Maribacter sp. MJ134	2496865	S	1	0	1	0.0000052385
Maribacter cobaltidurans	1178778	S	1	0	1	0.0000052385
Aquimarina sp. AD1	1714848	S	1	0	1	0.0000052385
Psychroflexus sp. ALD_RP9	2777186	S	1	0	1	0.0000052385
Muricauda ruestringensis	111501	S	1	0	1	0.0000052385
Antarcticibacterium flavum	2058175	S	1	0	1	0.0000052385
Altibacter sp. ALE3EI	2562285	S	1	0	1	0.0000052385
Euzebyella marina	1761453	S	1	0	1	0.0000052385
Lutibacter profundi	1622118	S	1	0	1	0.0000052385
Apibacter sp. B3706	2656760	S	1	0	1	0.0000052385
Bergeyella cardium	1585976	S	1	0	1	0.0000052385
Blattabacterium sp. (Blattella germanica)	624186	S	1	0	1	0.0000052385
Candidatus Walczuchella monophlebidarum	1415657	S	1	0	1	0.0000052385
Pedobacter sp.	1411316	S	1	0	1	0.0000052385
Sphingobacterium sp. ML3W	1538644	S	1	0	1	0.0000052385
Hymenobacter sp. DG25A	1385663	S	1	0	1	0.0000052385
Hymenobacter sp. DG25B	1385664	S	1	0	1	0.0000052385
Hymenobacter sp. BRD128	2675878	S	1	0	1	0.0000052385
Hymenobacter sp. S2-20-2	2761579	S	1	0	1	0.0000052385
Hymenobacter baengnokdamensis	2615203	S	1	0	1	0.0000052385
Pontibacter actiniarum	323450	S	1	0	1	0.0000052385
Pontibacter korlensis	400092	S	1	0	1	0.0000052385
Rufibacter radiotolerans	1379910	S	1	0	1	0.0000052385
Rufibacter sp. DG15C	1379909	S	1	0	1	0.0000052385
Nibribacter ruber	2698458	S	1	0	1	0.0000052385
Echinicola vietnamensis	390884	S	1	0	1	0.0000052385
Candidatus Cardinium hertigii	247481	S	1	0	1	0.0000052385
Bacteroides uniformis	820	S	1	0	1	0.0000052385
Bacteroides eggerthii	28111	S	1	0	1	0.0000052385
Bacteroides heparinolyticus	28113	S	1	0	1	0.0000052385
Bacteroides intestinalis	329854	S	1	0	1	0.0000052385
Prevotella sp. oral taxon 299	652716	S	1	0	1	0.0000052385
Prevotella oris	28135	S	1	0	1	0.0000052385
Alistipes indistinctus	626932	S	1	0	1	0.0000052385
Dysgonomonas sp. HDW5A	2714926	S	1	0	1	0.0000052385
Petrimonas mucosa	1642646	S	1	0	1	0.0000052385
Parabacteroides goldsteinii	328812	S	1	0	1	0.0000052385
Butyricimonas virosa	544645	S	1	0	1	0.0000052385
Sodaliphilus pleomorphus	2606626	S	1	0	1	0.0000052385
Labilibaculum antarcticum	1717717	S	1	0	1	0.0000052385
Saprospira grandis	1008	S	1	0	1	0.0000052385
Chlorobium limicola	1092	S	1	0	1	0.0000052385
Prosthecochloris aestuarii	1102	S	1	0	1	0.0000052385
Candidatus Cyclonatronum proteinivorum	1457365	S	1	0	1	0.0000052385
Candidatus Cloacimonas acidaminovorans	456827	S	1	0	1	0.0000052385
Gimesia aquarii	2527964	S	1	0	1	0.0000052385
Polystyrenella longa	2528007	S	1	0	1	0.0000052385
Rhodopirellula baltica	265606	S	1	0	1	0.0000052385
Poriferisphaera corsica	2528020	S	1	0	1	0.0000052385
Methylacidimicrobium sp. AP8	2730359	S	1	0	1	0.0000052385
Candidatus Xiphinematobacter sp. Idaho Grape	1704307	S	1	0	1	0.0000052385
Chlamydia trachomatis	813	S	1	0	1	0.0000052385
Chlamydia pneumoniae	83558	S	1	0	1	0.0000052385
Chlamydia pecorum	85991	S	1	0	1	0.0000052385
Chlamydia avium	1457141	S	1	0	1	0.0000052385
Chlamydia gallinacea	1457153	S	1	0	1	0.0000052385
Thermotomaculum hydrothermale	981385	S	1	0	1	0.0000052385
Chloracidobacterium thermophilum	458033	S	1	0	1	0.0000052385
Treponema succinifaciens	167	S	1	0	1	0.0000052385
Treponema putidum	221027	S	1	0	1	0.0000052385
Sediminispirochaeta smaragdinae	55206	S	1	0	1	0.0000052385
Borreliella bissettiae	64897	S	1	0	1	0.0000052385
Borreliella mayonii	1674146	S	1	0	1	0.0000052385
Candidatus Borrelia tachyglossi	1964448	S	1	0	1	0.0000052385
Borrelia sp. A-FGy1	2608247	S	1	0	1	0.0000052385
Leptospira borgpetersenii	174	S	1	0	1	0.0000052385
Leptospira santarosai	28183	S	1	0	1	0.0000052385
Fusobacterium sp. oral taxon 203	671211	S	1	0	1	0.0000052385
Fusobacterium gonidiaformans	849	S	1	0	1	0.0000052385
Fusobacterium mortiferum	850	S	1	0	1	0.0000052385
Leptotrichia trevisanii	109328	S	1	0	1	0.0000052385
Leptotrichia hofstadii	157688	S	1	0	1	0.0000052385
Leptotrichia hongkongensis	554406	S	1	0	1	0.0000052385
Sneathia vaginalis	187101	S	1	0	1	0.0000052385
Thermocrinis albus	136094	S	1	0	1	0.0000052385
Sulfurihydrogenibium azorense	309806	S	1	0	1	0.0000052385
Petrotoga mobilis	69499	S	1	0	1	0.0000052385
Thermosipho sp. FR-w03	2814656	S	1	0	1	0.0000052385
Pseudothermotoga thermarum	119394	S	1	0	1	0.0000052385
Candidatus Bipolaricaulis anaerobius	2026885	S	1	0	1	0.0000052385
Nitrospira sp. KM1	1936990	S	1	0	1	0.0000052385
Aminomonas paucivorans	81412	S	1	0	1	0.0000052385
Jonquetella anthropi	428712	S	1	0	1	0.0000052385
Thermodesulfobacterium commune	1741	S	1	0	1	0.0000052385
Candidatus Endomicrobium trichonymphae	1408204	S	1	0	1	0.0000052385
Dictyoglomus turgidum	513050	S	1	0	1	0.0000052385
Halorientalis sp. IM1011	1932360	S	1	0	1	0.0000052385
Halorussus sp. ZS-3	2650975	S	1	0	1	0.0000052385
Salarchaeum sp. JOR-1	2599399	S	1	0	1	0.0000052385
Haloterrigena sp. KZCA68	2816475	S	1	0	1	0.0000052385
Haloterrigena salifodinae	2675099	S	1	0	1	0.0000052385
Natrinema versiforme	88724	S	1	0	1	0.0000052385
Halopiger xanaduensis	387343	S	1	0	1	0.0000052385
Halorubrum sp. RHB-C	2739057	S	1	0	1	0.0000052385
Halorubrum ezzemoulense	337243	S	1	0	1	0.0000052385
Halobonum sp. Gai3-2	2743090	S	1	0	1	0.0000052385
Halolamina sp. CBA1230	1853690	S	1	0	1	0.0000052385
Halopenitus persicus	1048396	S	1	0	1	0.0000052385
Haloquadratum walsbyi	293091	S	1	0	1	0.0000052385
Methanosarcina sp. MTP4	1434100	S	1	0	1	0.0000052385
Methanohalobium evestigatum	2322	S	1	0	1	0.0000052385
Methanoculleus bourgensis	83986	S	1	0	1	0.0000052385
Methanofollis liminatans	2201	S	1	0	1	0.0000052385
Methanocorpusculum labreanum	83984	S	1	0	1	0.0000052385
Methanobrevibacter sp. AbM4	224719	S	1	0	1	0.0000052385
Methanobrevibacter ruminantium	83816	S	1	0	1	0.0000052385
Methanosphaera stadtmanae	2317	S	1	0	1	0.0000052385
Methanothermus fervidus	2180	S	1	0	1	0.0000052385
Methanocaldococcus sp. FS406-22	644281	S	1	0	1	0.0000052385
Thermococcus pacificus	71998	S	1	0	1	0.0000052385
Thermococcus sibiricus	172049	S	1	0	1	0.0000052385
Archaeoglobus veneficus	58290	S	1	0	1	0.0000052385
Candidatus Nitrosopumilus koreensis	1510466	S	1	0	1	0.0000052385
Nitrosopumilus adriaticus	1580092	S	1	0	1	0.0000052385
Candidatus Nitrosotenuis aquarius	1846278	S	1	0	1	0.0000052385
Candidatus Nitrosotalea okcheonensis	1903276	S	1	0	1	0.0000052385
Candidatus Nitrosopelagicus brevis	1410606	S	1	0	1	0.0000052385
Candidatus Nitrosocosmicus hydrocola	1826872	S	1	0	1	0.0000052385
Nitrososphaera viennensis	1034015	S	1	0	1	0.0000052385
Acidianus ambivalens	2283	S	1	0	1	0.0000052385
Metallosphaera hakonensis	79601	S	1	0	1	0.0000052385
Sulfurisphaera tokodaii	111955	S	1	0	1	0.0000052385
Pyrobaculum aerophilum	13773	S	1	0	1	0.0000052385
Vulcanisaeta moutnovskia	985052	S	1	0	1	0.0000052385
Staphylothermus marinus	2280	S	1	0	1	0.0000052385
Pseudomonas phage PS-1	1573458	S	1	0	1	0.0000052385
Arthrobacter phage TripleJ	2599838	S	1	0	1	0.0000052385
Gordonia phage GMA4	1647471	S	1	0	1	0.0000052385
Salicola phage CGphi29	754067	S	1	0	1	0.0000052385
Idiomarinaceae phage 1N2-2	1536592	S	1	0	1	0.0000052385
Propionibacterium phage BruceLethal	1654740	S	1	0	1	0.0000052385
Propionibacterium virus PHL092M00	1982282	S	1	0	1	0.0000052385
Propionibacterium virus PAD20	1982271	S	1	0	1	0.0000052385
Propionibacterium virus P1.1	1982264	S	1	0	1	0.0000052385
Polaribacter virus P12002L	1982245	S	1	0	1	0.0000052385
Pseudomonas virus PaMx25	1982241	S	1	0	1	0.0000052385
Xanthomonas phage Xoo-sp2	1852622	S	1	0	1	0.0000052385
Arthrobacter virus Laroye	1982087	S	1	0	1	0.0000052385
Arthrobacter virus Maja	2734249	S	1	0	1	0.0000052385
Rhizobium phage RHEph10	1220717	S	1	0	1	0.0000052385
Gordonia virus GAL1	2560493	S	1	0	1	0.0000052385
Pseudoalteromonas phage HP1	1357706	S	1	0	1	0.0000052385
Stenotrophomonas phage Pokken	2596674	S	1	0	1	0.0000052385
Dunaliella viridis virus SI2	754069	S	1	0	1	0.0000052385
Sulfitobacter phage EE36phi1	490913	S	1	0	1	0.0000052385
Staphylococcus virus CSA13	2732597	S	1	0	1	0.0000052385
Staphylococcus virus Andhra	2732591	S	1	0	1	0.0000052385
Sphingomonas phage PAU	1150991	S	1	0	1	0.0000052385
Prochlorococcus phage P-TIM68	1542477	S	1	0	1	0.0000052385
Mycobacterium phage Myrna	546805	S	1	0	1	0.0000052385
Escherichia phage nieznany	2696432	S	1	0	1	0.0000052385
Prochlorococcus virus PSSM7	2734127	S	1	0	1	0.0000052385
Synechococcus phage S-SM2	444860	S	1	0	1	0.0000052385
Klebsiella virus RaK2	2560545	S	1	0	1	0.0000052385
Ralstonia virus RSJ2	2733594	S	1	0	1	0.0000052385
Xanthomonas virus Xc10	2733952	S	1	0	1	0.0000052385
Serratia virus IME250	2169688	S	1	0	1	0.0000052385
Klebsiella virus Sugarland	2560546	S	1	0	1	0.0000052385
Saimiriine gammaherpesvirus 2	10381	S	1	0	1	0.0000052385
Acanthocystis turfacea chlorella virus 1	322019	S	1	0	1	0.0000052385
Yellowstone lake phycodnavirus 1	1586713	S	1	0	1	0.0000052385
Chrysochromulina ericina virus	455364	S	1	0	1	0.0000052385
Orpheovirus IHUMI-LCC2	2023057	S	1	0	1	0.0000052385
Phaeocystis globosa virus	251749	S	1	0	1	0.0000052385
Heterosigma akashiwo virus 01	97195	S	1	0	1	0.0000052385
Megavirus chiliensis	1094892	S	1	0	1	0.0000052385
Cotia virus	39444	S	1	0	1	0.0000052385
Pandoravirus macleodensis	2107707	S	1	0	1	0.0000052385
Pacmanvirus A23	1932881	S	1	0	1	0.0000052385
Ectropis obliqua nucleopolyhedrovirus	59376	S	1	0	1	0.0000052385
Choristoneura fumiferana granulovirus	56947	S	1	0	1	0.0000052385
Changjiang tombus-like virus 1	1922802	S	1	0	1	0.0000052385
Candidatus Kinetoplastibacterium crithidii	33056	S	1	-1	0	0.0000000000
Azotobacter vinelandii	354	S	1	-1	0	0.0000000000
Idiomarina loihiensis	135577	S	2	-2	0	0.0000000000
Afipia carboxidovorans	40137	S	14	-14	0	0.0000000000
Rhodospirillum rubrum	1085	S	2	-2	0	0.0000000000
Rickettsia canadensis	788	S	2	-2	0	0.0000000000
Lawsonia intracellularis	29546	S	2	-2	0	0.0000000000
Tropheryma whipplei	2039	S	2	-2	0	0.0000000000
Acetivibrio thermocellus	1515	S	1	-1	0	0.0000000000
Thermoclostridium stercorarium	1510	S	2	-2	0	0.0000000000
Mycoplasma genitalium	2097	S	1	-1	0	0.0000000000
Tannerella forsythia	28112	S	4	-4	0	0.0000000000
Leptospira biflexa	172	S	6	-6	0	0.0000000000
Methanosarcina barkeri	2208	S	1	-1	0	0.0000000000
