name	taxonomy_id	taxonomy_lvl	kraken_assigned_reads	added_reads	new_est_reads	fraction_total_reads
Cutibacterium acnes	1747	S	3921	386	4307	0.0899672049
Dermacoccus nishinomiyaensis	1274	S	1203	125	1328	0.0277400622
Klebsiella pneumoniae	573	S	174	905	1079	0.0225388006
Stenotrophomonas maltophilia	40324	S	760	251	1011	0.0211183757
Xanthomonas euvesicatoria	456327	S	9	551	560	0.0116976166
Pseudomonas oryzihabitans	47885	S	446	61	507	0.0105905208
Lactococcus lactis	1358	S	51	439	490	0.0102354145
Aliarcobacter cryaerophilus	28198	S	411	57	468	0.0097758653
Phocaeicola vulgatus	821	S	327	122	449	0.0093789819
Kocuria rhizophila	72000	S	300	64	364	0.0076034508
Pseudomonas veronii	76761	S	87	232	319	0.0066634637
Pseudomonas fluorescens	294	S	204	107	311	0.0064963549
Candidatus Planktophila sulfonica	1884904	S	278	27	305	0.0063710233
Neisseria meningitidis	487	S	3	262	265	0.0055354793
Acinetobacter baumannii	470	S	53	201	254	0.0053057047
Acinetobacter johnsonii	40214	S	120	96	216	0.0045119378
Blautia sp. SC05B48	2479767	S	139	69	208	0.0043448290
Acidovorax sp. T1	1858609	S	58	141	199	0.0041568316
Moraxella osloensis	34062	S	177	10	187	0.0039061684
Polynucleobacter necessarius	576610	S	158	12	170	0.0035510622
Variovorax paradoxus	34073	S	127	42	169	0.0035301736
Acidovorax sp. JS42	232721	S	8	158	166	0.0034675078
Pseudomonas aeruginosa	287	S	33	132	165	0.0034466192
Sphingomonas sp. PAMC26645	2565555	S	143	21	164	0.0034257306
Acidovorax sp. KKS102	358220	S	104	51	155	0.0032377332
Salmonella enterica	28901	S	7	147	154	0.0032168446
Curvibacter sp. AEP1-3	1844971	S	147	6	153	0.0031959560
Bacteroides uniformis	820	S	87	64	151	0.0031541788
Duganella sp. AF9R3	2728021	S	119	25	144	0.0030079586
Acinetobacter junii	40215	S	117	22	139	0.0029035156
Limnohabitans sp. 103DPR2	1678129	S	130	8	138	0.0028826270
Limnohabitans sp. 63ED37-2	1678128	S	125	11	136	0.0028408497
Anabaena sp. YBS01	2490939	S	6	128	134	0.0027990725
Aquaspirillum sp. LM1	1938604	S	120	9	129	0.0026946295
Acinetobacter lwoffii	28090	S	56	68	124	0.0025901865
Escherichia coli	562	S	24	98	122	0.0025484093
Phocaeicola dorei	357276	S	85	36	121	0.0025275207
Pseudomonas sp. CMR12a	658629	S	61	57	118	0.0024648549
Polaromonas naphthalenivorans	216465	S	103	12	115	0.0024021891
Erwinia gerundensis	1619313	S	108	5	113	0.0023604119
Aeromonas media	651	S	75	36	111	0.0023186347
Anaerostipes hadrus	649756	S	85	25	110	0.0022977461
Faecalibacterium prausnitzii	853	S	81	29	110	0.0022977461
Comamonas testosteroni	285	S	55	54	109	0.0022768575
Acidovorax carolinensis	553814	S	63	44	107	0.0022350803
Polynucleobacter duraquae	1835254	S	94	13	107	0.0022350803
Streptomyces lividans	1916	S	5	97	102	0.0021306373
Bifidobacterium longum	216816	S	76	25	101	0.0021097487
Alicycliphilus denitrificans	179636	S	38	62	100	0.0020888601
Leptothrix cholodnii	34029	S	76	24	100	0.0020888601
Sphingorhabdus lacus	392610	S	93	1	94	0.0019635285
Prevotella copri	165179	S	80	13	93	0.0019426399
Sphaerotilus natans	34103	S	68	23	91	0.0019008627
Halomonas sp. JS92-SW72	2306583	S	81	9	90	0.0018799741
Rhodoferax koreense	1842727	S	53	36	89	0.0018590855
Staphylococcus aureus	1280	S	23	66	89	0.0018590855
Rhizobacter sp. AJA081-3	2753607	S	72	16	88	0.0018381969
Propionibacterium sp. oral taxon 193	671223	S	82	6	88	0.0018381969
Pseudomonas putida	303	S	45	42	87	0.0018173083
Delftia acidovorans	80866	S	35	52	87	0.0018173083
Pseudomonas sp. S150	2559074	S	37	49	86	0.0017964197
Gordonia bronchialis	2054	S	75	9	84	0.0017546425
Rhodoferax sp. AJA081-3	2752316	S	76	7	83	0.0017337539
Rhodoferax saidenbachensis	1484693	S	72	11	83	0.0017337539
Methylobacterium sp. C1	1479019	S	18	64	82	0.0017128653
Bifidobacterium adolescentis	1680	S	78	3	81	0.0016919767
Flavobacterium johnsoniae	986	S	56	24	80	0.0016710881
Flavobacterium sangjuense	2518177	S	75	4	79	0.0016501995
Flavobacterium nackdongense	2547394	S	74	5	79	0.0016501995
Burkholderia pseudomallei	28450	S	15	63	78	0.0016293109
Delftia lacustris	558537	S	14	63	77	0.0016084223
Coprococcus comes	410072	S	55	22	77	0.0016084223
Oscillatoria nigro-viridis	482564	S	67	10	77	0.0016084223
Methylobacterium sp. XJLW	739141	S	7	69	76	0.0015875337
Acidovorax sp. 1608163	2478662	S	64	11	75	0.0015666451
Bacteroides thetaiotaomicron	818	S	67	8	75	0.0015666451
[Ruminococcus] torques	33039	S	49	25	74	0.0015457565
Acidovorax ebreus	721785	S	6	67	73	0.0015248679
Bacteroides ovatus	28116	S	42	31	73	0.0015248679
Bacteroides fragilis	817	S	40	33	73	0.0015248679
Paracoccus yeei	147645	S	37	34	71	0.0014830907
Collinsella aerofaciens	74426	S	66	5	71	0.0014830907
Methylobacterium radiotolerans	31998	S	21	49	70	0.0014622021
Flavobacterium sp. M31R6	2739062	S	60	9	69	0.0014413135
Flavobacterium sp. KBS0721	1179672	S	48	21	69	0.0014413135
Pseudomonas koreensis	198620	S	52	16	68	0.0014204249
Rhodococcus erythropolis	1833	S	15	53	68	0.0014204249
Pseudomonas syringae	317	S	20	47	67	0.0013995363
Vibrio anguillarum	55601	S	60	7	67	0.0013995363
Fluviibacter phosphoraccumulans	1751046	S	56	11	67	0.0013995363
Acidovorax sp. JMULE5	2518343	S	53	13	66	0.0013786477
Janthinobacterium agaricidamnosum	55508	S	42	24	66	0.0013786477
Micrococcus luteus	1270	S	34	32	66	0.0013786477
Roseburia intestinalis	166486	S	46	20	66	0.0013786477
Flavobacterium sp. Sr18	935222	S	59	7	66	0.0013786477
Frigoriglobus tundricola	2774151	S	61	5	66	0.0013786477
Hydrogenophaga sp. PBL-H3	434010	S	34	31	65	0.0013577591
Diaphorobacter sp. JS3050	2735554	S	3	62	65	0.0013577591
Sphingomonas sp. HMP9	1517554	S	53	11	64	0.0013368705
Archangium violaceum	83451	S	43	21	64	0.0013368705
Megamonas funiformis	437897	S	64	0	64	0.0013368705
Rhodoferax sediminis	2509614	S	56	7	63	0.0013159819
Hydrogenophaga sp. RAC07	1842537	S	45	18	63	0.0013159819
Rhizobacter gummiphilus	946333	S	53	10	63	0.0013159819
Corynebacterium kefirresidentii	1979527	S	46	17	63	0.0013159819
[Ruminococcus] gnavus	33038	S	41	22	63	0.0013159819
Candidatus Planktophila dulcis	1884914	S	56	6	62	0.0012950933
Streptococcus thermophilus	1308	S	50	11	61	0.0012742047
Kinneretia sp. DAIF2	2714952	S	49	11	60	0.0012533161
Methylobacterium aquaticum	270351	S	48	12	60	0.0012533161
Sphingobium yanoikuyae	13690	S	24	36	60	0.0012533161
Actinoplanes derwentensis	113562	S	57	3	60	0.0012533161
Coprococcus catus	116085	S	47	12	59	0.0012324275
Acidovorax sp. RAC01	1842533	S	39	19	58	0.0012115389
Polynucleobacter asymbioticus	576611	S	50	8	58	0.0012115389
Sphingomonas melonis	152682	S	18	40	58	0.0012115389
Flavobacterium psychrophilum	96345	S	43	15	58	0.0012115389
Cupriavidus taiwanensis	164546	S	34	23	57	0.0011906503
Janthinobacterium sp. HH102	1537274	S	20	37	57	0.0011906503
Flavobacterium sp. SLB02	2665645	S	43	14	57	0.0011906503
Sphingobacterium sp. UDSM-2020	2795738	S	50	6	56	0.0011697617
Spirosoma sp. KUDC1026	2745947	S	53	3	56	0.0011697617
Lacunisphaera limnophila	1838286	S	51	5	56	0.0011697617
Sorangium cellulosum	56	S	49	6	55	0.0011488731
Ramlibacter tataouinensis	94132	S	47	7	54	0.0011279845
Ralstonia solanacearum	305	S	28	26	54	0.0011279845
Bradyrhizobium diazoefficiens	1355477	S	17	37	54	0.0011279845
Methylobacterium mesophilicum	39956	S	49	5	54	0.0011279845
Flavobacterium sp. MDT1-60	1979344	S	44	10	54	0.0011279845
Citrobacter freundii	546	S	19	34	53	0.0011070959
Aquabacterium olei	1296669	S	42	11	53	0.0011070959
Plantibacter sp. PA-3-X8	2480625	S	32	21	53	0.0011070959
Parabacteroides distasonis	823	S	31	22	53	0.0011070959
Limnoglobus roseus	2598579	S	52	1	53	0.0011070959
Diaphorobacter polyhydroxybutyrativorans	1546149	S	6	46	52	0.0010862073
Flavobacterium sp. CLA17	2724135	S	44	8	52	0.0010862073
Janthinobacterium lividum	29581	S	24	27	51	0.0010653187
Vitreoscilla filiformis	63	S	45	6	51	0.0010653187
Bosea sp. RAC05	1842539	S	38	13	51	0.0010653187
Staphylococcus epidermidis	1282	S	38	13	51	0.0010653187
Flavobacterium commune	1306519	S	46	5	51	0.0010653187
Acidovorax antarcticus	2743470	S	37	13	50	0.0010444301
Akkermansia muciniphila	239935	S	47	3	50	0.0010444301
Variovorax boronicumulans	436515	S	29	20	49	0.0010235415
Polaromonas sp. JS666	296591	S	47	2	49	0.0010235415
Sphingobium hydrophobicum	1673076	S	24	25	49	0.0010235415
Rhodococcus qingshengii	334542	S	8	41	49	0.0010235415
Variovorax sp. 38R	2774875	S	24	24	48	0.0010026529
Rhodoferax sp. PAMC29310	2822760	S	40	8	48	0.0010026529
Massilia sp. WG5	1707785	S	27	21	48	0.0010026529
Rhodopseudomonas palustris	1076	S	38	10	48	0.0010026529
Ottowia oryzae	2109914	S	43	4	47	0.0009817643
Massilia sp. CCM 8941	2765360	S	33	14	47	0.0009817643
Roseomonas mucosa	207340	S	11	36	47	0.0009817643
Blautia obeum	40520	S	31	16	47	0.0009817643
Cloacibacterium normanense	237258	S	41	6	47	0.0009817643
Pseudomonas stutzeri	316	S	38	8	46	0.0009608757
Comamonas thiooxydans	363952	S	26	20	46	0.0009608757
Paucibacter sp. KCTC 42545	1768242	S	39	7	46	0.0009608757
Rubrivivax gelatinosus	28068	S	36	10	46	0.0009608757
Methylorubrum extorquens	408	S	27	19	46	0.0009608757
Candidatus Planktophila lacus	1884913	S	45	1	46	0.0009608757
Alistipes onderdonkii	328813	S	41	5	46	0.0009608757
Pyruvatibacter mobilis	1712261	S	42	3	45	0.0009399870
Caulobacter vibrioides	155892	S	32	13	45	0.0009399870
Rhodoluna lacicola	529884	S	41	4	45	0.0009399870
Variovorax sp. PBL-E5	434014	S	11	33	44	0.0009190984
Sphingobium sp. KCTC 72723	2733867	S	41	3	44	0.0009190984
Clostridium botulinum	1491	S	34	10	44	0.0009190984
Diaphorobacter sp. JS3051	2792224	S	2	41	43	0.0008982098
Janibacter indicus	857417	S	32	11	43	0.0008982098
Nostoc carneum	374162	S	11	32	43	0.0008982098
Lacipirellula limnantheis	2528024	S	41	2	43	0.0008982098
Variovorax sp. PDNC026	2811425	S	1	41	42	0.0008773212
Simplicispira suum	2109915	S	33	9	42	0.0008773212
Achromobacter ruhlandii	72557	S	4	38	42	0.0008773212
Bradyrhizobium lablabi	722472	S	12	30	42	0.0008773212
Bacteroides caccae	47678	S	41	1	42	0.0008773212
Methanothrix soehngenii	2223	S	42	0	42	0.0008773212
Janthinobacterium tructae	2590869	S	28	13	41	0.0008564326
Corallococcus coralloides	184914	S	33	8	41	0.0008564326
Acidovorax sp. HDW3	2714923	S	32	8	40	0.0008355440
Polaromonas sp. E5S	1840267	S	1	39	40	0.0008355440
Diaphorobacter aerolatus	1288495	S	20	20	40	0.0008355440
Undibacterium sp. KW1	2058624	S	31	9	40	0.0008355440
Pseudomonas sp. LH1G9	2083055	S	9	30	39	0.0008146554
Acidovorax avenae	80867	S	28	11	39	0.0008146554
Rhodoferax antarcticus	81479	S	36	3	39	0.0008146554
Janthinobacterium svalbardensis	368607	S	27	12	39	0.0008146554
Bradyrhizobium erythrophlei	1437360	S	37	2	39	0.0008146554
Sphingomonas alpina	653931	S	39	0	39	0.0008146554
Candidatus Planktophila versatilis	1884905	S	37	2	39	0.0008146554
Buchnera aphidicola	9	S	39	-1	38	0.0007937668
Rhodoferax ferrireducens	192843	S	35	3	38	0.0007937668
Methylobacterium sp. WL1	2603276	S	35	3	38	0.0007937668
Methylobacterium phyllosphaerae	418223	S	11	27	38	0.0007937668
Sphingomonas koreensis	93064	S	22	16	38	0.0007937668
Novosphingobium sp. ABRDHK2	2571749	S	26	12	38	0.0007937668
Bacteroides xylanisolvens	371601	S	21	17	38	0.0007937668
Urbifossiella limnaea	2528023	S	35	3	38	0.0007937668
Acinetobacter indicus	756892	S	27	10	37	0.0007728782
Hydrogenophaga sp. NH-16	2184519	S	14	23	37	0.0007728782
Comamonas aquatica	225991	S	29	8	37	0.0007728782
Paraburkholderia sp. SOS3	1926494	S	35	2	37	0.0007728782
Massilia oculi	945844	S	30	7	37	0.0007728782
Stigmatella aurantiaca	41	S	28	9	37	0.0007728782
Cutibacterium avidum	33010	S	36	1	37	0.0007728782
Candidatus Planktophila vernalis	1884907	S	36	1	37	0.0007728782
Elizabethkingia bruuniana	1756149	S	8	29	37	0.0007728782
Pseudomonas fragi	296	S	19	17	36	0.0007519896
Staphylococcus pasteuri	45972	S	18	18	36	0.0007519896
Roseimicrobium sp. ORNL1	2711231	S	35	1	36	0.0007519896
Variovorax sp. RA8	662548	S	20	15	35	0.0007311010
Verminephrobacter eiseniae	364317	S	34	1	35	0.0007311010
Dechloromonas sp. TW-R-39-2	2654218	S	32	3	35	0.0007311010
Sphingopyxis sp. EG6	1874061	S	26	9	35	0.0007311010
Brevundimonas vesicularis	41276	S	12	23	35	0.0007311010
Caulobacter sp. K31	366602	S	28	7	35	0.0007311010
Arcobacter suis	1278212	S	31	4	35	0.0007311010
Staphylococcus capitis	29388	S	28	7	35	0.0007311010
Acinetobacter lanii	2715163	S	33	1	34	0.0007102124
Schlegelella thermodepolymerans	215580	S	27	7	34	0.0007102124
Sphingomonas sp. AAP5	1523415	S	29	5	34	0.0007102124
Novosphingobium sp. P6W	1609758	S	32	2	34	0.0007102124
Schaalia sp. JY-X169	2758572	S	34	0	34	0.0007102124
Opitutus sp. GAS368	1882749	S	31	3	34	0.0007102124
Xanthomonas campestris	339	S	33	0	33	0.0006893238
Lysobacter enzymogenes	69	S	29	4	33	0.0006893238
Rhodoferax sp. BAB1	2741720	S	27	6	33	0.0006893238
Massilia violaceinigra	2045208	S	25	8	33	0.0006893238
Methylobacterium brachiatum	269660	S	26	7	33	0.0006893238
Myxococcus xanthus	34	S	22	11	33	0.0006893238
Kocuria palustris	71999	S	30	3	33	0.0006893238
Lawsonella clevelandensis	1528099	S	32	1	33	0.0006893238
Bifidobacterium catenulatum	1686	S	29	4	33	0.0006893238
Blattabacterium cuenoti	1653831	S	32	1	33	0.0006893238
Pseudomonas sp. PONIH3	1636610	S	8	24	32	0.0006684352
Variovorax sp. RKNM96	2681552	S	25	7	32	0.0006684352
Hydrogenophaga sp. PBC	795665	S	20	12	32	0.0006684352
Polynucleobacter wuianus	1743168	S	25	7	32	0.0006684352
Roseateles depolymerans	76731	S	27	5	32	0.0006684352
Xylophilus rhododendri	2697032	S	25	7	32	0.0006684352
Achromobacter xylosoxidans	85698	S	21	11	32	0.0006684352
Rhizobium leguminosarum	384	S	22	10	32	0.0006684352
Pyxidicoccus sp. SCPEA002	2813578	S	28	4	32	0.0006684352
Microbacterium oxydans	82380	S	27	5	32	0.0006684352
Prochlorococcus marinus	1219	S	21	11	32	0.0006684352
Flavobacterium sp. 140616W15	2478552	S	27	5	32	0.0006684352
Flavobacterium columnare	996	S	27	5	32	0.0006684352
Acinetobacter guillouiae	106649	S	26	5	31	0.0006475466
Hydrogenophaga sp. PAMC20947	2565558	S	30	1	31	0.0006475466
Hydrogenophaga sp. BPS33	2651974	S	19	12	31	0.0006475466
Duganella sp. GN2-R2	2728020	S	22	9	31	0.0006475466
Undibacterium sp. YM2	2058625	S	24	7	31	0.0006475466
Sphingobium sp. MI1205	407020	S	10	21	31	0.0006475466
Paracoccus sanguinis	1545044	S	27	4	31	0.0006475466
Arcobacter venerupis	1054033	S	28	3	31	0.0006475466
Rhodoluna limnophila	232537	S	29	2	31	0.0006475466
Corynebacterium tuberculostearicum	38304	S	25	6	31	0.0006475466
Corynebacterium glutamicum	1718	S	3	28	31	0.0006475466
Nibricoccus aquaticus	2576891	S	31	0	31	0.0006475466
Acinetobacter sp. WCHA45	2004644	S	15	15	30	0.0006266580
Variovorax sp. PAMC28562	2762323	S	29	1	30	0.0006266580
Sphingomonas taxi	1549858	S	28	2	30	0.0006266580
Corynebacterium xerosis	1725	S	25	5	30	0.0006266580
Rhodococcus sp. 008	1723645	S	5	25	30	0.0006266580
Pseudomonas chlororaphis	587753	S	18	11	29	0.0006057694
Acinetobacter haemolyticus	29430	S	22	7	29	0.0006057694
Variovorax sp. WDL1	207745	S	14	15	29	0.0006057694
Hydrogenophaga sp. BA0156	2716225	S	19	10	29	0.0006057694
Hydrogenophaga pseudoflava	47421	S	14	15	29	0.0006057694
Massilia sp. LPB0304	2769491	S	16	13	29	0.0006057694
Cereibacter sphaeroides	1063	S	26	3	29	0.0006057694
Bacillus subtilis	1423	S	10	19	29	0.0006057694
Erwinia billingiae	182337	S	5	23	28	0.0005848808
Serratia fonticola	47917	S	25	3	28	0.0005848808
Variovorax sp. SRS16	282217	S	8	20	28	0.0005848808
Massilia putida	1141883	S	20	8	28	0.0005848808
Janthinobacterium sp. LM6	1938606	S	17	11	28	0.0005848808
Candidatus Methylopumilus rimovensis	2588535	S	26	2	28	0.0005848808
Novosphingobium sp. THN1	1016987	S	21	7	28	0.0005848808
Tabrizicola piscis	2494374	S	26	2	28	0.0005848808
Azospirillum brasilense	192	S	16	12	28	0.0005848808
Cutibacterium granulosum	33011	S	27	1	28	0.0005848808
Flavobacterium crocinum	2183896	S	21	7	28	0.0005848808
Variovorax sp. HW608	1034889	S	25	2	27	0.0005639922
Diaphorobacter sp. HDW4A	2714924	S	16	11	27	0.0005639922
Sphingopyxis terrae	33052	S	22	5	27	0.0005639922
Gemmobacter sp. HYN0069	2169400	S	24	3	27	0.0005639922
Brevundimonas sp. Bb-A	2560058	S	9	18	27	0.0005639922
Brevundimonas mediterranea	74329	S	23	4	27	0.0005639922
Cystobacter fuscus	43	S	17	10	27	0.0005639922
Dolichospermum flos-aquae	1166	S	2	25	27	0.0005639922
Flavobacterium sp. I3-2	2748319	S	15	12	27	0.0005639922
Flavobacterium sediminis	2201181	S	17	10	27	0.0005639922
Chryseobacterium balustinum	246	S	20	7	27	0.0005639922
Gemmata massiliana	1210884	S	21	6	27	0.0005639922
Polaromonas vacuolata	37448	S	23	3	26	0.0005431036
Diaphorobacter sp. HDW4B	2714925	S	25	1	26	0.0005431036
Mitsuaria sp. 7	1658665	S	22	4	26	0.0005431036
Bradyrhizobium sp.	376	S	9	17	26	0.0005431036
Bradyrhizobium guangdongense	1325090	S	12	14	26	0.0005431036
Mesorhizobium loti	381	S	6	20	26	0.0005431036
Porphyrobacter sp. LM 6	1896196	S	19	7	26	0.0005431036
Roseomonas sp. FDAARGOS_362	2018065	S	8	18	26	0.0005431036
Ruminococcus bicirculans	1160721	S	23	3	26	0.0005431036
Bacillus cereus	1396	S	10	16	26	0.0005431036
Lactococcus cremoris	1359	S	21	5	26	0.0005431036
Flavobacterium sp. BB8	2816357	S	21	5	26	0.0005431036
Flavobacterium sp. HYN0086	2249356	S	19	7	26	0.0005431036
Flavobacterium faecale	1355330	S	24	2	26	0.0005431036
Flavobacterium crassostreae	1763534	S	22	4	26	0.0005431036
Chryseobacterium indoltheticum	254	S	22	4	26	0.0005431036
Bacteroides cellulosilyticus	246787	S	25	1	26	0.0005431036
Pedobacter sp. KBS0701	2578106	S	21	5	26	0.0005431036
Acinetobacter sp. NEB 394	2743575	S	10	15	25	0.0005222150
Aeromonas salmonicida	645	S	19	6	25	0.0005222150
Dechloromonas aromatica	259537	S	23	2	25	0.0005222150
Caulobacter henricii	69395	S	22	3	25	0.0005222150
Streptococcus salivarius	1304	S	15	10	25	0.0005222150
Meiothermus silvanus	52022	S	25	0	25	0.0005222150
Flavobacterium anhuiense	459526	S	17	8	25	0.0005222150
Muricauda sp. 501str8	2698672	S	16	9	25	0.0005222150
Aquirufa nivalisilvae	2516557	S	23	2	25	0.0005222150
Pantoea agglomerans	549	S	20	4	24	0.0005013264
Comamonas kerstersii	225992	S	20	4	24	0.0005013264
Hylemonella gracilis	80880	S	23	1	24	0.0005013264
Janthinobacterium sp. 1_2014MBL_MicDiv	1644131	S	18	6	24	0.0005013264
Collimonas pratensis	279113	S	21	3	24	0.0005013264
Sphingobium sp. TKS	1315974	S	9	15	24	0.0005013264
Sphingobium amiense	135719	S	8	16	24	0.0005013264
Porphyrobacter sp. YT40	2547601	S	13	11	24	0.0005013264
Croceicoccus marinus	450378	S	14	10	24	0.0005013264
Brevundimonas sp. DS20	1532555	S	8	16	24	0.0005013264
Corallococcus macrosporus	35	S	14	10	24	0.0005013264
Plantibacter sp. M259	2583822	S	15	9	24	0.0005013264
Brevibacterium sp. CS2	2575923	S	22	2	24	0.0005013264
Rhodococcus fascians	1828	S	18	6	24	0.0005013264
Candidatus Nanopelagicus limnes	1884634	S	20	4	24	0.0005013264
Flavobacterium sp. LPB0248	2614441	S	14	10	24	0.0005013264
Bacteroides sp. A1C1	2528203	S	7	17	24	0.0005013264
Paramecium bursaria Chlorella virus A1	381899	S	24	0	24	0.0005013264
Acinetobacter sp. CS-2	2798861	S	17	6	23	0.0004804378
Burkholderia vietnamiensis	60552	S	6	17	23	0.0004804378
Massilia armeniaca	2072590	S	15	8	23	0.0004804378
Sulfuritalea hydrogenivorans	748811	S	21	2	23	0.0004804378
Agrobacterium tumefaciens	358	S	10	13	23	0.0004804378
Sphingomonas sp. NIC1	1961362	S	10	13	23	0.0004804378
Sphingopyxis sp. MG	1866325	S	4	19	23	0.0004804378
Brevundimonas sp. LVF2	2774190	S	22	1	23	0.0004804378
Brevundimonas sp. CS1	2813778	S	15	8	23	0.0004804378
Candidatus Planktophila limnetica	573600	S	23	0	23	0.0004804378
Bacillus thuringiensis	1428	S	9	14	23	0.0004804378
Urechidicola croceus	1850246	S	14	9	23	0.0004804378
Parabacteroides sp. CT06	2025876	S	4	19	23	0.0004804378
Spirosoma pollinicola	2057025	S	22	1	23	0.0004804378
Pseudomonas sp. phDV1	253237	S	7	15	22	0.0004595492
Pseudomonas psychrotolerans	237610	S	20	2	22	0.0004595492
Pseudomonas moraviensis	321662	S	14	8	22	0.0004595492
Hydrogenophaga sp. YM1	2806262	S	16	6	22	0.0004595492
Cupriavidus basilensis	68895	S	15	7	22	0.0004595492
Inhella inkyongensis	392593	S	19	3	22	0.0004595492
Dechloromonas sp. HYN0024	2231055	S	20	2	22	0.0004595492
Candidatus Methylopumilus turicensis	1581680	S	20	2	22	0.0004595492
Sphingomonas sp. NBWT7	2596913	S	18	4	22	0.0004595492
Tsuneonella amylolytica	2338327	S	20	2	22	0.0004595492
Brevundimonas sp. GW460-12-10-14-LB2	1827469	S	11	11	22	0.0004595492
Anaerobutyricum hallii	39488	S	16	6	22	0.0004595492
Mucilaginibacter rubeus	2027860	S	3	19	22	0.0004595492
Paludisphaera borealis	1387353	S	16	6	22	0.0004595492
Lactococcus phage P335 sensu lato	354260	S	2	20	22	0.0004595492
Variovorax sp. PAMC 28711	1795631	S	20	1	21	0.0004386606
Comamonas koreensis	160825	S	18	3	21	0.0004386606
Cupriavidus metallidurans	119219	S	12	9	21	0.0004386606
Massilia sp. YMA4	1593482	S	12	9	21	0.0004386606
Noviherbaspirillum sp. UKPF54	2601898	S	19	2	21	0.0004386606
Bradyrhizobium sp. CCBAU 051011	858422	S	18	3	21	0.0004386606
Bradyrhizobium japonicum	375	S	9	12	21	0.0004386606
Sphingomonas sp. DH-S5	2759526	S	20	1	21	0.0004386606
Sphingomonas wittichii	160791	S	13	8	21	0.0004386606
Brevundimonas diminuta	293	S	8	13	21	0.0004386606
Minicystis rosea	888845	S	20	1	21	0.0004386606
Clavibacter michiganensis	28447	S	14	7	21	0.0004386606
Flavobacterium nitrogenifigens	1617283	S	13	8	21	0.0004386606
Belliella baltica	232259	S	17	4	21	0.0004386606
Pseudomonas tolaasii	29442	S	16	4	20	0.0004177720
Pseudoxanthomonas mexicana	128785	S	18	2	20	0.0004177720
Legionella pneumophila	446	S	11	9	20	0.0004177720
Pasteurella multocida	747	S	13	7	20	0.0004177720
Variovorax sp. PAMC26660	2762322	S	18	2	20	0.0004177720
Polynucleobacter difficilis	556054	S	19	1	20	0.0004177720
Massilia umbonata	864828	S	14	6	20	0.0004177720
Herbaspirillum seropedicae	964	S	13	7	20	0.0004177720
Azospira restricta	404405	S	16	4	20	0.0004177720
Bradyrhizobium canariense	255045	S	19	1	20	0.0004177720
Sphingobium sp. RSMS	520734	S	3	17	20	0.0004177720
Sphingopyxis macrogoltabida	33050	S	15	5	20	0.0004177720
Novosphingobium ginsenosidimutans	1176536	S	20	0	20	0.0004177720
Aliarcobacter skirrowii	28200	S	17	3	20	0.0004177720
Streptomyces sp. RLB1-9	2594454	S	1	19	20	0.0004177720
Alicyclobacillus acidocaldarius	405212	S	20	0	20	0.0004177720
Flavobacterium sp. CJ74	2294119	S	19	1	20	0.0004177720
Epilithonimonas vandammei	2487072	S	11	9	20	0.0004177720
Luteolibacter luteus	2728835	S	20	0	20	0.0004177720
Acinetobacter sp. TTH0-4	1646498	S	17	2	19	0.0003968834
Acinetobacter schindleri	108981	S	13	6	19	0.0003968834
Aeromonas veronii	654	S	15	4	19	0.0003968834
Hydrogenophaga crassostreae	1763535	S	19	0	19	0.0003968834
Comamonas serinivorans	1082851	S	17	2	19	0.0003968834
Massilia sp. NR 4-1	1678028	S	15	4	19	0.0003968834
Niveibacterium sp. HC41	2811415	S	18	1	19	0.0003968834
Rhodoplanes sp. Z2-YC6860	674703	S	18	1	19	0.0003968834
Sphingomonas paucimobilis	13689	S	14	5	19	0.0003968834
Novosphingobium sp. KA1	164608	S	4	15	19	0.0003968834
Novosphingobium aromaticivorans	48935	S	13	6	19	0.0003968834
Haematobacter massiliensis	195105	S	11	8	19	0.0003968834
Archangium gephyra	48	S	12	7	19	0.0003968834
Sandaracinus amylolyticus	927083	S	19	0	19	0.0003968834
Microbacterium foliorum	104336	S	17	2	19	0.0003968834
Roseburia hominis	301301	S	13	6	19	0.0003968834
Longibaculum sp. KGMB06250	2584943	S	7	12	19	0.0003968834
Flavobacterium gilvum	1492737	S	17	2	19	0.0003968834
Bacteroides eggerthii	28111	S	17	2	19	0.0003968834
Runella sp. HYN0085	2259595	S	19	0	19	0.0003968834
Gemmata obscuriglobus	114	S	18	1	19	0.0003968834
Verrucomicrobium sp. GAS474	1882831	S	18	1	19	0.0003968834
Pseudomonas sp. NC02	2067572	S	5	13	18	0.0003759948
Pseudomonas synxantha	47883	S	13	5	18	0.0003759948
Pseudomonas brassicacearum	930166	S	6	12	18	0.0003759948
Acinetobacter wuhouensis	1879050	S	14	4	18	0.0003759948
Ahniella affigens	2021234	S	18	0	18	0.0003759948
Yersinia intermedia	631	S	5	13	18	0.0003759948
Comamonas piscis	1562974	S	17	1	18	0.0003759948
Delftia sp. Cs1-4	742013	S	7	11	18	0.0003759948
Paraburkholderia caribensis	75105	S	13	5	18	0.0003759948
Cupriavidus pauculus	82633	S	14	4	18	0.0003759948
Massilia flava	871742	S	15	3	18	0.0003759948
Massilia lutea	321985	S	14	4	18	0.0003759948
Herbaspirillum hiltneri	341045	S	16	2	18	0.0003759948
Methylibium petroleiphilum	105560	S	9	9	18	0.0003759948
Thauera sp. K11	2005884	S	14	4	18	0.0003759948
Methylotenera versatilis	1055487	S	17	1	18	0.0003759948
Nitrosomonas sp. Is79A3	261292	S	18	0	18	0.0003759948
Casimicrobium huifangae	2591109	S	15	3	18	0.0003759948
Sinorhizobium fredii	380	S	11	7	18	0.0003759948
Kaistia sp. 32K	2795690	S	15	3	18	0.0003759948
Erythrobacter litoralis	39960	S	14	4	18	0.0003759948
Brevundimonas vancanneytii	1325724	S	5	13	18	0.0003759948
Roseomonas gilardii	257708	S	16	2	18	0.0003759948
Pseudoarcobacter acticola	1849015	S	17	1	18	0.0003759948
Anaeromyxobacter dehalogenans	161493	S	10	8	18	0.0003759948
Dermacoccus sp. PAMC28757	2762331	S	17	1	18	0.0003759948
Microbacterium aurum	36805	S	16	2	18	0.0003759948
Aurantimicrobium sp. MWH-Mo1	1987356	S	16	2	18	0.0003759948
Janibacter sp. YB324	2761047	S	12	6	18	0.0003759948
Streptococcus agalactiae	1311	S	2	16	18	0.0003759948
Enterococcus faecium	1352	S	9	9	18	0.0003759948
Chryseobacterium gleum	250	S	9	9	18	0.0003759948
Mucilaginibacter ginsenosidivorax	862126	S	18	0	18	0.0003759948
Pseudomonas sp. R84	1573712	S	15	2	17	0.0003551062
Pseudomonas sp. ADPe	2774873	S	6	11	17	0.0003551062
Acinetobacter sp. 10FS3-1	2563897	S	11	6	17	0.0003551062
Acinetobacter sp. NEB149	2725684	S	5	12	17	0.0003551062
Candidatus Rickettsiella viridis	676208	S	17	0	17	0.0003551062
Methylovulum psychrotolerans	1704499	S	17	0	17	0.0003551062
Acidovorax monticola	1926868	S	14	3	17	0.0003551062
Ottowia sp. 27C	2816950	S	16	1	17	0.0003551062
Cupriavidus necator	106590	S	13	4	17	0.0003551062
Cupriavidus sp. USMAA2-4	876364	S	2	15	17	0.0003551062
Ralstonia pickettii	329	S	11	6	17	0.0003551062
Caballeronia sp. M1242	2814653	S	4	13	17	0.0003551062
Janthinobacterium sp. PLB02	2808899	S	6	11	17	0.0003551062
Candidatus Methylopumilus universalis	2588536	S	14	3	17	0.0003551062
Methylobacterium durans	2202825	S	16	1	17	0.0003551062
Methylorubrum populi	223967	S	13	4	17	0.0003551062
Xanthobacter sp. YN2	2528964	S	13	4	17	0.0003551062
Pannonibacter phragmitetus	121719	S	8	9	17	0.0003551062
Sphingomonas sp. C8-2	2492837	S	9	8	17	0.0003551062
Sphingomonas sanxanigenens	397260	S	11	6	17	0.0003551062
Sphingobium baderi	1332080	S	6	11	17	0.0003551062
Sphingopyxis sp. 113P3	292913	S	12	5	17	0.0003551062
Sphingopyxis lindanitolerans	2054227	S	13	4	17	0.0003551062
Phaeobacter inhibens	221822	S	11	6	17	0.0003551062
Caulobacter soli	2708539	S	13	4	17	0.0003551062
Bacteriovorax stolpii	960	S	17	0	17	0.0003551062
Agreia sp. COWG	2773266	S	16	1	17	0.0003551062
Ilumatobacter coccineus	467094	S	17	0	17	0.0003551062
Fluviicola taffensis	191579	S	17	0	17	0.0003551062
Pedobacter sp. G11	2482728	S	15	2	17	0.0003551062
Pedobacter roseus	336820	S	13	4	17	0.0003551062
Candidatus Cloacimonas acidaminovorans	456827	S	17	0	17	0.0003551062
Gemmata sp. SH-PL17	1630693	S	13	4	17	0.0003551062
Natrialba magadii	13769	S	13	4	17	0.0003551062
Pseudomonas sp. CFSAN084952	2664899	S	3	13	16	0.0003342176
Pseudomonas palleroniana	191390	S	15	1	16	0.0003342176
Acinetobacter sp. MYb10	1827285	S	14	2	16	0.0003342176
Stenotrophomonas sp. 169	2770322	S	16	0	16	0.0003342176
Serratia marcescens	615	S	9	7	16	0.0003342176
Haemophilus parainfluenzae	729	S	15	1	16	0.0003342176
Undibacterium parvum	401471	S	15	1	16	0.0003342176
Methylibium sp. Pch-M	2082386	S	7	9	16	0.0003342176
Bradyrhizobium sp. CCBAU 51765	1325102	S	12	4	16	0.0003342176
Bosea sp. PAMC 26642	1792307	S	13	3	16	0.0003342176
Bosea sp. ANAM02	2020412	S	11	5	16	0.0003342176
Rhizobium sp. S41	1869170	S	1	15	16	0.0003342176
Aminobacter sp. MDW-2	2666139	S	1	15	16	0.0003342176
Hyphomicrobium denitrificans	53399	S	12	4	16	0.0003342176
Sphingomonas sp. FARSPH	2219696	S	10	6	16	0.0003342176
Novosphingobium sp. ES2-1	2780074	S	10	6	16	0.0003342176
Rhizorhabdus dicambivorans	1850238	S	7	9	16	0.0003342176
Aurantiacibacter gangjinensis	502682	S	16	0	16	0.0003342176
Brevundimonas naejangsanensis	588932	S	14	2	16	0.0003342176
Aliarcobacter butzleri	28197	S	14	2	16	0.0003342176
Aliarcobacter cibarius	255507	S	14	2	16	0.0003342176
Bdellovibrio bacteriovorus	959	S	15	1	16	0.0003342176
Microbacterium sp. PM5	2014534	S	15	1	16	0.0003342176
Kytococcus sedentarius	1276	S	15	1	16	0.0003342176
Clostridium perfringens	1502	S	15	1	16	0.0003342176
Nostoc sp. NIES-4103	2005458	S	13	3	16	0.0003342176
Cyanobacterium aponinum	379064	S	12	4	16	0.0003342176
Flavobacterium sp. CS20	2775246	S	12	4	16	0.0003342176
Flavobacterium haoranii	683124	S	13	3	16	0.0003342176
Chryseobacterium sp. 3008163	2478663	S	14	2	16	0.0003342176
Chryseobacterium sp. POL2	2713414	S	12	4	16	0.0003342176
Paludibacter propionicigenes	185300	S	16	0	16	0.0003342176
Pedobacter ginsengisoli	363852	S	15	1	16	0.0003342176
Sphingobacterium sp. ML3W	1538644	S	15	1	16	0.0003342176
Pseudomonas azotoformans	47878	S	11	4	15	0.0003133290
Acinetobacter piscicola	2006115	S	11	4	15	0.0003133290
Psychrobacter sp. YP14	2203895	S	7	8	15	0.0003133290
Stenotrophomonas rhizophila	216778	S	15	0	15	0.0003133290
Thermomonas carbonis	1463158	S	14	1	15	0.0003133290
Klebsiella quasipneumoniae	1463165	S	7	8	15	0.0003133290
Candidatus Thiodictyon syntrophicum	1166950	S	15	0	15	0.0003133290
Polynucleobacter sp. LimPoW16	1743162	S	15	0	15	0.0003133290
Paraburkholderia aromaticivorans	2026199	S	11	4	15	0.0003133290
Cupriavidus gilardii	82541	S	2	13	15	0.0003133290
Massilia plicata	321984	S	12	3	15	0.0003133290
Janthinobacterium sp. Marseille	375286	S	12	3	15	0.0003133290
Azoarcus sp. DN11	356837	S	12	3	15	0.0003133290
Bradyrhizobium symbiodeficiens	1404367	S	11	4	15	0.0003133290
Rhizobium phaseoli	396	S	6	9	15	0.0003133290
Devosia sp. A16	1736675	S	14	1	15	0.0003133290
Martelella sp. AD-3	686597	S	8	7	15	0.0003133290
Sphingobium sp. YG1	2082188	S	11	4	15	0.0003133290
Erythrobacter sp. A30-3	2785907	S	8	7	15	0.0003133290
Tsuneonella dongtanensis	692370	S	14	1	15	0.0003133290
Croceicoccus naphthovorans	1348774	S	6	9	15	0.0003133290
Brevundimonas sp. M20	2591463	S	14	1	15	0.0003133290
Brevundimonas sp. 'scallop'	2562582	S	7	8	15	0.0003133290
Caulobacter mirabilis	69666	S	14	1	15	0.0003133290
Microbacterium hominis	162426	S	13	2	15	0.0003133290
Curtobacterium flaccumfaciens	2035	S	13	2	15	0.0003133290
Rothia terrae	396015	S	12	3	15	0.0003133290
Brevibacterium casei	33889	S	14	1	15	0.0003133290
Mycobacterium sp. QIA-37	1561223	S	1	14	15	0.0003133290
Flavobacterium branchiophilum	55197	S	15	0	15	0.0003133290
Flavobacterium indicum	312277	S	14	1	15	0.0003133290
Chryseobacterium indologenes	253	S	12	3	15	0.0003133290
Olivibacter sp. LS-1	2592345	S	2	13	15	0.0003133290
Haliscomenobacter hydrossis	2350	S	15	0	15	0.0003133290
Verrucomicrobium spinosum	2736	S	14	1	15	0.0003133290
Methanobrevibacter smithii	2173	S	13	2	15	0.0003133290
Pseudomonas sp. URMO17WK12:I11	1283291	S	8	6	14	0.0002924404
Pseudomonas sp. GR 6-02	1659194	S	6	8	14	0.0002924404
Acinetobacter sp. WCHAc010034	1879049	S	12	2	14	0.0002924404
Luteimonas sp. MC1750	2799326	S	12	2	14	0.0002924404
Pseudoxanthomonas suwonensis	314722	S	14	0	14	0.0002924404
Arenimonas daejeonensis	370777	S	14	0	14	0.0002924404
Enterobacter sp. 18A13	2565914	S	4	10	14	0.0002924404
Tolumonas auensis	43948	S	13	1	14	0.0002924404
Cellvibrio sp. KY-GH-1	2303332	S	13	1	14	0.0002924404
Sinimarinibacterium sp. NLF-5-8	2698684	S	13	1	14	0.0002924404
Variovorax sp. PBL-H6	434009	S	6	8	14	0.0002924404
Polynucleobacter sp. MWH-UH21B	1743174	S	13	1	14	0.0002924404
Ralstonia mannitolilytica	105219	S	8	6	14	0.0002924404
Massilia albidiflava	321983	S	10	4	14	0.0002924404
Alcaligenes faecalis	511	S	12	2	14	0.0002924404
Candidatus Methylopumilus planktonicus	1581557	S	11	3	14	0.0002924404
Ferriphaselus amnicola	1188319	S	13	1	14	0.0002924404
Sulfurimicrobium lacus	2715678	S	11	3	14	0.0002924404
Bradyrhizobium cosmicum	1404864	S	11	3	14	0.0002924404
Rhizobium etli	29449	S	10	4	14	0.0002924404
Sphingomonas sp. KC8	1030157	S	11	3	14	0.0002924404
Sphingomonas panacis	1560345	S	14	0	14	0.0002924404
Novosphingobium resinovorum	158500	S	9	5	14	0.0002924404
Porphyrobacter sp. HT-58-2	2023229	S	12	2	14	0.0002924404
Paracoccus sp. BM15	1529068	S	14	0	14	0.0002924404
Paracoccus sp. Arc7-R13	2500532	S	13	1	14	0.0002924404
Sulfitobacter sp. THAF37	2587855	S	7	7	14	0.0002924404
Brevundimonas sp. SGAir0440	2579977	S	10	4	14	0.0002924404
Caulobacter flavus	1679497	S	12	2	14	0.0002924404
Magnetospirillum magneticum	84159	S	12	2	14	0.0002924404
Hypericibacter adhaerens	2602016	S	12	2	14	0.0002924404
Skermanella sp. TT6	2775420	S	6	8	14	0.0002924404
Phreatobacter sp. NMCR1094	2570229	S	13	1	14	0.0002924404
Aliarcobacter trophiarum	708186	S	14	0	14	0.0002924404
Myxococcus sp. SCHIC003	2813577	S	8	6	14	0.0002924404
Haliangium ochraceum	80816	S	14	0	14	0.0002924404
Nocardioides sp. S5	2017486	S	10	4	14	0.0002924404
Microbacterium sp. BH-3-3-3	1906742	S	13	1	14	0.0002924404
Rathayibacter festucae	110937	S	10	4	14	0.0002924404
Corynebacterium jeikeium	38289	S	7	7	14	0.0002924404
Rhodococcus sp. YL-1	1045808	S	3	11	14	0.0002924404
Candidatus Nanopelagicus hibericus	1884915	S	13	1	14	0.0002924404
Streptomyces venezuelae	54571	S	13	1	14	0.0002924404
Streptomyces viridifaciens	48665	S	4	10	14	0.0002924404
Actinoplanes sp. N902-109	649831	S	9	5	14	0.0002924404
Actinoplanes sp. OR16	946334	S	7	7	14	0.0002924404
Coprococcus sp. ART55/1	751585	S	11	3	14	0.0002924404
Streptococcus pneumoniae	1313	S	3	11	14	0.0002924404
Acidaminococcus intestini	187327	S	13	1	14	0.0002924404
Polaribacter sp. L12M9	2738844	S	9	5	14	0.0002924404
Kaistella jeonii	266749	S	14	0	14	0.0002924404
Elizabethkingia anophelis	1117645	S	4	10	14	0.0002924404
Pedobacter sp. CJ43	2605747	S	14	0	14	0.0002924404
Methanosarcina barkeri	2208	S	14	0	14	0.0002924404
Pseudomonas sp. C27(2019)	2604941	S	13	0	13	0.0002715518
Pseudomonas sp. DTU12.3	2073078	S	12	1	13	0.0002715518
Pseudomonas protegens	380021	S	12	1	13	0.0002715518
Enterobacter cloacae	550	S	5	8	13	0.0002715518
Aeromonas sp. ASNIH2	1636607	S	3	10	13	0.0002715518
Cellvibrio sp. KY-YJ-3	454662	S	12	1	13	0.0002715518
Diaphorobacter ruginosibacter	1715720	S	12	1	13	0.0002715518
Pandoraea pnomenusa	93220	S	9	4	13	0.0002715518
Janthinobacterium sp. 17J80-10	2497863	S	12	1	13	0.0002715518
Achromobacter denitrificans	32002	S	10	3	13	0.0002715518
Chromobacterium rhizoryzae	1778675	S	3	10	13	0.0002715518
Aromatoleum bremense	76115	S	11	2	13	0.0002715518
Methylotenera mobilis	359408	S	12	1	13	0.0002715518
Bradyrhizobium sp. WSM471	319017	S	4	9	13	0.0002715518
Bradyrhizobium sp. SG09	2599805	S	1	12	13	0.0002715518
Tardiphaga robiniae	943830	S	12	1	13	0.0002715518
Pseudolabrys taiwanensis	331696	S	12	1	13	0.0002715518
Nordella sp. HKS 07	2712222	S	13	0	13	0.0002715518
Sphingopyxis sp. QXT-31	1357916	S	12	1	13	0.0002715518
Rhodobacter blasticus	1075	S	13	0	13	0.0002715518
Rhodobacter capsulatus	1061	S	12	1	13	0.0002715518
Phenylobacterium zucineum	284016	S	12	1	13	0.0002715518
Melittangium boletus	83453	S	9	4	13	0.0002715518
Rathayibacter sp. VKM Ac-2759	2609252	S	11	2	13	0.0002715518
Leifsonia sp. PS1209	2724914	S	9	4	13	0.0002715518
Rothia mucilaginosa	43675	S	13	0	13	0.0002715518
Rhodococcus aetherivorans	191292	S	1	12	13	0.0002715518
Lachnospira eligens	39485	S	12	1	13	0.0002715518
Staphylococcus hominis	1290	S	11	2	13	0.0002715518
Lactiplantibacillus plantarum	1590	S	5	8	13	0.0002715518
Carnobacterium maltaromaticum	2751	S	13	0	13	0.0002715518
Jeotgalibaca porci	1868793	S	12	1	13	0.0002715518
Faecalitalea cylindroides	39483	S	8	5	13	0.0002715518
Faecalibacillus intestinalis	1982626	S	5	8	13	0.0002715518
Leptolyngbya sp. O-77	1080068	S	4	9	13	0.0002715518
Flavobacterium sp. P2-65	2748320	S	12	1	13	0.0002715518
Chryseobacterium sp. NEB161	2724619	S	8	5	13	0.0002715518
Bacteroides sp. M10	2763022	S	9	4	13	0.0002715518
Odoribacter splanchnicus	28118	S	12	1	13	0.0002715518
Mucilaginibacter sp. 14171R-50	2703789	S	13	0	13	0.0002715518
Panacibacter ginsenosidivorans	1813871	S	13	0	13	0.0002715518
Aquisphaera giovannonii	406548	S	10	3	13	0.0002715518
Opitutus terrae	107709	S	13	0	13	0.0002715518
Pseudomonas sp. TKP	1415630	S	2	10	12	0.0002506632
Pseudomonas alcaligenes	43263	S	10	2	12	0.0002506632
Acinetobacter sp. FDAARGOS_724	2545797	S	4	8	12	0.0002506632
Acinetobacter pittii	48296	S	5	7	12	0.0002506632
Acinetobacter wanghuae	2662362	S	12	0	12	0.0002506632
Thermomonas sp. SY21	2202149	S	10	2	12	0.0002506632
Pantoea vagans	470934	S	4	8	12	0.0002506632
Serratia plymuthica	82996	S	11	1	12	0.0002506632
Aeromonas sp. ASNIH1	1636606	S	2	10	12	0.0002506632
Aeromonas hydrophila	644	S	8	4	12	0.0002506632
Aeromonas caviae	648	S	4	8	12	0.0002506632
Thioalkalivibrio sulfidiphilus	1033854	S	10	2	12	0.0002506632
Thiothrix unzii	111769	S	12	0	12	0.0002506632
Ottowia sp. oral taxon 894	1658672	S	11	1	12	0.0002506632
Candidatus Symbiobacter mobilis	1436290	S	12	0	12	0.0002506632
Burkholderia gladioli	28095	S	11	1	12	0.0002506632
Paraburkholderia phytofirmans	261302	S	8	4	12	0.0002506632
Herbaspirillum frisingense	92645	S	8	4	12	0.0002506632
Collimonas fungivorans	158899	S	11	1	12	0.0002506632
Azoarcus sp. KH32C	748247	S	12	0	12	0.0002506632
Bradyrhizobium vignae	1549949	S	10	2	12	0.0002506632
Bradyrhizobium paxllaeri	190148	S	10	2	12	0.0002506632
Bradyrhizobium arachidis	858423	S	9	3	12	0.0002506632
Bosea sp. AS-1	2015316	S	9	3	12	0.0002506632
Methylobacterium sp. 17Sr1-43	2202828	S	11	1	12	0.0002506632
Methylobacterium indicum	1775910	S	10	2	12	0.0002506632
Methylobacterium oryzae	334852	S	1	11	12	0.0002506632
Hyphomicrobium sp. MC1	717785	S	10	2	12	0.0002506632
Sphingomonas sp. LMO-1	2681549	S	12	0	12	0.0002506632
Sphingomonas sp. XS-10	2599297	S	12	0	12	0.0002506632
Sphingomonas sp. MK52	2711156	S	12	0	12	0.0002506632
Sphingomonas hengshuiensis	1609977	S	12	0	12	0.0002506632
Sphingobium sp. RAC03	1843368	S	11	1	12	0.0002506632
Sphingobium cloacae	120107	S	4	8	12	0.0002506632
Sphingopyxis sp. PAMC25046	2565556	S	10	2	12	0.0002506632
Blastomonas fulva	1550728	S	6	6	12	0.0002506632
Celeribacter indicus	1208324	S	6	6	12	0.0002506632
Brevundimonas subvibrioides	74313	S	11	1	12	0.0002506632
Caulobacter sp. FWC26	69665	S	8	4	12	0.0002506632
Azospirillum lipoferum	193	S	9	3	12	0.0002506632
Acetobacter pasteurianus	438	S	2	10	12	0.0002506632
Stella humosa	94	S	12	0	12	0.0002506632
Microbacterium sp. Y-01	2048898	S	10	2	12	0.0002506632
Microbacterium sp. str. 'China'	2103230	S	2	10	12	0.0002506632
Leifsonia xyli	1575	S	9	3	12	0.0002506632
Herbiconiux sp. SALV-R1	2735133	S	11	1	12	0.0002506632
Mycolicibacterium nivoides	2487344	S	1	11	12	0.0002506632
Mycolicibacterium austroafricanum	39687	S	1	11	12	0.0002506632
Dietzia sp. oral taxon 368	712270	S	4	8	12	0.0002506632
Clostridium sp. DL-VIII	641107	S	12	0	12	0.0002506632
Clostridium tetani	1513	S	11	1	12	0.0002506632
Dysosmobacter welbionis	2093857	S	6	6	12	0.0002506632
Staphylococcus warneri	1292	S	8	4	12	0.0002506632
Aerococcus urinaeequi	51665	S	11	1	12	0.0002506632
Nostoc edaphicum	264686	S	6	6	12	0.0002506632
Candidatus Atelocyanobacterium thalassa	713887	S	9	3	12	0.0002506632
Spiroplasma melliferum	2134	S	5	7	12	0.0002506632
Kordia antarctica	1218801	S	12	0	12	0.0002506632
Chryseobacterium shandongense	1493872	S	8	4	12	0.0002506632
Chryseobacterium bernardetii	1241978	S	6	6	12	0.0002506632
Bacteroides sp. CACC 737	2755405	S	4	8	12	0.0002506632
Prevotella sp. WR041	2801997	S	12	0	12	0.0002506632
Botrimarina mediterranea	2528022	S	12	0	12	0.0002506632
Planctomyces sp. SH-PL62	1636152	S	7	5	12	0.0002506632
Singulisphaera acidiphila	466153	S	8	4	12	0.0002506632
Luteitalea pratensis	1855912	S	12	0	12	0.0002506632
uncultured crAssphage	1211417	S	12	0	12	0.0002506632
Invertebrate iridescent virus 31	345199	S	12	0	12	0.0002506632
Pseudomonas sp. IzPS59	2774459	S	8	3	11	0.0002297746
Pseudomonas sp. Z003-0.4C(8344-21)	1855380	S	6	5	11	0.0002297746
Pseudomonas alkylphenolica	237609	S	11	0	11	0.0002297746
Acinetobacter sp. WCHA55	2004646	S	7	4	11	0.0002297746
Acinetobacter equi	1324350	S	11	0	11	0.0002297746
Acinetobacter ursingii	108980	S	9	2	11	0.0002297746
Psychrobacter sp. P11F6	1699621	S	11	0	11	0.0002297746
Stenotrophomonas acidaminiphila	128780	S	7	4	11	0.0002297746
Luteimonas sp. YGD11-2	2508168	S	8	3	11	0.0002297746
Enterobacter asburiae	61645	S	3	8	11	0.0002297746
Methylococcus capsulatus	414	S	11	0	11	0.0002297746
Melaminivora sp. SC2-9	2109913	S	8	3	11	0.0002297746
Burkholderia cepacia	292	S	5	6	11	0.0002297746
Collimonas arenae	279058	S	10	1	11	0.0002297746
Thiomonas sp. X19	1050370	S	9	2	11	0.0002297746
Thiomonas intermedia	926	S	5	6	11	0.0002297746
Bordetella genomosp. 9	1416803	S	10	1	11	0.0002297746
Bordetella bronchiseptica	518	S	3	8	11	0.0002297746
Crenobacter cavernae	2290923	S	10	1	11	0.0002297746
Methyloversatilis sp. RAC08	1842540	S	11	0	11	0.0002297746
Candidatus Accumulibacter phosphatis	327160	S	11	0	11	0.0002297746
Bradyrhizobium sp. SK17	2057741	S	8	3	11	0.0002297746
Neorhizobium galegae	399	S	11	0	11	0.0002297746
Shinella sp. PSBB067	2715959	S	5	6	11	0.0002297746
Aminobacter sp. MSH1	374606	S	7	4	11	0.0002297746
Devosia sp. G19	2801335	S	10	1	11	0.0002297746
Devosia sp. MC521	2759954	S	8	3	11	0.0002297746
Methyloligella sp. GL2	2742204	S	11	0	11	0.0002297746
Sphingomonas sp. AP4-R1	2735134	S	11	0	11	0.0002297746
Sphingomonas sp. Cra20	1327635	S	11	0	11	0.0002297746
Sphingomonas panacisoli	1813879	S	11	0	11	0.0002297746
Sphingomonas lacunae	2698828	S	11	0	11	0.0002297746
Sphingobium sp. CAP-1	2676077	S	6	5	11	0.0002297746
Sphingopyxis sp. OPL5	2486273	S	11	0	11	0.0002297746
Altererythrobacter sp. TH136	2067415	S	10	1	11	0.0002297746
Aurantiacibacter atlanticus	1648404	S	6	5	11	0.0002297746
Paracoccus contaminans	1945662	S	10	1	11	0.0002297746
Rhodobacter sp. LPB0142	1850250	S	7	4	11	0.0002297746
Azospirillum ramasamyi	682998	S	8	3	11	0.0002297746
Myxococcus hansupus	1297742	S	8	3	11	0.0002297746
Anaeromyxobacter sp. K	447217	S	3	8	11	0.0002297746
Tessaracoccus defluvii	1285901	S	7	4	11	0.0002297746
Mycobacterium dioxanotrophicus	482462	S	9	2	11	0.0002297746
Gordonia polyisoprenivorans	84595	S	11	0	11	0.0002297746
Blautia producta	33035	S	6	5	11	0.0002297746
Staphylococcus argenteus	985002	S	4	7	11	0.0002297746
Enterococcus cecorum	44008	S	10	1	11	0.0002297746
Oscillatoria acuminata	118323	S	10	1	11	0.0002297746
Geminocystis sp. NIES-3708	1615909	S	9	2	11	0.0002297746
Pseudanabaena sp. ABRG5-3	685565	S	11	0	11	0.0002297746
Flavobacterium kingsejongi	1678728	S	10	1	11	0.0002297746
Kordia sp. SMS9	2282170	S	11	0	11	0.0002297746
Pedobacter sp. HDW13	2714940	S	10	1	11	0.0002297746
Mucilaginibacter gotjawali	1550579	S	11	0	11	0.0002297746
Sphingobacterium spiritivorum	258	S	9	2	11	0.0002297746
Sphingobacterium multivorum	28454	S	5	6	11	0.0002297746
Chitinophaga sp. 1303	2725414	S	4	7	11	0.0002297746
Pirellula sp. SH-Sr6A	1632865	S	11	0	11	0.0002297746
Anatilimnocola aggregata	2528021	S	8	3	11	0.0002297746
Pseudomonas sp. Y39-6	2749807	S	2	8	10	0.0002088860
Pseudomonas silesiensis	1853130	S	9	1	10	0.0002088860
Pseudomonas frederiksbergensis	104087	S	8	2	10	0.0002088860
Pseudomonas granadensis	1421430	S	7	3	10	0.0002088860
Acinetobacter sp. ACNIH2	1758189	S	8	2	10	0.0002088860
Luteibacter rhizovicinus	242606	S	8	2	10	0.0002088860
Klebsiella oxytoca	571	S	7	3	10	0.0002088860
Klebsiella grimontii	2058152	S	3	7	10	0.0002088860
Citrobacter sp. CFNIH10	1920110	S	2	8	10	0.0002088860
Rahnella aquatilis	34038	S	5	5	10	0.0002088860
Halorhodospira halophila	1053	S	9	1	10	0.0002088860
Rheinheimera sp. LHK132	2498451	S	10	0	10	0.0002088860
Acidovorax citrulli	80869	S	6	4	10	0.0002088860
Variovorax sp. PBS-H4	434008	S	7	3	10	0.0002088860
Serpentinomonas mccroryi	1458426	S	9	1	10	0.0002088860
Burkholderia glumae	337	S	9	1	10	0.0002088860
Cupriavidus oxalaticus	96344	S	7	3	10	0.0002088860
Ralstonia insidiosa	190721	S	8	2	10	0.0002088860
Limnobacter sp. SAORIC-580	2732163	S	10	0	10	0.0002088860
Algicoccus marinus	2163011	S	10	0	10	0.0002088860
Azoarcus sp. DD4	2027405	S	7	3	10	0.0002088860
Oryzomicrobium terrae	1735038	S	8	2	10	0.0002088860
Nitrosospira briensis	35799	S	10	0	10	0.0002088860
Sideroxydans lithotrophicus	63745	S	10	0	10	0.0002088860
Bradyrhizobium sp. CCBAU 53338	1325111	S	5	5	10	0.0002088860
Bradyrhizobium amphicarpaeae	1404768	S	7	3	10	0.0002088860
Methylobacterium sp. 17Sr1-1	2202826	S	8	2	10	0.0002088860
Methylobacterium nodulans	114616	S	10	0	10	0.0002088860
Methylobacterium currus	2051553	S	8	2	10	0.0002088860
Mesorhizobium sp. DCY119	2108445	S	8	2	10	0.0002088860
Devosia ginsengisoli	400770	S	9	1	10	0.0002088860
Caenibius tardaugens	169176	S	4	6	10	0.0002088860
Aureimonas sp. OT7	2816454	S	5	5	10	0.0002088860
Methylocystis rosea	173366	S	9	1	10	0.0002088860
Sphingobium herbicidovorans	76947	S	6	4	10	0.0002088860
Sphingopyxis sp. FD7	1914525	S	8	2	10	0.0002088860
Altererythrobacter atlanticus	1267766	S	6	4	10	0.0002088860
Pelagerythrobacter marensis	543877	S	10	0	10	0.0002088860
Pseudorhodobacter turbinis	2500533	S	10	0	10	0.0002088860
Roseivivax sp. THAF30	2587852	S	6	4	10	0.0002088860
Brevundimonas sp. MF30-B	2561924	S	10	0	10	0.0002088860
Caulobacter segnis	88688	S	8	2	10	0.0002088860
Asticcacaulis excentricus	78587	S	10	0	10	0.0002088860
Roseomonas sp. 546	2768162	S	10	0	10	0.0002088860
Magnetococcus marinus	1124597	S	10	0	10	0.0002088860
Sulfurospirillum sp. UCH001	1581011	S	5	5	10	0.0002088860
Anaeromyxobacter sp. Fw109-5	404589	S	10	0	10	0.0002088860
Labilithrix luteola	1391654	S	10	0	10	0.0002088860
Microbacterium sp. XT11	367477	S	9	1	10	0.0002088860
Microbacterium lemovicicum	1072463	S	9	1	10	0.0002088860
Arthrobacter crystallopoietes	37928	S	10	0	10	0.0002088860
Dermabacter vaginalis	1630135	S	8	2	10	0.0002088860
Mycolicibacterium vaccae	1810	S	9	1	10	0.0002088860
Gordonia insulae	2420509	S	10	0	10	0.0002088860
Dietzia lutea	546160	S	5	5	10	0.0002088860
Streptomyces xinghaiensis	1038928	S	10	0	10	0.0002088860
Streptomyces seoulensis	73044	S	9	1	10	0.0002088860
Bifidobacterium pseudocatenulatum	28026	S	7	3	10	0.0002088860
Actinomarinicola tropica	2789776	S	10	0	10	0.0002088860
Enterocloster clostridioformis	1531	S	3	7	10	0.0002088860
Clostridium beijerinckii	1520	S	7	3	10	0.0002088860
Flavonifractor plautii	292800	S	10	0	10	0.0002088860
Bacillus velezensis	492670	S	3	7	10	0.0002088860
Streptococcus equinus	1335	S	7	3	10	0.0002088860
Megasphaera elsdenii	907	S	10	0	10	0.0002088860
Nostoc sp. CENA543	1869241	S	9	1	10	0.0002088860
Calothrix brevissima	938406	S	5	5	10	0.0002088860
Moorea producens	1155739	S	10	0	10	0.0002088860
Microcystis aeruginosa	1126	S	7	3	10	0.0002088860
Stanieria cyanosphaera	102116	S	6	4	10	0.0002088860
Flavobacterium sp. xlx-214	2654325	S	9	1	10	0.0002088860
Chryseobacterium gallinarum	1324352	S	9	1	10	0.0002088860
Kaistella flava (ex Peng et al. 2021)	2038776	S	10	0	10	0.0002088860
Chryseobacterium lactis	1241981	S	7	3	10	0.0002088860
Pedobacter heparinus	984	S	10	0	10	0.0002088860
Pedobacter cryoconitis	188932	S	10	0	10	0.0002088860
Planctomyces sp. SH-PL14	1632864	S	9	1	10	0.0002088860
Humisphaera borealis	2807512	S	10	0	10	0.0002088860
Pseudomonas sp. TUM18999	2725477	S	8	1	9	0.0001879974
Pseudomonas sp. DTU12.1	2654238	S	4	5	9	0.0001879974
Pseudomonas trivialis	200450	S	8	1	9	0.0001879974
Pseudomonas viridiflava	33069	S	9	0	9	0.0001879974
Pseudomonas mendocina	300	S	8	1	9	0.0001879974
Pseudomonas saudiphocaensis	1499686	S	9	0	9	0.0001879974
Pseudomonas rhizosphaerae	216142	S	9	0	9	0.0001879974
Stenotrophomonas sp. LM091	1904944	S	9	0	9	0.0001879974
Raoultella terrigena	577	S	2	7	9	0.0001879974
Pantoea sp. PSNIH1	1484158	S	6	3	9	0.0001879974
Halomonas titanicae	664683	S	3	6	9	0.0001879974
Aeromonas sp. CA23	2033032	S	9	0	9	0.0001879974
Thioalkalivibrio nitratireducens	186931	S	8	1	9	0.0001879974
Sulfuricaulis limicola	1620215	S	9	0	9	0.0001879974
Acidovorax cattleyae	80868	S	6	3	9	0.0001879974
Serpentinomonas raichei	1458425	S	8	1	9	0.0001879974
Pulveribacter suum	2116657	S	8	1	9	0.0001879974
Burkholderia ambifaria	152480	S	4	5	9	0.0001879974
Burkholderia sp. MSMB617WGS	1637831	S	4	5	9	0.0001879974
Paraburkholderia caffeinilytica	1761016	S	8	1	9	0.0001879974
Paraburkholderia caledonica	134536	S	8	1	9	0.0001879974
Paraburkholderia fungorum	134537	S	8	1	9	0.0001879974
Paraburkholderia xenovorans	36873	S	5	4	9	0.0001879974
Achromobacter sp. B7	2282475	S	8	1	9	0.0001879974
Achromobacter spanius	217203	S	8	1	9	0.0001879974
Bordetella bronchialis	463025	S	9	0	9	0.0001879974
Chromobacterium violaceum	536	S	7	2	9	0.0001879974
Chitinibacter sp. 2T18	2739434	S	6	3	9	0.0001879974
Laribacter hongkongensis	168471	S	7	2	9	0.0001879974
Azoarcus sp. M9-3-2	2016596	S	9	0	9	0.0001879974
Azoarcus communis	41977	S	8	1	9	0.0001879974
Thauera chlorobenzoica	96773	S	5	4	9	0.0001879974
Methylobacillus flagellatus	405	S	8	1	9	0.0001879974
Bradyrhizobium sp. CCBAU 53340	1325112	S	5	4	9	0.0001879974
Bradyrhizobium icense	1274631	S	8	1	9	0.0001879974
Methylobacterium sp. DM1	2067957	S	5	4	9	0.0001879974
Paradevosia shaoguanensis	1335043	S	3	6	9	0.0001879974
Sphingomonas sp. CL5.1	2653203	S	8	1	9	0.0001879974
Sphingomonas insulae	424800	S	9	0	9	0.0001879974
Sphingopyxis granuli	267128	S	2	7	9	0.0001879974
Altererythrobacter sp. B11	2060312	S	7	2	9	0.0001879974
Paracoccus sp. MC1862	2760307	S	9	0	9	0.0001879974
Phaeobacter gallaeciensis	60890	S	5	4	9	0.0001879974
Pelagibaca abyssi	1250539	S	5	4	9	0.0001879974
Confluentimicrobium sp. EMB200-NS6	1609966	S	4	5	9	0.0001879974
Brevundimonas sp. LM2	1938605	S	9	0	9	0.0001879974
Brevundimonas sp. GRTSA-9	2800818	S	9	0	9	0.0001879974
Terricaulis silvestris	2686094	S	9	0	9	0.0001879974
Arcobacter defluvii	873191	S	8	1	9	0.0001879974
Arcobacter ellisii	913109	S	8	1	9	0.0001879974
Myxococcus stipitatus	83455	S	5	4	9	0.0001879974
Chondromyces crocatus	52	S	9	0	9	0.0001879974
Desulfovibrio sulfodismutans	63561	S	8	1	9	0.0001879974
Micropruina glycogenica	75385	S	9	0	9	0.0001879974
Microbacterium oleivorans	273677	S	9	0	9	0.0001879974
Agromyces protaetiae	2509455	S	7	2	9	0.0001879974
Salinibacterium sp. UTAS2018	2508880	S	9	0	9	0.0001879974
Agrococcus jejuensis	399736	S	6	3	9	0.0001879974
Gryllotalpicola protaetiae	2419771	S	8	1	9	0.0001879974
Micrococcus sp. KBS0714	1179670	S	1	8	9	0.0001879974
Paenarthrobacter sp. YJN-D	2735317	S	8	1	9	0.0001879974
Brachybacterium faecium	43669	S	8	1	9	0.0001879974
Candidatus Nanopelagicus abundans	1884916	S	8	1	9	0.0001879974
Streptomyces sp. TLI_053	1855352	S	9	0	9	0.0001879974
Bifidobacterium angulatum	1683	S	9	0	9	0.0001879974
Actinoplanes teichomyceticus	1867	S	8	1	9	0.0001879974
Arcanobacterium sp. JY-X040	2758440	S	8	1	9	0.0001879974
Conexibacter sp. SYSU D00693	2812560	S	9	0	9	0.0001879974
Hungatella hathewayi	154046	S	9	0	9	0.0001879974
Paenibacillus polymyxa	1406	S	3	6	9	0.0001879974
Ureibacillus thermosphaericus	51173	S	6	3	9	0.0001879974
Lactococcus garvieae	1363	S	7	2	9	0.0001879974
Weissella cibaria	137591	S	8	1	9	0.0001879974
Calothrix parietina	32054	S	8	1	9	0.0001879974
Deinococcus metallilatus	1211322	S	9	0	9	0.0001879974
Flavobacterium album	2175091	S	9	0	9	0.0001879974
Gillisia sp. Hel1_33_143	1336796	S	7	2	9	0.0001879974
Chryseobacterium nakagawai	1241982	S	4	5	9	0.0001879974
Ornithobacterium rhinotracheale	28251	S	8	1	9	0.0001879974
Bacteroides sp. HF-5287	2650157	S	8	1	9	0.0001879974
Paraprevotella xylaniphila	454155	S	8	1	9	0.0001879974
Pedobacter sp. PACM 27299	1727164	S	9	0	9	0.0001879974
Mucilaginibacter ginsenosidivorans	398053	S	9	0	9	0.0001879974
Mucilaginibacter mallensis	652787	S	9	0	9	0.0001879974
Sphingobacterium siyangense	459529	S	2	7	9	0.0001879974
Leadbetterella byssophila	316068	S	8	1	9	0.0001879974
Marivirga tractuosa	1006	S	5	4	9	0.0001879974
Gemmatimonas phototrophica	1379270	S	9	0	9	0.0001879974
Caulifigura coniformis	2527983	S	9	0	9	0.0001879974
Flavobacterium phage vB_FspS_tooticki6-1	2686279	S	3	6	9	0.0001879974
Pseudomonas sp. 15A4	2804761	S	7	1	8	0.0001671088
Pseudomonas sp. UW4	1207075	S	5	3	8	0.0001671088
Pseudomonas sp. B14-6	2738843	S	2	6	8	0.0001671088
Pseudomonas brenneri	129817	S	7	1	8	0.0001671088
Pseudomonas extremaustralis	359110	S	7	1	8	0.0001671088
Acinetobacter sp. TGL-Y2	1407071	S	8	0	8	0.0001671088
Acinetobacter sp. YH12138	2601122	S	6	2	8	0.0001671088
Acinetobacter nosocomialis	106654	S	6	2	8	0.0001671088
Acinetobacter seifertii	1530123	S	6	2	8	0.0001671088
Acinetobacter cumulans	2136182	S	7	1	8	0.0001671088
Psychrobacter urativorans	45610	S	8	0	8	0.0001671088
Psychrobacter cryohalolentis	330922	S	6	2	8	0.0001671088
Xanthomonas axonopodis	53413	S	8	0	8	0.0001671088
Proteus vulgaris	585	S	5	3	8	0.0001671088
Cobetia sp. cqz5-12	2609415	S	2	6	8	0.0001671088
Shewanella sp. WE21	2029986	S	7	1	8	0.0001671088
Shewanella putrefaciens	24	S	5	3	8	0.0001671088
Legionella longbeachae	450	S	7	1	8	0.0001671088
Halioglobus maricola	2601894	S	8	0	8	0.0001671088
Methylococcus sp. EFPC2	2812648	S	8	0	8	0.0001671088
Steroidobacter denitrificans	465721	S	8	0	8	0.0001671088
Candidatus Thioglobus singularis	1427364	S	8	0	8	0.0001671088
Delftia tsuruhatensis	180282	S	2	6	8	0.0001671088
Burkholderia contaminans	488447	S	5	3	8	0.0001671088
Burkholderia multivorans	87883	S	3	5	8	0.0001671088
Burkholderia cenocepacia	95486	S	3	5	8	0.0001671088
Pandoraea apista	93218	S	6	2	8	0.0001671088
Herbaspirillum rubrisubalbicans	80842	S	6	2	8	0.0001671088
Herbaspirillum robiniae	2014887	S	6	2	8	0.0001671088
Achromobacter insolitus	217204	S	7	1	8	0.0001671088
Bordetella hinzii	103855	S	7	1	8	0.0001671088
Pigmentiphaga aceris	1940612	S	8	0	8	0.0001671088
Azoarcus olearius	418699	S	6	2	8	0.0001671088
Bradyrhizobium sp. PSBB068	2715960	S	7	1	8	0.0001671088
Bradyrhizobium sp. 6(2017)	1197460	S	7	1	8	0.0001671088
Bradyrhizobium sp. CCBAU 53421	1325120	S	7	1	8	0.0001671088
Neorhizobium sp. NCHU2750	1825976	S	7	1	8	0.0001671088
Mesorhizobium sp. M1A.F.Ca.IN.022.06.1.1	2493680	S	6	2	8	0.0001671088
Ancylobacter pratisalsi	1745854	S	7	1	8	0.0001671088
Hartmannibacter diazotrophicus	1482074	S	7	1	8	0.0001671088
Sphingomonas sp. C33	2698679	S	8	0	8	0.0001671088
Sphingobium chlorophenolicum	46429	S	5	3	8	0.0001671088
Sphingopyxis fribergensis	1515612	S	7	1	8	0.0001671088
Novosphingobium sp. Gsoil 351	2675225	S	8	0	8	0.0001671088
Tardibacter chloracetimidivorans	1921510	S	4	4	8	0.0001671088
Sulfitobacter sp. AM1-D1	1917485	S	3	5	8	0.0001671088
Leisingera sp. NJS201	2508306	S	1	7	8	0.0001671088
Pontivivens sp. MT2928	2789856	S	8	0	8	0.0001671088
Rhodobaca barguzinensis	441209	S	8	0	8	0.0001671088
Dinoroseobacter shibae	215813	S	4	4	8	0.0001671088
Brevundimonas sp. AJA228-03	2752515	S	8	0	8	0.0001671088
Brevundimonas sp. LVF1	2774189	S	7	1	8	0.0001671088
Azospirillum oryzae	286727	S	5	3	8	0.0001671088
Ferrovibrio terrae	2594003	S	8	0	8	0.0001671088
Komagataeibacter xylinus	28448	S	4	4	8	0.0001671088
Roseococcus sp. NIBR12	2771361	S	8	0	8	0.0001671088
Hyphomonas sp. KY3	2016196	S	7	1	8	0.0001671088
Aliarcobacter faecis	1564138	S	8	0	8	0.0001671088
[Arcobacter] porcinus	1935204	S	7	1	8	0.0001671088
Desulfovibrio sp. G11	631220	S	4	4	8	0.0001671088
Geobacter sp. M18	443143	S	5	3	8	0.0001671088
Nocardioides humi	449461	S	7	1	8	0.0001671088
Nocardioides anomalus	2712223	S	7	1	8	0.0001671088
Nocardioides aromaticivorans	200618	S	6	2	8	0.0001671088
Microbacterium sp. CBA3102	2603598	S	7	1	8	0.0001671088
Microbacterium paludicola	300019	S	2	6	8	0.0001671088
Candidatus Rhodoluna planktonica	535712	S	8	0	8	0.0001671088
Plantibacter flavus	150123	S	5	3	8	0.0001671088
Curtobacterium sp. SGAir0471	2070337	S	6	2	8	0.0001671088
Agromyces badenianii	2080742	S	6	2	8	0.0001671088
Brevibacterium linens	1703	S	7	1	8	0.0001671088
Cellulomonas taurus	2729175	S	8	0	8	0.0001671088
Rhodococcus sp. PBTS 2	1653479	S	5	3	8	0.0001671088
Mycolicibacterium frederiksbergense	117567	S	6	2	8	0.0001671088
Mycolicibacterium aichiense	1799	S	6	2	8	0.0001671088
Mycobacterium sp. ELW1	1547487	S	6	2	8	0.0001671088
Mycobacterium gordonae	1778	S	8	0	8	0.0001671088
Mycobacterium xenopi	1789	S	8	0	8	0.0001671088
Gordonia sp. 135	2676309	S	4	4	8	0.0001671088
Streptomyces antibioticus	1890	S	8	0	8	0.0001671088
Streptomyces griseofuscus	146922	S	2	6	8	0.0001671088
Nakamurella sp. PAMC28650	2762325	S	8	0	8	0.0001671088
Butyrivibrio fibrisolvens	831	S	8	0	8	0.0001671088
Pseudobutyrivibrio xylanivorans	185007	S	8	0	8	0.0001671088
Bacillus circulans	1397	S	8	0	8	0.0001671088
Alicyclobacillus sp. SO9	2665646	S	8	0	8	0.0001671088
Streptococcus sp. CNU G3	2698804	S	1	7	8	0.0001671088
Lactococcus raffinolactis	1366	S	8	0	8	0.0001671088
Lactobacillus delbrueckii	1584	S	5	3	8	0.0001671088
Leuconostoc pseudomesenteroides	33968	S	4	4	8	0.0001671088
Nostoc punctiforme	272131	S	2	6	8	0.0001671088
Anabaena cylindrica	1165	S	7	1	8	0.0001671088
Calothrix sp. PCC 7507	99598	S	5	3	8	0.0001671088
Calothrix sp. NIES-2100	1954172	S	2	6	8	0.0001671088
Microcystis viridis	44822	S	3	5	8	0.0001671088
Mycoplasma leachii	2105	S	8	0	8	0.0001671088
Thermus thermophilus	274	S	5	3	8	0.0001671088
Thermus parvatiensis	456163	S	2	6	8	0.0001671088
Formosa sp. Hel1_33_131	1336794	S	8	0	8	0.0001671088
Aquimarina sp. TRL1	2736252	S	8	0	8	0.0001671088
Mariniflexile sp. TRM1-10	2027857	S	8	0	8	0.0001671088
Oceanihabitans sp. IOP_32	2529032	S	6	2	8	0.0001671088
Chryseobacterium sp. cx-624	2758037	S	8	0	8	0.0001671088
Chryseobacterium sp. G0201	2487065	S	7	1	8	0.0001671088
Chryseobacterium arthrosphaerae	651561	S	6	2	8	0.0001671088
Candidatus Sulcia muelleri	336810	S	8	0	8	0.0001671088
Bacteroides intestinalis	329854	S	8	0	8	0.0001671088
Phocaeicola coprophilus	387090	S	7	1	8	0.0001671088
Pedobacter sp. JBR3-12	2789740	S	8	0	8	0.0001671088
Pedobacter suwonensis	332999	S	7	1	8	0.0001671088
Mucilaginibacter gossypii	551996	S	3	5	8	0.0001671088
Solitalea canadensis	995	S	8	0	8	0.0001671088
Dyadobacter fermentans	94254	S	7	1	8	0.0001671088
Niabella soli	446683	S	8	0	8	0.0001671088
Gemmatimonas sp. TET16	2732249	S	8	0	8	0.0001671088
Lacipirellula parvula	2650471	S	8	0	8	0.0001671088
Gimesia panareensis	2527978	S	7	1	8	0.0001671088
Alienimonas californiensis	2527989	S	7	1	8	0.0001671088
Maioricimonas rarisocia	2528026	S	6	2	8	0.0001671088
Tautonia plasticadhaerens	2527974	S	7	1	8	0.0001671088
Terriglobus roseus	392734	S	7	1	8	0.0001671088
Leptotrichia hongkongensis	554406	S	7	1	8	0.0001671088
Methanosarcina sp. Kolksee	1434099	S	5	3	8	0.0001671088
Candidatus Nitrosocosmicus hydrocola	1826872	S	8	0	8	0.0001671088
Pseudomonas sp. DY-1	1755504	S	7	0	7	0.0001462202
Pseudomonas sp. CC6-YY-74	1930532	S	7	0	7	0.0001462202
Pseudomonas sp. R5-89-07	658644	S	6	1	7	0.0001462202
Pseudomonas sp. ADAK13	2730847	S	6	1	7	0.0001462202
Pseudomonas sp. LBUM920	2126069	S	4	3	7	0.0001462202
Pseudomonas sp.	306	S	1	6	7	0.0001462202
Pseudomonas cichorii	36746	S	7	0	7	0.0001462202
Pseudomonas entomophila	312306	S	7	0	7	0.0001462202
Pseudomonas umsongensis	198618	S	7	0	7	0.0001462202
Pseudomonas graminis	158627	S	6	1	7	0.0001462202
Pseudomonas lurida	244566	S	6	1	7	0.0001462202
Pseudomonas thivervalensis	86265	S	6	1	7	0.0001462202
Pseudomonas knackmussii	65741	S	5	2	7	0.0001462202
Acinetobacter sp. LoGeW2-3	1808001	S	7	0	7	0.0001462202
Acinetobacter chinensis	2004650	S	5	2	7	0.0001462202
Stenotrophomonas sp. CW117	2775920	S	1	6	7	0.0001462202
Lysobacter antibioticus	84531	S	7	0	7	0.0001462202
Lysobacter solisilvae	2763317	S	7	0	7	0.0001462202
Pseudolysobacter antarcticus	2511995	S	7	0	7	0.0001462202
Klebsiella michiganensis	1134687	S	4	3	7	0.0001462202
Enterobacter sp. HK169	1868135	S	2	5	7	0.0001462202
Pantoea dispersa	59814	S	6	1	7	0.0001462202
Yersinia pestis	632	S	2	5	7	0.0001462202
Alteromonas macleodii	28108	S	6	1	7	0.0001462202
Agarivorans gilvus	680279	S	7	0	7	0.0001462202
Vibrio vulnificus	672	S	7	0	7	0.0001462202
Legionella sp. TUM19329	2708020	S	7	0	7	0.0001462202
Cellvibrio sp. PSBB023	1945512	S	7	0	7	0.0001462202
Cellvibrio sp. PSBB006	1987723	S	7	0	7	0.0001462202
Thiothrix sp. Ku-5	2735563	S	7	0	7	0.0001462202
Histophilus somni	731	S	4	3	7	0.0001462202
Solimonas sp. K1W22B-7	2303331	S	7	0	7	0.0001462202
Polaromonas sp.	1869339	S	3	4	7	0.0001462202
Paraburkholderia hospita	169430	S	4	3	7	0.0001462202
Chitinimonas arctica	2594795	S	7	0	7	0.0001462202
Bordetella petrii	94624	S	4	3	7	0.0001462202
Kerstersia gyiorum	206506	S	7	0	7	0.0001462202
Aquitalea sp. USM4	1590041	S	6	1	7	0.0001462202
Nitrosomonas ureae	44577	S	5	2	7	0.0001462202
Candidatus Kinetoplastibacterium sorsogonicusi	1576550	S	7	0	7	0.0001462202
Bradyrhizobium sp. ORS 285	115808	S	6	1	7	0.0001462202
Bradyrhizobium genosp. B	83627	S	6	1	7	0.0001462202
Bradyrhizobium betae	244734	S	4	3	7	0.0001462202
Nitrobacter hamburgensis	912	S	7	0	7	0.0001462202
Methylobacterium terrae	2202827	S	6	1	7	0.0001462202
Agrobacterium vitis	373	S	7	0	7	0.0001462202
Agrobacterium sp. CGMCC 11546	2579248	S	2	5	7	0.0001462202
Sinorhizobium meliloti	382	S	6	1	7	0.0001462202
Mesorhizobium sp. INR15	2654248	S	7	0	7	0.0001462202
Mesorhizobium sp. N3	675281	S	6	1	7	0.0001462202
Mesorhizobium japonicum	2066070	S	4	3	7	0.0001462202
Devosia sp. I507	2083786	S	6	1	7	0.0001462202
Aquabacter sp. L1I39	2820278	S	7	0	7	0.0001462202
Brucella anthropi	529	S	1	6	7	0.0001462202
Blastomonas sp. RAC04	1842535	S	5	2	7	0.0001462202
Novosphingopyxis sp. PB63	2762729	S	6	1	7	0.0001462202
Paracoccus jeotgali	2065379	S	7	0	7	0.0001462202
Paracoccus suum	2259340	S	6	1	7	0.0001462202
Paracoccus mutanolyticus	1499308	S	3	4	7	0.0001462202
Rhodovulum sp. P5	1564506	S	6	1	7	0.0001462202
Silicimonas algicola	1826607	S	7	0	7	0.0001462202
Caulobacter rhizosphaerae	2010972	S	6	1	7	0.0001462202
Phenylobacterium parvum	2201350	S	7	0	7	0.0001462202
Azospirillum thermophilum	2202148	S	7	0	7	0.0001462202
Magnetospirillum sp. ME-1	1639348	S	6	1	7	0.0001462202
Skermanella pratensis	2233999	S	4	3	7	0.0001462202
Tistrella mobilis	171437	S	6	1	7	0.0001462202
Phreatobacter stygius	1940610	S	7	0	7	0.0001462202
Micavibrio aeruginosavorus	349221	S	7	0	7	0.0001462202
Arcobacter aquimarinus	1315211	S	6	1	7	0.0001462202
Campylobacter jejuni	197	S	2	5	7	0.0001462202
Helicobacter pylori	210	S	6	1	7	0.0001462202
Tessaracoccus sp. MC1865	2760310	S	6	1	7	0.0001462202
Microlunatus phosphovorus	29405	S	7	0	7	0.0001462202
Brevilactibacter sp. MC1595	2819349	S	7	0	7	0.0001462202
Nocardioides sp. zg-1228	2763008	S	6	1	7	0.0001462202
Microbacterium sp. A18JL241	2782166	S	7	0	7	0.0001462202
Microbacterium testaceum	2033	S	7	0	7	0.0001462202
Curtobacterium sp. 24E2	2804758	S	6	1	7	0.0001462202
Leifsonia sp. 21MFCrub1.1	1798223	S	1	6	7	0.0001462202
Kocuria indica	1049583	S	6	1	7	0.0001462202
Brachybacterium avium	2017485	S	6	1	7	0.0001462202
Corynebacterium pseudotuberculosis	1719	S	7	0	7	0.0001462202
Corynebacterium resistens	258224	S	5	2	7	0.0001462202
Rhodococcus opacus	37919	S	5	2	7	0.0001462202
Rhodococcus biphenylivorans	1500843	S	1	6	7	0.0001462202
Nocardia cyriacigeorgica	135487	S	6	1	7	0.0001462202
Mycolicibacterium fluoranthenivorans	258505	S	7	0	7	0.0001462202
Mycobacterium sp. DL592	2675524	S	7	0	7	0.0001462202
Gordonia alkanivorans	84096	S	3	4	7	0.0001462202
Dietzia psychralcaliphila	139021	S	5	2	7	0.0001462202
Streptomyces sp. GS7	2692234	S	7	0	7	0.0001462202
Streptomyces bingchenggensis	379067	S	7	0	7	0.0001462202
Streptomyces cadmiisoli	2184053	S	7	0	7	0.0001462202
Streptomyces exfoliatus	1905	S	7	0	7	0.0001462202
Streptomyces scabiei	1930	S	1	6	7	0.0001462202
Pseudonocardia dioxanivorans	240495	S	7	0	7	0.0001462202
Pseudonocardia broussonetiae	2736640	S	7	0	7	0.0001462202
Actinomadura sp. WMMB 499	1219491	S	6	1	7	0.0001462202
Candidatus Frankia datiscae	2716812	S	7	0	7	0.0001462202
Jiangella alkaliphila	419479	S	7	0	7	0.0001462202
Enterocloster bolteae	208479	S	6	1	7	0.0001462202
Clostridium estertheticum	238834	S	7	0	7	0.0001462202
Clostridium saccharobutylicum	169679	S	7	0	7	0.0001462202
Clostridium saccharoperbutylacetonicum	36745	S	7	0	7	0.0001462202
Ruthenibacterium lactatiformans	1550024	S	7	0	7	0.0001462202
Eubacterium sp. NSJ-61	2764325	S	5	2	7	0.0001462202
Clostridioides difficile	1496	S	6	1	7	0.0001462202
Bacillus mycoides	1405	S	5	2	7	0.0001462202
Geobacillus thermoleovorans	33941	S	2	5	7	0.0001462202
Priestia megaterium	1404	S	3	4	7	0.0001462202
Leuconostoc mesenteroides	1245	S	5	2	7	0.0001462202
Loigolactobacillus coryniformis	1610	S	6	1	7	0.0001462202
[Clostridium] innocuum	1522	S	6	1	7	0.0001462202
Nostoc sphaeroides	446679	S	3	4	7	0.0001462202
Calothrix parasitica	1973486	S	7	0	7	0.0001462202
Microcoleus sp. PCC 7113	1173027	S	6	1	7	0.0001462202
[Phormidium] sp. ETS-05	222819	S	7	0	7	0.0001462202
Geminocystis herdmanii	669359	S	7	0	7	0.0001462202
Synechococcus sp. ROS8604	1442557	S	6	1	7	0.0001462202
Gloeomargarita lithophora	1188228	S	7	0	7	0.0001462202
Polaribacter sp. KT 15	1896175	S	1	6	7	0.0001462202
Tenacibaculum dicentrarchi	669041	S	6	1	7	0.0001462202
Tenacibaculum todarodis	1850252	S	6	1	7	0.0001462202
Capnocytophaga gingivalis	1017	S	7	0	7	0.0001462202
Myroides sp. A21	1583100	S	2	5	7	0.0001462202
Maribacter sp. HTCC2170	313603	S	6	1	7	0.0001462202
Algibacter alginicilyticus	1736674	S	6	1	7	0.0001462202
Flavivirga eckloniae	1803846	S	7	0	7	0.0001462202
Amniculibacterium sp. G2-70	2767188	S	5	2	7	0.0001462202
Chryseobacterium sp. IHB B 17019	1721091	S	7	0	7	0.0001462202
Empedobacter brevis	247	S	6	1	7	0.0001462202
Parabacteroides goldsteinii	328812	S	7	0	7	0.0001462202
Mucilaginibacter celer	2305508	S	7	0	7	0.0001462202
Spirosoma sp. PL0136	2710596	S	7	0	7	0.0001462202
Spirosoma rigui	564064	S	7	0	7	0.0001462202
Runella sp. SP2	2268026	S	7	0	7	0.0001462202
Adhaeribacter radiodurans	2745197	S	7	0	7	0.0001462202
Flavisolibacter tropicus	1492898	S	7	0	7	0.0001462202
Pseudobacter ginsenosidimutans	661488	S	7	0	7	0.0001462202
Paraflavitalea soli	2315862	S	7	0	7	0.0001462202
Chlorobium phaeobacteroides	1096	S	4	3	7	0.0001462202
Fusobacterium nucleatum	851	S	6	1	7	0.0001462202
Pseudomonas sp. ADAK18	2730848	S	6	0	6	0.0001253316
Pseudomonas sp. LAB-08	143813	S	6	0	6	0.0001253316
Pseudomonas orientalis	76758	S	5	1	6	0.0001253316
Pseudomonas oleovorans	301	S	2	4	6	0.0001253316
Pseudomonas arsenicoxydans	702115	S	6	0	6	0.0001253316
Pseudomonas oryzae	1392877	S	6	0	6	0.0001253316
Pseudomonas allokribbensis	2774460	S	5	1	6	0.0001253316
Pseudomonas toyotomiensis	554344	S	3	3	6	0.0001253316
Acinetobacter tandoii	202954	S	6	0	6	0.0001253316
Acinetobacter soli	487316	S	6	0	6	0.0001253316
Psychrobacter sp. PRwf-1	349106	S	3	3	6	0.0001253316
Lysobacter sp. HDW10	2714936	S	6	0	6	0.0001253316
Lysobacter lycopersici	1324796	S	6	0	6	0.0001253316
Luteimonas granuli	1176533	S	5	1	6	0.0001253316
Thermomonas sp. XSG	2771436	S	5	1	6	0.0001253316
Dyella thiooxydans	445710	S	6	0	6	0.0001253316
Enterobacter kobei	208224	S	1	5	6	0.0001253316
Phytobacter ursingii	1972431	S	4	2	6	0.0001253316
Tatumella citrea	53336	S	6	0	6	0.0001253316
Rahnella sp. ERMR1:05	1805933	S	6	0	6	0.0001253316
Providencia rettgeri	587	S	3	3	6	0.0001253316
Shewanella polaris	2588449	S	4	2	6	0.0001253316
Colwellia sp. MT41	58049	S	6	0	6	0.0001253316
Vibrio harveyi	669	S	5	1	6	0.0001253316
Vibrio rumoiensis	76258	S	5	1	6	0.0001253316
Thiothrix sp.	1032	S	6	0	6	0.0001253316
Comamonas sp. NLF-7-7	2597701	S	5	1	6	0.0001253316
Burkholderia stabilis	95485	S	4	2	6	0.0001253316
Burkholderia lata	482957	S	4	2	6	0.0001253316
Burkholderia thailandensis	57975	S	5	1	6	0.0001253316
Burkholderia plantarii	41899	S	6	0	6	0.0001253316
Paraburkholderia acidisoli	2571748	S	6	0	6	0.0001253316
Cupriavidus pinatubonensis	248026	S	4	2	6	0.0001253316
Caballeronia insecticola	758793	S	6	0	6	0.0001253316
Herbaspirillum sp. meg3	2025949	S	6	0	6	0.0001253316
Achromobacter pestifer	1353889	S	4	2	6	0.0001253316
Bordetella genomosp. 13	463040	S	5	1	6	0.0001253316
Pigmentiphaga sp. H8	2488560	S	6	0	6	0.0001253316
Pusillimonas sp. DMV24BSW_D	2716226	S	6	0	6	0.0001253316
Denitratisoma oestradiolicum	311182	S	6	0	6	0.0001253316
Sulfuriferula plumbiphila	171865	S	5	1	6	0.0001253316
Bradyrhizobium sp. BTAi1	288000	S	6	0	6	0.0001253316
Afipia sp. GAS231	1882747	S	3	3	6	0.0001253316
Methylobacterium sp. 4-46	426117	S	6	0	6	0.0001253316
Rhizobium favelukesii	348824	S	5	1	6	0.0001253316
Rhizobium pusense	648995	S	1	5	6	0.0001253316
Ensifer sojae	716925	S	5	1	6	0.0001253316
Mesorhizobium sp. L-8-10	2744523	S	1	5	6	0.0001253316
Mesorhizobium sp. L-8-3	2744522	S	1	5	6	0.0001253316
Mesorhizobium australicum	536018	S	5	1	6	0.0001253316
Mesorhizobium huakuii	28104	S	2	4	6	0.0001253316
Devosia sp. LEGU1	2774137	S	6	0	6	0.0001253316
Pelagibacterium halotolerans	531813	S	6	0	6	0.0001253316
Labrys sp. KNU-23	2789216	S	6	0	6	0.0001253316
Labrenzia sp. VG12	2021862	S	5	1	6	0.0001253316
Labrenzia sp. THAF82	2587861	S	5	1	6	0.0001253316
Stappia indica	538381	S	6	0	6	0.0001253316
Methylocystis sp. SC2	187303	S	5	1	6	0.0001253316
Methylosinus sp. C49	2699395	S	5	1	6	0.0001253316
[Ochrobactrum] quorumnocens	271865	S	6	0	6	0.0001253316
Methylovirgula ligni	569860	S	6	0	6	0.0001253316
Chelatococcus sp. CO-6	1702325	S	5	1	6	0.0001253316
Sphingomonas ginsengisoli An et al. 2013	363835	S	6	0	6	0.0001253316
Sphingopyxis alaskensis	117207	S	6	0	6	0.0001253316
Novosphingobium sp. PP1Y	702113	S	3	3	6	0.0001253316
Porphyrobacter sp. CACIAM 03H1	2003315	S	5	1	6	0.0001253316
Erythrobacter sp. HL-111	1798193	S	6	0	6	0.0001253316
Tsuneonella flava	2055955	S	5	1	6	0.0001253316
Altererythrobacter sp. ZODW24	2185142	S	6	0	6	0.0001253316
Altererythrobacter ishigakiensis	476157	S	6	0	6	0.0001253316
Paracoccus denitrificans	266	S	5	1	6	0.0001253316
Sulfitobacter sp. D7	1968541	S	4	2	6	0.0001253316
Celeribacter baekdonensis	875171	S	5	1	6	0.0001253316
Rhodovulum sulfidophilum	35806	S	5	1	6	0.0001253316
Mameliella alba	561184	S	5	1	6	0.0001253316
Paraoceanicella profunda	2579971	S	5	1	6	0.0001253316
Yoonia vestfoldensis	245188	S	4	2	6	0.0001253316
Magnetospirillum sp. XM-1	1663591	S	6	0	6	0.0001253316
Magnetospirillum gryphiswaldense	55518	S	6	0	6	0.0001253316
Hypericibacter terrae	2602015	S	6	0	6	0.0001253316
Pararhodospirillum photometricum	1084	S	6	0	6	0.0001253316
Ehrlichia ruminantium	779	S	6	0	6	0.0001253316
Geoalkalibacter subterraneus	483547	S	4	2	6	0.0001253316
Pelobacter propionicus	29543	S	5	1	6	0.0001253316
Persicimonas caeni	2292766	S	6	0	6	0.0001253316
Acidithiobacillus caldus	33059	S	5	1	6	0.0001253316
Tessaracoccus aquimaris	1332264	S	5	1	6	0.0001253316
Nocardioides sp. JS614	196162	S	6	0	6	0.0001253316
Nocardioides mesophilus	433659	S	6	0	6	0.0001253316
Microbacterium pygmaeum	370764	S	6	0	6	0.0001253316
Microbacterium protaetiae	2509458	S	6	0	6	0.0001253316
Candidatus Aquiluna sp. 15G-AUS-rot	2499157	S	6	0	6	0.0001253316
Rathayibacter sp. VKM Ac-2760	2609253	S	5	1	6	0.0001253316
Rathayibacter sp. VKM Ac-2805	2609258	S	1	5	6	0.0001253316
Leucobacter muris	1935379	S	6	0	6	0.0001253316
Leucobacter sp. CX169	2813744	S	5	1	6	0.0001253316
Kocuria sp. BT304	1702043	S	4	2	6	0.0001253316
Arthrobacter sp. D5-1	1477518	S	5	1	6	0.0001253316
Rothia dentocariosa	2047	S	6	0	6	0.0001253316
Pseudarthrobacter sp. NIBRBAC000502772	2590775	S	2	4	6	0.0001253316
Pseudarthrobacter phenanthrenivorans	361575	S	5	1	6	0.0001253316
Dermabacter jinjuensis	1667168	S	5	1	6	0.0001253316
Corynebacterium efficiens	152794	S	6	0	6	0.0001253316
Corynebacterium urealyticum	43771	S	5	1	6	0.0001253316
Rhodococcus sp. BH4	1807790	S	1	5	6	0.0001253316
Rhodococcus ruber	1830	S	5	1	6	0.0001253316
Mycolicibacterium rhodesiae	36814	S	5	1	6	0.0001253316
Mycobacterium paragordonae	1389713	S	6	0	6	0.0001253316
Mycolicibacillus koreensis	1069220	S	5	1	6	0.0001253316
Streptomyces sp. ZYC-3	2797636	S	6	0	6	0.0001253316
Streptomyces sp. W1SF4	2305220	S	6	0	6	0.0001253316
Streptomyces griseus	1911	S	5	1	6	0.0001253316
Streptomyces hygroscopicus	1912	S	3	3	6	0.0001253316
Verrucosispora sp. NA02020	2742132	S	3	3	6	0.0001253316
Pseudonocardia sp. CGMCC 4.1532	2761535	S	6	0	6	0.0001253316
Amycolatopsis albispora	1804986	S	4	2	6	0.0001253316
Schaalia odontolytica	1660	S	6	0	6	0.0001253316
Frankia inefficax	298654	S	6	0	6	0.0001253316
Nakamurella panacisegetis	1090615	S	6	0	6	0.0001253316
Rubrobacter xylanophilus	49319	S	6	0	6	0.0001253316
Blautia hansenii	1322	S	4	2	6	0.0001253316
Clostridium sp. 'deep sea'	2779445	S	6	0	6	0.0001253316
Clostridium butyricum	1492	S	6	0	6	0.0001253316
Clostridium diolis	223919	S	1	5	6	0.0001253316
Christensenella minuta	626937	S	6	0	6	0.0001253316
Symbiobacterium thermophilum	2734	S	6	0	6	0.0001253316
Tumebacillus avium	1903704	S	3	3	6	0.0001253316
Listeria monocytogenes	1639	S	6	0	6	0.0001253316
Leuconostoc gelidum	1244	S	6	0	6	0.0001253316
Vagococcus carniphilus	218144	S	6	0	6	0.0001253316
Nostoc sp. TCL240-02	2572090	S	2	4	6	0.0001253316
Sphaerospermopsis kisseleviana	289435	S	5	1	6	0.0001253316
Fischerella sp. NIES-3754	1752063	S	3	3	6	0.0001253316
Tolypothrix sp. PCC 7910	2099387	S	3	3	6	0.0001253316
Crocosphaera subtropica	2546360	S	6	0	6	0.0001253316
Synechococcus sp. PCC 7336	195250	S	6	0	6	0.0001253316
Spiroplasma turonicum	216946	S	6	0	6	0.0001253316
Thermus scotoductus	37636	S	5	1	6	0.0001253316
Deinococcus geothermalis	68909	S	5	1	6	0.0001253316
Deinococcus radiodurans	1299	S	5	1	6	0.0001253316
Flavobacterium pallidum	2172098	S	6	0	6	0.0001253316
Flavobacterium arcticum	1784713	S	6	0	6	0.0001253316
Polaribacter sp. MED152	313598	S	6	0	6	0.0001253316
Polaribacter sp. SA4-10	754397	S	6	0	6	0.0001253316
Polaribacter sejongensis	985043	S	6	0	6	0.0001253316
Formosa sp. Hel3_A1_48	1336795	S	5	1	6	0.0001253316
Formosa sediminum	2594004	S	5	1	6	0.0001253316
Capnocytophaga canimorsus	28188	S	5	1	6	0.0001253316
Aquimarina sp. BL5	1714860	S	6	0	6	0.0001253316
Myroides phaeus	702745	S	5	1	6	0.0001253316
Maribacter sp. T28	1836467	S	4	2	6	0.0001253316
Cellulophaga sp. L1A9	2686362	S	5	1	6	0.0001253316
Changchengzhania lutea	2049305	S	6	0	6	0.0001253316
Flagellimonas maritima	1383885	S	6	0	6	0.0001253316
Chryseobacterium carnipullorum	1124835	S	5	1	6	0.0001253316
Chryseobacterium haifense	421525	S	3	3	6	0.0001253316
Phocaeicola salanitronis	376805	S	6	0	6	0.0001253316
Prevotella melaninogenica	28132	S	5	1	6	0.0001253316
Alistipes finegoldii	214856	S	5	1	6	0.0001253316
Alistipes shahii	328814	S	5	1	6	0.0001253316
Pedobacter sp. SW-16	2766984	S	5	1	6	0.0001253316
Mucilaginibacter paludis	423351	S	6	0	6	0.0001253316
Mucilaginibacter mali	2740462	S	6	0	6	0.0001253316
Pseudopedobacter saltans	151895	S	5	1	6	0.0001253316
Cytophaga hutchinsonii	985	S	6	0	6	0.0001253316
Arcticibacterium luteifluviistationis	1784714	S	6	0	6	0.0001253316
Echinicola strongylocentroti	1795355	S	6	0	6	0.0001253316
Chitinophaga pinensis	79329	S	6	0	6	0.0001253316
Filimonas lacunae	477680	S	6	0	6	0.0001253316
Rhodothermus marinus	29549	S	6	0	6	0.0001253316
Pirellulimonas nuda	2528009	S	6	0	6	0.0001253316
Lignipirellula cremea	2528010	S	5	1	6	0.0001253316
Ereboglobus luteus	1796921	S	6	0	6	0.0001253316
Candidatus Protochlamydia naegleriophila	389348	S	4	2	6	0.0001253316
Kiritimatiella glycovorans	1307763	S	1	5	6	0.0001253316
Granulicella mallensis	940614	S	6	0	6	0.0001253316
Granulicella sp. 5B5	1617967	S	6	0	6	0.0001253316
Edaphobacter sp. 12200R-103	2703788	S	5	1	6	0.0001253316
Candidatus Saccharimonas aalborgensis	1332188	S	6	0	6	0.0001253316
Candidatus Chazhemtobacterium aquaticus	2715735	S	6	0	6	0.0001253316
Nitrospira moscoviensis	42253	S	6	0	6	0.0001253316
Methanosarcina mazei	2209	S	6	0	6	0.0001253316
Methanobacterium paludis	868131	S	4	2	6	0.0001253316
Flavobacterium phage vB_FspS_filifjonk9-1	2686245	S	3	3	6	0.0001253316
Pseudomonas monteilii	76759	S	3	2	5	0.0001044430
Pseudomonas sp. ACM7	2052956	S	5	0	5	0.0001044430
Pseudomonas sp. 31-12	2201356	S	5	0	5	0.0001044430
Pseudomonas sp. MPC6	2498848	S	5	0	5	0.0001044430
Pseudomonas sp. IB20	1702250	S	4	1	5	0.0001044430
Pseudomonas sp. RtIB026	2749999	S	4	1	5	0.0001044430
Pseudomonas sp. MYb193	1827300	S	3	2	5	0.0001044430
Pseudomonas sp. S49	1573720	S	3	2	5	0.0001044430
Pseudomonas mediterranea	183795	S	5	0	5	0.0001044430
Pseudomonas mucidolens	46679	S	5	0	5	0.0001044430
Pseudomonas pelagia	553151	S	5	0	5	0.0001044430
Pseudomonas agarici	46677	S	5	0	5	0.0001044430
Pseudomonas lalkuanensis	2604832	S	5	0	5	0.0001044430
Pseudomonas gozinkensis	2774461	S	4	1	5	0.0001044430
Pseudomonas sihuiensis	1274359	S	3	2	5	0.0001044430
Azotobacter chroococcum	353	S	3	2	5	0.0001044430
Acinetobacter sp. SWBY1	2079596	S	2	3	5	0.0001044430
Acinetobacter gyllenbergii	134534	S	5	0	5	0.0001044430
Acinetobacter shaoyimingii	2715164	S	5	0	5	0.0001044430
Acinetobacter defluvii	1871111	S	4	1	5	0.0001044430
Psychrobacter sp.	56811	S	4	1	5	0.0001044430
Psychrobacter sp. KCTC 72983	2733866	S	3	2	5	0.0001044430
Stenotrophomonas sp. SAU14A_NAIMI4_8	2072409	S	1	4	5	0.0001044430
Xanthomonas oryzae	347	S	5	0	5	0.0001044430
Xanthomonas cucurbitae	56453	S	5	0	5	0.0001044430
Xanthomonas sacchari	56458	S	5	0	5	0.0001044430
Lysobacter gummosus	262324	S	5	0	5	0.0001044430
Luteimonas sp. JM171	1896164	S	5	0	5	0.0001044430
Luteimonas yindakuii	2565782	S	4	1	5	0.0001044430
Thermomonas sp. HDW16	2714945	S	5	0	5	0.0001044430
Dyella caseinilytica	1849581	S	5	0	5	0.0001044430
Rhodanobacter denitrificans	666685	S	5	0	5	0.0001044430
Enterobacter hormaechei	158836	S	1	4	5	0.0001044430
Enterobacter cloacae complex sp.	2027919	S	1	4	5	0.0001044430
Enterobacter bugandensis	881260	S	4	1	5	0.0001044430
Escherichia marmotae	1499973	S	4	1	5	0.0001044430
Kosakonia cowanii	208223	S	5	0	5	0.0001044430
Leclercia sp. 119287	2681308	S	3	2	5	0.0001044430
Serratia sp. 1D1416	2447890	S	2	3	5	0.0001044430
Yersinia massiliensis	419257	S	2	3	5	0.0001044430
Proteus mirabilis	584	S	4	1	5	0.0001044430
Proteus terrae	1574161	S	1	4	5	0.0001044430
Arsenophonus endosymbiont of Aphis craccivora	1231049	S	5	0	5	0.0001044430
Lonsdalea populi	1172565	S	4	1	5	0.0001044430
Halomonas sp. MCCC 1A13718	2733488	S	5	0	5	0.0001044430
Cobetia sp. L2A1	2686360	S	5	0	5	0.0001044430
Marinomonas algicola	2773454	S	5	0	5	0.0001044430
Alcanivorax dieselolei	285091	S	2	3	5	0.0001044430
Shewanella sp. FJAT-53720	2814292	S	2	3	5	0.0001044430
Shewanella donghaensis	238836	S	5	0	5	0.0001044430
Alteromonas mediterranea	314275	S	5	0	5	0.0001044430
Salinimonas lutimaris	914153	S	5	0	5	0.0001044430
Glaciecola amylolytica	2489595	S	5	0	5	0.0001044430
Pseudoalteromonas sp. SM9913	234831	S	1	4	5	0.0001044430
Pseudoalteromonas translucida	166935	S	3	2	5	0.0001044430
Aeromonas sp. CU5	2033033	S	5	0	5	0.0001044430
Aeromonas sp. ASNIH5	1758179	S	1	4	5	0.0001044430
Aeromonas jandaei	650	S	4	1	5	0.0001044430
Sulfurivermis fontis	1972068	S	5	0	5	0.0001044430
Legionella anisa	28082	S	4	1	5	0.0001044430
Halioglobus pacificus	930806	S	5	0	5	0.0001044430
Kineobactrum salinum	2708301	S	5	0	5	0.0001044430
Oceanicoccus sagamiensis	716816	S	5	0	5	0.0001044430
Methylomonas denitrificans	1538553	S	5	0	5	0.0001044430
Methylotuvimicrobium buryatense	95641	S	3	2	5	0.0001044430
Haemophilus influenzae	727	S	4	1	5	0.0001044430
Salinisphaera sp. LB1	2183911	S	5	0	5	0.0001044430
Burkholderia ubonensis	101571	S	2	3	5	0.0001044430
Burkholderia sp. DHOD12	2571746	S	5	0	5	0.0001044430
Burkholderia sp. IDO3	1705310	S	2	3	5	0.0001044430
Paraburkholderia sp. PGU16	2735433	S	4	1	5	0.0001044430
Paraburkholderia sprentiae	948107	S	5	0	5	0.0001044430
Pandoraea vervacti	656178	S	4	1	5	0.0001044430
Ephemeroptericola cinctiostellae	2268024	S	5	0	5	0.0001044430
Advenella mimigardefordensis	302406	S	5	0	5	0.0001044430
Paenalcaligenes hominis	643674	S	5	0	5	0.0001044430
Vogesella sp. LIG4	1192162	S	5	0	5	0.0001044430
Pseudogulbenkiania sp. NH8B	748280	S	5	0	5	0.0001044430
Azoarcus sp. CIB	198107	S	4	1	5	0.0001044430
Azoarcus pumilus	2067960	S	5	0	5	0.0001044430
Azospira sp. I09	1765049	S	2	3	5	0.0001044430
Bradyrhizobium sp. 1(2017)	1404888	S	4	1	5	0.0001044430
Bradyrhizobium genosp. L	83637	S	5	0	5	0.0001044430
Bradyrhizobium oligotrophicum	44255	S	5	0	5	0.0001044430
Bosea sp. F3-2	2599640	S	4	1	5	0.0001044430
Variibacter gotjawalensis	1333996	S	5	0	5	0.0001044430
Rhizobium sp. BG4	2613770	S	5	0	5	0.0001044430
Rhizobium rosettiformans	1368430	S	3	2	5	0.0001044430
Agrobacterium larrymoorei	160699	S	5	0	5	0.0001044430
Mesorhizobium sp. NZP2077	2483404	S	4	1	5	0.0001044430
Mesorhizobium sp. M4B.F.Ca.ET.058.02.1.1	2493675	S	4	1	5	0.0001044430
Mesorhizobium sp. M1D.F.Ca.ET.043.01.1.1	2493669	S	3	2	5	0.0001044430
Mesorhizobium sp. M2A.F.Ca.ET.043.02.1.1	2493670	S	1	4	5	0.0001044430
Mesorhizobium sp. 131-3-5	2744520	S	1	4	5	0.0001044430
Mesorhizobium ciceri	39645	S	2	3	5	0.0001044430
Nitratireductor sp. SY7	2599600	S	5	0	5	0.0001044430
Devosia sp. D6-9	2664417	S	2	3	5	0.0001044430
Pseudolabrys sp. FHR47	2562284	S	5	0	5	0.0001044430
Starkeya novella	921	S	4	1	5	0.0001044430
Martelella lutilitoris	2583532	S	3	2	5	0.0001044430
Aureimonas populi	1701758	S	5	0	5	0.0001044430
Brucella pseudogrignonensis	419475	S	4	1	5	0.0001044430
Methylocella silvestris	199596	S	5	0	5	0.0001044430
Sphingomonas sp. LK11	1390395	S	5	0	5	0.0001044430
Sphingomonas sp. LM7	1938607	S	5	0	5	0.0001044430
Sphingomonas sp. MM-1	745310	S	2	3	5	0.0001044430
Sphingobium sp. SCG-1	2072936	S	5	0	5	0.0001044430
Sphingobium sp. SYK-6	627192	S	4	1	5	0.0001044430
Novosphingobium pentaromativorans	205844	S	2	3	5	0.0001044430
Sphingorhabdus sp. M41	1806885	S	5	0	5	0.0001044430
Sphingorhabdus sp. JK6	2725558	S	5	0	5	0.0001044430
Erythrobacter sp. HKB08	2502843	S	5	0	5	0.0001044430
Qipengyuania flava	192812	S	3	2	5	0.0001044430
Paracoccus sp. AK26	2589076	S	5	0	5	0.0001044430
Rhodobacter sp. CZR27	2033869	S	5	0	5	0.0001044430
Roseovarius sp. THAF27	2587850	S	3	2	5	0.0001044430
Roseovarius indicus	540747	S	3	2	5	0.0001044430
Salipiger profundus	1229727	S	3	2	5	0.0001044430
Cognatishimia activa	1715691	S	5	0	5	0.0001044430
Roseibacterium elongatum	159346	S	5	0	5	0.0001044430
Halocynthiibacter arcticus	1579316	S	5	0	5	0.0001044430
Defluviimonas alba	1335048	S	4	1	5	0.0001044430
Pseudohalocynthiibacter aestuariivivens	1591409	S	4	1	5	0.0001044430
Azospirillum sp. TSA2s	709810	S	3	2	5	0.0001044430
Indioceanicola profundi	2220096	S	5	0	5	0.0001044430
Acidiphilium multivorum	62140	S	1	4	5	0.0001044430
Kordiimonas pumila	2161677	S	5	0	5	0.0001044430
Malaciobacter mytili	603050	S	5	0	5	0.0001044430
Malaciobacter pacificus	1080223	S	5	0	5	0.0001044430
Desulfomicrobium baculatum	899	S	5	0	5	0.0001044430
Geobacter sulfurreducens	35554	S	4	1	5	0.0001044430
Bdellovibrio sp. KM01	2748865	S	3	2	5	0.0001044430
Tessaracoccus timonensis	2161816	S	5	0	5	0.0001044430
Acidipropionibacterium jensenii	1749	S	5	0	5	0.0001044430
Nocardioides sp. S-713	2760089	S	4	1	5	0.0001044430
Nocardioides sp. dk884	2662361	S	3	2	5	0.0001044430
Nocardioides daphniae	402297	S	4	1	5	0.0001044430
Nocardioides seonyuensis	2518371	S	4	1	5	0.0001044430
Aeromicrobium yanjiei	2662028	S	4	1	5	0.0001044430
Friedmanniella luteola	546871	S	5	0	5	0.0001044430
Microbacterium sp. NY27	2782169	S	5	0	5	0.0001044430
Microbacterium sp. HY60	2769067	S	5	0	5	0.0001044430
Microbacterium sp. ABRD_28	2268461	S	5	0	5	0.0001044430
Microbacterium sp. 1S1	2606451	S	4	1	5	0.0001044430
Microbacterium sp. CGR1	1696072	S	1	4	5	0.0001044430
Rathayibacter sp. VKM Ac-2762	2609254	S	1	4	5	0.0001044430
Leifsonia shinshuensis	150026	S	4	1	5	0.0001044430
Salinibacterium sp. dk2585	2603292	S	5	0	5	0.0001044430
Chryseoglobus sp. 28M-23	2772253	S	3	2	5	0.0001044430
Chryseoglobus indicus	2750620	S	3	2	5	0.0001044430
Microterricola viridarii	412690	S	5	0	5	0.0001044430
Kocuria sp. TGY1120_3	2711329	S	3	2	5	0.0001044430
Arthrobacter sp. FB24	290399	S	5	0	5	0.0001044430
Rothia amarae	169480	S	4	1	5	0.0001044430
Pseudarthrobacter sp. BIM B-2242	2772401	S	5	0	5	0.0001044430
Intrasporangium calvum	53358	S	5	0	5	0.0001044430
Cellulosimicrobium cellulans	1710	S	2	3	5	0.0001044430
Luteimicrobium xylanilyticum	1133546	S	5	0	5	0.0001044430
Corynebacterium argentoratense	42817	S	5	0	5	0.0001044430
Corynebacterium glucuronolyticum	39791	S	5	0	5	0.0001044430
Corynebacterium timonense	441500	S	5	0	5	0.0001044430
Corynebacterium aquilae	203263	S	5	0	5	0.0001044430
Rhodococcus sp. NJ-530	2490853	S	1	4	5	0.0001044430
Rhodococcus sp. H-CA8f	1727214	S	1	4	5	0.0001044430
Rhodococcus hoagii	43767	S	5	0	5	0.0001044430
Mycolicibacterium sediminis	1286180	S	5	0	5	0.0001044430
Mycolicibacterium thermoresistibile	1797	S	5	0	5	0.0001044430
Mycobacterium sp. THAF192	2587868	S	1	4	5	0.0001044430
Mycobacterium avium	1764	S	5	0	5	0.0001044430
Mycobacterium intracellulare	1767	S	3	2	5	0.0001044430
Mycobacteroides immunogenum	83262	S	4	1	5	0.0001044430
Tsukamurella tyrosinosolvens	57704	S	5	0	5	0.0001044430
Streptomyces fagopyri	2662397	S	5	0	5	0.0001044430
Streptomyces griseochromogenes	68214	S	5	0	5	0.0001044430
Streptomyces chartreusis	1969	S	5	0	5	0.0001044430
Micromonospora sp. WMMA2032	2039870	S	4	1	5	0.0001044430
Micromonospora echinofusca	47858	S	4	1	5	0.0001044430
Saccharopolyspora spinosa	60894	S	4	1	5	0.0001044430
Actinomyces sp. oral taxon 169	712116	S	4	1	5	0.0001044430
Catenulispora acidiphila	304895	S	5	0	5	0.0001044430
Clostridium sp. MF28	1702238	S	1	4	5	0.0001044430
Clostridium kluyveri	1534	S	5	0	5	0.0001044430
Geosporobacter ferrireducens	1424294	S	5	0	5	0.0001044430
Eubacterium maltosivorans	2041044	S	3	2	5	0.0001044430
Acetobacterium sp. KB-1	2184575	S	5	0	5	0.0001044430
Bacillus pseudomycoides	64104	S	5	0	5	0.0001044430
Bacillus sp. S3	486398	S	5	0	5	0.0001044430
Alkalihalobacillus krulwichiae	199441	S	5	0	5	0.0001044430
Virgibacillus halodenitrificans	1482	S	4	1	5	0.0001044430
Salicibibacter kimchii	2099786	S	5	0	5	0.0001044430
Staphylococcus auricularis	29379	S	5	0	5	0.0001044430
Staphylococcus haemolyticus	1283	S	4	1	5	0.0001044430
Mammaliicoccus stepanovicii	643214	S	5	0	5	0.0001044430
Streptococcus mitis	28037	S	4	1	5	0.0001044430
Leuconostoc carnosum	1252	S	4	1	5	0.0001044430
Latilactobacillus curvatus	28038	S	5	0	5	0.0001044430
Pelosinus sp. UFO1	484770	S	3	2	5	0.0001044430
Phascolarctobacterium sp. Marseille-Q4147	2823317	S	3	2	5	0.0001044430
Murdochiella vaginalis	1852373	S	4	1	5	0.0001044430
Nostoc sp. 'Lobaria pulmonaria (5183) cyanobiont'	1618022	S	3	2	5	0.0001044430
Nostoc sp. C052	2576902	S	3	2	5	0.0001044430
Dolichospermum compactum	136073	S	2	3	5	0.0001044430
Fischerella sp. NIES-4106	2005456	S	4	1	5	0.0001044430
Cyanothece sp. PCC 7425	395961	S	5	0	5	0.0001044430
Thermosynechococcus elongatus	146786	S	3	2	5	0.0001044430
Chamaesiphon minutus	1173032	S	5	0	5	0.0001044430
Halomicronema hongdechloris	1209493	S	5	0	5	0.0001044430
Pleurocapsa minor	54308	S	4	1	5	0.0001044430
Acholeplasma laidlawii	2148	S	5	0	5	0.0001044430
Candidatus Promineofilum breve	1806508	S	5	0	5	0.0001044430
Flavobacterium alkalisoli	2602769	S	5	0	5	0.0001044430
Polaribacter sp. Hel1_33_78	1336804	S	5	0	5	0.0001044430
Tenacibaculum sp. DSM 106434	2358479	S	3	2	5	0.0001044430
Tenacibaculum jejuense	584609	S	5	0	5	0.0001044430
Formosa sp. Hel1_31_208	1798225	S	5	0	5	0.0001044430
Formosa sp. L2A11	2686363	S	4	1	5	0.0001044430
Muricauda ruestringensis	111501	S	5	0	5	0.0001044430
Aquimarina sp. AD10	1714849	S	5	0	5	0.0001044430
Maribacter cobaltidurans	1178778	S	3	2	5	0.0001044430
Gramella flava	1486245	S	4	1	5	0.0001044430
Lacinutrix sp. Bg11-31	2057808	S	5	0	5	0.0001044430
Muriicola sp. MMS17-SY002	2507538	S	5	0	5	0.0001044430
Croceibacter atlanticus	313588	S	5	0	5	0.0001044430
Psychroserpens sp. NJDZ02	2570561	S	2	3	5	0.0001044430
Chryseobacterium glaciei	1685010	S	5	0	5	0.0001044430
Bacteroides sp. HF-5141	2650158	S	5	0	5	0.0001044430
Prevotella scopos	589437	S	4	1	5	0.0001044430
Butyricimonas faecalis	2093856	S	4	1	5	0.0001044430
Porphyromonas asaccharolytica	28123	S	3	2	5	0.0001044430
Mucilaginibacter xinganensis	1234841	S	5	0	5	0.0001044430
Spirosoma endbachense	2666025	S	3	2	5	0.0001044430
Hymenobacter sp. S2-20-2	2761579	S	4	1	5	0.0001044430
Aquiflexum balticum	280473	S	5	0	5	0.0001044430
Flammeovirga sp. MY04	1191459	S	5	0	5	0.0001044430
Bernardetia litoralis	999	S	5	0	5	0.0001044430
Chitinophaga sp. MD30	2033437	S	5	0	5	0.0001044430
Arachidicoccus sp. BS20	1850526	S	4	1	5	0.0001044430
Niastella koreensis	354356	S	5	0	5	0.0001044430
Lacibacter sp. S13-6-6	2760713	S	5	0	5	0.0001044430
Flavihumibacter sp. SB-02	2676868	S	5	0	5	0.0001044430
Chlorobaculum limnaeum	274537	S	4	1	5	0.0001044430
Gemmatirosa kalamazoonesis	861299	S	5	0	5	0.0001044430
Planctopirus limnophila	120	S	5	0	5	0.0001044430
Acidobacterium sp. 4Y35	2763107	S	5	0	5	0.0001044430
Treponema sp. OMZ 804	120683	S	3	2	5	0.0001044430
Leptospira interrogans	173	S	5	0	5	0.0001044430
Turneriella parva	29510	S	5	0	5	0.0001044430
Fusobacterium hwasookii	1583098	S	2	3	5	0.0001044430
Streptobacillus moniliformis	34105	S	5	0	5	0.0001044430
Fervidobacterium pennivorans	93466	S	5	0	5	0.0001044430
Candidatus Nanosynbacter lyticus	2093824	S	5	0	5	0.0001044430
Methanosarcina sp. MTP4	1434100	S	5	0	5	0.0001044430
Sulfolobus islandicus	43080	S	4	1	5	0.0001044430
Flavobacterium phage vB_FspS_mymlan6-1	2686266	S	2	3	5	0.0001044430
Gordonia phage Cucurbita	1887645	S	2	3	5	0.0001044430
Pseudomonas plecoglossicida	70775	S	3	1	4	0.0000835544
Pseudomonas sp. R32	1573704	S	4	0	4	0.0000835544
Pseudomonas sp. K2W31S-8	2320867	S	4	0	4	0.0000835544
Pseudomonas sp. S1-A32-2	2731681	S	4	0	4	0.0000835544
Pseudomonas sp. SDM007	2812000	S	3	1	4	0.0000835544
Pseudomonas sp. NIBRBAC000502773	2590776	S	3	1	4	0.0000835544
Pseudomonas sp. ATCC 43928	676210	S	2	2	4	0.0000835544
Pseudomonas sp. LPH1	1898684	S	2	2	4	0.0000835544
Pseudomonas extremorientalis	169669	S	3	1	4	0.0000835544
Pseudomonas asturiensis	1190415	S	4	0	4	0.0000835544
Pseudomonas balearica	74829	S	3	1	4	0.0000835544
Pseudomonas antarctica	219572	S	4	0	4	0.0000835544
Pseudomonas salegens	1434072	S	4	0	4	0.0000835544
Pseudomonas khazarica	2502979	S	2	2	4	0.0000835544
Permianibacter aggregans	1510150	S	4	0	4	0.0000835544
Acinetobacter sp. Marseille-Q1620	2714110	S	4	0	4	0.0000835544
Acinetobacter calcoaceticus	471	S	4	0	4	0.0000835544
Acinetobacter larvae	1789224	S	4	0	4	0.0000835544
Acinetobacter bereziniae	106648	S	4	0	4	0.0000835544
Acinetobacter radioresistens	40216	S	4	0	4	0.0000835544
Acinetobacter towneri	202956	S	2	2	4	0.0000835544
Acinetobacter variabilis	70346	S	2	2	4	0.0000835544
Psychrobacter sp. P2G3	1699622	S	2	2	4	0.0000835544
Psychrobacter arcticus	334543	S	4	0	4	0.0000835544
Stenotrophomonas sp. YAU14D1_LEIMI4_1	2072407	S	2	2	4	0.0000835544
Xanthomonas citri	346	S	4	0	4	0.0000835544
Lysobacter sp. TY2-98	2290922	S	4	0	4	0.0000835544
Lysobacter capsici	435897	S	4	0	4	0.0000835544
Lysobacter soli	453783	S	4	0	4	0.0000835544
Lysobacter maris	1605891	S	4	0	4	0.0000835544
Lysobacter oculi	2698682	S	4	0	4	0.0000835544
Lysobacter arenosi	2795387	S	4	0	4	0.0000835544
Rhodanobacter glycinis	582702	S	4	0	4	0.0000835544
Dokdonella koreensis	323415	S	4	0	4	0.0000835544
Citrobacter portucalensis	1639133	S	1	3	4	0.0000835544
Buttiauxella agrestis	82977	S	4	0	4	0.0000835544
Candidatus Erwinia haradaeae	1922217	S	4	0	4	0.0000835544
Yersinia aldovae	29483	S	4	0	4	0.0000835544
Yersinia entomophaga	935293	S	4	0	4	0.0000835544
Proteus hauseri	183417	S	4	0	4	0.0000835544
Providencia stuartii	588	S	1	3	4	0.0000835544
Plesiomonas shigelloides	703	S	4	0	4	0.0000835544
Halomonas huangheensis	1178482	S	4	0	4	0.0000835544
Halomonas campisalis	74661	S	1	3	4	0.0000835544
Kushneria phosphatilytica	657387	S	4	0	4	0.0000835544
Marinomonas mediterranea	119864	S	4	0	4	0.0000835544
Marinobacter sp. JH2	2547598	S	3	1	4	0.0000835544
Alteromonas australica	589873	S	2	2	4	0.0000835544
Lacimicrobium alkaliphilum	1526571	S	4	0	4	0.0000835544
Hydrocarboniclastica marina	2259620	S	4	0	4	0.0000835544
Pseudoalteromonas agarivorans	176102	S	2	2	4	0.0000835544
Psychrosphaera sp. MTZ26	2820710	S	4	0	4	0.0000835544
Vibrio owensii	696485	S	3	1	4	0.0000835544
Vibrio furnissii	29494	S	4	0	4	0.0000835544
Marichromatium purpuratum	37487	S	4	0	4	0.0000835544
Halothiobacillus sp. LS2	1860122	S	4	0	4	0.0000835544
Legionella oakridgensis	29423	S	4	0	4	0.0000835544
Legionella cherrii	28084	S	4	0	4	0.0000835544
Aquicella lusitana	254246	S	4	0	4	0.0000835544
Aquicella siphonis	254247	S	4	0	4	0.0000835544
Cellvibrio japonicus	155077	S	4	0	4	0.0000835544
Spongiibacter sp. IMCC21906	1620392	S	4	0	4	0.0000835544
Methylomonas sp. DH-1	1727196	S	3	1	4	0.0000835544
Methylomonas methanica	421	S	4	0	4	0.0000835544
Methylophaga nitratireducenticrescens	754476	S	4	0	4	0.0000835544
Gilliamella apicola	1196095	S	4	0	4	0.0000835544
endosymbiont of unidentified scaly snail isolate Monju	1248727	S	4	0	4	0.0000835544
Burkholderia territorii	1503055	S	3	1	4	0.0000835544
Burkholderia stagnalis	1503054	S	3	1	4	0.0000835544
Paraburkholderia sp. 7MH5	2547399	S	4	0	4	0.0000835544
Paraburkholderia graminis	60548	S	4	0	4	0.0000835544
Paraburkholderia megapolitana	420953	S	4	0	4	0.0000835544
Paraburkholderia terricola	169427	S	4	0	4	0.0000835544
Paraburkholderia tropica	92647	S	4	0	4	0.0000835544
Paraburkholderia phenoliruptrix	252970	S	3	1	4	0.0000835544
Pandoraea norimbergensis	93219	S	4	0	4	0.0000835544
Pandoraea pulmonicola	93221	S	4	0	4	0.0000835544
Pandoraea sputorum	93222	S	3	1	4	0.0000835544
Bordetella holmesii	35814	S	4	0	4	0.0000835544
Bordetella trematum	123899	S	4	0	4	0.0000835544
Chromobacterium sp. ATCC 53434	2059672	S	4	0	4	0.0000835544
Jeongeupia sp. HS-3	1009682	S	4	0	4	0.0000835544
Microvirgula aerodenitrificans	57480	S	4	0	4	0.0000835544
Aromatoleum aromaticum	551760	S	4	0	4	0.0000835544
Nitrosomonas sp. AL212	153948	S	2	2	4	0.0000835544
Nitrosomonas communis	44574	S	4	0	4	0.0000835544
Sterolibacterium denitrificans	157592	S	4	0	4	0.0000835544
Gallionella capsiferriformans	370405	S	4	0	4	0.0000835544
Sulfuriferula sp. AH1	1985873	S	3	1	4	0.0000835544
Sulfuricella denitrificans	649841	S	3	1	4	0.0000835544
Thiobacillus denitrificans	36861	S	4	0	4	0.0000835544
Candidatus Profftella armatura (Diaphorina cf. continua)	2661583	S	4	0	4	0.0000835544
Bradyrhizobium sp. CCBAU 51753	1325100	S	4	0	4	0.0000835544
Bradyrhizobium zhanjiangense	1325107	S	4	0	4	0.0000835544
Bosea sp. Tri-49	1867715	S	4	0	4	0.0000835544
Nitrobacter winogradskyi	913	S	4	0	4	0.0000835544
Microvirga sp. VF16	2807101	S	3	1	4	0.0000835544
Microvirga thermotolerans	2651334	S	3	1	4	0.0000835544
Rhizobium sp. WL3	2603277	S	4	0	4	0.0000835544
Rhizobium sp. Kim5	2020311	S	1	3	4	0.0000835544
Rhizobium lusitanum	293958	S	4	0	4	0.0000835544
Rhizobium jaguaris	1312183	S	4	0	4	0.0000835544
Rhizobium ruizarguesonis	2081791	S	1	3	4	0.0000835544
Agrobacterium fabrum	1176649	S	2	2	4	0.0000835544
Agrobacterium rhizogenes	359	S	2	2	4	0.0000835544
Sinorhizobium sp. BG8	2613773	S	4	0	4	0.0000835544
Ensifer mexicanus	375549	S	4	0	4	0.0000835544
Ciceribacter thiooxidans	1969821	S	4	0	4	0.0000835544
Mesorhizobium sp. Pch-S	2082387	S	4	0	4	0.0000835544
Mesorhizobium sp. 8	2584466	S	4	0	4	0.0000835544
Mesorhizobium sp. L-2-11	2744521	S	3	1	4	0.0000835544
Mesorhizobium sp. M8A.F.Ca.ET.057.01.1.1	2493679	S	3	1	4	0.0000835544
Mesorhizobium oceanicum	1670800	S	4	0	4	0.0000835544
Chelativorans sp. BNC1	266779	S	4	0	4	0.0000835544
Lentilitoribacter sp. Alg239-R112	2305987	S	4	0	4	0.0000835544
Devosia sp. 1566	2499144	S	4	0	4	0.0000835544
Devosia sp. S02	2657486	S	4	0	4	0.0000835544
Blastochloris tepida	2233851	S	4	0	4	0.0000835544
Ancylobacter sp. TS-1	1850374	S	3	1	4	0.0000835544
Candidatus Phaeomarinobacter ectocarpi	1458461	S	4	0	4	0.0000835544
Parvibaculum lavamentivorans	256618	S	3	1	4	0.0000835544
Stappia sp. ES.058	1881061	S	4	0	4	0.0000835544
Aureimonas sp. AU20	1349819	S	4	0	4	0.0000835544
Methylocystis heyeri	391905	S	4	0	4	0.0000835544
Methylosinus trichosporium	426	S	4	0	4	0.0000835544
Bartonella birtlesii	111504	S	4	0	4	0.0000835544
Bartonella krasnovii	2267275	S	3	1	4	0.0000835544
Chelatococcus daeguensis	444444	S	4	0	4	0.0000835544
Lichenihabitans psoromatis	2528642	S	4	0	4	0.0000835544
Sphingomonas rhizophila	2071607	S	4	0	4	0.0000835544
Sphingobium fuliginis	336203	S	1	3	4	0.0000835544
Sphingosinithalassobacter sp. zrk23	2711215	S	4	0	4	0.0000835544
Sphingosinithalassobacter sp. CS137	2762748	S	4	0	4	0.0000835544
Erythrobacter sp. KY5	2011159	S	4	0	4	0.0000835544
Erythrobacter sp. THAF29	2587851	S	3	1	4	0.0000835544
Tsuneonella mangrovi	1982042	S	4	0	4	0.0000835544
Qipengyuania sediminis	1532023	S	4	0	4	0.0000835544
Sphingosinicella sp. BN140058	1892855	S	4	0	4	0.0000835544
Paracoccus kondratievae	135740	S	4	0	4	0.0000835544
Sulfitobacter pseudonitzschiae	1402135	S	3	1	4	0.0000835544
Leisingera aquaemixtae	1396826	S	4	0	4	0.0000835544
Octadecabacter sp. SW4	2602067	S	3	1	4	0.0000835544
Roseicitreum antarcticum	564137	S	4	0	4	0.0000835544
Pelagovum pacificum	2588711	S	4	0	4	0.0000835544
Thalassococcus sp. S3	2017482	S	4	0	4	0.0000835544
Antarctobacter heliothermus	74033	S	4	0	4	0.0000835544
Azospirillum thiophilum	528244	S	4	0	4	0.0000835544
Defluviicoccus vanus	111831	S	4	0	4	0.0000835544
Roseomonas sp. 1318	2768161	S	4	0	4	0.0000835544
Acetobacter ghanensis	431306	S	4	0	4	0.0000835544
Rickettsia rhipicephali	33992	S	1	3	4	0.0000835544
Ehrlichia muris	35795	S	1	3	4	0.0000835544
Wolbachia endosymbiont of Brugia malayi	80849	S	1	3	4	0.0000835544
Candidatus Deianiraea vastatrix	2163644	S	4	0	4	0.0000835544
Candidatus Pelagibacter sp. RS39	1977864	S	4	0	4	0.0000835544
Hyphomonas sp. CACIAM 19H1	1873716	S	4	0	4	0.0000835544
Glycocaulis alkaliphilus	1434191	S	4	0	4	0.0000835544
Aliarcobacter thereius	544718	S	4	0	4	0.0000835544
Aliarcobacter lanthieri	1355374	S	4	0	4	0.0000835544
Halarcobacter bivalviorum	663364	S	4	0	4	0.0000835544
Sulfuricurvum kujiense	148813	S	4	0	4	0.0000835544
Vulgatibacter incomptus	1391653	S	4	0	4	0.0000835544
Desulfovibrio magneticus	184917	S	4	0	4	0.0000835544
Desulfovibrio alaskensis	58180	S	2	2	4	0.0000835544
Geobacter bemidjiensis	225194	S	4	0	4	0.0000835544
Geobacter daltonii	1203471	S	4	0	4	0.0000835544
Bdellovibrio exovorus	453816	S	4	0	4	0.0000835544
Mariprofundus aestuarium	1921086	S	4	0	4	0.0000835544
Microlunatus sp. KUDC0627	2596828	S	4	0	4	0.0000835544
Nocardioides cynanchi	2558918	S	4	0	4	0.0000835544
Aeromicrobium sp. zg-629	2663859	S	4	0	4	0.0000835544
Aeromicrobium erythreum	2041	S	4	0	4	0.0000835544
Microbacterium sp. JZ31	1906274	S	4	0	4	0.0000835544
Microbacterium sp. PAMC 28756	1795053	S	2	2	4	0.0000835544
Microbacterium sp. SGAir0570	2070348	S	1	3	4	0.0000835544
Microbacterium sp. 1.5R	1916917	S	1	3	4	0.0000835544
Microbacterium hydrocarbonoxydans	273678	S	4	0	4	0.0000835544
Microbacterium paraoxydans	199592	S	1	3	4	0.0000835544
Rathayibacter tanaceti	1671680	S	4	0	4	0.0000835544
Curtobacterium sp. MR_MD2014	1561023	S	3	1	4	0.0000835544
Agromyces sp. G127AT	2781962	S	4	0	4	0.0000835544
Leucobacter triazinivorans	1784719	S	4	0	4	0.0000835544
Leucobacter insecticola	2714934	S	4	0	4	0.0000835544
Leucobacter viscericola	2714935	S	4	0	4	0.0000835544
Salinibacterium sp. ZJ70	2708084	S	4	0	4	0.0000835544
Salinibacterium sp. ZJ450	2708338	S	4	0	4	0.0000835544
Cryobacterium sp. LW097	1978566	S	3	1	4	0.0000835544
Frondihabitans sp. PAMC 28766	1795630	S	4	0	4	0.0000835544
Diaminobutyricimonas sp. LJ205	2683590	S	4	0	4	0.0000835544
Micrococcus sp. 28	161213	S	2	2	4	0.0000835544
Paenarthrobacter ureafaciens	37931	S	1	3	4	0.0000835544
Sinomonas sp. R1AF57	2020377	S	4	0	4	0.0000835544
Brevibacterium sp. PAMC23299	2762330	S	2	2	4	0.0000835544
Cellulomonas sp. Y8	2591145	S	4	0	4	0.0000835544
Cellulomonas sp. H30R-01	2704467	S	4	0	4	0.0000835544
Cellulomonas flavigena	1711	S	4	0	4	0.0000835544
Sanguibacter sp. HDW7	2714931	S	4	0	4	0.0000835544
Corynebacterium sp. LMM-1652	2487892	S	4	0	4	0.0000835544
Corynebacterium sp. zg-320	2768834	S	4	0	4	0.0000835544
Corynebacterium sp. MC1420	2709392	S	4	0	4	0.0000835544
Corynebacterium bovis	36808	S	4	0	4	0.0000835544
Corynebacterium variabile	1727	S	4	0	4	0.0000835544
Corynebacterium propinquum	43769	S	4	0	4	0.0000835544
Corynebacterium crudilactis	1652495	S	3	1	4	0.0000835544
Rhodococcus sp. W8901	2742603	S	4	0	4	0.0000835544
Rhodococcus sp. AQ5-07	2054902	S	1	3	4	0.0000835544
Rhodococcus sp. DMU1	2722825	S	1	3	4	0.0000835544
Nocardia nova	37330	S	4	0	4	0.0000835544
Nocardia mangyaensis	2213200	S	4	0	4	0.0000835544
Mycolicibacterium chitae	1792	S	4	0	4	0.0000835544
Mycolicibacterium confluentis	28047	S	4	0	4	0.0000835544
Mycobacterium sp. YC-RL4	1682113	S	3	1	4	0.0000835544
Mycobacteroides salmoniphilum	404941	S	4	0	4	0.0000835544
Gordonia sp. KTR9	337191	S	4	0	4	0.0000835544
Tsukamurella paurometabola	2061	S	4	0	4	0.0000835544
Streptomyces sp. CMB-StM0423	2059884	S	4	0	4	0.0000835544
Streptomyces sp. NA04227	2742136	S	4	0	4	0.0000835544
Streptomyces sp. fd1-xmd	1812480	S	4	0	4	0.0000835544
Streptomyces sp. CRXT-Y-14	2768069	S	4	0	4	0.0000835544
Streptomyces sp. So13.3	2136173	S	4	0	4	0.0000835544
Streptomyces globisporus	1908	S	3	1	4	0.0000835544
Streptomyces buecherae	2763006	S	4	0	4	0.0000835544
Streptomyces mobaraensis	35621	S	4	0	4	0.0000835544
Streptomyces galilaeus	33899	S	4	0	4	0.0000835544
Streptomyces hawaiiensis	67305	S	4	0	4	0.0000835544
Streptomyces spongiicola	1690221	S	4	0	4	0.0000835544
Streptomyces bathyalis	2710756	S	4	0	4	0.0000835544
Streptomyces lincolnensis	1915	S	4	0	4	0.0000835544
Kitasatospora sp. NA04385	2742135	S	4	0	4	0.0000835544
Kitasatospora albolonga	68173	S	4	0	4	0.0000835544
Bifidobacterium bifidum	1681	S	4	0	4	0.0000835544
Bifidobacterium subtile	77635	S	4	0	4	0.0000835544
Micromonospora inositola	47865	S	3	1	4	0.0000835544
Phytohabitans suffuscus	624315	S	4	0	4	0.0000835544
Pseudonocardia sp. AL041005-10	445576	S	4	0	4	0.0000835544
Pseudonocardia sp. HH130630-07	1690815	S	4	0	4	0.0000835544
Amycolatopsis sp. YIM 10	2653857	S	4	0	4	0.0000835544
Amycolatopsis sp. FDAARGOS 1241	2778070	S	4	0	4	0.0000835544
Amycolatopsis orientalis	31958	S	3	1	4	0.0000835544
Saccharopolyspora sp. ASAGF58	2719023	S	2	2	4	0.0000835544
Saccharomonospora azurea	40988	S	3	1	4	0.0000835544
Lentzea guizhouensis	1586287	S	4	0	4	0.0000835544
Actinomyces viscosus	1656	S	4	0	4	0.0000835544
Actinomyces slackii	52774	S	4	0	4	0.0000835544
Actinomyces oris	544580	S	3	1	4	0.0000835544
Nonomuraea sp. ATCC 55076	1909395	S	3	1	4	0.0000835544
Nonomuraea nitratireducens	2656914	S	3	1	4	0.0000835544
Thermobispora bispora	2006	S	4	0	4	0.0000835544
Nakamurella sp. s14-144	1902245	S	4	0	4	0.0000835544
Blastococcus saxobsidens	138336	S	4	0	4	0.0000835544
Rubrobacter sp. SCSIO 52909	2653851	S	4	0	4	0.0000835544
Baekduia soli	496014	S	4	0	4	0.0000835544
Euzebya sp. DY32-46	1608957	S	4	0	4	0.0000835544
Clostridium sp. CT4	2320868	S	4	0	4	0.0000835544
Clostridium sp. JN-9	2507159	S	4	0	4	0.0000835544
Clostridium pasteurianum	1501	S	4	0	4	0.0000835544
Clostridium novyi	1542	S	1	3	4	0.0000835544
Ruminococcus sp. JE7A12	2564099	S	4	0	4	0.0000835544
[Eubacterium] cellulosolvens	29322	S	4	0	4	0.0000835544
Alkalibacter sp. ES005	2815577	S	4	0	4	0.0000835544
Dehalobacterium formicoaceticum	51515	S	4	0	4	0.0000835544
Desulfosporosinus youngiae	339862	S	4	0	4	0.0000835544
Flintibacter sp. KGMB00164	2610895	S	4	0	4	0.0000835544
Thermoanaerobacter mathranii	583357	S	1	3	4	0.0000835544
Bacillus cytotoxicus	580165	S	4	0	4	0.0000835544
Bacillus anthracis	1392	S	1	3	4	0.0000835544
Bacillus dafuensis	1742359	S	4	0	4	0.0000835544
Lysinibacillus sphaericus	1421	S	3	1	4	0.0000835544
Jeotgalicoccus saudimassiliensis	1461582	S	4	0	4	0.0000835544
Paenibacillus sp. RUD330	2023772	S	4	0	4	0.0000835544
Paenibacillus antarcticus	253703	S	4	0	4	0.0000835544
Paenibacillus swuensis	1178515	S	4	0	4	0.0000835544
Sporosarcina ureae	1571	S	4	0	4	0.0000835544
Sporosarcina ureilytica	298596	S	4	0	4	0.0000835544
Jeotgalibacillus malaysiensis	1508404	S	4	0	4	0.0000835544
Exiguobacterium sp. Helios	2735868	S	4	0	4	0.0000835544
Kroppenstedtia eburnea	714067	S	4	0	4	0.0000835544
Streptococcus sp. oral taxon 431	712633	S	4	0	4	0.0000835544
Streptococcus pyogenes	1314	S	3	1	4	0.0000835544
Lactobacillus amylovorus	1604	S	3	1	4	0.0000835544
Carnobacterium inhibens	147709	S	4	0	4	0.0000835544
Jeotgalibaca arthritidis	1868794	S	3	1	4	0.0000835544
Pelosinus fermentans	365349	S	3	1	4	0.0000835544
Veillonella parvula	29466	S	4	0	4	0.0000835544
Erysipelatoclostridium ramosum	1547	S	4	0	4	0.0000835544
Calothrix sp. NIES-3974	2005462	S	4	0	4	0.0000835544
Scytonema sp. NIES-4073	2005464	S	2	2	4	0.0000835544
Rivularia sp. PCC 7116	373994	S	4	0	4	0.0000835544
Geminocystis sp. NIES-3709	1617448	S	4	0	4	0.0000835544
Chondrocystis sp. NIES-4102	2005460	S	3	1	4	0.0000835544
Microcystis sp. MC19	1967666	S	3	1	4	0.0000835544
Synechococcus elongatus	32046	S	2	2	4	0.0000835544
Synechocystis sp. CACIAM 05	1933929	S	1	3	4	0.0000835544
Chroococcidiopsis thermalis	54299	S	4	0	4	0.0000835544
Mycoplasma struthionis	538220	S	3	1	4	0.0000835544
Anaerolinea thermophila	167964	S	4	0	4	0.0000835544
Brevefilum fermentans	1986204	S	4	0	4	0.0000835544
Flavobacterium magnum	2162713	S	4	0	4	0.0000835544
Polaribacter sp. SM13	2818493	S	4	0	4	0.0000835544
Polaribacter reichenbachii	996801	S	4	0	4	0.0000835544
Tenacibaculum sp. SZ-18	754423	S	4	0	4	0.0000835544
Tenacibaculum maritimum	107401	S	4	0	4	0.0000835544
Myroides odoratus	256	S	4	0	4	0.0000835544
Maribacter dokdonensis	320912	S	1	3	4	0.0000835544
Algibacter sp. L1A34	2686365	S	3	1	4	0.0000835544
Cellulophaga algicola	59600	S	4	0	4	0.0000835544
Aequorivita sp. H23M31	2494375	S	4	0	4	0.0000835544
Salegentibacter sp. T436	1729720	S	2	2	4	0.0000835544
Psychroflexus torquis	57029	S	4	0	4	0.0000835544
Galbibacter sp. BG1	1170699	S	4	0	4	0.0000835544
Siansivirga zeaxanthinifaciens	762954	S	4	0	4	0.0000835544
Lutibacter profundi	1622118	S	4	0	4	0.0000835544
Olleya sp. Bg11-27	2058135	S	2	2	4	0.0000835544
Zunongwangia profunda	398743	S	2	2	4	0.0000835544
Chryseobacterium sp. SNU WT5	2594269	S	4	0	4	0.0000835544
Chryseobacterium sp. G0162	2487063	S	2	2	4	0.0000835544
Chryseobacterium camelliae	1265445	S	3	1	4	0.0000835544
Kaistella antarctica	266748	S	4	0	4	0.0000835544
Kaistella daneshvariae	2487074	S	4	0	4	0.0000835544
Elizabethkingia miricola	172045	S	2	2	4	0.0000835544
Apibacter raozihei	2500547	S	4	0	4	0.0000835544
Apibacter sp. B3706	2656760	S	1	3	4	0.0000835544
Alistipes communis	2585118	S	4	0	4	0.0000835544
Dysgonomonas sp. HDW5B	2714927	S	1	3	4	0.0000835544
Pedobacter sp. eg	2201271	S	4	0	4	0.0000835544
Mucilaginibacter ginkgonis	2682091	S	4	0	4	0.0000835544
Sphingobacterium sp. DR205	2713573	S	4	0	4	0.0000835544
Sphingobacterium daejeonense	371142	S	4	0	4	0.0000835544
Olivibacter sp. SDN3	2764720	S	4	0	4	0.0000835544
Fibrella sp. ES10-3-2-2	1834519	S	4	0	4	0.0000835544
Pontibacter korlensis	400092	S	4	0	4	0.0000835544
Chitinophaga sp. XS-30	2604421	S	4	0	4	0.0000835544
Niabella ginsenosidivorans	1176587	S	4	0	4	0.0000835544
Gemmatimonas aurantiaca	173480	S	4	0	4	0.0000835544
Stieleria neptunia	2527979	S	4	0	4	0.0000835544
Roseimaritima ulvae	980254	S	4	0	4	0.0000835544
Rubinisphaera brasiliensis	119	S	4	0	4	0.0000835544
Coraliomargarita akajimensis	395922	S	4	0	4	0.0000835544
Neochlamydia sp. S13	1353976	S	4	0	4	0.0000835544
Edaphobacter sp. 4G125	2763071	S	4	0	4	0.0000835544
Candidatus Solibacter usitatus	332163	S	4	0	4	0.0000835544
Sphaerochaeta globosa	1131703	S	4	0	4	0.0000835544
Fusobacterium ulcerans	861	S	4	0	4	0.0000835544
Fusobacterium pseudoperiodonticum	2663009	S	3	1	4	0.0000835544
Leptotrichia wadei	157687	S	4	0	4	0.0000835544
Methanosarcina sp. WH1	1434102	S	2	2	4	0.0000835544
Methanomethylovorans hollandica	101192	S	4	0	4	0.0000835544
Haloquadratum walsbyi	293091	S	4	0	4	0.0000835544
Candidatus Nitrosotalea okcheonensis	1903276	S	4	0	4	0.0000835544
Propionibacterium virus P1.1	1982264	S	3	1	4	0.0000835544
Heliothis zea nudivirus	29250	S	4	0	4	0.0000835544
Pseudomonas sp. LG1E9	2219057	S	3	0	3	0.0000626658
Pseudomonas sp. BIGb0427	2724470	S	3	0	3	0.0000626658
Pseudomonas sp. ABC1	2748080	S	3	0	3	0.0000626658
Pseudomonas sp. NS1(2017)	2025658	S	3	0	3	0.0000626658
Pseudomonas sp. TCU-HL1	1856685	S	3	0	3	0.0000626658
Pseudomonas sp. J380	2605424	S	2	1	3	0.0000626658
Pseudomonas sp. RU47	2005388	S	2	1	3	0.0000626658
Pseudomonas sp. ADAK22	2730851	S	2	1	3	0.0000626658
Pseudomonas sp. DR 5-09	1534110	S	2	1	3	0.0000626658
Pseudomonas sp. SWI44	2083053	S	1	2	3	0.0000626658
Pseudomonas sp. R3-52-08	1173284	S	1	2	3	0.0000626658
Pseudomonas mandelii	75612	S	1	2	3	0.0000626658
Pseudomonas sp. Lz4W	1206777	S	1	2	3	0.0000626658
Pseudomonas furukawaii	1149133	S	3	0	3	0.0000626658
Pseudomonas xanthomarina	271420	S	3	0	3	0.0000626658
Pseudomonas lundensis	86185	S	3	0	3	0.0000626658
Pseudomonas litoralis	797277	S	3	0	3	0.0000626658
Pseudomonas taetrolens	47884	S	3	0	3	0.0000626658
Pseudomonas yamanorum	515393	S	3	0	3	0.0000626658
Pseudomonas sabulinigri	472181	S	3	0	3	0.0000626658
Pseudomonas psychrophila	122355	S	3	0	3	0.0000626658
Pseudomonas otitidis	319939	S	3	0	3	0.0000626658
Pseudomonas vancouverensis	95300	S	3	0	3	0.0000626658
Acinetobacter baylyi	202950	S	3	0	3	0.0000626658
Acinetobacter dispersus	70348	S	3	0	3	0.0000626658
Psychrobacter sp. 28M-43	2772254	S	3	0	3	0.0000626658
Psychrobacter sp. DAB_AL43B	1028416	S	3	0	3	0.0000626658
Aquirhabdus parva	2283318	S	3	0	3	0.0000626658
Stenotrophomonas sp. ZAC14D2_NAIMI4_7	2072405	S	2	1	3	0.0000626658
Stenotrophomonas sp. Pemsol	2040586	S	3	0	3	0.0000626658
Stenotrophomonas sp. 364	2691571	S	3	0	3	0.0000626658
Stenotrophomonas sp. NA06056	2742129	S	3	0	3	0.0000626658
Xanthomonas theicola	56464	S	3	0	3	0.0000626658
Lysobacter sp. H21R20	2781022	S	2	1	3	0.0000626658
Luteimonas sp. MC1825	2761107	S	2	1	3	0.0000626658
Pseudoxanthomonas spadix	415229	S	3	0	3	0.0000626658
Xylella fastidiosa	2371	S	3	0	3	0.0000626658
Rhodanobacter sp. FDAARGOS 1247	2778082	S	3	0	3	0.0000626658
Klebsiella variicola	244366	S	2	1	3	0.0000626658
Enterobacter ludwigii	299767	S	1	2	3	0.0000626658
Enterobacter roggenkampii	1812935	S	1	2	3	0.0000626658
Leclercia sp. 4-9-1-25	2815358	S	3	0	3	0.0000626658
Leclercia adecarboxylata	83655	S	2	1	3	0.0000626658
Raoultella planticola	575	S	2	1	3	0.0000626658
Kluyvera intermedia	61648	S	3	0	3	0.0000626658
Candidatus Riesia pediculischaeffi	428411	S	3	0	3	0.0000626658
Candidatus Ishikawaella capsulata	168169	S	3	0	3	0.0000626658
Pantoea ananatis	553	S	3	0	3	0.0000626658
Mixta calida	665913	S	3	0	3	0.0000626658
Serratia sp. ATCC 39006	104623	S	3	0	3	0.0000626658
Serratia liquefaciens	614	S	2	1	3	0.0000626658
Serratia rubidaea	61652	S	2	1	3	0.0000626658
Serratia ficaria	61651	S	1	2	3	0.0000626658
Yersinia ruckeri	29486	S	3	0	3	0.0000626658
Rouxiella badensis	1646377	S	3	0	3	0.0000626658
Morganella morganii	582	S	3	0	3	0.0000626658
Pectobacterium carotovorum	554	S	3	0	3	0.0000626658
Pectobacterium parmentieri	1905730	S	3	0	3	0.0000626658
Hafnia paralvei	546367	S	2	1	3	0.0000626658
Halomonas sp. Y2R2	2562282	S	3	0	3	0.0000626658
Halomonas sp. THAF12	2587849	S	3	0	3	0.0000626658
Halomonas sp. MCCC 1A13316	2733487	S	3	0	3	0.0000626658
Halomonas hydrothermalis	115561	S	3	0	3	0.0000626658
Halomonas aestuarii	1897729	S	3	0	3	0.0000626658
Halomonas beimenensis	475662	S	3	0	3	0.0000626658
Marinomonas primoryensis	178399	S	3	0	3	0.0000626658
Bacterioplanes sanyensis	1249553	S	3	0	3	0.0000626658
Alcanivorax pacificus	1306787	S	3	0	3	0.0000626658
Hahella chejuensis	158327	S	2	1	3	0.0000626658
Shewanella sp. M2	2487742	S	3	0	3	0.0000626658
Shewanella sp. WPAGA9	2775245	S	2	1	3	0.0000626658
Shewanella marisflavi	260364	S	3	0	3	0.0000626658
Shewanella baltica	62322	S	3	0	3	0.0000626658
Shewanella japonica	93973	S	2	1	3	0.0000626658
Marinobacter salarius	1420917	S	3	0	3	0.0000626658
Paraglaciecola sp. L3A3	2686358	S	3	0	3	0.0000626658
Colwellia sp. Arc7-635	2497879	S	3	0	3	0.0000626658
Thalassotalea sp. HSM 43	2552945	S	3	0	3	0.0000626658
Aeromonas sp.	647	S	2	1	3	0.0000626658
Aeromonas simiae	218936	S	3	0	3	0.0000626658
Zobellella denitrificans	347534	S	3	0	3	0.0000626658
Vibrio navarrensis	29495	S	3	0	3	0.0000626658
Vibrio fluvialis	676	S	3	0	3	0.0000626658
Paraphotobacterium marinum	1755811	S	3	0	3	0.0000626658
Spiribacter curvatus	1335757	S	3	0	3	0.0000626658
Aquisalimonas sp. 2447	2740807	S	3	0	3	0.0000626658
Nitrosococcus watsonii	473531	S	3	0	3	0.0000626658
Thioflavicoccus mobilis	80679	S	3	0	3	0.0000626658
Woeseia oceani	1548547	S	3	0	3	0.0000626658
Legionella sainthelensi	28087	S	3	0	3	0.0000626658
Legionella fallonii	96230	S	3	0	3	0.0000626658
Coxiella burnetii	777	S	3	0	3	0.0000626658
Candidatus Coxiella mudrowiae	2054173	S	3	0	3	0.0000626658
Teredinibacter haidensis	2731755	S	3	0	3	0.0000626658
Halioglobus japonicus	930805	S	3	0	3	0.0000626658
Microbulbifer aggregans	1769779	S	3	0	3	0.0000626658
Methylomicrobium album	39775	S	3	0	3	0.0000626658
Beggiatoa leptomitoformis	288004	S	3	0	3	0.0000626658
Hydrogenovibrio crunogenus	39765	S	3	0	3	0.0000626658
Thiomicrospira aerophila	92245	S	3	0	3	0.0000626658
Piscirickettsia salmonis	1238	S	3	0	3	0.0000626658
Francisella frigiditurris	1542390	S	3	0	3	0.0000626658
Frederiksenia canicola	123824	S	3	0	3	0.0000626658
Immundisolibacter cernigliae	1810504	S	3	0	3	0.0000626658
Burkholderia sp. PAMC 26561	1795043	S	2	1	3	0.0000626658
Paraburkholderia sp. PGU19	2735434	S	2	1	3	0.0000626658
Paraburkholderia ginsengisoli	311231	S	3	0	3	0.0000626658
Paraburkholderia acidophila	265293	S	1	2	3	0.0000626658
Pandoraea thiooxydans	445709	S	3	0	3	0.0000626658
Pandoraea sp. XY-2	2518599	S	3	0	3	0.0000626658
Pandoraea oxalativorans	573737	S	2	1	3	0.0000626658
Herminiimonas arsenitoxidans	1809410	S	3	0	3	0.0000626658
Bordetella sp. H567	1697043	S	3	0	3	0.0000626658
Bordetella sp. N	1746199	S	3	0	3	0.0000626658
Bordetella flabilis	463014	S	3	0	3	0.0000626658
Pusillimonas sp. T7-7	1007105	S	3	0	3	0.0000626658
Sutterella faecalis	2584944	S	3	0	3	0.0000626658
Aquitalea denitrificans	519081	S	3	0	3	0.0000626658
Jeongeupia sp. USM3	1906741	S	3	0	3	0.0000626658
Deefgea sp. D17	2739061	S	3	0	3	0.0000626658
Neisseria flavescens	484	S	3	0	3	0.0000626658
Neisseria brasiliensis	2666100	S	3	0	3	0.0000626658
Neisseria shayeganii	607712	S	3	0	3	0.0000626658
Neisseria sicca	490	S	3	0	3	0.0000626658
Vitreoscilla sp. C1	96942	S	3	0	3	0.0000626658
Chitinolyticbacter meiyuanensis	682798	S	3	0	3	0.0000626658
Snodgrassella alvi	1196083	S	3	0	3	0.0000626658
Thauera sp. MZ1T	85643	S	2	1	3	0.0000626658
Thauera hydrothermalis	2184083	S	3	0	3	0.0000626658
Rugosibacter aromaticivorans	1565605	S	3	0	3	0.0000626658
Methylophilus sp. TWE2	1662285	S	3	0	3	0.0000626658
Nitrosospira multiformis	1231	S	3	0	3	0.0000626658
Denitratisoma sp. DHT3	1981880	S	2	1	3	0.0000626658
Candidatus Nitrotoga sp. AM1P	2559597	S	3	0	3	0.0000626658
Usitatibacter rugosus	2732067	S	3	0	3	0.0000626658
Usitatibacter palustris	2732487	S	3	0	3	0.0000626658
Bradyrhizobium sp. ORS 278	114615	S	3	0	3	0.0000626658
Bradyrhizobium sp. 323S2	1404649	S	1	2	3	0.0000626658
Microvirga ossetica	1882682	S	2	1	3	0.0000626658
Rhizobium sp. ADMK78	1813451	S	3	0	3	0.0000626658
Rhizobium daejeonense	240521	S	2	1	3	0.0000626658
Rhizobium gallicum	56730	S	2	1	3	0.0000626658
Agrobacterium sp. T29	2580515	S	2	1	3	0.0000626658
Sinorhizobium sp. RAC02	1842534	S	3	0	3	0.0000626658
Sinorhizobium americanum	194963	S	2	1	3	0.0000626658
Ensifer adhaerens	106592	S	3	0	3	0.0000626658
Ensifer sp. PDNC004	2811423	S	3	0	3	0.0000626658
Mesorhizobium sp. NZP2298	2483403	S	2	1	3	0.0000626658
Mesorhizobium sp. AA22	1854057	S	2	1	3	0.0000626658
Mesorhizobium sp. WSM1497	278153	S	1	2	3	0.0000626658
Phyllobacterium zundukense	1867719	S	3	0	3	0.0000626658
Hoeflea sp. IMCC20628	1620421	S	3	0	3	0.0000626658
Salaquimonas pukyongi	2712698	S	3	0	3	0.0000626658
Youhaiella tibetensis	1447062	S	3	0	3	0.0000626658
Azorhizobium caulinodans	7	S	3	0	3	0.0000626658
Labrenzia sp. PHM005	2590016	S	3	0	3	0.0000626658
Methylocystis bryophila	655015	S	3	0	3	0.0000626658
Pseudorhodoplanes sinuspersici	1235591	S	3	0	3	0.0000626658
Bartonella kosoyi	2133959	S	1	2	3	0.0000626658
Sphingomonas sp. HMP6	1517551	S	3	0	3	0.0000626658
Sphingomonas daechungensis	1176646	S	3	0	3	0.0000626658
Sphingobium japonicum	332056	S	2	1	3	0.0000626658
Parasphingopyxis algicola	2026624	S	3	0	3	0.0000626658
Parasphingopyxis sp. CP4	2724527	S	3	0	3	0.0000626658
Citromicrobium sp. JL477	1634516	S	3	0	3	0.0000626658
Erythrobacter neustonensis	1112	S	3	0	3	0.0000626658
Qipengyuania seohaensis	266951	S	3	0	3	0.0000626658
Sphingosinicella microcystinivorans	335406	S	3	0	3	0.0000626658
Sandaracinobacter sp. M6	2759707	S	3	0	3	0.0000626658
Paracoccus liaowanqingii	2560053	S	3	0	3	0.0000626658
Paracoccus aminovorans	34004	S	3	0	3	0.0000626658
Celeribacter ethanolicus	1758178	S	2	1	3	0.0000626658
Rhodovulum sp. MB263	308754	S	3	0	3	0.0000626658
Roseovarius sp. THAF9	2587847	S	2	1	3	0.0000626658
Ruegeria sp. TM1040	292414	S	3	0	3	0.0000626658
Ruegeria sp. AD91A	2293862	S	3	0	3	0.0000626658
Ruegeria sp. THAF33	2587853	S	2	1	3	0.0000626658
Ruegeria pomeroyi	89184	S	3	0	3	0.0000626658
Planktomarina temperata	1284658	S	3	0	3	0.0000626658
Azospirillum sp. TSH100	652764	S	3	0	3	0.0000626658
Thalassospira indica	1891279	S	3	0	3	0.0000626658
Rhodospirillum centenum	34018	S	3	0	3	0.0000626658
Niveispirillum cyanobacteriorum	1612173	S	3	0	3	0.0000626658
Acetobacter orientalis	146474	S	3	0	3	0.0000626658
Acetobacter sp. KACC 21233	2592655	S	3	0	3	0.0000626658
Kozakia baliensis	153496	S	3	0	3	0.0000626658
Candidatus Sneabacter namystus	2601646	S	3	0	3	0.0000626658
Wolbachia endosymbiont of Dipetalonema caudispina	1812112	S	2	1	3	0.0000626658
Phreatobacter cathodiphilus	1868589	S	3	0	3	0.0000626658
Arcobacter cloacae	1054034	S	3	0	3	0.0000626658
Malaciobacter molluscorum	1032072	S	3	0	3	0.0000626658
Poseidonibacter lekithochrous	1904463	S	3	0	3	0.0000626658
Campylobacter iguaniorum	1244531	S	3	0	3	0.0000626658
Campylobacter sputorum	206	S	3	0	3	0.0000626658
Campylobacter showae	204	S	3	0	3	0.0000626658
Campylobacter coli	195	S	2	1	3	0.0000626658
Sulfurimonas denitrificans	39766	S	3	0	3	0.0000626658
Desulfovibrio carbinolicus	296842	S	3	0	3	0.0000626658
Desulfovibrio marinus	370038	S	3	0	3	0.0000626658
Desulfonema limicola	45656	S	3	0	3	0.0000626658
Desulfocapsa sulfexigens	65555	S	3	0	3	0.0000626658
Desulfurivibrio alkaliphilus	427923	S	3	0	3	0.0000626658
Halobacteriovorax marinus	97084	S	3	0	3	0.0000626658
Silvanigrella aquatica	1915309	S	3	0	3	0.0000626658
Hydrogenophilus thermoluteolus	297	S	3	0	3	0.0000626658
Propionibacterium australiense	119981	S	3	0	3	0.0000626658
Tessaracoccus flavus	1610493	S	2	1	3	0.0000626658
Microlunatus sagamiharensis	546874	S	3	0	3	0.0000626658
Acidipropionibacterium acidipropionici	1748	S	3	0	3	0.0000626658
Propioniciclava sp. HDW11	2714937	S	3	0	3	0.0000626658
Nocardioides sp. 603	2483798	S	3	0	3	0.0000626658
Nocardioides sp. HY056	2500546	S	3	0	3	0.0000626658
Nocardioides sp. S-1144	2582905	S	3	0	3	0.0000626658
Nocardioides sp. HDW12B	2714939	S	3	0	3	0.0000626658
Nocardioides marinisabuli	419476	S	2	1	3	0.0000626658
Nocardioides dokdonensis	450734	S	2	1	3	0.0000626658
Pimelobacter simplex	2045	S	3	0	3	0.0000626658
Kribbella flavida	182640	S	3	0	3	0.0000626658
Luteipulveratus mongoliensis	571913	S	3	0	3	0.0000626658
Microbacterium sp. 10M-3C3	2483401	S	3	0	3	0.0000626658
Microbacterium sp. A18JL200	2782167	S	3	0	3	0.0000626658
Microbacterium sp. 4R-513	2567934	S	3	0	3	0.0000626658
Microbacterium sp. TPU 3598	1938334	S	3	0	3	0.0000626658
Microbacterium sp. LKL04	912630	S	3	0	3	0.0000626658
Microbacterium esteraromaticum	57043	S	3	0	3	0.0000626658
Microbacterium schleiferi	69362	S	3	0	3	0.0000626658
Curtobacterium sp. YC1	2795488	S	3	0	3	0.0000626658
Agromyces aureus	453304	S	3	0	3	0.0000626658
Aurantimicrobium sp. MWH-Uga1	2079575	S	2	1	3	0.0000626658
Aurantimicrobium minutum	708131	S	2	1	3	0.0000626658
Salinibacterium hongtaonis	2079791	S	3	0	3	0.0000626658
Cryobacterium soli	2220095	S	1	2	3	0.0000626658
Protaetiibacter sp. SSC-01	2759943	S	2	1	3	0.0000626658
Marisediminicola antarctica	674079	S	3	0	3	0.0000626658
Glaciihabitans sp. INWT7	2596912	S	3	0	3	0.0000626658
Microcella alkaliphila	279828	S	3	0	3	0.0000626658
Kocuria sp. TGY1127_2	2711328	S	2	1	3	0.0000626658
Kocuria varians	1272	S	3	0	3	0.0000626658
Micrococcus sp. A1	404583	S	1	2	3	0.0000626658
Arthrobacter sp. U41	1849032	S	3	0	3	0.0000626658
Arthrobacter sp. YN	2020486	S	3	0	3	0.0000626658
Arthrobacter sp. NEB 688	904039	S	3	0	3	0.0000626658
Arthrobacter sp. Rue61a	1118963	S	1	2	3	0.0000626658
Arthrobacter woluwensis	156980	S	3	0	3	0.0000626658
Rothia kristinae	37923	S	3	0	3	0.0000626658
Rothia aeria	172042	S	3	0	3	0.0000626658
Pseudarthrobacter chlorophenolicus	85085	S	2	1	3	0.0000626658
Citricoccus sp. SGAir0253	2567881	S	3	0	3	0.0000626658
Zhihengliuella sp. ISTPL4	2058657	S	2	1	3	0.0000626658
Janibacter limosus	53458	S	3	0	3	0.0000626658
Phycicoccus sp. HDW14	2714941	S	3	0	3	0.0000626658
Brevibacterium luteolum	199591	S	3	0	3	0.0000626658
Brachybacterium sp. SGAir0954	2571029	S	3	0	3	0.0000626658
Brachybacterium saurashtrense	556288	S	3	0	3	0.0000626658
Actinotalea sp. JY-7876	2758442	S	3	0	3	0.0000626658
Isoptericola dokdonensis	372663	S	3	0	3	0.0000626658
Georgenia sp. Z443	2589797	S	3	0	3	0.0000626658
Ruania sp. HY168	2603206	S	3	0	3	0.0000626658
Dermatophilus congolensis	1863	S	3	0	3	0.0000626658
Corynebacterium ammoniagenes	1697	S	3	0	3	0.0000626658
Corynebacterium ulcerans	65058	S	3	0	3	0.0000626658
Corynebacterium segmentosum	43990	S	3	0	3	0.0000626658
Corynebacterium halotolerans	225326	S	3	0	3	0.0000626658
Corynebacterium lactis	1231000	S	3	0	3	0.0000626658
Corynebacterium callunae	1721	S	3	0	3	0.0000626658
Corynebacterium anserum	2684406	S	3	0	3	0.0000626658
Corynebacterium pelargi	1471400	S	3	0	3	0.0000626658
Corynebacterium cystitidis	35757	S	3	0	3	0.0000626658
Rhodococcus coprophilus	38310	S	3	0	3	0.0000626658
Rhodococcus triatomae	300028	S	3	0	3	0.0000626658
Rhodococcus pyridinivorans	103816	S	1	2	3	0.0000626658
Nocardia arthritidis	228602	S	3	0	3	0.0000626658
Mycolicibacterium alvei	67081	S	3	0	3	0.0000626658
Mycolicibacterium mageritense	53462	S	3	0	3	0.0000626658
Mycolicibacterium parafortuitum	39692	S	3	0	3	0.0000626658
Mycolicibacterium duvalii	39688	S	3	0	3	0.0000626658
Mycolicibacterium phocaicum	319706	S	3	0	3	0.0000626658
Mycolicibacterium aubagnense	319707	S	3	0	3	0.0000626658
Mycolicibacterium fallax	1793	S	3	0	3	0.0000626658
Mycolicibacterium phlei	1771	S	3	0	3	0.0000626658
Mycobacterium sp. JS623	212767	S	3	0	3	0.0000626658
Mycobacterium sp. EPa45	1545728	S	3	0	3	0.0000626658
Mycobacterium shigaense	722731	S	3	0	3	0.0000626658
Mycobacterium cookii	1775	S	3	0	3	0.0000626658
Mycobacterium noviomagense	459858	S	3	0	3	0.0000626658
Mycobacteroides saopaulense	1578165	S	3	0	3	0.0000626658
Mycolicibacter terrae	1788	S	3	0	3	0.0000626658
Mycolicibacter minnesotensis	1118379	S	3	0	3	0.0000626658
Gordonia sp. YC-JH1	2059875	S	2	1	3	0.0000626658
Streptomyces sp. Z022	1442032	S	3	0	3	0.0000626658
Streptomyces sp. SAT1	1849967	S	3	0	3	0.0000626658
Streptomyces sp. DSM 40868	2721173	S	3	0	3	0.0000626658
Streptomyces sp. SN-593	659352	S	3	0	3	0.0000626658
Streptomyces sp. P3	2135430	S	3	0	3	0.0000626658
Streptomyces sp. WAC 01529	2203205	S	3	0	3	0.0000626658
Streptomyces sp. CRPJ-33	2768068	S	3	0	3	0.0000626658
Streptomyces sp. CdTB01	1725411	S	3	0	3	0.0000626658
Streptomyces sp. SUK 48	2582831	S	3	0	3	0.0000626658
Streptomyces sp. 2323.1	1938841	S	3	0	3	0.0000626658
Streptomyces sp. VN1	1821625	S	1	2	3	0.0000626658
Streptomyces griseorubiginosus	67304	S	3	0	3	0.0000626658
Streptomyces armeniacus	83291	S	3	0	3	0.0000626658
Streptomyces griseoviridis	45398	S	3	0	3	0.0000626658
Streptomyces phaeolivaceus	2653200	S	3	0	3	0.0000626658
Streptomyces cattleya	29303	S	3	0	3	0.0000626658
Streptomyces nitrosporeus	28894	S	3	0	3	0.0000626658
Streptomyces olivoreticuli	68246	S	3	0	3	0.0000626658
Streptomyces atratus	1893	S	3	0	3	0.0000626658
Streptomyces pratensis	1169025	S	3	0	3	0.0000626658
Streptomyces malaysiensis	92644	S	1	2	3	0.0000626658
Kitasatospora sp. MMS16-BH015	2018025	S	3	0	3	0.0000626658
Streptacidiphilus bronchialis	2126346	S	3	0	3	0.0000626658
Bifidobacterium dentium	1689	S	3	0	3	0.0000626658
Bifidobacterium pseudolongum	1694	S	3	0	3	0.0000626658
Bifidobacterium breve	1685	S	3	0	3	0.0000626658
Bifidobacterium pullorum	78448	S	3	0	3	0.0000626658
Actinoplanes friuliensis	196914	S	3	0	3	0.0000626658
Micromonospora sp. HM134	2583243	S	3	0	3	0.0000626658
Micromonospora sp. B006	2201999	S	2	1	3	0.0000626658
Micromonospora echinospora	1877	S	3	0	3	0.0000626658
Phytohabitans flavus	1076124	S	3	0	3	0.0000626658
Actinocatenispora thailandica	227318	S	3	0	3	0.0000626658
Plantactinospora sp. BC1	2108470	S	2	1	3	0.0000626658
Pseudonocardia sp. HH130629-09	1641402	S	3	0	3	0.0000626658
Saccharopolyspora erythraea	1836	S	3	0	3	0.0000626658
Saccharomonospora xinjiangensis	75294	S	3	0	3	0.0000626658
Saccharothrix sp. 6-C	2781735	S	3	0	3	0.0000626658
Actinosynnema pretiosum	42197	S	2	1	3	0.0000626658
Actinomyces sp. HMT 175	2789425	S	2	1	3	0.0000626658
Mobiluncus curtisii	2051	S	3	0	3	0.0000626658
Winkia sp. C64	2692125	S	3	0	3	0.0000626658
Nocardiopsis dassonvillei	2014	S	3	0	3	0.0000626658
Frankia sp. EAN1pec	298653	S	3	0	3	0.0000626658
Frankia sp. QA3	710111	S	3	0	3	0.0000626658
Geodermatophilus obscurus	1861	S	3	0	3	0.0000626658
Modestobacter marinus	477641	S	3	0	3	0.0000626658
Jiangella sp. DSM 45060	1798224	S	3	0	3	0.0000626658
Stackebrandtia nassauensis	283811	S	3	0	3	0.0000626658
Olsenella sp. LZLJ-2	2779519	S	2	1	3	0.0000626658
Gordonibacter urolithinfaciens	1335613	S	2	1	3	0.0000626658
Arabia massiliensis	1870985	S	2	1	3	0.0000626658
Egibacter rhizosphaerae	1670831	S	3	0	3	0.0000626658
Blautia argi	1912897	S	3	0	3	0.0000626658
[Clostridium] scindens	29347	S	3	0	3	0.0000626658
Cellulosilyticum sp. WCF-2	2497860	S	1	2	3	0.0000626658
Clostridium sp. JN-1	2483110	S	3	0	3	0.0000626658
Clostridium cellulovorans	1493	S	3	0	3	0.0000626658
Clostridium carboxidivorans	217159	S	3	0	3	0.0000626658
Clostridium septicum	1504	S	3	0	3	0.0000626658
Clostridium sporogenes	1509	S	1	2	3	0.0000626658
Sarcina sp. JB2	2726954	S	3	0	3	0.0000626658
Candidatus Arthromitus sp. SFB-rat-Yit	1041504	S	3	0	3	0.0000626658
Acetobacterium woodii	33952	S	3	0	3	0.0000626658
Aminipila sp. CBA3637	2697030	S	3	0	3	0.0000626658
Caldanaerobacter subterraneus	911092	S	3	0	3	0.0000626658
Bacillus sp. M4U3P1	2592382	S	3	0	3	0.0000626658
Bacillus sp. BS98	2608254	S	1	2	3	0.0000626658
Bacillus infantis	324767	S	3	0	3	0.0000626658
Alkalihalobacillus clausii	79880	S	3	0	3	0.0000626658
Lysinibacillus fusiformis	28031	S	2	1	3	0.0000626658
Anoxybacillus kamchatkensis	196180	S	2	1	3	0.0000626658
Peribacillus psychrosaccharolyticus	1407	S	3	0	3	0.0000626658
Lederbergia lentus	1467	S	3	0	3	0.0000626658
Pradoshia sp. D12	2651284	S	3	0	3	0.0000626658
Staphylococcus simulans	1286	S	3	0	3	0.0000626658
Staphylococcus equorum	246432	S	2	1	3	0.0000626658
Paenibacillus mucilaginosus	61624	S	3	0	3	0.0000626658
Paenibacillus barcinonensis	198119	S	3	0	3	0.0000626658
Paenibacillus bovis	1616788	S	3	0	3	0.0000626658
Cohnella sp. KS 22	2598458	S	3	0	3	0.0000626658
Cohnella sp. MFER-1	2728023	S	3	0	3	0.0000626658
Alicyclobacillus ferrooxydans	471514	S	3	0	3	0.0000626658
Kyrpidia tusciae	33943	S	3	0	3	0.0000626658
Listeria innocua	1642	S	3	0	3	0.0000626658
Streptococcus sanguinis	1305	S	3	0	3	0.0000626658
Streptococcus himalayensis	1888195	S	3	0	3	0.0000626658
Streptococcus uberis	1349	S	3	0	3	0.0000626658
Streptococcus vestibularis	1343	S	3	0	3	0.0000626658
Streptococcus canis	1329	S	3	0	3	0.0000626658
Lactobacillus jensenii	109790	S	3	0	3	0.0000626658
Latilactobacillus sakei	1599	S	3	0	3	0.0000626658
Fructilactobacillus fructivorans	1614	S	3	0	3	0.0000626658
Lacticaseibacillus manihotivorans	88233	S	3	0	3	0.0000626658
Levilactobacillus brevis	1580	S	3	0	3	0.0000626658
Lentilactobacillus buchneri	1581	S	3	0	3	0.0000626658
Dolosigranulum pigrum	29394	S	3	0	3	0.0000626658
Enterococcus faecalis	1351	S	3	0	3	0.0000626658
Enterococcus casseliflavus	37734	S	2	1	3	0.0000626658
Aerococcus urinae	1376	S	3	0	3	0.0000626658
Megamonas hypermegale	158847	S	3	0	3	0.0000626658
Selenomonas sputigena	69823	S	3	0	3	0.0000626658
Dialister massiliensis	2161821	S	3	0	3	0.0000626658
Schnuerera ultunensis	45497	S	3	0	3	0.0000626658
Nostoc sp. TCL26-01	2576904	S	3	0	3	0.0000626658
Nostoc piscinale	224012	S	3	0	3	0.0000626658
Nostoc linckia	92942	S	2	1	3	0.0000626658
Trichormus azollae	1164	S	3	0	3	0.0000626658
Microchaete diplosiphon	1197	S	1	2	3	0.0000626658
Synechococcus sp. JA-3-3Ab	321327	S	3	0	3	0.0000626658
Synechococcus sp. PCC 7003	374981	S	3	0	3	0.0000626658
Synechococcus sp. PCC 7502	1173263	S	3	0	3	0.0000626658
Dactylococcopsis salina	292566	S	2	1	3	0.0000626658
Acaryochloris marina	155978	S	3	0	3	0.0000626658
cyanobacterium endosymbiont of Epithemia turgida	718217	S	3	0	3	0.0000626658
cyanobacterium endosymbiont of Rhopalodia gibberula	1763363	S	3	0	3	0.0000626658
Mycoplasma mycoides	2102	S	2	1	3	0.0000626658
Mycoplasma mobile	2118	S	3	0	3	0.0000626658
Mycoplasma hyorhinis	2100	S	2	1	3	0.0000626658
Mycoplasma citelli	171281	S	3	0	3	0.0000626658
Mycoplasma arginini	2094	S	3	0	3	0.0000626658
Mesoplasma florum	2151	S	3	0	3	0.0000626658
Meiothermus ruber	277	S	3	0	3	0.0000626658
Meiothermus taiwanensis	172827	S	3	0	3	0.0000626658
Dehalococcoides mccartyi	61435	S	3	0	3	0.0000626658
Fimbriimonas ginsengisoli	1005039	S	3	0	3	0.0000626658
Polaribacter sp. SA4-12	1312072	S	3	0	3	0.0000626658
Polaribacter sp. G4M1	2808900	S	3	0	3	0.0000626658
Myroides fluvii	2572594	S	3	0	3	0.0000626658
Nonlabens sp. Hel1_33_55	1336802	S	3	0	3	0.0000626658
Nonlabens sp. SY33080	2719911	S	1	2	3	0.0000626658
Nonlabens marinus	930802	S	3	0	3	0.0000626658
Gramella echinicola	279359	S	3	0	3	0.0000626658
Gramella forsetii	411153	S	3	0	3	0.0000626658
Gramella sp. MAR_2010_147	1250205	S	3	0	3	0.0000626658
Algibacter sp. L3A6	2686366	S	2	1	3	0.0000626658
Winogradskyella sp. PG-2	754409	S	3	0	3	0.0000626658
Winogradskyella sp. J14-2	1936080	S	3	0	3	0.0000626658
Winogradskyella helgolandensis	2697010	S	3	0	3	0.0000626658
Lacinutrix sp. WUR7	2653681	S	3	0	3	0.0000626658
Lacinutrix sp. 5H-3-7-4	983544	S	2	1	3	0.0000626658
Salegentibacter salegens	143223	S	3	0	3	0.0000626658
Tamlana carrageenivorans	2069432	S	2	1	3	0.0000626658
Tamlana sp. s12	1630406	S	2	1	3	0.0000626658
Altibacter sp. ALE3EI	2562285	S	3	0	3	0.0000626658
Arenibacter algicola	616991	S	3	0	3	0.0000626658
Leeuwenhoekiella sp. ZYFB001	2719912	S	3	0	3	0.0000626658
Gilvibacter sp. SZ-19	754429	S	3	0	3	0.0000626658
Chryseobacterium aureum	2497456	S	3	0	3	0.0000626658
Kaistella carnis	1241979	S	3	0	3	0.0000626658
Weeksella virosa	1014	S	3	0	3	0.0000626658
Bacteroides sp. CBA7301	2715212	S	3	0	3	0.0000626658
Bacteroides sp. HF-162	2785531	S	1	2	3	0.0000626658
Bacteroides heparinolyticus	28113	S	3	0	3	0.0000626658
Bacteroides coprosuis	151276	S	3	0	3	0.0000626658
Prevotella ruminicola	839	S	3	0	3	0.0000626658
Alistipes dispar	2585119	S	3	0	3	0.0000626658
Mucilaginibacter sp. F39-2	2728022	S	3	0	3	0.0000626658
Spirosoma sp. KCTC 42546	2520506	S	3	0	3	0.0000626658
Spirosoma sp. CJU-R4	2728024	S	3	0	3	0.0000626658
Spirosoma radiotolerans	1379870	S	3	0	3	0.0000626658
Spirosoma aureum	2692134	S	2	1	3	0.0000626658
Dyadobacter sp. Q3-56	2747268	S	3	0	3	0.0000626658
Rhodocytophaga rosea	2704465	S	3	0	3	0.0000626658
Hymenobacter sp. PAMC 26554	1484116	S	3	0	3	0.0000626658
Hymenobacter sp. DG25B	1385664	S	2	1	3	0.0000626658
Hymenobacter qilianensis	1385715	S	2	1	3	0.0000626658
Pontibacter sp. SGAir0037	2571030	S	3	0	3	0.0000626658
Pontibacter russatus	2694929	S	3	0	3	0.0000626658
Rufibacter sp. DG15C	1379909	S	2	1	3	0.0000626658
Echinicola sp. 20G	2781961	S	3	0	3	0.0000626658
Cyclobacterium marinum	104	S	3	0	3	0.0000626658
Flammeovirga pectinis	2494373	S	3	0	3	0.0000626658
Cardinium endosymbiont of Encarsia pergandiella	249402	S	3	0	3	0.0000626658
Chryseolinea soli	2321403	S	3	0	3	0.0000626658
Chitinophaga agri	2703787	S	2	1	3	0.0000626658
Arachidicoccus sp. B3-10	2545455	S	3	0	3	0.0000626658
Fibrobacter succinogenes	833	S	3	0	3	0.0000626658
Rhodopirellula baltica	265606	S	3	0	3	0.0000626658
Bremerella volcania	2527984	S	3	0	3	0.0000626658
Rosistilla oblonga	2527990	S	1	2	3	0.0000626658
Gimesia chilikensis	2605989	S	2	1	3	0.0000626658
Planctopirus ephydatiae	2528019	S	3	0	3	0.0000626658
Fuerstia marisgermanicae	1891926	S	3	0	3	0.0000626658
Symmachiella dynata	2527995	S	3	0	3	0.0000626658
Phycisphaera mikurensis	547188	S	3	0	3	0.0000626658
Akkermansia glycaniphila	1679444	S	3	0	3	0.0000626658
Paludibaculum fermentans	1473598	S	3	0	3	0.0000626658
Borreliella burgdorferi	139	S	3	0	3	0.0000626658
Brachyspira intermedia	84377	S	3	0	3	0.0000626658
Fusobacterium sp. oral taxon 203	671211	S	2	1	3	0.0000626658
Leptotrichia trevisanii	109328	S	3	0	3	0.0000626658
Thermosipho melanesiensis	46541	S	3	0	3	0.0000626658
Petrotoga mobilis	69499	S	3	0	3	0.0000626658
Sulfurihydrogenibium azorense	309806	S	3	0	3	0.0000626658
Aquifex aeolicus	63363	S	1	2	3	0.0000626658
Desulfurobacterium thermolithotrophum	64160	S	3	0	3	0.0000626658
Methanosarcina horonobensis	418008	S	3	0	3	0.0000626658
Methanosarcina vacuolata	2215	S	2	1	3	0.0000626658
Haloterrigena longa	370324	S	2	1	3	0.0000626658
Halobiforma lacisalsi	229731	S	3	0	3	0.0000626658
Methanobrevibacter millerae	230361	S	3	0	3	0.0000626658
Methanobrevibacter sp. YE315	1609968	S	3	0	3	0.0000626658
Methanothermus fervidus	2180	S	3	0	3	0.0000626658
Thermococcus barossii	54077	S	3	0	3	0.0000626658
Candidatus Nitrosopumilus sp. SW	2508726	S	2	1	3	0.0000626658
Candidatus Nitrosomarinus catalina	1898749	S	3	0	3	0.0000626658
Caldisphaera lagunensis	200415	S	3	0	3	0.0000626658
Xanthomonas phage Xoo-sp2	1852622	S	3	0	3	0.0000626658
Streptomyces virus Rowa	2734271	S	3	0	3	0.0000626658
Mycobacterium virus Sirduracell	1993887	S	2	1	3	0.0000626658
Pseudomonas fulva	47880	S	2	0	2	0.0000417772
Pseudomonas sp. StFLB209	1028989	S	2	0	2	0.0000417772
Pseudomonas sp. SCB32	2653853	S	2	0	2	0.0000417772
Pseudomonas sp. 7SR1	1881017	S	2	0	2	0.0000417772
Pseudomonas sp. 02C 26	2054914	S	2	0	2	0.0000417772
Pseudomonas sp. PDNC002	2811422	S	2	0	2	0.0000417772
Pseudomonas sp. Tri1	2823875	S	2	0	2	0.0000417772
Pseudomonas sp. OIL-1	2706126	S	2	0	2	0.0000417772
Pseudomonas sp. B11D7D	2735906	S	2	0	2	0.0000417772
Pseudomonas sp. LG1D9	2083054	S	1	1	2	0.0000417772
Pseudomonas sp. 09C 129	2054915	S	1	1	2	0.0000417772
Pseudomonas sp. BIOMIG1BAC	1758730	S	1	1	2	0.0000417772
Pseudomonas sp. A214	1855331	S	1	1	2	0.0000417772
Pseudomonas corrugata	47879	S	2	0	2	0.0000417772
Pseudomonas poae	200451	S	2	0	2	0.0000417772
Pseudomonas coronafaciens	53409	S	2	0	2	0.0000417772
Pseudomonas nitroreducens	46680	S	1	1	2	0.0000417772
Pseudomonas luteola	47886	S	2	0	2	0.0000417772
Pseudomonas pohangensis	364197	S	2	0	2	0.0000417772
Pseudomonas sediminis	1691904	S	2	0	2	0.0000417772
Pseudomonas lini	163011	S	2	0	2	0.0000417772
Pseudomonas prosekii	1148509	S	2	0	2	0.0000417772
Pseudomonas reinekei	395598	S	2	0	2	0.0000417772
Oblitimonas alkaliphila	1697053	S	2	0	2	0.0000417772
Acinetobacter sp. WCHAc010052	2004647	S	2	0	2	0.0000417772
Acinetobacter lactucae	1785128	S	2	0	2	0.0000417772
Acinetobacter oleivorans	1148157	S	2	0	2	0.0000417772
Psychrobacter sp. DAB_AL32B	1028414	S	2	0	2	0.0000417772
Psychrobacter sp. P11G3	1699623	S	2	0	2	0.0000417772
Stenotrophomonas sp. SAU14A_NAIMI4_5	2072413	S	2	0	2	0.0000417772
Stenotrophomonas sp. ESTM1D_MKCIP4_1	2072414	S	2	0	2	0.0000417772
Stenotrophomonas sp. WZN-1	2005046	S	2	0	2	0.0000417772
Stenotrophomonas indicatrix	2045451	S	1	1	2	0.0000417772
Xanthomonas sp. SS	2724122	S	2	0	2	0.0000417772
Xanthomonas sp. LMG 31887	2775162	S	1	1	2	0.0000417772
Xanthomonas translucens	343	S	2	0	2	0.0000417772
Xanthomonas vesicatoria	56460	S	2	0	2	0.0000417772
Xanthomonas hortorum	56454	S	2	0	2	0.0000417772
Xanthomonas fragariae	48664	S	2	0	2	0.0000417772
Dyella sp. M7H15-1	2501295	S	2	0	2	0.0000417772
Frateuria aurantia	81475	S	2	0	2	0.0000417772
Aerosticca soli	2010829	S	2	0	2	0.0000417772
Enterobacter sp. N18-03635	2500132	S	1	1	2	0.0000417772
Kosakonia sp. MUSA4	2067958	S	2	0	2	0.0000417772
Candidatus Gullanella endobia	1070130	S	2	0	2	0.0000417772
Kluyvera genomosp. 3	2774055	S	2	0	2	0.0000417772
Kluyvera ascorbata	51288	S	1	1	2	0.0000417772
Cedecea neteri	158822	S	2	0	2	0.0000417772
Cedecea sp. FDAARGOS_727	2545798	S	2	0	2	0.0000417772
Cronobacter dublinensis	413497	S	2	0	2	0.0000417772
Atlantibacter hermannii	565	S	2	0	2	0.0000417772
Erwinia sp. J780	2681984	S	2	0	2	0.0000417772
Pantoea sp. MSR2	2052056	S	2	0	2	0.0000417772
Pantoea sp. CCBC3-3-1	2490851	S	2	0	2	0.0000417772
Pantoea rwandensis	1076550	S	2	0	2	0.0000417772
Candidatus Pantoea carbekii	1235990	S	2	0	2	0.0000417772
Tatumella ptyseos	82987	S	2	0	2	0.0000417772
Mixta theicola	1458355	S	2	0	2	0.0000417772
Serratia symbiotica	138074	S	2	0	2	0.0000417772
Yersinia similis	367190	S	2	0	2	0.0000417772
Chania multitudinisentens	1639108	S	2	0	2	0.0000417772
Providencia alcalifaciens	126385	S	2	0	2	0.0000417772
Candidatus Arsenophonus lipoptenae	634113	S	2	0	2	0.0000417772
Xenorhabdus nematophila	628	S	2	0	2	0.0000417772
Pectobacterium wasabiae	55208	S	2	0	2	0.0000417772
Dickeya dianthicola	204039	S	2	0	2	0.0000417772
Dickeya zeae	204042	S	2	0	2	0.0000417772
Pragia fontium	82985	S	2	0	2	0.0000417772
Halomonas sp. A40-4	2785909	S	2	0	2	0.0000417772
Halomonas sp. YLGW01	2773308	S	2	0	2	0.0000417772
Halomonas sp. GT	1971364	S	2	0	2	0.0000417772
Halomonas meridiana	29570	S	2	0	2	0.0000417772
Halomonas elongata	2746	S	2	0	2	0.0000417772
Chromohalobacter salexigens	158080	S	2	0	2	0.0000417772
Marinobacterium georgiense	48076	S	2	0	2	0.0000417772
Neptunomonas phycophila	1572645	S	2	0	2	0.0000417772
Bermanella marisrubri	207949	S	2	0	2	0.0000417772
Saccharospirillum mangrovi	2161747	S	2	0	2	0.0000417772
Gynuella sunshinyii	1445505	S	2	0	2	0.0000417772
Litoricola lipolytica	418701	S	2	0	2	0.0000417772
Shewanella sp. FJAT-53726	2814295	S	1	1	2	0.0000417772
Shewanella violacea	60217	S	2	0	2	0.0000417772
Shewanella litorisediminis	1173586	S	2	0	2	0.0000417772
Shewanella frigidimarina	56812	S	2	0	2	0.0000417772
Shewanella livingstonensis	150120	S	2	0	2	0.0000417772
Marinobacter sp. Arc7-DN-1	2304594	S	2	0	2	0.0000417772
Marinobacter psychrophilus	330734	S	1	1	2	0.0000417772
Catenovulum sediminis	1740262	S	2	0	2	0.0000417772
Pseudoalteromonas sp. SM1988	2744479	S	2	0	2	0.0000417772
Pseudoalteromonas sp. GCY	2003316	S	1	1	2	0.0000417772
Pseudoalteromonas shioyasakiensis	1190813	S	2	0	2	0.0000417772
Pseudoalteromonas espejiana	28107	S	2	0	2	0.0000417772
Pseudoalteromonas tunicata	314281	S	2	0	2	0.0000417772
Pseudoalteromonas paragorgicola	166934	S	1	1	2	0.0000417772
Thalassotalea sp. LPB0316	2769490	S	2	0	2	0.0000417772
Psychromonas ingrahamii	357794	S	2	0	2	0.0000417772
Ferrimonas lipolytica	2724191	S	2	0	2	0.0000417772
Oceanimonas sp. GK1	511062	S	2	0	2	0.0000417772
Vibrio alginolyticus	663	S	1	1	2	0.0000417772
Vibrio sp. SM1977	2662262	S	2	0	2	0.0000417772
Vibrio taketomensis	2572923	S	2	0	2	0.0000417772
Vibrio zhugei	2479546	S	2	0	2	0.0000417772
Vibrio cyclitrophicus	47951	S	2	0	2	0.0000417772
Vibrio atlanticus	693153	S	2	0	2	0.0000417772
Salinivibrio sp. YCSC6	2003370	S	2	0	2	0.0000417772
Aliivibrio fischeri	668	S	2	0	2	0.0000417772
Grimontia hollisae	673	S	2	0	2	0.0000417772
Acidihalobacter ferrooxydans	1765967	S	2	0	2	0.0000417772
Acidihalobacter aeolianus	2792603	S	2	0	2	0.0000417772
Acidihalobacter yilgarnenesis	2819280	S	2	0	2	0.0000417772
Ectothiorhodospira sp. BSL-9	1442136	S	2	0	2	0.0000417772
Rheinheimera sp. D18	2545632	S	2	0	2	0.0000417772
Halothiobacillus neapolitanus	927	S	2	0	2	0.0000417772
Legionella spiritensis	452	S	2	0	2	0.0000417772
Legionella waltersii	66969	S	2	0	2	0.0000417772
Zhongshania aliphaticivorans	1470434	S	2	0	2	0.0000417772
Microbulbifer sp. ALW1	1516059	S	2	0	2	0.0000417772
Methylomonas rhizoryzae	2608981	S	2	0	2	0.0000417772
Francisella tularensis	263	S	2	0	2	0.0000417772
Otariodibacter oris	1032623	S	2	0	2	0.0000417772
Bisgaardia hudsonensis	109472	S	2	0	2	0.0000417772
Mannheimia varigena	85404	S	1	1	2	0.0000417772
Bathymodiolus septemdierum thioautotrophic gill symbiont	113267	S	2	0	2	0.0000417772
Sedimenticola thiotaurini	1543721	S	2	0	2	0.0000417772
Gallaecimonas mangrovi	2291597	S	2	0	2	0.0000417772
Pseudohongiella spirulinae	1249552	S	2	0	2	0.0000417772
Candidatus Azoamicus ciliaticola	2652803	S	2	0	2	0.0000417772
Dichelobacter nodosus	870	S	2	0	2	0.0000417772
Polynucleobacter acidiphobus	556053	S	2	0	2	0.0000417772
Burkholderia oklahomensis	342113	S	2	0	2	0.0000417772
Burkholderia sp. CCGE1003	640512	S	2	0	2	0.0000417772
Burkholderia sp. THE68	758782	S	2	0	2	0.0000417772
Burkholderia sp. KK1	1855726	S	1	1	2	0.0000417772
Burkholderia sp. KBS0801	1179675	S	1	1	2	0.0000417772
Burkholderia sp. YI23	1097668	S	1	1	2	0.0000417772
Burkholderia sp. RPE67	758796	S	1	1	2	0.0000417772
Paraburkholderia atlantica	2654982	S	2	0	2	0.0000417772
Cupriavidus neocaledonicus	1040979	S	1	1	2	0.0000417772
Pandoraea faecigallinarum	656179	S	2	0	2	0.0000417772
Lautropia mirabilis	47671	S	2	0	2	0.0000417772
Mycoavidus cysteinexigens	1553431	S	2	0	2	0.0000417772
Janthinobacterium sp. B9-8	1236179	S	2	0	2	0.0000417772
Achromobacter sp. MFA1 R4	1881016	S	2	0	2	0.0000417772
Bordetella pseudohinzii	1331258	S	2	0	2	0.0000417772
Bordetella genomosp. 6	463024	S	1	1	2	0.0000417772
Alcaligenes aquatilis	323284	S	1	1	2	0.0000417772
Orrella dioscoreae	1851544	S	2	0	2	0.0000417772
Sutterella wadsworthensis	40545	S	2	0	2	0.0000417772
Chromobacterium vaccinii	1108595	S	2	0	2	0.0000417772
Chromobacterium paludis	2605945	S	2	0	2	0.0000417772
Iodobacter fluviatilis	537	S	2	0	2	0.0000417772
Chitinibacter fontanus	1737446	S	2	0	2	0.0000417772
Neisseria sp. KEM232	655307	S	2	0	2	0.0000417772
Neisseria sp. 10022	1853276	S	2	0	2	0.0000417772
Neisseria zalophi	640030	S	2	0	2	0.0000417772
Neisseria subflava	28449	S	2	0	2	0.0000417772
Neisseria mucosa	488	S	2	0	2	0.0000417772
Neisseria animaloris	326522	S	2	0	2	0.0000417772
Neisseria zoodegmatis	326523	S	2	0	2	0.0000417772
Neisseria wadsworthii	607711	S	2	0	2	0.0000417772
Neisseria lactamica	486	S	2	0	2	0.0000417772
Simonsiella muelleri	72	S	2	0	2	0.0000417772
Eikenella corrodens	539	S	2	0	2	0.0000417772
Conchiformibius steedae	153493	S	2	0	2	0.0000417772
Thauera humireducens	1134435	S	2	0	2	0.0000417772
Thauera aromatica	59405	S	1	1	2	0.0000417772
Aromatoleum petrolei	76116	S	2	0	2	0.0000417772
Methylophilus medardicus	2588534	S	2	0	2	0.0000417772
Bradyrhizobium sp. CCGE-LA001	1223566	S	2	0	2	0.0000417772
Bradyrhizobium guangzhouense	1325095	S	1	1	2	0.0000417772
Bradyrhizobium guangxiense	1325115	S	1	1	2	0.0000417772
Microvirga sp. 17 mud 1-3	2082949	S	2	0	2	0.0000417772
Rhizobium sp. CIAT894	2020312	S	2	0	2	0.0000417772
Rhizobium sp. ACO-34A	1571470	S	2	0	2	0.0000417772
Rhizobium sp. NZLR1	2731096	S	2	0	2	0.0000417772
Rhizobium sp. 11515TR	2028343	S	2	0	2	0.0000417772
Rhizobium sp. NXC24	2048897	S	2	0	2	0.0000417772
Rhizobium sp. 007	2785056	S	1	1	2	0.0000417772
Rhizobium sp. Khangiran2	1435607	S	1	1	2	0.0000417772
Rhizobium rhizoryzae	451876	S	2	0	2	0.0000417772
Rhizobium bangladeshense	1138189	S	2	0	2	0.0000417772
Rhizobium oryzihabitans	2267833	S	1	1	2	0.0000417772
Sinorhizobium medicae	110321	S	2	0	2	0.0000417772
Mesorhizobium sp. M6A.T.Cr.TU.016.01.1.1	2493677	S	2	0	2	0.0000417772
Mesorhizobium sp. M3A.F.Ca.ET.080.04.2.1	2493676	S	2	0	2	0.0000417772
Mesorhizobium sp. M2A.F.Ca.ET.043.05.1.1	2493671	S	1	1	2	0.0000417772
Mesorhizobium amorphae	71433	S	2	0	2	0.0000417772
Mesorhizobium opportunistum	593909	S	2	0	2	0.0000417772
Mesorhizobium erdmanii	1777866	S	2	0	2	0.0000417772
Nitratireductor sp. OM-1	1756988	S	2	0	2	0.0000417772
Phyllobacterium sp. 628	2718938	S	2	0	2	0.0000417772
Hoeflea phototrophica	244596	S	2	0	2	0.0000417772
Roseitalea porphyridii	1852022	S	2	0	2	0.0000417772
Hyphomicrobium nitrativorans	1427356	S	2	0	2	0.0000417772
Blastochloris viridis	1079	S	2	0	2	0.0000417772
Candidatus Filomicrobium marinum	1608628	S	2	0	2	0.0000417772
Maritalea myrionectae	454601	S	2	0	2	0.0000417772
Methyloceanibacter caenitepidi	1384459	S	1	1	2	0.0000417772
Labrenzia alexandrii	388408	S	1	1	2	0.0000417772
Martelella endophytica	1486262	S	2	0	2	0.0000417772
Aureimonas sp. LMG 31693	2758041	S	2	0	2	0.0000417772
Candidatus Hodgkinia cicadicola	573658	S	2	0	2	0.0000417772
Bartonella grahamii	33045	S	2	0	2	0.0000417772
Bartonella bovis	155194	S	2	0	2	0.0000417772
Bartonella quintana	803	S	1	1	2	0.0000417772
Brucella sp. BO3	2691913	S	1	1	2	0.0000417772
Methylocella tundrae	227605	S	2	0	2	0.0000417772
Beijerinckia indica	533	S	2	0	2	0.0000417772
Breoghania sp. L-A4	2304600	S	2	0	2	0.0000417772
Sphingomonas sp. HDW15B	2714943	S	2	0	2	0.0000417772
Sphingomonas sp. sand1-3	2764186	S	2	0	2	0.0000417772
Sphingomonas lutea	1045317	S	2	0	2	0.0000417772
Sphingomonas xanthus	2594473	S	2	0	2	0.0000417772
Sphingobium sp. EP60837	1855519	S	2	0	2	0.0000417772
Sphingobium sp. Cam5-1	2789327	S	2	0	2	0.0000417772
Sphingobium sp. PAMC28499	2565554	S	1	1	2	0.0000417772
Sphingorhabdus sp. SMR4y	2584094	S	2	0	2	0.0000417772
Zymomonas mobilis	542	S	2	0	2	0.0000417772
Parasphingorhabdus sp. JHSY0214	2806553	S	2	0	2	0.0000417772
Allosphingosinicella indica	941907	S	2	0	2	0.0000417772
Erythrobacter sp. 6D36	2782568	S	2	0	2	0.0000417772
Erythrobacter aureus	2182384	S	2	0	2	0.0000417772
Erythrobacter mangrovi	2739433	S	2	0	2	0.0000417772
Paracoccus sp. H4-D09	2812658	S	2	0	2	0.0000417772
Paracoccus zhejiangensis	1077935	S	2	0	2	0.0000417772
Paracoccus pantotrophus	82367	S	2	0	2	0.0000417772
Sulfitobacter sp. BSw21498	664426	S	2	0	2	0.0000417772
Sulfitobacter sp. SK025	1389011	S	1	1	2	0.0000417772
Sulfitobacter mediterraneus	83219	S	2	0	2	0.0000417772
Celeribacter marinus	1397108	S	2	0	2	0.0000417772
Roseovarius faecimaris	2494550	S	2	0	2	0.0000417772
Roseovarius mucosus	215743	S	1	1	2	0.0000417772
Salipiger pacificus	311180	S	2	0	2	0.0000417772
Yangia sp. CCB-MM3	1792508	S	2	0	2	0.0000417772
Octadecabacter arcticus	53946	S	2	0	2	0.0000417772
Roseobacter denitrificans	2434	S	2	0	2	0.0000417772
Ketogulonicigenium vulgare	92945	S	2	0	2	0.0000417772
Pseudopuniceibacterium antarcticum	2613965	S	2	0	2	0.0000417772
Pseudooceanicola algae	1537215	S	2	0	2	0.0000417772
Maribius sp. THAF1	2587842	S	2	0	2	0.0000417772
Boseongicola sp. CCM32	2552942	S	2	0	2	0.0000417772
Polymorphum gilvum	991904	S	2	0	2	0.0000417772
Tateyamaria omphalii	299262	S	2	0	2	0.0000417772
Sagittula sp. P11	2009329	S	1	1	2	0.0000417772
Azospirillum baldaniorum	1064539	S	1	1	2	0.0000417772
Thalassospira marina	2048283	S	2	0	2	0.0000417772
Haematospirillum jordaniae	1549855	S	2	0	2	0.0000417772
Acetobacter ascendens	481146	S	1	1	2	0.0000417772
Komagataeibacter hansenii	436	S	2	0	2	0.0000417772
Komagataeibacter nataicola	265960	S	2	0	2	0.0000417772
Gluconacetobacter diazotrophicus	33996	S	2	0	2	0.0000417772
Lichenicola cladoniae	1484109	S	2	0	2	0.0000417772
Acidibrevibacterium fodinaquatile	1969806	S	2	0	2	0.0000417772
Commensalibacter sp. AMU001	2478912	S	1	1	2	0.0000417772
Neokomagataea tanensis	661191	S	2	0	2	0.0000417772
Rickettsia akari	786	S	2	0	2	0.0000417772
Rickettsia prowazekii	782	S	2	0	2	0.0000417772
Candidatus Phycorickettsia trachydisci	2115978	S	2	0	2	0.0000417772
Ehrlichia canis	944	S	2	0	2	0.0000417772
Candidatus Fokinia solitaria	1802984	S	2	0	2	0.0000417772
Candidatus Pelagibacter sp. IMCC9063	1002672	S	2	0	2	0.0000417772
Candidatus Pelagibacter sp. HIMB1321	1388755	S	2	0	2	0.0000417772
Candidatus Fonsibacter ubiquis	1925548	S	2	0	2	0.0000417772
Paremcibacter congregatus	2043170	S	2	0	2	0.0000417772
Arcobacter nitrofigilis	28199	S	2	0	2	0.0000417772
Malaciobacter canalis	1912871	S	2	0	2	0.0000417772
Halarcobacter ebronensis	1462615	S	2	0	2	0.0000417772
Campylobacter sp. RM16704	1500960	S	1	1	2	0.0000417772
Campylobacter fetus	196	S	2	0	2	0.0000417772
Campylobacter blaseri	2042961	S	2	0	2	0.0000417772
Campylobacter peloridis	488546	S	2	0	2	0.0000417772
Campylobacter cuniculorum	374106	S	2	0	2	0.0000417772
Campylobacter ureolyticus	827	S	2	0	2	0.0000417772
Campylobacter concisus	199	S	2	0	2	0.0000417772
Sulfurospirillum deleyianum	65553	S	2	0	2	0.0000417772
Sulfurimonas sp. S2-6	2590020	S	1	1	2	0.0000417772
Sulfurimonas autotrophica	202747	S	2	0	2	0.0000417772
Helicobacter himalayensis	1591088	S	2	0	2	0.0000417772
Hydrogenimonas urashimensis	2740515	S	2	0	2	0.0000417772
Nitratiruptor sp. YY09-18	2724901	S	2	0	2	0.0000417772
Desulfovibrio vulgaris	881	S	2	0	2	0.0000417772
Pseudodesulfovibrio indicus	1716143	S	2	0	2	0.0000417772
Pseudodesulfovibrio cashew	2678688	S	2	0	2	0.0000417772
Desulfocurvibacter africanus	873	S	2	0	2	0.0000417772
Desulfolutivibrio sulfoxidireducens	2773299	S	2	0	2	0.0000417772
Desulfohalobium retbaense	45663	S	2	0	2	0.0000417772
Geobacter sp. FeAm09	2597769	S	2	0	2	0.0000417772
Geobacter sp. Jerry-YX	2815309	S	2	0	2	0.0000417772
Geobacter pickeringii	345632	S	2	0	2	0.0000417772
Desulfuromonas soudanensis	1603606	S	2	0	2	0.0000417772
Syntrophotalea acetylenica	29542	S	2	0	2	0.0000417772
Desulfobacter hydrogenophilus	2291	S	2	0	2	0.0000417772
Desulfobacter postgatei	2293	S	2	0	2	0.0000417772
Desulfosarcina widdelii	947919	S	2	0	2	0.0000417772
Desulfatibacillum aliphaticivorans	218208	S	2	0	2	0.0000417772
Desulfobacca acetoxidans	60893	S	2	0	2	0.0000417772
Desulfarculus baarsii	453230	S	2	0	2	0.0000417772
Bdellovibrio sp. NC01	2220073	S	2	0	2	0.0000417772
Acidithiobacillus ferrivorans	160808	S	2	0	2	0.0000417772
Propionibacterium freudenreichii	1744	S	2	0	2	0.0000417772
Microlunatus soli	630515	S	2	0	2	0.0000417772
Acidipropionibacterium virtanenii	2057246	S	2	0	2	0.0000417772
Nocardioides sp. JQ2195	2592334	S	2	0	2	0.0000417772
Nocardioides sp. CF8	110319	S	2	0	2	0.0000417772
Mumia sp. ZJ1417	2708082	S	2	0	2	0.0000417772
Microbacterium sp. YJN-G	2763257	S	2	0	2	0.0000417772
Microbacterium sp. No. 7	1714373	S	2	0	2	0.0000417772
Microbacterium caowuchunii	2614638	S	2	0	2	0.0000417772
Microbacterium wangchenii	2541726	S	2	0	2	0.0000417772
Microbacterium sediminis	904291	S	2	0	2	0.0000417772
Microbacterium chocolatum	84292	S	2	0	2	0.0000417772
Rathayibacter sp. VKM Ac-2801	2609255	S	1	1	2	0.0000417772
Rathayibacter rathayi	33887	S	2	0	2	0.0000417772
Curtobacterium sp. BH-2-1-1	1905847	S	2	0	2	0.0000417772
Curtobacterium pusillum	69373	S	2	0	2	0.0000417772
Leucobacter coleopterorum	2714933	S	2	0	2	0.0000417772
Clavibacter sp. DM1	2768071	S	1	1	2	0.0000417772
Frondihabitans sp. 762G35	1446794	S	2	0	2	0.0000417772
Mycetocola zhujimingii	2079792	S	2	0	2	0.0000417772
Humibacter sp. WJ7-1	2599293	S	2	0	2	0.0000417772
Lysinimonas sp. KACC 19322	2592654	S	2	0	2	0.0000417772
Frigoribacterium sp. NBH87	2596916	S	2	0	2	0.0000417772
Kocuria rosea	1275	S	2	0	2	0.0000417772
Micrococcus sp. MG-2010-D12	936902	S	1	1	2	0.0000417772
Arthrobacter sp. ERGS1:01	1704044	S	2	0	2	0.0000417772
Arthrobacter agilis	37921	S	2	0	2	0.0000417772
Arthrobacter alpinus	656366	S	2	0	2	0.0000417772
Paenarthrobacter sp. YJN-5	2735316	S	1	1	2	0.0000417772
Glutamicibacter arilaitensis	256701	S	2	0	2	0.0000417772
Glutamicibacter halophytocola	1933880	S	2	0	2	0.0000417772
Glutamicibacter nicotianae	37929	S	1	1	2	0.0000417772
Phycicoccus endophyticus	1690220	S	2	0	2	0.0000417772
Brevibacterium sp. YB235	1496080	S	2	0	2	0.0000417772
Brevibacterium sp. o2	2697565	S	2	0	2	0.0000417772
Brevibacterium sp. JNUCC-42	2777985	S	1	1	2	0.0000417772
Brevibacterium aurantiacum	273384	S	2	0	2	0.0000417772
Brevibacterium oceani	358099	S	2	0	2	0.0000417772
Brachybacterium ginsengisoli	1331682	S	2	0	2	0.0000417772
Brachybacterium vulturis	2017484	S	2	0	2	0.0000417772
Paraoerskovia marina	545619	S	2	0	2	0.0000417772
Pseudactinotalea sp. HY158	2654547	S	2	0	2	0.0000417772
Isoptericola variabilis	139208	S	2	0	2	0.0000417772
Xylanimicrobium sp. FW10M-9	2509457	S	2	0	2	0.0000417772
Ornithinimicrobium sp. AMA3305	2283195	S	2	0	2	0.0000417772
Ornithinimicrobium sp. H23M54	2594265	S	2	0	2	0.0000417772
Georgenia sp. Z294	2585135	S	2	0	2	0.0000417772
Sanguibacter keddieii	60920	S	2	0	2	0.0000417772
Beutenbergia cavernae	84757	S	2	0	2	0.0000417772
Corynebacterium sp. NML98-0116	702967	S	2	0	2	0.0000417772
Corynebacterium sp. zg-917	2763010	S	2	0	2	0.0000417772
Corynebacterium sp. Marseille-Q3630	2754725	S	2	0	2	0.0000417772
Corynebacterium testudinoris	136857	S	2	0	2	0.0000417772
Corynebacterium choanis	1862358	S	2	0	2	0.0000417772
Corynebacterium aurimucosum	169292	S	2	0	2	0.0000417772
Corynebacterium kroppenstedtii	161879	S	2	0	2	0.0000417772
Corynebacterium doosanense	1121358	S	2	0	2	0.0000417772
Corynebacterium imitans	156978	S	2	0	2	0.0000417772
Corynebacterium ureicelerivorans	401472	S	2	0	2	0.0000417772
Corynebacterium genitalium	38288	S	2	0	2	0.0000417772
Corynebacterium liangguodongii	2079535	S	2	0	2	0.0000417772
Corynebacterium deserti	1408191	S	2	0	2	0.0000417772
Corynebacterium striatum	43770	S	2	0	2	0.0000417772
Corynebacterium pseudopelargi	2080757	S	2	0	2	0.0000417772
Corynebacterium maris	575200	S	2	0	2	0.0000417772
Rhodococcus sp. WAY2	2663121	S	2	0	2	0.0000417772
Rhodococcus sp. WMMA185	679318	S	2	0	2	0.0000417772
Rhodococcus sp. P1Y	1302308	S	2	0	2	0.0000417772
Rhodococcus sp. S2-17	1990687	S	1	1	2	0.0000417772
Nocardia otitidiscaviarum	1823	S	2	0	2	0.0000417772
Nocardia farcinica	37329	S	2	0	2	0.0000417772
Nocardia terpenica	455432	S	2	0	2	0.0000417772
Nocardia sp. WCH-YHL-001	2755382	S	2	0	2	0.0000417772
Mycolicibacterium rutilum	370526	S	2	0	2	0.0000417772
Mycolicibacterium litorale	758802	S	2	0	2	0.0000417772
Mycolicibacterium sarraceniae	1534348	S	2	0	2	0.0000417772
Mycolicibacterium helvum	1534349	S	2	0	2	0.0000417772
Mycolicibacterium madagascariense	212765	S	2	0	2	0.0000417772
Mycolicibacterium goodii	134601	S	2	0	2	0.0000417772
Mycolicibacterium fortuitum	1766	S	2	0	2	0.0000417772
Mycolicibacterium gadium	1794	S	2	0	2	0.0000417772
Mycolicibacterium chubuense	1800	S	2	0	2	0.0000417772
Mycobacterium sp. MS1601	1936029	S	2	0	2	0.0000417772
Mycobacterium sp. PYR15	2051552	S	1	1	2	0.0000417772
Mycobacterium kubicae	120959	S	2	0	2	0.0000417772
Mycobacterium saskatchewanense	220927	S	2	0	2	0.0000417772
Mycobacterium gallinarum	39689	S	2	0	2	0.0000417772
Mycolicibacter hiberniae	29314	S	2	0	2	0.0000417772
Hoyosella subflava	639313	S	2	0	2	0.0000417772
Gordonia terrae	2055	S	2	0	2	0.0000417772
Streptomyces sp. QMT-12	2717324	S	2	0	2	0.0000417772
Streptomyces sp. SCUT-3	2684469	S	2	0	2	0.0000417772
Streptomyces sp. HM190	2695266	S	2	0	2	0.0000417772
Streptomyces sp. S8	1837283	S	2	0	2	0.0000417772
Streptomyces sp. Tue 6075	1661694	S	2	0	2	0.0000417772
Streptomyces sp. S063	2005885	S	2	0	2	0.0000417772
Streptomyces sp. SirexAA-E	862751	S	2	0	2	0.0000417772
Streptomyces sp. YIM 121038	2136401	S	2	0	2	0.0000417772
Streptomyces sp. NEAU-sy36	2751189	S	2	0	2	0.0000417772
Streptomyces sp. CRXT-G-22	2768066	S	2	0	2	0.0000417772
Streptomyces sp. SS52	2563602	S	1	1	2	0.0000417772
Streptomyces sp. CB04723	2748873	S	1	1	2	0.0000417772
Streptomyces sp. M56	1495638	S	1	1	2	0.0000417772
Streptomyces broussonetiae	2686304	S	2	0	2	0.0000417772
Streptomyces violaceusniger	68280	S	2	0	2	0.0000417772
Streptomyces actuosus	1885	S	2	0	2	0.0000417772
Streptomyces glomeroaurantiacus	68210	S	2	0	2	0.0000417772
Streptomyces qinzhouensis	2599401	S	2	0	2	0.0000417772
Streptomyces rectiverticillatus	173860	S	2	0	2	0.0000417772
Streptomyces niveus	193462	S	2	0	2	0.0000417772
Streptomyces davaonensis	348043	S	2	0	2	0.0000417772
Streptomyces gilvosporeus	553510	S	2	0	2	0.0000417772
Streptomyces capitiformicae	2014920	S	2	0	2	0.0000417772
Streptomyces incarnatus	665007	S	2	0	2	0.0000417772
Streptomyces ficellus	1977088	S	2	0	2	0.0000417772
Streptomyces qaidamensis	1783515	S	2	0	2	0.0000417772
Streptomyces rapamycinicus	1226757	S	2	0	2	0.0000417772
Streptomyces ferrugineus	1413221	S	2	0	2	0.0000417772
Streptomyces formicae	1616117	S	2	0	2	0.0000417772
Streptomyces albus	1888	S	2	0	2	0.0000417772
Streptomyces rutgersensis	53451	S	2	0	2	0.0000417772
Streptomyces rimosus	1927	S	2	0	2	0.0000417772
Streptomyces glaucescens	1907	S	2	0	2	0.0000417772
Streptomyces pristinaespiralis	38300	S	2	0	2	0.0000417772
Streptomyces vinaceus	1960	S	2	0	2	0.0000417772
Streptomyces subrutilus	36818	S	2	0	2	0.0000417772
Streptomyces olivaceus	47716	S	1	1	2	0.0000417772
Streptomyces murinus	33900	S	1	1	2	0.0000417772
Kitasatospora setae	2066	S	2	0	2	0.0000417772
Bifidobacterium choerinum	35760	S	2	0	2	0.0000417772
Actinoplanes missouriensis	1866	S	2	0	2	0.0000417772
Micromonospora rifamycinica	291594	S	2	0	2	0.0000417772
Micromonospora maris	1003110	S	2	0	2	0.0000417772
Micromonospora chokoriensis	356851	S	2	0	2	0.0000417772
Micromonospora krabiensis	307121	S	2	0	2	0.0000417772
Micromonospora sagamiensis	47875	S	2	0	2	0.0000417772
Micromonospora carbonacea	47853	S	2	0	2	0.0000417772
Amycolatopsis sp. AA4	1896961	S	2	0	2	0.0000417772
Amycolatopsis sp. BJA-103	1911175	S	2	0	2	0.0000417772
Amycolatopsis keratiniphila	129921	S	1	1	2	0.0000417772
Saccharomonospora viridis	1852	S	2	0	2	0.0000417772
Saccharomonospora glauca	40990	S	2	0	2	0.0000417772
Saccharothrix espanaensis	103731	S	2	0	2	0.0000417772
Saccharothrix syringae	103733	S	2	0	2	0.0000417772
Kutzneria albida	43357	S	2	0	2	0.0000417772
Alloactinosynnema sp. L-07	1653480	S	2	0	2	0.0000417772
Allokutzneria albata	211114	S	2	0	2	0.0000417772
Actinomyces sp. ZJ34	2722820	S	2	0	2	0.0000417772
Actinomyces naeslundii	1655	S	2	0	2	0.0000417772
Actinomyces lilanjuaniae	2321394	S	2	0	2	0.0000417772
Streptosporangium roseum	2001	S	2	0	2	0.0000417772
Streptosporangium sp. 'caverna'	2202249	S	2	0	2	0.0000417772
Thermomonospora curvata	2020	S	2	0	2	0.0000417772
Nocardiopsis alba	53437	S	2	0	2	0.0000417772
Streptomonospora sp. M2	2498135	S	2	0	2	0.0000417772
Frankia alni	1859	S	2	0	2	0.0000417772
Nakamurella multipartita	53461	S	2	0	2	0.0000417772
Kineococcus radiotolerans	131568	S	2	0	2	0.0000417772
Jatrophihabitans sp. GAS493	1907575	S	2	0	2	0.0000417772
Parolsenella catena	2003188	S	1	1	2	0.0000417772
Rubrobacter sp. SCSIO 52915	2653852	S	2	0	2	0.0000417772
Rubrobacter indicoceani	2051957	S	2	0	2	0.0000417772
Conexibacter woesei	191495	S	2	0	2	0.0000417772
Egicoccus halophilus	1670830	S	2	0	2	0.0000417772
Blautia sp. LZLJ-3	2779518	S	2	0	2	0.0000417772
Lachnoclostridium phocaeense	1871021	S	2	0	2	0.0000417772
Anaerocolumna cellulosilytica	433286	S	2	0	2	0.0000417772
Anaerocolumna sp. CTTW	2736602	S	2	0	2	0.0000417772
Lacrimispora saccharolytica	84030	S	2	0	2	0.0000417772
Clostridium sp. BNL1100	755731	S	2	0	2	0.0000417772
Clostridium sp. SY8519	1042156	S	2	0	2	0.0000417772
Clostridium gasigenes	94869	S	2	0	2	0.0000417772
Clostridium acetobutylicum	1488	S	2	0	2	0.0000417772
Clostridium bornimense	1216932	S	2	0	2	0.0000417772
Clostridium aceticum	84022	S	2	0	2	0.0000417772
Clostridium intestinale	36845	S	2	0	2	0.0000417772
Clostridium argentinense	29341	S	2	0	2	0.0000417772
Clostridium baratii	1561	S	2	0	2	0.0000417772
Clostridium scatologenes	1548	S	2	0	2	0.0000417772
Caloramator sp. E03	2576307	S	2	0	2	0.0000417772
Ruminococcus champanellensis	1161942	S	2	0	2	0.0000417772
Oscillibacter sp. NSJ-62	2763056	S	2	0	2	0.0000417772
Ruminiclostridium herbifermentans	2488810	S	2	0	2	0.0000417772
Caproiciproducens sp. NJN-50	2507162	S	2	0	2	0.0000417772
Thermincola potens	863643	S	2	0	2	0.0000417772
Desulfofarcimen acetoxidans	58138	S	2	0	2	0.0000417772
Romboutsia hominis	1507512	S	2	0	2	0.0000417772
Romboutsia sp. CE17	2724150	S	2	0	2	0.0000417772
Filifactor alocis	143361	S	2	0	2	0.0000417772
Paeniclostridium sordellii	1505	S	2	0	2	0.0000417772
Thermaerobacter sp. FW80	2546351	S	2	0	2	0.0000417772
Christensenella sp. Marseille-P3954	2086585	S	2	0	2	0.0000417772
Heliobacterium modesticaldum	35701	S	2	0	2	0.0000417772
Candidatus Syntrophocurvum alkaliphilum	2293317	S	1	1	2	0.0000417772
Thermoanaerobacterium sp. RBIITD	1550240	S	2	0	2	0.0000417772
Acetohalobium arabaticum	28187	S	2	0	2	0.0000417772
Halobacteroides halobius	42422	S	2	0	2	0.0000417772
Tepidanaerobacter acetatoxydans	499229	S	2	0	2	0.0000417772
Bacillus sp. JAS24-2	2217832	S	1	1	2	0.0000417772
Bacillus sp. OxB-1	98228	S	2	0	2	0.0000417772
Bacillus sp. DSL-17	2567941	S	2	0	2	0.0000417772
Bacillus sp. X1(2014)	1565991	S	2	0	2	0.0000417772
Bacillus vini	1476025	S	2	0	2	0.0000417772
Bacillus glycinifermentans	1664069	S	2	0	2	0.0000417772
Bacillus horikoshii	79883	S	2	0	2	0.0000417772
Bacillus cohnii	33932	S	2	0	2	0.0000417772
Bacillus cellulosilyticus	1413	S	2	0	2	0.0000417772
Bacillus pumilus	1408	S	2	0	2	0.0000417772
Alkalihalobacillus halodurans	86665	S	2	0	2	0.0000417772
Alkalihalobacillus lehensis	300825	S	2	0	2	0.0000417772
Virgibacillus necropolis	163877	S	2	0	2	0.0000417772
Lysinibacillus sp. FJAT-51161	2590012	S	2	0	2	0.0000417772
Geobacillus stearothermophilus	1422	S	1	1	2	0.0000417772
Priestia filamentosa	1402861	S	2	0	2	0.0000417772
Anoxybacillus flavithermus	33934	S	2	0	2	0.0000417772
Peribacillus asahii	228899	S	2	0	2	0.0000417772
Metabacillus litoralis	152268	S	2	0	2	0.0000417772
Metabacillus sp. KUDC1714	2745198	S	2	0	2	0.0000417772
Fictibacillus arsenicus	255247	S	2	0	2	0.0000417772
Sediminibacillus sp. DP4-553-S	2729421	S	2	0	2	0.0000417772
Aeribacillus pallidus	33936	S	2	0	2	0.0000417772
Psychrobacillus glaciei	2283160	S	2	0	2	0.0000417772
Staphylococcus schweitzeri	1654388	S	2	0	2	0.0000417772
Staphylococcus lugdunensis	28035	S	2	0	2	0.0000417772
Staphylococcus cohnii	29382	S	2	0	2	0.0000417772
Staphylococcus kloosii	29384	S	2	0	2	0.0000417772
Staphylococcus saprophyticus	29385	S	2	0	2	0.0000417772
Staphylococcus hyicus	1284	S	2	0	2	0.0000417772
Staphylococcus felis	46127	S	2	0	2	0.0000417772
Staphylococcus pettenkoferi	170573	S	2	0	2	0.0000417772
Paenibacillus sp. JZ16	1906272	S	2	0	2	0.0000417772
Paenibacillus sp. B01	2660554	S	2	0	2	0.0000417772
Paenibacillus riograndensis	483937	S	2	0	2	0.0000417772
Paenibacillus chitinolyticus	79263	S	2	0	2	0.0000417772
Paenibacillus uliginis	683737	S	2	0	2	0.0000417772
Paenibacillus rhizovicinus	2704463	S	2	0	2	0.0000417772
Cohnella abietis	2507935	S	2	0	2	0.0000417772
Brevibacillus laterosporus	1465	S	2	0	2	0.0000417772
Brevibacillus agri	51101	S	2	0	2	0.0000417772
Ureibacillus thermophilus	367743	S	2	0	2	0.0000417772
Planococcus plakortidis	1038856	S	2	0	2	0.0000417772
Planococcus faecalis	1598147	S	1	1	2	0.0000417772
Solibacillus sp. R5-41	2048654	S	2	0	2	0.0000417772
Exiguobacterium sp. MH3	1399115	S	1	1	2	0.0000417772
Gemella morbillorum	29391	S	1	1	2	0.0000417772
Listeria weihenstephanensis	1006155	S	2	0	2	0.0000417772
Laceyella sacchari	37482	S	2	0	2	0.0000417772
Streptococcus oralis	1303	S	2	0	2	0.0000417772
Streptococcus equi	1336	S	2	0	2	0.0000417772
Streptococcus parauberis	1348	S	2	0	2	0.0000417772
Streptococcus acidominimus	1326	S	2	0	2	0.0000417772
Streptococcus mutans	1309	S	2	0	2	0.0000417772
Streptococcus parasanguinis	1318	S	2	0	2	0.0000417772
Streptococcus suis	1307	S	2	0	2	0.0000417772
Lactobacillus helveticus	1587	S	2	0	2	0.0000417772
Lactobacillus terrae	2269374	S	2	0	2	0.0000417772
Lactobacillus kullabergensis	1218493	S	2	0	2	0.0000417772
Lactobacillus ultunensis	227945	S	2	0	2	0.0000417772
Fructilactobacillus sanfranciscensis	1625	S	2	0	2	0.0000417772
Lacticaseibacillus paracasei	1597	S	2	0	2	0.0000417772
Companilactobacillus crustorum	392416	S	2	0	2	0.0000417772
Pediococcus pentosaceus	1255	S	2	0	2	0.0000417772
Pediococcus acidilactici	1254	S	2	0	2	0.0000417772
Ligilactobacillus salivarius	1624	S	2	0	2	0.0000417772
Limosilactobacillus reuteri	1598	S	2	0	2	0.0000417772
Bombilactobacillus bombi	1303590	S	2	0	2	0.0000417772
Carnobacterium sp. 17-4	208596	S	2	0	2	0.0000417772
Marinilactibacillus sp. 15R	1911586	S	2	0	2	0.0000417772
Tetragenococcus koreensis	290335	S	2	0	2	0.0000417772
Melissococcus plutonius	33970	S	2	0	2	0.0000417772
Selenomonas sp. oral taxon 920	1884263	S	1	1	2	0.0000417772
Sporomusa termitida	2377	S	2	0	2	0.0000417772
Methylomusa anaerophila	1930071	S	2	0	2	0.0000417772
Phascolarctobacterium faecium	33025	S	1	1	2	0.0000417772
Turicibacter sp. H121	1712675	S	2	0	2	0.0000417772
Tissierellia sp. JN-28	2507161	S	2	0	2	0.0000417772
Ndongobacter massiliensis	1871025	S	2	0	2	0.0000417772
endosymbiont 'TC1' of Trimyema compressum	243899	S	2	0	2	0.0000417772
Nostoc sp. PCC 7524	28072	S	2	0	2	0.0000417772
Nostoc sp. UHCC 0702	2814655	S	2	0	2	0.0000417772
Nostoc sp. 'Peltigera membranacea cyanobiont' N6	1261031	S	1	1	2	0.0000417772
Cylindrospermum stagnale	142864	S	2	0	2	0.0000417772
Raphidiopsis curvata	312883	S	1	1	2	0.0000417772
Scytonema sp. HK-05	1137095	S	1	1	2	0.0000417772
Planktothrix rubescens	59512	S	2	0	2	0.0000417772
Synechococcus sp. MEDNS5	1442554	S	2	0	2	0.0000417772
Synechococcus sp. JA-2-3B'a(2-13)	321332	S	2	0	2	0.0000417772
Synechococcus sp. Minos11	221341	S	2	0	2	0.0000417772
Synechococcus sp. NOUM97013	1442555	S	2	0	2	0.0000417772
Synechococcus sp. RSCCF101	2511069	S	2	0	2	0.0000417772
Synechococcus sp. WH 8020	32052	S	2	0	2	0.0000417772
Synechococcus sp. CBW1006	1353138	S	1	1	2	0.0000417772
Synechococcus sp. PCC 11901	2579791	S	1	1	2	0.0000417772
Synechococcus sp. PCC 7002	32049	S	1	1	2	0.0000417772
Prochlorococcus sp. MIT 0604	1501268	S	1	1	2	0.0000417772
Leptolyngbya sp. PCC 7376	111781	S	2	0	2	0.0000417772
Leptolyngbya sp. BL0902	1115757	S	2	0	2	0.0000417772
Leptolyngbya boryana	1184	S	1	1	2	0.0000417772
Stanieria sp. NIES-3757	1807358	S	2	0	2	0.0000417772
Mycoplasma capricolum	2095	S	2	0	2	0.0000417772
Mycoplasma nasistruthionis	353852	S	2	0	2	0.0000417772
Mycoplasma canadense	29554	S	2	0	2	0.0000417772
Mycoplasma haemofelis	29501	S	2	0	2	0.0000417772
Mycoplasma neurolyticum	2120	S	2	0	2	0.0000417772
Mycoplasma agalactiae	2110	S	2	0	2	0.0000417772
Mycoplasma anatis	171279	S	2	0	2	0.0000417772
Mycoplasma bovis	28903	S	2	0	2	0.0000417772
Mycoplasma gallopavonis	76629	S	2	0	2	0.0000417772
Spiroplasma sabaudiense	216944	S	2	0	2	0.0000417772
Spiroplasma taiwanense	2145	S	2	0	2	0.0000417772
Spiroplasma chinense	216932	S	2	0	2	0.0000417772
Mesoplasma coleopterae	324078	S	2	0	2	0.0000417772
Entomoplasma somnilux	215578	S	2	0	2	0.0000417772
Acholeplasma axanthum	29552	S	2	0	2	0.0000417772
Acholeplasma brassicae	61635	S	2	0	2	0.0000417772
Aster yellows witches'-broom phytoplasma	229545	S	2	0	2	0.0000417772
Candidatus Phytoplasma ziziphi	135727	S	2	0	2	0.0000417772
Candidatus Phytoplasma australiense	59748	S	2	0	2	0.0000417772
Thermus oshimai	56957	S	2	0	2	0.0000417772
Deinococcus sp. AJ005	2652443	S	2	0	2	0.0000417772
Deinococcus sp. D7000	2755035	S	2	0	2	0.0000417772
Deinococcus deserti	310783	S	2	0	2	0.0000417772
Deinococcus swuensis	1182571	S	2	0	2	0.0000417772
Deinococcus peraridilitoris	432329	S	2	0	2	0.0000417772
Truepera radiovictrix	332249	S	2	0	2	0.0000417772
Polaribacter sp. KT25b	1855336	S	2	0	2	0.0000417772
Polaribacter sp. ALD11	2058137	S	2	0	2	0.0000417772
Polaribacter sp. L3A8	2686361	S	2	0	2	0.0000417772
Polaribacter vadi	1774273	S	2	0	2	0.0000417772
Tenacibaculum mesophilum	104268	S	1	1	2	0.0000417772
Formosa agariphila	320324	S	2	0	2	0.0000417772
Capnocytophaga sputigena	1019	S	2	0	2	0.0000417772
Capnocytophaga haemolytica	45243	S	2	0	2	0.0000417772
Capnocytophaga stomatis	1848904	S	2	0	2	0.0000417772
Capnocytophaga sp. H2931	1945657	S	1	1	2	0.0000417772
Aquimarina sp. AD1	1714848	S	2	0	2	0.0000417772
Myroides profundi	480520	S	2	0	2	0.0000417772
Nonlabens sp. MB-3u-79	2058134	S	2	0	2	0.0000417772
Nonlabens sp. Ci31	2608253	S	2	0	2	0.0000417772
Nonlabens dokdonensis	328515	S	2	0	2	0.0000417772
Nonlabens spongiae	331648	S	2	0	2	0.0000417772
Aequorivita sublithincola	101385	S	2	0	2	0.0000417772
Antarcticibacterium arcticum	2585771	S	2	0	2	0.0000417772
Zobellia galactanivorans	63186	S	2	0	2	0.0000417772
Chryseobacterium sp. StRB126	878220	S	2	0	2	0.0000417772
Chryseobacterium sp. 6424	2039166	S	2	0	2	0.0000417772
Chryseobacterium sp. NBC 122	2547600	S	2	0	2	0.0000417772
Chryseobacterium cucumeris	1813611	S	2	0	2	0.0000417772
Chryseobacterium manosquense	2754694	S	1	1	2	0.0000417772
Elizabethkingia sp. JS20170427COW	2583851	S	2	0	2	0.0000417772
Elizabethkingia sp. 2-6	2575699	S	1	1	2	0.0000417772
Elizabethkingia meningoseptica	238	S	2	0	2	0.0000417772
Empedobacter falsenii	343874	S	2	0	2	0.0000417772
Cruoricaptor ignavus	1118202	S	2	0	2	0.0000417772
Blattabacterium sp. (Periplaneta americana)	367488	S	1	1	2	0.0000417772
Ichthyobacterium seriolicida	242600	S	2	0	2	0.0000417772
Bacteroides caecimuris	1796613	S	2	0	2	0.0000417772
Tannerella forsythia	28112	S	2	0	2	0.0000417772
Tannerella sp. oral taxon HOT-286	712710	S	2	0	2	0.0000417772
Alistipes indistinctus	626932	S	2	0	2	0.0000417772
Butyricimonas virosa	544645	S	2	0	2	0.0000417772
Coprobacter sp. 2CBH44	2751153	S	2	0	2	0.0000417772
Tenuifilum thalassicum	2590900	S	2	0	2	0.0000417772
Alkalitalea saponilacus	889453	S	2	0	2	0.0000417772
Pedobacter steynii	430522	S	2	0	2	0.0000417772
Sphingobacterium sp. dk4302	2662364	S	2	0	2	0.0000417772
Sphingobacterium mizutaii	1010	S	2	0	2	0.0000417772
Sphingobacterium lactis	797291	S	2	0	2	0.0000417772
Anseongella ginsenosidimutans	496056	S	2	0	2	0.0000417772
Runella slithyformis	106	S	2	0	2	0.0000417772
Hymenobacter sp. BRD128	2675878	S	2	0	2	0.0000417772
Hymenobacter jejuensis	2502781	S	2	0	2	0.0000417772
Adhaeribacter swui	2086471	S	2	0	2	0.0000417772
Algoriphagus machipongonensis	388413	S	2	0	2	0.0000417772
Algoriphagus sanaruensis	1727163	S	2	0	2	0.0000417772
Algoriphagus sp. Y33	2772483	S	2	0	2	0.0000417772
Roseivirga pacifica	1267423	S	2	0	2	0.0000417772
Chitinophaga sp. 1310	2725416	S	1	1	2	0.0000417772
Flavisolibacter ginsenosidimutans	661481	S	2	0	2	0.0000417772
Pseudocnuella soli	2502779	S	2	0	2	0.0000417772
Prosthecochloris aestuarii	1102	S	2	0	2	0.0000417772
Melioribacter roseus	1134405	S	2	0	2	0.0000417772
Tuwongella immobilis	692036	S	2	0	2	0.0000417772
Aureliella helgolandensis	2527968	S	2	0	2	0.0000417772
Gimesia maris	122	S	2	0	2	0.0000417772
Crateriforma conspicua	2527996	S	2	0	2	0.0000417772
Methylacidiphilum infernorum	511746	S	1	1	2	0.0000417772
Simkania negevensis	83561	S	2	0	2	0.0000417772
Chlamydia pecorum	85991	S	2	0	2	0.0000417772
Candidatus Vampirococcus archaeovorus	1930593	S	2	0	2	0.0000417772
Granulicella tundricola	940615	S	2	0	2	0.0000417772
Chloracidobacterium thermophilum	458033	S	2	0	2	0.0000417772
Sphaerochaeta coccoides	273376	S	2	0	2	0.0000417772
Sphaerochaeta pleomorpha	1131707	S	2	0	2	0.0000417772
Spirochaeta thermophila	154	S	2	0	2	0.0000417772
Oceanispirochaeta crateris	2518645	S	2	0	2	0.0000417772
Borrelia coriaceae	144	S	2	0	2	0.0000417772
Leptospira borgpetersenii	174	S	2	0	2	0.0000417772
Leptospira mayottensis	1137606	S	2	0	2	0.0000417772
Fusobacterium mortiferum	850	S	2	0	2	0.0000417772
Thermosipho africanus	2421	S	2	0	2	0.0000417772
Thermosipho sp. FR-w03	2814656	S	1	1	2	0.0000417772
Fervidobacterium nodosum	2424	S	2	0	2	0.0000417772
Mesotoga infera	1236046	S	2	0	2	0.0000417772
Candidatus Nitrospira inopinata	1715989	S	2	0	2	0.0000417772
Dissulfurispira thermophila	2715679	S	2	0	2	0.0000417772
Thermanaerovibrio velox	108007	S	2	0	2	0.0000417772
Abyssogena phaseoliformis symbiont	596095	S	2	0	2	0.0000417772
Desulfurispirillum indicum	936456	S	2	0	2	0.0000417772
Methanosarcina siciliae	38027	S	2	0	2	0.0000417772
Methanohalophilus portucalensis	39664	S	2	0	2	0.0000417772
Methanosaeta harundinacea	301375	S	2	0	2	0.0000417772
Methanoplanus limicola	2315	S	2	0	2	0.0000417772
Methanoculleus bourgensis	83986	S	2	0	2	0.0000417772
Methanoregula formicica	882104	S	1	1	2	0.0000417772
Methanocella paludicola	570267	S	2	0	2	0.0000417772
Methanocella arvoryzae	1175445	S	2	0	2	0.0000417772
Halomicrobium sp. LC1Hm	2610902	S	2	0	2	0.0000417772
Halobacterium hubeiense	1407499	S	2	0	2	0.0000417772
Halarchaeum sp. CBA1220	1853682	S	2	0	2	0.0000417772
Salarchaeum sp. JOR-1	2599399	S	2	0	2	0.0000417772
Haloplanus rubicundus	1547898	S	2	0	2	0.0000417772
Halorubrum sp. RHB-C	2739057	S	2	0	2	0.0000417772
Methanosphaera sp. BMS	1789762	S	2	0	2	0.0000417772
Methanocaldococcus jannaschii	2190	S	2	0	2	0.0000417772
Methanococcus maripaludis	39152	S	2	0	2	0.0000417772
Nitrosarchaeum sp. AC2	2259673	S	2	0	2	0.0000417772
Candidatus Nitrosocosmicus oleophilus	1353260	S	2	0	2	0.0000417772
Acidianus sulfidivorans	312539	S	2	0	2	0.0000417772
Geobacillus phage GBK2	1458842	S	2	0	2	0.0000417772
Bacteriophage Phobos	2662138	S	2	0	2	0.0000417772
Streptomyces phage Gilson	2488789	S	2	0	2	0.0000417772
Rhodococcus virus Pepy6	1982368	S	2	0	2	0.0000417772
Vibrio phage 1.097.O._10N.286.49.B3	1881383	S	1	1	2	0.0000417772
Escherichia virus PTXU04	2734191	S	2	0	2	0.0000417772
Synechococcus phage syn9	382359	S	2	0	2	0.0000417772
Bacillus virus G	1084719	S	2	0	2	0.0000417772
Chrysochromulina ericina virus	455364	S	2	0	2	0.0000417772
Orpheovirus IHUMI-LCC2	2023057	S	2	0	2	0.0000417772
Chimeric virus 14	1608440	S	2	0	2	0.0000417772
Pandoravirus macleodensis	2107707	S	2	0	2	0.0000417772
Pseudomonas sp. gcc21	2726989	S	1	0	1	0.0000208886
Pseudomonas sp. CMR5c	658630	S	1	0	1	0.0000208886
Pseudomonas sp. MSPm1	2726956	S	1	0	1	0.0000208886
Pseudomonas sp. Leaf58	1736226	S	1	0	1	0.0000208886
Pseudomonas sp. SNU WT1	2518644	S	1	0	1	0.0000208886
Pseudomonas sp. S09G 359	2054919	S	1	0	1	0.0000208886
Pseudomonas sp. S-6-2	1931241	S	1	0	1	0.0000208886
Pseudomonas sp. 14181154	2662033	S	1	0	1	0.0000208886
Pseudomonas sp. CCOS 191	1649877	S	1	0	1	0.0000208886
Pseudomonas sp. S35	1573719	S	1	0	1	0.0000208886
Pseudomonas migulae	78543	S	1	0	1	0.0000208886
Pseudomonas fuscovaginae	50340	S	1	0	1	0.0000208886
Pseudomonas citronellolis	53408	S	1	0	1	0.0000208886
Pseudomonas resinovorans	53412	S	1	0	1	0.0000208886
Pseudomonas alcaliphila	101564	S	1	0	1	0.0000208886
Pseudomonas atacamensis	2565368	S	1	0	1	0.0000208886
Pseudomonas marincola	437900	S	1	0	1	0.0000208886
Pseudomonas kribbensis	1628086	S	1	0	1	0.0000208886
Entomomonas moraniae	2213226	S	1	0	1	0.0000208886
Entomomonas sp. F2A	2785331	S	1	0	1	0.0000208886
Acinetobacter sp. NCu2D-2	1608473	S	1	0	1	0.0000208886
Acinetobacter sp. C16S1	2609668	S	1	0	1	0.0000208886
Moraxella bovis	476	S	1	0	1	0.0000208886
Moraxella catarrhalis	480	S	1	0	1	0.0000208886
Psychrobacter sp. AntiMn-1	1720344	S	1	0	1	0.0000208886
Psychrobacter sp. G	571800	S	1	0	1	0.0000208886
Psychrobacter arenosus	256326	S	1	0	1	0.0000208886
Stenotrophomonas sp. G4	2303750	S	1	0	1	0.0000208886
Xanthomonas sp. GW	2724121	S	1	0	1	0.0000208886
Xanthomonas vasicola	56459	S	1	0	1	0.0000208886
Xanthomonas euroxanthea	2259622	S	1	0	1	0.0000208886
Lysobacter sp. CW239	2762611	S	1	0	1	0.0000208886
Lysobacter sp. H21R4	2781021	S	1	0	1	0.0000208886
Lysobacter alkalisoli	2591633	S	1	0	1	0.0000208886
Luteimonas sp. MC1572	2799325	S	1	0	1	0.0000208886
Luteimonas chenhongjianii	2006110	S	1	0	1	0.0000208886
Klebsiella huaxiensis	2153354	S	1	0	1	0.0000208886
Enterobacter cancerogenus	69218	S	1	0	1	0.0000208886
Enterobacter sp. JUb54	2724468	S	1	0	1	0.0000208886
Enterobacter soli	885040	S	1	0	1	0.0000208886
Citrobacter farmeri	67824	S	1	0	1	0.0000208886
Escherichia sp. E4742	2044467	S	1	0	1	0.0000208886
Kosakonia sp. CCTCC M2018092	2492396	S	1	0	1	0.0000208886
Kosakonia oryzae	497725	S	1	0	1	0.0000208886
Kosakonia arachidis	551989	S	1	0	1	0.0000208886
Kosakonia sacchari	1158459	S	1	0	1	0.0000208886
Kosakonia pseudosacchari	1646340	S	1	0	1	0.0000208886
Enterobacteriaceae endosymbiont of Donacia cinerea	2675774	S	1	0	1	0.0000208886
Enterobacteriaceae endosymbiont of Plateumaris pusilla	2675795	S	1	0	1	0.0000208886
Enterobacteriaceae endosymbiont of Plateumaris consimilis	2675794	S	1	0	1	0.0000208886
Enterobacteriaceae endosymbiont of Donacia marginata	2675779	S	1	0	1	0.0000208886
Enterobacteriaceae endosymbiont of Neohaemonia nigricornis	2675792	S	1	0	1	0.0000208886
Enterobacteriaceae endosymbiont of Donacia provostii	2675781	S	1	0	1	0.0000208886
Enterobacteriaceae endosymbiont of Donacia proxima	2675782	S	1	0	1	0.0000208886
Enterobacteriaceae endosymbiont of Macroplea mutica	2675791	S	1	0	1	0.0000208886
Enterobacteriaceae endosymbiont of Macroplea appendiculata	2675790	S	1	0	1	0.0000208886
Enterobacteriaceae endosymbiont of Donacia bicoloricornis	2675772	S	1	0	1	0.0000208886
Leclercia sp. 29361	2714951	S	1	0	1	0.0000208886
Candidatus Hamiltonella defensa	138072	S	1	0	1	0.0000208886
secondary endosymbiont of Ctenarytaina eucalypti	1199245	S	1	0	1	0.0000208886
Blochmannia endosymbiont of Camponotus (Colobopsis) obliquus	1505597	S	1	0	1	0.0000208886
Candidatus Purcelliella pentastirinorum	472834	S	1	0	1	0.0000208886
Candidatus Tachikawaea gelatinosa	1410383	S	1	0	1	0.0000208886
Candidatus Mikella endobia	1778264	S	1	0	1	0.0000208886
Cedecea lapagei	158823	S	1	0	1	0.0000208886
Phytobacter diazotrophicus	395631	S	1	0	1	0.0000208886
Cronobacter sakazakii	28141	S	1	0	1	0.0000208886
Cronobacter condimenti	1163710	S	1	0	1	0.0000208886
Yokenella regensburgei	158877	S	1	0	1	0.0000208886
Lelliottia amnigena	61646	S	1	0	1	0.0000208886
[Enterobacter] lignolyticus	1334193	S	1	0	1	0.0000208886
Pseudescherichia vulneris	566	S	1	0	1	0.0000208886
Erwinia persicina	55211	S	1	0	1	0.0000208886
Pantoea sp. At-9b	592316	S	1	0	1	0.0000208886
Pantoea sp. SO10	2575375	S	1	0	1	0.0000208886
Pantoea stewartii	66269	S	1	0	1	0.0000208886
Mixta intestinalis	1615494	S	1	0	1	0.0000208886
Wigglesworthia glossinidia	51229	S	1	0	1	0.0000208886
Serratia sp. KUDC3025	2597702	S	1	0	1	0.0000208886
Serratia grimesii	82995	S	1	0	1	0.0000208886
Yersinia enterocolitica	630	S	1	0	1	0.0000208886
Yersinia canariae	2607663	S	1	0	1	0.0000208886
Nissabacter sp. SGAir0207	2126321	S	1	0	1	0.0000208886
Providencia heimbachae	333962	S	1	0	1	0.0000208886
Providencia sneebia	516075	S	1	0	1	0.0000208886
Xenorhabdus bovienii	40576	S	1	0	1	0.0000208886
Xenorhabdus poinarii	40577	S	1	0	1	0.0000208886
Dickeya poaceiphila	568768	S	1	0	1	0.0000208886
Brenneria rubrifaciens	55213	S	1	0	1	0.0000208886
Brenneria goodwinii	1109412	S	1	0	1	0.0000208886
Brenneria sp. Ir50	2722756	S	1	0	1	0.0000208886
Edwardsiella hoshinae	93378	S	1	0	1	0.0000208886
Obesumbacterium proteus	82983	S	1	0	1	0.0000208886
Leminorella richardii	158841	S	1	0	1	0.0000208886
Halomonas sp. THAF5a	2587844	S	1	0	1	0.0000208886
Halomonas sp. N3-2A	2014541	S	1	0	1	0.0000208886
Halomonas sp. 1513	1883416	S	1	0	1	0.0000208886
Halomonas sp. hl-4	1761789	S	1	0	1	0.0000208886
Halomonas sp. KO116	1504981	S	1	0	1	0.0000208886
Halomonas subglaciescola	29571	S	1	0	1	0.0000208886
Halomonas venusta	44935	S	1	0	1	0.0000208886
Kushneria marisflavi	157779	S	1	0	1	0.0000208886
Kushneria konosiri	698828	S	1	0	1	0.0000208886
Candidatus Carsonella ruddii	114186	S	1	0	1	0.0000208886
Candidatus Portiera aleyrodidarum	91844	S	1	0	1	0.0000208886
Halotalea alkalilenta	376489	S	1	0	1	0.0000208886
Salinicola tamaricis	1771309	S	1	0	1	0.0000208886
Pistricoccus aurantiacus	1883414	S	1	0	1	0.0000208886
Marinomonas foliarum	491950	S	1	0	1	0.0000208886
Marinobacterium aestuarii	1821621	S	1	0	1	0.0000208886
Marinobacterium sp. LSUCC0821	2668067	S	1	0	1	0.0000208886
Neptunomonas japonica	417574	S	1	0	1	0.0000208886
Nitrincola sp. KXZD1103	2614693	S	1	0	1	0.0000208886
Alcanivorax sp. N3-2A	2014542	S	1	0	1	0.0000208886
Spartinivicinus ruber	2683272	S	1	0	1	0.0000208886
Kangiella koreensis	261964	S	1	0	1	0.0000208886
Kangiella profundi	1561924	S	1	0	1	0.0000208886
Oleiphilus messinensis	141451	S	1	0	1	0.0000208886
Endozoicomonas montiporae	1027273	S	1	0	1	0.0000208886
Shewanella sp. FJAT-51800	2814294	S	1	0	1	0.0000208886
Shewanella sp. Arc9-LZ	2698686	S	1	0	1	0.0000208886
Shewanella denitrificans	192073	S	1	0	1	0.0000208886
Shewanella oneidensis	70863	S	1	0	1	0.0000208886
Shewanella khirikhana	1965282	S	1	0	1	0.0000208886
Shewanella benthica	43661	S	1	0	1	0.0000208886
Shewanella maritima	2520507	S	1	0	1	0.0000208886
Shewanella sediminis	271097	S	1	0	1	0.0000208886
Parashewanella spongiae	342950	S	1	0	1	0.0000208886
Parashewanella tropica	2547970	S	1	0	1	0.0000208886
Marinobacter sp. NP-4(2019)	2488665	S	1	0	1	0.0000208886
Marinobacter sp. LPB0319	2769486	S	1	0	1	0.0000208886
Marinobacter salsuginis	418719	S	1	0	1	0.0000208886
Marinobacter salinus	1874317	S	1	0	1	0.0000208886
Marinobacter fonticola	2603215	S	1	0	1	0.0000208886
Salinimonas sp. G2-b	2785918	S	1	0	1	0.0000208886
Paraglaciecola psychrophila	326544	S	1	0	1	0.0000208886
Saliniradius amylolyticus	2183582	S	1	0	1	0.0000208886
Pseudoalteromonas piratica	1348114	S	1	0	1	0.0000208886
Pseudoalteromonas arctica	394751	S	1	0	1	0.0000208886
Pseudoalteromonas spongiae	298657	S	1	0	1	0.0000208886
Pseudoalteromonas aliena	247523	S	1	0	1	0.0000208886
Pseudoalteromonas prydzensis	182141	S	1	0	1	0.0000208886
Pseudoalteromonas phenolica	161398	S	1	0	1	0.0000208886
Pseudoalteromonas atlantica	288	S	1	0	1	0.0000208886
Pseudoalteromonas undina	43660	S	1	0	1	0.0000208886
Pseudoalteromonas luteoviolacea	43657	S	1	0	1	0.0000208886
Psychrosphaera aestuarii	1266052	S	1	0	1	0.0000208886
Colwellia sp. PAMC 21821	1816219	S	1	0	1	0.0000208886
Colwellia sp. 20A7	2689569	S	1	0	1	0.0000208886
Colwellia beringensis	1967665	S	1	0	1	0.0000208886
Thalassotalea crassostreae	1763536	S	1	0	1	0.0000208886
Litorilituus sediminis	718192	S	1	0	1	0.0000208886
Psychromonas sp. CNPT3	314282	S	1	0	1	0.0000208886
Moritella marina	90736	S	1	0	1	0.0000208886
Idiomarina andamanensis	1940690	S	1	0	1	0.0000208886
Aeromonas dhakensis	196024	S	1	0	1	0.0000208886
Oceanisphaera profunda	1416627	S	1	0	1	0.0000208886
Vibrio campbellii	680	S	1	0	1	0.0000208886
Vibrio natriegens	691	S	1	0	1	0.0000208886
Vibrio diabolicus	50719	S	1	0	1	0.0000208886
Vibrio sp. HDW18	2714948	S	1	0	1	0.0000208886
Vibrio aquimaris	2587862	S	1	0	1	0.0000208886
Vibrio spartinae	1918945	S	1	0	1	0.0000208886
Vibrio cincinnatiensis	675	S	1	0	1	0.0000208886
Vibrio europaeus	300876	S	1	0	1	0.0000208886
Vibrio mimicus	674	S	1	0	1	0.0000208886
Vibrio coralliilyticus	190893	S	1	0	1	0.0000208886
Salinivibrio kushneri	1908198	S	1	0	1	0.0000208886
Aliivibrio salmonicida	40269	S	1	0	1	0.0000208886
Photobacterium profundum	74109	S	1	0	1	0.0000208886
Thioalkalivibrio versutus	106634	S	1	0	1	0.0000208886
Spiribacter salinus	1335746	S	1	0	1	0.0000208886
Alkalilimnicola ehrlichii	351052	S	1	0	1	0.0000208886
Nitrosococcus oceani	1229	S	1	0	1	0.0000208886
Nitrosococcus halophilus	133539	S	1	0	1	0.0000208886
Thiocystis violascens	73141	S	1	0	1	0.0000208886
Allochromatium vinosum	1049	S	1	0	1	0.0000208886
Candidatus Nitrosoglobus terrae	1630141	S	1	0	1	0.0000208886
Caldichromatium japonicum	2699430	S	1	0	1	0.0000208886
Sulfuriflexus mobilis	1811807	S	1	0	1	0.0000208886
Wenzhouxiangella marina	1579979	S	1	0	1	0.0000208886
Guyparkeria halophila	47960	S	1	0	1	0.0000208886
Legionella sp. PC997	2755562	S	1	0	1	0.0000208886
Legionella adelaidensis	45056	S	1	0	1	0.0000208886
Legionella lansingensis	45067	S	1	0	1	0.0000208886
Legionella clemsonensis	1867846	S	1	0	1	0.0000208886
Legionella endosymbiont of Polyplax serrata	2005262	S	1	0	1	0.0000208886
Tatlockia micdadei	451	S	1	0	1	0.0000208886
Coxiella endosymbiont of Amblyomma sculptum	2487929	S	1	0	1	0.0000208886
Teredinibacter turnerae	2426	S	1	0	1	0.0000208886
Simiduia agarivorans	447471	S	1	0	1	0.0000208886
Agarilytica rhodophyticola	1737490	S	1	0	1	0.0000208886
Spongiibacter sp. CSC3.9	2794344	S	1	0	1	0.0000208886
Microbulbifer sp. A4B17	359370	S	1	0	1	0.0000208886
Microbulbifer sp. GL-2	2591606	S	1	0	1	0.0000208886
Microbulbifer sp. YPW1	2745199	S	1	0	1	0.0000208886
Methylococcus sp. IM1	2681310	S	1	0	1	0.0000208886
Methylomonas sp. LW13	107637	S	1	0	1	0.0000208886
Methylomonas sp. LL1	2785785	S	1	0	1	0.0000208886
Methylomonas koyamae	702114	S	1	0	1	0.0000208886
Methylotuvimicrobium alcaliphilum	271065	S	1	0	1	0.0000208886
Candidatus Methylospira mobilis	1808979	S	1	0	1	0.0000208886
Hydrogenovibrio marinus	28885	S	1	0	1	0.0000208886
Thiomicrorhabdus indica	2267253	S	1	0	1	0.0000208886
Thiomicrorhabdus sediminis	2580412	S	1	0	1	0.0000208886
Francisella orientalis	299583	S	1	0	1	0.0000208886
Francisella uliginis	573570	S	1	0	1	0.0000208886
Allofrancisella guangzhouensis	594679	S	1	0	1	0.0000208886
Allofrancisella frigidaquae	1085644	S	1	0	1	0.0000208886
Allofrancisella inopinata	1085647	S	1	0	1	0.0000208886
Haemophilus parahaemolyticus	735	S	1	0	1	0.0000208886
Glaesserella parasuis	738	S	1	0	1	0.0000208886
Glaesserella sp. 15-184	2030797	S	1	0	1	0.0000208886
Actinobacillus pleuropneumoniae	715	S	1	0	1	0.0000208886
Actinobacillus indolicus	51049	S	1	0	1	0.0000208886
Avibacterium volantium	762	S	1	0	1	0.0000208886
Aggregatibacter actinomycetemcomitans	714	S	1	0	1	0.0000208886
Vespertiliibacter pulmonis	1443036	S	1	0	1	0.0000208886
Candidatus Thioglobus autotrophicus	1705394	S	1	0	1	0.0000208886
Candidatus Thioglobus sp. NP1	2508687	S	1	0	1	0.0000208886
Bathymodiolus thermophilus thioautotrophic gill symbiont	2360	S	1	0	1	0.0000208886
Candidatus Ruthia endofausta	2738852	S	1	0	1	0.0000208886
Candidatus Vesicomyosocius okutanii	412965	S	1	0	1	0.0000208886
endosymbiont of Pachyrhynchus infernalis	1971488	S	1	0	1	0.0000208886
Thiolapillus brandeum	1076588	S	1	0	1	0.0000208886
Candidatus Reidiella endopervernicosa	2738883	S	1	0	1	0.0000208886
Acidiferrobacter sp. SPIII_3	1281578	S	1	0	1	0.0000208886
Sulfurifustis variabilis	1675686	S	1	0	1	0.0000208886
Frischella perrara	1267021	S	1	0	1	0.0000208886
Cardiobacterium hominis	2718	S	1	0	1	0.0000208886
Polynucleobacter paneuropaeus	2527775	S	1	0	1	0.0000208886
Burkholderia anthina	179879	S	1	0	1	0.0000208886
Burkholderia seminalis	488731	S	1	0	1	0.0000208886
Burkholderia pyrrocinia	60550	S	1	0	1	0.0000208886
Burkholderia sp. NRF60-BP8	1637853	S	1	0	1	0.0000208886
Burkholderia sp. Bp7605	1740163	S	1	0	1	0.0000208886
Burkholderia sp. MSMB0856	1637869	S	1	0	1	0.0000208886
Burkholderia sp. LA-2-3-30-S1-D2	1637862	S	1	0	1	0.0000208886
Burkholderia sp. MS455	2811788	S	1	0	1	0.0000208886
Paraburkholderia acidiphila	2571747	S	1	0	1	0.0000208886
Paraburkholderia phymatum	148447	S	1	0	1	0.0000208886
Cupriavidus campinensis	151783	S	1	0	1	0.0000208886
Mycetohabitans rhizoxinica	412963	S	1	0	1	0.0000208886
Herbaspirillum huttiense	863372	S	1	0	1	0.0000208886
Glaciimonas sp. PAMC28666	2807626	S	1	0	1	0.0000208886
Bordetella genomosp. 8	1416806	S	1	0	1	0.0000208886
Pusillimonas thiosulfatoxidans	2028345	S	1	0	1	0.0000208886
Advenella kashmirensis	310575	S	1	0	1	0.0000208886
Oligella urethralis	90245	S	1	0	1	0.0000208886
Pelistega ratti	2652177	S	1	0	1	0.0000208886
Castellaniella defragrans	75697	S	1	0	1	0.0000208886
Sutterella megalosphaeroides	2494234	S	1	0	1	0.0000208886
Aquitalea magnusonii	332411	S	1	0	1	0.0000208886
Neisseria sp. oral taxon 014	641148	S	1	0	1	0.0000208886
Neisseria sp. ZJ785	2709396	S	1	0	1	0.0000208886
Neisseria gonorrhoeae	485	S	1	0	1	0.0000208886
Neisseria dentiae	194197	S	1	0	1	0.0000208886
Kingella denitrificans	502	S	1	0	1	0.0000208886
Kingella kingae	504	S	1	0	1	0.0000208886
Kingella oralis	505	S	1	0	1	0.0000208886
Nitrosospira lacus	1288494	S	1	0	1	0.0000208886
Sulfuritortus calidifontis	1914471	S	1	0	1	0.0000208886
Candidatus Kinetoplastibacterium desouzaii	994692	S	1	0	1	0.0000208886
Candidatus Profftella armatura	669502	S	1	0	1	0.0000208886
Bosea vaviloviae	1526658	S	1	0	1	0.0000208886
Methylobacterium sp. AMS5	925818	S	1	0	1	0.0000208886
Rhizobium sp. NXC14	1981173	S	1	0	1	0.0000208886
Rhizobium tropici	398	S	1	0	1	0.0000208886
Rhizobium acidisoli	1538158	S	1	0	1	0.0000208886
Rhizobium flavum	1335061	S	1	0	1	0.0000208886
Neorhizobium sp. SOG26	2060726	S	1	0	1	0.0000208886
Candidatus Liberibacter africanus	34020	S	1	0	1	0.0000208886
Liberibacter crescens	1273132	S	1	0	1	0.0000208886
Mesorhizobium sp. J8	2777475	S	1	0	1	0.0000208886
Mesorhizobium sp. M7D.F.Ca.US.005.01.1.1	2493678	S	1	0	1	0.0000208886
Mesorhizobium sp. M9A.F.Ca.ET.002.03.1.2	2493668	S	1	0	1	0.0000208886
Mesorhizobium sp. M7A.F.Ce.TU.012.03.2.1	2493681	S	1	0	1	0.0000208886
Mesorhizobium sp. M1B.F.Ca.ET.045.04.1.1	2493673	S	1	0	1	0.0000208886
Mesorhizobium sp. 113-3-9	2744517	S	1	0	1	0.0000208886
Mesorhizobium sp. 131-2-1	2744518	S	1	0	1	0.0000208886
Mesorhizobium terrae	2725666	S	1	0	1	0.0000208886
Rhodomicrobium vannielii	1069	S	1	0	1	0.0000208886
Starkeya sp. ORNL1	2709380	S	1	0	1	0.0000208886
Pseudovibrio sp. FO-BEG1	911045	S	1	0	1	0.0000208886
Martelella mediterranea	293089	S	1	0	1	0.0000208886
Bartonella apis	1686310	S	1	0	1	0.0000208886
Bartonella henselae	38323	S	1	0	1	0.0000208886
Bartonella vinsonii	33047	S	1	0	1	0.0000208886
Brucella intermedia	94625	S	1	0	1	0.0000208886
Sphingomonas sp. YZ-8	2319844	S	1	0	1	0.0000208886
Sphingomonas sp. HDW15A	2714942	S	1	0	1	0.0000208886
Sphingomonas sp.	28214	S	1	0	1	0.0000208886
Sphingopyxis sp. LPB0140	1913578	S	1	0	1	0.0000208886
Sphingorhabdus sp. YGSMI21	2077182	S	1	0	1	0.0000208886
Altererythrobacter sp. BO-6	2604537	S	1	0	1	0.0000208886
Altererythrobacter epoxidivorans	361183	S	1	0	1	0.0000208886
Sphingosinicella sp. UDD2	2771430	S	1	0	1	0.0000208886
Paracoccus aminophilus	34003	S	1	0	1	0.0000208886
Sulfitobacter sp. SK012	1389005	S	1	0	1	0.0000208886
Sulfitobacter sp. JL08	2070369	S	1	0	1	0.0000208886
Phaeobacter piscinae	1580596	S	1	0	1	0.0000208886
Phaeobacter sp. LSS9	681157	S	1	0	1	0.0000208886
Leisingera methylohalidivorans	133924	S	1	0	1	0.0000208886
Octadecabacter temperatus	1458307	S	1	0	1	0.0000208886
Roseobacter litoralis	42443	S	1	0	1	0.0000208886
Roseobacter ponti	1891787	S	1	0	1	0.0000208886
Ketogulonicigenium robustum	92947	S	1	0	1	0.0000208886
Epibacterium mobile	379347	S	1	0	1	0.0000208886
Marivivens sp. JLT3646	1920883	S	1	0	1	0.0000208886
Thalassobius gelatinovorus	53501	S	1	0	1	0.0000208886
Oceanicola sp. D3	2587163	S	1	0	1	0.0000208886
Jannaschia sp. CCS1	290400	S	1	0	1	0.0000208886
Profundibacter amoris	2171755	S	1	0	1	0.0000208886
Qingshengfaniella alkalisoli	2599296	S	1	0	1	0.0000208886
Azospirillum humicireducens	1226968	S	1	0	1	0.0000208886
Thalassospira sp. A40-3	2785908	S	1	0	1	0.0000208886
Thalassospira sp. B30-1	2785911	S	1	0	1	0.0000208886
Magnetospira sp. QH-2	1288970	S	1	0	1	0.0000208886
Candidatus Endolissoclinum faulkneri	1263979	S	1	0	1	0.0000208886
Nitrospirillum amazonense	28077	S	1	0	1	0.0000208886
Acetobacter aceti	435	S	1	0	1	0.0000208886
Komagataeibacter oboediens	65958	S	1	0	1	0.0000208886
Komagataeibacter saccharivorans	265959	S	1	0	1	0.0000208886
Komagataeibacter medellinensis	1177712	S	1	0	1	0.0000208886
Gluconobacter oxydans	442	S	1	0	1	0.0000208886
Gluconobacter thailandicus	257438	S	1	0	1	0.0000208886
Gluconobacter sphaericus	574987	S	1	0	1	0.0000208886
Entomobacter blattae	2762277	S	1	0	1	0.0000208886
Swingsia samuiensis	1293412	S	1	0	1	0.0000208886
Parasaccharibacter apium	1510841	S	1	0	1	0.0000208886
Granulibacter bethesdensis	364410	S	1	0	1	0.0000208886
Rickettsia typhi	785	S	1	0	1	0.0000208886
Rickettsia endosymbiont of Bemisia tabaci	337479	S	1	0	1	0.0000208886
Rickettsia sp. Tillamook 23	2761623	S	1	0	1	0.0000208886
Rickettsia bellii	33990	S	1	0	1	0.0000208886
Orientia tsutsugamushi	784	S	1	0	1	0.0000208886
Rickettsiales endosymbiont of Stachyamoeba lipophora	2486578	S	1	0	1	0.0000208886
Candidatus Pelagibacter sp. FZCC0015	2268451	S	1	0	1	0.0000208886
Candidatus Pelagibacter giovannonii	2563896	S	1	0	1	0.0000208886
Maricaulis maris	74318	S	1	0	1	0.0000208886
Marinicauda algicola	2029849	S	1	0	1	0.0000208886
Candidatus Paracaedibacter acanthamoebae	91604	S	1	0	1	0.0000208886
Arcobacter sp. FWKO B	2593672	S	1	0	1	0.0000208886
Malaciobacter halophilus	197482	S	1	0	1	0.0000208886
Campylobacter sp. RM6914	1032243	S	1	0	1	0.0000208886
Campylobacter mucosalis	202	S	1	0	1	0.0000208886
Campylobacter armoricus	2505970	S	1	0	1	0.0000208886
Campylobacter canadensis	449520	S	1	0	1	0.0000208886
Campylobacter lanienae	75658	S	1	0	1	0.0000208886
Campylobacter lari	201	S	1	0	1	0.0000208886
Campylobacter hominis	76517	S	1	0	1	0.0000208886
Sulfurospirillum multivorans	66821	S	1	0	1	0.0000208886
Sulfurimonas sp. GYSZ_1	2590022	S	1	0	1	0.0000208886
Sulfurimonas sp. B2	2590551	S	1	0	1	0.0000208886
Sulfurimonas paralvinellae	317658	S	1	0	1	0.0000208886
Candidatus Sulfurimonas baltica	2740404	S	1	0	1	0.0000208886
Candidatus Sulfurimonas marisnigri	2740405	S	1	0	1	0.0000208886
Helicobacter cinaedi	213	S	1	0	1	0.0000208886
Helicobacter apodemus	135569	S	1	0	1	0.0000208886
Helicobacter pullorum	35818	S	1	0	1	0.0000208886
Helicobacter suis	104628	S	1	0	1	0.0000208886
Helicobacter cholecystus	45498	S	1	0	1	0.0000208886
Wolinella succinogenes	844	S	1	0	1	0.0000208886
Sulfurovum lithotrophicum	206403	S	1	0	1	0.0000208886
Nautilia sp. PV-1	2579250	S	1	0	1	0.0000208886
Caminibacter mediatlanticus	291048	S	1	0	1	0.0000208886
Nitratiruptor labii	2706014	S	1	0	1	0.0000208886
Desulfovibrio sp. IOR2	2583823	S	1	0	1	0.0000208886
Desulfovibrio desulfuricans	876	S	1	0	1	0.0000208886
Desulfovibrio gigas	879	S	1	0	1	0.0000208886
Desulfovibrio piger	901	S	1	0	1	0.0000208886
Maridesulfovibrio salexigens	880	S	1	0	1	0.0000208886
Maridesulfovibrio hydrothermalis	191026	S	1	0	1	0.0000208886
Geobacter sp. SVR	2495594	S	1	0	1	0.0000208886
Geobacter metallireducens	28232	S	1	0	1	0.0000208886
Geobacter bremensis	60035	S	1	0	1	0.0000208886
Syntrophotalea carbinolica	19	S	1	0	1	0.0000208886
Syntrophotalea acetylenivorans	1842532	S	1	0	1	0.0000208886
Desulfosarcina ovata	83564	S	1	0	1	0.0000208886
Desulfosarcina alkanivorans	571177	S	1	0	1	0.0000208886
Desulfococcus multivorans	897	S	1	0	1	0.0000208886
Desulfococcus oleovorans	181663	S	1	0	1	0.0000208886
Desulfobulbus propionicus	894	S	1	0	1	0.0000208886
Desulfobulbus oligotrophicus	1909699	S	1	0	1	0.0000208886
Desulfobulbus oralis	1986146	S	1	0	1	0.0000208886
Desulfotalea psychrophila	84980	S	1	0	1	0.0000208886
Syntrophus aciditrophicus	316277	S	1	0	1	0.0000208886
Syntrophobacter fumaroxidans	119484	S	1	0	1	0.0000208886
Halobacteriovorax sp. BALOs_7	2109558	S	1	0	1	0.0000208886
Acidithiobacillus thiooxidans	930	S	1	0	1	0.0000208886
Raineyella sp. CBA3103	2662261	S	1	0	1	0.0000208886
Pseudopropionibacterium propionicum	1750	S	1	0	1	0.0000208886
Nocardioides sp. WS12	2486272	S	1	0	1	0.0000208886
Nocardioides sp. dk3136	2575373	S	1	0	1	0.0000208886
Nocardioides sp. ZJ1313	2685869	S	1	0	1	0.0000208886
Nocardioides sp. HDW12A	2714938	S	1	0	1	0.0000208886
Nocardioides sp. MC1495	2736757	S	1	0	1	0.0000208886
Nocardioides ungokensis	1643322	S	1	0	1	0.0000208886
Nocardioides houyundeii	2045452	S	1	0	1	0.0000208886
Nocardioides euryhalodurans	2518370	S	1	0	1	0.0000208886
Nocardioides sambongensis	2589074	S	1	0	1	0.0000208886
Aeromicrobium sp. A1-2	2107713	S	1	0	1	0.0000208886
Aeromicrobium marinum	219314	S	1	0	1	0.0000208886
Aeromicrobium chenweiae	2079793	S	1	0	1	0.0000208886
Marmoricola scoriae	642780	S	1	0	1	0.0000208886
Kribbella qitaiheensis	1544730	S	1	0	1	0.0000208886
Actinopolymorpha singaporensis	117157	S	1	0	1	0.0000208886
Microbacterium sp. RG1	2489212	S	1	0	1	0.0000208886
Microbacterium sp. Se63.02b	2709304	S	1	0	1	0.0000208886
Microbacterium sp. Nx66	2766784	S	1	0	1	0.0000208886
Microbacterium amylolyticum	936337	S	1	0	1	0.0000208886
Microbacterium oryzae	743009	S	1	0	1	0.0000208886
Microbacterium lushaniae	2614639	S	1	0	1	0.0000208886
Candidatus Aquiluna sp. UB-MaderosW2red	1855377	S	1	0	1	0.0000208886
Rathayibacter sp. VKM Ac-2804	2609257	S	1	0	1	0.0000208886
Rathayibacter iranicus	59737	S	1	0	1	0.0000208886
Rathayibacter toxicus	145458	S	1	0	1	0.0000208886
Agromyces sp. LHK192	2498704	S	1	0	1	0.0000208886
Agromyces sp. HY052	2585717	S	1	0	1	0.0000208886
Agromyces sp. KACC 19306	2592652	S	1	0	1	0.0000208886
Agromyces flavus	589382	S	1	0	1	0.0000208886
Leucobacter denitrificans	683042	S	1	0	1	0.0000208886
Agrococcus carbonis	684552	S	1	0	1	0.0000208886
Agrococcus sp. SGAir0287	2070347	S	1	0	1	0.0000208886
Protaetiibacter intestinalis	2419774	S	1	0	1	0.0000208886
Mycetocola sp. JXN-3	2116510	S	1	0	1	0.0000208886
Kocuria flava	446860	S	1	0	1	0.0000208886
Micrococcus sp. V7	404582	S	1	0	1	0.0000208886
Arthrobacter sp. PAMC25564	2565366	S	1	0	1	0.0000208886
Arthrobacter sp. AQ5-05	2184581	S	1	0	1	0.0000208886
Arthrobacter citreus	1670	S	1	0	1	0.0000208886
Arthrobacter dokdonellae	2211210	S	1	0	1	0.0000208886
Rothia sp. ZJ932	2810516	S	1	0	1	0.0000208886
Pseudarthrobacter equi	728066	S	1	0	1	0.0000208886
Glutamicibacter creatinolyticus	162496	S	1	0	1	0.0000208886
Renibacterium salmoninarum	1646	S	1	0	1	0.0000208886
Janibacter melonis	262209	S	1	0	1	0.0000208886
Arsenicicoccus sp. oral taxon 190	1658671	S	1	0	1	0.0000208886
Pedococcus dokdonensis	443156	S	1	0	1	0.0000208886
Brevibacterium sandarakinum	629680	S	1	0	1	0.0000208886
Brachybacterium sp. P6-10-X1	1903186	S	1	0	1	0.0000208886
Cellulomonas sp. PSBB021	2003551	S	1	0	1	0.0000208886
Cellulomonas gilvus	11	S	1	0	1	0.0000208886
Cellulosimicrobium sp. BI34T	2587808	S	1	0	1	0.0000208886
Ornithinimicrobium sp. HY006	2508882	S	1	0	1	0.0000208886
Serinicoccus marinus	247333	S	1	0	1	0.0000208886
Serinicoccus chungangensis	767452	S	1	0	1	0.0000208886
Serinicoccus profundi	1078471	S	1	0	1	0.0000208886
Georgenia faecalis	2483799	S	1	0	1	0.0000208886
Haloactinobacterium sp. HY164	2675754	S	1	0	1	0.0000208886
Haloactinobacterium sp. RN3S43	2779775	S	1	0	1	0.0000208886
Mobilicoccus sp. NJES-13	2716227	S	1	0	1	0.0000208886
Miniimonas sp. S16	2171623	S	1	0	1	0.0000208886
Corynebacterium sp. 2019	2675218	S	1	0	1	0.0000208886
Corynebacterium sp. ZJ-599	2709394	S	1	0	1	0.0000208886
Corynebacterium geronticis	2079234	S	1	0	1	0.0000208886
Corynebacterium frankenforstense	1230998	S	1	0	1	0.0000208886
Corynebacterium marinum	349751	S	1	0	1	0.0000208886
Corynebacterium nuruki	1032851	S	1	0	1	0.0000208886
Corynebacterium mustelae	571915	S	1	0	1	0.0000208886
Corynebacterium glaucum	187491	S	1	0	1	0.0000208886
Corynebacterium casei	160386	S	1	0	1	0.0000208886
Corynebacterium riegelii	156976	S	1	0	1	0.0000208886
Corynebacterium simulans	146827	S	1	0	1	0.0000208886
Corynebacterium matruchotii	43768	S	1	0	1	0.0000208886
Corynebacterium yudongzhengii	2080740	S	1	0	1	0.0000208886
Corynebacterium macginleyi	38290	S	1	0	1	0.0000208886
Corynebacterium sanguinis	2594913	S	1	0	1	0.0000208886
Corynebacterium flavescens	28028	S	1	0	1	0.0000208886
Rhodococcus sp. SGAir0479	2567884	S	1	0	1	0.0000208886
Rhodococcus sp. MTM3W5.2	1805827	S	1	0	1	0.0000208886
Rhodococcus sp. R79	2811421	S	1	0	1	0.0000208886
Rhodococcus rhodochrous	1829	S	1	0	1	0.0000208886
Rhodococcus koreensis	99653	S	1	0	1	0.0000208886
Nocardia brasiliensis	37326	S	1	0	1	0.0000208886
Nocardia seriolae	37332	S	1	0	1	0.0000208886
Mycolicibacterium sp. Z-34	2736649	S	1	0	1	0.0000208886
Mycolicibacterium sp. LJ126	2761578	S	1	0	1	0.0000208886
Mycolicibacterium pulveris	36813	S	1	0	1	0.0000208886
Mycolicibacterium smegmatis	1772	S	1	0	1	0.0000208886
Mycolicibacterium anyangense	1431246	S	1	0	1	0.0000208886
Mycolicibacterium arabiense	1286181	S	1	0	1	0.0000208886
Mycolicibacterium mucogenicum	56689	S	1	0	1	0.0000208886
Mycolicibacterium moriokaense	39691	S	1	0	1	0.0000208886
Mycolicibacterium tokaiense	39695	S	1	0	1	0.0000208886
Mycolicibacterium doricum	126673	S	1	0	1	0.0000208886
Mycolicibacterium hassiacum	46351	S	1	0	1	0.0000208886
Mycobacterium colombiense	339268	S	1	0	1	0.0000208886
Mycobacterium mantenii	560555	S	1	0	1	0.0000208886
Mycobacterium heidelbergense	53376	S	1	0	1	0.0000208886
Mycobacterium florentinum	292462	S	1	0	1	0.0000208886
Mycobacterium stomatepiae	470076	S	1	0	1	0.0000208886
Mycobacterium grossiae	1552759	S	1	0	1	0.0000208886
Mycobacterium conspicuum	44010	S	1	0	1	0.0000208886
Mycobacterium kansasii	1768	S	1	0	1	0.0000208886
Mycobacterium lacus	169765	S	1	0	1	0.0000208886
Mycobacterium riyadhense	486698	S	1	0	1	0.0000208886
Mycobacteroides abscessus	36809	S	1	0	1	0.0000208886
Gordonia sp. PDNC005	2811424	S	1	0	1	0.0000208886
Streptomyces sp. QHH-9511	2684468	S	1	0	1	0.0000208886
Streptomyces sp. SYP-A7193	2662065	S	1	0	1	0.0000208886
Streptomyces sp. CB01881	2078691	S	1	0	1	0.0000208886
Streptomyces sp. CB09001	2083284	S	1	0	1	0.0000208886
Streptomyces sp. RTd22	1841249	S	1	0	1	0.0000208886
Streptomyces sp. WAC 06738	2203210	S	1	0	1	0.0000208886
Streptomyces sp. C8S0	2585716	S	1	0	1	0.0000208886
Streptomyces sp. CFMR 7	1649184	S	1	0	1	0.0000208886
Streptomyces sp. Mg1	465541	S	1	0	1	0.0000208886
Streptomyces sp. Rer75	2750011	S	1	0	1	0.0000208886
Streptomyces sp. M2	646637	S	1	0	1	0.0000208886
Streptomyces sp. NA02950	2742137	S	1	0	1	0.0000208886
Streptomyces sp. Z423-1	2730915	S	1	0	1	0.0000208886
Streptomyces sp. AgN23	1188315	S	1	0	1	0.0000208886
Streptomyces sp. jing01	2726118	S	1	0	1	0.0000208886
Streptomyces sp. 769	1262452	S	1	0	1	0.0000208886
Streptomyces sp. ADI95-16	1522758	S	1	0	1	0.0000208886
Streptomyces sp. RLB1-33	2721243	S	1	0	1	0.0000208886
Streptomyces sp. F8	1436085	S	1	0	1	0.0000208886
Streptomyces sp. JB150	2714844	S	1	0	1	0.0000208886
Streptomyces sp. RPA4-2	2721244	S	1	0	1	0.0000208886
Streptomyces sp. MBT27	1488356	S	1	0	1	0.0000208886
Streptomyces peucetius	1950	S	1	0	1	0.0000208886
Streptomyces pluripotens	1355015	S	1	0	1	0.0000208886
Streptomyces albireticuli	1940	S	1	0	1	0.0000208886
Streptomyces leeuwenhoekii	1437453	S	1	0	1	0.0000208886
Streptomyces nodosus	40318	S	1	0	1	0.0000208886
Streptomyces lunaelactis	1535768	S	1	0	1	0.0000208886
Streptomyces avermitilis	33903	S	1	0	1	0.0000208886
Streptomyces lydicus	47763	S	1	0	1	0.0000208886
Streptomyces spectabilis	68270	S	1	0	1	0.0000208886
Streptomyces pactum	68249	S	1	0	1	0.0000208886
Streptomyces dengpaensis	2049881	S	1	0	1	0.0000208886
Streptomyces ambofaciens	1889	S	1	0	1	0.0000208886
Streptomyces cacaoi	1898	S	1	0	1	0.0000208886
Streptomyces clavuligerus	1901	S	1	0	1	0.0000208886
Streptomyces finlayi	67296	S	1	0	1	0.0000208886
Streptomyces luteoverticillatus	66425	S	1	0	1	0.0000208886
Streptomyces prasinus	67345	S	1	0	1	0.0000208886
Streptomyces aquilus	2548456	S	1	0	1	0.0000208886
Streptomyces cyaneochromogenes	2496836	S	1	0	1	0.0000208886
Streptomyces cyaneogriseus	68192	S	1	0	1	0.0000208886
Streptomyces paludis	2282738	S	1	0	1	0.0000208886
Streptomyces griseocarneus	51201	S	1	0	1	0.0000208886
Streptomyces tirandamycinicus	2174846	S	1	0	1	0.0000208886
Streptomyces platensis	58346	S	1	0	1	0.0000208886
Streptomyces globosus	68209	S	1	0	1	0.0000208886
Streptacidiphilus sp. P02-A3a	2704468	S	1	0	1	0.0000208886
Bifidobacterium lemurum	1603886	S	1	0	1	0.0000208886
Bifidobacterium imperatoris	2020965	S	1	0	1	0.0000208886
Gardnerella vaginalis	2702	S	1	0	1	0.0000208886
Scardovia inopinata	78259	S	1	0	1	0.0000208886
Micromonospora sp. 28ISP2-46	2749844	S	1	0	1	0.0000208886
Micromonospora auratinigra	261654	S	1	0	1	0.0000208886
Micromonospora coriariae	285665	S	1	0	1	0.0000208886
Micromonospora purpureochromogenes	47872	S	1	0	1	0.0000208886
Micromonospora coxensis	356852	S	1	0	1	0.0000208886
Micromonospora zamorensis	709883	S	1	0	1	0.0000208886
Micromonospora craniellae	2294034	S	1	0	1	0.0000208886
Pseudonocardia autotrophica	2074	S	1	0	1	0.0000208886
Amycolatopsis sp. Hca4	2742131	S	1	0	1	0.0000208886
Amycolatopsis methanolica	1814	S	1	0	1	0.0000208886
Amycolatopsis mediterranei	33910	S	1	0	1	0.0000208886
Kibdelosporangium phytohabitans	860235	S	1	0	1	0.0000208886
Prauserella marina	530584	S	1	0	1	0.0000208886
Schaalia meyeri	52773	S	1	0	1	0.0000208886
Schaalia cardiffensis	181487	S	1	0	1	0.0000208886
Actinomyces sp. ZJ750	2744574	S	1	0	1	0.0000208886
Actinomyces sp. zg-993	2763540	S	1	0	1	0.0000208886
Actinomyces radicidentis	111015	S	1	0	1	0.0000208886
Actinomyces weissii	675090	S	1	0	1	0.0000208886
Actinomyces wuliandei	2057743	S	1	0	1	0.0000208886
Actinomyces qiguomingii	2057800	S	1	0	1	0.0000208886
Actinomyces procaprae	2560010	S	1	0	1	0.0000208886
Arcanobacterium haemolyticum	28264	S	1	0	1	0.0000208886
Arcanobacterium phocae	131112	S	1	0	1	0.0000208886
Arcanobacterium phocisimile	1302235	S	1	0	1	0.0000208886
Trueperella pyogenes	1661	S	1	0	1	0.0000208886
Trueperella bialowiezensis	312285	S	1	0	1	0.0000208886
Flaviflexus salsibiostraticola	1282737	S	1	0	1	0.0000208886
Flaviflexus sp. dk850	2758573	S	1	0	1	0.0000208886
Boudabousia tangfeifanii	1912795	S	1	0	1	0.0000208886
Actinomadura sp. NAK00032	2742128	S	1	0	1	0.0000208886
Actinomadura verrucosospora	46165	S	1	0	1	0.0000208886
Nocardiopsis gilva	280236	S	1	0	1	0.0000208886
Thermobifida fusca	2021	S	1	0	1	0.0000208886
Acidothermus cellulolyticus	28049	S	1	0	1	0.0000208886
Olsenella uli	133926	S	1	0	1	0.0000208886
Slackia heliotrinireducens	84110	S	1	0	1	0.0000208886
Rubrobacter radiotolerans	42256	S	1	0	1	0.0000208886
Butyrivibrio proteoclasticus	43305	S	1	0	1	0.0000208886
Butyrivibrio hungatei	185008	S	1	0	1	0.0000208886
Lachnoclostridium phytofermentans	66219	S	1	0	1	0.0000208886
[Clostridium] hylemonae	89153	S	1	0	1	0.0000208886
Herbinix luporum	1679721	S	1	0	1	0.0000208886
Lachnoanaerobaculum umeaense	617123	S	1	0	1	0.0000208886
Clostridium fermenticellae	2068654	S	1	0	1	0.0000208886
Clostridium isatidis	182773	S	1	0	1	0.0000208886
Clostridium cochlearium	1494	S	1	0	1	0.0000208886
Clostridium drakei	332101	S	1	0	1	0.0000208886
Clostridium taeniosporum	394958	S	1	0	1	0.0000208886
Alkaliphilus metalliredigens	208226	S	1	0	1	0.0000208886
Crassaminicella sp. SY095	2599308	S	1	0	1	0.0000208886
Acetivibrio clariflavus	288965	S	1	0	1	0.0000208886
Ethanoligenens harbinense	253239	S	1	0	1	0.0000208886
Mageeibacillus indolicus	884684	S	1	0	1	0.0000208886
Acutalibacter muris	1796620	S	1	0	1	0.0000208886
Pseudoclostridium thermosuccinogenes	84032	S	1	0	1	0.0000208886
Eubacterium limosum	1736	S	1	0	1	0.0000208886
Desulfitobacterium metallireducens	142877	S	1	0	1	0.0000208886
Desulfotomaculum ruminis	1564	S	1	0	1	0.0000208886
Desulfallas gibsoniae	102134	S	1	0	1	0.0000208886
Romboutsia ilealis	1115758	S	1	0	1	0.0000208886
Acetoanaerobium sticklandii	1511	S	1	0	1	0.0000208886
Peptoclostridium acidaminophilum	1731	S	1	0	1	0.0000208886
Paraclostridium bifermentans	1490	S	1	0	1	0.0000208886
Peptacetobacter hiranonis	89152	S	1	0	1	0.0000208886
Aminipila butyrica	433296	S	1	0	1	0.0000208886
Mogibacterium pumilum	86332	S	1	0	1	0.0000208886
Mogibacterium diversum	114527	S	1	0	1	0.0000208886
Thermaerobacter marianensis	73919	S	1	0	1	0.0000208886
Intestinimonas butyriciproducens	1297617	S	1	0	1	0.0000208886
Monoglobus pectinilyticus	1981510	S	1	0	1	0.0000208886
Massilistercora timonensis	2086584	S	1	0	1	0.0000208886
Petrocella atlantisensis	2173034	S	1	0	1	0.0000208886
Ammonifex degensii	42838	S	1	0	1	0.0000208886
Thermacetogenium phaeum	85874	S	1	0	1	0.0000208886
Thermoanaerobacterium thermosaccharolyticum	1517	S	1	0	1	0.0000208886
Caldicellulosiruptor bescii	31899	S	1	0	1	0.0000208886
Caldicellulosiruptor saccharolyticus	44001	S	1	0	1	0.0000208886
Caldicellulosiruptor sp. YA01	2806205	S	1	0	1	0.0000208886
Thermodesulfobium narugense	184064	S	1	0	1	0.0000208886
Thermodesulfobium acidiphilum	1794699	S	1	0	1	0.0000208886
Halanaerobium praevalens	2331	S	1	0	1	0.0000208886
Halanaerobium hydrogeniformans	656519	S	1	0	1	0.0000208886
Biomaibacter acetigenes	2316383	S	1	0	1	0.0000208886
Thermosediminibacter oceani	291990	S	1	0	1	0.0000208886
Natranaerobius thermophilus	375929	S	1	0	1	0.0000208886
Bacillus albus	2026189	S	1	0	1	0.0000208886
Bacillus luti	2026191	S	1	0	1	0.0000208886
Bacillus sp. V3	2795526	S	1	0	1	0.0000208886
Bacillus sp. HD4P25	2779776	S	1	0	1	0.0000208886
Bacillus sp. 1NLA3E	666686	S	1	0	1	0.0000208886
Bacillus sp. Cs-700	2589818	S	1	0	1	0.0000208886
Bacillus sp. WP8	756828	S	1	0	1	0.0000208886
Bacillus sp. THAF10	2587848	S	1	0	1	0.0000208886
Bacillus sp. SYJ	2529386	S	1	0	1	0.0000208886
Bacillus paralicheniformis	1648923	S	1	0	1	0.0000208886
Bacillus sporothermodurans	46224	S	1	0	1	0.0000208886
Bacillus marisflavi	189381	S	1	0	1	0.0000208886
Bacillus smithii	1479	S	1	0	1	0.0000208886
Bacillus methanolicus	1471	S	1	0	1	0.0000208886
Bacillus gobiensis	1441095	S	1	0	1	0.0000208886
Alkalihalobacillus pseudofirmus	79885	S	1	0	1	0.0000208886
Alkalihalobacillus miscanthi	2598861	S	1	0	1	0.0000208886
Virgibacillus sp. SK37	403957	S	1	0	1	0.0000208886
Virgibacillus sp. Bac330	2419841	S	1	0	1	0.0000208886
Virgibacillus sp. Bac332	2419842	S	1	0	1	0.0000208886
Virgibacillus sp. MSP4-1	2700081	S	1	0	1	0.0000208886
Geobacillus subterraneus	129338	S	1	0	1	0.0000208886
Anoxybacillus amylolyticus	294699	S	1	0	1	0.0000208886
Anoxybacillus sp. PDR2	1636720	S	1	0	1	0.0000208886
Salicibibacter halophilus	2502791	S	1	0	1	0.0000208886
Salicibibacter sp. NKC5-3	2743000	S	1	0	1	0.0000208886
Peribacillus butanolivorans	421767	S	1	0	1	0.0000208886
Oceanobacillus iheyensis	182710	S	1	0	1	0.0000208886
Oceanobacillus kimchii	746691	S	1	0	1	0.0000208886
Oceanobacillus zhaokaii	2052660	S	1	0	1	0.0000208886
Fictibacillus phosphorivorans	1221500	S	1	0	1	0.0000208886
Neobacillus mesonae	1193713	S	1	0	1	0.0000208886
Neobacillus cucumis	1740721	S	1	0	1	0.0000208886
Radiobacillus deserti	2594883	S	1	0	1	0.0000208886
Parageobacillus genomosp. 1	1295642	S	1	0	1	0.0000208886
Staphylococcus lloydii	2781774	S	1	0	1	0.0000208886
Staphylococcus pseudoxylosus	2282419	S	1	0	1	0.0000208886
Staphylococcus pseudintermedius	283734	S	1	0	1	0.0000208886
Staphylococcus simiae	308354	S	1	0	1	0.0000208886
Staphylococcus nepalensis	214473	S	1	0	1	0.0000208886
Staphylococcus condimenti	70255	S	1	0	1	0.0000208886
Staphylococcus succinus	61015	S	1	0	1	0.0000208886
Staphylococcus saccharolyticus	33028	S	1	0	1	0.0000208886
Staphylococcus muscae	1294	S	1	0	1	0.0000208886
Staphylococcus xylosus	1288	S	1	0	1	0.0000208886
Mammaliicoccus lentus	42858	S	1	0	1	0.0000208886
Macrococcus caseolyticus	69966	S	1	0	1	0.0000208886
Macrococcus canis	1855823	S	1	0	1	0.0000208886
Abyssicoccus albus	1817405	S	1	0	1	0.0000208886
Paenibacillus sp. UniB2	2726185	S	1	0	1	0.0000208886
Paenibacillus sp. DCT19	2211212	S	1	0	1	0.0000208886
Paenibacillus sp. BIHB4019	1870819	S	1	0	1	0.0000208886
Paenibacillus sp. IHBB 10380	1566358	S	1	0	1	0.0000208886
Paenibacillus sp. FSL R5-0912	1536771	S	1	0	1	0.0000208886
Paenibacillus sp. E222	2748863	S	1	0	1	0.0000208886
Paenibacillus sp. PAMC21692	2762320	S	1	0	1	0.0000208886
Paenibacillus sp. CAA11	1532905	S	1	0	1	0.0000208886
Paenibacillus sp. JNUCC-31	2777983	S	1	0	1	0.0000208886
Paenibacillus physcomitrellae	1619311	S	1	0	1	0.0000208886
Paenibacillus lutimineralis	2707005	S	1	0	1	0.0000208886
Paenibacillus albus	2495582	S	1	0	1	0.0000208886
Paenibacillus beijingensis	1126833	S	1	0	1	0.0000208886
Paenibacillus donghaensis	414771	S	1	0	1	0.0000208886
Paenibacillus protaetiae	2509456	S	1	0	1	0.0000208886
Paenibacillus alvei	44250	S	1	0	1	0.0000208886
Paenibacillus durus	44251	S	1	0	1	0.0000208886
Paenibacillus thiaminolyticus	49283	S	1	0	1	0.0000208886
Paenibacillus kribbensis	172713	S	1	0	1	0.0000208886
Cohnella candidum	2674991	S	1	0	1	0.0000208886
Brevibacillus sp. JNUCC-41	2778370	S	1	0	1	0.0000208886
Thermobacillus composti	377615	S	1	0	1	0.0000208886
Aneurinibacillus sp. XH2	1450761	S	1	0	1	0.0000208886
Saccharibacillus brassicae	2583377	S	1	0	1	0.0000208886
Alicyclobacillus sp. TC	2606450	S	1	0	1	0.0000208886
Tumebacillus algifaecis	1214604	S	1	0	1	0.0000208886
Effusibacillus sp. skT53	2743772	S	1	0	1	0.0000208886
Sporosarcina sp. Te-1	2818390	S	1	0	1	0.0000208886
Planococcus halocryophilus	1215089	S	1	0	1	0.0000208886
Planococcus massiliensis	1499687	S	1	0	1	0.0000208886
Kurthia sp. 11kri321	1750719	S	1	0	1	0.0000208886
Exiguobacterium sp. AT1b	360911	S	1	0	1	0.0000208886
Exiguobacterium sp. N4-1P	2051906	S	1	0	1	0.0000208886
Gemella haemolysans	1379	S	1	0	1	0.0000208886
Gemella sanguinis	84135	S	1	0	1	0.0000208886
Listeria ivanovii	1638	S	1	0	1	0.0000208886
Listeria grayi	1641	S	1	0	1	0.0000208886
Listeria sp. PSOL-1	1844999	S	1	0	1	0.0000208886
Thermoactinomyces vulgaris	2026	S	1	0	1	0.0000208886
Streptococcus sp. zg-86	2664091	S	1	0	1	0.0000208886
Streptococcus pseudoporcinus	361101	S	1	0	1	0.0000208886
Streptococcus troglodytae	1111760	S	1	0	1	0.0000208886
Streptococcus australis	113107	S	1	0	1	0.0000208886
Streptococcus gordonii	1302	S	1	0	1	0.0000208886
Lactobacillus sp. 3B(2020)	2695882	S	1	0	1	0.0000208886
Lactobacillus helsingborgensis	1218494	S	1	0	1	0.0000208886
Lactobacillus taiwanensis	508451	S	1	0	1	0.0000208886
Lactobacillus iners	147802	S	1	0	1	0.0000208886
Lactobacillus crispatus	47770	S	1	0	1	0.0000208886
Lactobacillus johnsonii	33959	S	1	0	1	0.0000208886
Weissella hellenica	46256	S	1	0	1	0.0000208886
Weissella soli	155866	S	1	0	1	0.0000208886
Weissella diestrammenae	1162633	S	1	0	1	0.0000208886
Weissella jogaejeotgali	1631871	S	1	0	1	0.0000208886
Weissella sp. HDW19	2714949	S	1	0	1	0.0000208886
Latilactobacillus graminis	60519	S	1	0	1	0.0000208886
Lactiplantibacillus pentosus	1589	S	1	0	1	0.0000208886
Fructilactobacillus lindneri	53444	S	1	0	1	0.0000208886
Companilactobacillus paralimentarius	83526	S	1	0	1	0.0000208886
Companilactobacillus futsaii	938155	S	1	0	1	0.0000208886
Companilactobacillus heilongjiangensis	1074467	S	1	0	1	0.0000208886
Ligilactobacillus agilis	1601	S	1	0	1	0.0000208886
Limosilactobacillus fermentum	1613	S	1	0	1	0.0000208886
Limosilactobacillus mucosae	97478	S	1	0	1	0.0000208886
Apilactobacillus bombintestini	2419772	S	1	0	1	0.0000208886
Liquorilactobacillus mali	1618	S	1	0	1	0.0000208886
Oenococcus kitaharae	336988	S	1	0	1	0.0000208886
Paucilactobacillus hokkaidonensis	1193095	S	1	0	1	0.0000208886
Carnobacterium divergens	2748	S	1	0	1	0.0000208886
Jeotgalibaca dankookensis	708126	S	1	0	1	0.0000208886
Jeotgalibaca sp. PTS2502	1903686	S	1	0	1	0.0000208886
Enterococcus hirae	1354	S	1	0	1	0.0000208886
Enterococcus wangshanyuanii	2005703	S	1	0	1	0.0000208886
Vagococcus hydrophili	2714947	S	1	0	1	0.0000208886
Tetragenococcus halophilus	51669	S	1	0	1	0.0000208886
Tetragenococcus osmophilus	526944	S	1	0	1	0.0000208886
Aerococcus urinaehominis	128944	S	1	0	1	0.0000208886
Selenomonas ruminantium	971	S	1	0	1	0.0000208886
Megasphaera stantonii	2144175	S	1	0	1	0.0000208886
Veillonella dispar	39778	S	1	0	1	0.0000208886
Veillonella nakazawae	2682456	S	1	0	1	0.0000208886
Dialister pneumosintes	39950	S	1	0	1	0.0000208886
Erysipelothrix sp. HDW6A	2714928	S	1	0	1	0.0000208886
Erysipelothrix sp. HDW6B	2714929	S	1	0	1	0.0000208886
Erysipelothrix inopinata	225084	S	1	0	1	0.0000208886
Peptoniphilus harei	54005	S	1	0	1	0.0000208886
Anaerococcus prevotii	33034	S	1	0	1	0.0000208886
Parvimonas micra	33033	S	1	0	1	0.0000208886
Gudongella oleilytica	1582259	S	1	0	1	0.0000208886
Limnochorda pilosa	1555112	S	1	0	1	0.0000208886
Nostoc sp. PCC 7107	317936	S	1	0	1	0.0000208886
Calothrix sp. 336/3	1337936	S	1	0	1	0.0000208886
Anabaenopsis circularis	109266	S	1	0	1	0.0000208886
Brasilonema sennae	1397703	S	1	0	1	0.0000208886
Planktothrix agardhii	1160	S	1	0	1	0.0000208886
Trichodesmium erythraeum	1206	S	1	0	1	0.0000208886
Oxynema sp. AP17	2064643	S	1	0	1	0.0000208886
Geitlerinema sp. PCC 7407	1173025	S	1	0	1	0.0000208886
Crinalium epipsammum	241425	S	1	0	1	0.0000208886
Gloeocapsa sp. PCC 7428	1173026	S	1	0	1	0.0000208886
Gloeothece citriformis	2546356	S	1	0	1	0.0000208886
Gloeothece verrucosa	2546359	S	1	0	1	0.0000208886
Synechococcus sp. A15-62	1050657	S	1	0	1	0.0000208886
Synechococcus sp. BIOS-U3-1	1400865	S	1	0	1	0.0000208886
Synechococcus sp. NIES-970	1827144	S	1	0	1	0.0000208886
Synechococcus sp. PROS-9-1	1968775	S	1	0	1	0.0000208886
Synechococcus sp. SYN20	1050714	S	1	0	1	0.0000208886
Synechococcus sp. CBW1107	2789857	S	1	0	1	0.0000208886
Synechococcus sp. RS9909	221352	S	1	0	1	0.0000208886
Synechococcus sp. WH 8109	166314	S	1	0	1	0.0000208886
Cyanobium gracile	59930	S	1	0	1	0.0000208886
Cyanobium sp. NS01	261284	S	1	0	1	0.0000208886
Pseudanabaena sp. PCC 7367	82654	S	1	0	1	0.0000208886
Mycoplasma sp. Mirounga ES2805-ORL	754514	S	1	0	1	0.0000208886
Mycoplasma sp. (ex Biomphalaria glabrata)	1749074	S	1	0	1	0.0000208886
Mycoplasma sp. NEAQ87857	2683967	S	1	0	1	0.0000208886
Mycoplasma anseris	92400	S	1	0	1	0.0000208886
Mycoplasma orale	2121	S	1	0	1	0.0000208886
Mycoplasma wenyonii	65123	S	1	0	1	0.0000208886
Mycoplasma penetrans	28227	S	1	0	1	0.0000208886
Mycoplasma yeatsii	51365	S	1	0	1	0.0000208886
Mycoplasma hominis	2098	S	1	0	1	0.0000208886
Mycoplasma iowae	2116	S	1	0	1	0.0000208886
Mycoplasma crocodyli	50052	S	1	0	1	0.0000208886
Mycoplasma bovirhinis	29553	S	1	0	1	0.0000208886
Mycoplasma phocirhinis	142650	S	1	0	1	0.0000208886
Ureaplasma parvum	134821	S	1	0	1	0.0000208886
Spiroplasma tabanidicola	324079	S	1	0	1	0.0000208886
Spiroplasma eriocheiris	315358	S	1	0	1	0.0000208886
Spiroplasma helicoides	216938	S	1	0	1	0.0000208886
Spiroplasma corruscae	216934	S	1	0	1	0.0000208886
Spiroplasma alleghenense	216931	S	1	0	1	0.0000208886
Spiroplasma monobiae	2136	S	1	0	1	0.0000208886
Spiroplasma gladiatoris	2143	S	1	0	1	0.0000208886
Spiroplasma clarkii	2139	S	1	0	1	0.0000208886
Mesoplasma lactucae	138853	S	1	0	1	0.0000208886
Mesoplasma chauliocola	216427	S	1	0	1	0.0000208886
Mesoplasma tabanidae	219745	S	1	0	1	0.0000208886
Mesoplasma syrphidae	225999	S	1	0	1	0.0000208886
Acholeplasma hippikon	264636	S	1	0	1	0.0000208886
Candidatus Phytoplasma luffae	35773	S	1	0	1	0.0000208886
Candidatus Phytoplasma mali	37692	S	1	0	1	0.0000208886
Candidatus Izimaplasma sp. HR1	1541959	S	1	0	1	0.0000208886
Thermus brockianus	56956	S	1	0	1	0.0000208886
Marinithermus hydrothermalis	186192	S	1	0	1	0.0000208886
Deinococcus gobiensis	502394	S	1	0	1	0.0000208886
Deinococcus actinosclerus	1768108	S	1	0	1	0.0000208886
Deinococcus ficus	317577	S	1	0	1	0.0000208886
Roseiflexus castenholzii	120962	S	1	0	1	0.0000208886
Roseiflexus sp. RS-1	357808	S	1	0	1	0.0000208886
Dehalogenimonas lykanthroporepellens	552810	S	1	0	1	0.0000208886
Sphaerobacter thermophilus	2057	S	1	0	1	0.0000208886
Caldilinea aerophila	133453	S	1	0	1	0.0000208886
Polaribacter haliotis	1888915	S	1	0	1	0.0000208886
Capnocytophaga cynodegmi	28189	S	1	0	1	0.0000208886
Capnocytophaga endodontalis	2708117	S	1	0	1	0.0000208886
Nonlabens ponticola	2496866	S	1	0	1	0.0000208886
Gramella salexigens	1913577	S	1	0	1	0.0000208886
Gramella fulva	2126553	S	1	0	1	0.0000208886
Winogradskyella sediminis	1382466	S	1	0	1	0.0000208886
Winogradskyella forsetii	2686077	S	1	0	1	0.0000208886
Winogradskyella schleiferi	2686078	S	1	0	1	0.0000208886
Lacinutrix venerupis	1486034	S	1	0	1	0.0000208886
Cellulophaga lytica	979	S	1	0	1	0.0000208886
Psychroflexus sp. ALD_RP9	2777186	S	1	0	1	0.0000208886
Dokdonia sp. MED134	313590	S	1	0	1	0.0000208886
Dokdonia sp. 4H-3-7-5	983548	S	1	0	1	0.0000208886
Olleya aquimaris	639310	S	1	0	1	0.0000208886
Aureitalea sp. RR4-38	2094025	S	1	0	1	0.0000208886
Seonamhaeicola sp. S2-3	1936081	S	1	0	1	0.0000208886
Sediminicola sp. YIK13	1453352	S	1	0	1	0.0000208886
Costertonia aggregata	343403	S	1	0	1	0.0000208886
Chryseobacterium sp.	1871047	S	1	0	1	0.0000208886
Chryseobacterium sp. T16E-39	2015076	S	1	0	1	0.0000208886
Chryseobacterium piperi	558152	S	1	0	1	0.0000208886
Chryseobacterium joostei	112234	S	1	0	1	0.0000208886
Chryseobacterium taklimakanense	536441	S	1	0	1	0.0000208886
Riemerella anatipestifer	34085	S	1	0	1	0.0000208886
Blattabacterium sp. (Mastotermes darwiniensis)	39768	S	1	0	1	0.0000208886
Blattabacterium sp. (Cryptocercus kyebangensis)	298656	S	1	0	1	0.0000208886
Bacteroides zoogleoformans	28119	S	1	0	1	0.0000208886
Prevotella sp. oral taxon 299	652716	S	1	0	1	0.0000208886
Prevotella intermedia	28131	S	1	0	1	0.0000208886
Alistipes megaguti	2364787	S	1	0	1	0.0000208886
Alistipes sp. dk3624	2662363	S	1	0	1	0.0000208886
Proteiniphilum saccharofermentans	1642647	S	1	0	1	0.0000208886
Muribaculum intestinale	1796646	S	1	0	1	0.0000208886
Sodaliphilus pleomorphus	2606626	S	1	0	1	0.0000208886
Salinivirga cyanobacteriivorans	1307839	S	1	0	1	0.0000208886
Draconibacterium sp. M1	2706887	S	1	0	1	0.0000208886
Labilibaculum antarcticum	1717717	S	1	0	1	0.0000208886
Sphingobacterium psychroaquaticum	561061	S	1	0	1	0.0000208886
Sphingobacterium hotanense	649196	S	1	0	1	0.0000208886
Fibrella aestuarina	651143	S	1	0	1	0.0000208886
Hymenobacter sp. PAMC 26628	1484118	S	1	0	1	0.0000208886
Hymenobacter sp. TS19	2735321	S	1	0	1	0.0000208886
Hymenobacter sedentarius	1411621	S	1	0	1	0.0000208886
Hymenobacter swuensis	1446467	S	1	0	1	0.0000208886
Hymenobacter russus	2724192	S	1	0	1	0.0000208886
Pontibacter actiniarum	323450	S	1	0	1	0.0000208886
Pontibacter pudoricolor	2694930	S	1	0	1	0.0000208886
Rufibacter radiotolerans	1379910	S	1	0	1	0.0000208886
Nibribacter ruber	2698458	S	1	0	1	0.0000208886
Echinicola sp. LN3S3	2591634	S	1	0	1	0.0000208886
Cardinium endosymbiont of Sogatella furcifera	650378	S	1	0	1	0.0000208886
Candidatus Cardinium hertigii	247481	S	1	0	1	0.0000208886
Candidatus Amoebophilus asiaticus	281120	S	1	0	1	0.0000208886
Chitinophaga alhagiae	2203219	S	1	0	1	0.0000208886
Arachidicoccus soli	2341117	S	1	0	1	0.0000208886
Chlorobium limicola	1092	S	1	0	1	0.0000208886
Pelodictyon phaeoclathratiforme	34090	S	1	0	1	0.0000208886
Prosthecochloris sp. CIB 2401	1868325	S	1	0	1	0.0000208886
Prosthecochloris sp. HL-130-GSB	1974213	S	1	0	1	0.0000208886
Ignavibacterium album	591197	S	1	0	1	0.0000208886
Candidatus Cyclonatronum proteinivorum	1457365	S	1	0	1	0.0000208886
Bythopirellula goksoyri	1400387	S	1	0	1	0.0000208886
Aeoliella mucimassa	2527972	S	1	0	1	0.0000208886
Stieleria maiorica	2795974	S	1	0	1	0.0000208886
Mariniblastus fucicola	980251	S	1	0	1	0.0000208886
Calycomorphotria hydatis	2528027	S	1	0	1	0.0000208886
Thalassoglobus polymorphus	2527994	S	1	0	1	0.0000208886
Isosphaera pallida	128	S	1	0	1	0.0000208886
Poriferisphaera corsica	2528020	S	1	0	1	0.0000208886
Candidatus Kuenenia stuttgartiensis	174633	S	1	0	1	0.0000208886
Candidatus Xiphinematobacter sp. Idaho Grape	1704307	S	1	0	1	0.0000208886
Parachlamydia acanthamoebae	83552	S	1	0	1	0.0000208886
Waddlia chondrophila	71667	S	1	0	1	0.0000208886
Chlamydia caviae	83557	S	1	0	1	0.0000208886
Terriglobus saanensis	870903	S	1	0	1	0.0000208886
Terriglobus albidus	1592106	S	1	0	1	0.0000208886
Candidatus Koribacter versatilis	658062	S	1	0	1	0.0000208886
Thermotomaculum hydrothermale	981385	S	1	0	1	0.0000208886
Treponema azotonutricium	150829	S	1	0	1	0.0000208886
Treponema pedis	409322	S	1	0	1	0.0000208886
Treponema ruminis	744515	S	1	0	1	0.0000208886
Spirochaeta africana	46355	S	1	0	1	0.0000208886
Borrelia crocidurae	29520	S	1	0	1	0.0000208886
Borrelia miyamotoi	47466	S	1	0	1	0.0000208886
Borrelia sp. A-FGy1	2608247	S	1	0	1	0.0000208886
Borreliella afzelii	29518	S	1	0	1	0.0000208886
Borreliella bissettiae	64897	S	1	0	1	0.0000208886
Leptospira tipperaryensis	2564040	S	1	0	1	0.0000208886
Brachyspira hyodysenteriae	159	S	1	0	1	0.0000208886
Brachyspira murdochii	84378	S	1	0	1	0.0000208886
Brachyspira hampsonii	1287055	S	1	0	1	0.0000208886
Fusobacterium varium	856	S	1	0	1	0.0000208886
Leptotrichia sp. oral taxon 212	712357	S	1	0	1	0.0000208886
Leptotrichia sp. oral taxon 498	712368	S	1	0	1	0.0000208886
Leptotrichia sp. oral taxon 847	1785996	S	1	0	1	0.0000208886
Leptotrichia shahii	157691	S	1	0	1	0.0000208886
Pseudoleptotrichia goodfellowii	157692	S	1	0	1	0.0000208886
Pseudothermotoga thermarum	119394	S	1	0	1	0.0000208886
Defluviitoga tunisiensis	1006576	S	1	0	1	0.0000208886
Tepiditoga spiralis	2108365	S	1	0	1	0.0000208886
Kosmotoga olearia	651457	S	1	0	1	0.0000208886
Candidatus Babela massiliensis	673862	S	1	0	1	0.0000208886
Sulfurihydrogenibium sp. YO3AOP1	436114	S	1	0	1	0.0000208886
Persephonella marina	309805	S	1	0	1	0.0000208886
Thermovibrio ammonificans	228745	S	1	0	1	0.0000208886
Aminobacterium colombiense	81468	S	1	0	1	0.0000208886
Cloacibacillus porcorum	1197717	S	1	0	1	0.0000208886
Fretibacterium fastidiosum	651822	S	1	0	1	0.0000208886
Isorropodon fossajaponicum symbiont	883811	S	1	0	1	0.0000208886
Thermodesulfobacterium commune	1741	S	1	0	1	0.0000208886
Thermodesulfobacterium geofontis	1295609	S	1	0	1	0.0000208886
Caldithrix abyssi	187145	S	1	0	1	0.0000208886
Coprothermobacter proteolyticus	35786	S	1	0	1	0.0000208886
Caldisericum exile	693075	S	1	0	1	0.0000208886
Deferribacter desulfuricans	197162	S	1	0	1	0.0000208886
Methanosarcina sp. WWM596	1434103	S	1	0	1	0.0000208886
Methanosarcina flavescens	1715806	S	1	0	1	0.0000208886
Methanolobus zinderi	536044	S	1	0	1	0.0000208886
Methanohalobium evestigatum	2322	S	1	0	1	0.0000208886
Methanoregula boonei	358766	S	1	0	1	0.0000208886
Halopiger xanaduensis	387343	S	1	0	1	0.0000208886
Salinarchaeum sp. Harcht-Bsk1	1333523	S	1	0	1	0.0000208886
Haloarcula taiwanensis	1932004	S	1	0	1	0.0000208886
Halosimplex pelagicum	869886	S	1	0	1	0.0000208886
Halorientalis sp. IM1011	1932360	S	1	0	1	0.0000208886
Halobacterium sp. DL1	751944	S	1	0	1	0.0000208886
Haloplanus rallus	1816183	S	1	0	1	0.0000208886
Halorubrum sp. BOL3-1	2497325	S	1	0	1	0.0000208886
Salinigranum rubrum	755307	S	1	0	1	0.0000208886
Methanobrevibacter ruminantium	83816	S	1	0	1	0.0000208886
Methanobrevibacter olleyae	294671	S	1	0	1	0.0000208886
Methanobacterium lacus	877455	S	1	0	1	0.0000208886
Methanocaldococcus infernus	67760	S	1	0	1	0.0000208886
Methanocaldococcus fervens	83171	S	1	0	1	0.0000208886
Methanocaldococcus bathoardescens	1301915	S	1	0	1	0.0000208886
Methanothermococcus okinawensis	155863	S	1	0	1	0.0000208886
Methanofervidicoccus sp. A16	2607662	S	1	0	1	0.0000208886
Pyrococcus kukulkanii	1609559	S	1	0	1	0.0000208886
Pyrococcus sp. 12/1	758582	S	1	0	1	0.0000208886
Nitrosopumilus maritimus	338192	S	1	0	1	0.0000208886
Nitrosopumilus ureiphilus	1470067	S	1	0	1	0.0000208886
Nitrosopumilus adriaticus	1580092	S	1	0	1	0.0000208886
Candidatus Nitrososphaera evergladensis	1459637	S	1	0	1	0.0000208886
Acidianus manzaensis	282676	S	1	0	1	0.0000208886
Pyrobaculum aerophilum	13773	S	1	0	1	0.0000208886
Thermofilum adornatum	1365176	S	1	0	1	0.0000208886
Candidatus Mancarchaeum acidiphilum	1920749	S	1	0	1	0.0000208886
Serratia phage Eta	1282995	S	1	0	1	0.0000208886
Streptomyces phage Annadreamy	2250335	S	1	0	1	0.0000208886
Rhodococcus phage Jace	2182360	S	1	0	1	0.0000208886
Propionibacterium phage Moyashi	1654781	S	1	0	1	0.0000208886
Propionibacterium phage PA1-14	1747271	S	1	0	1	0.0000208886
Propionibacterium virus PHL152M00	1982295	S	1	0	1	0.0000208886
Propionibacterium virus PHL041M10	1982276	S	1	0	1	0.0000208886
Propionibacterium virus PHL114L00	1982287	S	1	0	1	0.0000208886
Propionibacterium virus PHL071N05	1982280	S	1	0	1	0.0000208886
Pseudomonas virus PaMx28	1982357	S	1	0	1	0.0000208886
Pseudomonas virus PaMx74	1982358	S	1	0	1	0.0000208886
Microbacterium virus Eden	2734230	S	1	0	1	0.0000208886
Sinorhizobium phage PBC5	179237	S	1	0	1	0.0000208886
Rhodoferax phage P26218	1636270	S	1	0	1	0.0000208886
Burkholderia virus BcepC6B	279280	S	1	0	1	0.0000208886
Enterobacter phage Arya	1864622	S	1	0	1	0.0000208886
Cyanophage S-RIM32	1278479	S	1	0	1	0.0000208886
Shewanella sp. phage 1/40	1458860	S	1	0	1	0.0000208886
Rhodothermus phage RM378	148943	S	1	0	1	0.0000208886
Aeromonas virus 56	2560283	S	1	0	1	0.0000208886
Prochlorococcus virus Syn1	2734151	S	1	0	1	0.0000208886
Synechococcus virus SCBWM1	2734084	S	1	0	1	0.0000208886
Synechococcus virus ACG2014bSyn7803C61	2734123	S	1	0	1	0.0000208886
Cronobacter virus GAP32	2560400	S	1	0	1	0.0000208886
Haliotid herpesvirus 1	1513231	S	1	0	1	0.0000208886
Aureococcus anophagefferens virus	1474867	S	1	0	1	0.0000208886
Micromonas pusilla virus 12T	755272	S	1	0	1	0.0000208886
Invertebrate iridovirus 22	1301279	S	1	0	1	0.0000208886
Invertebrate iridovirus 25	1301280	S	1	0	1	0.0000208886
Cafeteria roenbergensis virus	1513235	S	1	0	1	0.0000208886
Tanapox virus	99000	S	1	0	1	0.0000208886
African swine fever virus	10497	S	1	0	1	0.0000208886
Orgyia leucostigma nucleopolyhedrovirus	490711	S	1	0	1	0.0000208886
Leucania separata nucleopolyhedrovirus	1307956	S	1	0	1	0.0000208886
Spodoptera litura granulovirus	359919	S	1	0	1	0.0000208886
Hubei diptera virus 10	1922871	S	1	0	1	0.0000208886
Dickeya paradisiaca	69223	S	1	-1	0	0.0000000000
Afipia carboxidovorans	40137	S	11	-11	0	0.0000000000
Rickettsia massiliae	35791	S	1	-1	0	0.0000000000
Campylobacter pinnipediorum	1965231	S	1	-1	0	0.0000000000
Lawsonia intracellularis	29546	S	1	-1	0	0.0000000000
Mycolicibacterium gilvum	1804	S	1	-1	0	0.0000000000
Adlercreutzia equolifaciens	446660	S	1	-1	0	0.0000000000
Acetivibrio thermocellus	1515	S	1	-1	0	0.0000000000
Thermoclostridium stercorarium	1510	S	2	-2	0	0.0000000000
Desulfitobacterium hafniense	49338	S	7	-7	0	0.0000000000
Nodularia spumigena	70799	S	1	-1	0	0.0000000000
Rippkaea orientalis	2546366	S	3	-3	0	0.0000000000
Chloroflexus aurantiacus	1108	S	2	-2	0	0.0000000000
Leptospira biflexa	172	S	3	-3	0	0.0000000000
Brachyspira pilosicoli	52584	S	2	-2	0	0.0000000000
Methanosarcina thermophila	2210	S	1	-1	0	0.0000000000
Haloarcula hispanica	51589	S	2	-2	0	0.0000000000
