name	taxonomy_id	taxonomy_lvl	kraken_assigned_reads	added_reads	new_est_reads	fraction_total_reads
Klebsiella pneumoniae	573	S	835	3801	4636	0.1318843878
Cutibacterium acnes	1747	S	1385	225	1610	0.0458010924
Staphylococcus virus Andhra	2732591	S	880	0	880	0.0250341375
Acinetobacter junii	40215	S	750	117	867	0.0246643150
Diaphorobacter sp. HDW4A	2714924	S	390	152	542	0.0154187528
Rhodococcus qingshengii	334542	S	72	306	378	0.0107533000
Variovorax boronicumulans	436515	S	242	132	374	0.0106395084
Anabaena sp. YBS01	2490939	S	18	314	332	0.0094446973
Xanthomonas euvesicatoria	456327	S	10	292	302	0.0085912608
Rhodococcus erythropolis	1833	S	73	216	289	0.0082214383
Streptomyces lividans	1916	S	125	164	289	0.0082214383
Staphylococcus sp. T93	2799681	S	3	284	287	0.0081645426
Acidovorax sp. KKS102	358220	S	219	61	280	0.0079654074
Acidovorax sp. JMULE5	2518343	S	234	33	267	0.0075955849
Pseudomonas aeruginosa	287	S	57	204	261	0.0074248976
Variovorax paradoxus	34073	S	208	48	256	0.0072826582
Paenibacillus larvae	1464	S	1	200	201	0.0057180246
Staphylococcus aureus	1280	S	27	172	199	0.0056611288
Ottowia oryzae	2109914	S	182	12	194	0.0055188894
Janthinobacterium agaricidamnosum	55508	S	59	111	170	0.0048361402
Delftia sp. KV29	1170710	S	3	165	168	0.0047792444
Lysobacter enzymogenes	69	S	162	6	168	0.0047792444
Acidovorax sp. T1	1858609	S	72	92	164	0.0046654529
Janthinobacterium sp. HH102	1537274	S	57	102	159	0.0045232135
Delftia acidovorans	80866	S	59	94	153	0.0043525262
Rhodococcus sp. 008	1723645	S	27	118	145	0.0041249431
Variovorax sp. 38R	2774875	S	78	66	144	0.0040964952
Rhodococcus sp. YL-1	1045808	S	32	112	144	0.0040964952
Alicycliphilus denitrificans	179636	S	65	77	142	0.0040395995
Acidovorax sp. JS42	232721	S	12	127	139	0.0039542558
Diaphorobacter aerolatus	1288495	S	91	48	139	0.0039542558
Cloacibacterium normanense	237258	S	116	17	133	0.0037835685
Priestia megaterium	1404	S	107	21	128	0.0036413291
Salmonella enterica	28901	S	13	106	119	0.0033852981
Klebsiella grimontii	2058152	S	27	83	110	0.0031292672
Variovorax sp. PAMC26660	2762322	S	91	15	106	0.0030154756
Paenarthrobacter sp. YJN-D	2735317	S	88	18	106	0.0030154756
Dermacoccus nishinomiyaensis	1274	S	95	11	106	0.0030154756
Cereibacter sphaeroides	1063	S	26	78	104	0.0029585799
Rhizobacter sp. AJA081-3	2753607	S	91	11	102	0.0029016841
Flavobacterium phage vB_FspS_filifjonk9-1	2686245	S	44	58	102	0.0029016841
Diaphorobacter sp. JS3050	2735554	S	8	90	98	0.0027878926
Rhodococcus sp. NJ-530	2490853	S	19	77	96	0.0027309968
Staphylococcus cohnii	29382	S	76	20	96	0.0027309968
Propionibacterium sp. oral taxon 193	671223	S	90	5	95	0.0027025489
Pseudomonas sp. CMR12a	658629	S	65	29	94	0.0026741010
Stenotrophomonas maltophilia	40324	S	51	43	94	0.0026741010
Polynucleobacter difficilis	556054	S	90	3	93	0.0026456532
Halomonas sp. JS92-SW72	2306583	S	92	1	93	0.0026456532
Variovorax sp. PBL-H6	434009	S	24	68	92	0.0026172053
Burkholderia pseudomallei	28450	S	17	75	92	0.0026172053
Acidovorax carolinensis	553814	S	66	25	91	0.0025887574
Thiomonas sp. CB2	554131	S	1	89	90	0.0025603095
Janthinobacterium sp. LM6	1938606	S	61	26	87	0.0024749659
Moraxella osloensis	34062	S	83	4	87	0.0024749659
Sphingobium yanoikuyae	13690	S	39	48	87	0.0024749659
Kinneretia sp. DAIF2	2714952	S	77	8	85	0.0024180701
Acinetobacter baumannii	470	S	14	69	83	0.0023611743
Rhodoferax koreense	1842727	S	62	19	81	0.0023042786
Microbacterium sp. PM5	2014534	S	68	10	78	0.0022189349
Limnohabitans sp. 63ED37-2	1678128	S	73	3	76	0.0021620391
Staphylococcus epidermidis	1282	S	47	29	76	0.0021620391
Sphingomonas melonis	152682	S	23	52	75	0.0021335913
Janthinobacterium lividum	29581	S	33	41	74	0.0021051434
Paucibacter sp. KCTC 42545	1768242	S	65	7	72	0.0020482476
Variovorax sp. WDL1	207745	S	27	44	71	0.0020197997
Acinetobacter sp.	472	S	2	69	71	0.0020197997
Comamonas testosteroni	285	S	44	26	70	0.0019913518
Acinetobacter johnsonii	40214	S	25	45	70	0.0019913518
Rhizobacter gummiphilus	946333	S	63	6	69	0.0019629040
Lactococcus lactis	1358	S	15	54	69	0.0019629040
Escherichia coli	562	S	8	58	66	0.0018775603
Variovorax sp. PBL-E5	434014	S	8	57	65	0.0018491124
Flavobacterium psychrophilum	96345	S	37	28	65	0.0018491124
Aquabacterium olei	1296669	S	56	8	64	0.0018206645
Janthinobacterium svalbardensis	368607	S	45	18	63	0.0017922167
Thiomonas sp. OC7	2493107	S	1	62	63	0.0017922167
Methylorubrum populi	223967	S	44	18	62	0.0017637688
Comamonas aquatica	225991	S	53	8	61	0.0017353209
Curvibacter sp. AEP1-3	1844971	S	60	1	61	0.0017353209
blood disease bacterium A2-HR MARDI	1944648	S	6	55	61	0.0017353209
Spirosoma sp. KUDC1026	2745947	S	59	2	61	0.0017353209
Methylorubrum extorquens	408	S	28	32	60	0.0017068730
Methylobacterium sp. XJLW	739141	S	6	52	58	0.0016499772
Rhodoferax sp. AJA081-3	2752316	S	53	3	56	0.0015930815
Janthinobacterium sp. PLB02	2808899	S	19	37	56	0.0015930815
Acidovorax sp. 1608163	2478662	S	51	4	55	0.0015646336
Acidovorax sp. RAC01	1842533	S	44	11	55	0.0015646336
Rhodoferax sediminis	2509614	S	52	3	55	0.0015646336
Nostoc carneum	374162	S	10	44	54	0.0015361857
Clostridium botulinum	1491	S	38	15	53	0.0015077378
Hydrogenophaga sp. PBL-H3	434010	S	35	17	52	0.0014792899
Janthinobacterium tructae	2590869	S	37	15	52	0.0014792899
Cupriavidus taiwanensis	164546	S	29	23	52	0.0014792899
Janthinobacterium sp. 1_2014MBL_MicDiv	1644131	S	43	8	51	0.0014508421
Bacillus cereus	1396	S	25	26	51	0.0014508421
Variovorax sp. PAMC 28711	1795631	S	47	3	50	0.0014223942
Ralstonia solanacearum	305	S	32	18	50	0.0014223942
Urbifossiella limnaea	2528023	S	46	4	50	0.0014223942
Delftia lacustris	558537	S	9	40	49	0.0013939463
Oscillatoria nigro-viridis	482564	S	48	1	49	0.0013939463
Myroides odoratimimus	76832	S	22	27	49	0.0013939463
Pseudomonas fluorescens	294	S	33	15	48	0.0013654984
Pedobacter sp. SW-16	2766984	S	39	9	48	0.0013654984
Variovorax sp. SRS16	282217	S	7	40	47	0.0013370505
Sphingorhabdus lacus	392610	S	47	0	47	0.0013370505
Sphaerotilus natans	34103	S	39	7	46	0.0013086026
Rhodopseudomonas palustris	1076	S	35	11	46	0.0013086026
Pedobacter roseus	336820	S	30	16	46	0.0013086026
Hydrogenophaga sp. BPS33	2651974	S	35	10	45	0.0012801548
Leptothrix cholodnii	34029	S	39	6	45	0.0012801548
Mitsuaria sp. 7	1658665	S	40	4	44	0.0012517069
Rubrivivax gelatinosus	28068	S	38	6	44	0.0012517069
Achromobacter xylosoxidans	85698	S	23	21	44	0.0012517069
Ramlibacter tataouinensis	94132	S	40	2	42	0.0011948111
Schlegelella thermodepolymerans	215580	S	37	5	42	0.0011948111
Flavobacterium phage vB_FspS_tooticki6-1	2686279	S	11	31	42	0.0011948111
Tabrizicola piscis	2494374	S	40	1	41	0.0011663632
Bradyrhizobium diazoefficiens	1355477	S	17	23	40	0.0011379153
Variovorax sp. PAMC28562	2762323	S	38	1	39	0.0011094675
Simplicispira suum	2109915	S	33	6	39	0.0011094675
Azospirillum brasilense	192	S	22	17	39	0.0011094675
Variovorax sp. RA8	662548	S	22	16	38	0.0010810196
Nostoc sp. PCC 7524	28072	S	35	3	38	0.0010810196
Rhodoferax saidenbachensis	1484693	S	35	2	37	0.0010525717
Pseudomonas stutzeri	316	S	31	6	37	0.0010525717
Microbacterium hominis	162426	S	29	8	37	0.0010525717
Candidatus Planktophila sulfonica	1884904	S	36	1	37	0.0010525717
Chryseobacterium manosquense	2754694	S	13	24	37	0.0010525717
Hydrogenophaga sp. NH-16	2184519	S	19	17	36	0.0010241238
Pseudomonas putida	303	S	22	14	36	0.0010241238
Rhodococcus sp. H-CA8f	1727214	S	8	28	36	0.0010241238
Diaphorobacter sp. JS3051	2792224	S	3	32	35	0.0009956759
Inhella inkyongensis	392593	S	33	2	35	0.0009956759
Comamonas thiooxydans	363952	S	22	12	34	0.0009672280
Haemophilus parainfluenzae	729	S	30	4	34	0.0009672280
Rhodococcus sp. AQ5-07	2054902	S	9	25	34	0.0009672280
Pedobacter sp. G11	2482728	S	29	5	34	0.0009672280
Bradyrhizobium elkanii	29448	S	1	32	33	0.0009387802
Rhodococcus sp. BH4	1807790	S	6	27	33	0.0009387802
Kaistella jeonii	266749	S	31	2	33	0.0009387802
Limnoglobus roseus	2598579	S	32	1	33	0.0009387802
Polaromonas naphthalenivorans	216465	S	30	2	32	0.0009103323
Halomonas sp. 'Soap Lake #7'	1962264	S	1	31	32	0.0009103323
Delftia tsuruhatensis	180282	S	7	24	31	0.0008818844
Bradyrhizobium sp. CCBAU 51765	1325102	S	24	7	31	0.0008818844
Sphingobium amiense	135719	S	11	20	31	0.0008818844
Frigoriglobus tundricola	2774151	S	28	3	31	0.0008818844
Hydrogenophaga sp. RAC07	1842537	S	25	5	30	0.0008534365
Methylibium sp. T29	1430884	S	7	23	30	0.0008534365
Bradyrhizobium erythrophlei	1437360	S	28	1	29	0.0008249886
Bosea sp. ANAM02	2020412	S	24	5	29	0.0008249886
Methylobacterium sp. 17Sr1-43	2202828	S	26	3	29	0.0008249886
Acidovorax avenae	80867	S	22	6	28	0.0007965407
Hydrogenophaga sp. BA0156	2716225	S	22	6	28	0.0007965407
Methylibium petroleiphilum	105560	S	15	13	28	0.0007965407
Bradyrhizobium lablabi	722472	S	10	18	28	0.0007965407
Methylobacterium oryzae	334852	S	3	25	28	0.0007965407
Staphylococcus capitis	29388	S	23	5	28	0.0007965407
Pedobacter sp. HDW13	2714940	S	24	4	28	0.0007965407
Gemmata massiliana	1210884	S	21	7	28	0.0007965407
Hydrogenophaga sp. YM1	2806262	S	22	5	27	0.0007680929
Melaminivora sp. SC2-9	2109913	S	21	6	27	0.0007680929
Pseudomonas citronellolis	53408	S	17	10	27	0.0007680929
Xanthomonas campestris	339	S	27	0	27	0.0007680929
Micrococcus luteus	1270	S	15	12	27	0.0007680929
Variovorax sp. HW608	1034889	S	25	1	26	0.0007396450
Polaromonas sp. E3S	1840265	S	2	24	26	0.0007396450
Methylibium sp. Pch-M	2082386	S	12	14	26	0.0007396450
Bosea sp. RAC05	1842539	S	22	4	26	0.0007396450
Sphingomonas koreensis	93064	S	16	10	26	0.0007396450
Variovorax sp. RKNM96	2681552	S	20	5	25	0.0007111971
Polaromonas sp. JS666	296591	S	25	0	25	0.0007111971
Sphingopyxis sp. EG6	1874061	S	19	6	25	0.0007111971
Flavobacterium johnsoniae	986	S	19	6	25	0.0007111971
Elizabethkingia bruuniana	1756149	S	6	19	25	0.0007111971
Cupriavidus necator	106590	S	20	4	24	0.0006827492
Cupriavidus basilensis	68895	S	19	5	24	0.0006827492
Serratia marcescens	615	S	18	6	24	0.0006827492
Aeromonas salmonicida	645	S	17	7	24	0.0006827492
Mesorhizobium sp. Pch-S	2082387	S	23	1	24	0.0006827492
Sphingopyxis macrogoltabida	33050	S	18	6	24	0.0006827492
Mycobacteroides chelonae	1774	S	12	12	24	0.0006827492
Streptococcus thermophilus	1308	S	19	5	24	0.0006827492
Pseudobacter ginsenosidimutans	661488	S	22	2	24	0.0006827492
Variovorax sp. PBS-H4	434008	S	17	6	23	0.0006543013
Collimonas arenae	279058	S	21	2	23	0.0006543013
Roseateles depolymerans	76731	S	21	2	23	0.0006543013
Pseudomonas alcaligenes	43263	S	21	2	23	0.0006543013
Bradyrhizobium sp. CCBAU 051011	858422	S	20	3	23	0.0006543013
Bradyrhizobium guangdongense	1325090	S	12	11	23	0.0006543013
Methylobacterium durans	2202825	S	22	1	23	0.0006543013
Sphingomonas sp. DH-S5	2759526	S	22	1	23	0.0006543013
Brevundimonas vesicularis	41276	S	10	13	23	0.0006543013
Corynebacterium jeikeium	38289	S	14	9	23	0.0006543013
Thermus scotoductus	37636	S	19	4	23	0.0006543013
Acidovorax antarcticus	2743470	S	19	3	22	0.0006258534
Acidovorax citrulli	80869	S	15	7	22	0.0006258534
Xylophilus rhododendri	2697032	S	20	2	22	0.0006258534
Acinetobacter ursingii	108980	S	17	5	22	0.0006258534
Bradyrhizobium paxllaeri	190148	S	19	3	22	0.0006258534
Gemmobacter sp. HYN0069	2169400	S	21	1	22	0.0006258534
Caulobacter vibrioides	155892	S	20	2	22	0.0006258534
Rothia dentocariosa	2047	S	21	1	22	0.0006258534
Kocuria rhizophila	72000	S	13	9	22	0.0006258534
Blattabacterium cuenoti	1653831	S	17	5	22	0.0006258534
Pedobacter sp. JBR3-12	2789740	S	20	2	22	0.0006258534
Luteolibacter luteus	2728835	S	22	0	22	0.0006258534
Rhodoferax sp. BAB1	2741720	S	19	2	21	0.0005974056
Hydrogenophaga sp. PBC	795665	S	16	5	21	0.0005974056
Comamonas kerstersii	225992	S	18	3	21	0.0005974056
Polynucleobacter necessarius	576610	S	20	1	21	0.0005974056
Vibrio anguillarum	55601	S	20	1	21	0.0005974056
Methylomonas sp. LL1	2785785	S	21	0	21	0.0005974056
Tardiphaga robiniae	943830	S	20	1	21	0.0005974056
Flavobacterium sp. Sr18	935222	S	19	2	21	0.0005974056
Acidovorax ebreus	721785	S	3	17	20	0.0005689577
Rhodoferax antarcticus	81479	S	20	0	20	0.0005689577
Burkholderia gladioli	28095	S	18	2	20	0.0005689577
Bordetella parapertussis	519	S	6	14	20	0.0005689577
Pseudomonas tolaasii	29442	S	13	7	20	0.0005689577
Methylobacterium aquaticum	270351	S	17	3	20	0.0005689577
Methylobacterium indicum	1775910	S	17	3	20	0.0005689577
Sorangium cellulosum	56	S	18	2	20	0.0005689577
Enterococcus faecalis	1351	S	16	4	20	0.0005689577
Anabaena sp. 90	46234	S	1	19	20	0.0005689577
Chryseobacterium aureum	2497456	S	17	3	20	0.0005689577
Aquirufa nivalisilvae	2516557	S	19	1	20	0.0005689577
Collimonas fungivorans	158899	S	17	2	19	0.0005405098
Pseudomonas chlororaphis	587753	S	15	4	19	0.0005405098
Sphingopyxis sp. 113P3	292913	S	13	6	19	0.0005405098
Nostoc sp. NIES-4103	2005458	S	18	1	19	0.0005405098
Nostoc sp. TCL240-02	2572090	S	11	8	19	0.0005405098
Flavobacterium nackdongense	2547394	S	18	1	19	0.0005405098
Roseimicrobium sp. ORNL1	2711231	S	19	0	19	0.0005405098
Hydrogenophaga crassostreae	1763535	S	18	0	18	0.0005120619
Cupriavidus metallidurans	119219	S	12	6	18	0.0005120619
Bordetella hinzii	103855	S	16	2	18	0.0005120619
Sphingopyxis lindanitolerans	2054227	S	14	4	18	0.0005120619
Enterococcus cecorum	44008	S	17	1	18	0.0005120619
Flavobacterium sp. KBS0721	1179672	S	12	6	18	0.0005120619
Flavobacterium columnare	996	S	14	4	18	0.0005120619
Pedobacter sp. KBS0701	2578106	S	14	4	18	0.0005120619
Verrucomicrobium spinosum	2736	S	17	1	18	0.0005120619
Verminephrobacter eiseniae	364317	S	17	0	17	0.0004836140
Pulveribacter suum	2116657	S	16	1	17	0.0004836140
Buchnera aphidicola	9	S	17	0	17	0.0004836140
Methylorubrum zatmanii	29429	S	2	15	17	0.0004836140
Agrobacterium tumefaciens	358	S	10	7	17	0.0004836140
Sphingomonas sp. PAMC26645	2565555	S	15	2	17	0.0004836140
Sphingomonas sp. FARSPH	2219696	S	11	6	17	0.0004836140
Novosphingobium ginsenosidimutans	1176536	S	17	0	17	0.0004836140
Corynebacterium matruchotii	43768	S	17	0	17	0.0004836140
Micrococcus sp. KBS0714	1179670	S	2	15	17	0.0004836140
Staphylococcus hominis	1290	S	15	2	17	0.0004836140
Limosilactobacillus fermentum	1613	S	14	3	17	0.0004836140
Flavobacterium sp. SLB02	2665645	S	12	5	17	0.0004836140
Gemmata obscuriglobus	114	S	16	1	17	0.0004836140
Acidovorax sp. HDW3	2714923	S	15	1	16	0.0004551661
Diaphorobacter ruginosibacter	1715720	S	16	0	16	0.0004551661
Rhodoferax ferrireducens	192843	S	16	0	16	0.0004551661
Hydrogenophaga pseudoflava	47421	S	10	6	16	0.0004551661
Ottowia sp. 27C	2816950	S	16	0	16	0.0004551661
Acinetobacter sp. MYb10	1827285	S	14	2	16	0.0004551661
Pseudomonas sp. MRSN12121	1611770	S	8	8	16	0.0004551661
Aeromonas sp. ASNIH4	1636609	S	7	9	16	0.0004551661
Bradyrhizobium sp. LCT2	2493093	S	4	12	16	0.0004551661
Methylobacterium currus	2051553	S	13	3	16	0.0004551661
Rhizobium phaseoli	396	S	7	9	16	0.0004551661
Rhizobium pusense	648995	S	4	12	16	0.0004551661
Hyphomicrobium denitrificans	53399	S	16	0	16	0.0004551661
Sphingomonas sanxanigenens	397260	S	11	5	16	0.0004551661
Sphingopyxis sp. FD7	1914525	S	12	4	16	0.0004551661
Novosphingobium sp. THN1	1016987	S	13	3	16	0.0004551661
Rhizorhabdus dicambivorans	1850238	S	7	9	16	0.0004551661
Croceicoccus marinus	450378	S	11	5	16	0.0004551661
Corynebacterium sp. L2-79-05	373068	S	2	14	16	0.0004551661
Tsukamurella paurometabola	2061	S	15	1	16	0.0004551661
Microbacterium lemovicicum	1072463	S	15	1	16	0.0004551661
Dolichospermum sp. UHCC 0315A	1914871	S	1	15	16	0.0004551661
Nibricoccus aquaticus	2576891	S	14	2	16	0.0004551661
Diaphorobacter polyhydroxybutyrativorans	1546149	S	3	12	15	0.0004267183
Hylemonella gracilis	80880	S	15	0	15	0.0004267183
Chromobacterium paludis	2605945	S	12	3	15	0.0004267183
Acinetobacter haemolyticus	29430	S	12	3	15	0.0004267183
Pseudomonas sp. Y39-6	2749807	S	4	11	15	0.0004267183
Enterobacter kobei	208224	S	2	13	15	0.0004267183
Pseudoxanthomonas mexicana	128785	S	14	1	15	0.0004267183
Bradyrhizobium genosp. L	83637	S	13	2	15	0.0004267183
Sinorhizobium fredii	380	S	6	9	15	0.0004267183
Sphingomonas sp. CL5.1	2653203	S	13	2	15	0.0004267183
Sphingomonas sp. AAP5	1523415	S	13	2	15	0.0004267183
Sphingomonas alpina	653931	S	15	0	15	0.0004267183
Sphingobium cloacae	120107	S	5	10	15	0.0004267183
Paracoccus yeei	147645	S	8	7	15	0.0004267183
Brevundimonas sp. SGAir0440	2579977	S	11	4	15	0.0004267183
Campylobacter sp. RM16704	1500960	S	14	1	15	0.0004267183
Corynebacterium kroppenstedtii	161879	S	15	0	15	0.0004267183
Corynebacterium tuberculostearicum	38304	S	13	2	15	0.0004267183
Corynebacterium kefirresidentii	1979527	S	13	2	15	0.0004267183
Gordonia polyisoprenivorans	84595	S	15	0	15	0.0004267183
Tsukamurella tyrosinosolvens	57704	S	14	1	15	0.0004267183
Nocardioides sp. dk884	2662361	S	10	5	15	0.0004267183
Curtobacterium flaccumfaciens	2035	S	13	2	15	0.0004267183
Streptomyces venezuelae	54571	S	15	0	15	0.0004267183
Bacillus thuringiensis	1428	S	6	9	15	0.0004267183
Streptococcus agalactiae	1311	S	2	13	15	0.0004267183
Calothrix brevissima	938406	S	8	7	15	0.0004267183
Chryseobacterium taklimakanense	536441	S	11	4	15	0.0004267183
Flavobacterium phage vB_FspS_snork6-1	2686270	S	2	13	15	0.0004267183
Human betaherpesvirus 7	10372	S	15	0	15	0.0004267183
Acidovorax monticola	1926868	S	13	1	14	0.0003982704
Burkholderia lata	482957	S	9	5	14	0.0003982704
Limnobacter sp. SAORIC-580	2732163	S	14	0	14	0.0003982704
Oryzomicrobium terrae	1735038	S	13	1	14	0.0003982704
Leclercia adecarboxylata	83655	S	6	8	14	0.0003982704
Bradyrhizobium sp. BTAi1	288000	S	13	1	14	0.0003982704
Bradyrhizobium sp. CCBAU 53340	1325112	S	9	5	14	0.0003982704
Bosea sp. PAMC 26642	1792307	S	13	1	14	0.0003982704
Bosea sp. F3-2	2599640	S	12	2	14	0.0003982704
Methylobacterium mesophilicum	39956	S	13	1	14	0.0003982704
Sphingomonas insulae	424800	S	14	0	14	0.0003982704
Sphingobium sp. YG1	2082188	S	10	4	14	0.0003982704
Novosphingobium pentaromativorans	205844	S	7	7	14	0.0003982704
Croceicoccus naphthovorans	1348774	S	6	8	14	0.0003982704
Paracoccus sanguinis	1545044	S	13	1	14	0.0003982704
Streptococcus infantarius	102684	S	6	8	14	0.0003982704
Megamonas funiformis	437897	S	14	0	14	0.0003982704
Flavobacterium sp. M31R6	2739062	S	13	1	14	0.0003982704
Flavobacterium sp. CLA17	2724135	S	12	2	14	0.0003982704
Hymenobacter sedentarius	1411621	S	14	0	14	0.0003982704
Filimonas lacunae	477680	S	12	2	14	0.0003982704
Caulifigura coniformis	2527983	S	14	0	14	0.0003982704
Opitutus sp. GAS368	1882749	S	10	4	14	0.0003982704
Diaphorobacter sp. HDW4B	2714925	S	13	0	13	0.0003698225
Comamonas koreensis	160825	S	11	2	13	0.0003698225
Burkholderia cenocepacia	95486	S	5	8	13	0.0003698225
Cupriavidus oxalaticus	96344	S	10	3	13	0.0003698225
Ralstonia insidiosa	190721	S	12	1	13	0.0003698225
Ralstonia mannitolilytica	105219	S	10	3	13	0.0003698225
Fluviibacter phosphoraccumulans	1751046	S	12	1	13	0.0003698225
Nitrosomonas sp. Is79A3	261292	S	13	0	13	0.0003698225
Acinetobacter lwoffii	28090	S	7	6	13	0.0003698225
Xanthomonas citri	346	S	12	1	13	0.0003698225
Bradyrhizobium sp.	376	S	4	9	13	0.0003698225
Bradyrhizobium icense	1274631	S	12	1	13	0.0003698225
Methylobacterium sp. WL1	2603276	S	12	1	13	0.0003698225
Mesorhizobium sp. L-8-10	2744523	S	5	8	13	0.0003698225
Sphingomonas panacisoli	1813879	S	13	0	13	0.0003698225
Sphingobium sp. TKS	1315974	S	5	8	13	0.0003698225
Sphingopyxis fribergensis	1515612	S	11	2	13	0.0003698225
Brevundimonas sp. LVF1	2774189	S	12	1	13	0.0003698225
Rhodococcus fascians	1828	S	13	0	13	0.0003698225
Corynebacterium segmentosum	43990	S	13	0	13	0.0003698225
Rothia mucilaginosa	43675	S	13	0	13	0.0003698225
Actinomyces oris	544580	S	7	6	13	0.0003698225
Caldibacillus thermoamylovorans	35841	S	13	0	13	0.0003698225
Calothrix sp. NIES-2098	1954171	S	9	4	13	0.0003698225
Flavobacterium sp. BB8	2816357	S	11	2	13	0.0003698225
Flavobacterium sp. I3-2	2748319	S	7	6	13	0.0003698225
Flavobacterium commune	1306519	S	12	1	13	0.0003698225
Gemmata sp. SH-PL17	1630693	S	10	3	13	0.0003698225
Flavobacterium phage vB_FspS_mymlan6-1	2686266	S	4	9	13	0.0003698225
Streptococcus phage SpSL1	1566990	S	1	12	13	0.0003698225
Paramecium bursaria Chlorella virus A1	381899	S	13	0	13	0.0003698225
Comamonas piscis	1562974	S	12	0	12	0.0003413746
Herbaspirillum rubrisubalbicans	80842	S	10	2	12	0.0003413746
Burkholderia cepacia	292	S	6	6	12	0.0003413746
Cupriavidus malaysiensis	367825	S	1	11	12	0.0003413746
Thiomonas intermedia	926	S	11	1	12	0.0003413746
Pseudomonas fulva	47880	S	2	10	12	0.0003413746
Enterobacter cloacae	550	S	4	8	12	0.0003413746
Bradyrhizobium sp. ORS 285	115808	S	10	2	12	0.0003413746
Bradyrhizobium sp. CCBAU 53351	1325114	S	7	5	12	0.0003413746
Bosea sp. Tri-49	1867715	S	11	1	12	0.0003413746
Methylobacterium sp. C1	1479019	S	3	9	12	0.0003413746
Rhizobium leguminosarum	384	S	9	3	12	0.0003413746
Sphingomonas sp. XS-10	2599297	S	12	0	12	0.0003413746
Sphingomonas sp. C33	2698679	S	12	0	12	0.0003413746
Sphingobium sp. SYK-6	627192	S	9	3	12	0.0003413746
Sphingobium hydrophobicum	1673076	S	6	6	12	0.0003413746
Sphingopyxis terrae	33052	S	10	2	12	0.0003413746
Porphyrobacter sp. CACIAM 03H1	2003315	S	10	2	12	0.0003413746
Labilithrix luteola	1391654	S	12	0	12	0.0003413746
Microbacterium aurum	36805	S	10	2	12	0.0003413746
Rathayibacter festucae	110937	S	6	6	12	0.0003413746
Staphylococcus simulans	1286	S	11	1	12	0.0003413746
Listeria monocytogenes	1639	S	9	3	12	0.0003413746
Faecalibacterium prausnitzii	853	S	7	5	12	0.0003413746
Nostoc sp. CENA543	1869241	S	12	0	12	0.0003413746
Flavobacterium indicum	312277	S	12	0	12	0.0003413746
Capnocytophaga sp. oral taxon 323	1705617	S	4	8	12	0.0003413746
Algibacter alginicilyticus	1736674	S	10	2	12	0.0003413746
Chryseobacterium indoltheticum	254	S	10	2	12	0.0003413746
Chryseobacterium indologenes	253	S	9	3	12	0.0003413746
Epilithonimonas vandammei	2487072	S	6	6	12	0.0003413746
Pedobacter suwonensis	332999	S	9	3	12	0.0003413746
Pirellula sp. SH-Sr6A	1632865	S	12	0	12	0.0003413746
Aureliella helgolandensis	2527968	S	11	1	12	0.0003413746
Fusobacterium nucleatum	851	S	11	1	12	0.0003413746
Hydrogenophaga sp. PAMC20947	2565558	S	11	0	11	0.0003129267
Massilia oculi	945844	S	10	1	11	0.0003129267
Massilia albidiflava	321983	S	8	3	11	0.0003129267
Ralstonia pickettii	329	S	9	2	11	0.0003129267
Thiomonas sp. X19	1050370	S	11	0	11	0.0003129267
Acinetobacter sp. WCHA45	2004644	S	6	5	11	0.0003129267
Lysobacter solisilvae	2763317	S	11	0	11	0.0003129267
Bradyrhizobium symbiodeficiens	1404367	S	9	2	11	0.0003129267
Methylobacterium sp. 4-46	426117	S	11	0	11	0.0003129267
Rhizobium sp. Khangiran2	1435607	S	5	6	11	0.0003129267
Shinella sp. HZN7	879274	S	8	3	11	0.0003129267
Devosia sp. A16	1736675	S	11	0	11	0.0003129267
Sphingopyxis sp. QXT-31	1357916	S	9	2	11	0.0003129267
Paracoccus sp. AK26	2589076	S	10	1	11	0.0003129267
Brevundimonas sp. M20	2591463	S	11	0	11	0.0003129267
Brevundimonas sp. GW460-12-10-14-LB2	1827469	S	6	5	11	0.0003129267
Brevundimonas sp. DS20	1532555	S	3	8	11	0.0003129267
Magnetospirillum magneticum	84159	S	9	2	11	0.0003129267
Haliangium ochraceum	80816	S	11	0	11	0.0003129267
Janibacter sp. YB324	2761047	S	9	2	11	0.0003129267
Bacillus velezensis	492670	S	3	8	11	0.0003129267
Sphaerospermopsis kisseleviana	289435	S	10	1	11	0.0003129267
Geminocystis sp. NIES-3708	1615909	S	11	0	11	0.0003129267
Winogradskyella schleiferi	2686078	S	7	4	11	0.0003129267
Chryseobacterium gallinarum	1324352	S	9	2	11	0.0003129267
Belliella baltica	232259	S	10	1	11	0.0003129267
Chitinophaga pinensis	79329	S	10	1	11	0.0003129267
Panacibacter ginsenosidivorans	1813871	S	11	0	11	0.0003129267
Paraflavitalea soli	2315862	S	10	1	11	0.0003129267
Limnohabitans sp. 103DPR2	1678129	S	10	0	10	0.0002844788
Serpentinomonas raichei	1458425	S	10	0	10	0.0002844788
Massilia violaceinigra	2045208	S	8	2	10	0.0002844788
Undibacterium sp. KW1	2058624	S	8	2	10	0.0002844788
Noviherbaspirillum sp. UKPF54	2601898	S	10	0	10	0.0002844788
Cupriavidus pauculus	82633	S	8	2	10	0.0002844788
Bordetella petrii	94624	S	7	3	10	0.0002844788
Achromobacter deleyi	1353891	S	4	6	10	0.0002844788
Pigmentiphaga sp. H8	2488560	S	10	0	10	0.0002844788
Methyloversatilis sp. RAC08	1842540	S	10	0	10	0.0002844788
Acinetobacter schindleri	108981	S	7	3	10	0.0002844788
Pseudomonas yamanorum	515393	S	9	1	10	0.0002844788
Xanthomonas hyacinthi	56455	S	10	0	10	0.0002844788
Bradyrhizobium sp. CCBAU 53421	1325120	S	8	2	10	0.0002844788
Bradyrhizobium sp. TM102	2599819	S	1	9	10	0.0002844788
Variibacter gotjawalensis	1333996	S	10	0	10	0.0002844788
Methylobacterium sp. DM1	2067957	S	3	7	10	0.0002844788
Aminobacter sp. MSH1	374606	S	7	3	10	0.0002844788
Sphingomonas panacis	1560345	S	10	0	10	0.0002844788
Sphingomonas hengshuiensis	1609977	S	10	0	10	0.0002844788
Novosphingobium aromaticivorans	48935	S	8	2	10	0.0002844788
Citromicrobium sp. JL477	1634516	S	8	2	10	0.0002844788
Porphyrobacter sp. LM 6	1896196	S	8	2	10	0.0002844788
Rhodobacter blasticus	1075	S	10	0	10	0.0002844788
Brevundimonas sp. MF30-B	2561924	S	10	0	10	0.0002844788
Caulobacter sp. FWC26	69665	S	9	1	10	0.0002844788
Azospirillum thermophilum	2202148	S	9	1	10	0.0002844788
Nitrospirillum amazonense	28077	S	10	0	10	0.0002844788
Roseomonas mucosa	207340	S	4	6	10	0.0002844788
Minicystis rosea	888845	S	10	0	10	0.0002844788
Corynebacterium lactis	1231000	S	10	0	10	0.0002844788
Gordonia sp. YC-JH1	2059875	S	8	2	10	0.0002844788
Microbacterium testaceum	2033	S	9	1	10	0.0002844788
Arthrobacter sp. Rue61a	1118963	S	4	6	10	0.0002844788
Phycicoccus sp. HDW14	2714941	S	9	1	10	0.0002844788
Brevibacterium casei	33889	S	9	1	10	0.0002844788
Streptococcus oralis	1303	S	7	3	10	0.0002844788
Paucilactobacillus hokkaidonensis	1193095	S	8	2	10	0.0002844788
Calothrix parasitica	1973486	S	10	0	10	0.0002844788
Fischerella sp. NIES-4106	2005456	S	10	0	10	0.0002844788
Flavobacterium sp. MDT1-60	1979344	S	8	2	10	0.0002844788
Flavobacterium crassostreae	1763534	S	9	1	10	0.0002844788
Flavobacterium nitrogenifigens	1617283	S	7	3	10	0.0002844788
Flavobacterium sediminis	2201181	S	6	4	10	0.0002844788
Formosa sp. L2A11	2686363	S	8	2	10	0.0002844788
Chryseobacterium sp. NEB161	2724619	S	6	4	10	0.0002844788
Riemerella anatipestifer	34085	S	4	6	10	0.0002844788
Sphingobacterium multivorum	28454	S	5	5	10	0.0002844788
Bacteroides uniformis	820	S	6	4	10	0.0002844788
Phocaeicola vulgatus	821	S	8	2	10	0.0002844788
Paludibacter propionicigenes	185300	S	10	0	10	0.0002844788
Planctomyces sp. SH-PL14	1632864	S	10	0	10	0.0002844788
Verrucomicrobium sp. GAS474	1882831	S	9	1	10	0.0002844788
Candidatus Solibacter usitatus	332163	S	10	0	10	0.0002844788
Duganella sp. GN2-R2	2728020	S	8	1	9	0.0002560310
Polynucleobacter asymbioticus	576611	S	9	0	9	0.0002560310
Pigmentiphaga aceris	1940612	S	9	0	9	0.0002560310
Neisseria sicca	490	S	7	2	9	0.0002560310
Vitreoscilla filiformis	63	S	9	0	9	0.0002560310
Azospira oryzae	146939	S	3	6	9	0.0002560310
Acinetobacter indicus	756892	S	7	2	9	0.0002560310
Pseudomonas monteilii	76759	S	5	4	9	0.0002560310
Pseudomonas syringae	317	S	5	4	9	0.0002560310
Escherichia fergusonii	564	S	3	6	9	0.0002560310
Actinobacillus pleuropneumoniae	715	S	7	2	9	0.0002560310
Aeromonas veronii	654	S	8	1	9	0.0002560310
Bradyrhizobium sp. CCBAU 51753	1325100	S	8	1	9	0.0002560310
Bradyrhizobium sp. SK17	2057741	S	7	2	9	0.0002560310
Pannonibacter phragmitetus	121719	S	5	4	9	0.0002560310
Brucella anthropi	529	S	3	6	9	0.0002560310
Sphingomonas sp. HMP6	1517551	S	9	0	9	0.0002560310
Sphingomonas sp. LM7	1938607	S	9	0	9	0.0002560310
Sphingomonas sp. HMP9	1517554	S	8	1	9	0.0002560310
Sphingomonas sp. MM-1	745310	S	4	5	9	0.0002560310
Sphingomonas taxi	1549858	S	9	0	9	0.0002560310
Sphingopyxis granuli	267128	S	2	7	9	0.0002560310
Sphingosinithalassobacter sp. CS137	2762748	S	9	0	9	0.0002560310
Porphyrobacter sp. HT-58-2	2023229	S	8	1	9	0.0002560310
Erythrobacter litoralis	39960	S	7	2	9	0.0002560310
Paracoccus denitrificans	266	S	8	1	9	0.0002560310
Brevundimonas diminuta	293	S	5	4	9	0.0002560310
Caulobacter henricii	69395	S	9	0	9	0.0002560310
Caulobacter flavus	1679497	S	9	0	9	0.0002560310
Sandaracinus amylolyticus	927083	S	9	0	9	0.0002560310
Sulfurospirillum sp. UCH001	1581011	S	7	2	9	0.0002560310
Bdellovibrio sp. NC01	2220073	S	9	0	9	0.0002560310
Mycolicibacterium gilvum	1804	S	8	1	9	0.0002560310
Cutibacterium granulosum	33011	S	9	0	9	0.0002560310
Nocardioides sp. S5	2017486	S	8	1	9	0.0002560310
Microbacterium oleivorans	273677	S	8	1	9	0.0002560310
Microterricola viridarii	412690	S	8	1	9	0.0002560310
Humibacter sp. BT305	2282656	S	1	8	9	0.0002560310
Arthrobacter agilis	37921	S	9	0	9	0.0002560310
Kocuria sp. TGY1120_3	2711329	S	6	3	9	0.0002560310
Candidatus Planktophila vernalis	1884907	S	9	0	9	0.0002560310
Candidatus Planktophila lacus	1884913	S	9	0	9	0.0002560310
Catenulispora acidiphila	304895	S	9	0	9	0.0002560310
Gordonibacter pamelaeae	471189	S	8	1	9	0.0002560310
Latilactobacillus sakei	1599	S	3	6	9	0.0002560310
Nostoc edaphicum	264686	S	8	1	9	0.0002560310
Chamaesiphon minutus	1173032	S	9	0	9	0.0002560310
Flavobacterium sp. 140616W15	2478552	S	8	1	9	0.0002560310
Flavobacterium branchiophilum	55197	S	9	0	9	0.0002560310
Flavobacterium crocinum	2183896	S	7	2	9	0.0002560310
Nonlabens dokdonensis	328515	S	6	3	9	0.0002560310
Chryseobacterium sp. POL2	2713414	S	7	2	9	0.0002560310
Chryseobacterium shandongense	1493872	S	6	3	9	0.0002560310
Pedobacter sp. CJ43	2605747	S	9	0	9	0.0002560310
Hymenobacter sp. APR13	1356852	S	8	1	9	0.0002560310
Lacibacter sp. S13-6-6	2760713	S	9	0	9	0.0002560310
Yellowstone lake phycodnavirus 2	1586714	S	9	0	9	0.0002560310
Rhodoferax sp. PAMC29310	2822760	S	8	0	8	0.0002275831
Massilia sp. LPB0304	2769491	S	6	2	8	0.0002275831
Herbaspirillum frisingense	92645	S	7	1	8	0.0002275831
Duganella sp. AF9R3	2728021	S	8	0	8	0.0002275831
Burkholderia multivorans	87883	S	6	2	8	0.0002275831
Burkholderia stabilis	95485	S	5	3	8	0.0002275831
Burkholderia vietnamiensis	60552	S	2	6	8	0.0002275831
Burkholderia sp. THE68	758782	S	8	0	8	0.0002275831
Cupriavidus campinensis	151783	S	6	2	8	0.0002275831
Polynucleobacter duraquae	1835254	S	8	0	8	0.0002275831
Ralstonia syzygii	28097	S	2	6	8	0.0002275831
Pandoraea thiooxydans	445709	S	8	0	8	0.0002275831
Caballeronia sp. SBC2	2705547	S	2	6	8	0.0002275831
Bordetella avium	521	S	8	0	8	0.0002275831
Achromobacter spanius	217203	S	7	1	8	0.0002275831
Achromobacter denitrificans	32002	S	5	3	8	0.0002275831
Neisseria elongata	495	S	7	1	8	0.0002275831
Azospira sp. I09	1765049	S	3	5	8	0.0002275831
Azoarcus communis	41977	S	7	1	8	0.0002275831
Methylophilus sp. TWE2	1662285	S	7	1	8	0.0002275831
Candidatus Accumulibacter phosphatis	327160	S	8	0	8	0.0002275831
Acinetobacter seifertii	1530123	S	5	3	8	0.0002275831
Acinetobacter venetianus	52133	S	8	0	8	0.0002275831
Pseudomonas rhodesiae	76760	S	7	1	8	0.0002275831
Raoultella planticola	575	S	6	2	8	0.0002275831
Ewingella americana	41202	S	8	0	8	0.0002275831
Morganella morganii	582	S	7	1	8	0.0002275831
Stenotrophomonas sp. CW117	2775920	S	1	7	8	0.0002275831
Shewanella violacea	60217	S	8	0	8	0.0002275831
Rheinheimera sp. LHK132	2498451	S	8	0	8	0.0002275831
Aeromonas caviae	648	S	3	5	8	0.0002275831
Bradyrhizobium sp. ORS 278	114615	S	7	1	8	0.0002275831
Methylobacterium brachiatum	269660	S	7	1	8	0.0002275831
Methylobacterium phyllosphaerae	418223	S	3	5	8	0.0002275831
Sphingopyxis sp. OPL5	2486273	S	7	1	8	0.0002275831
Sphingopyxis sp. PAMC25046	2565556	S	6	2	8	0.0002275831
Novosphingobium sp. Gsoil 351	2675225	S	8	0	8	0.0002275831
Novosphingobium sp. PP1Y	702113	S	6	2	8	0.0002275831
Porphyrobacter sp. YT40	2547601	S	5	3	8	0.0002275831
Pelagerythrobacter marensis	543877	S	8	0	8	0.0002275831
Sulfitobacter pseudonitzschiae	1402135	S	7	1	8	0.0002275831
Yoonia vestfoldensis	245188	S	7	1	8	0.0002275831
Brevundimonas naejangsanensis	588932	S	8	0	8	0.0002275831
Caulobacter segnis	88688	S	8	0	8	0.0002275831
Hypericibacter terrae	2602015	S	8	0	8	0.0002275831
Lichenicola cladoniae	1484109	S	8	0	8	0.0002275831
Corallococcus macrosporus	35	S	4	4	8	0.0002275831
Geobacter sp. SVR	2495594	S	8	0	8	0.0002275831
Campylobacter jejuni	197	S	3	5	8	0.0002275831
Rhodococcus ruber	1830	S	8	0	8	0.0002275831
Rhodococcus opacus	37919	S	6	2	8	0.0002275831
Nocardia cyriacigeorgica	135487	S	7	1	8	0.0002275831
Mycobacterium florentinum	292462	S	6	2	8	0.0002275831
Corynebacterium sanguinis	2594913	S	7	1	8	0.0002275831
Gordonia sp. JH63	2698900	S	4	4	8	0.0002275831
Microbacterium sp. RG1	2489212	S	8	0	8	0.0002275831
Frigoribacterium sp. NBH87	2596916	S	7	1	8	0.0002275831
Arthrobacter sp. ZXY-2	1806905	S	1	7	8	0.0002275831
Rothia amarae	169480	S	7	1	8	0.0002275831
Janibacter indicus	857417	S	7	1	8	0.0002275831
Brachybacterium faecium	43669	S	7	1	8	0.0002275831
Saccharothrix sp. 6-C	2781735	S	7	1	8	0.0002275831
Ilumatobacter coccineus	467094	S	8	0	8	0.0002275831
Bacillus vini	1476025	S	8	0	8	0.0002275831
Clostridium sp. CT4	2320868	S	8	0	8	0.0002275831
Clostridium perfringens	1502	S	6	2	8	0.0002275831
Clostridioides difficile	1496	S	6	2	8	0.0002275831
Thermaerobacter sp. PB12/4term	2293838	S	3	5	8	0.0002275831
Keratinibaculum paraultunense	1278232	S	8	0	8	0.0002275831
Flavobacterium sp. LPB0248	2614441	S	5	3	8	0.0002275831
Flavobacterium sangjuense	2518177	S	8	0	8	0.0002275831
Formosa sp. Hel1_33_131	1336794	S	7	1	8	0.0002275831
Tenacibaculum jejuense	584609	S	8	0	8	0.0002275831
Cellulophaga baltica	76594	S	8	0	8	0.0002275831
Chryseobacterium balustinum	246	S	6	2	8	0.0002275831
Spirosoma montaniterrae	1178516	S	8	0	8	0.0002275831
Chitinophaga sp. MD30	2033437	S	2	6	8	0.0002275831
Arachidicoccus sp. B3-10	2545455	S	8	0	8	0.0002275831
Bacteroides fragilis	817	S	5	3	8	0.0002275831
Gemmatimonas sp. TET16	2732249	S	8	0	8	0.0002275831
Candidatus Nanosynbacter lyticus	2093824	S	5	3	8	0.0002275831
Rhodoferax phage P26218	1636270	S	8	0	8	0.0002275831
Ottowia sp. oral taxon 894	1658672	S	7	0	7	0.0001991352
Delftia sp. HK171	1920191	S	2	5	7	0.0001991352
Comamonas serinivorans	1082851	S	7	0	7	0.0001991352
Serpentinomonas mccroryi	1458426	S	7	0	7	0.0001991352
Massilia plicata	321984	S	6	1	7	0.0001991352
Massilia umbonata	864828	S	5	2	7	0.0001991352
Burkholderia contaminans	488447	S	5	2	7	0.0001991352
Burkholderia sp. KK1	1855726	S	4	3	7	0.0001991352
Paraburkholderia tropica	92647	S	7	0	7	0.0001991352
Paraburkholderia aromaticivorans	2026199	S	6	1	7	0.0001991352
Bordetella genomosp. 9	1416803	S	7	0	7	0.0001991352
Pseudogulbenkiania sp. NH8B	748280	S	7	0	7	0.0001991352
Azoarcus olearius	418699	S	7	0	7	0.0001991352
Dechloromonas aromatica	259537	S	6	1	7	0.0001991352
Methylotenera mobilis	359408	S	6	1	7	0.0001991352
Sulfurimicrobium lacus	2715678	S	7	0	7	0.0001991352
Acinetobacter sp. TTH0-4	1646498	S	7	0	7	0.0001991352
Acinetobacter wuhouensis	1879050	S	6	1	7	0.0001991352
Psychrobacter sp. P11F6	1699621	S	6	1	7	0.0001991352
Pseudomonas orientalis	76758	S	7	0	7	0.0001991352
Pseudomonas syringae group genomosp. 3	251701	S	3	4	7	0.0001991352
Enterobacter hormaechei	158836	S	1	6	7	0.0001991352
Serratia proteamaculans	28151	S	7	0	7	0.0001991352
Pantoea stewartii	66269	S	7	0	7	0.0001991352
Pantoea dispersa	59814	S	6	1	7	0.0001991352
Lysobacter capsici	435897	S	7	0	7	0.0001991352
Bradyrhizobium sp. PSBB068	2715960	S	6	1	7	0.0001991352
Bradyrhizobium cosmicum	1404864	S	6	1	7	0.0001991352
Bradyrhizobium betae	244734	S	5	2	7	0.0001991352
Bradyrhizobium japonicum	375	S	4	3	7	0.0001991352
Microvirga ossetica	1882682	S	7	0	7	0.0001991352
Rhizobium etli	29449	S	4	3	7	0.0001991352
Mesorhizobium huakuii	28104	S	3	4	7	0.0001991352
Mesorhizobium ciceri	39645	S	3	4	7	0.0001991352
Pseudolabrys sp. FHR47	2562284	S	7	0	7	0.0001991352
Sphingomonas sp. AP4-R1	2735134	S	7	0	7	0.0001991352
Sphingobium sp. Cam5-1	2789327	S	3	4	7	0.0001991352
Sphingobium japonicum	332056	S	5	2	7	0.0001991352
Paracoccus contaminans	1945662	S	7	0	7	0.0001991352
Brevundimonas sp. CS1	2813778	S	5	2	7	0.0001991352
Caulobacter soli	2708539	S	7	0	7	0.0001991352
Hypericibacter adhaerens	2602016	S	7	0	7	0.0001991352
Wolbachia endosymbiont of Ctenocephalides felis wCfeT	2732593	S	2	5	7	0.0001991352
Phreatobacter cathodiphilus	1868589	S	6	1	7	0.0001991352
Chondromyces crocatus	52	S	7	0	7	0.0001991352
Campylobacter lanienae	75658	S	7	0	7	0.0001991352
Mycolicibacterium aubagnense	319707	S	7	0	7	0.0001991352
Mycobacterium simiae	1784	S	7	0	7	0.0001991352
Mycobacterium sp. YC-RL4	1682113	S	6	1	7	0.0001991352
Dietzia sp. oral taxon 368	712270	S	2	5	7	0.0001991352
Nocardioides sp. JS614	196162	S	7	0	7	0.0001991352
Nocardioides euryhalodurans	2518370	S	7	0	7	0.0001991352
Microbacterium sp. Se63.02b	2709304	S	5	2	7	0.0001991352
Microbacterium sp. 10M-3C3	2483401	S	5	2	7	0.0001991352
Microbacterium oxydans	82380	S	5	2	7	0.0001991352
Chryseoglobus sp. 28M-23	2772253	S	4	3	7	0.0001991352
Sinomonas atrocyanea	37927	S	7	0	7	0.0001991352
Brevibacterium linens	1703	S	4	3	7	0.0001991352
Kytococcus sedentarius	1276	S	7	0	7	0.0001991352
Streptomyces tsukubensis	83656	S	7	0	7	0.0001991352
Saccharomonospora glauca	40990	S	6	1	7	0.0001991352
Euzebya sp. DY32-46	1608957	S	7	0	7	0.0001991352
Bacillus subtilis	1423	S	2	5	7	0.0001991352
[Ruminococcus] torques	33039	S	5	2	7	0.0001991352
Ethanoligenens harbinense	253239	S	7	0	7	0.0001991352
Veillonella parvula	29466	S	6	1	7	0.0001991352
Nostoc sp. C057	2576903	S	2	5	7	0.0001991352
Nostoc sphaeroides	446679	S	6	1	7	0.0001991352
Prochlorococcus marinus	1219	S	6	1	7	0.0001991352
Flavobacterium anhuiense	459526	S	5	2	7	0.0001991352
Maribacter sp. 1_2014MBL_MicDiv	1644130	S	2	5	7	0.0001991352
Kordia sp. SMS9	2282170	S	7	0	7	0.0001991352
Salegentibacter sp. T436	1729720	S	4	3	7	0.0001991352
Chryseobacterium sp. T16E-39	2015076	S	7	0	7	0.0001991352
Chryseobacterium sp. G0162	2487063	S	3	4	7	0.0001991352
Chryseobacterium bernardetii	1241978	S	3	4	7	0.0001991352
Chryseobacterium haifense	421525	S	3	4	7	0.0001991352
Ornithobacterium rhinotracheale	28251	S	6	1	7	0.0001991352
Pedobacter ginsengisoli	363852	S	7	0	7	0.0001991352
Niabella ginsenosidivorans	1176587	S	7	0	7	0.0001991352
Flavisolibacter tropicus	1492898	S	6	1	7	0.0001991352
Tautonia plasticadhaerens	2527974	S	7	0	7	0.0001991352
Aquisphaera giovannonii	406548	S	5	2	7	0.0001991352
Opitutus terrae	107709	S	7	0	7	0.0001991352
Massilia sp. WG5	1707785	S	4	2	6	0.0001706873
Herbaspirillum seropedicae	964	S	5	1	6	0.0001706873
Undibacterium parvum	401471	S	6	0	6	0.0001706873
Cupriavidus pinatubonensis	248026	S	5	1	6	0.0001706873
Paraburkholderia sp. SOS3	1926494	S	6	0	6	0.0001706873
Paraburkholderia terricola	169427	S	6	0	6	0.0001706873
Paraburkholderia phytofirmans	261302	S	5	1	6	0.0001706873
Pandoraea pnomenusa	93220	S	5	1	6	0.0001706873
Caballeronia sp. M1242	2814653	S	6	0	6	0.0001706873
Bordetella holmesii	35814	S	6	0	6	0.0001706873
Bordetella pseudohinzii	1331258	S	5	1	6	0.0001706873
Achromobacter insolitus	217204	S	5	1	6	0.0001706873
Alcaligenes aquatilis	323284	S	2	4	6	0.0001706873
Orrella dioscoreae	1851544	S	6	0	6	0.0001706873
Dechloromonas sp. TW-R-39-2	2654218	S	6	0	6	0.0001706873
Sulfuriferula sp. AH1	1985873	S	6	0	6	0.0001706873
Usitatibacter rugosus	2732067	S	6	0	6	0.0001706873
Acinetobacter sp. 10FS3-1	2563897	S	4	2	6	0.0001706873
Acinetobacter sp. NEB 394	2743575	S	3	3	6	0.0001706873
Acinetobacter soli	487316	S	6	0	6	0.0001706873
Pseudomonas sp. DY-1	1755504	S	6	0	6	0.0001706873
Pseudomonas mendocina	300	S	6	0	6	0.0001706873
Pseudomonas oryzihabitans	47885	S	6	0	6	0.0001706873
Pseudomonas knackmussii	65741	S	5	1	6	0.0001706873
Pseudomonas sihuiensis	1274359	S	4	2	6	0.0001706873
Pectobacterium punjabense	2108399	S	4	2	6	0.0001706873
Hafnia alvei	569	S	5	1	6	0.0001706873
Halomonas sp. THAF5a	2587844	S	6	0	6	0.0001706873
Cobetia sp. L2A1	2686360	S	1	5	6	0.0001706873
Shewanella sp. WE21	2029986	S	3	3	6	0.0001706873
Pseudoalteromonas atlantica	288	S	5	1	6	0.0001706873
Salinimonas sp. G2-b	2785918	S	6	0	6	0.0001706873
Alkalilimnicola ehrlichii	351052	S	6	0	6	0.0001706873
Candidatus Thiodictyon syntrophicum	1166950	S	6	0	6	0.0001706873
Mannheimia varigena	85404	S	6	0	6	0.0001706873
Mannheimia pernigra	111844	S	3	3	6	0.0001706873
Bradyrhizobium sp. 1(2017)	1404888	S	5	1	6	0.0001706873
Bradyrhizobium arachidis	858423	S	5	1	6	0.0001706873
Methylobacterium sp. 17Sr1-1	2202826	S	5	1	6	0.0001706873
Rhizobium sp. WL3	2603277	S	6	0	6	0.0001706873
Ensifer sojae	716925	S	4	2	6	0.0001706873
Mesorhizobium sp. M4B.F.Ca.ET.058.02.1.1	2493675	S	5	1	6	0.0001706873
Mesorhizobium loti	381	S	1	5	6	0.0001706873
Aquabacter sp. L1I39	2820278	S	6	0	6	0.0001706873
Stappia indica	538381	S	6	0	6	0.0001706873
Brucella sp. 09RB8910	1844051	S	1	5	6	0.0001706873
Ochrobactrum sp. MT180101	2726427	S	2	4	6	0.0001706873
Sphingomonas sp. Cra20	1327635	S	6	0	6	0.0001706873
Sphingomonas sp. LK11	1390395	S	6	0	6	0.0001706873
Sphingomonas sp. YZ-8	2319844	S	6	0	6	0.0001706873
Sphingomonas sp. LMO-1	2681549	S	6	0	6	0.0001706873
Sphingomonas xanthus	2594473	S	6	0	6	0.0001706873
Sphingomonas lacunae	2698828	S	6	0	6	0.0001706873
Sphingobium sp. RAC03	1843368	S	5	1	6	0.0001706873
Erythrobacter mangrovi	2739433	S	5	1	6	0.0001706873
Qipengyuania flava	192812	S	4	2	6	0.0001706873
Paracoccus jeotgali	2065379	S	6	0	6	0.0001706873
Rhodobacter capsulatus	1061	S	4	2	6	0.0001706873
Salipiger profundus	1229727	S	5	1	6	0.0001706873
Roseovarius indicus	540747	S	5	1	6	0.0001706873
Brevundimonas sp. LVF2	2774190	S	6	0	6	0.0001706873
Phenylobacterium zucineum	284016	S	6	0	6	0.0001706873
Phenylobacterium parvum	2201350	S	6	0	6	0.0001706873
Magnetospirillum sp. XM-1	1663591	S	4	2	6	0.0001706873
Tistrella mobilis	171437	S	6	0	6	0.0001706873
Corallococcus coralloides	184914	S	5	1	6	0.0001706873
Melittangium boletus	83453	S	4	2	6	0.0001706873
Anaeromyxobacter sp. Fw109-5	404589	S	6	0	6	0.0001706873
Desulfarculus baarsii	453230	S	5	1	6	0.0001706873
Campylobacter iguaniorum	1244531	S	6	0	6	0.0001706873
Helicobacter pylori	210	S	6	0	6	0.0001706873
Nocardia terpenica	455432	S	6	0	6	0.0001706873
Mycobacterium avium	1764	S	4	2	6	0.0001706873
Mycobacteroides salmoniphilum	404941	S	6	0	6	0.0001706873
Gordonia sp. PDNC005	2811424	S	6	0	6	0.0001706873
Gordonia bronchialis	2054	S	6	0	6	0.0001706873
Tessaracoccus aquimaris	1332264	S	6	0	6	0.0001706873
Microbacterium sp. 4R-513	2567934	S	6	0	6	0.0001706873
Microbacterium caowuchunii	2614638	S	6	0	6	0.0001706873
Microbacterium foliorum	104336	S	5	1	6	0.0001706873
Microbacterium sediminis	904291	S	4	2	6	0.0001706873
Agromyces sp. KACC 19306	2592652	S	5	1	6	0.0001706873
Leucobacter triazinivorans	1784719	S	5	1	6	0.0001706873
Leifsonia xyli	1575	S	4	2	6	0.0001706873
Arthrobacter sp. YN	2020486	S	6	0	6	0.0001706873
Arthrobacter sp. PM3	2017685	S	6	0	6	0.0001706873
Arsenicicoccus sp. oral taxon 190	1658671	S	6	0	6	0.0001706873
Brevibacterium sp. CS2	2575923	S	6	0	6	0.0001706873
Serinicoccus hydrothermalis	1758689	S	6	0	6	0.0001706873
Streptomyces alboflavus	67267	S	6	0	6	0.0001706873
Streptomyces griseorubiginosus	67304	S	6	0	6	0.0001706873
Streptomyces roseochromogenus	285450	S	6	0	6	0.0001706873
Streptacidiphilus sp. PB12-B1b	2705012	S	6	0	6	0.0001706873
Amycolatopsis sp. BJA-103	1911175	S	6	0	6	0.0001706873
Pseudonocardia dioxanivorans	240495	S	6	0	6	0.0001706873
Bifidobacterium longum	216816	S	2	4	6	0.0001706873
Bacillus atrophaeus	1452	S	3	3	6	0.0001706873
Bacillus sp. M4U3P1	2592382	S	6	0	6	0.0001706873
Bacillus sp. SDLI1	1774743	S	1	5	6	0.0001706873
Geobacillus kaustophilus	1462	S	2	4	6	0.0001706873
Staphylococcus equorum	246432	S	5	1	6	0.0001706873
Paenibacillus polymyxa	1406	S	3	3	6	0.0001706873
Streptococcus gordonii	1302	S	6	0	6	0.0001706873
Streptococcus mitis	28037	S	5	1	6	0.0001706873
Streptococcus salivarius	1304	S	4	2	6	0.0001706873
Streptococcus pyogenes	1314	S	3	3	6	0.0001706873
Lactiplantibacillus plantarum	1590	S	1	5	6	0.0001706873
Clostridium acetobutylicum	1488	S	6	0	6	0.0001706873
Clostridium tetani	1513	S	5	1	6	0.0001706873
Anaerobutyricum hallii	39488	S	5	1	6	0.0001706873
Finegoldia magna	1260	S	5	1	6	0.0001706873
Anabaenopsis circularis	109266	S	3	3	6	0.0001706873
Microcystis aeruginosa	1126	S	6	0	6	0.0001706873
Acaryochloris marina	155978	S	6	0	6	0.0001706873
Halomicronema hongdechloris	1209493	S	6	0	6	0.0001706873
Flavobacterium gilvum	1492737	S	6	0	6	0.0001706873
Flavobacterium faecale	1355330	S	6	0	6	0.0001706873
Polaribacter sejongensis	985043	S	6	0	6	0.0001706873
Robiginitalea biformata	252307	S	6	0	6	0.0001706873
Changchengzhania lutea	2049305	S	6	0	6	0.0001706873
Chryseobacterium sp. NBC 122	2547600	S	6	0	6	0.0001706873
Chryseobacterium sp. G0186	2487064	S	4	2	6	0.0001706873
Elizabethkingia meningoseptica	238	S	6	0	6	0.0001706873
Elizabethkingia sp. M8	2796140	S	1	5	6	0.0001706873
Pedobacter sp. PACM 27299	1727164	S	5	1	6	0.0001706873
Sphingobacterium sp. UDSM-2020	2795738	S	6	0	6	0.0001706873
Mucilaginibacter mallensis	652787	S	6	0	6	0.0001706873
Mucilaginibacter rubeus	2027860	S	2	4	6	0.0001706873
Spirosoma pollinicola	2057025	S	6	0	6	0.0001706873
Hymenobacter sp. PAMC 26628	1484118	S	6	0	6	0.0001706873
Hymenobacter qilianensis	1385715	S	6	0	6	0.0001706873
Chitinophaga agri	2703787	S	5	1	6	0.0001706873
Arachidicoccus sp. BS20	1850526	S	5	1	6	0.0001706873
Arachidicoccus ginsenosidivorans	496057	S	6	0	6	0.0001706873
Haliscomenobacter hydrossis	2350	S	6	0	6	0.0001706873
Gemmatimonas phototrophica	1379270	S	6	0	6	0.0001706873
Stieleria neptunia	2527979	S	4	2	6	0.0001706873
Stieleria maiorica	2795974	S	3	3	6	0.0001706873
Lignipirellula cremea	2528010	S	6	0	6	0.0001706873
Anatilimnocola aggregata	2528021	S	6	0	6	0.0001706873
Planctopirus ephydatiae	2528019	S	5	1	6	0.0001706873
Maioricimonas rarisocia	2528026	S	5	1	6	0.0001706873
Singulisphaera acidiphila	466153	S	4	2	6	0.0001706873
Akkermansia muciniphila	239935	S	6	0	6	0.0001706873
Paludibaculum fermentans	1473598	S	6	0	6	0.0001706873
Turneriella parva	29510	S	6	0	6	0.0001706873
Polaribacter virus P12002S	1982246	S	6	0	6	0.0001706873
Massilia sp. YMA4	1593482	S	3	2	5	0.0001422394
Massilia flava	871742	S	5	0	5	0.0001422394
Herminiimonas arsenitoxidans	1809410	S	5	0	5	0.0001422394
Burkholderia stagnalis	1503054	S	4	1	5	0.0001422394
Burkholderia anthina	179879	S	3	2	5	0.0001422394
Cupriavidus gilardii	82541	S	1	4	5	0.0001422394
Paraburkholderia atlantica	2654982	S	5	0	5	0.0001422394
Paraburkholderia acidisoli	2571748	S	5	0	5	0.0001422394
Pandoraea oxalativorans	573737	S	4	1	5	0.0001422394
Lautropia mirabilis	47671	S	5	0	5	0.0001422394
Chitinimonas arctica	2594795	S	5	0	5	0.0001422394
Mycoavidus cysteinexigens	1553431	S	5	0	5	0.0001422394
Achromobacter sp. AONIH1	1758194	S	4	1	5	0.0001422394
Chromobacterium phragmitis	2202141	S	4	1	5	0.0001422394
Microvirgula aerodenitrificans	57480	S	5	0	5	0.0001422394
Niveibacterium sp. HC41	2811415	S	5	0	5	0.0001422394
Azoarcus sp. KH32C	748247	S	5	0	5	0.0001422394
Azoarcus sp. CIB	198107	S	4	1	5	0.0001422394
Thauera sp. MZ1T	85643	S	4	1	5	0.0001422394
Candidatus Methylopumilus turicensis	1581680	S	5	0	5	0.0001422394
Denitratisoma sp. DHT3	1981880	S	4	1	5	0.0001422394
Casimicrobium huifangae	2591109	S	5	0	5	0.0001422394
Pseudomonas sp. ATCC 13867	1294143	S	5	0	5	0.0001422394
Pseudomonas sp. SWI7	2587597	S	1	4	5	0.0001422394
Pseudomonas mediterranea	183795	S	5	0	5	0.0001422394
Pseudomonas protegens	380021	S	5	0	5	0.0001422394
Pseudomonas veronii	76761	S	2	3	5	0.0001422394
Pseudomonas soli	1306993	S	2	3	5	0.0001422394
Klebsiella quasipneumoniae	1463165	S	2	3	5	0.0001422394
Cronobacter sakazakii	28141	S	3	2	5	0.0001422394
Yersinia ruckeri	29486	S	5	0	5	0.0001422394
Pantoea sp. MT58	2768165	S	1	4	5	0.0001422394
Candidatus Erwinia haradaeae	1922217	S	5	0	5	0.0001422394
Providencia rettgeri	587	S	2	3	5	0.0001422394
Lysobacter antibioticus	84531	S	5	0	5	0.0001422394
Stenotrophomonas rhizophila	216778	S	5	0	5	0.0001422394
Stenotrophomonas acidaminiphila	128780	S	3	2	5	0.0001422394
Stenotrophomonas indicatrix	2045451	S	2	3	5	0.0001422394
Pseudoxanthomonas suwonensis	314722	S	5	0	5	0.0001422394
Ahniella affigens	2021234	S	5	0	5	0.0001422394
Thioalkalivibrio nitratireducens	186931	S	2	3	5	0.0001422394
Halothiobacillus neapolitanus	927	S	5	0	5	0.0001422394
Methylococcus capsulatus	414	S	5	0	5	0.0001422394
Legionella sp. PC997	2755562	S	4	1	5	0.0001422394
Sulfurifustis variabilis	1675686	S	5	0	5	0.0001422394
Bradyrhizobium canariense	255045	S	5	0	5	0.0001422394
Bradyrhizobium zhanjiangense	1325107	S	5	0	5	0.0001422394
Bradyrhizobium genosp. B	83627	S	5	0	5	0.0001422394
Methylobacterium nodulans	114616	S	5	0	5	0.0001422394
Methylobacterium radiotolerans	31998	S	2	3	5	0.0001422394
Rhizobium daejeonense	240521	S	4	1	5	0.0001422394
Rhizobium oryzihabitans	2267833	S	3	2	5	0.0001422394
Mesorhizobium sp. N3	675281	S	5	0	5	0.0001422394
Mesorhizobium sp. J8	2777475	S	5	0	5	0.0001422394
Aminobacter aminovorans	83263	S	1	4	5	0.0001422394
Phyllobacterium sp. 628	2718938	S	5	0	5	0.0001422394
Labrys sp. KNU-23	2789216	S	5	0	5	0.0001422394
Nordella sp. HKS 07	2712222	S	5	0	5	0.0001422394
Lichenihabitans psoromatis	2528642	S	5	0	5	0.0001422394
Sphingomonas sp. NBWT7	2596913	S	5	0	5	0.0001422394
Sphingomonas sp. MK52	2711156	S	5	0	5	0.0001422394
Sphingomonas sp. KC8	1030157	S	4	1	5	0.0001422394
Sphingobium sp. KCTC 72723	2733867	S	5	0	5	0.0001422394
Sphingopyxis sp. MG	1866325	S	1	4	5	0.0001422394
Sphingopyxis alaskensis	117207	S	5	0	5	0.0001422394
Novosphingobium sp. ABRDHK2	2571749	S	4	1	5	0.0001422394
Sphingorhabdus sp. SMR4y	2584094	S	5	0	5	0.0001422394
Parasphingopyxis algicola	2026624	S	5	0	5	0.0001422394
Blastomonas fulva	1550728	S	1	4	5	0.0001422394
Erythrobacter sp. 6D36	2782568	S	5	0	5	0.0001422394
Paracoccus suum	2259340	S	5	0	5	0.0001422394
Sulfitobacter sp. THAF37	2587855	S	4	1	5	0.0001422394
Rhodobacter sp. CZR27	2033869	S	5	0	5	0.0001422394
Phaeobacter porticola	1844006	S	4	1	5	0.0001422394
Phaeobacter piscinae	1580596	S	3	2	5	0.0001422394
Rhodobaca barguzinensis	441209	S	5	0	5	0.0001422394
Pseudopuniceibacterium antarcticum	2613965	S	5	0	5	0.0001422394
Caulobacter sp. K31	366602	S	5	0	5	0.0001422394
Asticcacaulis excentricus	78587	S	5	0	5	0.0001422394
Skermanella sp. TT6	2775420	S	3	2	5	0.0001422394
Roseomonas sp. 1318	2768161	S	5	0	5	0.0001422394
Gluconobacter oxydans	442	S	3	2	5	0.0001422394
Roseococcus sp. NIBR12	2771361	S	5	0	5	0.0001422394
Candidatus Cytomitobacter indipagum	2601575	S	3	2	5	0.0001422394
Candidatus Pelagibacter sp. RS39	1977864	S	4	1	5	0.0001422394
Pyxidicoccus sp. SCPEA002	2813578	S	5	0	5	0.0001422394
Cystobacter fuscus	43	S	3	2	5	0.0001422394
Desulfovibrio vulgaris	881	S	5	0	5	0.0001422394
Arcobacter suis	1278212	S	5	0	5	0.0001422394
Aliarcobacter cryaerophilus	28198	S	4	1	5	0.0001422394
Poseidonibacter parvus	1850254	S	2	3	5	0.0001422394
Nitratiruptor sp. SB155-2	387092	S	5	0	5	0.0001422394
Bdellovibrio bacteriovorus	959	S	5	0	5	0.0001422394
Silvanigrella aquatica	1915309	S	5	0	5	0.0001422394
Rhodococcus jostii	132919	S	4	1	5	0.0001422394
Nocardia otitidiscaviarum	1823	S	5	0	5	0.0001422394
Nocardia brasiliensis	37326	S	5	0	5	0.0001422394
Mycolicibacterium phlei	1771	S	5	0	5	0.0001422394
Mycolicibacterium phocaicum	319706	S	5	0	5	0.0001422394
Mycobacteroides abscessus	36809	S	5	0	5	0.0001422394
Corynebacterium marinum	349751	S	5	0	5	0.0001422394
Corynebacterium aurimucosum	169292	S	5	0	5	0.0001422394
Corynebacterium striatum	43770	S	4	1	5	0.0001422394
Corynebacterium glutamicum	1718	S	1	4	5	0.0001422394
Gordonia sp. 135	2676309	S	2	3	5	0.0001422394
Nocardioides sp. HDW12B	2714939	S	5	0	5	0.0001422394
Microbacterium sp. A18JL200	2782167	S	4	1	5	0.0001422394
Microbacterium schleiferi	69362	S	4	1	5	0.0001422394
Rathayibacter sp. VKM Ac-2759	2609252	S	4	1	5	0.0001422394
Rathayibacter sp. VKM Ac-2760	2609253	S	4	1	5	0.0001422394
Agromyces protaetiae	2509455	S	5	0	5	0.0001422394
Marisediminicola antarctica	674079	S	5	0	5	0.0001422394
Arthrobacter sp. D5-1	1477518	S	5	0	5	0.0001422394
Arthrobacter crystallopoietes	37928	S	5	0	5	0.0001422394
Ornithinimicrobium flavum	1288636	S	5	0	5	0.0001422394
Cellulosimicrobium cellulans	1710	S	3	2	5	0.0001422394
Haloactinobacterium sp. HY164	2675754	S	5	0	5	0.0001422394
Streptomyces sp. DSM 40868	2721173	S	5	0	5	0.0001422394
Streptomyces sp. CRXT-G-22	2768066	S	5	0	5	0.0001422394
Streptomyces sp. WAC 06738	2203210	S	3	2	5	0.0001422394
Streptomyces galilaeus	33899	S	5	0	5	0.0001422394
Streptomyces griseochromogenes	68214	S	5	0	5	0.0001422394
Streptomyces fagopyri	2662397	S	5	0	5	0.0001422394
Streptomyces bathyalis	2710756	S	5	0	5	0.0001422394
Amycolatopsis sp. Hca4	2742131	S	5	0	5	0.0001422394
Amycolatopsis albispora	1804986	S	5	0	5	0.0001422394
Amycolatopsis keratiniphila	129921	S	4	1	5	0.0001422394
Pseudonocardia sp. HH130630-07	1690815	S	3	2	5	0.0001422394
Pseudonocardia broussonetiae	2736640	S	5	0	5	0.0001422394
Prauserella marina	530584	S	5	0	5	0.0001422394
Lentzea guizhouensis	1586287	S	5	0	5	0.0001422394
Allokutzneria albata	211114	S	5	0	5	0.0001422394
Nonomuraea sp. ATCC 55076	1909395	S	5	0	5	0.0001422394
Geodermatophilus obscurus	1861	S	5	0	5	0.0001422394
Blastococcus saxobsidens	138336	S	5	0	5	0.0001422394
Bacillus cohnii	33932	S	5	0	5	0.0001422394
Weizmannia coagulans	1398	S	5	0	5	0.0001422394
Neobacillus thermocopriae	1215031	S	5	0	5	0.0001422394
Staphylococcus xylosus	1288	S	5	0	5	0.0001422394
Staphylococcus auricularis	29379	S	5	0	5	0.0001422394
Paenibacillus sp. B01	2660554	S	3	2	5	0.0001422394
Cohnella candidum	2674991	S	5	0	5	0.0001422394
Lactococcus cremoris	1359	S	3	2	5	0.0001422394
Clostridium beijerinckii	1520	S	4	1	5	0.0001422394
Crassaminicella sp. SY095	2599308	S	5	0	5	0.0001422394
[Ruminococcus] gnavus	33038	S	4	1	5	0.0001422394
Caldanaerobacter subterraneus	911092	S	5	0	5	0.0001422394
Ezakiella massiliensis	1852374	S	3	2	5	0.0001422394
Nostoc sp. TCL26-01	2576904	S	5	0	5	0.0001422394
Geminocystis sp. NIES-3709	1617448	S	5	0	5	0.0001422394
Flavobacterium sp. CJ74	2294119	S	5	0	5	0.0001422394
Flavobacterium sp. HYN0086	2249356	S	4	1	5	0.0001422394
Flavobacterium kingsejongi	1678728	S	5	0	5	0.0001422394
Flavobacterium pallidum	2172098	S	5	0	5	0.0001422394
Flavobacterium haoranii	683124	S	4	1	5	0.0001422394
Polaribacter sp. MED152	313598	S	5	0	5	0.0001422394
Polaribacter sp. Hel1_33_78	1336804	S	5	0	5	0.0001422394
Polaribacter sp. KT25b	1855336	S	5	0	5	0.0001422394
Gramella salexigens	1913577	S	4	1	5	0.0001422394
Aquimarina sp. BL5	1714860	S	5	0	5	0.0001422394
Antarcticibacterium flavum	2058175	S	5	0	5	0.0001422394
Siansivirga zeaxanthinifaciens	762954	S	5	0	5	0.0001422394
Kaistella flava (ex Peng et al. 2021)	2038776	S	5	0	5	0.0001422394
Empedobacter brevis	247	S	4	1	5	0.0001422394
Empedobacter falsenii	343874	S	3	2	5	0.0001422394
Sphingobacterium sp. B29	1933220	S	3	2	5	0.0001422394
Sphingobacterium sp. G1-14	2003121	S	2	3	5	0.0001422394
Runella slithyformis	106	S	5	0	5	0.0001422394
Cytophaga hutchinsonii	985	S	5	0	5	0.0001422394
Leadbetterella byssophila	316068	S	4	1	5	0.0001422394
Hymenobacter sp. DG25B	1385664	S	5	0	5	0.0001422394
Hymenobacter sp. BRD67	2675877	S	3	2	5	0.0001422394
Hymenobacter sp. HDW8	2714932	S	1	4	5	0.0001422394
Algoriphagus machipongonensis	388413	S	5	0	5	0.0001422394
Aquiflexum balticum	280473	S	5	0	5	0.0001422394
Marivirga tractuosa	1006	S	4	1	5	0.0001422394
Chitinophaga sp. XS-30	2604421	S	3	2	5	0.0001422394
Niabella soli	446683	S	5	0	5	0.0001422394
Bacteroides thetaiotaomicron	818	S	5	0	5	0.0001422394
Petrimonas mucosa	1642646	S	4	1	5	0.0001422394
Alkalitalea saponilacus	889453	S	5	0	5	0.0001422394
Labilibaculum antarcticum	1717717	S	5	0	5	0.0001422394
Gemmatirosa kalamazoonesis	861299	S	5	0	5	0.0001422394
Botrimarina mediterranea	2528022	S	5	0	5	0.0001422394
Crateriforma conspicua	2527996	S	3	2	5	0.0001422394
Paludisphaera borealis	1387353	S	3	2	5	0.0001422394
Candidatus Xiphinematobacter sp. Idaho Grape	1704307	S	4	1	5	0.0001422394
Granulicella tundricola	940615	S	5	0	5	0.0001422394
Luteitalea pratensis	1855912	S	5	0	5	0.0001422394
Methanothrix soehngenii	2223	S	5	0	5	0.0001422394
Nitrosopumilus adriaticus	1580092	S	4	1	5	0.0001422394
Acidovorax cattleyae	80868	S	3	1	4	0.0001137915
Candidatus Symbiobacter mobilis	1436290	S	4	0	4	0.0001137915
Massilia sp. NR 4-1	1678028	S	4	0	4	0.0001137915
Massilia sp. CCM 8941	2765360	S	3	1	4	0.0001137915
Massilia armeniaca	2072590	S	3	1	4	0.0001137915
Collimonas pratensis	279113	S	4	0	4	0.0001137915
Herbaspirillum hiltneri	341045	S	4	0	4	0.0001137915
Burkholderia pseudomultivorans	1207504	S	2	2	4	0.0001137915
Burkholderia sp. DHOD12	2571746	S	4	0	4	0.0001137915
Burkholderia sp. Bp7605	1740163	S	4	0	4	0.0001137915
Burkholderia sp. LA-2-3-30-S1-D2	1637862	S	3	1	4	0.0001137915
Burkholderia sp. MSMB1588	1636423	S	1	3	4	0.0001137915
Polynucleobacter sp. LimPoW16	1743162	S	4	0	4	0.0001137915
Paraburkholderia sp. 7MH5	2547399	S	4	0	4	0.0001137915
Paraburkholderia fungorum	134537	S	4	0	4	0.0001137915
Paraburkholderia caffeinilytica	1761016	S	4	0	4	0.0001137915
Paraburkholderia megapolitana	420953	S	4	0	4	0.0001137915
Paraburkholderia ginsengisoli	311231	S	4	0	4	0.0001137915
Paraburkholderia acidophila	265293	S	2	2	4	0.0001137915
Pandoraea norimbergensis	93219	S	4	0	4	0.0001137915
Pandoraea vervacti	656178	S	4	0	4	0.0001137915
Mycetohabitans rhizoxinica	412963	S	4	0	4	0.0001137915
Bordetella genomosp. 8	1416806	S	4	0	4	0.0001137915
Bordetella bronchiseptica	518	S	2	2	4	0.0001137915
Castellaniella defragrans	75697	S	4	0	4	0.0001137915
Algicoccus marinus	2163011	S	4	0	4	0.0001137915
Sutterella wadsworthensis	40545	S	4	0	4	0.0001137915
Chromobacterium violaceum	536	S	3	1	4	0.0001137915
Aquitalea aquatilis	1537400	S	3	1	4	0.0001137915
Aquitalea sp. USM4	1590041	S	2	2	4	0.0001137915
Aquaspirillum sp. LM1	1938604	S	4	0	4	0.0001137915
Neisseria sp. oral taxon 014	641148	S	4	0	4	0.0001137915
Crenobacter cavernae	2290923	S	4	0	4	0.0001137915
Azospira restricta	404405	S	4	0	4	0.0001137915
Dechloromonas sp. HYN0024	2231055	S	4	0	4	0.0001137915
Sterolibacterium denitrificans	157592	S	4	0	4	0.0001137915
Sulfuriferula nivalis	2675298	S	4	0	4	0.0001137915
Acinetobacter pittii	48296	S	1	3	4	0.0001137915
Acinetobacter guillouiae	106649	S	4	0	4	0.0001137915
Aquirhabdus parva	2283318	S	4	0	4	0.0001137915
Pseudomonas sp. HLS-6	2049589	S	4	0	4	0.0001137915
Pseudomonas sp. Tri1	2823875	S	4	0	4	0.0001137915
Pseudomonas sp. ADAK13	2730847	S	4	0	4	0.0001137915
Pseudomonas sp. SCB32	2653853	S	4	0	4	0.0001137915
Pseudomonas sp. MPC6	2498848	S	4	0	4	0.0001137915
Pseudomonas sp. ACM7	2052956	S	4	0	4	0.0001137915
Pseudomonas sp. IB20	1702250	S	4	0	4	0.0001137915
Pseudomonas nitroreducens	46680	S	4	0	4	0.0001137915
Pseudomonas multiresinivorans	95301	S	4	0	4	0.0001137915
Pseudomonas oleovorans	301	S	2	2	4	0.0001137915
Pseudomonas synxantha	47883	S	4	0	4	0.0001137915
Pseudomonas pohangensis	364197	S	4	0	4	0.0001137915
Pseudomonas entomophila	312306	S	4	0	4	0.0001137915
Pseudomonas rhizosphaerae	216142	S	4	0	4	0.0001137915
Klebsiella aerogenes	548	S	4	0	4	0.0001137915
Klebsiella michiganensis	1134687	S	2	2	4	0.0001137915
Citrobacter werkmanii	67827	S	2	2	4	0.0001137915
Raoultella ornithinolytica	54291	S	1	3	4	0.0001137915
Serratia plymuthica	82996	S	4	0	4	0.0001137915
Pantoea sp. MSR2	2052056	S	4	0	4	0.0001137915
Mixta gaviniae	665914	S	4	0	4	0.0001137915
Xenorhabdus bovienii	40576	S	4	0	4	0.0001137915
Obesumbacterium proteus	82983	S	4	0	4	0.0001137915
Lysobacter oculi	2698682	S	4	0	4	0.0001137915
Stenotrophomonas sp. ZAC14D2_NAIMI4_6	2072406	S	3	1	4	0.0001137915
Stenotrophomonas sp. Pemsol	2040586	S	3	1	4	0.0001137915
Luteimonas sp. JM171	1896164	S	4	0	4	0.0001137915
Dyella sp. M7H15-1	2501295	S	4	0	4	0.0001137915
Halomonas sp. SF2003	2136172	S	4	0	4	0.0001137915
Shewanella frigidimarina	56812	S	3	1	4	0.0001137915
Pseudoalteromonas prydzensis	182141	S	4	0	4	0.0001137915
Alteromonas sp. RKMC-009	2267264	S	1	3	4	0.0001137915
Alteromonas macleodii	28108	S	1	3	4	0.0001137915
Ectothiorhodospira haloalkaliphila	421628	S	4	0	4	0.0001137915
Thioflavicoccus mobilis	80679	S	4	0	4	0.0001137915
Rodentibacter heylii	1906744	S	4	0	4	0.0001137915
Pasteurella multocida	747	S	3	1	4	0.0001137915
Aeromonas sp. CU5	2033033	S	4	0	4	0.0001137915
Methylococcus sp. EFPC2	2812648	S	4	0	4	0.0001137915
Methylomicrobium album	39775	S	4	0	4	0.0001137915
Legionella waltersii	66969	S	4	0	4	0.0001137915
Aquicella lusitana	254246	S	4	0	4	0.0001137915
Francisella tularensis	263	S	4	0	4	0.0001137915
Thiothrix sp.	1032	S	4	0	4	0.0001137915
Immundisolibacter cernigliae	1810504	S	4	0	4	0.0001137915
Bradyrhizobium vignae	1549949	S	4	0	4	0.0001137915
Bradyrhizobium guangxiense	1325115	S	3	1	4	0.0001137915
Bosea vaviloviae	1526658	S	4	0	4	0.0001137915
Afipia sp. GAS231	1882747	S	2	2	4	0.0001137915
Sinorhizobium sp. BG8	2613773	S	4	0	4	0.0001137915
Sinorhizobium meliloti	382	S	4	0	4	0.0001137915
Ciceribacter thiooxidans	1969821	S	4	0	4	0.0001137915
Georhizobium profundi	2341112	S	4	0	4	0.0001137915
Mesorhizobium sp. M8A.F.Ca.ET.057.01.1.1	2493679	S	4	0	4	0.0001137915
Roseitalea porphyridii	1852022	S	4	0	4	0.0001137915
Hyphomicrobium nitrativorans	1427356	S	4	0	4	0.0001137915
Youhaiella tibetensis	1447062	S	4	0	4	0.0001137915
Starkeya novella	921	S	3	1	4	0.0001137915
Xanthobacter sp. YN2	2528964	S	3	1	4	0.0001137915
Labrenzia aggregata	187304	S	3	1	4	0.0001137915
Aureimonas populi	1701758	S	4	0	4	0.0001137915
Methylocystis rosea	173366	S	2	2	4	0.0001137915
Chelatococcus daeguensis	444444	S	2	2	4	0.0001137915
Sphingomonas sp. ERG5	1381597	S	2	2	4	0.0001137915
Sphingomonas rhizophila	2071607	S	4	0	4	0.0001137915
Sphingomonas wittichii	160791	S	3	1	4	0.0001137915
Sphingobium sp. EP60837	1855519	S	3	1	4	0.0001137915
Sphingobium sp. PAMC28499	2565554	S	2	2	4	0.0001137915
Novosphingobium sp. ES2-1	2780074	S	3	1	4	0.0001137915
Novosphingobium resinovorum	158500	S	3	1	4	0.0001137915
Sphingosinithalassobacter sp. zrk23	2711215	S	4	0	4	0.0001137915
Tardibacter chloracetimidivorans	1921510	S	2	2	4	0.0001137915
Erythrobacter sp. HKB08	2502843	S	4	0	4	0.0001137915
Sphingosinicella microcystinivorans	335406	S	4	0	4	0.0001137915
Sandaracinobacter sp. M6	2759707	S	4	0	4	0.0001137915
Paracoccus sp. BM15	1529068	S	4	0	4	0.0001137915
Phaeobacter gallaeciensis	60890	S	3	1	4	0.0001137915
Rhodovulum sp. P5	1564506	S	3	1	4	0.0001137915
Antarctobacter heliothermus	74033	S	4	0	4	0.0001137915
Roseivivax sp. THAF30	2587852	S	3	1	4	0.0001137915
Pontivivens sp. MT2928	2789856	S	4	0	4	0.0001137915
Haematobacter massiliensis	195105	S	3	1	4	0.0001137915
Brevundimonas sp. 'scallop'	2562582	S	2	2	4	0.0001137915
Brevundimonas mediterranea	74329	S	4	0	4	0.0001137915
Brevundimonas vancanneytii	1325724	S	2	2	4	0.0001137915
Caulobacter mirabilis	69666	S	4	0	4	0.0001137915
Magnetospirillum gryphiswaldense	55518	S	4	0	4	0.0001137915
Ferrovibrio terrae	2594003	S	4	0	4	0.0001137915
Roseomonas gilardii	257708	S	4	0	4	0.0001137915
Rickettsia endosymbiont of Ixodes scapularis	444612	S	4	0	4	0.0001137915
Rickettsia raoultii	369822	S	3	1	4	0.0001137915
Orientia tsutsugamushi	784	S	4	0	4	0.0001137915
Myxococcus xanthus	34	S	3	1	4	0.0001137915
Archangium violaceum	83451	S	3	1	4	0.0001137915
Anaeromyxobacter dehalogenans	161493	S	3	1	4	0.0001137915
Desulfuromonas soudanensis	1603606	S	4	0	4	0.0001137915
Syntrophotalea acetylenica	29542	S	4	0	4	0.0001137915
Pseudodesulfovibrio cashew	2678688	S	4	0	4	0.0001137915
Desulfonema limicola	45656	S	4	0	4	0.0001137915
Arcobacter cloacae	1054034	S	3	1	4	0.0001137915
Arcobacter aquimarinus	1315211	S	3	1	4	0.0001137915
Sulfurimonas sp. 1-1N	2590021	S	2	2	4	0.0001137915
Rhodococcus sp. X156	2499145	S	4	0	4	0.0001137915
Rhodococcus sp. B7740	1564114	S	4	0	4	0.0001137915
Rhodococcus sp. PBTS 1	1653478	S	4	0	4	0.0001137915
Rhodococcus sp. MTM3W5.2	1805827	S	4	0	4	0.0001137915
Rhodococcus hoagii	43767	S	4	0	4	0.0001137915
Rhodococcus imtechensis	262776	S	1	3	4	0.0001137915
Nocardia sp. WCH-YHL-001	2755382	S	4	0	4	0.0001137915
Mycolicibacterium sediminis	1286180	S	4	0	4	0.0001137915
Mycolicibacterium doricum	126673	S	4	0	4	0.0001137915
Mycolicibacterium nivoides	2487344	S	1	3	4	0.0001137915
Mycolicibacterium vanbaalenii	110539	S	1	3	4	0.0001137915
Mycobacterium dioxanotrophicus	482462	S	4	0	4	0.0001137915
Mycobacterium gallinarum	39689	S	4	0	4	0.0001137915
Mycobacterium tuberculosis	1773	S	1	3	4	0.0001137915
Corynebacterium xerosis	1725	S	4	0	4	0.0001137915
Corynebacterium anserum	2684406	S	4	0	4	0.0001137915
Gordonia terrae	2055	S	3	1	4	0.0001137915
Gordonia rubripertincta	36822	S	3	1	4	0.0001137915
Cutibacterium avidum	33010	S	4	0	4	0.0001137915
Nocardioides sp. MC1495	2736757	S	4	0	4	0.0001137915
Nocardioides marinisabuli	419476	S	4	0	4	0.0001137915
Nocardioides mesophilus	433659	S	4	0	4	0.0001137915
Nocardioides humi	449461	S	4	0	4	0.0001137915
Nocardioides houyundeii	2045452	S	4	0	4	0.0001137915
Aeromicrobium sp. zg-629	2663859	S	4	0	4	0.0001137915
Kribbella flavida	182640	S	4	0	4	0.0001137915
Microbacterium sp. ABRD_28	2268461	S	4	0	4	0.0001137915
Microbacterium sp. Y-01	2048898	S	3	1	4	0.0001137915
Microbacterium sp. 1S1	2606451	S	2	2	4	0.0001137915
Microbacterium pygmaeum	370764	S	4	0	4	0.0001137915
Leifsonia sp. PS1209	2724914	S	2	2	4	0.0001137915
Humibacter sp. WJ7-1	2599293	S	4	0	4	0.0001137915
Arthrobacter woluwensis	156980	S	4	0	4	0.0001137915
Rothia terrae	396015	S	4	0	4	0.0001137915
Micrococcus sp. A1	404583	S	2	2	4	0.0001137915
Cellulomonas sp. H30R-01	2704467	S	4	0	4	0.0001137915
Serinicoccus profundi	1078471	S	4	0	4	0.0001137915
Streptomyces sp. P3	2135430	S	4	0	4	0.0001137915
Streptomyces sp. NEAU-sy36	2751189	S	4	0	4	0.0001137915
Streptomyces sp. SN-593	659352	S	4	0	4	0.0001137915
Streptomyces sp. SS52	2563602	S	1	3	4	0.0001137915
Streptomyces asterosporus	285570	S	4	0	4	0.0001137915
Streptomyces aureoverticillatus	66871	S	4	0	4	0.0001137915
Streptomyces lydicus	47763	S	4	0	4	0.0001137915
Streptacidiphilus sp. P02-A3a	2704468	S	4	0	4	0.0001137915
Amycolatopsis sp. FDAARGOS 1241	2778070	S	4	0	4	0.0001137915
Pseudonocardia sp. HH130629-09	1641402	S	2	2	4	0.0001137915
Saccharopolyspora pogona	333966	S	1	3	4	0.0001137915
Micromonospora carbonacea	47853	S	4	0	4	0.0001137915
Micromonospora aurantiaca	47850	S	2	2	4	0.0001137915
Actinoplanes derwentensis	113562	S	4	0	4	0.0001137915
Actinoplanes sp. N902-109	649831	S	3	1	4	0.0001137915
Actinocatenispora thailandica	227318	S	4	0	4	0.0001137915
Actinomyces sp. oral taxon 414	712122	S	4	0	4	0.0001137915
Actinomyces sp. oral taxon 169	712116	S	2	2	4	0.0001137915
Schaalia cardiffensis	181487	S	4	0	4	0.0001137915
Candidatus Planktophila dulcis	1884914	S	4	0	4	0.0001137915
Thermobifida fusca	2021	S	4	0	4	0.0001137915
Frankia inefficax	298654	S	4	0	4	0.0001137915
Actinomarinicola tropica	2789776	S	4	0	4	0.0001137915
Bacillus pumilus	1408	S	4	0	4	0.0001137915
Bacillus marisflavi	189381	S	4	0	4	0.0001137915
Anoxybacillus amylolyticus	294699	S	4	0	4	0.0001137915
Lentibacillus amyloliquefaciens	1472767	S	4	0	4	0.0001137915
Staphylococcus saprophyticus	29385	S	4	0	4	0.0001137915
Staphylococcus haemolyticus	1283	S	3	1	4	0.0001137915
Streptococcus sanguinis	1305	S	4	0	4	0.0001137915
Lactobacillus amylovorus	1604	S	4	0	4	0.0001137915
Lactobacillus jensenii	109790	S	4	0	4	0.0001137915
Leuconostoc mesenteroides	1245	S	2	2	4	0.0001137915
Clostridium autoethanogenum	84023	S	1	3	4	0.0001137915
Blautia obeum	40520	S	3	1	4	0.0001137915
Lacrimispora saccharolytica	84030	S	3	1	4	0.0001137915
Desulfosporosinus youngiae	339862	S	4	0	4	0.0001137915
Symbiobacterium thermophilum	2734	S	4	0	4	0.0001137915
Halanaerobium praevalens	2331	S	4	0	4	0.0001137915
Parvimonas micra	33033	S	3	1	4	0.0001137915
Nostoc linckia	92942	S	3	1	4	0.0001137915
Anabaena sp. WA102	1647413	S	1	3	4	0.0001137915
Calothrix sp. NIES-2100	1954172	S	3	1	4	0.0001137915
Scytonema sp. NIES-4073	2005464	S	2	2	4	0.0001137915
Rivularia sp. PCC 7116	373994	S	4	0	4	0.0001137915
Moorea producens	1155739	S	4	0	4	0.0001137915
Planktothrix rubescens	59512	S	2	2	4	0.0001137915
Oxynema sp. AP17	2064643	S	3	1	4	0.0001137915
Synechococcus sp. KORDI-100	1280380	S	4	0	4	0.0001137915
Synechococcus sp. PCC 8807	195248	S	2	2	4	0.0001137915
Synechococcus sp. WH 8102	84588	S	1	3	4	0.0001137915
Chroococcidiopsis thermalis	54299	S	4	0	4	0.0001137915
Mycoplasma yeatsii	51365	S	3	1	4	0.0001137915
Flavobacterium sp. CS20	2775246	S	3	1	4	0.0001137915
Polaribacter sp. ALD11	2058137	S	4	0	4	0.0001137915
Polaribacter sp. BM10	1529069	S	2	2	4	0.0001137915
Polaribacter vadi	1774273	S	4	0	4	0.0001137915
Capnocytophaga gingivalis	1017	S	4	0	4	0.0001137915
Capnocytophaga canimorsus	28188	S	4	0	4	0.0001137915
Formosa agariphila	320324	S	4	0	4	0.0001137915
Tenacibaculum sp. SZ-18	754423	S	4	0	4	0.0001137915
Winogradskyella sediminis	1382466	S	3	1	4	0.0001137915
Cellulophaga lytica	979	S	3	1	4	0.0001137915
Gramella sp. MAR_2010_147	1250205	S	3	1	4	0.0001137915
Aequorivita sp. H23M31	2494375	S	4	0	4	0.0001137915
Psychroflexus sp. ALD_RP9	2777186	S	4	0	4	0.0001137915
Arenibacter algicola	616991	S	4	0	4	0.0001137915
Oceanihabitans sp. IOP_32	2529032	S	3	1	4	0.0001137915
Gillisia sp. Hel1_33_143	1336796	S	3	1	4	0.0001137915
Chryseobacterium sp. 3008163	2478663	S	4	0	4	0.0001137915
Chryseobacterium sp. cx-624	2758037	S	4	0	4	0.0001137915
Chryseobacterium lactis	1241981	S	2	2	4	0.0001137915
Elizabethkingia anophelis	1117645	S	2	2	4	0.0001137915
Pedobacter cryoconitis	188932	S	4	0	4	0.0001137915
Sphingobacterium psychroaquaticum	561061	S	4	0	4	0.0001137915
Sphingobacterium spiritivorum	258	S	3	1	4	0.0001137915
Sphingobacterium lactis	797291	S	3	1	4	0.0001137915
Mucilaginibacter sp. 14171R-50	2703789	S	4	0	4	0.0001137915
Mucilaginibacter xinganensis	1234841	S	4	0	4	0.0001137915
Pseudopedobacter saltans	151895	S	3	1	4	0.0001137915
Rhodocytophaga rosea	2704465	S	4	0	4	0.0001137915
Hymenobacter busanensis	2607656	S	4	0	4	0.0001137915
Chitinophaga alhagiae	2203219	S	4	0	4	0.0001137915
Arachidicoccus soli	2341117	S	4	0	4	0.0001137915
Flavisolibacter ginsenosidimutans	661481	S	4	0	4	0.0001137915
Niastella koreensis	354356	S	4	0	4	0.0001137915
Phocaeicola dorei	357276	S	3	1	4	0.0001137915
Odoribacter splanchnicus	28118	S	3	1	4	0.0001137915
Ignavibacterium album	591197	S	4	0	4	0.0001137915
Gemmatimonas aurantiaca	173480	S	4	0	4	0.0001137915
Rosistilla carotiformis	2528017	S	2	2	4	0.0001137915
Planctomyces sp. SH-PL62	1636152	S	2	2	4	0.0001137915
Symmachiella dynata	2527995	S	4	0	4	0.0001137915
Akkermansia glycaniphila	1679444	S	4	0	4	0.0001137915
Coraliomargarita akajimensis	395922	S	4	0	4	0.0001137915
Chlamydia pneumoniae	83558	S	4	0	4	0.0001137915
Leptotrichia buccalis	40542	S	3	1	4	0.0001137915
Granulicella sp. WH15	2602070	S	4	0	4	0.0001137915
Chloracidobacterium thermophilum	458033	S	4	0	4	0.0001137915
Brachyspira murdochii	84378	S	4	0	4	0.0001137915
Candidatus Saccharimonas aalborgensis	1332188	S	3	1	4	0.0001137915
Dictyoglomus turgidum	513050	S	4	0	4	0.0001137915
Aminomonas paucivorans	81412	S	4	0	4	0.0001137915
Candidatus Nitrosotenuis cloacae	1603555	S	4	0	4	0.0001137915
uncultured crAssphage	1211417	S	4	0	4	0.0001137915
Yellowstone lake phycodnavirus 3	1586715	S	4	0	4	0.0001137915
Comamonas sp. NLF-7-7	2597701	S	3	0	3	0.0000853437
Polaromonas sp.	1869339	S	2	1	3	0.0000853437
Janthinobacterium sp. 17J80-10	2497863	S	3	0	3	0.0000853437
Massilia lutea	321985	S	3	0	3	0.0000853437
Herbaspirillum huttiense	863372	S	3	0	3	0.0000853437
Glaciimonas sp. PAMC28666	2807626	S	3	0	3	0.0000853437
Burkholderia pyrrocinia	60550	S	2	1	3	0.0000853437
Burkholderia sp. BDU8	1385592	S	3	0	3	0.0000853437
Burkholderia sp. MSMB0852	1637841	S	2	1	3	0.0000853437
Burkholderia plantarii	41899	S	3	0	3	0.0000853437
Paraburkholderia graminis	60548	S	3	0	3	0.0000853437
Paraburkholderia phenoliruptrix	252970	S	3	0	3	0.0000853437
Caballeronia insecticola	758793	S	3	0	3	0.0000853437
Bordetella sp. H567	1697043	S	3	0	3	0.0000853437
Bordetella sp. N	1746199	S	3	0	3	0.0000853437
Bordetella trematum	123899	S	3	0	3	0.0000853437
Bordetella flabilis	463014	S	3	0	3	0.0000853437
Chromobacterium sp. ATCC 53434	2059672	S	3	0	3	0.0000853437
Chromobacterium vaccinii	1108595	S	3	0	3	0.0000853437
Jeongeupia sp. USM3	1906741	S	3	0	3	0.0000853437
Neisseria subflava	28449	S	3	0	3	0.0000853437
Neisseria mucosa	488	S	2	1	3	0.0000853437
Aromatoleum petrolei	76116	S	3	0	3	0.0000853437
Aromatoleum aromaticum	551760	S	3	0	3	0.0000853437
Azoarcus sp. DN11	356837	S	3	0	3	0.0000853437
Azoarcus pumilus	2067960	S	3	0	3	0.0000853437
Thauera chlorobenzoica	96773	S	3	0	3	0.0000853437
Methylotenera versatilis	1055487	S	3	0	3	0.0000853437
Candidatus Methylopumilus universalis	2588536	S	3	0	3	0.0000853437
Denitratisoma oestradiolicum	311182	S	3	0	3	0.0000853437
Candidatus Nitrotoga sp. AM1P	2559597	S	3	0	3	0.0000853437
Acinetobacter sp. ACNIH1	1636603	S	2	1	3	0.0000853437
Acinetobacter nosocomialis	106654	S	2	1	3	0.0000853437
Acinetobacter shaoyimingii	2715164	S	3	0	3	0.0000853437
Acinetobacter larvae	1789224	S	3	0	3	0.0000853437
Pseudomonas sp. S34	1573718	S	3	0	3	0.0000853437
Pseudomonas sp. URMO17WK12:I11	1283291	S	2	1	3	0.0000853437
Pseudomonas sp. UW4	1207075	S	2	1	3	0.0000853437
Pseudomonas sp. TMW 2.1634	1886807	S	1	2	3	0.0000853437
Pseudomonas brenneri	129817	S	3	0	3	0.0000853437
Pseudomonas cedrina	651740	S	3	0	3	0.0000853437
Pseudomonas libanensis	75588	S	2	1	3	0.0000853437
Pseudomonas reinekei	395598	S	3	0	3	0.0000853437
Pseudomonas otitidis	319939	S	3	0	3	0.0000853437
Pseudomonas marincola	437900	S	3	0	3	0.0000853437
Pseudomonas lurida	244566	S	3	0	3	0.0000853437
Pseudomonas gozinkensis	2774461	S	3	0	3	0.0000853437
Enterobacter soli	885040	S	3	0	3	0.0000853437
Enterobacter sp. 638	399742	S	3	0	3	0.0000853437
Citrobacter koseri	545	S	2	1	3	0.0000853437
Cronobacter condimenti	1163710	S	3	0	3	0.0000853437
Kosakonia cowanii	208223	S	3	0	3	0.0000853437
Pseudescherichia vulneris	566	S	3	0	3	0.0000853437
Yersinia pseudotuberculosis	633	S	3	0	3	0.0000853437
Pantoea sp. PSNIH1	1484158	S	2	1	3	0.0000853437
Xenorhabdus nematophila	628	S	3	0	3	0.0000853437
Proteus mirabilis	584	S	2	1	3	0.0000853437
Edwardsiella piscicida	1263550	S	1	2	3	0.0000853437
Lysobacter sp. TY2-98	2290922	S	3	0	3	0.0000853437
Lysobacter gummosus	262324	S	3	0	3	0.0000853437
Lysobacter alkalisoli	2591633	S	3	0	3	0.0000853437
Stenotrophomonas sp. YAU14A_MKIMI4_1	2072408	S	1	2	3	0.0000853437
Stenotrophomonas sp. LM091	1904944	S	3	0	3	0.0000853437
Xanthomonas translucens	343	S	3	0	3	0.0000853437
Xanthomonas hortorum	56454	S	3	0	3	0.0000853437
Xanthomonas oryzae	347	S	3	0	3	0.0000853437
Xanthomonas arboricola	56448	S	2	1	3	0.0000853437
Thermomonas carbonis	1463158	S	3	0	3	0.0000853437
Dyella thiooxydans	445710	S	3	0	3	0.0000853437
Luteibacter pinisoli	2589080	S	3	0	3	0.0000853437
Halomonas sp. MCCC 1A13316	2733487	S	3	0	3	0.0000853437
Halomonas beimenensis	475662	S	3	0	3	0.0000853437
Candidatus Portiera aleyrodidarum	91844	S	3	0	3	0.0000853437
Hahella sp. KA22	1628392	S	3	0	3	0.0000853437
Marinobacterium sp. LSUCC0821	2668067	S	3	0	3	0.0000853437
Kangiella sediminilitoris	1144748	S	3	0	3	0.0000853437
Pseudoalteromonas sp. SM1988	2744479	S	3	0	3	0.0000853437
Pseudoalteromonas tunicata	314281	S	3	0	3	0.0000853437
Pseudoalteromonas agarivorans	176102	S	2	1	3	0.0000853437
Colwellia sp. Arc7-635	2497879	S	3	0	3	0.0000853437
Granulosicoccus antarcticus	437505	S	3	0	3	0.0000853437
Thiohalobacter sp. COW1	2795687	S	3	0	3	0.0000853437
Sulfurivermis fontis	1972068	S	3	0	3	0.0000853437
Wenzhouxiangella marina	1579979	S	3	0	3	0.0000853437
Haemophilus influenzae	727	S	2	1	3	0.0000853437
Gallibacterium anatis	750	S	3	0	3	0.0000853437
Aeromonas sp. CA23	2033032	S	3	0	3	0.0000853437
Vibrio diabolicus	50719	S	3	0	3	0.0000853437
Vibrio mediterranei	689	S	3	0	3	0.0000853437
Photobacterium damselae	38293	S	3	0	3	0.0000853437
Methylomonas methanica	421	S	3	0	3	0.0000853437
Legionella sp. TUM19329	2708020	S	3	0	3	0.0000853437
Legionella pneumophila	446	S	3	0	3	0.0000853437
Allofrancisella guangzhouensis	594679	S	3	0	3	0.0000853437
Halioglobus pacificus	930806	S	3	0	3	0.0000853437
Sulfuricaulis limicola	1620215	S	3	0	3	0.0000853437
Bradyrhizobium sp. 6(2017)	1197460	S	3	0	3	0.0000853437
Bradyrhizobium sp. CCBAU 53338	1325111	S	2	1	3	0.0000853437
Bosea sp. AS-1	2015316	S	3	0	3	0.0000853437
Nitrobacter hamburgensis	912	S	3	0	3	0.0000853437
Methylobacterium sp. AMS5	925818	S	2	1	3	0.0000853437
Rhizobium pseudoryzae	379684	S	3	0	3	0.0000853437
Rhizobium flavum	1335061	S	2	1	3	0.0000853437
Agrobacterium fabrum	1176649	S	1	2	3	0.0000853437
Ensifer sp. PDNC004	2811423	S	3	0	3	0.0000853437
Mesorhizobium sp. M3A.F.Ca.ET.080.04.2.1	2493676	S	3	0	3	0.0000853437
Mesorhizobium opportunistum	593909	S	3	0	3	0.0000853437
Mesorhizobium oceanicum	1670800	S	3	0	3	0.0000853437
Chelativorans sp. BNC1	266779	S	3	0	3	0.0000853437
Devosia sp. S02	2657486	S	3	0	3	0.0000853437
Paradevosia shaoguanensis	1335043	S	2	1	3	0.0000853437
Pseudolabrys taiwanensis	331696	S	3	0	3	0.0000853437
Ancylobacter sp. TS-1	1850374	S	2	1	3	0.0000853437
Aureimonas sp. AU20	1349819	S	3	0	3	0.0000853437
Methylocystis parvus	134	S	3	0	3	0.0000853437
Bartonella australis	388640	S	3	0	3	0.0000853437
Methylocella silvestris	199596	S	3	0	3	0.0000853437
Methylovirgula ligni	569860	S	3	0	3	0.0000853437
Candidatus Phaeomarinobacter ectocarpi	1458461	S	3	0	3	0.0000853437
Breoghania sp. L-A4	2304600	S	3	0	3	0.0000853437
Sphingomonas sp. HDW15A	2714942	S	3	0	3	0.0000853437
Sphingomonas sp. HDW15B	2714943	S	3	0	3	0.0000853437
Sphingomonas sp. sand1-3	2764186	S	3	0	3	0.0000853437
Sphingomonas sp. C8-2	2492837	S	2	1	3	0.0000853437
Sphingomonas sp. NIC1	1961362	S	2	1	3	0.0000853437
Sphingomonas paucimobilis	13689	S	3	0	3	0.0000853437
Sphingomonas lutea	1045317	S	3	0	3	0.0000853437
Sphingobium sp. SCG-1	2072936	S	3	0	3	0.0000853437
Sphingobium sp. CAP-1	2676077	S	2	1	3	0.0000853437
Sphingobium sp. MI1205	407020	S	1	2	3	0.0000853437
Novosphingobium sp. P6W	1609758	S	3	0	3	0.0000853437
Parasphingorhabdus sp. JHSY0214	2806553	S	3	0	3	0.0000853437
Erythrobacter aureus	2182384	S	3	0	3	0.0000853437
Altererythrobacter sp. ZODW24	2185142	S	3	0	3	0.0000853437
Altererythrobacter sp. BO-6	2604537	S	3	0	3	0.0000853437
Qipengyuania seohaensis	266951	S	3	0	3	0.0000853437
Tsuneonella mangrovi	1982042	S	3	0	3	0.0000853437
Tsuneonella amylolytica	2338327	S	3	0	3	0.0000853437
Paraurantiacibacter namhicola	645517	S	3	0	3	0.0000853437
Sphingosinicella sp. BN140058	1892855	S	3	0	3	0.0000853437
Sulfitobacter sp. SK011	1389004	S	3	0	3	0.0000853437
Sulfitobacter pontiacus	60137	S	2	1	3	0.0000853437
Yangia sp. CCB-MM3	1792508	S	3	0	3	0.0000853437
Epibacterium mobile	379347	S	3	0	3	0.0000853437
Boseongicola sp. CCM32	2552942	S	3	0	3	0.0000853437
Roseicitreum antarcticum	564137	S	3	0	3	0.0000853437
Dinoroseobacter shibae	215813	S	3	0	3	0.0000853437
Oceanicola sp. D3	2587163	S	3	0	3	0.0000853437
Pseudorhodobacter turbinis	2500533	S	3	0	3	0.0000853437
Brevundimonas sp. GRTSA-9	2800818	S	3	0	3	0.0000853437
Brevundimonas sp. Bb-A	2560058	S	1	2	3	0.0000853437
Caulobacter rhizosphaerae	2010972	S	3	0	3	0.0000853437
Terricaulis silvestris	2686094	S	3	0	3	0.0000853437
Azospirillum thiophilum	528244	S	3	0	3	0.0000853437
Azospirillum ramasamyi	682998	S	3	0	3	0.0000853437
Niveispirillum cyanobacteriorum	1612173	S	3	0	3	0.0000853437
Rickettsia sp. Tillamook 23	2761623	S	3	0	3	0.0000853437
Wolbachia endosymbiont of Dirofilaria (Dirofilaria) immitis	1812115	S	1	2	3	0.0000853437
Ehrlichia ruminantium	779	S	2	1	3	0.0000853437
Rickettsiales endosymbiont of Stachyamoeba lipophora	2486578	S	3	0	3	0.0000853437
Phreatobacter sp. NMCR1094	2570229	S	3	0	3	0.0000853437
Candidatus Paracaedibacter acanthamoebae	91604	S	3	0	3	0.0000853437
Myxococcus hansupus	1297742	S	3	0	3	0.0000853437
Anaeromyxobacter sp. K	447217	S	2	1	3	0.0000853437
Vulgatibacter incomptus	1391653	S	3	0	3	0.0000853437
Geobacter bremensis	60035	S	3	0	3	0.0000853437
Desulfovibrio sp. IOR2	2583823	S	3	0	3	0.0000853437
Desulfosarcina ovata	83564	S	3	0	3	0.0000853437
Desulfocapsa sulfexigens	65555	S	3	0	3	0.0000853437
Desulfurivibrio alkaliphilus	427923	S	3	0	3	0.0000853437
Campylobacter showae	204	S	3	0	3	0.0000853437
Halarcobacter ebronensis	1462615	S	3	0	3	0.0000853437
Helicobacter typhlonius	76936	S	3	0	3	0.0000853437
Halobacteriovorax sp. BALOs_7	2109558	S	3	0	3	0.0000853437
Rhodococcus sp. P-2	2795031	S	3	0	3	0.0000853437
Rhodococcus sp. S2-17	1990687	S	1	2	3	0.0000853437
Nocardia sp. CS682	1047172	S	3	0	3	0.0000853437
Nocardia farcinica	37329	S	3	0	3	0.0000853437
Mycolicibacterium smegmatis	1772	S	3	0	3	0.0000853437
Mycolicibacterium helvum	1534349	S	3	0	3	0.0000853437
Mycobacterium sp. THAF192	2587868	S	1	2	3	0.0000853437
Mycobacterium kansasii	1768	S	3	0	3	0.0000853437
Mycobacterium gordonae	1778	S	3	0	3	0.0000853437
Mycolicibacillus koreensis	1069220	S	3	0	3	0.0000853437
Corynebacterium pelargi	1471400	S	3	0	3	0.0000853437
Corynebacterium urealyticum	43771	S	3	0	3	0.0000853437
Corynebacterium vitaeruminis	38305	S	2	1	3	0.0000853437
Corynebacterium amycolatum	43765	S	1	2	3	0.0000853437
Gordonia sp. KTR9	337191	S	3	0	3	0.0000853437
Tomitella sp. HY172	2760083	S	2	1	3	0.0000853437
Lawsonella clevelandensis	1528099	S	3	0	3	0.0000853437
Microlunatus sp. Gsoil 973	2672569	S	3	0	3	0.0000853437
Microlunatus phosphovorus	29405	S	3	0	3	0.0000853437
Microlunatus sagamiharensis	546874	S	3	0	3	0.0000853437
Acidipropionibacterium jensenii	1749	S	3	0	3	0.0000853437
Brevilactibacter sp. MC1595	2819349	S	3	0	3	0.0000853437
Nocardioides sp. S-713	2760089	S	3	0	3	0.0000853437
Nocardioides sp. zg-579	2663857	S	3	0	3	0.0000853437
Nocardioides dokdonensis	450734	S	3	0	3	0.0000853437
Nocardioides anomalus	2712223	S	3	0	3	0.0000853437
Mumia sp. ZJ1417	2708082	S	3	0	3	0.0000853437
Microbacterium sp. NY27	2782169	S	3	0	3	0.0000853437
Microbacterium sp. YJN-G	2763257	S	3	0	3	0.0000853437
Microbacterium sp. No. 7	1714373	S	3	0	3	0.0000853437
Microbacterium sp. BH-3-3-3	1906742	S	3	0	3	0.0000853437
Microbacterium sp. PAMC 28756	1795053	S	1	2	3	0.0000853437
Microbacterium chocolatum	84292	S	3	0	3	0.0000853437
Microbacterium wangchenii	2541726	S	3	0	3	0.0000853437
Curtobacterium sp. 24E2	2804758	S	3	0	3	0.0000853437
Agromyces aureus	453304	S	3	0	3	0.0000853437
Agromyces flavus	589382	S	3	0	3	0.0000853437
Agromyces badenianii	2080742	S	3	0	3	0.0000853437
Rhodoluna limnophila	232537	S	3	0	3	0.0000853437
Clavibacter michiganensis	28447	S	3	0	3	0.0000853437
Paenarthrobacter ureafaciens	37931	S	1	2	3	0.0000853437
Arthrobacter sp. 24S4-2	2575374	S	3	0	3	0.0000853437
Arthrobacter sp. U41	1849032	S	3	0	3	0.0000853437
Arthrobacter sp. NEB 688	904039	S	3	0	3	0.0000853437
Rothia kristinae	37923	S	3	0	3	0.0000853437
Kocuria rosea	1275	S	3	0	3	0.0000853437
Pseudarthrobacter sp. BIM B-2242	2772401	S	3	0	3	0.0000853437
Glutamicibacter protophormiae	37930	S	3	0	3	0.0000853437
Auritidibacter sp. NML130574	2170745	S	3	0	3	0.0000853437
Psychromicrobium lacuslunae	1618207	S	3	0	3	0.0000853437
Luteipulveratus mongoliensis	571913	S	3	0	3	0.0000853437
Cellulomonas sp. JZ18	2654191	S	3	0	3	0.0000853437
Cellulomonas shaoxiangyii	2566013	S	3	0	3	0.0000853437
Oerskovia sp. KBS0722	1179673	S	3	0	3	0.0000853437
Ornithinimicrobium sp. HY006	2508882	S	3	0	3	0.0000853437
Brachybacterium sp. P6-10-X1	1903186	S	3	0	3	0.0000853437
Georgenia faecalis	2483799	S	3	0	3	0.0000853437
Beutenbergia cavernae	84757	S	3	0	3	0.0000853437
Miniimonas sp. S16	2171623	S	3	0	3	0.0000853437
Streptomyces sp. ZYC-3	2797636	S	3	0	3	0.0000853437
Streptomyces sp. W1SF4	2305220	S	3	0	3	0.0000853437
Streptomyces hygroscopicus	1912	S	4	-1	3	0.0000853437
Streptomyces bingchenggensis	379067	S	3	0	3	0.0000853437
Streptomyces albulus	68570	S	3	0	3	0.0000853437
Streptomyces alfalfae	1642299	S	3	0	3	0.0000853437
Streptomyces capitiformicae	2014920	S	3	0	3	0.0000853437
Streptomyces antimycoticus	68175	S	3	0	3	0.0000853437
Streptomyces luteoverticillatus	66425	S	3	0	3	0.0000853437
Streptomyces buecherae	2763006	S	3	0	3	0.0000853437
Streptomyces mobaraensis	35621	S	3	0	3	0.0000853437
Streptomyces albus	1888	S	3	0	3	0.0000853437
Streptomyces albireticuli	1940	S	3	0	3	0.0000853437
Streptomyces lavendulae	1914	S	3	0	3	0.0000853437
Amycolatopsis methanolica	1814	S	3	0	3	0.0000853437
Amycolatopsis mediterranei	33910	S	3	0	3	0.0000853437
Pseudonocardia sp. CGMCC 4.1532	2761535	S	3	0	3	0.0000853437
Saccharomonospora azurea	40988	S	3	0	3	0.0000853437
Saccharothrix syringae	103733	S	3	0	3	0.0000853437
Saccharopolyspora erythraea	1836	S	3	0	3	0.0000853437
Actinoalloteichus hymeniacidonis	340345	S	2	1	3	0.0000853437
Actinosynnema pretiosum	42197	S	1	2	3	0.0000853437
Alloactinosynnema sp. L-07	1653480	S	3	0	3	0.0000853437
Micromonospora echinospora	1877	S	3	0	3	0.0000853437
Micromonospora narathiwatensis	299146	S	3	0	3	0.0000853437
Actinoplanes missouriensis	1866	S	3	0	3	0.0000853437
Salinispora tropica	168695	S	3	0	3	0.0000853437
Actinomyces sp. zg-332	2708340	S	3	0	3	0.0000853437
Actinomyces sp. HMT 175	2789425	S	1	2	3	0.0000853437
Actinomyces viscosus	1656	S	3	0	3	0.0000853437
Schaalia odontolytica	1660	S	3	0	3	0.0000853437
Streptosporangium roseum	2001	S	3	0	3	0.0000853437
Actinomadura sp. WMMB 499	1219491	S	3	0	3	0.0000853437
Actinomadura sp. WMMA1423	2591108	S	3	0	3	0.0000853437
Bifidobacterium adolescentis	1680	S	3	0	3	0.0000853437
Frankia casuarinae	106370	S	3	0	3	0.0000853437
Collinsella aerofaciens	74426	S	3	0	3	0.0000853437
Egibacter rhizosphaerae	1670831	S	3	0	3	0.0000853437
Rubrobacter xylanophilus	49319	S	3	0	3	0.0000853437
Bacillus cytotoxicus	580165	S	3	0	3	0.0000853437
Bacillus sonorensis	119858	S	3	0	3	0.0000853437
Lysinibacillus sp. FJAT-51161	2590012	S	1	2	3	0.0000853437
Metabacillus sp. KUDC1714	2745198	S	3	0	3	0.0000853437
Mesobacillus foraminis	279826	S	3	0	3	0.0000853437
Staphylococcus saccharolyticus	33028	S	3	0	3	0.0000853437
Macrococcus canis	1855823	S	3	0	3	0.0000853437
Macrococcus bohemicus	1903056	S	1	2	3	0.0000853437
Sporosarcina sp. P37	1930546	S	1	2	3	0.0000853437
Ureibacillus thermophilus	367743	S	1	2	3	0.0000853437
Alicyclobacillus acidocaldarius	405212	S	3	0	3	0.0000853437
Tumebacillus avium	1903704	S	3	0	3	0.0000853437
Streptococcus sp. I-P16	1156433	S	1	2	3	0.0000853437
Streptococcus sp. HSISS2	1316411	S	1	2	3	0.0000853437
Streptococcus pantholopis	1811193	S	3	0	3	0.0000853437
Streptococcus koreensis	2382163	S	2	1	3	0.0000853437
Lactococcus taiwanensis	1151742	S	3	0	3	0.0000853437
Lactococcus garvieae	1363	S	2	1	3	0.0000853437
Lactobacillus helveticus	1587	S	3	0	3	0.0000853437
Lactobacillus iners	147802	S	3	0	3	0.0000853437
Lactobacillus acetotolerans	1600	S	3	0	3	0.0000853437
Lactobacillus crispatus	47770	S	3	0	3	0.0000853437
Lactobacillus delbrueckii	1584	S	2	1	3	0.0000853437
Lacticaseibacillus manihotivorans	88233	S	1	2	3	0.0000853437
Enterococcus mundtii	53346	S	3	0	3	0.0000853437
Tetragenococcus halophilus	51669	S	3	0	3	0.0000853437
Carnobacterium maltaromaticum	2751	S	3	0	3	0.0000853437
Dolosigranulum pigrum	29394	S	3	0	3	0.0000853437
Clostridium sp. JN-1	2483110	S	3	0	3	0.0000853437
Clostridium baratii	1561	S	3	0	3	0.0000853437
Clostridium septicum	1504	S	3	0	3	0.0000853437
Clostridium tyrobutyricum	1519	S	3	0	3	0.0000853437
Clostridium sporogenes	1509	S	1	2	3	0.0000853437
Hathewaya histolytica	1498	S	3	0	3	0.0000853437
Anaerostipes hadrus	649756	S	3	0	3	0.0000853437
Roseburia intestinalis	166486	S	2	1	3	0.0000853437
Pseudoclostridium thermosuccinogenes	84032	S	3	0	3	0.0000853437
Romboutsia sp. CE17	2724150	S	3	0	3	0.0000853437
Paeniclostridium sordellii	1505	S	3	0	3	0.0000853437
Peptacetobacter hiranonis	89152	S	3	0	3	0.0000853437
Phascolarctobacterium faecium	33025	S	3	0	3	0.0000853437
Nostoc sp. C052	2576902	S	3	0	3	0.0000853437
Calothrix parietina	32054	S	3	0	3	0.0000853437
Chondrocystis sp. NIES-4102	2005460	S	3	0	3	0.0000853437
Synechococcus sp. JA-2-3B'a(2-13)	321332	S	3	0	3	0.0000853437
Mycoplasma tullyi	1612150	S	3	0	3	0.0000853437
Mycoplasma neurolyticum	2120	S	3	0	3	0.0000853437
Mycoplasma conjunctivae	45361	S	1	2	3	0.0000853437
Thermus aquaticus	271	S	3	0	3	0.0000853437
Thermus sp. CCB_US3_UF1	1111069	S	3	0	3	0.0000853437
Meiothermus ruber	277	S	3	0	3	0.0000853437
Truepera radiovictrix	332249	S	3	0	3	0.0000853437
Roseiflexus sp. RS-1	357808	S	3	0	3	0.0000853437
Candidatus Promineofilum breve	1806508	S	3	0	3	0.0000853437
Flavobacterium album	2175091	S	3	0	3	0.0000853437
Flavobacterium alkalisoli	2602769	S	3	0	3	0.0000853437
Polaribacter sp. L12M9	2738844	S	3	0	3	0.0000853437
Polaribacter sp. G4M1	2808900	S	3	0	3	0.0000853437
Capnocytophaga sputigena	1019	S	3	0	3	0.0000853437
Cellulophaga algicola	59600	S	3	0	3	0.0000853437
Cellulophaga sp. L1A9	2686362	S	3	0	3	0.0000853437
Aquimarina sp. AD1	1714848	S	3	0	3	0.0000853437
Aequorivita sublithincola	101385	S	3	0	3	0.0000853437
Lacinutrix sp. Bg11-31	2057808	S	3	0	3	0.0000853437
Psychroflexus torquis	57029	S	3	0	3	0.0000853437
Seonamhaeicola sp. S2-3	1936081	S	3	0	3	0.0000853437
Mariniflexile sp. TRM1-10	2027857	S	3	0	3	0.0000853437
Flagellimonas maritima	1383885	S	3	0	3	0.0000853437
Dokdonia sp. PRO95	1239415	S	3	0	3	0.0000853437
Chryseobacterium sp. StRB126	878220	S	3	0	3	0.0000853437
Chryseobacterium sp. 6424	2039166	S	3	0	3	0.0000853437
Chryseobacterium sp. G0201	2487065	S	3	0	3	0.0000853437
Chryseobacterium cucumeris	1813611	S	3	0	3	0.0000853437
Chryseobacterium glaciei	1685010	S	3	0	3	0.0000853437
Chryseobacterium joostei	112234	S	2	1	3	0.0000853437
Kaistella carnis	1241979	S	3	0	3	0.0000853437
Kaistella daneshvariae	2487074	S	3	0	3	0.0000853437
Elizabethkingia sp. JS20170427COW	2583851	S	3	0	3	0.0000853437
Elizabethkingia miricola	172045	S	2	1	3	0.0000853437
Candidatus Sulcia muelleri	336810	S	3	0	3	0.0000853437
Pedobacter sp. eg	2201271	S	3	0	3	0.0000853437
Pedobacter steynii	430522	S	3	0	3	0.0000853437
Mucilaginibacter paludis	423351	S	3	0	3	0.0000853437
Spirosoma sp. PL0136	2710596	S	3	0	3	0.0000853437
Runella sp. SP2	2268026	S	3	0	3	0.0000853437
Hymenobacter sp. DG25A	1385663	S	3	0	3	0.0000853437
Hymenobacter swuensis	1446467	S	3	0	3	0.0000853437
Pontibacter akesuensis	388950	S	3	0	3	0.0000853437
Rufibacter tibetensis	512763	S	3	0	3	0.0000853437
Algoriphagus sanaruensis	1727163	S	3	0	3	0.0000853437
Echinicola sp. 20G	2781961	S	3	0	3	0.0000853437
Paraprevotella xylaniphila	454155	S	3	0	3	0.0000853437
Rhodothermus marinus	29549	S	3	0	3	0.0000853437
Chlorobium phaeobacteroides	1096	S	2	1	3	0.0000853437
Candidatus Cyclonatronum proteinivorum	1457365	S	3	0	3	0.0000853437
Tuwongella immobilis	692036	S	3	0	3	0.0000853437
Rosistilla oblonga	2527990	S	2	1	3	0.0000853437
Lacipirellula limnantheis	2528024	S	3	0	3	0.0000853437
Pirellulimonas nuda	2528009	S	3	0	3	0.0000853437
Gimesia chilikensis	2605989	S	3	0	3	0.0000853437
Fuerstia marisgermanicae	1891926	S	3	0	3	0.0000853437
Alienimonas californiensis	2527989	S	3	0	3	0.0000853437
Candidatus Protochlamydia naegleriophila	389348	S	1	2	3	0.0000853437
Criblamydia sequanensis	340071	S	3	0	3	0.0000853437
Fusobacterium mortiferum	850	S	3	0	3	0.0000853437
Fusobacterium ulcerans	861	S	3	0	3	0.0000853437
Fusobacterium sp. NSJ-57	2764326	S	3	0	3	0.0000853437
Defluviitoga tunisiensis	1006576	S	3	0	3	0.0000853437
Candidatus Nitrospira inopinata	1715989	S	3	0	3	0.0000853437
Caldisericum exile	693075	S	3	0	3	0.0000853437
Halosimplex pelagicum	869886	S	2	1	3	0.0000853437
Halobacterium sp. DL1	751944	S	3	0	3	0.0000853437
Halopiger xanaduensis	387343	S	3	0	3	0.0000853437
Methanococcus vannielii	2187	S	2	1	3	0.0000853437
Cellulophaga phage phi14:2	1327990	S	2	1	3	0.0000853437
Sulfitobacter phage NYA-2014a	1526550	S	2	1	3	0.0000853437
Synechococcus phage S-CBS3	753085	S	3	0	3	0.0000853437
Flavobacterium phage vB_FspS_snusmum6-1	2686273	S	2	1	3	0.0000853437
Streptococcus phage 5093	646413	S	2	1	3	0.0000853437
Cyanophage S-RIM32	1278479	S	2	1	3	0.0000853437
Curvibacter virus P26059B	2733926	S	3	0	3	0.0000853437
Rhizobium virus RHEph01	2733939	S	2	1	3	0.0000853437
Moumouvirus	985782	S	3	0	3	0.0000853437
Choristoneura rosaceana entomopoxvirus	1993631	S	3	0	3	0.0000853437
Massilia putida	1141883	S	2	0	2	0.0000568958
Herbaspirillum robiniae	2014887	S	2	0	2	0.0000568958
Herbaspirillum sp. meg3	2025949	S	2	0	2	0.0000568958
Burkholderia sp. IDO3	1705310	S	1	1	2	0.0000568958
Burkholderia thailandensis	57975	S	2	0	2	0.0000568958
Burkholderia glumae	337	S	2	0	2	0.0000568958
Cupriavidus nantongensis	1796606	S	1	1	2	0.0000568958
Paraburkholderia sp. Msb3	2604047	S	2	0	2	0.0000568958
Paraburkholderia sp. PGU16	2735433	S	2	0	2	0.0000568958
Paraburkholderia sprentiae	948107	S	2	0	2	0.0000568958
Paraburkholderia dokdonella	2211211	S	2	0	2	0.0000568958
Paraburkholderia acidiphila	2571747	S	2	0	2	0.0000568958
Paraburkholderia caledonica	134536	S	2	0	2	0.0000568958
Pandoraea sputorum	93222	S	2	0	2	0.0000568958
Pandoraea faecigallinarum	656179	S	2	0	2	0.0000568958
Pandoraea fibrosis	1891094	S	2	0	2	0.0000568958
Ephemeroptericola cinctiostellae	2268024	S	2	0	2	0.0000568958
Bordetella bronchialis	463025	S	2	0	2	0.0000568958
Bordetella genomosp. 13	463040	S	2	0	2	0.0000568958
Bordetella pertussis	520	S	1	1	2	0.0000568958
Achromobacter sp. MFA1 R4	1881016	S	2	0	2	0.0000568958
Advenella mimigardefordensis	302406	S	2	0	2	0.0000568958
Chromobacterium sp. Rain0013	2292447	S	1	1	2	0.0000568958
Aquitalea magnusonii	332411	S	1	1	2	0.0000568958
Laribacter hongkongensis	168471	S	2	0	2	0.0000568958
Neisseria animalis	492	S	2	0	2	0.0000568958
Neisseria zoodegmatis	326523	S	2	0	2	0.0000568958
Kingella denitrificans	502	S	2	0	2	0.0000568958
Methylophilus medardicus	2588534	S	2	0	2	0.0000568958
Sulfuritalea hydrogenivorans	748811	S	2	0	2	0.0000568958
Nitrosomonas eutropha	916	S	2	0	2	0.0000568958
Sideroxydans lithotrophicus	63745	S	2	0	2	0.0000568958
Thiobacillus denitrificans	36861	S	2	0	2	0.0000568958
Sulfuritortus calidifontis	1914471	S	2	0	2	0.0000568958
Acinetobacter bereziniae	106648	S	2	0	2	0.0000568958
Acinetobacter radioresistens	40216	S	2	0	2	0.0000568958
Acinetobacter towneri	202956	S	1	1	2	0.0000568958
Moraxella bovis	476	S	2	0	2	0.0000568958
Psychrobacter urativorans	45610	S	2	0	2	0.0000568958
Pseudomonas sp. CMR5c	658630	S	2	0	2	0.0000568958
Pseudomonas sp. 31-12	2201356	S	2	0	2	0.0000568958
Pseudomonas sp. LG1E9	2219057	S	2	0	2	0.0000568958
Pseudomonas sp. NS1(2017)	2025658	S	2	0	2	0.0000568958
Pseudomonas sp. S-6-2	1931241	S	2	0	2	0.0000568958
Pseudomonas sp. B10	118613	S	2	0	2	0.0000568958
Pseudomonas sp. CCOS 191	1649877	S	2	0	2	0.0000568958
Pseudomonas sp. S1-A32-2	2731681	S	2	0	2	0.0000568958
Pseudomonas sp. ABC1	2748080	S	2	0	2	0.0000568958
Pseudomonas sp. PDNC002	2811422	S	2	0	2	0.0000568958
Pseudomonas sp. StFLB209	1028989	S	2	0	2	0.0000568958
Pseudomonas sp. SDM007	2812000	S	2	0	2	0.0000568958
Pseudomonas corrugata	47879	S	2	0	2	0.0000568958
Pseudomonas migulae	78543	S	2	0	2	0.0000568958
Pseudomonas cichorii	36746	S	2	0	2	0.0000568958
Pseudomonas psychrotolerans	237610	S	2	0	2	0.0000568958
Pseudomonas xinjiangensis	487184	S	2	0	2	0.0000568958
Pseudomonas moraviensis	321662	S	2	0	2	0.0000568958
Pseudomonas frederiksbergensis	104087	S	2	0	2	0.0000568958
Pseudomonas graminis	158627	S	2	0	2	0.0000568958
Pseudomonas granadensis	1421430	S	2	0	2	0.0000568958
Pseudomonas koreensis	198620	S	2	0	2	0.0000568958
Pseudomonas brassicacearum	930166	S	1	1	2	0.0000568958
Azotobacter chroococcum	353	S	2	0	2	0.0000568958
Salmonella bongori	54736	S	2	0	2	0.0000568958
Leclercia sp. 29361	2714951	S	2	0	2	0.0000568958
Citrobacter sp. LY-1	2546350	S	2	0	2	0.0000568958
Citrobacter sp. RHB25-C09	2742624	S	2	0	2	0.0000568958
Citrobacter farmeri	67824	S	1	1	2	0.0000568958
Enterobacteriaceae endosymbiont of Donacia cincticornis	2675773	S	2	0	2	0.0000568958
Enterobacteriaceae endosymbiont of Donacia bicoloricornis	2675772	S	2	0	2	0.0000568958
Kosakonia sacchari	1158459	S	2	0	2	0.0000568958
Kluyvera genomosp. 3	2774055	S	2	0	2	0.0000568958
[Enterobacter] lignolyticus	1334193	S	2	0	2	0.0000568958
Jejubacter calystegiae	2579935	S	2	0	2	0.0000568958
Shimwellia blattae	563	S	2	0	2	0.0000568958
Cedecea neteri	158822	S	2	0	2	0.0000568958
Serratia liquefaciens	614	S	2	0	2	0.0000568958
Yersinia similis	367190	S	2	0	2	0.0000568958
Yersinia kristensenii	28152	S	1	1	2	0.0000568958
Yersinia massiliensis	419257	S	1	1	2	0.0000568958
Rahnella aquatilis	34038	S	2	0	2	0.0000568958
Rahnella sp. ERMR1:05	1805933	S	2	0	2	0.0000568958
Pantoea agglomerans	549	S	2	0	2	0.0000568958
Photorhabdus thracensis	230089	S	2	0	2	0.0000568958
Photorhabdus laumondii	2218628	S	2	0	2	0.0000568958
Dickeya sp. NCPPB 3274	568766	S	1	1	2	0.0000568958
Plesiomonas shigelloides	703	S	2	0	2	0.0000568958
Lysobacter sp. H21R20	2781022	S	1	1	2	0.0000568958
Lysobacter lycopersici	1324796	S	2	0	2	0.0000568958
Lysobacter maris	1605891	S	2	0	2	0.0000568958
Stenotrophomonas sp. 364	2691571	S	2	0	2	0.0000568958
Stenotrophomonas sp. 169	2770322	S	2	0	2	0.0000568958
Xanthomonas cassavae	56450	S	2	0	2	0.0000568958
Xanthomonas sacchari	56458	S	2	0	2	0.0000568958
Luteimonas sp. YGD11-2	2508168	S	2	0	2	0.0000568958
Luteimonas sp. MC1825	2761107	S	2	0	2	0.0000568958
Luteimonas sp. MC1572	2799325	S	2	0	2	0.0000568958
Luteimonas sp. MC1750	2799326	S	2	0	2	0.0000568958
Luteimonas chenhongjianii	2006110	S	2	0	2	0.0000568958
Thermomonas sp. SY21	2202149	S	2	0	2	0.0000568958
Xylella taiwanensis	1444770	S	2	0	2	0.0000568958
Arenimonas daejeonensis	370777	S	2	0	2	0.0000568958
Luteibacter rhizovicinus	242606	S	2	0	2	0.0000568958
Halomonas meridiana	29570	S	2	0	2	0.0000568958
Halomonas aestuarii	1897729	S	2	0	2	0.0000568958
Halomonas chromatireducens	507626	S	2	0	2	0.0000568958
Kushneria phosphatilytica	657387	S	2	0	2	0.0000568958
Hahella chejuensis	158327	S	2	0	2	0.0000568958
Spartinivicinus ruber	2683272	S	2	0	2	0.0000568958
Bacterioplanes sanyensis	1249553	S	2	0	2	0.0000568958
Alcanivorax sp. N3-2A	2014542	S	2	0	2	0.0000568958
Alcanivorax dieselolei	285091	S	1	1	2	0.0000568958
Kangiella koreensis	261964	S	2	0	2	0.0000568958
Litoricola lipolytica	418701	S	2	0	2	0.0000568958
Shewanella psychrophila	225848	S	2	0	2	0.0000568958
Shewanella maritima	2520507	S	2	0	2	0.0000568958
Shewanella khirikhana	1965282	S	2	0	2	0.0000568958
Pseudoalteromonas xiamenensis	882626	S	2	0	2	0.0000568958
Pseudoalteromonas espejiana	28107	S	2	0	2	0.0000568958
Pseudoalteromonas lipolytica	570156	S	1	1	2	0.0000568958
Psychrosphaera aestuarii	1266052	S	2	0	2	0.0000568958
Marinobacter sp. BSs20148	490759	S	2	0	2	0.0000568958
Salinimonas sediminis	2303538	S	2	0	2	0.0000568958
Colwellia beringensis	1967665	S	2	0	2	0.0000568958
Psychromonas sp. CNPT3	314282	S	2	0	2	0.0000568958
Thioalkalivibrio sulfidiphilus	1033854	S	2	0	2	0.0000568958
Thioalkalivibrio paradoxus	108010	S	1	1	2	0.0000568958
Spiribacter curvatus	1335757	S	2	0	2	0.0000568958
Acidihalobacter aeolianus	2792603	S	2	0	2	0.0000568958
Rheinheimera sp. D18	2545632	S	2	0	2	0.0000568958
Candidatus Nitrosoglobus terrae	1630141	S	2	0	2	0.0000568958
Woeseia oceani	1548547	S	2	0	2	0.0000568958
Actinobacillus equuli	718	S	2	0	2	0.0000568958
Glaesserella parasuis	738	S	1	1	2	0.0000568958
Aeromonas schubertii	652	S	2	0	2	0.0000568958
Tolumonas auensis	43948	S	2	0	2	0.0000568958
Vibrio harveyi	669	S	2	0	2	0.0000568958
Vibrio sp. SM1977	2662262	S	2	0	2	0.0000568958
Vibrio vulnificus	672	S	2	0	2	0.0000568958
Vibrio kanaloae	170673	S	2	0	2	0.0000568958
Vibrio cincinnatiensis	675	S	2	0	2	0.0000568958
Legionella jordanis	456	S	2	0	2	0.0000568958
Legionella anisa	28082	S	2	0	2	0.0000568958
Legionella sainthelensi	28087	S	2	0	2	0.0000568958
Candidatus Coxiella mudrowiae	2054173	S	2	0	2	0.0000568958
Francisella sp. FSC1006	1547445	S	2	0	2	0.0000568958
Thiomicrospira cyclica	147268	S	2	0	2	0.0000568958
Methylophaga frappieri	754477	S	2	0	2	0.0000568958
Thiosulfatimonas sediminis	2675054	S	2	0	2	0.0000568958
Teredinibacter turnerae	2426	S	2	0	2	0.0000568958
Zhongshania aliphaticivorans	1470434	S	2	0	2	0.0000568958
Candidatus Thioglobus autotrophicus	1705394	S	2	0	2	0.0000568958
Candidatus Thioglobus sp. NP1	2508687	S	2	0	2	0.0000568958
Sedimenticola thiotaurini	1543721	S	2	0	2	0.0000568958
Thiolapillus brandeum	1076588	S	2	0	2	0.0000568958
Steroidobacter denitrificans	465721	S	2	0	2	0.0000568958
Gilliamella apicola	1196095	S	2	0	2	0.0000568958
Bradyrhizobium sp. CCGE-LA001	1223566	S	2	0	2	0.0000568958
Microvirga sp. 17 mud 1-3	2082949	S	2	0	2	0.0000568958
Microvirga thermotolerans	2651334	S	2	0	2	0.0000568958
Rhizobium sp. NXC24	2048897	S	2	0	2	0.0000568958
Rhizobium favelukesii	348824	S	2	0	2	0.0000568958
Agrobacterium rubi	28099	S	2	0	2	0.0000568958
Agrobacterium sp. RAC06	1842536	S	1	1	2	0.0000568958
Sinorhizobium sp. RAC02	1842534	S	2	0	2	0.0000568958
Sinorhizobium medicae	110321	S	2	0	2	0.0000568958
Sinorhizobium americanum	194963	S	2	0	2	0.0000568958
Ensifer adhaerens	106592	S	2	0	2	0.0000568958
Liberibacter crescens	1273132	S	2	0	2	0.0000568958
Candidatus Liberibacter asiaticus	34021	S	1	1	2	0.0000568958
Kaistia sp. 32K	2795690	S	2	0	2	0.0000568958
Mesorhizobium sp. DCY119	2108445	S	2	0	2	0.0000568958
Mesorhizobium sp. NBSH29	2654249	S	2	0	2	0.0000568958
Mesorhizobium sp. L-8-3	2744522	S	1	1	2	0.0000568958
Hoeflea phototrophica	244596	S	2	0	2	0.0000568958
Lentilitoribacter sp. Alg239-R112	2305987	S	2	0	2	0.0000568958
Salaquimonas pukyongi	2712698	S	2	0	2	0.0000568958
Hyphomicrobium sp. MC1	717785	S	2	0	2	0.0000568958
Devosia sp. LEGU1	2774137	S	2	0	2	0.0000568958
Devosia ginsengisoli	400770	S	2	0	2	0.0000568958
Blastochloris viridis	1079	S	2	0	2	0.0000568958
Blastochloris tepida	2233851	S	2	0	2	0.0000568958
Rhodoplanes sp. Z2-YC6860	674703	S	2	0	2	0.0000568958
Caenibius tardaugens	169176	S	1	1	2	0.0000568958
Starkeya sp. ORNL1	2709380	S	2	0	2	0.0000568958
Azorhizobium caulinodans	7	S	2	0	2	0.0000568958
Aureimonas sp. LMG 31693	2758041	S	2	0	2	0.0000568958
Martelella mediterranea	293089	S	2	0	2	0.0000568958
Methylocystis heyeri	391905	S	2	0	2	0.0000568958
Methylosinus trichosporium	426	S	2	0	2	0.0000568958
Candidatus Hodgkinia cicadicola	573658	S	2	0	2	0.0000568958
Pseudorhodoplanes sinuspersici	1235591	S	2	0	2	0.0000568958
Bartonella henselae	38323	S	1	1	2	0.0000568958
Bartonella birtlesii	111504	S	1	1	2	0.0000568958
Methylocella tundrae	227605	S	2	0	2	0.0000568958
Parvibaculum lavamentivorans	256618	S	2	0	2	0.0000568958
Pyruvatibacter mobilis	1712261	S	2	0	2	0.0000568958
Chelatococcus sp. CO-6	1702325	S	1	1	2	0.0000568958
Sphingomonas sp. HDW15C	2714944	S	2	0	2	0.0000568958
Sphingobium barthaii	1054037	S	1	1	2	0.0000568958
Sphingopyxis sp. LPB0140	1913578	S	2	0	2	0.0000568958
Parasphingopyxis sp. CP4	2724527	S	2	0	2	0.0000568958
Erythrobacter sp. KY5	2011159	S	2	0	2	0.0000568958
Croceicoccus sp. YJ47	2798724	S	2	0	2	0.0000568958
Altererythrobacter sp. B11	2060312	S	2	0	2	0.0000568958
Qipengyuania sediminis	1532023	S	2	0	2	0.0000568958
Paracoccus sp. Arc7-R13	2500532	S	2	0	2	0.0000568958
Paracoccus aminovorans	34004	S	2	0	2	0.0000568958
Paracoccus pantotrophus	82367	S	2	0	2	0.0000568958
Paracoccus kondratievae	135740	S	2	0	2	0.0000568958
Paracoccus zhejiangensis	1077935	S	2	0	2	0.0000568958
Sulfitobacter sp. D7	1968541	S	2	0	2	0.0000568958
Phaeobacter inhibens	221822	S	2	0	2	0.0000568958
Ruegeria sp. TM1040	292414	S	2	0	2	0.0000568958
Ruegeria pomeroyi	89184	S	2	0	2	0.0000568958
Confluentimicrobium sp. EMB200-NS6	1609966	S	2	0	2	0.0000568958
Silicimonas algicola	1826607	S	2	0	2	0.0000568958
Pseudooceanicola algae	1537215	S	2	0	2	0.0000568958
Pelagovum pacificum	2588711	S	2	0	2	0.0000568958
Mameliella alba	561184	S	2	0	2	0.0000568958
Defluviimonas alba	1335048	S	2	0	2	0.0000568958
Brevundimonas sp. LM2	1938605	S	2	0	2	0.0000568958
Brevundimonas sp. AJA228-03	2752515	S	2	0	2	0.0000568958
Brevundimonas subvibrioides	74313	S	2	0	2	0.0000568958
Azospirillum sp. TSH100	652764	S	2	0	2	0.0000568958
Azospirillum sp. TSA2s	709810	S	2	0	2	0.0000568958
Azospirillum lipoferum	193	S	2	0	2	0.0000568958
Azospirillum oryzae	286727	S	2	0	2	0.0000568958
Thalassospira marina	2048283	S	2	0	2	0.0000568958
Skermanella pratensis	2233999	S	2	0	2	0.0000568958
Gluconobacter sphaericus	574987	S	2	0	2	0.0000568958
Acetobacter aceti	435	S	1	1	2	0.0000568958
Granulibacter bethesdensis	364410	S	2	0	2	0.0000568958
Swingsia samuiensis	1293412	S	2	0	2	0.0000568958
Stella humosa	94	S	2	0	2	0.0000568958
Rickettsia prowazekii	782	S	2	0	2	0.0000568958
Rickettsia typhi	785	S	2	0	2	0.0000568958
Neorickettsia sennetsu	951	S	2	0	2	0.0000568958
Phreatobacter stygius	1940610	S	2	0	2	0.0000568958
Hyphomonas sp. CACIAM 19H1	1873716	S	2	0	2	0.0000568958
Hirschia baltica	2724	S	2	0	2	0.0000568958
Myxococcus stipitatus	83455	S	2	0	2	0.0000568958
Stigmatella aurantiaca	41	S	2	0	2	0.0000568958
Geobacter lovleyi	313985	S	2	0	2	0.0000568958
Geobacter pickeringii	345632	S	2	0	2	0.0000568958
Pelobacter propionicus	29543	S	2	0	2	0.0000568958
Pseudodesulfovibrio indicus	1716143	S	2	0	2	0.0000568958
Pseudodesulfovibrio sp. zrk46	2725288	S	2	0	2	0.0000568958
Desulfococcus oleovorans	181663	S	2	0	2	0.0000568958
Desulfoglaeba alkanexedens	361111	S	2	0	2	0.0000568958
Campylobacter sp. CCUG 57310	2517362	S	2	0	2	0.0000568958
Campylobacter blaseri	2042961	S	2	0	2	0.0000568958
Campylobacter lari	201	S	2	0	2	0.0000568958
Campylobacter mucosalis	202	S	2	0	2	0.0000568958
Campylobacter avium	522485	S	2	0	2	0.0000568958
Campylobacter peloridis	488546	S	2	0	2	0.0000568958
Campylobacter canadensis	449520	S	2	0	2	0.0000568958
Campylobacter upsaliensis	28080	S	2	0	2	0.0000568958
Arcobacter sp. FWKO B	2593672	S	2	0	2	0.0000568958
Arcobacter peruensis	2320140	S	1	1	2	0.0000568958
Aliarcobacter cibarius	255507	S	2	0	2	0.0000568958
[Arcobacter] porcinus	1935204	S	1	1	2	0.0000568958
Malaciobacter halophilus	197482	S	2	0	2	0.0000568958
Malaciobacter marinus	505249	S	2	0	2	0.0000568958
Malaciobacter pacificus	1080223	S	2	0	2	0.0000568958
Sulfurimonas sp. B2	2590551	S	2	0	2	0.0000568958
Candidatus Sulfurimonas baltica	2740404	S	2	0	2	0.0000568958
Bacteriovorax stolpii	960	S	2	0	2	0.0000568958
Rhodococcus sp. R79	2811421	S	2	0	2	0.0000568958
Rhodococcus sp. P1Y	1302308	S	2	0	2	0.0000568958
Rhodococcus sp. WB9	2594007	S	1	1	2	0.0000568958
Rhodococcus coprophilus	38310	S	2	0	2	0.0000568958
Rhodococcus koreensis	99653	S	2	0	2	0.0000568958
Nocardia asteroides	1824	S	2	0	2	0.0000568958
Nocardia arthritidis	228602	S	2	0	2	0.0000568958
Nocardia mangyaensis	2213200	S	2	0	2	0.0000568958
Mycolicibacterium anyangense	1431246	S	2	0	2	0.0000568958
Mycolicibacterium litorale	758802	S	2	0	2	0.0000568958
Mycolicibacterium alvei	67081	S	2	0	2	0.0000568958
Mycolicibacterium mucogenicum	56689	S	2	0	2	0.0000568958
Mycolicibacterium mageritense	53462	S	2	0	2	0.0000568958
Mycolicibacterium parafortuitum	39692	S	2	0	2	0.0000568958
Mycolicibacterium aurum	1791	S	2	0	2	0.0000568958
Mycolicibacterium confluentis	28047	S	2	0	2	0.0000568958
Mycolicibacterium chubuense	1800	S	2	0	2	0.0000568958
Mycolicibacterium boenickei	146017	S	1	1	2	0.0000568958
Mycobacterium parmense	185642	S	2	0	2	0.0000568958
Mycobacterium sp. MS1601	1936029	S	2	0	2	0.0000568958
Mycobacterium sp. DL592	2675524	S	2	0	2	0.0000568958
Mycobacterium sp. ELW1	1547487	S	1	1	2	0.0000568958
Mycobacterium colombiense	339268	S	2	0	2	0.0000568958
Mycobacterium lacus	169765	S	2	0	2	0.0000568958
Mycobacterium heckeshornense	110505	S	2	0	2	0.0000568958
Mycobacterium paragordonae	1389713	S	2	0	2	0.0000568958
Mycobacterium grossiae	1552759	S	2	0	2	0.0000568958
Mycobacterium cookii	1775	S	2	0	2	0.0000568958
Corynebacterium sp. NML98-0116	702967	S	2	0	2	0.0000568958
Corynebacterium ammoniagenes	1697	S	2	0	2	0.0000568958
Corynebacterium riegelii	156976	S	2	0	2	0.0000568958
Corynebacterium camporealensis	161896	S	2	0	2	0.0000568958
Corynebacterium simulans	146827	S	2	0	2	0.0000568958
Corynebacterium glyciniphilum	1404244	S	2	0	2	0.0000568958
Corynebacterium halotolerans	225326	S	2	0	2	0.0000568958
Corynebacterium nuruki	1032851	S	2	0	2	0.0000568958
Corynebacterium argentoratense	42817	S	2	0	2	0.0000568958
Gordonia sp. HY186	2597659	S	2	0	2	0.0000568958
Dietzia lutea	546160	S	1	1	2	0.0000568958
Tessaracoccus defluvii	1285901	S	2	0	2	0.0000568958
Auraticoccus monumenti	675864	S	2	0	2	0.0000568958
Nocardioides sp. zg-1228	2763008	S	2	0	2	0.0000568958
Nocardioides sp. JQ2195	2592334	S	2	0	2	0.0000568958
Nocardioides sp. S-1144	2582905	S	2	0	2	0.0000568958
Nocardioides sp. dk3136	2575373	S	2	0	2	0.0000568958
Nocardioides sp. WS12	2486272	S	2	0	2	0.0000568958
Nocardioides aromaticivorans	200618	S	2	0	2	0.0000568958
Nocardioides daphniae	402297	S	2	0	2	0.0000568958
Nocardioides baekrokdamisoli	1804624	S	2	0	2	0.0000568958
Aeromicrobium erythreum	2041	S	2	0	2	0.0000568958
Marmoricola scoriae	642780	S	2	0	2	0.0000568958
Micropruina glycogenica	75385	S	2	0	2	0.0000568958
Actinopolymorpha singaporensis	117157	S	2	0	2	0.0000568958
Microbacterium sp. JZ31	1906274	S	2	0	2	0.0000568958
Microbacterium sp. HY82	2708079	S	2	0	2	0.0000568958
Microbacterium sp. CBA3102	2603598	S	2	0	2	0.0000568958
Rathayibacter rathayi	33887	S	2	0	2	0.0000568958
Agromyces sp. G127AT	2781962	S	2	0	2	0.0000568958
Leucobacter coleopterorum	2714933	S	2	0	2	0.0000568958
Leucobacter insecticola	2714934	S	2	0	2	0.0000568958
Candidatus Rhodoluna planktonica	535712	S	2	0	2	0.0000568958
Clavibacter sp. DM1	2768071	S	2	0	2	0.0000568958
Salinibacterium sp. ZJ70	2708084	S	2	0	2	0.0000568958
Salinibacterium hongtaonis	2079791	S	2	0	2	0.0000568958
Frondihabitans sp. 762G35	1446794	S	2	0	2	0.0000568958
Frondihabitans sp. PAMC 28766	1795630	S	2	0	2	0.0000568958
Protaetiibacter sp. SSC-01	2759943	S	2	0	2	0.0000568958
Herbiconiux sp. SALV-R1	2735133	S	2	0	2	0.0000568958
Agreia sp. COWG	2773266	S	2	0	2	0.0000568958
Diaminobutyricimonas sp. LJ205	2683590	S	2	0	2	0.0000568958
Aurantimicrobium sp. MWH-Mo1	1987356	S	2	0	2	0.0000568958
Arthrobacter sp. FB24	290399	S	2	0	2	0.0000568958
Arthrobacter sp. PAMC25564	2565366	S	2	0	2	0.0000568958
Arthrobacter sp. AQ5-05	2184581	S	2	0	2	0.0000568958
Arthrobacter sp. J3.40	347209	S	1	1	2	0.0000568958
Arthrobacter citreus	1670	S	2	0	2	0.0000568958
Arthrobacter dokdonellae	2211210	S	2	0	2	0.0000568958
Rothia aeria	172042	S	2	0	2	0.0000568958
Kocuria varians	1272	S	2	0	2	0.0000568958
Kocuria turfanensis	388357	S	2	0	2	0.0000568958
Sinomonas sp. R1AF57	2020377	S	2	0	2	0.0000568958
Dermacoccus sp. PAMC28757	2762331	S	2	0	2	0.0000568958
Phycicoccus endophyticus	1690220	S	2	0	2	0.0000568958
Cellulomonas sp. PSBB021	2003551	S	2	0	2	0.0000568958
Cellulomonas sp. Y8	2591145	S	2	0	2	0.0000568958
Cellulomonas gilvus	11	S	2	0	2	0.0000568958
Cellulomonas flavigena	1711	S	2	0	2	0.0000568958
Paraoerskovia marina	545619	S	2	0	2	0.0000568958
Pseudactinotalea sp. HY158	2654547	S	2	0	2	0.0000568958
Brevibacterium sandarakinum	629680	S	2	0	2	0.0000568958
Serinicoccus marinus	247333	S	2	0	2	0.0000568958
Serinicoccus chungangensis	767452	S	2	0	2	0.0000568958
Brachybacterium ginsengisoli	1331682	S	2	0	2	0.0000568958
Isoptericola dokdonensis	372663	S	2	0	2	0.0000568958
Georgenia sp. Z294	2585135	S	2	0	2	0.0000568958
Georgenia sp. Z443	2589797	S	2	0	2	0.0000568958
Haloactinobacterium sp. RN3S43	2779775	S	2	0	2	0.0000568958
Sanguibacter keddieii	60920	S	2	0	2	0.0000568958
Mobilicoccus sp. NJES-13	2716227	S	2	0	2	0.0000568958
Streptomyces sp. SAT1	1849967	S	2	0	2	0.0000568958
Streptomyces sp. SCSIO 3032	1264596	S	2	0	2	0.0000568958
Streptomyces sp. 769	1262452	S	2	0	2	0.0000568958
Streptomyces sp. RPA4-2	2721244	S	2	0	2	0.0000568958
Streptomyces sp. 2323.1	1938841	S	2	0	2	0.0000568958
Streptomyces sp. CCM_MD2014	1561022	S	2	0	2	0.0000568958
Streptomyces sp. HF10	2692233	S	2	0	2	0.0000568958
Streptomyces sp. NA02950	2742137	S	2	0	2	0.0000568958
Streptomyces sp. QHH-9511	2684468	S	2	0	2	0.0000568958
Streptomyces sp. NHF165	2175864	S	2	0	2	0.0000568958
Streptomyces sp. Tu 2975	2676871	S	2	0	2	0.0000568958
Streptomyces sp. SM18	1736046	S	2	0	2	0.0000568958
Streptomyces sp. WAC 01438	2203204	S	2	0	2	0.0000568958
Streptomyces sp. WAC 01529	2203205	S	2	0	2	0.0000568958
Streptomyces sp. fd1-xmd	1812480	S	2	0	2	0.0000568958
Streptomyces sp. S8	1837283	S	2	0	2	0.0000568958
Streptomyces sp. Sge12	1972846	S	1	1	2	0.0000568958
Streptomyces xinghaiensis	1038928	S	2	0	2	0.0000568958
Streptomyces rutgersensis	53451	S	2	0	2	0.0000568958
Streptomyces nojiriensis	66374	S	2	0	2	0.0000568958
Streptomyces rimosus	1927	S	2	0	2	0.0000568958
Streptomyces lincolnensis	1915	S	2	0	2	0.0000568958
Streptomyces seoulensis	73044	S	2	0	2	0.0000568958
Streptomyces armeniacus	83291	S	2	0	2	0.0000568958
Streptomyces davaonensis	348043	S	2	0	2	0.0000568958
Streptomyces noursei	1971	S	2	0	2	0.0000568958
Streptomyces hundungensis	1077946	S	2	0	2	0.0000568958
Streptomyces pratensis	1169025	S	2	0	2	0.0000568958
Streptomyces rapamycinicus	1226757	S	2	0	2	0.0000568958
Streptomyces lunaelactis	1535768	S	2	0	2	0.0000568958
Streptomyces formicae	1616117	S	2	0	2	0.0000568958
Streptomyces spongiicola	1690221	S	2	0	2	0.0000568958
Streptomyces dengpaensis	2049881	S	2	0	2	0.0000568958
Streptomyces broussonetiae	2686304	S	2	0	2	0.0000568958
Streptomyces vinaceus	1960	S	2	0	2	0.0000568958
Streptomyces chartreusis	1969	S	2	0	2	0.0000568958
Streptomyces griseoviridis	45398	S	2	0	2	0.0000568958
Streptomyces pristinaespiralis	38300	S	2	0	2	0.0000568958
Streptomyces collinus	42684	S	2	0	2	0.0000568958
Streptomyces nodosus	40318	S	2	0	2	0.0000568958
Streptomyces kanamyceticus	1967	S	2	0	2	0.0000568958
Streptomyces coelicolor	1902	S	1	1	2	0.0000568958
Kitasatospora albolonga	68173	S	2	0	2	0.0000568958
Amycolatopsis sp. AA4	1896961	S	2	0	2	0.0000568958
Amycolatopsis sp. YIM 10	2653857	S	2	0	2	0.0000568958
Amycolatopsis orientalis	31958	S	2	0	2	0.0000568958
Pseudonocardia sp. AL041005-10	445576	S	2	0	2	0.0000568958
Pseudonocardia autotrophica	2074	S	2	0	2	0.0000568958
Saccharomonospora viridis	1852	S	2	0	2	0.0000568958
Saccharomonospora marina	632569	S	2	0	2	0.0000568958
Saccharopolyspora spinosa	60894	S	1	1	2	0.0000568958
Actinoalloteichus hoggarensis	1470176	S	1	1	2	0.0000568958
Kibdelosporangium phytohabitans	860235	S	2	0	2	0.0000568958
Kutzneria albida	43357	S	2	0	2	0.0000568958
Micromonospora sp. WMMA2032	2039870	S	2	0	2	0.0000568958
Micromonospora sp. B006	2201999	S	2	0	2	0.0000568958
Micromonospora sp. 28ISP2-46	2749844	S	2	0	2	0.0000568958
Micromonospora echinaurantiaca	47857	S	2	0	2	0.0000568958
Micromonospora sagamiensis	47875	S	2	0	2	0.0000568958
Micromonospora auratinigra	261654	S	2	0	2	0.0000568958
Micromonospora coriariae	285665	S	2	0	2	0.0000568958
Micromonospora krabiensis	307121	S	2	0	2	0.0000568958
Phytohabitans suffuscus	624315	S	1	1	2	0.0000568958
Actinomyces radicidentis	111015	S	2	0	2	0.0000568958
Actinomyces procaprae	2560010	S	2	0	2	0.0000568958
Schaalia sp. JY-X169	2758572	S	2	0	2	0.0000568958
Trueperella pyogenes	1661	S	2	0	2	0.0000568958
Flaviflexus sp. H23T48	2496867	S	2	0	2	0.0000568958
Boudabousia tangfeifanii	1912795	S	2	0	2	0.0000568958
Fannyhessea vaginae	82135	S	2	0	2	0.0000568958
Actinomadura verrucosospora	46165	S	2	0	2	0.0000568958
Streptomonospora sp. M2	2498135	S	2	0	2	0.0000568958
Bifidobacterium scardovii	158787	S	2	0	2	0.0000568958
Epidermidibacterium keratini	1891644	S	2	0	2	0.0000568958
Kineococcus radiotolerans	131568	S	2	0	2	0.0000568958
Arabia massiliensis	1870985	S	2	0	2	0.0000568958
Baekduia soli	496014	S	2	0	2	0.0000568958
Conexibacter sp. SYSU D00693	2812560	S	2	0	2	0.0000568958
Bacillus mycoides	1405	S	2	0	2	0.0000568958
Bacillus vallismortis	72361	S	2	0	2	0.0000568958
Bacillus licheniformis	1402	S	1	1	2	0.0000568958
Bacillus sp. Cs-700	2589818	S	2	0	2	0.0000568958
Bacillus cellulosilyticus	1413	S	2	0	2	0.0000568958
Bacillus altitudinis	293387	S	2	0	2	0.0000568958
Bacillus oleronius	38875	S	2	0	2	0.0000568958
Bacillus dafuensis	1742359	S	2	0	2	0.0000568958
Anoxybacillus flavithermus	33934	S	2	0	2	0.0000568958
Lysinibacillus timonensis	2086577	S	2	0	2	0.0000568958
Metabacillus litoralis	152268	S	2	0	2	0.0000568958
Mesobacillus jeotgali	129985	S	2	0	2	0.0000568958
Salicibibacter kimchii	2099786	S	2	0	2	0.0000568958
Virgibacillus necropolis	163877	S	1	1	2	0.0000568958
Peribacillus muralis	264697	S	2	0	2	0.0000568958
Aeribacillus pallidus	33936	S	2	0	2	0.0000568958
Anaerobacillus isosaccharinicus	1532552	S	2	0	2	0.0000568958
Sediminibacillus sp. DP4-553-S	2729421	S	2	0	2	0.0000568958
Lederbergia lentus	1467	S	2	0	2	0.0000568958
Staphylococcus arlettae	29378	S	2	0	2	0.0000568958
Staphylococcus simiae	308354	S	2	0	2	0.0000568958
Staphylococcus caprae	29380	S	2	0	2	0.0000568958
Staphylococcus lloydii	2781774	S	2	0	2	0.0000568958
Staphylococcus pettenkoferi	170573	S	2	0	2	0.0000568958
Mammaliicoccus sciuri	1296	S	2	0	2	0.0000568958
Mammaliicoccus stepanovicii	643214	S	2	0	2	0.0000568958
Paenibacillus uliginis	683737	S	2	0	2	0.0000568958
Paenibacillus guangzhouensis	1473112	S	2	0	2	0.0000568958
Paenibacillus borealis	160799	S	2	0	2	0.0000568958
Paenibacillus psychroresistens	1778678	S	2	0	2	0.0000568958
Paenibacillus chitinolyticus	79263	S	2	0	2	0.0000568958
Cohnella sp. MFER-1	2728023	S	2	0	2	0.0000568958
Brevibacillus sp. FJAT-54423	2796470	S	2	0	2	0.0000568958
Brevibacillus brevis	1393	S	2	0	2	0.0000568958
Sporosarcina sp. resist	2762563	S	1	1	2	0.0000568958
Alicyclobacillus ferrooxydans	471514	S	2	0	2	0.0000568958
Gemella haemolysans	1379	S	2	0	2	0.0000568958
Gemella sanguinis	84135	S	2	0	2	0.0000568958
Exiguobacterium mexicanum	340146	S	1	1	2	0.0000568958
Streptococcus sp. 116-D4	2598453	S	2	0	2	0.0000568958
Streptococcus cristatus	45634	S	2	0	2	0.0000568958
Streptococcus equinus	1335	S	2	0	2	0.0000568958
Lactobacillus terrae	2269374	S	2	0	2	0.0000568958
Limosilactobacillus mucosae	97478	S	2	0	2	0.0000568958
Liquorilactobacillus hordei	468911	S	2	0	2	0.0000568958
Lentilactobacillus buchneri	1581	S	2	0	2	0.0000568958
Furfurilactobacillus rossiae	231049	S	2	0	2	0.0000568958
Oenococcus oeni	1247	S	2	0	2	0.0000568958
Pediococcus acidilactici	1254	S	2	0	2	0.0000568958
Enterococcus casseliflavus	37734	S	2	0	2	0.0000568958
Enterococcus wangshanyuanii	2005703	S	2	0	2	0.0000568958
Vagococcus penaei	633807	S	2	0	2	0.0000568958
Jeotgalibaca porci	1868793	S	2	0	2	0.0000568958
Aerococcus urinae	1376	S	2	0	2	0.0000568958
Clostridium sp. JN-9	2507159	S	2	0	2	0.0000568958
Clostridium intestinale	36845	S	2	0	2	0.0000568958
Clostridium gasigenes	94869	S	2	0	2	0.0000568958
Clostridium saccharobutylicum	169679	S	2	0	2	0.0000568958
Clostridium isatidis	182773	S	2	0	2	0.0000568958
Clostridium kluyveri	1534	S	2	0	2	0.0000568958
Clostridium bornimense	1216932	S	2	0	2	0.0000568958
Clostridium butyricum	1492	S	2	0	2	0.0000568958
Alkaliphilus oremlandii	461876	S	2	0	2	0.0000568958
Sarcina sp. JB2	2726954	S	2	0	2	0.0000568958
Anaerostipes rhamnosivorans	1229621	S	2	0	2	0.0000568958
Butyrivibrio fibrisolvens	831	S	2	0	2	0.0000568958
Acetivibrio saccincola	1677857	S	2	0	2	0.0000568958
Ruminococcus sp. JE7A12	2564099	S	2	0	2	0.0000568958
Dysosmobacter welbionis	2093857	S	1	1	2	0.0000568958
Romboutsia ilealis	1115758	S	2	0	2	0.0000568958
Thermincola potens	863643	S	2	0	2	0.0000568958
Acetobacterium woodii	33952	S	2	0	2	0.0000568958
Christensenella sp. Marseille-P3954	2086585	S	2	0	2	0.0000568958
Methylomusa anaerophila	1930071	S	2	0	2	0.0000568958
Veillonella atypica	39777	S	2	0	2	0.0000568958
Megasphaera elsdenii	907	S	2	0	2	0.0000568958
Erysipelothrix sp. HDW6C	2714930	S	2	0	2	0.0000568958
Bulleidia sp. zg-1006	2806552	S	2	0	2	0.0000568958
Faecalitalea cylindroides	39483	S	1	1	2	0.0000568958
Nostoc sp. 'Lobaria pulmonaria (5183) cyanobiont'	1618022	S	2	0	2	0.0000568958
Nostoc piscinale	224012	S	2	0	2	0.0000568958
Nostoc punctiforme	272131	S	2	0	2	0.0000568958
Trichormus azollae	1164	S	2	0	2	0.0000568958
Calothrix sp. PCC 7507	99598	S	2	0	2	0.0000568958
Calothrix sp. 336/3	1337936	S	2	0	2	0.0000568958
Fischerella sp. NIES-3754	1752063	S	1	1	2	0.0000568958
Brasilonema sennae	1397703	S	2	0	2	0.0000568958
Tolypothrix sp. PCC 7910	2099387	S	1	1	2	0.0000568958
Oscillatoria acuminata	118323	S	1	1	2	0.0000568958
Halothece sp. PCC 7418	65093	S	2	0	2	0.0000568958
Synechococcus sp. PCC 7502	1173263	S	2	0	2	0.0000568958
Synechococcus sp. HK01-R	2751171	S	2	0	2	0.0000568958
Synechococcus sp. RSCCF101	2511069	S	2	0	2	0.0000568958
Synechococcus sp. PROS-7-1	1442556	S	2	0	2	0.0000568958
Dactylococcopsis salina	292566	S	2	0	2	0.0000568958
Pseudanabaena sp. ABRG5-3	685565	S	2	0	2	0.0000568958
Synechocystis sp. CACIAM 05	1933929	S	1	1	2	0.0000568958
Mycoplasma sp. Pen4	640330	S	2	0	2	0.0000568958
Mycoplasma mobile	2118	S	2	0	2	0.0000568958
Mycoplasma anserisalpingitidis	519450	S	2	0	2	0.0000568958
Ureaplasma parvum	134821	S	2	0	2	0.0000568958
Meiothermus silvanus	52022	S	2	0	2	0.0000568958
Meiothermus taiwanensis	172827	S	2	0	2	0.0000568958
Deinococcus gobiensis	502394	S	2	0	2	0.0000568958
Deinococcus wulumuqiensis	980427	S	2	0	2	0.0000568958
Deinococcus peraridilitoris	432329	S	2	0	2	0.0000568958
Deinococcus ficus	317577	S	2	0	2	0.0000568958
Deinococcus geothermalis	68909	S	2	0	2	0.0000568958
Caldilinea aerophila	133453	S	2	0	2	0.0000568958
Tepidiforma bonchosmolovskayae	2601677	S	2	0	2	0.0000568958
Flavobacterium sp. xlx-214	2654325	S	2	0	2	0.0000568958
Flavobacterium sp. P2-65	2748320	S	2	0	2	0.0000568958
Flavobacterium sp. KI723T1	408956	S	1	1	2	0.0000568958
Flavobacterium arcticum	1784713	S	2	0	2	0.0000568958
Polaribacter sp. SA4-10	754397	S	2	0	2	0.0000568958
Polaribacter sp. SA4-12	1312072	S	2	0	2	0.0000568958
Polaribacter sp. KT 15	1896175	S	1	1	2	0.0000568958
Polaribacter haliotis	1888915	S	2	0	2	0.0000568958
Tenacibaculum sp. DSM 106434	2358479	S	2	0	2	0.0000568958
Tenacibaculum maritimum	107401	S	2	0	2	0.0000568958
Tenacibaculum dicentrarchi	669041	S	2	0	2	0.0000568958
Tenacibaculum todarodis	1850252	S	2	0	2	0.0000568958
Winogradskyella sp. PG-2	754409	S	2	0	2	0.0000568958
Winogradskyella sp. J14-2	1936080	S	2	0	2	0.0000568958
Gramella echinicola	279359	S	2	0	2	0.0000568958
Nonlabens sp. Hel1_33_55	1336802	S	2	0	2	0.0000568958
Aquimarina sp. AD10	1714849	S	2	0	2	0.0000568958
Aequorivita sp. KX20305	2803865	S	2	0	2	0.0000568958
Maribacter sp. T28	1836467	S	2	0	2	0.0000568958
Kordia antarctica	1218801	S	2	0	2	0.0000568958
Lacinutrix sp. WUR7	2653681	S	2	0	2	0.0000568958
Lacinutrix venerupis	1486034	S	2	0	2	0.0000568958
Salegentibacter salegens	143223	S	2	0	2	0.0000568958
Tamlana carrageenivorans	2069432	S	2	0	2	0.0000568958
Costertonia aggregata	343403	S	2	0	2	0.0000568958
Wenyingzhuangia fucanilytica	1790137	S	2	0	2	0.0000568958
Flavivirga eckloniae	1803846	S	2	0	2	0.0000568958
Muriicola sp. MMS17-SY002	2507538	S	2	0	2	0.0000568958
Psychroserpens sp. NJDZ02	2570561	S	1	1	2	0.0000568958
Olleya sp. Bg11-27	2058135	S	1	1	2	0.0000568958
Chryseobacterium carnipullorum	1124835	S	2	0	2	0.0000568958
Chryseobacterium piperi	558152	S	2	0	2	0.0000568958
Chryseobacterium nakagawai	1241982	S	1	1	2	0.0000568958
Chryseobacterium gleum	250	S	1	1	2	0.0000568958
Apibacter raozihei	2500547	S	2	0	2	0.0000568958
Blattabacterium sp. (Blaberus giganteus)	1186051	S	2	0	2	0.0000568958
Ichthyobacterium seriolicida	242600	S	2	0	2	0.0000568958
Fluviicola taffensis	191579	S	2	0	2	0.0000568958
Sphingobacterium sp. ML3W	1538644	S	2	0	2	0.0000568958
Sphingobacterium sp. CZ-2	2557994	S	2	0	2	0.0000568958
Sphingobacterium sp. DR205	2713573	S	2	0	2	0.0000568958
Sphingobacterium mizutaii	1010	S	2	0	2	0.0000568958
Sphingobacterium siyangense	459529	S	1	1	2	0.0000568958
Mucilaginibacter ginsenosidivorans	398053	S	2	0	2	0.0000568958
Anseongella ginsenosidimutans	496056	S	2	0	2	0.0000568958
Spirosoma sp. KCTC 42546	2520506	S	2	0	2	0.0000568958
Spirosoma rigui	564064	S	2	0	2	0.0000568958
Spirosoma taeanense	2735870	S	2	0	2	0.0000568958
Runella sp. HYN0085	2259595	S	2	0	2	0.0000568958
Fibrella aestuarina	651143	S	2	0	2	0.0000568958
Hymenobacter sp. PAMC 26554	1484116	S	2	0	2	0.0000568958
Hymenobacter sp. DG01	2584940	S	2	0	2	0.0000568958
Hymenobacter sp. NBH84	2596915	S	2	0	2	0.0000568958
Hymenobacter sp. BRD128	2675878	S	2	0	2	0.0000568958
Hymenobacter sp. TS19	2735321	S	2	0	2	0.0000568958
Hymenobacter sp. S2-20-2	2761579	S	2	0	2	0.0000568958
Hymenobacter nivis	1850093	S	2	0	2	0.0000568958
Hymenobacter russus	2724192	S	2	0	2	0.0000568958
Pontibacter actiniarum	323450	S	2	0	2	0.0000568958
Pontibacter korlensis	400092	S	2	0	2	0.0000568958
Pontibacter sp. SGAir0037	2571030	S	2	0	2	0.0000568958
Pontibacter pudoricolor	2694930	S	2	0	2	0.0000568958
Adhaeribacter swui	2086471	S	2	0	2	0.0000568958
Nibribacter ruber	2698458	S	2	0	2	0.0000568958
Algoriphagus sp. Y33	2772483	S	2	0	2	0.0000568958
Flammeovirga sp. MY04	1191459	S	2	0	2	0.0000568958
Chryseolinea soli	2321403	S	2	0	2	0.0000568958
Roseivirga pacifica	1267423	S	2	0	2	0.0000568958
Chitinophaga caeni	2029983	S	2	0	2	0.0000568958
Pseudocnuella soli	2502779	S	2	0	2	0.0000568958
Bacteroides heparinolyticus	28113	S	2	0	2	0.0000568958
Bacteroides cellulosilyticus	246787	S	2	0	2	0.0000568958
Bacteroides sp. A1C1	2528203	S	1	1	2	0.0000568958
Prevotella melaninogenica	28132	S	2	0	2	0.0000568958
Prevotella copri	165179	S	2	0	2	0.0000568958
Prevotella sp. oral taxon 299	652716	S	2	0	2	0.0000568958
Dysgonomonas sp. HDW5A	2714926	S	2	0	2	0.0000568958
Muribaculum intestinale	1796646	S	2	0	2	0.0000568958
Sodaliphilus pleomorphus	2606626	S	2	0	2	0.0000568958
Pelodictyon luteolum	1100	S	2	0	2	0.0000568958
Chlorobaculum limnaeum	274537	S	2	0	2	0.0000568958
Chlorobaculum parvum	274539	S	2	0	2	0.0000568958
Rhodopirellula baltica	265606	S	2	0	2	0.0000568958
Lacipirellula parvula	2650471	S	2	0	2	0.0000568958
Gimesia panareensis	2527978	S	2	0	2	0.0000568958
Gimesia benthica	2608982	S	2	0	2	0.0000568958
Rubinisphaera brasiliensis	119	S	2	0	2	0.0000568958
Thalassoglobus polymorphus	2527994	S	2	0	2	0.0000568958
Isosphaera pallida	128	S	2	0	2	0.0000568958
Phycisphaera mikurensis	547188	S	2	0	2	0.0000568958
Humisphaera borealis	2807512	S	2	0	2	0.0000568958
Ereboglobus luteus	1796921	S	2	0	2	0.0000568958
Chlamydia avium	1457141	S	2	0	2	0.0000568958
Chlamydia gallinacea	1457153	S	2	0	2	0.0000568958
Chlamydia psittaci	83554	S	1	1	2	0.0000568958
Fusobacterium gonidiaformans	849	S	2	0	2	0.0000568958
Fusobacterium varium	856	S	2	0	2	0.0000568958
Leptotrichia wadei	157687	S	2	0	2	0.0000568958
Streptobacillus moniliformis	34105	S	2	0	2	0.0000568958
Edaphobacter sp. 12200R-103	2703788	S	2	0	2	0.0000568958
Terriglobus saanensis	870903	S	2	0	2	0.0000568958
Candidatus Koribacter versatilis	658062	S	2	0	2	0.0000568958
Thermotomaculum hydrothermale	981385	S	2	0	2	0.0000568958
Borrelia miyamotoi	47466	S	2	0	2	0.0000568958
Borrelia turcica	229155	S	2	0	2	0.0000568958
Borreliella burgdorferi	139	S	2	0	2	0.0000568958
Treponema sp. OMZ 804	120683	S	1	1	2	0.0000568958
Treponema sp. Marseille-Q4132	2766701	S	1	1	2	0.0000568958
Treponema ruminis	744515	S	2	0	2	0.0000568958
Brachyspira hampsonii	1287055	S	2	0	2	0.0000568958
Candidatus Babela massiliensis	673862	S	2	0	2	0.0000568958
Thermosipho sp. 1070	1437364	S	2	0	2	0.0000568958
Thermosipho africanus	2421	S	2	0	2	0.0000568958
Fervidobacterium nodosum	2424	S	2	0	2	0.0000568958
Tepiditoga spiralis	2108365	S	2	0	2	0.0000568958
Nitrospira moscoviensis	42253	S	2	0	2	0.0000568958
Thermosulfidibacter takaii	412593	S	2	0	2	0.0000568958
Abyssogena phaseoliformis symbiont	596095	S	2	0	2	0.0000568958
Halorhabdus tiamatea	430914	S	1	1	2	0.0000568958
Haloterrigena turkmenica	62320	S	2	0	2	0.0000568958
Natrialba magadii	13769	S	1	1	2	0.0000568958
Methanocella conradii	1175444	S	2	0	2	0.0000568958
Methanobrevibacter smithii	2173	S	2	0	2	0.0000568958
Methanothermus fervidus	2180	S	2	0	2	0.0000568958
Nitrosarchaeum sp. AC2	2259673	S	2	0	2	0.0000568958
Candidatus Nitrosopelagicus brevis	1410606	S	2	0	2	0.0000568958
Acidianus manzaensis	282676	S	2	0	2	0.0000568958
Sulfolobus islandicus	43080	S	1	1	2	0.0000568958
Candidatus Prometheoarchaeum syntrophicum	2594042	S	2	0	2	0.0000568958
Xanthomonas phage RiverRider	2108116	S	2	0	2	0.0000568958
Dinoroseobacter phage DS-1410Ws-06	1815983	S	2	0	2	0.0000568958
Flavobacterium phage vB_FspS_morran9-1	2686258	S	1	1	2	0.0000568958
Propionibacterium virus PHL070N00	1982279	S	2	0	2	0.0000568958
Microbacterium virus Hendrix	2734268	S	2	0	2	0.0000568958
Mycobacterium phage Misha28	2126810	S	1	1	2	0.0000568958
Pseudoalteromonas phage H101	1654919	S	2	0	2	0.0000568958
Pseudomonas virus Psa374	2560680	S	2	0	2	0.0000568958
Aeromonas virus 56	2560283	S	2	0	2	0.0000568958
Synechococcus phage S-CAM8	754038	S	2	0	2	0.0000568958
Acanthocystis turfacea chlorella virus 1	322019	S	2	0	2	0.0000568958
Paramecium bursaria Chlorella virus 1	10506	S	1	1	2	0.0000568958
Cafeteria roenbergensis virus	1513235	S	2	0	2	0.0000568958
Cotesia congregata bracovirus	39640	S	2	0	2	0.0000568958
Pandoravirus macleodensis	2107707	S	2	0	2	0.0000568958
Polaromonas sp. H6N	1840293	S	1	0	1	0.0000284479
Polaromonas sp. H8N	1840297	S	1	0	1	0.0000284479
Polaromonas sp. W9N	1840323	S	1	0	1	0.0000284479
Polaromonas vacuolata	37448	S	1	0	1	0.0000284479
Janthinobacterium sp. B9-8	1236179	S	1	0	1	0.0000284479
Janthinobacterium sp.	1871054	S	1	0	1	0.0000284479
Undibacterium sp. YM2	2058625	S	1	0	1	0.0000284479
Burkholderia diffusa	488732	S	1	0	1	0.0000284479
Burkholderia territorii	1503055	S	1	0	1	0.0000284479
Burkholderia sp. JP2-270	2217913	S	1	0	1	0.0000284479
Burkholderia sp. NRF60-BP8	1637853	S	1	0	1	0.0000284479
Burkholderia sp. MSMB0856	1637869	S	1	0	1	0.0000284479
Burkholderia sp. PAMC 28687	1795874	S	1	0	1	0.0000284479
Burkholderia oklahomensis	342113	S	1	0	1	0.0000284479
Burkholderia sp. BDU6	1385591	S	1	0	1	0.0000284479
Burkholderia sp. MSMB0266	1637837	S	1	0	1	0.0000284479
Polynucleobacter acidiphobus	556053	S	1	0	1	0.0000284479
Polynucleobacter wuianus	1743168	S	1	0	1	0.0000284479
Paraburkholderia sp. PGU19	2735434	S	1	0	1	0.0000284479
Paraburkholderia hospita	169430	S	1	0	1	0.0000284479
Paraburkholderia caribensis	75105	S	1	0	1	0.0000284479
Pandoraea apista	93218	S	1	0	1	0.0000284479
Pandoraea pulmonicola	93221	S	1	0	1	0.0000284479
Achromobacter pestifer	1353889	S	1	0	1	0.0000284479
Alcaligenes sp. SORT26	2813780	S	1	0	1	0.0000284479
Advenella kashmirensis	310575	S	1	0	1	0.0000284479
Pelistega ratti	2652177	S	1	0	1	0.0000284479
Sutterella faecalis	2584944	S	1	0	1	0.0000284479
Jeongeupia sp. HS-3	1009682	S	1	0	1	0.0000284479
Vogesella sp. LIG4	1192162	S	1	0	1	0.0000284479
Neisseria sp. KEM232	655307	S	1	0	1	0.0000284479
Neisseria musculi	1815583	S	1	0	1	0.0000284479
Neisseria meningitidis	487	S	1	0	1	0.0000284479
Neisseria lactamica	486	S	1	0	1	0.0000284479
Neisseria dentiae	194197	S	1	0	1	0.0000284479
Neisseria wadsworthii	607711	S	1	0	1	0.0000284479
Neisseria cinerea	483	S	1	0	1	0.0000284479
Vitreoscilla sp. C1	96942	S	1	0	1	0.0000284479
Kingella oralis	505	S	1	0	1	0.0000284479
Simonsiella muelleri	72	S	1	0	1	0.0000284479
Chitinolyticbacter meiyuanensis	682798	S	1	0	1	0.0000284479
Aromatoleum bremense	76115	S	1	0	1	0.0000284479
Thauera sp. K11	2005884	S	1	0	1	0.0000284479
Thauera humireducens	1134435	S	1	0	1	0.0000284479
Candidatus Methylopumilus rimovensis	2588535	S	1	0	1	0.0000284479
Methylovorus glucosotrophus	266009	S	1	0	1	0.0000284479
Methylovorus sp. MP688	887061	S	1	0	1	0.0000284479
Nitrosomonas communis	44574	S	1	0	1	0.0000284479
Nitrosomonas ureae	44577	S	1	0	1	0.0000284479
Nitrosospira lacus	1288494	S	1	0	1	0.0000284479
Sulfuricella denitrificans	649841	S	1	0	1	0.0000284479
Usitatibacter palustris	2732487	S	1	0	1	0.0000284479
Candidatus Kinetoplastibacterium galatii	994695	S	1	0	1	0.0000284479
Candidatus Kinetoplastibacterium sorsogonicusi	1576550	S	1	0	1	0.0000284479
Candidatus Profftella armatura (Diaphorina cf. continua)	2661583	S	1	0	1	0.0000284479
Acinetobacter sp. TGL-Y2	1407071	S	1	0	1	0.0000284479
Acinetobacter sp. YH12138	2601122	S	1	0	1	0.0000284479
Acinetobacter sp. NCu2D-2	1608473	S	1	0	1	0.0000284479
Acinetobacter sp. ACNIH2	1758189	S	1	0	1	0.0000284479
Acinetobacter calcoaceticus	471	S	1	0	1	0.0000284479
Acinetobacter tandoii	202954	S	1	0	1	0.0000284479
Acinetobacter piscicola	2006115	S	1	0	1	0.0000284479
Moraxella bovoculi	386891	S	1	0	1	0.0000284479
Psychrobacter sp.	56811	S	1	0	1	0.0000284479
Psychrobacter sp. G	571800	S	1	0	1	0.0000284479
Psychrobacter sp. DAB_AL43B	1028416	S	1	0	1	0.0000284479
Psychrobacter cryohalolentis	330922	S	1	0	1	0.0000284479
Psychrobacter arcticus	334543	S	1	0	1	0.0000284479
Pseudomonas sp. R32	1573704	S	1	0	1	0.0000284479
Pseudomonas sp. Z003-0.4C(8344-21)	1855380	S	1	0	1	0.0000284479
Pseudomonas sp. J380	2605424	S	1	0	1	0.0000284479
Pseudomonas sp. LPB0260	2614442	S	1	0	1	0.0000284479
Pseudomonas sp. 7SR1	1881017	S	1	0	1	0.0000284479
Pseudomonas sp. CC6-YY-74	1930532	S	1	0	1	0.0000284479
Pseudomonas sp. FDAARGOS_380	2018067	S	1	0	1	0.0000284479
Pseudomonas sp. BIGb0427	2724470	S	1	0	1	0.0000284479
Pseudomonas sp. gcc21	2726989	S	1	0	1	0.0000284479
Pseudomonas sp. R2A2	2213057	S	1	0	1	0.0000284479
Pseudomonas sp. Os17	1500686	S	1	0	1	0.0000284479
Pseudomonas sp. LG1D9	2083054	S	1	0	1	0.0000284479
Pseudomonas sp. DG56-2	2320270	S	1	0	1	0.0000284479
Pseudomonas sp. K2W31S-8	2320867	S	1	0	1	0.0000284479
Pseudomonas sp. LTJR-52	2479392	S	1	0	1	0.0000284479
Pseudomonas sp. B11D7D	2735906	S	1	0	1	0.0000284479
Pseudomonas resinovorans	53412	S	1	0	1	0.0000284479
Pseudomonas azotoformans	47878	S	1	0	1	0.0000284479
Pseudomonas poae	200451	S	1	0	1	0.0000284479
Pseudomonas luteola	47886	S	1	0	1	0.0000284479
Pseudomonas balearica	74829	S	1	0	1	0.0000284479
Pseudomonas fragi	296	S	1	0	1	0.0000284479
Pseudomonas asturiensis	1190415	S	1	0	1	0.0000284479
Pseudomonas salegens	1434072	S	1	0	1	0.0000284479
Pseudomonas guangdongensis	1245526	S	1	0	1	0.0000284479
Pseudomonas saudiphocaensis	1499686	S	1	0	1	0.0000284479
Pseudomonas sediminis	1691904	S	1	0	1	0.0000284479
Pseudomonas viciae	2505979	S	1	0	1	0.0000284479
Pseudomonas arsenicoxydans	702115	S	1	0	1	0.0000284479
Pseudomonas toyotomiensis	554344	S	1	0	1	0.0000284479
Pseudomonas pelagia	553151	S	1	0	1	0.0000284479
Pseudomonas taetrolens	47884	S	1	0	1	0.0000284479
Pseudomonas agarici	46677	S	1	0	1	0.0000284479
Pseudomonas parafulva	157782	S	1	0	1	0.0000284479
Pseudomonas alcaliphila	101564	S	1	0	1	0.0000284479
Pseudomonas antarctica	219572	S	1	0	1	0.0000284479
Pseudomonas alkylphenolica	237609	S	1	0	1	0.0000284479
Pseudomonas psychrophila	122355	S	1	0	1	0.0000284479
Pseudomonas palleroniana	191390	S	1	0	1	0.0000284479
Permianibacter aggregans	1510150	S	1	0	1	0.0000284479
Entomomonas moraniae	2213226	S	1	0	1	0.0000284479
Klebsiella oxytoca	571	S	1	0	1	0.0000284479
Klebsiella africana	2489010	S	1	0	1	0.0000284479
Enterobacter cancerogenus	69218	S	1	0	1	0.0000284479
Enterobacter chengduensis	2494701	S	1	0	1	0.0000284479
Leclercia sp. 1106151	2681309	S	1	0	1	0.0000284479
Leclercia sp. 4-9-1-25	2815358	S	1	0	1	0.0000284479
Citrobacter freundii complex sp. CFNIH2	2066049	S	1	0	1	0.0000284479
Enterobacteriaceae endosymbiont of Plateumaris rustica	2675796	S	1	0	1	0.0000284479
Enterobacteriaceae endosymbiont of Neohaemonia nigricornis	2675792	S	1	0	1	0.0000284479
Enterobacteriaceae endosymbiont of Macroplea mutica	2675791	S	1	0	1	0.0000284479
Enterobacteriaceae endosymbiont of Donacia provostii	2675781	S	1	0	1	0.0000284479
Enterobacteriaceae endosymbiont of Donacia thalassina	2675786	S	1	0	1	0.0000284479
Cronobacter dublinensis	413497	S	1	0	1	0.0000284479
Cronobacter malonaticus	413503	S	1	0	1	0.0000284479
Kosakonia oryzae	497725	S	1	0	1	0.0000284479
Kosakonia arachidis	551989	S	1	0	1	0.0000284479
Kluyvera intermedia	61648	S	1	0	1	0.0000284479
Pluralibacter gergoviae	61647	S	1	0	1	0.0000284479
Candidatus Tachikawaea gelatinosa	1410383	S	1	0	1	0.0000284479
Phytobacter ursingii	1972431	S	1	0	1	0.0000284479
Atlantibacter hermannii	565	S	1	0	1	0.0000284479
Serratia sp. KUDC3025	2597702	S	1	0	1	0.0000284479
Serratia sp. P2ACOL2	2482769	S	1	0	1	0.0000284479
Serratia sp. ATCC 39006	104623	S	1	0	1	0.0000284479
Yersinia aldovae	29483	S	1	0	1	0.0000284479
Yersinia rohdei	29485	S	1	0	1	0.0000284479
Yersinia entomophaga	935293	S	1	0	1	0.0000284479
Yersinia canariae	2607663	S	1	0	1	0.0000284479
Gibbsiella quercinecans	929813	S	1	0	1	0.0000284479
Nissabacter sp. SGAir0207	2126321	S	1	0	1	0.0000284479
Pantoea sp. 201603H	2479547	S	1	0	1	0.0000284479
Pantoea sp. SO10	2575375	S	1	0	1	0.0000284479
Pantoea ananatis	553	S	1	0	1	0.0000284479
Pantoea cypripedii	55209	S	1	0	1	0.0000284479
Candidatus Pantoea carbekii	1235990	S	1	0	1	0.0000284479
Pantoea alhagi	1891675	S	1	0	1	0.0000284479
Erwinia amylovora	552	S	1	0	1	0.0000284479
Erwinia tasmaniensis	338565	S	1	0	1	0.0000284479
Xenorhabdus budapestensis	290110	S	1	0	1	0.0000284479
Providencia vermicola	333965	S	1	0	1	0.0000284479
Providencia sneebia	516075	S	1	0	1	0.0000284479
Photorhabdus asymbiotica	291112	S	1	0	1	0.0000284479
Dickeya dadantii	204038	S	1	0	1	0.0000284479
Pectobacterium parmentieri	1905730	S	1	0	1	0.0000284479
Brenneria rubrifaciens	55213	S	1	0	1	0.0000284479
Brenneria goodwinii	1109412	S	1	0	1	0.0000284479
Lonsdalea populi	1172565	S	1	0	1	0.0000284479
Edwardsiella tarda	636	S	1	0	1	0.0000284479
Jinshanibacter zhutongyuii	2498113	S	1	0	1	0.0000284479
Candidatus Sodalis pierantonius	1486991	S	1	0	1	0.0000284479
Lysobacter sp. HDW10	2714936	S	1	0	1	0.0000284479
Lysobacter sp. CW239	2762611	S	1	0	1	0.0000284479
Lysobacter arenosi	2795387	S	1	0	1	0.0000284479
Stenotrophomonas sp. NA06056	2742129	S	1	0	1	0.0000284479
Xanthomonas sp. GW	2724121	S	1	0	1	0.0000284479
Xanthomonas sp. SI	2724123	S	1	0	1	0.0000284479
Xanthomonas cucurbitae	56453	S	1	0	1	0.0000284479
Xanthomonas axonopodis	53413	S	1	0	1	0.0000284479
Xanthomonas fragariae	48664	S	1	0	1	0.0000284479
Xanthomonas vesicatoria	56460	S	1	0	1	0.0000284479
Xanthomonas euroxanthea	2259622	S	1	0	1	0.0000284479
Pseudoxanthomonas spadix	415229	S	1	0	1	0.0000284479
Luteimonas yindakuii	2565782	S	1	0	1	0.0000284479
Thermomonas sp. HDW16	2714945	S	1	0	1	0.0000284479
Pseudolysobacter antarcticus	2511995	S	1	0	1	0.0000284479
Dyella japonica	231455	S	1	0	1	0.0000284479
Dyella caseinilytica	1849581	S	1	0	1	0.0000284479
Frateuria aurantia	81475	S	1	0	1	0.0000284479
Dokdonella koreensis	323415	S	1	0	1	0.0000284479
Halomonas sp. Y2R2	2562282	S	1	0	1	0.0000284479
Halomonas sp. MCCC 1A13718	2733488	S	1	0	1	0.0000284479
Halomonas sp. THAF12	2587849	S	1	0	1	0.0000284479
Halomonas sp. 1513	1883416	S	1	0	1	0.0000284479
Halomonas piezotolerans	2609667	S	1	0	1	0.0000284479
Halomonas socia	1081866	S	1	0	1	0.0000284479
Kushneria konosiri	698828	S	1	0	1	0.0000284479
Halotalea alkalilenta	376489	S	1	0	1	0.0000284479
Salinicola tamaricis	1771309	S	1	0	1	0.0000284479
Marinomonas sp. FW-1	2071621	S	1	0	1	0.0000284479
Alcanivorax pacificus	1306787	S	1	0	1	0.0000284479
Reinekea forsetii	1336806	S	1	0	1	0.0000284479
Gynuella sunshinyii	1445505	S	1	0	1	0.0000284479
Endozoicomonas montiporae	1027273	S	1	0	1	0.0000284479
Shewanella sp. FJAT-51800	2814294	S	1	0	1	0.0000284479
Shewanella sp. KX20019	2803864	S	1	0	1	0.0000284479
Shewanella sp. Scap07	2589987	S	1	0	1	0.0000284479
Shewanella sp. YLB-06	2593655	S	1	0	1	0.0000284479
Shewanella algae	38313	S	1	0	1	0.0000284479
Shewanella loihica	359303	S	1	0	1	0.0000284479
Shewanella pealeana	70864	S	1	0	1	0.0000284479
Shewanella litorisediminis	1173586	S	1	0	1	0.0000284479
Parashewanella spongiae	342950	S	1	0	1	0.0000284479
Parashewanella tropica	2547970	S	1	0	1	0.0000284479
Pseudoalteromonas sp. A25	116092	S	1	0	1	0.0000284479
Pseudoalteromonas sp. GCY	2003316	S	1	0	1	0.0000284479
Pseudoalteromonas ulvae	107327	S	1	0	1	0.0000284479
Pseudoalteromonas paragorgicola	166934	S	1	0	1	0.0000284479
Pseudoalteromonas carrageenovora	227	S	1	0	1	0.0000284479
Pseudoalteromonas rubra	43658	S	1	0	1	0.0000284479
Pseudoalteromonas arctica	394751	S	1	0	1	0.0000284479
Pseudoalteromonas aliena	247523	S	1	0	1	0.0000284479
Psychrosphaera sp. MTZ26	2820710	S	1	0	1	0.0000284479
Marinobacter sp. NP-4(2019)	2488665	S	1	0	1	0.0000284479
Marinobacter sp. JH2	2547598	S	1	0	1	0.0000284479
Marinobacter sp. LPB0319	2769486	S	1	0	1	0.0000284479
Marinobacter hydrocarbonoclasticus	2743	S	1	0	1	0.0000284479
Marinobacter adhaerens	1033846	S	1	0	1	0.0000284479
Marinobacter salinus	1874317	S	1	0	1	0.0000284479
Marinobacter fonticola	2603215	S	1	0	1	0.0000284479
Alteromonas pelagimontana	1858656	S	1	0	1	0.0000284479
Catenovulum sediminis	1740262	S	1	0	1	0.0000284479
Catenovulum sp. CCB-QB4	2172099	S	1	0	1	0.0000284479
Agarivorans gilvus	680279	S	1	0	1	0.0000284479
Paraglaciecola psychrophila	326544	S	1	0	1	0.0000284479
Colwellia sp. PAMC 20917	1816218	S	1	0	1	0.0000284479
Colwellia sp. PAMC 21821	1816219	S	1	0	1	0.0000284479
Colwellia sp. 20A7	2689569	S	1	0	1	0.0000284479
Colwellia psychrerythraea	28229	S	1	0	1	0.0000284479
Litorilituus sediminis	718192	S	1	0	1	0.0000284479
Thalassotalea sp. HSM 43	2552945	S	1	0	1	0.0000284479
Moritella marina	90736	S	1	0	1	0.0000284479
Thioalkalivibrio versutus	106634	S	1	0	1	0.0000284479
Thioalkalivibrio sp. K90mix	396595	S	1	0	1	0.0000284479
Halorhodospira halophila	1053	S	1	0	1	0.0000284479
Nitrosococcus halophilus	133539	S	1	0	1	0.0000284479
Thiocystis violascens	73141	S	1	0	1	0.0000284479
Marichromatium purpuratum	37487	S	1	0	1	0.0000284479
Halothiobacillus sp. LS2	1860122	S	1	0	1	0.0000284479
Sulfuriflexus mobilis	1811807	S	1	0	1	0.0000284479
Guyparkeria halophila	47960	S	1	0	1	0.0000284479
Haemophilus parahaemolyticus	735	S	1	0	1	0.0000284479
Actinobacillus porcitonsillarum	189834	S	1	0	1	0.0000284479
Vespertiliibacter pulmonis	1443036	S	1	0	1	0.0000284479
Aggregatibacter aphrophilus	732	S	1	0	1	0.0000284479
Aeromonas rivipollensis	948519	S	1	0	1	0.0000284479
Aeromonas hydrophila	644	S	1	0	1	0.0000284479
Aeromonas encheleia	73010	S	1	0	1	0.0000284479
Aeromonas media	651	S	1	0	1	0.0000284479
Aeromonas jandaei	650	S	1	0	1	0.0000284479
Oceanimonas sp. GK1	511062	S	1	0	1	0.0000284479
Succinivibrio dextrinosolvens	83771	S	1	0	1	0.0000284479
Vibrio alginolyticus	663	S	1	0	1	0.0000284479
Vibrio parahaemolyticus	670	S	1	0	1	0.0000284479
Vibrio campbellii	680	S	1	0	1	0.0000284479
Vibrio sp. HDW18	2714948	S	1	0	1	0.0000284479
Vibrio sp. Scap24	2589990	S	1	0	1	0.0000284479
Vibrio gazogenes	687	S	1	0	1	0.0000284479
Vibrio taketomensis	2572923	S	1	0	1	0.0000284479
Vibrio casei	673372	S	1	0	1	0.0000284479
Vibrio scophthalmi	45658	S	1	0	1	0.0000284479
Vibrio cidicii	1763883	S	1	0	1	0.0000284479
Photobacterium profundum	74109	S	1	0	1	0.0000284479
Aliivibrio fischeri	668	S	1	0	1	0.0000284479
Aliivibrio salmonicida	40269	S	1	0	1	0.0000284479
Methylomonas sp. DH-1	1727196	S	1	0	1	0.0000284479
Methylomonas denitrificans	1538553	S	1	0	1	0.0000284479
Methylomonas rhizoryzae	2608981	S	1	0	1	0.0000284479
Methylococcus sp. IM1	2681310	S	1	0	1	0.0000284479
Methylomicrobium sp. wino1	2049332	S	1	0	1	0.0000284479
Methylocaldum marinum	1432792	S	1	0	1	0.0000284479
Methylotuvimicrobium alcaliphilum	271065	S	1	0	1	0.0000284479
Legionella endosymbiont of Polyplax serrata	2005262	S	1	0	1	0.0000284479
Legionella fallonii	96230	S	1	0	1	0.0000284479
Coxiella burnetii	777	S	1	0	1	0.0000284479
Francisella sp. LA112445	1395624	S	1	0	1	0.0000284479
Francisella philomiragia	28110	S	1	0	1	0.0000284479
Francisella orientalis	299583	S	1	0	1	0.0000284479
Francisella frigiditurris	1542390	S	1	0	1	0.0000284479
Francisella adeliensis	2007306	S	1	0	1	0.0000284479
Allofrancisella frigidaquae	1085644	S	1	0	1	0.0000284479
Allofrancisella inopinata	1085647	S	1	0	1	0.0000284479
Piscirickettsia salmonis	1238	S	1	0	1	0.0000284479
Hydrogenovibrio crunogenus	39765	S	1	0	1	0.0000284479
Thiothrix sp. Ku-5	2735563	S	1	0	1	0.0000284479
Halioglobus japonicus	930805	S	1	0	1	0.0000284479
Halioglobus maricola	2601894	S	1	0	1	0.0000284479
Cellvibrio japonicus	155077	S	1	0	1	0.0000284479
Agarilytica rhodophyticola	1737490	S	1	0	1	0.0000284479
Microbulbifer thermotolerans	252514	S	1	0	1	0.0000284479
Microbulbifer sp. YPW1	2745199	S	1	0	1	0.0000284479
Candidatus Thioglobus singularis	1427364	S	1	0	1	0.0000284479
Gallaecimonas mangrovi	2291597	S	1	0	1	0.0000284479
Candidatus Azoamicus ciliaticola	2652803	S	1	0	1	0.0000284479
Acidiferrobacter sp. SPIII_3	1281578	S	1	0	1	0.0000284479
Solimonas sp. K1W22B-7	2303331	S	1	0	1	0.0000284479
Salinisphaera sp. LB1	2183911	S	1	0	1	0.0000284479
Bradyrhizobium amphicarpaeae	1404768	S	1	0	1	0.0000284479
Bradyrhizobium oligotrophicum	44255	S	1	0	1	0.0000284479
Nitrobacter winogradskyi	913	S	1	0	1	0.0000284479
Methylobacterium terrae	2202827	S	1	0	1	0.0000284479
Microvirga sp. VF16	2807101	S	1	0	1	0.0000284479
Rhizobium sp. ACO-34A	1571470	S	1	0	1	0.0000284479
Rhizobium sp. NZLR1	2731096	S	1	0	1	0.0000284479
Rhizobium acidisoli	1538158	S	1	0	1	0.0000284479
Rhizobium lentis	1138194	S	1	0	1	0.0000284479
Rhizobium bangladeshense	1138189	S	1	0	1	0.0000284479
Rhizobium indicum	2583231	S	1	0	1	0.0000284479
Rhizobium rhizoryzae	451876	S	1	0	1	0.0000284479
Rhizobium lusitanum	293958	S	1	0	1	0.0000284479
Rhizobium gallicum	56730	S	1	0	1	0.0000284479
Neorhizobium galegae	399	S	1	0	1	0.0000284479
Neorhizobium sp. SOG26	2060726	S	1	0	1	0.0000284479
Ensifer mexicanus	375549	S	1	0	1	0.0000284479
Ensifer alkalisoli	1752398	S	1	0	1	0.0000284479
Shinella sp. PSBB067	2715959	S	1	0	1	0.0000284479
Mesorhizobium sp. M1D.F.Ca.ET.043.01.1.1	2493669	S	1	0	1	0.0000284479
Mesorhizobium sp. M2A.F.Ca.ET.043.05.1.1	2493671	S	1	0	1	0.0000284479
Mesorhizobium sp. M1E.F.Ca.ET.045.02.1.1	2493672	S	1	0	1	0.0000284479
Mesorhizobium sp. M1B.F.Ca.ET.045.04.1.1	2493673	S	1	0	1	0.0000284479
Mesorhizobium sp. M6A.T.Cr.TU.016.01.1.1	2493677	S	1	0	1	0.0000284479
Mesorhizobium sp. AA22	1854057	S	1	0	1	0.0000284479
Mesorhizobium sp. M1A.F.Ca.IN.022.06.1.1	2493680	S	1	0	1	0.0000284479
Mesorhizobium sp. 113-3-3	2744516	S	1	0	1	0.0000284479
Mesorhizobium australicum	536018	S	1	0	1	0.0000284479
Mesorhizobium japonicum	2066070	S	1	0	1	0.0000284479
Devosia sp. MC521	2759954	S	1	0	1	0.0000284479
Rhodoplanes piscinae	444923	S	1	0	1	0.0000284479
Methyloceanibacter caenitepidi	1384459	S	1	0	1	0.0000284479
Methyloceanibacter sp. wino2	2170729	S	1	0	1	0.0000284479
Rhodomicrobium vannielii	1069	S	1	0	1	0.0000284479
Labrenzia sp. VG12	2021862	S	1	0	1	0.0000284479
Labrenzia sp. THAF35	2587854	S	1	0	1	0.0000284479
Aureimonas sp. OT7	2816454	S	1	0	1	0.0000284479
Martelella endophytica	1486262	S	1	0	1	0.0000284479
Martelella lutilitoris	2583532	S	1	0	1	0.0000284479
Methylocystis bryophila	655015	S	1	0	1	0.0000284479
Methylosinus sp. C49	2699395	S	1	0	1	0.0000284479
Brucella intermedia	94625	S	1	0	1	0.0000284479
[Ochrobactrum] quorumnocens	271865	S	1	0	1	0.0000284479
Bartonella apis	1686310	S	1	0	1	0.0000284479
Cohaesibacter sp. ES.047	1798205	S	1	0	1	0.0000284479
Sphingomonas ginsengisoli An et al. 2013	363835	S	1	0	1	0.0000284479
Sphingomonas sediminicola	386874	S	1	0	1	0.0000284479
Sphingobium chlorophenolicum	46429	S	1	0	1	0.0000284479
Sphingobium herbicidovorans	76947	S	1	0	1	0.0000284479
Sphingorhabdus sp. M41	1806885	S	1	0	1	0.0000284479
Sphingorhabdus sp. YGSMI21	2077182	S	1	0	1	0.0000284479
Sphingorhabdus sp. JK6	2725558	S	1	0	1	0.0000284479
Zymomonas mobilis	542	S	1	0	1	0.0000284479
Novosphingopyxis sp. PB63	2762729	S	1	0	1	0.0000284479
Allosphingosinicella indica	941907	S	1	0	1	0.0000284479
Erythrobacter neustonensis	1112	S	1	0	1	0.0000284479
Altererythrobacter sp. TH136	2067415	S	1	0	1	0.0000284479
Altererythrobacter atlanticus	1267766	S	1	0	1	0.0000284479
Tsuneonella dongtanensis	692370	S	1	0	1	0.0000284479
Sphingosinicella sp. UDD2	2771430	S	1	0	1	0.0000284479
Paracoccus sp. MC1862	2760307	S	1	0	1	0.0000284479
Paracoccus sp. H4-D09	2812658	S	1	0	1	0.0000284479
Paracoccus liaowanqingii	2560053	S	1	0	1	0.0000284479
Sulfitobacter sp. AM1-D1	1917485	S	1	0	1	0.0000284479
Sulfitobacter sp. JL08	2070369	S	1	0	1	0.0000284479
Sulfitobacter mediterraneus	83219	S	1	0	1	0.0000284479
Rhodobacter sp. LPB0142	1850250	S	1	0	1	0.0000284479
Roseovarius faecimaris	2494550	S	1	0	1	0.0000284479
Roseovarius sp. THAF9	2587847	S	1	0	1	0.0000284479
Ruegeria sp. AD91A	2293862	S	1	0	1	0.0000284479
Ruegeria sp. THAF33	2587853	S	1	0	1	0.0000284479
Rhodovulum sp. MB263	308754	S	1	0	1	0.0000284479
Rhodovulum sulfidophilum	35806	S	1	0	1	0.0000284479
Celeribacter indicus	1208324	S	1	0	1	0.0000284479
Celeribacter marinus	1397108	S	1	0	1	0.0000284479
Celeribacter manganoxidans	1411902	S	1	0	1	0.0000284479
Celeribacter ethanolicus	1758178	S	1	0	1	0.0000284479
Octadecabacter sp. SW4	2602067	S	1	0	1	0.0000284479
Octadecabacter antarcticus	1217908	S	1	0	1	0.0000284479
Octadecabacter temperatus	1458307	S	1	0	1	0.0000284479
Planktomarina temperata	1284658	S	1	0	1	0.0000284479
Profundibacter amoris	2171755	S	1	0	1	0.0000284479
Jannaschia sp. CCS1	290400	S	1	0	1	0.0000284479
Roseibacterium elongatum	159346	S	1	0	1	0.0000284479
Marinovum algicola	42444	S	1	0	1	0.0000284479
Parasedimentitalea marina	2483033	S	1	0	1	0.0000284479
Pelagibaca abyssi	1250539	S	1	0	1	0.0000284479
Marivivens sp. JLT3646	1920883	S	1	0	1	0.0000284479
Pseudohalocynthiibacter aestuariivivens	1591409	S	1	0	1	0.0000284479
Roseobacter litoralis	42443	S	1	0	1	0.0000284479
Azospirillum sp. TSH58	664962	S	1	0	1	0.0000284479
Azospirillum baldaniorum	1064539	S	1	0	1	0.0000284479
Magnetospirillum sp. ME-1	1639348	S	1	0	1	0.0000284479
Thalassospira sp. A40-3	2785908	S	1	0	1	0.0000284479
Thalassospira sp. B30-1	2785911	S	1	0	1	0.0000284479
Rhodospirillum centenum	34018	S	1	0	1	0.0000284479
Defluviicoccus vanus	111831	S	1	0	1	0.0000284479
Magnetospira sp. QH-2	1288970	S	1	0	1	0.0000284479
Pararhodospirillum photometricum	1084	S	1	0	1	0.0000284479
Roseomonas sp. FDAARGOS_362	2018065	S	1	0	1	0.0000284479
Roseomonas sp. 546	2768162	S	1	0	1	0.0000284479
Acetobacter ghanensis	431306	S	1	0	1	0.0000284479
Acetobacter persici	1076596	S	1	0	1	0.0000284479
Acetobacter sp. KACC 21233	2592655	S	1	0	1	0.0000284479
Neoasaia chiangmaiensis	320497	S	1	0	1	0.0000284479
Commensalibacter sp. ESL0284	2070537	S	1	0	1	0.0000284479
Komagataeibacter saccharivorans	265959	S	1	0	1	0.0000284479
Gluconacetobacter diazotrophicus	33996	S	1	0	1	0.0000284479
Acidibrevibacterium fodinaquatile	1969806	S	1	0	1	0.0000284479
Rickettsia massiliae	35791	S	1	0	1	0.0000284479
Rickettsia endosymbiont of Ixodes pacificus	1133329	S	1	0	1	0.0000284479
Candidatus Midichloria mitochondrii	234827	S	1	0	1	0.0000284479
Candidatus Fokinia solitaria	1802984	S	1	0	1	0.0000284479
Candidatus Nucleicultrix amoebiphila	1509244	S	1	0	1	0.0000284479
Candidatus Fonsibacter ubiquis	1925548	S	1	0	1	0.0000284479
Hyphomonas sp. Mor2	1906738	S	1	0	1	0.0000284479
Hyphomonas sp. KY3	2016196	S	1	0	1	0.0000284479
Maricaulis maris	74318	S	1	0	1	0.0000284479
Glycocaulis alkaliphilus	1434191	S	1	0	1	0.0000284479
Marinicauda algicola	2029849	S	1	0	1	0.0000284479
Hyphobacterium sp. CCMP332	2749086	S	1	0	1	0.0000284479
Paremcibacter congregatus	2043170	S	1	0	1	0.0000284479
Myxococcus sp. SCHIC003	2813577	S	1	0	1	0.0000284479
Geobacter sp. M18	443143	S	1	0	1	0.0000284479
Geobacter sp. Jerry-YX	2815309	S	1	0	1	0.0000284479
Geobacter bemidjiensis	225194	S	1	0	1	0.0000284479
Geobacter daltonii	1203471	S	1	0	1	0.0000284479
Desulfuromonas sp. DDH964	1823759	S	1	0	1	0.0000284479
Desulfovibrio sp. 86	2666132	S	1	0	1	0.0000284479
Desulfovibrio alaskensis	58180	S	1	0	1	0.0000284479
Desulfovibrio carbinolicus	296842	S	1	0	1	0.0000284479
Pseudodesulfovibrio aespoeensis	182210	S	1	0	1	0.0000284479
Pseudodesulfovibrio piezophilus	879567	S	1	0	1	0.0000284479
Maridesulfovibrio salexigens	880	S	1	0	1	0.0000284479
Desulfomicrobium baculatum	899	S	1	0	1	0.0000284479
Desulfohalobium retbaense	45663	S	1	0	1	0.0000284479
Desulfosarcina alkanivorans	571177	S	1	0	1	0.0000284479
Desulfosarcina widdelii	947919	S	1	0	1	0.0000284479
Desulfococcus multivorans	897	S	1	0	1	0.0000284479
Desulfobacter hydrogenophilus	2291	S	1	0	1	0.0000284479
Desulfobulbus propionicus	894	S	1	0	1	0.0000284479
Desulfopila sp. IMCC35005	2569541	S	1	0	1	0.0000284479
Syntrophobacter fumaroxidans	119484	S	1	0	1	0.0000284479
Hippea maritima	84405	S	1	0	1	0.0000284479
Bradymonas sediminis	1548548	S	1	0	1	0.0000284479
Campylobacter sp. RM6914	1032243	S	1	0	1	0.0000284479
Campylobacter sp. RM12175	1660076	S	1	0	1	0.0000284479
Campylobacter fetus	196	S	1	0	1	0.0000284479
Campylobacter pinnipediorum	1965231	S	1	0	1	0.0000284479
Campylobacter geochelonis	1780362	S	1	0	1	0.0000284479
Campylobacter ureolyticus	827	S	1	0	1	0.0000284479
Campylobacter gracilis	824	S	1	0	1	0.0000284479
Campylobacter hyointestinalis	198	S	1	0	1	0.0000284479
Arcobacter nitrofigilis	28199	S	1	0	1	0.0000284479
Arcobacter defluvii	873191	S	1	0	1	0.0000284479
Arcobacter anaerophilus	877500	S	1	0	1	0.0000284479
Aliarcobacter skirrowii	28200	S	1	0	1	0.0000284479
Aliarcobacter lanthieri	1355374	S	1	0	1	0.0000284479
Malaciobacter mytili	603050	S	1	0	1	0.0000284479
Malaciobacter molluscorum	1032072	S	1	0	1	0.0000284479
Poseidonibacter lekithochrous	1904463	S	1	0	1	0.0000284479
Pseudoarcobacter acticola	1849015	S	1	0	1	0.0000284479
Sulfurospirillum barnesii	44674	S	1	0	1	0.0000284479
Sulfurimonas sp. S2-6	2590020	S	1	0	1	0.0000284479
Sulfurimonas denitrificans	39766	S	1	0	1	0.0000284479
Sulfurimonas paralvinellae	317658	S	1	0	1	0.0000284479
Sulfurimonas gotlandica	1176482	S	1	0	1	0.0000284479
Sulfuricurvum kujiense	148813	S	1	0	1	0.0000284479
Helicobacter bilis	37372	S	1	0	1	0.0000284479
Nitratifractor salsuginis	269261	S	1	0	1	0.0000284479
Nitratiruptor labii	2706014	S	1	0	1	0.0000284479
Nitrosophilus alvini	2714855	S	1	0	1	0.0000284479
Nautilia profundicola	244787	S	1	0	1	0.0000284479
Bdellovibrio exovorus	453816	S	1	0	1	0.0000284479
Acidithiobacillus ferrooxidans	920	S	1	0	1	0.0000284479
Acidithiobacillus ferrivorans	160808	S	1	0	1	0.0000284479
Hydrogenophilus thermoluteolus	297	S	1	0	1	0.0000284479
Rhodococcus sp. ABRD24	2507582	S	1	0	1	0.0000284479
Rhodococcus sp. W8901	2742603	S	1	0	1	0.0000284479
Rhodococcus sp. PBTS 2	1653479	S	1	0	1	0.0000284479
Rhodococcus rhodochrous	1829	S	1	0	1	0.0000284479
Nocardia seriolae	37332	S	1	0	1	0.0000284479
Nocardia wallacei	480035	S	1	0	1	0.0000284479
Nocardia yunnanensis	2382165	S	1	0	1	0.0000284479
Mycolicibacterium sp. Z-34	2736649	S	1	0	1	0.0000284479
Mycolicibacterium sp. LJ126	2761578	S	1	0	1	0.0000284479
Mycolicibacterium fortuitum	1766	S	1	0	1	0.0000284479
Mycolicibacterium chitae	1792	S	1	0	1	0.0000284479
Mycolicibacterium celeriflavum	1249101	S	1	0	1	0.0000284479
Mycolicibacterium insubricum	444597	S	1	0	1	0.0000284479
Mycolicibacterium rutilum	370526	S	1	0	1	0.0000284479
Mycolicibacterium fluoranthenivorans	258505	S	1	0	1	0.0000284479
Mycolicibacterium madagascariense	212765	S	1	0	1	0.0000284479
Mycolicibacterium rhodesiae	36814	S	1	0	1	0.0000284479
Mycolicibacterium goodii	134601	S	1	0	1	0.0000284479
Mycolicibacterium frederiksbergense	117567	S	1	0	1	0.0000284479
Mycolicibacterium aichiense	1799	S	1	0	1	0.0000284479
Mycolicibacterium vaccae	1810	S	1	0	1	0.0000284479
Mycolicibacterium hassiacum	46351	S	1	0	1	0.0000284479
Mycobacterium heidelbergense	53376	S	1	0	1	0.0000284479
Mycobacterium kubicae	120959	S	1	0	1	0.0000284479
Mycobacterium saskatchewanense	220927	S	1	0	1	0.0000284479
Mycobacterium canettii	78331	S	1	0	1	0.0000284479
Mycobacterium conspicuum	44010	S	1	0	1	0.0000284479
Mycobacterium seoulense	386911	S	1	0	1	0.0000284479
Mycolicibacter terrae	1788	S	1	0	1	0.0000284479
Corynebacterium sp. zg-320	2768834	S	1	0	1	0.0000284479
Corynebacterium sp. zg-917	2763010	S	1	0	1	0.0000284479
Corynebacterium sp. 1959	2675216	S	1	0	1	0.0000284479
Corynebacterium sp. 2019	2675218	S	1	0	1	0.0000284479
Corynebacterium sp. MC1420	2709392	S	1	0	1	0.0000284479
Corynebacterium sp. ZJ-599	2709394	S	1	0	1	0.0000284479
Corynebacterium liangguodongii	2079535	S	1	0	1	0.0000284479
Corynebacterium glaucum	187491	S	1	0	1	0.0000284479
Corynebacterium sphenisci	191493	S	1	0	1	0.0000284479
Corynebacterium atypicum	191610	S	1	0	1	0.0000284479
Corynebacterium aquilae	203263	S	1	0	1	0.0000284479
Corynebacterium flavescens	28028	S	1	0	1	0.0000284479
Corynebacterium frankenforstense	1230998	S	1	0	1	0.0000284479
Corynebacterium macginleyi	38290	S	1	0	1	0.0000284479
Corynebacterium ureicelerivorans	401472	S	1	0	1	0.0000284479
Corynebacterium crudilactis	1652495	S	1	0	1	0.0000284479
Corynebacterium glucuronolyticum	39791	S	1	0	1	0.0000284479
Gordonia phthalatica	1136941	S	1	0	1	0.0000284479
Gordonia insulae	2420509	S	1	0	1	0.0000284479
Dietzia timorensis	499555	S	1	0	1	0.0000284479
Propionibacterium australiense	119981	S	1	0	1	0.0000284479
Propionibacterium acidifaciens	556499	S	1	0	1	0.0000284479
Microlunatus sp. KUDC0627	2596828	S	1	0	1	0.0000284479
Microlunatus soli	630515	S	1	0	1	0.0000284479
Raineyella sp. CBA3103	2662261	S	1	0	1	0.0000284479
Nocardioides sp. ZJ1313	2685869	S	1	0	1	0.0000284479
Nocardioides sp. 603	2483798	S	1	0	1	0.0000284479
Nocardioides seonyuensis	2518371	S	1	0	1	0.0000284479
Nocardioides cynanchi	2558918	S	1	0	1	0.0000284479
Nocardioides sambongensis	2589074	S	1	0	1	0.0000284479
Aeromicrobium sp. A1-2	2107713	S	1	0	1	0.0000284479
Aeromicrobium yanjiei	2662028	S	1	0	1	0.0000284479
Pimelobacter simplex	2045	S	1	0	1	0.0000284479
Friedmanniella luteola	546871	S	1	0	1	0.0000284479
Kribbella qitaiheensis	1544730	S	1	0	1	0.0000284479
Microbacterium sp. XT11	367477	S	1	0	1	0.0000284479
Microbacterium sp. WY121	2782168	S	1	0	1	0.0000284479
Microbacterium sp. HY60	2769067	S	1	0	1	0.0000284479
Microbacterium lushaniae	2614639	S	1	0	1	0.0000284479
Microbacterium amylolyticum	936337	S	1	0	1	0.0000284479
Microbacterium oryzae	743009	S	1	0	1	0.0000284479
Microbacterium esteraromaticum	57043	S	1	0	1	0.0000284479
Curtobacterium sp. MR_MD2014	1561023	S	1	0	1	0.0000284479
Curtobacterium sp. BH-2-1-1	1905847	S	1	0	1	0.0000284479
Curtobacterium sp. SGAir0471	2070337	S	1	0	1	0.0000284479
Curtobacterium sp. Csp2	2495430	S	1	0	1	0.0000284479
Curtobacterium sp. YC1	2795488	S	1	0	1	0.0000284479
Curtobacterium pusillum	69373	S	1	0	1	0.0000284479
Leucobacter muris	1935379	S	1	0	1	0.0000284479
Chryseoglobus indicus	2750620	S	1	0	1	0.0000284479
Rhodoluna lacicola	529884	S	1	0	1	0.0000284479
Salinibacterium sp. UTAS2018	2508880	S	1	0	1	0.0000284479
Cryobacterium sp.	1926290	S	1	0	1	0.0000284479
Cryobacterium sp. LW097	1978566	S	1	0	1	0.0000284479
Cryobacterium arcticum	670052	S	1	0	1	0.0000284479
Protaetiibacter intestinalis	2419774	S	1	0	1	0.0000284479
Agrococcus jejuensis	399736	S	1	0	1	0.0000284479
Agrococcus carbonis	684552	S	1	0	1	0.0000284479
Plantibacter flavus	150123	S	1	0	1	0.0000284479
Plantibacter sp. M259	2583822	S	1	0	1	0.0000284479
Gryllotalpicola protaetiae	2419771	S	1	0	1	0.0000284479
Mycetocola zhujimingii	2079792	S	1	0	1	0.0000284479
Microcella alkaliphila	279828	S	1	0	1	0.0000284479
Arthrobacter sp. PAMC 25486	1494608	S	1	0	1	0.0000284479
Arthrobacter sp. KBS0702	2578107	S	1	0	1	0.0000284479
Arthrobacter sp. YC-RL1	1652545	S	1	0	1	0.0000284479
Arthrobacter sp. QXT-31	1357915	S	1	0	1	0.0000284479
Rothia nasimurium	85336	S	1	0	1	0.0000284479
Kocuria palustris	71999	S	1	0	1	0.0000284479
Pseudarthrobacter sp. NIBRBAC000502771	2590774	S	1	0	1	0.0000284479
Pseudarthrobacter sp. NBSH8	2596911	S	1	0	1	0.0000284479
Pseudarthrobacter chlorophenolicus	85085	S	1	0	1	0.0000284479
Pseudarthrobacter phenanthrenivorans	361575	S	1	0	1	0.0000284479
Glutamicibacter arilaitensis	256701	S	1	0	1	0.0000284479
Glutamicibacter mishrai	1775880	S	1	0	1	0.0000284479
Glutamicibacter halophytocola	1933880	S	1	0	1	0.0000284479
Glutamicibacter sp. ZJUTW	1155384	S	1	0	1	0.0000284479
Renibacterium salmoninarum	1646	S	1	0	1	0.0000284479
Yimella sp. cx-51	2770551	S	1	0	1	0.0000284479
Janibacter limosus	53458	S	1	0	1	0.0000284479
Intrasporangium calvum	53358	S	1	0	1	0.0000284479
Tetrasphaera sp. HKS02	1813880	S	1	0	1	0.0000284479
Pedococcus dokdonensis	443156	S	1	0	1	0.0000284479
Cellulomonas fimi	1708	S	1	0	1	0.0000284479
Cellulomonas taurus	2729175	S	1	0	1	0.0000284479
Brevibacterium sp. o2	2697565	S	1	0	1	0.0000284479
Brevibacterium sp. 'Marine'	2725563	S	1	0	1	0.0000284479
Ornithinimicrobium sp. AMA3305	2283195	S	1	0	1	0.0000284479
Ornithinimicrobium sp. H23M54	2594265	S	1	0	1	0.0000284479
Ornithinimicrobium pratense	2593973	S	1	0	1	0.0000284479
Brachybacterium sp. SGAir0954	2571029	S	1	0	1	0.0000284479
Brachybacterium saurashtrense	556288	S	1	0	1	0.0000284479
Brachybacterium avium	2017485	S	1	0	1	0.0000284479
Dermabacter vaginalis	1630135	S	1	0	1	0.0000284479
Cellulosimicrobium sp. BI34T	2587808	S	1	0	1	0.0000284479
Isoptericola variabilis	139208	S	1	0	1	0.0000284479
Xylanimonas allomyrinae	2509459	S	1	0	1	0.0000284479
Xylanimicrobium sp. FW10M-9	2509457	S	1	0	1	0.0000284479
Sanguibacter sp. HDW7	2714931	S	1	0	1	0.0000284479
Austwickia chelonae	100225	S	1	0	1	0.0000284479
Luteimicrobium xylanilyticum	1133546	S	1	0	1	0.0000284479
Streptomyces sp. SCUT-3	2684469	S	1	0	1	0.0000284479
Streptomyces sp. Go-475	2072505	S	1	0	1	0.0000284479
Streptomyces sp. RTd22	1841249	S	1	0	1	0.0000284479
Streptomyces sp. MBT27	1488356	S	1	0	1	0.0000284479
Streptomyces sp. HM190	2695266	S	1	0	1	0.0000284479
Streptomyces sp. S4.7	2705439	S	1	0	1	0.0000284479
Streptomyces sp. INR7	2607753	S	1	0	1	0.0000284479
Streptomyces sp. ID38640	1265399	S	1	0	1	0.0000284479
Streptomyces sp. SirexAA-E	862751	S	1	0	1	0.0000284479
Streptomyces sp. SUK 48	2582831	S	1	0	1	0.0000284479
Streptomyces sp. NA04227	2742136	S	1	0	1	0.0000284479
Streptomyces sp. endophyte_N2	2153485	S	1	0	1	0.0000284479
Streptomyces sp. Rer75	2750011	S	1	0	1	0.0000284479
Streptomyces sp. CNQ-509	444103	S	1	0	1	0.0000284479
Streptomyces sp. XC 2026	2782004	S	1	0	1	0.0000284479
Streptomyces griseus	1911	S	1	0	1	0.0000284479
Streptomyces sp. M54	2759525	S	1	0	1	0.0000284479
Streptomyces globisporus	1908	S	1	0	1	0.0000284479
Streptomyces koyangensis	188770	S	1	0	1	0.0000284479
Streptomyces incarnatus	665007	S	1	0	1	0.0000284479
Streptomyces xiamenensis	408015	S	1	0	1	0.0000284479
Streptomyces exfoliatus	1905	S	1	0	1	0.0000284479
Streptomyces vietnamensis	362257	S	1	0	1	0.0000284479
Streptomyces griseocarneus	51201	S	1	0	1	0.0000284479
Streptomyces avermitilis	33903	S	1	0	1	0.0000284479
Streptomyces rectiverticillatus	173860	S	1	0	1	0.0000284479
Streptomyces cyanogenus	80860	S	1	0	1	0.0000284479
Streptomyces violaceusniger	68280	S	1	0	1	0.0000284479
Streptomyces niveus	193462	S	1	0	1	0.0000284479
Streptomyces pluripotens	1355015	S	1	0	1	0.0000284479
Streptomyces ferrugineus	1413221	S	1	0	1	0.0000284479
Streptomyces clavuligerus	1901	S	1	0	1	0.0000284479
Streptomyces ficellus	1977088	S	1	0	1	0.0000284479
Streptomyces cacaoi	1898	S	1	0	1	0.0000284479
Streptomyces tirandamycinicus	2174846	S	1	0	1	0.0000284479
Streptomyces cyaneochromogenes	2496836	S	1	0	1	0.0000284479
Streptomyces atratus	1893	S	1	0	1	0.0000284479
Streptomyces qinzhouensis	2599401	S	1	0	1	0.0000284479
Streptomyces phaeolivaceus	2653200	S	1	0	1	0.0000284479
Streptomyces actuosus	1885	S	1	0	1	0.0000284479
Streptomyces californicus	67351	S	1	0	1	0.0000284479
Streptomyces viridosporus	67581	S	1	0	1	0.0000284479
Streptomyces pactum	68249	S	1	0	1	0.0000284479
Streptomyces peucetius	1950	S	1	0	1	0.0000284479
Streptomyces olivaceus	47716	S	1	0	1	0.0000284479
Streptomyces glomeroaurantiacus	68210	S	1	0	1	0.0000284479
Streptacidiphilus bronchialis	2126346	S	1	0	1	0.0000284479
Kitasatospora sp. MMS16-BH015	2018025	S	1	0	1	0.0000284479
Kitasatospora sp. NA04385	2742135	S	1	0	1	0.0000284479
Kitasatospora setae	2066	S	1	0	1	0.0000284479
Saccharomonospora cyanea	40989	S	1	0	1	0.0000284479
Saccharomonospora xinjiangensis	75294	S	1	0	1	0.0000284479
Saccharothrix espanaensis	103731	S	1	0	1	0.0000284479
Saccharopolyspora coralli	2665642	S	1	0	1	0.0000284479
Micromonospora sp. WMMC415	2675222	S	1	0	1	0.0000284479
Micromonospora viridifaciens	1881	S	1	0	1	0.0000284479
Micromonospora craniellae	2294034	S	1	0	1	0.0000284479
Micromonospora terminaliae	1914461	S	1	0	1	0.0000284479
Micromonospora zamorensis	709883	S	1	0	1	0.0000284479
Micromonospora coxensis	356852	S	1	0	1	0.0000284479
Micromonospora siamensis	299152	S	1	0	1	0.0000284479
Micromonospora purpureochromogenes	47872	S	1	0	1	0.0000284479
Actinoplanes teichomyceticus	1867	S	1	0	1	0.0000284479
Actinoplanes friuliensis	196914	S	1	0	1	0.0000284479
Salinispora arenicola	168697	S	1	0	1	0.0000284479
Phytohabitans flavus	1076124	S	1	0	1	0.0000284479
Plantactinospora sp. KBS50	2024580	S	1	0	1	0.0000284479
Actinomyces sp. oral taxon 171	706438	S	1	0	1	0.0000284479
Actinomyces naeslundii	1655	S	1	0	1	0.0000284479
Actinomyces israelii	1659	S	1	0	1	0.0000284479
Actinomyces howellii	52771	S	1	0	1	0.0000284479
Actinomyces gaoshouyii	1960083	S	1	0	1	0.0000284479
Actinomyces marmotae	2737173	S	1	0	1	0.0000284479
Arcanobacterium haemolyticum	28264	S	1	0	1	0.0000284479
Arcanobacterium phocae	131112	S	1	0	1	0.0000284479
Arcanobacterium phocisimile	1302235	S	1	0	1	0.0000284479
Trueperella sp. 19M2397	2733571	S	1	0	1	0.0000284479
Flaviflexus salsibiostraticola	1282737	S	1	0	1	0.0000284479
Mobiluncus curtisii	2051	S	1	0	1	0.0000284479
Actinotignum schaalii	59505	S	1	0	1	0.0000284479
Pauljensenia hongkongensis	178339	S	1	0	1	0.0000284479
Candidatus Planktophila versatilis	1884905	S	1	0	1	0.0000284479
Candidatus Nanopelagicus abundans	1884916	S	1	0	1	0.0000284479
Nonomuraea nitratireducens	2656914	S	1	0	1	0.0000284479
Streptosporangium sp. 'caverna'	2202249	S	1	0	1	0.0000284479
Thermobispora bispora	2006	S	1	0	1	0.0000284479
Nocardiopsis dassonvillei	2014	S	1	0	1	0.0000284479
Bifidobacterium bifidum	1681	S	1	0	1	0.0000284479
Bifidobacterium angulatum	1683	S	1	0	1	0.0000284479
Bifidobacterium asteroides	1684	S	1	0	1	0.0000284479
Bifidobacterium imperatoris	2020965	S	1	0	1	0.0000284479
Bifidobacterium animalis	28025	S	1	0	1	0.0000284479
Bifidobacterium pullorum	78448	S	1	0	1	0.0000284479
Frankia sp. EAN1pec	298653	S	1	0	1	0.0000284479
Frankia sp. QA3	710111	S	1	0	1	0.0000284479
Frankia alni	1859	S	1	0	1	0.0000284479
Modestobacter marinus	477641	S	1	0	1	0.0000284479
Nakamurella sp. s14-144	1902245	S	1	0	1	0.0000284479
Nakamurella sp. PAMC28650	2762325	S	1	0	1	0.0000284479
Nakamurella multipartita	53461	S	1	0	1	0.0000284479
Nakamurella panacisegetis	1090615	S	1	0	1	0.0000284479
Stackebrandtia nassauensis	283811	S	1	0	1	0.0000284479
Jiangella alkaliphila	419479	S	1	0	1	0.0000284479
Eggerthella lenta	84112	S	1	0	1	0.0000284479
Eggerthella sp. HF-1101	2690837	S	1	0	1	0.0000284479
Coriobacterium glomerans	33871	S	1	0	1	0.0000284479
Egicoccus halophilus	1670830	S	1	0	1	0.0000284479
Rubrobacter sp. SCSIO 52909	2653851	S	1	0	1	0.0000284479
Rubrobacter sp. SCSIO 52915	2653852	S	1	0	1	0.0000284479
Rubrobacter indicoceani	2051957	S	1	0	1	0.0000284479
Conexibacter woesei	191495	S	1	0	1	0.0000284479
Bacillus pseudomycoides	64104	S	1	0	1	0.0000284479
Bacillus siamensis	659243	S	1	0	1	0.0000284479
Bacillus tequilensis	227866	S	1	0	1	0.0000284479
Bacillus mojavensis	72360	S	1	0	1	0.0000284479
Bacillus sp. DSL-17	2567941	S	1	0	1	0.0000284479
Bacillus sp. FJAT-22090	1581038	S	1	0	1	0.0000284479
Bacillus sp. N1-1	2682541	S	1	0	1	0.0000284479
Bacillus sp. KH172YL63	2709784	S	1	0	1	0.0000284479
Bacillus sp. PAMC26568	2760090	S	1	0	1	0.0000284479
Bacillus sp. FJAT-45348	2011012	S	1	0	1	0.0000284479
Bacillus sp. Y1	352858	S	1	0	1	0.0000284479
Bacillus ciccensis	1670641	S	1	0	1	0.0000284479
Bacillus circulans	1397	S	1	0	1	0.0000284479
Anoxybacillus caldiproteolyticus	247480	S	1	0	1	0.0000284479
Geobacillus genomosp. 3	1921421	S	1	0	1	0.0000284479
Lysinibacillus sp. SGAir0095	2070463	S	1	0	1	0.0000284479
Metabacillus sp. cB07	2806989	S	1	0	1	0.0000284479
Alkalihalobacillus pseudofirmus	79885	S	1	0	1	0.0000284479
Alkalihalobacillus krulwichiae	199441	S	1	0	1	0.0000284479
Alkalihalobacillus miscanthi	2598861	S	1	0	1	0.0000284479
Salicibibacter sp. NKC21-4	2743001	S	1	0	1	0.0000284479
Cytobacillus oceanisediminis	665099	S	1	0	1	0.0000284479
Cytobacillus kochii	859143	S	1	0	1	0.0000284479
Gracilibacillus sp. SCU50	2663022	S	1	0	1	0.0000284479
Amphibacillus xylanus	1449	S	1	0	1	0.0000284479
Fictibacillus phosphorivorans	1221500	S	1	0	1	0.0000284479
Oceanobacillus zhaokaii	2052660	S	1	0	1	0.0000284479
Pradoshia sp. D12	2651284	S	1	0	1	0.0000284479
Pontibacillus sp. ALD_SL1	2777185	S	1	0	1	0.0000284479
Staphylococcus schweitzeri	1654388	S	1	0	1	0.0000284479
Staphylococcus nepalensis	214473	S	1	0	1	0.0000284479
Staphylococcus pseudoxylosus	2282419	S	1	0	1	0.0000284479
Staphylococcus pseudintermedius	283734	S	1	0	1	0.0000284479
Staphylococcus pasteuri	45972	S	1	0	1	0.0000284479
Staphylococcus warneri	1292	S	1	0	1	0.0000284479
Staphylococcus lugdunensis	28035	S	1	0	1	0.0000284479
Staphylococcus succinus	61015	S	1	0	1	0.0000284479
Mammaliicoccus lentus	42858	S	1	0	1	0.0000284479
Paenibacillus sp. JDR-2	324057	S	1	0	1	0.0000284479
Paenibacillus sp. TB2019	2810347	S	1	0	1	0.0000284479
Paenibacillus sp. JNUCC-31	2777983	S	1	0	1	0.0000284479
Paenibacillus sp. 37	2607911	S	1	0	1	0.0000284479
Paenibacillus sp. BIHB4019	1870819	S	1	0	1	0.0000284479
Paenibacillus sp. FSL R7-0331	1536773	S	1	0	1	0.0000284479
Paenibacillus cellulositrophicus	562959	S	1	0	1	0.0000284479
Paenibacillus cellulosilyticus	375489	S	1	0	1	0.0000284479
Paenibacillus stellifer	169760	S	1	0	1	0.0000284479
Paenibacillus baekrokdamisoli	1712516	S	1	0	1	0.0000284479
Paenibacillus graminis	189425	S	1	0	1	0.0000284479
Cohnella abietis	2507935	S	1	0	1	0.0000284479
Brevibacillus sp. SCSIO 07484	2496837	S	1	0	1	0.0000284479
Brevibacillus choshinensis	54911	S	1	0	1	0.0000284479
Aneurinibacillus soli	1500254	S	1	0	1	0.0000284479
Aneurinibacillus sp. XH2	1450761	S	1	0	1	0.0000284479
Sporosarcina sp. Te-1	2818390	S	1	0	1	0.0000284479
Sporosarcina ureae	1571	S	1	0	1	0.0000284479
Planococcus donghaensis	414778	S	1	0	1	0.0000284479
Planococcus dechangensis	1176255	S	1	0	1	0.0000284479
Planococcus faecalis	1598147	S	1	0	1	0.0000284479
Jeotgalibacillus malaysiensis	1508404	S	1	0	1	0.0000284479
Paenisporosarcina antarctica	417367	S	1	0	1	0.0000284479
Listeria innocua	1642	S	1	0	1	0.0000284479
Listeria sp. PSOL-1	1844999	S	1	0	1	0.0000284479
Brochothrix thermosphacta	2756	S	1	0	1	0.0000284479
Alicyclobacillus sp. SO9	2665646	S	1	0	1	0.0000284479
Effusibacillus sp. skT53	2743772	S	1	0	1	0.0000284479
Gemella morbillorum	29391	S	1	0	1	0.0000284479
Streptococcus sp. oral taxon 431	712633	S	1	0	1	0.0000284479
Streptococcus ferus	1345	S	1	0	1	0.0000284479
Streptococcus pseudoporcinus	361101	S	1	0	1	0.0000284479
Streptococcus anginosus	1328	S	1	0	1	0.0000284479
Streptococcus gwangjuense	1433513	S	1	0	1	0.0000284479
Streptococcus uberis	1349	S	1	0	1	0.0000284479
Streptococcus pneumoniae	1313	S	1	0	1	0.0000284479
Streptococcus mutans	1309	S	1	0	1	0.0000284479
Lactococcus piscium	1364	S	1	0	1	0.0000284479
Lactobacillus kullabergensis	1218493	S	1	0	1	0.0000284479
Lactobacillus helsingborgensis	1218494	S	1	0	1	0.0000284479
Limosilactobacillus reuteri	1598	S	1	0	1	0.0000284479
Weissella paramesenteroides	1249	S	1	0	1	0.0000284479
Weissella confusa	1583	S	1	0	1	0.0000284479
Weissella jogaejeotgali	1631871	S	1	0	1	0.0000284479
Weissella cryptocerci	2506420	S	1	0	1	0.0000284479
Weissella sp. HDW19	2714949	S	1	0	1	0.0000284479
Liquorilactobacillus mali	1618	S	1	0	1	0.0000284479
Companilactobacillus ginsenosidimutans	1007676	S	1	0	1	0.0000284479
Companilactobacillus zhachilii	2304606	S	1	0	1	0.0000284479
Ligilactobacillus animalis	1605	S	1	0	1	0.0000284479
Ligilactobacillus salivarius	1624	S	1	0	1	0.0000284479
Lactiplantibacillus paraplantarum	60520	S	1	0	1	0.0000284479
Fructilactobacillus fructivorans	1614	S	1	0	1	0.0000284479
Levilactobacillus zymae	267363	S	1	0	1	0.0000284479
Loigolactobacillus bifermentans	1607	S	1	0	1	0.0000284479
Enterococcus faecium	1352	S	1	0	1	0.0000284479
Enterococcus rotai	118060	S	1	0	1	0.0000284479
Enterococcus thailandicus	417368	S	1	0	1	0.0000284479
Enterococcus saigonensis	1805431	S	1	0	1	0.0000284479
Enterococcus sp. DA9	2603296	S	1	0	1	0.0000284479
Vagococcus coleopterorum	2714946	S	1	0	1	0.0000284479
Marinilactibacillus sp. 15R	1911586	S	1	0	1	0.0000284479
Clostridium sp. BNL1100	755731	S	1	0	1	0.0000284479
Clostridium sp. SY8519	1042156	S	1	0	1	0.0000284479
Clostridium estertheticum	238834	S	1	0	1	0.0000284479
Clostridium fermenticellae	2068654	S	1	0	1	0.0000284479
Clostridium cellulovorans	1493	S	1	0	1	0.0000284479
Clostridium argentinense	29341	S	1	0	1	0.0000284479
Clostridium scatologenes	1548	S	1	0	1	0.0000284479
Clostridium pasteurianum	1501	S	1	0	1	0.0000284479
Alkaliphilus metalliredigens	208226	S	1	0	1	0.0000284479
Caloranaerobacter azorensis	116090	S	1	0	1	0.0000284479
Geosporobacter ferrireducens	1424294	S	1	0	1	0.0000284479
Blautia sp. SC05B48	2479767	S	1	0	1	0.0000284479
Blautia sp. LZLJ-3	2779518	S	1	0	1	0.0000284479
Blautia hansenii	1322	S	1	0	1	0.0000284479
Blautia producta	33035	S	1	0	1	0.0000284479
Lacrimispora sphenoides	29370	S	1	0	1	0.0000284479
Anaerocolumna cellulosilytica	433286	S	1	0	1	0.0000284479
Anaerocolumna sedimenticola	2696063	S	1	0	1	0.0000284479
Coprococcus catus	116085	S	1	0	1	0.0000284479
Lachnoclostridium phytofermentans	66219	S	1	0	1	0.0000284479
Acetivibrio clariflavus	288965	S	1	0	1	0.0000284479
Oscillibacter sp. NSJ-62	2763056	S	1	0	1	0.0000284479
Acutalibacter muris	1796620	S	1	0	1	0.0000284479
Romboutsia hominis	1507512	S	1	0	1	0.0000284479
Acetoanaerobium sticklandii	1511	S	1	0	1	0.0000284479
Peptoclostridium acidaminophilum	1731	S	1	0	1	0.0000284479
Paraclostridium bifermentans	1490	S	1	0	1	0.0000284479
Aminipila butyrica	433296	S	1	0	1	0.0000284479
Aminipila sp. JN-18	2507160	S	1	0	1	0.0000284479
Desulfosporosinus meridiei	79209	S	1	0	1	0.0000284479
Desulfitobacterium dichloroeliminans	233055	S	1	0	1	0.0000284479
[Eubacterium] cellulosolvens	29322	S	1	0	1	0.0000284479
Syntrophomonas wolfei	863	S	1	0	1	0.0000284479
Candidatus Syntrophocurvum alkaliphilum	2293317	S	1	0	1	0.0000284479
Heliobacterium modesticaldum	35701	S	1	0	1	0.0000284479
Thermacetogenium phaeum	85874	S	1	0	1	0.0000284479
Thermoanaerobacterium aotearoense	47490	S	1	0	1	0.0000284479
Thermoanaerobacterium sp. RBIITD	1550240	S	1	0	1	0.0000284479
Halobacteroides halobius	42422	S	1	0	1	0.0000284479
Natranaerobius thermophilus	375929	S	1	0	1	0.0000284479
Biomaibacter acetigenes	2316383	S	1	0	1	0.0000284479
Megamonas hypermegale	158847	S	1	0	1	0.0000284479
Selenomonas sputigena	69823	S	1	0	1	0.0000284479
Selenomonas sp. oral taxon 126	712528	S	1	0	1	0.0000284479
Dialister pneumosintes	39950	S	1	0	1	0.0000284479
Acidaminococcus intestini	187327	S	1	0	1	0.0000284479
Anaerococcus obesiensis	1287640	S	1	0	1	0.0000284479
Anaerococcus mediterraneensis	1870984	S	1	0	1	0.0000284479
Peptoniphilus ivorii	54006	S	1	0	1	0.0000284479
Gottschalkia acidurici	1556	S	1	0	1	0.0000284479
Sedimentibacter sp. zth1	2816908	S	1	0	1	0.0000284479
Erysipelothrix rhusiopathiae	1648	S	1	0	1	0.0000284479
Erysipelothrix larvae	1514105	S	1	0	1	0.0000284479
Erysipelothrix piscisicarius	2485784	S	1	0	1	0.0000284479
Nostoc sp. UHCC 0702	2814655	S	1	0	1	0.0000284479
Cylindrospermum stagnale	142864	S	1	0	1	0.0000284479
Raphidiopsis curvata	312883	S	1	0	1	0.0000284479
Trichodesmium erythraeum	1206	S	1	0	1	0.0000284479
Geitlerinema sp. PCC 7407	1173025	S	1	0	1	0.0000284479
Crinalium epipsammum	241425	S	1	0	1	0.0000284479
[Phormidium] sp. ETS-05	222819	S	1	0	1	0.0000284479
Microcystis viridis	44822	S	1	0	1	0.0000284479
Microcystis sp. MC19	1967666	S	1	0	1	0.0000284479
Gloeothece citriformis	2546356	S	1	0	1	0.0000284479
Crocosphaera subtropica	2546360	S	1	0	1	0.0000284479
Synechococcus sp. CBW1004	1353136	S	1	0	1	0.0000284479
Synechococcus sp. MVIR-18-1	1386941	S	1	0	1	0.0000284479
Synechococcus sp. KORDI-49	585423	S	1	0	1	0.0000284479
Synechococcus sp. JA-3-3Ab	321327	S	1	0	1	0.0000284479
Synechococcus sp. CB0101	232348	S	1	0	1	0.0000284479
Synechococcus sp. PCC 7002	32049	S	1	0	1	0.0000284479
Synechococcus sp. PCC 7336	195250	S	1	0	1	0.0000284479
Cyanobium sp. NS01	261284	S	1	0	1	0.0000284479
Pseudanabaena sp. PCC 7367	82654	S	1	0	1	0.0000284479
Leptolyngbya sp. BL0902	1115757	S	1	0	1	0.0000284479
Leptolyngbya sp. NIES-3755	1752064	S	1	0	1	0.0000284479
Leptolyngbya boryana	1184	S	1	0	1	0.0000284479
Stanieria cyanosphaera	102116	S	1	0	1	0.0000284479
Stanieria sp. NIES-3757	1807358	S	1	0	1	0.0000284479
Pleurocapsa minor	54308	S	1	0	1	0.0000284479
Gloeobacter kilaueensis	1416614	S	1	0	1	0.0000284479
cyanobacterium endosymbiont of Rhopalodia gibberula	1763363	S	1	0	1	0.0000284479
Mycoplasma sp. Zaradi2	547987	S	1	0	1	0.0000284479
Mycoplasma sp. C264-NAS	2726117	S	1	0	1	0.0000284479
Mycoplasma crocodyli	50052	S	1	0	1	0.0000284479
Mycoplasma phocicerebrale	142649	S	1	0	1	0.0000284479
Mycoplasma canadense	29554	S	1	0	1	0.0000284479
Mycoplasma cloacale	92401	S	1	0	1	0.0000284479
Mycoplasma struthionis	538220	S	1	0	1	0.0000284479
Mycoplasma arthritidis	2111	S	1	0	1	0.0000284479
Mycoplasma hyorhinis	2100	S	1	0	1	0.0000284479
Mycoplasma hyopneumoniae	2099	S	1	0	1	0.0000284479
Mycoplasma hominis	2098	S	1	0	1	0.0000284479
Mycoplasma pulmonis	2107	S	1	0	1	0.0000284479
Mycoplasma pullorum	48003	S	1	0	1	0.0000284479
Mycoplasma felis	33923	S	1	0	1	0.0000284479
Mycoplasma meleagridis	29561	S	1	0	1	0.0000284479
Mycoplasma gallinaceum	29556	S	1	0	1	0.0000284479
Mycoplasma canis	29555	S	1	0	1	0.0000284479
Mycoplasma bovirhinis	29553	S	1	0	1	0.0000284479
Spiroplasma cantharicola	362837	S	1	0	1	0.0000284479
Spiroplasma eriocheiris	315358	S	1	0	1	0.0000284479
Spiroplasma gladiatoris	2143	S	1	0	1	0.0000284479
Spiroplasma syrphidicola	216945	S	1	0	1	0.0000284479
Mesoplasma florum	2151	S	1	0	1	0.0000284479
Mesoplasma tabanidae	219745	S	1	0	1	0.0000284479
Mesoplasma coleopterae	324078	S	1	0	1	0.0000284479
Acholeplasma brassicae	61635	S	1	0	1	0.0000284479
Acholeplasma hippikon	264636	S	1	0	1	0.0000284479
Candidatus Phytoplasma mali	37692	S	1	0	1	0.0000284479
Thermus thermophilus	274	S	1	0	1	0.0000284479
Thermus caldilimi	2483360	S	1	0	1	0.0000284479
Marinithermus hydrothermalis	186192	S	1	0	1	0.0000284479
Deinococcus sp. NW-56	2080419	S	1	0	1	0.0000284479
Deinococcus sp. AJ005	2652443	S	1	0	1	0.0000284479
Deinococcus metallilatus	1211322	S	1	0	1	0.0000284479
Deinococcus proteolyticus	55148	S	1	0	1	0.0000284479
Pelolinea submarina	913107	S	1	0	1	0.0000284479
Brevefilum fermentans	1986204	S	1	0	1	0.0000284479
Dehalogenimonas lykanthroporepellens	552810	S	1	0	1	0.0000284479
Sphaerobacter thermophilus	2057	S	1	0	1	0.0000284479
Polaribacter sp. SM13	2818493	S	1	0	1	0.0000284479
Myroides odoratus	256	S	1	0	1	0.0000284479
Myroides profundi	480520	S	1	0	1	0.0000284479
Myroides phaeus	702745	S	1	0	1	0.0000284479
Myroides fluvii	2572594	S	1	0	1	0.0000284479
Myroides sp. A21	1583100	S	1	0	1	0.0000284479
Capnocytophaga sp. FDAARGOS_737	2545799	S	1	0	1	0.0000284479
Capnocytophaga cynodegmi	28189	S	1	0	1	0.0000284479
Capnocytophaga haemolytica	45243	S	1	0	1	0.0000284479
Capnocytophaga stomatis	1848904	S	1	0	1	0.0000284479
Capnocytophaga endodontalis	2708117	S	1	0	1	0.0000284479
Formosa sp. Hel3_A1_48	1336795	S	1	0	1	0.0000284479
Formosa sp. Hel1_31_208	1798225	S	1	0	1	0.0000284479
Formosa sediminum	2594004	S	1	0	1	0.0000284479
Tenacibaculum mesophilum	104268	S	1	0	1	0.0000284479
Winogradskyella sp. PC-19	754417	S	1	0	1	0.0000284479
Winogradskyella helgolandensis	2697010	S	1	0	1	0.0000284479
Gramella forsetii	411153	S	1	0	1	0.0000284479
Gramella fulva	2126553	S	1	0	1	0.0000284479
Nonlabens sp. MB-3u-79	2058134	S	1	0	1	0.0000284479
Algibacter sp. L3A6	2686366	S	1	0	1	0.0000284479
Lacinutrix sp. 5H-3-7-4	983544	S	1	0	1	0.0000284479
Antarcticibacterium arcticum	2585771	S	1	0	1	0.0000284479
Tamlana sp. s12	1630406	S	1	0	1	0.0000284479
Amniculibacterium sp. G2-70	2767188	S	1	0	1	0.0000284479
Lutibacter profundi	1622118	S	1	0	1	0.0000284479
Urechidicola croceus	1850246	S	1	0	1	0.0000284479
Muricauda sp. 501str8	2698672	S	1	0	1	0.0000284479
Croceibacter atlanticus	313588	S	1	0	1	0.0000284479
Aureitalea sp. RR4-38	2094025	S	1	0	1	0.0000284479
Leeuwenhoekiella sp. ZYFB001	2719912	S	1	0	1	0.0000284479
Gilvibacter sp. SZ-19	754429	S	1	0	1	0.0000284479
Chryseobacterium sp. IHB B 17019	1721091	S	1	0	1	0.0000284479
Chryseobacterium sp. SNU WT5	2594269	S	1	0	1	0.0000284479
Chryseobacterium camelliae	1265445	S	1	0	1	0.0000284479
Chryseobacterium arthrosphaerae	651561	S	1	0	1	0.0000284479
Kaistella antarctica	266748	S	1	0	1	0.0000284479
Weeksella virosa	1014	S	1	0	1	0.0000284479
Bergeyella cardium	1585976	S	1	0	1	0.0000284479
Cruoricaptor ignavus	1118202	S	1	0	1	0.0000284479
Blattabacterium sp. DPU	2715232	S	1	0	1	0.0000284479
Candidatus Walczuchella monophlebidarum	1415657	S	1	0	1	0.0000284479
Owenweeksia hongkongensis	253245	S	1	0	1	0.0000284479
Sphingobacterium thalpophilum	259	S	1	0	1	0.0000284479
Sphingobacterium hotanense	649196	S	1	0	1	0.0000284479
Mucilaginibacter sp. F39-2	2728022	S	1	0	1	0.0000284479
Mucilaginibacter ginsenosidivorax	862126	S	1	0	1	0.0000284479
Mucilaginibacter gotjawali	1550579	S	1	0	1	0.0000284479
Mucilaginibacter ginkgonis	2682091	S	1	0	1	0.0000284479
Mucilaginibacter mali	2740462	S	1	0	1	0.0000284479
Olivibacter sp. SDN3	2764720	S	1	0	1	0.0000284479
Solitalea canadensis	995	S	1	0	1	0.0000284479
Spirosoma radiotolerans	1379870	S	1	0	1	0.0000284479
Fibrella sp. ES10-3-2-2	1834519	S	1	0	1	0.0000284479
Dyadobacter fermentans	94254	S	1	0	1	0.0000284479
Dyadobacter sp. Q3-56	2747268	S	1	0	1	0.0000284479
Arcticibacterium luteifluviistationis	1784714	S	1	0	1	0.0000284479
Hymenobacter oligotrophus	2319843	S	1	0	1	0.0000284479
Hymenobacter jejuensis	2502781	S	1	0	1	0.0000284479
Echinicola sp. LN3S3	2591634	S	1	0	1	0.0000284479
Cyclobacterium marinum	104	S	1	0	1	0.0000284479
Cyclobacterium amurskyense	320787	S	1	0	1	0.0000284479
Flammeovirga pectinis	2494373	S	1	0	1	0.0000284479
Fulvivirga sp. S481	2810512	S	1	0	1	0.0000284479
Bacteroides sp. M10	2763022	S	1	0	1	0.0000284479
Bacteroides ovatus	28116	S	1	0	1	0.0000284479
Bacteroides coprosuis	151276	S	1	0	1	0.0000284479
Bacteroides xylanisolvens	371601	S	1	0	1	0.0000284479
Prevotella ruminicola	839	S	1	0	1	0.0000284479
Prevotella intermedia	28131	S	1	0	1	0.0000284479
Prevotella oris	28135	S	1	0	1	0.0000284479
Prevotella dentalis	52227	S	1	0	1	0.0000284479
Phocaeicola salanitronis	376805	S	1	0	1	0.0000284479
Proteiniphilum saccharofermentans	1642647	S	1	0	1	0.0000284479
Butyricimonas virosa	544645	S	1	0	1	0.0000284479
Alistipes finegoldii	214856	S	1	0	1	0.0000284479
Alistipes indistinctus	626932	S	1	0	1	0.0000284479
Alistipes communis	2585118	S	1	0	1	0.0000284479
Alistipes dispar	2585119	S	1	0	1	0.0000284479
Porphyromonas crevioricanis	393921	S	1	0	1	0.0000284479
Salinivirga cyanobacteriivorans	1307839	S	1	0	1	0.0000284479
Coprobacter sp. 2CBH44	2751153	S	1	0	1	0.0000284479
Saprospira grandis	1008	S	1	0	1	0.0000284479
Chlorobium chlorochromatii	337090	S	1	0	1	0.0000284479
Pelodictyon phaeoclathratiforme	34090	S	1	0	1	0.0000284479
Chloroherpeton thalassium	100716	S	1	0	1	0.0000284479
Pirellula staleyi	125	S	1	0	1	0.0000284479
Mariniblastus fucicola	980251	S	1	0	1	0.0000284479
Thermogutta terrifontis	1331910	S	1	0	1	0.0000284479
Gimesia maris	122	S	1	0	1	0.0000284479
Gimesia alba	2527973	S	1	0	1	0.0000284479
Polystyrenella longa	2528007	S	1	0	1	0.0000284479
Calycomorphotria hydatis	2528027	S	1	0	1	0.0000284479
Limihaloglobus sulfuriphilus	1851148	S	1	0	1	0.0000284479
Anaerohalosphaera lusitana	1936003	S	1	0	1	0.0000284479
Chlamydia trachomatis	813	S	1	0	1	0.0000284479
Chlamydia caviae	83557	S	1	0	1	0.0000284479
Chlamydia sp. 2742-308	1806891	S	1	0	1	0.0000284479
Neochlamydia sp. S13	1353976	S	1	0	1	0.0000284479
Simkania negevensis	83561	S	1	0	1	0.0000284479
Waddlia chondrophila	71667	S	1	0	1	0.0000284479
Fusobacterium necrophorum	859	S	1	0	1	0.0000284479
Fusobacterium canifelinum	285729	S	1	0	1	0.0000284479
Fusobacterium hwasookii	1583098	S	1	0	1	0.0000284479
Fusobacterium pseudoperiodonticum	2663009	S	1	0	1	0.0000284479
Ilyobacter polytropus	167642	S	1	0	1	0.0000284479
Leptotrichia trevisanii	109328	S	1	0	1	0.0000284479
Leptotrichia hofstadii	157688	S	1	0	1	0.0000284479
Leptotrichia shahii	157691	S	1	0	1	0.0000284479
Leptotrichia hongkongensis	554406	S	1	0	1	0.0000284479
Pseudoleptotrichia goodfellowii	157692	S	1	0	1	0.0000284479
Edaphobacter sp. 4G125	2763071	S	1	0	1	0.0000284479
Borrelia coriaceae	144	S	1	0	1	0.0000284479
Borrelia crocidurae	29520	S	1	0	1	0.0000284479
Borrelia sp. A-FGy1	2608247	S	1	0	1	0.0000284479
Borreliella afzelii	29518	S	1	0	1	0.0000284479
Borreliella bavariensis	664662	S	1	0	1	0.0000284479
Borreliella mayonii	1674146	S	1	0	1	0.0000284479
Candidatus Borrelia tachyglossi	1964448	S	1	0	1	0.0000284479
Treponema sp. RCC2812	2787628	S	1	0	1	0.0000284479
Treponema caldarium	215591	S	1	0	1	0.0000284479
Sediminispirochaeta smaragdinae	55206	S	1	0	1	0.0000284479
Leptospira interrogans	173	S	1	0	1	0.0000284479
Leptospira borgpetersenii	174	S	1	0	1	0.0000284479
Leptospira kmetyi	408139	S	1	0	1	0.0000284479
Brachyspira hyodysenteriae	159	S	1	0	1	0.0000284479
Brachyspira pilosicoli	52584	S	1	0	1	0.0000284479
Brachyspira intermedia	84377	S	1	0	1	0.0000284479
Candidatus Chazhemtobacterium aquaticus	2715735	S	1	0	1	0.0000284479
Thermosipho sp. FR-w03	2814656	S	1	0	1	0.0000284479
Fervidobacterium pennivorans	93466	S	1	0	1	0.0000284479
Mesotoga prima	1184387	S	1	0	1	0.0000284479
Athalassotoga saccharophila	1441386	S	1	0	1	0.0000284479
Dissulfurispira thermophila	2715679	S	1	0	1	0.0000284479
Aquifex aeolicus	63363	S	1	0	1	0.0000284479
Thermocrinis albus	136094	S	1	0	1	0.0000284479
Sulfurihydrogenibium sp. YO3AOP1	436114	S	1	0	1	0.0000284479
Thermodesulfobacterium commune	1741	S	1	0	1	0.0000284479
Caldimicrobium thiodismutans	1653476	S	1	0	1	0.0000284479
Thermosulfurimonas marina	2047767	S	1	0	1	0.0000284479
Flexistipes sinusarabici	2352	S	1	0	1	0.0000284479
Deferribacter desulfuricans	197162	S	1	0	1	0.0000284479
Endomicrobium proavitum	1408281	S	1	0	1	0.0000284479
Natronomonas moolapensis	416273	S	1	0	1	0.0000284479
Natronomonas sp. C90	2747817	S	1	0	1	0.0000284479
Halomicrobium sp. LC1Hm	2610902	S	1	0	1	0.0000284479
Halorussus sp. RC-68	2505977	S	1	0	1	0.0000284479
Haloterrigena longa	370324	S	1	0	1	0.0000284479
Haloterrigena sp. KZCA68	2816475	S	1	0	1	0.0000284479
Natrinema pellirubrum	69525	S	1	0	1	0.0000284479
Natronorubrum aibiense	348826	S	1	0	1	0.0000284479
Salinarchaeum sp. Harcht-Bsk1	1333523	S	1	0	1	0.0000284479
Natrarchaeobaculum aegyptiacum	745377	S	1	0	1	0.0000284479
Haloquadratum walsbyi	293091	S	1	0	1	0.0000284479
Haloprofundus sp. MHR1	2572921	S	1	0	1	0.0000284479
Halorubrum sp. RHB-C	2739057	S	1	0	1	0.0000284479
Halobonum sp. Gai3-2	2743090	S	1	0	1	0.0000284479
Methanosarcina mazei	2209	S	1	0	1	0.0000284479
Methanosarcina acetivorans	2214	S	1	0	1	0.0000284479
Methanohalophilus halophilus	2177	S	1	0	1	0.0000284479
Methanolobus zinderi	536044	S	1	0	1	0.0000284479
Methanomethylovorans hollandica	101192	S	1	0	1	0.0000284479
Methanosalsum zhilinae	39669	S	1	0	1	0.0000284479
Methanocella paludicola	570267	S	1	0	1	0.0000284479
Methanoculleus bourgensis	83986	S	1	0	1	0.0000284479
Methanococcus aeolicus	42879	S	1	0	1	0.0000284479
Methanocaldococcus vulcanius	73913	S	1	0	1	0.0000284479
Methanocaldococcus fervens	83171	S	1	0	1	0.0000284479
Methanocaldococcus sp. FS406-22	644281	S	1	0	1	0.0000284479
Thermococcus profundus	49899	S	1	0	1	0.0000284479
Thermococcus kodakarensis	311400	S	1	0	1	0.0000284479
Nitrosopumilus cobalaminigenes	1470066	S	1	0	1	0.0000284479
Nitrosopumilus ureiphilus	1470067	S	1	0	1	0.0000284479
Candidatus Nitrosomarinus catalina	1898749	S	1	0	1	0.0000284479
Candidatus Nitrosocosmicus franklandus	1798806	S	1	0	1	0.0000284479
Candidatus Nitrosocosmicus hydrocola	1826872	S	1	0	1	0.0000284479
Candidatus Nitrososphaera evergladensis	1459637	S	1	0	1	0.0000284479
Conexivisphaera calida	1874277	S	1	0	1	0.0000284479
Pyrobaculum calidifontis	181486	S	1	0	1	0.0000284479
Caldisphaera lagunensis	200415	S	1	0	1	0.0000284479
Candidatus Mancarchaeum acidiphilum	1920749	S	1	0	1	0.0000284479
Cuniculiplasma divulgatum	1673428	S	1	0	1	0.0000284479
Cellulophaga phage phi19:3	1327971	S	1	0	1	0.0000284479
Sulfitobacter phage EE36phi1	490913	S	1	0	1	0.0000284479
Dinoroseobacter virus DFL12	2169868	S	1	0	1	0.0000284479
Pseudomonas phage Epa5	2719575	S	1	0	1	0.0000284479
Aeromonas phage vB_AhyS-A18P4	2608321	S	1	0	1	0.0000284479
Rhodobacter phage RcapNL	1131316	S	1	0	1	0.0000284479
Cronobacter phage JC01	2729575	S	1	0	1	0.0000284479
Gordonia phage GTE8	1647475	S	1	0	1	0.0000284479
Flavobacterium phage vB_FspS_hattifnatt9-1	2686246	S	1	0	1	0.0000284479
Flavobacterium phage 11b	294631	S	1	0	1	0.0000284479
Cellulophaga phage phi10:1	1327981	S	1	0	1	0.0000284479
Vibrio phage pYD21-A	754049	S	1	0	1	0.0000284479
Gordonia phage GMA4	1647471	S	1	0	1	0.0000284479
Propionibacterium virus Stormborn	1982307	S	1	0	1	0.0000284479
Propionibacterium virus P100A	1982265	S	1	0	1	0.0000284479
Arthrobacter virus Galaxy	2560303	S	1	0	1	0.0000284479
Proteus virus Isfahan	2560650	S	1	0	1	0.0000284479
Salmonella phage TS13	2500149	S	1	0	1	0.0000284479
Gordonia virus Schnabeltier	2734276	S	1	0	1	0.0000284479
Mycobacterium virus Bernal13	1982102	S	1	0	1	0.0000284479
Achromobacter phage Mano	2767570	S	1	0	1	0.0000284479
Pseudomonas phage PPpW-3	1279082	S	1	0	1	0.0000284479
Synechococcus virus Bellamy	2734095	S	1	0	1	0.0000284479
Synechococcus phage S-SM2	444860	S	1	0	1	0.0000284479
Bordetella virus PHB04	2734129	S	1	0	1	0.0000284479
Escherichia virus CVM10	1918726	S	1	0	1	0.0000284479
Arthrobacter phage DrYang	2686080	S	1	0	1	0.0000284479
Pseudomonas virus EL	1984787	S	1	0	1	0.0000284479
Pseudomonas phage PA11	347327	S	1	0	1	0.0000284479
Synechococcus virus SB28	2733953	S	1	0	1	0.0000284479
Shigella virus Buco	2733597	S	1	0	1	0.0000284479
Micromonas pusilla virus 12T	755272	S	1	0	1	0.0000284479
Yellowstone lake phycodnavirus 1	1586713	S	1	0	1	0.0000284479
Orpheovirus IHUMI-LCC2	2023057	S	1	0	1	0.0000284479
Mimivirus terra2	1128151	S	1	0	1	0.0000284479
Yellowstone Lake virophage 7	1557035	S	1	0	1	0.0000284479
Lymantria dispar multiple nucleopolyhedrovirus	10449	S	1	0	1	0.0000284479
Spodoptera litura nucleopolyhedrovirus II	566270	S	1	0	1	0.0000284479
Cryptophlebia leucotreta granulovirus	35254	S	1	0	1	0.0000284479
Artogeia rapae granulovirus	362830	S	1	0	1	0.0000284479
Torque teno virus 18	687357	S	1	0	1	0.0000284479
Azotobacter vinelandii	354	S	1	-1	0	0.0000000000
Candidatus Moranella endobia	1048758	S	1	-1	0	0.0000000000
Dickeya paradisiaca	69223	S	5	-5	0	0.0000000000
Afipia carboxidovorans	40137	S	7	-7	0	0.0000000000
Rhodospirillum rubrum	1085	S	2	-2	0	0.0000000000
Paenibacillus mucilaginosus	61624	S	4	-4	0	0.0000000000
Thermoclostridium stercorarium	1510	S	1	-1	0	0.0000000000
Synechococcus elongatus	32046	S	1	-1	0	0.0000000000
Mycoplasma suis	57372	S	1	-1	0	0.0000000000
Chloroflexus aurantiacus	1108	S	2	-2	0	0.0000000000
Leptospira biflexa	172	S	1	-1	0	0.0000000000
