name	taxonomy_id	taxonomy_lvl	kraken_assigned_reads	added_reads	new_est_reads	fraction_total_reads
Cutibacterium acnes	1747	S	920	63	983	0.0811123030
Klebsiella grimontii	2058152	S	480	296	776	0.0640316858
Acinetobacter junii	40215	S	452	42	494	0.0407624391
Xanthomonas euvesicatoria	456327	S	34	409	443	0.0365541711
Oscillatoria nigro-viridis	482564	S	252	16	268	0.0221140358
Vibrio anguillarum	55601	S	194	0	194	0.0160079214
Diaphorobacter sp. HDW4A	2714924	S	128	41	169	0.0139450450
Pasteurella multocida	747	S	114	33	147	0.0121297137
Klebsiella pneumoniae	573	S	83	54	137	0.0113045631
Streptococcus thermophilus	1308	S	76	58	134	0.0110570179
Pseudomonas sp. CMR12a	658629	S	108	24	132	0.0108919878
Rhodococcus qingshengii	334542	S	23	94	117	0.0096542619
Acidovorax sp. KKS102	358220	S	92	23	115	0.0094892318
Rhodococcus erythropolis	1833	S	30	85	115	0.0094892318
Propionibacterium sp. oral taxon 193	671223	S	94	7	101	0.0083340210
Delftia sp. KV29	1170710	S	2	95	97	0.0080039607
Variovorax boronicumulans	436515	S	57	39	96	0.0079214457
Variovorax sp. PMC12	2126319	S	2	89	91	0.0075088704
Acidovorax sp. JMULE5	2518343	S	79	12	91	0.0075088704
Acinetobacter baumannii	470	S	11	77	88	0.0072613252
Variovorax paradoxus	34073	S	65	18	83	0.0068487499
Acidovorax sp. JS42	232721	S	7	76	83	0.0068487499
Delftia acidovorans	80866	S	35	47	82	0.0067662348
Acidovorax sp. T1	1858609	S	36	40	76	0.0062711445
Moraxella osloensis	34062	S	66	2	68	0.0056110240
Priestia megaterium	1404	S	56	9	65	0.0053634788
Pseudomonas aeruginosa	287	S	16	45	61	0.0050334186
Paenarthrobacter sp. YJN-D	2735317	S	49	11	60	0.0049509035
Janthinobacterium sp. HH102	1537274	S	22	32	54	0.0044558132
Nostoc carneum	374162	S	7	44	51	0.0042082680
Janthinobacterium agaricidamnosum	55508	S	21	28	49	0.0040432379
Polynucleobacter difficilis	556054	S	48	1	49	0.0040432379
Clostridium botulinum	1491	S	44	2	46	0.0037956927
Pseudomonas fluorescens	294	S	30	15	45	0.0037131777
Lysobacter enzymogenes	69	S	43	1	44	0.0036306626
Variovorax sp. 38R	2774875	S	23	21	44	0.0036306626
Acidovorax carolinensis	553814	S	30	12	42	0.0034656325
Diaphorobacter aerolatus	1288495	S	29	13	42	0.0034656325
Staphylococcus aureus	1280	S	13	28	41	0.0033831174
Kinneretia sp. DAIF2	2714952	S	35	4	39	0.0032180873
Dermacoccus nishinomiyaensis	1274	S	34	5	39	0.0032180873
Spirosoma sp. KUDC1026	2745947	S	39	0	39	0.0032180873
Microbacterium sp. PM5	2014534	S	33	5	38	0.0031355722
Vibrio coralliilyticus	190893	S	36	0	36	0.0029705421
Stenotrophomonas maltophilia	40324	S	18	16	34	0.0028055120
Pseudomonas tolaasii	29442	S	29	4	33	0.0027229969
Paucibacter sp. KCTC 42545	1768242	S	29	4	33	0.0027229969
Flavobacterium phage vB_FspS_filifjonk9-1	2686245	S	14	18	32	0.0026404819
Mycobacteroides chelonae	1774	S	15	16	31	0.0025579668
Sphingobium yanoikuyae	13690	S	15	15	30	0.0024754518
Bacillus cereus	1396	S	12	18	30	0.0024754518
Halomonas sp. JS92-SW72	2306583	S	26	3	29	0.0023929367
Delftia lacustris	558537	S	6	23	29	0.0023929367
Alicycliphilus denitrificans	179636	S	15	14	29	0.0023929367
Variovorax sp. PAMC26660	2762322	S	25	3	28	0.0023104217
Acidovorax sp. RAC01	1842533	S	23	5	28	0.0023104217
Comamonas aquatica	225991	S	24	4	28	0.0023104217
Janthinobacterium sp. LM6	1938606	S	21	7	28	0.0023104217
Staphylococcus epidermidis	1282	S	24	4	28	0.0023104217
Myroides odoratimimus	76832	S	14	14	28	0.0023104217
Pedobacter sp. SW-16	2766984	S	22	6	28	0.0023104217
Cloacibacterium normanense	237258	S	24	3	27	0.0022279066
Variovorax sp. PAMC 28711	1795631	S	25	1	26	0.0021453915
Limnohabitans sp. 63ED37-2	1678128	S	25	1	26	0.0021453915
Streptomyces lividans	1916	S	3	23	26	0.0021453915
Hydrogenophaga sp. RAC07	1842537	S	18	6	24	0.0019803614
Polaromonas sp. JS666	296591	S	17	7	24	0.0019803614
Rhizobacter sp. AJA081-3	2753607	S	21	3	24	0.0019803614
Rubrivivax gelatinosus	28068	S	20	4	24	0.0019803614
Rhodococcus sp. YL-1	1045808	S	6	18	24	0.0019803614
Rhodoferax koreense	1842727	S	18	5	23	0.0018978464
Curvibacter sp. AEP1-3	1844971	S	23	0	23	0.0018978464
Pseudomonas sp. 13159349	2662034	S	3	19	22	0.0018153313
Acidovorax ebreus	721785	S	3	19	22	0.0018153313
Comamonas testosteroni	285	S	14	8	22	0.0018153313
Ottowia oryzae	2109914	S	21	1	22	0.0018153313
Sphingomonas melonis	152682	S	8	14	22	0.0018153313
Pseudomonas stutzeri	316	S	16	5	21	0.0017328162
Aquabacterium olei	1296669	S	18	3	21	0.0017328162
Pseudonocardia sp. AL041005-10	445576	S	20	1	21	0.0017328162
Urbifossiella limnaea	2528023	S	19	2	21	0.0017328162
Lactococcus garvieae	1363	S	15	5	20	0.0016503012
Roseateles depolymerans	76731	S	17	2	19	0.0015677861
Rhodococcus sp. 008	1723645	S	4	15	19	0.0015677861
Anabaena cylindrica	1165	S	13	6	19	0.0015677861
Limnoglobus roseus	2598579	S	18	1	19	0.0015677861
Acidovorax sp. 1608163	2478662	S	17	1	18	0.0014852711
Mitsuaria sp. 7	1658665	S	16	2	18	0.0014852711
Sphaerotilus natans	34103	S	15	3	18	0.0014852711
Micrococcus luteus	1270	S	10	8	18	0.0014852711
Microcystis aeruginosa	1126	S	14	4	18	0.0014852711
Acinetobacter johnsonii	40214	S	9	8	17	0.0014027560
Flavobacterium johnsoniae	986	S	12	5	17	0.0014027560
Rhodoferax sp. AJA081-3	2752316	S	16	0	16	0.0013202409
Rhodoferax sediminis	2509614	S	15	1	16	0.0013202409
Hydrogenophaga sp. PBL-H3	434010	S	11	5	16	0.0013202409
Sphingomonas sp. IC081	304378	S	3	13	16	0.0013202409
Elizabethkingia bruuniana	1756149	S	5	11	16	0.0013202409
Flavobacterium phage vB_FspS_mymlan6-1	2686266	S	5	11	16	0.0013202409
Serratia marcescens	615	S	12	3	15	0.0012377259
Hydrogenophaga sp. NH-16	2184519	S	8	7	15	0.0012377259
Janthinobacterium lividum	29581	S	8	7	15	0.0012377259
Sorangium cellulosum	56	S	10	5	15	0.0012377259
Cutibacterium avidum	33010	S	15	0	15	0.0012377259
Flavobacterium sp. Sr18	935222	S	13	2	15	0.0012377259
Pedobacter sp. G11	2482728	S	12	3	15	0.0012377259
Pseudomonas alcaligenes	43263	S	13	1	14	0.0011552108
Variovorax sp. HW608	1034889	S	14	0	14	0.0011552108
Hydrogenophaga sp. YM1	2806262	S	11	3	14	0.0011552108
Comamonas thiooxydans	363952	S	9	5	14	0.0011552108
Janthinobacterium tructae	2590869	S	11	3	14	0.0011552108
Rhizobacter gummiphilus	946333	S	13	1	14	0.0011552108
Bradyrhizobium diazoefficiens	1355477	S	5	9	14	0.0011552108
Methylorubrum populi	223967	S	11	3	14	0.0011552108
Paracoccus yeei	147645	S	7	7	14	0.0011552108
Lactiplantibacillus plantarum	1590	S	5	9	14	0.0011552108
Enterococcus faecalis	1351	S	13	1	14	0.0011552108
Flavobacterium psychrophilum	96345	S	13	1	14	0.0011552108
Variovorax sp. WDL1	207745	S	8	5	13	0.0010726958
Variovorax sp. PBL-H6	434009	S	7	6	13	0.0010726958
Variovorax sp. SRS16	282217	S	5	8	13	0.0010726958
Diaphorobacter sp. JS3050	2735554	S	1	12	13	0.0010726958
Rhodoferax sp. BAB1	2741720	S	12	1	13	0.0010726958
Rhodoferax antarcticus	81479	S	13	0	13	0.0010726958
Ottowia sp. 27C	2816950	S	13	0	13	0.0010726958
Ralstonia solanacearum	305	S	9	4	13	0.0010726958
Achromobacter xylosoxidans	85698	S	9	4	13	0.0010726958
Rhodococcus sp. NJ-530	2490853	S	3	10	13	0.0010726958
Lactococcus lactis	1358	S	11	2	13	0.0010726958
Staphylococcus capitis	29388	S	12	1	13	0.0010726958
Dolichospermum compactum	136073	S	3	10	13	0.0010726958
Pedobacter roseus	336820	S	8	5	13	0.0010726958
Pseudobacter ginsenosidimutans	661488	S	11	2	13	0.0010726958
Klebsiella aerogenes	548	S	12	0	12	0.0009901807
Aeromonas caviae	648	S	7	5	12	0.0009901807
Diaphorobacter sp. JS3051	2792224	S	1	11	12	0.0009901807
Ramlibacter tataouinensis	94132	S	12	0	12	0.0009901807
Janthinobacterium sp. PLB02	2808899	S	5	7	12	0.0009901807
Massilia sp. CCM 8941	2765360	S	9	3	12	0.0009901807
Sphingorhabdus lacus	392610	S	12	0	12	0.0009901807
Rothia terrae	396015	S	10	2	12	0.0009901807
Candidatus Planktophila sulfonica	1884904	S	12	0	12	0.0009901807
Pedobacter sp. HDW13	2714940	S	10	2	12	0.0009901807
Acidovorax avenae	80867	S	9	2	11	0.0009076656
Hydrogenophaga sp. BPS33	2651974	S	9	2	11	0.0009076656
Comamonas sp. 7D-2	1232667	S	1	10	11	0.0009076656
Schlegelella thermodepolymerans	215580	S	10	1	11	0.0009076656
Melaminivora sp. SC2-9	2109913	S	9	2	11	0.0009076656
Leptothrix cholodnii	34029	S	9	2	11	0.0009076656
Bradyrhizobium sp. TM102	2599819	S	1	10	11	0.0009076656
Rhodopseudomonas palustris	1076	S	9	2	11	0.0009076656
Sphingopyxis sp. MG	1866325	S	2	9	11	0.0009076656
Rhodococcus sp. AQ5-07	2054902	S	3	8	11	0.0009076656
Microbacterium paraoxydans	199592	S	2	9	11	0.0009076656
Nostoc sp. NIES-2111	1973475	S	4	7	11	0.0009076656
Frigoriglobus tundricola	2774151	S	9	2	11	0.0009076656
Acinetobacter lwoffii	28090	S	4	6	10	0.0008251506
Pseudomonas palleroniana	191390	S	10	0	10	0.0008251506
Variovorax sp. PAMC28562	2762323	S	10	0	10	0.0008251506
Variovorax sp. PBS-H4	434008	S	8	2	10	0.0008251506
Variovorax sp. RA8	662548	S	7	3	10	0.0008251506
Rhodoferax ferrireducens	192843	S	10	0	10	0.0008251506
Cupriavidus metallidurans	119219	S	7	3	10	0.0008251506
Methylibium sp. Pch-M	2082386	S	7	3	10	0.0008251506
Phycicoccus sp. HDW14	2714941	S	10	0	10	0.0008251506
Stanieria cyanosphaera	102116	S	5	5	10	0.0008251506
Thermus scotoductus	37636	S	10	0	10	0.0008251506
Kaistella jeonii	266749	S	10	0	10	0.0008251506
Acinetobacter haemolyticus	29430	S	8	1	9	0.0007426355
Pseudomonas veronii	76761	S	3	6	9	0.0007426355
Enterobacter roggenkampii	1812935	S	7	2	9	0.0007426355
Xanthomonas campestris	339	S	9	0	9	0.0007426355
Pseudoxanthomonas mexicana	128785	S	9	0	9	0.0007426355
Acidovorax sp. HDW3	2714923	S	8	1	9	0.0007426355
Delftia sp. Cs1-4	742013	S	3	6	9	0.0007426355
Simplicispira suum	2109915	S	8	1	9	0.0007426355
Ralstonia pickettii	329	S	7	2	9	0.0007426355
Bosea sp. ANAM02	2020412	S	7	2	9	0.0007426355
Methylobacterium sp. WL1	2603276	S	8	1	9	0.0007426355
Sphingopyxis sp. EG6	1874061	S	7	2	9	0.0007426355
Novosphingobium sp. KA1	164608	S	2	7	9	0.0007426355
Caulobacter sp. FWC26	69665	S	7	2	9	0.0007426355
Acaryochloris marina	155978	S	9	0	9	0.0007426355
Flavobacterium sp. SLB02	2665645	S	5	4	9	0.0007426355
Gemmata obscuriglobus	114	S	8	1	9	0.0007426355
Citrobacter freundii	546	S	2	6	8	0.0006601205
Salmonella enterica	28901	S	2	6	8	0.0006601205
Burkholderia pseudomallei	28450	S	3	5	8	0.0006601205
Inhella inkyongensis	392593	S	8	0	8	0.0006601205
Methylobacterium sp. C1	1479019	S	1	7	8	0.0006601205
Aminobacter sp. MDW-2	2666139	S	2	6	8	0.0006601205
Sphingomonas sp. AAP5	1523415	S	7	1	8	0.0006601205
Sphingomonas sp. FARSPH	2219696	S	6	2	8	0.0006601205
Sphingomonas panacisoli	1813879	S	8	0	8	0.0006601205
Sphingopyxis sp. PAMC25046	2565556	S	6	2	8	0.0006601205
Sphingobium sp. YG1	2082188	S	6	2	8	0.0006601205
Sulfitobacter sp. AM1-D1	1917485	S	4	4	8	0.0006601205
Brevundimonas sp. Bb-A	2560058	S	7	1	8	0.0006601205
Minicystis rosea	888845	S	5	3	8	0.0006601205
Rhodococcus sp. p52	935199	S	2	6	8	0.0006601205
Rhodococcus sp. H-CA8f	1727214	S	2	6	8	0.0006601205
Corynebacterium tuberculostearicum	38304	S	7	1	8	0.0006601205
Leuconostoc mesenteroides	1245	S	8	0	8	0.0006601205
Calothrix brevissima	938406	S	4	4	8	0.0006601205
Flavobacterium haoranii	683124	S	6	2	8	0.0006601205
Pseudomonas sp. LH1G9	2083055	S	2	5	7	0.0005776054
Pantoea rwandensis	1076550	S	7	0	7	0.0005776054
Stenotrophomonas rhizophila	216778	S	7	0	7	0.0005776054
Aeromonas hydrophila	644	S	6	1	7	0.0005776054
Rhodoferax saidenbachensis	1484693	S	7	0	7	0.0005776054
Hydrogenophaga crassostreae	1763535	S	7	0	7	0.0005776054
Comamonas sp. NLF-7-7	2597701	S	6	1	7	0.0005776054
Polaromonas naphthalenivorans	216465	S	6	1	7	0.0005776054
Verminephrobacter eiseniae	364317	S	7	0	7	0.0005776054
Herbaspirillum huttiense	863372	S	6	1	7	0.0005776054
Undibacterium sp. KW1	2058624	S	3	4	7	0.0005776054
Undibacterium sp. YM2	2058625	S	3	4	7	0.0005776054
Undibacterium parvum	401471	S	6	1	7	0.0005776054
Paraburkholderia caribensis	75105	S	6	1	7	0.0005776054
Methylibium petroleiphilum	105560	S	5	2	7	0.0005776054
Bordetella hinzii	103855	S	7	0	7	0.0005776054
Bordetella parapertussis	519	S	3	4	7	0.0005776054
Vitreoscilla filiformis	63	S	7	0	7	0.0005776054
Bradyrhizobium sp. CCBAU 53421	1325120	S	6	1	7	0.0005776054
Rhizobium pusense	648995	S	1	6	7	0.0005776054
Aminobacter sp. MSH1	374606	S	6	1	7	0.0005776054
Pyruvatibacter mobilis	1712261	S	7	0	7	0.0005776054
Brucella melitensis	29459	S	3	4	7	0.0005776054
Sphingomonas sp. LM7	1938607	S	7	0	7	0.0005776054
Sphingomonas alpina	653931	S	7	0	7	0.0005776054
Sphingopyxis fribergensis	1515612	S	6	1	7	0.0005776054
Novosphingobium pentaromativorans	205844	S	2	5	7	0.0005776054
Porphyrobacter sp. YT40	2547601	S	4	3	7	0.0005776054
Cereibacter sphaeroides	1063	S	7	0	7	0.0005776054
Tabrizicola piscis	2494374	S	7	0	7	0.0005776054
Brevundimonas vancanneytii	1325724	S	2	5	7	0.0005776054
Azospirillum lipoferum	193	S	5	2	7	0.0005776054
Mycolicibacterium psychrotolerans	216929	S	7	0	7	0.0005776054
Corynebacterium sp. L2-79-05	373068	S	1	6	7	0.0005776054
Gordonia bronchialis	2054	S	7	0	7	0.0005776054
Curtobacterium flaccumfaciens	2035	S	6	1	7	0.0005776054
Leuconostoc sp. C2	979982	S	2	5	7	0.0005776054
Lactobacillus gasseri	1596	S	4	3	7	0.0005776054
Oxynema sp. AP17	2064643	S	5	2	7	0.0005776054
Flavobacterium sp. HYN0086	2249356	S	5	2	7	0.0005776054
Blattabacterium cuenoti	1653831	S	7	0	7	0.0005776054
Spirosoma radiotolerans	1379870	S	7	0	7	0.0005776054
Bremerella volcania	2527984	S	6	1	7	0.0005776054
Luteolibacter luteus	2728835	S	7	0	7	0.0005776054
Pseudomonas sp. THAF7b	2587845	S	3	3	6	0.0004950904
Pseudomonas monteilii	76759	S	4	2	6	0.0004950904
Pseudomonas moraviensis	321662	S	4	2	6	0.0004950904
Klebsiella variicola	244366	S	5	1	6	0.0004950904
Pantoea sp. MSR2	2052056	S	6	0	6	0.0004950904
Acidovorax cattleyae	80868	S	5	1	6	0.0004950904
Acidovorax citrulli	80869	S	4	2	6	0.0004950904
Diaphorobacter sp. HDW4B	2714925	S	6	0	6	0.0004950904
Janthinobacterium svalbardensis	368607	S	5	1	6	0.0004950904
Herbaspirillum seropedicae	964	S	6	0	6	0.0004950904
Collimonas fungivorans	158899	S	6	0	6	0.0004950904
Polynucleobacter necessarius	576610	S	6	0	6	0.0004950904
Burkholderia cenocepacia	95486	S	2	4	6	0.0004950904
Burkholderia sp. KJ006	416344	S	1	5	6	0.0004950904
Thiomonas intermedia	926	S	3	3	6	0.0004950904
Azospira sp. I09	1765049	S	3	3	6	0.0004950904
Bradyrhizobium sp. CCBAU 51765	1325102	S	5	1	6	0.0004950904
Bosea sp. RAC05	1842539	S	5	1	6	0.0004950904
Bosea vaviloviae	1526658	S	5	1	6	0.0004950904
Methylobacterium brachiatum	269660	S	5	1	6	0.0004950904
Methylobacterium radiotolerans	31998	S	2	4	6	0.0004950904
Mesorhizobium sp. Pch-S	2082387	S	6	0	6	0.0004950904
Mesorhizobium loti	381	S	1	5	6	0.0004950904
Sphingomonas sp. LMO-1	2681549	S	6	0	6	0.0004950904
Sphingomonas paucimobilis	13689	S	5	1	6	0.0004950904
Sphingopyxis sp. FD7	1914525	S	5	1	6	0.0004950904
Sphingopyxis sp. 113P3	292913	S	4	2	6	0.0004950904
Sphingopyxis macrogoltabida	33050	S	5	1	6	0.0004950904
Sphingobium hydrophobicum	1673076	S	3	3	6	0.0004950904
Novosphingobium sp. ES2-1	2780074	S	4	2	6	0.0004950904
Blastomonas fulva	1550728	S	3	3	6	0.0004950904
Caulobacter soli	2708539	S	5	1	6	0.0004950904
Cutibacterium granulosum	33011	S	6	0	6	0.0004950904
Rhodococcus sp. 2G	1570939	S	2	4	6	0.0004950904
Rhodococcus sp. DMU1	2722825	S	2	4	6	0.0004950904
Microbacterium hominis	162426	S	5	1	6	0.0004950904
Herbiconiux sp. SALV-R1	2735133	S	5	1	6	0.0004950904
Streptomyces sp. WAC 06738	2203210	S	2	4	6	0.0004950904
Streptococcus oralis	1303	S	5	1	6	0.0004950904
Faecalitalea cylindroides	39483	S	4	2	6	0.0004950904
Nostoc edaphicum	264686	S	4	2	6	0.0004950904
Thermus thermophilus	274	S	5	1	6	0.0004950904
Flavobacterium branchiophilum	55197	S	6	0	6	0.0004950904
Flavobacterium nitrogenifigens	1617283	S	4	2	6	0.0004950904
Flavobacterium anhuiense	459526	S	4	2	6	0.0004950904
Aquirufa nivalisilvae	2516557	S	6	0	6	0.0004950904
Hymenobacter radiodurans	2496028	S	2	4	6	0.0004950904
Mucilaginibacter rubeus	2027860	S	1	5	6	0.0004950904
Chitinophaga sp. MD30	2033437	S	1	5	6	0.0004950904
Flavihumibacter sp. SB-02	2676868	S	5	1	6	0.0004950904
Gemmata massiliana	1210884	S	5	1	6	0.0004950904
Human betaherpesvirus 7	10372	S	6	0	6	0.0004950904
Pseudomonas citronellolis	53408	S	3	2	5	0.0004125753
Pantoea agglomerans	549	S	5	0	5	0.0004125753
Buchnera aphidicola	9	S	5	0	5	0.0004125753
Lysobacter arenosi	2795387	S	5	0	5	0.0004125753
Pseudoxanthomonas suwonensis	314722	S	5	0	5	0.0004125753
Pseudoalteromonas agarivorans	176102	S	2	3	5	0.0004125753
Shewanella sp. YLB-06	2593655	S	1	4	5	0.0004125753
Immundisolibacter cernigliae	1810504	S	5	0	5	0.0004125753
Acidovorax monticola	1926868	S	5	0	5	0.0004125753
Diaphorobacter polyhydroxybutyrativorans	1546149	S	1	4	5	0.0004125753
Hydrogenophaga sp. PAMC20947	2565558	S	5	0	5	0.0004125753
Comamonas koreensis	160825	S	5	0	5	0.0004125753
Comamonas serinivorans	1082851	S	5	0	5	0.0004125753
Comamonas piscis	1562974	S	5	0	5	0.0004125753
Janthinobacterium sp. 1_2014MBL_MicDiv	1644131	S	5	0	5	0.0004125753
Massilia armeniaca	2072590	S	3	2	5	0.0004125753
Herbaspirillum rubrisubalbicans	80842	S	5	0	5	0.0004125753
Cupriavidus basilensis	68895	S	4	1	5	0.0004125753
Cupriavidus taiwanensis	164546	S	3	2	5	0.0004125753
Aromatoleum aromaticum	551760	S	3	2	5	0.0004125753
Oryzomicrobium terrae	1735038	S	5	0	5	0.0004125753
Bradyrhizobium sp. CCBAU 53340	1325112	S	3	2	5	0.0004125753
Bradyrhizobium sp. LCT2	2493093	S	1	4	5	0.0004125753
Bradyrhizobium icense	1274631	S	5	0	5	0.0004125753
Bradyrhizobium paxllaeri	190148	S	5	0	5	0.0004125753
Bradyrhizobium symbiodeficiens	1404367	S	4	1	5	0.0004125753
Rhizobium sp. TCK	136098	S	1	4	5	0.0004125753
Methylobacterium sp. 17Sr1-43	2202828	S	5	0	5	0.0004125753
Methylorubrum extorquens	408	S	4	1	5	0.0004125753
Aureimonas sp. AU12	1638161	S	1	4	5	0.0004125753
Sphingobium fuliginis	336203	S	2	3	5	0.0004125753
Novosphingobium sp. P6W	1609758	S	5	0	5	0.0004125753
Sphingosinithalassobacter sp. zrk23	2711215	S	4	1	5	0.0004125753
Defluviimonas alba	1335048	S	4	1	5	0.0004125753
Brevundimonas diminuta	293	S	2	3	5	0.0004125753
Roseococcus sp. NIBR12	2771361	S	5	0	5	0.0004125753
Bdellovibrio bacteriovorus	959	S	5	0	5	0.0004125753
Nocardia arthritidis	228602	S	5	0	5	0.0004125753
Gordonia ajococcus	1292359	S	1	4	5	0.0004125753
Tsukamurella tyrosinosolvens	57704	S	5	0	5	0.0004125753
Microbacterium sp. Y-01	2048898	S	3	2	5	0.0004125753
Microbacterium chocolatum	84292	S	5	0	5	0.0004125753
Paenarthrobacter aurescens	43663	S	1	4	5	0.0004125753
Kocuria palustris	71999	S	5	0	5	0.0004125753
Kocuria rhizophila	72000	S	5	0	5	0.0004125753
Brevibacterium sp. JNUCC-42	2777985	S	1	4	5	0.0004125753
Pseudonocardia sp. HH130629-09	1641402	S	5	0	5	0.0004125753
Actinomyces naeslundii	1655	S	5	0	5	0.0004125753
Lactobacillus crispatus	47770	S	5	0	5	0.0004125753
Staphylococcus hominis	1290	S	5	0	5	0.0004125753
Romboutsia sp. CE17	2724150	S	5	0	5	0.0004125753
Dehalobacterium formicoaceticum	51515	S	4	1	5	0.0004125753
Crinalium epipsammum	241425	S	5	0	5	0.0004125753
Nostoc linckia	92942	S	3	2	5	0.0004125753
Cylindrospermum stagnale	142864	S	3	2	5	0.0004125753
Calothrix parasitica	1973486	S	5	0	5	0.0004125753
Flavobacterium sp. CS20	2775246	S	4	1	5	0.0004125753
Flavobacterium sp. MDT1-60	1979344	S	4	1	5	0.0004125753
Flavobacterium sp. 140616W15	2478552	S	4	1	5	0.0004125753
Flavobacterium columnare	996	S	4	1	5	0.0004125753
Chryseobacterium nakagawai	1241982	S	2	3	5	0.0004125753
Kaistella carnis	1241979	S	5	0	5	0.0004125753
Kaistella flava (ex Peng et al. 2021)	2038776	S	5	0	5	0.0004125753
Epilithonimonas vandammei	2487072	S	3	2	5	0.0004125753
Sphingobacterium multivorum	28454	S	3	2	5	0.0004125753
Lacibacter sp. S13-6-6	2760713	S	5	0	5	0.0004125753
Haliscomenobacter hydrossis	2350	S	5	0	5	0.0004125753
Verrucomicrobium sp. GAS474	1882831	S	4	1	5	0.0004125753
Acinetobacter pittii	48296	S	2	2	4	0.0003300602
Acinetobacter sp. WCHA45	2004644	S	3	1	4	0.0003300602
Pseudomonas sp. IzPS59	2774459	S	3	1	4	0.0003300602
Pseudomonas sp. J380	2605424	S	3	1	4	0.0003300602
Pseudomonas sp. Y39-6	2749807	S	1	3	4	0.0003300602
Pseudomonas putida	303	S	3	1	4	0.0003300602
Pseudomonas chlororaphis	587753	S	3	1	4	0.0003300602
Kluyvera intermedia	61648	S	4	0	4	0.0003300602
Providencia sp. 2.29	2791982	S	1	3	4	0.0003300602
Xanthomonas hyacinthi	56455	S	4	0	4	0.0003300602
Thermomonas carbonis	1463158	S	4	0	4	0.0003300602
Haemophilus parainfluenzae	729	S	4	0	4	0.0003300602
Shewanella putrefaciens	24	S	1	3	4	0.0003300602
Aeromonas sp. CU5	2033033	S	4	0	4	0.0003300602
Thioalkalivibrio sulfidiphilus	1033854	S	4	0	4	0.0003300602
Kineobactrum salinum	2708301	S	4	0	4	0.0003300602
Acidovorax antarcticus	2743470	S	4	0	4	0.0003300602
Rhodoferax sp. PAMC29310	2822760	S	4	0	4	0.0003300602
Hydrogenophaga sp. BA0156	2716225	S	3	1	4	0.0003300602
Hydrogenophaga pseudoflava	47421	S	3	1	4	0.0003300602
Pulveribacter suum	2116657	S	4	0	4	0.0003300602
Massilia oculi	945844	S	4	0	4	0.0003300602
Massilia albidiflava	321983	S	3	1	4	0.0003300602
Massilia umbonata	864828	S	3	1	4	0.0003300602
Collimonas arenae	279058	S	4	0	4	0.0003300602
Burkholderia sp. IDO3	1705310	S	2	2	4	0.0003300602
Cupriavidus oxalaticus	96344	S	3	1	4	0.0003300602
Cupriavidus campinensis	151783	S	3	1	4	0.0003300602
Lautropia mirabilis	47671	S	4	0	4	0.0003300602
Achromobacter sp. MFA1 R4	1881016	S	4	0	4	0.0003300602
Pigmentiphaga sp. H8	2488560	S	4	0	4	0.0003300602
Neisseria subflava	28449	S	2	2	4	0.0003300602
Neisseria meningitidis	487	S	1	3	4	0.0003300602
Thauera humireducens	1134435	S	4	0	4	0.0003300602
Dechloromonas sp. TW-R-39-2	2654218	S	4	0	4	0.0003300602
Usitatibacter palustris	2732487	S	4	0	4	0.0003300602
Bradyrhizobium erythrophlei	1437360	S	4	0	4	0.0003300602
Bradyrhizobium japonicum	375	S	2	2	4	0.0003300602
Agrobacterium tumefaciens	358	S	2	2	4	0.0003300602
Neorhizobium sp. SOG26	2060726	S	4	0	4	0.0003300602
Candidatus Liberibacter africanus	34020	S	4	0	4	0.0003300602
Shinella sp. PSBB067	2715959	S	2	2	4	0.0003300602
Mesorhizobium sp. AA22	1854057	S	2	2	4	0.0003300602
Devosia sp. A16	1736675	S	4	0	4	0.0003300602
Azorhizobium caulinodans	7	S	4	0	4	0.0003300602
Pannonibacter phragmitetus	121719	S	2	2	4	0.0003300602
Nordella sp. HKS 07	2712222	S	4	0	4	0.0003300602
Sphingomonas sp. MK52	2711156	S	4	0	4	0.0003300602
Sphingomonas sp. HMP9	1517554	S	4	0	4	0.0003300602
Sphingomonas sp. HMP6	1517551	S	4	0	4	0.0003300602
Sphingomonas sp. ERG5	1381597	S	2	2	4	0.0003300602
Novosphingobium sp. THN1	1016987	S	4	0	4	0.0003300602
Citromicrobium sp. JL477	1634516	S	3	1	4	0.0003300602
Rhizorhabdus dicambivorans	1850238	S	2	2	4	0.0003300602
Tardibacter chloracetimidivorans	1921510	S	2	2	4	0.0003300602
Erythrobacter neustonensis	1112	S	4	0	4	0.0003300602
Erythrobacter litoralis	39960	S	4	0	4	0.0003300602
Porphyrobacter sp. HT-58-2	2023229	S	4	0	4	0.0003300602
Pelagibaca abyssi	1250539	S	3	1	4	0.0003300602
Brevundimonas sp. SGAir0440	2579977	S	4	0	4	0.0003300602
Azospirillum brasilense	192	S	3	1	4	0.0003300602
Gluconobacter albidus	318683	S	3	1	4	0.0003300602
Labilithrix luteola	1391654	S	4	0	4	0.0003300602
Nocardioides sp. CF8	110319	S	3	1	4	0.0003300602
Corynebacterium kroppenstedtii	161879	S	4	0	4	0.0003300602
Corynebacterium kefirresidentii	1979527	S	4	0	4	0.0003300602
Microbacterium sp. BH-3-3-3	1906742	S	4	0	4	0.0003300602
Leucobacter triazinivorans	1784719	S	4	0	4	0.0003300602
Rathayibacter sp. VKM Ac-2804	2609257	S	1	3	4	0.0003300602
Rhodoluna lacicola	529884	S	4	0	4	0.0003300602
Leifsonia xyli	1575	S	4	0	4	0.0003300602
Arthrobacter sp. PM3	2017685	S	4	0	4	0.0003300602
Pseudarthrobacter phenanthrenivorans	361575	S	4	0	4	0.0003300602
Janibacter sp. YB324	2761047	S	1	3	4	0.0003300602
Streptomyces clavuligerus	1901	S	4	0	4	0.0003300602
Streptomyces venezuelae	54571	S	4	0	4	0.0003300602
Schaalia odontolytica	1660	S	4	0	4	0.0003300602
Candidatus Planktophila dulcis	1884914	S	4	0	4	0.0003300602
Gardnerella vaginalis	2702	S	2	2	4	0.0003300602
Streptococcus mitis	28037	S	4	0	4	0.0003300602
Caldibacillus thermoamylovorans	35841	S	4	0	4	0.0003300602
Staphylococcus auricularis	29379	S	4	0	4	0.0003300602
Staphylococcus pasteuri	45972	S	4	0	4	0.0003300602
Staphylococcus lugdunensis	28035	S	4	0	4	0.0003300602
Staphylococcus haemolyticus	1283	S	4	0	4	0.0003300602
Blautia obeum	40520	S	2	2	4	0.0003300602
Blautia sp. SC05B48	2479767	S	2	2	4	0.0003300602
[Phormidium] sp. ETS-05	222819	S	4	0	4	0.0003300602
Nostoc sp. PCC 7107	317936	S	2	2	4	0.0003300602
Synechococcus sp. PCC 6312	195253	S	4	0	4	0.0003300602
Synechococcus sp. CBW1006	1353138	S	1	3	4	0.0003300602
Chamaesiphon minutus	1173032	S	4	0	4	0.0003300602
Mycoplasma sp. Zaradi2	547987	S	4	0	4	0.0003300602
Flavobacterium sp. M31R6	2739062	S	4	0	4	0.0003300602
Flavobacterium sp. CLA17	2724135	S	3	1	4	0.0003300602
Flavobacterium sangjuense	2518177	S	4	0	4	0.0003300602
Flavobacterium crocinum	2183896	S	3	1	4	0.0003300602
Cellulophaga sp. L1A9	2686362	S	2	2	4	0.0003300602
Seonamhaeicola sp. S2-3	1936081	S	4	0	4	0.0003300602
Chryseobacterium sp. NEB161	2724619	S	3	1	4	0.0003300602
Chryseobacterium carnipullorum	1124835	S	3	1	4	0.0003300602
Pedobacter suwonensis	332999	S	3	1	4	0.0003300602
Sphingobacterium spiritivorum	258	S	3	1	4	0.0003300602
Sphingobacterium siyangense	459529	S	2	2	4	0.0003300602
Paraflavitalea soli	2315862	S	4	0	4	0.0003300602
Bacteroides thetaiotaomicron	818	S	4	0	4	0.0003300602
Phocaeicola vulgatus	821	S	2	2	4	0.0003300602
Gemmata sp. SH-PL17	1630693	S	4	0	4	0.0003300602
Pirellula sp. SH-Sr6A	1632865	S	4	0	4	0.0003300602
Anatilimnocola aggregata	2528021	S	3	1	4	0.0003300602
Tautonia plasticadhaerens	2527974	S	4	0	4	0.0003300602
Roseimicrobium sp. ORNL1	2711231	S	4	0	4	0.0003300602
Opitutus sp. GAS368	1882749	S	4	0	4	0.0003300602
Luteitalea pratensis	1855912	S	4	0	4	0.0003300602
Methanosarcina acetivorans	2214	S	4	0	4	0.0003300602
Acinetobacter sp. MYb10	1827285	S	3	0	3	0.0002475452
Acinetobacter sp. ACNIH2	1758189	S	3	0	3	0.0002475452
Acinetobacter sp. NEB 394	2743575	S	2	1	3	0.0002475452
Acinetobacter indicus	756892	S	3	0	3	0.0002475452
Acinetobacter guillouiae	106649	S	3	0	3	0.0002475452
Acinetobacter ursingii	108980	S	3	0	3	0.0002475452
Acinetobacter schindleri	108981	S	3	0	3	0.0002475452
Pseudomonas sp. TCU-HL1	1856685	S	3	0	3	0.0002475452
Pseudomonas libanensis	75588	S	2	1	3	0.0002475452
Pseudomonas mendocina	300	S	3	0	3	0.0002475452
Pseudomonas syringae	317	S	1	2	3	0.0002475452
Pseudomonas savastanoi	29438	S	1	2	3	0.0002475452
Pseudomonas sediminis	1691904	S	3	0	3	0.0002475452
Pseudomonas knackmussii	65741	S	3	0	3	0.0002475452
Pseudomonas otitidis	319939	S	3	0	3	0.0002475452
Enterobacteriaceae endosymbiont of Donacia simplex	2675784	S	2	1	3	0.0002475452
Pantoea cypripedii	55209	S	3	0	3	0.0002475452
Yersinia frederiksenii	29484	S	1	2	3	0.0002475452
Lonsdalea populi	1172565	S	3	0	3	0.0002475452
Vibrio harveyi	669	S	3	0	3	0.0002475452
Xanthomonas citri	346	S	3	0	3	0.0002475452
Xanthomonas vesicatoria	56460	S	3	0	3	0.0002475452
Xanthomonas sacchari	56458	S	3	0	3	0.0002475452
Lysobacter antibioticus	84531	S	3	0	3	0.0002475452
Lysobacter soli	453783	S	3	0	3	0.0002475452
Dyella sp. M7H15-1	2501295	S	2	1	3	0.0002475452
Dokdonella koreensis	323415	S	3	0	3	0.0002475452
Mannheimia pernigra	111844	S	3	0	3	0.0002475452
Pseudoalteromonas paragorgicola	166934	S	1	2	3	0.0002475452
Thiothrix sp.	1032	S	3	0	3	0.0002475452
Legionella pneumophila	446	S	2	1	3	0.0002475452
Variovorax sp. RKNM96	2681552	S	3	0	3	0.0002475452
Delftia sp. HK171	1920191	S	1	2	3	0.0002475452
Delftia tsuruhatensis	180282	S	1	2	3	0.0002475452
Limnohabitans sp. 103DPR2	1678129	S	3	0	3	0.0002475452
Serpentinomonas raichei	1458425	S	3	0	3	0.0002475452
Serpentinomonas mccroryi	1458426	S	3	0	3	0.0002475452
Hylemonella gracilis	80880	S	3	0	3	0.0002475452
Massilia sp. YMA4	1593482	S	2	1	3	0.0002475452
Massilia flava	871742	S	3	0	3	0.0002475452
Herbaspirillum frisingense	92645	S	3	0	3	0.0002475452
Collimonas pratensis	279113	S	3	0	3	0.0002475452
Burkholderia sp. DHOD12	2571746	S	3	0	3	0.0002475452
Burkholderia sp. MSMB1588	1636423	S	1	2	3	0.0002475452
Cupriavidus necator	106590	S	3	0	3	0.0002475452
Achromobacter sp. AONIH1	1758194	S	3	0	3	0.0002475452
Achromobacter spanius	217203	S	3	0	3	0.0002475452
Bordetella sp. N	1746199	S	3	0	3	0.0002475452
Advenella mimigardefordensis	302406	S	3	0	3	0.0002475452
Chromobacterium phragmitis	2202141	S	3	0	3	0.0002475452
Jeongeupia sp. USM3	1906741	S	3	0	3	0.0002475452
Azoarcus sp. DD4	2027405	S	2	1	3	0.0002475452
Azoarcus olearius	418699	S	2	1	3	0.0002475452
Nitrosomonas sp. Is79A3	261292	S	3	0	3	0.0002475452
Sterolibacterium denitrificans	157592	S	3	0	3	0.0002475452
Methylotenera versatilis	1055487	S	3	0	3	0.0002475452
Sulfuriferula sp. AH1	1985873	S	3	0	3	0.0002475452
Bradyrhizobium sp. CCBAU 051011	858422	S	3	0	3	0.0002475452
Bradyrhizobium sp. WSM471	319017	S	1	2	3	0.0002475452
Bradyrhizobium lablabi	722472	S	1	2	3	0.0002475452
Bosea sp. Tri-49	1867715	S	3	0	3	0.0002475452
Tardiphaga robiniae	943830	S	3	0	3	0.0002475452
Rhizobium leguminosarum	384	S	2	1	3	0.0002475452
Rhizobium gallicum	56730	S	1	2	3	0.0002475452
Ensifer alkalisoli	1752398	S	3	0	3	0.0002475452
Methylobacterium phyllosphaerae	418223	S	1	2	3	0.0002475452
Mesorhizobium sp. M1B.F.Ca.ET.045.04.1.1	2493673	S	2	1	3	0.0002475452
Aquabacter sp. L1I39	2820278	S	3	0	3	0.0002475452
Pseudolabrys taiwanensis	331696	S	3	0	3	0.0002475452
Stappia indica	538381	S	3	0	3	0.0002475452
Labrenzia sp. VG12	2021862	S	2	1	3	0.0002475452
Hartmannibacter diazotrophicus	1482074	S	3	0	3	0.0002475452
Brucella intermedia	94625	S	3	0	3	0.0002475452
Methylocystis sp. SC2	187303	S	2	1	3	0.0002475452
Sphingomonas sp. XS-10	2599297	S	3	0	3	0.0002475452
Sphingomonas sp. HDW15A	2714942	S	3	0	3	0.0002475452
Sphingomonas sp. C33	2698679	S	3	0	3	0.0002475452
Sphingomonas sp. NIC1	1961362	S	2	1	3	0.0002475452
Sphingomonas rhizophila	2071607	S	3	0	3	0.0002475452
Sphingomonas ginsengisoli An et al. 2013	363835	S	3	0	3	0.0002475452
Sphingomonas koreensis	93064	S	2	1	3	0.0002475452
Sphingopyxis sp. OPL5	2486273	S	3	0	3	0.0002475452
Sphingopyxis terrae	33052	S	3	0	3	0.0002475452
Sphingobium sp. RSMS	520734	S	1	2	3	0.0002475452
Sphingobium chlorophenolicum	46429	S	2	1	3	0.0002475452
Sphingobium cloacae	120107	S	1	2	3	0.0002475452
Altererythrobacter sp. TH136	2067415	S	3	0	3	0.0002475452
Altererythrobacter epoxidivorans	361183	S	3	0	3	0.0002475452
Qipengyuania sediminis	1532023	S	3	0	3	0.0002475452
Paracoccus suum	2259340	S	3	0	3	0.0002475452
Paracoccus sanguinis	1545044	S	3	0	3	0.0002475452
Paracoccus pantotrophus	82367	S	3	0	3	0.0002475452
Rhodobacter blasticus	1075	S	3	0	3	0.0002475452
Octadecabacter antarcticus	1217908	S	3	0	3	0.0002475452
Gemmobacter sp. HYN0069	2169400	S	3	0	3	0.0002475452
Brevundimonas sp. LM2	1938605	S	3	0	3	0.0002475452
Caulobacter sp. K31	366602	S	3	0	3	0.0002475452
Caulobacter henricii	69395	S	3	0	3	0.0002475452
Asticcacaulis excentricus	78587	S	3	0	3	0.0002475452
Ehrlichia ruminantium	779	S	3	0	3	0.0002475452
Phreatobacter cathodiphilus	1868589	S	3	0	3	0.0002475452
Phreatobacter sp. NMCR1094	2570229	S	3	0	3	0.0002475452
Candidatus Fonsibacter ubiquis	1925548	S	3	0	3	0.0002475452
Myxococcus xanthus	34	S	3	0	3	0.0002475452
Geoalkalibacter subterraneus	483547	S	2	1	3	0.0002475452
Desulfonema magnum	45655	S	3	0	3	0.0002475452
Persicimonas caeni	2292766	S	3	0	3	0.0002475452
Aliarcobacter cryaerophilus	28198	S	3	0	3	0.0002475452
Bdellovibrio sp. NC01	2220073	S	3	0	3	0.0002475452
Halobacteriovorax marinus	97084	S	3	0	3	0.0002475452
Propionibacterium freudenreichii	1744	S	3	0	3	0.0002475452
Microlunatus sagamiharensis	546874	S	3	0	3	0.0002475452
Tessaracoccus flavus	1610493	S	2	1	3	0.0002475452
Nocardioides sp. S5	2017486	S	3	0	3	0.0002475452
Nocardioides euryhalodurans	2518370	S	3	0	3	0.0002475452
Nocardia asteroides	1824	S	3	0	3	0.0002475452
Mycolicibacterium fortuitum	1766	S	3	0	3	0.0002475452
Mycolicibacterium phocaicum	319706	S	3	0	3	0.0002475452
Mycolicibacterium fallax	1793	S	3	0	3	0.0002475452
Mycolicibacterium thermoresistibile	1797	S	3	0	3	0.0002475452
Mycolicibacterium mucogenicum	56689	S	3	0	3	0.0002475452
Mycolicibacterium gilvum	1804	S	2	1	3	0.0002475452
Mycobacterium gallinarum	39689	S	3	0	3	0.0002475452
Corynebacterium xerosis	1725	S	3	0	3	0.0002475452
Microbacterium sp. HY60	2769067	S	3	0	3	0.0002475452
Rathayibacter sp. VKM Ac-2759	2609252	S	2	1	3	0.0002475452
Protaetiibacter intestinalis	2419774	S	2	1	3	0.0002475452
Arthrobacter alpinus	656366	S	3	0	3	0.0002475452
Rothia mucilaginosa	43675	S	3	0	3	0.0002475452
Brevibacterium linens	1703	S	3	0	3	0.0002475452
Brachybacterium sp. P6-10-X1	1903186	S	3	0	3	0.0002475452
Streptomyces sp. 3211	1964449	S	1	2	3	0.0002475452
Streptomyces tendae	1932	S	3	0	3	0.0002475452
Streptomyces griseocarneus	51201	S	3	0	3	0.0002475452
Streptosporangium roseum	2001	S	3	0	3	0.0002475452
Egibacter rhizosphaerae	1670831	S	3	0	3	0.0002475452
Streptococcus sp. oral taxon 431	712633	S	3	0	3	0.0002475452
Lactobacillus delbrueckii	1584	S	3	0	3	0.0002475452
Lacticaseibacillus zeae	57037	S	1	2	3	0.0002475452
Latilactobacillus curvatus	28038	S	3	0	3	0.0002475452
Bacillus sp. N1-1	2682541	S	1	2	3	0.0002475452
Paenibacillus sp. FSL P4-0081	1536769	S	1	2	3	0.0002475452
Clostridium sporogenes	1509	S	3	0	3	0.0002475452
Coprococcus catus	116085	S	2	1	3	0.0002475452
Clostridioides difficile	1496	S	3	0	3	0.0002475452
Nostoc sp. CENA543	1869241	S	3	0	3	0.0002475452
Nostoc sphaeroides	446679	S	2	1	3	0.0002475452
Raphidiopsis curvata	312883	S	1	2	3	0.0002475452
Tolypothrix sp. PCC 7910	2099387	S	1	2	3	0.0002475452
Synechococcus sp. JA-3-3Ab	321327	S	3	0	3	0.0002475452
Prochlorococcus marinus	1219	S	3	0	3	0.0002475452
Leptolyngbya sp. PCC 7376	111781	S	3	0	3	0.0002475452
Pseudanabaena sp. PCC 7367	82654	S	3	0	3	0.0002475452
Oceanithermus profundus	187137	S	3	0	3	0.0002475452
Flavobacterium sp. CJ74	2294119	S	3	0	3	0.0002475452
Flavobacterium sp. I3-2	2748319	S	2	1	3	0.0002475452
Flavobacterium gilvum	1492737	S	3	0	3	0.0002475452
Flavobacterium indicum	312277	S	3	0	3	0.0002475452
Flavobacterium nackdongense	2547394	S	3	0	3	0.0002475452
Polaribacter sp. BM10	1529069	S	2	1	3	0.0002475452
Polaribacter reichenbachii	996801	S	3	0	3	0.0002475452
Capnocytophaga leadbetteri	327575	S	3	0	3	0.0002475452
Gramella flava	1486245	S	3	0	3	0.0002475452
Aequorivita sublithincola	101385	S	3	0	3	0.0002475452
Maribacter cobaltidurans	1178778	S	2	1	3	0.0002475452
Runella slithyformis	106	S	3	0	3	0.0002475452
Fulvivirga sp. S481	2810512	S	3	0	3	0.0002475452
Pedobacter sp. JBR3-12	2789740	S	3	0	3	0.0002475452
Sphingobacterium lactis	797291	S	2	1	3	0.0002475452
Olivibacter sp. SDN3	2764720	S	2	1	3	0.0002475452
Prevotella copri	165179	S	3	0	3	0.0002475452
Petrimonas mucosa	1642646	S	2	1	3	0.0002475452
Parabacteroides distasonis	823	S	3	0	3	0.0002475452
Lignipirellula cremea	2528010	S	2	1	3	0.0002475452
Lacipirellula limnantheis	2528024	S	3	0	3	0.0002475452
Planctomyces sp. SH-PL62	1636152	S	2	1	3	0.0002475452
Simkania negevensis	83561	S	1	2	3	0.0002475452
Candidatus Vampirococcus archaeovorus	1930593	S	3	0	3	0.0002475452
Borrelia hermsii	140	S	3	0	3	0.0002475452
Leptospira interrogans	173	S	1	2	3	0.0002475452
Candidatus Babela massiliensis	673862	S	3	0	3	0.0002475452
Thermosulfurimonas marina	2047767	S	3	0	3	0.0002475452
Halobiforma lacisalsi	229731	S	3	0	3	0.0002475452
Methanosarcina vacuolata	2215	S	1	2	3	0.0002475452
Propionibacterium virus PHL070N00	1982279	S	2	1	3	0.0002475452
Propionibacterium virus PHL060L00	1982277	S	1	2	3	0.0002475452
Propionibacterium virus PHL141N00	1982292	S	1	2	3	0.0002475452
Polaribacter virus P12002S	1982246	S	1	2	3	0.0002475452
Parvovirus NIH-CQV	1341019	S	3	0	3	0.0002475452
Acinetobacter calcoaceticus	471	S	2	0	2	0.0001650301
Acinetobacter venetianus	52133	S	2	0	2	0.0001650301
Acinetobacter gyllenbergii	134534	S	2	0	2	0.0001650301
Psychrobacter urativorans	45610	S	1	1	2	0.0001650301
Pseudomonas sp. StFLB209	1028989	S	2	0	2	0.0001650301
Pseudomonas sp. R84	1573712	S	2	0	2	0.0001650301
Pseudomonas sp. LBUM920	2126069	S	2	0	2	0.0001650301
Pseudomonas azotoformans	47878	S	2	0	2	0.0001650301
Pseudomonas brenneri	129817	S	2	0	2	0.0001650301
Pseudomonas syringae group genomosp. 3	251701	S	1	1	2	0.0001650301
Pseudomonas eucalypticola	2599595	S	2	0	2	0.0001650301
Pseudomonas lurida	244566	S	2	0	2	0.0001650301
Pseudomonas pohangensis	364197	S	2	0	2	0.0001650301
Pseudomonas salegens	1434072	S	2	0	2	0.0001650301
Pseudomonas brassicacearum	930166	S	1	1	2	0.0001650301
Azotobacter chroococcum	353	S	1	1	2	0.0001650301
Citrobacter tructae	2562449	S	2	0	2	0.0001650301
Raoultella ornithinolytica	54291	S	1	1	2	0.0001650301
Kosakonia pseudosacchari	1646340	S	1	1	2	0.0001650301
Escherichia coli	562	S	1	1	2	0.0001650301
Pantoea sp. PSNIH1	1484158	S	2	0	2	0.0001650301
Erwinia gerundensis	1619313	S	2	0	2	0.0001650301
Erwinia pyrifoliae	79967	S	1	1	2	0.0001650301
Serratia plymuthica	82996	S	2	0	2	0.0001650301
Yersinia enterocolitica	630	S	2	0	2	0.0001650301
Dickeya dianthicola	204039	S	2	0	2	0.0001650301
Vibrio vulnificus	672	S	2	0	2	0.0001650301
Vibrio panuliri	1381081	S	2	0	2	0.0001650301
Vibrio metschnikovii	28172	S	2	0	2	0.0001650301
Xanthomonas sp. SS	2724122	S	2	0	2	0.0001650301
Lysobacter capsici	435897	S	2	0	2	0.0001650301
Lysobacter lycopersici	1324796	S	2	0	2	0.0001650301
Stenotrophomonas acidaminiphila	128780	S	2	0	2	0.0001650301
Stenotrophomonas sp. SXG-1	2682487	S	1	1	2	0.0001650301
Pseudoxanthomonas spadix	415229	S	2	0	2	0.0001650301
Thermomonas brevis	215691	S	2	0	2	0.0001650301
Xylella fastidiosa	2371	S	2	0	2	0.0001650301
Ahniella affigens	2021234	S	2	0	2	0.0001650301
Candidatus Carsonella ruddii	114186	S	2	0	2	0.0001650301
Alteromonas macleodii	28108	S	2	0	2	0.0001650301
Acidihalobacter yilgarnenesis	2819280	S	2	0	2	0.0001650301
Rheinheimera sp. LHK132	2498451	S	2	0	2	0.0001650301
Guyparkeria halophila	47960	S	2	0	2	0.0001650301
Piscirickettsia salmonis	1238	S	2	0	2	0.0001650301
Teredinibacter purpureus	2731756	S	2	0	2	0.0001650301
Oceanicoccus sagamiensis	716816	S	2	0	2	0.0001650301
Candidatus Rickettsiella viridis	676208	S	2	0	2	0.0001650301
Methylocaldum marinum	1432792	S	2	0	2	0.0001650301
Methylovulum psychrotolerans	1704499	S	2	0	2	0.0001650301
Solimonas sp. K1W22B-7	2303331	S	2	0	2	0.0001650301
Steroidobacter denitrificans	465721	S	2	0	2	0.0001650301
Diaphorobacter ruginosibacter	1715720	S	2	0	2	0.0001650301
Hydrogenophaga sp. PBC	795665	S	2	0	2	0.0001650301
Janthinobacterium sp. Marseille	375286	S	2	0	2	0.0001650301
Massilia lutea	321985	S	2	0	2	0.0001650301
Herbaspirillum hiltneri	341045	S	2	0	2	0.0001650301
Duganella sp. GN2-R2	2728020	S	2	0	2	0.0001650301
Duganella sp. AF9R3	2728021	S	2	0	2	0.0001650301
Glaciimonas sp. PAMC28666	2807626	S	2	0	2	0.0001650301
Polynucleobacter sp. MWH-UH21B	1743174	S	2	0	2	0.0001650301
Burkholderia cepacia	292	S	2	0	2	0.0001650301
Burkholderia multivorans	87883	S	1	1	2	0.0001650301
Burkholderia ubonensis	101571	S	1	1	2	0.0001650301
Cupriavidus pauculus	82633	S	2	0	2	0.0001650301
Cupriavidus neocaledonicus	1040979	S	1	1	2	0.0001650301
Paraburkholderia sp. 7MH5	2547399	S	2	0	2	0.0001650301
Paraburkholderia sp. PGU19	2735434	S	2	0	2	0.0001650301
Paraburkholderia acidisoli	2571748	S	2	0	2	0.0001650301
Paraburkholderia phytofirmans	261302	S	2	0	2	0.0001650301
Paraburkholderia acidophila	265293	S	1	1	2	0.0001650301
Ralstonia mannitolilytica	105219	S	2	0	2	0.0001650301
Ralstonia insidiosa	190721	S	2	0	2	0.0001650301
Pandoraea thiooxydans	445709	S	2	0	2	0.0001650301
Pandoraea apista	93218	S	1	1	2	0.0001650301
Limnobacter sp. SAORIC-580	2732163	S	2	0	2	0.0001650301
Chitinimonas arctica	2594795	S	2	0	2	0.0001650301
Caballeronia sp. M1242	2814653	S	2	0	2	0.0001650301
Xylophilus rhododendri	2697032	S	2	0	2	0.0001650301
Bordetella trematum	123899	S	2	0	2	0.0001650301
Bordetella genomosp. 6	463024	S	2	0	2	0.0001650301
Bordetella genomosp. 8	1416806	S	2	0	2	0.0001650301
Pigmentiphaga aceris	1940612	S	2	0	2	0.0001650301
Alcaligenes aquatilis	323284	S	1	1	2	0.0001650301
Sutterella wadsworthensis	40545	S	1	1	2	0.0001650301
Neisseria animalis	492	S	2	0	2	0.0001650301
Neisseria cinerea	483	S	1	1	2	0.0001650301
Chromobacterium vaccinii	1108595	S	2	0	2	0.0001650301
Iodobacter fluviatilis	537	S	2	0	2	0.0001650301
Azospira oryzae	146939	S	1	1	2	0.0001650301
Azoarcus sp. KH32C	748247	S	2	0	2	0.0001650301
Thauera sp. MZ1T	85643	S	2	0	2	0.0001650301
Dechloromonas sp. HYN0024	2231055	S	2	0	2	0.0001650301
Nitrosomonas ureae	44577	S	1	1	2	0.0001650301
Methyloversatilis sp. RAC08	1842540	S	2	0	2	0.0001650301
Sideroxydans lithotrophicus	63745	S	2	0	2	0.0001650301
Candidatus Accumulibacter phosphatis	327160	S	2	0	2	0.0001650301
Casimicrobium huifangae	2591109	S	2	0	2	0.0001650301
Bradyrhizobium sp. PSBB068	2715960	S	2	0	2	0.0001650301
Bradyrhizobium sp. SK17	2057741	S	2	0	2	0.0001650301
Bradyrhizobium sp. CCGE-LA001	1223566	S	2	0	2	0.0001650301
Bradyrhizobium sp. BTAi1	288000	S	2	0	2	0.0001650301
Bradyrhizobium sp.	376	S	1	1	2	0.0001650301
Bradyrhizobium canariense	255045	S	2	0	2	0.0001650301
Bradyrhizobium oligotrophicum	44255	S	2	0	2	0.0001650301
Bosea sp. F3-2	2599640	S	2	0	2	0.0001650301
Afipia sp. GAS231	1882747	S	1	1	2	0.0001650301
Nitrobacter winogradskyi	913	S	2	0	2	0.0001650301
Rhizobium sp. BG4	2613770	S	2	0	2	0.0001650301
Rhizobium sp. NXC14	1981173	S	1	1	2	0.0001650301
Agrobacterium fabrum	1176649	S	1	1	2	0.0001650301
Agrobacterium vitis	373	S	2	0	2	0.0001650301
Agrobacterium larrymoorei	160699	S	2	0	2	0.0001650301
Neorhizobium galegae	399	S	2	0	2	0.0001650301
Sinorhizobium americanum	194963	S	1	1	2	0.0001650301
Shinella sp. HZN7	879274	S	1	1	2	0.0001650301
Kaistia sp. 32K	2795690	S	2	0	2	0.0001650301
Methylobacterium nodulans	114616	S	2	0	2	0.0001650301
Methylobacterium durans	2202825	S	2	0	2	0.0001650301
Mesorhizobium sp. NBSH29	2654249	S	2	0	2	0.0001650301
Mesorhizobium sp. 131-2-1	2744518	S	1	1	2	0.0001650301
Blastochloris tepida	2233851	S	2	0	2	0.0001650301
Rhodoplanes sp. Z2-YC6860	674703	S	2	0	2	0.0001650301
Pseudolabrys sp. FHR47	2562284	S	2	0	2	0.0001650301
Starkeya novella	921	S	2	0	2	0.0001650301
Sphingomonas sp. DH-S5	2759526	S	2	0	2	0.0001650301
Sphingomonas sp. PAMC26645	2565555	S	2	0	2	0.0001650301
Sphingomonas sp. MM-1	745310	S	1	1	2	0.0001650301
Sphingomonas hengshuiensis	1609977	S	2	0	2	0.0001650301
Sphingomonas panacis	1560345	S	2	0	2	0.0001650301
Sphingomonas taxi	1549858	S	2	0	2	0.0001650301
Sphingomonas insulae	424800	S	2	0	2	0.0001650301
Sphingomonas wittichii	160791	S	2	0	2	0.0001650301
Sphingopyxis lindanitolerans	2054227	S	2	0	2	0.0001650301
Sphingobium sp. SYK-6	627192	S	2	0	2	0.0001650301
Sphingobium sp. EP60837	1855519	S	2	0	2	0.0001650301
Sphingobium sp. TKS	1315974	S	1	1	2	0.0001650301
Sphingobium amiense	135719	S	1	1	2	0.0001650301
Novosphingobium sp. Gsoil 351	2675225	S	2	0	2	0.0001650301
Novosphingobium ginsenosidimutans	1176536	S	2	0	2	0.0001650301
Parasphingopyxis algicola	2026624	S	2	0	2	0.0001650301
Parasphingopyxis sp. CP4	2724527	S	2	0	2	0.0001650301
Erythrobacter sp. 6D36	2782568	S	2	0	2	0.0001650301
Erythrobacter mangrovi	2739433	S	2	0	2	0.0001650301
Porphyrobacter sp. CACIAM 03H1	2003315	S	2	0	2	0.0001650301
Altererythrobacter sp. B11	2060312	S	2	0	2	0.0001650301
Tsuneonella amylolytica	2338327	S	2	0	2	0.0001650301
Paracoccus liaowanqingii	2560053	S	2	0	2	0.0001650301
Paracoccus denitrificans	266	S	2	0	2	0.0001650301
Leisingera aquaemixtae	1396826	S	2	0	2	0.0001650301
Roseobacter litoralis	42443	S	2	0	2	0.0001650301
Pseudohalocynthiibacter aestuariivivens	1591409	S	2	0	2	0.0001650301
Pseudorhodobacter turbinis	2500533	S	2	0	2	0.0001650301
Celeribacter manganoxidans	1411902	S	2	0	2	0.0001650301
Pseudooceanicola algae	1537215	S	2	0	2	0.0001650301
Profundibacter amoris	2171755	S	2	0	2	0.0001650301
Brevundimonas sp. M20	2591463	S	2	0	2	0.0001650301
Caulobacter vibrioides	155892	S	2	0	2	0.0001650301
Caulobacter flavus	1679497	S	2	0	2	0.0001650301
Caulobacter rhizosphaerae	2010972	S	2	0	2	0.0001650301
Phenylobacterium parvum	2201350	S	2	0	2	0.0001650301
Terricaulis silvestris	2686094	S	2	0	2	0.0001650301
Magnetospirillum sp. ME-1	1639348	S	2	0	2	0.0001650301
Acidibrevibacterium fodinaquatile	1969806	S	2	0	2	0.0001650301
Rickettsia endosymbiont of Ixodes pacificus	1133329	S	2	0	2	0.0001650301
Candidatus Puniceispirillum marinum	767892	S	2	0	2	0.0001650301
Candidatus Nucleicultrix amoebiphila	1509244	S	2	0	2	0.0001650301
Myxococcus stipitatus	83455	S	2	0	2	0.0001650301
Archangium violaceum	83451	S	2	0	2	0.0001650301
Anaeromyxobacter sp. Fw109-5	404589	S	1	1	2	0.0001650301
Vulgatibacter incomptus	1391653	S	2	0	2	0.0001650301
Desulfovibrio carbinoliphilus	345370	S	2	0	2	0.0001650301
Pseudodesulfovibrio piezophilus	879567	S	2	0	2	0.0001650301
Geobacter sp. M18	443143	S	2	0	2	0.0001650301
Geobacter bemidjiensis	225194	S	1	1	2	0.0001650301
Campylobacter armoricus	2505970	S	2	0	2	0.0001650301
Campylobacter blaseri	2042961	S	2	0	2	0.0001650301
Helicobacter pylori	210	S	2	0	2	0.0001650301
Mariprofundus aestuarium	1921086	S	2	0	2	0.0001650301
Microlunatus phosphovorus	29405	S	2	0	2	0.0001650301
Brevilactibacter sp. MC1595	2819349	S	2	0	2	0.0001650301
Pseudopropionibacterium propionicum	1750	S	2	0	2	0.0001650301
Nocardioides sp. dk884	2662361	S	1	1	2	0.0001650301
Nocardioides mesophilus	433659	S	2	0	2	0.0001650301
Nocardioides humi	449461	S	2	0	2	0.0001650301
Nocardioides cynanchi	2558918	S	2	0	2	0.0001650301
Marmoricola scoriae	642780	S	2	0	2	0.0001650301
Kribbella qitaiheensis	1544730	S	2	0	2	0.0001650301
Rhodococcus sp. P-2	2795031	S	2	0	2	0.0001650301
Rhodococcus ruber	1830	S	2	0	2	0.0001650301
Rhodococcus triatomae	300028	S	2	0	2	0.0001650301
Nocardia brasiliensis	37326	S	2	0	2	0.0001650301
Nocardia nova	37330	S	2	0	2	0.0001650301
Mycolicibacterium mageritense	53462	S	2	0	2	0.0001650301
Mycobacterium heidelbergense	53376	S	2	0	2	0.0001650301
Mycobacterium parmense	185642	S	2	0	2	0.0001650301
Mycobacterium stomatepiae	470076	S	2	0	2	0.0001650301
Mycobacterium sp. JS623	212767	S	2	0	2	0.0001650301
Mycobacteroides salmoniphilum	404941	S	2	0	2	0.0001650301
Corynebacterium sp. FDAARGOS 1242	2778078	S	1	1	2	0.0001650301
Corynebacterium striatum	43770	S	2	0	2	0.0001650301
Corynebacterium diphtheriae	1717	S	2	0	2	0.0001650301
Corynebacterium sanguinis	2594913	S	2	0	2	0.0001650301
Corynebacterium flavescens	28028	S	2	0	2	0.0001650301
Corynebacterium marinum	349751	S	2	0	2	0.0001650301
Gordonia sp. JH63	2698900	S	1	1	2	0.0001650301
Tsukamurella paurometabola	2061	S	2	0	2	0.0001650301
Dietzia lutea	546160	S	2	0	2	0.0001650301
Microbacterium sp. 1S1	2606451	S	1	1	2	0.0001650301
Microbacterium aurum	36805	S	2	0	2	0.0001650301
Microbacterium lushaniae	2614639	S	2	0	2	0.0001650301
Microbacterium sediminis	904291	S	2	0	2	0.0001650301
Microbacterium pygmaeum	370764	S	2	0	2	0.0001650301
Microbacterium oleivorans	273677	S	2	0	2	0.0001650301
Microbacterium testaceum	2033	S	2	0	2	0.0001650301
Leucobacter viscericola	2714935	S	2	0	2	0.0001650301
Candidatus Aquiluna sp. 15G-AUS-rot	2499157	S	2	0	2	0.0001650301
Leifsonia sp. 21MFCrub1.1	1798223	S	2	0	2	0.0001650301
Agromyces aureus	453304	S	2	0	2	0.0001650301
Agromyces sp. LHK192	2498704	S	2	0	2	0.0001650301
Salinibacterium sp. ZJ70	2708084	S	2	0	2	0.0001650301
Arthrobacter dokdonellae	2211210	S	2	0	2	0.0001650301
Rothia aeria	172042	S	2	0	2	0.0001650301
Renibacterium salmoninarum	1646	S	2	0	2	0.0001650301
Janibacter melonis	262209	S	2	0	2	0.0001650301
Brevibacterium sp. CS2	2575923	S	2	0	2	0.0001650301
Brevibacterium casei	33889	S	2	0	2	0.0001650301
Cellulomonas sp. PSBB021	2003551	S	2	0	2	0.0001650301
Streptomyces sp. NHF165	2175864	S	2	0	2	0.0001650301
Streptomyces sp. WAC 01438	2203204	S	2	0	2	0.0001650301
Streptomyces sp. CRXT-Y-14	2768069	S	2	0	2	0.0001650301
Streptomyces sp. CCM_MD2014	1561022	S	1	1	2	0.0001650301
Streptomyces alboniger	132473	S	2	0	2	0.0001650301
Streptomyces seoulensis	73044	S	2	0	2	0.0001650301
Streptomyces griseorubiginosus	67304	S	2	0	2	0.0001650301
Streptomyces tsukubensis	83656	S	2	0	2	0.0001650301
Streptomyces alfalfae	1642299	S	1	1	2	0.0001650301
Streptomyces griseofuscus	146922	S	1	1	2	0.0001650301
Kitasatospora sp. MMS16-BH015	2018025	S	2	0	2	0.0001650301
Pseudonocardia sp. HH130630-07	1690815	S	2	0	2	0.0001650301
Amycolatopsis keratiniphila	129921	S	2	0	2	0.0001650301
Amycolatopsis albispora	1804986	S	2	0	2	0.0001650301
Saccharothrix syringae	103733	S	1	1	2	0.0001650301
Actinomyces sp. oral taxon 171	706438	S	2	0	2	0.0001650301
Schaalia sp. ZJ405	2709403	S	2	0	2	0.0001650301
Micromonospora tulbaghiae	479978	S	2	0	2	0.0001650301
Micromonospora auratinigra	261654	S	2	0	2	0.0001650301
Micromonospora siamensis	299152	S	2	0	2	0.0001650301
Actinoplanes sp. N902-109	649831	S	2	0	2	0.0001650301
Phytohabitans suffuscus	624315	S	2	0	2	0.0001650301
Thermobispora bispora	2006	S	2	0	2	0.0001650301
Actinomadura verrucosospora	46165	S	2	0	2	0.0001650301
Bifidobacterium imperatoris	2020965	S	1	1	2	0.0001650301
Nakamurella multipartita	53461	S	2	0	2	0.0001650301
Actinomarinicola tropica	2789776	S	2	0	2	0.0001650301
Ilumatobacter coccineus	467094	S	2	0	2	0.0001650301
Streptococcus sp. oral taxon 061	712623	S	2	0	2	0.0001650301
Streptococcus salivarius	1304	S	2	0	2	0.0001650301
Streptococcus sanguinis	1305	S	2	0	2	0.0001650301
Streptococcus pneumoniae	1313	S	2	0	2	0.0001650301
Lactiplantibacillus pentosus	1589	S	2	0	2	0.0001650301
Companilactobacillus alimentarius	1602	S	2	0	2	0.0001650301
Bacillus cytotoxicus	580165	S	2	0	2	0.0001650301
Bacillus cellulosilyticus	1413	S	2	0	2	0.0001650301
Terribacillus goriensis	386490	S	2	0	2	0.0001650301
Staphylococcus saprophyticus	29385	S	2	0	2	0.0001650301
Paenibacillus bovis	1616788	S	2	0	2	0.0001650301
Sporosarcina pasteurii	1474	S	2	0	2	0.0001650301
Brochothrix thermosphacta	2756	S	2	0	2	0.0001650301
Exiguobacterium sp. Helios	2735868	S	2	0	2	0.0001650301
Clostridium gasigenes	94869	S	2	0	2	0.0001650301
Clostridium saccharobutylicum	169679	S	2	0	2	0.0001650301
Clostridium bornimense	1216932	S	2	0	2	0.0001650301
Clostridium scatologenes	1548	S	2	0	2	0.0001650301
Anaerobutyricum hallii	39488	S	1	1	2	0.0001650301
Acetivibrio clariflavus	288965	S	2	0	2	0.0001650301
Fastidiosipila sanguinis	236753	S	2	0	2	0.0001650301
Monoglobus pectinilyticus	1981510	S	2	0	2	0.0001650301
Pelosinus sp. UFO1	484770	S	2	0	2	0.0001650301
Erysipelothrix larvae	1514105	S	2	0	2	0.0001650301
Finegoldia magna	1260	S	2	0	2	0.0001650301
Anaerococcus prevotii	33034	S	2	0	2	0.0001650301
Oscillatoria acuminata	118323	S	2	0	2	0.0001650301
Moorea producens	1155739	S	2	0	2	0.0001650301
Gloeocapsa sp. PCC 7428	1173026	S	2	0	2	0.0001650301
Gloeothece citriformis	2546356	S	2	0	2	0.0001650301
Nostoc sp. C052	2576902	S	2	0	2	0.0001650301
Nostoc piscinale	224012	S	1	1	2	0.0001650301
Nostoc punctiforme	272131	S	1	1	2	0.0001650301
Nodularia spumigena	70799	S	1	1	2	0.0001650301
Fischerella sp. NIES-4106	2005456	S	2	0	2	0.0001650301
Prochlorococcus sp. MIT 0801	1501269	S	1	1	2	0.0001650301
Deinococcus deserti	310783	S	2	0	2	0.0001650301
Deinococcus swuensis	1182571	S	1	1	2	0.0001650301
Truepera radiovictrix	332249	S	2	0	2	0.0001650301
Mycoplasma sp. Mirounga ES2805-ORL	754514	S	2	0	2	0.0001650301
Mycoplasma sp. Mirounga ES2806-NAS	754516	S	2	0	2	0.0001650301
Acholeplasma axanthum	29552	S	2	0	2	0.0001650301
Flavobacterium sp. BB8	2816357	S	2	0	2	0.0001650301
Flavobacterium sp. KBS0721	1179672	S	1	1	2	0.0001650301
Polaribacter sp. Hel1_33_78	1336804	S	2	0	2	0.0001650301
Capnocytophaga sp. oral taxon 878	1316596	S	1	1	2	0.0001650301
Winogradskyella sediminis	1382466	S	2	0	2	0.0001650301
Winogradskyella schleiferi	2686078	S	2	0	2	0.0001650301
Gramella echinicola	279359	S	2	0	2	0.0001650301
Nonlabens dokdonensis	328515	S	1	1	2	0.0001650301
Tamlana sp. s12	1630406	S	2	0	2	0.0001650301
Galbibacter sp. BG1	1170699	S	2	0	2	0.0001650301
Zobellia galactanivorans	63186	S	2	0	2	0.0001650301
Kordia antarctica	1218801	S	1	1	2	0.0001650301
Aquimarina sp. AD1	1714848	S	2	0	2	0.0001650301
Olleya sp. Bg11-27	2058135	S	1	1	2	0.0001650301
Psychroserpens sp. NJDZ02	2570561	S	1	1	2	0.0001650301
Chryseobacterium camelliae	1265445	S	2	0	2	0.0001650301
Chryseobacterium gallinarum	1324352	S	2	0	2	0.0001650301
Chryseobacterium manosquense	2754694	S	1	1	2	0.0001650301
Elizabethkingia meningoseptica	238	S	2	0	2	0.0001650301
Elizabethkingia sp. JS20170427COW	2583851	S	2	0	2	0.0001650301
Cruoricaptor ignavus	1118202	S	2	0	2	0.0001650301
Candidatus Sulcia muelleri	336810	S	2	0	2	0.0001650301
Spirosoma sp. KCTC 42546	2520506	S	2	0	2	0.0001650301
Spirosoma montaniterrae	1178516	S	2	0	2	0.0001650301
Spirosoma aureum	2692134	S	2	0	2	0.0001650301
Runella sp. HYN0085	2259595	S	2	0	2	0.0001650301
Hymenobacter sp. APR13	1356852	S	2	0	2	0.0001650301
Hymenobacter sp. PAMC 26628	1484118	S	2	0	2	0.0001650301
Hymenobacter sp. S2-20-2	2761579	S	2	0	2	0.0001650301
Hymenobacter sedentarius	1411621	S	2	0	2	0.0001650301
Hymenobacter swuensis	1446467	S	2	0	2	0.0001650301
Hymenobacter nivis	1850093	S	2	0	2	0.0001650301
Hymenobacter baengnokdamensis	2615203	S	2	0	2	0.0001650301
Pontibacter korlensis	400092	S	2	0	2	0.0001650301
Pontibacter pudoricolor	2694930	S	2	0	2	0.0001650301
Adhaeribacter swui	2086471	S	2	0	2	0.0001650301
Belliella baltica	232259	S	2	0	2	0.0001650301
Bernardetia litoralis	999	S	2	0	2	0.0001650301
Marivirga tractuosa	1006	S	2	0	2	0.0001650301
Pedobacter heparinus	984	S	2	0	2	0.0001650301
Pedobacter cryoconitis	188932	S	2	0	2	0.0001650301
Pedobacter ginsengisoli	363852	S	2	0	2	0.0001650301
Mucilaginibacter paludis	423351	S	2	0	2	0.0001650301
Solitalea canadensis	995	S	2	0	2	0.0001650301
Arachidicoccus sp. B3-10	2545455	S	2	0	2	0.0001650301
Prevotella sp. oral taxon 299	652716	S	2	0	2	0.0001650301
Salinivirga cyanobacteriivorans	1307839	S	2	0	2	0.0001650301
Rhodothermus marinus	29549	S	2	0	2	0.0001650301
Ignavibacterium album	591197	S	2	0	2	0.0001650301
Gemmatirosa kalamazoonesis	861299	S	2	0	2	0.0001650301
Tuwongella immobilis	692036	S	2	0	2	0.0001650301
Roseimaritima ulvae	980254	S	2	0	2	0.0001650301
Mariniblastus fucicola	980251	S	2	0	2	0.0001650301
Maioricimonas rarisocia	2528026	S	2	0	2	0.0001650301
Caulifigura coniformis	2527983	S	2	0	2	0.0001650301
Symmachiella dynata	2527995	S	2	0	2	0.0001650301
Thalassoglobus polymorphus	2527994	S	2	0	2	0.0001650301
Singulisphaera acidiphila	466153	S	2	0	2	0.0001650301
Aquisphaera giovannonii	406548	S	2	0	2	0.0001650301
Verrucomicrobium spinosum	2736	S	2	0	2	0.0001650301
Akkermansia glycaniphila	1679444	S	2	0	2	0.0001650301
Nibricoccus aquaticus	2576891	S	2	0	2	0.0001650301
Chlamydia pecorum	85991	S	1	1	2	0.0001650301
Borrelia crocidurae	29520	S	2	0	2	0.0001650301
Turneriella parva	29510	S	2	0	2	0.0001650301
Brachyspira pilosicoli	52584	S	2	0	2	0.0001650301
Brachyspira murdochii	84378	S	2	0	2	0.0001650301
Candidatus Koribacter versatilis	658062	S	2	0	2	0.0001650301
Paludibaculum fermentans	1473598	S	2	0	2	0.0001650301
Fusobacterium ulcerans	861	S	2	0	2	0.0001650301
Aquifex aeolicus	63363	S	2	0	2	0.0001650301
Candidatus Nitrospira inopinata	1715989	S	2	0	2	0.0001650301
Halobonum sp. NJ-3-1	2743089	S	2	0	2	0.0001650301
Methanobrevibacter smithii	2173	S	2	0	2	0.0001650301
Flavobacterium phage vB_FspS_hattifnatt9-1	2686246	S	2	0	2	0.0001650301
Streptococcus virus DT1	90410	S	1	1	2	0.0001650301
Orpheovirus IHUMI-LCC2	2023057	S	2	0	2	0.0001650301
Acinetobacter lactucae	1785128	S	1	0	1	0.0000825151
Acinetobacter sp. WCHAc010052	2004647	S	1	0	1	0.0000825151
Acinetobacter sp. TGL-Y2	1407071	S	1	0	1	0.0000825151
Acinetobacter sp. WCHAc010034	1879049	S	1	0	1	0.0000825151
Acinetobacter sp. LoGeW2-3	1808001	S	1	0	1	0.0000825151
Acinetobacter tandoii	202954	S	1	0	1	0.0000825151
Acinetobacter wanghuae	2662362	S	1	0	1	0.0000825151
Acinetobacter bereziniae	106648	S	1	0	1	0.0000825151
Acinetobacter dispersus	70348	S	1	0	1	0.0000825151
Moraxella nonliquefaciens	478	S	1	0	1	0.0000825151
Aquirhabdus parva	2283318	S	1	0	1	0.0000825151
Pseudomonas sp. ADAK22	2730851	S	1	0	1	0.0000825151
Pseudomonas sp. CC6-YY-74	1930532	S	1	0	1	0.0000825151
Pseudomonas sp. LG1E9	2219057	S	1	0	1	0.0000825151
Pseudomonas sp. ADAK13	2730847	S	1	0	1	0.0000825151
Pseudomonas sp. SCB32	2653853	S	1	0	1	0.0000825151
Pseudomonas sp. gcc21	2726989	S	1	0	1	0.0000825151
Pseudomonas sp. UW4	1207075	S	1	0	1	0.0000825151
Pseudomonas sp. BIGb0427	2724470	S	1	0	1	0.0000825151
Pseudomonas sp. 31-12	2201356	S	1	0	1	0.0000825151
Pseudomonas sp. R32	1573704	S	1	0	1	0.0000825151
Pseudomonas sp. C27(2019)	2604941	S	1	0	1	0.0000825151
Pseudomonas sp. 02C 26	2054914	S	1	0	1	0.0000825151
Pseudomonas sp. PDNC002	2811422	S	1	0	1	0.0000825151
Pseudomonas protegens	380021	S	1	0	1	0.0000825151
Pseudomonas trivialis	200450	S	1	0	1	0.0000825151
Pseudomonas oryzihabitans	47885	S	1	0	1	0.0000825151
Pseudomonas mosselii	78327	S	1	0	1	0.0000825151
Pseudomonas viridiflava	33069	S	1	0	1	0.0000825151
Pseudomonas rhizosphaerae	216142	S	1	0	1	0.0000825151
Pseudomonas psychrotolerans	237610	S	1	0	1	0.0000825151
Pseudomonas entomophila	312306	S	1	0	1	0.0000825151
Pseudomonas oryzae	1392877	S	1	0	1	0.0000825151
Pseudomonas yamanorum	515393	S	1	0	1	0.0000825151
Pseudomonas psychrophila	122355	S	1	0	1	0.0000825151
Pseudomonas sihuiensis	1274359	S	1	0	1	0.0000825151
Pseudomonas guangdongensis	1245526	S	1	0	1	0.0000825151
Pseudomonas prosekii	1148509	S	1	0	1	0.0000825151
Oblitimonas alkaliphila	1697053	S	1	0	1	0.0000825151
Entomomonas sp. F2A	2785331	S	1	0	1	0.0000825151
Klebsiella quasivariicola	2026240	S	1	0	1	0.0000825151
Enterobacter cloacae	550	S	1	0	1	0.0000825151
Enterobacter hormaechei	158836	S	1	0	1	0.0000825151
Enterobacter sp. RHBSTW-00175	2742639	S	1	0	1	0.0000825151
Enterobacteriaceae endosymbiont of Donacia cincticornis	2675773	S	1	0	1	0.0000825151
Enterobacteriaceae endosymbiont of Donacia cinerea	2675774	S	1	0	1	0.0000825151
Enterobacteriaceae endosymbiont of Plateumaris consimilis	2675794	S	1	0	1	0.0000825151
Raoultella planticola	575	S	1	0	1	0.0000825151
Cedecea neteri	158822	S	1	0	1	0.0000825151
Cedecea lapagei	158823	S	1	0	1	0.0000825151
Leclercia adecarboxylata	83655	S	1	0	1	0.0000825151
Leclercia sp. J807	2681307	S	1	0	1	0.0000825151
Scandinavium goeteborgense	1851514	S	1	0	1	0.0000825151
Buttiauxella agrestis	82977	S	1	0	1	0.0000825151
Candidatus Tachikawaea gelatinosa	1410383	S	1	0	1	0.0000825151
[Enterobacter] lignolyticus	1334193	S	1	0	1	0.0000825151
Pantoea sp. At-9b	592316	S	1	0	1	0.0000825151
Pantoea stewartii	66269	S	1	0	1	0.0000825151
Erwinia amylovora	552	S	1	0	1	0.0000825151
Candidatus Erwinia haradaeae	1922217	S	1	0	1	0.0000825151
Mixta theicola	1458355	S	1	0	1	0.0000825151
Serratia rubidaea	61652	S	1	0	1	0.0000825151
Yersinia ruckeri	29486	S	1	0	1	0.0000825151
Gibbsiella quercinecans	929813	S	1	0	1	0.0000825151
Pectobacterium brasiliense	180957	S	1	0	1	0.0000825151
Pectobacterium polaris	2042057	S	1	0	1	0.0000825151
Providencia sneebia	516075	S	1	0	1	0.0000825151
Proteus mirabilis	584	S	1	0	1	0.0000825151
Xenorhabdus bovienii	40576	S	1	0	1	0.0000825151
Arsenophonus endosymbiont of Aleurodicus dispersus	235559	S	1	0	1	0.0000825151
Vibrio parahaemolyticus	670	S	1	0	1	0.0000825151
Vibrio diabolicus	50719	S	1	0	1	0.0000825151
Vibrio sp. SM1977	2662262	S	1	0	1	0.0000825151
Vibrio sp. EJY3	1116375	S	1	0	1	0.0000825151
Vibrio sp. Scap24	2589990	S	1	0	1	0.0000825151
Vibrio nigripulchritudo	28173	S	1	0	1	0.0000825151
Vibrio alfacsensis	1074311	S	1	0	1	0.0000825151
Vibrio metoecus	1481663	S	1	0	1	0.0000825151
Vibrio zhugei	2479546	S	1	0	1	0.0000825151
Vibrio navarrensis	29495	S	1	0	1	0.0000825151
Paraphotobacterium marinum	1755811	S	1	0	1	0.0000825151
Xanthomonas fragariae	48664	S	1	0	1	0.0000825151
Lysobacter sp. HDW10	2714936	S	1	0	1	0.0000825151
Lysobacter oculi	2698682	S	1	0	1	0.0000825151
Stenotrophomonas sp. SAU14A_NAIMI4_5	2072413	S	1	0	1	0.0000825151
Thermomonas sp. HDW16	2714945	S	1	0	1	0.0000825151
Thermomonas sp. XSG	2771436	S	1	0	1	0.0000825151
Arenimonas daejeonensis	370777	S	1	0	1	0.0000825151
Pseudolysobacter antarcticus	2511995	S	1	0	1	0.0000825151
Rhodanobacter glycinis	582702	S	1	0	1	0.0000825151
Rhodanobacter sp. FDAARGOS 1247	2778082	S	1	0	1	0.0000825151
Aerosticca soli	2010829	S	1	0	1	0.0000825151
Mannheimia haemolytica	75985	S	1	0	1	0.0000825151
Actinobacillus pleuropneumoniae	715	S	1	0	1	0.0000825151
Actinobacillus equuli	718	S	1	0	1	0.0000825151
Rodentibacter heylii	1906744	S	1	0	1	0.0000825151
Histophilus somni	731	S	1	0	1	0.0000825151
Frederiksenia canicola	123824	S	1	0	1	0.0000825151
Otariodibacter oris	1032623	S	1	0	1	0.0000825151
Halomonas sp. SH5A2	2749040	S	1	0	1	0.0000825151
Halomonas sp. MCCC 1A13718	2733488	S	1	0	1	0.0000825151
Halomonas sp. MCCC 1A13316	2733487	S	1	0	1	0.0000825151
Halomonas sp. 1513	1883416	S	1	0	1	0.0000825151
Halomonas subglaciescola	29571	S	1	0	1	0.0000825151
Halomonas huangheensis	1178482	S	1	0	1	0.0000825151
Halomonas socia	1081866	S	1	0	1	0.0000825151
Halotalea alkalilenta	376489	S	1	0	1	0.0000825151
Marinomonas primoryensis	178399	S	1	0	1	0.0000825151
Marinomonas algicola	2773454	S	1	0	1	0.0000825151
Marinobacterium georgiense	48076	S	1	0	1	0.0000825151
Neptunomonas japonica	417574	S	1	0	1	0.0000825151
Bermanella marisrubri	207949	S	1	0	1	0.0000825151
Oleiphilus messinensis	141451	S	1	0	1	0.0000825151
Endozoicomonas montiporae	1027273	S	1	0	1	0.0000825151
Pseudoalteromonas sp. SM1988	2744479	S	1	0	1	0.0000825151
Pseudoalteromonas rubra	43658	S	1	0	1	0.0000825151
Pseudoalteromonas tunicata	314281	S	1	0	1	0.0000825151
Marinobacter sp. BSs20148	490759	S	1	0	1	0.0000825151
Marinobacter sp. es.042	1761794	S	1	0	1	0.0000825151
Glaciecola amylolytica	2489595	S	1	0	1	0.0000825151
Salinimonas lutimaris	914153	S	1	0	1	0.0000825151
Paraglaciecola sp. L3A3	2686358	S	1	0	1	0.0000825151
Colwellia sp. Arc7-D	2161872	S	1	0	1	0.0000825151
Psychromonas ingrahamii	357794	S	1	0	1	0.0000825151
Aeromonas veronii	654	S	1	0	1	0.0000825151
Thioalkalivibrio paradoxus	108010	S	1	0	1	0.0000825151
Spiribacter curvatus	1335757	S	1	0	1	0.0000825151
Candidatus Thiodictyon syntrophicum	1166950	S	1	0	1	0.0000825151
Thermochromatium tepidum	1050	S	1	0	1	0.0000825151
Thioflavicoccus mobilis	80679	S	1	0	1	0.0000825151
Candidatus Nitrosacidococcus tergens	553981	S	1	0	1	0.0000825151
Halothiobacillus neapolitanus	927	S	1	0	1	0.0000825151
Thiothrix sp. Ku-5	2735563	S	1	0	1	0.0000825151
Francisella salina	573569	S	1	0	1	0.0000825151
Francisella sp. FSC1006	1547445	S	1	0	1	0.0000825151
Halioglobus maricola	2601894	S	1	0	1	0.0000825151
Microbulbifer sp. YPW1	2745199	S	1	0	1	0.0000825151
Legionella jordanis	456	S	1	0	1	0.0000825151
Legionella lansingensis	45067	S	1	0	1	0.0000825151
Legionella sainthelensi	28087	S	1	0	1	0.0000825151
Legionella geestiana	45065	S	1	0	1	0.0000825151
Methylococcus sp. EFPC2	2812648	S	1	0	1	0.0000825151
Methylomonas sp. LL1	2785785	S	1	0	1	0.0000825151
Methylomicrobium album	39775	S	1	0	1	0.0000825151
Candidatus Ruthia magnifica	386487	S	1	0	1	0.0000825151
Pseudohongiella spirulinae	1249552	S	1	0	1	0.0000825151
Frischella perrara	1267021	S	1	0	1	0.0000825151
Sulfuricaulis limicola	1620215	S	1	0	1	0.0000825151
Comamonas kerstersii	225992	S	1	0	1	0.0000825151
Janthinobacterium sp. 17J80-10	2497863	S	1	0	1	0.0000825151
Massilia sp. NR 4-1	1678028	S	1	0	1	0.0000825151
Massilia sp. WG5	1707785	S	1	0	1	0.0000825151
Massilia sp. LPB0304	2769491	S	1	0	1	0.0000825151
Massilia violaceinigra	2045208	S	1	0	1	0.0000825151
Herbaspirillum robiniae	2014887	S	1	0	1	0.0000825151
Oxalobacter formigenes	847	S	1	0	1	0.0000825151
Polynucleobacter acidiphobus	556053	S	1	0	1	0.0000825151
Polynucleobacter asymbioticus	576611	S	1	0	1	0.0000825151
Polynucleobacter paneuropaeus	2527775	S	1	0	1	0.0000825151
Burkholderia ambifaria	152480	S	1	0	1	0.0000825151
Burkholderia anthina	179879	S	1	0	1	0.0000825151
Burkholderia sp. MS389	2811789	S	1	0	1	0.0000825151
Burkholderia sp. KK1	1855726	S	1	0	1	0.0000825151
Burkholderia sp. Bp7605	1740163	S	1	0	1	0.0000825151
Burkholderia sp. YI23	1097668	S	1	0	1	0.0000825151
Burkholderia glumae	337	S	1	0	1	0.0000825151
Paraburkholderia sp. Msb3	2604047	S	1	0	1	0.0000825151
Paraburkholderia sp. PGU16	2735433	S	1	0	1	0.0000825151
Paraburkholderia tropica	92647	S	1	0	1	0.0000825151
Paraburkholderia fungorum	134537	S	1	0	1	0.0000825151
Paraburkholderia terricola	169427	S	1	0	1	0.0000825151
Paraburkholderia hospita	169430	S	1	0	1	0.0000825151
Paraburkholderia acidiphila	2571747	S	1	0	1	0.0000825151
Paraburkholderia megapolitana	420953	S	1	0	1	0.0000825151
Pandoraea pnomenusa	93220	S	1	0	1	0.0000825151
Pandoraea pulmonicola	93221	S	1	0	1	0.0000825151
Achromobacter sp. B7	2282475	S	1	0	1	0.0000825151
Achromobacter denitrificans	32002	S	1	0	1	0.0000825151
Achromobacter deleyi	1353891	S	1	0	1	0.0000825151
Bordetella flabilis	463014	S	1	0	1	0.0000825151
Bordetella bronchialis	463025	S	1	0	1	0.0000825151
Bordetella pseudohinzii	1331258	S	1	0	1	0.0000825151
Alcaligenes faecalis	511	S	1	0	1	0.0000825151
Taylorella equigenitalis	29575	S	1	0	1	0.0000825151
Pelistega ratti	2652177	S	1	0	1	0.0000825151
Kerstersia gyiorum	206506	S	1	0	1	0.0000825151
Neisseria sp. 10022	1853276	S	1	0	1	0.0000825151
Neisseria animaloris	326522	S	1	0	1	0.0000825151
Neisseria bacilliformis	267212	S	1	0	1	0.0000825151
Eikenella corrodens	539	S	1	0	1	0.0000825151
Eikenella exigua	2528037	S	1	0	1	0.0000825151
Crenobacter cavernae	2290923	S	1	0	1	0.0000825151
Chromobacterium haemolyticum	394935	S	1	0	1	0.0000825151
Jeongeupia sp. HS-3	1009682	S	1	0	1	0.0000825151
Aquaspirillum sp. LM1	1938604	S	1	0	1	0.0000825151
Chitinibacter sp. 2T18	2739434	S	1	0	1	0.0000825151
Deefgea sp. D17	2739061	S	1	0	1	0.0000825151
Aquitalea magnusonii	332411	S	1	0	1	0.0000825151
Aromatoleum petrolei	76116	S	1	0	1	0.0000825151
Azoarcus sp. CIB	198107	S	1	0	1	0.0000825151
Azoarcus communis	41977	S	1	0	1	0.0000825151
Thauera sp. K11	2005884	S	1	0	1	0.0000825151
Dechloromonas aromatica	259537	S	1	0	1	0.0000825151
Nitrosomonas eutropha	916	S	1	0	1	0.0000825151
Nitrosospira multiformis	1231	S	1	0	1	0.0000825151
Nitrosospira lacus	1288494	S	1	0	1	0.0000825151
Denitratisoma oestradiolicum	311182	S	1	0	1	0.0000825151
Sulfuritalea hydrogenivorans	748811	S	1	0	1	0.0000825151
Usitatibacter rugosus	2732067	S	1	0	1	0.0000825151
Methylophilus medardicus	2588534	S	1	0	1	0.0000825151
Methylobacillus flagellatus	405	S	1	0	1	0.0000825151
Sulfuriferula nivalis	2675298	S	1	0	1	0.0000825151
Sulfurimicrobium lacus	2715678	S	1	0	1	0.0000825151
Thiobacillus denitrificans	36861	S	1	0	1	0.0000825151
Sulfuritortus calidifontis	1914471	S	1	0	1	0.0000825151
Candidatus Kinetoplastibacterium galatii	994695	S	1	0	1	0.0000825151
Candidatus Kinetoplastibacterium sorsogonicusi	1576550	S	1	0	1	0.0000825151
Bradyrhizobium sp. CCBAU 51753	1325100	S	1	0	1	0.0000825151
Bradyrhizobium sp. CCBAU 53338	1325111	S	1	0	1	0.0000825151
Bradyrhizobium sp. ORS 285	115808	S	1	0	1	0.0000825151
Bradyrhizobium sp. 1(2017)	1404888	S	1	0	1	0.0000825151
Bradyrhizobium sp. ORS 278	114615	S	1	0	1	0.0000825151
Bradyrhizobium betae	244734	S	1	0	1	0.0000825151
Bradyrhizobium arachidis	858423	S	1	0	1	0.0000825151
Bradyrhizobium guangzhouense	1325095	S	1	0	1	0.0000825151
Variibacter gotjawalensis	1333996	S	1	0	1	0.0000825151
Rhizobium sp. ACO-34A	1571470	S	1	0	1	0.0000825151
Rhizobium sp. 11515TR	2028343	S	1	0	1	0.0000825151
Rhizobium bangladeshense	1138189	S	1	0	1	0.0000825151
Ensifer adhaerens	106592	S	1	0	1	0.0000825151
Ensifer sp. PDNC004	2811423	S	1	0	1	0.0000825151
Sinorhizobium sp. RAC02	1842534	S	1	0	1	0.0000825151
Methylobacterium aquaticum	270351	S	1	0	1	0.0000825151
Methylobacterium currus	2051553	S	1	0	1	0.0000825151
Methylobacterium terrae	2202827	S	1	0	1	0.0000825151
Microvirga ossetica	1882682	S	1	0	1	0.0000825151
Microvirga sp. VF16	2807101	S	1	0	1	0.0000825151
Mesorhizobium sp. DCY119	2108445	S	1	0	1	0.0000825151
Mesorhizobium sp. 8	2584466	S	1	0	1	0.0000825151
Mesorhizobium huakuii	28104	S	1	0	1	0.0000825151
Mesorhizobium australicum	536018	S	1	0	1	0.0000825151
Mesorhizobium opportunistum	593909	S	1	0	1	0.0000825151
Mesorhizobium oceanicum	1670800	S	1	0	1	0.0000825151
Aminobacter aminovorans	83263	S	1	0	1	0.0000825151
Phyllobacterium zundukense	1867719	S	1	0	1	0.0000825151
Chelativorans sp. BNC1	266779	S	1	0	1	0.0000825151
Salaquimonas pukyongi	2712698	S	1	0	1	0.0000825151
Devosia sp. LEGU1	2774137	S	1	0	1	0.0000825151
Devosia sp. G19	2801335	S	1	0	1	0.0000825151
Devosia ginsengisoli	400770	S	1	0	1	0.0000825151
Blastochloris viridis	1079	S	1	0	1	0.0000825151
Ancylobacter sp. TS-1	1850374	S	1	0	1	0.0000825151
Xanthobacter sp. YN2	2528964	S	1	0	1	0.0000825151
Labrys sp. KNU-23	2789216	S	1	0	1	0.0000825151
Methylosinus sp. C49	2699395	S	1	0	1	0.0000825151
Bartonella vinsonii	33047	S	1	0	1	0.0000825151
Bartonella australis	388640	S	1	0	1	0.0000825151
Martelella mediterranea	293089	S	1	0	1	0.0000825151
Chelatococcus daeguensis	444444	S	1	0	1	0.0000825151
Chelatococcus sp. CO-6	1702325	S	1	0	1	0.0000825151
Methylocella tundrae	227605	S	1	0	1	0.0000825151
Sphingomonas sp. AP4-R1	2735134	S	1	0	1	0.0000825151
Sphingomonas sp. CL5.1	2653203	S	1	0	1	0.0000825151
Sphingomonas sp. HDW15C	2714944	S	1	0	1	0.0000825151
Sphingomonas sp. LK11	1390395	S	1	0	1	0.0000825151
Sphingomonas sp. Cra20	1327635	S	1	0	1	0.0000825151
Sphingomonas sp. KC8	1030157	S	1	0	1	0.0000825151
Sphingomonas sediminicola	386874	S	1	0	1	0.0000825151
Sphingomonas xanthus	2594473	S	1	0	1	0.0000825151
Sphingopyxis sp. QXT-31	1357916	S	1	0	1	0.0000825151
Sphingopyxis sp. LPB0140	1913578	S	1	0	1	0.0000825151
Sphingopyxis alaskensis	117207	S	1	0	1	0.0000825151
Sphingobium sp. SCG-1	2072936	S	1	0	1	0.0000825151
Sphingobium sp. PAMC28499	2565554	S	1	0	1	0.0000825151
Sphingobium sp. KCTC 72723	2733867	S	1	0	1	0.0000825151
Sphingobium sp. Cam5-1	2789327	S	1	0	1	0.0000825151
Sphingobium herbicidovorans	76947	S	1	0	1	0.0000825151
Novosphingobium aromaticivorans	48935	S	1	0	1	0.0000825151
Novosphingobium resinovorum	158500	S	1	0	1	0.0000825151
Blastomonas sp. RAC04	1842535	S	1	0	1	0.0000825151
Zymomonas mobilis	542	S	1	0	1	0.0000825151
Erythrobacter sp. HL-111	1798193	S	1	0	1	0.0000825151
Erythrobacter sp. HKB08	2502843	S	1	0	1	0.0000825151
Porphyrobacter sp. LM 6	1896196	S	1	0	1	0.0000825151
Altererythrobacter atlanticus	1267766	S	1	0	1	0.0000825151
Qipengyuania flava	192812	S	1	0	1	0.0000825151
Tsuneonella dongtanensis	692370	S	1	0	1	0.0000825151
Croceicoccus marinus	450378	S	1	0	1	0.0000825151
Pelagerythrobacter marensis	543877	S	1	0	1	0.0000825151
Sphingosinicella sp. BN140058	1892855	S	1	0	1	0.0000825151
Sphingosinicella sp. UDD2	2771430	S	1	0	1	0.0000825151
Sandaracinobacter sp. M6	2759707	S	1	0	1	0.0000825151
Paracoccus sp. Arc7-R13	2500532	S	1	0	1	0.0000825151
Paracoccus sp. H4-D09	2812658	S	1	0	1	0.0000825151
Paracoccus zhejiangensis	1077935	S	1	0	1	0.0000825151
Sulfitobacter sp. SK012	1389005	S	1	0	1	0.0000825151
Sulfitobacter sp. SK025	1389011	S	1	0	1	0.0000825151
Rhodobacter capsulatus	1061	S	1	0	1	0.0000825151
Rhodobacter sp. LPB0142	1850250	S	1	0	1	0.0000825151
Octadecabacter arcticus	53946	S	1	0	1	0.0000825151
Leisingera methylohalidivorans	133924	S	1	0	1	0.0000825151
Boseongicola sp. CCM32	2552942	S	1	0	1	0.0000825151
Planktomarina temperata	1284658	S	1	0	1	0.0000825151
Confluentimicrobium sp. EMB200-NS6	1609966	S	1	0	1	0.0000825151
Thalassococcus sp. S3	2017482	S	1	0	1	0.0000825151
Haematobacter massiliensis	195105	S	1	0	1	0.0000825151
Epibacterium mobile	379347	S	1	0	1	0.0000825151
Dinoroseobacter shibae	215813	S	1	0	1	0.0000825151
Brevirhabdus pacifica	1267768	S	1	0	1	0.0000825151
Silicimonas algicola	1826607	S	1	0	1	0.0000825151
Salipiger profundus	1229727	S	1	0	1	0.0000825151
Yoonia vestfoldensis	245188	S	1	0	1	0.0000825151
Ruegeria pomeroyi	89184	S	1	0	1	0.0000825151
Rhodovulum sp. MB263	308754	S	1	0	1	0.0000825151
Brevundimonas sp. GW460-12-10-14-LB2	1827469	S	1	0	1	0.0000825151
Brevundimonas sp. MF30-B	2561924	S	1	0	1	0.0000825151
Brevundimonas sp. 'scallop'	2562582	S	1	0	1	0.0000825151
Brevundimonas sp. AJA228-03	2752515	S	1	0	1	0.0000825151
Brevundimonas sp. LVF1	2774189	S	1	0	1	0.0000825151
Brevundimonas naejangsanensis	588932	S	1	0	1	0.0000825151
Caulobacter mirabilis	69666	S	1	0	1	0.0000825151
Azospirillum sp. TSH100	652764	S	1	0	1	0.0000825151
Azospirillum sp. TSH58	664962	S	1	0	1	0.0000825151
Azospirillum ramasamyi	682998	S	1	0	1	0.0000825151
Azospirillum humicireducens	1226968	S	1	0	1	0.0000825151
Azospirillum thermophilum	2202148	S	1	0	1	0.0000825151
Magnetospirillum sp. XM-1	1663591	S	1	0	1	0.0000825151
Skermanella pratensis	2233999	S	1	0	1	0.0000825151
Ferrovibrio terrae	2594003	S	1	0	1	0.0000825151
Candidatus Endolissoclinum faulkneri	1263979	S	1	0	1	0.0000825151
Niveispirillum cyanobacteriorum	1612173	S	1	0	1	0.0000825151
Pararhodospirillum photometricum	1084	S	1	0	1	0.0000825151
Indioceanicola profundi	2220096	S	1	0	1	0.0000825151
Hypericibacter terrae	2602015	S	1	0	1	0.0000825151
Gluconobacter oxydans	442	S	1	0	1	0.0000825151
Acetobacter aceti	435	S	1	0	1	0.0000825151
Acetobacter sp. KACC 21233	2592655	S	1	0	1	0.0000825151
Entomobacter blattae	2762277	S	1	0	1	0.0000825151
Commensalibacter sp. AMU001	2478912	S	1	0	1	0.0000825151
Granulibacter bethesdensis	364410	S	1	0	1	0.0000825151
Asaia bogorensis	91915	S	1	0	1	0.0000825151
Ehrlichia canis	944	S	1	0	1	0.0000825151
Ehrlichia muris	35795	S	1	0	1	0.0000825151
Ehrlichia sp. HF	391036	S	1	0	1	0.0000825151
Wolbachia endosymbiont of Ctenocephalides felis wCfeT	2732593	S	1	0	1	0.0000825151
Wolbachia endosymbiont of Folsomia candida	169402	S	1	0	1	0.0000825151
Rickettsia parkeri	35792	S	1	0	1	0.0000825151
Rickettsia endosymbiont of Ixodes scapularis	444612	S	1	0	1	0.0000825151
Rickettsia conorii	781	S	1	0	1	0.0000825151
Rickettsia prowazekii	782	S	1	0	1	0.0000825151
Orientia tsutsugamushi	784	S	1	0	1	0.0000825151
Rickettsiales endosymbiont of Stachyamoeba lipophora	2486578	S	1	0	1	0.0000825151
Hyphomonas sp. Mor2	1906738	S	1	0	1	0.0000825151
Hyphomonas sp. KY3	2016196	S	1	0	1	0.0000825151
Hyphobacterium sp. CCMP332	2749086	S	1	0	1	0.0000825151
Sandaracinus amylolyticus	927083	S	1	0	1	0.0000825151
Myxococcus hansupus	1297742	S	1	0	1	0.0000825151
Pyxidicoccus sp. SCPEA002	2813578	S	1	0	1	0.0000825151
Archangium gephyra	48	S	1	0	1	0.0000825151
Stigmatella aurantiaca	41	S	1	0	1	0.0000825151
Haliangium ochraceum	80816	S	1	0	1	0.0000825151
Desulfovibrio sp. IOR2	2583823	S	1	0	1	0.0000825151
Desulfovibrio sp. 86	2666132	S	1	0	1	0.0000825151
Desulfovibrio fairfieldensis	44742	S	1	0	1	0.0000825151
Pseudodesulfovibrio cashew	2678688	S	1	0	1	0.0000825151
Desulfolutivibrio sulfoxidireducens	2773299	S	1	0	1	0.0000825151
Geobacter bremensis	60035	S	1	0	1	0.0000825151
Syntrophotalea acetylenica	29542	S	1	0	1	0.0000825151
Desulfococcus oleovorans	181663	S	1	0	1	0.0000825151
Desulfopila sp. IMCC35005	2569541	S	1	0	1	0.0000825151
Bradymonas sediminis	1548548	S	1	0	1	0.0000825151
Desulfarculus baarsii	453230	S	1	0	1	0.0000825151
Campylobacter sp. 2014D-0216	1813595	S	1	0	1	0.0000825151
Campylobacter concisus	199	S	1	0	1	0.0000825151
Campylobacter cuniculorum	374106	S	1	0	1	0.0000825151
Campylobacter coli	195	S	1	0	1	0.0000825151
Campylobacter hominis	76517	S	1	0	1	0.0000825151
Campylobacter showae	204	S	1	0	1	0.0000825151
Campylobacter corcagiensis	1448857	S	1	0	1	0.0000825151
Campylobacter iguaniorum	1244531	S	1	0	1	0.0000825151
Campylobacter volucris	1031542	S	1	0	1	0.0000825151
Aliarcobacter lanthieri	1355374	S	1	0	1	0.0000825151
Arcobacter cloacae	1054034	S	1	0	1	0.0000825151
Malaciobacter canalis	1912871	S	1	0	1	0.0000825151
Poseidonibacter lekithochrous	1904463	S	1	0	1	0.0000825151
Sulfurospirillum deleyianum	65553	S	1	0	1	0.0000825151
Sulfurospirillum multivorans	66821	S	1	0	1	0.0000825151
Helicobacter himalayensis	1591088	S	1	0	1	0.0000825151
Helicobacter mustelae	217	S	1	0	1	0.0000825151
Helicobacter suis	104628	S	1	0	1	0.0000825151
Sulfurimonas denitrificans	39766	S	1	0	1	0.0000825151
Sulfurimonas autotrophica	202747	S	1	0	1	0.0000825151
Sulfurimonas paralvinellae	317658	S	1	0	1	0.0000825151
Candidatus Sulfurimonas baltica	2740404	S	1	0	1	0.0000825151
Hydrogenimonas urashimensis	2740515	S	1	0	1	0.0000825151
Nitrosophilus alvini	2714855	S	1	0	1	0.0000825151
Bdellovibrio sp. ZAP7	2231053	S	1	0	1	0.0000825151
Bdellovibrio exovorus	453816	S	1	0	1	0.0000825151
Halobacteriovorax sp. BALOs_7	2109558	S	1	0	1	0.0000825151
Bacteriovorax stolpii	960	S	1	0	1	0.0000825151
Propionimicrobium sp. Marseille-P3275	1871034	S	1	0	1	0.0000825151
Raineyella sp. CBA3103	2662261	S	1	0	1	0.0000825151
Nocardioides sp. zg-1228	2763008	S	1	0	1	0.0000825151
Nocardioides sp. 603	2483798	S	1	0	1	0.0000825151
Nocardioides sp. WS12	2486272	S	1	0	1	0.0000825151
Nocardioides sp. HY056	2500546	S	1	0	1	0.0000825151
Nocardioides sp. S-1144	2582905	S	1	0	1	0.0000825151
Nocardioides sp. zg-579	2663857	S	1	0	1	0.0000825151
Nocardioides dokdonensis	450734	S	1	0	1	0.0000825151
Nocardioides houyundeii	2045452	S	1	0	1	0.0000825151
Aeromicrobium marinum	219314	S	1	0	1	0.0000825151
Kribbella flavida	182640	S	1	0	1	0.0000825151
Actinopolymorpha singaporensis	117157	S	1	0	1	0.0000825151
Rhodococcus sp. ABRD24	2507582	S	1	0	1	0.0000825151
Rhodococcus sp. SGAir0479	2567884	S	1	0	1	0.0000825151
Rhodococcus sp. PBTS 2	1653479	S	1	0	1	0.0000825151
Rhodococcus fascians	1828	S	1	0	1	0.0000825151
Rhodococcus opacus	37919	S	1	0	1	0.0000825151
Nocardia seriolae	37332	S	1	0	1	0.0000825151
Nocardia sp. CS682	1047172	S	1	0	1	0.0000825151
Mycolicibacterium sp. LJ126	2761578	S	1	0	1	0.0000825151
Mycolicibacterium celeriflavum	1249101	S	1	0	1	0.0000825151
Mycolicibacterium insubricum	444597	S	1	0	1	0.0000825151
Mycolicibacterium boenickei	146017	S	1	0	1	0.0000825151
Mycolicibacterium goodii	134601	S	1	0	1	0.0000825151
Mycolicibacterium hassiacum	46351	S	1	0	1	0.0000825151
Mycolicibacterium phlei	1771	S	1	0	1	0.0000825151
Mycolicibacterium gadium	1794	S	1	0	1	0.0000825151
Mycolicibacterium chitae	1792	S	1	0	1	0.0000825151
Mycolicibacterium aurum	1791	S	1	0	1	0.0000825151
Mycobacterium shigaense	722731	S	1	0	1	0.0000825151
Mycobacterium sp. YC-RL4	1682113	S	1	0	1	0.0000825151
Mycobacterium sp. MS1601	1936029	S	1	0	1	0.0000825151
Mycobacterium shottsii	133549	S	1	0	1	0.0000825151
Mycobacterium paragordonae	1389713	S	1	0	1	0.0000825151
Mycobacterium dioxanotrophicus	482462	S	1	0	1	0.0000825151
Mycobacterium kansasii	1768	S	1	0	1	0.0000825151
Mycobacterium heckeshornense	110505	S	1	0	1	0.0000825151
Mycobacterium xenopi	1789	S	1	0	1	0.0000825151
Mycolicibacillus koreensis	1069220	S	1	0	1	0.0000825151
Corynebacterium sp. 2039	2675219	S	1	0	1	0.0000825151
Corynebacterium bovis	36808	S	1	0	1	0.0000825151
Corynebacterium argentoratense	42817	S	1	0	1	0.0000825151
Corynebacterium glucuronolyticum	39791	S	1	0	1	0.0000825151
Corynebacterium mycetoides	38302	S	1	0	1	0.0000825151
Corynebacterium glyciniphilum	1404244	S	1	0	1	0.0000825151
Corynebacterium jeikeium	38289	S	1	0	1	0.0000825151
Corynebacterium aurimucosum	169292	S	1	0	1	0.0000825151
Corynebacterium efficiens	152794	S	1	0	1	0.0000825151
Corynebacterium variabile	1727	S	1	0	1	0.0000825151
Corynebacterium anserum	2684406	S	1	0	1	0.0000825151
Corynebacterium humireducens	1223514	S	1	0	1	0.0000825151
Gordonia sp. KTR9	337191	S	1	0	1	0.0000825151
Gordonia sp. PDNC005	2811424	S	1	0	1	0.0000825151
Gordonia rubripertincta	36822	S	1	0	1	0.0000825151
Dietzia timorensis	499555	S	1	0	1	0.0000825151
Tomitella sp. HY188	2597660	S	1	0	1	0.0000825151
Tomitella sp. HY172	2760083	S	1	0	1	0.0000825151
Lawsonella clevelandensis	1528099	S	1	0	1	0.0000825151
Microbacterium sp. CBA3102	2603598	S	1	0	1	0.0000825151
Microbacterium sp. 4R-513	2567934	S	1	0	1	0.0000825151
Microbacterium sp. RG1	2489212	S	1	0	1	0.0000825151
Microbacterium sp. XT11	367477	S	1	0	1	0.0000825151
Microbacterium sp. HY82	2708079	S	1	0	1	0.0000825151
Microbacterium sp. NY27	2782169	S	1	0	1	0.0000825151
Microbacterium foliorum	104336	S	1	0	1	0.0000825151
Microbacterium oxydans	82380	S	1	0	1	0.0000825151
Curtobacterium sp. MR_MD2014	1561023	S	1	0	1	0.0000825151
Curtobacterium sp. BH-2-1-1	1905847	S	1	0	1	0.0000825151
Curtobacterium sp. Csp2	2495430	S	1	0	1	0.0000825151
Leucobacter muris	1935379	S	1	0	1	0.0000825151
Leucobacter coleopterorum	2714933	S	1	0	1	0.0000825151
Rhodoluna limnophila	232537	S	1	0	1	0.0000825151
Leifsonia sp. PS1209	2724914	S	1	0	1	0.0000825151
Protaetiibacter sp. SSC-01	2759943	S	1	0	1	0.0000825151
Salinibacterium sp. UTAS2018	2508880	S	1	0	1	0.0000825151
Agrococcus carbonis	684552	S	1	0	1	0.0000825151
Agrococcus sp. SGAir0287	2070347	S	1	0	1	0.0000825151
Marisediminicola antarctica	674079	S	1	0	1	0.0000825151
Aurantimicrobium sp. MWH-Mo1	1987356	S	1	0	1	0.0000825151
Microterricola viridarii	412690	S	1	0	1	0.0000825151
Frondihabitans sp. 762G35	1446794	S	1	0	1	0.0000825151
Microcella alkaliphila	279828	S	1	0	1	0.0000825151
Frigoribacterium sp. NBH87	2596916	S	1	0	1	0.0000825151
Plantibacter flavus	150123	S	1	0	1	0.0000825151
Arthrobacter sp. FB24	290399	S	1	0	1	0.0000825151
Arthrobacter sp. UKPF54-2	2600159	S	1	0	1	0.0000825151
Arthrobacter sp. 24S4-2	2575374	S	1	0	1	0.0000825151
Arthrobacter sp. D5-1	1477518	S	1	0	1	0.0000825151
Arthrobacter crystallopoietes	37928	S	1	0	1	0.0000825151
Pseudarthrobacter chlorophenolicus	85085	S	1	0	1	0.0000825151
Pseudarthrobacter sp. BIM B-2242	2772401	S	1	0	1	0.0000825151
Sinomonas atrocyanea	37927	S	1	0	1	0.0000825151
Glutamicibacter nicotianae	37929	S	1	0	1	0.0000825151
Arsenicicoccus sp. oral taxon 190	1658671	S	1	0	1	0.0000825151
Brevibacterium sp. 'Marine'	2725563	S	1	0	1	0.0000825151
Brachybacterium saurashtrense	556288	S	1	0	1	0.0000825151
Brachybacterium ginsengisoli	1331682	S	1	0	1	0.0000825151
Devriesea agamarum	472569	S	1	0	1	0.0000825151
Oerskovia sp. KBS0722	1179673	S	1	0	1	0.0000825151
Pseudactinotalea sp. HY158	2654547	S	1	0	1	0.0000825151
Cellulosimicrobium sp. 72-3	2731680	S	1	0	1	0.0000825151
Isoptericola variabilis	139208	S	1	0	1	0.0000825151
Beutenbergia cavernae	84757	S	1	0	1	0.0000825151
Serinicoccus chungangensis	767452	S	1	0	1	0.0000825151
Kytococcus sedentarius	1276	S	1	0	1	0.0000825151
Sanguibacter keddieii	60920	S	1	0	1	0.0000825151
Streptomyces sp. GS7	2692234	S	1	0	1	0.0000825151
Streptomyces sp. S4.7	2705439	S	1	0	1	0.0000825151
Streptomyces sp. 3214.6	1882757	S	1	0	1	0.0000825151
Streptomyces sp. Z423-1	2730915	S	1	0	1	0.0000825151
Streptomyces sp. CB01881	2078691	S	1	0	1	0.0000825151
Streptomyces sp. YIM 121038	2136401	S	1	0	1	0.0000825151
Streptomyces sp. CRPJ-33	2768068	S	1	0	1	0.0000825151
Streptomyces sp. ZYC-3	2797636	S	1	0	1	0.0000825151
Streptomyces sp. NEAU-sy36	2751189	S	1	0	1	0.0000825151
Streptomyces peucetius	1950	S	1	0	1	0.0000825151
Streptomyces fodineus	1904616	S	1	0	1	0.0000825151
Streptomyces alboflavus	67267	S	1	0	1	0.0000825151
Streptomyces chartreusis	1969	S	1	0	1	0.0000825151
Streptomyces griseoviridis	45398	S	1	0	1	0.0000825151
Streptomyces glomeroaurantiacus	68210	S	1	0	1	0.0000825151
Streptomyces nodosus	40318	S	1	0	1	0.0000825151
Streptomyces prasinus	67345	S	1	0	1	0.0000825151
Streptomyces rapamycinicus	1226757	S	1	0	1	0.0000825151
Streptomyces pluripotens	1355015	S	1	0	1	0.0000825151
Streptomyces lydicus	47763	S	1	0	1	0.0000825151
Streptomyces davaonensis	348043	S	1	0	1	0.0000825151
Streptomyces lincolnensis	1915	S	1	0	1	0.0000825151
Streptomyces cyaneochromogenes	2496836	S	1	0	1	0.0000825151
Streptomyces broussonetiae	2686304	S	1	0	1	0.0000825151
Streptomyces antibioticus	1890	S	1	0	1	0.0000825151
Streptomyces actuosus	1885	S	1	0	1	0.0000825151
Kitasatospora setae	2066	S	1	0	1	0.0000825151
Pseudonocardia broussonetiae	2736640	S	1	0	1	0.0000825151
Actinosynnema mirum	40567	S	1	0	1	0.0000825151
Prauserella marina	530584	S	1	0	1	0.0000825151
Alloactinosynnema sp. L-07	1653480	S	1	0	1	0.0000825151
Actinomyces sp. oral taxon 169	712116	S	1	0	1	0.0000825151
Actinomyces sp. Chiba101	1851395	S	1	0	1	0.0000825151
Actinomyces sp. zg-332	2708340	S	1	0	1	0.0000825151
Actinomyces sp. ZJ750	2744574	S	1	0	1	0.0000825151
Actinomyces slackii	52774	S	1	0	1	0.0000825151
Trueperella bialowiezensis	312285	S	1	0	1	0.0000825151
Flaviflexus salsibiostraticola	1282737	S	1	0	1	0.0000825151
Micromonospora echinaurantiaca	47857	S	1	0	1	0.0000825151
Micromonospora echinofusca	47858	S	1	0	1	0.0000825151
Micromonospora narathiwatensis	299146	S	1	0	1	0.0000825151
Actinoplanes sp. OR16	946334	S	1	0	1	0.0000825151
Actinoplanes missouriensis	1866	S	1	0	1	0.0000825151
Actinoplanes teichomyceticus	1867	S	1	0	1	0.0000825151
Actinoplanes friuliensis	196914	S	1	0	1	0.0000825151
Actinocatenispora thailandica	227318	S	1	0	1	0.0000825151
Streptosporangium sp. 'caverna'	2202249	S	1	0	1	0.0000825151
Nonomuraea nitratireducens	2656914	S	1	0	1	0.0000825151
Frankia sp. QA3	710111	S	1	0	1	0.0000825151
Kineococcus radiotolerans	131568	S	1	0	1	0.0000825151
Geodermatophilus obscurus	1861	S	1	0	1	0.0000825151
Euzebya sp. DY32-46	1608957	S	1	0	1	0.0000825151
Rubrobacter xylanophilus	49319	S	1	0	1	0.0000825151
Rubrobacter sp. SCSIO 52909	2653851	S	1	0	1	0.0000825151
Baekduia soli	496014	S	1	0	1	0.0000825151
Olsenella umbonata	604330	S	1	0	1	0.0000825151
Streptococcus sp. HSISS2	1316411	S	1	0	1	0.0000825151
Streptococcus sp. A12	1759399	S	1	0	1	0.0000825151
Streptococcus sp. HSISM1	1316408	S	1	0	1	0.0000825151
Streptococcus sp. oral taxon 064	712624	S	1	0	1	0.0000825151
Streptococcus suis	1307	S	1	0	1	0.0000825151
Streptococcus pantholopis	1811193	S	1	0	1	0.0000825151
Streptococcus pseudopneumoniae	257758	S	1	0	1	0.0000825151
Streptococcus equinus	1335	S	1	0	1	0.0000825151
Lactococcus taiwanensis	1151742	S	1	0	1	0.0000825151
Ligilactobacillus agilis	1601	S	1	0	1	0.0000825151
Ligilactobacillus salivarius	1624	S	1	0	1	0.0000825151
Ligilactobacillus acidipiscis	89059	S	1	0	1	0.0000825151
Companilactobacillus heilongjiangensis	1074467	S	1	0	1	0.0000825151
Pediococcus pentosaceus	1255	S	1	0	1	0.0000825151
Paucilactobacillus hokkaidonensis	1193095	S	1	0	1	0.0000825151
Limosilactobacillus reuteri	1598	S	1	0	1	0.0000825151
Weissella hellenica	46256	S	1	0	1	0.0000825151
Enterococcus faecium	1352	S	1	0	1	0.0000825151
Enterococcus cecorum	44008	S	1	0	1	0.0000825151
Enterococcus durans	53345	S	1	0	1	0.0000825151
Enterococcus sp. FDAARGOS_375	2060307	S	1	0	1	0.0000825151
Tetragenococcus halophilus	51669	S	1	0	1	0.0000825151
Tetragenococcus koreensis	290335	S	1	0	1	0.0000825151
Tetragenococcus osmophilus	526944	S	1	0	1	0.0000825151
Vagococcus teuberi	519472	S	1	0	1	0.0000825151
Carnobacterium inhibens	147709	S	1	0	1	0.0000825151
Dolosigranulum pigrum	29394	S	1	0	1	0.0000825151
Suicoccus acidiformans	2036206	S	1	0	1	0.0000825151
Bacillus thuringiensis	1428	S	1	0	1	0.0000825151
Bacillus sp. X1(2014)	1565991	S	1	0	1	0.0000825151
Bacillus atrophaeus	1452	S	1	0	1	0.0000825151
Bacillus paralicheniformis	1648923	S	1	0	1	0.0000825151
Bacillus beveridgei	632773	S	1	0	1	0.0000825151
Bacillus safensis	561879	S	1	0	1	0.0000825151
Bacillus circulans	1397	S	1	0	1	0.0000825151
Lysinibacillus sphaericus	1421	S	1	0	1	0.0000825151
Lysinibacillus fusiformis	28031	S	1	0	1	0.0000825151
Salicibibacter sp. NKC5-3	2743000	S	1	0	1	0.0000825151
Salicibibacter sp. NKC21-4	2743001	S	1	0	1	0.0000825151
Anaerobacillus isosaccharinicus	1532552	S	1	0	1	0.0000825151
Neobacillus mesonae	1193713	S	1	0	1	0.0000825151
Cytobacillus oceanisediminis	665099	S	1	0	1	0.0000825151
Pradoshia sp. D12	2651284	S	1	0	1	0.0000825151
Parageobacillus genomosp. 1	1295642	S	1	0	1	0.0000825151
Aeribacillus pallidus	33936	S	1	0	1	0.0000825151
Halobacillus litoralis	45668	S	1	0	1	0.0000825151
Gracilibacillus sp. SCU50	2663022	S	1	0	1	0.0000825151
Virgibacillus sp. MSP4-1	2700081	S	1	0	1	0.0000825151
Staphylococcus warneri	1292	S	1	0	1	0.0000825151
Staphylococcus nepalensis	214473	S	1	0	1	0.0000825151
Staphylococcus succinus	61015	S	1	0	1	0.0000825151
Staphylococcus cohnii	29382	S	1	0	1	0.0000825151
Staphylococcus schleiferi	1295	S	1	0	1	0.0000825151
Staphylococcus xylosus	1288	S	1	0	1	0.0000825151
Mammaliicoccus sciuri	1296	S	1	0	1	0.0000825151
Mammaliicoccus lentus	42858	S	1	0	1	0.0000825151
Mammaliicoccus vitulinus	71237	S	1	0	1	0.0000825151
Paenibacillus sp. FSL R7-0273	1536772	S	1	0	1	0.0000825151
Paenibacillus sp. FSL R7-0331	1536773	S	1	0	1	0.0000825151
Paenibacillus lycopersici	2704462	S	1	0	1	0.0000825151
Paenibacillus barcinonensis	198119	S	1	0	1	0.0000825151
Brevibacillus laterosporus	1465	S	1	0	1	0.0000825151
Paenisporosarcina antarctica	417367	S	1	0	1	0.0000825151
Listeria monocytogenes	1639	S	1	0	1	0.0000825151
Exiguobacterium sp. U13-1	1849031	S	1	0	1	0.0000825151
Alicyclobacillus ferrooxydans	471514	S	1	0	1	0.0000825151
Clostridium sp. DL-VIII	641107	S	1	0	1	0.0000825151
Clostridium sp. JN-1	2483110	S	1	0	1	0.0000825151
Clostridium sp. JN-9	2507159	S	1	0	1	0.0000825151
Clostridium sp. 'deep sea'	2779445	S	1	0	1	0.0000825151
Clostridium acetobutylicum	1488	S	1	0	1	0.0000825151
Clostridium butyricum	1492	S	1	0	1	0.0000825151
Clostridium beijerinckii	1520	S	1	0	1	0.0000825151
Clostridium estertheticum	238834	S	1	0	1	0.0000825151
Clostridium tetani	1513	S	1	0	1	0.0000825151
Clostridium thermarum	1716543	S	1	0	1	0.0000825151
Alkaliphilus metalliredigens	208226	S	1	0	1	0.0000825151
Lachnospira eligens	39485	S	1	0	1	0.0000825151
Anaerocolumna sedimenticola	2696063	S	1	0	1	0.0000825151
Herbinix luporum	1679721	S	1	0	1	0.0000825151
Romboutsia ilealis	1115758	S	1	0	1	0.0000825151
Romboutsia hominis	1507512	S	1	0	1	0.0000825151
Ruminococcus bicirculans	1160721	S	1	0	1	0.0000825151
Ruminococcus champanellensis	1161942	S	1	0	1	0.0000825151
Ruminiclostridium cellulolyticum	1521	S	1	0	1	0.0000825151
Desulfitobacterium dehalogenans	36854	S	1	0	1	0.0000825151
Candidatus Desulforudis audaxviator	471827	S	1	0	1	0.0000825151
Eubacterium limosum	1736	S	1	0	1	0.0000825151
[Eubacterium] cellulosolvens	29322	S	1	0	1	0.0000825151
Petrocella atlantisensis	2173034	S	1	0	1	0.0000825151
Moorella thermoacetica	1525	S	1	0	1	0.0000825151
Mahella australiensis	252966	S	1	0	1	0.0000825151
Tepidanaerobacter acetatoxydans	499229	S	1	0	1	0.0000825151
Sporomusa termitida	2377	S	1	0	1	0.0000825151
Selenomonas sp. oral taxon 920	1884263	S	1	0	1	0.0000825151
Megamonas hypermegale	158847	S	1	0	1	0.0000825151
Phascolarctobacterium faecium	33025	S	1	0	1	0.0000825151
Veillonella parvula	29466	S	1	0	1	0.0000825151
Microcoleus sp. PCC 7113	1173027	S	1	0	1	0.0000825151
Cyanothece sp. PCC 7425	395961	S	1	0	1	0.0000825151
Geminocystis herdmanii	669359	S	1	0	1	0.0000825151
Geminocystis sp. NIES-3709	1617448	S	1	0	1	0.0000825151
Chondrocystis sp. NIES-4102	2005460	S	1	0	1	0.0000825151
Halothece sp. PCC 7418	65093	S	1	0	1	0.0000825151
Nostoc sp. 'Peltigera membranacea cyanobiont' N6	1261031	S	1	0	1	0.0000825151
Nostoc sp. 'Lobaria pulmonaria (5183) cyanobiont'	1618022	S	1	0	1	0.0000825151
Nostoc sp. UHCC 0702	2814655	S	1	0	1	0.0000825151
Nostoc flagelliforme	1306274	S	1	0	1	0.0000825151
Calothrix sp. PCC 7507	99598	S	1	0	1	0.0000825151
Calothrix sp. 336/3	1337936	S	1	0	1	0.0000825151
Calothrix sp. NIES-2098	1954171	S	1	0	1	0.0000825151
Calothrix parietina	32054	S	1	0	1	0.0000825151
Synechococcus sp. PCC 7502	1173263	S	1	0	1	0.0000825151
Synechococcus sp. HK01-R	2751171	S	1	0	1	0.0000825151
Synechococcus sp. WH 8101	59932	S	1	0	1	0.0000825151
Synechococcus sp. PCC 7336	195250	S	1	0	1	0.0000825151
Leptolyngbya sp. BL0902	1115757	S	1	0	1	0.0000825151
Pleurocapsa minor	54308	S	1	0	1	0.0000825151
Chroococcidiopsis thermalis	54299	S	1	0	1	0.0000825151
Thermus caldilimi	2483360	S	1	0	1	0.0000825151
Deinococcus proteolyticus	55148	S	1	0	1	0.0000825151
Mycoplasma nasistruthionis	353852	S	1	0	1	0.0000825151
Mycoplasma agalactiae	2110	S	1	0	1	0.0000825151
Mycoplasma citelli	171281	S	1	0	1	0.0000825151
Mycoplasma anatis	171279	S	1	0	1	0.0000825151
Mycoplasma canis	29555	S	1	0	1	0.0000825151
Mycoplasma arginini	2094	S	1	0	1	0.0000825151
Spiroplasma monobiae	2136	S	1	0	1	0.0000825151
Spiroplasma culicicola	216935	S	1	0	1	0.0000825151
Spiroplasma corruscae	216934	S	1	0	1	0.0000825151
Spiroplasma helicoides	216938	S	1	0	1	0.0000825151
Spiroplasma gladiatoris	2143	S	1	0	1	0.0000825151
Spiroplasma taiwanense	2145	S	1	0	1	0.0000825151
Spiroplasma turonicum	216946	S	1	0	1	0.0000825151
Pelolinea submarina	913107	S	1	0	1	0.0000825151
Flavobacterium sp. xlx-214	2654325	S	1	0	1	0.0000825151
Flavobacterium commune	1306519	S	1	0	1	0.0000825151
Flavobacterium faecale	1355330	S	1	0	1	0.0000825151
Flavobacterium crassostreae	1763534	S	1	0	1	0.0000825151
Flavobacterium magnum	2162713	S	1	0	1	0.0000825151
Flavobacterium pallidum	2172098	S	1	0	1	0.0000825151
Flavobacterium sediminis	2201181	S	1	0	1	0.0000825151
Flavobacterium alkalisoli	2602769	S	1	0	1	0.0000825151
Myroides phaeus	702745	S	1	0	1	0.0000825151
Myroides fluvii	2572594	S	1	0	1	0.0000825151
Polaribacter sp. MED152	313598	S	1	0	1	0.0000825151
Polaribacter sp. SA4-10	754397	S	1	0	1	0.0000825151
Polaribacter sp. SA4-12	1312072	S	1	0	1	0.0000825151
Polaribacter sp. ALD11	2058137	S	1	0	1	0.0000825151
Polaribacter vadi	1774273	S	1	0	1	0.0000825151
Capnocytophaga sputigena	1019	S	1	0	1	0.0000825151
Capnocytophaga endodontalis	2708117	S	1	0	1	0.0000825151
Winogradskyella sp. PC-19	754417	S	1	0	1	0.0000825151
Winogradskyella forsetii	2686077	S	1	0	1	0.0000825151
Winogradskyella helgolandensis	2697010	S	1	0	1	0.0000825151
Nonlabens sp. Hel1_33_55	1336802	S	1	0	1	0.0000825151
Tenacibaculum maritimum	107401	S	1	0	1	0.0000825151
Tenacibaculum dicentrarchi	669041	S	1	0	1	0.0000825151
Tenacibaculum todarodis	1850252	S	1	0	1	0.0000825151
Mariniflexile sp. TRM1-10	2027857	S	1	0	1	0.0000825151
Lutibacter profundi	1622118	S	1	0	1	0.0000825151
Wenyingzhuangia fucanilytica	1790137	S	1	0	1	0.0000825151
Flagellimonas maritima	1383885	S	1	0	1	0.0000825151
Lacinutrix sp. Bg11-31	2057808	S	1	0	1	0.0000825151
Altibacter sp. ALE3EI	2562285	S	1	0	1	0.0000825151
Algibacter sp. L1A34	2686365	S	1	0	1	0.0000825151
Robiginitalea biformata	252307	S	1	0	1	0.0000825151
Formosa sp. Hel1_33_131	1336794	S	1	0	1	0.0000825151
Changchengzhania lutea	2049305	S	1	0	1	0.0000825151
Chryseobacterium sp. 3008163	2478663	S	1	0	1	0.0000825151
Chryseobacterium sp. G0186	2487064	S	1	0	1	0.0000825151
Chryseobacterium sp. NBC 122	2547600	S	1	0	1	0.0000825151
Chryseobacterium sp. POL2	2713414	S	1	0	1	0.0000825151
Chryseobacterium indologenes	253	S	1	0	1	0.0000825151
Chryseobacterium joostei	112234	S	1	0	1	0.0000825151
Chryseobacterium aureum	2497456	S	1	0	1	0.0000825151
Chryseobacterium arthrosphaerae	651561	S	1	0	1	0.0000825151
Chryseobacterium shandongense	1493872	S	1	0	1	0.0000825151
Kaistella antarctica	266748	S	1	0	1	0.0000825151
Chryseobacterium haifense	421525	S	1	0	1	0.0000825151
Kaistella daneshvariae	2487074	S	1	0	1	0.0000825151
Chryseobacterium lactis	1241981	S	1	0	1	0.0000825151
Empedobacter falsenii	343874	S	1	0	1	0.0000825151
Spirosoma rigui	564064	S	1	0	1	0.0000825151
Spirosoma aerolatum	1211326	S	1	0	1	0.0000825151
Dyadobacter fermentans	94254	S	1	0	1	0.0000825151
Dyadobacter sp. Q3-56	2747268	S	1	0	1	0.0000825151
Leadbetterella byssophila	316068	S	1	0	1	0.0000825151
Fibrella sp. ES10-3-2-2	1834519	S	1	0	1	0.0000825151
Hymenobacter sp. PAMC 26554	1484116	S	1	0	1	0.0000825151
Hymenobacter sp. DG01	2584940	S	1	0	1	0.0000825151
Hymenobacter sp. NBH84	2596915	S	1	0	1	0.0000825151
Hymenobacter sp. BRD128	2675878	S	1	0	1	0.0000825151
Hymenobacter oligotrophus	2319843	S	1	0	1	0.0000825151
Hymenobacter busanensis	2607656	S	1	0	1	0.0000825151
Pontibacter actiniarum	323450	S	1	0	1	0.0000825151
Adhaeribacter radiodurans	2745197	S	1	0	1	0.0000825151
Rufibacter sp. DG15C	1379909	S	1	0	1	0.0000825151
Cyclobacterium amurskyense	320787	S	1	0	1	0.0000825151
Echinicola vietnamensis	390884	S	1	0	1	0.0000825151
Chryseolinea soli	2321403	S	1	0	1	0.0000825151
Flammeovirga pectinis	2494373	S	1	0	1	0.0000825151
Roseivirga pacifica	1267423	S	1	0	1	0.0000825151
Pedobacter sp. eg	2201271	S	1	0	1	0.0000825151
Pedobacter sp. CJ43	2605747	S	1	0	1	0.0000825151
Pedobacter steynii	430522	S	1	0	1	0.0000825151
Sphingobacterium sp. ML3W	1538644	S	1	0	1	0.0000825151
Mucilaginibacter ginsenosidivorax	862126	S	1	0	1	0.0000825151
Mucilaginibacter gotjawali	1550579	S	1	0	1	0.0000825151
Mucilaginibacter ginkgonis	2682091	S	1	0	1	0.0000825151
Arachidicoccus sp. BS20	1850526	S	1	0	1	0.0000825151
Flavisolibacter tropicus	1492898	S	1	0	1	0.0000825151
Panacibacter ginsenosidivorans	1813871	S	1	0	1	0.0000825151
Prevotella melaninogenica	28132	S	1	0	1	0.0000825151
Prevotella dentalis	52227	S	1	0	1	0.0000825151
Bacteroides caccae	47678	S	1	0	1	0.0000825151
Bacteroides sp. M10	2763022	S	1	0	1	0.0000825151
Dysgonomonas sp. HDW5A	2714926	S	1	0	1	0.0000825151
Alistipes finegoldii	214856	S	1	0	1	0.0000825151
Barnesiella viscericola	397865	S	1	0	1	0.0000825151
Draconibacterium sp. M1	2706887	S	1	0	1	0.0000825151
Labilibaculum antarcticum	1717717	S	1	0	1	0.0000825151
Chlorobium phaeovibrioides	1094	S	1	0	1	0.0000825151
Chlorobium phaeobacteroides	1096	S	1	0	1	0.0000825151
Prosthecochloris aestuarii	1102	S	1	0	1	0.0000825151
Chlorobaculum tepidum	1097	S	1	0	1	0.0000825151
Gemmatimonas phototrophica	1379270	S	1	0	1	0.0000825151
Gemmatimonas sp. TET16	2732249	S	1	0	1	0.0000825151
Pirellula staleyi	125	S	1	0	1	0.0000825151
Aureliella helgolandensis	2527968	S	1	0	1	0.0000825151
Rosistilla carotiformis	2528017	S	1	0	1	0.0000825151
Stieleria maiorica	2795974	S	1	0	1	0.0000825151
Lacipirellula parvula	2650471	S	1	0	1	0.0000825151
Botrimarina mediterranea	2528022	S	1	0	1	0.0000825151
Thermogutta terrifontis	1331910	S	1	0	1	0.0000825151
Planctomyces sp. SH-PL14	1632864	S	1	0	1	0.0000825151
Gimesia fumaroli	2527976	S	1	0	1	0.0000825151
Gimesia chilikensis	2605989	S	1	0	1	0.0000825151
Crateriforma conspicua	2527996	S	1	0	1	0.0000825151
Alienimonas californiensis	2527989	S	1	0	1	0.0000825151
Calycomorphotria hydatis	2528027	S	1	0	1	0.0000825151
Humisphaera borealis	2807512	S	1	0	1	0.0000825151
Anaerohalosphaera lusitana	1936003	S	1	0	1	0.0000825151
Ereboglobus luteus	1796921	S	1	0	1	0.0000825151
Coraliomargarita akajimensis	395922	S	1	0	1	0.0000825151
Candidatus Xiphinematobacter sp. Idaho Grape	1704307	S	1	0	1	0.0000825151
Methylacidimicrobium sp. B4	2796139	S	1	0	1	0.0000825151
Criblamydia sequanensis	340071	S	1	0	1	0.0000825151
Borreliella burgdorferi	139	S	1	0	1	0.0000825151
Borreliella afzelii	29518	S	1	0	1	0.0000825151
Acidobacterium capsulatum	33075	S	1	0	1	0.0000825151
Granulicella mallensis	940614	S	1	0	1	0.0000825151
Thermotomaculum hydrothermale	981385	S	1	0	1	0.0000825151
Chloracidobacterium thermophilum	458033	S	1	0	1	0.0000825151
Fusobacterium nucleatum	851	S	1	0	1	0.0000825151
Fusobacterium hwasookii	1583098	S	1	0	1	0.0000825151
Fusobacterium pseudoperiodonticum	2663009	S	1	0	1	0.0000825151
Leptotrichia hofstadii	157688	S	1	0	1	0.0000825151
Thermocrinis ruber	75906	S	1	0	1	0.0000825151
Sulfurihydrogenibium azorense	309806	S	1	0	1	0.0000825151
Nitrospira japonica	1325564	S	1	0	1	0.0000825151
Thermotoga caldifontis	1508419	S	1	0	1	0.0000825151
Athalassotoga saccharophila	1441386	S	1	0	1	0.0000825151
Calditerrivibrio nitroreducens	477976	S	1	0	1	0.0000825151
Abyssogena phaseoliformis symbiont	596095	S	1	0	1	0.0000825151
Natrinema versiforme	88724	S	1	0	1	0.0000825151
Natrinema sp. YPL30	1710539	S	1	0	1	0.0000825151
Halobonum sp. Gai3-2	2743090	S	1	0	1	0.0000825151
Haloferax alexandrinus	114529	S	1	0	1	0.0000825151
Halogeometricum borinquense	60847	S	1	0	1	0.0000825151
Natronomonas sp. C90	2747817	S	1	0	1	0.0000825151
Halosimplex rubrum	869889	S	1	0	1	0.0000825151
Halobacterium hubeiense	1407499	S	1	0	1	0.0000825151
Methanosarcina siciliae	38027	S	1	0	1	0.0000825151
Methanothrix soehngenii	2223	S	1	0	1	0.0000825151
Methanoculleus marisnigri	2198	S	1	0	1	0.0000825151
Methanobacterium congolense	118062	S	1	0	1	0.0000825151
Methanobacterium lacus	877455	S	1	0	1	0.0000825151
Candidatus Nitrosopumilus koreensis	1510466	S	1	0	1	0.0000825151
Nitrosopumilus piranensis	1582439	S	1	0	1	0.0000825151
Nitrosarchaeum sp. AC2	2259673	S	1	0	1	0.0000825151
Candidatus Nitrosocosmicus oleophilus	1353260	S	1	0	1	0.0000825151
Candidatus Nitrosocosmicus hydrocola	1826872	S	1	0	1	0.0000825151
Conexivisphaera calida	1874277	S	1	0	1	0.0000825151
Flavobacterium phage vB_FspS_snusmum6-1	2686273	S	1	0	1	0.0000825151
Propionibacterium phage QueenBey	1654782	S	1	0	1	0.0000825151
Salmonella phage TS13	2500149	S	1	0	1	0.0000825151
Streptococcus virus ALQ132	682370	S	1	0	1	0.0000825151
Mycobacterium phage ThulaThula	2599880	S	1	0	1	0.0000825151
Mycobacterium phage Yuna	2599885	S	1	0	1	0.0000825151
Sulfitobacter phage EE36phi1	490913	S	1	0	1	0.0000825151
Staphylococcus virus Andhra	2732591	S	1	0	1	0.0000825151
Prochlorococcus phage P-SSM3	536453	S	1	0	1	0.0000825151
Halovirus HSTV-2	1262527	S	1	0	1	0.0000825151
Edwardsiella phage PEi20	1608310	S	1	0	1	0.0000825151
Serratia virus BF	2560751	S	1	0	1	0.0000825151
Synechococcus virus STIM5	2734088	S	1	0	1	0.0000825151
Edwardsiella virus pEtSU	2734128	S	1	0	1	0.0000825151
Prochlorococcus virus PSSM2	2734140	S	1	0	1	0.0000825151
Aeromonas virus 56	2560283	S	1	0	1	0.0000825151
Bacillus virus BM15	1985178	S	1	0	1	0.0000825151
Curvibacter virus P26059B	2733926	S	1	0	1	0.0000825151
Common bean-associated gemycircularvirus	1897538	S	1	0	1	0.0000825151
Yellowstone lake phycodnavirus 2	1586714	S	1	0	1	0.0000825151
Lymantria dispar multiple nucleopolyhedrovirus	10449	S	1	0	1	0.0000825151
Rotavirus D	335100	S	1	0	1	0.0000825151
Afipia carboxidovorans	40137	S	2	-2	0	0.0000000000
Rickettsia canadensis	788	S	1	-1	0	0.0000000000
Anaeromyxobacter dehalogenans	161493	S	1	-1	0	0.0000000000
Clavibacter michiganensis	28447	S	1	-1	0	0.0000000000
Paenibacillus mucilaginosus	61624	S	1	-1	0	0.0000000000
Acetivibrio thermocellus	1515	S	1	-1	0	0.0000000000
Rippkaea orientalis	2546366	S	1	-1	0	0.0000000000
Chloroflexus aurantiacus	1108	S	1	-1	0	0.0000000000
Methanosarcina barkeri	2208	S	1	-1	0	0.0000000000
