name	taxonomy_id	taxonomy_lvl	kraken_assigned_reads	added_reads	new_est_reads	fraction_total_reads
Cutibacterium acnes	1747	S	10225	402	10627	0.2136767604
Staphylococcus cohnii	29382	S	3938	1004	4942	0.0993686412
Klebsiella pneumoniae	573	S	403	2180	2583	0.0519363011
Dermacoccus nishinomiyaensis	1274	S	1426	73	1499	0.0301403466
Flavobacterium virus 2A	2560471	S	2	1086	1088	0.0218763824
Acinetobacter junii	40215	S	802	123	925	0.0185989464
Kocuria rhizophila	72000	S	543	96	639	0.0128483532
Xanthomonas euvesicatoria	456327	S	29	605	634	0.0127478184
Diaphorobacter sp. HDW4A	2714924	S	328	122	450	0.0090481361
Moraxella osloensis	34062	S	433	15	448	0.0090079221
Staphylococcus epidermidis	1282	S	255	160	415	0.0083443922
Acidovorax sp. KKS102	358220	S	248	65	313	0.0062934813
Variovorax boronicumulans	436515	S	201	108	309	0.0062130534
Streptococcus thermophilus	1308	S	168	139	307	0.0061728395
Rhodococcus qingshengii	334542	S	49	255	304	0.0061125186
Variovorax paradoxus	34073	S	232	52	284	0.0057103792
Staphylococcus capitis	29388	S	226	41	267	0.0053685607
Streptomyces lividans	1916	S	124	127	251	0.0050468492
Rhodococcus erythropolis	1833	S	52	198	250	0.0050267423
Burkholderia pseudomallei	28450	S	17	215	232	0.0046648168
Propionibacterium sp. oral taxon 193	671223	S	208	18	226	0.0045441750
Acidovorax sp. JMULE5	2518343	S	195	26	221	0.0044436402
Escherichia coli	562	S	12	197	209	0.0042023565
Janibacter indicus	857417	S	141	66	207	0.0041621426
Pseudomonas aeruginosa	287	S	36	152	188	0.0037801102
Gordonia bronchialis	2054	S	160	14	174	0.0034986126
Paenarthrobacter sp. YJN-D	2735317	S	159	13	172	0.0034583987
Staphylococcus aureus	1280	S	22	150	172	0.0034583987
Paenibacillus larvae	1464	S	1	171	172	0.0034583987
Salmonella enterica	28901	S	6	148	154	0.0030964732
Lactococcus lactis	1358	S	42	109	151	0.0030361523
Diaphorobacter aerolatus	1288495	S	99	52	151	0.0030361523
Janthinobacterium sp. HH102	1537274	S	54	86	140	0.0028149757
Pedobacter sp. SW-16	2766984	S	120	20	140	0.0028149757
Variovorax sp. PDNC026	2811425	S	4	134	138	0.0027747617
Variovorax sp. 38R	2774875	S	77	57	134	0.0026943339
Micrococcus luteus	1270	S	84	49	133	0.0026742269
Paracoccus yeei	147645	S	72	56	128	0.0025736920
Corynebacterium kefirresidentii	1979527	S	106	21	127	0.0025535851
Staphylococcus warneri	1292	S	102	24	126	0.0025334781
Rhodococcus sp. YL-1	1045808	S	23	102	125	0.0025133711
Acinetobacter baumannii	470	S	21	96	117	0.0023525154
Pseudomonas putida	303	S	67	50	117	0.0023525154
Staphylococcus xylosus	1288	S	104	6	110	0.0022117666
Stenotrophomonas maltophilia	40324	S	60	49	109	0.0021916596
Variovorax sp. PAMC 28711	1795631	S	100	5	105	0.0021112318
Acidovorax carolinensis	553814	S	71	32	103	0.0020710178
Acidovorax sp. T1	1858609	S	46	56	102	0.0020509108
Acidovorax sp. JS42	232721	S	7	92	99	0.0019905899
Janthinobacterium agaricidamnosum	55508	S	48	51	99	0.0019905899
Priestia megaterium	1404	S	84	11	95	0.0019101621
Sphingobium yanoikuyae	13690	S	46	48	94	0.0018900551
Spirosoma sp. KUDC1026	2745947	S	91	3	94	0.0018900551
Salmonella phage TS13	2500149	S	93	0	93	0.0018699481
Cutibacterium avidum	33010	S	86	5	91	0.0018297342
Methylorubrum extorquens	408	S	48	43	91	0.0018297342
Delftia acidovorans	80866	S	37	53	90	0.0018096272
Paracoccus sanguinis	1545044	S	79	8	87	0.0017493063
Pseudomonas fluorescens	294	S	55	28	83	0.0016688784
Acinetobacter ursingii	108980	S	61	18	79	0.0015884506
Sphingomonas melonis	152682	S	35	42	77	0.0015482366
Lawsonella clevelandensis	1528099	S	75	1	76	0.0015281296
Kinneretia sp. DAIF2	2714952	S	68	8	76	0.0015281296
Flavobacterium phage vB_FspS_filifjonk9-1	2686245	S	30	44	74	0.0014879157
Alicycliphilus denitrificans	179636	S	25	47	72	0.0014477018
Pseudomonas sp. CMR12a	658629	S	34	35	69	0.0013873809
Pseudomonas phage vB_PaeP_Tr60_Ab31	1449437	S	1	68	69	0.0013873809
Acidovorax sp. RAC01	1842533	S	55	13	68	0.0013672739
Janthinobacterium sp. LM6	1938606	S	47	18	65	0.0013069530
Lysobacter enzymogenes	69	S	59	6	65	0.0013069530
Halomonas sp. JS92-SW72	2306583	S	59	5	64	0.0012868460
Brevibacterium sp. CS2	2575923	S	58	3	61	0.0012265251
Corynebacterium xerosis	1725	S	51	10	61	0.0012265251
Bacillus cereus	1396	S	23	38	61	0.0012265251
Curtobacterium flaccumfaciens	2035	S	55	4	59	0.0011863112
Variovorax sp. PAMC26660	2762322	S	53	6	59	0.0011863112
Bradyrhizobium sp. CCBAU 51765	1325102	S	43	16	59	0.0011863112
Corynebacterium segmentosum	43990	S	55	2	57	0.0011460972
Pseudomonas oryzihabitans	47885	S	51	6	57	0.0011460972
Hymenobacter sp. APR13	1356852	S	49	8	57	0.0011460972
Pseudomonas tolaasii	29442	S	32	23	55	0.0011058833
Cutibacterium granulosum	33011	S	52	2	54	0.0010857763
Variovorax sp. RKNM96	2681552	S	44	10	54	0.0010857763
Polynucleobacter difficilis	556054	S	53	1	54	0.0010857763
Rhizobacter sp. AJA081-3	2753607	S	48	6	54	0.0010857763
Sphingobium sp. YG1	2082188	S	42	12	54	0.0010857763
Methylorubrum populi	223967	S	41	12	53	0.0010656694
Staphylococcus virus Andhra	2732591	S	53	0	53	0.0010656694
Comamonas testosteroni	285	S	27	24	51	0.0010254554
Sphaerotilus natans	34103	S	43	8	51	0.0010254554
Acinetobacter johnsonii	40214	S	26	25	51	0.0010254554
Urbifossiella limnaea	2528023	S	47	4	51	0.0010254554
Enterobacter asburiae	61645	S	12	37	49	0.0009852415
Sphingobacterium multivorum	28454	S	29	20	49	0.0009852415
Staphylococcus simulans	1286	S	44	4	48	0.0009651345
Listeria monocytogenes	1639	S	5	43	48	0.0009651345
Enterobacter hormaechei	158836	S	7	40	47	0.0009450275
Roseomonas sp. FDAARGOS_362	2018065	S	19	28	47	0.0009450275
Variovorax sp. PMC12	2126319	S	1	45	46	0.0009249206
Limnohabitans sp. 63ED37-2	1678128	S	44	2	46	0.0009249206
Chryseobacterium sp. NEB161	2724619	S	28	18	46	0.0009249206
Cloacibacterium normanense	237258	S	41	5	46	0.0009249206
Brachybacterium sp. SGAir0954	2571029	S	43	2	45	0.0009048136
Methylobacterium sp. WL1	2603276	S	41	4	45	0.0009048136
Microbacterium sp. PM5	2014534	S	41	3	44	0.0008847066
Streptococcus pneumoniae	1313	S	3	41	44	0.0008847066
Acidovorax ebreus	721785	S	5	39	44	0.0008847066
Methylobacterium sp. C1	1479019	S	6	38	44	0.0008847066
Methylobacterium durans	2202825	S	41	3	44	0.0008847066
Rhodococcus sp. NJ-530	2490853	S	7	36	43	0.0008645997
Acidovorax sp. 1608163	2478662	S	40	3	43	0.0008645997
Hydrogenophaga pseudoflava	47421	S	22	21	43	0.0008645997
Janthinobacterium sp. PLB02	2808899	S	16	27	43	0.0008645997
Methylobacterium aquaticum	270351	S	33	10	43	0.0008645997
Janibacter sp. YB324	2761047	S	25	17	42	0.0008444927
Rhodoferax sediminis	2509614	S	40	2	42	0.0008444927
Psychrobacter maritimus	256325	S	3	39	42	0.0008444927
Bradyrhizobium diazoefficiens	1355477	S	14	28	42	0.0008444927
Brevundimonas sp. LVF1	2774189	S	37	5	42	0.0008444927
Epilithonimonas vandammei	2487072	S	21	21	42	0.0008444927
Streptococcus phage SpSL1	1566990	S	3	39	42	0.0008444927
Staphylococcus hominis	1290	S	36	5	41	0.0008243857
Paucibacter sp. KCTC 42545	1768242	S	37	4	41	0.0008243857
Kocuria palustris	71999	S	39	1	40	0.0008042788
Corynebacterium tuberculostearicum	38304	S	35	5	40	0.0008042788
Rhodoferax koreense	1842727	S	31	9	40	0.0008042788
Bradyrhizobium guangdongense	1325090	S	18	22	40	0.0008042788
Ottowia oryzae	2109914	S	37	2	39	0.0007841718
Roseomonas mucosa	207340	S	13	26	39	0.0007841718
Xanthomonas campestris	339	S	34	4	38	0.0007640648
Tardiphaga robiniae	943830	S	35	3	38	0.0007640648
Streptococcus mitis	28037	S	30	7	37	0.0007439579
Hydrogenophaga sp. BPS33	2651974	S	29	8	37	0.0007439579
Delftia tsuruhatensis	180282	S	9	28	37	0.0007439579
Janthinobacterium tructae	2590869	S	27	10	37	0.0007439579
Methylobacterium sp. 17Sr1-43	2202828	S	33	4	37	0.0007439579
Sphingomonas sp. IC081	304378	S	8	29	37	0.0007439579
Aquabacterium olei	1296669	S	32	4	36	0.0007238509
Staphylococcus auricularis	29379	S	34	1	35	0.0007037439
Nostoc carneum	374162	S	8	27	35	0.0007037439
Bosea sp. ANAM02	2020412	S	27	8	35	0.0007037439
Flavobacterium psychrophilum	96345	S	22	13	35	0.0007037439
Curvibacter sp. AEP1-3	1844971	S	34	0	34	0.0006836369
Mycobacteroides chelonae	1774	S	21	12	33	0.0006635300
Hydrogenophaga sp. PBL-H3	434010	S	22	11	33	0.0006635300
Janthinobacterium sp. 1_2014MBL_MicDiv	1644131	S	28	5	33	0.0006635300
Pseudomonas veronii	76761	S	10	23	33	0.0006635300
Pseudomonas stutzeri	316	S	29	4	33	0.0006635300
Corynebacterium jeikeium	38289	S	20	12	32	0.0006434230
Massilia oculi	945844	S	28	4	32	0.0006434230
Rubrivivax gelatinosus	28068	S	28	4	32	0.0006434230
Brevundimonas vesicularis	41276	S	14	18	32	0.0006434230
Streptococcus virus DT1	90410	S	4	28	32	0.0006434230
Kocuria varians	1272	S	29	2	31	0.0006233160
Kytococcus sedentarius	1276	S	30	1	31	0.0006233160
Gordonia polyisoprenivorans	84595	S	30	1	31	0.0006233160
Lacticaseibacillus rhamnosus	47715	S	24	7	31	0.0006233160
Variovorax sp. PAMC28562	2762323	S	31	0	31	0.0006233160
Polaromonas naphthalenivorans	216465	S	28	3	31	0.0006233160
Pantoea agglomerans	549	S	30	1	31	0.0006233160
Lysobacter oculi	2698682	S	31	0	31	0.0006233160
Aeromonas caviae	648	S	4	27	31	0.0006233160
Rhodopseudomonas palustris	1076	S	24	7	31	0.0006233160
Sphingorhabdus lacus	392610	S	31	0	31	0.0006233160
Brevundimonas sp. CS1	2813778	S	21	10	31	0.0006233160
Acidovorax avenae	80867	S	21	9	30	0.0006032091
Ralstonia solanacearum	305	S	17	13	30	0.0006032091
Pseudomonas alcaligenes	43263	S	26	4	30	0.0006032091
Pedobacter sp. G11	2482728	S	27	3	30	0.0006032091
Lacticaseibacillus paracasei	1597	S	7	22	29	0.0005831021
Clostridium botulinum	1491	S	21	8	29	0.0005831021
Variovorax sp. PBS-H4	434008	S	23	6	29	0.0005831021
Variovorax sp. PBL-E5	434014	S	9	20	29	0.0005831021
Achromobacter xylosoxidans	85698	S	15	14	29	0.0005831021
Methylobacterium brachiatum	269660	S	22	7	29	0.0005831021
Novosphingobium sp. KA1	164608	S	7	22	29	0.0005831021
Novosphingobium resinovorum	158500	S	21	8	29	0.0005831021
Kaistella jeonii	266749	S	28	1	29	0.0005831021
Hymenobacter sedentarius	1411621	S	28	1	29	0.0005831021
Candidatus Planktophila sulfonica	1884904	S	28	0	28	0.0005629951
Carnobacterium maltaromaticum	2751	S	25	3	28	0.0005629951
Duganella sp. AF9R3	2728021	S	26	2	28	0.0005629951
Acinetobacter lwoffii	28090	S	12	16	28	0.0005629951
Rhizobium pusense	648995	S	6	22	28	0.0005629951
Sphingopyxis fribergensis	1515612	S	20	8	28	0.0005629951
Flavobacterium columnare	996	S	25	3	28	0.0005629951
Lactococcus phage 63302	2029670	S	3	25	28	0.0005629951
Variovorax sp. HW608	1034889	S	26	1	27	0.0005428882
Mitsuaria sp. 7	1658665	S	24	3	27	0.0005428882
Acinetobacter haemolyticus	29430	S	22	5	27	0.0005428882
Methylobacterium sp. AMS5	925818	S	17	10	27	0.0005428882
Flavobacterium nackdongense	2547394	S	26	1	27	0.0005428882
Leuconostoc mesenteroides	1245	S	20	6	26	0.0005227812
Variovorax sp. WDL1	207745	S	16	10	26	0.0005227812
Janthinobacterium svalbardensis	368607	S	19	7	26	0.0005227812
Rhizobacter gummiphilus	946333	S	24	2	26	0.0005227812
Leptothrix cholodnii	34029	S	22	4	26	0.0005227812
Methylobacterium sp. DM1	2067957	S	7	19	26	0.0005227812
Sphingomonas sp. NIC1	1961362	S	16	10	26	0.0005227812
Phocaeicola vulgatus	821	S	14	12	26	0.0005227812
Kocuria sp. BT304	1702043	S	16	9	25	0.0005026742
Micrococcus sp. KBS0714	1179670	S	4	21	25	0.0005026742
Variovorax sp. SRS16	282217	S	9	16	25	0.0005026742
Hydrogenophaga sp. PBC	795665	S	19	6	25	0.0005026742
Comamonas aquatica	225991	S	21	4	25	0.0005026742
Janthinobacterium lividum	29581	S	12	13	25	0.0005026742
Massilia sp. WG5	1707785	S	13	12	25	0.0005026742
Methylibium petroleiphilum	105560	S	16	9	25	0.0005026742
Pseudomonas sp. MPDS	2762896	S	8	17	25	0.0005026742
Bradyrhizobium ottawaense	931866	S	2	23	25	0.0005026742
Haematobacter massiliensis	195105	S	19	6	25	0.0005026742
Rothia mucilaginosa	43675	S	24	0	24	0.0004825673
Oscillatoria nigro-viridis	482564	S	21	3	24	0.0004825673
Variovorax sp. PBL-H6	434009	S	12	12	24	0.0004825673
Ramlibacter tataouinensis	94132	S	23	1	24	0.0004825673
Melaminivora sp. SC2-9	2109913	S	18	6	24	0.0004825673
Methylibium sp. Pch-M	2082386	S	14	10	24	0.0004825673
Acinetobacter pittii	48296	S	10	14	24	0.0004825673
Pseudomonas citronellolis	53408	S	13	11	24	0.0004825673
Bradyrhizobium sp. CCBAU 051011	858422	S	21	3	24	0.0004825673
Sphingopyxis sp. EG6	1874061	S	17	7	24	0.0004825673
Sorangium cellulosum	56	S	23	1	24	0.0004825673
Myroides odoratimimus	76832	S	12	12	24	0.0004825673
Pedobacter roseus	336820	S	18	6	24	0.0004825673
Finegoldia magna	1260	S	21	2	23	0.0004624603
Cupriavidus taiwanensis	164546	S	19	4	23	0.0004624603
Stenotrophomonas rhizophila	216778	S	21	2	23	0.0004624603
Bosea sp. RAC05	1842539	S	18	5	23	0.0004624603
Limnoglobus roseus	2598579	S	22	1	23	0.0004624603
Janibacter limosus	53458	S	22	0	22	0.0004423533
Rhodococcus sp. AQ5-07	2054902	S	5	17	22	0.0004423533
Megamonas funiformis	437897	S	22	0	22	0.0004423533
Hydrogenophaga sp. PAMC20947	2565558	S	22	0	22	0.0004423533
Massilia violaceinigra	2045208	S	16	6	22	0.0004423533
Cupriavidus metallidurans	119219	S	17	5	22	0.0004423533
Vibrio anguillarum	55601	S	21	1	22	0.0004423533
Methylobacterium sp. 4-46	426117	S	21	1	22	0.0004423533
Frigoriglobus tundricola	2774151	S	17	5	22	0.0004423533
Dermacoccus sp. PAMC28757	2762331	S	21	0	21	0.0004222464
Microbacterium sp. Y-01	2048898	S	17	4	21	0.0004222464
Microbacterium hominis	162426	S	18	3	21	0.0004222464
Gordonia terrae	2055	S	15	6	21	0.0004222464
Staphylococcus lugdunensis	28035	S	20	1	21	0.0004222464
Rhodoferax saidenbachensis	1484693	S	20	1	21	0.0004222464
Verminephrobacter eiseniae	364317	S	21	0	21	0.0004222464
Sphingopyxis sp. 113P3	292913	S	16	5	21	0.0004222464
Brevundimonas naejangsanensis	588932	S	19	2	21	0.0004222464
Brevundimonas vancanneytii	1325724	S	6	15	21	0.0004222464
Pseudobacter ginsenosidimutans	661488	S	19	2	21	0.0004222464
Tsukamurella tyrosinosolvens	57704	S	14	6	20	0.0004021394
Staphylococcus saccharolyticus	33028	S	20	0	20	0.0004021394
Limosilactobacillus fermentum	1613	S	17	3	20	0.0004021394
Faecalibacterium prausnitzii	853	S	13	7	20	0.0004021394
Variovorax sp. RA8	662548	S	14	6	20	0.0004021394
Hydrogenophaga sp. NH-16	2184519	S	9	11	20	0.0004021394
Delftia lacustris	558537	S	4	16	20	0.0004021394
Roseateles depolymerans	76731	S	18	2	20	0.0004021394
Bradyrhizobium sp. WSM471	319017	S	4	16	20	0.0004021394
Bradyrhizobium erythrophlei	1437360	S	19	1	20	0.0004021394
Methylobacterium oryzae	334852	S	1	19	20	0.0004021394
Tabrizicola piscis	2494374	S	20	0	20	0.0004021394
Flavobacterium phage vB_FspS_tooticki6-1	2686279	S	5	15	20	0.0004021394
Microbacterium sp. PAMC 28756	1795053	S	9	10	19	0.0003820324
Actinomyces oris	544580	S	16	3	19	0.0003820324
Hydrogenophaga sp. RAC07	1842537	S	16	3	19	0.0003820324
Schlegelella thermodepolymerans	215580	S	17	2	19	0.0003820324
Pseudomonas sp. phDV1	253237	S	7	12	19	0.0003820324
Bradyrhizobium icense	1274631	S	17	2	19	0.0003820324
Sphingomonas sp. MM-1	745310	S	9	10	19	0.0003820324
Sphingomonas panacisoli	1813879	S	19	0	19	0.0003820324
Sphingomonas koreensis	93064	S	13	6	19	0.0003820324
Sphingopyxis macrogoltabida	33050	S	14	5	19	0.0003820324
Pedobacter suwonensis	332999	S	16	3	19	0.0003820324
Corynebacterium sp. LMM-1652	2487892	S	18	0	18	0.0003619254
Tsukamurella paurometabola	2061	S	15	3	18	0.0003619254
Acidovorax monticola	1926868	S	16	2	18	0.0003619254
Hydrogenophaga sp. BA0156	2716225	S	14	4	18	0.0003619254
Rhodoferax sp. AJA081-3	2752316	S	18	0	18	0.0003619254
Massilia sp. CCM 8941	2765360	S	12	6	18	0.0003619254
Limnobacter sp. SAORIC-580	2732163	S	18	0	18	0.0003619254
Azospira oryzae	146939	S	10	8	18	0.0003619254
Pseudomonas protegens	380021	S	16	2	18	0.0003619254
Pseudomonas moraviensis	321662	S	11	7	18	0.0003619254
Pasteurella multocida	747	S	8	10	18	0.0003619254
Agrobacterium tumefaciens	358	S	10	8	18	0.0003619254
Brevundimonas sp. GW460-12-10-14-LB2	1827469	S	10	8	18	0.0003619254
Chryseobacterium indologenes	253	S	14	4	18	0.0003619254
Chryseobacterium haifense	421525	S	8	10	18	0.0003619254
Pedobacter sp. JBR3-12	2789740	S	18	0	18	0.0003619254
Akkermansia muciniphila	239935	S	16	2	18	0.0003619254
Microbacterium paraoxydans	199592	S	2	15	17	0.0003418185
Brevibacterium linens	1703	S	12	5	17	0.0003418185
Gordonia rubripertincta	36822	S	12	5	17	0.0003418185
Bacillus mycoides	1405	S	13	4	17	0.0003418185
Streptococcus sanguinis	1305	S	17	0	17	0.0003418185
Hydrogenophaga crassostreae	1763535	S	17	0	17	0.0003418185
Massilia sp. NR 4-1	1678028	S	14	3	17	0.0003418185
Methylobacterium sp. XJLW	739141	S	1	16	17	0.0003418185
Paracoccus sp. Arc7-R13	2500532	S	16	1	17	0.0003418185
Kaistella flava (ex Peng et al. 2021)	2038776	S	16	1	17	0.0003418185
Blattabacterium cuenoti	1653831	S	14	3	17	0.0003418185
Pedobacter sp. HDW13	2714940	S	16	1	17	0.0003418185
Rhodococcus sp. H-CA8f	1727214	S	3	13	16	0.0003217115
Corynebacterium glutamicum	1718	S	3	13	16	0.0003217115
Lactobacillus helveticus	1587	S	12	4	16	0.0003217115
Anaerostipes hadrus	649756	S	14	2	16	0.0003217115
Diaphorobacter sp. JS3050	2735554	S	1	15	16	0.0003217115
Hydrogenophaga sp. YM1	2806262	S	13	3	16	0.0003217115
Polaromonas sp.	1869339	S	1	15	16	0.0003217115
Ottowia sp. 27C	2816950	S	16	0	16	0.0003217115
Massilia sp. LPB0304	2769491	S	8	8	16	0.0003217115
Pseudomonas sp. 02C 26	2054914	S	16	0	16	0.0003217115
Pantoea vagans	470934	S	13	3	16	0.0003217115
Stenotrophomonas acidaminiphila	128780	S	6	10	16	0.0003217115
Pseudoxanthomonas mexicana	128785	S	15	1	16	0.0003217115
Bradyrhizobium paxllaeri	190148	S	14	2	16	0.0003217115
Sphingomonas sp. AAP5	1523415	S	15	1	16	0.0003217115
Brevundimonas sp. 'scallop'	2562582	S	8	8	16	0.0003217115
Brevundimonas mediterranea	74329	S	14	2	16	0.0003217115
Lacibacter sp. S13-6-6	2760713	S	16	0	16	0.0003217115
Gemmata massiliana	1210884	S	12	4	16	0.0003217115
Pseudonocardia sp. AL041005-10	445576	S	10	5	15	0.0003016045
Dolosigranulum pigrum	29394	S	15	0	15	0.0003016045
Microcystis aeruginosa	1126	S	14	1	15	0.0003016045
Rhodoferax sp. PAMC29310	2822760	S	14	1	15	0.0003016045
Comamonas sp. NLF-7-7	2597701	S	13	2	15	0.0003016045
Polaromonas sp. JS666	296591	S	8	7	15	0.0003016045
Massilia putida	1141883	S	11	4	15	0.0003016045
Burkholderia cenocepacia	95486	S	7	8	15	0.0003016045
Xylophilus rhododendri	2697032	S	13	2	15	0.0003016045
Achromobacter spanius	217203	S	13	2	15	0.0003016045
Pseudomonas sp. CFSAN084952	2664899	S	3	12	15	0.0003016045
Raoultella terrigena	577	S	3	12	15	0.0003016045
Pantoea sp. PSNIH1	1484158	S	9	6	15	0.0003016045
Haemophilus parainfluenzae	729	S	13	2	15	0.0003016045
Bosea vaviloviae	1526658	S	11	4	15	0.0003016045
Methylobacterium indicum	1775910	S	11	4	15	0.0003016045
Aminobacter sp. MDW-2	2666139	S	4	11	15	0.0003016045
Sphingomonas taxi	1549858	S	15	0	15	0.0003016045
Porphyrobacter sp. YT40	2547601	S	9	6	15	0.0003016045
Flavobacterium sp. Sr18	935222	S	14	1	15	0.0003016045
Gemmata obscuriglobus	114	S	13	2	15	0.0003016045
Streptococcus virus 7201	112023	S	3	12	15	0.0003016045
Arthrobacter sp. D5-1	1477518	S	12	2	14	0.0002814976
Arthrobacter sp. Rue61a	1118963	S	5	9	14	0.0002814976
Rothia dentocariosa	2047	S	13	1	14	0.0002814976
Corynebacterium glucuronolyticum	39791	S	14	0	14	0.0002814976
Nakamurella multipartita	53461	S	14	0	14	0.0002814976
Staphylococcus pasteuri	45972	S	13	1	14	0.0002814976
Streptococcus oralis	1303	S	10	4	14	0.0002814976
Prochlorococcus marinus	1219	S	12	2	14	0.0002814976
Diaphorobacter sp. HDW4B	2714925	S	14	0	14	0.0002814976
Pulveribacter suum	2116657	S	13	1	14	0.0002814976
Cupriavidus basilensis	68895	S	12	2	14	0.0002814976
Pseudomonas syringae	317	S	8	6	14	0.0002814976
Pseudomonas koreensis	198620	S	11	3	14	0.0002814976
Erwinia gerundensis	1619313	S	13	1	14	0.0002814976
Serratia marcescens	615	S	10	4	14	0.0002814976
Bradyrhizobium japonicum	375	S	7	7	14	0.0002814976
Bosea sp. Tri-49	1867715	S	12	2	14	0.0002814976
Methylobacterium nodulans	114616	S	14	0	14	0.0002814976
Sphingomonas sp. NBWT7	2596913	S	13	1	14	0.0002814976
Sphingobium sp. YBL2	484429	S	3	11	14	0.0002814976
Sphingobium amiense	135719	S	6	8	14	0.0002814976
Croceicoccus marinus	450378	S	10	4	14	0.0002814976
Brevundimonas sp. Bb-A	2560058	S	5	9	14	0.0002814976
Labilithrix luteola	1391654	S	14	0	14	0.0002814976
Paraflavitalea soli	2315862	S	13	1	14	0.0002814976
Flavobacterium phage vB_FspS_mymlan6-1	2686266	S	4	10	14	0.0002814976
Rhodococcus sp. BH4	1807790	S	2	11	13	0.0002613906
Rhodococcus fascians	1828	S	12	1	13	0.0002613906
Corynebacterium sp. L2-79-05	373068	S	2	11	13	0.0002613906
Diaphorobacter polyhydroxybutyrativorans	1546149	S	2	11	13	0.0002613906
Comamonas koreensis	160825	S	11	2	13	0.0002613906
Serpentinomonas mccroryi	1458426	S	10	3	13	0.0002613906
Acinetobacter sp. WCHA45	2004644	S	7	6	13	0.0002613906
Citrobacter freundii	546	S	4	9	13	0.0002613906
Shewanella baltica	62322	S	10	3	13	0.0002613906
Bradyrhizobium sp. BTAi1	288000	S	12	1	13	0.0002613906
Methylobacterium mesophilicum	39956	S	12	1	13	0.0002613906
Sinorhizobium meliloti	382	S	12	1	13	0.0002613906
Mesorhizobium sp. Pch-S	2082387	S	12	1	13	0.0002613906
Aureimonas sp. OT7	2816454	S	8	5	13	0.0002613906
Sphingomonas sp. HMP9	1517554	S	11	2	13	0.0002613906
Sphingomonas sp. FARSPH	2219696	S	9	4	13	0.0002613906
Sphingomonas insulae	424800	S	13	0	13	0.0002613906
Sphingomonas paucimobilis	13689	S	11	2	13	0.0002613906
Sphingobium hydrophobicum	1673076	S	7	6	13	0.0002613906
Sphingopyxis sp. OPL5	2486273	S	13	0	13	0.0002613906
Paracoccus contaminans	1945662	S	12	1	13	0.0002613906
Brevundimonas sp. LVF2	2774190	S	13	0	13	0.0002613906
Chryseobacterium sp. SNU WT5	2594269	S	11	2	13	0.0002613906
Verrucomicrobium spinosum	2736	S	13	0	13	0.0002613906
Microbacterium aurum	36805	S	11	1	12	0.0002412836
Corynebacterium urealyticum	43771	S	10	2	12	0.0002412836
Streptococcus agalactiae	1311	S	2	10	12	0.0002412836
Dolichospermum sp. UHCC 0315A	1914871	S	1	11	12	0.0002412836
Collimonas fungivorans	158899	S	12	0	12	0.0002412836
Collimonas arenae	279058	S	12	0	12	0.0002412836
Ralstonia syzygii	28097	S	1	11	12	0.0002412836
Thauera sp. K11	2005884	S	10	2	12	0.0002412836
Acinetobacter sp. MYb10	1827285	S	11	1	12	0.0002412836
Pseudomonas chlororaphis	587753	S	8	4	12	0.0002412836
Shewanella sp. WE21	2029986	S	10	2	12	0.0002412836
Methylobacterium currus	2051553	S	9	3	12	0.0002412836
Rhizobium ruizarguesonis	2081791	S	5	7	12	0.0002412836
Sphingomonas sp. PAMC26645	2565555	S	11	1	12	0.0002412836
Sphingomonas panacis	1560345	S	12	0	12	0.0002412836
Sphingobium baderi	1332080	S	6	6	12	0.0002412836
Blastomonas sp. RAC04	1842535	S	3	9	12	0.0002412836
Erythrobacter litoralis	39960	S	10	2	12	0.0002412836
Cereibacter sphaeroides	1063	S	12	0	12	0.0002412836
Flavobacterium sp. M31R6	2739062	S	11	1	12	0.0002412836
Pedobacter heparinus	984	S	12	0	12	0.0002412836
Pedobacter ginsengisoli	363852	S	12	0	12	0.0002412836
Roseimicrobium sp. ORNL1	2711231	S	12	0	12	0.0002412836
Rhodococcus sp. 21391	2683591	S	2	9	11	0.0002211767
Bifidobacterium longum	216816	S	4	7	11	0.0002211767
Collinsella aerofaciens	74426	S	10	1	11	0.0002211767
Lactococcus cremoris	1359	S	7	4	11	0.0002211767
Acidovorax antarcticus	2743470	S	10	1	11	0.0002211767
Comamonas sp. 7D-2	1232667	S	1	10	11	0.0002211767
Massilia plicata	321984	S	9	2	11	0.0002211767
Duganella sp. GN2-R2	2728020	S	10	1	11	0.0002211767
Cupriavidus oxalaticus	96344	S	10	1	11	0.0002211767
Achromobacter pestifer	1353889	S	7	4	11	0.0002211767
Azospira sp. I09	1765049	S	6	5	11	0.0002211767
Acinetobacter guillouiae	106649	S	10	1	11	0.0002211767
Pseudomonas plecoglossicida	70775	S	8	3	11	0.0002211767
Pseudomonas oleovorans	301	S	4	7	11	0.0002211767
Pseudomonas atacamensis	2565368	S	6	5	11	0.0002211767
Rahnella aquatilis	34038	S	6	5	11	0.0002211767
Proteus mirabilis	584	S	8	3	11	0.0002211767
Methylorubrum zatmanii	29429	S	2	9	11	0.0002211767
Ochrobactrum sp. MT180101	2726427	S	4	7	11	0.0002211767
Sphingomonas sp. SH	849864	S	1	10	11	0.0002211767
Sphingomonas alpina	653931	S	11	0	11	0.0002211767
Sphingobium sp. Cam5-1	2789327	S	9	2	11	0.0002211767
Novosphingobium ginsenosidimutans	1176536	S	11	0	11	0.0002211767
Paracoccus zhejiangensis	1077935	S	10	1	11	0.0002211767
Brevundimonas sp. GRTSA-9	2800818	S	11	0	11	0.0002211767
Brevundimonas sp. DS20	1532555	S	4	7	11	0.0002211767
Brevundimonas subvibrioides	74313	S	11	0	11	0.0002211767
Roseomonas gilardii	257708	S	10	1	11	0.0002211767
Azospirillum brasilense	192	S	7	4	11	0.0002211767
Minicystis rosea	888845	S	11	0	11	0.0002211767
Flavobacterium sp. HYN0086	2249356	S	9	2	11	0.0002211767
Chryseobacterium taklimakanense	536441	S	9	2	11	0.0002211767
Elizabethkingia bruuniana	1756149	S	3	8	11	0.0002211767
Hymenobacter sp. PAMC 26628	1484118	S	11	0	11	0.0002211767
Hymenobacter radiodurans	2496028	S	3	8	11	0.0002211767
Streptococcus virus ALQ132	682370	S	2	9	11	0.0002211767
Nocardioides sp. zg-1228	2763008	S	10	0	10	0.0002010697
Arthrobacter sp. ZXY-2	1806905	S	1	9	10	0.0002010697
Rathayibacter sp. VKM Ac-2804	2609257	S	6	4	10	0.0002010697
Corynebacterium matruchotii	43768	S	10	0	10	0.0002010697
Corynebacterium variabile	1727	S	9	1	10	0.0002010697
Streptomyces sp. S1D4-23	2594463	S	1	9	10	0.0002010697
Gardnerella vaginalis	2702	S	8	2	10	0.0002010697
Bacillus subtilis	1423	S	3	7	10	0.0002010697
Paenibacillus polymyxa	1406	S	2	8	10	0.0002010697
Veillonella parvula	29466	S	10	0	10	0.0002010697
Chroococcidiopsis thermalis	54299	S	10	0	10	0.0002010697
Rhodoferax sp. BAB1	2741720	S	9	1	10	0.0002010697
Simplicispira suum	2109915	S	9	1	10	0.0002010697
Massilia lutea	321985	S	8	2	10	0.0002010697
Massilia umbonata	864828	S	7	3	10	0.0002010697
Massilia armeniaca	2072590	S	6	4	10	0.0002010697
Collimonas pratensis	279113	S	10	0	10	0.0002010697
Burkholderia gladioli	28095	S	10	0	10	0.0002010697
Bordetella hinzii	103855	S	9	1	10	0.0002010697
Bordetella parapertussis	519	S	3	7	10	0.0002010697
Oryzomicrobium terrae	1735038	S	10	0	10	0.0002010697
Azoarcus sp. DD4	2027405	S	7	3	10	0.0002010697
Pseudomonas azotoformans	47878	S	7	3	10	0.0002010697
Pseudomonas denitrificans (nom. rej.)	43306	S	9	1	10	0.0002010697
Buchnera aphidicola	9	S	10	0	10	0.0002010697
Luteimonas sp. YGD11-2	2508168	S	10	0	10	0.0002010697
Bradyrhizobium sp. SK17	2057741	S	7	3	10	0.0002010697
Microvirga sp. 17 mud 1-3	2082949	S	9	1	10	0.0002010697
Rhizobium leguminosarum	384	S	8	2	10	0.0002010697
Mesorhizobium sp. L-8-10	2744523	S	3	7	10	0.0002010697
Aminobacter sp. MSH1	374606	S	8	2	10	0.0002010697
Sphingomonas sp. HMP6	1517551	S	10	0	10	0.0002010697
Corallococcus coralloides	184914	S	9	1	10	0.0002010697
Flavobacterium sp. 140616W15	2478552	S	9	1	10	0.0002010697
Flavobacterium sp. KBS0721	1179672	S	8	2	10	0.0002010697
Flavobacterium sp. SLB02	2665645	S	8	2	10	0.0002010697
Flavobacterium sp. LPB0248	2614441	S	7	3	10	0.0002010697
Sphingobacterium lactis	797291	S	7	3	10	0.0002010697
Mucilaginibacter rubeus	2027860	S	3	7	10	0.0002010697
Hymenobacter sp. PAMC 26554	1484116	S	10	0	10	0.0002010697
Alistipes onderdonkii	328813	S	8	2	10	0.0002010697
Parabacteroides distasonis	823	S	1	9	10	0.0002010697
Chitinophaga sp. MD30	2033437	S	10	0	10	0.0002010697
Gemmatimonas sp. TET16	2732249	S	10	0	10	0.0002010697
Pimelobacter simplex	2045	S	8	1	9	0.0001809627
Marmoricola scoriae	642780	S	8	1	9	0.0001809627
Serinicoccus profundi	1078471	S	8	1	9	0.0001809627
Corynebacterium sp. NML98-0116	702967	S	9	0	9	0.0001809627
Gordonia sp. 135	2676309	S	3	6	9	0.0001809627
Dietzia psychralcaliphila	139021	S	9	0	9	0.0001809627
Caldibacillus thermoamylovorans	35841	S	9	0	9	0.0001809627
Acidovorax sp. HDW3	2714923	S	8	1	9	0.0001809627
Rhodoferax antarcticus	81479	S	9	0	9	0.0001809627
Delftia sp. Cs1-4	742013	S	3	6	9	0.0001809627
Massilia albidiflava	321983	S	6	3	9	0.0001809627
Herbaspirillum huttiense	863372	S	8	1	9	0.0001809627
Pandoraea pnomenusa	93220	S	8	1	9	0.0001809627
Thiomonas sp. X19	1050370	S	9	0	9	0.0001809627
Inhella inkyongensis	392593	S	9	0	9	0.0001809627
Alcaligenes faecalis	511	S	4	5	9	0.0001809627
Azospira restricta	404405	S	8	1	9	0.0001809627
Neisseria sicca	490	S	5	4	9	0.0001809627
Casimicrobium huifangae	2591109	S	9	0	9	0.0001809627
Acinetobacter sp. NEB 394	2743575	S	4	5	9	0.0001809627
Acinetobacter schindleri	108981	S	6	3	9	0.0001809627
Pseudomonas sp. SXM-1	2169583	S	3	6	9	0.0001809627
Pseudomonas sp. s211(2017)	2045200	S	3	6	9	0.0001809627
Pseudomonas yamanorum	515393	S	8	1	9	0.0001809627
Enterobacter cloacae complex sp. FDA-CDC-AR_0164	2077136	S	1	8	9	0.0001809627
Leclercia adecarboxylata	83655	S	3	6	9	0.0001809627
Pantoea dispersa	59814	S	7	2	9	0.0001809627
Stenotrophomonas sp. LM091	1904944	S	9	0	9	0.0001809627
Xanthomonas arboricola	56448	S	6	3	9	0.0001809627
Luteimonas sp. MC1750	2799326	S	9	0	9	0.0001809627
Bradyrhizobium sp. PSBB068	2715960	S	7	2	9	0.0001809627
Bosea sp. AS-1	2015316	S	7	2	9	0.0001809627
Bosea sp. F3-2	2599640	S	7	2	9	0.0001809627
Variibacter gotjawalensis	1333996	S	9	0	9	0.0001809627
Mesorhizobium sp. M2A.F.Ca.ET.043.05.1.1	2493671	S	6	3	9	0.0001809627
Hyphomicrobium nitrativorans	1427356	S	9	0	9	0.0001809627
Sphingomonas sp. XS-10	2599297	S	9	0	9	0.0001809627
Sphingomonas sp. LK11	1390395	S	8	1	9	0.0001809627
Sphingomonas wittichii	160791	S	7	2	9	0.0001809627
Sphingobium sp. MI1205	407020	S	4	5	9	0.0001809627
Sphingobium herbicidovorans	76947	S	6	3	9	0.0001809627
Sphingopyxis sp. FD7	1914525	S	7	2	9	0.0001809627
Caulobacter soli	2708539	S	8	1	9	0.0001809627
Maribacter cobaltidurans	1178778	S	3	6	9	0.0001809627
Chryseobacterium indoltheticum	254	S	8	1	9	0.0001809627
Chryseobacterium bernardetii	1241978	S	4	5	9	0.0001809627
Kaistella carnis	1241979	S	8	1	9	0.0001809627
Pedobacter sp. KBS0701	2578106	S	8	1	9	0.0001809627
Sphingobacterium daejeonense	371142	S	9	0	9	0.0001809627
Olivibacter sp. LS-1	2592345	S	1	8	9	0.0001809627
Hymenobacter sp. BRD128	2675878	S	9	0	9	0.0001809627
Phocaeicola dorei	357276	S	5	4	9	0.0001809627
Haliscomenobacter hydrossis	2350	S	9	0	9	0.0001809627
Gemmata sp. SH-PL17	1630693	S	7	2	9	0.0001809627
Luteolibacter luteus	2728835	S	9	0	9	0.0001809627
Natrialba magadii	13769	S	4	5	9	0.0001809627
Flavobacterium phage vB_FspS_hattifnatt9-1	2686246	S	7	2	9	0.0001809627
Humibacter sp. BT305	2282656	S	1	7	8	0.0001608558
Brevibacterium casei	33889	S	8	0	8	0.0001608558
Gordonia insulae	2420509	S	8	0	8	0.0001608558
Staphylococcus haemolyticus	1283	S	6	2	8	0.0001608558
Streptococcus salivarius	1304	S	6	2	8	0.0001608558
Streptococcus dysgalactiae	1334	S	4	4	8	0.0001608558
Streptococcus pyogenes	1314	S	4	4	8	0.0001608558
Thermus scotoductus	37636	S	8	0	8	0.0001608558
Diaphorobacter ruginosibacter	1715720	S	8	0	8	0.0001608558
Rhodoferax ferrireducens	192843	S	8	0	8	0.0001608558
Comamonas serinivorans	1082851	S	8	0	8	0.0001608558
Comamonas thiooxydans	363952	S	4	4	8	0.0001608558
Polaromonas vacuolata	37448	S	7	1	8	0.0001608558
Massilia sp. YMA4	1593482	S	4	4	8	0.0001608558
Herbaspirillum rubrisubalbicans	80842	S	7	1	8	0.0001608558
Ralstonia pickettii	329	S	7	1	8	0.0001608558
Achromobacter denitrificans	32002	S	5	3	8	0.0001608558
Chromobacterium violaceum	536	S	7	1	8	0.0001608558
Chromobacterium paludis	2605945	S	7	1	8	0.0001608558
Neisseria meningitidis	487	S	3	5	8	0.0001608558
Vitreoscilla filiformis	63	S	8	0	8	0.0001608558
Acinetobacter venetianus	52133	S	8	0	8	0.0001608558
Acinetobacter indicus	756892	S	6	2	8	0.0001608558
Pseudomonas gozinkensis	2774461	S	6	2	8	0.0001608558
Xanthomonas sp. LMG 31887	2775162	S	4	4	8	0.0001608558
Vibrio harveyi	669	S	8	0	8	0.0001608558
Vibrio parahaemolyticus	670	S	8	0	8	0.0001608558
Aeromonas sp. CU5	2033033	S	6	2	8	0.0001608558
Aeromonas veronii	654	S	5	3	8	0.0001608558
Rheinheimera sp. LHK132	2498451	S	8	0	8	0.0001608558
Bradyrhizobium oligotrophicum	44255	S	7	1	8	0.0001608558
Bradyrhizobium betae	244734	S	5	3	8	0.0001608558
Methylobacterium sp. 17Sr1-1	2202826	S	6	2	8	0.0001608558
Agrobacterium rhizogenes	359	S	6	2	8	0.0001608558
Sinorhizobium fredii	380	S	5	3	8	0.0001608558
Xanthobacter sp. YN2	2528964	S	7	1	8	0.0001608558
Martelella sp. AD-3	686597	S	5	3	8	0.0001608558
Sphingopyxis terrae	33052	S	6	2	8	0.0001608558
Sphingopyxis lindanitolerans	2054227	S	6	2	8	0.0001608558
Novosphingobium sp. Gsoil 351	2675225	S	8	0	8	0.0001608558
Novosphingopyxis sp. PB63	2762729	S	6	2	8	0.0001608558
Sphingosinicella microcystinivorans	335406	S	8	0	8	0.0001608558
Paracoccus pantotrophus	82367	S	7	1	8	0.0001608558
Rhodobacter blasticus	1075	S	8	0	8	0.0001608558
Pelagibaca abyssi	1250539	S	6	2	8	0.0001608558
Aliarcobacter cryaerophilus	28198	S	6	2	8	0.0001608558
Flavobacterium sp. BB8	2816357	S	7	1	8	0.0001608558
Flavobacterium sp. CLA17	2724135	S	7	1	8	0.0001608558
Flavobacterium indicum	312277	S	8	0	8	0.0001608558
Flavobacterium sangjuense	2518177	S	8	0	8	0.0001608558
Flavobacterium johnsoniae	986	S	7	1	8	0.0001608558
Capnocytophaga gingivalis	1017	S	8	0	8	0.0001608558
Chryseobacterium sp. 6424	2039166	S	7	1	8	0.0001608558
Pedobacter sp. CJ43	2605747	S	8	0	8	0.0001608558
Sphingobacterium sp. G1-14	2003121	S	2	6	8	0.0001608558
Hymenobacter nivis	1850093	S	8	0	8	0.0001608558
Spirosoma pollinicola	2057025	S	8	0	8	0.0001608558
Paludibacter propionicigenes	185300	S	8	0	8	0.0001608558
Aquisphaera giovannonii	406548	S	8	0	8	0.0001608558
Paludisphaera borealis	1387353	S	8	0	8	0.0001608558
Tautonia plasticadhaerens	2527974	S	8	0	8	0.0001608558
Lacunisphaera limnophila	1838286	S	7	1	8	0.0001608558
Paramecium bursaria Chlorella virus A1	381899	S	8	0	8	0.0001608558
Arthrobacter sp. YC-RL1	1652545	S	7	0	7	0.0001407488
Pseudarthrobacter sp. NIBRBAC000502771	2590774	S	3	4	7	0.0001407488
Frigoribacterium sp. NBH87	2596916	S	7	0	7	0.0001407488
Sanguibacter keddieii	60920	S	7	0	7	0.0001407488
Rhodococcus sp. PBTS 2	1653479	S	5	2	7	0.0001407488
Corynebacterium ureicelerivorans	401472	S	7	0	7	0.0001407488
Corynebacterium doosanense	1121358	S	7	0	7	0.0001407488
Gordonia sp. KTR9	337191	S	6	1	7	0.0001407488
Gordonia sp. JH63	2698900	S	3	4	7	0.0001407488
Mycolicibacterium austroafricanum	39687	S	1	6	7	0.0001407488
Mycobacterium cookii	1775	S	7	0	7	0.0001407488
Dietzia sp. DQ12-45-1b	912801	S	2	5	7	0.0001407488
Dietzia lutea	546160	S	7	0	7	0.0001407488
Pseudonocardia sp. HH130629-09	1641402	S	3	4	7	0.0001407488
Catenulispora acidiphila	304895	S	7	0	7	0.0001407488
Streptococcus gallolyticus	315405	S	5	2	7	0.0001407488
Coprococcus catus	116085	S	6	1	7	0.0001407488
Selenomonas sputigena	69823	S	7	0	7	0.0001407488
Calothrix sp. NIES-2098	1954171	S	5	2	7	0.0001407488
Chamaesiphon minutus	1173032	S	7	0	7	0.0001407488
Delftia sp. HK171	1920191	S	2	5	7	0.0001407488
Comamonas kerstersii	225992	S	6	1	7	0.0001407488
Serpentinomonas raichei	1458425	S	6	1	7	0.0001407488
Undibacterium parvum	401471	S	7	0	7	0.0001407488
Undibacterium sp. KW1	2058624	S	4	3	7	0.0001407488
Burkholderia multivorans	87883	S	3	4	7	0.0001407488
Cupriavidus pauculus	82633	S	7	0	7	0.0001407488
Paraburkholderia acidiphila	2571747	S	7	0	7	0.0001407488
Achromobacter sp. AONIH1	1758194	S	5	2	7	0.0001407488
Bordetella bronchialis	463025	S	7	0	7	0.0001407488
Pigmentiphaga sp. H8	2488560	S	7	0	7	0.0001407488
Azoarcus pumilus	2067960	S	7	0	7	0.0001407488
Thauera sp. MZ1T	85643	S	5	2	7	0.0001407488
Pseudogulbenkiania sp. NH8B	748280	S	6	1	7	0.0001407488
Nitrosomonas sp. Is79A3	261292	S	7	0	7	0.0001407488
Acinetobacter tandoii	202954	S	7	0	7	0.0001407488
Pseudomonas orientalis	76758	S	6	1	7	0.0001407488
Pseudomonas fragi	296	S	4	3	7	0.0001407488
Klebsiella grimontii	2058152	S	2	5	7	0.0001407488
Enterobacter roggenkampii	1812935	S	2	5	7	0.0001407488
Pantoea sp. MSR2	2052056	S	7	0	7	0.0001407488
Stenotrophomonas sp. YAU14A_MKIMI4_1	2072408	S	2	5	7	0.0001407488
Stenotrophomonas sp. SXG-1	2682487	S	1	6	7	0.0001407488
Pseudoxanthomonas suwonensis	314722	S	7	0	7	0.0001407488
Bradyrhizobium sp. CCBAU 53340	1325112	S	4	3	7	0.0001407488
Bradyrhizobium sp.	376	S	2	5	7	0.0001407488
Bradyrhizobium genosp. L	83637	S	6	1	7	0.0001407488
Bradyrhizobium lablabi	722472	S	2	5	7	0.0001407488
Afipia sp. GAS231	1882747	S	3	4	7	0.0001407488
Rhizobium favelukesii	348824	S	6	1	7	0.0001407488
Agrobacterium vitis	373	S	7	0	7	0.0001407488
Shinella sp. HZN7	879274	S	5	2	7	0.0001407488
Hartmannibacter diazotrophicus	1482074	S	7	0	7	0.0001407488
Methylosinus trichosporium	426	S	7	0	7	0.0001407488
Sphingopyxis sp. PAMC25046	2565556	S	5	2	7	0.0001407488
Novosphingobium pentaromativorans	205844	S	3	4	7	0.0001407488
Roseovarius indicus	540747	S	5	2	7	0.0001407488
Caulobacter sp. FWC26	69665	S	6	1	7	0.0001407488
Caulobacter flavus	1679497	S	7	0	7	0.0001407488
Caulobacter vibrioides	155892	S	6	1	7	0.0001407488
Terricaulis silvestris	2686094	S	7	0	7	0.0001407488
Azospirillum thermophilum	2202148	S	7	0	7	0.0001407488
Rickettsia endosymbiont of Ixodes pacificus	1133329	S	6	1	7	0.0001407488
Anaeromyxobacter dehalogenans	161493	S	4	3	7	0.0001407488
Helicobacter pylori	210	S	7	0	7	0.0001407488
Flavobacterium sp. MDT1-60	1979344	S	6	1	7	0.0001407488
Flavobacterium branchiophilum	55197	S	7	0	7	0.0001407488
Flavobacterium anhuiense	459526	S	6	1	7	0.0001407488
Flavobacterium crocinum	2183896	S	6	1	7	0.0001407488
Polaribacter sp. ALD11	2058137	S	6	1	7	0.0001407488
Amniculibacterium sp. G2-70	2767188	S	4	3	7	0.0001407488
Aquirufa nivalisilvae	2516557	S	7	0	7	0.0001407488
Chitinophaga pinensis	79329	S	7	0	7	0.0001407488
Panacibacter ginsenosidivorans	1813871	S	7	0	7	0.0001407488
Nibricoccus aquaticus	2576891	S	7	0	7	0.0001407488
Luteitalea pratensis	1855912	S	7	0	7	0.0001407488
Propionibacterium freudenreichii	1744	S	5	1	6	0.0001206418
Nocardioides sp. JQ2195	2592334	S	6	0	6	0.0001206418
Nocardioides sp. S5	2017486	S	6	0	6	0.0001206418
Nocardioides sp. dk884	2662361	S	4	2	6	0.0001206418
Nocardioides anomalus	2712223	S	6	0	6	0.0001206418
Paenarthrobacter ureafaciens	37931	S	2	4	6	0.0001206418
Rothia terrae	396015	S	6	0	6	0.0001206418
Microterricola viridarii	412690	S	6	0	6	0.0001206418
Brachybacterium ginsengisoli	1331682	S	6	0	6	0.0001206418
Nocardia brasiliensis	37326	S	6	0	6	0.0001206418
Nocardia arthritidis	228602	S	6	0	6	0.0001206418
Corynebacterium sp. zg-320	2768834	S	6	0	6	0.0001206418
Corynebacterium anserum	2684406	S	6	0	6	0.0001206418
Corynebacterium genitalium	38288	S	6	0	6	0.0001206418
Corynebacterium striatum	43770	S	5	1	6	0.0001206418
Gordonia alkanivorans	84096	S	2	4	6	0.0001206418
Mycolicibacterium aurum	1791	S	6	0	6	0.0001206418
Mycobacterium sp. KMS	189918	S	2	4	6	0.0001206418
Mycobacterium paragordonae	1389713	S	6	0	6	0.0001206418
Mycobacterium paraseoulense	590652	S	6	0	6	0.0001206418
Dietzia sp. oral taxon 368	712270	S	6	0	6	0.0001206418
Pseudonocardia broussonetiae	2736640	S	5	1	6	0.0001206418
Actinomyces sp. HMT897	2789424	S	2	4	6	0.0001206418
Ilumatobacter coccineus	467094	S	5	1	6	0.0001206418
Conexibacter sp. SYSU D00693	2812560	S	5	1	6	0.0001206418
Streptococcus sp. LPB0220	2610896	S	6	0	6	0.0001206418
Lactococcus garvieae	1363	S	4	2	6	0.0001206418
Weissella cibaria	137591	S	6	0	6	0.0001206418
Levilactobacillus brevis	1580	S	5	1	6	0.0001206418
Lactiplantibacillus plantarum	1590	S	1	5	6	0.0001206418
Enterococcus faecalis	1351	S	5	1	6	0.0001206418
Enterococcus faecium	1352	S	3	3	6	0.0001206418
Aerococcus urinaeequi	51665	S	5	1	6	0.0001206418
Aerococcus viridans	1377	S	4	2	6	0.0001206418
Clostridium sp. JN-1	2483110	S	6	0	6	0.0001206418
Clostridium beijerinckii	1520	S	3	3	6	0.0001206418
Acaryochloris marina	155978	S	6	0	6	0.0001206418
Acidovorax citrulli	80869	S	4	2	6	0.0001206418
Limnohabitans sp. 103DPR2	1678129	S	6	0	6	0.0001206418
Hylemonella gracilis	80880	S	6	0	6	0.0001206418
Massilia flava	871742	S	5	1	6	0.0001206418
Cupriavidus necator	106590	S	6	0	6	0.0001206418
Cupriavidus malaysiensis	367825	S	2	4	6	0.0001206418
Paraburkholderia graminis	60548	S	6	0	6	0.0001206418
Ralstonia mannitolilytica	105219	S	5	1	6	0.0001206418
Bordetella bronchiseptica	518	S	3	3	6	0.0001206418
Azoarcus sp. CIB	198107	S	3	3	6	0.0001206418
Dechloromonas aromatica	259537	S	5	1	6	0.0001206418
Chitinibacter sp. 2T18	2739434	S	4	2	6	0.0001206418
Acinetobacter nosocomialis	106654	S	5	1	6	0.0001206418
Psychrobacter sp. AntiMn-1	1720344	S	5	1	6	0.0001206418
Pseudomonas sp. S150	2559074	S	3	3	6	0.0001206418
Pseudomonas mucidolens	46679	S	6	0	6	0.0001206418
Pseudomonas mendocina	300	S	6	0	6	0.0001206418
Pseudomonas psychrophila	122355	S	6	0	6	0.0001206418
Pseudomonas parafulva	157782	S	5	1	6	0.0001206418
Azotobacter chroococcum	353	S	5	1	6	0.0001206418
Enterobacter cloacae	550	S	2	4	6	0.0001206418
Escherichia fergusonii	564	S	2	4	6	0.0001206418
Stenotrophomonas sp. G4	2303750	S	3	3	6	0.0001206418
Lysobacter capsici	435897	S	6	0	6	0.0001206418
Lysobacter maris	1605891	S	6	0	6	0.0001206418
Xanthomonas hyacinthi	56455	S	6	0	6	0.0001206418
Halomonas sp. THAF5a	2587844	S	6	0	6	0.0001206418
Halomonas subglaciescola	29571	S	6	0	6	0.0001206418
Candidatus Thiodictyon syntrophicum	1166950	S	6	0	6	0.0001206418
Bradyrhizobium sp. CCBAU 51753	1325100	S	5	1	6	0.0001206418
Bradyrhizobium canariense	255045	S	6	0	6	0.0001206418
Bradyrhizobium arachidis	858423	S	5	1	6	0.0001206418
Bradyrhizobium vignae	1549949	S	5	1	6	0.0001206418
Bradyrhizobium cosmicum	1404864	S	5	1	6	0.0001206418
Rhizobium phaseoli	396	S	4	2	6	0.0001206418
Mesorhizobium sp. M4B.F.Ca.ET.058.02.1.1	2493675	S	5	1	6	0.0001206418
Mesorhizobium sp. M1B.F.Ca.ET.045.04.1.1	2493673	S	5	1	6	0.0001206418
Mesorhizobium sp. NZP2298	2483403	S	4	2	6	0.0001206418
Chelativorans sp. BNC1	266779	S	6	0	6	0.0001206418
Starkeya novella	921	S	5	1	6	0.0001206418
Labrys sp. KNU-23	2789216	S	6	0	6	0.0001206418
Pseudorhodoplanes sinuspersici	1235591	S	6	0	6	0.0001206418
Pyruvatibacter mobilis	1712261	S	6	0	6	0.0001206418
Sphingomonas sp. LMO-1	2681549	S	6	0	6	0.0001206418
Sphingobium sp. SCG-1	2072936	S	6	0	6	0.0001206418
Novosphingobium sp. ABRDHK2	2571749	S	5	1	6	0.0001206418
Sphingosinithalassobacter sp. CS137	2762748	S	6	0	6	0.0001206418
Sphingosinithalassobacter sp. zrk23	2711215	S	5	1	6	0.0001206418
Erythrobacter neustonensis	1112	S	6	0	6	0.0001206418
Porphyrobacter sp. CACIAM 03H1	2003315	S	5	1	6	0.0001206418
Altererythrobacter sp. TH136	2067415	S	5	1	6	0.0001206418
Qipengyuania flava	192812	S	4	2	6	0.0001206418
Paracoccus aminophilus	34003	S	6	0	6	0.0001206418
Paracoccus mutanolyticus	1499308	S	2	4	6	0.0001206418
Leisingera sp. NJS204	2508307	S	3	3	6	0.0001206418
Confluentimicrobium sp. EMB200-NS6	1609966	S	4	2	6	0.0001206418
Dinoroseobacter shibae	215813	S	4	2	6	0.0001206418
Brevundimonas sp. M20	2591463	S	6	0	6	0.0001206418
Roseococcus sp. NIBR12	2771361	S	6	0	6	0.0001206418
Flavobacterium sp. I3-2	2748319	S	3	3	6	0.0001206418
Flavobacterium faecale	1355330	S	6	0	6	0.0001206418
Flavobacterium haoranii	683124	S	5	1	6	0.0001206418
Polaribacter sp. SA4-12	1312072	S	6	0	6	0.0001206418
Polaribacter sp. Hel1_33_78	1336804	S	6	0	6	0.0001206418
Polaribacter vadi	1774273	S	6	0	6	0.0001206418
Formosa agariphila	320324	S	6	0	6	0.0001206418
Olleya sp. Bg11-27	2058135	S	3	3	6	0.0001206418
Chryseobacterium sp. NBC 122	2547600	S	6	0	6	0.0001206418
Chryseobacterium sp. G0162	2487063	S	3	3	6	0.0001206418
Kaistella daneshvariae	2487074	S	6	0	6	0.0001206418
Hymenobacter sp. NBH84	2596915	S	6	0	6	0.0001206418
Hymenobacter swuensis	1446467	S	6	0	6	0.0001206418
Hymenobacter busanensis	2607656	S	6	0	6	0.0001206418
Hymenobacter baengnokdamensis	2615203	S	4	2	6	0.0001206418
Spirosoma endbachense	2666025	S	5	1	6	0.0001206418
Bacteroides fragilis	817	S	3	3	6	0.0001206418
Prevotella intermedia	28131	S	6	0	6	0.0001206418
Flavihumibacter sp. SB-02	2676868	S	6	0	6	0.0001206418
Rubinisphaera brasiliensis	119	S	6	0	6	0.0001206418
Caulifigura coniformis	2527983	S	6	0	6	0.0001206418
Anatilimnocola aggregata	2528021	S	6	0	6	0.0001206418
Opitutus sp. GAS368	1882749	S	6	0	6	0.0001206418
Streptococcus virus phiAbc2	633135	S	1	5	6	0.0001206418
Brevilactibacter sp. MC1595	2819349	S	5	0	5	0.0001005348
Nocardioides sp. zg-579	2663857	S	5	0	5	0.0001005348
Nocardioides aromaticivorans	200618	S	5	0	5	0.0001005348
Kocuria rosea	1275	S	5	0	5	0.0001005348
Glutamicibacter protophormiae	37930	S	2	3	5	0.0001005348
Microbacterium sp. NY27	2782169	S	5	0	5	0.0001005348
Microbacterium sp. BH-3-3-3	1906742	S	5	0	5	0.0001005348
Microbacterium oleivorans	273677	S	5	0	5	0.0001005348
Frondihabitans sp. 762G35	1446794	S	5	0	5	0.0001005348
Leifsonia xyli	1575	S	5	0	5	0.0001005348
Herbiconiux sp. SALV-R1	2735133	S	5	0	5	0.0001005348
Intrasporangium calvum	53358	S	5	0	5	0.0001005348
Brevibacterium luteolum	199591	S	5	0	5	0.0001005348
Cellulomonas sp. H30R-01	2704467	S	5	0	5	0.0001005348
Dermatophilus congolensis	1863	S	5	0	5	0.0001005348
Rhodococcus sp. P-2	2795031	S	4	1	5	0.0001005348
Nocardia asteroides	1824	S	5	0	5	0.0001005348
Nocardia mangyaensis	2213200	S	5	0	5	0.0001005348
Corynebacterium sp. 1864	2820399	S	4	1	5	0.0001005348
Corynebacterium kroppenstedtii	161879	S	5	0	5	0.0001005348
Corynebacterium testudinoris	136857	S	5	0	5	0.0001005348
Corynebacterium macginleyi	38290	S	5	0	5	0.0001005348
Corynebacterium casei	160386	S	4	1	5	0.0001005348
Gordonia sp. YC-JH1	2059875	S	4	1	5	0.0001005348
Gordonia iterans	1004901	S	5	0	5	0.0001005348
Mycolicibacterium fortuitum	1766	S	5	0	5	0.0001005348
Mycolicibacterium sediminis	1286180	S	5	0	5	0.0001005348
Streptomyces venezuelae	54571	S	5	0	5	0.0001005348
Streptomyces vietnamensis	362257	S	5	0	5	0.0001005348
Schaalia sp. JY-X169	2758572	S	5	0	5	0.0001005348
Actinomadura sp. WMMA1423	2591108	S	5	0	5	0.0001005348
Actinomarinicola tropica	2789776	S	5	0	5	0.0001005348
Conexibacter woesei	191495	S	5	0	5	0.0001005348
Bacillus thuringiensis	1428	S	2	3	5	0.0001005348
Bacillus vini	1476025	S	5	0	5	0.0001005348
Lactobacillus iners	147802	S	5	0	5	0.0001005348
Latilactobacillus curvatus	28038	S	5	0	5	0.0001005348
Clostridium pasteurianum	1501	S	5	0	5	0.0001005348
Ruminococcus bicirculans	1160721	S	5	0	5	0.0001005348
Gudongella oleilytica	1582259	S	5	0	5	0.0001005348
Nostoc sp. PCC 7524	28072	S	4	1	5	0.0001005348
Fischerella sp. NIES-4106	2005456	S	4	1	5	0.0001005348
Synechococcus sp. PCC 7336	195250	S	5	0	5	0.0001005348
Deinococcus gobiensis	502394	S	5	0	5	0.0001005348
Comamonas piscis	1562974	S	5	0	5	0.0001005348
Ottowia sp. oral taxon 894	1658672	S	5	0	5	0.0001005348
Polynucleobacter duraquae	1835254	S	5	0	5	0.0001005348
Paraburkholderia tropica	92647	S	5	0	5	0.0001005348
Paraburkholderia acidisoli	2571748	S	5	0	5	0.0001005348
Paraburkholderia caffeinilytica	1761016	S	5	0	5	0.0001005348
Bordetella genomosp. 9	1416803	S	5	0	5	0.0001005348
Pigmentiphaga aceris	1940612	S	5	0	5	0.0001005348
Advenella mimigardefordensis	302406	S	4	1	5	0.0001005348
Aromatoleum petrolei	76116	S	4	1	5	0.0001005348
Azoarcus communis	41977	S	5	0	5	0.0001005348
Candidatus Accumulibacter phosphatis	327160	S	5	0	5	0.0001005348
Psychrobacter sp.	56811	S	4	1	5	0.0001005348
Pseudomonas simiae	321846	S	5	0	5	0.0001005348
Pseudomonas psychrotolerans	237610	S	5	0	5	0.0001005348
Pseudomonas granadensis	1421430	S	4	1	5	0.0001005348
Lelliottia amnigena	61646	S	5	0	5	0.0001005348
Pantoea cypripedii	55209	S	5	0	5	0.0001005348
Candidatus Erwinia haradaeae	1922217	S	5	0	5	0.0001005348
Rahnella aceris	2703885	S	3	2	5	0.0001005348
Providencia stuartii	588	S	2	3	5	0.0001005348
Pectobacterium carotovorum	554	S	5	0	5	0.0001005348
Stenotrophomonas indicatrix	2045451	S	1	4	5	0.0001005348
Lysobacter sp. HDW10	2714936	S	5	0	5	0.0001005348
Lysobacter antibioticus	84531	S	5	0	5	0.0001005348
Xanthomonas oryzae	347	S	5	0	5	0.0001005348
Xanthomonas citri	346	S	5	0	5	0.0001005348
Luteimonas sp. MC1572	2799325	S	4	1	5	0.0001005348
Dokdonella koreensis	323415	S	5	0	5	0.0001005348
Vibrio vulnificus	672	S	5	0	5	0.0001005348
Actinobacillus pleuropneumoniae	715	S	4	1	5	0.0001005348
Spongiibacter sp. CSC3.9	2794344	S	5	0	5	0.0001005348
Legionella pneumophila	446	S	4	1	5	0.0001005348
Candidatus Methylospira mobilis	1808979	S	5	0	5	0.0001005348
Immundisolibacter cernigliae	1810504	S	5	0	5	0.0001005348
Agrobacterium larrymoorei	160699	S	5	0	5	0.0001005348
Ensifer adhaerens	106592	S	4	1	5	0.0001005348
Kaistia sp. 32K	2795690	S	5	0	5	0.0001005348
Mesorhizobium ciceri	39645	S	1	4	5	0.0001005348
Aminobacter aminovorans	83263	S	3	2	5	0.0001005348
Roseitalea porphyridii	1852022	S	5	0	5	0.0001005348
Aquabacter sp. L1I39	2820278	S	5	0	5	0.0001005348
Ancylobacter sp. TS-1	1850374	S	5	0	5	0.0001005348
Aureimonas sp. AU20	1349819	S	5	0	5	0.0001005348
Methylocella tundrae	227605	S	5	0	5	0.0001005348
Sphingomonas sp. Cra20	1327635	S	5	0	5	0.0001005348
Sphingomonas sp. C33	2698679	S	5	0	5	0.0001005348
Sphingomonas sp. AP4-R1	2735134	S	5	0	5	0.0001005348
Sphingomonas sp. CL5.1	2653203	S	5	0	5	0.0001005348
Sphingomonas sp. DH-S5	2759526	S	5	0	5	0.0001005348
Sphingomonas sanxanigenens	397260	S	4	1	5	0.0001005348
Sphingobium sp. RAC03	1843368	S	5	0	5	0.0001005348
Sphingopyxis alaskensis	117207	S	5	0	5	0.0001005348
Tardibacter chloracetimidivorans	1921510	S	3	2	5	0.0001005348
Erythrobacter sp. 6D36	2782568	S	5	0	5	0.0001005348
Sphingosinicella sp. BN140058	1892855	S	5	0	5	0.0001005348
Paracoccus liaowanqingii	2560053	S	5	0	5	0.0001005348
Rhodobacter capsulatus	1061	S	4	1	5	0.0001005348
Sulfitobacter pseudonitzschiae	1402135	S	5	0	5	0.0001005348
Roseibacterium elongatum	159346	S	5	0	5	0.0001005348
Brevundimonas sp. SGAir0440	2579977	S	4	1	5	0.0001005348
Caulobacter mirabilis	69666	S	5	0	5	0.0001005348
Phenylobacterium zucineum	284016	S	5	0	5	0.0001005348
Acetobacter ghanensis	431306	S	5	0	5	0.0001005348
Sandaracinus amylolyticus	927083	S	5	0	5	0.0001005348
Melittangium boletus	83453	S	5	0	5	0.0001005348
Flavobacterium commune	1306519	S	5	0	5	0.0001005348
Flavobacterium gilvum	1492737	S	5	0	5	0.0001005348
Flavobacterium sediminis	2201181	S	3	2	5	0.0001005348
Formosa sp. Hel1_31_208	1798225	S	5	0	5	0.0001005348
Lacinutrix venerupis	1486034	S	5	0	5	0.0001005348
Mariniflexile sp. TRM1-10	2027857	S	5	0	5	0.0001005348
Chryseobacterium sp. 3008163	2478663	S	5	0	5	0.0001005348
Chryseobacterium sp. G0201	2487065	S	4	1	5	0.0001005348
Chryseobacterium aureum	2497456	S	5	0	5	0.0001005348
Chryseobacterium lactis	1241981	S	3	2	5	0.0001005348
Empedobacter falsenii	343874	S	4	1	5	0.0001005348
Pedobacter sp. eg	2201271	S	5	0	5	0.0001005348
Solitalea canadensis	995	S	5	0	5	0.0001005348
Pseudopedobacter saltans	151895	S	4	1	5	0.0001005348
Spirosoma sp. KCTC 42546	2520506	S	5	0	5	0.0001005348
Runella sp. HYN0085	2259595	S	5	0	5	0.0001005348
Bernardetia litoralis	999	S	5	0	5	0.0001005348
Prevotella jejuni	1177574	S	5	0	5	0.0001005348
Alistipes finegoldii	214856	S	4	1	5	0.0001005348
Chitinophaga sp. 1303	2725414	S	1	4	5	0.0001005348
Arachidicoccus ginsenosidivorans	496057	S	5	0	5	0.0001005348
Arachidicoccus soli	2341117	S	5	0	5	0.0001005348
Flavisolibacter tropicus	1492898	S	4	1	5	0.0001005348
Niastella koreensis	354356	S	5	0	5	0.0001005348
Filimonas lacunae	477680	S	5	0	5	0.0001005348
Gemmatirosa kalamazoonesis	861299	S	5	0	5	0.0001005348
Planctomyces sp. SH-PL14	1632864	S	5	0	5	0.0001005348
Planctomyces sp. SH-PL62	1636152	S	5	0	5	0.0001005348
Lacipirellula limnantheis	2528024	S	5	0	5	0.0001005348
Lacipirellula parvula	2650471	S	5	0	5	0.0001005348
Brachyspira pilosicoli	52584	S	5	0	5	0.0001005348
Fusobacterium nucleatum	851	S	3	2	5	0.0001005348
Candidatus Babela massiliensis	673862	S	5	0	5	0.0001005348
Flavobacterium phage vB_FspS_snusmum6-1	2686273	S	3	2	5	0.0001005348
Curvibacter virus P26059B	2733926	S	5	0	5	0.0001005348
Only Syngen Nebraska virus 5	1917232	S	4	1	5	0.0001005348
Acidipropionibacterium jensenii	1749	S	4	0	4	0.0000804279
Nocardioides sp. HY056	2500546	S	4	0	4	0.0000804279
Nocardioides sp. CF8	110319	S	4	0	4	0.0000804279
Nocardioides humi	449461	S	4	0	4	0.0000804279
Nocardioides ungokensis	1643322	S	4	0	4	0.0000804279
Nocardioides seonyuensis	2518371	S	4	0	4	0.0000804279
Nocardioides cynanchi	2558918	S	4	0	4	0.0000804279
Aeromicrobium yanjiei	2662028	S	3	1	4	0.0000804279
Kocuria sp. KD4	2719588	S	4	0	4	0.0000804279
Kocuria indica	1049583	S	4	0	4	0.0000804279
Paenarthrobacter sp. YJN-5	2735316	S	2	2	4	0.0000804279
Micrococcus sp. A1	404583	S	1	3	4	0.0000804279
Arthrobacter agilis	37921	S	4	0	4	0.0000804279
Arthrobacter crystallopoietes	37928	S	4	0	4	0.0000804279
Arthrobacter alpinus	656366	S	3	1	4	0.0000804279
Sinomonas sp. R1AF57	2020377	S	4	0	4	0.0000804279
Microbacterium sp. CBA3102	2603598	S	4	0	4	0.0000804279
Microbacterium sp. RG1	2489212	S	4	0	4	0.0000804279
Microbacterium esteraromaticum	57043	S	4	0	4	0.0000804279
Microbacterium testaceum	2033	S	4	0	4	0.0000804279
Microbacterium chocolatum	84292	S	4	0	4	0.0000804279
Microbacterium foliorum	104336	S	4	0	4	0.0000804279
Candidatus Aquiluna sp. 15G-AUS-rot	2499157	S	4	0	4	0.0000804279
Brachybacterium faecium	43669	S	4	0	4	0.0000804279
Dermabacter vaginalis	1630135	S	4	0	4	0.0000804279
Cellulomonas shaoxiangyii	2566013	S	4	0	4	0.0000804279
Oerskovia sp. KBS0722	1179673	S	4	0	4	0.0000804279
Cellulosimicrobium sp. BI34T	2587808	S	2	2	4	0.0000804279
Georgenia sp. Z443	2589797	S	4	0	4	0.0000804279
Rhodococcus hoagii	43767	S	3	1	4	0.0000804279
Nocardia seriolae	37332	S	4	0	4	0.0000804279
Corynebacterium sp. zg-917	2763010	S	4	0	4	0.0000804279
Corynebacterium liangguodongii	2079535	S	4	0	4	0.0000804279
Corynebacterium lactis	1231000	S	4	0	4	0.0000804279
Corynebacterium sanguinis	2594913	S	4	0	4	0.0000804279
Corynebacterium diphtheriae	1717	S	4	0	4	0.0000804279
Corynebacterium minutissimum	38301	S	3	1	4	0.0000804279
Mycolicibacterium smegmatis	1772	S	4	0	4	0.0000804279
Mycolicibacterium aubagnense	319707	S	4	0	4	0.0000804279
Mycolicibacterium confluentis	28047	S	4	0	4	0.0000804279
Mycolicibacterium psychrotolerans	216929	S	4	0	4	0.0000804279
Mycobacterium paraintracellulare	1138383	S	2	2	4	0.0000804279
Mycobacterium shinjukuense	398694	S	4	0	4	0.0000804279
Mycobacteroides salmoniphilum	404941	S	4	0	4	0.0000804279
Streptomyces galilaeus	33899	S	4	0	4	0.0000804279
Streptomyces antimycoticus	68175	S	4	0	4	0.0000804279
Streptomyces clavuligerus	1901	S	4	0	4	0.0000804279
Streptomyces bingchenggensis	379067	S	4	0	4	0.0000804279
Streptomyces rapamycinicus	1226757	S	4	0	4	0.0000804279
Amycolatopsis mediterranei	33910	S	4	0	4	0.0000804279
Saccharopolyspora pogona	333966	S	1	3	4	0.0000804279
Saccharothrix syringae	103733	S	4	0	4	0.0000804279
Actinoalloteichus hymeniacidonis	340345	S	3	1	4	0.0000804279
Micromonospora coriariae	285665	S	4	0	4	0.0000804279
Micromonospora aurantiaca	47850	S	1	3	4	0.0000804279
Actinoplanes missouriensis	1866	S	4	0	4	0.0000804279
Actinoplanes derwentensis	113562	S	4	0	4	0.0000804279
Frankia sp. QA3	710111	S	3	1	4	0.0000804279
Frankia inefficax	298654	S	4	0	4	0.0000804279
Stackebrandtia nassauensis	283811	S	4	0	4	0.0000804279
Jiangella sp. DSM 45060	1798224	S	4	0	4	0.0000804279
Gordonibacter pamelaeae	471189	S	3	1	4	0.0000804279
Euzebya sp. DY32-46	1608957	S	4	0	4	0.0000804279
Staphylococcus saprophyticus	29385	S	4	0	4	0.0000804279
Mammaliicoccus fleurettii	150056	S	4	0	4	0.0000804279
Sporosarcina ureae	1571	S	4	0	4	0.0000804279
Streptococcus sp. oral taxon 431	712633	S	4	0	4	0.0000804279
Streptococcus australis	113107	S	3	1	4	0.0000804279
Streptococcus gwangjuense	1433513	S	3	1	4	0.0000804279
Jeotgalibaca sp. PTS2502	1903686	S	4	0	4	0.0000804279
Enterococcus cecorum	44008	S	4	0	4	0.0000804279
Clostridium sp. AWRP	2212991	S	4	0	4	0.0000804279
Aminipila butyrica	433296	S	4	0	4	0.0000804279
Clostridioides difficile	1496	S	3	1	4	0.0000804279
Selenomonas sp. oral taxon 920	1884263	S	4	0	4	0.0000804279
Nostoc edaphicum	264686	S	4	0	4	0.0000804279
Calothrix brevissima	938406	S	3	1	4	0.0000804279
Microcystis sp. MC19	1967666	S	4	0	4	0.0000804279
Microcystis viridis	44822	S	2	2	4	0.0000804279
Deinococcus ficus	317577	S	4	0	4	0.0000804279
Deinococcus geothermalis	68909	S	3	1	4	0.0000804279
Sphaerobacter thermophilus	2057	S	4	0	4	0.0000804279
Fimbriimonas ginsengisoli	1005039	S	4	0	4	0.0000804279
Herbaspirillum seropedicae	964	S	4	0	4	0.0000804279
Herbaspirillum frisingense	92645	S	4	0	4	0.0000804279
Burkholderia contaminans	488447	S	3	1	4	0.0000804279
Burkholderia sp. RPE67	758796	S	3	1	4	0.0000804279
Polynucleobacter necessarius	576610	S	4	0	4	0.0000804279
Paraburkholderia megapolitana	420953	S	4	0	4	0.0000804279
Pandoraea sp. XY-2	2518599	S	4	0	4	0.0000804279
Caballeronia sp. M1242	2814653	S	2	2	4	0.0000804279
Thiomonas intermedia	926	S	3	1	4	0.0000804279
Thiomonas arsenitoxydans	426114	S	3	1	4	0.0000804279
Bordetella flabilis	463014	S	4	0	4	0.0000804279
Kerstersia gyiorum	206506	S	4	0	4	0.0000804279
Niveibacterium sp. HC41	2811415	S	4	0	4	0.0000804279
Microvirgula aerodenitrificans	57480	S	4	0	4	0.0000804279
Deefgea sp. D17	2739061	S	4	0	4	0.0000804279
Neisseria mucosa	488	S	2	2	4	0.0000804279
Methylotenera mobilis	359408	S	4	0	4	0.0000804279
Methylotenera versatilis	1055487	S	4	0	4	0.0000804279
Sulfurimicrobium lacus	2715678	S	4	0	4	0.0000804279
Candidatus Nitrotoga sp. AM1P	2559597	S	4	0	4	0.0000804279
Usitatibacter palustris	2732487	S	4	0	4	0.0000804279
Acinetobacter sp. TTH0-4	1646498	S	4	0	4	0.0000804279
Acinetobacter sp. WCHA55	2004646	S	3	1	4	0.0000804279
Acinetobacter radioresistens	40216	S	4	0	4	0.0000804279
Psychrobacter sp. PRwf-1	349106	S	3	1	4	0.0000804279
Psychrobacter sp. G	571800	S	1	3	4	0.0000804279
Pseudomonas sp. ATCC 13867	1294143	S	4	0	4	0.0000804279
Pseudomonas sp. IB20	1702250	S	4	0	4	0.0000804279
Pseudomonas sp. MRSN12121	1611770	S	2	2	4	0.0000804279
Pseudomonas sp. BIOMIG1BAC	1758730	S	2	2	4	0.0000804279
Pseudomonas sp. TMW 2.1634	1886807	S	1	3	4	0.0000804279
Pseudomonas synxantha	47883	S	3	1	4	0.0000804279
Pseudomonas libanensis	75588	S	2	2	4	0.0000804279
Pseudomonas fulva	47880	S	4	0	4	0.0000804279
Pseudomonas furukawaii	1149133	S	4	0	4	0.0000804279
Pseudomonas viridiflava	33069	S	4	0	4	0.0000804279
Pseudomonas sediminis	1691904	S	4	0	4	0.0000804279
Pseudomonas reinekei	395598	S	4	0	4	0.0000804279
Pseudomonas eucalypticola	2599595	S	4	0	4	0.0000804279
Pseudomonas thivervalensis	86265	S	4	0	4	0.0000804279
Klebsiella michiganensis	1134687	S	2	2	4	0.0000804279
Enterobacter ludwigii	299767	S	1	3	4	0.0000804279
Raoultella planticola	575	S	2	2	4	0.0000804279
Candidatus Hamiltonella defensa	138072	S	3	1	4	0.0000804279
Pseudescherichia vulneris	566	S	4	0	4	0.0000804279
Phytobacter ursingii	1972431	S	2	2	4	0.0000804279
Pantoea stewartii	66269	S	4	0	4	0.0000804279
Yersinia enterocolitica	630	S	2	2	4	0.0000804279
Yersinia aleksiciae	263819	S	2	2	4	0.0000804279
Stenotrophomonas sp. 169	2770322	S	4	0	4	0.0000804279
Stenotrophomonas sp. Pemsol	2040586	S	2	2	4	0.0000804279
Xanthomonas hortorum	56454	S	4	0	4	0.0000804279
Pseudoxanthomonas spadix	415229	S	4	0	4	0.0000804279
Thermomonas brevis	215691	S	4	0	4	0.0000804279
Rhodanobacter denitrificans	666685	S	4	0	4	0.0000804279
Halomonas titanicae	664683	S	2	2	4	0.0000804279
Alteromonas macleodii	28108	S	2	2	4	0.0000804279
Vibrio splendidus	29497	S	4	0	4	0.0000804279
Haemophilus influenzae	727	S	2	2	4	0.0000804279
Halioglobus maricola	2601894	S	4	0	4	0.0000804279
Thiomicrorhabdus aquaedulcis	2211106	S	4	0	4	0.0000804279
Beggiatoa leptomitoformis	288004	S	4	0	4	0.0000804279
Solimonas sp. K1W22B-7	2303331	S	4	0	4	0.0000804279
Sulfuricaulis limicola	1620215	S	4	0	4	0.0000804279
Bradyrhizobium sp. ORS 285	115808	S	4	0	4	0.0000804279
Bradyrhizobium sp. CCBAU 53351	1325114	S	2	2	4	0.0000804279
Bradyrhizobium genosp. B	83627	S	4	0	4	0.0000804279
Rhizobium sp. TAL182	2020313	S	2	2	4	0.0000804279
Rhizobium etli	29449	S	3	1	4	0.0000804279
Agrobacterium sp. RAC06	1842536	S	2	2	4	0.0000804279
Shinella sp. PSBB067	2715959	S	3	1	4	0.0000804279
Mesorhizobium sp. N3	675281	S	4	0	4	0.0000804279
Mesorhizobium huakuii	28104	S	3	1	4	0.0000804279
Hoeflea phototrophica	244596	S	4	0	4	0.0000804279
Pseudolabrys taiwanensis	331696	S	4	0	4	0.0000804279
Azorhizobium caulinodans	7	S	4	0	4	0.0000804279
[Ochrobactrum] quorumnocens	271865	S	4	0	4	0.0000804279
Sphingomonas sp. sand1-3	2764186	S	4	0	4	0.0000804279
Sphingobium chlorophenolicum	46429	S	3	1	4	0.0000804279
Sphingopyxis sp. QXT-31	1357916	S	4	0	4	0.0000804279
Novosphingobium sp. ES2-1	2780074	S	4	0	4	0.0000804279
Zymomonas mobilis	542	S	4	0	4	0.0000804279
Erythrobacter aureus	2182384	S	4	0	4	0.0000804279
Tsuneonella amylolytica	2338327	S	4	0	4	0.0000804279
Tsuneonella flava	2055955	S	3	1	4	0.0000804279
Leisingera sp. NJS201	2508306	S	2	2	4	0.0000804279
Polymorphum gilvum	991904	S	4	0	4	0.0000804279
Defluviimonas alba	1335048	S	4	0	4	0.0000804279
Roseicitreum antarcticum	564137	S	4	0	4	0.0000804279
Oceanicola sp. D3	2587163	S	4	0	4	0.0000804279
Thioclava electrotropha	1549850	S	3	1	4	0.0000804279
Brevirhabdus pacifica	1267768	S	3	1	4	0.0000804279
Brevundimonas sp. LM2	1938605	S	4	0	4	0.0000804279
Brevundimonas sp. MF30-B	2561924	S	4	0	4	0.0000804279
Caulobacter segnis	88688	S	4	0	4	0.0000804279
Roseomonas sp. 1318	2768161	S	4	0	4	0.0000804279
Granulibacter bethesdensis	364410	S	4	0	4	0.0000804279
Azospirillum sp. TSH58	664962	S	3	1	4	0.0000804279
Tistrella mobilis	171437	S	4	0	4	0.0000804279
Nitrospirillum amazonense	28077	S	4	0	4	0.0000804279
Neorickettsia helminthoeca	33994	S	4	0	4	0.0000804279
Corallococcus macrosporus	35	S	2	2	4	0.0000804279
Archangium violaceum	83451	S	4	0	4	0.0000804279
Geobacter sp. SVR	2495594	S	4	0	4	0.0000804279
Geobacter sp. M21	443144	S	1	3	4	0.0000804279
Campylobacter iguaniorum	1244531	S	4	0	4	0.0000804279
Bdellovibrio sp. KM01	2748865	S	3	1	4	0.0000804279
Hydrogenophilus thermoluteolus	297	S	4	0	4	0.0000804279
Flavobacterium sp. xlx-214	2654325	S	4	0	4	0.0000804279
Flavobacterium nitrogenifigens	1617283	S	3	1	4	0.0000804279
Polaribacter sp. G4M1	2808900	S	4	0	4	0.0000804279
Polaribacter sp. KT 15	1896175	S	1	3	4	0.0000804279
Polaribacter reichenbachii	996801	S	4	0	4	0.0000804279
Capnocytophaga sp. oral taxon 864	1316593	S	1	3	4	0.0000804279
Capnocytophaga sputigena	1019	S	3	1	4	0.0000804279
Myroides odoratus	256	S	4	0	4	0.0000804279
Tenacibaculum sp. DSM 106434	2358479	S	4	0	4	0.0000804279
Winogradskyella schleiferi	2686078	S	2	2	4	0.0000804279
Psychroflexus sp. ALD_RP9	2777186	S	4	0	4	0.0000804279
Olleya aquimaris	639310	S	3	1	4	0.0000804279
Cellulophaga baltica	76594	S	4	0	4	0.0000804279
Gramella fulva	2126553	S	1	3	4	0.0000804279
Chryseobacterium sp. IHB B 17019	1721091	S	4	0	4	0.0000804279
Chryseobacterium balustinum	246	S	3	1	4	0.0000804279
Chryseobacterium shandongense	1493872	S	3	1	4	0.0000804279
Empedobacter stercoris	1628248	S	4	0	4	0.0000804279
Riemerella anatipestifer	34085	S	3	1	4	0.0000804279
Fluviicola taffensis	191579	S	4	0	4	0.0000804279
Mucilaginibacter ginsenosidivorans	398053	S	4	0	4	0.0000804279
Mucilaginibacter celer	2305508	S	4	0	4	0.0000804279
Hymenobacter sp. BRD67	2675877	S	3	1	4	0.0000804279
Pontibacter korlensis	400092	S	4	0	4	0.0000804279
Adhaeribacter swui	2086471	S	4	0	4	0.0000804279
Fibrella aestuarina	651143	S	4	0	4	0.0000804279
Algoriphagus machipongonensis	388413	S	4	0	4	0.0000804279
Belliella baltica	232259	S	3	1	4	0.0000804279
Fulvivirga sp. S481	2810512	S	4	0	4	0.0000804279
Bacteroides cellulosilyticus	246787	S	4	0	4	0.0000804279
Bacteroides ovatus	28116	S	2	2	4	0.0000804279
Bacteroides xylanisolvens	371601	S	2	2	4	0.0000804279
Proteiniphilum saccharofermentans	1642647	S	4	0	4	0.0000804279
Porphyromonas asaccharolytica	28123	S	4	0	4	0.0000804279
Chitinophaga agri	2703787	S	4	0	4	0.0000804279
Arachidicoccus sp. BS20	1850526	S	3	1	4	0.0000804279
Niabella ginsenosidivorans	1176587	S	4	0	4	0.0000804279
Gemmatimonas phototrophica	1379270	S	4	0	4	0.0000804279
Rosistilla carotiformis	2528017	S	3	1	4	0.0000804279
Stieleria maiorica	2795974	S	4	0	4	0.0000804279
Pirellula sp. SH-Sr6A	1632865	S	4	0	4	0.0000804279
Granulicella tundricola	940615	S	4	0	4	0.0000804279
Candidatus Solibacter usitatus	332163	S	4	0	4	0.0000804279
Methanothrix soehngenii	2223	S	4	0	4	0.0000804279
Streptococcus virus Sfi21	64186	S	1	3	4	0.0000804279
Lactococcus phage CHPC362	2675250	S	1	3	4	0.0000804279
Yellowstone lake phycodnavirus 2	1586714	S	4	0	4	0.0000804279
Propionibacterium acidifaciens	556499	S	3	0	3	0.0000603209
Microlunatus sagamiharensis	546874	S	3	0	3	0.0000603209
Nocardioides sp. S-1144	2582905	S	3	0	3	0.0000603209
Nocardioides sp. HDW12B	2714939	S	3	0	3	0.0000603209
Nocardioides euryhalodurans	2518370	S	3	0	3	0.0000603209
Nocardioides sambongensis	2589074	S	3	0	3	0.0000603209
Friedmanniella luteola	546871	S	3	0	3	0.0000603209
Micropruina glycogenica	75385	S	3	0	3	0.0000603209
Kocuria sp. TGY1120_3	2711329	S	2	1	3	0.0000603209
Rothia amarae	169480	S	3	0	3	0.0000603209
Renibacterium salmoninarum	1646	S	3	0	3	0.0000603209
Microbacterium sp. WY121	2782168	S	3	0	3	0.0000603209
Microbacterium sp. A18JL241	2782166	S	3	0	3	0.0000603209
Microbacterium sp. JZ31	1906274	S	3	0	3	0.0000603209
Microbacterium sp. Se63.02b	2709304	S	3	0	3	0.0000603209
Microbacterium sp. TPU 3598	1938334	S	3	0	3	0.0000603209
Microbacterium sp. HY82	2708079	S	3	0	3	0.0000603209
Microbacterium sp. 4R-513	2567934	S	3	0	3	0.0000603209
Microbacterium lemovicicum	1072463	S	3	0	3	0.0000603209
Microbacterium caowuchunii	2614638	S	3	0	3	0.0000603209
Microbacterium oxydans	82380	S	3	0	3	0.0000603209
Curtobacterium sp. 24E2	2804758	S	3	0	3	0.0000603209
Curtobacterium pusillum	69373	S	3	0	3	0.0000603209
Agromyces sp. LHK192	2498704	S	3	0	3	0.0000603209
Agromyces sp. HY052	2585717	S	3	0	3	0.0000603209
Agromyces aureus	453304	S	3	0	3	0.0000603209
Frondihabitans sp. PAMC 28766	1795630	S	3	0	3	0.0000603209
Mycetocola sp. JXN-3	2116510	S	3	0	3	0.0000603209
Clavibacter michiganensis	28447	S	3	0	3	0.0000603209
Phycicoccus sp. HDW14	2714941	S	3	0	3	0.0000603209
Pedococcus dokdonensis	443156	S	3	0	3	0.0000603209
Brevibacterium sp. JNUCC-42	2777985	S	1	2	3	0.0000603209
Brachybacterium sp. P6-10-X1	1903186	S	3	0	3	0.0000603209
Cellulomonas taurus	2729175	S	3	0	3	0.0000603209
Ornithinimicrobium sp. H23M54	2594265	S	3	0	3	0.0000603209
Ornithinimicrobium sp. HY006	2508882	S	2	1	3	0.0000603209
Cellulosimicrobium cellulans	1710	S	2	1	3	0.0000603209
Haloactinobacterium sp. HY164	2675754	S	3	0	3	0.0000603209
Rhodococcus sp. ABRD24	2507582	S	3	0	3	0.0000603209
Rhodococcus sp. PBTS 1	1653478	S	3	0	3	0.0000603209
Rhodococcus rhodochrous	1829	S	3	0	3	0.0000603209
Rhodococcus ruber	1830	S	3	0	3	0.0000603209
Rhodococcus opacus	37919	S	2	1	3	0.0000603209
Nocardia sp. WCH-YHL-001	2755382	S	3	0	3	0.0000603209
Corynebacterium sp. sy039	2599641	S	3	0	3	0.0000603209
Corynebacterium sp. 1959	2675216	S	3	0	3	0.0000603209
Corynebacterium sp. Marseille-Q3630	2754725	S	3	0	3	0.0000603209
Corynebacterium aurimucosum	169292	S	3	0	3	0.0000603209
Corynebacterium bovis	36808	S	3	0	3	0.0000603209
Corynebacterium cystitidis	35757	S	3	0	3	0.0000603209
Corynebacterium deserti	1408191	S	3	0	3	0.0000603209
Corynebacterium resistens	258224	S	3	0	3	0.0000603209
Corynebacterium humireducens	1223514	S	3	0	3	0.0000603209
Corynebacterium efficiens	152794	S	3	0	3	0.0000603209
Corynebacterium vitaeruminis	38305	S	2	1	3	0.0000603209
Mycolicibacterium litorale	758802	S	3	0	3	0.0000603209
Mycobacterium sp. WY10	1920667	S	2	1	3	0.0000603209
Mycobacterium florentinum	292462	S	3	0	3	0.0000603209
Mycobacterium basiliense	2094119	S	3	0	3	0.0000603209
Mycobacterium lacus	169765	S	3	0	3	0.0000603209
Mycobacterium marinum	1781	S	2	1	3	0.0000603209
Streptomyces sp. NHF165	2175864	S	3	0	3	0.0000603209
Streptomyces sp. GS7	2692234	S	3	0	3	0.0000603209
Streptomyces sp. TLI_053	1855352	S	3	0	3	0.0000603209
Streptomyces albus	1888	S	3	0	3	0.0000603209
Streptomyces griseochromogenes	68214	S	3	0	3	0.0000603209
Streptomyces albulus	68570	S	3	0	3	0.0000603209
Streptomyces tsukubensis	83656	S	3	0	3	0.0000603209
Streptomyces xinghaiensis	1038928	S	3	0	3	0.0000603209
Streptomyces bathyalis	2710756	S	3	0	3	0.0000603209
Streptomyces phaeolivaceus	2653200	S	3	0	3	0.0000603209
Streptomyces aquilus	2548456	S	3	0	3	0.0000603209
Streptacidiphilus bronchialis	2126346	S	3	0	3	0.0000603209
Amycolatopsis sp. YIM 10	2653857	S	3	0	3	0.0000603209
Amycolatopsis sp. Hca4	2742131	S	3	0	3	0.0000603209
Amycolatopsis methanolica	1814	S	3	0	3	0.0000603209
Amycolatopsis keratiniphila	129921	S	2	1	3	0.0000603209
Actinoalloteichus hoggarensis	1470176	S	1	2	3	0.0000603209
Actinosynnema pretiosum	42197	S	1	2	3	0.0000603209
Lentzea guizhouensis	1586287	S	3	0	3	0.0000603209
Allokutzneria albata	211114	S	3	0	3	0.0000603209
Micromonospora sp. HM134	2583243	S	3	0	3	0.0000603209
Micromonospora viridifaciens	1881	S	3	0	3	0.0000603209
Micromonospora krabiensis	307121	S	3	0	3	0.0000603209
Micromonospora inositola	47865	S	3	0	3	0.0000603209
Actinoplanes sp. OR16	946334	S	2	1	3	0.0000603209
Salinispora tropica	168695	S	3	0	3	0.0000603209
Actinocatenispora thailandica	227318	S	3	0	3	0.0000603209
Actinomyces procaprae	2560010	S	3	0	3	0.0000603209
Candidatus Planktophila lacus	1884913	S	3	0	3	0.0000603209
Candidatus Planktophila dulcis	1884914	S	3	0	3	0.0000603209
Nonomuraea sp. ATCC 55076	1909395	S	3	0	3	0.0000603209
Nocardiopsis gilva	280236	S	3	0	3	0.0000603209
Frankia casuarinae	106370	S	3	0	3	0.0000603209
Frankia alni	1859	S	2	1	3	0.0000603209
Kineococcus radiotolerans	131568	S	3	0	3	0.0000603209
Epidermidibacterium keratini	1891644	S	3	0	3	0.0000603209
Olsenella sp. oral taxon 807	712411	S	3	0	3	0.0000603209
Egibacter rhizosphaerae	1670831	S	3	0	3	0.0000603209
Staphylococcus sp. M0911	2025492	S	1	2	3	0.0000603209
Staphylococcus equorum	246432	S	3	0	3	0.0000603209
Bacillus anthracis	1392	S	1	2	3	0.0000603209
Bacillus sp. Y1	352858	S	3	0	3	0.0000603209
Bacillus velezensis	492670	S	1	2	3	0.0000603209
Geobacillus sp. 46C-IIa	1963025	S	1	2	3	0.0000603209
Fictibacillus phosphorivorans	1221500	S	3	0	3	0.0000603209
Lysinibacillus timonensis	2086577	S	1	2	3	0.0000603209
Paenibacillus sp. E222	2748863	S	3	0	3	0.0000603209
Paenibacillus sp. 32O-W	1695218	S	3	0	3	0.0000603209
Paenibacillus mucilaginosus	61624	S	3	0	3	0.0000603209
Gemella haemolysans	1379	S	3	0	3	0.0000603209
Gemella sanguinis	84135	S	3	0	3	0.0000603209
Alicyclobacillus ferrooxydans	471514	S	3	0	3	0.0000603209
Streptococcus gordonii	1302	S	3	0	3	0.0000603209
Streptococcus cristatus	45634	S	3	0	3	0.0000603209
Streptococcus iniae	1346	S	3	0	3	0.0000603209
Streptococcus pseudopneumoniae	257758	S	2	1	3	0.0000603209
Lactobacillus delbrueckii	1584	S	3	0	3	0.0000603209
Lactobacillus terrae	2269374	S	3	0	3	0.0000603209
Lactobacillus jensenii	109790	S	3	0	3	0.0000603209
Lactobacillus crispatus	47770	S	3	0	3	0.0000603209
Leuconostoc pseudomesenteroides	33968	S	2	1	3	0.0000603209
Clostridium saccharoperbutylacetonicum	36745	S	3	0	3	0.0000603209
Clostridium baratii	1561	S	3	0	3	0.0000603209
Flavonifractor plautii	292800	S	3	0	3	0.0000603209
Veillonella dispar	39778	S	3	0	3	0.0000603209
Parvimonas micra	33033	S	3	0	3	0.0000603209
Nostoc sp. CENA543	1869241	S	3	0	3	0.0000603209
Cylindrospermum stagnale	142864	S	2	1	3	0.0000603209
Calothrix parasitica	1973486	S	3	0	3	0.0000603209
Rivularia sp. PCC 7116	373994	S	3	0	3	0.0000603209
Synechococcus sp. CBW1108	1353147	S	2	1	3	0.0000603209
Synechococcus sp. RS9902	221345	S	1	2	3	0.0000603209
Pseudanabaena sp. PCC 7367	82654	S	3	0	3	0.0000603209
Pseudanabaena sp. ABRG5-3	685565	S	3	0	3	0.0000603209
Gloeomargarita lithophora	1188228	S	3	0	3	0.0000603209
cyanobacterium endosymbiont of Rhopalodia gibberula	1763363	S	1	2	3	0.0000603209
Mycoplasma mobile	2118	S	3	0	3	0.0000603209
Spiroplasma corruscae	216934	S	3	0	3	0.0000603209
Thermus thermophilus	274	S	3	0	3	0.0000603209
Oceanithermus profundus	187137	S	3	0	3	0.0000603209
Candidatus Symbiobacter mobilis	1436290	S	3	0	3	0.0000603209
Janthinobacterium sp. Marseille	375286	S	3	0	3	0.0000603209
Herbaspirillum hiltneri	341045	S	3	0	3	0.0000603209
Herbaspirillum robiniae	2014887	S	3	0	3	0.0000603209
Glaciimonas sp. PAMC28666	2807626	S	3	0	3	0.0000603209
Noviherbaspirillum sp. UKPF54	2601898	S	3	0	3	0.0000603209
Burkholderia vietnamiensis	60552	S	2	1	3	0.0000603209
Burkholderia ubonensis	101571	S	2	1	3	0.0000603209
Burkholderia thailandensis	57975	S	3	0	3	0.0000603209
Burkholderia sp. DHOD12	2571746	S	3	0	3	0.0000603209
Burkholderia sp. KK1	1855726	S	3	0	3	0.0000603209
Cupriavidus pinatubonensis	248026	S	3	0	3	0.0000603209
Cupriavidus sp. USMAA2-4	876364	S	1	2	3	0.0000603209
Cupriavidus sp. USMAHM13	1389192	S	1	2	3	0.0000603209
Polynucleobacter paneuropaeus	2527775	S	3	0	3	0.0000603209
Paraburkholderia terricola	169427	S	3	0	3	0.0000603209
Paraburkholderia dokdonella	2211211	S	3	0	3	0.0000603209
Paraburkholderia phenoliruptrix	252970	S	3	0	3	0.0000603209
Paraburkholderia phytofirmans	261302	S	3	0	3	0.0000603209
Paraburkholderia sprentiae	948107	S	3	0	3	0.0000603209
Pandoraea faecigallinarum	656179	S	3	0	3	0.0000603209
Lautropia mirabilis	47671	S	3	0	3	0.0000603209
Ephemeroptericola cinctiostellae	2268024	S	3	0	3	0.0000603209
Bordetella sp. H567	1697043	S	3	0	3	0.0000603209
Bordetella genomosp. 13	463040	S	3	0	3	0.0000603209
Bordetella petrii	94624	S	2	1	3	0.0000603209
Alcaligenes sp. SORT26	2813780	S	2	1	3	0.0000603209
Aromatoleum aromaticum	551760	S	3	0	3	0.0000603209
Dechloromonas sp. HYN0024	2231055	S	3	0	3	0.0000603209
Dechloromonas sp. TW-R-39-2	2654218	S	3	0	3	0.0000603209
Chromobacterium vaccinii	1108595	S	3	0	3	0.0000603209
Jeongeupia sp. USM3	1906741	S	3	0	3	0.0000603209
Aquaspirillum sp. LM1	1938604	S	3	0	3	0.0000603209
Neisseria subflava	28449	S	2	1	3	0.0000603209
Candidatus Methylopumilus universalis	2588536	S	3	0	3	0.0000603209
Methylophilus sp. TWE2	1662285	S	3	0	3	0.0000603209
Methylobacillus flagellatus	405	S	3	0	3	0.0000603209
Nitrosomonas ureae	44577	S	3	0	3	0.0000603209
Sulfuriferula sp. AH1	1985873	S	3	0	3	0.0000603209
Ferriphaselus amnicola	1188319	S	3	0	3	0.0000603209
Sulfuritalea hydrogenivorans	748811	S	3	0	3	0.0000603209
Acinetobacter seifertii	1530123	S	3	0	3	0.0000603209
Acinetobacter sp. ACNIH1	1636603	S	2	1	3	0.0000603209
Acinetobacter sp. NEB149	2725684	S	1	2	3	0.0000603209
Acinetobacter bereziniae	106648	S	3	0	3	0.0000603209
Pseudomonas sp. MSPm1	2726956	S	3	0	3	0.0000603209
Pseudomonas sp. R84	1573712	S	3	0	3	0.0000603209
Pseudomonas sp. S1-A32-2	2731681	S	3	0	3	0.0000603209
Pseudomonas sp. UW4	1207075	S	2	1	3	0.0000603209
Pseudomonas sp. Z003-0.4C(8344-21)	1855380	S	2	1	3	0.0000603209
Pseudomonas sp. J380	2605424	S	2	1	3	0.0000603209
Pseudomonas sp. PONIH3	1636610	S	1	2	3	0.0000603209
Pseudomonas sp. SWI44	2083053	S	1	2	3	0.0000603209
Pseudomonas sp. R4-35-07	658643	S	1	2	3	0.0000603209
Pseudomonas rhodesiae	76760	S	3	0	3	0.0000603209
Pseudomonas monteilii	76759	S	2	1	3	0.0000603209
Pseudomonas multiresinivorans	95301	S	3	0	3	0.0000603209
Pseudomonas coronafaciens	53409	S	3	0	3	0.0000603209
Pseudomonas asturiensis	1190415	S	3	0	3	0.0000603209
Pseudomonas salegens	1434072	S	3	0	3	0.0000603209
Pseudomonas pohangensis	364197	S	3	0	3	0.0000603209
Pseudomonas cremoricolorata	157783	S	3	0	3	0.0000603209
Pseudomonas entomophila	312306	S	3	0	3	0.0000603209
Pseudomonas otitidis	319939	S	3	0	3	0.0000603209
Pseudomonas alcaliphila	101564	S	2	1	3	0.0000603209
Pseudomonas soli	1306993	S	1	2	3	0.0000603209
Azotobacter salinestris	69964	S	3	0	3	0.0000603209
Klebsiella aerogenes	548	S	3	0	3	0.0000603209
Klebsiella oxytoca	571	S	2	1	3	0.0000603209
Leclercia sp. J807	2681307	S	3	0	3	0.0000603209
Kosakonia pseudosacchari	1646340	S	3	0	3	0.0000603209
Pantoea sp. SO10	2575375	S	3	0	3	0.0000603209
Erwinia persicina	55211	S	2	1	3	0.0000603209
Mixta gaviniae	665914	S	3	0	3	0.0000603209
Serratia fonticola	47917	S	3	0	3	0.0000603209
Serratia plymuthica	82996	S	3	0	3	0.0000603209
Pectobacterium atrosepticum	29471	S	3	0	3	0.0000603209
Pectobacterium wasabiae	55208	S	3	0	3	0.0000603209
Hafnia alvei	569	S	2	1	3	0.0000603209
Obesumbacterium proteus	82983	S	2	1	3	0.0000603209
Stenotrophomonas sp. NA06056	2742129	S	3	0	3	0.0000603209
Lysobacter sp. H21R4	2781021	S	3	0	3	0.0000603209
Lysobacter alkalisoli	2591633	S	3	0	3	0.0000603209
Xanthomonas sacchari	56458	S	3	0	3	0.0000603209
Luteimonas chenhongjianii	2006110	S	3	0	3	0.0000603209
Thermomonas carbonis	1463158	S	3	0	3	0.0000603209
Thermomonas sp. XSG	2771436	S	2	1	3	0.0000603209
Rhodanobacter glycinis	582702	S	3	0	3	0.0000603209
Dyella sp. G9	2763498	S	3	0	3	0.0000603209
Halomonas sp. YLGW01	2773308	S	3	0	3	0.0000603209
Halomonas campisalis	74661	S	1	2	3	0.0000603209
Shewanella sp. MR-7	60481	S	2	1	3	0.0000603209
Shewanella sp. MR-4	60480	S	2	1	3	0.0000603209
Pseudoalteromonas nigrifaciens	28109	S	1	2	3	0.0000603209
Pseudoalteromonas translucida	166935	S	1	2	3	0.0000603209
Pseudoalteromonas paragorgicola	166934	S	1	2	3	0.0000603209
Vibrio coralliilyticus	190893	S	3	0	3	0.0000603209
Zobellella denitrificans	347534	S	3	0	3	0.0000603209
Glaesserella parasuis	738	S	3	0	3	0.0000603209
Mannheimia pernigra	111844	S	2	1	3	0.0000603209
Rheinheimera sp. D18	2545632	S	3	0	3	0.0000603209
Microbulbifer sp. YPW1	2745199	S	3	0	3	0.0000603209
Legionella sp. PC997	2755562	S	1	2	3	0.0000603209
Legionella cherrii	28084	S	3	0	3	0.0000603209
Sinimarinibacterium sp. NLF-5-8	2698684	S	3	0	3	0.0000603209
Bradyrhizobium sp. 6(2017)	1197460	S	3	0	3	0.0000603209
Bradyrhizobium sp. CCBAU 53421	1325120	S	3	0	3	0.0000603209
Bradyrhizobium sp. CCBAU 53338	1325111	S	2	1	3	0.0000603209
Bradyrhizobium guangxiense	1325115	S	2	1	3	0.0000603209
Nitrobacter winogradskyi	913	S	3	0	3	0.0000603209
Methylobacterium terrae	2202827	S	3	0	3	0.0000603209
Microvirga ossetica	1882682	S	3	0	3	0.0000603209
Microvirga thermotolerans	2651334	S	3	0	3	0.0000603209
Rhizobium sp. Kim5	2020311	S	2	1	3	0.0000603209
Rhizobium oryzihabitans	2267833	S	2	1	3	0.0000603209
Neorhizobium sp. NCHU2750	1825976	S	3	0	3	0.0000603209
Sinorhizobium americanum	194963	S	3	0	3	0.0000603209
Sinorhizobium sp. RAC02	1842534	S	3	0	3	0.0000603209
Ensifer alkalisoli	1752398	S	3	0	3	0.0000603209
Mesorhizobium sp. J8	2777475	S	3	0	3	0.0000603209
Mesorhizobium sp. M8A.F.Ca.ET.057.01.1.1	2493679	S	3	0	3	0.0000603209
Mesorhizobium oceanicum	1670800	S	3	0	3	0.0000603209
Hyphomicrobium sp. MC1	717785	S	3	0	3	0.0000603209
Devosia sp. I507	2083786	S	3	0	3	0.0000603209
Aureimonas sp. LMG 31693	2758041	S	3	0	3	0.0000603209
Candidatus Hodgkinia cicadicola	573658	S	3	0	3	0.0000603209
Brucella pituitosa	571256	S	3	0	3	0.0000603209
Brucella sp. 09RB8910	1844051	S	2	1	3	0.0000603209
Labrenzia sp. CP4	1674922	S	1	2	3	0.0000603209
Pannonibacter phragmitetus	121719	S	2	1	3	0.0000603209
Methylocystis bryophila	655015	S	3	0	3	0.0000603209
Methylocella silvestris	199596	S	3	0	3	0.0000603209
Bartonella alsatica	52764	S	2	1	3	0.0000603209
Chelatococcus daeguensis	444444	S	1	2	3	0.0000603209
Sphingomonas sp. LM7	1938607	S	3	0	3	0.0000603209
Sphingomonas sp. C8-2	2492837	S	2	1	3	0.0000603209
Sphingomonas xanthus	2594473	S	3	0	3	0.0000603209
Sphingobium sp. KCTC 72723	2733867	S	3	0	3	0.0000603209
Novosphingobium sp. THN1	1016987	S	3	0	3	0.0000603209
Novosphingobium sp. PP1Y	702113	S	2	1	3	0.0000603209
Sphingorhabdus sp. YGSMI21	2077182	S	3	0	3	0.0000603209
Allosphingosinicella indica	941907	S	3	0	3	0.0000603209
Rhizorhabdus dicambivorans	1850238	S	2	1	3	0.0000603209
Erythrobacter sp. HKB08	2502843	S	3	0	3	0.0000603209
Croceicoccus sp. YJ47	2798724	S	3	0	3	0.0000603209
Tsuneonella mangrovi	1982042	S	3	0	3	0.0000603209
Sandaracinobacter sp. M6	2759707	S	3	0	3	0.0000603209
Paracoccus sp. BM15	1529068	S	3	0	3	0.0000603209
Paracoccus sp. AK26	2589076	S	3	0	3	0.0000603209
Paracoccus kondratievae	135740	S	3	0	3	0.0000603209
Rhodobacter sp. CZR27	2033869	S	3	0	3	0.0000603209
Celeribacter manganoxidans	1411902	S	3	0	3	0.0000603209
Celeribacter indicus	1208324	S	2	1	3	0.0000603209
Phaeobacter gallaeciensis	60890	S	2	1	3	0.0000603209
Phaeobacter inhibens	221822	S	2	1	3	0.0000603209
Ruegeria pomeroyi	89184	S	3	0	3	0.0000603209
Ketogulonicigenium vulgare	92945	S	3	0	3	0.0000603209
Rhodovulum sulfidophilum	35806	S	3	0	3	0.0000603209
Mameliella alba	561184	S	3	0	3	0.0000603209
Pseudorhodobacter turbinis	2500533	S	3	0	3	0.0000603209
Gemmobacter sp. HYN0069	2169400	S	3	0	3	0.0000603209
Marivivens sp. JLT3646	1920883	S	3	0	3	0.0000603209
Brevundimonas sp. AJA228-03	2752515	S	3	0	3	0.0000603209
Acetobacter orientalis	146474	S	3	0	3	0.0000603209
Komagataeibacter europaeus	33995	S	1	2	3	0.0000603209
Magnetospirillum gryphiswaldense	55518	S	3	0	3	0.0000603209
Hypericibacter terrae	2602015	S	3	0	3	0.0000603209
Thalassospira sp. A40-3	2785908	S	2	1	3	0.0000603209
Ferrovibrio terrae	2594003	S	3	0	3	0.0000603209
Ehrlichia ruminantium	779	S	3	0	3	0.0000603209
Candidatus Pelagibacter sp. HIMB1321	1388755	S	3	0	3	0.0000603209
Phreatobacter cathodiphilus	1868589	S	3	0	3	0.0000603209
Hyphomonas sp. Mor2	1906738	S	3	0	3	0.0000603209
Myxococcus hansupus	1297742	S	3	0	3	0.0000603209
Myxococcus xanthus	34	S	2	1	3	0.0000603209
Pyxidicoccus sp. SCPEA002	2813578	S	3	0	3	0.0000603209
Archangium gephyra	48	S	3	0	3	0.0000603209
Vulgatibacter incomptus	1391653	S	3	0	3	0.0000603209
Desulfovibrio fairfieldensis	44742	S	3	0	3	0.0000603209
Candidatus Desulfovibrio trichonymphae	1725232	S	3	0	3	0.0000603209
Desulfococcus oleovorans	181663	S	3	0	3	0.0000603209
Campylobacter coli	195	S	2	1	3	0.0000603209
Campylobacter jejuni	197	S	1	2	3	0.0000603209
Bacteriovorax stolpii	960	S	3	0	3	0.0000603209
Acidithiobacillus ferrivorans	160808	S	3	0	3	0.0000603209
Flavobacterium sp. CJ74	2294119	S	3	0	3	0.0000603209
Flavobacterium pallidum	2172098	S	3	0	3	0.0000603209
Flavobacterium crassostreae	1763534	S	3	0	3	0.0000603209
Flavobacterium kingsejongi	1678728	S	3	0	3	0.0000603209
Polaribacter sp. KT25b	1855336	S	3	0	3	0.0000603209
Polaribacter sp. L12M9	2738844	S	3	0	3	0.0000603209
Polaribacter sp. BM10	1529069	S	1	2	3	0.0000603209
Aquimarina sp. AD10	1714849	S	3	0	3	0.0000603209
Aquimarina sp. BL5	1714860	S	3	0	3	0.0000603209
Lacinutrix sp. 5H-3-7-4	983544	S	3	0	3	0.0000603209
Psychroflexus torquis	57029	S	3	0	3	0.0000603209
Kordia antarctica	1218801	S	3	0	3	0.0000603209
Algibacter sp. L3A6	2686366	S	3	0	3	0.0000603209
Changchengzhania lutea	2049305	S	3	0	3	0.0000603209
Croceibacter atlanticus	313588	S	3	0	3	0.0000603209
Lutibacter profundi	1622118	S	3	0	3	0.0000603209
Zunongwangia profunda	398743	S	2	1	3	0.0000603209
Empedobacter brevis	247	S	3	0	3	0.0000603209
Sphingobacterium psychroaquaticum	561061	S	3	0	3	0.0000603209
Mucilaginibacter gotjawali	1550579	S	3	0	3	0.0000603209
Mucilaginibacter ginkgonis	2682091	S	3	0	3	0.0000603209
Hymenobacter jejuensis	2502781	S	3	0	3	0.0000603209
Pontibacter akesuensis	388950	S	3	0	3	0.0000603209
Spirosoma rigui	564064	S	3	0	3	0.0000603209
Runella slithyformis	106	S	3	0	3	0.0000603209
Dyadobacter fermentans	94254	S	3	0	3	0.0000603209
Algoriphagus sanaruensis	1727163	S	3	0	3	0.0000603209
Chryseolinea soli	2321403	S	3	0	3	0.0000603209
Prevotella melaninogenica	28132	S	3	0	3	0.0000603209
Prevotella copri	165179	S	3	0	3	0.0000603209
Draconibacterium orientale	1168034	S	3	0	3	0.0000603209
Labilibaculum antarcticum	1717717	S	3	0	3	0.0000603209
Chitinophaga sp. XS-30	2604421	S	3	0	3	0.0000603209
Arachidicoccus sp. B3-10	2545455	S	3	0	3	0.0000603209
Salinibacter ruber	146919	S	3	0	3	0.0000603209
Chlorobium phaeobacteroides	1096	S	3	0	3	0.0000603209
Gimesia alba	2527973	S	3	0	3	0.0000603209
Gimesia panareensis	2527978	S	3	0	3	0.0000603209
Gimesia benthica	2608982	S	2	1	3	0.0000603209
Planctopirus ephydatiae	2528019	S	1	2	3	0.0000603209
Symmachiella dynata	2527995	S	3	0	3	0.0000603209
Stieleria neptunia	2527979	S	3	0	3	0.0000603209
Bremerella volcania	2527984	S	3	0	3	0.0000603209
Singulisphaera acidiphila	466153	S	3	0	3	0.0000603209
Humisphaera borealis	2807512	S	3	0	3	0.0000603209
Verrucomicrobium sp. GAS474	1882831	S	3	0	3	0.0000603209
Opitutus terrae	107709	S	3	0	3	0.0000603209
Treponema primitia	88058	S	3	0	3	0.0000603209
Treponema pedis	409322	S	3	0	3	0.0000603209
Borrelia turcica	229155	S	3	0	3	0.0000603209
Turneriella parva	29510	S	3	0	3	0.0000603209
Candidatus Koribacter versatilis	658062	S	3	0	3	0.0000603209
Paludibaculum fermentans	1473598	S	3	0	3	0.0000603209
Defluviitoga tunisiensis	1006576	S	3	0	3	0.0000603209
Thermosipho sp. 1070	1437364	S	1	2	3	0.0000603209
Candidatus Saccharimonas aalborgensis	1332188	S	3	0	3	0.0000603209
Nitrospira moscoviensis	42253	S	3	0	3	0.0000603209
Propionibacterium virus Kubed	1982256	S	2	1	3	0.0000603209
Torque teno virus 24	687363	S	3	0	3	0.0000603209
Acidipropionibacterium virtanenii	2057246	S	2	0	2	0.0000402139
Tessaracoccus flavescens	399497	S	1	1	2	0.0000402139
Tessaracoccus defluvii	1285901	S	1	1	2	0.0000402139
Microlunatus phosphovorus	29405	S	2	0	2	0.0000402139
Raineyella sp. CBA3103	2662261	S	2	0	2	0.0000402139
Nocardioides sp. 603	2483798	S	2	0	2	0.0000402139
Nocardioides sp. dk3136	2575373	S	2	0	2	0.0000402139
Nocardioides sp. HDW12A	2714938	S	2	0	2	0.0000402139
Nocardioides sp. JS614	196162	S	2	0	2	0.0000402139
Nocardioides marinisabuli	419476	S	2	0	2	0.0000402139
Nocardioides dokdonensis	450734	S	2	0	2	0.0000402139
Aeromicrobium sp. A1-2	2107713	S	2	0	2	0.0000402139
Aeromicrobium marinum	219314	S	2	0	2	0.0000402139
Mumia sp. ZJ1417	2708082	S	2	0	2	0.0000402139
Kribbella qitaiheensis	1544730	S	2	0	2	0.0000402139
Kocuria flava	446860	S	2	0	2	0.0000402139
Paenarthrobacter aurescens	43663	S	1	1	2	0.0000402139
Micrococcus sp. V7	404582	S	2	0	2	0.0000402139
Arthrobacter sp. YN	2020486	S	2	0	2	0.0000402139
Arthrobacter sp. U41	1849032	S	2	0	2	0.0000402139
Arthrobacter sp. UKPF54-2	2600159	S	2	0	2	0.0000402139
Arthrobacter citreus	1670	S	2	0	2	0.0000402139
Rothia kristinae	37923	S	2	0	2	0.0000402139
Rothia aeria	172042	S	2	0	2	0.0000402139
Pseudarthrobacter chlorophenolicus	85085	S	2	0	2	0.0000402139
Pseudarthrobacter phenanthrenivorans	361575	S	2	0	2	0.0000402139
Psychromicrobium lacuslunae	1618207	S	2	0	2	0.0000402139
Microbacterium sp. 10M-3C3	2483401	S	2	0	2	0.0000402139
Microbacterium sp. XT11	367477	S	2	0	2	0.0000402139
Microbacterium sp. ABRD_28	2268461	S	2	0	2	0.0000402139
Microbacterium sp. No. 7	1714373	S	2	0	2	0.0000402139
Microbacterium hydrocarbonoxydans	273678	S	2	0	2	0.0000402139
Microbacterium wangchenii	2541726	S	2	0	2	0.0000402139
Microbacterium sediminis	904291	S	2	0	2	0.0000402139
Microbacterium protaetiae	2509458	S	2	0	2	0.0000402139
Curtobacterium sp. BH-2-1-1	1905847	S	2	0	2	0.0000402139
Curtobacterium sp. SGAir0471	2070337	S	2	0	2	0.0000402139
Curtobacterium sp. YC1	2795488	S	2	0	2	0.0000402139
Rathayibacter toxicus	145458	S	2	0	2	0.0000402139
Rathayibacter tanaceti	1671680	S	2	0	2	0.0000402139
Agromyces sp. KACC 19306	2592652	S	2	0	2	0.0000402139
Agromyces protaetiae	2509455	S	2	0	2	0.0000402139
Rhodoluna limnophila	232537	S	1	1	2	0.0000402139
Leucobacter sp. CX169	2813744	S	2	0	2	0.0000402139
Leucobacter viscericola	2714935	S	1	1	2	0.0000402139
Plantibacter sp. PA-3-X8	2480625	S	2	0	2	0.0000402139
Plantibacter flavus	150123	S	2	0	2	0.0000402139
Cryobacterium soli	2220095	S	1	1	2	0.0000402139
Agrococcus carbonis	684552	S	2	0	2	0.0000402139
Protaetiibacter intestinalis	2419774	S	2	0	2	0.0000402139
Pontimonas salivibrio	1159327	S	2	0	2	0.0000402139
Lysinimonas sp. KACC 19322	2592654	S	2	0	2	0.0000402139
Agreia sp. COWG	2773266	S	2	0	2	0.0000402139
Janibacter melonis	262209	S	2	0	2	0.0000402139
Brevibacterium aurantiacum	273384	S	2	0	2	0.0000402139
Brevibacterium oceani	358099	S	2	0	2	0.0000402139
Brachybacterium saurashtrense	556288	S	2	0	2	0.0000402139
Brachybacterium avium	2017485	S	2	0	2	0.0000402139
Cellulomonas fimi	1708	S	2	0	2	0.0000402139
Cellulomonas flavigena	1711	S	2	0	2	0.0000402139
Ornithinimicrobium flavum	1288636	S	2	0	2	0.0000402139
Xylanimonas cellulosilytica	186189	S	2	0	2	0.0000402139
Austwickia chelonae	100225	S	2	0	2	0.0000402139
Rhodococcus sp. SGAir0479	2567884	S	2	0	2	0.0000402139
Rhodococcus sp. P1Y	1302308	S	2	0	2	0.0000402139
Rhodococcus sp. B7740	1564114	S	2	0	2	0.0000402139
Rhodococcus koreensis	99653	S	2	0	2	0.0000402139
Rhodococcus jostii	132919	S	2	0	2	0.0000402139
Corynebacterium sp. 2019	2675218	S	2	0	2	0.0000402139
Corynebacterium sp. ZJ-599	2709394	S	2	0	2	0.0000402139
Corynebacterium aquilae	203263	S	2	0	2	0.0000402139
Corynebacterium glyciniphilum	1404244	S	2	0	2	0.0000402139
Corynebacterium mustelae	571915	S	2	0	2	0.0000402139
Corynebacterium renale	1724	S	2	0	2	0.0000402139
Corynebacterium endometrii	2488819	S	2	0	2	0.0000402139
Corynebacterium geronticis	2079234	S	2	0	2	0.0000402139
Gordonia sp. PDNC005	2811424	S	2	0	2	0.0000402139
Gordonia phthalatica	1136941	S	2	0	2	0.0000402139
Mycolicibacterium parafortuitum	39692	S	2	0	2	0.0000402139
Mycolicibacterium mucogenicum	56689	S	2	0	2	0.0000402139
Mycolicibacterium tokaiense	39695	S	2	0	2	0.0000402139
Mycolicibacterium mageritense	53462	S	2	0	2	0.0000402139
Mycolicibacterium doricum	126673	S	2	0	2	0.0000402139
Mycolicibacterium phocaicum	319706	S	2	0	2	0.0000402139
Mycolicibacterium arabiense	1286181	S	2	0	2	0.0000402139
Mycolicibacterium sarraceniae	1534348	S	2	0	2	0.0000402139
Mycolicibacterium helvum	1534349	S	2	0	2	0.0000402139
Mycolicibacterium phlei	1771	S	2	0	2	0.0000402139
Mycolicibacterium chitae	1792	S	2	0	2	0.0000402139
Mycolicibacterium rhodesiae	36814	S	2	0	2	0.0000402139
Mycolicibacterium poriferae	39694	S	1	1	2	0.0000402139
Mycobacterium sp. YC-RL4	1682113	S	2	0	2	0.0000402139
Mycobacterium sp. MS1601	1936029	S	2	0	2	0.0000402139
Mycobacterium stomatepiae	470076	S	2	0	2	0.0000402139
Mycobacterium avium	1764	S	2	0	2	0.0000402139
Mycobacterium conspicuum	44010	S	2	0	2	0.0000402139
Mycobacterium kansasii	1768	S	2	0	2	0.0000402139
Mycobacterium dioxanotrophicus	482462	S	2	0	2	0.0000402139
Mycobacteroides abscessus	36809	S	2	0	2	0.0000402139
Hoyosella subflava	639313	S	2	0	2	0.0000402139
Mycolicibacillus koreensis	1069220	S	2	0	2	0.0000402139
Tomitella sp. HY172	2760083	S	2	0	2	0.0000402139
Streptomyces sp. ZYC-3	2797636	S	2	0	2	0.0000402139
Streptomyces sp. SCSIO 3032	1264596	S	2	0	2	0.0000402139
Streptomyces sp. XC 2026	2782004	S	2	0	2	0.0000402139
Streptomyces sp. So13.3	2136173	S	2	0	2	0.0000402139
Streptomyces sp. CRPJ-33	2768068	S	2	0	2	0.0000402139
Streptomyces sp. RTd22	1841249	S	2	0	2	0.0000402139
Streptomyces sp. QHH-9511	2684468	S	2	0	2	0.0000402139
Streptomyces sp. CMB-StM0423	2059884	S	2	0	2	0.0000402139
Streptomyces sp. NA04227	2742136	S	2	0	2	0.0000402139
Streptomyces sp. NA02950	2742137	S	2	0	2	0.0000402139
Streptomyces nodosus	40318	S	2	0	2	0.0000402139
Streptomyces griseoviridis	45398	S	2	0	2	0.0000402139
Streptomyces buecherae	2763006	S	2	0	2	0.0000402139
Streptomyces actuosus	1885	S	2	0	2	0.0000402139
Streptomyces finlayi	67296	S	2	0	2	0.0000402139
Streptomyces globosus	68209	S	2	0	2	0.0000402139
Streptomyces pactum	68249	S	2	0	2	0.0000402139
Streptomyces paludis	2282738	S	2	0	2	0.0000402139
Streptomyces alboniger	132473	S	2	0	2	0.0000402139
Streptomyces rectiverticillatus	173860	S	2	0	2	0.0000402139
Streptomyces davaonensis	348043	S	2	0	2	0.0000402139
Streptomyces tirandamycinicus	2174846	S	2	0	2	0.0000402139
Streptomyces nigra	1827580	S	2	0	2	0.0000402139
Streptomyces gilvosporeus	553510	S	2	0	2	0.0000402139
Streptomyces spongiicola	1690221	S	2	0	2	0.0000402139
Streptomyces albireticuli	1940	S	2	0	2	0.0000402139
Streptomyces lincolnensis	1915	S	2	0	2	0.0000402139
Streptomyces cattleya	29303	S	2	0	2	0.0000402139
Streptomyces vinaceus	1960	S	2	0	2	0.0000402139
Kitasatospora albolonga	68173	S	2	0	2	0.0000402139
Pseudonocardia sp. HH130630-07	1690815	S	1	1	2	0.0000402139
Amycolatopsis albispora	1804986	S	2	0	2	0.0000402139
Saccharopolyspora erythraea	1836	S	2	0	2	0.0000402139
Saccharothrix espanaensis	103731	S	2	0	2	0.0000402139
Saccharothrix sp. 6-C	2781735	S	2	0	2	0.0000402139
Saccharomonospora glauca	40990	S	2	0	2	0.0000402139
Saccharomonospora marina	632569	S	2	0	2	0.0000402139
Kibdelosporangium phytohabitans	860235	S	2	0	2	0.0000402139
Micromonospora sp. 28ISP2-46	2749844	S	2	0	2	0.0000402139
Micromonospora maris	1003110	S	2	0	2	0.0000402139
Micromonospora coxensis	356852	S	2	0	2	0.0000402139
Phytohabitans suffuscus	624315	S	2	0	2	0.0000402139
Phytohabitans flavus	1076124	S	2	0	2	0.0000402139
Actinomyces sp. ZJ750	2744574	S	2	0	2	0.0000402139
Actinomyces naeslundii	1655	S	2	0	2	0.0000402139
Actinomyces gaoshouyii	1960083	S	2	0	2	0.0000402139
Trueperella bialowiezensis	312285	S	2	0	2	0.0000402139
Nonomuraea nitratireducens	2656914	S	2	0	2	0.0000402139
Actinomadura verrucosospora	46165	S	2	0	2	0.0000402139
Streptomonospora sp. M2	2498135	S	2	0	2	0.0000402139
Frankia sp. EAN1pec	298653	S	2	0	2	0.0000402139
Geodermatophilus obscurus	1861	S	2	0	2	0.0000402139
Blastococcus saxobsidens	138336	S	2	0	2	0.0000402139
Lancefieldella parvula	1382	S	2	0	2	0.0000402139
Eggerthella sp. YY7918	502558	S	1	1	2	0.0000402139
Berryella intestinalis	1531429	S	2	0	2	0.0000402139
Baekduia soli	496014	S	2	0	2	0.0000402139
Staphylococcus felis	46127	S	2	0	2	0.0000402139
Staphylococcus nepalensis	214473	S	2	0	2	0.0000402139
Mammaliicoccus sciuri	1296	S	2	0	2	0.0000402139
Macrococcus bohemicus	1903056	S	1	1	2	0.0000402139
[Micrococcus] candicans	946432	S	2	0	2	0.0000402139
Bacillus sp. X1(2014)	1565991	S	2	0	2	0.0000402139
Bacillus sp. V3	2795526	S	2	0	2	0.0000402139
Bacillus sp. HD4P25	2779776	S	2	0	2	0.0000402139
Bacillus licheniformis	1402	S	1	1	2	0.0000402139
Bacillus inaquosorum	483913	S	1	1	2	0.0000402139
[Brevibacterium] frigoritolerans	450367	S	1	1	2	0.0000402139
Alkalihalobacillus clausii	79880	S	2	0	2	0.0000402139
Peribacillus asahii	228899	S	2	0	2	0.0000402139
Paraliobacillus zengyii	2213194	S	2	0	2	0.0000402139
Paenibacillus sp. B01	2660554	S	2	0	2	0.0000402139
Paenibacillus sp. JZ16	1906272	S	2	0	2	0.0000402139
Paenibacillus sp. IHBB 10380	1566358	S	2	0	2	0.0000402139
Paenibacillus ihbetae	1870820	S	2	0	2	0.0000402139
Paenibacillus stellifer	169760	S	2	0	2	0.0000402139
Thermobacillus composti	377615	S	2	0	2	0.0000402139
Tumebacillus avium	1903704	S	2	0	2	0.0000402139
Streptococcus sp. oral taxon 061	712623	S	2	0	2	0.0000402139
Streptococcus sp. HSISM1	1316408	S	2	0	2	0.0000402139
Streptococcus sp. oral taxon 064	712624	S	1	1	2	0.0000402139
Streptococcus sp. CNU G2	2686210	S	1	1	2	0.0000402139
Streptococcus vestibularis	1343	S	2	0	2	0.0000402139
Streptococcus intermedius	1338	S	2	0	2	0.0000402139
Lactococcus raffinolactis	1366	S	2	0	2	0.0000402139
Lactobacillus paragasseri	2107999	S	1	1	2	0.0000402139
Weissella cryptocerci	2506420	S	2	0	2	0.0000402139
Ligilactobacillus salivarius	1624	S	2	0	2	0.0000402139
Pediococcus pentosaceus	1255	S	2	0	2	0.0000402139
Carnobacterium divergens	2748	S	2	0	2	0.0000402139
Carnobacterium inhibens	147709	S	2	0	2	0.0000402139
Enterococcus hirae	1354	S	2	0	2	0.0000402139
Melissococcus plutonius	33970	S	2	0	2	0.0000402139
Clostridium sp. BNL1100	755731	S	2	0	2	0.0000402139
Clostridium sp. CT4	2320868	S	2	0	2	0.0000402139
Clostridium sp. JN-9	2507159	S	2	0	2	0.0000402139
Clostridium butyricum	1492	S	2	0	2	0.0000402139
Clostridium taeniosporum	394958	S	2	0	2	0.0000402139
Clostridium perfringens	1502	S	2	0	2	0.0000402139
Clostridium saccharobutylicum	169679	S	2	0	2	0.0000402139
Clostridium aceticum	84022	S	2	0	2	0.0000402139
Candidatus Arthromitus sp. SFB-mouse	49118	S	1	1	2	0.0000402139
Sarcina sp. JB2	2726954	S	2	0	2	0.0000402139
Caloramator sp. E03	2576307	S	2	0	2	0.0000402139
Coprococcus comes	410072	S	2	0	2	0.0000402139
Coprococcus sp. ART55/1	751585	S	2	0	2	0.0000402139
[Ruminococcus] gnavus	33038	S	2	0	2	0.0000402139
[Ruminococcus] torques	33039	S	2	0	2	0.0000402139
Blautia sp. SC05B48	2479767	S	2	0	2	0.0000402139
Anaerocolumna sp. CTTW	2736602	S	2	0	2	0.0000402139
Lacrimispora sphenoides	29370	S	2	0	2	0.0000402139
Anaerobutyricum hallii	39488	S	2	0	2	0.0000402139
Pseudobutyrivibrio xylanivorans	185007	S	2	0	2	0.0000402139
Lachnoanaerobaculum umeaense	617123	S	2	0	2	0.0000402139
Ruminiclostridium cellulolyticum	1521	S	2	0	2	0.0000402139
Ruminiclostridium herbifermentans	2488810	S	2	0	2	0.0000402139
Ethanoligenens harbinense	253239	S	2	0	2	0.0000402139
Mogibacterium diversum	114527	S	2	0	2	0.0000402139
Eubacterium sp. NSJ-61	2764325	S	2	0	2	0.0000402139
Acetobacterium woodii	33952	S	1	1	2	0.0000402139
Thermoanaerobacterium thermosaccharolyticum	1517	S	2	0	2	0.0000402139
Dialister massiliensis	2161821	S	2	0	2	0.0000402139
Peptoniphilus harei	54005	S	2	0	2	0.0000402139
Sedimentibacter sp. zth1	2816908	S	2	0	2	0.0000402139
Nostoc sp. TCL240-02	2572090	S	2	0	2	0.0000402139
Nostoc sp. C052	2576902	S	2	0	2	0.0000402139
Nostoc sp. NIES-2111	1973475	S	1	1	2	0.0000402139
Nostoc sphaeroides	446679	S	2	0	2	0.0000402139
Nostoc piscinale	224012	S	1	1	2	0.0000402139
Calothrix sp. 336/3	1337936	S	2	0	2	0.0000402139
Calothrix sp. NIES-3974	2005462	S	2	0	2	0.0000402139
Sphaerospermopsis kisseleviana	289435	S	2	0	2	0.0000402139
Scytonema sp. NIES-4073	2005464	S	2	0	2	0.0000402139
Tolypothrix sp. PCC 7910	2099387	S	1	1	2	0.0000402139
Crocosphaera subtropica	2546360	S	2	0	2	0.0000402139
Cyanobacterium aponinum	379064	S	2	0	2	0.0000402139
Synechococcus sp. JA-3-3Ab	321327	S	2	0	2	0.0000402139
Dactylococcopsis salina	292566	S	2	0	2	0.0000402139
Gloeobacter kilaueensis	1416614	S	2	0	2	0.0000402139
Mycoplasma yeatsii	51365	S	2	0	2	0.0000402139
Mycoplasma dispar	86660	S	2	0	2	0.0000402139
Mycoplasma synoviae	2109	S	2	0	2	0.0000402139
Mycoplasma citelli	171281	S	2	0	2	0.0000402139
Mycoplasma gallinaceum	29556	S	2	0	2	0.0000402139
Spiroplasma alleghenense	216931	S	2	0	2	0.0000402139
Deinococcus sp. NW-56	2080419	S	2	0	2	0.0000402139
Thermus parvatiensis	456163	S	1	1	2	0.0000402139
Meiothermus silvanus	52022	S	2	0	2	0.0000402139
Brevefilum fermentans	1986204	S	2	0	2	0.0000402139
Caldilinea aerophila	133453	S	2	0	2	0.0000402139
Acidovorax cattleyae	80868	S	2	0	2	0.0000402139
Herbaspirillum sp. meg3	2025949	S	2	0	2	0.0000402139
Cupriavidus neocaledonicus	1040979	S	2	0	2	0.0000402139
Cupriavidus gilardii	82541	S	1	1	2	0.0000402139
Polynucleobacter asymbioticus	576611	S	2	0	2	0.0000402139
Polynucleobacter wuianus	1743168	S	2	0	2	0.0000402139
Paraburkholderia sp. SOS3	1926494	S	2	0	2	0.0000402139
Paraburkholderia sp. 7MH5	2547399	S	2	0	2	0.0000402139
Paraburkholderia caribensis	75105	S	2	0	2	0.0000402139
Paraburkholderia aromaticivorans	2026199	S	2	0	2	0.0000402139
Ralstonia insidiosa	190721	S	2	0	2	0.0000402139
Pandoraea apista	93218	S	2	0	2	0.0000402139
Pandoraea norimbergensis	93219	S	2	0	2	0.0000402139
Pandoraea pulmonicola	93221	S	2	0	2	0.0000402139
Pandoraea thiooxydans	445709	S	2	0	2	0.0000402139
Chitinimonas arctica	2594795	S	2	0	2	0.0000402139
Achromobacter sp. B7	2282475	S	2	0	2	0.0000402139
Achromobacter insolitus	217204	S	2	0	2	0.0000402139
Achromobacter deleyi	1353891	S	1	1	2	0.0000402139
Bordetella sp. N	1746199	S	2	0	2	0.0000402139
Bordetella pseudohinzii	1331258	S	2	0	2	0.0000402139
Sutterella faecalis	2584944	S	2	0	2	0.0000402139
Aromatoleum bremense	76115	S	2	0	2	0.0000402139
Azoarcus sp. DN11	356837	S	1	1	2	0.0000402139
Azoarcus olearius	418699	S	2	0	2	0.0000402139
Chromobacterium haemolyticum	394935	S	1	1	2	0.0000402139
Chitinibacter fontanus	1737446	S	2	0	2	0.0000402139
Jeongeupia sp. HS-3	1009682	S	2	0	2	0.0000402139
Vogesella sp. LIG4	1192162	S	2	0	2	0.0000402139
Vitreoscilla sp. C1	96942	S	2	0	2	0.0000402139
Simonsiella muelleri	72	S	2	0	2	0.0000402139
Crenobacter cavernae	2290923	S	2	0	2	0.0000402139
Candidatus Methylopumilus turicensis	1581680	S	2	0	2	0.0000402139
Nitrosomonas communis	44574	S	2	0	2	0.0000402139
Sulfuriferula plumbiphila	171865	S	2	0	2	0.0000402139
Sulfuricella denitrificans	649841	S	2	0	2	0.0000402139
Denitratisoma oestradiolicum	311182	S	2	0	2	0.0000402139
Sterolibacterium denitrificans	157592	S	2	0	2	0.0000402139
Usitatibacter rugosus	2732067	S	2	0	2	0.0000402139
Acinetobacter sp. NCu2D-2	1608473	S	2	0	2	0.0000402139
Acinetobacter sp. SWBY1	2079596	S	1	1	2	0.0000402139
Acinetobacter baylyi	202950	S	2	0	2	0.0000402139
Acinetobacter chinensis	2004650	S	2	0	2	0.0000402139
Moraxella bovoculi	386891	S	2	0	2	0.0000402139
Psychrobacter urativorans	45610	S	2	0	2	0.0000402139
Pseudomonas sp. DTU12.3	2073078	S	2	0	2	0.0000402139
Pseudomonas sp. CC6-YY-74	1930532	S	2	0	2	0.0000402139
Pseudomonas sp. HLS-6	2049589	S	2	0	2	0.0000402139
Pseudomonas sp. DG56-2	2320270	S	2	0	2	0.0000402139
Pseudomonas sp. K2W31S-8	2320867	S	2	0	2	0.0000402139
Pseudomonas sp. NIBRBAC000502773	2590776	S	2	0	2	0.0000402139
Pseudomonas sp. C27(2019)	2604941	S	2	0	2	0.0000402139
Pseudomonas sp. CMR5c	658630	S	2	0	2	0.0000402139
Pseudomonas sp. IzPS59	2774459	S	2	0	2	0.0000402139
Pseudomonas sp. A214	1855331	S	1	1	2	0.0000402139
Pseudomonas migulae	78543	S	2	0	2	0.0000402139
Pseudomonas poae	200451	S	2	0	2	0.0000402139
Pseudomonas cedrina	651740	S	2	0	2	0.0000402139
Pseudomonas balearica	74829	S	2	0	2	0.0000402139
Pseudomonas xanthomarina	271420	S	2	0	2	0.0000402139
Pseudomonas amygdali	47877	S	1	1	2	0.0000402139
Pseudomonas allokribbensis	2774460	S	2	0	2	0.0000402139
Pseudomonas saudiphocaensis	1499686	S	2	0	2	0.0000402139
Pseudomonas extremaustralis	359110	S	2	0	2	0.0000402139
Pseudomonas versuta	1788301	S	2	0	2	0.0000402139
Pseudomonas marincola	437900	S	2	0	2	0.0000402139
Pseudomonas knackmussii	65741	S	2	0	2	0.0000402139
Pseudomonas graminis	158627	S	2	0	2	0.0000402139
Pseudomonas palleroniana	191390	S	2	0	2	0.0000402139
Pseudomonas brassicacearum	930166	S	1	1	2	0.0000402139
Enterobacter sp. SA187	1914861	S	2	0	2	0.0000402139
Escherichia albertii	208962	S	1	1	2	0.0000402139
Leclercia sp. 4-9-1-25	2815358	S	2	0	2	0.0000402139
Citrobacter sp. BDA59-3	2781952	S	2	0	2	0.0000402139
Kosakonia sp. SMBL-WEM22	2725560	S	2	0	2	0.0000402139
Enterobacteriaceae endosymbiont of Macroplea appendiculata	2675790	S	2	0	2	0.0000402139
Blochmannia endosymbiont of Camponotus nipponensis	2681986	S	1	1	2	0.0000402139
Kluyvera genomosp. 3	2774055	S	2	0	2	0.0000402139
Kluyvera ascorbata	51288	S	1	1	2	0.0000402139
Cronobacter malonaticus	413503	S	2	0	2	0.0000402139
Metakosakonia sp. MRY16-398	2487150	S	1	1	2	0.0000402139
Pantoea sp. 201603H	2479547	S	2	0	2	0.0000402139
Erwinia amylovora	552	S	1	1	2	0.0000402139
Tatumella citrea	53336	S	2	0	2	0.0000402139
Serratia liquefaciens	614	S	2	0	2	0.0000402139
Serratia odorifera	618	S	2	0	2	0.0000402139
Yersinia aldovae	29483	S	1	1	2	0.0000402139
Yersinia mollaretii	33060	S	1	1	2	0.0000402139
Proteus columbae	1987580	S	1	1	2	0.0000402139
Arsenophonus nasoniae	638	S	2	0	2	0.0000402139
Candidatus Arsenophonus lipoptenae	634113	S	2	0	2	0.0000402139
Xenorhabdus bovienii	40576	S	2	0	2	0.0000402139
Pectobacterium parmentieri	1905730	S	2	0	2	0.0000402139
Candidatus Sodalis pierantonius	1486991	S	2	0	2	0.0000402139
Stenotrophomonas sp. 364	2691571	S	2	0	2	0.0000402139
Lysobacter sp. TY2-98	2290922	S	2	0	2	0.0000402139
Lysobacter gummosus	262324	S	2	0	2	0.0000402139
Xanthomonas translucens	343	S	2	0	2	0.0000402139
Luteimonas sp. JM171	1896164	S	2	0	2	0.0000402139
Luteimonas granuli	1176533	S	2	0	2	0.0000402139
Xylella fastidiosa	2371	S	2	0	2	0.0000402139
Arenimonas daejeonensis	370777	S	2	0	2	0.0000402139
Pseudolysobacter antarcticus	2511995	S	2	0	2	0.0000402139
Rhodanobacter sp. FDAARGOS 1247	2778082	S	2	0	2	0.0000402139
Dyella thiooxydans	445710	S	2	0	2	0.0000402139
Luteibacter rhizovicinus	242606	S	2	0	2	0.0000402139
Luteibacter pinisoli	2589080	S	2	0	2	0.0000402139
Halomonas sp. PGE1	2730360	S	2	0	2	0.0000402139
Halomonas meridiana	29570	S	2	0	2	0.0000402139
Candidatus Carsonella ruddii	114186	S	2	0	2	0.0000402139
Candidatus Portiera aleyrodidarum	91844	S	2	0	2	0.0000402139
Chromohalobacter salexigens	158080	S	2	0	2	0.0000402139
Halotalea alkalilenta	376489	S	2	0	2	0.0000402139
Kangiella koreensis	261964	S	2	0	2	0.0000402139
Shewanella sp. Scap07	2589987	S	2	0	2	0.0000402139
Shewanella violacea	60217	S	2	0	2	0.0000402139
Shewanella livingstonensis	150120	S	2	0	2	0.0000402139
Pseudoalteromonas sp. SM1988	2744479	S	1	1	2	0.0000402139
Pseudoalteromonas undina	43660	S	1	1	2	0.0000402139
Psychrosphaera aestuarii	1266052	S	1	1	2	0.0000402139
Marinobacter sp. BSs20148	490759	S	2	0	2	0.0000402139
Marinobacter hydrocarbonoclasticus	2743	S	2	0	2	0.0000402139
Paraglaciecola psychrophila	326544	S	2	0	2	0.0000402139
Ferrimonas balearica	44012	S	2	0	2	0.0000402139
Vibrio taketomensis	2572923	S	2	0	2	0.0000402139
Vibrio fluvialis	676	S	2	0	2	0.0000402139
Vibrio spartinae	1918945	S	2	0	2	0.0000402139
Vibrio navarrensis	29495	S	2	0	2	0.0000402139
Salinivibrio kushneri	1908198	S	2	0	2	0.0000402139
Aeromonas encheleia	73010	S	2	0	2	0.0000402139
Aggregatibacter actinomycetemcomitans	714	S	2	0	2	0.0000402139
Rheinheimera sp. F8	1763998	S	2	0	2	0.0000402139
Allochromatium vinosum	1049	S	2	0	2	0.0000402139
Marichromatium purpuratum	37487	S	2	0	2	0.0000402139
Thioalkalivibrio paradoxus	108010	S	2	0	2	0.0000402139
Acidihalobacter ferrooxydans	1765967	S	2	0	2	0.0000402139
Thiohalobacter thiocyanaticus	585455	S	2	0	2	0.0000402139
Granulosicoccus antarcticus	437505	S	2	0	2	0.0000402139
Microbulbifer sp. A4B17	359370	S	2	0	2	0.0000402139
Microbulbifer agarilyticus	260552	S	2	0	2	0.0000402139
Halioglobus japonicus	930805	S	2	0	2	0.0000402139
Cellvibrio sp. PSBB023	1945512	S	2	0	2	0.0000402139
Legionella oakridgensis	29423	S	2	0	2	0.0000402139
Piscirickettsia salmonis	1238	S	2	0	2	0.0000402139
Francisella orientalis	299583	S	1	1	2	0.0000402139
Methylovulum psychrotolerans	1704499	S	2	0	2	0.0000402139
Steroidobacter denitrificans	465721	S	2	0	2	0.0000402139
Candidatus Nardonella dryophthoridicola	1971485	S	2	0	2	0.0000402139
Salinisphaera sp. LB1	2183911	S	2	0	2	0.0000402139
Bradyrhizobium sp. ORS 278	114615	S	2	0	2	0.0000402139
Bradyrhizobium sp. 1(2017)	1404888	S	2	0	2	0.0000402139
Bradyrhizobium zhanjiangense	1325107	S	2	0	2	0.0000402139
Bosea sp. PAMC 26642	1792307	S	2	0	2	0.0000402139
Microvirga sp. VF16	2807101	S	2	0	2	0.0000402139
Rhizobium sp. NXC24	2048897	S	2	0	2	0.0000402139
Rhizobium indicum	2583231	S	2	0	2	0.0000402139
Rhizobium flavum	1335061	S	2	0	2	0.0000402139
Rhizobium jaguaris	1312183	S	2	0	2	0.0000402139
Rhizobium binae	1138190	S	2	0	2	0.0000402139
Neorhizobium sp. SOG26	2060726	S	2	0	2	0.0000402139
Sinorhizobium medicae	110321	S	2	0	2	0.0000402139
Ensifer mexicanus	375549	S	2	0	2	0.0000402139
Ensifer sp. PDNC004	2811423	S	2	0	2	0.0000402139
Ciceribacter thiooxidans	1969821	S	2	0	2	0.0000402139
Mesorhizobium sp. M1D.F.Ca.ET.043.01.1.1	2493669	S	2	0	2	0.0000402139
Mesorhizobium sp. 131-2-1	2744518	S	2	0	2	0.0000402139
Mesorhizobium sp. 8	2584466	S	2	0	2	0.0000402139
Mesorhizobium sp. DCY119	2108445	S	2	0	2	0.0000402139
Mesorhizobium sp. M2A.F.Ca.ET.043.02.1.1	2493670	S	1	1	2	0.0000402139
Mesorhizobium japonicum	2066070	S	1	1	2	0.0000402139
Phyllobacterium sp. 628	2718938	S	2	0	2	0.0000402139
Hyphomicrobium denitrificans	53399	S	2	0	2	0.0000402139
Devosia sp. A16	1736675	S	2	0	2	0.0000402139
Devosia sp. S02	2657486	S	2	0	2	0.0000402139
Devosia sp. D6-9	2664417	S	1	1	2	0.0000402139
Rhodoplanes sp. Z2-YC6860	674703	S	2	0	2	0.0000402139
Blastochloris tepida	2233851	S	2	0	2	0.0000402139
Maritalea myrionectae	454601	S	2	0	2	0.0000402139
Pelagibacterium halotolerans	531813	S	2	0	2	0.0000402139
Paradevosia shaoguanensis	1335043	S	1	1	2	0.0000402139
Pseudolabrys sp. FHR47	2562284	S	2	0	2	0.0000402139
Aureimonas populi	1701758	S	2	0	2	0.0000402139
Nordella sp. HKS 07	2712222	S	2	0	2	0.0000402139
Stappia indica	538381	S	2	0	2	0.0000402139
Methylovirgula ligni	569860	S	2	0	2	0.0000402139
Bartonella apis	1686310	S	2	0	2	0.0000402139
Bartonella birtlesii	111504	S	1	1	2	0.0000402139
Lichenihabitans psoromatis	2528642	S	2	0	2	0.0000402139
Sphingomonas sp. YZ-8	2319844	S	2	0	2	0.0000402139
Sphingomonas sp. HDW15B	2714943	S	2	0	2	0.0000402139
Sphingomonas sp.	28214	S	2	0	2	0.0000402139
Sphingomonas daechungensis	1176646	S	2	0	2	0.0000402139
Sphingomonas sediminicola	386874	S	2	0	2	0.0000402139
Sphingobium sp. TKS	1315974	S	1	1	2	0.0000402139
Sphingobium cloacae	120107	S	1	1	2	0.0000402139
Novosphingobium sp. P6W	1609758	S	2	0	2	0.0000402139
Novosphingobium aromaticivorans	48935	S	2	0	2	0.0000402139
Sphingorhabdus sp. SMR4y	2584094	S	2	0	2	0.0000402139
Parasphingopyxis algicola	2026624	S	2	0	2	0.0000402139
Parasphingopyxis sp. CP4	2724527	S	2	0	2	0.0000402139
Citromicrobium sp. JL477	1634516	S	2	0	2	0.0000402139
Porphyrobacter sp. LM 6	1896196	S	2	0	2	0.0000402139
Porphyrobacter sp. HT-58-2	2023229	S	2	0	2	0.0000402139
Croceicoccus naphthovorans	1348774	S	1	1	2	0.0000402139
Altererythrobacter sp. ZODW24	2185142	S	2	0	2	0.0000402139
Tsuneonella dongtanensis	692370	S	2	0	2	0.0000402139
Qipengyuania sediminis	1532023	S	2	0	2	0.0000402139
Paracoccus sp. MC1862	2760307	S	2	0	2	0.0000402139
Paracoccus sp. H4-D09	2812658	S	2	0	2	0.0000402139
Paracoccus denitrificans	266	S	2	0	2	0.0000402139
Rhodobacter sp. LPB0142	1850250	S	2	0	2	0.0000402139
Sulfitobacter sp. SK012	1389005	S	2	0	2	0.0000402139
Sulfitobacter sp. D7	1968541	S	2	0	2	0.0000402139
Roseovarius faecimaris	2494550	S	2	0	2	0.0000402139
Salipiger profundus	1229727	S	2	0	2	0.0000402139
Monaibacterium sp. ALG8	2715211	S	2	0	2	0.0000402139
Boseongicola sp. CCM32	2552942	S	2	0	2	0.0000402139
Pseudopuniceibacterium antarcticum	2613965	S	2	0	2	0.0000402139
Yoonia vestfoldensis	245188	S	2	0	2	0.0000402139
Roseivivax sp. THAF30	2587852	S	2	0	2	0.0000402139
Brevundimonas diminuta	293	S	1	1	2	0.0000402139
Caulobacter sp. K31	366602	S	2	0	2	0.0000402139
Asticcacaulis excentricus	78587	S	2	0	2	0.0000402139
Roseomonas sp. 546	2768162	S	2	0	2	0.0000402139
Acetobacter persici	1076596	S	2	0	2	0.0000402139
Komagataeibacter nataicola	265960	S	1	1	2	0.0000402139
Stella humosa	94	S	2	0	2	0.0000402139
Azospirillum humicireducens	1226968	S	2	0	2	0.0000402139
Magnetospirillum sp. XM-1	1663591	S	2	0	2	0.0000402139
Skermanella pratensis	2233999	S	1	1	2	0.0000402139
Rickettsia prowazekii	782	S	2	0	2	0.0000402139
Rickettsia bellii	33990	S	2	0	2	0.0000402139
Wolbachia endosymbiont of Brugia pahangi	96495	S	1	1	2	0.0000402139
Candidatus Pelagibacter sp. RS39	1977864	S	2	0	2	0.0000402139
Candidatus Pelagibacter sp. FZCC0015	2268451	S	2	0	2	0.0000402139
Phreatobacter sp. NMCR1094	2570229	S	2	0	2	0.0000402139
Hyphomonas sp. CACIAM 19H1	1873716	S	2	0	2	0.0000402139
Hyphomonas sp. KY3	2016196	S	2	0	2	0.0000402139
Magnetococcus marinus	1124597	S	2	0	2	0.0000402139
Stigmatella aurantiaca	41	S	2	0	2	0.0000402139
Haliangium ochraceum	80816	S	2	0	2	0.0000402139
Geobacter sp. FeAm09	2597769	S	2	0	2	0.0000402139
Pelobacter propionicus	29543	S	2	0	2	0.0000402139
Syntrophotalea carbinolica	19	S	2	0	2	0.0000402139
Desulfovibrio gigas	879	S	2	0	2	0.0000402139
Pseudodesulfovibrio profundus	57320	S	2	0	2	0.0000402139
Desulfomicrobium baculatum	899	S	2	0	2	0.0000402139
Desulfosarcina alkanivorans	571177	S	2	0	2	0.0000402139
Desulfonema magnum	45655	S	2	0	2	0.0000402139
Desulfobacca acetoxidans	60893	S	2	0	2	0.0000402139
Aliarcobacter butzleri	28197	S	2	0	2	0.0000402139
Halarcobacter ebronensis	1462615	S	2	0	2	0.0000402139
Campylobacter sp. RM16704	1500960	S	1	1	2	0.0000402139
Campylobacter concisus	199	S	2	0	2	0.0000402139
Sulfurospirillum barnesii	44674	S	2	0	2	0.0000402139
Helicobacter felis	214	S	2	0	2	0.0000402139
Helicobacter mustelae	217	S	2	0	2	0.0000402139
Helicobacter cetorum	138563	S	2	0	2	0.0000402139
Helicobacter bilis	37372	S	2	0	2	0.0000402139
Bdellovibrio sp. NC01	2220073	S	2	0	2	0.0000402139
Bdellovibrio bacteriovorus	959	S	2	0	2	0.0000402139
Flavobacterium sp. P2-65	2748320	S	2	0	2	0.0000402139
Flavobacterium album	2175091	S	2	0	2	0.0000402139
Polaribacter sp. SM13	2818493	S	2	0	2	0.0000402139
Myroides phaeus	702745	S	2	0	2	0.0000402139
Formosa sp. L2A11	2686363	S	2	0	2	0.0000402139
Formosa sediminum	2594004	S	2	0	2	0.0000402139
Tenacibaculum mesophilum	104268	S	2	0	2	0.0000402139
Tenacibaculum dicentrarchi	669041	S	2	0	2	0.0000402139
Tenacibaculum todarodis	1850252	S	2	0	2	0.0000402139
Winogradskyella sediminis	1382466	S	2	0	2	0.0000402139
Winogradskyella helgolandensis	2697010	S	2	0	2	0.0000402139
Nonlabens sp. Hel1_33_55	1336802	S	2	0	2	0.0000402139
Nonlabens dokdonensis	328515	S	2	0	2	0.0000402139
Nonlabens spongiae	331648	S	2	0	2	0.0000402139
Aquimarina sp. AD1	1714848	S	2	0	2	0.0000402139
Aquimarina sp. TRL1	2736252	S	2	0	2	0.0000402139
Kordia sp. SMS9	2282170	S	2	0	2	0.0000402139
Muricauda lutaonensis	516051	S	2	0	2	0.0000402139
Salegentibacter salegens	143223	S	2	0	2	0.0000402139
Leeuwenhoekiella sp. ZYFB001	2719912	S	2	0	2	0.0000402139
Urechidicola croceus	1850246	S	2	0	2	0.0000402139
Tamlana carrageenivorans	2069432	S	2	0	2	0.0000402139
Sediminicola sp. YIK13	1453352	S	2	0	2	0.0000402139
Zobellia galactanivorans	63186	S	2	0	2	0.0000402139
Dokdonia sp. 4H-3-7-5	983548	S	2	0	2	0.0000402139
Gillisia sp. Hel1_33_143	1336796	S	2	0	2	0.0000402139
Chryseobacterium sp. T16E-39	2015076	S	2	0	2	0.0000402139
Chryseobacterium sp. cx-624	2758037	S	2	0	2	0.0000402139
Chryseobacterium arthrosphaerae	651561	S	2	0	2	0.0000402139
Chryseobacterium carnipullorum	1124835	S	2	0	2	0.0000402139
Chryseobacterium glaciei	1685010	S	2	0	2	0.0000402139
Chryseobacterium camelliae	1265445	S	2	0	2	0.0000402139
Chryseobacterium manosquense	2754694	S	1	1	2	0.0000402139
Kaistella antarctica	266748	S	2	0	2	0.0000402139
Elizabethkingia sp. JS20170427COW	2583851	S	2	0	2	0.0000402139
Elizabethkingia anophelis	1117645	S	1	1	2	0.0000402139
Cruoricaptor ignavus	1118202	S	2	0	2	0.0000402139
Blattabacterium punctulatus	164514	S	1	1	2	0.0000402139
Pedobacter sp.	1411316	S	2	0	2	0.0000402139
Sphingobacterium sp. ML3W	1538644	S	2	0	2	0.0000402139
Sphingobacterium sp. dk4302	2662364	S	2	0	2	0.0000402139
Sphingobacterium sp. UDSM-2020	2795738	S	2	0	2	0.0000402139
Sphingobacterium spiritivorum	258	S	2	0	2	0.0000402139
Sphingobacterium mizutaii	1010	S	2	0	2	0.0000402139
Sphingobacterium hotanense	649196	S	2	0	2	0.0000402139
Mucilaginibacter sp. F39-2	2728022	S	2	0	2	0.0000402139
Hymenobacter sp. DG25B	1385664	S	2	0	2	0.0000402139
Hymenobacter sp. DG01	2584940	S	2	0	2	0.0000402139
Hymenobacter qilianensis	1385715	S	2	0	2	0.0000402139
Pontibacter sp. SGAir0037	2571030	S	2	0	2	0.0000402139
Adhaeribacter radiodurans	2745197	S	2	0	2	0.0000402139
Spirosoma sp. PL0136	2710596	S	2	0	2	0.0000402139
Spirosoma sp. CJU-R4	2728024	S	2	0	2	0.0000402139
Spirosoma radiotolerans	1379870	S	2	0	2	0.0000402139
Spirosoma aureum	2692134	S	2	0	2	0.0000402139
Cytophaga hutchinsonii	985	S	2	0	2	0.0000402139
Cyclobacterium amurskyense	320787	S	1	1	2	0.0000402139
Echinicola rosea	1807691	S	2	0	2	0.0000402139
Cardinium endosymbiont of Encarsia pergandiella	249402	S	1	1	2	0.0000402139
Flammeovirga pectinis	2494373	S	2	0	2	0.0000402139
Marivirga tractuosa	1006	S	2	0	2	0.0000402139
Bacteroides eggerthii	28111	S	2	0	2	0.0000402139
Bacteroides heparinolyticus	28113	S	2	0	2	0.0000402139
Bacteroides coprosuis	151276	S	2	0	2	0.0000402139
Prevotella denticola	28129	S	2	0	2	0.0000402139
Parabacteroides goldsteinii	328812	S	2	0	2	0.0000402139
Tannerella sp. oral taxon HOT-286	712710	S	2	0	2	0.0000402139
Dysgonomonas sp. HDW5B	2714927	S	2	0	2	0.0000402139
Butyricimonas faecalis	2093856	S	1	1	2	0.0000402139
Alkalitalea saponilacus	889453	S	2	0	2	0.0000402139
Chitinophaga caeni	2029983	S	2	0	2	0.0000402139
Rhodothermus marinus	29549	S	2	0	2	0.0000402139
Ignavibacterium album	591197	S	2	0	2	0.0000402139
Tuwongella immobilis	692036	S	2	0	2	0.0000402139
Gimesia aquarii	2527964	S	2	0	2	0.0000402139
Gimesia algae	2527971	S	2	0	2	0.0000402139
Calycomorphotria hydatis	2528027	S	2	0	2	0.0000402139
Thalassoglobus polymorphus	2527994	S	2	0	2	0.0000402139
Rosistilla oblonga	2527990	S	2	0	2	0.0000402139
Roseimaritima ulvae	980254	S	2	0	2	0.0000402139
Ereboglobus luteus	1796921	S	2	0	2	0.0000402139
Candidatus Xiphinematobacter sp. Idaho Grape	1704307	S	2	0	2	0.0000402139
Simkania negevensis	83561	S	2	0	2	0.0000402139
Candidatus Protochlamydia amoebophila	362787	S	1	1	2	0.0000402139
Chlamydia sp. 2742-308	1806891	S	1	1	2	0.0000402139
Borrelia miyamotoi	47466	S	2	0	2	0.0000402139
Acidobacterium sp. 4Y35	2763107	S	2	0	2	0.0000402139
Terriglobus roseus	392734	S	2	0	2	0.0000402139
Fusobacterium varium	856	S	2	0	2	0.0000402139
Fusobacterium pseudoperiodonticum	2663009	S	1	1	2	0.0000402139
Leptotrichia trevisanii	109328	S	2	0	2	0.0000402139
Leptotrichia wadei	157687	S	2	0	2	0.0000402139
Thermovirga lienii	336261	S	2	0	2	0.0000402139
Cloacibacillus porcorum	1197717	S	2	0	2	0.0000402139
Persephonella marina	309805	S	2	0	2	0.0000402139
Haloterrigena sp. YPL8	1699371	S	2	0	2	0.0000402139
Natrinema pellirubrum	69525	S	2	0	2	0.0000402139
Halolamina sp. CBA1230	1853690	S	2	0	2	0.0000402139
Haloferax gibbonsii	35746	S	1	1	2	0.0000402139
Methanotorris igneus	2189	S	1	1	2	0.0000402139
Sulfodiicoccus acidiphilus	1670455	S	2	0	2	0.0000402139
Nitrosopumilus maritimus	338192	S	2	0	2	0.0000402139
Propionibacterium virus PAS50	1982272	S	1	1	2	0.0000402139
Propionibacterium virus PAD20	1982271	S	1	1	2	0.0000402139
Propionibacterium virus PA6	1982269	S	1	1	2	0.0000402139
Propionibacterium virus PHL041M10	1982276	S	1	1	2	0.0000402139
Propionibacterium virus MrAK	1982258	S	1	1	2	0.0000402139
Streptococcus virus Sfi19	72638	S	1	1	2	0.0000402139
Polaribacter virus P12002L	1982245	S	1	1	2	0.0000402139
Polaribacter virus P12002S	1982246	S	1	1	2	0.0000402139
Streptococcus virus O1205	85154	S	1	1	2	0.0000402139
Pseudomonas phage AF	1235689	S	2	0	2	0.0000402139
Edwardsiella phage PEi20	1608310	S	2	0	2	0.0000402139
Aeromonas virus 56	2560283	S	2	0	2	0.0000402139
Human betaherpesvirus 6B	32604	S	2	0	2	0.0000402139
Aureococcus anophagefferens virus	1474867	S	2	0	2	0.0000402139
Raccoonpox virus	10256	S	2	0	2	0.0000402139
Propionibacterium australiense	119981	S	1	0	1	0.0000201070
Acidipropionibacterium acidipropionici	1748	S	1	0	1	0.0000201070
Tessaracoccus aquimaris	1332264	S	1	0	1	0.0000201070
Microlunatus sp. Gsoil 973	2672569	S	1	0	1	0.0000201070
Auraticoccus monumenti	675864	S	1	0	1	0.0000201070
Nocardioides sp. WS12	2486272	S	1	0	1	0.0000201070
Nocardioides sp. MC1495	2736757	S	1	0	1	0.0000201070
Nocardioides sp. S-713	2760089	S	1	0	1	0.0000201070
Nocardioides daphniae	402297	S	1	0	1	0.0000201070
Nocardioides baekrokdamisoli	1804624	S	1	0	1	0.0000201070
Nocardioides houyundeii	2045452	S	1	0	1	0.0000201070
Aeromicrobium sp. zg-629	2663859	S	1	0	1	0.0000201070
Aeromicrobium choanae	1736691	S	1	0	1	0.0000201070
Kribbella flavida	182640	S	1	0	1	0.0000201070
Kocuria turfanensis	388357	S	1	0	1	0.0000201070
Arthrobacter sp. PAMC25564	2565366	S	1	0	1	0.0000201070
Arthrobacter sp. NEB 688	904039	S	1	0	1	0.0000201070
Arthrobacter sp. QXT-31	1357915	S	1	0	1	0.0000201070
Arthrobacter sp.	1667	S	1	0	1	0.0000201070
Arthrobacter sp. ERGS1:01	1704044	S	1	0	1	0.0000201070
Arthrobacter dokdonellae	2211210	S	1	0	1	0.0000201070
Rothia nasimurium	85336	S	1	0	1	0.0000201070
Pseudarthrobacter sp. YJ56	2697569	S	1	0	1	0.0000201070
Pseudarthrobacter sp. BIM B-2242	2772401	S	1	0	1	0.0000201070
Pseudarthrobacter equi	728066	S	1	0	1	0.0000201070
Citricoccus sp. SGAir0253	2567881	S	1	0	1	0.0000201070
Zhihengliuella sp. ISTPL4	2058657	S	1	0	1	0.0000201070
Microbacterium sp. YJN-G	2763257	S	1	0	1	0.0000201070
Microbacterium sp. Nx66	2766784	S	1	0	1	0.0000201070
Microbacterium sp. A18JL200	2782167	S	1	0	1	0.0000201070
Microbacterium lushaniae	2614639	S	1	0	1	0.0000201070
Microbacterium endophyticum	1526412	S	1	0	1	0.0000201070
Microbacterium oryzae	743009	S	1	0	1	0.0000201070
Microbacterium pygmaeum	370764	S	1	0	1	0.0000201070
Microbacterium schleiferi	69362	S	1	0	1	0.0000201070
Curtobacterium sp. Csp2	2495430	S	1	0	1	0.0000201070
Rathayibacter sp. VKM Ac-2760	2609253	S	1	0	1	0.0000201070
Rathayibacter rathayi	33887	S	1	0	1	0.0000201070
Rathayibacter iranicus	59737	S	1	0	1	0.0000201070
Rathayibacter festucae	110937	S	1	0	1	0.0000201070
Agromyces flavus	589382	S	1	0	1	0.0000201070
Leifsonia shinshuensis	150026	S	1	0	1	0.0000201070
Leifsonia sp. 21MFCrub1.1	1798223	S	1	0	1	0.0000201070
Candidatus Aquiluna sp. UB-MaderosW2red	1855377	S	1	0	1	0.0000201070
Leucobacter insecticola	2714934	S	1	0	1	0.0000201070
Plantibacter sp. M259	2583822	S	1	0	1	0.0000201070
Cryobacterium sp. LW097	1978566	S	1	0	1	0.0000201070
Agrococcus jejuensis	399736	S	1	0	1	0.0000201070
Agrococcus sp. SGAir0287	2070347	S	1	0	1	0.0000201070
Salinibacterium sp. dk2585	2603292	S	1	0	1	0.0000201070
Salinibacterium sp. ZJ70	2708084	S	1	0	1	0.0000201070
Salinibacterium sp. ZJ450	2708338	S	1	0	1	0.0000201070
Gryllotalpicola protaetiae	2419771	S	1	0	1	0.0000201070
Glaciihabitans sp. INWT7	2596912	S	1	0	1	0.0000201070
Aurantimicrobium sp. MWH-Mo1	1987356	S	1	0	1	0.0000201070
Phycicoccus endophyticus	1690220	S	1	0	1	0.0000201070
Tetrasphaera sp. HKS02	1813880	S	1	0	1	0.0000201070
Arsenicicoccus sp. oral taxon 190	1658671	S	1	0	1	0.0000201070
Brevibacterium sp. YB235	1496080	S	1	0	1	0.0000201070
Brevibacterium sp. o2	2697565	S	1	0	1	0.0000201070
Brevibacterium siliguriense	1136497	S	1	0	1	0.0000201070
Brachybacterium vulturis	2017484	S	1	0	1	0.0000201070
Cellulomonas sp. PSBB021	2003551	S	1	0	1	0.0000201070
Cellulomonas sp. Y8	2591145	S	1	0	1	0.0000201070
Cellulomonas sp. JZ18	2654191	S	1	0	1	0.0000201070
Pseudactinotalea sp. HY158	2654547	S	1	0	1	0.0000201070
Serinicoccus marinus	247333	S	1	0	1	0.0000201070
Serinicoccus hydrothermalis	1758689	S	1	0	1	0.0000201070
Ornithinimicrobium pratense	2593973	S	1	0	1	0.0000201070
Sanguibacter sp. HDW7	2714931	S	1	0	1	0.0000201070
Georgenia faecalis	2483799	S	1	0	1	0.0000201070
Ruania sp. HY168	2603206	S	1	0	1	0.0000201070
Beutenbergia cavernae	84757	S	1	0	1	0.0000201070
Rhodococcus sp. W8901	2742603	S	1	0	1	0.0000201070
Rhodococcus sp. X156	2499145	S	1	0	1	0.0000201070
Rhodococcus sp. R79	2811421	S	1	0	1	0.0000201070
Rhodococcus triatomae	300028	S	1	0	1	0.0000201070
Nocardia sp. CS682	1047172	S	1	0	1	0.0000201070
Nocardia otitidiscaviarum	1823	S	1	0	1	0.0000201070
Nocardia farcinica	37329	S	1	0	1	0.0000201070
Nocardia nova	37330	S	1	0	1	0.0000201070
Nocardia cyriacigeorgica	135487	S	1	0	1	0.0000201070
Nocardia wallacei	480035	S	1	0	1	0.0000201070
Corynebacterium sp. NML93-0612	699041	S	1	0	1	0.0000201070
Corynebacterium sp. FDAARGOS 1242	2778078	S	1	0	1	0.0000201070
Corynebacterium sp. MC1420	2709392	S	1	0	1	0.0000201070
Corynebacterium atypicum	191610	S	1	0	1	0.0000201070
Corynebacterium nuruki	1032851	S	1	0	1	0.0000201070
Corynebacterium epidermidicanis	1050174	S	1	0	1	0.0000201070
Corynebacterium pseudotuberculosis	1719	S	1	0	1	0.0000201070
Corynebacterium uterequi	1072256	S	1	0	1	0.0000201070
Corynebacterium argentoratense	42817	S	1	0	1	0.0000201070
Corynebacterium sphenisci	191493	S	1	0	1	0.0000201070
Corynebacterium glaucum	187491	S	1	0	1	0.0000201070
Corynebacterium singulare	161899	S	1	0	1	0.0000201070
Corynebacterium propinquum	43769	S	1	0	1	0.0000201070
Corynebacterium phocae	161895	S	1	0	1	0.0000201070
Corynebacterium terpenotabidum	89154	S	1	0	1	0.0000201070
Corynebacterium simulans	146827	S	1	0	1	0.0000201070
Mycolicibacterium sp. Z-34	2736649	S	1	0	1	0.0000201070
Mycolicibacterium sp. LJ126	2761578	S	1	0	1	0.0000201070
Mycolicibacterium fallax	1793	S	1	0	1	0.0000201070
Mycolicibacterium anyangense	1431246	S	1	0	1	0.0000201070
Mycolicibacterium celeriflavum	1249101	S	1	0	1	0.0000201070
Mycolicibacterium rutilum	370526	S	1	0	1	0.0000201070
Mycolicibacterium aichiense	1799	S	1	0	1	0.0000201070
Mycolicibacterium chubuense	1800	S	1	0	1	0.0000201070
Mycolicibacterium moriokaense	39691	S	1	0	1	0.0000201070
Mycolicibacterium madagascariense	212765	S	1	0	1	0.0000201070
Mycolicibacterium goodii	134601	S	1	0	1	0.0000201070
Mycolicibacterium frederiksbergense	117567	S	1	0	1	0.0000201070
Mycolicibacterium pulveris	36813	S	1	0	1	0.0000201070
Mycobacterium sp. JS623	212767	S	1	0	1	0.0000201070
Mycobacterium sp. ELW1	1547487	S	1	0	1	0.0000201070
Mycobacterium sp. DL440	2675523	S	1	0	1	0.0000201070
Mycobacterium simiae	1784	S	1	0	1	0.0000201070
Mycobacterium kubicae	120959	S	1	0	1	0.0000201070
Mycobacterium parmense	185642	S	1	0	1	0.0000201070
Mycobacterium saskatchewanense	220927	S	1	0	1	0.0000201070
Mycobacterium shigaense	722731	S	1	0	1	0.0000201070
Mycobacterium marseillense	701042	S	1	0	1	0.0000201070
Mycobacterium ulcerans	1809	S	1	0	1	0.0000201070
Mycobacterium grossiae	1552759	S	1	0	1	0.0000201070
Mycobacterium gallinarum	39689	S	1	0	1	0.0000201070
Mycobacterium tuberculosis	1773	S	1	0	1	0.0000201070
Mycobacteroides saopaulense	1578165	S	1	0	1	0.0000201070
Mycolicibacter terrae	1788	S	1	0	1	0.0000201070
Dietzia timorensis	499555	S	1	0	1	0.0000201070
Tomitella sp. HY188	2597660	S	1	0	1	0.0000201070
Streptomyces sp. MBT27	1488356	S	1	0	1	0.0000201070
Streptomyces sp. PBH53	1577075	S	1	0	1	0.0000201070
Streptomyces sp. ADI95-16	1522758	S	1	0	1	0.0000201070
Streptomyces sp. SCUT-3	2684469	S	1	0	1	0.0000201070
Streptomyces sp. HM190	2695266	S	1	0	1	0.0000201070
Streptomyces sp. HF10	2692233	S	1	0	1	0.0000201070
Streptomyces sp. WAC 06738	2203210	S	1	0	1	0.0000201070
Streptomyces sp. CdTB01	1725411	S	1	0	1	0.0000201070
Streptomyces sp. 2323.1	1938841	S	1	0	1	0.0000201070
Streptomyces sp. CB01881	2078691	S	1	0	1	0.0000201070
Streptomyces sp. CB09001	2083284	S	1	0	1	0.0000201070
Streptomyces sp. SGAir0924	2109593	S	1	0	1	0.0000201070
Streptomyces sp. SS52	2563602	S	1	0	1	0.0000201070
Streptomyces sp. W1SF4	2305220	S	1	0	1	0.0000201070
Streptomyces sp. WAC 01529	2203205	S	1	0	1	0.0000201070
Streptomyces sp. ID38640	1265399	S	1	0	1	0.0000201070
Streptomyces sp. NA02536	2742133	S	1	0	1	0.0000201070
Streptomyces sp. Z423-1	2730915	S	1	0	1	0.0000201070
Streptomyces sp. CRXT-G-22	2768066	S	1	0	1	0.0000201070
Streptomyces sp. CRXT-Y-14	2768069	S	1	0	1	0.0000201070
Streptomyces sp. jing01	2726118	S	1	0	1	0.0000201070
Streptomyces sp. NEAU-sy36	2751189	S	1	0	1	0.0000201070
Streptomyces sp. RPA4-2	2721244	S	1	0	1	0.0000201070
Streptomyces sp. QMT-12	2717324	S	1	0	1	0.0000201070
Streptomyces sp. JB150	2714844	S	1	0	1	0.0000201070
Streptomyces sp. 769	1262452	S	1	0	1	0.0000201070
Streptomyces katrae	68223	S	1	0	1	0.0000201070
Streptomyces spectabilis	68270	S	1	0	1	0.0000201070
Streptomyces tuirus	68278	S	1	0	1	0.0000201070
Streptomyces seoulensis	73044	S	1	0	1	0.0000201070
Streptomyces glomeroaurantiacus	68210	S	1	0	1	0.0000201070
Streptomyces mobaraensis	35621	S	1	0	1	0.0000201070
Streptomyces parvulus	146923	S	1	0	1	0.0000201070
Streptomyces tendae	1932	S	1	0	1	0.0000201070
Streptomyces niveus	193462	S	1	0	1	0.0000201070
Streptomyces kanamyceticus	1967	S	1	0	1	0.0000201070
Streptomyces asterosporus	285570	S	1	0	1	0.0000201070
Streptomyces rimosus	1927	S	1	0	1	0.0000201070
Streptomyces coeruleorubidus	116188	S	1	0	1	0.0000201070
Streptomyces incarnatus	665007	S	1	0	1	0.0000201070
Streptomyces pratensis	1169025	S	1	0	1	0.0000201070
Streptomyces harbinensis	1176198	S	1	0	1	0.0000201070
Streptomyces lavendulae	1914	S	1	0	1	0.0000201070
Streptomyces pluripotens	1355015	S	1	0	1	0.0000201070
Streptomyces leeuwenhoekii	1437453	S	1	0	1	0.0000201070
Streptomyces lunaelactis	1535768	S	1	0	1	0.0000201070
Streptomyces formicae	1616117	S	1	0	1	0.0000201070
Streptomyces glaucescens	1907	S	1	0	1	0.0000201070
Streptomyces fodineus	1904616	S	1	0	1	0.0000201070
Streptomyces dengpaensis	2049881	S	1	0	1	0.0000201070
Streptomyces cadmiisoli	2184053	S	1	0	1	0.0000201070
Streptomyces exfoliatus	1905	S	1	0	1	0.0000201070
Streptomyces broussonetiae	2686304	S	1	0	1	0.0000201070
Streptomyces ambofaciens	1889	S	1	0	1	0.0000201070
Streptomyces luteoverticillatus	66425	S	1	0	1	0.0000201070
Streptomyces nitrosporeus	28894	S	1	0	1	0.0000201070
Streptomyces alboflavus	67267	S	1	0	1	0.0000201070
Streptomyces griseorubiginosus	67304	S	1	0	1	0.0000201070
Streptomyces olivaceus	47716	S	1	0	1	0.0000201070
Streptomyces lydicus	47763	S	1	0	1	0.0000201070
Streptomyces avermitilis	33903	S	1	0	1	0.0000201070
Streptomyces gardneri	66892	S	1	0	1	0.0000201070
Streptomyces viridosporus	67581	S	1	0	1	0.0000201070
Streptomyces griseocarneus	51201	S	1	0	1	0.0000201070
Streptacidiphilus sp. P02-A3a	2704468	S	1	0	1	0.0000201070
Streptacidiphilus sp. PB12-B1b	2705012	S	1	0	1	0.0000201070
Kitasatospora setae	2066	S	1	0	1	0.0000201070
Kitasatospora sp. MMS16-BH015	2018025	S	1	0	1	0.0000201070
Pseudonocardia sp. CGMCC 4.1532	2761535	S	1	0	1	0.0000201070
Pseudonocardia dioxanivorans	240495	S	1	0	1	0.0000201070
Amycolatopsis sp. AA4	1896961	S	1	0	1	0.0000201070
Amycolatopsis sp. BJA-103	1911175	S	1	0	1	0.0000201070
Amycolatopsis sp. FDAARGOS 1241	2778070	S	1	0	1	0.0000201070
Saccharopolyspora coralli	2665642	S	1	0	1	0.0000201070
Saccharomonospora azurea	40988	S	1	0	1	0.0000201070
Saccharomonospora xinjiangensis	75294	S	1	0	1	0.0000201070
Kutzneria albida	43357	S	1	0	1	0.0000201070
Prauserella marina	530584	S	1	0	1	0.0000201070
Alloactinosynnema sp. L-07	1653480	S	1	0	1	0.0000201070
Micromonospora echinaurantiaca	47857	S	1	0	1	0.0000201070
Micromonospora echinospora	1877	S	1	0	1	0.0000201070
Micromonospora narathiwatensis	299146	S	1	0	1	0.0000201070
Micromonospora carbonacea	47853	S	1	0	1	0.0000201070
Micromonospora echinofusca	47858	S	1	0	1	0.0000201070
Actinoplanes sp. N902-109	649831	S	1	0	1	0.0000201070
Actinoplanes teichomyceticus	1867	S	1	0	1	0.0000201070
Actinoplanes friuliensis	196914	S	1	0	1	0.0000201070
Actinomyces sp. oral taxon 169	712116	S	1	0	1	0.0000201070
Actinomyces sp. oral taxon 414	712122	S	1	0	1	0.0000201070
Actinomyces sp. Chiba101	1851395	S	1	0	1	0.0000201070
Actinomyces sp. HMT 175	2789425	S	1	0	1	0.0000201070
Actinomyces viscosus	1656	S	1	0	1	0.0000201070
Actinomyces howellii	52771	S	1	0	1	0.0000201070
Actinomyces radicidentis	111015	S	1	0	1	0.0000201070
Trueperella pyogenes	1661	S	1	0	1	0.0000201070
Arcanobacterium haemolyticum	28264	S	1	0	1	0.0000201070
Flaviflexus salsibiostraticola	1282737	S	1	0	1	0.0000201070
Winkia sp. C64	2692125	S	1	0	1	0.0000201070
Boudabousia tangfeifanii	1912795	S	1	0	1	0.0000201070
Candidatus Nanopelagicus limnes	1884634	S	1	0	1	0.0000201070
Bifidobacterium angulatum	1683	S	1	0	1	0.0000201070
Bifidobacterium adolescentis	1680	S	1	0	1	0.0000201070
Streptosporangium roseum	2001	S	1	0	1	0.0000201070
Streptosporangium sp. 'caverna'	2202249	S	1	0	1	0.0000201070
Thermobispora bispora	2006	S	1	0	1	0.0000201070
Actinomadura sp. WMMB 499	1219491	S	1	0	1	0.0000201070
Nocardiopsis dassonvillei	2014	S	1	0	1	0.0000201070
Thermobifida fusca	2021	S	1	0	1	0.0000201070
Candidatus Frankia datiscae	2716812	S	1	0	1	0.0000201070
Nakamurella sp. s14-144	1902245	S	1	0	1	0.0000201070
Nakamurella sp. PAMC28650	2762325	S	1	0	1	0.0000201070
Modestobacter marinus	477641	S	1	0	1	0.0000201070
Actinopolyspora erythraea	414996	S	1	0	1	0.0000201070
Coriobacterium glomerans	33871	S	1	0	1	0.0000201070
Olsenella timonensis	1805478	S	1	0	1	0.0000201070
Gordonibacter urolithinfaciens	1335613	S	1	0	1	0.0000201070
Denitrobacterium detoxificans	79604	S	1	0	1	0.0000201070
Slackia heliotrinireducens	84110	S	1	0	1	0.0000201070
Adlercreutzia equolifaciens	446660	S	1	0	1	0.0000201070
Egicoccus halophilus	1670830	S	1	0	1	0.0000201070
Rubrobacter sp. SCSIO 52909	2653851	S	1	0	1	0.0000201070
Staphylococcus sp. 17KM0847	2583989	S	1	0	1	0.0000201070
Staphylococcus arlettae	29378	S	1	0	1	0.0000201070
Staphylococcus succinus	61015	S	1	0	1	0.0000201070
Staphylococcus schleiferi	1295	S	1	0	1	0.0000201070
Staphylococcus pseudoxylosus	2282419	S	1	0	1	0.0000201070
Mammaliicoccus lentus	42858	S	1	0	1	0.0000201070
Bacillus cytotoxicus	580165	S	1	0	1	0.0000201070
Bacillus luti	2026191	S	1	0	1	0.0000201070
Bacillus sp. THAF10	2587848	S	1	0	1	0.0000201070
Bacillus sp. FJAT-45348	2011012	S	1	0	1	0.0000201070
Bacillus sp. N1-1	2682541	S	1	0	1	0.0000201070
Bacillus sp. DSL-17	2567941	S	1	0	1	0.0000201070
Bacillus pumilus	1408	S	1	0	1	0.0000201070
Bacillus sporothermodurans	46224	S	1	0	1	0.0000201070
Alkalihalobacillus miscanthi	2598861	S	1	0	1	0.0000201070
Weizmannia coagulans	1398	S	1	0	1	0.0000201070
Metabacillus litoralis	152268	S	1	0	1	0.0000201070
Parageobacillus genomosp. 1	1295642	S	1	0	1	0.0000201070
Terribacillus goriensis	386490	S	1	0	1	0.0000201070
Pontibacillus sp. HMF3514	2692425	S	1	0	1	0.0000201070
Anoxybacillus caldiproteolyticus	247480	S	1	0	1	0.0000201070
Paenibacillus sp. JDR-2	324057	S	1	0	1	0.0000201070
Paenibacillus sp. PAMC21692	2762320	S	1	0	1	0.0000201070
Paenibacillus sp. UniB2	2726185	S	1	0	1	0.0000201070
Paenibacillus sp. HB172198	2565926	S	1	0	1	0.0000201070
Paenibacillus sp. FSL H7-0737	1536775	S	1	0	1	0.0000201070
Paenibacillus sp. FSL R7-0331	1536773	S	1	0	1	0.0000201070
Paenibacillus sabinae	365617	S	1	0	1	0.0000201070
Paenibacillus psychroresistens	1778678	S	1	0	1	0.0000201070
Paenibacillus lentus	1338368	S	1	0	1	0.0000201070
Paenibacillus uliginis	683737	S	1	0	1	0.0000201070
Paenibacillus cellulositrophicus	562959	S	1	0	1	0.0000201070
Paenibacillus naphthalenovorans	162209	S	1	0	1	0.0000201070
Cohnella abietis	2507935	S	1	0	1	0.0000201070
Cohnella sp. LGH	1619153	S	1	0	1	0.0000201070
Cohnella candidum	2674991	S	1	0	1	0.0000201070
Aneurinibacillus soli	1500254	S	1	0	1	0.0000201070
Sporosarcina sp. Te-1	2818390	S	1	0	1	0.0000201070
Planococcus antarcticus	161360	S	1	0	1	0.0000201070
Planococcus plakortidis	1038856	S	1	0	1	0.0000201070
Planococcus sp. PAMC 21323	1526927	S	1	0	1	0.0000201070
Kurthia zopfii	1650	S	1	0	1	0.0000201070
Kurthia sp. 11kri321	1750719	S	1	0	1	0.0000201070
Jeotgalibacillus malaysiensis	1508404	S	1	0	1	0.0000201070
Ureibacillus thermophilus	367743	S	1	0	1	0.0000201070
Listeria seeligeri	1640	S	1	0	1	0.0000201070
Listeria grayi	1641	S	1	0	1	0.0000201070
Listeria welshimeri	1643	S	1	0	1	0.0000201070
Exiguobacterium sp. Helios	2735868	S	1	0	1	0.0000201070
Alicyclobacillus acidocaldarius	405212	S	1	0	1	0.0000201070
Kroppenstedtia pulmonis	1380685	S	1	0	1	0.0000201070
Novibacillus thermophilus	1471761	S	1	0	1	0.0000201070
Staphylospora marina	2490858	S	1	0	1	0.0000201070
Streptococcus sp. 1643	2576376	S	1	0	1	0.0000201070
Streptococcus himalayensis	1888195	S	1	0	1	0.0000201070
Streptococcus marmotae	1825069	S	1	0	1	0.0000201070
Streptococcus acidominimus	1326	S	1	0	1	0.0000201070
Streptococcus pseudoporcinus	361101	S	1	0	1	0.0000201070
Lactococcus piscium	1364	S	1	0	1	0.0000201070
Lactobacillus amylovorus	1604	S	1	0	1	0.0000201070
Limosilactobacillus frumenti	104955	S	1	0	1	0.0000201070
Weissella paramesenteroides	1249	S	1	0	1	0.0000201070
Lactiplantibacillus paraplantarum	60520	S	1	0	1	0.0000201070
Ligilactobacillus ruminis	1623	S	1	0	1	0.0000201070
Companilactobacillus paralimentarius	83526	S	1	0	1	0.0000201070
Secundilactobacillus paracollinoides	240427	S	1	0	1	0.0000201070
Paucilactobacillus hokkaidonensis	1193095	S	1	0	1	0.0000201070
Furfurilactobacillus rossiae	231049	S	1	0	1	0.0000201070
Amylolactobacillus amylophilus	1603	S	1	0	1	0.0000201070
Marinilactibacillus sp. 15R	1911586	S	1	0	1	0.0000201070
Enterococcus mundtii	53346	S	1	0	1	0.0000201070
Enterococcus wangshanyuanii	2005703	S	1	0	1	0.0000201070
Vagococcus zengguangii	2571750	S	1	0	1	0.0000201070
Vagococcus coleopterorum	2714946	S	1	0	1	0.0000201070
Vagococcus hydrophili	2714947	S	1	0	1	0.0000201070
Tetragenococcus halophilus	51669	S	1	0	1	0.0000201070
Clostridium sp. SY8519	1042156	S	1	0	1	0.0000201070
Clostridium sp. 'deep sea'	2779445	S	1	0	1	0.0000201070
Clostridium acetobutylicum	1488	S	1	0	1	0.0000201070
Clostridium bornimense	1216932	S	1	0	1	0.0000201070
Clostridium drakei	332101	S	1	0	1	0.0000201070
Clostridium chauvoei	46867	S	1	0	1	0.0000201070
Clostridium argentinense	29341	S	1	0	1	0.0000201070
Clostridium cochlearium	1494	S	1	0	1	0.0000201070
Clostridium tetani	1513	S	1	0	1	0.0000201070
Clostridium septicum	1504	S	1	0	1	0.0000201070
Candidatus Arthromitus sp. SFB-rat-Yit	1041504	S	1	0	1	0.0000201070
Alkaliphilus oremlandii	461876	S	1	0	1	0.0000201070
Caloranaerobacter azorensis	116090	S	1	0	1	0.0000201070
Hathewaya histolytica	1498	S	1	0	1	0.0000201070
Anaerostipes rhamnosivorans	1229621	S	1	0	1	0.0000201070
Blautia hansenii	1322	S	1	0	1	0.0000201070
Anaerocolumna sedimenticola	2696063	S	1	0	1	0.0000201070
Roseburia hominis	301301	S	1	0	1	0.0000201070
Lachnospira eligens	39485	S	1	0	1	0.0000201070
Butyrivibrio fibrisolvens	831	S	1	0	1	0.0000201070
Ruminococcus champanellensis	1161942	S	1	0	1	0.0000201070
Ruminococcus sp. JE7A12	2564099	S	1	0	1	0.0000201070
Acetivibrio clariflavus	288965	S	1	0	1	0.0000201070
Caproiciproducens sp. NJN-50	2507162	S	1	0	1	0.0000201070
Acutalibacter muris	1796620	S	1	0	1	0.0000201070
Thermaerobacter sp. FW80	2546351	S	1	0	1	0.0000201070
Filifactor alocis	143361	S	1	0	1	0.0000201070
Acetoanaerobium sticklandii	1511	S	1	0	1	0.0000201070
Paeniclostridium sordellii	1505	S	1	0	1	0.0000201070
Desulfosporosinus youngiae	339862	S	1	0	1	0.0000201070
Thermoanaerosceptrum fracticalcis	1712410	S	1	0	1	0.0000201070
Heliorestis convoluta	356322	S	1	0	1	0.0000201070
Thermoanaerobacterium aotearoense	47490	S	1	0	1	0.0000201070
Caldicellulosiruptor lactoaceticus	52766	S	1	0	1	0.0000201070
Thermoanaerobacter siderophilus	106578	S	1	0	1	0.0000201070
Halothermothrix orenii	31909	S	1	0	1	0.0000201070
Halocella sp. SP3-1	2382161	S	1	0	1	0.0000201070
Biomaibacter acetigenes	2316383	S	1	0	1	0.0000201070
Selenomonas ruminantium	971	S	1	0	1	0.0000201070
Pectinatus frisingensis	865	S	1	0	1	0.0000201070
Pelosinus sp. UFO1	484770	S	1	0	1	0.0000201070
Veillonella nakazawae	2682456	S	1	0	1	0.0000201070
Phascolarctobacterium faecium	33025	S	1	0	1	0.0000201070
Anaerococcus prevotii	33034	S	1	0	1	0.0000201070
Anaerococcus mediterraneensis	1870984	S	1	0	1	0.0000201070
Keratinibaculum paraultunense	1278232	S	1	0	1	0.0000201070
Ezakiella massiliensis	1852374	S	1	0	1	0.0000201070
Nostoc sp. 'Peltigera membranacea cyanobiont' N6	1261031	S	1	0	1	0.0000201070
Nostoc sp. NIES-4103	2005458	S	1	0	1	0.0000201070
Nostoc punctiforme	272131	S	1	0	1	0.0000201070
Calothrix sp. PCC 7507	99598	S	1	0	1	0.0000201070
Calothrix parietina	32054	S	1	0	1	0.0000201070
Anabaenopsis elenkinii	156213	S	1	0	1	0.0000201070
Gloeothece citriformis	2546356	S	1	0	1	0.0000201070
Gloeothece verrucosa	2546359	S	1	0	1	0.0000201070
Halothece sp. PCC 7418	65093	S	1	0	1	0.0000201070
Geminocystis sp. NIES-3708	1615909	S	1	0	1	0.0000201070
Geminocystis sp. NIES-3709	1617448	S	1	0	1	0.0000201070
Gloeocapsa sp. PCC 7428	1173026	S	1	0	1	0.0000201070
Chondrocystis sp. NIES-4102	2005460	S	1	0	1	0.0000201070
Oscillatoria acuminata	118323	S	1	0	1	0.0000201070
Moorea producens	1155739	S	1	0	1	0.0000201070
Trichodesmium erythraeum	1206	S	1	0	1	0.0000201070
Microcoleus sp. PCC 7113	1173027	S	1	0	1	0.0000201070
Geitlerinema sp. PCC 7407	1173025	S	1	0	1	0.0000201070
Crinalium epipsammum	241425	S	1	0	1	0.0000201070
[Phormidium] sp. ETS-05	222819	S	1	0	1	0.0000201070
Synechococcus sp. CB0101	232348	S	1	0	1	0.0000201070
Synechococcus sp. JA-2-3B'a(2-13)	321332	S	1	0	1	0.0000201070
Synechococcus sp. Minos11	221341	S	1	0	1	0.0000201070
Synechococcus elongatus	32046	S	1	0	1	0.0000201070
Leptolyngbya boryana	1184	S	1	0	1	0.0000201070
Gloeobacter violaceus	33072	S	1	0	1	0.0000201070
Pleurocapsa minor	54308	S	1	0	1	0.0000201070
Mycoplasma sp. Zaradi2	547987	S	1	0	1	0.0000201070
Mycoplasma sp. Mirounga ES2805-ORL	754514	S	1	0	1	0.0000201070
Mycoplasma sp. (ex Biomphalaria glabrata)	1749074	S	1	0	1	0.0000201070
Mycoplasma capricolum	2095	S	1	0	1	0.0000201070
Mycoplasma mycoides	2102	S	1	0	1	0.0000201070
Mycoplasma neurolyticum	2120	S	1	0	1	0.0000201070
Mycoplasma ovis	171632	S	1	0	1	0.0000201070
Mycoplasma salivarium	2124	S	1	0	1	0.0000201070
Mycoplasma canadense	29554	S	1	0	1	0.0000201070
Mycoplasma agalactiae	2110	S	1	0	1	0.0000201070
Mycoplasma felis	33923	S	1	0	1	0.0000201070
Mycoplasma pullorum	48003	S	1	0	1	0.0000201070
Ureaplasma parvum	134821	S	1	0	1	0.0000201070
Candidatus Hepatoplasma crinochetorum	295596	S	1	0	1	0.0000201070
Spiroplasma apis	2137	S	1	0	1	0.0000201070
Spiroplasma tabanidicola	324079	S	1	0	1	0.0000201070
Spiroplasma gladiatoris	2143	S	1	0	1	0.0000201070
Spiroplasma chinense	216932	S	1	0	1	0.0000201070
Acholeplasma axanthum	29552	S	1	0	1	0.0000201070
Acholeplasma brassicae	61635	S	1	0	1	0.0000201070
Candidatus Phytoplasma ziziphi	135727	S	1	0	1	0.0000201070
Candidatus Phytoplasma australiense	59748	S	1	0	1	0.0000201070
Candidatus Izimaplasma sp. HR1	1541959	S	1	0	1	0.0000201070
Deinococcus maricopensis	309887	S	1	0	1	0.0000201070
Deinococcus peraridilitoris	432329	S	1	0	1	0.0000201070
Deinococcus swuensis	1182571	S	1	0	1	0.0000201070
Thermomicrobium roseum	500	S	1	0	1	0.0000201070
Roseiflexus castenholzii	120962	S	1	0	1	0.0000201070
Roseiflexus sp. RS-1	357808	S	1	0	1	0.0000201070
Pelolinea submarina	913107	S	1	0	1	0.0000201070
Dehalococcoides mccartyi	61435	S	1	0	1	0.0000201070
Dehalococcoides sp. UCH007	1522671	S	1	0	1	0.0000201070
Thermobaculum terrenum	166501	S	1	0	1	0.0000201070
Candidatus Promineofilum breve	1806508	S	1	0	1	0.0000201070
Tepidiforma bonchosmolovskayae	2601677	S	1	0	1	0.0000201070
Janthinobacterium sp. 17J80-10	2497863	S	1	0	1	0.0000201070
Herminiimonas arsenitoxidans	1809410	S	1	0	1	0.0000201070
Burkholderia seminalis	488731	S	1	0	1	0.0000201070
Burkholderia metallica	488729	S	1	0	1	0.0000201070
Burkholderia sp. BDU8	1385592	S	1	0	1	0.0000201070
Burkholderia sp. MSMB617WGS	1637831	S	1	0	1	0.0000201070
Burkholderia sp. YI23	1097668	S	1	0	1	0.0000201070
Burkholderia sp. JP2-270	2217913	S	1	0	1	0.0000201070
Burkholderia sp. IDO3	1705310	S	1	0	1	0.0000201070
Burkholderia sp. Bp7605	1740163	S	1	0	1	0.0000201070
Burkholderia glumae	337	S	1	0	1	0.0000201070
Cupriavidus campinensis	151783	S	1	0	1	0.0000201070
Polynucleobacter acidiphobus	556053	S	1	0	1	0.0000201070
Paraburkholderia sp. PGU16	2735433	S	1	0	1	0.0000201070
Paraburkholderia atlantica	2654982	S	1	0	1	0.0000201070
Paraburkholderia ginsengisoli	311231	S	1	0	1	0.0000201070
Paraburkholderia phymatum	148447	S	1	0	1	0.0000201070
Pandoraea oxalativorans	573737	S	1	0	1	0.0000201070
Caballeronia insecticola	758793	S	1	0	1	0.0000201070
Mycoavidus sp. B2-EB	2651972	S	1	0	1	0.0000201070
Mycetohabitans rhizoxinica	412963	S	1	0	1	0.0000201070
Methylibium sp. T29	1430884	S	1	0	1	0.0000201070
Bordetella trematum	123899	S	1	0	1	0.0000201070
Bordetella genomosp. 8	1416806	S	1	0	1	0.0000201070
Pusillimonas thiosulfatoxidans	2028345	S	1	0	1	0.0000201070
Castellaniella defragrans	75697	S	1	0	1	0.0000201070
Orrella dioscoreae	1851544	S	1	0	1	0.0000201070
Sutterella wadsworthensis	40545	S	1	0	1	0.0000201070
Rugosibacter aromaticivorans	1565605	S	1	0	1	0.0000201070
Azoarcus sp. KH32C	748247	S	1	0	1	0.0000201070
Azoarcus sp. M9-3-2	2016596	S	1	0	1	0.0000201070
Thauera aromatica	59405	S	1	0	1	0.0000201070
Thauera chlorobenzoica	96773	S	1	0	1	0.0000201070
Thauera humireducens	1134435	S	1	0	1	0.0000201070
Thauera hydrothermalis	2184083	S	1	0	1	0.0000201070
Chromobacterium phragmitis	2202141	S	1	0	1	0.0000201070
Iodobacter sp. H11R3	2496266	S	1	0	1	0.0000201070
Aquitalea magnusonii	332411	S	1	0	1	0.0000201070
Aquitalea denitrificans	519081	S	1	0	1	0.0000201070
Aquitalea sp. USM4	1590041	S	1	0	1	0.0000201070
Laribacter hongkongensis	168471	S	1	0	1	0.0000201070
Neisseria flavescens	484	S	1	0	1	0.0000201070
Neisseria musculi	1815583	S	1	0	1	0.0000201070
Neisseria wadsworthii	607711	S	1	0	1	0.0000201070
Neisseria animaloris	326522	S	1	0	1	0.0000201070
Neisseria elongata	495	S	1	0	1	0.0000201070
Kingella denitrificans	502	S	1	0	1	0.0000201070
Kingella kingae	504	S	1	0	1	0.0000201070
Chitinolyticbacter meiyuanensis	682798	S	1	0	1	0.0000201070
Methylophilus medardicus	2588534	S	1	0	1	0.0000201070
Nitrosomonas europaea	915	S	1	0	1	0.0000201070
Nitrosospira multiformis	1231	S	1	0	1	0.0000201070
Nitrosospira lacus	1288494	S	1	0	1	0.0000201070
Sulfuriferula nivalis	2675298	S	1	0	1	0.0000201070
Gallionella capsiferriformans	370405	S	1	0	1	0.0000201070
Sideroxydans lithotrophicus	63745	S	1	0	1	0.0000201070
Denitratisoma sp. DHT3	1981880	S	1	0	1	0.0000201070
Methyloversatilis sp. RAC08	1842540	S	1	0	1	0.0000201070
Thiobacillus denitrificans	36861	S	1	0	1	0.0000201070
Sulfuritortus calidifontis	1914471	S	1	0	1	0.0000201070
Candidatus Kinetoplastibacterium oncopeltii	994696	S	1	0	1	0.0000201070
Acinetobacter calcoaceticus	471	S	1	0	1	0.0000201070
Acinetobacter sp. TGL-Y2	1407071	S	1	0	1	0.0000201070
Acinetobacter sp. WCHAc010034	1879049	S	1	0	1	0.0000201070
Acinetobacter shaoyimingii	2715164	S	1	0	1	0.0000201070
Acinetobacter wanghuae	2662362	S	1	0	1	0.0000201070
Acinetobacter piscicola	2006115	S	1	0	1	0.0000201070
Acinetobacter wuhouensis	1879050	S	1	0	1	0.0000201070
Acinetobacter larvae	1789224	S	1	0	1	0.0000201070
Acinetobacter gyllenbergii	134534	S	1	0	1	0.0000201070
Moraxella bovis	476	S	1	0	1	0.0000201070
Psychrobacter sp. KCTC 72983	2733866	S	1	0	1	0.0000201070
Psychrobacter sp. DAB_AL43B	1028416	S	1	0	1	0.0000201070
Psychrobacter sp. P11G3	1699623	S	1	0	1	0.0000201070
Pseudomonas sp. TCU-HL1	1856685	S	1	0	1	0.0000201070
Pseudomonas sp. 7SR1	1881017	S	1	0	1	0.0000201070
Pseudomonas sp. DY-1	1755504	S	1	0	1	0.0000201070
Pseudomonas sp. LG1E9	2219057	S	1	0	1	0.0000201070
Pseudomonas sp. S-6-2	1931241	S	1	0	1	0.0000201070
Pseudomonas sp. RU47	2005388	S	1	0	1	0.0000201070
Pseudomonas sp. NS1(2017)	2025658	S	1	0	1	0.0000201070
Pseudomonas sp. LBUM920	2126069	S	1	0	1	0.0000201070
Pseudomonas sp. Tri1	2823875	S	1	0	1	0.0000201070
Pseudomonas sp. MPC6	2498848	S	1	0	1	0.0000201070
Pseudomonas sp. SNU WT1	2518644	S	1	0	1	0.0000201070
Pseudomonas sp. LPB0260	2614442	S	1	0	1	0.0000201070
Pseudomonas sp. TUM18999	2725477	S	1	0	1	0.0000201070
Pseudomonas sp. SK	2729423	S	1	0	1	0.0000201070
Pseudomonas sp. ADAK22	2730851	S	1	0	1	0.0000201070
Pseudomonas sp. RtIB026	2749999	S	1	0	1	0.0000201070
Pseudomonas sp. PDNC002	2811422	S	1	0	1	0.0000201070
Pseudomonas sp. SDM007	2812000	S	1	0	1	0.0000201070
Pseudomonas sp. S49	1573720	S	1	0	1	0.0000201070
Pseudomonas sp. B10	118613	S	1	0	1	0.0000201070
Pseudomonas sp. R5-89-07	658644	S	1	0	1	0.0000201070
Pseudomonas sp. LAB-08	143813	S	1	0	1	0.0000201070
Pseudomonas mediterranea	183795	S	1	0	1	0.0000201070
Pseudomonas nitroreducens	46680	S	1	0	1	0.0000201070
Pseudomonas resinovorans	53412	S	1	0	1	0.0000201070
Pseudomonas luteola	47886	S	1	0	1	0.0000201070
Pseudomonas lundensis	86185	S	1	0	1	0.0000201070
Pseudomonas taetrolens	47884	S	1	0	1	0.0000201070
Pseudomonas asplenii	53407	S	1	0	1	0.0000201070
Pseudomonas vancouverensis	95300	S	1	0	1	0.0000201070
Pseudomonas silesiensis	1853130	S	1	0	1	0.0000201070
Pseudomonas lactis	1615674	S	1	0	1	0.0000201070
Pseudomonas guangdongensis	1245526	S	1	0	1	0.0000201070
Pseudomonas prosekii	1148509	S	1	0	1	0.0000201070
Pseudomonas arsenicoxydans	702115	S	1	0	1	0.0000201070
Pseudomonas litoralis	797277	S	1	0	1	0.0000201070
Oblitimonas alkaliphila	1697053	S	1	0	1	0.0000201070
Klebsiella huaxiensis	2153354	S	1	0	1	0.0000201070
Enterobacter chengduensis	2494701	S	1	0	1	0.0000201070
Enterobacter sp. 638	399742	S	1	0	1	0.0000201070
Enterobacter soli	885040	S	1	0	1	0.0000201070
Leclercia sp. 29361	2714951	S	1	0	1	0.0000201070
Salmonella bongori	54736	S	1	0	1	0.0000201070
Citrobacter pasteurii	1563222	S	1	0	1	0.0000201070
Kosakonia cowanii	208223	S	1	0	1	0.0000201070
Kosakonia radicincitans	283686	S	1	0	1	0.0000201070
Kosakonia sacchari	1158459	S	1	0	1	0.0000201070
Lelliottia nimipressuralis	69220	S	1	0	1	0.0000201070
Enterobacteriaceae endosymbiont of Donacia vulgaris	2675789	S	1	0	1	0.0000201070
Enterobacteriaceae endosymbiont of Donacia versicolorea	2675788	S	1	0	1	0.0000201070
Kluyvera intermedia	61648	S	1	0	1	0.0000201070
Pluralibacter gergoviae	61647	S	1	0	1	0.0000201070
[Enterobacter] lignolyticus	1334193	S	1	0	1	0.0000201070
Shimwellia blattae	563	S	1	0	1	0.0000201070
Pantoea sp. CCBC3-3-1	2490851	S	1	0	1	0.0000201070
Pantoea ananatis	553	S	1	0	1	0.0000201070
Serratia grimesii	82995	S	1	0	1	0.0000201070
Serratia symbiotica	138074	S	1	0	1	0.0000201070
Serratia sp. ATCC 39006	104623	S	1	0	1	0.0000201070
Rahnella sp. ERMR1:05	1805933	S	1	0	1	0.0000201070
Gibbsiella quercinecans	929813	S	1	0	1	0.0000201070
Rouxiella badensis	1646377	S	1	0	1	0.0000201070
Proteus penneri	102862	S	1	0	1	0.0000201070
Providencia rettgeri	587	S	1	0	1	0.0000201070
Xenorhabdus doucetiae	351671	S	1	0	1	0.0000201070
Morganella morganii	582	S	1	0	1	0.0000201070
Dickeya fangzhongdai	1778540	S	1	0	1	0.0000201070
Lonsdalea populi	1172565	S	1	0	1	0.0000201070
Plesiomonas shigelloides	703	S	1	0	1	0.0000201070
Leminorella richardii	158841	S	1	0	1	0.0000201070
Stenotrophomonas sp. ESTM1D_MKCIP4_1	2072414	S	1	0	1	0.0000201070
Lysobacter sp. H23M41	2781023	S	1	0	1	0.0000201070
Lysobacter soli	453783	S	1	0	1	0.0000201070
Lysobacter solisilvae	2763317	S	1	0	1	0.0000201070
Xanthomonas fragariae	48664	S	1	0	1	0.0000201070
Xanthomonas albilineans	29447	S	1	0	1	0.0000201070
Xanthomonas vesicatoria	56460	S	1	0	1	0.0000201070
Xanthomonas theicola	56464	S	1	0	1	0.0000201070
Xylella taiwanensis	1444770	S	1	0	1	0.0000201070
Dyella caseinilytica	1849581	S	1	0	1	0.0000201070
Ahniella affigens	2021234	S	1	0	1	0.0000201070
Aerosticca soli	2010829	S	1	0	1	0.0000201070
Halomonas sp. A40-4	2785909	S	1	0	1	0.0000201070
Kushneria marisflavi	157779	S	1	0	1	0.0000201070
Kushneria konosiri	698828	S	1	0	1	0.0000201070
Kangiella geojedonensis	914150	S	1	0	1	0.0000201070
Thalassolituus oleivorans	187493	S	1	0	1	0.0000201070
Nitrincola sp. KXZD1103	2614693	S	1	0	1	0.0000201070
Alcanivorax pacificus	1306787	S	1	0	1	0.0000201070
Alcanivorax sp. N3-2A	2014542	S	1	0	1	0.0000201070
Spartinivicinus ruber	2683272	S	1	0	1	0.0000201070
Reinekea forsetii	1336806	S	1	0	1	0.0000201070
Shewanella sp. SNU WT4	2590015	S	1	0	1	0.0000201070
Shewanella sediminis	271097	S	1	0	1	0.0000201070
Shewanella benthica	43661	S	1	0	1	0.0000201070
Shewanella decolorationis	256839	S	1	0	1	0.0000201070
Shewanella donghaensis	238836	S	1	0	1	0.0000201070
Pseudoalteromonas piratica	1348114	S	1	0	1	0.0000201070
Pseudoalteromonas xiamenensis	882626	S	1	0	1	0.0000201070
Pseudoalteromonas rubra	43658	S	1	0	1	0.0000201070
Pseudoalteromonas piscicida	43662	S	1	0	1	0.0000201070
Pseudoalteromonas tunicata	314281	S	1	0	1	0.0000201070
Alteromonas mediterranea	314275	S	1	0	1	0.0000201070
Alteromonas pelagimontana	1858656	S	1	0	1	0.0000201070
Marinobacter sp. LV10R510-11A	1415568	S	1	0	1	0.0000201070
Marinobacter sp. Arc7-DN-1	2304594	S	1	0	1	0.0000201070
Marinobacter sp. NP-4(2019)	2488665	S	1	0	1	0.0000201070
Paraglaciecola sp. L3A3	2686358	S	1	0	1	0.0000201070
Agarivorans gilvus	680279	S	1	0	1	0.0000201070
Colwellia sp. MT41	58049	S	1	0	1	0.0000201070
Colwellia sp. PAMC 20917	1816218	S	1	0	1	0.0000201070
Colwellia sp. PAMC 21821	1816219	S	1	0	1	0.0000201070
Colwellia sp. Arc7-D	2161872	S	1	0	1	0.0000201070
Colwellia sp. 20A7	2689569	S	1	0	1	0.0000201070
Thalassotalea crassostreae	1763536	S	1	0	1	0.0000201070
Moritella yayanosii	69539	S	1	0	1	0.0000201070
Psychromonas sp. CNPT3	314282	S	1	0	1	0.0000201070
Vibrio rotiferianus	190895	S	1	0	1	0.0000201070
Vibrio diabolicus	50719	S	1	0	1	0.0000201070
Vibrio sp. SM1977	2662262	S	1	0	1	0.0000201070
Vibrio cholerae	666	S	1	0	1	0.0000201070
Vibrio cincinnatiensis	675	S	1	0	1	0.0000201070
Vibrio nigripulchritudo	28173	S	1	0	1	0.0000201070
Vibrio furnissii	29494	S	1	0	1	0.0000201070
Vibrio mediterranei	689	S	1	0	1	0.0000201070
Vibrio gazogenes	687	S	1	0	1	0.0000201070
Vibrio metschnikovii	28172	S	1	0	1	0.0000201070
Photobacterium damselae	38293	S	1	0	1	0.0000201070
Paraphotobacterium marinum	1755811	S	1	0	1	0.0000201070
Aeromonas salmonicida	645	S	1	0	1	0.0000201070
Aeromonas schubertii	652	S	1	0	1	0.0000201070
Oceanisphaera avium	1903694	S	1	0	1	0.0000201070
Aggregatibacter segnis	739	S	1	0	1	0.0000201070
Mannheimia sp. USDA-ARS-USMARC-1261	1432056	S	1	0	1	0.0000201070
Bisgaardia hudsonensis	109472	S	1	0	1	0.0000201070
Otariodibacter oris	1032623	S	1	0	1	0.0000201070
Rodentibacter heylii	1906744	S	1	0	1	0.0000201070
Nitrosococcus oceani	1229	S	1	0	1	0.0000201070
Thermochromatium tepidum	1050	S	1	0	1	0.0000201070
Thioalkalivibrio nitratireducens	186931	S	1	0	1	0.0000201070
Thioalkalivibrio sp. K90mix	396595	S	1	0	1	0.0000201070
Acidihalobacter aeolianus	2792603	S	1	0	1	0.0000201070
Acidihalobacter yilgarnenesis	2819280	S	1	0	1	0.0000201070
Halorhodospira halochloris	1052	S	1	0	1	0.0000201070
Halorhodospira halophila	1053	S	1	0	1	0.0000201070
Ectothiorhodospira haloalkaliphila	421628	S	1	0	1	0.0000201070
Alkalilimnicola ehrlichii	351052	S	1	0	1	0.0000201070
Thiohalobacter sp. COW1	2795687	S	1	0	1	0.0000201070
Wenzhouxiangella sp. AB-CW3	2771012	S	1	0	1	0.0000201070
Guyparkeria halophila	47960	S	1	0	1	0.0000201070
Microbulbifer sp. ALW1	1516059	S	1	0	1	0.0000201070
Microbulbifer sp. SH-1	2681547	S	1	0	1	0.0000201070
Microbulbifer aggregans	1769779	S	1	0	1	0.0000201070
Kineobactrum salinum	2708301	S	1	0	1	0.0000201070
Zhongshania aliphaticivorans	1470434	S	1	0	1	0.0000201070
Teredinibacter purpureus	2731756	S	1	0	1	0.0000201070
Legionella sp. TUM19329	2708020	S	1	0	1	0.0000201070
Legionella sp. PC1000	2746060	S	1	0	1	0.0000201070
Legionella israelensis	454	S	1	0	1	0.0000201070
Legionella anisa	28082	S	1	0	1	0.0000201070
Legionella hackeliae	449	S	1	0	1	0.0000201070
Coxiella burnetii	777	S	1	0	1	0.0000201070
Thiomicrorhabdus indica	2267253	S	1	0	1	0.0000201070
Thiomicrorhabdus xiamenensis	2739063	S	1	0	1	0.0000201070
Hydrogenovibrio marinus	28885	S	1	0	1	0.0000201070
Cycloclasticus sp. PY97N	728003	S	1	0	1	0.0000201070
Thiosulfativibrio zosterae	2675053	S	1	0	1	0.0000201070
Thiothrix unzii	111769	S	1	0	1	0.0000201070
Thiothrix sp.	1032	S	1	0	1	0.0000201070
Francisella frigiditurris	1542390	S	1	0	1	0.0000201070
Methylomonas sp. DH-1	1727196	S	1	0	1	0.0000201070
Methylomonas sp. LL1	2785785	S	1	0	1	0.0000201070
Methylomonas koyamae	702114	S	1	0	1	0.0000201070
Methylococcus capsulatus	414	S	1	0	1	0.0000201070
Methylococcus sp. EFPC2	2812648	S	1	0	1	0.0000201070
Methylomicrobium album	39775	S	1	0	1	0.0000201070
Bathymodiolus thermophilus thioautotrophic gill symbiont	2360	S	1	0	1	0.0000201070
Bathymodiolus septemdierum thioautotrophic gill symbiont	113267	S	1	0	1	0.0000201070
Candidatus Ruthia magnifica	386487	S	1	0	1	0.0000201070
endosymbiont of Pachyrhynchus infernalis	1971488	S	1	0	1	0.0000201070
Sedimenticola thiotaurini	1543721	S	1	0	1	0.0000201070
Sulfurifustis variabilis	1675686	S	1	0	1	0.0000201070
Cardiobacterium hominis	2718	S	1	0	1	0.0000201070
Bradyrhizobium sp. CCGE-LA001	1223566	S	1	0	1	0.0000201070
Bradyrhizobium guangzhouense	1325095	S	1	0	1	0.0000201070
Bradyrhizobium symbiodeficiens	1404367	S	1	0	1	0.0000201070
Rhizobium sp. Khangiran2	1435607	S	1	0	1	0.0000201070
Rhizobium sp. CIAT894	2020312	S	1	0	1	0.0000201070
Rhizobium sp. ADMK78	1813451	S	1	0	1	0.0000201070
Rhizobium sp. BG4	2613770	S	1	0	1	0.0000201070
Rhizobium sp. 11515TR	2028343	S	1	0	1	0.0000201070
Rhizobium daejeonense	240521	S	1	0	1	0.0000201070
Rhizobium rosettiformans	1368430	S	1	0	1	0.0000201070
Rhizobium lentis	1138194	S	1	0	1	0.0000201070
Rhizobium bangladeshense	1138189	S	1	0	1	0.0000201070
Rhizobium gallicum	56730	S	1	0	1	0.0000201070
Rhizobium pseudoryzae	379684	S	1	0	1	0.0000201070
Agrobacterium rubi	28099	S	1	0	1	0.0000201070
Ensifer sojae	716925	S	1	0	1	0.0000201070
Candidatus Liberibacter africanus	34020	S	1	0	1	0.0000201070
Candidatus Liberibacter americanus	309868	S	1	0	1	0.0000201070
Georhizobium profundi	2341112	S	1	0	1	0.0000201070
Mesorhizobium sp. NBSH29	2654249	S	1	0	1	0.0000201070
Mesorhizobium sp. INR15	2654248	S	1	0	1	0.0000201070
Mesorhizobium sp. M7D.F.Ca.US.005.01.1.1	2493678	S	1	0	1	0.0000201070
Mesorhizobium sp. NZP2077	2483404	S	1	0	1	0.0000201070
Mesorhizobium sp. M1E.F.Ca.ET.045.02.1.1	2493672	S	1	0	1	0.0000201070
Mesorhizobium sp. M9A.F.Ca.ET.002.03.1.2	2493668	S	1	0	1	0.0000201070
Mesorhizobium australicum	536018	S	1	0	1	0.0000201070
Mesorhizobium opportunistum	593909	S	1	0	1	0.0000201070
Hoeflea sp. IMCC20628	1620421	S	1	0	1	0.0000201070
Phyllobacterium zundukense	1867719	S	1	0	1	0.0000201070
Nitratireductor sp. OM-1	1756988	S	1	0	1	0.0000201070
Oricola thermophila	2742145	S	1	0	1	0.0000201070
Devosia sp. 1566	2499144	S	1	0	1	0.0000201070
Devosia sp. MC521	2759954	S	1	0	1	0.0000201070
Methyloceanibacter caenitepidi	1384459	S	1	0	1	0.0000201070
Methyloceanibacter sp. wino2	2170729	S	1	0	1	0.0000201070
Candidatus Filomicrobium marinum	1608628	S	1	0	1	0.0000201070
Youhaiella tibetensis	1447062	S	1	0	1	0.0000201070
Caenibius tardaugens	169176	S	1	0	1	0.0000201070
Starkeya sp. ORNL1	2709380	S	1	0	1	0.0000201070
Martelella endophytica	1486262	S	1	0	1	0.0000201070
Martelella lutilitoris	2583532	S	1	0	1	0.0000201070
Brucella intermedia	94625	S	1	0	1	0.0000201070
Labrenzia sp. VG12	2021862	S	1	0	1	0.0000201070
Labrenzia sp. PHM005	2590016	S	1	0	1	0.0000201070
Labrenzia alexandrii	388408	S	1	0	1	0.0000201070
Stappia sp. ES.058	1881061	S	1	0	1	0.0000201070
Pseudovibrio sp. FO-BEG1	911045	S	1	0	1	0.0000201070
Methylosinus sp. C49	2699395	S	1	0	1	0.0000201070
Methylocystis parvus	134	S	1	0	1	0.0000201070
Methylocystis rosea	173366	S	1	0	1	0.0000201070
Parvibaculum lavamentivorans	256618	S	1	0	1	0.0000201070
Breoghania sp. L-A4	2304600	S	1	0	1	0.0000201070
Sphingomonas sp. JE1	1628059	S	1	0	1	0.0000201070
Sphingomonas sp. HDW15C	2714944	S	1	0	1	0.0000201070
Sphingomonas lutea	1045317	S	1	0	1	0.0000201070
Sphingomonas ginsengisoli An et al. 2013	363835	S	1	0	1	0.0000201070
Sphingomonas hengshuiensis	1609977	S	1	0	1	0.0000201070
Sphingomonas rhizophila	2071607	S	1	0	1	0.0000201070
Sphingomonas lacunae	2698828	S	1	0	1	0.0000201070
Sphingobium sp. SYK-6	627192	S	1	0	1	0.0000201070
Sphingobium sp. EP60837	1855519	S	1	0	1	0.0000201070
Sphingobium sp. PAMC28499	2565554	S	1	0	1	0.0000201070
Sphingobium sp. CAP-1	2676077	S	1	0	1	0.0000201070
Sphingobium japonicum	332056	S	1	0	1	0.0000201070
Sphingorhabdus sp. JK6	2725558	S	1	0	1	0.0000201070
Erythrobacter sp. THAF29	2587851	S	1	0	1	0.0000201070
Erythrobacter sp. A30-3	2785907	S	1	0	1	0.0000201070
Erythrobacter mangrovi	2739433	S	1	0	1	0.0000201070
Altererythrobacter sp. B11	2060312	S	1	0	1	0.0000201070
Altererythrobacter sp. BO-6	2604537	S	1	0	1	0.0000201070
Altererythrobacter epoxidivorans	361183	S	1	0	1	0.0000201070
Altererythrobacter ishigakiensis	476157	S	1	0	1	0.0000201070
Altererythrobacter atlanticus	1267766	S	1	0	1	0.0000201070
Aurantiacibacter gangjinensis	502682	S	1	0	1	0.0000201070
Sphingosinicella sp. UDD2	2771430	S	1	0	1	0.0000201070
Paracoccus aminovorans	34004	S	1	0	1	0.0000201070
Sulfitobacter sp. BSw21498	664426	S	1	0	1	0.0000201070
Sulfitobacter sp. AM1-D1	1917485	S	1	0	1	0.0000201070
Sulfitobacter mediterraneus	83219	S	1	0	1	0.0000201070
Roseovarius sp. THAF8	2587846	S	1	0	1	0.0000201070
Roseovarius sp. THAF9	2587847	S	1	0	1	0.0000201070
Celeribacter marinus	1397108	S	1	0	1	0.0000201070
Celeribacter ethanolicus	1758178	S	1	0	1	0.0000201070
Ruegeria sp. AD91A	2293862	S	1	0	1	0.0000201070
Ketogulonicigenium robustum	92947	S	1	0	1	0.0000201070
Rhodovulum sp. MB263	308754	S	1	0	1	0.0000201070
Salipiger pacificus	311180	S	1	0	1	0.0000201070
Octadecabacter antarcticus	1217908	S	1	0	1	0.0000201070
Octadecabacter temperatus	1458307	S	1	0	1	0.0000201070
Marinovum algicola	42444	S	1	0	1	0.0000201070
Cognatishimia activa	1715691	S	1	0	1	0.0000201070
Pelagovum pacificum	2588711	S	1	0	1	0.0000201070
Paraoceanicella profunda	2579971	S	1	0	1	0.0000201070
Parasedimentitalea marina	2483033	S	1	0	1	0.0000201070
Roseobacter ponti	1891787	S	1	0	1	0.0000201070
Pseudooceanicola algae	1537215	S	1	0	1	0.0000201070
Profundibacter amoris	2171755	S	1	0	1	0.0000201070
Rhodobaca barguzinensis	441209	S	1	0	1	0.0000201070
Caulobacter rhizosphaerae	2010972	S	1	0	1	0.0000201070
Acetobacter tropicalis	104102	S	1	0	1	0.0000201070
Acetobacter aceti	435	S	1	0	1	0.0000201070
Acetobacter ascendens	481146	S	1	0	1	0.0000201070
Komagataeibacter hansenii	436	S	1	0	1	0.0000201070
Gluconacetobacter diazotrophicus	33996	S	1	0	1	0.0000201070
Swingsia samuiensis	1293412	S	1	0	1	0.0000201070
Acidibrevibacterium fodinaquatile	1969806	S	1	0	1	0.0000201070
Azospirillum sp. TSH100	652764	S	1	0	1	0.0000201070
Azospirillum thiophilum	528244	S	1	0	1	0.0000201070
Azospirillum ramasamyi	682998	S	1	0	1	0.0000201070
Azospirillum baldaniorum	1064539	S	1	0	1	0.0000201070
Magnetospirillum magneticum	84159	S	1	0	1	0.0000201070
Hypericibacter adhaerens	2602016	S	1	0	1	0.0000201070
Rhodospirillum centenum	34018	S	1	0	1	0.0000201070
Niveispirillum cyanobacteriorum	1612173	S	1	0	1	0.0000201070
Pararhodospirillum photometricum	1084	S	1	0	1	0.0000201070
Haematospirillum jordaniae	1549855	S	1	0	1	0.0000201070
Indioceanicola profundi	2220096	S	1	0	1	0.0000201070
Candidatus Phycorickettsia trachydisci	2115978	S	1	0	1	0.0000201070
Neorickettsia sennetsu	951	S	1	0	1	0.0000201070
Wolbachia endosymbiont of Ctenocephalides felis wCfeT	2732593	S	1	0	1	0.0000201070
Wolbachia endosymbiont of Dipetalonema caudispina	1812112	S	1	0	1	0.0000201070
Candidatus Fokinia solitaria	1802984	S	1	0	1	0.0000201070
Candidatus Deianiraea vastatrix	2163644	S	1	0	1	0.0000201070
Phreatobacter stygius	1940610	S	1	0	1	0.0000201070
Micavibrio aeruginosavorus	349221	S	1	0	1	0.0000201070
Candidatus Nesciobacter abundans	2601668	S	1	0	1	0.0000201070
Candidatus Nucleicultrix amoebiphila	1509244	S	1	0	1	0.0000201070
Glycocaulis alkaliphilus	1434191	S	1	0	1	0.0000201070
Marinicauda algicola	2029849	S	1	0	1	0.0000201070
Kordiimonas pumila	2161677	S	1	0	1	0.0000201070
Chondromyces crocatus	52	S	1	0	1	0.0000201070
Cystobacter fuscus	43	S	1	0	1	0.0000201070
Anaeromyxobacter sp. Fw109-5	404589	S	1	0	1	0.0000201070
Geobacter sulfurreducens	35554	S	1	0	1	0.0000201070
Geobacter pickeringii	345632	S	1	0	1	0.0000201070
Geobacter uraniireducens	351604	S	1	0	1	0.0000201070
Desulfovibrio desulfuricans	876	S	1	0	1	0.0000201070
Desulfovibrio magneticus	184917	S	1	0	1	0.0000201070
Desulfovibrio carbinoliphilus	345370	S	1	0	1	0.0000201070
Desulfovibrio marinus	370038	S	1	0	1	0.0000201070
Desulfovibrio sp. 86	2666132	S	1	0	1	0.0000201070
Desulfococcus multivorans	897	S	1	0	1	0.0000201070
Desulfobacula toluolica	28223	S	1	0	1	0.0000201070
Desulfobulbus oligotrophicus	1909699	S	1	0	1	0.0000201070
Desulfurivibrio alkaliphilus	427923	S	1	0	1	0.0000201070
Desulfopila sp. IMCC35005	2569541	S	1	0	1	0.0000201070
Syntrophobacter fumaroxidans	119484	S	1	0	1	0.0000201070
Persicimonas caeni	2292766	S	1	0	1	0.0000201070
Aliarcobacter cibarius	255507	S	1	0	1	0.0000201070
Aliarcobacter faecis	1564138	S	1	0	1	0.0000201070
[Arcobacter] porcinus	1935204	S	1	0	1	0.0000201070
Arcobacter nitrofigilis	28199	S	1	0	1	0.0000201070
Arcobacter venerupis	1054033	S	1	0	1	0.0000201070
Arcobacter cloacae	1054034	S	1	0	1	0.0000201070
Arcobacter suis	1278212	S	1	0	1	0.0000201070
Arcobacter sp. FWKO B	2593672	S	1	0	1	0.0000201070
Malaciobacter mytili	603050	S	1	0	1	0.0000201070
Malaciobacter pacificus	1080223	S	1	0	1	0.0000201070
Pseudoarcobacter acticola	1849015	S	1	0	1	0.0000201070
Poseidonibacter lekithochrous	1904463	S	1	0	1	0.0000201070
Campylobacter avium	522485	S	1	0	1	0.0000201070
Campylobacter volucris	1031542	S	1	0	1	0.0000201070
Campylobacter cuniculorum	374106	S	1	0	1	0.0000201070
Campylobacter hepaticus	1813019	S	1	0	1	0.0000201070
Campylobacter ureolyticus	827	S	1	0	1	0.0000201070
Campylobacter showae	204	S	1	0	1	0.0000201070
Campylobacter lari	201	S	1	0	1	0.0000201070
Campylobacter curvus	200	S	1	0	1	0.0000201070
Campylobacter hyointestinalis	198	S	1	0	1	0.0000201070
Helicobacter pullorum	35818	S	1	0	1	0.0000201070
Helicobacter cholecystus	45498	S	1	0	1	0.0000201070
Helicobacter typhlonius	76936	S	1	0	1	0.0000201070
Wolinella succinogenes	844	S	1	0	1	0.0000201070
Sulfurimonas paralvinellae	317658	S	1	0	1	0.0000201070
Sulfurimonas gotlandica	1176482	S	1	0	1	0.0000201070
Nautilia sp. PV-1	2579250	S	1	0	1	0.0000201070
Nitratiruptor sp. YY09-18	2724901	S	1	0	1	0.0000201070
Silvanigrella aquatica	1915309	S	1	0	1	0.0000201070
Acidithiobacillus ferrooxidans	920	S	1	0	1	0.0000201070
Mariprofundus aestuarium	1921086	S	1	0	1	0.0000201070
Flavobacterium magnum	2162713	S	1	0	1	0.0000201070
Flavobacterium arcticum	1784713	S	1	0	1	0.0000201070
Flavobacterium alkalisoli	2602769	S	1	0	1	0.0000201070
Polaribacter sp. MED152	313598	S	1	0	1	0.0000201070
Polaribacter haliotis	1888915	S	1	0	1	0.0000201070
Capnocytophaga sp. oral taxon 878	1316596	S	1	0	1	0.0000201070
Capnocytophaga cynodegmi	28189	S	1	0	1	0.0000201070
Capnocytophaga haemolytica	45243	S	1	0	1	0.0000201070
Capnocytophaga stomatis	1848904	S	1	0	1	0.0000201070
Capnocytophaga endodontalis	2708117	S	1	0	1	0.0000201070
Myroides profundi	480520	S	1	0	1	0.0000201070
Myroides fluvii	2572594	S	1	0	1	0.0000201070
Formosa sp. Hel1_33_131	1336794	S	1	0	1	0.0000201070
Tenacibaculum sp. SZ-18	754423	S	1	0	1	0.0000201070
Winogradskyella sp. PG-2	754409	S	1	0	1	0.0000201070
Winogradskyella forsetii	2686077	S	1	0	1	0.0000201070
Nonlabens sp. Ci31	2608253	S	1	0	1	0.0000201070
Nonlabens sp. SY33080	2719911	S	1	0	1	0.0000201070
Nonlabens marinus	930802	S	1	0	1	0.0000201070
Nonlabens ponticola	2496866	S	1	0	1	0.0000201070
Lacinutrix sp. Bg11-31	2057808	S	1	0	1	0.0000201070
Cellulophaga lytica	979	S	1	0	1	0.0000201070
Algibacter alginicilyticus	1736674	S	1	0	1	0.0000201070
Muricauda ruestringensis	111501	S	1	0	1	0.0000201070
Muricauda sp. 501str8	2698672	S	1	0	1	0.0000201070
Salegentibacter sp. T436	1729720	S	1	0	1	0.0000201070
Galbibacter sp. BG1	1170699	S	1	0	1	0.0000201070
Aequorivita sp. KX20305	2803865	S	1	0	1	0.0000201070
Antarcticibacterium arcticum	2585771	S	1	0	1	0.0000201070
Arenibacter algicola	616991	S	1	0	1	0.0000201070
Siansivirga zeaxanthinifaciens	762954	S	1	0	1	0.0000201070
Flavivirga eckloniae	1803846	S	1	0	1	0.0000201070
Seonamhaeicola sp. S2-3	1936081	S	1	0	1	0.0000201070
Wenyingzhuangia fucanilytica	1790137	S	1	0	1	0.0000201070
Chryseobacterium sp. StRB126	878220	S	1	0	1	0.0000201070
Chryseobacterium sp.	1871047	S	1	0	1	0.0000201070
Chryseobacterium sp. JV274	1932669	S	1	0	1	0.0000201070
Chryseobacterium sp. G0186	2487064	S	1	0	1	0.0000201070
Chryseobacterium sp. POL2	2713414	S	1	0	1	0.0000201070
Chryseobacterium piperi	558152	S	1	0	1	0.0000201070
Chryseobacterium joostei	112234	S	1	0	1	0.0000201070
Elizabethkingia meningoseptica	238	S	1	0	1	0.0000201070
Blattabacterium sp. (Blaberus giganteus)	1186051	S	1	0	1	0.0000201070
Candidatus Sulcia muelleri	336810	S	1	0	1	0.0000201070
Owenweeksia hongkongensis	253245	S	1	0	1	0.0000201070
Pedobacter sp. PACM 27299	1727164	S	1	0	1	0.0000201070
Sphingobacterium thalpophilum	259	S	1	0	1	0.0000201070
Sphingobacterium siyangense	459529	S	1	0	1	0.0000201070
Mucilaginibacter sp. 14171R-50	2703789	S	1	0	1	0.0000201070
Mucilaginibacter paludis	423351	S	1	0	1	0.0000201070
Mucilaginibacter gossypii	551996	S	1	0	1	0.0000201070
Mucilaginibacter mallensis	652787	S	1	0	1	0.0000201070
Mucilaginibacter ginsenosidivorax	862126	S	1	0	1	0.0000201070
Mucilaginibacter xinganensis	1234841	S	1	0	1	0.0000201070
Mucilaginibacter mali	2740462	S	1	0	1	0.0000201070
Olivibacter sp. SDN3	2764720	S	1	0	1	0.0000201070
Hymenobacter sp. S2-20-2	2761579	S	1	0	1	0.0000201070
Hymenobacter russus	2724192	S	1	0	1	0.0000201070
Pontibacter pudoricolor	2694930	S	1	0	1	0.0000201070
Spirosoma montaniterrae	1178516	S	1	0	1	0.0000201070
Spirosoma aerolatum	1211326	S	1	0	1	0.0000201070
Spirosoma taeanense	2735870	S	1	0	1	0.0000201070
Runella sp. SP2	2268026	S	1	0	1	0.0000201070
Dyadobacter sp. Q3-56	2747268	S	1	0	1	0.0000201070
Leadbetterella byssophila	316068	S	1	0	1	0.0000201070
Rhodocytophaga rosea	2704465	S	1	0	1	0.0000201070
Arcticibacterium luteifluviistationis	1784714	S	1	0	1	0.0000201070
Algoriphagus sp. Y33	2772483	S	1	0	1	0.0000201070
Aquiflexum balticum	280473	S	1	0	1	0.0000201070
Candidatus Cardinium hertigii	247481	S	1	0	1	0.0000201070
Candidatus Amoebophilus asiaticus	281120	S	1	0	1	0.0000201070
Flammeovirga sp. MY04	1191459	S	1	0	1	0.0000201070
Roseivirga pacifica	1267423	S	1	0	1	0.0000201070
Bacteroides thetaiotaomicron	818	S	1	0	1	0.0000201070
Bacteroides caccae	47678	S	1	0	1	0.0000201070
Bacteroides sp. HF-5287	2650157	S	1	0	1	0.0000201070
Prevotella oris	28135	S	1	0	1	0.0000201070
Prevotella sp. oral taxon 299	652716	S	1	0	1	0.0000201070
Alloprevotella sp. E39	2133944	S	1	0	1	0.0000201070
Alistipes shahii	328814	S	1	0	1	0.0000201070
Alistipes indistinctus	626932	S	1	0	1	0.0000201070
Alistipes megaguti	2364787	S	1	0	1	0.0000201070
Alistipes communis	2585118	S	1	0	1	0.0000201070
Petrimonas mucosa	1642646	S	1	0	1	0.0000201070
Porphyromonas gingivalis	837	S	1	0	1	0.0000201070
Coprobacter sp. 2CBH44	2751153	S	1	0	1	0.0000201070
Flavisolibacter ginsenosidimutans	661481	S	1	0	1	0.0000201070
Niabella soli	446683	S	1	0	1	0.0000201070
Pseudocnuella soli	2502779	S	1	0	1	0.0000201070
Pelodictyon luteolum	1100	S	1	0	1	0.0000201070
Prosthecochloris sp. HL-130-GSB	1974213	S	1	0	1	0.0000201070
Chloroherpeton thalassium	100716	S	1	0	1	0.0000201070
Chlorobaculum parvum	274539	S	1	0	1	0.0000201070
Gemmatimonas aurantiaca	173480	S	1	0	1	0.0000201070
Candidatus Cloacimonas acidaminovorans	456827	S	1	0	1	0.0000201070
Gimesia chilikensis	2605989	S	1	0	1	0.0000201070
Fuerstia marisgermanicae	1891926	S	1	0	1	0.0000201070
Alienimonas californiensis	2527989	S	1	0	1	0.0000201070
Polystyrenella longa	2528007	S	1	0	1	0.0000201070
Pirellula staleyi	125	S	1	0	1	0.0000201070
Rhodopirellula baltica	265606	S	1	0	1	0.0000201070
Mariniblastus fucicola	980251	S	1	0	1	0.0000201070
Aureliella helgolandensis	2527968	S	1	0	1	0.0000201070
Lignipirellula cremea	2528010	S	1	0	1	0.0000201070
Botrimarina mediterranea	2528022	S	1	0	1	0.0000201070
Thermogutta terrifontis	1331910	S	1	0	1	0.0000201070
Isosphaera pallida	128	S	1	0	1	0.0000201070
Phycisphaera mikurensis	547188	S	1	0	1	0.0000201070
Poriferisphaera corsica	2528020	S	1	0	1	0.0000201070
Sedimentisphaera salicampi	1941349	S	1	0	1	0.0000201070
Methylacidiphilum kamchatkense	431057	S	1	0	1	0.0000201070
Waddlia chondrophila	71667	S	1	0	1	0.0000201070
Candidatus Vampirococcus archaeovorus	1930593	S	1	0	1	0.0000201070
Treponema phagedenis	162	S	1	0	1	0.0000201070
Treponema sp. Marseille-Q4132	2766701	S	1	0	1	0.0000201070
Spirochaeta africana	46355	S	1	0	1	0.0000201070
Sediminispirochaeta smaragdinae	55206	S	1	0	1	0.0000201070
Borrelia turicatae	142	S	1	0	1	0.0000201070
Borrelia coriaceae	144	S	1	0	1	0.0000201070
Borrelia crocidurae	29520	S	1	0	1	0.0000201070
Borreliella burgdorferi	139	S	1	0	1	0.0000201070
Borreliella mayonii	1674146	S	1	0	1	0.0000201070
Leptospira interrogans	173	S	1	0	1	0.0000201070
Leptospira borgpetersenii	174	S	1	0	1	0.0000201070
Leptospira tipperaryensis	2564040	S	1	0	1	0.0000201070
Brachyspira hyodysenteriae	159	S	1	0	1	0.0000201070
Granulicella sp. 5B5	1617967	S	1	0	1	0.0000201070
Granulicella sp. WH15	2602070	S	1	0	1	0.0000201070
Acidobacterium capsulatum	33075	S	1	0	1	0.0000201070
Terriglobus albidus	1592106	S	1	0	1	0.0000201070
Edaphobacter sp. 12200R-103	2703788	S	1	0	1	0.0000201070
Acidisarcina polymorpha	2211140	S	1	0	1	0.0000201070
Chloracidobacterium thermophilum	458033	S	1	0	1	0.0000201070
Fusobacterium necrophorum	859	S	1	0	1	0.0000201070
Leptotrichia buccalis	40542	S	1	0	1	0.0000201070
Streptobacillus moniliformis	34105	S	1	0	1	0.0000201070
Sneathia vaginalis	187101	S	1	0	1	0.0000201070
Tepiditoga spiralis	2108365	S	1	0	1	0.0000201070
Fervidobacterium pennivorans	93466	S	1	0	1	0.0000201070
Candidatus Chazhemtobacterium aquaticus	2715735	S	1	0	1	0.0000201070
Jonquetella anthropi	428712	S	1	0	1	0.0000201070
Fretibacterium fastidiosum	651822	S	1	0	1	0.0000201070
Candidatus Nitrospira inopinata	1715989	S	1	0	1	0.0000201070
Sulfurihydrogenibium azorense	309806	S	1	0	1	0.0000201070
Sulfurihydrogenibium sp. YO3AOP1	436114	S	1	0	1	0.0000201070
Thermodesulfobacterium sp. TA1	2234087	S	1	0	1	0.0000201070
Caldimicrobium thiodismutans	1653476	S	1	0	1	0.0000201070
Thermosulfuriphilus ammonigenes	1936021	S	1	0	1	0.0000201070
Geovibrio thiophilus	139438	S	1	0	1	0.0000201070
Calditerrivibrio nitroreducens	477976	S	1	0	1	0.0000201070
Haloterrigena sp. KZCA68	2816475	S	1	0	1	0.0000201070
Haloterrigena longa	370324	S	1	0	1	0.0000201070
Natrinema versiforme	88724	S	1	0	1	0.0000201070
Natronorubrum bangense	61858	S	1	0	1	0.0000201070
Halovivax sp. KZCA124	2817025	S	1	0	1	0.0000201070
Halopiger xanaduensis	387343	S	1	0	1	0.0000201070
Halorhabdus tiamatea	430914	S	1	0	1	0.0000201070
Halosimplex pelagicum	869886	S	1	0	1	0.0000201070
Halarchaeum sp. CBA1220	1853682	S	1	0	1	0.0000201070
Halorubrum sp. PV6	634157	S	1	0	1	0.0000201070
Halogeometricum borinquense	60847	S	1	0	1	0.0000201070
Methanosarcina barkeri	2208	S	1	0	1	0.0000201070
Methanosarcina acetivorans	2214	S	1	0	1	0.0000201070
Methanosarcina siciliae	38027	S	1	0	1	0.0000201070
Methanosarcina horonobensis	418008	S	1	0	1	0.0000201070
Methanosarcina flavescens	1715806	S	1	0	1	0.0000201070
Methanocaldococcus bathoardescens	1301915	S	1	0	1	0.0000201070
Methanocaldococcus sp. FS406-22	644281	S	1	0	1	0.0000201070
Methanobrevibacter ruminantium	83816	S	1	0	1	0.0000201070
Methanobrevibacter sp. AbM4	224719	S	1	0	1	0.0000201070
Methanobacterium paludis	868131	S	1	0	1	0.0000201070
Acidianus ambivalens	2283	S	1	0	1	0.0000201070
Metallosphaera cuprina	1006005	S	1	0	1	0.0000201070
Thermoproteus tenax	2271	S	1	0	1	0.0000201070
Ignicoccus hospitalis	160233	S	1	0	1	0.0000201070
Candidatus Nitrosopelagicus brevis	1410606	S	1	0	1	0.0000201070
Candidatus Nitrosotenuis cloacae	1603555	S	1	0	1	0.0000201070
Candidatus Nitrosocosmicus hydrocola	1826872	S	1	0	1	0.0000201070
Candidatus Prometheoarchaeum syntrophicum	2594042	S	1	0	1	0.0000201070
Picrophilus torridus	82076	S	1	0	1	0.0000201070
Geobacillus phage GBK2	1458842	S	1	0	1	0.0000201070
Propionibacterium phage BruceLethal	1654740	S	1	0	1	0.0000201070
Propionibacterium virus P100A	1982265	S	1	0	1	0.0000201070
Propionibacterium virus Ouroboros	1982259	S	1	0	1	0.0000201070
Lactococcus phage P680	1262537	S	1	0	1	0.0000201070
Streptomyces virus Rowa	2734271	S	1	0	1	0.0000201070
Pseudomonas virus PaMx25	1982241	S	1	0	1	0.0000201070
Sphingobium virus Lacusarx	2560778	S	1	0	1	0.0000201070
Rhodobacter virus RcTitan	1982575	S	1	0	1	0.0000201070
Pseudomonas phage O4	1784982	S	1	0	1	0.0000201070
Lentibacter virus vB_LenP_ICBM1	2301528	S	1	0	1	0.0000201070
Rhodoferax phage P26218	1636270	S	1	0	1	0.0000201070
Serratia phage Parlo	2557554	S	1	0	1	0.0000201070
Bacteroides phage crAss001	2301731	S	1	0	1	0.0000201070
Sulfitobacter phage EE36phi1	490913	S	1	0	1	0.0000201070
Burkholderia virus Bcep22	242527	S	1	0	1	0.0000201070
Citrobacter virus Merlin	1985341	S	1	0	1	0.0000201070
Vibrio virus nt1	1914020	S	1	0	1	0.0000201070
Synechococcus phage S-CAM7	1883368	S	1	0	1	0.0000201070
Synechococcus phage S-CAM8	754038	S	1	0	1	0.0000201070
Bordetella virus PHB04	2734129	S	1	0	1	0.0000201070
Synechococcus phage S-SM2	444860	S	1	0	1	0.0000201070
Acinetobacter phage vB_AbaM_Acibel004	1481186	S	1	0	1	0.0000201070
Iodobacter virus PLPE	2560530	S	1	0	1	0.0000201070
Synechococcus virus SSM1	2734149	S	1	0	1	0.0000201070
Pseudomonas phage 201phi2-1	198110	S	1	0	1	0.0000201070
Salinivibrio phage CW02	1161935	S	1	0	1	0.0000201070
Prochlorococcus virus PSSP10	2733964	S	1	0	1	0.0000201070
Shewanella virus Spp001	2733978	S	1	0	1	0.0000201070
Felid gammaherpesvirus 1	2560468	S	1	0	1	0.0000201070
Acanthocystis turfacea chlorella virus 1	322019	S	1	0	1	0.0000201070
Yellowstone lake phycodnavirus 3	1586715	S	1	0	1	0.0000201070
Adoxophyes honmai entomopoxvirus	1993630	S	1	0	1	0.0000201070
Torque teno virus 5	687344	S	1	0	1	0.0000201070
Peridroma alphabaculovirus	1346829	S	1	0	1	0.0000201070
Halovirus HGTV-1	1273749	S	1	0	1	0.0000201070
Changjiang crawfish virus 6	1922770	S	1	0	1	0.0000201070
Mycolicibacterium gilvum	1804	S	2	-2	0	0.0000000000
Rippkaea orientalis	2546366	S	1	-1	0	0.0000000000
Chloroflexus aurantiacus	1108	S	1	-1	0	0.0000000000
Candidatus Kinetoplastibacterium crithidii	33056	S	1	-1	0	0.0000000000
Azotobacter vinelandii	354	S	1	-1	0	0.0000000000
Dickeya chrysanthemi	556	S	2	-2	0	0.0000000000
Fluoribacter dumoffii	463	S	2	-2	0	0.0000000000
Afipia carboxidovorans	40137	S	4	-4	0	0.0000000000
Rhodospirillum rubrum	1085	S	2	-2	0	0.0000000000
Ehrlichia chaffeensis	945	S	1	-1	0	0.0000000000
Desulfosarcina ovata	83564	S	1	-1	0	0.0000000000
Leptospira biflexa	172	S	2	-2	0	0.0000000000
